0.1
0
2.948
1.224
2.848
0
0
1.224
0
0
0
1.224
0
0.1
0.1
0
1.836
1.224
1.224
1.324
1.224
1.324
1.224
1.224
0
1.224
1.224
1.224
2.548
1.224
1.224
1.224
0.4
0
0
0.1
0
0
1.836
0
0
1.524
0
1.936
1.936
1.224
0
0.1
0.1
1.324
1.224
0
1.324
1.836
0
1.224
0
0
0
1.324
0.3
0
1.936
1.624
0.1
0.1
0
0
1.224
0.4
0
1.424
0.1
0
1.724
0.2
0
0
0
0
2.448
0
1.224
0
1.836
0
0
1.836
1.224
1.324
0
1.224
0
0
0
1.224
1.324
0
1.224
1.224
1.836
0
0.1
0
1.224
0
0
0.3
0
0
0
0
0
1.224
1.836
0.2
0
1.424
0
0
0.6
1.836
1.224
0.1
0
0
1.836
1.224
0
1.324
0.1
1.836
0.1
0
1.224
0
1.224
1.224
1.224
0.1
0
1.224
0
1.224
0
1.836
1.324
0
0
0
1.224
0
0
0.1
1.936
0
0.1
0
0.4
0
0.1
0
0
0
0
1.836
1.224
0
0
2.024
0
0
1.224
0
1.224
2.648
1.836
0
1.224
0.1
0
1.424
0
2.548
0.1
2.548
1.324
1.224
0.1
2.448
0
1.324
0
1.424
1.224
1.224
1.224
0
0
1.324
0
1.224
0
0
0.4
1.836
0
1.324
2.548
1.324
2.448
0
1.424
1.836
0
0.8
0
0.6
1.836
0
0
2.448
1.424
2.448
2.448
1.524
1.224
1.324
2.748
1.224
2.548
2.448
1.224
0
2.548
1.836
3.348
1.424
1.836
1.424
0
1.624
1.224
1.836
1.836
1.224
0
1.224
1.324
0.6
0
1.936
1.936
1.836
1.224
1.224
0
0.1
2.448
1.324
2.548
0
0
2.136
2.448
0
0.1
2.448
0
2.448
0
0.2
0
2.448
0.2
0
2.448
0
1.324
0
1.224
0
2.448
2.448
2.748
0
1.224
1.224
1.324
1.224
1.224
2.448
0
0
0
1.836
1.224
0
0
0
1.224
0
1.836
0
0
1.836
0
0
1.324
0.1
1.224
1.836
1.324
1.224
1.224
2.548
0
1.224
0
1.224
0
0
0.1
0.1
0.1
0
0
1.224
0
0
1.524
1.224
1.224
1.424
1.224
0
0
0
0.5
0
0
1.224
0.6
0
0.2
1.524
1.224
2.548
0.5
0
1.324
0.1
0.4
0.8
1.224
0.1
0
0
1.224
1.324
1.324
0
1.324
1.224
1.224
0
1.224
2.448
0
2.448
2.448
1.224
1.224
1.224
1.224
0
1.324
0
0
0
2.848
2.548
1.224
0
1.224
0
2.548
1.324
0
0
0.1
2.448
1.824
1.224
1.324
1.224
0
0
0
1.224
2.448
2.448
0
1.524
1.224
1.224
2.448
2.448
1.324
2.448
0.4
1.424
1.224
0
1.224
0.1
0
1.224
1.324
0.1
1.224
2.448
1.324
1.424
0
1.324
1.224
1.224
1.524
2.648
1.224
0
1.324
0
2.748
1.324
0
0.3
1.224
1.324
2.448
1.224
1.224
1.224
1.324
2.448
1.224
1.224
1.324
1.224
1.324
0
1.224
3.66
1.836
0
0
1.224
0
2.848
1.224
1.224
1.224
0
2.448
1.836
0
1.524
0.5
1.224
3.46
0
1.836
1.324
2.548
1.324
1.224
1.224
1.936
1.324
3.06
0
0
0
1.224
1.836
2.448
1.424
1.224
1.224
0
1.224
2.548
2.448
0
0
1.224
1.324
2.448
2.448
0
3.26
0.2
0
0
1.224
2.448
1.824
1.224
0
0
2.848
2.448
1.224
2.448
2.448
1.324
3.16
2.448
0
0.3
1.224
0
1.224
1.224
2.648
1.224
1.324
1.224
0
2.448
2.648
2.548
1.324
0
2.548
0.1
0
1.224
0.1
1.324
1.224
1.224
0
1.224
1.424
2.448
2.648
3.06
0
0
0
2.448
1.224
0
0
1.224
2.848
1.224
0
1.224
0
0.1
0
0
1.224
0.3
1.524
1.324
2.448
1.224
0
1.224
1.224
1.224
0
1.224
1.224
1.224
0.5
1.224
1.224
3.16
0
1.836
1.224
2.448
0
1.524
1.224
1.324
2.448
0
0.1
0.1
0
1.324
1.224
0
2.448
0
1.224
1.224
0
2.448
1.324
1.424
1.324
1.224
1.224
0
1.224
1.424
0
0
0.4
1.936
0
0.1
2.448
2.448
1.224
0
0
1.224
1.224
1.224
2.648
2.448
0
0
1.324
0
1.224
3.06
1.224
2.548
1.224
0
1.224
1.324
2.548
0
0
1.224
1.224
0
0.2
1.224
1.324
0
0
0
0
1.224
2.448
1.224
2.448
1.224
0
2.948
0.1
2.748
1.224
0
1.224
0
1.224
2.448
0
2.448
3.16
2.448
2.448
1.224
1.836
2.448
1.324
1.224
2.748
0
1.224
1.524
0
2.448
1.324
1.324
2.548
1.224
0
2.648
0
1.324
1.524
1.324
0.1
1.224
0.2
3.06
2.448
2.448
1.524
1.224
1.324
2.448
0
0
1.224
1.324
0
2.548
0
2.448
1.324
0
0
1.224
2.648
1.224
1.224
0
2.648
3.26
0
0
0
0
1.224
2.448
1.224
0.5
1.224
0
2.648
1.224
2.548
3.06
2.448
1.224
1.324
2.548
0
3.46
1.224
3.06
2.748
2.448
1.224
1.224
0
0
1.224
1.424
1.224
2.548
1.224
2.448
0.4
2.648
0
0
0.3
2.448
1.224
0
1.224
1.224
1.224
1.224
1.324
1.424
2.448
0
1.224
1.224
0
2.448
2.448
2.448
0
1.224
1.224
2.448
0
1.224
2.448
1.324
1.524
0
1.424
1.224
1.224
2.448
1.324
1.524
0
2.448
0
1.424
1.424
2.448
0
1.224
1.224
1.224
0
1.224
0
2.648
2.448
0
2.548
2.448
2.548
2.448
1.324
1.224
1.324
2.448
1.224
1.424
2.448
2.448
0
2.448
0
1.836
0
0
2.448
0
0
1.224
2.448
0
2.448
0
0
0
0
0
0
1.324
2.448
2.548
1.224
2.448
1.224
0
1.224
1.324
1.224
2.548
2.448
0
2.448
2.448
0
0.1
1.224
1.324
1.224
1.224
1.224
3.66
0
0
2.948
0
2.448
2.448
1.224
4.284
2.448
1.224
2.448
0.1
0
0
2.448
1.224
1.224
1.224
1.224
1.324
1.224
1.224
0
1.224
1.224
2.748
2.448
0.1
0
1.224
1.224
0
0
1.224
0
0
0
1.224
0
0
1.224
1.324
3.16
0
0
1.224
3.06
0
1.324
2.448
0.3
2.448
1.224
0.1
0
1.224
2.748
2.848
1.524
2.448
1.324
2.448
1.224
2.448
2.548
1.324
2.648
2.548
1.324
1.836
2.448
2.448
2.024
2.448
2.448
2.548
1.224
1.224
1.224
2.448
1.324
2.448
3.06
2.548
2.548
2.548
2.448
1.324
1.224
2.548
0
0
0
0
1.324
1.324
1.424
2.548
2.448
2.548
1.524
2.244
2.244
1.224
1.424
1.224
1.224
1.224
1.324
2.448
1.324
1.224
1.224
1.224
1.224
1.224
1.224
1.324
0
2.548
1.836
2.448
2.548
1.324
3.16
2.448
2.648
2.648
1.624
0
0
2.548
3.36
1.224
7.304
5.804
5.504
1.22
1.224
1.224
1.224
0.1
1.324
4.484
0
1.224
0
0.6
0
0
0
2.448
1.224
3.16
2.448
0.2
0.1
0
1.324
0.1
0
1.224
0
0
3.06
0
0
1.224
0
1.424
1.224
0.1
1.224
0
0
1.524
0
0
0
1.224
1.224
0
1.424
0
0
1.324
0
0
1.224
1.224
1.224
1.224
2.024
0
1.524
0
1.424
0.2
1.224
0
0
1.424
1.324
0
0
0
1.224
2.448
1.424
1.224
0.2
0
0
0
0
0
0
1.224
1.224
0.2
1.224
1.224
0.1
1.224
1.224
1.324
0.1
2.548
1.224
1.224
0
0
2.448
1.224
1.224
1.224
1.224
1.224
0
0
1.324
1.224
1.224
0
1.324
0
1.324
0
1.224
2.448
0.1
0
0
0
0
0
0
1.224
1.224
1.224
0
1.224
1.224
1.224
1.224
0
0
1.224
0
1.224
1.224
1.424
1.224
1.224
1.224
0
1.224
1.324
0
1.324
1.224
0
0.1
0
1.224
1.224
0
0
0
1.224
0
1.224
1.224
1.224
0
0
1.224
0
0.1
1.224
1.224
1.224
1.224
1.224
1.624
0.2
1.224
0.3
0
0
1.224
1.324
3.06
1.224
1.224
0.4
0.1
0
1.224
0
0
0.1
0.2
1.224
1.224
1.224
0
1.224
1.224
0
3.06
1.224
0
1.224
0.3
1.224
0.1
0
1.324
0
0.1
1.324
1.324
1.324
2.448
1.224
1.224
0.6
1.224
0
1.224
0
1.224
1.224
0.1
0
0
0.1
0
0
1.224
1.224
1.224
1.224
1.424
0
2.448
1.424
1.224
1.224
0
1.224
1.224
0
0
1.224
0
1.224
1.224
1.224
1.224
1.324
0
1.424
0.1
1.224
0
0
0
1.224
0.7
0.2
0
0
0
0
1.224
1.224
0.1
1.324
2.548
0
0
0
0
0.1
1.224
0
1.324
0
0.2
0.7
1.224
1.224
1.224
0
1.224
1.324
1.224
2.448
1.224
0
1.224
1.224
1.224
1.224
1.224
1.224
1.224
1.224
1.224
0
1.224
0
0
1.224
1.224
1.224
1.324
0
0
0
0.3
0
0
1.524
0.1
1.224
0
1.224
0
0
1.224
1.524
0
0
0
2.448
0
1.224
1.224
1.324
0.2
1.224
0
1.224
0.1
1.224
0.1
1.224
1.224
1.224
1.224
1.224
0.1
1.324
0
0
0
1.224
1.324
1.224
0.2
1.224
1.224
1.324
0
0
0
0
1.224
1.324
0
0.1
1.224
0
0
0
0
2.448
0
0
2.548
1.224
1.424
1.324
0
1.224
1.224
1.224
1.224
0
0
1.224
0
0
1.224
0
1.224
1.224
2.448
0
1.224
1.224
2.448
1.224
1.224
0.1
2.448
0
0
1.324
1.224
0
1.224
0
1.224
0
0
0
1.224
1.224
0.2
1.324
1.224
1.224
0
1.324
0
0.2
0
2.448
0.1
1.224
1.224
0.1
3.16
0.1
0
0
2.448
1.224
0
0.1
1.224
1.324
0
0
1.224
0
0
0
0.1
0
1.224
1.224
0
0
1.224
1.224
1.224
0
1.324
1.624
1.224
0.1
1.224
0
0
1.324
0.1
0.1
2.448
1.224
2.448
0
1.324
1.424
0
1.224
1.324
0
0
1.224
0.2
0.1
1.324
0.1
0
1.224
0.1
1.224
0
1.224
1.224
1.224
0
1.224
2.548
1.324
1.224
1.224
1.224
0
1.224
1.224
0
1.224
0
0
1.224
0
1.224
0
0
0.1
0.2
1.224
0.1
0
1.224
0
1.224
0
1.224
0.1
1.324
0
0
1.224
0.1
0
1.324
0
1.424
0
0
0
0
0
1.224
0.4
0
0
1.424
0
1.224
0
0.1
1.224
0
1.224
2.448
0
0
0
0
1.224
1.524
1.224
0
1.224
0
2.448
0
1.224
1.324
2.448
1.224
0
1.224
1.324
1.324
1.224
0
1.224
2.448
0
0
1.224
0.1
0
1.224
1.224
0.2
1.224
0.1
1.324
0
1.324
0.1
1.224
1.224
0
0
1.324
1.224
1.224
0
1.224
0
0
0
1.324
1.224
0
0
1.224
2.448
0
1.224
0
0
0
1.224
2.448
1.224
1.224
1.224
0
0
0.1
0.1
1.324
0
0
0
0.1
1.324
1.424
1.524
1.324
1.224
1.324
2.448
1.224
0
2.448
1.224
0
0
0
2.448
2.448
0
1.224
0
0
1.224
1.224
0
1.224
0
2.648
0
0.4
0
0
0
0.1
1.324
2.448
0
0
2.548
1.224
0
2.448
1.324
1.224
0
0.1
0
0
0
2.448
0
0
1.224
0
0.3
2.448
0
1.224
0
1.224
1.224
1.324
0.1
0.1
0
0
1.324
1.224
0
1.224
0
1.324
1.224
1.224
0.8
1.224
1.324
0
1.224
0.3
1.424
0.3
0
1.324
1.224
0
1.424
0
0.1
0.2
0
1.324
0
1.224
1.424
2.748
1.224
1.324
1.224
0
1.224
0
1.324
1.224
0
1.224
2.548
1.224
1.324
0
1.224
1.324
0.1
1.224
0
1.224
0.1
1.224
0
0
1.324
1.324
0
0
0
1.224
1.224
1.324
1.424
1.224
1.224
1.324
0.3
0
0
1.224
1.324
1.224
1.224
0
1.324
0.2
1.224
0
1.224
0
0.1
1.224
0
1.424
1.224
1.224
1.224
1.324
1.324
1.424
0
1.324
0
1.224
2.448
2.448
1.224
1.224
0
1.224
0
1.224
0
0
0
1.224
0.2
0
1.324
0
0.1
0
0.5
0
3.16
0
0
0
1.224
0
0
1.324
1.224
1.224
0
1.224
1.224
0
0
2.124
0
1.224
0
1.324
1.524
0.6
1.524
1.836
0.6
2.748
2.448
0
3.06
1.224
0
0.1
1.224
0
0
1.224
0
1.224
0
1.224
2.448
1.836
0
2.548
1.424
1.324
1.324
1.324
1.224
0
1.836
1.224
0
1.524
2.448
2.448
0.1
1.224
1.324
1.224
0
2.648
1.224
1.224
1.224
1.836
0
1.224
0
2.448
2.448
1.324
2.448
0
1.324
2.648
3.16
2.648
3.06
2.548
1.12
3.468
0
1.224
0
0.1
1.936
0.4
0
0
0.1
1.324
0
