0.9
0.6
5.148
2.024
3.248
0
0.1
1.224
0.2
0
0.4
1.324
0.6
2
1.1
0
1.936
1.324
1.224
1.524
1.424
1.924
1.224
1.224
0.2
1.224
1.624
1.624
2.648
1.324
1.324
1.324
2.1
0.1
0.3
1.3
0.1
0.3
2.036
1
0.1
3.924
0
2.036
2.336
1.524
0.3
0.8
0.7
1.524
1.224
0
2.324
1.936
0.3
1.324
0.5
0.3
0
3.324
1.7
0.6
2.236
2.424
1.3
0.5
0.2
0.2
1.724
2.4
0.8
2.624
0.4
0.1
4.524
1.8
0
0.9
0.1
0.1
4.748
0.1
1.324
0.2
1.836
0
0
1.836
1.224
2.624
0
1.624
0.3
0
0
1.724
1.324
0.1
1.424
1.224
2.136
1.6
0.7
0.2
1.224
0.2
0.1
2
0.1
0.2
0.7
0
0.2
1.424
2.136
0.8
0.2
1.524
0.1
0.1
4.8
1.936
1.324
1.1
0.3
0.1
2.536
1.324
0.1
2.924
0.7
2.036
0.2
0.3
2.024
1.5
1.324
1.624
2.524
1.3
0.2
1.724
0
2.024
0
1.836
1.424
0.4
0.3
0.2
1.224
0.1
0.6
0.1
2.936
1.2
0.3
0.6
1.7
0.1
0.2
0
0.1
0
0.2
2.036
1.224
0.2
0.1
6.124
0.1
1.4
1.224
0.2
1.324
4.148
1.936
0
1.324
0.4
0.5
2.424
0.2
2.548
1
3.648
3.224
1.624
0.3
2.548
0.6
1.724
0.2
2.924
1.424
1.924
1.224
0.3
0.1
1.724
1
1.224
0
0.6
4.3
1.836
0.2
2.324
3.248
1.424
2.548
0.4
2.624
1.836
0.1
4.7
0.1
2.7
1.836
0.1
0
2.748
5.724
2.548
2.548
2.524
1.224
1.224
5.048
1.224
2.948
2.448
1.324
0
2.648
1.936
9.648
1.324
1.836
2.224
0
4.224
2.024
2.036
1.936
1.224
0
1.224
1.224
1.9
0
2.236
1.936
1.836
1.324
1.224
0
0.6
2.648
2.124
2.648
0
0
2.936
2.448
0.1
1.3
2.448
0
2.448
0
0.7
0.1
2.748
1.3
0.1
2.548
0.2
1.324
0
1.224
0
3.148
2.448
3.348
0
1.624
1.524
1.824
1.224
1.224
2.448
0
0.8
0
1.936
1.224
0.3
0.3
0
1.224
0
3.136
0.4
0.1
1.836
0.7
0.8
1.324
0.9
1.824
1.936
1.424
1.224
1.224
2.648
0
1.224
0
1.624
0
0.1
0.5
0.1
0.4
0
0
1.324
0
0
3.424
1.224
1.324
2.024
1.624
0
0
0
2
0
0
1.424
3.4
0.4
0.5
2.024
1.424
3.348
0.8
0.3
1.424
0
2.3
4.4
1.324
0.3
0
0.1
1.224
2.124
1.424
0
1.224
1.224
1.224
0.1
1.224
2.448
0.1
2.548
2.448
1.424
1.324
1.324
1.224
0
3.324
0
0
0
2.848
5.848
1.324
0
1.224
0.3
2.948
2.224
0.1
0
0.1
2.748
4.824
1.324
2.124
1.224
0
0.5
0
1.224
2.848
2.648
0
2.624
1.324
1.324
2.448
2.448
1.624
2.548
3.4
3.124
1.324
0
1.624
0.5
0.4
1.224
1.524
0.1
1.324
2.948
1.824
2.424
0.1
1.724
1.324
1.424
2.624
3.148
1.324
0.1
1.224
0.8
3.848
1.924
0.2
0.9
1.924
1.524
2.448
1.524
1.224
1.624
1.824
2.448
1.224
1.224
2.024
1.724
1.224
0
1.224
4.56
2.036
0
0.5
1.424
0.1
4.848
1.624
1.224
1.424
1.1
2.848
1.936
0.6
5.924
1.9
1.224
5.66
1.3
1.836
1.424
2.948
3.224
1.724
1.224
3.136
3.024
3.26
0.1
0
0.2
1.424
1.836
2.548
1.424
1.524
1.224
0.1
1.224
2.648
2.948
0
0
1.224
1.624
4.048
2.548
0.1
4.26
1.3
0
0.2
1.424
2.548
2.724
1.224
0
0
3.648
2.548
1.224
2.648
2.548
1.524
3.56
2.848
0.1
2.1
1.224
0
1.224
1.224
3.648
3.324
1.324
1.224
0.1
2.648
3.748
4.848
1.324
0
2.548
0.1
0
1.224
0.5
2.124
1.324
1.324
0.1
1.524
1.624
4.148
3.648
3.36
0
0
0.1
2.648
1.724
0
0.2
1.324
4.448
1.524
0.2
1.524
0.4
0
0
0.3
1.224
0.6
2.524
1.324
2.548
1.224
0.3
1.224
1.224
1.224
0.1
1.224
1.224
1.524
1.8
2.624
1.224
3.36
0
2.036
1.224
2.548
0.1
1.324
1.924
1.324
2.448
0
0.5
0.2
0
1.424
1.624
0.1
2.448
0.1
1.224
1.324
0
2.648
1.324
2.724
1.924
1.224
1.224
0
1.724
2.524
0.2
0
1.6
2.236
0
2.5
2.848
2.548
1.324
0.2
0.7
1.624
1.224
2.024
3.248
3.548
0
0.2
1.524
0.2
1.524
3.06
1.524
2.448
1.324
0.1
1.324
1.624
2.948
0
0
1.924
1.224
0
1.4
1.224
1.824
0
0
0.1
0.4
1.624
2.448
1.624
2.648
1.224
0.3
5.948
0.3
3.348
1.324
0.1
1.324
0.1
1.324
3.048
0
2.448
3.16
2.848
2.848
2.124
1.836
2.448
1.624
2.024
4.048
0
1.424
3.124
0
2.448
1.324
1.224
2.848
1.424
0
3.548
0.2
1.224
1.624
1.324
0.2
1.224
0.4
3.06
2.448
2.448
1.824
1.324
1.724
2.548
0.3
0
2.124
1.524
0
2.648
0.1
2.648
1.324
0
0
1.324
3.148
1.224
1.324
0
3.248
3.66
0.1
0
0.1
0.1
1.224
2.448
1.524
2.8
1.324
0.7
2.748
1.324
2.848
3.36
2.548
1.924
1.424
2.948
0.1
4.96
1.824
3.26
3.448
2.448
1.324
1.724
0
0.3
1.524
1.724
1.324
2.448
1.424
2.448
4.7
4.848
0.3
0.3
0.5
2.648
1.224
0.1
1.224
1.224
1.224
1.524
1.224
3.724
3.048
0
1.224
1.224
0
2.448
2.648
2.448
0
1.324
1.224
2.948
0
1.224
2.548
1.424
1.924
0
2.124
2.524
1.524
2.648
1.324
2.124
0.1
2.648
0
1.624
2.124
2.648
0.1
1.224
1.324
1.224
0
2.024
0
2.748
2.648
0
3.148
2.448
2.548
2.848
1.324
1.324
1.224
2.448
1.524
1.424
2.548
2.548
0
2.448
0.1
2.036
0
0
2.548
0
0.1
1.624
2.448
0.1
2.748
0.1
0
0.3
0
0.2
0
1.224
3.148
2.648
1.224
2.648
1.224
0
1.324
1.524
1.224
3.748
2.548
0.1
2.748
4.248
0
0.2
1.324
1.624
1.524
1.324
1.324
4.56
0.9
0
6.548
0
2.548
2.448
1.224
4.584
2.448
1.324
4.348
2.1
0.2
0.1
2.548
1.224
1.324
1.824
1.224
1.424
1.224
1.324
0.4
1.224
1.524
2.948
2.448
0.4
0
1.424
1.224
0
0.2
1.524
0
0.2
0.2
1.324
0.1
0.3
2.424
1.824
3.46
0
0.2
1.224
3.06
0
1.824
2.548
0.6
3.148
1.424
0.4
0.1
1.224
3.848
4.548
1.724
2.448
1.424
2.548
1.424
2.548
5.248
1.524
5.448
3.448
2.024
2.536
2.648
2.448
3.624
3.048
2.748
2.848
1.324
1.224
1.224
2.548
1.524
2.648
3.06
2.748
2.848
2.448
2.848
3.224
1.524
3.348
0
0
0.1
0.2
1.324
1.324
3.124
2.748
2.948
2.748
2.224
2.444
2.244
1.324
1.324
1.924
1.224
1.724
1.824
2.448
2.224
1.624
1.424
1.724
1.524
1.924
1.324
1.224
0
2.648
1.936
2.448
3.948
1.524
3.26
2.848
2.648
4.248
2.324
0
0
2.948
4.66
1.224
5.804
22.004
6.304
1.82
1.324
1.224
1.224
0.6
3.324
4.584
0
1.224
0
2.7
0
1.7
0.3
2.548
1.324
6.06
2.448
0.9
0
0.4
1.624
0.1
1.4
1.524
0
0.1
3.46
0
0
1.624
0
3.324
1.424
0.8
1.224
0
0
2.524
0
0
0
1.224
1.224
0.1
1.924
0.3
0.6
1.224
0.1
0
1.224
1.324
1.324
1.524
8.324
0.2
1.324
0.5
1.524
1.2
1.424
0
0.1
3.424
1.324
0
0.2
0
1.424
2.448
2.324
1.424
1
0
0.4
0.1
0.1
0.4
0.2
1.324
1.324
1.2
1.324
1.824
0.1
2.024
1.224
1.224
0.5
3.448
1.424
1.524
0.2
0.4
2.748
1.424
1.424
1.224
1.224
1.224
0.4
0
3.924
1.524
1.324
0
1.824
0.1
3.924
0.6
1.224
2.548
0.9
0.3
0
0.2
0.1
0.5
1
1.724
1.224
1.624
0
3.124
1.224
1.324
1.324
0.2
0.3
1.524
1
1.524
1.224
2.024
1.924
1.424
1.624
0.9
1.424
1.824
0.1
1.424
1.224
0.2
0.2
0.3
1.624
1.724
0.3
0
0.3
1.224
0
1.524
1.424
1.224
0.4
0
1.224
0
0.4
1.724
1.324
1.424
1.224
1.824
2.524
0.3
1.224
2.6
0
0.1
1.524
2.424
3.46
1.824
1.524
2.1
0.8
0.1
1.424
0.2
0.1
0.9
0.7
1.424
1.424
1.324
0
1.724
1.724
0
3.16
1.224
0
1.624
1.1
1.224
1.6
0
1.824
0.2
0.8
1.624
1.724
2.124
2.948
1.524
1.624
3.4
1.424
0.1
1.524
0
1.924
1.224
0.1
0.4
0.3
0.9
0.2
0.1
1.324
1.524
1.424
1.224
3.324
0.1
3.748
1.624
1.224
1.224
0.1
1.224
1.224
0
0.1
1.324
0.1
1.324
1.224
1.224
2.324
1.424
0.9
2.124
0.8
1.924
0.4
0
0.2
1.324
3.6
1.6
0
0.1
0.4
0.2
1.224
1.224
0.6
2.024
3.648
0
0
0.1
0.2
0.3
1.324
0.2
1.724
0
1.5
2.7
1.224
1.524
1.224
0.1
1.424
2.324
1.224
2.448
1.324
0.6
1.524
1.424
1.624
2.224
1.624
2.324
1.524
1.524
1.424
0.2
1.224
0.2
0.1
1.324
1.224
1.624
2.624
0.2
0.4
0
1.3
0
0.1
2.524
1.4
1.424
0.6
1.724
0.8
0
1.224
3.924
0.1
0
0
2.548
0.4
1.324
1.224
2.424
0
1.424
0
1.624
0
1.224
0.5
1.324
1.324
1.324
1.224
1.724
1.4
1.524
0.3
0
0.1
2.324
1.724
1.524
0.8
1.224
1.224
1.624
0.6
1.1
0
0.1
1.324
1.424
0
0.7
1.624
0.3
0.1
0.2
0.1
2.748
0
0
2.948
1.324
1.924
1.324
0.3
1.224
1.424
1.224
1.524
0.1
0.1
1.424
1
0.1
1.224
0
1.624
1.224
2.448
0.1
1.224
1.224
2.648
1.224
1.224
0.3
3.948
0
0.1
1.624
1.324
0.5
1.324
0.2
1.224
0.9
0.1
0
1.224
1.924
0.4
2.224
2.124
1.724
0
1.424
0.1
0.9
0.1
3.348
0.5
1.824
1.224
2.5
3.76
1.1
0
0.1
3.048
1.224
1.1
0
1.224
1.824
0
0.3
1.324
0
0.2
0
0
0
1.724
1.224
0.3
0
1.324
1.424
1.224
0
1.924
5.124
2.224
0.5
2.124
0.1
0.3
1.824
0.7
0.7
2.648
1.524
2.648
0
2.424
1.524
0.3
1.324
1.224
1.1
0
1.224
0.5
0.3
1.224
1.7
0.3
1.424
0.9
2.024
0.4
1.224
1.224
2.124
0
1.224
3.348
1.624
1.424
1.524
1.324
0
3.124
1.524
0
1.524
0
0.1
1.424
0
1.224
0
0
1.3
1.2
1.324
0.1
0.5
1.224
0
1.324
0
1.224
1.9
1.224
0
0.3
1.324
0
0
1.324
0
2.124
0.4
0.2
0
0.1
0.1
1.224
2.6
0.1
0.1
2.324
1.4
1.224
0
0.6
1.524
0
1.224
2.548
0.1
0.1
0
0.1
1.524
3.824
1.224
0
1.324
0
2.448
0.1
1.224
1.324
2.448
1.224
0
1.224
1.524
1.624
1.224
0.3
1.324
3.048
0
0.1
1.224
0.1
0.1
1.224
1.224
0.2
1.224
1.6
3.724
0.2
1.824
0.3
1.224
1.224
0
0.2
1.424
1.224
1.224
0.1
1.424
0.2
0.1
0.8
1.424
1.324
0
0.7
2.024
2.848
0.6
1.224
0
0.2
0.2
1.824
3.148
1.424
1.324
1.224
0
0.1
0.6
0.1
2.224
0.1
0
0.1
1.3
1.524
2.924
2.524
1.324
1.724
1.424
2.448
1.424
0.1
3.048
1.224
0
0.3
0
2.548
2.448
0.1
1.624
0.2
0
1.224
1.224
0.1
1.224
0.1
2.848
0.5
2.8
0.3
0.4
0
0.9
4.224
2.448
0
0.1
5.548
1.324
0.1
2.848
1.824
1.424
0.4
0.6
0.1
0.2
0.3
3.948
1
0.7
1.624
0
2.3
2.548
0
1.424
0.1
2.224
1.624
1.324
0.2
0.4
0.1
0
1.724
1.224
0.2
1.324
0.3
2.724
1.324
1.324
5.8
1.724
1.424
0.2
1.324
1.3
3.924
1.8
0
2.524
1.424
0
2.224
0.2
0.9
1.2
0.2
1.924
0.4
1.324
1.924
6.048
1.324
1.624
1.224
0.1
2.224
0.1
1.924
1.424
0
1.324
3.248
1.324
1.724
0
1.624
2.124
0.7
1.724
0.4
1.424
0.8
1.524
0
0
3.224
2.124
0
0.3
0
1.224
1.524
1.524
2.124
1.224
1.624
2.024
2.3
0
0
1.224
1.524
3.124
1.224
0.2
1.524
1.7
1.224
0.2
1.224
0.8
0.1
1.724
0.2
3.624
2.124
1.424
1.624
2.724
2.524
3.124
0
2.524
0.1
1.824
2.748
3.248
1.224
1.624
0
1.224
0
2.424
0
0.3
0.2
1.524
1
0.1
1.224
0.5
1.2
0
3.6
0
3.46
0
0.1
0
1.324
0.1
0
2.224
1.324
1.924
0
1.324
1.524
0.2
0
5.724
0.2
1.224
0
3.024
2.424
2.4
4.224
1.836
2
4.048
2.648
0.1
3.06
1.224
0
0.4
1.324
0.1
0.1
1.224
0.2
1.224
0
1.224
2.748
3.036
0.4
2.548
1.624
1.724
1.324
1.724
1.224
0.1
1.836
1.324
0.1
2.424
2.548
2.548
0
1.224
1.424
1.224
0.2
4.348
1.224
1.524
2.524
1.836
0
1.224
0
2.448
2.748
1.624
3.048
0.1
1.524
2.848
3.66
2.448
3.06
2.648
1.32
3.468
0
1.224
0
0
2.736
4.3
0.5
0.4
1.2
3.524
1
