0.3
0.1
3.448
1.424
2.448
0.1
0
1.224
0
0
0.1
1.224
0.1
0.7
0.3
0
1.936
1.224
1.224
1.224
1.524
1.424
1.224
1.224
0.1
1.324
1.224
1.324
2.448
1.224
1.224
1.224
1
0.1
0.1
0.3
0
0
1.836
0.2
0
1.824
0
1.836
2.036
1.224
0.2
0.2
0.1
1.324
1.224
0
1.524
1.836
0
1.224
0.1
0.1
0
1.724
0.7
0.2
1.936
1.324
0.5
0.2
0
0
1.624
0.6
0.4
1.224
0.1
0
2.124
0.2
0
0
0
0
3.048
0
1.224
0.1
1.836
0
0
1.836
1.324
1.824
0.1
1.224
0
0
0
1.424
1.424
0.1
1.324
1.224
1.836
0.2
0.2
0
1.224
0.1
0
0.4
0
0
0.2
0
0
1.224
1.936
0.3
0
1.224
0
0.1
2.1
1.936
1.324
0.4
0
0
2.036
1.324
0
1.524
0.2
1.936
0.1
0
1.324
0.1
1.224
1.324
1.324
0.2
0
1.224
0
1.324
0
1.936
1.224
0.1
0
0
1.324
0
0
0
2.336
0.3
0.1
0.1
0.3
0.1
0
0
0
0
0.1
1.936
1.324
0.1
0
3.024
0.1
0.2
1.224
0.1
1.224
3.348
1.836
0
1.224
0.4
0.1
1.524
0.1
2.448
0.4
2.748
1.524
1.324
0
2.448
0.2
1.424
0.1
1.524
1.424
1.424
1.224
0
0
1.624
0
1.224
0
0
0.6
1.836
0
1.424
2.548
1.224
2.448
0.3
1.324
1.936
0
1.2
0
0.9
1.836
0
0
2.848
2.624
2.548
2.448
1.224
1.224
1.224
2.848
1.224
2.648
2.448
1.224
0
2.448
1.836
3.848
1.424
1.836
1.624
0
2.024
1.224
1.836
1.836
1.224
0
1.324
1.224
1
0
1.836
1.836
1.836
1.224
1.224
0
0.3
2.448
1.424
2.448
0
0.1
2.336
2.548
0
0.2
2.448
0
2.448
0
0.3
0
2.548
0.3
0.1
2.448
0.1
1.224
0
1.224
0
2.748
2.448
2.448
0
1.224
1.224
1.424
1.224
1.324
2.448
0
0.5
0
1.836
1.224
0.1
0.1
0
1.224
0.1
2.036
0.2
0
1.836
0
0.1
1.324
0.2
1.324
1.836
1.324
1.224
1.224
2.448
0
1.324
0
1.324
0
0.1
0.3
0.2
0.2
0
0
1.324
0
0
1.724
1.224
1.224
1.324
1.224
0
0
0
0.8
0
0
1.224
0.6
0
0.1
1.424
1.224
2.548
0.3
0
1.324
0.1
0.9
1
1.224
0
0
0
1.224
1.524
1.224
0.1
1.224
1.224
1.224
0
1.224
2.448
0
2.448
2.448
1.324
1.224
1.324
1.224
0
1.624
0.1
0
0.1
2.748
3.348
1.224
0
1.224
0
2.448
1.224
0
0.1
0.1
2.448
2.824
1.224
1.624
1.224
0.1
0
0
1.224
2.548
2.648
0
1.524
1.224
1.324
2.448
2.448
1.324
2.548
0.9
1.624
1.224
0
1.224
0.2
0.1
1.224
1.224
0
1.324
2.548
1.524
1.724
0.1
1.224
1.324
1.224
1.524
2.448
1.424
0.2
1.224
0.2
2.448
1.424
0
0.2
1.324
1.224
2.448
1.224
1.324
1.324
1.324
2.448
1.224
1.324
1.424
1.224
1.524
0
1.224
3.06
1.836
0
0.3
1.224
0
2.948
1.224
1.424
1.324
0.3
2.648
1.936
0.2
2.424
0.6
1.224
3.56
0.7
1.836
1.224
2.848
1.424
1.624
1.224
1.936
1.624
3.16
0
0
0.1
1.424
1.836
2.448
1.524
1.324
1.224
0
1.224
2.648
2.448
0.1
0
1.224
1.424
2.548
2.448
0
3.16
0.1
0
0.1
1.224
2.548
2.224
1.224
0
0.1
3.048
2.548
1.224
2.448
2.448
1.224
3.16
2.448
0
0.4
1.224
0
1.224
1.224
2.848
2.024
1.324
1.224
0
2.548
2.648
2.648
1.224
0.1
2.548
0.2
0.1
1.224
0.1
1.424
1.324
1.424
0.1
1.224
1.324
3.048
2.948
3.26
0
0
0.1
2.448
1.424
0
0.1
1.224
2.748
1.324
0
1.224
0.1
0
0
0.1
1.324
0.3
1.624
1.224
2.448
1.224
0
1.224
1.224
1.324
0
1.224
1.224
1.324
0.6
1.924
1.224
3.06
0
2.036
1.224
2.448
0.1
1.224
1.224
1.424
2.448
0
0.3
0.1
0
1.224
1.324
0
2.448
0.2
1.224
1.224
0
2.448
1.224
1.424
1.424
1.224
1.224
0
1.224
1.424
0.1
0
0.4
1.936
0
1
2.448
2.448
1.224
0
0
1.224
1.224
1.424
2.648
2.548
0
0
1.424
0
1.324
3.16
1.324
2.448
1.324
0
1.224
1.424
2.548
0
0
1.424
1.224
0
0.2
1.224
1.324
0
0
0
0.2
1.224
2.448
1.324
2.448
1.224
0
3.448
0
2.948
1.224
0.1
1.224
0
1.224
2.548
0
2.448
3.16
2.648
2.448
1.324
1.836
2.448
1.324
1.424
3.048
0
1.324
1.424
0
2.548
1.224
1.224
2.548
1.324
0.1
2.748
0
1.224
1.324
1.224
0.3
1.224
0.1
3.06
2.448
2.448
1.324
1.224
1.424
2.548
0.1
0
1.524
1.524
0.1
2.548
0
2.548
1.224
0
0
1.224
2.548
1.224
1.224
0.2
2.448
3.26
0
0
0
0
1.224
2.448
1.224
1.2
1.224
0.1
2.548
1.224
2.448
3.06
2.448
1.424
1.224
2.548
0.2
3.86
1.424
3.06
2.648
2.448
1.224
1.224
0
0.2
1.224
1.324
1.224
2.548
1.324
2.448
1
3.348
0.2
0.1
0
2.648
1.224
0
1.224
1.324
1.224
1.324
1.424
1.624
2.648
0
1.224
1.224
0
2.548
2.448
2.448
0
1.224
1.224
2.548
0
1.224
2.448
1.224
1.624
0
1.324
1.624
1.324
2.648
1.224
1.324
0.1
2.448
0
1.524
1.624
2.548
0.1
1.324
1.324
1.224
0
1.224
0
2.448
2.448
0
2.648
2.448
2.448
2.648
1.224
1.224
1.224
2.448
1.224
1.224
2.648
2.448
0
2.448
0
1.836
0
0
2.648
0
0.1
1.224
2.448
0
2.548
0
0.2
0.1
0
0
0
1.324
2.748
2.548
1.324
2.548
1.324
0
1.224
1.324
1.224
2.648
2.448
0
2.448
3.148
0
0.1
1.224
1.324
1.224
1.524
1.224
3.46
0.1
0
3.448
0
2.448
2.448
1.224
4.484
2.448
1.224
2.648
0.2
0.1
0
2.448
1.224
1.224
1.424
1.224
1.324
1.224
1.224
0
1.224
1.224
2.648
2.448
0.1
0
1.224
1.224
0
0.1
1.224
0
0
0.1
1.324
0
0.1
1.924
1.424
3.06
0
0.3
1.224
3.06
0
1.524
2.448
0.1
2.648
1.224
0.1
0
1.224
2.748
2.748
1.224
2.448
1.224
2.548
1.524
2.448
3.448
1.224
2.948
3.048
1.724
2.136
2.548
2.448
2.224
2.748
2.548
2.548
1.224
1.224
1.224
2.448
1.324
2.448
3.06
2.448
2.948
2.448
2.648
1.924
1.324
2.848
0
0
0
0.1
1.224
1.324
1.724
2.548
2.448
2.448
1.724
2.244
2.244
1.324
1.224
1.324
1.224
1.624
1.324
2.448
1.524
1.324
1.224
1.224
1.224
1.524
1.224
1.224
0
2.648
1.936
2.648
2.748
1.524
3.06
2.548
2.548
2.848
1.324
0
0
2.848
3.56
1.324
5.504
6.304
10.304
1.52
1.324
1.224
1.224
0.2
1.724
4.384
0
1.224
0
0.9
0
0.4
0
2.548
1.224
3.56
2.448
0.1
0
0
1.324
0
0.1
1.324
0
0
3.16
0
0
1.224
0
2.024
1.224
0.3
1.424
0.1
0
1.624
0
0
0
1.224
1.224
0
1.424
0
0.2
1.224
0
0.1
1.224
1.224
1.224
1.324
2.924
0
1.324
0.2
1.524
0.8
1.224
0
0.1
2.024
1.324
0.1
0
0
1.224
2.448
1.624
1.224
0.7
0.1
0
0
0
0.1
0.2
1.224
1.224
0.5
1.424
1.424
0
1.324
1.224
1.224
0.4
2.748
1.224
1.224
0
0.1
2.448
1.324
1.424
1.224
1.224
1.324
0.2
0
1.824
1.524
1.224
0
1.424
0
1.824
0.1
1.324
2.448
0.3
0.2
0
0
0
0
0.1
1.324
1.224
1.224
0
1.824
1.224
1.224
1.224
0
0
1.424
0.5
1.224
1.224
1.824
1.324
1.424
1.224
0.2
1.224
1.424
0
1.224
1.224
0.1
0.2
0
1.324
1.524
0.1
0
0
1.324
0
1.224
1.324
1.224
0.4
0.1
1.224
0
0
1.324
1.224
1.224
1.224
1.224
1.324
0.3
1.224
0.5
0
0
1.224
1.424
3.26
1.424
1.224
0.6
0.3
0
1.224
0.1
0
0.3
0.3
1.324
1.224
1.324
0
1.224
1.224
0.1
3.06
1.224
0
1.324
0.5
1.224
0.2
0
1.524
0
0.3
1.424
1.224
1.724
2.448
1.224
1.224
1.2
1.224
0
1.324
0
1.624
1.224
0.2
0
0.1
0.6
0
0
1.224
1.424
1.224
1.324
1.824
0
2.848
1.424
1.224
1.224
0.1
1.224
1.224
0.1
0
1.224
0
1.224
1.224
1.324
1.824
1.224
0.3
1.524
0.1
1.524
0.2
0
0.1
1.224
1.4
0.6
0
0
0
0
1.224
1.324
0
1.224
2.948
0
0.2
0
0.1
0.2
1.424
0
1.424
0
0.1
0.6
1.224
1.324
1.224
0
1.224
1.524
1.224
2.448
1.424
0
1.324
1.224
1.224
1.324
1.224
1.424
1.224
1.224
1.224
0
1.224
0.1
0
1.224
1.224
1.324
1.524
0
0
0
0.4
0.1
0
1.824
0.3
1.324
0.3
1.224
0
0
1.224
2.324
0.2
0
0
2.548
0
1.324
1.224
1.524
0.2
1.224
0
1.224
0
1.224
0
1.224
1.224
1.224
1.224
1.524
0.6
1.624
0.2
0
0
1.624
1.324
1.224
0.4
1.224
1.224
1.224
0
0.2
0
0
1.224
1.224
0
0.2
1.224
0
0.1
0
0.1
2.548
0
0
2.748
1.224
1.424
1.424
0
1.224
1.224
1.224
1.324
0
0.3
1.224
0.4
0
1.224
0
1.224
1.224
2.448
0
1.224
1.224
2.448
1.224
1.224
0
2.648
0
0.1
1.324
1.324
0
1.324
0.2
1.224
0.1
0
0
1.224
1.324
0
1.624
1.524
1.324
0
1.324
0.2
0.2
0
2.548
0.1
1.224
1.224
0.5
3.26
0.7
0
0
2.448
1.224
0.3
0
1.324
1.224
0
0
1.224
0
0
0
0
0
1.224
1.224
0
0
1.224
1.324
1.224
0
1.724
2.724
1.824
0.1
1.624
0
0
1.424
0.1
0.3
2.448
1.324
2.548
0
1.224
1.324
0.1
1.324
1.224
0.1
0
1.224
0.1
0.1
1.324
0.6
0.3
1.224
0.5
1.324
0.1
1.324
1.224
1.724
0
1.224
2.848
1.424
1.324
1.424
1.324
0
1.924
1.224
0
1.324
0.1
0.2
1.224
0
1.224
0
0.1
0.1
0.8
1.224
0.1
0
1.224
0
1.224
0
1.224
0.4
1.324
0.2
0.1
1.324
0.1
0
1.224
0
1.524
0.2
0.1
0
0
0
1.224
0.7
0
0
1.624
0.6
1.224
0
0.2
1.324
0.1
1.224
2.448
0.1
0
0
0.1
1.324
1.924
1.224
0
1.224
0
2.448
0.1
1.224
1.424
2.448
1.224
0
1.224
1.724
1.524
1.224
0.1
1.224
2.548
0
0
1.324
0.1
0
1.224
1.324
0.3
1.224
0.7
2.124
0
1.524
0.1
1.224
1.324
0
0.3
1.224
1.224
1.224
0
1.324
0.1
0
0.4
1.724
1.224
0
0.4
1.324
2.848
0.4
1.224
0
0
0
1.524
2.848
1.324
1.524
1.224
0
0
0.4
0
1.724
0.1
0
0
0.1
1.624
1.724
1.624
1.424
1.524
1.424
2.448
1.224
0
2.448
1.224
0
0.3
0.1
2.448
2.448
0
1.324
0.1
0
1.224
1.224
0
1.224
0
2.648
0.1
1.5
0
0
0
0.1
1.824
2.448
0
0.2
3.548
1.224
0
2.448
1.424
1.224
0.2
0.1
0
0
0
2.948
0.2
0.2
1.424
0
1
2.448
0.1
1.224
0
1.524
1.424
1.324
0.1
0.1
0
0
1.224
1.324
0.2
1.324
0.2
1.424
1.224
1.324
2.3
1.424
1.324
0
1.324
0.8
2.124
0.6
0
1.324
1.224
0
1.224
0.1
0.1
0
0.1
1.524
0.2
1.324
1.424
3.848
1.224
1.224
1.224
0
1.524
0
1.424
1.324
0
1.224
2.448
1.224
1.524
0
1.324
1.524
0.3
1.424
0
1.424
0.2
1.324
0
0
1.824
1.524
0.1
0.2
0
1.224
1.324
1.224
1.324
1.424
1.424
1.424
0.3
0
0
1.224
1.224
1.724
1.224
0
1.524
0.7
1.224
0.1
1.324
0.1
0.2
1.324
0
1.524
1.324
1.524
1.524
1.324
1.524
1.524
0
1.724
0
1.224
2.648
2.748
1.324
1.224
0
1.224
0
1.324
0
0
0.1
1.224
0.5
0
1.324
0.1
0.2
0
1.3
0.2
3.36
0
0
0
1.224
0
0
1.524
1.324
1.424
0
1.224
1.324
0
0
3.024
0
1.224
0
2.224
1.724
0.7
1.924
1.836
0.9
2.548
2.448
0.2
3.06
1.224
0.1
0.5
1.224
0
0
1.224
0.3
1.224
0
1.324
2.648
2.136
0.2
2.548
1.524
1.424
1.224
1.324
1.224
0
1.836
1.224
0
1.324
2.448
2.548
0.1
1.224
1.324
1.224
0
3.348
1.224
1.424
1.924
1.836
0
1.224
0.2
2.648
2.448
1.324
2.448
0.3
1.324
2.548
3.26
2.548
3.06
2.948
1.02
3.468
0
1.224
0
0
2.136
1.3
0.3
0
0.2
1.924
0.2
