0.5
0.3
2.3
2.136
0.2
1.936
0.1
0.1
0.1
0
0.3
0
0.4
0.4
0.7
0
0
0
0
0.3
3.06
3.26
0
0
2.336
0
0.2
1.324
1.424
1.224
1.836
0.1
1.2
0
0.1
0.1
0
0
0
0.4
0.1
3.236
0.1
0
0.1
0
0.3
0.2
0.3
1.324
0
0
1.624
0
0
0
0.1
0.1
0
0.3
0.6
0.4
0
0.6
2.036
0.5
0
0.2
0.1
0.6
0.3
0.5
0.1
1.836
3.736
0.7
0
0.2
0
0
0.5
0
0.1
0
0.1
0
0
0
0
0.6
0
0
0
0
0
0.2
0.4
0.1
0
0
0
0.5
0.4
0
1.836
0
0
1.2
0.1
0
0.5
0
0
0.1
0
2.236
0.2
0.2
0
0
1.9
0
0
0.3
0
0
0.1
0
0
0.1
0.1
0
0
0
1.936
0.2
0.1
0.1
0.1
0.9
0
0.1
0
0.1
0
0
0.1
0.1
0
0.1
0.1
0
0.1
0.2
0.8
0.4
0.1
0.1
0.8
0.2
0.1
0.2
0
0
0
0
0
0.2
0.2
1.8
0.1
0.4
0
0
0
0.3
0.1
0
3.06
0.6
0.1
0.1
0.1
0
0.8
0.6
0.6
0
0
0
0.4
0.2
0.1
0.5
0.1
0
0
0
0
0.3
1.936
0
0
1.424
1.1
0
0
0.8
0.2
0.2
0
0.6
0.6
0
1.836
1.8
0
2.936
0
3.06
0.1
0
0.9
0.1
0
0.5
0
0
0.2
0
1.936
1.836
0
3.672
2.036
0
1.6
2.236
3.06
0.3
3.672
0.7
4.172
0
1.836
0
0
0
0
3.636
1.324
0
1.224
0
0.2
0
1.836
0.3
0.2
0.1
3.26
0
0.1
0.2
0
0
0.5
0
1.224
1.224
0
0.3
1.324
0
0.7
1.324
0.1
0
0.2
0
0
0
0.1
0
0
0.2
0.1
0
3.06
4.896
4.896
1.836
1.836
1
0
0
0
0
0
0
0.1
0
0.1
0.4
0.2
0
0.1
0.1
0.2
0.2
2.136
0
0.4
0
0
0.3
0
0.1
0
0
0
0.1
0.1
0.5
0.5
0.1
0.1
0
0.1
0
0.7
0.1
0
4.172
3.772
0
0.1
0
0.8
0
0
0
1.7
0.1
0.4
2.736
0.2
2.336
0.1
0
0.1
0.1
1.2
2.2
0.1
3.872
0
0.1
0
0.3
0.1
0
0
0
0
0.2
1.836
0
3.872
0
0
0
3.06
1.836
0
0
1.2
0
0
0
0.1
0.8
0
1.836
0
0.3
0.1
0.3
0.1
1.936
0
0.2
2.936
0
2.136
1.836
1.936
1.724
0
0
0
3.772
0
0
0
3.06
0.1
0
3.66
0
1.6
0.2
0.3
3.06
1.224
0.2
0
0.1
0
0
3.26
2.136
0.2
0.8
0.1
3.26
1.836
0
3.86
2.336
1.836
0.3
2.136
2.236
3.56
0.4
0
0.9
0.3
0.2
1.836
2.036
0
0
0.1
3.672
0
0
3.26
1.936
0.1
1.836
0
0.1
0
1.224
3.26
0
1.936
3.036
0.1
0
0.1
2.336
1.836
0
0.4
1.2
2.236
0
0.5
0.9
0
2.036
0.5
0.1
0.5
1.836
0
0.2
0
0
0
0.2
0.7
0
0
2.136
0.3
0
0
0
3.872
1.936
1.324
3.06
0
1.224
1.524
0
2.036
0
2.736
0
1.936
0
3.672
2.936
0.1
1.224
0
0.2
0
1.836
0
2.036
1.836
0.1
2.036
0
0.9
0.1
0
3.06
0
1.424
3.036
0
3.06
0
0
0.3
0.5
0
0
0
0.1
0.1
0
0.1
0.1
0
0.2
1.224
2.036
0.1
1.936
2.436
1.224
0
1.224
0.1
1.836
0
0
3.772
0
0.4
0
0
0.2
0.1
0
0
0
1.836
3.36
2.236
3.06
0
0
0.2
0
1.936
0
3.06
0.1
1.224
0
0.7
0.3
0
0
0
0
1.836
0
0
0
1.836
0.1
0.1
1.836
3.86
0
0
0
0.1
3.06
0
0
0
1.324
0
0
0.2
2.136
0
0
0
0
0.2
4.06
2.036
0
4.06
0
1.936
1.5
0.2
0.1
0
1.836
0.2
2.036
0
1.936
3.26
0.2
1.836
1.836
2.036
3.06
4.172
0
1.224
3.772
0.1
1.836
3.06
0.1
3.16
1.836
0
2.136
0
0
2.336
0
2.036
0.1
0
0
2.036
1.424
1.224
3.06
3.06
0
0.2
0.8
1.936
1.224
3.672
3.36
0
0
1.836
0
0
0
1.224
0.1
0
1.836
0
0
0.2
2.336
0.1
1.836
1.836
2.336
0
3.06
0
1.224
0.7
1.936
0.3
0.2
3.672
0
0
0
1.936
0
0.2
1.224
0
1.224
2.036
0.1
0
0
3.46
0.1
0.2
4.072
0
1.936
0
0
0
0
0.1
0
0.1
0.2
0
0
0
1.836
0
0
1.836
1.836
1.224
1.836
0
3.036
0
2.036
3.26
0
3.772
0
3.672
2.036
0.4
0.1
3.16
0.3
0.3
0
0.3
0.1
1.836
1.936
0
0.1
3.26
0.1
0
0
0
0
1.5
0.6
0.2
0
0.3
1.224
0
0.1
0
3.06
0.1
3.26
1.936
0.3
0.2
0
0
0
0
0.1
1.224
0.2
0
1.936
1.936
0
0.2
0
3.672
0
1.524
0.1
0.5
0.5
3.06
3.36
0.1
0.4
1.836
0.1
3.06
0.2
1.1
1.836
0
3.672
0
0
1.836
0.2
0
2.036
0
0
0.2
1.836
1.936
1.524
0
0.1
0
0
1.224
0
1.936
1.836
4.996
1.836
0
0
0
0
0.1
0
0
1.936
3.672
0.3
3.772
0
0
0
0
1.836
0
0.1
0.3
0
0
0
0
1.836
0
0.1
0
0.2
0.2
1.836
1.324
0.7
0.1
0.1
0
1.324
3.26
0.1
0
0.2
0.6
1.224
0.7
0.1
0.1
0
0
0.1
3.672
0
4.46
3.436
3.06
0
3.672
0
3.16
0.2
1.936
0.2
3.06
0
0
0
1.836
1.524
0
1.724
1.836
0.2
0
0
0
0.1
1.224
1.224
2.036
0.1
0
0.2
0.4
2.136
0.1
0
0.4
1.836
0
0
0.5
0
0.3
2.136
3.06
2.136
2.036
0
4.272
4.272
0.3
1.224
1.836
0
3.36
0.1
0.8
0
0.6
0.1
1.324
0
2.136
0
0.3
0
0.2
0.2
3.16
3.06
3.06
3.26
3.06
1.836
0
3.36
3.26
3.16
0.1
0.7
0
1.936
0
0
0
1.836
0.1
2.336
4.06
1.936
2.236
0
0.8
1.02
1.02
3.872
1.324
3.872
1.836
2.036
2.136
0
0.2
3.26
3.16
3.26
3.06
2.136
4.896
4.996
1.836
3.06
1.836
3.06
3.26
3.26
3.06
3.06
2.036
3.36
2.036
4.896
4.896
3.16
2.636
0
1.22
1.82
1.52
14.152
1.324
0
1.224
0.1
0.5
1.936
0.1
3.06
1.836
2
3.16
0.5
0
0.1
1.836
0.2
0
0.2
0
2.236
0.1
0
0.2
0.2
0
0
0
1.224
1.224
0
0
0.8
0
0.2
0
0
0
0.5
0
0
0
0
0
0
0
0.2
2.036
0
0
0.1
0
0
0
0
1.9
0.1
0.2
0.2
0.2
0.6
1.224
0.1
0
0.5
0.1
0.1
2.136
1.836
0
0
0.7
0.1
0.8
0.1
0
1.936
0.1
0.1
0.1
0.1
0
0.3
0.1
0.3
0
0.1
1.324
0.1
0.5
0.4
0
0.1
0.1
0
0
0.1
0.3
0.2
0
0.1
0.1
1.836
1.1
0.1
0.2
0
0.2
1.836
1.1
0.1
0
0
0.1
1.836
0
0
0
0
0.6
0.2
1.224
0
0
0.6
0.1
0.1
0
0
0.1
0.1
0.4
1.936
0
0.7
0.3
0.1
0.2
0.4
0
0.1
0.3
0
0
0
0.4
0.1
0.1
3.16
0.1
0
0
0.2
0
0.1
0.1
0
0.4
0
0
0
0.3
0
0.2
0.1
0
0.3
0.5
0.4
0
0.7
0
0
0.2
0.2
0.5
0.2
0.2
1
0.3
0.1
0
0.1
1.836
0.4
0.2
0.1
0
0
0
0.2
0.1
0
1.224
0
0
0
0.8
0
0.5
0
0.2
0.1
0
0.4
1.524
0.3
0.1
0.1
0.1
1.9
0
0
1.424
0
0.3
0
0
0
0.3
0.4
0
0
0
0.4
0.1
0.3
0.8
0
0.2
0.5
0
0
0.1
1.936
0
0
0
1.936
0
0
0
0.1
0.2
0.1
0.1
0.1
0.4
0.3
0.2
0
0
0
1.7
0.9
0
0
1.936
0
0.1
0.1
0
0.1
0.3
0.1
0
0
0.1
0
0
0
0.3
0
2.436
0.9
0
0
1.224
0
0
0.3
0.1
0
0.1
0.1
0.2
0
0.1
0.2
0.2
0.3
0.1
1.936
0.1
0
0
2.036
0.1
0
0
0.2
0.4
0
0
0
0.5
0
0
0.7
0.7
1.224
0.5
0
2.336
0
0
0.9
0.2
0.1
0
0
0
0
1.224
1.424
0.1
0
0.1
0.1
0
0
0.1
0
0
0
0
0.3
0.5
0
0
0
0.1
0.5
0.1
0
0.3
0
1.836
0.1
0.1
0.2
0
0
1.936
0
0
0.1
0
0.1
0.1
0
0.1
1.224
0
0
0.2
0.3
0.1
0.1
0.2
0
0.1
0
0
2.036
0.2
0.1
0.7
0
0
0
0.1
0.2
0
0
0
0.1
0
0
0
0.3
0.7
0.1
0.2
0.1
0
0
0
0.1
0.1
0.1
0.1
3.772
0
0.1
0.1
2.136
0.4
0.1
0
0.2
2.136
0.7
0
0.2
2.036
1.224
0
1
0.5
0.8
0
0
0.3
1.324
0.2
0
0
0.2
0
0.1
0
1.836
1.524
0.1
0
0
0
0
0.3
0
0
1.224
0
2.036
1.524
1.9
0.2
0.1
0.5
0
0
0.1
0.2
0.3
0
0.1
0
0
1.936
0.5
0
0.1
0
0.4
0.1
0
2.236
0.1
0.1
1.1
0
0.2
0.2
0.4
0.1
0
0
0.5
0
0.1
0.2
0.2
0
0.1
0
0
0.7
3.26
1.836
0
0
0.1
0
0.1
0
0
0.1
0.4
0.5
0
0
0.1
0
0.1
0
0.2
0
0.9
0
0
0.1
0.1
0
0
0
0.1
0.3
0.1
0.1
0
0
0.1
0
1.3
0.1
0
0.4
0.6
0
0
0
0
0
0
0
2.036
0
0
0
0.2
3.236
0
0.1
0
0
0.1
0
0.2
0.2
0.2
0
0.1
0
0.4
0.1
0
0.1
0
0.1
0
0
0
0
0
0
0
0.2
0
0.3
1
0.2
0.2
0.2
3.16
0.1
0.2
0.1
1.836
0
0
0
0
0.1
0
0.3
0.3
1.936
0
0.5
0
0.2
0.4
0
0
0
0.1
0
0.1
0.1
0.2
0
0
0
0.2
0
0.1
0.1
0
0
0.4
0.2
0.5
0.5
0
1.324
0.3
0
0
0
0
0
0
0.2
0
0
0
0
0.2
0
0
0
0.1
0
0
0
0.2
0.3
1.2
0.6
0.1
0.2
0.2
0.5
0
0
0.1
2.024
0
1.836
0
0.1
2.136
0.3
2.236
0.2
0.2
0
0.5
0.4
0.5
0.3
0.2
1
0
0
0.1
0
0.1
1.936
0
0.1
2.136
0
0
0
0
0
0.1
0.3
0.3
0.2
3.16
2.4
0.1
0
0.1
0
0.3
1.5
1.3
0
2.036
0.1
0
0.3
0
0.1
0.3
0.1
2.236
2.136
0.1
0.3
1.4
0.2
0.1
0
1.936
0.2
0
0.3
0
0.1
0
0.3
0
0.3
0
0
1.324
0.1
0.2
0
0
0.5
0
1.836
0.1
2.124
1.424
0
0.2
0
0
0
0.2
0.7
0
0.2
2.036
1
1.836
0
0.1
0
0.5
0
0
0.1
1.2
0
0
0.2
0.1
0
0.1
0.1
0.5
0.3
0
0.1
0.1
0.3
0.5
0
0.2
0
3.16
0
0.1
1.936
0.1
0
3.06
0
1.524
1.836
0.1
0
0.1
0.2
0
0.1
0.1
0.7
0
1.1
0.4
1.424
0
0.1
0
1.936
0
2.036
0
3.06
0.1
0
0
3.06
1.936
0
3.936
1.524
0
6.732
3.236
4.272
2.436
2.036
1.836
2.836
3.26
3.772
1.836
1.836
3.672
3.672
4.072
1.836
3.772
4.996
1.836
1.836
1.836
6.832
3.672
3.06
1.936
3.66
1.836
3.26
3.872
1.836
1.936
3.16
1.836
3.16
1.836
1.836
3.96
1.936
3.16
1.936
1.836
1.836
1.836
1.836
5.072
1.836
3.16
1.936
1.836
1.836
3.06
3.772
3.06
3.16
2.136
3.872
1.936
2.136
3.06
1.836
3.16
1.836
1.936
2.956
2.856
5.508
1.836
1.836
1.836
0.1
2.3
0.2
0.1
1.824
1
1.724
