0.1
0
2.524
0.6
2.648
0.1
0
0
0.1
0
0
1.224
1.324
0.8
0.7
0
1.224
0
0
0.1
1.224
1.424
0
0
0
0
0.4
0.1
1.224
0
0
1.324
0.8
0.1
1.424
0.2
0.1
0
0
0.2
0.1
1.824
0
0.1
0.1
1.224
0
1.424
0
1.324
1.224
0
1.824
1.224
0.1
0.2
1.224
1.224
0
1.724
1.924
1.724
0
0.6
0.2
0.1
1.224
1.324
1.424
2.124
0.2
2.648
1.524
0.2
2.024
0.6
1.224
0.4
1.324
0
1.524
1.224
1.224
1.324
0
1.224
1.324
0
0.1
1.624
0.1
0.2
1.224
1.224
1.224
1.524
1.324
1.224
0
0
0
1.324
1.524
0
0
0
0
0.5
1.324
0.2
1.224
1.224
0
2.448
0
0.6
0
1.324
0
0
2.824
0
0
1.424
1.324
0
0
1.224
0
3.048
0.1
0
1.224
0
1.424
0.4
1.324
2.548
1.224
0.6
0
1.224
1.224
1.424
1.224
1.224
1.224
1.424
0
1.224
1.224
0
0
0
0.8
0.5
1.624
0.1
0.9
0.1
0.1
1.224
0
1.224
0.1
1.224
0
1.224
0.2
1.8
1.324
1.424
2.448
0
2.448
2.224
1.224
1.224
1.224
0.1
0.2
2.648
0
2.448
0.3
2.648
2.324
2.448
1.224
2.448
0.1
1.224
0
3.048
2.448
1.324
1.324
0.1
0
0.3
1.524
0
0
1.524
1.6
1.224
0
1.724
1.324
0.1
1.224
0
0.4
1.324
0
3.024
0
2.124
0
1.324
1.224
1.224
2.124
1.224
1.324
1.424
1.224
1.224
1.424
2.448
1.524
1.224
2.548
0
1.524
0.2
4.248
1.524
0
1.624
0
2.524
1.424
0
1.324
0
1.224
1.324
1.324
1.1
0
1.224
1.324
1.224
0
1.224
1.224
1.324
1.224
1.424
1.524
1.224
0
0.1
1.224
1.224
0.5
1.224
0
1.224
0
0.1
0
1.224
1.624
0.1
1.224
1.424
2.548
1.224
1.224
1.224
2.548
1.224
2.548
0.2
1.224
1.224
2.648
1.324
1.224
1.224
1.224
1.624
0
0
0
0.2
1.524
0
0
1.224
0.2
0.4
0.1
1.224
1.524
1.624
0
1.224
1.424
1.324
2.448
0
0.1
1.224
0
1.224
0
1.424
0
0.1
0.2
0.4
1.424
0
1.224
0.1
0.1
1.224
0.5
1.224
0
1.324
1.224
1.224
0.1
0
0.7
0
1.224
1.424
2.824
1.524
0.2
1.424
1.424
1.724
0.5
1.424
1.224
1.224
2.724
2.724
0.1
0.1
0.1
1.224
0
2.748
1.224
0
1.224
1.224
2.448
0.2
0
1.224
0.1
1.224
1.224
1.224
0.1
1.324
0
1.324
2.324
0
0
0.2
1.524
2.424
0
1.224
0
0.1
1.424
1.424
0.2
0.1
0
1.424
1.5
1.224
0.7
1.224
0
0.3
0
0
1.524
1.524
0
2.548
2.448
1.224
2.448
2.448
1.324
1.224
1.1
1.424
1.224
0
0.1
1.524
0.1
0
1.324
1.224
1.324
1.624
1.224
0.7
0
1.424
0
2.548
1.624
1.524
1.324
1.324
1.224
0.4
1.424
0.1
0
1.624
1.424
0.1
1.224
0.5
1.424
0
0
1.224
1.224
2.448
1.424
1.324
0.1
0
0
2.748
1.324
0
0.6
1.324
0.2
2.824
1.224
2.448
1.224
0.4
1.324
1.524
0.3
2.924
0.9
0
1.724
0.6
0.1
0.2
1.524
1.724
0.2
1.224
0.2
1.2
2.548
0.1
0
0
0.2
0
2.448
0.2
0
2.448
0
1.224
1.524
2.748
0.1
0
0
1.224
1.724
1.324
0.2
2.648
0.1
0
0
2.448
1.224
0.7
0
1.224
0
2.548
1.324
1.224
1.224
2.548
0
1.324
1.224
1.224
1.824
1.224
1.224
1.224
0
1.724
3.348
2.448
0
0
1.224
1.624
1.724
1.224
0
2.548
0.1
0
1.324
0.2
0.3
2.448
1.224
0
0
1.224
1.624
1.624
2.548
0
0
0
1.424
1.724
0.1
0
1.224
1.424
1.324
0
1.324
0.3
1.224
1.224
1.424
1.224
1.324
1.724
1.324
1.224
1.224
0
2.448
0
1.224
0
0.1
1.224
1.224
0.4
1.624
0
2.548
0
0.1
1.324
1.324
0.1
0
1.424
1.324
1.224
1.224
0.4
0
1.224
1.224
1.424
0
1.224
1.224
0
1.524
0
1.224
0
0.6
1.524
0.1
0
0
1.324
1.824
1.224
0
0.8
0
0.1
1
1.224
1.324
0
0.1
0.1
2.548
0
0.5
1.624
1.524
0.1
0.1
2.848
0
1.224
2.548
0.1
1.424
0
0
1.224
0
1.224
0
1.224
1.624
0
0
0.6
0
1.424
1.224
0
0
0.2
1.224
1.324
1.524
1.524
0
0.1
2.024
0.2
1.424
1.224
1.324
2.548
0
0.2
2.648
0
1.224
1.324
1.424
1.324
2.948
0
2.448
1.424
1.424
1.624
0
0
0.4
0
1.224
0
1.224
2.748
1.424
0
1.524
0
0
1.224
1.224
0.3
1.224
0
2.448
1.224
1.224
1.424
0
1.324
2.448
0.1
0.1
1.524
1.424
0
1.224
1.224
1.224
0.1
1.324
0
0
1.524
1.424
0.1
0
1.424
1.224
1.324
0
0
0
0
1.324
0.1
0.5
1.224
0.2
1.424
0.1
1.524
2.448
1.324
1.724
0.3
1.224
1.224
1.624
1.524
1.224
1.324
1.224
2.448
1.424
1.224
0.1
1.224
1.324
2.548
1.224
1.324
2.448
1.4
2.024
0.3
0.2
1.324
2.448
2.448
0.1
1.224
1.224
0
1.624
1.324
1.724
1.724
0
1.224
0
0
1.224
1.324
1.224
0
1.324
1.224
1.424
0
1.224
1.224
1.324
0.6
1.224
0.3
0.4
1.424
1.424
0
1.324
0.2
1.324
1.224
0.2
1.924
1.724
0.1
1.324
1.324
1.224
0
1.224
1.224
1.424
1.224
0
1.424
1.224
1.324
1.424
0
0
1.224
1.224
1.424
0
2.748
1.224
0.1
2.548
0.1
0
0
0.1
1.224
1.224
1.224
2.748
1.224
0
1.424
0.1
0.1
0.1
0
0
1.224
0
1.424
1.224
2.548
2.448
0
0
1.224
2.548
1.224
1.424
1.324
0
1.324
2.948
1.324
0.1
1.224
1.324
1.324
1.224
0.1
1.524
0.2
0
3.448
1.224
1.324
2.548
0
2.548
1.324
1.224
1.524
2.124
0
0
1.324
0
1.224
1.224
0.3
1.324
1.324
0.1
0
0.2
1.224
1.624
1.224
0.3
0
0.2
1.224
0
1.224
2.548
0
0.1
0.1
1.324
1.224
1.324
0.4
2.948
1.324
1.224
0.2
0
1.224
1.224
1.424
2.448
0
1.624
1.224
0.3
1.324
0
1.924
2.324
1.324
2.448
0
2.448
1.424
2.548
2.424
1.224
3.848
2.748
1.324
1.224
1.624
2.448
1.624
2.648
1.324
1.424
1.424
1.224
1.224
1.424
1.224
2.548
1.324
1.324
1.524
1.324
1.324
2.024
1.324
2.748
1.224
0
0
0
0
0
3.548
1.324
1.424
1.324
1.724
0
1.224
2.244
2.244
2.344
2.244
1.424
1.624
1.324
1.724
1.324
1.324
2.748
2.748
1.524
1.324
1.224
1.224
2.448
1.224
1.224
1.724
1.524
1.324
1.224
1.424
1.824
2.648
0.1
0
2.648
0.5
0
1.324
3.324
1.724
0.5
1.224
0
2.244
2.444
9.668
2.444
2.244
3.468
1.02
2.92
1.02
2.844
1.12
2.244
2.244
3.348
1.324
0.3
0
0.3
1.424
0.1
1.724
1.524
1.224
0
1.324
0
0
0
0
2.524
1.324
0.1
1.224
0
1.224
2.744
1.224
1.224
0
1.224
1.224
0.1
0.1
1.324
0
1.324
0
0
0
1.224
1.224
1.224
3.524
0.1
1.324
0.2
1.324
0.7
0
0
0
2.224
1.224
1.324
0.1
0
2.448
1.224
1.824
1.324
0.4
0.2
0.1
0
1.224
0
1.524
0
1.424
0.5
1.224
1.524
0.2
2.648
1.324
1.224
1.424
1.524
2.448
2.548
0
1.324
2.448
1.524
1.324
1.224
1.224
1.324
0.3
0
2.324
1.524
1.224
1.224
1.424
0.2
2.124
1.524
1.224
2.548
0.3
1.324
1.424
1.324
0
0.1
1.424
1.524
1.224
2.648
0
3.148
1.224
1.224
1.224
1.324
1.324
2.548
0.1
1.224
1.224
1.224
1.324
1.224
2.548
1.324
1.224
1.324
0.1
1.224
0
0.1
1.524
1.224
1.324
1.324
0.1
1.224
0
2.448
1.224
1.324
1.324
1.224
0.4
1.224
1.224
1.224
0.1
1.324
0.1
1.224
1.324
1.324
1.824
0.6
1.224
1.3
0.1
0
1.624
1.624
2.548
1.524
2.448
0.9
1.424
0
0
0
0.1
0.4
0.3
1.524
1.224
1.224
0
1.324
1.324
1.224
1.224
2.448
1.224
1.424
1.3
1.224
0.2
0
1.224
1.324
1.324
1.524
1.324
2.848
1.424
1.424
1.224
2.724
1.224
0
1.324
1.224
1.424
1.224
1.224
1.224
0.1
0.2
1.524
0
1.224
1.224
1.324
1.224
1.824
0.1
2.948
0.1
1.224
1.224
0.4
1.224
1.224
0
0
1.224
0
1.324
2.448
2.448
2.548
1.524
0.3
2.848
1.524
1.324
0.2
0
0.1
1.224
2.224
0.8
0
1.324
1.224
0
2.448
1.424
1.524
1.424
1.824
0
1.224
0
1.224
1.524
1.324
1.224
1.424
0
0.4
2.024
1.224
1.324
1.224
1.324
1.224
1.624
1.324
1.224
2.548
0
1.324
2.448
1.524
1.324
2.748
1.524
1.324
1.324
2.548
1.224
1.224
0.2
0
1.224
1.224
1.424
0.4
1.324
0.1
0
0.3
0
0
1.724
0.6
1.224
1.324
1.224
1.524
1.224
1.224
2.024
0
0
1.224
1.224
1.224
2.548
1.224
2.648
0
2.448
1.324
1.324
0
1.224
0
1.224
1.324
1.224
2.548
1.524
0.7
2.748
0.1
0
1.224
1.724
1.624
1.224
1.624
1.224
1.324
1.324
0.3
1.424
0
0.1
1.224
1.324
0
0.2
1.224
0.1
1.324
0
0.1
1.424
0
1.224
2.648
1.224
1.424
1.224
0
1.224
1.324
1.324
1.424
0.1
0.3
1.224
0.5
1.224
2.448
1.224
1.224
0
1.224
0
1.224
1.224
2.648
1.224
1.324
1.424
1.724
0
1.224
2.548
1.424
1.224
1.324
1.224
0
0.2
1.324
0
1.224
1.424
0.2
1.324
1.724
1.624
1.224
1.324
0
0.2
0
1.924
0.2
2.748
1.224
0.6
1.624
0.8
0
0
2.448
2.448
0.3
0
1.224
1.624
0
0.3
1.224
1.224
0
0
1.324
0
1.424
1.424
0.1
0
1.224
1.224
1.224
0.1
1.524
2.824
1.624
1.424
1.424
0.1
1.324
2.748
0.1
0.1
1.324
1.324
2.448
0
1.724
1.424
0.2
1.224
0
1.824
0
1.224
0.3
0
2.648
1.624
1.324
2.448
1.624
1.324
0.1
1.224
1.224
2.648
1.224
2.448
1.824
1.524
1.224
1.324
1.424
1.224
2.024
1.224
0
1.324
1.324
1.324
1.224
1.224
1.224
1.224
0
0.2
0.5
1.324
0.1
0.2
1.224
0
1.224
1.324
2.448
1
1.224
1.424
0
1.324
0.1
0
1.224
0
2.648
1.224
1.324
0
0.2
0.1
1.224
2.324
0.2
1.224
1.524
0.6
2.448
1.224
0.1
1.624
0
1.224
1.224
0.3
0
0
0
2.648
2.024
1.224
0
1.224
1.224
1.224
0.2
1.224
2.548
2.548
1.224
1.224
1.224
1.424
2.548
0.1
0
2.448
1.324
0
0
1.324
1.224
1.324
1.224
1.324
0.1
1.224
1.424
2.724
0.1
1.324
0.2
1.324
1.224
0
0
2.448
1.324
1.224
0
1.224
0.3
1.224
1.824
2.448
1.324
0
0.5
1.324
2.748
0.6
1.224
0
0
0.2
2.448
2.548
2.548
2.548
1.224
0
0
0.3
0
1.424
0
0
0.1
0.2
1.324
3.048
1.524
1.324
1.424
2.548
2.448
1.224
0
1.424
0
0
0.1
0
1.324
2.448
0.1
1.324
1.324
1.224
1.224
2.448
1.224
1.224
0
1.524
1.424
1.924
1.324
1.424
0.1
1.424
2.524
2.548
1.224
1.324
2.024
1.324
0.2
1.424
1.324
1.324
0.2
0.4
0
0
0.2
1.624
0.2
0.2
0.3
0.1
0.9
1.324
0.1
1.224
0.1
1.624
1.224
1.424
1.524
0.2
0
0
1.424
1.224
0.2
1.224
0.3
1.624
1.224
1.324
1.7
1.324
1.224
0
0
1.924
1
0.6
0
1.424
1.224
0
1.324
1.324
1.624
0.3
0
1.724
0.2
1.324
1.524
3.448
1.224
1.524
1.224
1.224
1.424
0.1
1.524
1.224
0
1.224
1.724
1.424
1.424
0
1.324
2.748
0.2
1.424
1.224
1.224
1.424
2.548
0
0.1
1.724
1.524
0
0
0
1.224
2.548
2.448
2.948
1.224
2.848
1.224
0.9
0
0
2.448
1.324
2.024
1.224
0.1
1.324
0.7
0
0.2
1.424
1.624
1.424
1.424
0
2.324
2.748
2.548
1.324
3.048
1.724
1.524
0
1.724
0
2.648
1.224
1.624
1.324
1.424
2.244
2.244
0
1.324
1.224
1.324
0
0.1
0.5
0
1.324
0.2
0.6
1.224
1.1
0.1
1.224
0
1.224
1.224
0
0
0
0
1.224
0.3
1.224
0
1.424
0.1
0
1.3
0
2.448
0
2.624
1.524
2.324
1.924
1.224
0.6
1.624
1.424
0
1.224
1.224
0.1
0.4
1.224
1.224
0
0
0.1
1.224
0.1
0
1.224
0.4
0.3
1.224
1.524
1.424
0
0.1
0
1.224
0
0
0
2.124
1.224
1.324
0
1.224
1.224
1.324
0
2.324
0
1.424
2.124
0
1.224
2.448
0.2
1.224
2.548
1.324
1.324
0.2
0.1
1.224
2.448
2.548
1.224
2.548
1.324
1.224
2.244
2.548
0
1.224
0.1
2.4
0.1
0.1
0.5
1.3
0.4
