0.2
0
2.648
3.06
2.548
0
0
1.224
0
0
0
1.224
0.1
0.1
0.2
0
1.836
1.224
1.224
1.424
1.224
1.324
1.224
1.224
1.836
1.224
1.424
1.224
2.648
1.224
1.224
1.224
0.6
0
0.3
0.3
0
0
1.836
0.2
0.1
1.524
0
1.836
1.936
1.224
0
0.1
0
1.224
1.224
0
1.324
1.836
0.1
1.224
0
0
0
1.324
0.2
0.1
1.836
1.424
0.2
0
0
0
1.224
0.2
0
1.224
0.1
0.1
1.524
0.1
0
0
0.1
0
2.548
0
1.224
0
1.936
0
0
1.836
1.224
1.524
0
1.224
0
0
0
1.424
1.224
0
1.224
1.224
1.836
0.1
0.3
0
3.06
0.1
0
0.3
0.2
0
0
0
0
1.224
1.836
0.1
0
1.324
0
0
0.6
1.936
1.224
0.1
0
0
1.936
1.224
0.1
1.424
0.1
1.836
0
0
1.324
0.1
1.324
1.324
1.524
0.3
0
1.224
0
1.224
0
1.836
1.224
0
0.1
0
1.224
0.1
0
0
2.136
0.1
0
0
0.4
0.1
0.1
0
0
0
0.1
1.836
1.324
0
0
1.724
0
0.1
1.224
0
1.224
2.548
1.836
0
1.224
0.1
0.1
1.424
0
2.548
0.1
2.648
1.624
1.324
0.1
2.448
0.2
1.224
0.1
1.324
1.224
1.324
1.224
0.1
0
1.724
0.2
1.224
0
0
0.2
1.836
0
1.524
2.448
1.224
2.448
0.1
1.324
1.836
0
1
0
0.4
1.836
0
0
2.448
1.624
2.448
2.548
1.424
1.224
1.224
2.648
1.224
2.548
2.448
1.224
1.836
4.284
1.836
3.248
1.324
1.836
1.524
1.836
1.624
3.26
1.836
1.836
1.224
0
1.224
1.324
2.136
0
2.036
1.936
1.836
1.324
1.224
0
0.1
2.548
1.324
4.284
0
0
1.936
2.448
0
0.3
2.448
0
2.448
0
0
0
2.548
0.1
0
2.548
0
1.224
0
1.224
0
2.448
2.448
2.648
0.1
1.224
1.224
1.424
1.224
1.324
2.448
0
0.3
0
1.836
1.224
0.1
0
0
1.224
0
1.836
0
0.1
1.836
0
0.1
1.224
0
3.16
1.836
1.224
1.224
1.224
2.548
0
1.224
0
1.424
0
0
0
0.1
0.1
0
0
1.224
0
0
1.824
1.324
1.324
3.06
3.16
0
0
0
0.7
0
0
1.224
0.4
0.1
0.2
3.26
1.224
4.584
0.4
0
1.224
0
0.4
1.4
1.224
1.836
0
0
1.224
1.224
1.324
0
1.224
1.224
1.224
0.2
3.06
2.448
1.936
2.648
2.448
1.224
3.06
3.06
1.224
0
1.724
0.1
0.1
0.1
2.448
2.448
1.324
0
1.224
0.1
2.448
1.524
0.1
1.836
0.1
2.548
3.46
1.324
3.56
1.224
0
0
0
1.224
2.448
4.284
0
1.524
1.224
1.224
2.448
2.448
3.06
2.448
0.3
1.624
1.224
0
1.324
0
0
1.224
1.424
0.1
1.224
2.648
1.224
1.924
0
3.16
1.224
1.224
3.46
4.484
3.06
0
3.26
1.936
4.484
1.224
0
0.1
1.224
1.424
4.284
1.324
1.224
1.324
1.324
4.284
1.224
1.224
3.26
1.324
1.324
0.1
1.224
3.26
1.836
0
0.1
1.224
1.836
4.784
1.324
1.324
1.224
1.936
4.284
1.836
0.1
1.824
0.5
1.224
3.56
0.6
1.836
3.26
2.548
1.424
1.324
1.224
2.036
1.424
3.06
0
0
0
1.224
1.836
2.448
3.16
1.224
1.224
0.1
1.224
4.284
4.284
0
0
1.224
1.424
2.448
2.448
0.2
3.16
2.036
0
1.836
1.224
4.384
3.56
1.224
0
0
2.648
2.548
1.224
2.448
4.284
1.224
3.06
4.284
0
0.6
1.224
0
3.06
1.224
2.648
3.56
1.324
1.224
0
2.448
2.648
2.648
1.324
0
2.548
0
0.1
1.224
0
1.424
1.224
1.224
0.2
3.06
1.224
4.484
2.748
3.16
0
0
0
4.384
1.224
0
1.936
1.224
2.448
1.224
0
1.424
0
0.1
0
0.2
1.224
0.3
3.26
1.224
2.448
1.224
0.1
1.224
3.06
1.224
0
1.324
1.224
1.224
0.7
1.324
1.224
3.06
0
1.836
1.224
2.448
0
1.224
3.06
1.324
2.448
0
2.036
0.1
0
1.224
1.224
0
2.448
0
1.224
1.224
0
2.448
1.224
1.624
1.324
1.224
1.224
0
1.324
3.26
0.1
0.1
2.136
1.936
1.836
0.5
2.548
2.448
1.324
1.836
0
3.16
1.224
3.16
4.684
2.448
1.936
1.936
3.16
1.836
3.36
3.06
1.224
4.284
1.224
1.836
3.06
1.424
4.484
0
0
3.16
1.324
0
1.936
1.224
3.06
0
0
0
2.036
1.224
2.448
1.224
4.384
1.224
0
2.548
1.836
2.648
3.06
0
1.224
0
3.06
2.448
0
2.448
3.16
2.448
2.648
3.26
1.836
2.448
1.224
3.16
2.548
1.936
3.26
1.324
0
4.384
1.324
1.224
2.548
3.06
0.1
2.448
1.936
1.224
1.224
1.224
1.836
1.224
0.1
3.06
2.448
2.448
3.36
1.224
1.224
2.548
0
0
1.324
3.06
0.1
4.384
0
2.448
1.224
0
0
1.224
2.548
1.224
1.324
0
2.548
4.896
0
0
1.836
0
1.324
4.284
1.424
0.7
1.324
1.936
4.284
1.224
4.284
3.06
4.284
3.26
1.324
2.448
1.836
3.16
1.224
3.16
2.548
2.448
3.06
3.06
0
0
3.16
1.524
1.324
2.548
1.324
2.548
0.8
2.548
0
0
0
2.448
1.224
0
1.224
1.224
1.224
1.224
1.324
1.324
2.448
0
1.224
1.224
0
2.448
2.448
2.448
0
3.06
3.06
2.448
0
1.324
4.284
1.224
1.324
0
1.424
1.524
1.224
4.484
1.224
1.824
1.936
2.448
0
1.324
1.824
2.548
0
3.06
1.324
1.224
0.1
1.424
0
4.484
2.448
0
2.448
4.284
4.384
2.648
1.324
1.224
1.224
2.448
1.224
1.524
2.548
4.284
1.936
2.448
0.1
1.836
0
0.1
2.548
0
0
3.16
4.284
0
4.284
0
0
0
0
1.836
0.1
1.224
2.548
2.548
1.224
2.448
1.224
0
1.224
1.324
1.224
2.548
2.448
1.836
2.448
2.548
0
0
1.324
1.224
1.424
1.424
1.224
3.26
0.1
0
2.748
0
2.448
2.548
1.224
4.284
4.284
1.424
4.484
2.136
1.836
0
4.284
1.224
3.06
1.324
1.324
1.224
3.06
1.224
0.3
1.324
3.16
2.948
2.448
0.2
1.836
1.224
1.224
0.1
0
1.224
0
0
1.936
1.224
0
0
1.524
3.16
3.16
0
0.1
3.06
3.06
0
1.424
2.448
0.2
2.748
1.224
0
0.2
1.224
4.484
4.384
1.224
2.448
3.16
2.448
1.224
2.448
2.848
1.324
2.848
2.548
1.324
1.836
4.384
2.448
1.324
2.448
2.548
2.448
1.324
1.224
1.224
4.384
1.224
2.448
3.06
4.284
4.284
4.284
2.448
1.724
1.224
2.448
0
0
0
1.836
1.324
3.26
1.224
4.284
2.748
2.448
1.324
1.224
1.224
4.08
2.344
4.18
2.244
1.524
1.324
2.448
1.324
1.324
1.224
1.324
1.324
1.324
1.224
3.16
0
2.648
1.836
2.548
2.648
1.224
3.06
2.548
2.448
2.648
1.424
1.836
1.836
2.748
4.996
1.224
4.484
4.584
4.384
1.936
1.224
1.224
2.244
1.12
2.444
9.84
1.12
2.244
2.856
1.42
1.02
1.22
1.02
3.468
4.08
3.36
2.448
0.2
0
0
1.224
0
0.2
1.424
0
0
3.06
0
0
1.224
0
1.424
1.224
0.1
1.324
0
0
2.444
0
0
0
1.224
1.224
0
1.324
0.3
2.036
1.224
0
0
1.224
1.324
1.324
1.424
2.524
0
1.324
0
1.324
0.3
1.324
0.1
0
1.724
1.224
0.1
1.836
0
1.224
2.448
1.324
1.224
0.1
0
0
0
0.2
0
0.1
1.224
1.224
0.1
1.324
1.224
0
1.324
1.224
1.224
0.1
2.548
1.324
1.324
0
0
2.448
1.224
1.224
1.224
1.224
1.224
0
0
1.324
1.224
1.224
0
1.224
1.836
1.324
0.1
1.224
2.548
0
0
0
0
0
0
0.2
1.424
1.224
1.224
0
1.424
1.224
1.224
1.224
0
0.1
1.224
0
1.224
1.224
1.524
1.324
1.224
1.424
0.2
1.224
1.224
0
1.224
1.224
0
0
0
1.224
1.224
0
0
0
1.224
0
1.224
1.224
1.224
0.2
0
1.224
0
0
1.224
1.324
1.424
1.224
1.524
1.424
0
1.224
0.3
0
0
1.224
1.424
3.06
1.224
1.224
0.2
0
0
1.224
0
1.836
0.2
0
1.224
1.224
1.224
0.1
1.324
1.324
0
3.06
1.224
0
1.324
0.2
1.224
0.2
0
1.224
0.1
0.1
1.324
1.324
1.324
2.448
1.224
1.424
0.5
1.224
0
1.324
0
1.224
1.224
0
0
0
0.1
0.1
0
1.224
1.224
1.324
1.224
1.524
0
2.448
1.224
1.224
1.224
0
1.224
1.224
0
0
1.224
0
1.224
1.324
1.224
1.424
1.324
0.2
1.224
0.2
1.324
0
0
0
1.224
0.6
0.1
0
0.1
0
0
1.224
1.224
0.1
1.624
2.648
0
0
0
0.1
0.1
1.224
0
1.324
0
0.2
0.1
1.224
1.324
1.224
0.2
1.224
1.424
1.224
2.448
1.524
0.1
1.324
1.224
1.224
1.224
1.224
1.324
1.224
1.224
1.224
0
1.224
0
0
1.324
1.224
1.224
1.224
0.1
0
0
0.1
0
0
1.424
0.2
1.224
0.1
1.424
0.1
0
1.224
1.624
0
0
0.1
2.448
0
1.224
1.224
1.424
0
1.224
0
1.224
0
1.224
0
1.224
1.224
1.224
1.224
1.324
0.2
1.424
0.1
0.1
0
1.324
1.224
1.224
0.2
1.324
1.224
1.524
0
0
0
0
1.224
1.324
0
0.1
1.224
0
0
0
0
2.448
0
0.1
2.648
1.324
1.324
1.224
0.1
1.224
1.324
1.524
1.324
0.2
0
1.224
0.2
0
1.224
0
1.224
1.224
2.448
0
1.224
1.324
2.448
1.224
1.224
0.1
2.548
0
0
1.424
1.224
0
1.224
0.1
1.224
0.1
0
1.836
1.224
1.524
0
1.524
1.224
1.224
0
1.224
1.936
0
0
2.548
0.1
1.424
1.224
0.2
3.16
0.1
0
0
2.448
1.224
0.1
0
1.324
1.324
0
0
1.324
0
0
0
0.1
0
1.324
1.224
0.1
0
1.224
1.224
1.224
0
1.224
1.724
1.324
0
1.224
0.1
0.1
1.224
0
0
2.548
1.224
2.448
0
1.224
1.224
0.2
1.224
1.324
0.3
0
1.224
0.2
0
1.324
0.2
0.1
1.324
0.1
1.224
0.1
1.224
1.224
1.224
0
1.224
2.448
1.224
1.224
1.224
1.224
0
1.224
1.324
0.1
1.224
0
0.1
1.224
0
1.224
0
0.1
0.3
0.4
1.224
0
0
1.224
0.2
1.224
0
1.224
0.4
1.324
0
0
1.224
0
0
1.224
0
1.224
0
0
0.1
0.1
0
1.224
0.3
0
0
1.324
0.3
1.224
0
0
1.224
0
1.224
2.448
1.836
0
0
0
1.224
1.424
1.224
0
1.224
0
2.448
0.1
1.324
1.224
2.448
1.224
0
1.224
1.424
1.424
1.224
0
1.324
2.448
0
0
1.224
0.1
0.1
1.224
1.324
0
1.224
0
1.624
0
1.524
0
1.224
1.224
0
0
1.224
1.324
1.424
0
1.224
0
0
0.1
1.324
1.224
0
0.2
1.324
2.648
0.2
1.224
0
0
0.1
1.324
2.748
1.224
1.324
1.324
0
0
0
0
1.324
0
0
0
0.1
1.324
1.324
1.424
1.324
1.224
1.224
2.448
1.224
0
2.448
1.224
0
0.1
0
2.448
2.448
0
1.224
0.1
0
1.224
1.224
0
1.224
0
2.448
0.1
0.5
0
0.1
0
0.3
1.624
2.448
0
0
3.048
1.224
1.936
2.448
1.224
1.224
0
0
0
0
0.1
2.748
0
0.1
1.324
0
0.1
2.448
0
1.324
0
1.424
1.224
1.324
0
0.1
0
0
1.324
1.224
0
1.224
0.3
1.224
1.224
1.224
0.8
1.324
1.324
0
1.224
0.2
1.224
0.2
0
1.524
1.224
0
1.424
0.1
0.1
0
0
3.46
0.1
1.224
1.324
3.048
1.324
1.224
1.224
0.1
1.324
0
1.324
1.224
0
1.224
2.548
1.324
1.224
0
1.224
1.424
0.1
1.424
0.1
1.224
0.1
1.224
0.1
0
1.424
1.324
0
0.2
0
1.224
1.224
1.224
1.424
1.324
1.224
1.224
0.2
0
0
1.324
1.224
1.524
1.224
0
1.224
0.1
1.224
0
1.224
0.1
0.2
1.324
0
1.624
1.324
1.224
1.224
1.224
1.324
1.624
0
1.524
0
1.424
2.548
2.448
3.06
1.324
1.02
2.244
0
1.324
0
0.2
0.1
1.324
0.1
0
1.224
0.1
0.2
0
0.6
0
3.16
0
0
0
3.06
0.1
0
1.424
3.06
1.224
0
1.224
3.06
0
0
1.924
0
1.224
1.836
1.324
3.26
1.1
1.724
1.836
0.4
2.948
2.448
0
3.16
3.06
1.936
2.036
1.324
0
0
1.224
0
1.224
1.836
1.224
2.548
1.936
0
2.448
1.324
3.06
1.424
1.424
1.224
0
1.836
1.524
0.1
1.224
2.448
2.448
0
1.224
1.324
1.224
0.1
4.484
1.324
1.224
1.524
1.836
0
1.224
1.836
2.548
2.448
1.424
4.284
0
1.324
2.548
3.16
2.448
3.06
2.548
0
2.448
2.856
1.224
0
0
2.036
0.7
0
0
0
1.524
0
