0.9
1.924
3.6
2.424
0.7
0.2
1.524
1.324
0.1
1.224
1.924
0
0.5
3.724
3.724
1.224
0
1.324
1.224
1.824
0
0.2
0
1.224
2.324
1.324
1.524
0.8
1.424
0
1.224
0
3.6
0.1
0.5
0.5
0.2
0.1
0.1
0.7
0.2
2.6
0.1
0.1
0.3
0
0.3
0.6
0.4
0.2
0.1
0
0.7
0
0.1
0.1
0.1
0
0.1
1.2
2.7
0.6
0.1
2.824
1.4
0.4
0.1
0
0
2
0.8
0.7
0.3
0.4
3.9
2.724
0
2.024
0
0
1.4
0
0
0.1
0.1
0
0
0
0
3.124
0
0.1
0.1
0
0
0.3
0.4
0.1
1.524
1.324
0.1
1
1.1
0
0
0
0
2.4
0.1
0.2
0.8
0
0
0
0
1
0.3
0.2
0.1
0
6.4
0
1.424
0.8
0.1
0
0.1
0
0
1.3
0.5
0
0.1
0
0.2
0.8
0.2
0.1
0.6
1.1
1.424
1.324
0
0.6
0.1
0
0
0.2
0.1
0
0
0.2
0.1
0.2
1.5
0.9
0.3
0.3
1.5
0.2
0.1
0
0
0
0.2
0.1
0
0.2
0
6.424
0
1.4
0.1
0
0.3
1.5
0
0
0.3
0.8
0.4
0.7
1.324
0.1
1.4
0.5
1.6
0.1
0.2
0.3
2.124
0.8
0.4
1
0.2
0.6
0
0.3
0
0.9
0.4
0
0
0.5
2.7
0
0
1
0.5
0.1
0
0.1
4.124
0
0
4.8
0
4.024
0
0.1
0
0.3
2
0.1
0
0.3
0
0.1
1.2
0
2.324
1.224
0
0
0.3
0.1
5.6
0.3
0
0.6
0
1.4
0.8
0.1
0
0.1
1.224
0
0
6.824
0.1
0
0.1
0
0.2
0.1
0
0.9
1.824
0.4
0.2
0
1.624
0.7
0
0
3.424
0
0.1
0
0
0.3
0.1
0.2
1.9
0
0.2
0.1
0.2
0
0
0.1
0.7
1.224
0.3
0.2
0.2
0
0.2
0.3
0.1
0
0
2.1
1.324
0
0.2
0.2
0.2
0
1.924
0.1
0
2.024
1.624
0
0.8
0.4
1.524
0.4
0.4
0.1
0.1
1.224
1.224
0.3
0
0.3
1.224
0.2
0
1.724
0.3
0.9
0.9
0
0.1
0.1
1.524
0
4.024
1.324
0
2.424
1.524
0
0
1.324
2
1.324
0
0.1
4.3
0.2
0.8
1
0.3
0.6
1
0.2
0.2
0.2
2.2
5.1
1.324
0.2
0
0
1.324
1.2
0.5
1.424
0
0
0
1.624
0.2
0
1.524
0.1
0
0
0.3
1.224
1.224
0.1
2.1
1.324
1.424
1.824
1.724
4.224
0
0
1.224
0.4
0.1
1.2
0.3
0.4
1.424
1.524
5.124
0
1.824
0
0
0.6
0
1.224
0.1
0.1
0
0.3
0.1
0
0.1
0
0.4
0.1
5.124
0.4
0.8
0
1.324
0.2
0.4
1.324
0.4
0.1
0
1.924
0.5
3.624
0
0.3
1.224
0.1
1.3
0.5
1.324
0.5
0.1
0.8
0.8
2.224
0
1.5
0.3
1.524
1.224
1.624
1.324
0.1
1.424
0
0
0
1
0.2
1.724
0
1.224
0.9
0
0.1
2.724
0.1
0.1
4.224
0.7
0
0.1
1.8
1.724
0
0.2
4.2
1.4
1.224
1.3
2.7
0
0.5
2.624
0.3
2.624
0
0.2
1.5
0.1
1.224
0
0.1
1.924
0
0.1
2.324
2.124
0
0
0
0.2
0.3
0.3
0
1.224
0.1
0.8
0.1
1.424
0.3
0.8
0.1
1.324
0.2
0.1
2.3
1.224
0
0
0.4
0
0.1
0
0.2
1.424
0.1
1.424
0
2.4
0.2
0
0
1.324
0.4
2.7
0
0.1
0
0.1
0.8
1
0
0
0.4
0.1
0.2
0
0.6
2.424
0
1.524
0.2
2.024
0.2
0.8
2.424
0.2
0.1
0
2.124
0.1
0.5
0
0.4
0.1
0.7
0.3
0.1
1.724
0.1
0.1
0
0.1
0
0.9
0.5
0.7
1.324
1.224
1.624
0
1.424
0.2
0
0
0
0.1
2.3
0.8
0
0.2
1.324
0.1
0
0.1
0.1
1.324
0.2
1.924
1.424
0
2
0.1
0
0.2
0
0.1
0
0
1.324
1.624
1.224
0
1.924
2.624
0.6
1.324
1.224
0.2
0.4
1.9
1.324
1.324
1.9
0.1
0.3
2.7
1.724
0
1.424
0.2
0.4
0.3
1.224
1.924
0.9
0.3
0.2
1.524
0.1
0.2
0.1
0.3
0.3
0.2
0.1
0.1
0.1
2.124
0.5
1.224
0
0.4
0
0.1
1.6
1.224
1.924
0
0
0
0.8
0.2
0
1.724
0.2
1.224
1.524
1.6
0.2
0.6
0
0.4
0
0
0.5
0.4
0
0.1
0.2
0.1
0.3
2.024
0
1.224
1.724
2.324
0.9
0.1
1.424
1.9
0
0.3
1.224
0.1
2.524
0.2
1.724
0.5
0.1
0
0.3
0.1
0.5
1.424
0.9
0
0
0
0.3
1.424
0.4
0.1
0.4
0.1
0.7
0.6
0
1.324
0
0
1.424
0
0
1.524
0.6
1.824
1.224
1.324
0.1
0.3
0.1
0
0
0
0
1.324
0.2
4.224
0.1
0.5
0.2
1.224
0
0.1
0
0.5
1.624
0.2
0.4
1.1
0.3
0
0.7
1.224
0
0.6
0
0.3
0.4
0.7
0
0
0.1
0
6.524
1.2
1.924
0.3
2.724
0.2
0
0
0
0
1.224
0.5
0.1
1
0.4
0
1.224
0
0
0.1
1.624
0.4
0
1.424
1.224
0.3
0.3
0
0.1
0
1.724
0
2.624
1
0.3
0.3
1.424
0.4
0.2
0.2
0
0.6
2.5
1.424
0
1.224
0
0
0
0.5
0
2.224
0.1
0
0.6
0
1.324
0.3
1.224
0.1
0.1
0
1
1.224
0.2
1.324
0.2
0.1
1.324
0
0
0
1.824
0
0.1
0.7
0.2
1.324
0.1
1.224
0
1.424
0
0
0.1
1.424
0.4
0
0
0
0.1
0
1.524
0.1
0.1
0.8
0.2
0
0.3
1
0
0.1
0
0.1
0.5
0.5
1.624
0.8
0.6
0
2.1
0
0.2
0
1.324
0.2
0
0
2.5
2.6
0
0.1
0
1.224
0.3
0.3
0.2
0.2
0.1
0
0.7
1.424
0.1
0.9
1.224
0.6
0.1
1.624
0
1.324
0
0.3
0.1
0.1
0.5
0
0.1
0.2
4.124
0.8
0.3
0
2.024
0
0
0
0.8
1.324
0.7
0.8
0
1.824
0.2
1.224
3.124
4.024
0.4
0
1.324
0.3
0.6
0.1
2.2
0.2
3.124
0.7
0.7
0.2
2.124
0
3.224
0.1
1.424
1.924
0.2
0
0
0.4
0.1
0.2
0
0.4
0.7
0.2
0.5
1.7
0
0.2
0
0.1
0
1.524
1.624
0.7
2
1.824
1.924
0
3.924
1.224
0
1.02
1.32
1.52
2.344
2.224
1.924
0.1
0.5
0.2
0.2
0.7
0.3
0.5
0
0.1
0
0
0.1
0.2
0.9
0.4
0.3
0.2
0.1
1
0.4
0
0
1.6
0.9
0
0.6
2.7
0.9
2
1.324
1.224
1.02
1.32
2.92
1.42
1.12
1.02
1.02
19.244
1.02
2.32
1.02
1.12
1.12
1.1
0
0.7
0
0.7
0.1
0.2
0.5
0.4
0
0
0.1
0
0.1
1.324
0
4.724
0
0.8
0.2
0
0
2.02
0
1.224
1.224
0.1
0
1.524
2.724
0.2
0.7
0
1.324
1.724
0
0.1
0.1
0.3
5.9
0.1
0.2
0.3
0.4
4.524
0.4
2.024
0
1.4
0.5
0.5
1.324
0
0.1
0
2.1
0.2
2.2
0.1
0.2
1.224
0
0.1
0.4
0.2
0.1
1.5
0.1
0.6
1.424
0.4
1.524
0
0.5
0.4
0.2
0.1
1.324
0
0.3
0.2
0.3
1.524
0
0.3
1.824
0
2.8
1.624
0.4
0
0.6
1.424
1.8
0.5
0
0.3
0.7
0.5
0
0
0.3
0.1
1.2
0.4
0.1
0.1
1.224
2.4
0
0.1
0
0
0.1
0.2
1.3
0
0.2
1.3
0.3
0.1
0.3
1
0.1
0.2
0.3
0
0
0
2.324
1.524
0.2
0.5
0
0
0.2
0.1
0
0.1
0
0
0.7
0.2
0
0
0.3
0.2
1.424
0.2
0
0.4
2
0.9
0
1.7
0.1
0
0.5
1.4
0.2
0.5
0.1
5.424
0.1
1.424
1.424
1.424
0
0.8
2.824
0.2
0
1.324
1.424
0.2
0.1
0
0.1
0
0
0.3
4.724
0
1.4
1.224
0.2
0.2
0.4
0.6
0.2
0.6
0.2
0.2
0.1
4.7
0.1
0
0.4
0
0.2
0.1
0.1
0.3
0.6
1.4
0.1
0.1
0
1
0.2
0.3
2.2
0
1
0.3
0
0
0.1
0.3
0
0
0
0.2
1.424
0.1
0
0.1
0.6
0.3
0.5
1.1
0.5
0.6
2.124
1.324
1.324
0
4.5
4.224
1.324
0
0.6
1.224
0.1
0.2
0.2
1
0.9
0.1
0.2
0.1
0.5
0.5
0.5
0
1.1
0.1
1.2
2.1
0
0.3
0
0.1
0
0.5
0
0
0.1
0.5
0.2
0
0.4
0.7
0.8
0.8
0.1
0.2
0.1
0.1
0
1.724
1.324
0.1
0
0.4
0.6
0.1
0.2
0.1
1.1
0
0.1
3.224
3.024
1.224
0.9
0
0.8
0
0
2.5
1.924
1.424
0.1
0
0.2
0
0
0.4
0.1
0.3
0.2
0.1
0.1
0
0.4
1.224
0.1
0
0.2
0.2
1.8
0.4
0.2
0
0.2
0.6
0.3
0.1
1
0
0
0.3
1.2
0.7
1.324
0.3
0.3
0.2
1.424
1.924
0.5
1.4
0.2
1.624
1.324
0.1
0.1
0
0.4
0
0.5
0.2
0.3
0
0
0
0.1
0.2
0.7
0.4
1.1
0
0
0
0
0.4
1.224
0
0
0.1
0
0
0
0.1
0.8
1.324
0.5
0.8
0.4
0.2
0.2
0.9
0.3
0.9
0.3
0.1
0
0.6
1.824
1.7
0.4
0.7
0
0
0.4
0.6
0
0.7
1.924
0.5
0
2.2
0.6
2
1.524
0
0.8
0
2.424
0.2
0
0.3
0.1
0.4
0
0
0.2
1.624
0.3
0
0.2
0
0.2
0
0
0.2
0
1.524
0.5
5.224
0.2
0.7
2.824
0
0.3
0.4
0.7
0.5
0
0.1
0.3
1.224
1
0.5
2.124
0.1
0
1.3
0
0
1.4
0.1
0.3
2
0.2
0.2
0.5
0.6
0.3
0.1
0
1.2
0
0
0.7
0.2
0.1
0.2
0.1
0
1.2
0.3
0
0.1
0
0.3
0
0.3
0
0
0.2
1.4
1.8
0
0
1.924
0
0.1
0.1
0
0
1.7
0.2
0.2
0.3
0.3
0.2
0.3
0.1
0.1
0.6
0
0.2
1.524
0.2
1.324
0
2.3
0.1
0
0.9
3.224
0
0
0.5
0.2
0.3
0
0.1
0.3
1.324
1.224
0
0.2
4.124
0.1
0.1
0
0
0.2
0.2
0.1
0.5
0.1
0
0
1.324
1.1
0.5
1.324
0.2
0
0.5
0
0.1
0.2
0.1
0.1
0
0.1
0.7
0
1.1
3.2
1.624
0.2
1.724
0
0
0.4
1.724
0.2
0.1
0.2
1.224
0.1
2.624
0
0.7
0.6
1.224
0
1.2
0.2
0.4
1
0
1.224
0
0.2
0.3
0.2
0.3
0.2
0.1
0
0.2
0.4
0.2
0.6
0.2
1.224
0.4
1.4
0.1
2.2
2.1
0.1
0
0.3
0
0
0
0.3
1.224
1.324
0.2
0
0
0
0.2
0.3
0.1
1.224
0.1
0
0.1
0
0.1
0.7
0.6
3.7
0.4
0.2
1.624
0.4
3.7
0.1
0
0
2
0
0.1
0.3
0.3
0.3
0.2
1
0.1
0
1.624
1.1
0.8
1.924
2.624
0.2
1.9
0.2
0.2
0.1
1.324
0.2
1.924
0.1
0.4
1.924
1.324
1.224
0.1
0.1
0.1
0
0.3
0.8
0
0.3
8.224
0.4
0.2
0.2
1.624
1.1
3.7
4.324
0
0.9
0.1
0
2.624
0.2
0.8
0.8
0.4
0.9
0.2
0.2
0.9
3.4
0.1
0.5
0
0
0.8
0
0.9
0
0
0
0.9
0
0.6
0
0.2
0.4
2.124
0.7
0.2
0.1
1
0.2
0
0
1.5
1
0
0.4
0
0
0.2
0.2
1.3
0
1.1
0.4
1.5
0
0
0.1
0.4
1.1
0.1
0.1
0.5
4.624
0
0.4
0.3
0.8
0.3
0.3
0.2
1.6
0.5
0.2
0.2
0.7
0.8
0.9
0.1
0.7
0
0.5
0.2
0.3
0.1
0
1.02
1.22
1.424
0.6
1.324
0.1
0
1.924
2.524
0.2
0.1
2.424
1.2
0
2.9
1.724
0.1
0
0.1
0
1.324
0.2
0
2.224
0.1
1.824
0
1.424
0.4
1.524
0
6.624
0.5
0
0
5.024
1.4
3.2
1.6
0
3.2
0.5
1.324
0
0
0
1.224
2.224
0
0.1
0.2
1.224
0.5
1.324
0
0.1
0.1
0.2
2.824
0.1
2.324
0.5
0
0.2
1.324
0
0
0
0
3.824
0
0.1
0.2
0
1.224
0
0.2
4.424
0
0.8
0.4
0.1
0
0
0.2
0.1
0.1
0.4
0.3
0.3
0.4
0.1
0.2
0.2
1.224
0.4
0.5
1.324
2.244
0.1
0
0.2
0.1
5.3
0
0.1
2
3.924
1.2
