1.824
0.1
2
0.6
1.324
0.2
0.1
0
0.1
0
0
0.1
1.324
1.6
1.6
0
1.224
0
0
0.1
0.1
0.2
0
0
0.4
0.3
1.724
0.2
0.1
0
0
0.1
4.7
0.1
1.424
1.4
0
0
0.1
0.1
0.2
3.324
0
0
0.1
0
1.924
1.624
0.1
0.4
0
0
0.6
1.324
0.2
0.1
1.324
1.324
0
0.9
4.624
2.724
0.1
1.5
3.124
0.4
1.224
1.424
0.3
4.124
0.5
2.724
1.224
0.1
4.624
0.5
1.324
0.4
1.324
0
1.4
1.224
0
1.324
0.1
1.224
1.224
0
0
2.524
0
0.1
2.448
1.224
1.224
0.2
0.1
1.324
0.2
0
0.1
1.824
2.724
0
1.224
0
1.224
1.6
1.324
0.2
2.948
2.748
0
1.524
0
0.3
1.224
1.224
0
0
7.124
0
0.1
2.024
1.724
0
0.1
0
0
2.024
1.824
0
1.524
0
1.424
0.7
0.3
1.424
0.2
2.124
0
1.324
1.324
0.2
1.224
1.224
0.1
1.824
0.2
1.224
0.2
0.2
0.1
1.324
0.6
1
3.448
0.2
2.324
0.1
0.2
1.324
0
2.448
1.424
1.224
0.1
1.224
1.624
4.5
1.324
2.324
2.448
0
2.448
0.7
1.224
1.324
0.2
0.3
0.3
1.924
0.2
1.324
3.024
2.224
0.9
1.324
1.524
1.424
0.3
0.3
0.2
1.724
1.324
0.4
0
1.424
0.1
1.3
1.724
0
1.224
1.424
2.7
1.224
0.1
0.5
0.2
0.1
0
0.3
0.4
1.324
0
8.448
0
4.948
0
1.224
1.224
0.1
1.2
0
0
0.1
0
0
0.4
1.224
0.3
0
1.524
0
0
0
5.524
0
1.224
0.2
0
1.5
0.3
0
2.448
0
2.548
1.424
0.1
1.2
0
1.624
1.424
1.224
0.3
0
1.224
2.924
0.3
0.2
0.1
1.224
0.1
0.4
0
1.224
0.9
0
0
0
0
0
0.1
0.2
4.624
0.3
0
1.324
2.448
2.448
2.448
1.324
1.724
0
1.324
0.1
0
0
1.424
0.2
0
0
1.224
4.224
0
1.224
0
1.924
1.424
1.424
0.2
2.448
0.4
0.5
0.7
1.224
2.424
1.424
0
1.524
1.324
1.224
1.224
0
0.1
0.2
0
1.424
0
1.524
1.324
0.2
2.024
2.124
1.824
0.1
1.224
0
0
1.224
2.5
1.324
0
0.8
0.1
1.224
0
0
4.024
0
2.448
0
5.224
2.948
0.6
0.6
0.3
0
3.424
2.548
1.524
2.848
4.324
8.448
0
0.1
0
2.648
0
2.124
0.6
0
0.1
0
1.224
0.1
0.1
0
0.1
0.1
0
0.1
0
0.1
0.1
1.324
2.724
0
0
0
0.4
1.3
0.1
1.224
0
0.4
0.3
0.9
0.1
0
0
0
2.3
1.324
0.4
0.1
0
0.3
0
0
0.3
0.1
0
1.624
1.324
0
1.324
1.224
0.1
0.2
2.1
0.5
1.424
0
0.4
1.424
0.1
0
2.948
1.424
0
0.1
0.5
0.6
1.424
0.1
0
1.224
0.4
0.3
1.424
3.048
0
0.3
0.2
0.5
0.2
4.948
0.2
1.324
0
1.524
1.224
1.224
0.2
0
1.224
1.324
0.3
0.1
0.1
0.1
0
1.624
1.424
0
0.8
1.324
1.324
0.8
0.2
1.324
0
0.9
0.2
1.324
0.2
3.2
2.124
0
0.3
4.8
0.1
0.6
0.9
0.8
1.2
1.224
0.4
0.4
1.424
0
0
0.4
0.1
0.1
1.224
0.8
0.4
1.224
0.1
1.224
0.1
1.324
0.2
0
0
0.1
0.6
0.1
0.2
1.524
0.3
1.224
0
1.224
0.1
0.8
0
1.224
0
1.424
0
0
0
1.224
0.1
0
0.1
1.224
5.648
0
1.224
0
0
0.5
2.524
1.224
0
0
0
0.6
0.6
0.1
0.1
1.424
1.224
0.3
0
0.7
0.5
1.324
1.724
0
0.2
0.1
0.6
0.4
1.424
0
0
0.1
0.3
0.1
0.2
0
0
0.7
0
0
1.524
0.2
1.224
1.224
3.348
0
1.524
0.4
0.3
0.1
0
0.1
1.224
0.1
0.3
0
0
0
0
3.4
0.4
0
1.224
0
0.2
0.2
0
0
0
0
0.1
0.1
2.448
0.7
0.1
1.224
0.1
0.4
0.1
0
1.224
0
1.724
0
0.2
0.1
2.424
0.1
0
0
0
1.224
0.4
1.224
0
1
0.1
0
1.5
0.1
0
0.1
0.2
0.5
1.324
0
0.3
0.4
0.2
0
0.2
1.224
0
0.1
1.324
0.1
0.1
0.2
0
0
0.1
0.2
0
1.224
1.624
0
1.324
0.8
0
0.3
2.448
0
0.1
0.5
0.1
0
0.1
0.2
0
0.1
0.9
0.1
0.3
0
1.324
1.224
0
0.1
1.424
0
0
0.1
0.2
0
1.724
0
1.224
0.2
0.3
0.4
0
0
0.6
0
0.1
0
0
1.524
0.1
0.3
0.1
0
0
1.424
0.2
0
1.224
0.2
1.224
0
0
0
0.1
1.624
2.448
0.6
0.1
0.3
0.2
0
0.3
1.224
0
0.3
1.224
1.424
0
0.4
0.2
0
0
0.1
0
1.324
0
0.2
0
0
0
0.1
4.424
0
0.2
0.3
0
0
1.224
0
0.5
0.2
1.424
1.624
0.5
3.248
0.1
0.2
0.1
1.224
0.1
1.224
0.1
0.2
1.524
1.324
0.1
0.1
1.224
4.1
2.1
0.2
1.524
1.624
1.324
1.224
0
0
0
0.1
0.4
1.224
0.4
0.2
0
1.224
0
0
0.1
0
0.1
0
0.1
0.1
0.2
0.1
1.224
0
0.1
0.6
1.224
0.6
1.5
0.2
0.2
0
1.424
0.1
1.524
1.324
0
4.924
0.1
1.424
0
0.2
0.1
0
3.948
1.224
0.1
0.2
1.224
1.424
0
0
0.2
0
0
0.1
0
0.3
0.1
1.424
0
0
1.224
0
0.1
1.224
0.1
0.3
1.224
1.224
1.324
0
0.1
0
0
0
0
0
0
1.324
0
0.2
0.3
1.424
1.224
0
0
1.324
1.224
1.224
0.4
0
0
0.1
1.824
2.548
0.3
0.1
0.1
0.1
0.2
0.2
0.5
0.7
1.224
2.324
2.448
1.324
2.448
0.1
1.224
0.1
0
1
2.424
0
0.1
0
0
0.1
0.1
0
0
0.2
0.1
1.724
0
0
0.3
0
0.2
0
0.1
1.224
0
1.224
1.324
0.1
0
0.3
1.424
1.324
1.324
1.1
1.424
0
1.224
0.5
0.1
0
1.224
0.4
1.224
0.1
1.324
0
0.1
1.524
0
0.7
1.1
0.1
1.224
0
1.224
0.1
1.224
4.324
1.324
2.224
1.524
0.3
1.324
0.2
1.224
1.924
1.324
0
0.1
0
0
0
0
0.2
1.324
0.1
0
0.4
0.1
0.3
5.024
1.224
1.624
1.224
0.1
1.224
0.1
0
0.2
1.324
0.2
0.2
0
2.124
0
1.224
1.02
1.02
1.22
2.244
1.524
1.624
0
0.6
1.524
0
1.524
1.324
1.524
0.2
0.1
2.448
1.224
1.324
0
0.7
0.3
0.1
0.3
0
0.9
1.524
0
0.1
2.124
0.6
0.1
0
1.7
0.4
0.5
0.1
0
1.02
2.444
2.844
1.22
2.244
2.244
1.02
2.32
1.02
14.868
1.02
1.12
1.02
2.024
0
1
0
1.424
0.2
0
3.624
0.4
1.224
0.1
0
0
0.1
0.1
0
5.424
0.2
0.4
0.2
1.224
2.548
1.32
1.224
1.224
0
0.1
0
0
1.1
4.148
0.5
0
0
0.1
0
0
0.1
0.2
4.7
1.524
0.2
2.124
0.2
1.9
0
0.2
1.224
0.9
0
1.824
0
0
1.224
0
0.6
0.1
0.7
1.224
0
0.2
1.324
0.1
1.424
0
0.2
0.9
0.1
0.7
0.1
2.648
0.1
0
1.524
0.8
1.324
1.324
0
2.948
1.524
0.3
0.4
1.224
0
0.1
0
1.224
1.7
0.1
0
1.224
0.3
1.324
0.4
1.224
0.1
1.324
0.3
1.924
1.224
1.224
1.224
1.424
3.224
0.4
0
1.224
0
1.524
0.1
0
0
1.224
2.648
1.624
1.724
0
0
0.7
0
0.2
1.224
2.124
0
0
0.1
0
0
1.524
1.524
1.224
0.1
1.424
0.4
1.224
1.224
1.224
2.448
0.1
1.224
0
0.4
1.324
0
2.648
0.5
0.2
0
0.2
1.424
0.2
0.5
2.124
0
1.7
0
1.224
0
0.5
1.324
1.524
1.224
2
1.524
0
0
0.1
1.424
1.824
0.2
0
0
0
0
0.4
0
1.224
0.1
1.224
2.448
0.1
2.124
0
0.4
0
0.4
1.224
1.324
0.2
0.3
1.524
0.1
0
0.2
6.824
0.1
0
1.324
2.448
0.2
0
1.224
1.624
0.3
1.524
1.224
0
0.1
0.4
1.324
0.1
0.4
0
1.524
0.3
0
0
1.224
0
0
0
0
0
0
0
1.224
1.224
1.724
0.1
0.4
1.524
1.724
0.5
0.2
0
0
0
5.124
0.5
0
1.324
1.524
0
1.324
0.1
1.324
0.5
0.3
0
2.448
0
1.224
1.424
1.324
1.224
0.1
0
0.3
3.124
1.224
0.1
0
1.324
1.324
0.5
0
0.1
1.724
0.2
0.2
1.224
0.1
0.7
1.324
0.3
0.2
1.324
1.324
1.324
0
0.2
0
0
0
0
0.4
2.648
0.2
0
0.8
0
0
1.5
0.7
0
1.324
0.2
3.048
1.224
0
1.5
0.1
0
2.448
1.224
1.324
1.224
0.1
1.724
0.2
1.424
1.224
0.4
0.2
0
1.2
1.324
0
0
1.224
0.4
1.2
1.524
0.3
0
1.224
0.5
0.1
0
1.324
0.1
0
1.224
0.3
1.624
0
0
0.1
0.2
0
0.4
0.2
0.5
1.224
0.1
0.2
0
1.224
1.224
1.324
0.2
0.1
0
1.624
1.224
0.1
0.1
0.3
0
0.5
0
0.5
1.224
1.224
1.224
0.2
0.2
0
0.1
0
0
1.224
0
0
1.324
0.5
0
1.324
1.624
0
1.524
0
1.424
0
0.4
1.324
0.1
1.224
0.1
1.324
0.5
0.1
1.424
1.224
0
0.2
0.3
0
0.4
0.2
1.524
0
0.8
0.4
1.5
0
1.324
2.648
1.224
0.8
0
0
0.6
0
0.1
0
1.224
1.324
0.2
2.548
1.224
0.3
0.1
0.2
0
0
0
0.1
0.4
0.4
2.3
1
1.324
0.2
1.424
1.224
1.624
0.5
0.6
0.1
0
1.424
0
0.2
0
0.3
0
0
6.148
1.224
0
0.1
0
1.424
2.024
3.248
1.424
2.748
0.4
0.2
0
0
1.724
1.224
1.224
0.6
0.2
0
1.524
0.1
1.224
0.5
1.624
0
0
1.224
2.648
0
1.224
0
1.224
0.2
0.4
0.8
0
0
0
1.224
0.1
0.1
1.224
1.224
3.224
0.2
1.324
0.1
0.1
0.2
0
0
0
1.524
1.324
1.224
0
0
0.3
0
6.148
1.324
1.224
0.5
1.3
1.224
2.448
0.3
0.1
0.1
0
0
0.2
0.1
0
0.1
1.424
1.7
0
0
0
1.224
0
0.1
0.2
1.324
1.624
0
2.548
0
1.3
1.324
0
0
1.224
0.5
1.224
0
1.324
1.224
2.548
0
0.1
0.4
0
2.324
1.5
0.3
0.4
0.2
0.1
0
0
0.2
2.648
0
0.1
0
0
0.2
1.324
2.124
1.724
0
0.1
0.4
0.3
1.724
0.3
0
0
0.1
0.3
1.524
2.024
1.424
1.324
0
1.224
0
1.624
1.224
0.2
0
0
0.2
0
0
1.524
2.324
0.1
0.3
1.324
1.224
0
0
0.2
0
0
0.3
0
0
1.224
0.1
0.3
1.324
1.224
0
1.224
2.548
0
0
0.2
1.424
2.824
1.524
3.324
0.1
1.424
1.6
1.224
2.448
1.224
1.3
0
0.2
0
0.6
0.3
0.1
0.1
0.1
0.3
0.3
0.9
0.3
0.6
0.2
0.1
1
0.2
0.1
0.1
0
0.5
0.3
1.324
1.724
0.2
0
0
0
0
0
0
0.5
0.9
0
1.224
2
0
0
1.524
0
1.524
1.2
1.1
1.224
0.7
0
0
0.5
1.324
3.548
0.4
0.1
0.6
0.3
0.1
0.4
5.448
0.1
0.4
0
1.324
0.3
0.1
1.924
1.224
0.1
0
0.4
0
0.4
0.1
0.2
2.124
0
0.3
1.324
0.1
2.024
1.524
1.224
0.1
0.9
0.7
0.1
0.2
0.2
0
1.324
2.448
1.624
0
1.424
0.6
1.5
1.224
0
1.224
0.5
1.5
1.224
0.2
0.4
0.6
0.1
1.524
0.1
3.348
1.224
0.1
0
1.2
2.124
1.324
0.7
1.824
0.5
0.7
1.424
0.6
0
1.724
0.2
0.4
0
0
2.244
1.02
0
1.724
1.224
1.224
0
0.1
0.2
0.1
0
0.2
3.1
1.224
5.524
0.3
0.1
0
1.324
1.224
0
1.324
0.4
0.1
1.224
0.4
2.448
0.2
0
0
0
4.6
0.2
1.224
0
0.9
0.1
5.924
1.2
1.224
3.924
0.2
0.4
0.1
0.1
0
0
0.1
1.324
1.224
0
0
0.2
1.224
0.1
0
0
0.2
0.1
0
1.624
0.1
0
0.3
0.1
1.224
0
1.524
1.424
1.924
0.1
0.1
1.324
1.224
0.1
1.224
1.724
1.2
1.224
0.3
0.8
0.1
2.448
1.224
0
0
1.324
0.4
0.1
1.324
1.624
0.2
1.324
1.224
1.324
1.524
1.424
0
2.244
1.424
0
1.224
0.6
5.824
1.724
0
1.5
2.7
0.7
