0
0
2.448
3.16
2.448
0
0
0
0
0
0
1.224
0
0.1
0
0
0
0
0
0
1.224
1.224
0
0
1.936
0
0
1.224
2.448
1.224
0
2.448
0.1
0
0
0
0
0
0
0
0
1.224
0
0.1
0
1.224
0
0
0
1.324
1.224
0
1.224
0
0
0
0
0
0
1.424
0.3
0
0
0.1
0.1
0.1
0
0
1.224
0
0.1
1.324
0
0
1.424
0.2
0
0
0
0
1.224
0
1.224
0
0.1
0
0
0
0
0
0
0
0.1
0
0
1.224
1.224
0
0
0
0
0.2
0
0
1.836
0
0
1.42
0
0
0
0
0
1.224
0.1
0
0
0
0
0
0.1
0
0
0.2
0
0
0
1.224
0
1.424
0
0.1
0.1
0
1.224
1.02
1.224
1.224
1.224
0.1
0
0
0
1.224
0
0
1.224
0
0
0
1.224
0
0
0
0
0.1
0.1
1.02
0
0
0
0
0
0
0
0.1
0
0
0
0.3
0
0
1.224
0.1
1.224
1.224
0
0
1.224
0.2
0
1.224
0
1.224
0
1.524
1.224
1.224
0
1.224
0
1.224
0.1
1.424
1.224
1.324
1.224
0
1.224
0
0
0
0
0
0.1
0
0
1.324
1.424
0
1.224
1.12
0.1
0
0
0
1.12
0
0
0
0
1.324
2.848
2.448
2.448
2.548
2.448
2.448
2.448
2.448
2.448
2.448
1.224
1.836
3.06
0
1.324
1.324
0
1.224
1.836
1.324
3.06
1.224
0
0
0
0
1.224
2.036
1.02
0
0
0
0
1.224
0
0
1.224
1.224
3.06
0
0
0
1.224
0
0.1
1.224
0
1.224
0
0.1
0
1.224
0.1
1.02
1.224
0
1.224
0
1.224
1.224
2.548
2.448
2.548
0.1
1.324
1.224
1.324
1.224
1.224
2.448
0
0
0
0
0
0
0
0
0
0
0
0
0
0
0
0
0
0.1
1.836
0
1.224
0
0
1.224
0
1.224
0
1.224
0
0.1
0
0.1
0.1
0
0
0
0
0
0
0
0
3.16
3.06
0
0
0
0.2
0
0
1.224
0
0
0
3.26
1.224
3.06
0.1
0.1
1.224
0
0.1
0
0
1.836
0
0
0
1.224
1.224
0
1.224
1.224
1.224
0
1.836
1.224
1.836
1.224
1.224
1.224
1.836
3.06
0
0
0.1
0
0
0
1.224
1.324
1.224
0
1.224
2.344
2.448
2.548
2.244
3.06
1.224
2.448
3.06
1.224
3.06
1.224
1.02
2.244
1.224
1.224
2.448
4.284
1.224
2.448
2.448
2.448
2.448
2.448
4.384
2.448
1.224
2.448
1.224
1.224
1.224
1.224
2.244
1.224
1.224
1.224
2.448
2.548
2.448
1.224
1.224
4.284
1.224
2.448
4.484
4.284
3.16
1.224
4.284
3.06
4.284
1.224
2.244
1.224
2.548
1.224
4.284
1.324
1.224
1.224
1.224
4.284
1.224
2.448
4.284
2.448
1.224
1.224
1.224
2.448
1.224
2.244
1.224
1.224
3.06
4.284
2.448
2.448
2.448
3.06
4.284
1.224
2.244
2.448
1.224
1.224
2.448
1.224
1.224
3.06
2.448
2.548
1.224
1.224
1.224
1.324
2.448
1.224
1.224
2.244
1.224
1.224
2.448
3.06
1.224
2.448
1.224
1.224
4.284
4.284
1.224
2.244
1.224
2.448
2.448
2.448
1.224
2.548
3.06
1.224
3.06
2.448
4.384
3.16
1.224
1.224
1.224
2.448
2.448
2.448
2.448
4.284
1.224
2.448
4.284
1.224
1.324
2.448
1.224
4.284
1.224
2.448
4.284
2.448
1.224
1.224
2.448
2.448
2.448
2.448
1.224
2.448
1.224
1.324
2.448
1.224
1.224
2.448
1.224
1.224
3.06
2.448
4.284
2.448
2.448
1.224
2.244
1.224
4.284
2.448
1.224
3.06
2.448
2.448
2.548
2.344
1.224
1.224
1.224
1.224
1.224
2.448
1.324
4.384
2.448
2.448
2.448
1.224
2.448
3.06
2.448
1.224
1.224
2.448
2.448
1.224
2.548
1.224
2.448
1.224
1.224
2.448
2.448
1.324
1.224
4.384
2.448
2.448
1.324
3.06
1.224
1.224
2.448
2.448
2.244
2.448
1.224
1.224
1.224
1.224
2.448
1.224
1.224
2.448
1.224
1.224
1.224
1.224
4.384
1.224
1.224
3.36
1.224
4.08
1.324
2.448
2.448
1.224
3.06
2.344
4.284
1.224
3.06
4.384
2.448
3.06
3.06
4.284
3.16
4.284
2.448
1.224
4.284
1.224
3.06
4.284
1.224
4.384
1.224
1.224
4.384
1.224
1.224
3.06
1.224
4.384
1.224
1.224
1.224
3.06
2.448
2.448
2.448
4.284
1.224
1.224
2.748
3.06
2.548
4.284
1.324
2.448
1.224
3.06
2.448
1.224
2.448
2.448
2.448
2.448
4.284
1.224
2.448
2.448
4.384
2.548
3.16
3.06
1.424
1.224
4.284
1.224
2.448
2.448
4.284
1.224
2.548
3.16
1.224
1.224
2.448
3.16
1.324
1.224
2.448
2.448
2.448
4.284
1.224
1.324
2.448
1.224
2.344
2.448
4.384
1.224
4.384
1.324
2.448
1.224
1.224
1.224
1.224
2.448
2.448
1.224
1.224
2.448
4.284
1.224
2.244
3.06
1.224
1.224
4.284
1.224
1.324
2.448
4.28
4.284
1.224
4.284
2.448
4.384
4.284
1.324
2.448
3.06
2.448
1.224
2.448
2.548
2.448
4.284
4.384
1.224
1.224
4.284
1.224
2.448
2.448
2.448
2.448
1.224
2.448
1.224
1.224
1.224
2.448
2.448
1.224
2.448
2.448
1.224
2.548
1.224
2.448
2.548
1.224
1.224
1.224
1.224
2.448
2.448
2.448
2.244
4.284
4.284
2.448
1.324
1.224
4.284
2.448
1.324
1.224
1.224
1.224
2.448
4.384
1.224
1.324
3.06
2.448
1.224
1.224
1.224
2.448
1.224
4.284
2.448
2.448
1.224
1.224
1.224
4.384
2.448
1.224
2.448
4.284
4.284
2.448
1.224
1.224
2.448
2.448
2.448
1.224
2.548
4.284
3.06
2.448
1.224
1.224
1.224
1.224
2.448
1.224
1.224
4.384
4.284
1.224
4.284
1.224
1.224
1.224
1.224
3.06
1.224
1.224
2.448
2.448
2.448
2.448
1.224
2.244
1.224
2.448
1.224
2.448
2.448
3.06
2.448
2.548
1.224
1.224
2.448
2.448
2.448
2.448
1.224
2.548
1.224
2.244
2.648
1.224
2.448
2.448
1.224
2.448
4.284
2.448
4.384
3.16
3.06
2.244
4.284
1.224
4.284
2.448
1.224
2.548
4.284
1.224
1.324
1.224
4.284
2.548
2.448
1.224
3.06
1.224
1.224
1.224
1.224
2.448
2.244
2.244
3.06
1.224
1.324
1.224
1.524
4.484
2.448
1.224
1.224
3.06
2.448
1.224
2.448
2.448
1.224
2.548
3.468
1.224
1.324
1.224
4.284
4.484
2.448
2.448
3.06
2.448
2.548
2.448
2.648
1.224
2.548
2.448
2.448
1.224
4.284
2.448
1.324
2.548
2.448
2.448
2.448
2.448
2.448
4.484
2.448
2.448
2.448
4.284
4.284
4.384
2.448
1.324
1.224
2.448
1.224
2.244
1.224
3.06
1.324
3.06
2.548
4.284
2.648
2.448
1.224
1.224
1.224
5.304
3.468
5.404
2.244
1.524
1.324
2.448
2.448
2.448
2.448
2.448
2.448
1.224
2.448
4.284
1.224
2.448
1.224
2.448
2.548
2.448
2.448
2.448
2.448
2.548
2.448
3.06
3.06
2.448
1.936
0
1.224
1.324
1.224
1.836
1.224
0
2.244
1.02
2.244
4.08
1.02
2.244
3.876
1.12
2.04
1.02
2.24
2.244
7.124
1.224
1.224
0
0
0
1.224
0
0
1.224
0
0
1.224
0
0.1
0
0
0.1
1.224
0
1.224
0
0
2.244
0
0
0
1.224
1.224
0
0.1
0
1.836
1.224
0
0
0
1.224
1.224
1.224
1.424
0
1.224
0
1.324
0
0
0
0
1.424
1.224
0
1.836
1.02
1.224
1.224
1.324
1.224
0
0
0
0
0
0.1
0.1
0
1.224
0.2
1.224
1.224
0
1.324
1.224
1.224
0.1
1.324
1.224
1.224
0
0
1.224
1.224
1.224
0
1.224
1.224
0
0
1.324
1.324
1.224
0
1.324
1.836
1.224
0.1
1.224
1.224
0
0
0
0
0
0
0
1.224
1.224
1.224
0
1.224
1.324
1.224
1.224
0
0
1.224
0
1.224
1.224
1.224
1.224
1.224
1.224
0.1
1.224
1.224
0
1.224
0
0
0
0.1
1.224
1.224
0
0
0
1.224
0
1.224
0
1.224
0
0
1.224
0
0
1.224
0
1.224
1.224
1.224
1.224
0
1.224
0
0
0
1.324
1.424
1.224
0.1
1.224
0.2
0
0
0
0
1.836
0
0
1.224
1.224
1.324
0
1.224
1.224
0
1.224
1.224
0
1.224
0
1.224
0.1
0
1.224
0
0.1
1.224
1.324
1.224
1.324
1.224
1.224
0.1
1.224
0
1.224
0
1.224
1.224
0
0
0
0.2
0
0
1.224
1.324
1.224
1.224
1.224
0
1.224
0
1.224
1.224
0
1.224
1.224
0
0
1.324
0
1.224
1.224
1.224
1.324
1.224
0
1.224
0
1.224
0
0
0
1.224
0
0.2
0
0
0
0
1.324
1.224
0
1.224
1.324
0
0
0
0
0
1.224
0
1.224
0
0.1
0.1
0
1.224
1.224
0
1.224
1.224
1.224
1.224
1.224
0
1.224
1.224
1.224
1.224
1.324
1.224
1.224
1.224
1.224
0
1.224
0
0
1.224
1.224
1.224
0
0
0
0
0.1
0
0
1.324
0.2
1.224
0.1
1.224
0.1
0
1.224
1.324
0
0
0
1.224
0
1.224
1.224
1.224
0
1.224
0
1.224
0
1.224
0.1
0
1.224
1.224
1.224
1.224
0.3
1.224
0
0
0
1.224
1.224
1.224
0
1.224
1.224
0
0
0
0
0
1.324
1.224
0
0.1
1.224
0.1
0
0
0
1.224
0
0
1.224
1.324
1.224
1.224
0
0
1.224
1.224
1.224
0
0.1
1.224
0
0
1.224
0
1.224
0
1.224
0
1.224
1.224
1.224
1.224
1.224
0
1.224
0
0
1.224
1.324
0
1.224
0
0
0.1
0
1.836
0
1.224
0
1.224
1.224
1.224
0
1.224
1.836
0
0
1.324
0.1
1.224
1.224
0
1.224
0.2
0
0
1.224
1.224
0
0
1.224
1.324
0
0
1.224
0
0
0
0
0
1.224
1.224
0
0
1.224
1.324
1.224
0.1
1.224
1.524
1.224
0
1.224
0
0
1.224
0
0
1.224
1.224
1.224
0
1.324
1.224
0
1.224
0
0
0
1.224
0
0
1.224
0.1
0
1.224
0.2
1.224
0
1.224
1.224
1.224
0
1.224
1.224
1.224
1.224
0
1.224
0
1.224
1.224
0
1.224
0
0
1.224
0
1.224
0
0
0.4
0.1
1.224
0
0
1.224
0
1.224
0
1.224
0.1
1.224
0
0
1.224
0
0
1.224
0
1.224
0
0
0
0
0
1.224
0.1
0
0
1.224
0.1
1.224
0
0
1.224
0
1.224
1.224
1.836
0
0
0
1.224
1.424
1.224
0
1.224
0
1.224
0
1.224
1.224
1.224
1.224
0.1
1.324
1.224
1.224
0
0
1.224
1.224
0
0
0
0
0
1.224
1.224
0
1.224
0
1.224
0
1.224
0.1
1.224
1.224
0
0
1.224
1.224
1.224
0
1.224
0
0
0
1.324
1.224
0
0
1.224
1.224
0
1.224
0
0
0
1.424
1.324
1.324
1.224
1.224
0
0
0
0.1
1.224
0
0
0.1
0.1
1.224
1.224
1.424
1.224
1.224
1.224
1.224
1.324
0
1.324
0
0
0.2
0.1
1.224
1.224
0
1.224
0
0
1.224
1.224
0
1.224
0
1.224
0
0
0
0
0
0
1.424
1.224
0
0
1.324
1.224
1.836
1.224
1.324
1.224
0
0.1
0
0
0
1.224
0.2
0.1
0.1
0
0.2
1.224
0
1.224
0.1
1.224
1.224
1.224
0
0
0
0
1.224
1.224
0
1.224
0
1.324
1.224
1.224
0.2
1.224
1.224
0.1
0
0
0.2
0.1
0
1.224
1.224
0
1.224
0
0
0.1
0
3.06
0
1.224
1.324
1.424
1.224
1.224
1.224
0
1.324
0
1.224
1.224
0
1.224
1.224
1.224
1.224
0
1.224
1.224
0.1
1.224
0.1
1.224
0
1.224
0
0.1
1.324
1.324
0
0.2
0
1.224
1.224
1.224
1.224
1.224
1.224
1.324
0.2
0
0
1.224
1.224
1.224
0.1
0.1
1.324
0.1
0
0
1.224
0
0
1.224
0
1.424
1.224
1.224
1.324
1.224
1.324
1.224
0
1.324
0
1.224
1.224
1.224
4.284
2.448
1.02
2.244
0
1.224
0
0
0
0
0.1
0
1.224
0
0.1
0
0.2
0
1.224
0
0
0
3.06
0
0
0
3.06
0
0
0
3.06
0
0
1.324
1.224
1.224
1.836
1.324
3.16
0.1
1.224
0
0
1.224
1.224
1.02
1.224
3.06
1.936
2.136
0
0
0.1
0
0.1
0
1.936
0
1.224
0.1
0
1.224
0
3.26
0
0
0
0
1.02
0
0
0.2
1.224
1.224
0
0
1.224
1.224
0
3.46
1.224
1.224
1.324
0
0
1.224
1.836
2.448
2.448
2.448
4.484
1.224
1.424
2.448
2.448
2.448
1.224
2.448
0
1.224
4.08
1.224
0
0
0
0.2
0
0.1
2.344
0
2.344
