0.4
0.5
2.424
0
2.948
0
0
0
0
0
0.1
1.624
1.624
0.8
0.3
0
3.36
0.1
0
0.3
1.324
1.324
0.1
0
0.1
0
0.2
0.4
1.524
0.2
0
1.424
1.2
0
1.224
0.5
0.1
0
2.036
1
0.1
2.424
0
2.036
2.236
1.224
0.2
1.724
0.3
1.424
1.324
0.2
1.824
3.26
0
0.1
1.424
1.224
0
2.024
2.524
1.524
2.236
0.5
0.6
0.3
1.524
1.224
1.624
1.924
0.9
2.748
1.524
0.1
3.124
0.6
1.224
0.5
1.424
0
2.124
1.224
1.224
1.524
1.936
1.224
1.224
1.836
0
1.924
0
0.2
1.524
1.224
1.224
1.324
1.224
1.224
0
0
2.136
1.624
1.824
0
0
0.3
0
1
1.324
0.3
1.724
1.224
0.1
2.748
1.836
0.3
0
1.524
0.1
0.1
3.424
2.136
0.2
1.924
1.424
0.2
2.336
1.324
0.1
2.848
0.3
1.936
1.524
0
1.624
1
1.424
2.648
1.624
0.7
0
1.324
1.224
1.624
1.324
3.16
1.424
1.424
0.1
1.324
1.224
0.1
0.2
0.1
3.336
1.1
1.324
0.1
0.3
0.2
0.2
1.224
0
1.224
0.2
3.46
0
1.224
0.1
2.2
1.224
1.624
2.448
0.2
2.448
1.924
3.26
1.324
1.324
0.2
0.3
2.648
0.1
2.548
0.3
3.248
2.224
2.548
1.424
2.648
0
1.324
0.1
3.048
2.448
1.724
1.224
0.1
0
1.52
1.724
0
0
1.724
1.4
3.16
0
1.624
1.324
0.1
1.224
0.5
0.4
3.06
0
3.224
0.1
2.224
1.836
1.324
1.224
1.624
2.624
1.424
1.324
1.524
1.224
1.224
2.124
2.548
1.524
1.224
3.048
0
1.424
2.236
4.848
1.424
1.836
1.524
0
2.524
2.124
2.036
3.16
0
1.324
1.224
1.224
1
0
3.06
3.16
3.06
0
1.224
1.224
1.624
1.224
1.224
1.424
1.224
0.1
2.436
1.224
1.224
0.6
1.224
0
1.224
0
0
0.1
1.324
2.124
0
1.224
1.624
2.448
1.224
1.224
1.224
2.848
1.224
2.948
0
1.224
1.224
2.848
1.624
1.224
1.224
1.224
2.024
0
1.936
0.1
0
1.324
0
0
1.224
3.636
0.3
0
3.16
1.724
1.424
0
1.324
1.524
3.16
2.648
0
0
1.224
0
1.224
0
1.424
0
0.1
0.1
0.3
1.424
0
1.224
0
0
1.224
0.5
1.224
0.1
1.524
1.424
1.224
0
0
1.1
0
1.224
1.224
2.524
1.324
0.5
1.424
1.324
1.424
0.6
1.424
1.524
1.524
2.424
2.924
0
0.1
0
1.424
0
2.748
1.424
0
1.224
1.224
2.448
0.1
0
1.224
0.3
1.424
1.224
1.424
0.1
1.324
0
1.424
2.324
0
0
0.1
1.524
3.824
0.1
1.224
0
0.1
1.624
1.524
0.1
0.1
0.1
1.424
2.5
1.324
0.2
1.224
0
1.1
0
0
1.524
1.224
0
3.148
2.448
1.224
2.748
2.448
1.724
1.524
1
1.624
1.224
0.1
0
1.324
0.2
0
1.424
1.224
1.224
1.224
2.224
0.3
0
1.524
0
2.748
1.924
1.524
1.224
1.224
1.224
0.3
2.124
0.4
0.2
1.624
1.324
0.5
1.224
0.2
1.224
0
0.2
1.224
1.224
2.548
1.724
1.524
0
0.1
0
4.984
3.36
0.2
0.5
1.224
0.1
2.724
1.324
2.548
1.324
0.8
1.224
3.26
0.2
4.224
0.8
0
4.06
0.9
1.936
0.3
1.524
2.024
0.4
1.224
3.636
1.2
4.584
0.1
0
0.3
0.4
1.836
2.448
0.2
0
2.448
0.1
1.224
1.224
2.448
0.1
0
0.1
1.324
1.824
1.424
0.2
4.684
0.4
0
0
2.448
1.224
0.6
0
1.224
0
2.948
1.224
1.224
1.224
2.448
0
3.56
1.424
1.224
2.924
1.224
1.224
1.224
0.1
1.724
3.248
2.448
0
0
1.224
1.724
2.024
1.424
0
2.648
0.1
0.2
1.224
0.1
0.4
2.648
1.324
0.1
0.3
1.324
1.524
1.524
4.584
0
0
0.2
1.624
1.624
0.1
0.1
1.224
2.524
1.424
0.1
1.524
0
1.324
1.224
1.824
1.324
1.724
1.624
1.324
1.224
1.224
0.5
2.448
0.1
1.524
0
0.2
1.224
1.224
1.2
2.324
0
4.484
0.1
1.936
1.224
1.324
0.4
0.2
1.324
1.224
1.324
1.224
0.3
0.2
1.224
1.224
1.824
0
1.224
1.324
0
1.324
0
1.324
0.1
0.9
1.524
0
0
0
1.424
2.124
1.324
0
0.6
2.336
0
1.4
1.524
1.224
0
0.1
0.4
2.448
0
0.3
1.924
1.624
0.1
0.1
2.548
0.1
1.424
4.384
0
1.224
0
0
1.224
0.4
1.624
0
1.224
1.724
0
0
0.8
0
1.324
1.224
0
0.1
0.9
1.424
1.224
1.324
1.424
0
0.2
3.124
0
2.224
1.224
1.224
2.548
0.1
0
2.648
0
1.224
3.16
1.524
1.224
2.948
1.936
2.448
1.224
1.624
1.824
0
0.2
0.7
0
1.324
0.2
1.424
2.648
1.224
0.3
1.424
0
0
1.324
1.424
0.1
1.224
0.5
4.284
1.224
1.324
1.324
0
1.424
2.648
0.1
0
1.624
1.524
0
1.224
1.224
1.224
0.1
1.324
0
0.1
1.424
1.324
0.1
0.1
1.324
4.06
1.224
0
0
0.2
0
1.224
0.1
1.2
1.324
0.3
1.224
0.1
1.324
4.584
1.224
1.624
0
1.424
1.224
5.06
1.524
3.56
1.724
1.224
2.448
1.524
1.224
0
1.324
1.424
2.548
1.424
1.524
2.548
1.7
1.924
0.3
0.3
1.424
2.748
2.448
0
1.224
1.224
0
1.324
1.224
3.424
1.624
0
1.224
0
0
1.224
1.324
1.224
0.1
1.224
1.224
1.424
0
1.224
1.524
1.424
0.5
1.224
0.2
0.8
1.424
1.224
0
2.024
0.2
1.324
1.224
0.1
2.124
1.324
0
1.224
1.324
1.224
0
1.624
1.224
1.424
1.524
0
1.724
1.324
1.224
1.424
0.1
0.2
1.324
1.224
1.524
0.1
2.548
1.224
0.2
2.448
0.2
2.436
0
0
1.224
1.224
1.324
2.748
1.224
0
1.324
0.1
0
0.1
0
0.2
1.324
0
1.424
1.424
2.448
2.548
0
0
1.324
2.548
1.224
2.124
1.324
0
1.324
2.748
1.324
0.4
1.324
1.324
1.424
1.224
0.1
4.56
0.8
0
4.248
1.324
1.324
2.448
0
4.584
1.224
1.324
1.824
2.424
0.3
0
1.224
0
1.224
1.624
0
1.524
1.324
0
0.1
0.1
1.424
1.324
1.224
0.4
0
0.1
1.224
0.1
1.324
2.448
0
0.3
0.1
1.424
1.224
1.324
1.1
2.848
3.56
1.224
0.1
0
3.06
1.224
1.624
2.448
0.3
1.424
1.224
0.3
1.324
0
2.024
2.224
1.524
2.448
0.1
2.448
1.524
2.548
2.924
1.424
3.348
3.248
1.624
3.76
1.424
2.448
2.624
2.948
1.424
1.524
1.324
1.224
1.224
1.224
1.624
2.548
3.06
1.324
1.524
1.224
1.424
2.224
1.524
2.748
1.224
0.1
0
0
0.2
0.3
3.648
1.224
1.224
1.424
1.724
0.1
1.224
1.324
1.224
1.224
1.224
1.324
1.424
1.224
1.724
1.324
1.224
2.548
2.548
1.624
1.224
1.224
1.224
2.848
3.26
1.524
1.924
1.624
3.56
1.524
1.324
2.024
3.048
0
0
3.048
3.636
0
3.16
6.06
3.56
0.2
1.524
0
1.224
1.524
3.348
3.36
1.224
2.448
0
1.1
0
2.024
0.1
1.224
1.224
14.004
2.344
0.2
0
0.2
1.224
0
1.424
1.624
1.224
0
3.16
0
0
0.1
0
2.724
1.224
0.3
1.224
0
1.224
1.624
2.244
1.224
0
1.224
1.224
0
0.6
1.624
0.7
1.224
0
0.1
0
1.224
1.524
1.624
5.624
0
1.224
0
1.624
1
0.1
0.2
0
2.224
1.424
1.324
0.1
0
2.548
1.224
1.924
1.224
0.4
0.1
0.2
0
1.324
0
1.324
0
1.324
0.7
1.624
1.224
0
2.548
1.224
1.324
1.324
1.624
2.448
2.648
0
1.524
2.548
1.424
1.324
1.224
1.224
1.324
0.2
0
2.024
1.224
1.324
1.224
1.924
0
1.924
1.324
1.224
2.548
0.3
1.324
1.324
1.324
0.1
0.2
1.424
1.724
1.224
2.448
0
3.048
1.224
1.324
1.224
1.224
1.224
2.648
0.4
1.324
1.324
1.824
1.624
1.324
2.648
1.824
1.324
1.324
0.1
1.324
0
0.1
1.224
1.324
1.324
1.424
0.1
1.224
0.1
2.448
1.224
1.324
1.324
1.224
0.5
1.424
1.224
1.224
0.2
1.524
0.1
1.824
1.324
1.624
2.024
0.5
1.224
0.5
0
0
1.424
1.824
4.684
1.524
2.448
0.8
1.624
0.1
0
0
0
0.2
0.1
1.324
1.224
1.324
0.1
1.324
1.524
1.324
3.16
2.448
1.224
1.224
0.3
1.224
0.7
0
1.324
1.424
1.624
1.824
1.424
2.648
1.324
1.324
1.424
2.824
1.324
0.1
1.424
1.224
1.624
1.224
1.424
1.224
0.2
0.5
1.424
0
1.224
1.324
1.424
1.324
1.824
0.1
3.248
0.3
1.224
1.224
0.1
1.224
1.224
0
0
1.324
0.1
1.224
2.848
2.448
2.648
1.524
0.6
2.548
1.524
1.324
0.2
0
0.1
1.324
2.624
0.2
0
1.324
1.324
0
2.448
1.424
1.324
1.724
1.724
0
1.324
0.1
1.424
1.824
1.324
1.224
1.324
0
0.6
1.924
1.224
1.424
1.324
1.324
1.324
1.624
1.324
1.224
2.448
0
1.424
2.548
1.424
1.924
2.648
1.524
1.324
1.224
2.648
1.324
1.224
0
0
1.224
1.224
1.524
0.6
1.224
0.2
0
0.4
0
0
1.724
0.7
1.324
1.424
1.324
1.524
1.224
1.224
2.124
0.1
0
1.224
1.224
1.324
2.548
1.324
2.648
0.2
2.448
1.224
1.324
0.1
1.224
0.3
1.224
1.524
1.324
2.448
1.824
0.9
2.548
0.2
0.1
1.224
1.524
1.224
1.224
2.024
1.224
1.324
1.424
0.3
1.624
0
0
1.324
1.424
0
0
1.324
0.6
1.324
0.1
0
1.324
0
1.324
3.248
1.224
1.424
1.324
0
1.224
1.424
1.424
1.424
0
0.1
1.424
0.5
1.224
2.448
1.224
1.524
0
1.224
0
1.224
1.324
2.548
1.224
1.224
1.224
1.524
0
1.224
2.648
1.224
1.224
1.224
1.424
0
0.5
1.224
0.2
1.224
1.524
0.2
1.724
1.424
1.524
1.224
1.324
0.1
0.7
0
1.624
0.2
2.948
1.224
0.7
3.26
0.5
0
0
2.748
2.448
0.3
0
1.224
1.724
0
0.1
1.224
1.224
0.1
0.1
1.224
0
1.524
1.324
0.1
0
1.224
1.224
1.224
0.1
1.224
2.724
2.024
1.324
1.224
0
1.324
2.648
0.3
0.4
1.424
1.724
2.448
0
1.624
1.224
0
1.224
0
2.024
0
1.324
0.3
0
2.548
1.624
1.324
2.548
1.724
1.624
0
1.324
1.224
2.548
1.224
2.448
1.824
1.524
1.324
1.324
1.224
1.224
1.824
1.424
0
1.324
1.224
1.324
1.224
1.224
1.224
1.224
0.1
1
0.5
1.424
0
0.2
1.224
0.1
1.224
1.324
2.448
0.6
1.424
1.224
0.1
1.224
0.1
0.1
1.324
0.1
2.648
1.324
1.424
0
0
0
1.224
2.824
0.1
1.224
1.724
0.6
2.448
1.224
0.5
1.524
0.3
1.224
1.324
0
0
0
0
2.548
2.324
1.224
0
1.224
1.224
1.224
0.3
1.224
2.748
2.448
1.224
1.224
1.224
1.324
2.548
0
0.1
2.548
1.424
0
0
1.424
1.324
1.224
1.224
1.224
0.2
1.224
1.524
2.624
0.1
1.424
0
1.324
1.224
0.3
0
2.548
1.324
1.224
0
1.324
0.2
1.224
1.824
2.648
1.324
0
0.1
1.824
2.448
0.3
1.224
0
0.1
0
2.848
2.748
2.648
3.048
1.224
0
0.1
0.1
0.2
1.424
0
0
0
0.6
1.324
3.148
2.024
1.324
1.224
2.648
2.448
1.224
0
1.324
0
0
0.4
0
1.224
2.448
0
1.224
1.224
1.224
1.224
2.448
1.224
1.224
0
1.524
1.324
2.324
1.424
1.424
0
1.724
2.824
2.448
1.324
1.224
2.524
1.224
0
1.324
1.424
1.224
0.1
0.1
0.1
0
0.2
1.824
0.2
0.4
0.2
0
1.4
1.224
0.1
1.324
0
1.524
1.424
1.224
1.424
0.3
0
0
1.624
1.224
0
1.324
0.6
1.924
1.424
1.224
2
1.724
1.324
0.1
0
1.724
1.2
0.4
0
1.524
1.224
0
1.524
1.424
1.424
0.2
0
1.624
0.2
1.324
1.624
3.448
1.324
1.524
1.224
1.224
1.524
0.1
1.324
1.224
0
1.224
1.524
1.224
1.624
0
1.324
2.948
0.2
1.524
1.224
1.224
1.524
2.548
0
0
2.124
1.824
0
0
0.1
1.324
2.448
2.448
3.048
1.224
2.648
1.524
0.6
0
0
2.548
1.524
1.924
1.224
0.2
1.524
0.7
0
0
1.324
1.524
1.524
1.224
0.1
2.824
2.948
2.548
1.324
2.948
1.824
2.124
0
1.824
0
2.948
1.224
1.724
1.224
1.324
1.224
1.324
0
1.724
1.224
1.224
0.1
0
0.6
0
1.224
0.1
0.7
1.224
1.7
0
3.46
0
1.224
1.224
0
0
0
0.5
1.424
0.2
1.224
0
1.224
0
0
2.6
0.2
2.448
0
2.424
1.724
3.024
2.424
3.06
1.3
1.924
1.224
0.2
3.26
1.224
0
0.2
1.424
1.224
0.2
0
0.1
1.224
0.2
0
1.424
3.236
0.4
1.324
1.624
1.524
0.1
0.4
0.1
1.224
1.936
0.1
0
2.024
1.424
1.324
0.1
1.224
1.424
1.324
0
2.124
0
1.224
2.124
1.836
1.224
2.448
0
1.424
2.748
1.224
1.324
0.2
0
1.524
4.584
2.548
3.26
2.748
1.324
1.224
1.224
2.548
0
1.224
3.236
2.8
0.1
0.1
0.9
1
0.7
