0.3
0.1
1.724
0.3
1.324
0
0.2
0
0.1
0
0.1
1.424
0
0.1
0.3
0
0
0
0
0
1.224
1.524
0
0
0
0
0
0.1
1.224
0
0
1.224
0.3
0
0
0
0
0.1
0.1
0.2
0
1.824
0
0.1
0
1.224
0.1
0.5
0.3
1.224
1.224
0
1.324
0
1.02
0
0
0
0
1.624
0.2
0.3
0
0.2
0
0.2
0.1
0
1.424
0.3
0.2
1.524
0.1
0
1.824
0.1
0
0.1
0
0
1.624
0.1
1.324
0
0
0
0
0
0
0.4
0
0
0
0.1
0
1.224
1.424
0
0
0
0.1
0
0.3
0
0
0
0
0.2
0
0
0.1
0
0
1.224
0.1
0.1
0
0.1
0
0
0.5
0
0
0
0
0
0
1.524
0.1
1.424
0.1
0.3
0
0.1
1.324
0
1.524
1.224
1.424
0.1
0
0
0
1.424
0
0
1.424
0.1
0
0
1.224
0
0
0
0.2
0
0
0.1
0.2
0.1
0
0
0
0
0.1
0.1
0
0
0
1
0
0.1
1.224
0
1.224
2.844
0
0
2.244
1.12
1.02
2.544
0
1.324
0
1.724
1.724
1.424
0.1
1.224
0.2
1.324
0
1.624
1.224
1.824
1.424
0.1
0
0
0.1
0
0
0.1
0.7
0
0
1.324
1.324
0
1.224
0
0.1
0
0
0.9
0
0.2
0
0
0
1.324
1.724
1.224
1.224
1.424
1.224
1.224
1.524
1.224
1.224
1.224
1.224
0
1.224
0
2.124
1.224
0
1.424
0
1.424
1.224
0.1
0
0
0
0
1.224
0.3
0
0
0
0
0
1.224
0
0
1.224
1.324
1.324
0
0.1
0.2
1.224
0
0.1
1.224
0
1.224
0
0
0
1.224
0
0
1.224
0
1.224
0
0
0
1.724
1.224
1.224
0.1
1.224
1.224
1.224
1.224
1.224
1.224
0
0.3
0
0
0
0.1
0.1
0
0
0.2
0.2
0.1
0
0
0.3
0.2
0
0.2
0
0
1.224
0
0
1.224
0
1.224
0
1.324
0
0.1
0.1
0.1
0.1
0
0
0
0
0
0.4
0
0
1.324
1.224
0
0
0
0.2
0
0
1.224
0.6
0
0.1
1.424
1.424
1.324
0.1
0.1
1.324
0
0.2
0.7
0.1
0
0
0.1
0.1
1.424
1.424
0
1.224
1.224
1.224
0
0
1.224
0
1.224
1.224
1.324
0.2
1.224
0
0
0.1
0
0
0.1
1.224
1.424
0.1
0
0
0
1.224
1.424
0.1
0
0
1.224
0.4
0
0
1.224
0
0.1
0
0
1.224
1.224
0
1.424
1.224
1.224
1.224
1.224
1.324
1.224
0.1
1.224
0.1
0
0
0
0
0
0
0
1.224
1.224
1.224
0.1
0
1.224
0
1.224
1.224
1.224
0
0.1
1.224
0
1.224
0.1
0
0.1
1.224
0.2
1.224
0.1
0
0
0
1.224
0
1.224
1.224
1.224
0.1
0
0
1.424
0
0
0
0
0
1.224
1.224
1.424
1.224
0.2
1.224
0
0.2
1.724
0.1
0
1.424
0.1
0
0.1
1.524
1.324
0
0
0
0.1
1.224
0
0
0
0
0
1.224
0
0
1.224
0
0
1.324
1.324
0
0
0
1.224
1.524
1.224
0
1.324
0.1
0.1
0
1.224
1.224
0.1
0
0
0
1.324
1.324
1.224
1.224
1.424
0.2
1.224
1.224
0
0.3
1.324
0
1.224
0
1.224
1.324
1.224
0
0
1.224
1.224
1.424
1.224
0
1.224
0
0.1
1.224
0
0.2
1.224
0
0.1
0.1
1.224
1.324
1.224
1.224
0
0
0
1.224
1.224
0.2
0
1.224
1.324
1.224
0
0
0
0
0
0.1
1.224
0.2
1.224
1.224
1.224
1.224
0.1
1.224
0
1.224
0
0
1.224
1.224
0.1
1.224
0
1.224
0
0
1.324
1.224
0
0
1.224
1.324
1.224
0
0
0
0
1.224
1.224
0
1.224
0
0
0.1
0
1.224
0
0.2
1.324
0
0
0
0.1
1.424
0
0
0.3
0
0
0.7
1.224
1.224
0.1
0
0
1.224
0
0
1.224
1.224
0
0
1.224
0
1.224
1.224
0
1.224
0
0
1.224
0
1.224
0
0
1.424
0
0
0.1
0
1.224
0
0
0
0
1.224
1.224
1.224
1.224
0
0
1.524
0
1.224
1.224
0
1.224
0
0.1
1.224
0
1.224
1.224
1.224
1.224
1.224
0
1.224
1.224
1.324
1.224
0
0
0.1
0
1.224
0.1
1.224
1.224
1.224
0
1.324
0
0
0
1.224
0
0
0.1
1.224
1.224
1.224
1.424
0
0.1
1.224
0
0
1.224
1.224
0
1.224
0
1.224
0
0
0
0
1.324
1.224
0
0
1.324
1.224
0
0
0
0
0
1.224
0
0.4
1.224
0.1
1.324
0
1.224
1.224
1.224
1.324
0
1.324
0
1.224
0.1
1.224
1.424
1.224
1.224
1.224
0
0
1.224
0.1
1.224
1.224
1.224
1.224
0.3
1.524
0.1
0
0.3
1.224
1.224
0
1.224
1.224
0
1.224
0
1.324
1.224
0
0
0
0
1.224
1.224
1.224
0
1.224
1.224
1.224
0.1
0
1.224
1.224
0.1
0
0.3
0
1.224
1.224
0
0.2
0
1.224
0
0.2
0.1
1.224
0
1.224
1.224
1.224
0
0
0
1.224
1.324
0
1.324
1.224
1.224
1.224
0
0.1
1.224
1.224
1.224
0
1.224
1.224
0
1.224
0
0
0
0.1
1.224
0
0
1.224
1.224
0.1
1.224
0
0
0
0
0
0
0
1.224
1.224
1.224
1.224
0
0
0
1.324
0
1.224
1.224
0
1.224
1.324
0
0
1.224
1.224
1.224
1.324
0
1.224
0.1
0
1.424
0.1
1.224
1.224
0
1.224
1.224
1.324
1.324
0.5
0
0
1.224
0
1.324
1.224
0
1.324
1.224
0
0.1
0
1.324
1.224
1.224
0
0
0.1
0
0
0
1.224
0
0
0
0
0
0
0
1.324
1.224
0
0
0
1.224
0
1.324
1.224
0.2
1.224
1.224
0
0
0
1.324
1.324
1.224
1.224
0
1.224
1.324
1.224
1.524
0
1.424
1.224
1.424
0.1
1.224
1.224
0.1
1.224
1.224
1.324
1.224
1.224
1.224
1.324
1.224
1.224
1.224
1.324
1.224
1.224
1.224
0.1
0
1.324
0
0
0
0
0
0
1.224
1.224
1.224
1.224
0
0
0
1.224
1.324
1.224
0
0
0
1.224
1.624
2.344
1.224
1.224
1.224
0
1.224
1.224
0
1.224
0
1.224
1.324
1.224
1.324
1.224
1.224
1.424
1.324
0
0
1.224
0.1
0
1.324
1.624
1.324
0.1
1.224
0
1.224
0
1.424
1.224
0
1.224
0
0.1
0
0.2
0
1.224
1.224
1.224
1.224
0
0
0
6.064
1.02
1.12
2.344
1.02
1.02
2.244
1.02
1.02
1.12
1.02
1.12
2.344
1.22
2.244
1.02
1.02
2.344
1.02
1.12
0
1.224
1.224
0
0
0.1
0
1.224
0
0.2
0
1.224
1.224
1.224
2.224
0
1.224
0.1
1.224
0.4
0
0
0
1.824
1.324
0.1
0
0
1.224
1.224
1.524
1.224
0
0
0.1
0
0
0
0.2
0
2.344
0.1
1.324
1.424
0
1.224
1.224
1.224
0.1
1.524
1.224
1.324
0
0
1.424
1.224
1.224
0
1.224
1.224
0.1
0.1
1.624
1.324
1.324
0
1.324
0
1.824
0.1
1.224
1.224
0
0.2
0
0
0.1
0.2
0.2
1.524
1.224
1.224
0
1.824
1.224
1.424
1.224
0
0
1.224
0
1.424
1.224
1.424
1.224
1.524
1.624
0.1
1.224
1.424
0.2
1.224
0
0
0.2
0
1.624
1.324
0.3
0
0
1.224
0
1.224
0
1.224
0.4
0
1.224
0
0
2.744
0
1.624
1.224
1.624
1.624
0
1.224
1.72
0
0
1.224
1.524
1.424
0
1.224
0.5
0
0
0
0
0
0.3
0.2
1.224
1.224
1.224
0
1.524
2.544
0
1.224
1.224
0
1.624
0.3
1.224
0.4
0
1.624
0.1
0.5
1.424
1.424
1.324
1.224
1.824
1.524
0.5
1.224
0
1.224
0
1.624
1.224
0.2
0.1
0
0
0
0
1.324
1.224
1.424
1.224
1.724
0
1.524
0.4
1.224
1.224
0.1
1.324
1.224
0
0
2.644
0
1.224
1.224
1.324
1.624
1.624
0
1.424
0.1
1.324
0.2
0
0
1.224
0.9
0
0.1
1.02
0
0
1.424
1.324
0.3
1.324
1.324
0
0
0
0
0
1.224
0.1
1.324
0
0.2
0.6
0
1.224
1.224
0
1.424
1.424
2.244
1.224
1.424
0.1
1.324
1.224
1.224
1.524
1.324
1.424
1.324
1.424
1.224
0
1.224
0.1
0.1
1.224
1.324
1.324
0.3
0
0
0
0.2
0
0
1.324
0.3
1.224
0
1.724
0.2
0
2.244
1.724
0
0
0
1.224
0.1
1.324
1.224
1.524
0
1.224
0
1.324
0.1
1.224
0.2
0
1.224
1.224
1.324
1.624
0.3
1.524
0.1
0.1
0
1.624
1.324
1.424
0.2
1.224
1.224
0.1
0.2
0.4
0
0.2
1.324
1.224
0
0.3
1.224
0.1
0
0
0
1.224
0
0.1
1.424
1.224
1.424
1.224
0
0
1.224
1.224
1.224
0.2
0
1.324
0.3
0
1.224
0
1.224
0
1.224
0.1
1.224
1.324
1.224
1.224
1.224
0
1.324
0
0
1.224
1.224
0
1.224
0
0.1
0.1
0
0.1
0
1.324
0.2
1.324
1.324
1.324
0
1.424
0
0.1
1.02
1.324
0.2
1.624
1.224
0.2
1.324
0.3
0.1
0.1
1.224
1.424
0.2
0
1.224
1.324
0.1
1.22
1.524
0
0
0
0
0
1.424
2.344
0
0
1.224
1.324
1.424
0.1
1.224
1.924
1.324
0
1.324
0
0
1.324
0.1
0.3
1.224
1.224
1.224
0
1.224
1.324
0.1
1.324
0
0.1
0
1.224
0.1
0.1
1.324
0.4
0.3
1.224
0.1
1.224
0.2
1.424
1.224
1.524
0
1.224
1.424
1.424
1.224
0.1
1.324
0
1.624
1.324
0.1
1.224
0
0.1
1.224
0
1.224
0
0
1.52
1.82
1.224
0
0
1.224
1.02
1.224
0
1.224
0.2
1.424
0.1
0.1
1.324
0
0.2
1.224
0
1.424
0.2
0.2
0
0
0.1
1.224
0.1
0
0
1.324
0.2
1.224
0
0.1
1.224
0
1.224
1.324
0
0
0
0
1.224
1.524
1.224
0
1.224
0
1.224
0.1
1.224
1.224
1.224
1.224
0
1.224
1.524
1.324
0.1
0
1.224
1.424
0
0
0.1
0
0.1
1.224
1.324
0.1
1.224
0.2
1.524
0
1.724
0
1.224
1.224
0.1
0
1.224
1.224
1.424
0
1.224
0.1
0
0.3
1.424
1.324
0
0.2
1.424
1.524
0.2
1.324
0
0
1.42
1.424
1.624
1.224
1.324
1.424
0
0.1
0
0
2.344
0.1
0
0.1
0.2
1.324
1.524
1.524
1.324
1.224
1.624
1.224
1.324
1.22
1.224
0
0
0
0
1.224
1.224
0
1.224
0
0
1.224
1.224
0
1.224
0.1
1.224
0.1
0.6
0.1
0.1
0
0.3
1.424
1.224
0
0
1.524
1.524
0
1.324
1.624
1.224
0.1
0
0
1.32
0.1
1.524
0.1
0
0.1
1.42
0.4
1.224
0
1.224
0
1.524
1.224
1.224
0.1
0.1
0
0.1
1.324
1.224
1.02
1.424
0.2
1.224
1.224
1.324
0.7
1.224
1.324
0
0.1
0.3
0.5
0.3
0
1.824
1.224
0
1.224
0
0.1
0.1
1.12
1.424
0.1
1.224
1.424
1.424
1.224
1.224
1.224
1.22
1.324
0
1.424
1.324
0
1.324
1.324
1.224
1.424
0
1.424
1.324
0.2
1.424
0
2.444
0.1
1.324
0
0
1.424
1.624
0
0.1
0
1.224
1.324
1.224
1.824
1.324
1.224
2.544
0.1
0
0
1.224
1.424
1.524
0.1
0.2
1.224
0.3
0
0
1.224
0.2
0.1
1.324
0
1.724
1.324
1.224
2.444
1.624
1.924
1.724
0
1.724
0
1.324
1.424
1.324
1.224
1.224
0
1.224
1.02
2.344
0
0
0.1
0.2
0.4
0
1.224
0.1
0.1
0
0.6
0
1.224
0
0
0
0.1
0
0
0.1
1.224
0
0
0
1.224
0
0
0.8
0
1.224
0
1.224
1.324
0.4
1.424
0
0.6
1.324
1.224
0.1
1.224
1.224
0
0
0
0
0
0
0
0
0
0
1.224
0
0
1.224
0
1.224
0
0
0
0
0
0
0
0.1
1.224
1.224
0
0
1.224
1.224
0
1.524
0
1.224
1.424
0
0
1.224
0.1
1.224
1.224
1.224
1.424
0
0.2
1.224
1.224
1.224
0
1.324
0
1.224
0
1.224
0
0
0
0.7
0
0.1
0.2
0.2
0.1
