0.6
0.3
1.1
0.7
1.224
0
0.1
0
0.2
0
0
0
1.424
1.2
1.3
0
1.224
0
0
0.2
0
0.1
0
0
0.2
0.1
0.4
0
0
0
0
0
2.6
0
1.424
0.8
0.1
0.1
0.1
0.2
0.1
1
0
0.2
0
0
0.4
1.724
0.2
0.1
0
0.1
0.4
1.324
0
0.2
1.324
1.324
0
0.4
3.624
2.024
0.1
0.8
1.3
0.4
1.324
1.224
0.1
3.624
0.5
2.124
1.224
0
2.3
0.3
1.324
0
1.224
0
0.6
1.524
0
1.424
0.1
1.224
1.224
0
0
2.124
0.1
0.1
1.324
1.224
1.224
0.1
0.3
1.324
0
0
0.1
2.024
2.324
0
0
0
0.1
1.4
1.424
0.1
1.624
1.524
0
1.324
0
0.1
0.1
1.224
0
0
4.924
0
0.1
1.624
1.324
0
0
0
0
1.524
0.6
0
1.524
0.3
0.2
0.6
0.2
1.324
0.3
0.9
0
1.524
1.224
0.6
1.224
1.224
0.1
1.324
0
1.424
0.1
0.1
0.5
0.2
0.1
0.4
1.824
0.1
1.5
0.1
0.1
1.324
0
1.224
0.4
1.224
0.1
1.224
0.1
3.7
1.324
2.124
1.224
0
1.324
0.2
1.324
1.224
0
1.12
1.32
2.544
0
1.224
1
1.724
0.6
1.324
1.224
1.224
0
0
0
1.724
1.324
0.4
0.1
0.4
0
0.7
1.224
0
0
1.324
1.5
1.224
0
0.1
0
0.2
0
0.1
0.3
1.224
0
5.624
0.1
2.724
0
1.224
1.224
0
1
0
0
0.2
0
0
0.4
1.224
0
0
1.324
0.1
0.1
0
4.324
0
0
0.4
0
0.7
0
0
1.224
0
1.324
1.224
0
0.5
0.1
1.324
1.324
1.224
0.1
0.1
1.224
2.224
0
0.3
0
1.224
0
0.7
0
1.224
1.1
0
0
0
0
0.1
0
0.1
3.124
0
0
1.324
1.224
1.224
1.224
1.224
1.324
0
1.624
0
0
0
1.324
0
0
0
1.224
3.924
0
0.1
0
0.4
1.224
0.1
0.1
1.224
0.1
0.1
0.4
1.224
2.324
1.524
0
1.624
1.224
1.224
1.324
0
0
0.2
0
0.1
0
0.3
0
0
1.1
0.5
1.824
0
1.224
0.1
0
1.224
1.5
1.324
0.1
0.3
0
1.224
0.1
0
2.7
0
1.324
0
3.924
1.424
1.3
0.5
0.1
0.1
2
1.324
0
1.324
2.924
5.424
0
0
0
1.424
0
1.724
0.4
0
0
0
1.224
0.1
0
0
0.1
0.1
0
0
0
0
0
1.224
2.424
0
0
0.1
0.2
0.6
0
1.224
0
0.4
0
0.3
0.2
0.1
0
0
1.3
1.524
0.2
0.1
0
0.1
0
0
0.1
0
0
1.324
1.224
0
1.224
1.224
0.4
0
0.6
0.5
1.224
0.1
0.2
1.624
0.1
0
1.224
1.324
0
0.1
0.2
0.8
0.3
0.1
0
1.324
0.1
0.3
1.324
1.624
0.1
0.2
0.3
0.3
0
2.624
0.1
0
0
0
1.224
0.1
0
0.1
1.224
1.224
0
0.1
0
0
0
1.424
1.324
0
0.2
1.224
0.1
0.7
0
1.224
0.1
0.1
0
1.224
0.3
2.6
0.9
0
0.5
2.8
0
0.1
0.2
0.5
0.9
1.224
0.3
0.2
1.224
0
0
0.1
0
0
1.224
0.6
0.1
1.224
0
1.224
0.1
1.424
0
0
0
0
0.2
0.1
0
1.324
0.1
0
0
1.224
0
0.2
0
1.224
0.1
1.524
0
0
0
1.224
0
0
0
1.224
4.024
0.1
1.224
0
0
0.4
1.724
1.224
0
0
0.1
0.2
0.2
0.1
0
1.224
0
0.3
0
0.4
0.4
1.224
1.424
0
0.1
0
0.4
0.2
1.224
0
0
0
0.1
0.1
0
0.1
0
0.6
0
0.1
1.524
0.1
1.224
1.224
1.824
0
1.624
0.1
0.2
0
0
0
1.224
0.1
0
0
0
0
0.2
2
0.2
0
1.224
0
0
0
0
0
0
0.2
0.1
0.1
1.224
0.3
0
1.224
0
0
0
0
1.324
0
1.324
0
0.1
0
0.6
0.1
0
0
0.1
1.224
0.3
1.224
0.1
0.4
0.2
0
1.6
0.1
0
0.1
0
0.2
1.424
0
0.3
0.1
0.1
0
0
1.224
0.1
0
1.224
0
0
0.1
0.1
0.1
0
0
0
1.224
0.1
0
0.1
0.5
0
0.1
1.224
0.1
0.1
0.4
0.2
0
0.2
0
0
0.1
1.3
0
0.5
0
1.224
1.224
0
0
1.524
0
0
0.1
0
0.2
1.624
0
1.224
0.2
0
0.4
0
0.3
0.4
0
0.1
0
0
1.224
0
0.1
0.2
0
0
1.424
0.1
0
1.224
0.3
1.224
0
0
0
0
1.224
1.224
0.2
0.1
0.1
0.3
0
0.1
1.224
0
0
1.224
0.1
0.1
0.4
0
0
0
0.2
0.2
1.224
0
0
0
0
0
0
2.5
0
0
0
0
0
1.224
0
0.3
0
0.1
1.224
0.4
1.824
0
0.1
0
1.224
0
1.224
0
0
1.224
1.224
0
0
1.224
2.7
0.9
0.1
0.5
1.324
1.224
1.224
0
0
0
0
0.1
1.424
0.1
0.2
0
1.224
0
0
0
0.1
0
0.1
0
0
0
0.1
1.224
0
0.1
0.4
1.224
0
1.3
0.2
0
0.1
1.324
0.1
0
1.324
0
3.924
0
0.1
0
0.1
0.1
0
2.124
1.224
0
0
0
0.2
0
0
0.2
0
0
0
0
0
0
1.324
0
0
1.224
0
0.2
0
0
0
1.224
1.224
1.424
0
0
0.1
0
0
0.1
0
0
1.624
0
0.1
0
1.224
1.224
0
0
1.224
1.224
1.224
0.5
0
0
0
1.624
1.424
0.1
0
0
0
0
0
0.6
0.3
0
1.724
1.324
0.1
1.224
0
1.224
0
0.1
0.5
1.924
0
0.2
0.1
0
0
0.2
0
0
0
0
0.6
0
0.3
0.1
0
0.1
0
0
1.324
0
1.224
1.324
0
0
0
1.224
1.324
1.324
0.7
1.224
0.1
1.224
0
0
0
1.224
0.2
1.224
0.5
0.1
0.1
0
1.424
0
0.3
0.7
0.1
1.224
0
1.224
0.1
1.324
1.5
1.324
1.424
1.624
0.2
1.424
0.1
1.224
1.524
1.324
0
0.1
0.1
0
0
0
0
1.224
0
0
0.1
0
0.1
3.824
1.224
1.624
1.224
0.1
0
0
0
0.1
1.324
0.1
0.2
0.1
1.724
0
1.224
0
0
0.1
1.224
1.724
1.424
0.1
0.3
1.02
0.1
1.324
1.224
1.524
0
0
1.224
1.224
1.224
0
0.2
0
0.1
0.4
0.1
0.5
1.424
0
0
1.824
0.1
0
0
1.4
0.1
0.2
0.1
0
0
1.424
1.724
0.2
1.224
1.224
0
0.5
0
3.624
0
0
0
1.424
0
1
0
0.1
1.12
1.02
9.944
1.12
2.244
1.12
1.02
1.02
1.12
1.22
1.02
4.944
1.12
1.22
1.02
1.02
2.344
1.32
2.244
2.244
0
0
0
0
0.7
2.024
0
0.1
0
0.2
0
0
0
0.1
2.7
0.1
0.1
0.5
0
1
0
0
0.2
1.5
0.1
1.524
0
0
1.224
0
0.6
0.1
0.4
0
0.2
0
1.224
0.1
1.424
0
0.2
0.3
0
0.1
0.1
1.324
0
0
1.424
0.3
1.324
1.224
0
1.424
1.224
0.1
0.4
1.224
0
0.1
0.2
0
0.8
0.2
0
1.224
0.3
0
0.9
1.324
0.1
1.224
0.3
1.524
1.324
1.324
0.1
0
2.624
0.3
0
1.324
0
2.024
0.1
0
0.1
1.224
1.424
1.424
0.3
0
0
0.3
0
0
1.324
1.524
0
0
0
0
0
0.3
1.524
1.224
0.1
0.2
0.1
1.224
0
1.324
1.224
0
1.224
0
0.4
1.224
0
1.524
0.2
0.1
0
0
0.3
0.4
0.9
0.6
0
0.7
0
0.1
0.3
0.5
1.424
1.324
1.224
0.5
1.524
0
0
0
0.2
0.3
0.2
0
0
0
0
0.2
0
1.224
0
1.224
1.224
0
0.8
0
0.2
0
0.1
1.224
1.424
0.6
0.3
1.724
0.3
0.1
0
4.624
0
0
0
1.224
0.2
0.1
1.324
1.524
0.1
0.2
1.224
0
0
0.4
0
0.2
0.8
0
1.624
0.3
0
0
0.1
0
0
0
0
0
0.1
0.1
1.324
1.624
1.424
0.1
0.2
1.524
1.624
0.5
0.1
0
0
0
3.424
0.4
0
1.324
1.524
0
1.224
0.2
1.524
0.5
0.5
0
1.224
0
1.424
1.424
0.1
1.224
0.1
0.3
0.1
3.624
1.224
0.3
0
1.424
0.5
0.4
0
0
1.324
0.1
0.2
1.224
0.1
0.6
1.224
0.3
0.1
0
1.424
1.524
0
0
0
0
0
0.1
0.1
1.424
0.2
0
0.5
0.1
0.3
0.4
0.2
0
1.624
0.1
1.724
1.224
0
0.9
0.1
0
1.324
0
1.324
1.324
0
1.524
0
1.224
1.224
0
0.1
0
1.6
1.224
0.1
0
1.224
0.4
0.5
1.224
0.2
0
1.224
0.4
0.1
0
1.224
0
0
1.324
0.4
1.624
0
0
0
0.1
0
0.3
0.1
0.3
1.324
0
0
0
0
1.224
1.424
0
0.5
0
0.2
1.224
0
0.1
0.4
0.1
0.4
0.1
0.2
1.324
1.224
1.224
0.1
0.1
0
0
0
0
1.224
0
0.1
1.324
0.4
0
1.224
1.424
0.1
1.424
0.2
1.224
0
0.3
1.224
0.2
1.224
0
0
0.7
0.2
0.2
1.224
0
0.1
0.3
0
0.3
0.1
1.524
0
0.6
0.3
0.6
0.1
0.1
1.224
1.224
0.3
0
0
0.8
0
0
0
1.224
0.1
0.1
1.324
0
0.3
0.1
0.1
0
0
0
0
0.2
0.3
1
0.6
1.424
0.2
0.3
1.424
1.424
0.7
0.3
0
0.1
1.324
0
0
0.2
0
0
0
2.724
0
0
0.1
0
1.324
1.624
1.824
1.224
1.324
0
0.3
0
0
1.524
1.324
1.424
0
0
0
1.324
0.1
1.224
0.3
0.1
0.1
0
1.324
1.324
0
1.224
0
1.224
0
0.4
0.8
0
0
0.3
0
0
0.1
1.224
1.224
1.3
0.1
1.224
0.1
0.1
0
0
0
0
1.424
1.224
1.224
0.1
0.1
0.1
0
3.724
0.1
1.324
0.4
0.6
1.324
1.224
0.4
0
0.2
0
0
0
0
0
0
1.624
1.2
0
0
0
1.224
0
0
0.1
1.424
1.524
0
1.324
0
0.7
1.324
0
0
1.224
0.1
0.1
0
1.324
1.224
1.424
0
0.1
0.3
0
1.924
0.8
0.1
0.2
0
0.1
0
0.1
0.2
1.324
0
0
0
0.1
0
1.424
2.024
1.424
0
0
0.3
0.2
1.324
0.4
0.1
0
0.1
0.1
1.524
1.724
1.424
1.324
0
0
0
0.3
0
0.6
0
0
0.2
0.1
0.2
2.224
0.8
0.1
0.2
1.224
1.224
0.1
0
0.3
0
0
0.1
0
0
1.224
0
0
1.424
1.224
0.1
1.224
1.224
0
0
0.2
1.424
2.024
1.324
2.624
0.2
1.424
0.8
1.224
1.224
1.524
1
0.1
0.1
0.2
0
0
0.1
0.2
0
0.1
0.3
0.2
0.3
0
0.2
0
1
0
0
0.1
0
0.4
0.2
0.1
1.424
0.1
0
0
0
0
0
0
0.3
0.4
0
0.1
1.3
0
0
0.2
0
1.524
1.1
0.4
0
0.6
0
0
0.5
1.224
2.024
0.4
0.2
0.4
0
0.1
0.2
3.024
0
0
0
1.224
0
0
0.3
0.2
0
0.1
0.6
0.1
0.3
0
0.1
1.724
0.3
0.2
1.624
0.3
2.224
1.424
0
0.2
0.4
0.4
0
0
0
0
1.324
1.424
1.824
0
1.224
0
1.1
0
0
1.224
0.3
0.9
1.324
0.1
0.3
0.6
0
0.2
0.1
1.724
1.224
0.2
0.2
0.8
1.724
1.324
0.3
1.424
0.2
0.3
0
0.4
0
1.424
0
0.5
0
0
1.224
0
1.02
1.42
1.224
1.224
0.2
0.2
0.4
0
0
0
2.2
1.224
3.5
0
0
0
1.324
1.224
0
0.1
0.2
0.1
0
0.4
1.224
0.2
0
0
0
3.3
0
1.224
0
0.4
0.1
5.224
1.5
1.224
1.9
0.1
0.1
0
0
0
0
0.1
1.224
1.324
0
0
0
1.224
0.2
0
0
0.1
0.1
0
1.524
0.1
0.1
0
0
1.624
0
0.2
0.2
1.624
0
0.1
0.1
1.224
0
0
0.6
0.5
0
0.1
0.3
0
1.224
1.224
0
0
1.224
0.2
0.1
0
0.1
0.1
1.424
1.224
1.324
1.424
1.624
0
1.224
1.324
0
1.224
0.3
3
0.2
0.1
0.8
2.4
0.3
