3.236
0.4
2
0.6
1.424
0
0.2
0
0.3
0
0.1
0
1.324
0.7
0.7
0.1
1.224
0
0
0
0
0.4
0
0
0.4
0
0.6
0.2
0
0.1
0.2
0
2
0.2
3.26
2.836
2.036
2.336
1.836
2.836
2.136
2.636
1.836
1.936
1.936
1.836
2.736
3.16
2.636
2.636
2.136
1.936
3.136
3.06
1.936
2.036
3.36
3.36
2.136
2.636
4.76
3.76
1.936
2.536
2.936
2.236
3.16
3.16
2.036
4.66
3.336
3.76
3.36
1.836
4.536
3.636
3.06
2.036
3.16
1.936
2.936
3.26
1.836
3.06
1.836
3.06
3.06
1.836
1.936
4.46
1.836
1.836
3.26
3.06
3.06
2.436
2.636
3.26
1.936
2.036
1.936
12.46
3.96
2.236
1.836
1.936
1.836
3.136
3.26
2.736
3.86
3.16
2.036
3.06
2.036
1.936
2.536
3.16
2.036
2.136
5.56
1.836
2.236
4.36
3.16
2.136
2.536
1.836
1.936
3.56
2.636
2.036
3.56
1.936
2.336
2.736
2.036
3.36
2.336
4.636
2.236
3.46
3.06
2.436
3.06
3.06
2.136
3.66
2.236
3.16
1.836
2.336
2.636
2.036
4.136
3.336
3.56
2.436
3.236
2.036
2.136
3.16
1.936
3.06
1.936
3.06
1.836
3.36
1.936
4.236
3.06
5.56
3.06
2.136
3.06
2.436
3.16
3.06
2.036
2.536
2.536
4.36
1.836
3.06
2.836
4.06
2.736
3.06
3.06
3.06
2.436
2.136
2.136
3.76
3.26
2.136
1.836
2.036
0
0.4
1.624
0
0
1.424
1.7
1.224
0
0.5
0.3
0
0
0.5
0.4
1.224
0
2.924
0.1
2.424
0
1.324
1.224
0
1.3
0.2
0.1
0.4
0
0
0.6
1.224
0.3
0
1.324
0
0
0
4.124
0
0
0.3
0
1
0.1
0.1
1.224
0
1.224
1.224
0.1
0.8
0
1.324
1.224
1.224
0.1
0
1.224
1.424
0.1
0
0
1.224
0.1
0.7
0
1.224
0.9
0
0
0
0
0.3
0.1
0
1.924
0
0
3.06
1.224
1.224
1.224
1.224
1.524
0
1.624
0
0
0.1
1.224
0
0
0
1.224
2.724
0
0
0.1
0
1.424
0
0.2
1.324
0.1
0.2
0.1
1.224
1.524
1.724
0
1.824
1.224
1.224
1.324
0
0
0.2
0
0.1
0
0.2
0.1
0
0.5
0.7
1.624
0.2
1.224
0.2
0.1
1.224
0.2
1.224
0.1
0.3
0
1.224
0
0
1.3
0.1
1.224
0
2.824
1.224
0.3
0.2
0.1
0
0.3
1.224
0
1.424
2.424
3.324
0.1
0.1
0
3.06
0
1.424
0.4
0
0
0
1.224
0.2
0
0
0
0
0
0.2
0
0
0.1
1.224
2.324
0
0.1
0.2
0.1
1.3
0
1.224
0
0.3
0
0.4
0
0
0
0
1.9
1.224
0.4
0
0
0.3
0
0
0.1
0
0
1.624
1.224
0
1.224
1.224
0.3
0
1.6
0.7
1.324
0
0.1
1.224
0.2
0
1.224
1.324
0
0.1
0.2
0.2
0
0.3
0
1.224
0.4
0.2
1.324
1.324
0
0
0.4
0.2
0.1
2.024
0.1
0.2
0
0.2
1.224
0.1
0
0
1.224
1.224
0.5
0.2
0
0
0
1.324
1.324
0.1
0.5
1.224
0
1
0.1
1.224
0
0.4
0
1.224
0.1
2.4
0.6
0
0.8
1.1
0
0.1
0.3
0.7
0.3
1.224
0.3
0.5
1.224
0
0
0.5
0
0
1.224
0
0.3
1.224
0.1
1.224
0
1.324
0
0
0
0.1
0.6
0
0.1
1.624
0.2
0
0
1.424
0.2
0.6
0
1.224
0
1.524
0
0
0.1
1.324
0.2
0.1
0
1.224
3.124
0
1.224
0
0
0.3
2.124
1.224
0
0.1
0
0.2
0.6
0
0
1.424
0
0.2
0
0.5
0.3
1.224
1.424
0.6
0
0.3
0.6
0.3
1.324
0
0
0
0
0
0.1
0.2
0
0.6
0
0.3
1.224
0.1
1.224
1.224
1.424
0
1.324
0.4
0.1
0
0
0.1
1.224
0
0
0.1
0
0
0
1.7
0.4
0
1.324
0
0.1
0
0
0
0
0.1
0
0
1.224
0.4
0
1.224
0.1
0.2
0.1
0
1.224
0
1.224
0
0
0
0.4
0
0
0
0.1
1.324
0.9
1.324
0.2
0.8
0.1
0
2.2
0.2
0
0.1
0.1
0.2
1.224
0
0.2
0.2
0.3
0
0
1.224
0.1
0.1
1.224
0
0
0
0
0
0.1
0.1
0.1
1.224
0.1
0
0.1
0.3
0
0.1
1.224
0
0
0.3
0.3
0
0.2
0
0
0.1
0.6
0
0.5
0
1.424
1.224
0
0
1.524
0
0
0.2
0.1
0
1.424
0
1.224
0
0.4
0.6
0
0.1
0.7
0
0
0
0
1.524
0.1
0.1
0.2
0
0
1.224
0.1
0.1
1.224
0
1.224
0
0
0
0
2.024
1.224
0.2
0
0.3
0.3
0
0
1.324
0.1
0
1.224
0
0
0.4
0
0
0
0.4
0.1
1.224
0
0
0
0
0
0
1.3
0
0.1
0
0.1
0
1.224
0
0.7
0
0.2
1.324
0.3
1.324
0.1
0.2
0
1.224
0.1
1.224
0
0.2
1.224
1.224
0
0.2
1.224
2.4
1.5
0.1
0
1.224
1.324
1.224
0
0
0
0
0
1.324
0.2
0.2
0
1.224
0
0
0
0
0.2
0
0
0
0.1
0.1
1.224
0
0
0.5
1.224
0.5
0.7
0.2
0
0.1
1.524
0.1
0
1.224
0.3
2.024
0.1
0.1
0
0
0
0.1
1.324
1.224
0.3
0
0
0.5
0
0.1
0.1
0
0
0.2
0
0.1
0
1.424
0
0.1
1.224
0.1
0.1
0
0
0
1.224
1.324
1.324
0
0
0
0
0
0
0
0
1.224
0
0.3
0
1.224
1.324
0
0
1.224
1.224
1.224
0.2
0
0
0.1
2.824
1.224
0.1
0.1
0.2
0.3
0.1
0
0.2
0.4
0
2.224
1.224
0
1.224
0
1.424
0
0.1
0.5
2.224
0
0.1
0
0
0
0.2
0
0.2
0
0.1
0.2
0
0
0.3
0
0
0
0
1.224
0
1.324
1.324
0
0
0
1.224
1.224
1.424
0.6
1.424
0.2
1.224
0.1
0
0
1.224
0.5
1.224
0.6
0.1
0.1
0.1
1.224
0
0.5
1.3
0.2
1.224
0
1.224
0.2
1.224
1.9
1.324
1.624
1.524
0.7
1.424
0.2
1.224
1.424
1.324
0
0
0
0
0
0.4
0
1.324
0
0.1
0.5
0
0.1
1.824
1.324
1.424
1.224
0
0
0
0.1
0
2.524
0.2
0.1
0
1.824
0
1.224
0.1
0.1
0.4
1.224
1.724
1.324
0
0.6
0
0
1.424
1.324
1.624
0
0
1.224
1.224
1.224
0
0.2
0
0.1
0.2
0.2
0.4
1.524
0
0.1
1.524
0.1
0
0
1.6
0.2
0.5
0
0
0
1.324
1.324
0.1
1.224
1.224
0
1
0.1
1.824
1.836
0.1
0.2
1.624
0
0.3
0
0
0
0.3
2.024
0.4
1.224
0
0
0
0.2
0.2
0
2.224
0.2
0.2
0.2
0
1.224
0.5
1.224
1.224
0
0
0.1
0
1
1.724
0.3
0.1
0
0
0
0.1
0.1
0.5
3.6
0.2
0
0
0.1
1.6
0.1
0.2
0.1
2
0.3
1.224
0
0
1.324
0
1.1
0.3
1.8
0.2
0.7
0
1.324
0.4
1.624
0.1
0.1
1
0
0.4
0
1.524
0
0.1
2.024
0.7
1.424
1.324
0
1.724
1.424
0.2
0.2
1.224
0.1
0.1
0.5
0.1
1.5
0.1
0.1
1.224
0.2
0
0.7
1.524
0.1
1.224
0.2
1.524
1.224
1.324
0
0.1
1.524
0.1
0
1.324
0
1.924
0.2
0.1
0.3
1.324
1.624
1.524
0.6
0
0
0.4
0
0.1
1.424
1.824
0.1
0.1
0.5
0
0
0.1
2.024
1.224
0.2
0.1
0.1
1.224
0.1
1.324
1.224
0.3
1.324
0
0.6
1.224
0.1
1.324
0.5
0
0.1
0
0.3
0.2
0.7
0.7
0
1.5
0
0
0.1
0.9
1.524
1.524
1.424
2
1.424
0
0
0.4
0.1
0.6
0.3
0.1
0
0.1
0
0.3
0.1
1.324
0.1
1.224
1.224
0.1
1.1
0
1.1
0.1
0.2
1.324
1.324
0.7
0.2
1.924
0.1
0.1
0.2
3.224
0
0.1
0.1
1.224
0.2
0.1
1.524
1.524
0.6
1.2
1.624
0
0.1
0.3
0
0.1
1.2
0
1.824
0.5
0
0
0.4
0
0
0.2
0
0.2
0
0
1.224
1.324
1.424
0.2
0.8
1.724
2.124
0.4
0.4
0
0
0
3.024
0.8
0
1.224
1.624
0
1.424
0
1.724
0.5
1
0
1.224
0.2
1.624
1.524
0
1.224
0.4
0
0.7
2.124
1.224
0.2
0
1.224
0
0.3
0.1
0
1.524
0.1
0.6
1.224
0.5
0.7
1.524
0.5
0.3
0.1
1.824
1.424
0
0.2
0
0.1
0
0
0.2
1.224
0.2
0
0.5
0
0.5
0.4
0.4
0
1.724
0.1
1.424
1.224
0
1.5
0.2
0.1
1.224
0.1
1.424
1.224
0
1.724
0.3
1.224
1.224
0
0.3
0
0.5
1.324
0.2
0.1
1.224
0.2
1.5
1.424
0.2
0.1
1.324
1.1
0.2
0.1
1.424
0
0
1.424
0.9
1.724
0
0.1
0.1
0
0
0.2
0.3
0.7
1.224
0
0
0.1
0
1.224
1.424
0.1
0.3
0
0.2
1.224
0
0.1
0.4
0
0.6
0.1
0.5
1.224
1.224
1.224
0
0.1
0.1
0
0
0
1.224
0
0
1.324
0.9
0.4
1.224
1.724
0.2
1.224
0.1
1.224
0
0.9
1.224
0.3
1.224
0.3
0
0.4
1
0.2
1.224
0.2
0.2
0.6
0
0.3
0.6
1.524
0
0.9
0.7
1.7
0
0
1.524
1.324
0.4
0.1
0
1
0.1
0.2
0
1.224
0.3
0.1
1.324
0
0.1
0.2
0.2
0
0
0.2
0
0
0.4
2.4
0.5
1.624
0.5
0.1
1.424
1.624
0.2
0.4
0.1
0.2
1.424
0
0.5
0.6
0.2
0.3
0.1
2.424
0.1
0
0.5
0.2
1.324
1.924
1.524
1.424
1.824
0.1
0.2
0
0.1
1.724
1.224
1.324
0.2
0.3
0.1
1.224
0
1.224
1.1
0
0
0
1.324
1.324
0.1
1.224
0
1.224
0.2
0.6
1.2
0.1
0.1
0.2
0
0.1
0
1.424
1.224
2
0.2
1.424
0.2
0
0.1
0
0
0
1.824
1.524
1.224
0.1
0.1
0
0
3.024
0.2
1.324
0.6
0.7
1.224
1.224
0.5
0
0.2
0
0.1
0
0.1
0
0.1
1.424
1.4
0.1
0.1
0
1.224
0.1
0.1
0.1
1.724
1.624
0
1.224
0
0.5
1.224
0.2
0.3
1.224
0.4
0
0.1
1.424
1.224
1.524
0
0.1
0.6
0
1.824
2
0.3
0.2
0.3
0.1
0
0.2
0.1
1.324
0.1
0.1
0
0
0.4
1.324
1.824
1.624
0.1
0
1
0.5
1.324
0.8
0.1
0
0.1
0
1.424
1.624
1.524
1.624
0
0
0
0.3
0
0.3
0.1
0
0.4
0.9
0.3
2.124
1.4
0
0.2
1.324
1.224
0.2
0
0.1
0
0
0.3
0.1
0.1
1.224
0.1
0
1.324
1.224
0.2
1.224
1.224
0
0.2
0.3
1.524
2.524
1.624
1.924
0
1.724
1.8
1.324
1.224
1.324
1.3
0
0.1
0.2
0.4
0.2
0
0
0.2
0
0.4
0.4
0.6
0.4
0.4
0.1
1.6
0.1
0
0.2
0
0.2
0.4
0.2
1.824
0.3
0.1
0
0.2
0
0.1
0.2
0.7
0.2
0.1
0.1
2.5
0.3
0
0.3
0
1.724
1.6
1.4
0
0.4
0.1
0
0.5
1.324
2.324
1.3
0.2
0.2
0.1
0.1
0.4
2.924
0.1
0.2
0
1.224
0.2
0
0.6
0
0.4
0.1
0.7
0
0.7
0
0
1.724
0.7
0.2
1.924
0
1.524
1.324
0.1
0.4
1.3
0.2
0
0.5
0.1
0.1
1.324
1.324
2.224
0.1
1.324
1
1.2
0
0
1.224
0.3
0.4
1.224
0.2
0.7
1.7
0
0.1
0.2
1.924
1.224
0.2
0.1
1.5
1.724
1.224
0.4
1.824
1.936
2.736
1.836
3.136
1.936
3.36
0
0.3
0
0.2
1.224
0
0
2.536
1.224
1.624
0.1
0.2
1.1
0.1
0
0.1
1.6
1.224
2.2
0.3
0
0
1.224
1.224
0
0
0.1
0
0.1
0.2
1.224
0
0
0
0
1.8
0.1
1.224
0
1
0.6
3.224
0.7
1.224
1.6
0.3
0
0.2
0
0
0
0.2
1.324
1.324
0.1
0
0.4
1.224
0
0
0
0.1
0.1
0
1.724
0.1
0
0.2
0.2
1.224
0
0
0
2.424
0.1
0
0.1
1.224
0
0
0
1.4
0
0.5
0.3
0
1.224
1.224
0.1
0
1.224
0.4
0.3
0.3
0.4
0.1
1.424
1.224
1.224
1.324
1.424
0
1.224
1.224
0
1.224
0.2
4.1
0.5
0.1
0.7
0.8
0.5
