0.2
1.924
3.924
4.348
2.948
0.5
1.424
2.448
0.2
1.224
1.824
0.1
1.424
6.424
4.324
1.324
1.224
2.448
2.648
2.848
0.2
0.5
1.224
2.448
2.224
2.848
2.948
2.024
2.548
1.324
2.648
0.1
6.7
0.1
1.424
1.1
0
0
0.1
1.1
0
1.7
0
0
0.2
0
0.8
2.024
0.5
0.8
0.2
0
1
1.424
0
1.524
1.324
1.224
0.1
1.5
5.724
2.424
0.3
5.248
1.3
0.6
1.624
1.424
0.2
5.724
0.7
2.224
1.324
0.2
5.4
3.024
1.324
1.724
1.324
0.1
3.624
1.324
0.1
1.424
0.1
1.224
1.224
0
1.224
5.972
0.1
1.424
1.324
1.224
1.224
0.4
0.5
1.324
2.748
2.648
0.2
2.224
2.624
0.1
1.224
0
0
2.3
1.324
0.4
1.924
1.624
0.1
1.424
0.1
0.9
0.3
2.548
0
0.1
9.924
0.2
2.948
1.924
1.524
0.1
0.3
0
0
2.124
0.7
0.4
1.624
0
0.5
1.5
0.2
1.524
0.6
1.5
1.224
3.972
1.224
0.6
1.224
1.224
0.4
1.324
0
1.224
0.3
0.2
0.4
0.1
1.2
1.2
1.724
0.3
1.8
0.2
0.3
1.224
0
1.324
0.3
1.424
1.324
1.224
0.9
8.148
1.624
2.324
1.524
0.1
1.624
1.824
1.324
1.424
0.2
1.32
1.42
2.644
1.324
2.448
2.1
3.348
1.3
1.324
1.424
2.548
1.524
0.4
0.2
2.324
1.324
0.3
0.1
0.5
0
3.624
1.624
1.224
0
2.024
2.5
1.224
0.1
0.5
1.724
1.324
1.324
0.1
3.648
1.224
0.1
8.324
0
7.148
0
1.224
1.224
1.424
2.4
1.324
1.224
0.7
0
0
1.924
1.224
2.848
2.448
1.424
0
1.624
0.1
9.148
0.1
0
0.4
0
1.7
0.7
0
1.324
1.324
2.548
2.548
0.2
3.524
0
1.624
1.724
1.224
1.324
0
1.324
3.724
2.948
0.5
1.324
1.224
1.924
1.4
1.224
1.224
4.724
1.224
0
1.224
0
0.4
0
1.424
5.624
0.1
1.324
1.324
1.224
1.224
2.448
1.424
2.848
2.448
2.948
0.1
0
0
1.424
0.1
0
1.224
1.224
7.224
1.224
0
1.524
0.4
1.724
0.2
3.448
1.324
0.3
2.224
1.924
1.224
2.824
2.124
2.548
1.724
2.948
1.224
1.224
2.448
2.548
1.524
0
0.3
1.324
0.4
0
1.524
1.4
1.2
1.924
0.1
1.324
1.324
1.524
1.224
6.648
4.172
1.224
1.624
1.424
1.224
0
1.424
3.1
1.424
1.224
0
7.424
1.624
1.5
0.4
0.4
1.524
3.2
1.424
0.1
1.424
4.224
7.924
2.448
0.2
0
1.424
2.548
3.124
0.3
1.424
0.1
0
1.224
1.524
1.324
1.224
1.424
1.424
1.224
0.1
1.424
1.324
2.648
1.224
5.348
1.224
1.324
1.824
3.048
4.648
1.324
1.224
2.448
0.4
1.624
1.6
0.3
0.1
1.524
2.448
7.348
2.648
3.048
0.3
0
0.4
0
2.448
1.324
1.424
0
2.124
1.224
0.1
2.548
2.448
0.8
1.324
4.924
0.8
2.548
0.1
2.748
1.824
0.2
2.548
3.048
1.524
0.1
2.848
1.2
3.948
0.2
0.4
2.848
1.524
0.7
2.324
3.972
2.024
0
0.6
1.924
3.348
0.1
3.424
0.3
2.948
2.648
2.848
3.672
1.324
2.648
1.224
2.448
1.224
0.7
0.2
2.748
0
2.448
1.724
1.424
0
2.324
2.648
0.1
4.948
0.2
1.224
0
1.3
2.648
1.624
0.1
5.8
1.6
2.448
1.7
5
0.1
1.724
3.248
0.8
4.948
2.448
0.6
2.424
1.424
1.224
0
0.5
3.048
0
2.448
3.848
2.848
1.224
0.1
2.448
1.324
2.848
0.4
0
2.548
0.1
2.024
1.324
1.624
2.024
0.4
0
1.324
1.224
1.224
2.324
2.548
1.224
0.1
2.648
1.324
0
1.224
2.648
2.648
0.1
2.548
1.424
5.224
0.1
1.224
0
2.448
2.724
2.324
1.224
1.324
0
1.324
1.924
2.424
0.2
0
2.548
0.2
0.8
0.1
0.3
3.148
1.424
4.272
0
2.648
0.2
2.024
3.248
1.424
0
0
1.924
1.424
0
0.2
0.1
0
2.124
0.1
0
4.072
0.3
1.224
1.224
2.324
0
1.224
0.5
0.5
2.848
1.224
2.024
1.224
2.648
0.2
0
1.324
0
0.2
4.2
1.5
1.224
1.224
1.224
0.3
0.1
1.324
0.1
2.448
0
1.524
2.548
1.324
1.5
0
1.224
0.2
0.5
0.3
1.224
1.324
2.548
4.172
1.224
1.224
2.848
4.248
0.7
2.548
2.448
0.1
2.848
1.6
2.448
1.324
1.8
0.1
0.2
2.4
3.148
1.224
2.748
0.3
0.4
1.224
2.448
3.248
1.924
1.724
0
1.324
1.424
0.1
0.1
1.224
1.424
1.324
1.424
0.1
0
2.948
1.424
1.224
1.224
0.8
1.224
0.1
0.6
2.448
1.424
1.324
0.1
0.1
1.2
0.2
1.224
1.924
1.324
2.448
1.624
4.224
0.2
2.024
0
1.224
1.324
0
1.524
2.848
0
1.324
0.2
1.624
1.224
3.948
0
3.672
2.124
2.524
2.024
0.1
2.948
2.324
0
1.424
2.548
0.1
4.272
0.1
2.124
1.724
0
1.224
2.448
0.1
0.3
3.772
0.5
1.224
1.224
1.324
0.1
2.648
3.148
2.448
0.9
0.1
1.1
1.1
0
2.548
1.224
1.324
2.548
1.224
0
2.448
1.724
1.624
2.548
1.624
1.524
0.1
1.324
0
0.2
0
1.224
2.448
1.524
6.824
0.1
0.1
1.324
2.548
1.224
1.224
1.224
0.5
2.848
1.624
1.724
1
3.448
0
1.524
2.448
1.324
0.6
1.224
0.2
0.3
3.048
1.324
1.324
0.1
2.448
8.424
2.324
1.824
0.7
2.948
2.748
1.224
0
0.1
0
2.448
0.7
2.448
1.1
2.224
0
3.672
1.224
0
1.324
2.748
1.524
0
1.324
1.424
1.924
0.2
2.448
1.424
0.1
3.548
1.224
3.548
4.124
0.5
1.424
2.548
2.848
0.2
1.324
1.324
2.024
8.148
2.748
0.1
1.224
0.3
0.1
0
3.848
1.224
2.848
1.324
0
1.924
1.224
2.448
1.624
2.648
1.224
0.2
1.224
0.3
2.748
2.548
2.448
0.2
2.448
1.224
0.1
0
0
2.948
1.224
1.324
1.424
1.224
1.224
1.224
1.224
0
1.424
0
0.1
1.424
2.448
1.724
1.824
1.324
2.548
1.224
0
4.072
1.424
2.548
2.924
1.324
0
1.324
3.648
1.624
0.5
0
0.4
0.1
0.5
2.448
0.5
0.6
0
4.148
1.324
1.324
2.548
2.448
2.548
1.324
0.1
3.224
3.624
0
0.3
1.324
2.448
0.2
0
1.324
0.3
0.1
1.224
0.8
2.548
0
1.424
2.448
0.4
0
2.448
2.648
1.224
1.224
1.524
0.1
0.1
0.1
2.648
1.324
1.624
4.348
1.924
0.3
1.224
1.524
1.324
0
1.224
0.6
3.672
0.2
2.024
0
1.724
1.524
2.448
3.848
3.948
0.3
2.448
2.448
2.648
0.3
2.448
4.824
2.548
4.972
3.248
0.7
1.424
3.148
2.448
4.472
2.948
2.748
2.548
0
0
0
1.524
0.2
2.648
0.1
1.424
1.724
1.424
1.524
7.748
2.448
2.648
1.224
0
0
1.424
2.648
1.724
2.724
2.648
3.148
1.324
5.172
2.448
2.448
0.3
0
0.1
3.772
4.672
4.072
1.224
1.1
1.12
0
1.524
1.224
2.948
0.2
0.1
1.224
2.648
1.424
1.424
2.424
0.5
0.3
1.824
1.324
3.824
1.924
0
0
3.948
2.524
1.224
1.424
3.324
2.024
0.8
1.324
2.648
0
1.424
2.524
1.424
1.324
1.224
0
4.724
0
5.424
0
1.324
0.1
2.724
1.224
1.6
0.2
0.5
1.12
1.02
4.944
1.52
2.244
1.12
1.12
1.02
1.02
3.468
1.02
22.692
1.32
1.32
1.02
1.22
2.544
1.62
2.244
3.468
1.224
0
0
1.424
3.948
1.924
1.1
0.2
1.424
1.624
1.324
0.2
0.3
0.5
6.1
0
0.3
0.5
0.3
5.324
1.624
1.824
0.2
1.5
0.1
2.324
1.224
0
1.324
1.224
1.5
0.3
0.8
0.1
0.2
1.324
1.424
0.2
1.924
1.524
0.2
1
0.5
0.8
1.424
1.624
1.424
0
2.024
1.924
1.624
1.324
1.524
1.624
2.948
0.2
0.1
3.672
0
0.4
1.724
0
1.6
1.524
0
1.224
0.5
1.224
1
1.524
0.1
2.448
0.2
1.324
1.224
1.224
0.3
0.5
3.524
0.2
0.1
1.424
1.224
2.224
0.1
0.1
0
1.224
1.424
1.324
0.6
0.4
0
0.8
0.2
0.2
1.624
2.024
0
0.2
0.4
0
1.224
0.2
2.948
2.648
0.2
0.4
0.5
1.224
0.3
1.424
1.224
0.1
2.548
0
0.8
1.524
0
1.324
0.5
0.3
2.448
0.3
0.3
0.6
1
2.1
0
1.6
0.1
0.1
0.3
0.6
1.624
3.048
1.224
4.624
1.424
1.324
2.548
1.424
0.2
0.7
1.724
0
0
1.224
1.224
0.3
0.4
1.224
0.1
1.224
1.224
0.3
3.424
0.1
0.4
1.224
0.2
1.224
1.424
0.6
0.3
2.024
1.324
0.4
0.1
9.924
0.1
0.1
0.2
1.224
0.5
0.1
1.424
1.424
0.4
1.2
1.324
0.1
0
0.7
0.3
0.2
1.3
0
3.248
1.924
0
0
0.5
0
0
0
0.1
0.2
1.424
0.2
1.424
1.424
1.424
0.5
0.6
2.124
1.624
0.5
1.824
1.224
1.324
0
6.424
2.724
1.224
1.424
1.824
1.224
1.324
0.1
1.324
0.4
2.224
0.2
1.324
0
1.324
1.524
0
1.324
0.2
0.1
0.9
4.124
2.448
0
0
1.424
0.3
0.3
0
1.224
1.524
0.1
0.3
1.224
0
0.7
2.024
0.5
0.1
0.2
1.524
1.324
0
1.524
1.224
0
0
0.4
2.224
1.424
0.2
0
0.9
0
0.2
2.124
2.524
1.224
1.524
0.1
2.224
1.224
0
2.1
1.624
1.424
1.224
1.424
1.224
1.524
0.1
1.524
0.2
1.724
1.324
0.5
0.1
0
1.8
3.672
0.1
0.1
1.224
0.5
1.4
1.424
0.2
0.1
1.224
0.4
0.2
0
1.524
0
0
2.848
0.7
1.624
1.224
0.1
0
0.5
1.424
1.524
0.2
0.7
1.424
1.524
1.424
1.324
0
1.224
3.048
0.2
0.3
0
0.3
2.448
0
0.1
0.4
0.4
0.5
0.3
0.6
1.224
1.224
1.224
0.1
1.924
2.548
0.2
0
0
2.548
0
0.1
1.524
1.824
1.324
1.224
1.324
0.1
1.324
0.2
1.424
1.224
0.6
1.324
0.5
2.448
0.3
1.624
0.6
0.3
0.2
1.224
0.1
0.2
0.7
0.1
1.724
2.124
1.624
0
0.6
1
2
1.524
0
2.648
1.224
1.624
0.1
0.1
1
0
0.1
0
1.224
0.3
1.824
1.424
0.1
0.1
0.3
0.3
0
0
0
0.2
1.524
0.2
3.724
1
1.824
1.824
0.1
1.424
1.624
0.9
0.6
1.624
0.1
2.748
1.224
0.6
0.4
1.324
0
1.224
4.124
0.1
0
0.7
0.2
1.624
2.624
2.124
1.524
1.924
0.6
0.6
0
0
2.624
1.224
1.224
2.424
0.2
0.2
2.948
0.3
1.324
0.7
0.3
0.1
0.1
1.524
1.224
0
1.624
0
1.224
0
1.4
1
0
0
1.624
0
0
0.2
1.324
1.224
2.4
0.5
1.224
0.2
0.2
0
0.2
0.1
0.1
1.324
1.224
1.624
1.624
0
1.324
0
6.124
0.1
1.224
0.8
3.324
1.324
1.224
0.4
0.4
0.3
0
1.224
0.2
1.624
1.224
0
1.724
4.024
0
0.2
0
1.224
1.324
0.1
0.1
1.424
3.048
0
1.524
1.424
0.6
1.824
2.448
0.1
1.224
1.724
0.1
0
2.948
1.224
1.324
0
0
0.4
0
2.124
2.2
1.724
0.3
1.824
0.2
0.2
0.2
1.624
1.324
0.1
0
1.224
0
1.524
1.324
2.124
1.724
1.424
0
0.6
0.4
2.948
0.2
0.1
1.224
0
0.3
1.624
2.948
1.624
1.724
0
0
0
0.1
0.1
0.8
0.1
1.224
0.3
0.5
0.1
2.324
1.8
0
0.2
1.424
2.448
0.1
0
1.224
2.448
1.324
0.3
0
1.224
2.448
0
0.2
1.424
2.448
0
1.224
1.224
0
0
2.024
1.224
3.024
1.524
3.024
1.424
1.524
2.8
2.448
1.224
1.424
3.124
0.1
0.2
1.524
0.6
0.3
0.2
0.1
0
0.2
1.424
1.824
0.8
2.024
3.348
0.2
1.4
1.224
0
0.2
1.324
0.5
1.624
0.1
1.624
1.424
1.324
1.224
0.3
0.1
0.1
0
0.3
1.1
0
0.1
5.624
0.3
0
0.2
2.548
2.624
3.624
2.624
0
0.6
0
0
2.224
1.724
2.624
0.5
0.5
1.1
0.4
0.3
0.5
7.048
0.1
0.4
0
1.324
0.7
0
0.8
0.1
0.1
0
2.424
0.2
0.7
0
0.1
1.724
2.124
0.3
1.524
0.2
3.524
1.724
0
0
0.6
0.1
0
0.2
0.2
0.1
1.424
1.424
2.024
0
1.524
0.1
1
0
0.1
1.324
0.6
1.3
2.448
0.1
0.7
2.724
1.224
0.1
0
2.024
1.224
0.1
0
1.4
1.924
1.524
0.6
1.624
1
1.1
0.2
1
0.1
1.724
1.324
2.224
0.1
0
1.324
0
2.344
1.72
2.548
1.324
0.1
2.848
2.524
0.1
0
1.624
3.5
1.224
4.8
1.624
0.2
0
1.224
1.224
2.448
0.1
0.4
3.548
0.1
3.548
1.224
2.748
0.3
1.424
0
11.648
0.6
1.224
0
2.924
0.7
6.724
3
1.224
2.9
2.024
2.748
0.1
0.1
0
1.224
1.824
2.548
1.324
0.1
2.448
0.2
3.672
0.2
1.324
1.424
0.4
1.924
1.424
4.072
0.6
1.524
2.124
2.548
1.424
0
1.524
0.2
4.972
1.324
1.524
0.1
2.448
1.324
0
0.8
4.948
1.224
0.5
1.7
0
1.224
1.224
0
1.324
2.548
1
1.324
0.1
1.724
1.524
1.324
2.448
3.772
2.548
1.524
2.648
2.448
1.624
0
1.424
1
6.8
0.4
0.1
1.2
7.848
1.2
