1.724
0.2
0.8
0.2
0.1
0.1
0.1
0
1.224
0
1.524
0
0.3
0.3
0.6
0
0
0.1
0
0
0.2
0.2
0
0
1.224
0
0.1
0.2
0
0.1
0.1
0
2.224
1.324
0
1.424
1.424
1.224
0.1
1.624
1.224
1.3
0
0
0.1
0.1
0
0.7
1.624
1.424
0
0
1.524
0
0
0
1.324
0
1.224
0.6
1
0.5
0
0.5
0.3
1.524
0
0
0.4
0.5
1.324
1.724
1.924
1.324
0.9
1.824
0
0.2
0
1.224
0.3
0
0
0
0
0
0
0
0
0.5
1.224
0.3
0.2
0.1
0
1.324
1.224
1.224
0.2
0
0
0.2
0.4
1.224
0
1.324
1.324
0.8
0.1
1.224
1.724
0
1.224
0
0
0.1
1.224
0.2
1.324
1.424
1.8
0
0
1.724
0
1.224
1.324
0
0
0.2
1.424
0
0.1
0
0.1
0.8
0.4
0.1
0.3
0.7
1.324
0
0
0.5
0
0
0
0
1.424
0
0
1.424
1.324
1.224
1.724
1.624
0.4
0.1
2.024
0.1
1.224
0
1.224
0
0.2
0.3
0.1
1.224
0
1.9
1.224
1.824
0
1.224
0.2
0.6
0.2
0
0
2.944
3.444
1.92
0
0.1
0.4
0.7
0.6
0
0.3
0
0.2
1.424
1.524
0.4
0.1
0.2
0.1
1.424
1.224
0.2
1.524
0
0
0
1.724
0
1.324
1.424
0.2
1.224
0
1.324
0.5
0
1.224
1.1
1.224
1
0
0
0
0
1
0
0
0
0
0
0.3
1.224
0.1
0
0
0
0
0
1.4
0.1
0
0.4
0
0
0.1
0
0
0
0
0
0
0.7
0
0
0
0
0
0
0
0
0
0.1
0
1.224
1.224
0
0
1.224
0
0.1
1.224
0
1.224
1.324
1.224
0
0.1
0
0
0.1
1.324
1.324
0
0
0.3
0
0.1
1.224
0
0
0
0
0
0
0
0.6
0
0
0
0.2
0.4
1.224
0
1.324
0.2
0.1
0.1
0
0.1
1.324
0.2
1.224
0
0.1
0.2
0
0
0.1
1.224
0
0
0
1.224
0.1
1.424
0.6
0.6
1.224
0
0
0
0
1
0
0
0.2
0
0
0
0
2.024
1.224
0
1.224
1.1
0.1
1.424
0.5
1.424
0.1
0.4
1.224
1.324
1.324
0.5
1.8
0.1
0.1
1.224
0.1
0
1.224
1.424
0
1.224
1.224
0
0
0
1.224
0.1
0
0
0.1
0.1
0
0
0
0.3
0
0
0
0.2
0.5
0
0
0
0.1
0
1.324
1.324
0
0
1.324
0.8
0
0.5
0
0
1.324
1.224
0
0
0
1.224
0.1
0
1.224
0
0
0.3
0
0.5
0.2
1.224
0
0.1
0.2
1.324
0
0
0
0
0
0
0.5
1.224
0.1
0
1.324
0.4
0
0.1
1.424
0
0.2
0.2
0.1
1.224
1.824
0.2
1.324
0
0.2
0
1.224
0.1
0
0
0
0
0.1
0
0
0
0.1
0
1.224
0.2
0.1
0
0.4
0.2
0
0
0.7
0
0
0.3
1
0.4
0
0.1
1.724
0
1.424
0.2
0.2
0.1
0
0
0.2
0
0
1.224
0.2
0
0
0
1.224
0
0
1.224
0
0.2
0.3
0
0
0
0
0.6
0
0
0.2
0.2
1.324
0
0.1
0
0
0
0
1.224
0.1
0
0
0
0.1
0
1.224
0
0
1.2
0
1.224
0
0
0
0.6
0
0
1.224
0
0
0.2
1.224
0
0
1.224
1.924
0
1.524
0.2
0.1
0.5
1.224
0.1
0.1
0.5
0.2
0
1.224
1.224
0.2
0.1
0
1.324
0.1
0
0.2
0
0
0.1
1.424
0
0
0
1.224
1.724
0.2
1.324
1.224
0
0
0
0
0
0
0
0
0
1.824
0.2
0
0
0
0
0
0
1.324
0
0
0
0.1
0
0.5
0
1.224
0
0
0.1
0
1.224
0
0.1
0
0
0.1
0.2
0
0
0
1.224
0.1
0.3
0
0.1
0.7
0
0
2.324
0
1.224
0
0.1
0.1
0.1
0
0.2
0.1
1.724
0
0
0
1.224
0.2
0
0
0
0
0
0
0.1
0.1
1.224
0
0.2
1.324
1.224
0.6
0
0
0.1
1.224
1.224
0.3
0
0
0
0
0
0
0.4
0
1.324
0
0
0
0
0
1.224
1.224
0
0
0
0
0.3
0
0
0.1
1.324
0.5
1.224
1.224
0.2
1.224
0.1
0
0
0
0
0.4
0
0
0
0
0
0.1
0
0.3
0
0
0
1.224
0
0.2
0
0.1
0
0.2
0
1.224
0.1
1.224
0.1
0
0
1.224
0.1
0
0.1
0
0
0.2
0.1
0
1.224
1.224
0
0
0
0.1
1.1
0
0
0.1
0
0.1
0
0
0.5
0.1
1.424
0
0.1
0
0
0
0
0
1.224
0
1.324
0.1
0.1
0
0
0
0
1.6
2.624
0.1
0.1
0.5
0
0
1.224
0
0
0
0.1
0.1
0.3
1.224
1.224
0
0
1.224
0
0
0.1
0
1.324
1.224
0.1
1.424
0
0
0
0.1
1.224
0
0.1
0
0.2
0
0.1
0
1.224
0
0.1
0.5
0.1
1.224
0
0.1
0
0
0.2
1.224
0
0
1.224
0.2
0
0.1
0
0
0.2
0
0
0.1
0
0.1
0
0.1
0
0
0
1.224
1.224
1.224
0
0
0.1
0
1.324
0
0
1.224
0.1
1.224
0
0
0.1
0.2
0.1
0
0.1
0.1
1.224
0
0
0
0.1
0.1
0
1.224
1.2
0.1
0.1
0
0
1.224
0
0
0.2
1.924
1.224
0.2
0
1.224
0
1.224
0
0
0
0.5
1.724
1.324
0.1
0
0
0
0.1
0.1
0
1.224
0
1.224
0
1.224
0.2
0
0.1
0
0.1
0
0
0
0
1.224
1.224
0.1
0
0
0.2
0.8
0.1
0
1.224
0.3
0
1.224
0
1.824
0
1.724
0.6
0
0
1.224
0
0
0.5
0
0
0
0.1
1.424
0.1
1.824
0
0.7
0
0.4
0
0
0
0.3
0.1
0
0.2
0.1
0
0
0
0
0
0
0
0
0
0
0.3
0
0.4
0
0
1.224
1.224
0
0
0.3
0.1
0.2
0
0.2
0
0
0
0
0
0
0.3
0.2
0
1.624
1.42
0.2
0
0
0
0
0
0
0.2
0
0
0.3
0
0
0.2
0
0.4
0.1
1.224
1.224
0.2
0.2
0
0.1
0.8
0.3
0.2
1.224
0
0
0.2
0.1
0.1
0
0
0
0.8
0
0.4
0.2
1.224
0
0.3
0
0.4
0
0.1
1.22
2.344
1.22
1.02
1.02
2.244
1.02
2.244
2.244
1.22
2.244
1.32
1.32
8.844
3.144
2.244
1.02
1.12
1.02
1.02
0
0
0
1.424
0.3
0.1
0
0.1
1.224
0.1
0
0
0.2
0.1
1.7
0.1
0.1
1.424
0
0.7
0.1
0.2
0
1.724
1.224
0
0
1.224
0
0.1
2.424
1.624
2.324
0.2
1.224
1.324
0
1.424
0.2
0
0.2
1.924
0.1
0.6
0.1
1.824
1.224
0.1
0.5
0.9
0.2
0.3
0
0
0.2
2.024
1.624
0
0
1.324
1.324
1.224
1.5
0.2
0.1
0
0.4
0.1
1
0.3
0
0
1.524
0.3
0
0.1
0.2
0
0.2
1.624
1.224
0
0
1
0
1.424
0.1
0
0.2
0.1
2.024
0.1
0
0.5
0.3
0.1
0.4
0.4
0
1.824
2.424
0
0
1.724
1.524
1.224
0.3
0.2
0.3
0
0.2
0.1
1.224
0
0
0
1.924
0.1
1.224
0.1
1.724
0.1
0.3
0.1
1.224
0.3
0.7
1.424
0
0.9
1.224
1.224
0.2
2.224
0.3
0.5
0.2
1.4
1.424
0
0
0.1
0.1
1.424
1.424
0
0
1.424
1.224
0.5
0.2
0.1
1.224
0
1.224
0.1
0.7
0
2.224
0
0.3
0
0.2
1.524
0.6
0.5
1.624
0
1.424
1.1
0.1
1.224
0.1
0
0.2
0
0.1
0.1
1.924
2.124
1.324
1.324
0
1.624
0.4
0.1
0.9
0
0.5
0.6
0
0
0.1
1.624
0
1.224
1.224
0.1
0.2
0
0
0.1
0.5
0.1
1.824
1.324
1.624
1.824
0.3
0.1
0
0
1.5
0.6
1.324
0
0.2
0.2
0
0.5
0.5
0.5
0.7
1.224
0.3
1.424
1.524
1.524
1.524
0
1.524
1.324
0.4
0.8
0
1.524
0
0
0
2.324
0
0
0.2
1.424
0.2
0.1
0.1
0.9
1.424
0.4
1.424
0.1
1.324
0.1
0
1.324
0
0
0
0
0.6
0.1
1.924
1.224
2.024
1.224
1.324
1.824
0.4
1.424
0.6
0.1
0.2
0
0
2.824
0.3
1.224
1.224
0.1
0.2
0
0
0.8
1.324
0
1.224
0.3
1.324
0
1.624
0
0
0
0.1
0.3
2.424
0.4
1.324
1.424
0
2.024
1.724
0.1
0.6
0
1.224
0.2
1.624
0.9
0.2
1.524
1.424
0.1
1.424
0.5
1.424
1.724
0.2
0
0.1
0
0
0
0.2
0.1
0.3
0
1.324
0
0.1
0.1
0.5
0.1
1.924
0.1
1.924
0
0
0.1
0
1.424
0.1
1.324
0
0
0
1.324
0
1.324
1.924
0
0
0.3
1.424
0.2
1.424
0.3
0.1
1.624
0.2
0.4
0
0.3
1.624
0.5
1.724
1.724
1.224
1.524
1.424
2.124
0
2.224
1.424
0.3
0
1.924
0.3
2.624
0.1
1.224
0.4
0
1.424
1.324
0
0.1
1.224
0.1
0
0.1
0.3
0.1
1.324
0
0.4
1.324
1.324
1.224
1.224
1.224
0
1.424
1.724
2.324
0.6
0.1
1.324
0
0.3
0.4
0.7
0.5
0
0.3
0.2
0
0
1.424
0.1
1.324
0
0.2
0
1.224
0.5
1.624
0.1
0.5
0.1
0.1
2.024
0.6
1.324
0.1
0
1.724
0
0.1
0.2
1.324
0.2
0.2
0
1.224
0.6
0.4
0.1
0.1
1.524
0.1
1.324
0
1.224
0
1.224
0.4
0.3
0
1.424
1.524
0
0
0.3
0
0
1.724
1.324
0.5
1.424
0.4
1.524
1.524
0
1.224
0.5
0.1
0.3
0
0.1
1.224
0
0.8
1.224
0
0.4
1
0
1.224
1.724
0.1
1.224
0
0
0.1
1.224
1.224
0.1
0.1
2.224
0
1.324
0
0
0
1.524
0
0.2
0.6
0
0.1
1.224
1.924
0.4
0.1
1.224
0
0.5
0
1.224
0.1
0
1.224
0
0.1
1.724
0
2.124
1
1.424
1.524
0.1
0
0
1.524
0.2
0.2
0
1.424
0
0
0.8
0
0.2
1.2
1.324
1.224
1.724
0.2
0.2
1.624
0
0
1.224
0.4
0.2
1.624
0.6
0.2
0
0
1.224
1.724
1.424
0.4
1.224
1.224
1.224
1.724
1.424
0.9
2.924
0.2
2.024
0.1
0.1
1.224
0
1.824
0.1
0
1.424
1.224
0
0
1.224
0.3
0.1
0
0.1
0
0.2
0
1.224
0.3
1.524
2.924
0.1
0.1
0
0.7
0.6
0
0
0.2
0.8
0
0
0
0.8
1.324
2.224
0
1.324
0.2
0.1
2.224
1.724
0.4
0.2
0
2.024
0.2
1.324
0.3
0
0.5
1.324
0.2
0.2
1.724
0.3
0
0.1
1.224
1.324
0
1.424
0.2
1.224
0
1.8
1.524
1.424
1.324
0.2
0.9
1.4
0.9
1.224
1.824
0
0
0.2
1.324
0.1
1.824
0
0.3
0.1
1.524
0.9
1.4
1.224
0.4
0
0.1
1.624
1.424
1.624
0
1.324
0.1
0.2
0.3
0.2
1.224
0.5
0.5
1.724
0.2
0.2
0
0.1
0.2
1.224
1.324
2.524
0.8
1.424
1.424
1.324
1.424
1.224
0.5
2.424
1.224
0.3
1.824
2.524
1.324
1.324
0.1
1.524
0.5
0
1.324
1.324
2.624
0
1.624
0.3
1.424
0.4
0
1.324
1.3
1.3
0.2
1.624
0.7
0.3
0.7
0
0.9
0
0.3
0.1
1.624
0
0.3
0
0
1.02
1.52
0
1.324
1.224
0.2
1.524
1.224
1.224
1.224
1.624
0
1.1
0
1.324
1.224
0
0
0.1
1.224
0.2
0.2
0
0.1
0
0
1.324
0
1.224
1.4
0
0
0
0.7
0.2
2.324
0.3
1.224
2.524
0
0
1.224
0
0
0
0.1
0
1.324
0
0
1.524
0
0
0
0
0
0.1
0
0
0
0
0.1
0
0
1.224
0
1.324
0.2
0
0
1.324
0
0
0
0.1
0.3
1.224
1.224
1.424
1.224
0
0
0.2
0.1
0
0
0
1.424
1.324
0
0
0
0
0.3
0.2
0
0
0
1.224
0
0
3.224
1.324
1.324
1.824
0.5
1.524
