0.5
0.2
1.924
0
1.724
0
0
0
0.2
0
0.1
1.324
0.2
0.2
0.4
0
0.1
0
0
0
1.224
1.424
0
0
0
0
0.1
0.1
1.324
0
0
1.424
0.7
1.224
0
0.2
0
0.1
0
0.2
0.1
2.024
0
0.1
0.1
1.324
0
0.4
0
1.324
1.224
0
1.424
0
0.1
0.1
0.2
0.2
0
2.024
0.7
0.2
0
0.6
0.2
0.2
0.1
0.1
1.224
0.8
0.2
1.424
0.1
0.3
2.624
0.4
1.224
0.2
0.3
0
2.124
0.1
1.324
0.2
0
0
0.1
0
0
0.3
0
0.1
0
0.1
0
1.424
1.324
0
1.324
0
0.2
0.5
0.3
0.1
0
0
0
0.7
0.3
1.224
0.1
0
0
1.424
0.2
0.3
0.1
0.2
0
0
1.2
0.1
0
0.1
0
1.224
0
1.224
1.624
1.924
0.3
0.2
0.2
1.324
1.324
0.5
1.324
1.324
1.424
0.4
0
0
0
1.624
0
0
1.224
0.2
0
0
1.224
0
0.4
0.2
0.4
0.3
0
0.2
0.4
0.1
0.1
0.1
0
0
0.2
0.1
0
0
0
1.3
0.1
0.2
1.224
0
1.224
1.924
0
1.224
1.224
1.02
1.12
3.768
0.1
1.324
0.3
1.624
2.324
1.224
0.1
1.324
0
1.424
0.2
1.624
1.224
1.224
1.324
0
0
0.3
0.1
0
0
0.3
0.9
0
0
1.524
1.524
0
1.324
0.2
0.2
0
0
1.2
0
0.6
0
0
0.1
2.548
1.924
2.648
1.224
1.724
1.224
1.224
1.724
1.224
1.324
1.224
1.224
0
1.324
0.1
3.624
1.424
0
2.124
0
2.124
1.524
0.2
0
0
1.224
1.224
1.224
0.3
0
0.1
0.2
0
0.1
1.224
0
0.1
1.424
1.424
1.324
0
0
0.5
2.448
0
0.2
2.448
0
1.224
0
0
0.2
1.224
0.5
0
1.424
1.324
1.224
0
0
1.224
2.648
2.448
1.324
0
2.448
2.448
1.324
1.224
1.224
2.448
0
0.1
0
0
1.224
0
0.1
0
0
0
0.8
0.1
0
0
0
0.5
0
0.4
0
0
1.324
0
0
1.624
0
1.224
0
1.624
0
0
0.2
0.1
0.3
0
0
1.224
0
0
0.2
0
1.324
1.424
1.424
0
1.224
0
1.1
0
0
1.224
2.224
0
0.1
1.524
2.648
1.424
0.3
0
1.324
0.1
0.7
1.4
0
0.1
0
0.1
0
1.324
1.224
0
1.224
1.224
1.224
0
0
2.448
0.1
1.224
1.224
1.324
0.1
1.324
0
0
1.524
0
0
0.1
1.524
2.024
1.324
0
0
0.1
2.648
1.624
0.1
0.1
0
1.224
0.5
0
0.1
1.324
0
0.2
0
0
1.424
1.324
0
3.548
2.448
1.224
2.548
2.448
1.424
1.324
0.3
1.824
0.1
0
0
0
0.1
0
0.2
0.4
1.224
1.224
2.748
0.3
0
1.324
0.1
1.324
1.824
1.524
0
0.1
1.324
0.1
1.524
0.2
0
0.2
1.424
0.6
1.224
0.1
0
0
0.3
1.224
1.224
1.224
1.224
1.424
0
0
0
1.724
0.1
0
0.2
1.224
0.1
1.724
1.224
1.324
1.424
0
1.224
0
0
2.724
0.2
0
2.124
1.624
0
0.4
1.224
1.924
0.1
0
0.2
0.5
1.424
0
0
0
0
0
1.224
0
0
1.224
0
1.224
1.324
1.224
0
0.1
0
1.324
2.848
1.224
0.2
1.324
0.1
0
0
2.548
1.224
0.7
0.1
0
0
1.824
1.224
1.224
2.448
1.324
0
1.324
1.324
0
0.5
1.224
0
1.224
0
2.548
1.824
2.448
0
0
1.324
1.924
1.924
1.524
0
2.448
0
0.1
1.224
0.2
0.1
2.448
0.1
0
0.2
1.824
1.224
1.424
1.324
0
0
0
1.224
1.424
0
0
1.224
2.124
1.224
0
0.1
0
0
0
0.2
1.224
0.1
1.424
1.424
1.224
1.224
0.2
1.224
0.1
1.324
0
0
1.224
1.224
0.4
1.624
0
1.424
0
0.1
2.448
2.548
0
0.2
1.224
1.324
1.224
0
0
0
0
1.224
1.524
0
1.224
0
0.1
0
0
1.224
0
0.4
1.624
0
0
0
0.1
1.424
0
0
0.1
0.2
0
1
1.224
1.224
0.1
0
0.1
1.324
0
0.1
1.524
2.648
0
0
1.324
0
1.424
1.224
0.1
1.224
1.224
0
1.224
0
1.224
0
1.224
1.624
1.324
0
0.3
0
1.524
0
0
0
0
1.624
1.224
1.224
1.324
0
0.3
2.524
0
1.624
1.224
0.1
1.324
1.224
0.1
1.424
0
1.224
1.424
1.224
1.524
1.524
0
1.224
1.224
1.424
2.324
0.1
0
1.624
0
1.224
0
1.324
1.324
1.324
0
2.548
0.1
0.1
1.524
1.324
0
0
1.824
1.224
1.224
1.224
2.548
0.1
0.4
1.324
0.1
0
2.648
1.324
0
1.224
0
1.224
1.324
0
0
0
1.924
1.224
1.324
0
1.724
1.624
0.1
0
0
1.224
1.424
1.224
1.324
0.6
1.224
0
1.224
0.1
1.224
1.324
1.224
1.324
0.2
1.524
0
1.924
0.1
1.324
2.848
1.224
1.224
2.548
0
0.1
1.324
0.3
2.648
1.224
1.424
1.224
1.3
3.048
0
0.2
0.3
1.224
1.224
0
1.224
1.224
0
1.424
0.1
1.824
1.224
0
0
1.224
0
1.324
1.224
1.224
0
1.224
1.224
1.324
0.1
1.324
1.224
1.324
0.1
0.1
0.2
0.1
1.224
1.224
1.224
0.3
0.2
1.224
0
0
0.7
1.224
0
1.224
1.224
2.548
0
0.1
0
1.624
1.224
0
2.948
1.224
1.224
1.424
1.324
0.1
1.224
1.224
1.324
0
1.224
1.224
0.1
1.224
0.2
0
0
1.224
1.324
0
0.1
1.224
1.224
0.1
1.224
0
0.1
0
0
0
0
0
2.748
1.224
1.324
2.648
0
0
1.224
1.324
0
2.948
2.448
0.1
1.324
3.248
0
0.1
2.548
1.224
1.324
1.224
0.1
1.424
0
0
2.524
0
1.324
1.224
0
1.324
1.224
1.424
1.424
0.6
0
0
1.224
0
1.224
1.524
0
1.224
1.224
1.224
0
0
2.648
1.424
1.224
0
0
0.2
0.1
0
0
2.548
0.1
0.1
0.2
0.1
0
0
0.2
1.324
1.424
0
0
0
1.224
0
1.624
1.224
0.6
1.524
1.224
0
0
0
1.324
1.424
1.524
1.224
0
1.324
1.324
2.448
1.624
1.224
1.624
2.948
2.748
0.8
1.324
1.224
0.9
2.548
1.324
1.224
1.224
1.224
1.224
1.324
1.224
1.224
1.224
1.224
1.324
1.224
1.424
0.2
0.1
2.648
0
0
0
0.1
0
0.2
1.424
1.324
1.324
2.548
0.6
0
0
2.344
2.344
2.444
1.02
0.1
0
1.224
1.524
2.244
1.224
1.224
1.224
0.2
1.324
1.224
0
1.224
0
1.224
1.224
1.224
1.424
1.224
2.648
1.524
1.224
0
0
1.524
0.8
0
1.524
2.524
1.624
0.5
1.224
0
2.244
1.12
2.744
2.444
1.12
2.244
1.02
2.02
1.02
1.32
1.22
3.468
2.244
1.624
2.448
0
0
0.2
2.344
1.02
1.32
2.444
2.344
1.02
2.244
1.02
1.02
1.12
1.02
1.62
2.244
1.12
2.244
1.02
1.02
10.188
1.02
1.02
0
1.324
1.224
0.2
0.2
0
0
1.324
0
0
1.224
1.324
1.324
1.224
3.324
0
1.324
0.3
1.224
0.4
1.224
0
0
1.824
1.324
0
0
0
1.324
2.448
1.324
1.224
0.4
0
0.2
0
0.2
0
0
0.1
1.324
0.3
3.048
1.324
0
1.524
1.224
1.224
0.2
2.024
1.424
1.424
0
0
2.548
1.224
2.548
0
1.224
1.224
0.2
0.1
1.724
1.224
1.524
0
1.524
0
2.224
0.2
1.224
2.548
0.2
0.2
0
1.424
0
0.1
0
1.524
2.448
2.748
0
1.724
1.324
1.324
1.224
0
0.3
1.224
0.2
2.948
1.224
2.024
1.324
1.424
1.524
0.4
1.324
1.424
0
1.224
0
0
0.2
0
1.424
1.224
0
0
0.1
1.324
0
1.324
0
2.448
0
1.224
1.224
0
0.1
1.324
0.2
1.524
1.224
1.724
2.124
0.2
1.224
0.6
0
0
1.224
1.424
1.424
1.424
1.224
0.4
0.1
0
0
0.2
0
0.5
0.1
2.448
1.224
1.324
0
1.424
1.424
0
1.324
1.224
0
1.524
0.2
1.224
0.6
1.224
1.424
0.1
0
2.648
1.324
2.648
2.548
1.424
1.524
2.624
1.424
0
1.324
0.1
1.424
2.648
0
0.1
0.1
0.3
0
0.1
1.324
1.324
2.448
1.224
2.124
1.324
3.148
1.924
1.224
1.224
0.1
1.224
1.224
0.1
0
1.424
0
2.548
1.224
2.448
1.524
1.524
0.1
2.648
0.7
1.424
0.1
0
0
1.224
1.4
0.3
0
0
0.2
0
1.524
2.648
0
2.448
2.624
1.224
0.1
0
0.1
0.1
1.224
0
1.324
0
0.3
0.5
0
1.524
1.224
0
1.324
1.324
1.224
1.224
1.624
0.2
1.424
1.224
1.524
1.524
1.324
1.824
1.424
1.324
1.624
0.2
1.224
0.1
0
2.548
1.224
1.324
2.024
0.1
0
0.1
0.5
0
0
1.824
0.4
1.224
0.2
1.324
0.1
0
1.224
2.124
0.2
0
0
1.224
0
1.324
1.224
1.324
0.1
1.324
0
1.324
0.2
1.224
0.1
0.1
1.224
1.224
1.224
1.324
0.5
1.424
0
0
0.1
1.324
1.324
1.324
0.2
1.224
1.224
0.1
0.2
0.3
0
0.1
1.224
1.824
0
0
1.324
0.1
0
0.2
0
1.224
0
0
2.748
2.648
1.824
1.324
0.1
0
1.524
1.324
1.424
0
0.3
1.524
0.6
0
1.224
0
1.324
0.1
1.224
0
1.224
1.224
2.448
1.224
2.648
0.2
1.824
0
0
2.648
2.548
0
1.224
0.1
0
0.1
1.224
0
1.224
1.824
0.2
1.424
1.524
1.524
0
2.748
0.2
0.2
0.1
2.748
0.3
1.724
1.224
0.7
1.724
0.6
0.1
0.1
1.824
1.324
0.1
0
1.224
1.424
0.1
0.1
1.224
0
0
0
0.1
0
3.248
1.224
0
0
2.448
2.448
1.424
0.1
2.548
2.124
1.624
0.3
1.524
0
0.3
1.624
2.024
1.424
2.448
1.324
2.448
0
1.624
1.924
0
1.224
0.1
0.3
0.1
1.224
0.2
0
1.424
0.2
0.1
2.548
0.2
1.324
0.1
1.224
1.224
2.848
0
1.224
1.724
1.324
1.424
0
1.324
0
3.748
1.224
0
1.524
0.1
0.1
2.548
0
1.224
0.1
0.1
0.4
0.6
2.448
0
0.1
1.224
0
1.224
0.2
2.448
0.7
1.424
0.2
0.1
1.224
0
0
2.648
0
3.348
0
0.1
0
1.524
0
2.448
0.4
0
0
1.824
0.5
1.324
0
0
2.448
0.1
1.224
1.324
0
0
0
1.224
2.448
1.724
1.324
1.324
2.548
0
1.324
0.2
1.524
2.548
2.648
1.224
0
1.224
1.524
1.624
0.1
0
1.324
1.624
0.1
0
1.424
0.2
0
1.224
1.424
0.4
1.224
0.3
2.924
0.1
1.224
0.1
1.324
1.224
1.324
0.1
1.324
2.448
1.224
0.1
1.424
0.1
0
0.6
1.324
1.224
0
0.2
1.524
1.424
0.5
1.224
0
0
0
1.424
1.324
1.224
1.424
1.424
0
0
0.3
0
1.424
0.1
0
0.2
0.6
1.424
1.924
1.424
1.224
1.324
1.224
1.224
1.324
0
2.648
0
0
0.1
0
1.324
2.448
0.1
1.424
0
0
2.748
2.448
0
1.224
0
1.524
0.2
1.9
0.1
0
0
0.5
3.324
2.448
0
0.1
2.524
1.424
0.2
2.648
1.624
1.224
0
0.3
0.2
0.1
0.2
1.724
0.3
0.5
0.3
0
0.5
2.448
0.1
2.548
0.1
1.424
1.324
1.424
0
0.1
0.2
0
1.324
1.224
0
1.324
0.1
1.524
1.224
1.224
1.3
1.224
1.224
0.1
0
0.3
2.024
0.4
0
2.948
2.448
1.224
1.424
0.1
0.3
0.4
0.1
1.324
0.2
1.324
1.624
2.824
1.424
2.748
1.224
0
1.424
0
1.724
1.324
0.1
2.548
1.524
2.448
1.324
0
1.224
1.324
0.2
1.824
0.1
1.224
0.1
1.624
0
0.2
1.624
1.824
0
0
0
1.224
1.224
2.648
1.424
1.224
2.548
1.424
0.7
0
0
2.648
1.424
1.824
1.224
0
1.324
0.5
0
0.1
1.224
0.2
1.324
1.624
0.1
4.248
1.424
1.224
1.424
1.524
1.524
1.724
0
1.524
1.324
1.224
2.548
2.748
1.324
1.524
1.02
2.244
1.02
2.544
0
0.2
0
0
0.5
0
1.224
0
0.2
0
1.2
0.1
1.524
0
0
0
0
0
0
0.1
1.224
0.1
0
0
1.324
0
0
0.9
0
1.224
0
1.724
1.624
1
2.024
0
0.6
1.324
1.224
0
1.224
1.224
0.1
0.1
0.1
0.1
0
0
0
0
0
0
1.224
0.4
0.2
2.448
0.1
1.324
0
1.424
0
0.1
0.1
0
1.224
0.2
1.324
1.224
0
0
1.224
1.224
0
1.424
1.324
1.324
1.424
0
0
1.224
0
1.224
1.224
1.424
1.324
0.2
0.1
1.224
1.624
1.324
0
2.648
1.824
1.224
1.02
2.548
0
0.1
0.7
1.1
0.1
0
0.3
0.5
0.4
