0.3
1.324
2.424
2.748
1.424
0.1
1.324
2.448
0.2
1.224
1.224
0
0.1
2.624
2.124
2.444
0
2.448
2.448
2.548
0.1
0.4
1.224
2.448
1.224
2.848
2.548
1.324
2.548
1.224
2.448
0
1.1
0
0.6
0.4
0.1
0
0
0.4
0
1
0
0
0.1
0
0.1
0.1
0.1
0.2
0
0
0.2
0
0.1
1.324
0
0
0
0.5
1.2
0.5
0.1
3.748
1
0.4
0.2
0
0
1.1
0.3
0.7
0.4
0
1.8
2.024
0.1
1.424
0.1
0
1.924
0.2
0
0
0
0
0
0
1.324
3.148
0
1.224
0.1
0.1
0
0.4
0.2
0
2.748
2.448
0
1
0.4
0
1.224
0
0
0.9
0.2
0
0.2
0
0
0
0
0.3
0
1.324
0
0
2.4
0
2.548
0.7
0.2
0.1
0.1
0
0
0.5
0.4
0.2
0.4
0
0.2
0.3
0.3
0.2
0.2
0.6
1.224
2.548
0
0.1
0
0
0.2
0.1
0
0
0
0.1
0
0.1
0.5
0.5
0.4
0.1
0.6
0.1
0
0.1
0
0
0.4
0.1
1.324
0
0.2
5.348
0.1
0.7
0
0
0.1
1.624
0.1
0
0.1
0.2
0.1
0.6
1.324
1.224
0.4
1.624
0.7
0.1
0.1
1.324
1.924
0.2
0.2
0.7
0
0.2
0
0.2
0
1.824
0.3
1.224
0
0.1
1.7
0
0.1
0.4
1.524
1.324
1.224
0.4
2.948
0
0
2.4
0.1
3.124
0
0
0
1.224
0.7
1.524
1.324
0.1
0
0
1.524
0
2.748
2.448
0
0.1
1.324
0
3.524
0.2
0
0.4
0
0.6
0.2
0
0
1.224
1.224
1.224
0
2.524
0
0.1
0
0
1.224
0
0
0.7
2.648
0.1
1.324
0
1.424
0.4
1.224
0
2.124
1.324
0
1.224
0
0.4
0
1.224
0.8
0
1.324
0.1
0
0
1.224
0
1.324
2.448
1.324
0.1
0
0
0
0
0
1.224
0
1.3
1.324
0
1.524
0.2
0.3
0
2.748
0
0
1.424
1.724
0.1
0.2
0.5
2.448
0.1
1.324
0
0
2.448
2.448
1.424
0
0.1
1.324
0
0.2
1.524
0.2
0.3
0.5
0
0
1.324
1.324
0
3.448
2.648
1.424
1.524
1.324
0
0
1.224
1
1.324
0
0
1.6
0
0.4
0.2
0.1
1.224
0.3
0
0.1
0.1
0.5
1.2
2.448
0
0
0.1
3.568
0.6
0.2
1.324
0
0
0
1.224
1.224
1.224
1.424
1.324
1.224
0
1.224
1.224
2.448
0
2.124
1.224
1.324
1.224
2.548
3.548
1.224
0
2.448
0.1
1.224
0.2
0
0.1
1.424
2.448
3.048
1.324
2.448
0
0
0.3
0
2.448
1.224
1.324
0
0.1
0
0
1.224
1.224
0.3
1.224
2.324
0.2
1.524
0
2.548
0.1
0.1
2.448
1.324
0
0
2.648
0
3.048
0
0
2.448
0
0.6
1.424
2.448
0.2
0.2
0.2
1.324
3.048
0.1
0.4
0.1
2.648
2.448
2.648
2.448
1.224
2.848
1.224
1.224
0
0.1
0
2.548
0.1
2.448
0.3
0
0.1
1.224
1.224
0
3.648
0
0
0
0.5
2.548
0
0
1.4
0.4
2.448
0.6
1.1
0
1.224
3.148
0.3
3.048
1.224
0.1
1.724
0
1.224
0
0.2
2.448
0
1.224
2.848
2.948
0
0
1.224
1.324
1.224
0.1
0
2.648
0.2
1.824
1.224
1.224
0.1
0.3
0
1.224
0
1.224
1.924
2.448
0
0
1.524
1.224
0
1.224
1.224
2.448
0
2.448
0
0.9
0
0
0
2.548
1.424
0.5
0.1
1.224
0
1.224
1.324
1.524
0
0
1.224
0
0
0
0.3
2.848
0.1
2.648
0.1
2.948
0.3
1.524
2.648
0
0
0
1.324
1.324
0.1
0.1
0.1
0
1.724
0
0.2
2.848
0
0
0
0.3
0
0.3
0.6
0.2
2.848
1.224
1.224
0
2.648
0.1
0
1.324
0
0
0.7
0.1
1.224
0
1.224
0
0
1.224
0.1
2.448
0.1
1.424
2.548
0
0.4
0.2
0
0
0.1
0
1.224
0
2.648
2.548
1.224
1.324
2.548
2.748
0.1
2.448
2.448
0
1.424
0.5
1.224
1.424
0.7
0
0
0.5
2.748
1.224
2.648
0
0.1
0
2.448
2.548
1.624
1.524
0
1.324
0.1
0.1
0
0
1.324
1.224
1.324
0
0
2.648
1.224
1.224
0
0.3
1.224
0.1
0.5
2.448
1.424
0
0
0
0.4
0.2
1.224
1.324
1.224
2.448
1.524
2.124
0
1.624
0.1
0.1
0
0
1.324
1.224
0
1.324
0.2
1.324
1.324
1.324
0
2.448
1.324
1.524
1.324
0
2.548
1.624
0
1.224
2.448
0
2.648
0
1.624
1.324
0
1.224
1.324
0
0.3
2.548
0.5
0
1.224
1.224
0.2
2.448
1.624
1.224
0.4
0
0.2
0.4
0
2.748
0
1.224
2.448
0
0
2.448
1.424
1.324
2.448
1.524
1.224
0.1
0
0
0.1
0
1.224
2.448
1.224
2.524
0.1
0
1.324
2.448
1.224
0
1.324
0.4
2.548
1.324
0.1
0.2
1.324
0
1.324
2.448
0
0
0
0.1
0.1
1.424
0
1.224
0
1.224
3.224
1.824
1.524
0.2
1.924
1.224
0
0
0.1
0
2.548
0.2
1.224
0.3
1.524
0
2.448
1.224
0
1.324
2.448
1.224
0
1.224
1.224
1.224
0
1.224
1.224
0
2.548
0
3.448
2.124
0.1
1.524
2.548
1.224
0
1.324
0
1.724
2.224
2.548
0.1
1.224
0
0.1
0.1
1.624
0
2.648
1.224
0
1.524
1.224
2.448
1.324
2.548
1.324
0
1.224
0.2
2.448
1.224
2.448
0
1.224
1.324
0
0
0
2.748
0
0.1
0.2
1.324
1.224
1.324
1.224
0
1.224
0
0
0
2.548
1.324
1.224
0
1.224
1.224
0
2.448
0.2
1.324
1.224
1.224
0
1.224
1.924
0.1
0.1
0
0
0.1
0.2
2.448
0
0.1
0
1.824
0
1.224
1.224
2.448
1.224
1.224
0.1
1.924
0.4
0
0
1.224
2.448
0
0
1.424
0.3
0.2
1.224
0.2
2.548
0
1.424
2.448
0
0
2.548
1.224
1.324
0
0.1
0.1
0
0
1.424
0
0.1
3.348
0.2
0
0
1.524
1.224
0
0
0.5
2.448
0.2
1.424
0
1.324
0
2.448
3.048
3.048
0.3
1.224
2.448
1.224
0.3
1.224
2.424
1.224
3.248
1.424
0.3
0
2.648
1.224
3.148
1.224
2.448
2.848
0
0
0
1.424
0
1.224
0
1.224
1.424
1.224
1.424
2.524
1.224
1.324
0
0.1
0
1.324
2.448
1.524
0.3
2.548
2.548
1.224
3.548
2.448
1.224
0
0
0
2.648
2.848
2.748
1.224
0.4
0
0
0.1
0
1.624
0
0.1
0
1.224
0
1.224
1.524
0
0
1.324
1.224
1.624
0.4
0
0.1
1.324
1.524
1.224
1.424
1.924
1.424
0
1.424
2.448
0
0.3
0.1
1.324
0
0
0
2.724
0
1.1
0
1.224
0.1
0.6
1.224
0.2
0.1
0.4
0
0
0.7
0.2
0
0
0
0
0
2.648
0
3.948
0.1
0.3
0
0
0
0.2
0
1.224
2.244
1.02
1.12
2.544
10.368
1.22
1.22
1.02
2.444
2.444
2.244
1.02
1.12
1.12
4.52
1.12
1.22
1.12
1.22
3.844
2.244
2.744
1.02
1.92
1.02
0.2
1.224
0
0
1.324
0.4
0.3
0.2
0
0.2
1.424
0
0
0
1.224
0.1
0.5
0.1
0
1.224
0.2
1.324
0
0.1
1.424
0.1
0.1
1.224
0.2
1.224
0
0.2
2.548
0
0.2
1.324
0.1
1
1.424
0
0
0.2
1.224
0.4
0.4
0.2
1.224
0.2
0.1
0
0.1
0.1
0.3
0.8
0.3
0.1
0
1.224
0.2
0
0
0
0
0
0.1
0.4
0
0
0.4
0.1
0.1
0
0.6
0
0.2
0.2
0
1.224
0
1.624
1.424
0.1
0.1
0.1
0
0.1
0.1
0
0
1.224
0
0.7
0.1
0
0.1
0.1
0
2.448
0.2
0.1
0.1
0.4
0.3
0
0.5
0
0
0.2
0.6
0.3
1.224
0.1
2.824
0
1.224
2.448
1.324
0.4
0.3
1.624
0.1
0
1.324
1.224
0.1
0
0
0
0
0
0.2
2.124
0
0.4
1.224
0.4
0
0.2
0.6
0.4
0.3
1.424
0.1
0.1
2.1
0.1
0
0.2
0.2
0.1
0.1
0.1
0.1
0.2
0.3
0.3
0
0
0
0.1
0.1
0.2
0
1.424
1.224
0
0
0.2
0.2
0
0.1
0.1
0.1
1.524
0
0
0
0
0.2
0.2
0.2
0.3
0.3
1.524
1.324
1.524
0
1.4
2.124
1.224
0.1
0.1
1.324
0
0.3
0
0.2
1.424
0
0.1
0
0.2
0.3
0.2
0
0
0
0.4
0.5
1.224
0.2
0
0
0
0.5
0.1
1.324
0.3
0.1
0.4
0
0.2
0.6
0.3
0.1
0.1
0
0.3
0
0
1.324
1.324
0
0
0.1
1.324
0.1
0.1
0.1
0.3
0
0.1
1.624
1.924
1.224
0.4
0
0.7
0
0
1.5
1.424
1.324
0
1.224
0
0
0
0.2
0
0.1
0
0.2
0.1
0
0.4
2.548
0
0
0
0
0.4
0.3
0.2
0.4
0
0.4
0.3
0
0.4
0
0.1
1.324
0.4
0.4
1.324
0
0
0.2
1.324
1.524
0
0.5
0
1.624
1.324
1.224
0
0.1
1.224
0.1
0.2
0.2
0
1.224
0.1
0.1
0.2
0.2
0.6
0.1
0.6
0
0
0
0
1.324
2.448
0
0
0.1
1.224
0
0
0.2
1.824
1.424
0
0.2
0
0
0
0.2
1.224
0.5
0
0.2
1.224
0.1
1.324
0.8
0.5
0.2
0
0.1
0.2
0.2
0
1.524
1.524
0.2
0
0.9
0.2
1
1.224
0
1.424
0
1.624
0
0
0.4
0.1
0.1
0
0
0.1
1.624
0
0
0
0.1
0
0
0
0.1
0
1.724
0.2
2.324
0.7
0.5
1.724
0
0
0.2
0.4
0.3
1.224
0.1
1.224
1.224
0
0.1
1.724
0
1.424
1
0.2
0
0.4
0
0
0.4
0.6
0
0.5
0.3
0.1
0
0
0.3
0
0
1.524
0.1
0.1
1.424
0
0
0.4
0
0
0.1
0
0
0.1
0.1
0
0.1
0.1
0.4
0.3
0
0.1
1.324
0
0
0.2
0.1
0
0.3
0.2
0.2
0.2
0
0.2
0
0.1
0
0.1
0.1
0.3
1.324
0
1.424
0.1
1.1
0
0
0.2
1.624
0
0
0.3
0.1
0
0
1.224
0.2
1.324
1.224
0
0
2.124
0
0.1
0
0
1.324
0.1
0.1
0.2
1.224
0
0
1.324
0.2
0.1
2.548
0
0.1
1.624
0
0
1.224
0
0.1
0
0
0.2
0
0.6
1
1.524
0.4
1.324
0
0
0.2
1.324
0
0
0
1.324
0
1.824
0
0.2
0.2
1.324
0
0.4
0.3
1.424
0.4
0
1.224
0.1
0.2
0.1
1.524
0.1
0
0.1
0
0
0.3
0
0.1
0
1.224
0
0.6
0.1
0.5
0.8
0
0.1
0.2
1.224
0
0
1.624
2.448
1.324
0.1
0
1.424
1.224
0
0
0
1.224
0.1
0
0
0
0
1.324
0
1.1
0.2
0.7
1.324
0.2
1.3
1.224
0.1
0.1
2.424
0
0
1.324
0.2
0
0.2
0.2
0.3
0.1
1.224
1.724
0.2
1.524
3.648
0.1
0.9
1.224
0.1
0
1.324
0
1.624
0.1
0.2
1.624
1.324
1.224
0.2
0
0.1
0.2
0.4
0.4
0
0
3.024
0.3
0
0
2.648
0.3
2.224
2.324
0
0.6
0
0
1.524
0
0.7
0.2
0.1
0.2
0.2
0.2
0.2
2.424
0
0.1
0
0
0.4
0
0.7
0
0
0.1
1.524
0.1
0.2
0
0.1
0.6
1.524
0.3
0.3
0
0.4
0.3
0.1
0
0.9
0.1
0.2
0.2
0.1
0
0
0
0.4
0.2
0.2
0.4
1.1
0.1
0
0
0.4
0.5
1.324
0
0.6
2.124
1.224
0.3
0.2
0.4
0
0.1
0.1
1
0.3
0.1
0.2
0.1
0.3
0.2
0
0.5
0
0.4
1.224
1.624
0
0.2
0
0
1.324
0.4
2.344
0
0
2.648
1.824
0
0
1.324
0.8
0
2.4
1.424
0
0
0
0
2.448
0
0.1
2.948
0
2.748
0
2.448
0.2
1.424
0
5.048
0
0
0
2.424
0.3
1.6
0.9
0
0.9
1.524
2.648
0.2
0
0
1.324
1.524
1.224
0
0.1
2.548
0.2
2.548
0.1
1.224
1.224
0
1.524
1.324
2.748
0.3
1.224
1.424
2.748
0
0
1.324
0.1
3.248
1.224
1.224
0
1.224
1.224
0
0.4
3.348
1.224
0.5
0.3
0
0
0
0.1
1.224
1.224
0.3
1.224
0.1
1.624
1.324
0.1
1.224
2.448
1.424
0.2
2.548
1.224
0.2
0
0
0.2
2.5
0.2
0
0.7
4.968
0.5
