1.624
0
0.5
0.1
1.324
0
0
0
0.1
0
0
0
1.224
0.5
0.2
1.02
1.324
0
0
0
0.1
0.1
0
0
0.3
0.1
1.624
0.3
0
0
0
0
1.4
0
1.224
0.6
0
0
0
0
0.1
1.724
0
0
0.1
0
1.824
1.324
0.2
0.2
0.1
0
0.2
1.424
0
0.1
1.224
1.224
0
0.1
1.924
1.624
0
0.4
1.624
0.2
1.224
1.224
0.1
1.924
0.4
1.324
1.324
0
2.124
0.3
1.224
0.1
1.224
0
0.2
1.224
0
1.224
0.1
1.224
1.224
0
0
1.724
0
0
2.548
1.224
1.224
0.1
0.1
1.324
0
0.1
0
1.724
1.924
0
1.224
0
1.324
0.3
1.224
0.3
2.648
2.548
0
1.224
0
0.1
1.324
1.224
0
0
3.224
0
0
1.324
1.624
0
0
0
0
1.524
1.224
0
1.324
0
1.324
0.1
0
1.224
0.1
1.524
0.2
1.324
1.224
0.1
1.224
1.324
0.1
1.424
0.1
1.324
0
0.2
0.1
1.324
0.1
0.6
2.748
0
2.024
0.1
0.1
1.224
0
2.448
1.324
1.224
0
1.324
1.424
1.6
1.224
2.124
2.448
0.1
2.448
0.1
1.224
1.224
0
0.1
0.1
1.424
0
1.224
2.224
1.224
0.1
1.324
1.224
1.224
0
0
0.1
1.524
1.324
0.2
0
1.524
0
0.6
1.624
0
1.224
1.424
0.7
1.224
0
0.1
0
0
0
0.1
0.4
1.224
0
4.248
0.1
3.448
0
1.224
1.224
0
0.4
0
0.1
0
0
0
0.1
1.224
0
0
1.224
0
0.1
0
2.624
0.2
1.224
0.2
0
0.4
0.2
0.1
2.448
0
2.548
1.224
0
0.4
0
1.324
1.224
1.224
0.1
0
1.224
1.624
0
0.1
0
1.224
0
0.3
0
1.224
0.2
0
0
0
0
0.1
0.1
0
2.224
0.1
0
1.224
2.548
2.448
2.448
1.224
1.324
0
1.224
0
0
0
1.324
0
0
0
1.224
2.224
0
1.224
0
1.424
1.424
1.224
0
2.548
0.2
0.5
0.3
1.224
1.924
1.324
0
1.324
1.324
1.224
1.324
0
0
0
0
1.224
0
1.524
1.424
0.1
1.524
1.924
1.824
0.2
1.324
0
0
1.224
0.3
1.324
0
0.2
0
1.224
0.1
0
2.524
0
2.448
0.1
2.624
2.548
0.5
0.1
0.1
0
1.924
2.648
1.424
2.548
2.724
4.348
0.1
0
0
2.648
1.12
1.324
0.5
0
0.1
0
1.224
0.1
0
0
0
0
0
0
0
0
0
1.224
1.924
0
0
0.1
0
0.6
0
1.224
0
0.1
0
0.3
0
0
0
0
0.9
1.224
0
0
0
0.1
0
0
0
0.1
0
1.424
1.324
0
1.324
1.224
0.1
0
0.6
0
1.224
0
0.3
1.324
0.1
0
2.448
1.324
0.1
0
0.1
0.4
1.424
0.2
0
1.224
0.2
0.1
1.424
2.648
0.1
0
0.3
0.1
0.1
3.148
0
1.324
0
1.324
1.224
1.224
0.1
0
1.224
1.224
0.1
0.1
0
0.1
0
1.224
1.324
0
0.1
1.224
1.324
0.4
0
1.324
0
0.2
0
1.224
0.2
0.9
1.524
0
0.5
1.3
0.2
0.1
0.1
0.2
0.4
1.224
0.1
0.2
1.224
0
0
0.1
0
0
1.224
0.8
0.3
1.224
0.1
1.224
0.1
1.224
0
0
0
0
0.2
0
0.1
1.324
0.1
1.224
0
1.224
0
0.1
0
1.324
0
1.224
0
0
0
1.224
0
0
0
1.224
3.748
0
1.224
0
0
0.4
1.424
1.224
0
0
0
0.2
0.1
0
0.1
1.224
1.224
0.4
0
0.4
0.1
1.224
1.424
0.2
0.1
0
0
0.3
1.224
0
0
0
0
0
0
0
0
0.3
0
0
1.324
0
1.224
1.224
2.548
0
1.324
0
0
0.1
0
0
1.224
0
0
0
0
0
0
1
0.1
0
1.224
0
0
0
0
0
0.1
0.1
0
0
2.448
0.3
0
1.224
0
0
0.2
0
1.224
0
1.324
0
0
0
1.824
0
0.1
0
0
1.224
0.2
1.224
0
0.3
0
0
0.9
0
0
0
0
0.2
1.224
0
0.2
0.4
0
0
0
1.224
0.1
0
1.224
0
0
0
0
0
0
0.1
0
1.224
1.424
0.1
1.224
0.3
0
0.1
2.448
0
0
0.4
0.1
0
0
0
0
0.1
0.4
0.1
0.2
0
1.224
1.224
0
0
1.224
0
0
0
0.1
0
1.724
0.1
1.224
0.2
0
0.2
0
0
0.3
0
0.2
0
0.1
1.224
0
0.2
0
0
0
1.224
0
0
1.224
0.2
1.224
0
0
0
0
1.224
2.448
0.1
0.2
0
0
0.1
0
1.224
0
0
1.224
1.324
0
0.1
0.2
0
0
0
0.1
1.224
0
0
0.1
0
0
0
2.424
0
0.1
0
0
0
1.224
0
0
0
1.224
1.224
0.3
2.548
0
0.1
0
1.224
0
1.224
0
0
1.324
1.224
0
0
1.224
1.4
0.5
0.1
1.424
1.224
1.324
1.224
0
0
0
0
0
1.224
0.5
0
0
1.224
0
0
0
0
0.1
0
0
0
0
0
1.224
0
0
0
1.224
0.4
0
0
0
0
1.324
0
1.224
1.324
0.1
2.124
0.1
1.224
0
0
0.1
0
2.948
1.224
0
0
1.224
1.224
0
0
0
0
0
0.1
0
0
0
1.324
0
0
1.224
0
0
1.224
0.2
0.1
1.224
1.324
1.224
0
0
0
0
0
0
0
0
1.324
0
0
0
1.224
1.224
0
0
1.224
1.224
1.224
0
0
0
0
1.424
2.448
0
0
0
0
0
0
0.3
0.3
1.224
1.424
2.648
1.224
2.448
0.1
1.324
0
0.1
0
1.524
0.1
0.2
0
0
0
0
0
0
0
0
1.324
0
0
0
0
0
0
0.1
1.224
0
1.224
1.324
0.1
0
0
1.424
1.224
1.324
0.3
1.224
0
1.224
0
0
0
1.224
0.1
1.224
0.2
1.724
0
0.2
1.724
0
0.2
0.5
0
1.224
0
1.224
0.1
1.224
1.824
1.324
1.324
1.424
0.1
1.224
0.1
1.224
1.324
1.224
0.1
0
0
0
0
0
0
1.224
0
0.1
0
0
0.1
2.424
1.224
1.324
1.224
0
1.224
0
0
0.2
1.524
0.2
0.1
0.1
1.424
0
1.224
0
0
0.1
1.224
1.424
1.324
0
0.2
1.324
0
1.224
1.224
1.324
0.1
0
2.448
1.324
1.224
0
0.5
0.1
0
0.2
0
0.1
1.324
0
0.1
1.424
0.2
0
0
0.3
0
0.2
0.1
0
0
1.224
1.324
0.3
1.224
1.224
0
0.2
0
4.148
0
0.1
0
1.624
0
0.3
0.1
1.324
0.1
0
2.024
0.1
1.224
0
0
0
0
0
0
1.924
0.1
0.1
0
1.224
2.448
0
1.224
1.224
1.02
1.02
1.02
1.02
1.22
7.368
1.02
1.02
1.02
1.02
1.02
1.02
1.12
1.12
2.32
2.444
1.12
2.344
1.22
1.52
1.12
1.12
2.544
1.32
1.02
1.324
0
0
1.224
0
0
0
0.2
1.224
0
0
1.224
0.2
1.224
0
0.1
0.4
0
0
0.2
2.448
0
0
1.424
0.1
1.224
1.324
0
2.648
1.224
0
0.2
1.224
0
0
0.1
1.224
0.2
0
0
1.224
0.2
1.224
0.3
1.324
0.1
1.224
0.1
1.224
1.224
1.224
1.324
1.224
1.824
0
0
1.224
0
1.324
0.2
0.1
0
1.224
2.548
1.424
1.224
0.1
0
0.2
0
0
1.224
1.324
0
0.1
0
0
0
1.324
1.224
1.224
0
1.224
0
1.224
1.224
1.224
2.448
0
1.324
0
0.1
1.224
0
2.448
0.1
0.1
0
0
1.424
0.2
0.1
1.624
0
0.8
0
1.224
0.1
0.3
1.524
1.224
1.224
0.6
1.324
0
0
0.1
1.324
1.724
0.1
0
0
0
0
0
0
1.224
0
1.224
2.448
0
1.424
0
0.1
0
0
1.224
1.324
0.2
0.3
1.524
0.2
0
0
2.824
0
0
1.324
2.448
0
0
1.324
1.224
0
1.224
1.224
0
0
0.1
1.224
0.1
0.1
0
1.324
0
0
0
1.224
0
0
0
0
0
0
0
1.324
1.324
1.324
0
0.1
1.224
1.624
0.1
0.1
0
0
0
2.124
0.3
0
1.324
1.324
0
1.224
0
1.324
0.5
0.1
0
2.448
0
1.224
1.224
1.224
1.224
0
0
0
1.724
1.224
0.1
0
1.424
1.324
0.1
0
0
1.224
0
0.1
1.224
0
0.1
1.224
0.1
0
1.324
1.224
1.224
0
0.1
0
0
0
0
0
2.548
0.1
0
0.1
0
0.1
0.5
0.4
0
1.424
0
2.948
1.224
0
0.2
0
0
2.448
1.224
1.224
1.224
0
1.424
0
1.224
1.224
0.1
0.1
0
0.2
1.224
0
0
1.224
0.2
0.5
1.324
0.2
0
1.224
0.3
0
0
1.224
0
0
1.324
0.1
1.424
0
0.1
0
0
0
0
0
0.3
1.224
0
0.1
0
1.224
1.224
1.424
0
0
0
1.424
1.224
0.1
0
0.2
0
0.1
0
0.1
1.224
1.224
1.224
0.1
0
0.1
0
0
0.1
1.224
0
0
1.324
0.3
0.2
1.324
1.224
0.1
1.224
0.1
1.224
0
0
1.224
0
1.224
0
1.224
0.1
0.2
1.324
1.224
0
0
0
0
0.1
0.1
1.224
0
0.3
0.1
0.3
0
1.224
2.448
1.224
0.6
0
0
0.1
0.1
0
0
1.224
1.224
0
2.448
1.224
0.1
0.1
0
0
0
0
0
0
0
0.7
0.4
1.324
0.1
1.424
1.224
1.324
0
0.2
0
0
1.224
0
0.2
0.2
0.1
0
0
3.648
1.224
0
0.1
0.1
1.224
1.524
2.548
1.224
2.548
0.1
0
0
0
1.624
1.324
1.224
0.1
0.1
0
1.224
0
1.224
0.2
1.224
0
0.1
1.224
2.448
0
1.224
0
1.224
0
0.2
0.4
0
0
0
1.224
0.1
0.1
1.224
1.224
2.124
0
1.224
0
0
0
0.1
0
0
1.224
1.224
1.224
0
0
0.1
0
3.448
1.324
1.324
0.5
0.2
1.224
2.448
0.2
0
0.2
0
0
0
0
0
0
1.324
0.9
0
0
0
1.224
0
0
0
1.524
1.224
0
2.448
0
0.3
1.224
0
0
1.224
0
1.324
0
1.224
1.224
2.548
0
0
0.1
0
1.424
0.4
0
0.2
0.1
0
0
0
0
2.448
0
0.1
0
0
0.1
1.224
1.624
1.324
0
0
0.2
0.1
1.324
0
0
0
0.1
0.1
1.524
1.324
1.224
1.224
0
1.224
0
1.424
1.224
0.2
0
0
0
0.1
0.2
1.224
1.324
0.1
0
1.324
1.224
0
0
0.1
0
0
0.1
0
0
1.224
0
0
1.424
1.224
0
1.224
2.448
0
0
0.2
1.324
1.824
1.424
2.224
0
1.424
0.4
1.224
2.448
1.224
0.4
0
0
0
0.1
0
0
0.2
0
0
0.2
0.3
0.2
0.2
0.1
0
0.5
0
0
0
0
0.3
0.2
1.224
1.324
0
0
0
0
0
0
0
0
0.1
0
1.324
0.7
0
0
1.424
0
1.324
0.1
0.1
1.224
0
0
0
0.1
1.224
2.748
0.1
0.1
0
0
0
0
3.148
0
0
0
1.224
0
0
1.424
1.224
0.1
0
0.1
0
0.1
0
0
1.424
0.3
0
1.224
0
1.424
1.324
1.224
0.1
0.4
0.2
0
0
0
0.1
1.224
2.448
1.424
0
1.224
0
0.3
1.224
0
1.224
0.2
0.4
1.224
0.1
0.1
0.2
0
1.324
0.2
2.848
1.224
0.1
0
0.6
1.724
1.224
0
1.224
0.1
0.3
1.224
0.1
0
1.424
0
0.2
0
0
1.224
0
0
1.424
2.244
1.224
0.1
0.1
0.1
0
0
0.1
1.1
1.224
3.224
0.1
0.1
0
1.324
1.224
0
1.424
0
0
1.224
0.1
2.448
0
0.1
0
0
1.7
0.2
1.224
0
0.5
0.2
2.824
0.2
1.224
2.524
0.2
0.1
0
0.1
0
0
0
1.324
1.224
0
0
0.2
1.224
0
0
0.1
0.1
0.1
0
1.224
0
0
0.2
0
1.324
0
1.424
1.224
1.524
0
0.1
1.224
1.224
0
1.224
1.324
1
1.324
0.1
0.1
0
2.448
1.224
0
0.1
1.324
0.2
0.1
1.224
1.524
0.2
1.224
1.224
1.224
1.224
1.224
0
1.224
1.324
0
1.224
0.2
2.724
1.324
0
0.2
1.62
0.3
