3.4
2.1
7.924
1.8
2.224
0.8
0.6
0
0.5
0
1.1
1.624
0.7
4.6
3.6
1.12
0
0.1
0.1
0.3
2.424
2.424
0
0
1.1
0.2
0.6
1
1.624
0.2
0.1
1.624
7.3
0.1
0.9
2.3
0.4
0.4
0.8
2.6
0.2
8.924
0.2
0.8
0.7
1.324
1.3
2.2
1.7
2.224
1.524
0.2
4.224
0.3
0.5
0.4
0.7
0.5
0.5
5.724
6.2
2
0.4
3.6
3
0.9
0.7
0.7
2.324
7.7
2.6
4.724
1.2
0.4
11.524
3.2
0
1.2
0
0.1
5.324
0.3
1.524
0.5
0.3
0
0
0
0.1
4.5
0.2
0.6
0.4
0.1
0
2.824
2.324
0
0.5
0.2
0.4
3.6
2.9
0.1
0
0.6
0
6.3
0.7
0.7
2.6
0
0.1
1.324
0.4
1.6
0.4
0.8
0.2
0.1
12.3
0.4
0.4
2.1
0.5
0.3
1.1
1.624
0.3
4.124
1.5
0.5
0.7
0.3
2.924
3.9
2.124
1.924
3.324
3.5
0.3
0.7
0.1
3.024
0.1
0.2
2.424
0.9
0.7
0.1
1.424
0.6
1
0.4
3.6
2
1.4
1.3
3
0.3
0.4
0.2
0.1
0
1.2
0.7
0.2
0
0.5
13.4
0.4
3.2
1.424
0.5
1.424
3.824
0.2
0
1.324
2.8
1.5
5.624
0.3
1.524
2.1
4.624
5.524
1.824
0.7
1.424
1.6
2.024
0.8
5.024
1.624
3.124
1.424
1.2
0
2.3
1.5
0
0
1.9
7.8
0.1
0.3
2.824
2.524
0.2
1.424
1.3
2.5
0
0
12.1
0.3
5.1
0
0.1
0
1.524
7.624
1.724
1.324
2.924
1.224
1.324
3.224
1.224
2.424
1.224
1.424
0.2
1.424
0.2
15.224
1.824
0
3.024
0.1
5.224
2.524
0.5
0.1
0.1
0
0.1
1.424
5.2
0.1
0.5
0.2
0
0
1.224
0
1.5
2.024
2.424
1.524
0
0.4
2.2
1.324
0.1
2.7
1.324
0.3
1.224
0
0.6
0.2
1.624
3.7
0.1
1.424
0.5
1.524
0
0
0
3.624
1.224
2.424
0.1
1.624
1.624
1.824
1.424
1.324
1.324
0
5.2
0
0.1
0.2
0.7
0.5
0
0.6
0.5
1.5
1.6
0.4
0
2
1.6
0.1
1.2
0.9
0.1
1.924
0
0
2.024
0
1.424
0
2.024
0.1
0.7
1.9
1.4
1.4
0.1
0
0.2
0.2
0
5.3
0.2
0.1
2.724
2.224
0
0.2
0.1
6
0.1
0
1.324
7.4
0.7
2.2
3.724
1.624
2.024
3
0.5
1.724
0.6
7
10.7
0.2
0.3
0.1
0.5
1.32
3.124
2.024
0.2
1.324
1.224
1.224
0.3
0.2
1.224
0.4
1.424
1.224
1.424
0.6
1.424
0.2
0
5
0
0
0.5
1.924
5.924
0.2
0
0
0.7
1.724
3.924
0.6
0.4
0.2
1.524
7.9
0.1
1.3
1.324
0.2
1.4
0
0
1.624
1.924
0
3.324
1.524
1.324
1.524
1.324
2.424
1.324
5.9
4.924
0.8
0
0.6
1
0.5
0
0.8
0.5
1.624
1.824
2.424
4.3
0.4
2.024
0.1
1.324
4.024
2.424
0.4
0.6
1.524
0.8
3.424
1.8
0.4
2.9
2.324
0.7
1.224
0.5
0
0.4
1.1
1.324
0
1.224
2.924
1.824
0.4
0.2
0
3.024
0.2
0.5
1.7
0.2
0.2
5.524
1.924
1.324
1.324
2.8
1.924
0.4
1.5
10.824
3.8
0
4.624
4.9
0.1
0.7
2.924
3.924
1.8
0
1.4
2.5
1.324
0.1
0
1
1.2
0.2
1.324
1.4
1
1.224
0.1
0
2.024
2.024
0.2
0
0.1
1.524
5.324
1.324
0.4
2.824
1.7
0
0.2
1.424
1.324
3.5
0
0
0
3.024
1.624
1.324
1.424
1.424
0.2
1.324
1.724
0
6.2
1.224
0
1.224
0.1
3.324
4.924
1.424
0.3
0.1
1.424
3.324
4.224
1.624
0.2
2.024
0.3
0.3
1.624
1.3
1.6
1.424
0.3
0.5
0.8
2.124
4.424
3.524
1.524
0.1
0.1
0.4
1.624
2.424
0.5
0.5
1.224
3.624
1.524
0.1
1
0.4
0.2
0
1.2
1.324
1.9
2.624
1.924
1.424
1.224
1.1
1.224
0.3
1.824
0.1
0.2
1.224
1.524
4.8
3.224
0
1.524
0.1
0.2
1.424
1.224
0.5
0.5
1.424
1.724
1.324
0
1.7
0.2
0
1.424
1.924
0.2
1.224
0.2
0.4
0.9
0
1.624
0.6
2.3
2.124
0.2
0
0
0.8
5.124
0.5
0.3
2.9
0.5
0.2
6.3
2.024
1.424
0.6
0.6
0.4
1.624
0
1.1
2.424
3.324
0.2
0.1
1.624
0.2
2.524
1.424
0.5
1.524
0.4
0.1
1.224
0.9
1.724
0
0
3.224
0.1
0.2
2.8
0
2.424
0.1
0
0.4
1.7
2.024
1.224
2.024
1.724
0
0.7
6.724
0.4
3.224
1.324
0.1
1.324
0.1
0.2
1.924
0
1.224
1.724
2.224
1.724
3.124
0
1.224
2.324
3.124
3.624
0.2
0.5
3.6
0
1.424
0
1.524
2.524
1.424
1.2
2.324
0.3
0.2
0.7
1.524
0.9
0
1.7
1.224
1.224
1.224
2.024
0
1.3
1.424
1.1
0.3
3.324
2.524
0.2
1.624
0.2
1.524
0.2
0
0
0.2
3.524
1.424
0.2
0.4
2.324
2.124
0
0
0.5
0
0
1.224
0.7
5.1
1.624
1.1
1.624
0.1
1.724
1.324
1.524
3.124
1
2.224
0.5
4.824
1.4
1.624
2.224
1.224
1.324
2.324
0
0.8
2.024
2.3
1.224
1.624
1.524
1.424
8.7
8.224
1.1
0.7
1.8
1.324
1.224
0.2
1.524
1.324
0
1.824
0.1
4.124
1.824
0
0
0
0
1.224
1.524
1.524
0.1
1.324
1.224
1.824
0.5
0
1.524
1.524
1.2
0
2.3
2.1
2.224
1.924
0.1
2
0.2
1.624
0
1.4
4.5
2.124
0.2
1.224
1.824
1.224
0
1.3
0
1.924
1.824
0
3.524
1.224
1.224
2.124
0.1
0.1
1.624
1.224
2.324
0.1
1.724
1.424
0.3
1.224
0.2
0.3
0
0.3
1.524
0
0.3
2.124
1.524
0.2
1.624
0.1
0.1
0.2
0
0.1
0.3
0
2.924
1.524
1.324
1.524
0.1
0
0.2
1.424
0
2.824
1.424
0.1
1.524
6.224
0.2
0.5
1.324
1.324
1.724
2.124
0
3.724
1.2
0
5.724
0.1
1.624
1.324
0.3
1.424
1.424
1.524
5.024
5.4
0.3
0.2
1.324
0.1
1.524
1.824
0.2
1.924
1.424
0.1
1.6
0.4
1.224
2.524
1.224
0.5
0.2
0.3
0.1
0.2
0
1.624
0.2
0.6
0.5
0.6
0
0.3
3.4
2.524
1.824
0
1.1
0
1.324
0
3.824
1.324
1.4
2.524
1.324
1
0.3
0
3.324
5.724
2.324
1.224
0.2
1.424
2.324
1.424
6.824
0.2
7.224
3.024
3.224
1
2.324
1.224
4.2
1.824
1.624
1.824
1.424
1.424
1.224
1.824
1.824
1.524
1.324
1.924
2.624
1.424
2.724
3.2
0.1
3.724
0
0.4
0
0.2
0.2
1.2
4.524
1.924
2.624
1.324
3.8
0.1
0
1.624
1.624
2.424
0.1
1.4
1
1.224
4.824
2.124
1.524
2.124
1.524
2.2
1.424
1.324
0
1.724
0.3
1.324
3.324
1.724
1.624
1.724
1.924
3.624
2.824
0
0.1
2.824
2.6
0
2.024
8.324
2.924
1.9
1.724
0
1.324
1.2
3.524
2.524
0
1.224
0
5.9
0
4.7
0.6
1.424
1.424
5.624
1.324
1.8
0.3
0.6
2.224
0.2
2.7
2.624
0
0.2
1.724
0.1
0.2
0.2
0
6.1
1.824
1.7
2.224
0.1
0
3.324
0
0
1.02
2.344
2.344
1.42
4.52
2.32
2.72
2.744
1.22
1.42
1.02
2.544
2.744
3.344
43.544
1.42
2.544
1.62
3.344
7.22
1.62
1.72
1.02
7.344
2.644
0.6
0.1
0
1.424
1.224
5.624
2.224
3.8
0.4
1.3
0.4
0.3
0.8
1.5
0.3
1.924
3.6
1.924
3.624
0.2
2.624
1.624
1.624
1.3
3.824
1.924
2.024
0.5
0.4
2.424
2.524
2.824
0.2
1.324
1.824
1.5
0
8.024
1.824
1.624
0
2.424
0.3
6.724
0.9
1.524
1.324
1.8
0.8
0.3
0.6
0.3
0.6
2.7
2.924
1.424
1.824
0
5.324
1.624
1.924
1.424
0
0.3
2.524
2.4
1.724
1.424
4.424
2.324
2.124
2.224
2.5
1.524
3.024
1
1.524
0
0.6
1.3
0.5
2.124
2.324
0.9
0.1
0.6
1.524
0
1.624
0.6
1.224
2.1
0.2
1.224
0.3
1.3
2.524
0.6
2.624
1.724
2.824
4.924
2.6
1.224
7.4
0.1
0.2
2.524
4.624
2.124
2.8
1.924
6.7
0.6
0.2
0.1
0.5
0.4
2.1
1.6
1.524
1.224
1.524
0
3.024
2.024
0
1.524
1.224
0
2.524
3.9
1.224
4.3
0.4
2.524
0.8
1.9
3.724
3.224
4.324
1.924
2.124
1.724
9.7
1.424
0.3
2.424
0.2
2.624
1.324
0.2
1
1.3
2.7
0.8
0.2
1.424
2.424
1.824
1.824
5.224
0
4.024
2
1.324
1.224
0.5
1.724
1.224
0.1
0.3
1.824
0.5
1.424
1.824
1.624
4.924
2.024
2.1
2.724
1.4
2.824
1.6
0
0.5
1.224
9
3.4
0
0.3
0.8
0.2
2.024
2.324
1
3.524
3.724
0
0.8
0.6
1.4
1.6
1.624
0.2
2.624
0.1
2.7
5.7
0
2.424
1.324
0.5
1.724
4.424
1.324
1.224
2.024
0.6
1.824
1.524
1.724
4.124
2.524
4.124
1.724
1.924
2.324
0.6
1.224
0.6
0.2
1.524
1.324
1.724
3
0.4
0.9
0.2
3.9
0
0.8
4.624
3.2
1.524
1.8
2.324
2
0
1.224
7.724
1
0.1
0.2
1.424
0.3
1.624
1.324
4.424
0.7
2.124
0
2.624
0.7
1.224
2.2
0.2
1.724
1.424
1.324
3.324
5.4
2.724
0.9
0
0.3
4.624
2.724
1.624
1.4
1.424
1.324
0.7
2.1
2.1
0.1
0.4
1.824
2.724
0.2
2
2.324
1.9
0.4
0.7
0.6
1.624
0
0.2
2.424
1.624
3.124
1.624
0.5
0.1
2.024
1.924
2.724
0.7
2
1.724
3.3
0.1
1.224
0.1
2.124
0.7
1.424
0
1.224
1.424
1.524
1.324
1.224
1.1
4.624
0.5
0.2
2.624
2.024
0.5
1.724
0.8
0.1
3
0.2
0.7
0
3.124
0.5
3.824
3.724
3.724
0
2.624
0.7
2.1
0.1
3.724
2
2.624
1.224
4.4
4.024
4.7
0
0.2
2.524
1.324
2.5
0.4
1.424
3.724
0
0.6
1.624
0
0.3
0.6
0.5
0
2.124
1.324
1.2
0
1.224
1.724
1.424
0.8
3.624
10.224
4.324
1.4
2.624
0.2
0.4
3.024
1.9
1.8
2.024
2.024
2.024
0.1
3.324
2.224
1
1.624
0.2
3.7
0.5
1.424
1.9
0.4
1.724
3.4
1.7
1.524
3.1
3.024
1
1.424
1.224
3.724
0.1
1.624
3.124
3.224
1.524
0.5
1.324
0.1
4.224
1.724
0.1
2.124
0.4
0.7
1.224
0.2
1.224
0.2
0.3
3.6
4.2
1.724
0.1
0.9
1.224
0.1
1.824
0.5
1.224
6.6
2.324
0.6
0.4
1.724
0.5
0.4
1.724
0.1
2.924
0.9
0.6
0.1
0.4
0.4
1.224
6.4
0.1
0
3.624
3.3
1.424
0
1.9
2.024
0.4
1.224
1.524
0.3
0.2
0
0
2.224
7.524
1.424
0.3
1.224
0
1.524
1
1.624
2.324
2.324
1.224
0.1
1.324
4.124
1.924
0.2
0.4
1.424
3.824
0.2
0.2
0.3
0.4
0.3
1.224
1.424
1.1
1.224
3.7
7.924
0.9
3.224
1
1.624
1.424
1.1
0.4
1.624
1.624
1.524
0.2
1.324
1.2
0.2
1.4
3.624
1.724
0
3
3.224
3.124
1.8
1.324
0
0.2
1.2
3.824
3.724
2.424
2.624
1.424
0
0.4
1.5
0.1
3.824
0.9
0
0.6
2
3.324
4.924
5.624
1.724
2.624
2.524
1.324
1.324
0.3
2.524
0.1
0.1
0.7
0.1
1.324
1.224
0.1
2.124
0.3
0.2
1.524
1.224
0.1
1.224
0.1
2.524
0.7
8.7
0.8
2
0.1
1.8
8.524
1.724
0
0.3
7.924
1.724
0.5
2.124
3.924
1.724
1
1.2
0.7
0.7
0.7
4.224
2.7
2.1
2.4
0.5
4.5
1.724
0.3
1.624
0.5
3.724
2.524
2.124
0.7
1.5
0.2
0
2.324
1.224
0.2
1.724
2.7
4.124
1.524
1.524
11.6
2.224
1.524
0.9
0.6
3.6
6.1
4.6
0
4.424
1.324
0
3.524
0.7
2.1
1.9
1.5
3.524
1.1
1.824
3.124
10.024
1.324
2.024
1.324
0
3.224
0.4
3.124
1.424
0.5
1.424
3.524
1.624
2.924
0
2.624
3.924
1.9
2.524
1
1.624
1.5
2.124
0
0.4
5.724
3.824
0.4
0.6
0.6
1.424
1.824
2.024
4.224
1.524
2.524
3.724
5.4
0
0.1
1.424
2.924
5.524
0.2
0.6
3.224
5.1
0
1.1
1.724
2
0.6
2.024
0.2
7.624
4.324
1.924
3.224
4.624
3.424
5.324
0.3
5.924
0.2
3.724
2.024
3.324
1.424
1.724
0.1
1.324
0.1
3.824
1.12
0.3
0.2
0.9
3.4
0.2
1.224
0.9
3.2
0
12.5
0.7
1.724
0
0
0
0.1
0
0.8
1.6
1.824
0.7
0
0.3
1.824
0.3
0
12.1
0.5
1.224
0
6.124
3.524
8
6.024
0
6.4
2.524
1.524
0.6
1.424
1.224
0.3
0.9
0
0
0.5
0.1
1
0.1
0.1
0
1.424
1.6
1.5
1.424
1.3
2.524
0.1
0.7
0.3
0.2
0.2
0.9
0.1
3.7
1.224
1.524
0.1
0
1.324
1.224
0.4
6.524
0
3.024
4.024
0.2
0.1
1.224
0.2
1.324
1.424
2.424
2.124
0.5
1.3
1.724
1.924
1.324
0.2
2.024
1
1.324
0
1.524
0
0.1
1.4
14.7
1.4
0.3
4
6.02
2.8
