0.7
2.024
3.3
2.224
0.5
0.6
1.324
1.224
0
1.224
1.724
0
0.1
4.124
3.924
2.244
0
1.224
1.224
1.524
0.5
0
0
1.224
2.024
1.324
1.424
0.6
1.224
0
1.324
0.1
3.4
0.1
0.3
1.2
0.1
0.4
0.4
0.5
0
2.6
0
0.1
0.1
0
0.9
0.6
0.7
0.5
0.1
0.1
0.9
0
0.2
0.3
0.1
0
0.2
0.8
1.9
0.3
0.2
3.124
0.9
0.3
0.3
0.1
0.4
2.9
0.9
1.3
0
0.1
3.5
3.124
0.1
1.524
0.1
0
1.4
0.1
0
0.1
0.1
0
0
0
0
3.524
0.1
0.1
0.1
0
0
0.1
0.2
0
1.524
1.524
0.1
1.6
1
0.2
0
0.1
0
2
0.2
0.2
0.5
0
0
0
0.1
0.3
0.1
0
0
0
5.3
0
1.424
0.6
0.2
0
0
0.2
0.2
0.7
0.5
0.1
0.4
0.1
0.8
0.9
0.2
0.3
0.4
1.2
1.324
1.624
0
0.8
0
0.1
0.2
0.4
0.2
0.1
0.1
0.2
0.4
0.1
1.3
0.1
0.3
0.4
1.2
0.1
0
0
0
0
0.3
0.1
0.1
0
0.1
6.824
0
0.9
0.1
0.3
0
1.3
0
0
0.1
0.9
0.3
1.1
1.324
0.1
0.9
0.6
1
0
0.3
0
2.024
0.3
0.1
0.9
0.2
0.6
0.3
0.3
0
2.1
0.6
0
0
0.6
2.2
0
0
0.8
0.3
0.1
0
0.6
2.224
0
0
4.8
0
4.724
0
0
0
0.1
2.1
0.2
0
0.2
0
0
0.5
0
1.624
1.224
0.2
0
0.5
0.1
4.2
0
0
0.5
0
1.7
0.5
0.1
0
0
1.224
0.1
0.2
4.024
0
0.2
0.2
0
0.2
0
0.1
0.9
1.724
0.6
0.1
0
1.424
0.7
0
0
3.624
0.1
0.1
0
0
0.2
0
0.1
2.5
0
0.1
0.1
0.1
0
0
0.1
0.6
1.224
0.5
0.1
0.1
0
0.2
0.1
0
0
0
2.5
1.324
0
0.2
0.2
0.2
0.1
1.924
0.2
0.2
2.824
1.724
0
1.3
0.6
1.424
0.2
0.4
0
0
1.224
1.224
0.3
0
0.2
1.224
0.4
0
1.724
0.8
0.5
0.7
0.2
0
0.1
1.524
0
3.424
1.324
0.2
1.524
1.324
0
0
1.424
2.1
1.424
0
0
4.8
0.3
0.5
0.7
0.5
0.2
1.1
0.2
0.1
0.4
2.5
4.3
1.324
0.1
0
0.3
2.344
1.6
0.6
1.424
0.1
0
0
1.424
0.1
0
1.524
0
0
0.2
0.3
1.324
1.324
0
1.4
1.224
1.324
1.824
1.724
3.524
0.1
0
1.224
0.3
0.1
0.8
0.2
0.1
1.324
1.224
4.424
0.1
2.324
0.1
0
0.4
0
1.224
0.2
0
0
0.2
0.2
0
0.1
0
0.6
0
3.424
1
0.3
0.1
1.524
0.2
0.1
1.224
0.1
0.2
0
1.524
0.5
2.924
0.1
0.4
1.424
0
1
0.5
1.224
0.6
0.1
0.4
0.3
2.224
0
0.9
0.1
1.824
1.324
1.624
1.324
0.1
1.524
0
0
0
0.6
0.4
1.424
0
1.224
0.4
0
0.1
1.824
0.1
0
3.524
0.1
0.2
0
1.2
1.424
0.2
0.4
3.4
1.1
1.224
1.2
2.6
0
0.1
2.424
0.9
2.324
0
0.4
0.7
0.1
1.224
0
0.2
1.724
0
0
1.824
1.824
0
0
0
0.1
0.3
0.3
0
1.224
0
1.1
0
1.424
0.8
0.5
0
1.224
0.1
0.2
1.7
1.324
0
0
0.2
0.3
0
0
0.2
1.424
0.1
1.324
0.1
2.2
0.1
0
0
1.224
0.7
1.3
0
0.1
0
0
0.6
1.1
0.1
0
0.2
0
0.3
0
0.5
2.024
0
1.224
0.3
1.724
0.3
0.5
1.824
0.2
0
0
1.824
0.2
0.5
0.1
0
0.1
0.7
0
0.2
1.924
0.1
0
0
0.3
0
0.3
0.4
0.1
1.524
1.224
1.424
0
1.424
0.2
0
0.1
0
0
2
0.9
0
0
1.324
0.1
0
0
0.3
1.224
0.1
1.724
1.524
0.1
0.6
0
0
0.2
0.4
0
0
0
1.424
1.824
1.224
0.2
1.824
2.024
0.3
1.224
1.224
0
0.4
1.2
1.324
1.324
1.3
0.1
0.1
2.6
2.024
0
1.724
0
0.4
0
1.224
1.624
0.6
0.5
0.1
1.224
0
0.2
0.1
0
0.3
0
0
0
0
1.824
0.2
1.224
0
0.6
0
0
0.9
1.324
1.324
0.1
0
0.1
0.8
0.2
0
1.524
0
1.224
1.524
2.2
0.1
0.3
0.1
0.2
0
0
0.3
0.1
0
0
0.1
0.2
0.2
1.824
0
1.224
1.924
1.724
0.7
0
1.424
0.8
0
0.1
1.224
0
1.724
0
2.324
0.2
0
0
0.1
0
0.4
1.324
0.6
0
0
0
0.1
1.224
0.6
0.2
0.6
0
0.5
0.2
0
1.324
0.1
0
1.324
0
0
1.324
0.6
1.624
1.324
1.524
0.6
0.3
0
0
0
0
0.1
1.324
0.3
4.224
0
0.3
0
1.324
0.1
0.1
0
0.5
1.624
0.3
0.1
0.6
0.3
0.1
0.3
1.224
0.1
0.1
0
0.4
0.4
0.3
0.1
0
0.3
0.1
6.524
2.2
1.724
0.1
2.224
0.1
0
0
0.2
0
1.224
0.1
0.1
0.4
0.3
0
1.224
0
0
0
1.424
0.1
0
1.324
1.324
0.5
0.1
0.1
0.2
0.2
2.124
0.1
1.824
1.8
0
0.2
1.324
0.5
0.1
0.2
0.1
0.8
1.7
1.224
0
1.224
0.1
0
0
0.8
0
1.624
0.1
0
0.5
0
1.224
0.3
1.324
0
0.1
0
0.4
1.424
0.1
1.224
0
0
1.424
0
0
0
1.424
0
0.2
0.3
0
1.424
0.2
1.224
0
1.324
0
0
0.2
1.224
0.4
0.1
0.1
0
0.1
0
1.524
0
0
0.9
0.2
0
0.1
1
0
0.3
0.1
0.1
0.4
0.3
1.224
0.7
0.4
0
0.9
0
0
0
1.224
0.1
0
0.2
1.8
1.5
0
0
0
1.224
0.2
0.6
0.2
0.4
0.1
0
0.7
1.324
0.1
0.1
1.224
0.2
0
1.524
0.1
1.224
0.1
0.1
0
0
0.1
0.2
0.1
0.2
3.124
0.5
0
0
1.724
0
0
0
1.3
1.324
0.9
0.3
0
1.624
0.1
1.224
2.124
3.024
0.3
0
1.324
0
0.5
0.1
2.6
0
2.424
0.4
0.5
0.3
1.624
0
1.924
0.2
1.324
1.524
0.1
0
0
0
0.1
0
0.1
0.1
0.5
0
0.5
2
0.1
0.4
0
0.2
0
1.424
1.424
0.7
0.8
1.424
1.924
0
3.024
1.424
0
0
0.2
0.3
1.324
2.024
1.424
0.2
0.9
0.3
0.2
0
0
0.5
0
0
0
0.1
0.1
0.1
1.1
0.3
0.1
0.3
0.1
1.3
0.6
0
0
0.8
0.9
0
0.2
1.2
0.8
0.6
1.424
1.224
0
0.6
0.7
0.3
0.1
0.1
0
4.524
0
1.9
0.2
0.1
0
1
0
1.1
0.3
0.4
0.4
0.1
1
0.3
0
0
0.1
0
0
1.324
0
5.324
0.3
0.7
0.3
0
0.1
0.4
0
1.224
2.244
1.02
1.02
2.544
3.844
1.52
1.62
1.02
2.344
2.544
1.12
1.02
1.22
1.52
7.22
1.02
1.42
1.12
1.22
16.944
1.22
2.844
1.22
2.92
1.22
0.4
1.224
0
0
0
0.9
0.3
1
0.1
0.2
1.224
0.1
0.3
0.3
0.2
0.4
1.1
0.1
0.6
1.724
0.3
1.224
0.2
0.7
0.7
0.4
0.2
1.524
0.4
0.3
0.3
0.3
1.324
0
0.2
1.724
0.1
2.5
1.624
0.1
0
0.3
1.324
1.4
0.1
0
0.2
0.3
0.4
0
0.2
0.1
0.5
1.4
0.4
0.1
0
1.224
1.2
0.1
0.1
0.1
0
0.1
0
0.7
0.1
0
0.3
0.1
0
0.4
0.9
0.2
0.5
0.2
0.1
0
0.1
2.024
1.524
0.3
0.3
0.2
0.1
0.1
0.1
0
0.2
0
0
0.7
0.1
0.1
0.1
0.3
0
1.424
0.6
0
0.2
1.3
0.8
0
2.3
0
0
0.4
0.9
0.4
0.7
0.1
5.924
0.4
1.224
1.224
1.424
0.1
0.7
1.824
0.1
0
1.324
1.224
0.9
0.1
0
0.1
0
0
0.4
4.024
0.1
1.1
1.224
0.5
0.1
0.3
0.2
0.8
0.6
0.3
0.2
0.3
5.1
0.1
0.1
0.2
0
0.1
0.1
0.1
0.1
0.2
0.8
0.1
0.1
0.2
0.1
0.1
0.1
1
0
0.9
0.4
0
0
0.3
0.2
0
0
0
0.2
1.524
0.1
0.2
0
0.8
0.3
0.6
0.7
0.4
0.3
2.024
1.224
1.324
0
4.2
3.924
1.224
0.1
0.9
1.224
0.1
0.1
0.1
0.8
0.7
0.1
0.2
0.1
0.3
0.2
0
0.1
0.2
0.1
0.4
2.2
0
0.1
0
0.2
0.5
0.5
0.2
0.1
0.2
0
0.6
0
0.3
0.5
0.3
0.8
0.1
0.2
0.4
0.1
0
1.624
1.224
0
0
0
0.5
0.2
0.2
0
0.4
0
0.1
3.224
2.924
1.224
1
0
0.9
0
0
2.4
2.224
1.324
0
0.1
0
0.1
0.1
0.7
0.3
0.2
0
0.6
0
0
0.4
1.224
0
0.1
0
0.2
0.9
0.1
0.4
0.1
0
0.8
0.3
0
0.5
0
0.1
0.2
0.6
0.3
1.224
0.1
0.1
0.5
1.424
2.124
0.1
0.4
0.1
1.824
1.824
0.1
0
0.1
0.4
0
0.4
0.1
0.4
0
0
0.1
0.6
0.6
0.3
0.1
1
0.1
0
0
0.1
0.5
1.424
0.1
0
0
0
0
0.1
0.4
0.5
1.524
0.1
0.2
0.1
0.2
0
0.2
0
1
0.1
0.2
0
0.3
1.624
0.8
0.5
0.4
0
0.2
0.2
0.5
0
0.4
1.924
0.3
0
0.8
0.8
1.5
1.524
0
0.3
0.2
2.724
0.2
0
0.6
0
0.1
0
0
0.3
1.424
0.1
0
0
0.3
0.1
0
0
0.1
0.1
1.424
0.6
5.524
0.4
0.5
2.324
0
0.2
0.7
0.6
0.4
0.3
0.2
0.2
1.224
0.5
0.3
1.824
0.1
0
1.5
0.1
0
1.6
0.3
0.3
1
0.9
0
0.3
0.4
0.7
0
0
1.1
0
0.1
0.6
0.3
0
0.3
0.3
0.1
1.3
0.2
0.2
0.1
0.1
0.2
0.1
0.2
0
0.1
0.1
1
1.8
0.1
0
1.824
0
0.1
0.3
0.1
0
2.1
0.4
0
0.1
0
0
0
0
0.1
0.2
0
0.1
1.324
0.3
1.224
0.1
1.4
0
0
0.3
3.324
0
0
0
0.3
0.1
0
0
0.3
1.324
1.224
0
0.1
4.124
0
0.2
0
0
0.1
0
0
0.4
0.3
0
0
1.224
1.2
0.3
1.224
0.1
0.1
0.3
0.1
0.1
0.1
0
0.1
0
0.3
0.1
0
1
2.4
1.824
0.4
1.624
0.4
0
0.3
1.324
0
0
0.2
1.224
0
2.324
0
0.8
0.5
1.524
0
1
0.1
0.3
0.7
0
1.224
0
0.5
0.5
0.8
0.2
0.4
0.1
0
0.1
0.6
0.1
0.5
0.2
1.224
0.5
0.7
0.4
1.6
1.2
0.3
0.1
0.4
0
0
0
0
1.224
1.324
0
0
0.1
0
0
0.4
0
1.324
0.1
0
0.1
0
0.1
0.6
0
3
0.2
0.7
1.324
0.5
2.1
0.1
0.1
0.1
1.4
0.1
0.3
0.1
0.5
0.1
0.2
0.5
0.1
0
1.324
0.9
0.4
2.124
2.224
0.2
1.4
0
0
0
1.424
0.1
2.124
0.2
0.2
1.824
1.324
1.224
0.4
0.1
0
0
0.2
0.8
0.3
0.2
6.724
0.1
0.3
0.4
1.524
0.9
2.7
2.924
0
0.5
0
0
2.324
0.4
1
0.4
0.5
1.2
0.4
0.2
1
3.3
0.1
0.2
0
0.1
0.5
0
0.6
0
0.1
0
0.5
0.3
0.5
0
0.4
1.2
1.524
0.7
0.2
0.1
1.5
0.1
0
0
0.9
0.9
0.1
0.3
0
0
0
0.2
0.9
0
0.3
0.5
1.2
0.1
0
0.1
0.4
1.3
0
0
0.8
3.524
0.1
0.2
0.4
0.5
0.1
0.3
0.1
1.6
0.9
0.4
0.4
0.8
1
1.5
0
1.3
0.1
0.8
0.3
0.2
0
0
0
0
1.224
0.7
2.344
0
0.1
1.924
2.824
0.2
0
2.024
1.7
0
4.9
1.424
0
0
0
0
1.224
0.1
0.4
2.024
0
1.924
0
1.524
0.2
1.324
0
7.024
0.2
0
0
3.524
0.9
3.9
1.4
0
2.8
0.2
1.224
0.3
0.1
0
1.324
1.824
0.1
0
0
1.324
0.2
1.324
0.1
0
0.2
0.4
1.924
0.1
1.624
0.4
0.1
0.2
1.324
0
0.1
0.2
0.1
2.524
0.2
0.1
0.1
0
1.224
0
0.5
3.424
0.1
0.4
0.6
0
0.1
0
0.1
0.1
0.1
0.4
0.3
0.4
1
0.3
0.2
0
1.224
0.6
0.2
1.324
1.224
0.3
0
0.1
0.6
4.3
0.3
0.1
1.2
5.544
0.6
