2.324
0.2
3.424
0.4
1.624
0.3
0.2
0
1.824
0
1.524
1.324
0.6
1.3
1.4
1.02
0
0
0
0.2
1.424
1.424
0
0
1.824
0.2
0.1
0.5
1.424
0.2
0
1.224
4.024
1.224
0.6
2.024
1.324
1.624
0.1
2.424
1.524
3.624
0.1
0.3
0.2
1.324
0.8
1
1.724
3.448
1.224
0.1
3.948
0.1
0.1
0.1
1.424
0.1
1.524
2.424
2
1.1
0.1
0.8
1.3
2.024
0.1
0.2
1.724
2.7
2.224
3.448
2.124
1.524
4.124
2.324
0
0.2
0.1
1.224
2.324
0
1.324
0.1
0
0
0
0
0
1.3
1.524
0.2
0.2
0.1
0
3.248
3.148
1.224
0.1
0
0
2
0.6
1.224
0
1.524
1.324
2
0.3
1.424
1.924
0
1.424
1.324
0.2
0.6
1.624
0.4
1.424
1.224
4.1
0.1
0.3
2.224
0
1.324
1.824
1.224
0.3
2.024
2.024
0.2
0.4
0.1
1.724
1.3
1.524
1.324
1.824
1.7
1.624
0.2
0
1.924
0
0
1.424
0.5
1.524
0.1
1.224
1.424
1.924
1.324
2.524
2.224
0.2
0.1
2.724
0.1
1.524
0
1.324
0
0
0.1
0
1.224
0.1
3.8
1.324
2.324
1.324
1.424
1.224
3.024
0.1
0
1.324
2.524
1.724
2.324
0.1
1.224
0.4
2.124
2.524
1.624
0.1
1.224
0.3
2.748
1.524
3.224
1.624
2.024
1.224
1.524
1.224
0.9
1.524
0
0
0.4
4.524
0
1.424
3.748
1.824
1.324
1.324
1.324
0.2
0.1
1.224
4.2
1.324
1.3
0
0
0
1.324
3.224
1.324
1.224
1.524
1.224
1.224
2.024
2.448
1.324
1.224
1.224
0
1.524
0
6.124
1.324
0
2.824
0
2.524
1.424
0
0
0
0
0.1
1.324
1.4
0.1
0.3
0.1
0
0.2
1.224
0
0.4
1.324
1.724
1.224
1.224
1.324
1.2
1.224
1.224
1
1.224
1.224
1.224
1.224
1.624
1.324
1.624
0.7
0.1
1.324
0.1
2.448
1.324
0
0
1.924
1.224
2.224
1.524
1.424
1.324
1.624
1.324
1.224
1.224
0
1.4
0
0.1
0.1
0.3
0.1
1.224
0
1.524
0.2
0.1
0
0.1
0.4
2.524
0
2.024
0.3
0
1.424
0
0
1.624
1.224
1.324
0
2.024
1.324
0
2.324
0.6
0.4
1.324
0
0.1
0.1
0
1.8
0
0.3
1.424
1.424
0
0
0
4.324
1.224
0.1
2.448
2.3
0.1
2.724
1.624
2.548
1.824
0.9
1.224
2.448
1.524
1.7
3.8
0.2
0.1
1.224
0.2
1.12
3.148
2.648
0
2.448
2.448
1.224
0.3
0
2.548
0
1.224
1.324
1.324
0
1.224
0
0
1.6
0
0
0.2
1.424
2.424
0.1
0
0
0.3
1.324
3.048
1.524
0
0
2.548
2.5
0
0.3
1.324
0
1.624
1.224
0
1.324
1.424
1.224
1.924
1.324
2.448
1.324
1.224
1.724
1.224
1.7
2.124
1.424
0.1
0.1
0.5
1.324
0
0.3
0.4
1.224
1.324
1.724
0.8
1.424
1.324
0.1
2.448
1.824
1.524
0.1
1.724
1.324
0.5
1.624
0.5
1.224
2.924
1.524
1.524
1.424
0.1
0.1
1.324
0.2
1.224
0
1.324
1.724
1.424
0
0
0
2.424
0
1.324
0.3
0
0
3.024
1.524
1.724
1.224
0.7
1.224
0
0.5
4.924
1.1
0
2.224
2.924
0
1.324
2.024
2.324
0.5
0
0.4
0.6
1.224
0
1.224
0.3
0.3
0
1.224
1.624
0.1
1.224
1.324
0
1.524
1.624
0.1
0
0
1.324
2.224
1.324
0.1
1.624
0.3
1.224
0
1.424
1.324
0.9
0.1
0
1.224
2.024
1.524
1.224
1.324
1.424
0.2
2.548
1.324
0
3
1.224
1.224
1.224
0
1.624
2.624
1.224
0
1.224
1.224
2.424
2.424
2.548
0.1
1.524
1.224
1.424
1.224
2.024
0.5
1.224
0.3
1.424
0.1
1.424
1.524
1.924
1.324
1.224
1.224
0
1.324
1.424
1.424
0
1.224
2.224
1.224
0.1
0.4
1.224
0.1
0
0.2
2.448
1.724
1.524
2.448
2.448
1.224
0
1.224
0.2
1.224
0
0
1.224
1.224
2.324
2.024
0
1.224
0
0.1
1.324
1.224
1.324
0.1
1.524
1.424
1.324
0
0.3
0.1
1.224
1.424
1.224
0.2
1.224
1.224
0.1
0.3
0
1.324
0.1
0.7
1.824
0
0
1.324
0.2
1.824
0
0
1
0.2
0.2
5.224
1.424
2.548
0.1
0
0.5
1.324
0
0.3
1.924
2.848
0
0
1.424
1.324
1.524
1.324
0.1
1.224
0.1
0
1.324
0.2
1.324
1.224
0
2.124
1.224
1.224
0.7
0.1
1.624
0
1.224
1.224
0.4
1.524
1.224
1.524
1.324
0
0.1
2.924
0
3.448
1.224
0
1.224
0
0
2.848
1.224
1.224
1.224
1.624
1.524
1.624
0
1.224
1.424
3.048
1.724
1.224
1.524
1
1.224
1.424
0
1.324
1.524
1.224
0.2
1.724
0.1
0.1
0.2
1.324
0.3
0
0.7
1.224
1.224
1.224
2.848
0
0.5
1.224
0.2
0.2
1.524
1.424
1.324
1.524
1.324
1.224
0
0
1.524
0.1
2.024
1.224
0.2
0.2
1.824
1.524
0
1.224
1.224
0
0.1
1.324
0.4
1.6
1.524
0.2
1.324
0
1.224
1.324
1.224
2.124
0.1
3.148
0
1.824
0.8
1.224
1.724
1.224
1.324
2.848
0
1.324
1.524
0.1
1.324
1.324
1.524
1.324
3.3
4.948
0.4
0.1
0.4
1.424
1.224
1.324
1.224
1.224
0
1.324
0.2
2.224
2.548
1.224
0
0
1.224
1.424
1.224
1.224
0
2.548
2.448
1.424
1.324
0.1
1.224
1.324
0.6
1.224
0.3
0.8
1.424
1.424
0
0.4
0
2.648
0.1
0.7
1.1
1.324
1.424
1.424
1.424
1.224
0
0.5
1.224
1.424
1.624
1.224
2.224
1.324
1.224
1.524
0.2
0
1.324
1.224
1.324
0.2
1.224
1.324
0
1.224
0.1
0.1
1.224
1.324
2.548
0
0.1
1.724
1.324
1.324
1.324
0
1.224
0
1.224
0
0.4
0
1.624
1.324
1.324
1.224
0
1.224
0.2
1.324
0
2.124
1.424
0
2.448
2.424
0.1
0
1.324
1.324
2.548
1.324
0
2.024
2.424
1.224
2.424
0
2.448
1.324
1.324
1.324
1.224
1.424
2.224
3.324
1.324
0
1.224
0
1.224
1.424
0
1.324
2.648
0
1.824
0
2.648
1.524
1.224
0.1
0
0.1
0
0
0.2
1.324
1.224
1.224
0
0.1
0
0.3
0.9
1.524
1.424
1.224
0.1
0
2.448
0
3.348
1.324
2.124
1.324
1.224
0.4
1.224
0
1.524
2.524
1.624
1.224
0.1
1.324
2.648
1.224
5.048
0.2
2.624
1.724
2.024
0.3
1.424
1.224
1.2
1.724
1.324
1.424
1.224
1.224
1.224
1.324
1.224
1.324
1.224
1.524
1.724
1.224
1.524
0.9
0
2.124
0
0.2
1.224
1.324
0.1
0.2
2.424
1.324
1.724
1.424
0.8
0.1
0
1.224
1.424
1.624
0
0.4
0.3
1.324
3.148
1.624
1.224
1.224
1.224
0.4
1.224
1.224
0
1.224
0.2
1.224
2.024
1.424
1.424
1.524
1.424
2.424
1.424
1.224
1.224
1.924
0.5
0.1
1.424
3.424
2.024
0.5
2.448
0.1
1.224
0.7
2.224
1.724
0.1
1.224
0
1.4
0.1
0.9
0.3
2.448
1.424
2.224
1.224
0.6
0.2
0.6
1.824
1.224
1.5
1.924
0
1.324
1.224
1.224
1.324
0.3
1.224
1.5
1.424
1.724
2.648
1.224
0
1.824
0
0
1.02
2.244
2.344
2.344
1.92
1.32
1.12
2.444
2.244
1.22
1.02
2.344
2.344
2.544
7.344
1.12
2.444
2.644
2.244
2.92
1.32
1.12
1.12
18.268
3.568
0.1
0.1
1.224
1.224
1.224
4.448
2.848
2.624
0.3
1.324
1.324
0.3
1.524
0.6
0.1
1.424
3.324
1.324
1.924
0
2.948
2.448
1.224
0.9
2.224
1.624
1.424
0.1
0.4
1.724
3.048
3.548
0
1.324
2.948
1.724
1.224
3.724
1.624
1.324
0
1.824
0.4
2.624
0.7
1.324
1.524
1.824
0.5
0.1
0.1
0.1
0.3
1
3.748
2.448
1.524
0
2.624
1.324
2.748
1.524
0
0.4
1.524
2.724
1.224
1.224
1.924
1.624
1.524
1.424
0.9
1.524
3.048
1.724
1.324
0
1.424
1.724
1.424
1.624
1.424
0.3
0
0.1
1.624
1.224
1.524
0.1
1.224
2.024
0
2.548
0.1
1.924
1.424
0.1
1.724
2.448
2.424
2.924
2.324
1.224
2.8
1.324
1.324
1.624
4.348
1.624
0.6
1.224
2
2.024
0
0
0.1
0.3
1.824
1.424
1.424
1.324
2.648
1.224
2.424
1.424
0.1
2.448
1.224
1.224
1.924
1.9
1.224
2.524
0.1
1.824
0.2
0.9
3.448
1.624
2.324
2.648
1.524
2.648
3.3
1.424
1.324
1.424
0
1.824
1.224
0.2
0.4
1.424
2.824
1.524
1.224
1.224
3.048
1.624
1.524
2.724
0
2.224
0.8
1.224
1.224
0.3
2.548
1.224
1.224
1.224
1.824
0.3
1.224
1.324
1.524
1.824
1.424
2.024
3.148
2.124
3.148
0.8
0
0.1
1.224
3.3
1.3
1.224
0
0.4
0.3
1.324
1.524
0.5
2.324
2.024
1.224
0.2
1.624
1.824
1.924
2.548
0
2.848
1.524
1.2
2
0
2.948
1.224
0.2
1.524
3.348
1.324
1.324
1.524
1.424
1.724
1.224
1.624
2.124
2.948
2.224
2.748
1.424
2.648
0.3
1.224
1.624
0.1
1.424
1.224
1.424
0.8
0.3
1.424
1.224
2.624
1.224
1.524
4.048
1.2
2.648
0.9
1.524
0.9
0
1.224
4.348
0.4
1.324
1.224
1.324
0.2
1.224
1.224
2.024
1.524
1.424
1.324
1.524
1.524
1.224
2.124
0
1.524
1.324
1.224
1.824
3.724
1.824
1.424
1.324
0
3.648
3.048
1.224
0.9
1.324
2.448
0.3
1.824
0.8
0
1.224
2.948
1.924
1.224
0.3
3.048
2.524
0.2
0.1
0.1
1.324
0
0
2.224
1.624
1.924
1.224
1.424
0
1.324
1.424
1.424
0.2
2.624
1.324
2.224
0.2
1.224
0
1.424
1.324
1.424
1.324
1.224
1.224
1.324
2.448
1.224
1.724
3.748
0.1
0
1.624
2.748
0.5
2.848
0.3
0
2.324
0.2
0.3
0
1.524
1.624
2.124
3.648
3.548
1.224
2.848
1.624
2.724
0.2
3.248
1.924
2.224
1.224
3.224
1.824
3.524
0.1
1.424
1.524
1.224
2.124
1.224
1.324
2.624
1.324
0.1
1.424
0
0.2
0.4
1.524
0.1
1.424
2.648
1.624
1.224
2.448
2.648
1.224
1.424
3.348
5.348
2.424
0.7
3.048
0
0
2.224
0.5
0.6
1.624
1.424
1.324
0.1
1.424
3.148
0.4
2.648
0
0.6
0.1
2.448
0.5
1.424
1.624
1.6
0.3
1.424
2.424
1.824
1.824
1.424
1.224
3.048
0
1.424
1.724
2.948
1.224
0.2
1.224
1.324
2.624
1.524
0
1.624
1.424
0.3
2.548
0
2.448
0.1
1.324
1.1
1.4
1.524
1.224
1.524
1.224
0.1
1.224
0.1
1.224
3.124
2.848
0.4
1.424
1.524
1.424
1.224
1.324
1.224
2.424
0.5
0.4
0
0.4
1.424
1.224
2.6
1.224
0
2.224
1.2
1.324
1.224
1.724
1.424
1.324
1.224
1.224
0.1
1.524
1.224
0.1
2.024
5.548
1.324
1.424
1.324
0
1.324
1.724
1.324
1.724
1.724
1.224
0
2.548
3.948
2.024
0.3
1.324
1.324
1.724
0.1
1.224
0.2
0
1.524
1.224
1.424
2.124
1.224
2.924
3.524
1.924
2.948
0.4
1.324
1.424
1.224
0.1
1.524
1.524
2.648
0.1
1.224
0.5
0
0.7
2.624
2.748
1.224
2.424
1.824
2.024
2.424
1.224
0
1.324
0.2
2.124
3.348
1.724
1.624
1.324
0
1.324
1.724
1.324
2.424
1.524
1.224
1.424
2.224
3.148
2.824
4.448
1.524
3.148
1.624
1.324
2.448
0.1
3.648
0.1
0
1.824
1.224
1.224
1.224
1.224
1.424
0
0.2
1.324
1.224
0
1.224
1.224
1.324
1.724
3.824
0.2
0.6
0
0.6
3.624
1.224
0
0.3
3.324
1.324
0.1
1.424
2.224
2.648
1.624
0.5
1.824
0.4
0.7
3.248
2.424
1.1
0.8
0.3
3.024
1.424
1.424
1.424
0.2
1.824
2.848
1.824
0.3
1.824
0.1
0
1.624
2.548
1.424
1.524
2.424
1.624
2.448
1.424
4.3
2.848
2.548
1.824
0.3
1.9
2.4
1.4
1.224
3.948
1.324
0
2.224
1.624
1.2
2.824
0.3
2.024
0.2
2.648
2.024
4.524
2.548
1.524
1.324
0
3.648
1.324
3.448
1.424
1.424
1.424
1.924
1.424
1.824
1.224
1.524
2.024
2.524
1.824
0.7
1.624
0.7
1.524
1.224
1.424
4.148
2.524
1.324
1.724
1.424
2.448
2.548
1.424
3.848
2.748
1.424
3.448
3.624
1.324
1.224
1.424
2.548
2.424
0.2
1.424
3.148
3.424
0
1.324
1.524
2.324
0.3
1.624
1.524
3.324
2.424
1.324
3.148
2.724
1.724
2.324
0.1
2.224
0
1.924
1.624
3.248
1.224
1.324
0
1.224
0
1.924
1.02
1.724
1.424
0.2
2.324
1.524
2.448
1.724
3.024
0
3.4
0.2
2.448
1.224
0.2
0
0
1.224
0.2
0.5
1.324
0.2
0
0
2.648
0
1.224
3.7
0
1.224
0
2.624
1.724
5.324
2.724
1.224
4.524
1.724
1.224
1.724
1.224
1.224
0.1
0.2
0.1
1.324
0.1
0
1.624
0
0.1
0
1.224
0.2
0.3
1.324
0.4
1.424
0.1
0.1
0.1
0.1
1.224
0.3
1.324
0.8
1.324
1.424
1.524
0
1.324
1.224
0.1
2.224
1.424
2.648
3.048
1.324
0
1.224
0.2
1.424
1.324
1.824
1.624
1.624
1.424
1.424
1.324
1.224
0
1.624
0.4
1.324
0
1.324
1.224
0
0.6
5.724
1.424
1.724
2.624
2.62
2.224
