2.624
0.5
3.424
0.6
1.424
1.524
1.624
1.224
2.648
1.224
2.948
2.548
1.424
2.024
2.124
0
0
0
0
0
1.224
1.824
0.1
0
1.724
0.1
0.1
0.1
1.224
0
0
1.224
3.724
1.324
0.3
1.824
1.524
1.424
0
2.024
1.324
3.624
0.1
0.1
0
1.224
0.2
0.7
1.924
3.148
1.224
0.1
3.548
0
0.1
0.1
1.224
0.4
1.324
2.024
1.3
0.3
0
1.4
0.7
1.524
0
0
1.624
1.1
2.524
3.048
1.524
1.424
3.924
2.024
0
0.2
0
1.224
2.324
0.1
1.224
0.1
0
0
0
0
0
1
1.224
0.2
0.2
0
0
3.348
3.048
1.224
0
0.1
0
1.1
0.6
1.224
0
1.424
1.224
2.9
0.1
1.424
2.024
0
1.324
1.224
0.1
0.7
1.224
0.2
1.324
1.224
3.4
0
0
2.024
0.4
1.224
1.724
1.324
0
2.024
2.024
0
0.2
0
1.624
1.7
1.724
1.324
1.724
1.3
1.324
0.2
0
1.924
0
0
1.324
0.4
1.524
0.1
1.224
1.424
1.224
1.424
2.424
2.024
0.1
0.4
1.924
0.1
1.424
0
1.324
0
0.3
0
0
1.324
0
3.6
1.224
1.824
1.324
1.524
1.324
2.124
0
0
1.324
2.624
2.024
2.424
1.224
2.548
1.924
3.548
3.748
2.648
1.424
2.448
1.724
3.772
2.948
3.348
2.548
3.348
2.548
2.648
1.224
0.5
1.624
0
0
0.4
3.824
0
1.224
3.248
1.324
1.524
1.224
1.824
0.9
0
1.224
3
1.224
1.1
0
0
0
1.224
2.724
1.224
1.224
1.924
1.224
1.324
1.424
2.448
1.524
1.224
1.224
0
1.324
0
3.624
1.424
0
1.424
0
2.124
1.324
0
0
0.2
0
0
1.224
1.7
0
0
0
0
0
1.224
0
0.4
1.224
1.424
1.224
1.224
1.224
0.4
1.224
1.224
0.3
1.224
1.224
1.224
1.224
1.324
1.324
1.324
0.9
0.1
1.424
0
2.648
1.224
0
0
2.024
1.224
1.424
1.324
1.324
1.424
1.324
1.224
1.224
1.224
0
0.3
0
0
0
0
0.2
1.224
0.1
1.524
0.1
0.3
0
0
0.1
1.524
0.1
1.724
0.2
0
1.324
0
0
1.324
1.224
1.324
0
1.224
1.224
0
1.724
0.4
0.2
1.424
0.1
0
0.1
0
1.1
0
0
1.624
1.424
0
0
0
2.324
1.224
0
2.448
2.2
0.1
1.824
1.924
2.448
1.424
0.5
1.424
2.448
1.324
1.3
3.9
0.1
0
1.224
0.2
0
3.872
3.872
0
2.548
2.448
1.224
0
0
2.448
0
1.224
1.224
1.324
0.1
1.224
0
0
0.7
0
0
0.1
1.424
2.124
0
0
0
0.1
1.324
2.948
1.524
0
0
2.548
1.4
0
0.2
2.448
0
1.924
1.224
0
1.224
1.524
1.224
1.424
1.324
2.448
1.224
1.224
1.424
1.224
1.8
1.824
1.424
0
0.1
0.2
1.724
0
0
0
1.324
1.424
1.824
1.4
1.324
1.224
0
2.448
1.724
1.724
0.1
1.324
1.324
0.7
1.924
0.5
1.224
1.824
1.224
1.624
1.224
0.2
0
1.424
0
1.224
0
1.324
1.524
1.324
0.2
0
0
1.524
0
1.224
0.2
0
0
1.924
1.524
1.424
1.224
0.9
1.324
0
0.3
3.024
0.8
0
2.224
2.024
0
1.424
2.124
1.524
0.3
0
0.2
0.3
1.224
0
1.224
0.7
0.4
0
1.224
1.524
0.2
1.224
1.224
0
1.524
1.424
0.2
0
0
1.324
2.624
1.224
0
1.424
0.2
1.224
0.1
1.324
1.324
0.6
0
0
1.224
1.324
1.424
1.224
1.224
1.224
0.1
2.448
1.224
0
1.5
1.224
1.224
1.224
0
1.424
2.724
1.224
0.1
1.224
1.324
1.724
1.924
2.448
0
1.324
1.224
1.324
1.224
1.424
0.6
1.224
0
1.424
0.2
1.424
2.624
1.624
1.224
1.324
1.324
0
1.224
1.324
1.224
0.2
1.224
2.024
1.224
0.1
0.2
1.524
0.1
0
0.2
2.448
1.524
1.724
2.748
2.448
1.224
0.1
1.224
0
1.324
0
0
1.224
1.224
2.224
1.424
0
1.224
0
0
1.324
1.224
1.324
0
1.224
1.224
1.224
0
0.6
0
1.224
1.224
1.324
0
1.224
1.224
0
0.1
0
1.424
0.2
0.4
1.424
0
0
1.224
0.2
1.724
0.1
0
1
0
0.1
3.624
1.524
2.548
0
0.3
0.1
1.224
0
0
1.424
3.348
0
0.1
1.624
1.224
1.424
1.224
0.1
1.324
0.1
0
1.224
0.1
1.224
1.224
0
2.124
1.224
1.224
0.5
0
1.424
0
1.224
1.324
0.2
1.424
1.224
1.724
1.324
0
0.2
2.124
0
3.648
1.224
0
1.224
0
0.1
2.748
1.224
1.324
1.324
1.424
1.324
1.424
0.1
1.224
1.424
3.148
1.824
1.324
1.224
1.3
1.224
1.224
0.1
1.224
1.324
1.224
0
1.624
0.1
0
0.1
1.324
0.2
0
0.5
1.224
1.224
1.224
2.648
0.1
0.2
1.224
0.3
0.2
1.424
1.324
1.324
1.324
1.224
1.224
0
0
1.324
0
1.924
1.224
0
0
1.424
1.324
0.1
1.224
1.224
0
0
1.324
0
1.9
1.224
0.6
1.324
0
1.324
1.324
1.224
2.424
0.5
2.648
0.2
1.924
0.5
1.324
1.224
1.324
1.224
2.548
0
1.524
1.224
0.2
1.224
1.424
1.324
1.224
2.7
5.048
0.2
0.4
0.7
1.224
1.224
1.324
1.324
1.224
0
1.324
0.2
1.724
2.548
1.224
0
0
1.224
1.324
1.424
1.324
0.1
2.448
2.448
1.324
1.424
0
1.324
1.224
0.2
1.324
0.5
0.5
1.524
1.324
0
0.3
0
2.448
0
0.3
0.8
1.424
1.324
1.324
1.224
1.224
0
0.2
1.224
1.324
1.224
1.224
1.824
1.224
1.224
1.224
0
0
1.224
1.224
2.124
0
1.324
1.224
0.1
1.224
0
0
1.224
1.324
2.448
0
0.1
1.524
1.224
1.324
1.424
0
1.224
0.2
1.224
0
0
0.1
2.024
1.324
1.224
1.224
0.1
1.224
0
1.224
0.1
1.324
1.324
0
2.548
2.524
0.1
0.1
1.224
1.324
2.648
1.524
0.1
1.424
2.124
1.224
2.324
0.1
2.448
1.224
1.224
1.224
1.324
1.224
1.824
3.024
1.324
0
1.424
0.1
1.524
1.224
0.2
1.324
2.448
0
1.424
0
2.448
1.824
1.224
0.2
0
0
0
0.1
0.1
1.324
1.224
1.224
0
0
0
0.1
1
1.524
1.324
1.224
0.2
0
2.448
0
3.248
1.224
1.924
1.424
1.324
0.2
1.224
0
1.824
2.824
1.424
1.224
0
1.324
2.748
1.224
3.648
0.1
2.724
1.624
1.424
0.1
1.224
1.224
1
1.324
1.424
1.424
1.224
1.224
1.224
1.524
1.224
1.224
1.224
1.224
1.824
1.224
1.524
0.9
0
1.524
0
0.1
1.224
1.224
0
0.1
1.924
1.524
1.324
1.224
1.1
0
0
1.224
1.324
1.524
0
0.6
0.2
2.448
4.772
2.648
1.424
1.224
1.224
0.4
1.324
1.224
0
1.224
0
1.224
1.724
1.224
1.224
1.524
1.224
1.524
1.424
1.324
1.224
1.624
0.3
0
1.424
2.324
1.624
0.7
2.548
0
1.224
0.5
1.824
1.324
0
1.224
0
2.1
0
0.6
0.2
2.448
1.324
1.924
1.224
0.4
0.1
0.2
1.524
1.424
0.6
1.324
0.1
1.224
1.324
1.224
1.224
0
1.324
1.5
1.424
2.424
2.948
1.224
0
1.324
0
1.224
0
1.224
1.224
1.324
0.4
0
0.1
1.424
1.224
0.4
0
1.224
1.224
1.424
5.624
0
1.524
1.324
1.324
0.9
0.1
0.2
0
4.448
3.148
0.1
0
1.224
1.224
2.548
17.272
4.472
3.248
1.724
2.648
2.448
1.224
2.848
1.824
1.724
2.848
6.148
2.648
2.648
1.324
4.072
3.772
2.748
2.424
3.148
2.448
2.748
1.324
1.624
3.048
4.472
4.772
1.324
2.548
3.872
3.248
2.448
5.648
3.248
2.648
1.224
3.148
1.224
4.648
1.524
2.548
2.548
3.948
1.424
1.324
1.224
1.424
1.624
1.824
4.772
3.672
2.748
1.224
4.548
2.448
4.172
2.648
1.224
1.324
2.648
5.148
2.548
2.548
3.148
2.748
2.448
2.948
1.624
2.648
4.372
3.348
2.748
1.224
2.748
3.048
2.548
2.748
2.948
1.524
1.224
1.224
2.448
2.448
2.748
1.224
2.448
4.248
1.424
3.772
1.224
3.248
2.748
1.624
2.748
3.772
3.348
4.048
2.748
2.448
4.324
2.448
2.548
3.048
7.272
2.848
2.124
2.848
3.324
2.648
1.224
1.224
1.424
1.524
2.748
2.648
2.548
2.548
3.772
2.548
3.048
2.648
1.224
3.972
2.448
2.448
3.148
2.924
2.448
4.248
1.224
2.748
1.324
1.824
4.972
2.848
3.848
4.172
2.648
3.972
3.724
2.648
2.448
2.948
1.224
2.748
2.448
1.524
1.924
3.448
5.248
2.548
2.548
2.748
5.672
2.848
2.548
4.348
1.224
3.448
1.724
2.448
2.448
1.724
3.972
2.448
2.448
2.548
2.648
1.324
2.448
2.548
2.848
2.948
2.548
3.848
4.272
3.048
4.472
1.824
1.224
1.224
2.448
4.324
2.324
2.448
1.224
1.424
1.424
2.548
2.748
1.624
3.248
3.448
2.448
1.624
2.848
3.048
4.148
3.872
1.324
4.972
2.648
2.424
3.324
1.224
4.172
2.448
1.224
2.848
4.772
2.448
2.448
2.548
2.748
2.748
2.548
2.548
3.648
5.772
3.748
4.172
2.648
3.972
1.524
2.448
2.648
1.224
2.648
2.448
2.548
2.124
1.224
3.048
2.548
4.248
2.548
2.448
4.972
3.524
3.672
2.724
2.948
1.824
1.224
2.448
7.372
1.624
2.548
2.448
2.548
1.224
2.548
2.448
3.248
2.848
2.948
2.448
2.648
2.748
2.448
2.848
1.224
2.848
2.748
2.448
3.048
6.848
2.848
2.748
2.548
1.424
4.772
4.472
2.548
1.824
2.448
3.672
1.424
3.148
2.124
1.224
2.748
3.972
2.748
2.548
1.324
4.072
4.048
1.324
1.224
1.424
2.648
1.224
1.224
3.348
2.748
2.948
2.448
2.748
1.224
2.448
2.548
2.748
1.424
4.548
2.748
3.948
1.324
2.448
1.224
2.648
2.748
2.548
2.648
2.448
2.448
2.548
3.672
2.448
3.048
4.772
1.224
1.524
2.948
4.072
1.424
4.172
1.524
1.224
5.048
1.524
1.624
1.224
3.048
2.748
3.948
4.872
5.072
2.448
4.172
3.448
5.348
1.224
4.972
2.548
2.748
2.448
5.148
3.048
6.548
1.424
2.548
2.748
2.448
3.048
2.648
2.748
3.348
2.548
1.324
2.548
1.224
1.624
1.424
2.748
1.224
2.548
3.972
2.648
2.448
3.672
3.672
2.548
2.648
4.672
7.072
3.848
1.624
4.472
1.224
1.424
3.148
1.824
1.824
2.648
2.948
3.048
1.224
2.948
3.872
1.624
3.672
1.224
2.024
1.524
3.672
1.824
2.748
2.648
2.924
1.824
2.548
4.548
3.148
2.648
2.448
2.448
4.572
1.324
2.748
2.948
4.272
2.548
1.224
2.448
2.448
3.348
2.848
1.324
3.348
3.048
1.324
3.772
1.424
3.672
1.324
2.848
2.124
2.324
2.448
2.648
3.048
2.448
1.224
2.648
1.424
2.448
4.548
4.572
1.624
2.748
2.748
2.848
2.648
2.548
2.448
3.148
1.524
1.624
1.424
1.224
2.448
2.448
2.824
2.648
1.224
3.048
2.524
2.448
2.448
3.948
2.748
2.748
2.448
2.548
1.524
2.648
2.448
1.324
2.848
5.672
2.548
2.748
2.448
1.224
2.948
2.548
2.448
2.648
3.148
2.448
1.324
3.672
5.072
3.348
1.424
2.548
2.448
3.748
1.224
2.548
1.324
1.424
2.548
2.448
2.548
3.248
2.448
5.448
5.248
3.448
4.272
1.724
2.548
2.548
3.148
1.324
2.648
2.548
3.772
1.224
2.448
1.824
1.324
1.824
5.248
3.772
2.648
6.148
2.648
3.148
3.448
2.648
1.224
2.448
1.224
3.848
5.472
3.648
2.748
2.448
1.324
2.648
2.748
2.548
3.448
2.748
2.448
2.748
3.748
4.272
4.248
8.172
3.048
4.572
3.148
2.448
3.672
1.224
3.972
1.224
1.224
2.848
2.548
2.448
2.448
2.448
2.948
1.324
1.224
2.548
2.448
1.424
2.648
2.648
2.548
3.348
6.348
1.524
1.524
1.424
1.624
4.448
2.448
1.224
1.524
3.948
2.448
1.324
2.748
3.248
4.072
3.248
1.624
2.848
1.424
1.724
4.872
4.748
1.724
2.024
1.324
4.148
2.448
2.548
2.448
1.724
3.148
4.472
2.648
1.524
2.848
1.424
1.224
2.848
3.672
2.848
2.548
3.548
3.248
3.972
2.748
5.824
3.872
3.872
2.748
1.424
3.224
3.624
3.224
2.448
4.472
2.548
1.224
3.948
2.848
1.524
3.248
1.524
3.248
1.524
3.972
4.248
5.048
3.772
2.648
2.448
1.324
6.072
2.448
5.272
2.448
2.748
2.448
2.748
2.948
3.048
2.448
2.748
4.148
5.648
2.848
1.824
2.448
1.524
2.948
2.448
2.448
5.672
3.448
2.448
2.948
2.548
3.772
3.772
2.848
5.572
3.872
2.648
4.772
4.648
2.548
2.548
2.748
4.572
3.548
1.224
2.548
4.172
4.048
1.324
2.948
2.948
2.848
1.424
2.948
2.448
4.348
3.948
2.848
4.572
3.148
2.948
3.148
1.424
3.448
1.224
3.748
2.448
4.772
2.448
2.548
1.224
2.448
1.324
2.848
1.224
1.224
1.324
0.1
2.224
1.224
2.448
1.324
1.824
0
3
0.3
2.548
1.224
0.1
0
0.2
1.224
0
0.5
1.324
0.1
0
0
2.648
0.2
1.224
3.1
0
1.224
0
2.724
1.624
2.724
1.924
1.224
3.524
1.524
1.324
1.224
1.224
1.224
0.2
0.3
0
1.524
0
0
1.424
0
0
0
1.324
0.2
0.4
1.324
0.3
1.424
0.1
0.2
0
0.2
1.324
0.4
1.224
1.6
1.224
1.224
1.524
0
1.224
1.224
0
3.124
1.224
2.748
3.348
1.324
0
1.224
0.2
1.324
1.224
1.524
1.424
1.524
1.424
1.224
1.224
1.224
0
1.324
0.2
1.224
0
1.224
1.224
1.224
0
4.624
1.324
1.524
3.424
1
2.624
