2.324
0.4
1.1
0.3
0.2
1.424
1.224
1.224
2.548
1.224
3.048
1.424
1.224
1.724
1.824
0.2
0
0
0
0.2
0.2
0.1
0
0
1.624
0.1
0.5
0
0
0
0
0.1
3.024
1.224
0.3
1.524
1.424
1.324
0.1
2.224
1.324
1.5
0.1
0.1
0
1.02
0.2
0.7
1.524
2.024
0
0.1
2.624
0
0
0.1
1.324
0.6
1.424
2.12
0.8
0.4
0
1
0.7
1.524
0.1
0.2
1.42
1.3
2.324
1.924
1.724
1.424
2
2.224
0
1.32
0.1
1.224
0.5
0
0
0.1
0
0
0
0
0.1
1.2
1.224
0.1
0
0
0
2.744
2.244
1.224
0.1
0
0
1
0.5
1.324
0
1.424
1.224
1.4
0
1.424
2.024
0
1.224
0
0.2
1.22
1.324
0.2
1.224
1.424
2
0
0.1
2.324
0.3
1.224
1.724
0
0
1
1.624
0.1
0.1
0
0.3
0.9
1.32
0.2
0.4
1.3
1.224
0.1
0
0.7
0.1
0
1.22
0.2
1.524
0
0
1.224
1.424
1.224
2.624
1.924
0.1
0.4
2.124
0.4
1.524
0
1.324
0
0.2
0
0.1
1.524
0
2.7
1.224
2.724
0.1
1.424
0.1
0.7
0
0
0
2.824
2.224
1.1
1.324
1.224
1.424
1.624
1.924
1.324
1.524
1.224
1.724
2.748
3.048
2.024
1.324
1.724
1.224
3.048
1.224
0.2
1.524
0
0
0.4
3.524
0
1.224
1.524
0.2
1.224
0.1
1.524
0.4
0
1.224
2.2
1.224
0.8
0
0
0
0.2
1.8
0
0
0.2
0
0
0.2
1.224
0.3
0
0.1
0
0
0
2.9
0
0
0.4
0
0.9
0.2
0
0.1
0
0
0
0
1
0
0
0.2
0
0.1
0
0
0.3
0.1
0.3
0
1.224
1.324
0.4
0
1.324
0.6
0
1.224
0
1.224
1.224
1.224
0.1
0.9
0
0
0.1
1.224
1.224
0
0
0.5
0
0.3
1.224
0.1
0.3
0.3
0
0
0
0
0.5
0
0
0
0.1
0.6
1.224
0.2
1.624
0
0.3
0.2
0
0.5
1.524
0
1.424
0.4
0
0.1
0
0
0
1.224
0
0.1
0.2
1.224
0
1.724
0.6
0.4
1.224
0
0
0.1
0
1.4
0.1
0
0.3
0.2
0
0
0
3.224
1.224
0
1.224
1.5
1.12
1.624
0.2
1.424
0.3
0.5
1.224
1.424
1.624
1.1
2
0.2
0.2
1.224
0.3
0.1
2.948
2.948
0
1.324
1.224
0
0
0.1
1.224
0
0
0.1
0
0.1
0
0
0
0.6
0
0
0.1
0.1
0.6
0
0
0
0
0
1.824
1.624
0
0.1
1.224
1.2
0.1
0.3
1.224
0.1
1.524
1.224
0
0.1
0.2
1.224
0.3
0.1
1.224
0
0
0.2
0
1.2
0.2
1.324
0
0.1
0.2
1.424
0
0.1
0
0
0.3
0.5
1.1
1.324
0.2
0.1
1.224
0.5
0.2
0.2
1.424
0.1
0.2
0.1
0.2
1.224
1.524
0.1
1.424
0
0.5
0
1.224
0.1
0
0
0
0.5
0.1
0.1
0
0
0.6
0
1.224
0.2
0
0
0.9
0.3
0.1
0.1
0.6
0.1
0
0.3
1.5
0.4
0
0.6
1.824
0
1.324
0.1
0.7
0.4
0
0.1
0.4
0.1
0
1.224
0.3
0.1
0
0
1.224
0.1
0
1.224
0
0.2
0.1
0
0
0.1
0
1.6
0
0.2
0.2
0.4
1.324
0
0.1
0.2
0.7
0
0
1.224
0.5
0
0
0
0.2
0.1
1.224
0
0
0.7
0.1
1.224
0
0
0.1
0.7
0
0.1
1.224
0
0.6
1
1.224
0
0.2
1.224
1.424
0.1
1.424
0.3
0
0.1
1.324
0
0.2
0.6
0.4
0
1.424
1.224
0
0
0.3
1.224
0.1
0
0.8
0
0
0.1
1.224
0.1
0
0
1.324
1.424
0.2
1.224
1.324
0
0
0
0
0.1
0
0
0
0
2.524
0.4
0
0
0
0
0
0
1.224
0.1
0
0.1
0.2
0
0.3
0
1.224
0
0.2
0
0
1.324
0
0.1
0
0.1
0
0.6
0.1
0
0
1.224
0
0.9
0.1
0.1
0.5
0.1
0.1
2.524
0.2
1.224
0
0.1
0.1
0
0
0.3
0.2
2.324
0
0.1
0.2
1.324
0.1
0.1
0.2
0
0
0
0
0.2
0.1
1.224
0
1
1.224
1.224
0.4
0
0
0
1.224
1.224
0.1
0.5
0
0.3
0
0
0
1.3
0
1.924
0
0
0
0
0
1.224
1.224
0
0
0.1
0.1
0.2
0.1
0
0.1
1.524
0.5
1.224
1.424
0.4
1.224
0
0
0
0.2
0.1
0.3
0.3
0
0
0.3
0
0.1
0
0.1
0
0
0
1.524
0
0.1
0
0.3
0.1
0.1
0
1.224
0
1.224
0
0.1
0
1.224
0
0.5
0
0
0.1
0
0.2
0
1.224
1.224
0
0
0
0.1
1.3
0
0.3
0
0
0.1
0
0
1.2
0.1
1.324
0.2
0.1
0.3
0
0.2
0
0
1.424
0
1.224
0
0.2
0
0
0
0
2.1
3.624
0.2
0.2
0.4
0
0
1.224
0
0
0
0.2
0.1
0.4
1.424
1.224
0
0
1.224
0.1
0.2
0
0
1.224
1.224
0
1.324
0
0.1
0
0.2
1.224
0.4
0
0.3
0.1
0
0.4
0
1.324
0
0.5
0.8
0.2
1.224
0
0
0
0
0.2
1.224
0.3
0.2
1.224
0.6
0
0
0
0
0
0
0
0.2
0
0.1
0
0.1
0
0
0
1.224
1.224
1.224
0
0
0.2
0
1.324
0
0
1.224
0
1.224
0.1
0
0
0.7
0.2
0
0
0
1.224
0
0.2
0
0.4
0
0
1.224
1.1
0
0
0
0
1.324
0.5
0
0.6
1.924
1.224
0.7
0
1.224
0
1.224
0
0.1
0.1
0.6
1.824
1.424
0
0
0
0
0
0.1
0.2
1.324
0
1.524
0
1.224
0.4
0
0
0
0.1
0
0
0
0
1.324
1.224
0
0
0
0.3
0.9
0.3
0
1.224
0.3
0
1.224
0
1.424
0
1.624
0.2
0
0
1.224
0
0.1
1.1
0.2
0
0
0.2
1.424
0
2.224
0
1.2
0.4
0.1
0.1
0.4
0
0.8
0.2
0
0.2
0
0
0
0.3
0
0
0
0.1
0.5
0.1
0.1
0.8
0
0.6
0
0
1.224
1.224
0
0.2
0.4
0.1
0.3
0
1.4
0
0
0
0
0.4
0
0.1
0
1.224
3.248
1.324
0
0
0
0.4
0
0
0
0
0.1
0
0.4
0
0.1
0
0
0.4
0
1.324
1.224
0.4
0.3
0
0.2
1.2
0.5
0.3
1.324
0
0
0.1
0.5
0.1
0
0
0
1.5
0
0.9
0.2
1.224
0.2
0.7
0
0.6
0
0.3
0.1
2.344
0.3
0.1
0
1.324
0.1
1.224
1.224
0.1
1.224
1
0.1
1.924
2.024
1.224
0
0.3
0.1
1.224
0.1
0
0
1.324
0.5
0.4
0.2
0.1
1.324
0.1
0
0
0.1
0.3
3.6
0.1
0.1
1.524
0.1
1.1
0.1
0.1
0
3.324
1.324
0.2
0
1.224
0
1.224
6.148
2.648
3.548
1.824
2.948
2.448
1.224
2.548
1.324
1.424
1.524
14.868
1.224
1.924
1.324
2.648
2.548
1.524
2.424
2.024
1.324
1.324
1.324
1.524
1.724
3.348
3.248
1.224
1.324
2.548
2.948
2.448
3.324
2.024
1.524
1.324
1.724
1.324
2.024
1.524
1.424
1.324
3.948
1.524
1.524
1.424
1.424
2.344
1.524
3.148
2.448
1.424
1.224
2.824
1.424
2.648
1.224
1.224
1.624
1.324
4.748
1.324
1.324
1.724
2.444
1.224
1.624
1.424
1.324
2.848
3.348
1.424
1.224
2.848
2.848
2.448
1.424
1.524
2.344
1.224
1.324
1.224
2.448
1.524
1.224
1.224
3.448
1.424
2.448
1.224
3.248
1.524
1.424
1.424
2.548
2.024
2.524
2.948
1.224
3.824
2.448
2.648
1.624
6.348
1.524
1.624
1.424
2.524
2.748
1.224
1.224
1.324
1.224
2.748
2.548
1.224
1.224
2.648
2.448
1.824
1.424
1.224
2.548
1.224
2.448
1.924
2.524
1.224
3.848
1.224
1.424
1.224
1.524
3.848
1.524
2.824
2.648
1.324
2.548
3.024
1.224
2.548
1.724
1.524
2.224
1.224
1.424
1.624
3.048
5.448
2.748
2.448
1.324
4.748
1.424
1.524
2.824
1.224
1.624
1.724
1.224
1.224
1.824
2.648
1.224
2.448
2.448
1.724
1.424
1.224
1.324
1.324
1.524
1.324
3.648
2.848
2.648
3.048
1.724
1.224
1.224
1.324
2.924
1.824
2.448
1.324
1.324
1.224
1.224
1.524
1.624
2.324
2.124
2.448
1.624
2.848
3.148
4.248
2.748
1.224
3.448
2.548
2.824
2.624
1.224
2.548
1.224
1.424
1.224
3.448
1.424
1.224
1.524
2.648
1.224
1.224
1.324
1.824
4.348
1.824
2.648
1.524
2.648
1.524
1.224
2.748
1.224
1.324
1.224
1.224
1.824
1.424
3.048
2.548
4.248
2.448
2.748
4.048
2.824
2.548
2.924
1.224
2.024
1.224
1.224
5.348
1.724
2.548
2.448
1.224
1.424
1.224
1.224
2.424
2.748
1.324
2.448
1.324
2.748
1.224
2.548
1.224
1.424
1.324
1.224
1.824
6.648
1.624
3.148
2.548
1.324
4.148
2.948
1.324
1.624
1.324
2.448
1.424
2.748
1.724
1.224
2.848
2.948
1.324
2.548
1.424
2.848
4.448
1.524
1.324
1.324
1.324
1.224
1.224
1.724
1.524
1.724
1.324
2.548
1.224
1.224
1.324
1.724
1.524
4.948
1.324
3.548
1.424
1.224
1.424
1.224
2.448
1.324
2.548
2.244
1.224
1.324
2.548
1.224
2.748
4.048
1.524
1.424
1.824
2.948
1.724
2.748
1.424
1.224
4.148
1.424
1.424
1.224
1.524
2.848
3.324
3.848
3.448
2.448
3.248
3.148
4.748
1.224
3.348
2.848
1.424
1.224
5.348
3.244
6.248
1.324
2.448
1.424
1.324
2.948
3.568
1.224
2.024
2.548
1.324
1.324
1.224
1.324
1.624
2.648
1.224
1.324
2.848
3.048
2.448
2.448
2.448
1.224
2.648
3.248
4.548
2.324
1.724
2.748
1.324
1.324
1.924
1.424
1.724
1.524
1.424
1.524
1.224
2.844
2.848
1.524
2.448
1.224
2.024
1.324
2.548
1.724
2.648
1.324
2.024
1.324
1.324
5.648
1.724
2.748
1.224
1.324
3.448
1.224
1.524
1.824
3.048
1.224
1.324
1.224
2.448
2.224
1.324
1.224
1.824
2.748
1.624
2.448
1.224
2.448
1.224
2.548
2.024
2.024
1.424
3.668
2.848
1.224
1.224
1.424
1.224
1.224
4.248
3.248
1.424
3.048
1.324
3.048
2.748
1.224
3.468
1.624
1.324
1.724
1.224
1.224
2.548
1.224
2.424
2.648
1.324
1.324
2.824
1.324
2.448
5.048
1.324
2.548
1.224
1.224
1.324
2.648
2.448
1.324
1.624
4.448
1.224
2.748
1.224
1.224
1.324
2.748
1.324
1.424
1.824
1.224
1.224
2.448
3.348
1.324
1.424
2.448
1.224
1.824
1.424
2.548
1.224
1.224
2.548
1.224
1.424
3.548
1.224
4.848
3.024
3.248
2.748
1.724
1.224
1.324
2.948
1.424
1.324
1.324
2.648
1.224
1.224
1.724
1.324
1.924
3.624
3.048
2.548
5.548
2.344
1.824
3.148
1.224
1.224
2.548
1.224
2.124
3.548
2.424
1.624
1.324
1.224
2.748
3.248
2.448
3.044
2.848
2.448
2.748
3.548
2.848
2.324
6.048
1.524
2.948
1.524
1.224
2.448
2.344
2.948
1.324
1.224
2.948
2.548
1.224
1.224
2.548
1.324
1.424
1.224
1.224
1.224
1.324
1.224
2.648
1.624
3.248
4.648
1.824
1.624
1.424
1.524
2.724
1.424
1.224
1.424
2.924
1.224
1.424
1.524
1.924
2.748
2.948
1.424
3.048
1.224
1.624
3.348
5.048
1.524
1.824
1.324
3.848
1.224
2.548
1.224
1.424
1.524
2.748
1.624
1.724
2.748
1.224
1.224
1.524
2.448
2.448
1.424
3.148
2.324
2.748
1.324
5.024
2.748
3.148
3.148
1.224
2.724
2.724
2.224
2.448
2.848
1.324
1.224
2.324
2.548
1.524
3.548
1.624
1.724
2.444
2.648
2.324
2.724
2.548
1.424
1.224
1.224
5.248
2.448
4.448
1.224
2.648
1.424
1.524
1.424
2.124
2.448
1.924
2.424
5.248
1.324
1.424
2.244
1.424
1.624
2.448
2.548
4.248
1.524
2.548
2.948
2.448
2.448
2.648
1.924
3.648
2.548
1.424
3.948
4.048
2.448
2.448
1.324
2.948
2.724
1.224
2.948
2.748
3.648
1.324
2.848
1.624
2.948
1.324
1.524
2.448
2.624
2.024
1.624
3.048
2.524
2.024
2.524
1.324
2.524
1.224
1.824
1.324
2.848
1.224
1.324
1.324
1.224
1.324
1.724
1.224
1.424
1.224
0.1
1.524
1.324
1.324
1.424
1.824
0
1.6
0
1.224
1.224
0
0
0.1
1.324
0
0.2
0.1
0.3
0
0
1.324
0.1
1.224
1.9
0
0
0
0.8
0.2
2.524
0.5
1.224
3.024
0.2
0
1.324
0
0
0.1
0.4
0
1.324
0.1
0
1.724
0
0
0
0
0.4
0.1
0
0.3
0.1
0
0.1
0
0
1.224
0
1.324
0.9
0
0
1.324
0
0
0
0
1.3
1.224
1.524
1.724
1.224
0
0
0
0
0.1
0
0.4
1.724
1.424
0
0.1
0
0
0.2
0.2
0
0
0
1.224
1.224
0.1
4.224
1.524
1.324
2.324
1.5
2.224
