2.748
0.1
1.624
0.2
2.448
1.324
1.224
1.224
2.448
1.224
2.548
2.448
2.748
1.424
1.524
0
1.224
0
0.1
0
1.324
1.224
0
0
1.224
0
1.224
0
1.224
0.1
0
1.424
1.624
1.224
1.324
1.324
1.224
1.224
0.1
1.624
1.224
2.948
0
0
0
1.224
1.324
1.424
1.324
2.548
1.324
0
2.548
1.224
0
0
2.648
1.424
1.224
1.724
1.724
1.224
0
0.2
1.324
1.224
1.224
1.424
1.324
1.424
1.324
4.372
2.648
1.224
3.148
1.324
1.224
0
1.224
1.324
1.524
1.224
1.224
1.224
0
1.224
1.224
0
0
1.424
1.224
0.2
2.448
1.324
1.224
2.548
2.548
2.448
0
0
0
1.524
1.324
1.224
1.224
1.224
2.548
0.6
1.524
1.224
3.872
2.448
1.224
2.548
0
0.2
2.448
1.424
1.224
1.224
2.624
0
0
2.948
1.224
1.224
1.224
1.224
0
2.848
2.948
0
1.224
0
2.548
0.2
1.424
2.448
1.524
1.924
1.224
1.224
1.224
1.824
1.224
1.224
1.424
1.224
1.524
1.224
1.224
1.424
1.324
2.548
1.224
1.324
2.748
0
3.048
0.2
1.424
1.224
1.224
2.448
1.324
1.224
0
2.448
1.224
1.3
2.448
2.648
3.772
1.324
3.672
1.824
1.224
1.224
1.224
1.524
1.624
2.848
1.224
3.672
2.648
4.272
3.248
3.672
2.648
3.672
1.424
3.872
2.848
3.972
3.672
2.848
2.448
3.772
1.224
0.1
2.448
0
1.224
1.424
1.724
1.224
1.324
2.848
1.524
1.324
1.224
1.224
0.2
1.224
1.224
3.748
1.224
2.748
0
1.224
1.224
1.324
1.524
1.224
1.224
1.324
1.224
1.224
1.624
3.672
1.224
1.224
2.448
0
1.224
0
3.348
1.224
1.224
1.324
0
1.324
1.224
0
2.448
0
2.448
1.224
1.224
0.6
0
1.324
1.224
1.224
0
1.224
1.224
1.424
1.224
1.224
1.324
2.448
1.224
0.1
1.224
2.448
0.2
1.324
1.224
1.224
1.224
1.324
1.224
1.224
1.424
0.1
1.224
1.224
4.896
3.772
2.448
1.224
2.548
1.224
2.548
1.224
1.224
1.224
2.548
1.224
1.224
1.224
1.224
1.424
0
1.224
0
1.224
1.224
2.448
0.1
3.672
0.1
0.2
0
1.224
1.324
2.548
0
2.548
1.224
1.224
2.448
0
0
1.324
1.224
2.448
0
2.548
2.448
0
2.648
1.324
1.424
1.224
1.224
0
0
1.224
0.5
1.224
0
1.624
1.324
1.224
0
0
3.148
1.224
2.448
2.448
1.824
2.648
1.324
1.424
2.548
1.324
1.324
3.672
3.772
3.672
1.824
3.048
0
0.1
1.224
2.448
0
4.996
3.872
0
2.448
2.448
2.448
0
0
2.448
0.1
1.224
1.224
1.224
0
1.224
0
1.224
1.624
0
0
0
1.324
1.424
0
1.224
0
0
1.324
2.448
1.224
0
0
2.548
0.6
1.224
0
2.448
0
1.424
1.224
0
1.224
1.424
1.224
2.548
2.448
2.448
2.448
2.448
1.324
1.224
0.4
1.524
2.548
0.1
0
1.324
1.324
0
2.448
1.224
1.324
1.324
1.424
0.1
2.448
1.224
0
3.672
1.324
1.224
1.224
3.672
1.224
0
1.624
0.1
1.224
3.672
1.324
2.648
1.224
1.224
1.224
2.548
0
1.224
1.224
2.448
1.424
1.224
0
0
0
2.548
1.224
1.224
0
1.324
1.324
1.524
1.324
2.448
1.224
0.2
1.324
1.224
0
2.124
1.624
0
1.424
1.524
0
1.224
1.324
1.624
0
1.224
0.1
0.1
2.548
0
1.224
0.1
0.1
0
2.548
1.224
0
2.448
1.224
1.224
1.524
2.448
0
0
0
1.224
1.624
1.224
0.2
2.548
0.4
2.448
0
2.448
1.324
0.3
0
1.224
1.224
2.548
1.224
1.224
1.224
2.448
0
2.648
1.224
1.224
3.048
1.224
2.448
1.224
0
1.224
2.948
2.448
0
1.224
1.224
1.624
1.524
2.448
0
2.648
2.448
1.324
1.324
1.224
0.2
2.448
1.324
1.224
0.1
1.324
1.624
1.224
2.448
1.224
1.224
0
1.224
1.324
1.224
0
1.224
1.224
1.224
0
1.324
1.324
1.224
1.224
2.448
2.448
2.648
1.324
2.448
2.448
1.224
0
2.448
0
1.224
0
0
1.224
1.224
1.424
1.324
0
2.448
0
0.1
1.224
1.224
1.324
0.1
1.324
1.324
1.224
2.448
0.1
0
2.448
1.224
1.224
0
1.224
2.448
0
1.224
0
1.224
0
1.224
1.324
0
0
1.224
1.224
1.324
1.224
0
0.2
0
0
2.124
1.324
2.548
0
0
0
2.448
0
0
1.424
2.948
0
0
2.648
1.224
1.224
2.448
0
1.324
0
0
1.224
0
1.324
1.224
1.224
2.548
1.224
2.448
0.2
0
1.224
2.648
1.224
1.224
0.1
1.324
1.224
1.224
1.224
0
0.1
1.624
0
2.848
1.224
1.324
2.448
0
0
3.672
1.224
1.224
1.224
1.324
1.224
2.648
0
2.448
1.224
2.748
1.424
1.324
1.224
0.2
1.224
1.324
0
1.324
2.548
1.324
0
1.224
0.1
0.1
1.324
1.224
0.1
1.224
0.1
2.448
1.224
1.224
2.448
0
1.324
3.772
0
0
1.224
1.224
1.224
1.224
2.448
1.224
0
1.224
2.448
0
1.524
1.324
0.1
0
1.324
1.224
1.224
1.224
1.224
0.1
0
1.324
0
1.824
1.324
0.2
1.224
0
1.224
2.448
1.224
1.424
0
3.672
1.224
1.424
2.448
1.224
1.224
1.224
2.448
2.548
1.224
1.324
1.224
1.524
2.448
1.224
1.224
2.448
0.5
3.348
0
1.224
1.224
2.448
2.448
1.324
1.224
1.224
0
1.324
1.224
1.624
2.748
1.224
1.224
0
1.224
1.224
1.224
1.324
0
2.548
2.448
1.224
1.224
1.224
1.224
1.224
0
2.448
0.1
0.3
1.224
1.324
0
1.424
0
3.672
1.224
0
1.424
1.224
2.448
1.224
1.324
1.224
0
2.548
2.448
1.424
1.224
2.448
2.548
1.224
1.224
1.224
0
0
1.224
1.224
1.224
0
2.448
1.324
0.1
2.448
0
0
2.448
1.224
2.448
1.224
1.224
2.648
1.224
1.224
1.324
0
1.224
0
1.224
0
1.224
0
1.424
1.224
2.448
2.448
0
1.224
1.224
2.448
1.224
1.324
1.324
0
2.448
3.248
2.448
0
1.224
1.324
2.548
1.424
0
1.424
1.324
2.448
2.648
2.448
3.672
3.672
1.224
2.448
1.324
1.224
1.724
2.848
1.224
0
1.224
0
1.224
1.224
0
1.424
2.448
0
2.548
0
2.448
1.424
1.224
0.1
0
0
1.224
0
1.224
2.448
1.224
1.224
0
1.224
1.224
1.424
0.2
2.548
1.224
2.448
0
0
2.448
1.224
2.948
2.448
1.324
2.648
1.224
0
2.448
0
1.324
1.624
1.324
2.448
0.1
2.548
2.448
2.448
4.272
1.224
2.648
2.548
1.524
1.224
1.324
2.448
1.524
2.448
1.224
1.224
1.324
1.224
1.224
1.224
1.224
2.448
1.224
1.224
1.224
1.324
1.424
1.624
1.224
2.548
1.224
0
2.448
1.224
0
0.2
2.648
1.224
1.324
1.224
1.524
0
1.224
1.224
1.224
1.224
1.224
1.424
1.524
2.448
4.072
3.972
1.324
2.548
2.448
1.324
1.224
1.224
2.448
2.448
1.224
1.224
1.324
1.324
1.224
1.424
1.324
1.324
2.448
1.224
1.224
2.548
0
0
1.224
2.024
1.324
0.1
2.448
0.1
1.224
1.324
2.648
1.324
1.224
2.548
0
0.4
0
2.648
0
2.448
1.324
2.548
1.224
0.2
0
1.224
1.224
1.324
1.324
1.324
1.324
1.224
1.224
1.224
1.224
0
1.224
1.624
1.224
1.824
2.648
2.448
2.448
1.524
1.224
2.448
0
1.224
1.224
1.224
0.2
2.448
0.1
1.224
1.224
0
0
1.224
1.324
1.324
2.624
1.324
1.224
2.548
1.224
0.3
0
0.1
1.224
2.948
2.448
1.324
0
1.224
2.448
2.448
4.072
3.772
3.348
2.548
2.548
2.648
2.648
2.548
2.648
1.224
2.448
2.648
2.648
2.648
1.224
10.32
3.672
2.448
2.648
2.948
3.872
3.872
1.224
3.672
3.672
3.672
3.772
2.448
2.448
3.672
2.648
3.772
3.648
2.548
2.548
2.448
2.648
2.548
3.348
2.448
2.448
3.772
2.548
2.548
2.448
2.548
2.548
2.648
2.648
3.872
3.772
3.772
1.224
4.272
2.448
3.672
2.548
2.448
3.672
3.772
3.872
2.448
2.448
2.848
2.748
2.448
3.972
2.748
2.448
3.672
2.648
2.448
1.224
4.072
3.672
3.972
2.448
3.872
1.224
2.448
2.748
3.672
4.896
2.548
2.448
2.448
2.948
2.448
3.672
3.772
2.848
2.448
1.524
2.548
4.896
2.648
3.248
3.772
2.448
1.624
2.448
3.772
2.448
4.072
3.872
2.848
3.872
1.424
3.772
1.224
1.224
1.224
2.648
3.872
2.648
2.448
2.448
3.772
2.448
2.548
2.448
2.448
3.772
3.672
4.896
2.548
2.648
2.448
2.948
1.324
2.748
2.648
2.448
3.972
2.748
4.072
3.772
2.448
3.772
3.048
2.548
2.448
3.872
3.672
2.448
2.548
2.448
2.648
2.548
3.872
3.872
2.548
2.448
3.772
4.072
2.548
2.948
1.224
4.372
1.924
2.448
2.448
2.548
3.772
2.448
2.448
2.448
2.648
1.224
2.448
3.672
3.772
4.072
2.448
2.648
5.096
3.972
3.872
1.424
1.224
1.324
2.548
3.248
1.424
2.448
2.548
2.548
1.224
3.672
2.648
2.548
2.648
2.948
2.448
3.772
2.548
3.872
3.872
4.996
2.448
3.872
2.448
1.624
2.848
2.448
3.872
2.448
2.448
3.772
4.072
2.448
2.448
3.672
2.548
2.548
3.972
2.448
2.948
5.096
2.548
3.672
3.772
4.996
2.748
2.448
2.548
1.324
2.548
2.448
2.548
1.624
3.672
2.648
2.448
3.248
2.448
2.448
4.272
1.424
3.772
2.648
2.448
3.672
2.448
2.448
4.472
1.324
2.448
4.996
3.772
2.448
3.672
2.448
4.072
2.448
3.872
3.672
2.548
2.648
2.448
2.548
2.548
2.548
2.448
3.672
2.548
3.048
3.772
2.448
2.548
2.548
3.672
3.772
2.448
2.448
2.548
3.672
2.448
2.848
3.448
1.224
2.548
3.872
2.448
2.448
1.224
3.772
2.848
2.448
1.224
1.224
2.448
2.448
2.448
3.972
2.748
2.648
2.448
3.972
2.448
2.548
2.548
2.448
1.324
2.648
2.448
3.448
2.448
3.672
2.448
2.448
2.548
2.448
2.548
2.448
2.548
3.672
3.672
2.448
3.772
4.272
1.224
2.548
3.672
4.072
2.448
3.772
2.648
1.224
2.648
2.448
1.224
2.448
2.748
3.672
2.848
3.772
4.996
3.672
3.872
2.648
2.548
1.224
4.172
2.648
3.872
2.448
3.348
2.548
2.948
1.224
3.672
5.396
3.672
2.748
2.448
2.448
2.648
2.448
1.224
2.448
2.448
2.448
1.424
4.896
2.448
2.748
3.672
2.648
2.448
3.772
3.672
2.448
2.448
4.172
4.772
2.848
2.648
3.672
2.448
2.548
4.072
1.524
1.224
2.648
2.648
3.872
1.224
2.748
4.072
1.224
3.772
1.224
3.872
2.548
3.672
1.224
2.548
3.772
2.648
3.772
3.772
4.996
2.548
2.448
2.448
2.448
5.296
2.448
3.772
2.848
3.772
2.448
2.648
2.448
3.672
3.248
3.672
1.224
2.648
3.772
3.872
3.672
2.448
3.672
2.548
2.548
1.724
1.624
2.548
2.448
2.748
3.672
1.224
2.548
2.548
3.672
4.372
3.672
2.448
2.548
2.548
2.448
2.448
2.448
2.448
4.072
2.648
2.648
1.224
1.324
2.448
2.448
4.172
3.672
2.448
3.048
1.424
3.672
4.896
2.548
2.548
2.448
2.448
2.448
1.324
2.448
2.448
1.224
3.772
4.072
2.448
2.448
2.448
2.448
2.648
2.548
2.548
3.772
3.972
2.448
3.772
3.672
3.772
3.772
1.324
2.448
3.772
2.848
2.448
2.448
2.448
2.448
4.996
2.448
2.648
2.548
2.448
4.172
4.348
2.648
3.772
1.224
2.448
2.448
2.648
1.224
4.896
2.448
3.672
1.224
2.648
1.324
2.448
2.648
4.072
3.672
2.448
2.648
2.548
3.772
2.848
2.448
1.224
2.448
1.224
4.072
5.296
3.772
3.972
2.448
2.448
2.448
4.072
3.772
2.548
2.548
2.448
2.448
3.148
3.672
4.272
5.696
2.648
3.672
3.672
3.672
3.672
1.224
3.672
1.324
1.224
2.548
2.448
2.448
3.672
2.448
2.848
2.548
2.448
2.448
3.672
3.672
2.448
2.448
2.548
3.872
5.172
2.648
2.548
1.224
3.348
3.348
3.672
3.672
2.448
3.148
2.448
1.224
2.448
2.748
3.772
2.448
1.424
2.448
1.324
1.424
4.472
2.848
1.424
1.224
1.224
3.648
2.648
2.448
2.648
1.224
2.548
3.772
3.872
2.448
2.648
1.224
1.224
2.548
3.672
2.448
2.848
2.648
2.648
3.672
3.772
2.824
3.772
3.672
3.872
1.224
3.348
2.124
1.924
3.672
4.172
2.448
1.224
2.648
3.872
3.872
2.748
1.324
2.548
1.424
3.872
2.548
6.396
3.672
2.648
2.448
2.648
3.872
2.548
5.096
3.672
2.448
2.448
2.548
2.648
2.648
2.448
2.648
3.972
2.748
2.748
2.548
2.448
2.448
3.672
3.672
2.448
4.472
2.848
2.448
2.648
2.448
3.672
4.896
5.096
5.196
3.772
3.872
3.872
3.148
3.772
2.448
3.672
4.172
2.748
2.548
2.548
3.872
3.148
1.224
3.972
2.648
5.196
2.548
2.648
2.648
3.348
4.072
3.972
4.072
4.172
2.548
2.848
2.848
2.748
1.224
3.672
2.548
3.972
2.448
2.548
2.548
2.448
1.224
4.172
2.448
2.448
1.224
0.1
1.424
1.324
2.448
1.224
1.424
1.224
2.224
0
2.448
1.224
1.224
1.224
0
2.448
0
0.3
2.448
0
2.448
0
2.448
0
1.224
0.8
0.1
2.448
0
1.324
1.424
3.148
1.824
2.448
3.148
1.424
1.224
1.224
1.224
1.224
0
0.1
1.224
2.548
0
0
1.324
1.224
0
0
1.324
0.1
0
1.224
1.224
1.224
0
0
0.1
1.224
1.324
1.224
2.448
1.424
1.224
1.224
2.448
1.224
1.224
2.448
1.324
1.424
2.448
2.448
2.648
1.224
2.448
2.448
0
1.324
2.448
1.224
1.224
2.548
2.448
1.224
2.548
2.448
1.324
2.548
1.524
1.224
1.224
2.448
1.224
2.448
0
3.248
2.548
1.324
1.224
0.2
1.224
