2.736
0.8
3.3
0.7
0
0.3
0.1
0
0.1
0
0.2
0.1
0.4
1.5
1.2
0
0
0
0.1
0.7
0.1
0.5
0.1
0
0.8
0.1
0.2
0.1
0
0
0.1
0.1
3.4
0
2.236
2.836
1.936
2.136
2.036
2.736
2.036
4.036
1.836
2.036
1.836
1.836
2.136
2.536
2.236
2.436
1.936
1.936
3.236
1.836
2.536
1.936
1.836
1.836
1.936
3.836
4.336
2.236
2.036
3.536
3.236
2.036
1.936
1.936
2.236
3.636
2.636
2.436
2.436
1.936
5.536
3.436
1.936
2.736
1.836
1.836
3.736
1.936
1.936
1.836
1.936
1.836
1.936
1.836
1.836
3.536
1.936
2.136
2.036
1.836
1.836
2.336
2.536
1.836
1.836
1.836
1.836
3.136
3.136
2.036
1.836
1.936
1.836
18.456
2.136
2.036
2.436
1.936
1.936
1.836
2.036
2.336
2.136
2.036
1.836
2.036
6.436
1.836
1.836
3.236
2.236
1.936
1.936
1.936
1.936
3.236
2.636
2.036
2.236
1.936
2.536
8.356
2.136
1.836
2.536
4.036
1.936
2.436
1.836
2.436
1.836
1.936
2.136
2.436
2.036
1.836
1.836
2.436
2.036
1.936
3.336
2.936
2.336
4.456
3.336
2.336
2.436
1.936
1.836
1.836
2.336
1.936
1.936
1.936
1.936
5.536
1.836
2.836
1.836
2.336
2.236
2.436
1.936
1.936
1.936
3.136
3.136
2.836
2.136
1.936
2.336
2.636
3.236
1.936
2.436
1.936
2.436
2.136
2.036
3.436
1.936
2.736
1.936
2.236
0
1
0.7
0
0
0.7
3
0
0.2
0.8
0.5
0.4
0
1.82
1.1
0
0
4.1
1.12
1.8
0
0.1
0
0.1
2.4
0.1
0
0.8
0
0
0.8
0
0.5
0
0.2
0
0.2
0.1
4.2
0.2
0
0.5
0
2.4
0.5
0.1
0
0.1
0
0
0
1.4
1.02
0.1
0.1
0
0
0.1
0.1
0.8
0.1
0.3
0
0
0.2
0.5
0.1
0
0.9
0
0.1
0
0
0.3
0.1
0.1
1.9
1.02
0.1
2.036
0.3
0.1
0
0
1.2
0
0.2
0
0.2
0
0.6
0.2
0
0
0
2.1
0
0
0
0.1
0.4
0
0.2
0.1
0.4
0.4
0.2
0
0.7
0.3
0
0.4
0.5
0
0.2
0
0
0.1
0
0.3
0
0.1
0
0.1
1.1
1
0.4
0
0.1
0
0
0
1
0.1
0
0.9
0
0
0.2
0
2.8
0
0
0
2.5
0.2
0.9
0.6
0.1
0.1
1
0.1
0.2
0.6
2.7
4
0.1
0.2
0
2.136
0
0.9
0.5
0
0
0
0
0.1
0
0
0.1
0.3
0
0.1
0.1
0
0
0
1.1
0
0
0.1
0.4
1.6
0
0
0
2.22
0.1
0.7
1.32
0
0.1
0
2.5
0.1
0.7
0.2
1.02
2.62
0
0
0
0
0
0.7
0.1
0
0
0
0.6
0
2.3
0.7
0.4
0
0
0.6
1.72
0
0.1
0.3
0.2
0.6
0.4
1
0
0.5
0
0.1
0.6
0.9
0.2
0.4
0.1
0.4
0.7
0.4
1.12
0.8
0.6
0.1
0
0.5
0
0
0.2
0.1
0
0
1
0.2
0.3
0
0
0.7
0
1.22
0.6
0
0
1.2
0.2
0.1
0
0.6
0.6
0.2
2.02
3.3
1.4
0
1.8
1.9
0
0
1
0.7
0.8
0
0.3
1.2
0.1
0
0
2.32
0.2
0
0
1.1
0.2
0
0
0
0
0.2
0.2
1.02
0
0
0.9
0
0.3
0.6
0.5
0
0
0
0.1
1
0
0
0.1
0.6
0.2
0.1
0.2
0.2
0.4
0
0.2
0
2.9
0
0
0
0
0.5
1
0
0.2
0
0.1
0.7
1
0.1
0.2
0.3
0.1
0.6
0
0.3
1
0
0.7
0.1
0.3
0.3
0.7
0.6
0
0.1
1.02
0.2
0.1
0.1
0.1
0.3
0
0.5
0.3
1.12
0.3
0.1
0.1
0
0.7
0.1
0.6
0.4
0.2
0.2
0
0.3
0
0
0.2
0
0
0
0
1.5
0.6
0
0.2
0
0.2
0
0
0.2
0.3
0.2
0.1
0.1
0
0.8
0
0
0.2
0.3
1.12
0
0.1
0.1
0.3
0
0.2
0.3
0.8
0.3
0.1
0
0.1
0.1
1.4
0.1
0
1.6
0
1.12
2.2
0.6
0
0.2
0
2.12
0
0
0.5
0.4
0.8
0
0.1
0
0.1
0.4
0
0
0
0
0
0
0.2
0.6
0
0
0.5
0
0.3
1.2
0
0.3
0
0.1
0
0.7
0
0
0.3
0
0
0
2
0
0.7
0.1
0.1
0
0
0
0.1
0
0
0.1
0.2
0.5
0.3
0
0
0.4
0.6
0.6
0.1
0.2
1.5
0
0
0.1
0
0.7
0.1
0.5
0.3
0.2
0
0.2
0.1
0.5
0.1
0.6
0
0
0
0.1
0.1
0.2
0
0.7
1.22
0.7
0.6
0
0.2
0
0.1
0
0
0
0
0.7
0.2
0
0
0.3
0
0
1.02
0
0
0
0
0.2
2.2
0.1
1.82
0.1
0.2
0
0
0.1
0.8
0.4
0.7
0.2
0.9
0.7
0.1
0.4
0.1
0.1
0.1
0
0.1
0.5
0.7
0
0.1
0
0.1
3.1
2.5
0.4
0.5
0.3
0
0
0
0
0
0
0.3
0.1
0.9
0.4
0
0
0
0
0
0.3
0.3
1.22
0
0
0.1
0.1
0
0
0
0.8
0
1.2
1.2
0.4
0.1
0
0.6
0
0.1
0.1
0.5
1.9
0.2
0.1
0
0.2
0.1
0
0.9
0
0.4
0.3
0
0.9
0
0
0.4
0
0
0.1
0
0.3
0
0.2
0
0.1
0
0.2
0
0
0.1
0.1
0
0
0.2
0.1
0
0
0
0
0.1
0
0
0.2
0
0.7
0
0
0.2
0.1
1.02
0
0
0
0.9
0.1
0
0.1
2
0.2
0.1
0
0.3
0.3
0.7
0.2
0.5
0.7
1.02
2.3
0.1
0.1
0
0.2
0.2
0
0
1.4
3.1
0.1
1.32
0.1
0
0.1
0.2
0.1
0.3
0.1
0
0.2
0.2
0
0.2
0
0.1
0
0.1
0
0.2
0.1
0.3
1.12
1.22
0.1
0.2
0
0
1.6
0.6
0.3
0
0.2
0
0
0
0.9
0.2
0.2
0.3
1.12
0.5
0.2
0
1.1
1.7
0.7
0
0
0
0.1
0.1
2.3
0.1
1.4
0.6
0.6
0.3
0.3
0
0.7
0.1
0.1
0
0
0.1
0
0.2
0.1
0
0
0
0.4
0
0.4
2.1
0
1
0
1.12
0.1
0.2
0.1
0.4
1.4
0.2
0.5
0
0.7
0.2
0
0.1
0.3
0.3
0.1
1
0.2
0
1.1
0.4
0
0.4
0.1
0.3
0
0
0
0.2
0
0
1
0.2
0.3
0.2
0.2
0.4
0.1
0
0
0.4
0.9
0
0.3
2
0.4
1.2
0.1
0
0
0.3
0.5
0.3
0
0
1.02
2.4
1.02
1.6
3.856
0
1.42
1
0.1
0.3
0.2
0.1
0.2
0.1
1.4
0.5
0
0
0
0
0.1
0.1
0
2.3
0.3
0.8
0.5
0
0.1
0.7
0
0.1
0
0
0.1
0.1
0.9
0.3
0.1
0.1
0
0.1
0
0
0.1
0.2
6.3
0.2
0.2
0.5
0.4
2
0.1
0.1
0.3
2
0.1
0.3
0
1.02
0.1
0
2.9
0.6
1.8
0
0.4
0
0.2
0
0.3
0.1
0.2
1.4
0
0.8
0.2
0.6
0.1
0.1
1
1.1
0.2
0.1
0
0.1
0.4
0.3
1
0.1
0
0.3
0.3
0
2.3
0.4
0.2
0
0.4
0
1.6
0.6
0.3
0
0.5
0.4
0
0.1
0.1
0.3
0.6
0.6
0
0.2
0
1.5
0.1
0.1
0.1
0.2
0.5
0.3
0.9
0.2
0
0.6
0.4
0.3
0.1
0.9
0
0.8
0.4
0
0
0.3
0.8
0.3
0.2
0.3
0.2
0
0
0.2
0
0.1
0.1
0
0.7
0
0
0.3
0.3
0.3
0.2
0.9
0.2
0.7
1.1
0.7
0
2.4
0
0.1
0.5
1.6
0.6
0.6
0.6
2.3
0.3
0.1
0
0.3
0.5
0.5
0.5
0
0.2
0.2
0.1
0.7
0.6
0
0.1
0
0
0.3
1.4
0
1.2
0
0.8
0.1
0.4
1.5
1.1
0.7
0.7
0.6
0.3
3.3
0
0
0.3
0
0.4
0
0.3
0.3
0.5
2
0.2
0
0
1.1
0
0.5
1.5
0
1.3
0.4
0
0
0.5
0.2
0
0
0.1
0.1
0.3
0
0.1
0.2
1.1
0.1
0.9
0.9
0.4
0.7
0.6
0
0.1
0.1
3
2.2
0
0
0.8
0.1
0.6
0.4
0.4
1.1
0.6
0
0.4
0.1
0.2
0.5
0.3
0
0.6
0.2
1.4
2.2
0
0.2
0
0.1
0.3
1.2
0
0
0.3
0.3
0.2
0.1
0.3
1
0.7
1
0.4
0.2
0.2
0.4
0
0.3
0.1
0.1
0
0
0.6
0.3
0.3
0.1
0.9
0
0.1
2.2
1.8
0.1
0.5
0.7
0.8
0
0
2.1
0.5
0
0.1
0.1
0.1
0
0
1.2
0.2
0.1
0
0.5
0.3
0
0.4
0.2
0.1
0.3
0
0.6
2.3
0.3
0.4
0.1
0
1.3
0.4
0.2
0.4
0
0.1
0
0.5
0.7
0.1
0.2
0.1
0.6
0.1
0.3
0.3
0.9
0.2
0.2
0.3
0.1
0
0
0.8
0.3
0.3
0.3
0.3
0
0
0.2
0.7
0.4
1
0.1
1.2
0
0
0.1
0.2
0.6
0.1
0
0
0
0.2
0
0
0.3
1.2
0.2
0.1
0
0.6
0.4
0.1
0
0
1.5
0
0.2
0
0.2
0.4
0.9
1.2
0.8
0
0.4
0
1.5
0.1
1
0.6
0.4
0
1.3
0.6
2.6
0.3
0.1
0.5
0
1
0
0.2
1.1
0.1
0.1
0.1
0
0.2
0.2
0.3
0
0.2
0
0.8
0
0
0.2
0.2
0.2
1.2
3.9
1.1
0
1
0.2
0
0.5
1
1
0.1
0.1
0.1
0
0.3
0.5
0.5
0.3
0
1.4
0.1
0
0.9
0.2
0.1
1.5
0.8
0
1.4
0.9
0.4
0
0
0.4
0
0.3
0.9
0.4
0
0
0.1
0.1
0.8
0.1
0.1
0.2
0
0.3
0.2
0
0
0
0.1
1.7
1.8
0.2
0
0.4
0
0
0.3
0
0
2.3
0.3
0.2
0.3
0.4
0.4
0.1
0
0
0.8
0.3
0.2
0
0
0.2
0
2.8
0
0
1
1.5
0.1
0
0.7
0.1
0.1
0
0
0.4
0
0
0
0.6
3.8
0
0.1
0
0
0.1
0
0
0.3
0.5
0
0
0.1
0.9
0.5
0.1
0.1
0
0.6
0
0
0.4
0
0.1
0
0
0.8
0
1.1
2.1
0.4
0.8
0.4
0
0.1
0.2
0.1
0.2
0.1
0.1
0
0
0.5
0
0.9
0.9
0.1
0
1.5
0.7
0.3
0.8
0.2
0
0.1
0.3
0.7
0.8
0.3
0.1
0.1
0
0
0.6
0
0.6
0.5
0
0.5
0.7
1.1
1.1
2.2
0.1
0.4
0.5
0
0.2
0
0.6
0.1
0.1
0.3
0.1
0
0
0
0.2
0.2
0
0.1
0.1
0.1
0
0.1
0.5
0.2
2.5
0.3
0.6
0.1
0.6
2.7
0
0.1
0.1
2.3
0.1
0.3
0
0.7
0.5
0.5
0.5
0.3
0.5
0.5
0.8
1.2
1.2
0.4
0.2
2.4
0.2
0
0.4
0.1
0.5
1
0.3
0.5
0.2
0.2
0.1
0.3
0
0.2
0.2
1
0.8
0.1
0.1
4.7
0.2
0.1
0.7
0.1
0.6
2.8
2.1
0
0.8
0.1
0
1.5
0.2
0.6
0.6
0.4
0.7
0.4
0.2
1.1
3.1
0
0.3
0
0.3
1
0
0.8
0.2
0
0.2
0.8
0.1
0.6
0
0.1
1.2
0.7
0.1
0.3
0.2
0.6
0.2
0
0
2
1.4
0.2
0.4
0.2
0
0.2
0.6
1.8
0.2
0.2
0.9
1.9
0
0.1
0.1
0.5
1.4
0.1
0.1
0.9
2.6
0.1
0.2
0.5
0.5
0.3
0.3
0
1.6
1.2
0.2
0.9
1
2.536
2.536
1.836
3.736
2.036
2.836
0.3
0.7
0.1
0.1
0
0
0
2.236
0
0.1
0
0.1
1.5
0.2
0.1
0.2
1.9
0
3.5
0.3
0.1
0
0
0
0.1
0.1
0.2
0.3
0.2
0.2
0
0.1
0.2
0
0
4.6
0.2
0
0
1.7
1.1
2.6
1.1
0
2.6
0.6
0.1
1.22
0
0
0
0.2
0
0
0.2
0
0.1
0
0.2
0
0
0.7
0.7
0.1
0.7
0.5
0.1
0.1
0
0.2
1.02
0.3
0.3
1.9
0
0
0.1
0
0
0.1
0.3
1.9
0
0.6
1.2
0
0
0
0.3
0.1
0.1
0.3
0.2
0.3
1
0.1
0.1
0.2
0
0.4
0.1
0
0
0.1
0
0
0.5
5.4
0.2
0.3
6.52
1.8
4.82
