0.7
0.2
2.948
1.324
3.672
1.224
1.324
2.448
1.324
1.224
1.324
2.548
2.548
1.424
1.524
0
1.224
1.224
1.224
1.224
1.224
1.424
1.224
1.224
0
1.224
1.224
1.224
2.548
1.224
1.224
1.224
0.9
1.224
1.224
0.1
0
0.1
0.1
0.2
0
1.524
0
0
0.1
1.224
0.2
1.724
0.1
1.324
1.224
0
1.624
1.424
0
1.224
1.224
1.224
0.1
1.424
1.724
1.424
0
1.524
0.1
0.1
1.224
1.224
1.224
1.524
0
2.448
1.324
0
1.824
0.2
2.448
0.2
1.224
0
2.948
1.224
1.224
1.224
0
1.224
1.224
0
1.224
2.648
0
1.224
1.224
1.224
1.224
1.224
1.324
1.224
2.448
1.224
0.1
1.424
1.424
0
1.224
0
0
0.4
1.224
1.324
1.624
1.224
0
2.448
0.1
0.1
0.1
2.448
0.1
0
1.924
0
1.224
1.624
1.224
1.224
0
1.324
1.224
2.848
0.1
0.1
1.224
1.224
1.324
0.3
1.524
2.548
1.224
0.1
0
2.548
1.224
1.324
1.324
1.224
1.224
1.224
0.1
1.224
1.224
0
0.2
0
0.5
0.1
1.224
0
0
0
0
1.224
0
1.224
0
1.224
1.224
1.224
0
1.724
1.224
1.424
2.448
0
2.448
2.548
1.224
2.448
1.224
0.2
0.1
4.472
1.224
4.896
1.524
4.996
2.948
3.672
2.648
4.896
1.624
2.448
1.524
3.772
3.672
2.948
2.448
1.224
0
1.424
1.224
1.224
0
1.224
0.6
1.224
0
1.224
2.448
1.224
2.448
0.1
1.224
1.224
0
2.224
0
1.324
0
1.224
1.224
3.672
1.624
3.672
2.448
1.324
1.224
1.224
2.548
2.448
2.448
2.448
2.448
0
2.448
0
4.772
1.224
0
1.324
0
1.524
1.224
0
1.224
1.224
2.448
3.672
1.324
0.1
0
1.224
1.224
1.224
1.224
1.224
1.224
1.324
2.448
1.224
2.448
1.224
0
0
3.672
1.224
0.1
3.672
0
2.448
0
0
0
2.448
1.424
0
2.448
2.448
2.448
1.224
2.448
2.448
5.096
3.672
3.672
0
2.448
2.448
2.448
1.224
1.224
3.672
1.224
1.724
0
0
2.448
0
1.324
0
1.324
1.224
0.1
0.1
0
1.224
1.424
1.224
1.224
1.224
2.548
1.224
2.448
1.224
1.224
2.448
0
1.224
0
1.224
0
0.1
0.1
0.2
1.224
0
1.224
2.448
0
1.224
1.524
2.448
2.448
1.324
1.224
1.224
1.224
0
0.3
0
1.224
1.224
3.048
1.324
0.4
1.324
2.448
2.548
0.1
1.224
1.224
1.224
1.624
2.124
1.224
0
0
1.224
1.224
3.672
2.548
0
1.224
1.224
2.448
0
1.324
3.672
0
2.448
2.448
1.224
1.224
1.224
1.224
1.224
3.872
0
0
0
2.448
2.548
2.448
1.224
1.224
0
3.672
1.524
0
0
0
2.448
1.724
2.448
1.324
2.448
0
0.1
0
1.224
2.448
2.448
0
3.772
3.672
1.224
4.896
4.896
1.324
2.548
0.4
1.224
2.448
0
1.324
1.324
0
1.224
2.448
1.324
1.224
2.448
2.948
1.424
0
1.324
1.224
2.448
1.224
2.448
2.448
1.324
1.224
0.1
2.448
1.224
0
1.324
1.324
1.224
2.448
1.324
2.448
1.224
1.424
2.448
3.672
2.448
1.424
1.224
1.224
0
1.224
2.448
1.224
0
0
3.672
0
2.548
1.224
2.448
1.224
0.2
2.448
1.224
0.1
1.824
0.1
1.224
1.524
1.324
0
1.224
2.648
1.424
1.524
2.448
0
1.424
2.448
0
0
0
1.224
0
3.672
1.324
1.324
2.448
0
3.672
2.448
3.772
0.1
0
1.224
1.224
4.472
2.548
0
2.748
0
0.1
0
3.672
2.448
1.524
1.224
1.224
0
3.672
2.448
1.224
3.672
3.672
1.224
1.224
2.448
1.224
1.424
1.224
1.224
1.224
1.224
3.772
2.548
3.672
1.324
0
2.448
2.548
2.548
1.224
0
4.996
0
0
1.224
0
1.324
3.672
2.448
0
1.224
1.224
2.648
2.548
2.448
0
0
0.1
2.448
1.324
0
0.1
1.224
2.448
1.224
0
2.548
0
1.224
1.224
1.324
1.224
1.224
1.224
1.324
2.448
1.224
0
2.448
1.224
1.224
0
1.224
1.224
1.224
0.4
1.324
1.224
2.548
0
0
2.448
3.672
0
1.224
1.224
1.224
2.448
1.224
0
0
1.224
1.224
1.324
0
2.448
1.224
1.224
2.448
0
2.548
1.224
1.224
1.224
1.224
1.224
0
2.448
1.424
1.224
0
0
0
0
0.6
2.548
2.448
1.224
0
0
2.448
1.224
1.324
2.548
3.872
0
0
2.448
0
1.224
2.448
1.324
2.448
2.448
0
1.224
1.224
2.448
0
2.448
1.224
2.448
0
0
1.224
1.224
1.224
0
0.1
0
1.224
2.448
1.324
2.448
1.224
0
2.748
0
2.448
1.224
1.224
2.448
1.224
1.324
3.872
0
2.448
1.224
2.448
2.448
2.648
0
3.672
1.324
1.424
2.548
0
1.224
2.448
0
2.448
1.224
1.224
3.772
1.224
0.2
3.672
0
1.224
3.672
1.224
0
2.448
1.324
2.448
2.448
2.448
2.448
1.224
2.448
3.672
0
0
2.448
1.224
0
2.448
1.224
2.448
2.448
1.224
0
1.224
2.648
1.224
2.448
0
2.648
1.224
1.224
0
0
1.324
2.448
2.448
2.448
0.2
1.224
0.1
2.448
1.224
2.448
2.548
2.448
1.724
1.224
2.448
1.224
1.224
2.648
1.224
3.672
2.448
2.448
2.448
1.224
0.1
1.324
2.448
3.772
2.448
1.324
3.672
0.3
4.372
0
0
1.324
3.672
2.448
0
1.224
1.224
1.224
1.224
2.448
1.224
2.448
0
2.448
2.448
0
2.448
2.648
2.448
0
1.224
1.224
2.448
0
3.672
2.448
1.224
1.424
1.224
1.224
1.424
1.324
2.448
2.448
2.548
0
2.448
1.224
1.424
2.848
2.448
0
1.224
1.224
2.448
0
2.448
1.224
2.448
2.648
0
3.872
2.648
2.448
2.448
2.448
1.224
1.224
2.448
1.224
1.224
3.672
2.448
0
3.672
0
0
0
1.224
2.548
1.224
1.324
2.448
2.548
0
2.448
0
0
0.1
0
0
1.224
1.224
4.372
2.448
2.448
4.896
1.224
0
3.672
2.448
2.448
3.672
3.872
0
2.448
5.296
1.224
0
2.448
1.224
1.324
1.224
1.224
1.324
0.1
0
3.872
1.224
2.448
3.672
1.224
3.672
2.448
1.224
2.548
1.624
0.1
0
2.448
1.224
1.324
1.224
1.224
1.224
1.224
2.448
0
1.224
2.448
2.448
2.448
0
0
1.224
2.448
0
1.324
3.672
0
0
0.1
2.448
1.224
1.424
1.424
2.448
1.224
1.224
0
1.224
1.224
1.224
1.424
3.672
0.1
2.648
1.224
0.1
1.224
1.224
2.548
2.548
1.224
3.672
1.224
3.672
1.324
4.896
2.848
3.672
3.972
4.896
2.448
1.324
2.448
3.672
2.648
4.896
2.448
2.448
1.224
1.224
1.224
2.448
1.224
3.672
1.224
2.448
2.548
2.448
2.448
2.548
2.448
5.096
1.224
0.1
0
0
1.224
1.224
2.548
2.448
2.548
3.672
2.748
1.324
2.448
1.224
1.224
1.224
2.448
2.448
2.448
3.672
2.848
2.548
1.224
2.448
2.448
2.448
1.224
1.224
1.224
3.672
1.224
2.448
2.448
1.224
1.224
2.448
3.672
2.548
2.448
0
0
3.672
1.224
1.224
2.448
2.748
2.448
0
1.224
1.224
1.224
1.324
2.448
2.448
1.224
2.448
0
0.3
0
1.524
0
3.672
1.224
2.548
3.672
0
0.1
0
1.424
0
1.224
1.324
2.448
0
1.224
0
0
1.224
0
2.948
1.324
0.2
1.224
0
1.224
2.548
1.324
2.448
0
1.224
1.224
0
1.224
1.224
0.1
1.224
0
0
2.448
1.224
1.224
1.224
2.424
0
1.224
0
1.224
0.3
2.548
0
0
1.724
1.324
1.224
0.1
0
2.448
4.896
3.048
2.748
1.524
1.324
1.324
1.224
2.448
1.424
2.548
2.548
2.448
1.724
3.672
2.548
1.224
3.672
2.448
2.548
3.248
4.472
3.672
3.772
1.324
2.448
9.72
2.848
3.872
3.672
2.548
2.548
1.224
1.224
2.848
2.548
2.648
2.448
2.548
1.224
2.848
2.548
2.448
6.22
1.524
2.648
2.548
3.772
1.424
1.324
2.648
2.648
3.672
4.996
1.224
4.772
2.548
2.648
2.548
2.448
2.448
3.772
1.324
3.672
2.448
2.848
2.648
2.448
4.372
2.448
2.448
2.548
1.224
2.448
2.448
1.324
2.448
2.448
2.448
2.648
1.224
2.448
1.524
3.672
2.448
2.448
3.672
3.672
1.224
3.672
2.448
2.448
1.924
2.548
2.648
2.748
2.448
2.648
3.448
1.324
2.448
1.924
1.224
1.224
2.748
3.048
4.172
6.196
3.772
1.624
2.648
1.224
2.448
1.224
1.224
1.524
1.224
3.672
2.448
2.448
1.224
3.048
2.548
2.648
2.448
3.672
2.448
2.648
1.424
2.448
1.324
2.448
2.648
2.548
2.748
3.672
2.848
4.996
4.896
2.548
2.548
4.372
2.448
1.224
2.648
2.548
2.748
3.672
2.548
2.748
1.224
1.824
2.448
1.224
2.448
2.648
3.672
2.548
3.248
2.448
7.32
4.172
2.448
2.448
1.224
2.448
2.448
1.324
1.224
2.548
1.224
3.672
3.672
4.996
4.172
2.448
1.624
5.196
2.448
2.948
1.224
1.224
1.224
2.448
3.348
1.424
1.224
2.448
2.448
1.224
3.772
3.772
2.648
4.472
3.972
2.448
2.548
1.424
2.648
2.748
2.548
2.448
3.048
1.224
1.424
2.748
3.672
2.548
2.448
2.448
2.448
3.148
2.448
3.672
3.672
1.324
2.648
3.672
2.448
2.848
3.972
2.748
2.548
2.648
3.672
2.448
2.448
1.224
1.224
3.772
2.448
2.648
4.172
2.448
1.524
1.324
1.824
1.224
1.324
2.448
1.524
2.448
2.848
2.548
2.648
2.448
2.448
3.648
1.224
1.224
2.448
3.772
2.548
3.772
2.448
4.072
1.324
3.772
2.448
2.748
1.224
2.448
1.524
3.672
2.448
2.448
3.672
2.748
1.824
3.672
1.224
1.224
2.548
3.548
2.548
2.448
2.448
2.448
2.448
3.772
1.324
2.748
1.224
1.424
2.548
2.648
1.224
1.524
2.548
1.824
2.548
1.224
1.224
3.672
1.224
2.448
7.02
3.672
2.648
2.448
1.324
3.672
2.448
2.648
2.548
1.224
1.424
2.648
1.324
2.448
3.672
2.448
2.548
2.848
3.672
1.224
2.448
2.448
6.12
2.448
3.672
2.548
4.172
1.224
2.448
5.296
3.872
2.648
2.648
2.848
2.448
1.624
3.772
1.324
4.896
2.648
1.324
2.848
3.248
2.848
2.448
3.772
1.224
1.524
1.224
5.096
1.324
4.072
2.448
2.024
2.548
2.024
1.224
1.224
5.796
3.672
1.324
1.224
2.448
2.748
1.224
1.224
2.448
2.448
1.324
1.224
2.648
1.224
3.672
2.548
1.724
1.224
3.672
3.672
2.448
1.324
3.772
2.848
2.948
2.848
2.448
1.224
2.548
4.272
2.748
2.648
4.996
2.548
6.92
1.224
2.448
2.548
1.224
2.448
2.448
2.548
1.424
2.448
1.424
1.424
3.672
2.848
2.748
5.096
2.848
3.548
1.324
2.448
2.448
5.296
2.448
3.772
3.772
2.648
2.448
3.772
2.448
2.448
4.272
2.448
1.224
2.648
2.648
2.448
3.672
2.448
2.448
2.648
1.224
1.224
1.324
3.972
1.324
1.224
2.448
1.224
2.448
2.548
4.896
1.724
2.948
2.548
1.224
2.548
1.224
1.324
3.672
1.224
5.296
2.748
2.448
1.324
2.548
1.224
3.672
2.948
1.224
2.448
2.648
1.524
3.672
2.448
1.424
3.772
1.224
2.448
3.772
1.224
1.324
1.224
2.448
5.096
2.648
2.548
2.448
3.672
2.448
3.672
1.424
2.448
5.096
7.42
2.448
2.448
2.448
2.648
3.972
2.748
1.224
3.772
4.072
1.224
1.324
4.996
2.548
2.548
2.448
2.548
1.824
2.448
3.248
2.848
1.224
2.748
1.424
2.448
2.448
2.548
1.324
3.772
3.672
2.448
1.224
2.448
1.224
2.448
2.648
4.172
2.448
1.224
1.524
2.548
5.296
1.424
2.548
1.224
1.224
1.224
3.972
5.096
3.672
3.972
2.448
1.224
1.424
1.824
1.224
2.448
1.224
1.224
1.224
1.424
2.648
4.572
3.448
2.548
2.648
3.872
4.896
2.448
1.224
5.296
2.448
1.224
1.224
1.224
3.672
6.12
1.224
2.748
2.648
2.448
3.672
4.896
2.548
2.448
1.224
3.872
2.448
3.548
2.448
2.648
1.224
2.948
3.348
6.12
2.448
2.448
4.272
2.448
1.224
5.096
2.848
2.448
1.224
1.224
1.524
1.224
1.824
3.772
1.724
1.224
2.548
1.324
1.424
4.896
1.224
3.672
1.224
2.648
2.548
2.448
2.648
1.224
1.224
1.224
2.548
2.448
1.224
2.548
1.624
2.548
2.448
2.648
2.224
2.648
2.648
1.424
2.448
2.648
4.672
1.624
1.224
3.972
3.672
2.448
2.448
2.448
2.448
1.324
1.324
2.448
1.224
2.648
3.148
5.696
2.548
3.772
2.448
2.448
2.848
1.224
2.748
2.448
1.324
3.672
3.772
3.772
2.648
1.224
2.548
4.272
1.524
2.748
2.448
2.448
2.448
3.772
1.224
1.224
2.948
2.548
1.224
1.224
1.424
2.448
3.672
5.196
3.872
2.548
4.996
2.748
1.324
1.224
1.224
5.096
2.748
3.048
4.896
1.324
2.848
1.324
2.448
1.224
2.648
2.748
3.772
2.548
1.224
3.972
3.772
3.672
2.848
4.272
2.548
2.948
1.224
3.048
2.448
3.772
4.896
5.196
2.448
2.548
2.448
2.448
1.224
2.448
2.448
1.224
0
1.324
0.2
0
1.224
0
0.2
1.224
0.5
0
1.224
0
1.224
1.224
1.224
0
0
1.524
1.224
1.224
1.224
1.224
1.324
0
0
1.824
0.1
2.448
0
1.324
1.324
1.724
1.424
1.224
0.8
2.548
2.448
0
1.224
1.224
0
0
2.448
1.224
0
1.224
0.3
2.448
0
1.224
2.448
0
0
3.672
2.548
1.224
1.324
2.448
1.224
1.224
0
1.224
1.224
2.548
2.448
2.448
0.1
2.448
1.224
1.224
0
2.648
2.448
1.424
1.324
0
1.224
2.448
0
2.448
3.672
1.224
2.548
0.1
1.224
2.448
2.548
3.672
2.448
4.996
2.648
2.448
1.224
3.672
0
2.548
0.2
0.9
0.1
0
0.2
1.524
0.1
