1.424
0.1
1.424
0
1.224
1.324
1.224
1.224
2.548
1.224
2.548
2.548
1.224
1.424
1.424
0
0
0
0
0
1.224
1.324
0
0
1.324
0.1
0
0
1.224
0
0
1.224
1.624
1.224
0.1
1.324
1.324
1.324
0
1.524
1.224
1.724
0
0
0
1.224
0
0.3
1.524
2.648
1.224
0
2.948
0
0
0
1.224
0.2
1.324
1.424
0.5
0.1
0
0.1
0.2
1.424
0
0.2
1.524
0.1
1.424
2.448
1.324
1.224
1.824
1.424
0
0.2
0
1.224
1.324
0.1
1.324
0
0
0
0
0
0
0.4
1.224
0
0
0
0
2.548
2.448
1.224
0.1
0
0
0.2
0
1.224
0
1.224
1.224
0.3
0
1.224
1.524
0
1.224
1.224
0
0
1.224
0.2
1.224
1.224
0.5
0
0
1.324
0
1.224
1.424
1.224
0
1.424
1.224
0
0.1
0
1.424
0.3
1.324
1.224
1.424
0.1
1.324
0.1
0
1.524
0
0
1.224
0
1.324
0
1.224
1.224
1.224
1.224
1.424
1.224
0.1
0
1.424
0
1.324
0
1.224
0
0
0
0.1
1.324
0
0.7
1.224
1.424
1.224
1.224
1.224
1.424
0
0
1.224
1.524
1.424
2.124
1.224
2.448
1.224
3.048
2.948
2.448
1.524
2.548
1.324
3.872
2.648
2.748
2.648
2.648
2.548
2.448
1.224
0.2
1.424
0
0
0
1.724
0
1.224
2.648
1.224
1.224
1.224
1.224
0.2
0
1.224
0.8
1.224
0.4
0
0
0
1.224
1.424
1.224
1.224
1.324
1.224
1.224
1.224
2.448
1.224
1.224
1.224
0
1.224
0
1.924
1.224
0
1.224
0
1.524
1.324
0
0
0
0
0
1.224
0.2
0
0
0.1
0
0
1.224
0
0
1.224
1.324
1.224
1.224
1.224
0.2
1.224
1.224
0
1.224
1.224
1.224
1.224
1.224
1.224
1.224
0.1
0
1.224
0.1
2.448
1.224
0
0
1.524
1.224
1.324
1.224
1.224
1.224
1.324
1.224
1.224
1.224
0
0.1
0
0
0.1
0.1
0.1
1.224
0.1
1.224
0
0.1
0
0
0.2
1.324
0
1.224
0
0
1.224
0
0
1.224
1.224
1.224
0
1.324
1.224
0
1.224
0.2
0.1
1.224
0
0
0
0
0.1
0
0
1.224
1.224
0
0
0
1.524
1.224
0
2.548
0.2
0
1.224
1.524
2.548
1.224
0.2
1.224
2.448
1.224
0.3
0.7
0
0
1.224
0.1
0
3.772
3.672
0
2.448
2.548
1.224
0
0
2.448
0
1.224
1.324
1.224
0
1.224
0
0
0.3
0
0
0.1
1.224
1.224
0
0
0
0
1.224
2.648
1.224
0
0
2.448
0.4
0
0.1
2.448
0
1.224
1.224
0
1.224
1.324
1.224
1.324
1.224
2.448
1.224
1.224
1.224
1.224
0.3
1.324
1.224
0
0
0
1.224
0
0
0
1.224
1.224
1.424
0.2
1.224
1.224
0
2.548
1.324
1.324
0.2
1.324
1.224
0.1
1.324
0.1
1.224
1.324
1.424
1.324
1.224
0
0
1.224
0
1.224
0
1.224
1.224
1.224
0
0
0
1.324
0
1.324
0.1
0
0
1.324
1.224
1.324
1.224
0.3
1.324
0
0
1.924
0.2
0
1.424
1.324
0
1.224
1.624
1.224
0
0
0
0.1
1.324
0
1.224
0.1
0
0
1.224
1.324
0
1.224
1.224
0
1.324
1.324
0
0
0
1.224
1.724
1.224
0
1.224
0.1
1.224
0
1.224
1.224
0.4
0
0
1.224
1.424
1.224
1.224
1.224
1.224
0.2
2.448
1.224
0
0.2
1.224
1.224
1.224
0
1.224
1.324
1.224
0.1
1.224
1.324
1.424
1.424
2.448
0
1.324
1.224
1.424
1.224
1.224
0.1
1.224
0.2
1.324
0
1.224
1.724
1.524
1.224
1.224
1.224
0.1
1.224
1.224
1.224
0
1.224
1.424
1.224
0
0
1.224
0.1
0
0
2.448
1.424
1.224
2.448
2.448
1.224
0
1.224
0
1.224
0
0
1.224
1.224
1.324
1.224
0
1.224
0
0
1.224
1.224
1.224
0
1.224
1.324
1.424
0
0.2
0
1.224
1.224
1.324
0
1.224
1.224
0
0
0
1.324
0.1
0.2
1.224
0
0
1.224
0.1
1.424
0
0.1
0.3
0
0
1.724
1.224
2.448
0
0
0
1.224
0
0.2
1.324
3.048
0
0
1.524
1.224
1.224
1.224
0
1.224
0
0
1.224
0.2
1.224
1.224
0
1.724
1.224
1.224
0.1
0
1.224
0
1.224
1.224
0
1.224
1.224
1.324
1.224
0
0.1
1.324
0
2.648
1.224
0
1.224
0
0
2.448
1.224
1.224
1.224
1.224
1.224
1.424
0
1.224
1.324
2.648
1.324
1.224
1.324
0
1.224
1.224
0
1.224
1.324
1.224
0.2
1.224
0
0
0.1
1.224
0.1
0
0
1.224
1.224
1.224
2.448
0
0
1.224
0.1
0
1.324
1.224
1.224
1.224
1.224
1.224
0
0
1.224
0
1.224
1.224
0
0
1.224
1.224
0
1.224
1.224
0
0
1.224
0
0.2
1.224
0
1.324
0
1.224
1.224
1.224
1.724
0
2.648
0
1.224
0.1
1.224
1.224
1.224
1.224
2.448
0
1.224
1.224
0
1.224
1.224
1.224
1.224
0.6
3.848
0
0.1
0.1
1.224
1.224
1.224
1.224
1.224
0
1.224
0.1
1.224
2.448
1.224
0
0
1.224
1.324
1.324
1.224
0
2.448
2.448
1.224
1.424
0
1.224
1.224
0
1.224
0.1
0
1.324
1.324
0
0
0
2.548
0
0.1
0.5
1.424
1.224
1.224
1.224
1.224
0
0.1
1.224
1.324
1.224
1.224
1.224
1.224
1.224
1.224
0
0
1.224
1.224
1.324
0
1.224
1.224
0
1.224
0
0
1.224
1.224
2.448
0
0
1.224
1.224
1.224
1.224
0
1.224
0
1.224
0
0
0
1.524
1.224
1.224
1.224
0
1.224
0
1.224
0
1.324
1.224
0
2.448
1.724
0
0
1.224
1.224
2.448
1.224
0
1.424
1.724
1.224
1.224
0
2.448
1.224
1.224
1.224
1.324
1.224
1.324
1.324
1.324
0
1.224
0
1.224
1.224
0
1.324
2.448
0
1.324
0.1
2.448
1.224
1.224
0
0.1
0
0.1
0
0
1.224
1.224
1.224
0.2
0
0
0
0.2
1.224
1.224
1.224
0.1
0
2.448
0
2.848
1.224
1.324
1.324
1.224
0.1
1.224
0
1.224
1.524
1.224
1.224
0
1.324
2.448
1.224
2.748
0
1.724
1.224
1.324
0
1.224
1.224
0
1.324
1.224
1.224
1.224
1.224
1.224
1.224
1.224
1.224
1.224
1.224
1.324
1.224
1.224
0.1
0
1.424
0
0
1.224
1.224
0
0
1.224
1.224
1.424
1.224
0
0
0
1.224
1.224
1.324
0.1
0
0.3
2.448
4.872
2.648
1.224
1.324
1.224
0
1.224
1.224
0
1.324
0
1.224
1.424
1.224
1.224
1.424
1.224
1.424
1.224
1.224
1.224
1.424
0.2
0
1.224
1.424
1.324
0.1
2.448
0
1.224
0
1.524
1.224
0
1.224
0
0.2
0
0.3
0
2.448
1.224
1.424
1.224
0.2
0
0.1
1.224
1.224
0.1
1.324
0
1.224
1.224
1.224
1.224
0
1.224
0.2
1.224
2.024
2.548
1.224
0
1.224
0
1.224
0
1.224
1.224
1.224
0
0
0
1.324
1.224
0
0
1.224
1.224
1.224
2.524
0
1.224
1.224
1.224
0.3
0.1
0
0
3.048
2.448
0
0
1.224
1.224
2.448
4.472
4.172
3.448
1.424
2.448
2.448
1.224
2.448
1.224
1.224
2.548
3.348
2.548
2.948
1.324
3.672
3.672
2.748
1.824
2.948
2.448
2.548
1.224
1.224
2.848
7.772
5.472
1.224
2.448
3.672
2.548
2.448
3.048
2.848
2.648
1.224
2.848
1.324
2.748
1.424
2.448
2.448
2.748
1.324
1.324
1.324
1.224
1.224
1.324
4.272
3.672
2.448
1.224
3.148
2.448
3.772
2.548
1.324
1.224
2.648
3.148
2.448
2.448
2.548
2.448
2.548
2.548
1.224
2.448
4.372
2.748
2.448
1.224
2.548
2.548
2.448
2.548
2.548
1.324
1.224
1.224
2.548
2.448
2.448
1.224
2.448
2.548
1.224
3.672
1.224
2.748
2.648
1.324
2.748
3.772
2.548
3.048
2.548
2.448
2.124
2.448
2.448
2.748
3.972
3.248
1.924
2.848
1.924
2.448
1.324
1.224
1.324
1.224
2.548
2.448
2.448
2.448
3.672
2.448
3.048
2.648
1.224
3.672
2.448
2.448
2.448
1.524
2.448
2.948
1.224
2.548
1.424
1.624
4.372
2.948
3.748
4.172
2.648
3.772
1.724
2.548
2.548
2.548
1.224
2.848
2.448
1.224
1.324
2.748
3.148
2.548
2.548
2.448
3.972
2.548
2.548
2.848
1.224
3.048
1.324
2.448
2.448
1.224
3.672
2.448
2.448
2.448
2.448
1.324
2.448
2.448
2.448
2.648
2.448
2.748
3.672
2.548
4.272
1.424
1.224
1.224
2.448
1.724
1.724
2.448
1.224
1.624
1.224
2.448
2.548
1.424
2.848
2.748
2.448
1.224
2.848
2.648
2.748
3.772
1.224
4.572
2.448
1.624
1.424
1.224
3.972
2.448
1.224
2.448
4.772
2.648
2.448
2.548
2.448
2.448
2.548
2.448
2.748
4.172
3.548
3.672
2.448
3.672
1.324
2.448
2.448
1.224
2.548
2.448
2.548
1.524
1.224
2.548
2.448
2.848
2.448
2.448
4.272
2.024
3.672
1.924
2.548
1.224
1.224
2.448
4.972
1.224
2.448
2.448
2.448
1.424
2.548
2.448
2.948
2.748
2.448
2.448
2.748
2.548
2.448
2.548
1.224
2.448
2.448
2.448
3.148
3.048
2.648
2.648
2.448
1.224
5.272
4.372
2.548
1.524
2.448
3.672
1.424
2.748
1.424
1.224
2.548
3.772
2.448
2.448
1.324
3.872
2.648
1.324
1.324
1.224
2.448
1.224
1.224
2.748
2.548
2.648
2.548
2.448
1.224
2.448
2.448
2.748
1.424
2.648
2.548
2.848
1.224
2.448
1.324
2.548
2.648
2.448
2.548
2.448
2.448
2.448
3.672
2.448
2.548
4.872
1.224
1.324
2.548
4.072
1.324
3.772
1.324
1.224
3.048
1.424
1.324
1.224
2.648
2.648
2.848
5.372
4.572
2.448
4.072
2.848
2.848
1.224
4.772
2.548
2.548
2.448
3.348
2.948
3.348
1.224
2.448
2.648
2.448
2.748
2.448
2.448
2.648
2.448
1.324
2.548
1.224
1.524
1.324
2.648
1.224
2.548
3.772
2.648
2.448
3.672
3.672
2.448
2.548
4.772
4.372
3.748
1.324
3.872
1.224
1.224
3.148
1.324
1.724
2.648
2.448
2.848
1.224
2.748
3.772
1.224
3.672
1.224
1.524
1.224
3.672
1.524
2.648
2.448
1.724
1.324
2.448
2.748
3.048
2.748
2.448
2.448
3.872
1.224
2.548
2.648
4.272
2.448
1.324
2.448
2.448
2.748
2.548
1.224
2.448
2.748
1.324
3.672
1.224
3.672
1.224
2.548
1.524
1.424
2.548
2.448
2.648
2.448
1.224
2.448
1.224
2.448
3.048
3.972
1.224
2.448
2.748
2.448
2.548
2.548
2.448
2.948
1.624
1.324
1.224
1.224
2.548
2.448
1.424
2.448
1.224
2.648
1.824
2.448
2.448
2.748
2.548
2.448
2.448
2.448
1.324
2.448
2.448
1.324
2.548
4.072
2.448
2.548
2.448
1.224
2.448
2.548
2.448
2.648
3.148
2.448
1.224
3.672
3.872
2.648
1.324
2.448
2.448
2.648
1.224
2.448
1.224
1.224
2.448
2.448
2.548
2.848
2.448
2.748
3.148
2.548
4.472
1.524
2.448
2.548
2.448
1.224
2.448
2.448
3.672
1.224
2.448
1.324
1.224
1.224
3.548
3.772
2.448
3.048
2.648
2.848
2.948
2.448
1.224
2.448
1.324
2.848
4.172
2.548
2.648
2.448
1.224
2.548
2.848
2.448
2.548
2.548
2.448
2.648
2.548
4.372
2.948
4.572
2.648
4.472
3.348
2.448
3.672
1.324
4.872
1.224
1.224
2.748
2.448
2.448
2.448
2.448
2.548
1.324
1.224
2.448
2.448
1.224
2.448
2.448
2.648
2.548
3.448
1.324
1.324
1.224
1.424
3.048
2.548
1.224
1.324
2.748
2.548
1.224
2.548
2.748
3.772
2.648
1.224
2.648
1.324
1.524
4.372
2.748
1.424
1.324
1.324
3.248
2.548
2.448
2.448
1.224
2.748
3.772
2.548
1.224
2.648
1.224
1.224
2.648
3.672
2.448
2.548
2.648
2.848
4.072
2.448
2.424
3.772
3.772
2.748
1.224
1.924
2.024
1.624
2.448
4.172
2.448
1.224
2.548
2.448
1.224
2.648
1.324
2.448
1.324
3.772
2.648
3.348
3.772
2.548
2.548
1.224
4.172
2.648
4.272
2.448
2.548
2.448
2.648
2.448
2.648
2.448
2.448
2.948
2.948
2.548
1.324
2.448
1.224
2.548
2.448
2.548
4.572
2.748
2.448
2.548
2.548
3.772
3.872
2.648
4.672
3.672
2.448
3.772
2.948
2.448
2.448
2.448
3.972
2.948
1.224
2.448
3.672
3.248
1.224
2.448
2.548
2.748
1.224
2.448
2.448
2.948
3.248
2.548
4.372
3.048
2.548
2.848
1.324
3.048
1.224
2.848
2.448
4.672
2.448
2.648
1.224
2.448
1.224
2.948
1.224
1.324
1.224
0
1.324
1.224
2.448
1.224
1.224
0
0.3
0.1
2.448
1.224
0
0
0
1.224
0
0
1.224
0
0
0
2.548
0
1.224
0.7
0
1.224
0
1.424
1.224
1.424
1.824
1.224
1.624
1.324
1.224
1.224
1.224
1.224
0
0
0
1.224
0
0
1.224
0
0.1
0
1.324
0.1
0.1
1.224
0.1
1.224
0
0.1
0
0
1.224
0
1.224
0.3
1.224
1.224
1.224
0
1.224
1.224
0
1.524
1.224
2.548
2.448
1.224
0
1.224
0
1.224
1.324
1.224
1.224
1.324
1.324
1.224
1.224
1.224
0
1.224
0
1.224
0
1.224
1.224
1.224
0.1
2.224
1.224
1.224
1.624
0.2
1.424
