1.624
0
2.024
0.3
1.224
1.324
1.224
1.224
2.448
1.224
2.448
2.448
1.424
1.524
1.324
0
0
0
0
0
1.324
1.424
0
0
1.324
0.1
0.1
0.2
1.224
0
0
1.224
2.624
2.448
0.2
1.324
1.224
1.324
0
1.724
1.224
1.824
0
0
0.1
1.224
0
0.4
1.324
2.548
1.224
0.1
2.748
0
0.1
0
1.224
0.1
1.424
1.624
0.4
0.3
0
0.2
0.3
1.324
0
0.2
1.424
0.5
1.424
2.848
1.424
1.224
1.924
1.424
1.224
0.3
0
1.224
1.524
0.1
1.324
0
0
0
0
0
0
0.4
1.224
0
0
0
0
2.748
2.748
1.224
1.224
0
0
0.2
0.3
1.224
0
1.224
1.224
1
0
2.448
1.624
0
1.224
1.224
0
0.1
1.224
0
1.224
1.224
0.8
0
0
1.424
0.1
2.448
1.324
1.224
1.224
1.424
1.324
0
0
1.224
1.424
0.5
1.324
1.224
1.324
0.2
1.224
0.1
0
1.624
0
0
1.324
0.3
1.324
0
1.224
1.224
1.324
1.224
1.424
1.524
0.1
0.1
1.324
0
1.424
0
1.224
0
0.1
0
0
1.324
0
1.2
1.224
1.624
1.224
1.224
1.224
1.324
0
1.224
1.324
1.924
1.424
4.048
1.224
2.448
1.224
2.748
2.948
2.648
1.424
2.548
1.424
3.872
2.748
3.048
2.748
3.048
2.448
2.548
1.224
0.2
1.424
0
0
0
2.024
0
1.224
2.448
1.224
1.224
1.224
1.224
0.2
0
1.224
0.9
1.224
0.1
0
0
0
2.448
1.724
2.448
1.224
1.224
1.224
1.224
1.424
2.448
1.224
1.224
1.224
0
1.324
0
2.124
1.224
0
1.324
0
1.524
1.224
0
0
0.2
1.224
1.224
1.224
0.1
0
0
0
0
0
1.224
0
0
1.224
1.224
1.324
1.224
1.324
0
2.448
1.224
0
2.448
1.224
1.224
1.224
1.224
1.224
1.224
0.3
0
1.224
1.224
2.548
1.224
0
1.224
2.948
2.448
1.224
1.224
2.548
2.448
1.324
1.224
1.224
2.448
0
0.2
0
0
1.224
0
0
1.324
0.1
1.324
0
0.3
0
0
0.1
1.324
0
1.324
0.4
0
1.224
0
0
1.224
1.224
1.224
0
1.324
1.224
0
1.324
0.1
0
1.324
0
1.224
0
0
0.2
0
1.224
1.524
1.424
0
1.224
0
1.824
1.224
0
2.448
1.624
0
1.424
1.824
3.672
1.224
0.2
1.224
2.448
1.424
0.5
1.3
0
0.1
1.224
0.1
0
3.672
3.772
0
2.448
2.448
1.224
0
0
3.672
0
1.224
1.224
1.224
0
1.224
0
0
1.324
0
0
0
1.324
1.224
1.224
0
0
0.1
2.448
2.648
1.224
0
0
2.448
0.8
0
0.2
2.448
0
1.524
1.224
0
1.224
1.424
1.224
2.548
2.448
2.448
2.448
2.448
1.324
1.224
0.3
1.224
1.324
0
0
0
1.424
0
0.1
0
1.224
1.224
2.548
0.7
1.224
1.224
0
2.448
1.424
1.224
0.1
1.324
1.224
0
1.324
0
1.224
1.424
1.324
1.424
1.224
0.1
0
1.224
0
1.224
1.224
1.224
1.324
1.224
0
0
0
1.224
0
1.224
0
1.224
0
1.324
1.224
1.224
1.224
0.2
1.324
0
0.2
2.024
0.3
0
1.724
2.848
0
1.224
1.424
1.224
0
0
0.1
0.1
1.324
0
1.224
0
0.1
0
1.224
1.224
0.1
1.224
1.224
1.224
1.424
1.224
0
0
0
1.224
3.148
1.224
0
1.424
0
1.224
0
2.448
1.224
0.2
0
0
1.224
1.324
1.224
1.224
2.448
1.324
0
2.448
1.224
0
0.8
1.224
1.224
1.224
0
2.548
1.524
2.448
0
1.224
1.224
1.424
1.624
2.448
0
2.448
1.224
1.324
1.224
1.224
0
2.448
0.1
1.424
0
1.224
1.824
1.424
1.224
1.224
1.224
0
1.324
1.324
1.224
0
1.224
1.424
1.224
0
0.1
1.224
0
0
0
2.448
1.324
1.224
2.448
2.448
1.224
0
1.224
0
1.224
0
0
1.224
1.224
1.324
1.224
0
1.224
0
0
2.448
2.448
1.224
0
1.224
1.424
1.224
0
0.1
0
1.224
1.324
1.224
0
1.224
1.224
0
0.1
0
1.224
0
0.3
1.324
0
0
1.224
0
1.324
0
0.1
0.6
0
0
1.924
1.324
2.448
0
0
0.1
1.224
0
0.1
1.224
4.272
0
0
1.324
1.324
1.224
1.224
0
1.224
1.224
0
1.224
0.1
1.224
1.224
1.224
1.624
2.448
1.224
0.2
0
1.324
0
1.224
1.224
0.1
1.324
1.224
1.424
1.224
0
0
1.424
0
2.548
1.224
0.1
1.224
1.224
0
2.448
1.224
1.224
1.224
1.224
1.224
1.224
0
1.224
1.324
2.848
1.324
1.224
1.224
1.624
1.224
1.224
0
1.224
1.324
1.224
0.1
2.448
0
0
1.224
1.324
0
0
1.324
1.224
1.224
1.224
3.772
0
0
1.224
0.2
0
2.548
1.224
1.224
1.324
1.224
1.224
1.224
0
1.324
0
1.524
1.224
1.224
0
1.224
1.224
0
1.224
1.224
1.224
1.224
1.224
1.224
0.5
1.224
0
1.224
0
1.324
1.224
1.324
1.724
0
2.648
0.1
1.324
0.3
1.224
2.448
1.224
1.224
3.772
0
1.224
1.324
0
2.448
1.224
1.224
1.324
0.9
5.972
0
0
0.2
1.224
1.224
1.224
1.224
1.224
0
1.324
0.1
1.224
2.448
1.224
0
1.224
1.224
1.224
1.224
1.224
0
2.448
2.448
1.224
1.324
1.224
1.224
1.224
0.1
1.224
0.1
0.1
1.324
1.224
1.224
0.1
0
2.548
0
0.1
0.1
1.324
1.324
1.224
1.224
2.548
0
0.1
1.224
1.424
1.224
1.224
2.548
1.224
1.224
1.224
1.224
0
1.224
1.224
1.524
0
1.224
1.224
0
1.224
0
0
1.224
2.448
2.548
0
0
1.224
1.224
1.224
1.224
0
1.224
0
1.224
0
0
0
3.148
1.324
1.224
2.448
0
1.224
1.224
1.224
0
2.448
2.448
0
2.548
2.948
0.1
0
2.448
1.224
2.448
1.324
0
1.224
1.724
1.224
1.624
0
2.448
1.224
1.224
1.224
1.224
1.224
1.324
1.524
1.324
0
1.324
0
1.224
1.224
0
1.324
2.448
1.324
1.424
0.1
3.672
1.424
1.224
0.1
0
0
0.1
0
0
2.448
1.224
1.224
0
0
0
0
0.2
1.224
1.224
1.224
0.2
0
2.448
0
3.048
1.324
1.424
1.224
1.224
0
1.424
0
1.224
1.824
1.224
1.224
0
1.224
2.648
2.548
3.048
1.224
1.524
2.448
2.748
0
1.224
1.224
0.1
2.448
1.324
1.224
1.224
1.224
1.224
1.324
1.224
1.224
1.224
1.424
1.624
1.224
1.224
0.3
0
2.748
0
0
1.224
1.224
0
0.1
1.524
1.224
1.224
2.448
0.4
0
0
1.224
1.224
1.324
0
0
0.1
2.448
4.972
2.648
1.224
1.324
1.224
0
1.224
1.224
0
1.224
0
1.224
1.624
1.224
1.224
1.224
2.448
1.224
1.224
1.224
1.224
1.424
0
0
1.224
1.424
1.424
0.3
2.448
0
1.224
0.1
1.324
1.224
0
1.224
0
0.3
0
0.4
0.1
3.672
1.224
1.324
2.448
0.1
0
0
1.224
1.224
0.4
1.224
1.224
1.224
1.224
1.224
1.224
0
1.224
0.1
1.224
1.624
2.748
1.224
0
2.548
0
1.224
0
1.224
1.224
1.224
0.2
0.2
0
1.224
1.224
0.1
1.224
1.224
1.224
1.224
2.824
0
1.324
1.224
1.224
0.3
1.324
0.1
0
3.548
2.548
0
0
1.224
1.224
3.672
4.772
3.972
3.248
1.424
2.448
2.448
1.224
2.448
1.324
1.324
2.648
3.248
3.672
2.748
1.324
3.772
3.672
2.548
1.624
3.148
2.648
2.648
1.224
1.224
3.872
5.472
9.996
1.224
2.448
3.872
2.448
2.448
3.248
2.848
2.748
1.224
2.648
1.224
3.148
1.324
2.548
3.672
2.648
1.324
1.224
2.448
1.224
1.224
1.324
4.772
4.896
3.672
1.224
3.148
2.448
3.672
2.548
1.224
1.224
2.548
2.748
3.672
2.448
2.648
2.448
2.548
2.448
1.524
2.448
4.672
2.448
2.448
1.224
2.648
2.548
2.448
2.448
2.648
1.324
1.224
1.324
2.448
2.448
2.448
1.224
3.672
2.548
2.448
3.672
1.224
2.748
2.548
1.224
2.548
3.772
2.748
2.948
2.448
2.448
2.324
2.448
2.448
2.848
4.372
3.148
3.248
2.648
1.924
2.648
1.224
1.224
1.224
1.324
2.548
2.548
3.772
2.448
3.772
2.448
2.948
2.648
1.224
3.672
2.448
2.448
2.548
1.424
2.448
3.048
2.448
2.848
1.424
1.724
6.396
2.948
4.972
5.296
2.748
3.772
3.348
2.448
2.448
2.548
1.224
2.648
3.672
1.424
1.424
2.448
2.748
2.548
2.548
2.448
4.072
3.772
2.548
3.048
2.448
4.172
2.648
2.448
2.448
1.324
3.772
2.448
2.448
2.448
2.448
1.324
3.672
2.448
3.772
2.848
2.548
2.848
4.996
2.548
3.872
1.624
1.224
1.224
2.448
1.924
1.624
2.448
1.224
1.624
1.224
2.448
3.872
1.324
3.972
2.748
3.672
1.324
2.748
2.648
2.648
3.672
1.224
4.072
2.448
1.724
1.624
1.224
4.072
2.448
1.224
2.448
5.172
2.548
2.448
2.548
2.548
2.448
2.448
2.448
3.348
3.972
3.748
3.872
2.648
3.772
1.324
2.448
2.448
1.224
3.672
2.448
2.548
2.748
1.424
2.748
2.448
3.048
2.448
2.648
4.172
2.324
3.672
1.824
2.648
1.524
1.224
2.448
5.072
1.324
2.548
2.448
2.448
1.324
2.448
2.448
2.948
2.548
2.548
2.448
2.648
2.648
2.448
2.548
1.224
2.548
2.548
2.448
3.348
3.348
2.648
2.648
2.448
1.224
5.172
4.472
2.448
1.524
2.448
3.672
1.424
2.548
1.724
1.224
2.548
3.772
2.648
2.548
1.224
3.672
2.748
1.324
1.324
1.224
2.448
1.224
1.224
3.772
3.972
2.648
2.548
2.548
1.224
2.448
2.448
2.648
1.324
2.848
2.548
2.848
1.324
2.448
1.224
2.548
2.848
2.448
2.448
2.448
2.448
3.672
3.672
3.672
2.648
5.172
1.224
1.424
4.172
5.296
1.324
3.972
1.424
1.224
3.148
2.648
1.224
2.448
2.548
2.448
2.748
5.372
5.272
2.448
5.296
3.348
2.948
1.224
6.696
2.648
2.548
2.448
3.448
2.948
3.348
1.224
2.448
2.748
2.448
2.748
2.448
2.548
2.648
2.548
1.224
2.648
1.224
1.324
1.324
2.748
1.224
3.672
3.772
2.548
2.448
4.896
4.896
2.448
2.648
6.396
4.572
3.948
1.724
3.872
1.224
1.224
2.948
2.448
2.748
3.772
2.448
4.072
1.224
2.548
3.972
1.324
3.672
1.324
1.524
1.324
3.672
1.524
2.448
2.448
1.924
1.324
3.672
2.748
3.248
2.548
2.448
2.448
5.096
1.224
2.748
2.748
4.572
2.448
1.224
2.448
2.448
3.772
2.648
1.224
2.448
2.648
1.224
4.896
1.224
3.672
1.224
2.448
1.524
1.824
3.772
2.448
2.648
2.448
1.224
2.548
1.224
3.672
3.048
4.172
1.224
2.548
2.648
2.448
2.448
3.672
2.448
3.972
1.324
1.324
1.224
2.448
2.548
3.672
1.724
2.448
1.224
2.648
1.624
2.448
2.448
2.948
3.672
2.448
2.448
2.448
1.424
2.448
2.448
2.448
3.772
4.772
2.448
3.772
3.672
1.224
2.448
2.548
2.448
3.872
4.272
2.448
1.224
3.672
4.172
2.448
1.624
2.448
2.448
2.648
1.224
2.448
2.648
1.324
2.448
2.448
2.648
2.748
2.448
3.248
3.048
2.548
4.872
1.424
2.448
2.548
3.672
1.224
2.448
3.772
3.772
1.224
2.448
1.324
1.224
1.224
2.848
3.772
2.448
3.248
2.548
2.648
2.848
2.448
1.224
2.448
1.224
2.948
4.272
2.548
2.448
2.448
1.224
2.548
2.848
2.448
2.948
2.648
2.448
2.648
2.548
4.572
2.848
4.872
2.648
4.472
3.548
2.448
3.672
1.224
6.196
1.224
1.224
2.748
2.448
2.448
3.672
2.448
2.748
1.224
1.224
3.672
3.672
1.324
2.548
2.448
2.548
2.748
3.348
1.424
1.224
1.224
1.224
3.048
3.672
1.224
1.324
2.748
2.548
1.224
3.772
2.748
3.972
2.948
1.324
2.748
1.424
1.324
4.872
2.748
1.624
1.324
1.324
3.348
3.672
2.548
3.672
1.224
2.748
3.872
2.648
1.224
2.548
1.224
1.224
2.548
3.672
2.448
2.748
2.848
2.948
3.972
2.448
2.824
3.972
3.672
2.648
1.224
1.624
3.548
1.924
2.448
5.596
3.672
2.448
2.748
2.548
1.424
2.748
1.224
2.848
1.424
3.772
2.548
3.448
3.772
3.672
2.548
1.324
4.272
2.448
4.572
2.448
2.748
3.772
2.548
3.772
2.948
2.448
2.548
2.648
2.948
2.848
1.324
2.448
1.224
2.448
2.448
2.448
5.272
2.948
2.548
2.448
2.548
3.672
3.872
3.772
4.872
3.672
3.772
3.672
2.948
2.448
2.448
3.772
3.972
2.948
2.448
2.548
3.772
3.648
1.224
2.548
2.548
2.648
2.648
2.448
2.448
4.272
3.648
2.748
4.272
2.548
2.948
2.748
1.224
3.148
2.448
3.148
3.672
6.396
2.448
2.548
1.224
2.448
1.224
2.748
1.224
1.324
1.224
0
1.324
1.224
2.448
1.424
1.324
0
0.7
0.1
2.448
1.224
0
0
0
1.224
0
0
1.224
0
0
0.1
2.448
0.1
1.224
0.9
0
1.224
0
1.524
1.424
1.924
1.724
1.224
2.124
1.324
1.224
1.324
1.224
1.224
0
0
0
1.324
0
0
1.324
0
0.1
0
1.224
0
0
2.448
0.2
1.324
0
1.324
0.1
0.1
1.224
0
2.448
0.4
1.224
1.224
1.324
0
1.224
1.224
0
1.524
2.448
2.448
2.448
1.324
0
1.224
0.1
1.224
1.224
1.224
1.324
1.524
1.324
1.224
1.224
1.224
0
2.548
1.224
1.224
0
2.448
1.224
1.224
0
2.624
1.324
1.324
2.024
0.5
1.724
