4.984
0.2
0.7
0
1.724
0.1
0.3
0
1.424
0
1.224
0.1
1.324
0.2
0.2
0
1.224
0
0
0
0.1
0
0
0
1.224
0
1.224
0.1
0.1
0
0.1
0.1
1.924
1.324
3.16
3.56
3.36
3.16
1.936
3.66
3.16
4.56
1.836
1.936
2.036
1.836
3.36
3.36
3.46
3.36
1.936
1.836
3.56
3.26
1.836
1.836
4.484
3.26
3.26
2.236
4.06
3.46
2.036
2.536
3.56
3.26
3.06
3.06
2.236
4.46
3.66
4.884
4.384
3.36
4.06
3.46
3.06
2.136
3.06
3.06
2.336
3.16
1.836
3.16
1.836
3.06
3.06
1.836
1.836
3.16
3.06
1.936
4.584
3.06
3.06
3.56
3.36
4.384
1.936
1.836
2.036
3.86
3.16
3.16
3.06
3.16
4.384
2.436
3.06
3.66
11.208
4.384
3.26
3.16
1.836
1.936
4.584
3.46
3.26
3.16
4.46
1.936
1.936
4.984
3.26
3.26
3.36
1.936
1.936
3.56
4.584
1.936
3.56
2.036
3.46
2.236
1.836
3.06
2.036
3.96
3.26
3.26
3.06
2.436
3.06
3.06
2.036
3.26
3.36
3.06
1.836
3.46
3.46
4.384
3.76
3.66
4.584
2.036
4.684
1.936
3.36
3.06
3.26
4.284
3.36
3.26
1.936
4.384
3.16
3.036
4.284
4.984
4.384
3.16
4.284
2.436
3.06
3.06
2.036
3.36
3.36
3.76
1.836
3.06
3.46
3.16
2.236
3.16
3.16
3.06
2.036
3.56
3.26
3.46
3.06
2.036
1.836
5.184
1.224
0.3
2.648
0
1.224
1.524
1.924
1.224
1.224
1.424
0.1
1.224
0
1.624
0.3
1.224
1.224
3.648
1.224
3.148
0
1.224
1.224
0
0.8
0
0
0.3
0
0
0.4
2.448
0.2
0
1.224
0.1
0.1
0
2.524
0
1.224
0.1
0
0.1
0.1
0.1
2.548
0.1
2.448
1.224
0
0.7
0
1.224
1.324
1.224
0.2
0
1.224
1.324
0
0
0
2.448
1.324
0.4
0
2.448
0.1
0
1.224
0
1.224
1.324
1.324
0
1.524
0
0
3.06
3.672
3.672
2.448
1.224
1.524
0
1.424
1.524
0
0
1.324
0.1
0
0
1.224
1.824
0
1.224
0
1.224
1.224
2.448
0
3.772
0.2
0.1
0
1.224
1.224
2.548
0
2.748
1.424
1.224
1.324
0
0
0.1
1.224
1.224
0
1.224
2.448
0.1
2.748
1.724
1.424
1.324
1.224
0
0
1.224
0.3
1.224
0
0.1
0.1
1.224
0
0
3.448
1.224
2.448
1.324
2.124
2.448
1.424
0.3
1.324
0
1.324
3.772
2.448
3.872
2.224
3.748
0
0
1.224
4.584
0
2.648
1.524
0
1.224
1.224
1.224
0
0
1.224
0.2
0
0
0
0.1
0
0
1.224
1.824
0
0
0.1
0
0.5
0
1.224
0
0.1
0
1.624
1.224
0.2
0
1.224
0.7
1.224
0
0
0.1
1.424
1.224
0
0
0.1
1.224
1.224
1.324
1.324
1.224
1.224
0.2
0
0.8
0.2
2.448
0
0.1
1.324
1.224
0
2.448
1.224
0
0
0
0.6
2.548
0.1
0
2.448
0.2
0.2
1.224
3.872
0.1
0.1
0.3
0.1
1.324
4.072
0.2
2.448
0
1.324
1.224
2.448
0.1
0
1.224
1.224
0.2
0
0.1
0
0
1.424
1.224
1.324
0.2
1.224
1.324
0.2
0
1.224
0.1
0.5
0
1.324
0.4
1
1.624
0
0.4
2.024
0
1.324
0.2
0.1
0.2
1.224
0
0.3
1.224
0
1.224
0.1
0.1
0
1.224
1.324
0.1
1.224
1.224
1.224
0.1
1.424
0.1
0
0
0
0.6
0
0
1.424
0.1
2.448
0
1.324
0.1
0.6
0
1.324
1.224
1.324
0.1
0
0
1.224
0
1.224
0.1
1.224
3.148
0
2.448
0
0
0.1
1.724
1.224
0.1
1.224
0
0.1
0.4
1.224
0
1.424
2.448
1.224
0
1.324
0.2
1.224
1.524
1.624
0.1
0.3
0.4
0.2
1.224
1.324
1.224
0
0.2
0.2
1.224
0
0
0.2
0
0
1.524
1.224
1.224
1.224
2.448
1.224
2.648
0.1
1.324
1.224
0
0.2
1.224
0
0
0
0
0
0
1.924
0.1
0
1.224
0
0
0
0
1.224
0.1
0
0
0
2.448
0.5
0
2.448
0
0
0
0
2.448
0
1.524
0
0
0.1
1.224
0
0
0
1.324
1.424
0.5
1.224
0
0.4
0
0
1.924
0.3
1.224
0.1
0.1
0
1.224
0
0
0.3
1.624
0.1
0
1.224
1.224
0
1.224
0
0
0.1
0
0
0
0.1
1.224
1.224
1.224
1.224
2.448
0.4
0
0.3
2.548
1.224
1.224
0.1
0.2
0
0.5
0
0
0
0.4
0
1.224
0.1
1.224
1.224
0
0
2.448
1.224
0
0
0
0
1.424
0
1.224
0.1
1.324
0
1.224
1.324
0.3
1.224
0
0
0.1
1.324
0
0.1
0
0
0.1
1.424
0
0.1
1.224
0
1.224
0
0
1.324
0
1.424
2.448
0.1
0
0.2
0.2
1.224
0.1
2.448
0
0
1.224
2.448
0
0
0
0
0
0
0.1
1.224
1.224
1.224
0.1
0
0
0
1.824
0
0
0
0
0.1
1.224
0
0.3
0.1
2.548
1.324
0.1
2.748
0
0.2
0
1.224
1.324
1.224
1.324
0.1
1.524
1.224
0
0.1
1.224
1.2
2.324
0.1
1.224
1.624
1.224
1.224
1.224
0
0
0.1
0
1.224
0.3
1.324
1.224
1.224
0
1.224
0
0.1
0
0
1.224
1.224
0
1.324
1.224
0.1
0
0
2.448
0
0.2
0.4
0.1
0
1.424
0
2.448
1.224
0.4
1.924
0
2.648
0
0
0
0
2.748
2.448
0.1
0
2.448
1.224
0
0
0
0
0
0
0
0.1
0
1.324
0
0.3
1.324
0
0
2.448
1.224
1.424
1.224
1.224
1.224
0
1.324
0
0.1
1.224
0.2
1.224
0
1.224
0
0.3
0
1.224
1.224
0
1.224
1.224
1.224
1.224
0.1
0
0
1.224
1.924
2.548
0
0
0
1.224
0.1
0
0.3
1.624
2.448
1.624
2.548
2.448
2.448
1.224
1.224
0.1
0
0.5
3.248
1.324
0
0
0
0
0
0.1
0
1.324
0
2.948
0.1
1.224
0.2
0
0.1
0.1
0
1.224
0
1.224
1.224
1.224
1.324
0.2
1.224
1.224
1.424
0.3
1.324
0.1
2.448
0
0
1.224
1.224
1.424
1.224
1.524
1.324
0
0
2.448
0
0
0.6
0.1
1.224
0
1.224
1.524
1.324
3.848
1.324
1.824
1.324
0.3
1.324
0.1
1.224
1.724
1.324
0.1
0.1
0
0
0
0
0.1
1.324
0
0
0
0
0.2
1.424
1.224
1.324
1.224
0
2.448
1.224
0
0.2
1.524
0.4
0.2
0
1.324
0
1.224
0
0.1
0.1
1.224
1.224
1.324
0
2.024
1.324
0.1
1.524
1.324
1.324
0
0
2.448
1.324
1.224
0
0.2
0
0
0
0
0.1
1.424
1.224
1.224
1.424
0.1
0
0
0.7
0.2
0.5
1.224
0
0
1.524
1.224
0
1.224
1.224
0
0.8
0
2.948
1.836
1.224
0
1.724
0
0
0
1.324
0.1
1.324
1.624
0.1
1.224
1.324
0
1.224
1.324
0
1.224
1.924
0
1.724
1.424
2.448
2.448
0.1
1.224
1.324
0
0.1
0
1.324
0.2
2.648
0
0
1.224
0.1
0
0
0.1
0.2
2.6
1.224
0
2.548
0.1
0.5
0
0
1.324
1.924
1.424
1.224
0
1.224
1.224
0
2.024
1.424
1.724
1.324
1.424
1.324
1.224
1.324
1.324
0.1
0.2
2.024
0.1
0.3
0
3.872
1.324
0
1.524
0.7
1.224
1.224
0
2.448
1.624
1.524
1.624
1.224
0
1.324
1.424
2.548
0.7
0.1
0.3
1.224
0
1.224
0.4
1.324
0
1.324
1.424
1.324
1.224
1.224
1.324
1.224
1.424
1.324
1.224
1.224
0
2.224
0.1
1.324
0
1.224
2.448
1.324
3.048
0
0
0.4
0.1
0.2
1.324
1.724
0
1.624
1.324
0
0
2.748
2.548
2.448
0.2
1.224
0.1
1.224
1.224
1.224
3.672
0.1
1.224
0
1.624
1.224
1.224
2.548
1.624
0.1
0.1
0.1
2.648
0.6
0.5
2.648
0
0.8
1.224
2.448
0.3
2.224
1.324
1.724
1.224
0.6
2.548
0
0
0.1
1.324
2.948
1.324
0
0
1.324
1.224
0.1
0.3
1.324
1.324
1.224
3.672
0.2
1.324
0
1.924
0
0.6
1.324
1.524
1.624
0.4
1.624
1.324
0.1
1.224
1.524
0
1.224
1.624
2.448
0.1
0
1.324
1.424
1.424
2.848
2.648
1.224
0
1.824
1.324
0.4
0.7
0
1.524
0.3
0
0
1.324
1.224
0
1.324
1.224
0.1
0.1
0
1.224
1.324
1.524
0.3
2.024
2.548
2.648
1.824
0
0
0
0
2.024
0.5
1.224
1.224
1.224
0
1.324
0.1
1.424
0.6
0.2
1.224
2.548
1.524
2.448
2.948
2.548
1.224
1.624
1.324
0.3
2.024
1.224
1.524
0
1.424
1.224
2.024
0
0
1.424
1.324
0.2
1.224
0.1
0.4
2.548
0.3
1.424
1.424
2.648
1.424
0
1.224
0.1
0
0
0.2
0.5
2.448
1.324
1.224
1.924
1.224
1.324
1.524
0.3
1.224
1.624
0.1
2.748
1.224
0
2.524
0.2
1.224
3.772
1.224
1.224
1.324
0
1.824
1.324
1.324
2.448
0
1.224
0
1.624
1.224
0
0
1.324
0.7
2.224
1.524
1.224
1.324
1.324
2.024
1.424
0
1.424
0
1.224
1.324
1.524
1.724
0
1.224
1.924
0
1.224
0.2
1.224
1.624
1.324
0.1
0.2
0
1.324
1.224
1.724
0.1
0
0
2.548
1.224
0
0
0
0.1
1.424
0
1.824
1.324
1.224
1.324
0
1.524
0
1.224
0
0
1.224
1.224
0
2.448
1.924
0
1.224
1.424
1.324
1.224
1.224
1.524
0
2.024
1.224
0.1
1.224
0.3
2.448
0.5
1.624
2.648
2.448
1.424
1.724
1.524
0
1.924
1.324
1.424
0
1.924
0.4
2.024
0
2.448
2.648
1.224
1.724
1.224
0
0.6
1.224
0
0
1.224
1.424
0.2
3.872
1.224
0.1
1.324
1.424
1.224
1.224
1.224
0
1.324
1.524
2.524
0.3
1.624
1.424
1.224
1.224
1.424
0.2
0.4
0.1
0
1.524
0.1
0.3
1.324
0.1
1.324
0.1
2.848
1.324
1.224
0.2
1.324
1.224
1.624
2.648
1.324
4.472
0.3
1.324
0
0
2.648
1.324
1.224
0.2
1.524
0
1.424
0
2.448
0.7
1.424
0
0.1
2.548
2.448
1.224
1.224
1.224
1.224
1.224
0.3
0.8
0
1.224
1.224
1.224
0.1
0
1.324
1.224
3.948
1.324
1.224
1.224
0.2
1.224
1.224
0
1.224
1.324
1.224
1.324
0
0.1
1.224
0
3.448
2.448
1.224
0.1
0.3
1.224
3.672
1.824
0
1.424
0
0.1
0
1.224
1.224
0
1.424
1.924
0
1.324
0
1.224
0.1
1.424
0
1.324
1.824
0
2.448
1.224
1.724
1.324
0
1.324
1.224
0.4
1.224
1.224
1.324
1.324
3.972
0
0.1
1.724
0
3.448
1
1.424
1.624
0
0
0
1.324
0
2.448
0
1.224
0
0
0.3
1.424
1.424
1.724
1.324
1.224
1.524
0.1
1.524
1.424
0
0
1.224
0
1.224
2.648
1.524
1.424
0.1
1.224
1.224
2.948
2.548
0.5
1.224
1.224
1.324
1.524
1.624
1.924
3.548
0
1.524
1.524
1.224
1.424
0
1.224
0
0
1.324
1.324
0
1.224
1.224
0.1
1.324
1.224
0
1.224
2.648
0
1.224
0.2
2.548
3.648
1.524
1.624
0
1.424
0.9
1.324
2.448
1.224
0.8
0
0
0.1
0.3
1.224
1.524
0.2
1.424
0.1
0
1.824
1.524
0
0.1
0.1
2.124
0.1
1.224
0.1
0
0.1
1.424
1.224
1.324
1.324
0
0
0.1
1.224
1.224
0.1
1.524
0.1
1.224
1.324
1.6
1.424
1.324
2.548
0
1.724
0.6
0.5
2.448
1.924
0
0
0.2
2.648
2.748
1.724
0.2
0.4
0.1
1.224
0.3
3.648
1.324
0
0
1.224
1.824
1.224
3.148
1.224
1.324
0
0.2
0.2
0.5
1.224
0.3
1.824
1.924
0.1
1.424
0.4
1.224
1.324
2.448
1.324
2.324
0.7
1.224
1.224
1.324
1.224
2.548
2.948
3.248
1.224
1.324
1.624
2.124
2.448
1.224
1.224
1.324
0.6
1.324
1.424
1.524
1.624
0
2.448
0
3.872
1.424
0
1.224
1
1.524
1.524
1.424
1.724
2.036
2.436
3.16
2.636
1.836
3.26
0.1
1.624
0.1
0
1.224
0
0
3.46
1.224
2.448
1.224
0.1
1.524
1.224
1.224
1.424
1.824
1.224
2.824
0
1.324
1.224
1.224
1.224
0
2.548
0
0.1
1.224
0.2
2.448
0
1.324
0
1.224
1.3
0.1
1.224
0
0.4
0.4
2.948
0.4
2.448
3.448
0.3
0
1.324
0
0
0.1
0.4
1.224
2.448
0.1
0
1.324
1.224
0
0
0
0
0.2
0.1
1.224
0.2
0
0
0.1
1.224
1.224
1.224
2.448
1.624
0
0
2.548
1.224
0
1.224
1.224
0.5
2.448
1.524
1.224
1.224
2.448
1.224
0
0.1
1.224
0.1
0.1
2.948
2.548
0
1.224
1.224
1.224
1.224
1.224
0
1.224
1.224
1.224
1.224
0.3
4.248
2.648
1.324
1.624
0.5
1.524
