0.1
0.3
1.724
0
1.324
1.224
1.324
1.224
1.224
1.224
1.324
2.448
1.224
1.224
1.624
0
0
0
0
0
1.224
1.624
0.1
0
0
0.1
0.1
0
1.224
0
0
1.324
0.1
0
0.1
0.1
0
0
0.1
0.2
0
1.924
0
0
0
2.244
0
0.5
0
1.324
1.224
0
1.724
0
0
0
0.1
0
0
2.444
0.6
0.1
0
0.1
0
0
0
0
2.244
0
0.1
1.224
0.2
0
1.724
0.1
0
1.22
0
0
1.524
0
1.224
0
0
0
0
0
0
0.4
0
0
0
0
0
2.244
2.344
0
0
0
0
0
0.1
0
0
0
0
0.4
0.1
0
0.1
0
0
1.224
0
1.42
0
0
0
0
0.6
0
0
0.1
0
0
0
1.224
0.1
1.524
0.1
0
0
0
1.224
0.4
2.344
1.224
1.224
0.2
0
0
0
1.324
0
0
2.344
0.1
0.1
0
1.324
0
0
0
0.2
0.3
0
0
0.1
0
0.1
0
0
0
0.1
0
0
0
0
1
0.1
0.2
1.324
0
1.324
1.624
0
0
1.324
0.2
0.4
1.424
1.224
2.448
1.424
2.848
2.848
2.448
1.324
2.448
1.324
2.648
1.224
3.148
2.448
2.548
2.548
1.224
0
0.1
0.2
0
0
0.1
0.3
0
0
1.624
1.324
0
1.224
0
0.1
0
0
0.6
0
0.2
0
0
0
1.224
1.724
1.324
1.324
1.224
1.224
1.224
1.424
1.224
1.224
1.224
1.224
0
1.224
0
2.324
1.224
0
1.424
0
1.324
1.324
0
0.1
0.1
0
0
1.224
0.3
0
0.1
0.1
0
0.1
1.224
0
0
1.224
1.224
1.324
0
0
0.2
1.224
0
0
1.224
0
1.224
0
0.1
0
1.324
0
0
1.224
0
1.224
0.1
0
0
1.524
1.224
1.424
0
1.224
1.224
1.224
1.224
1.224
1.224
0
0.1
0
0
0
0
0.1
0
0
0.1
0.1
0
0
0
0.1
0.1
0
0
0
0
1.224
0
0
1.224
0
1.224
0
1.224
0
0
0.2
0
0
0
0
0
0
0
0.3
0
0
1.224
1.224
0
0
0
0.3
0
0
1.224
0.4
1.12
0.1
1.724
1.224
1.224
0
0
1.224
0
0.4
0.6
0
0.1
0
0
0
2.448
2.448
0
1.224
1.224
1.224
0
0
1.324
0
1.224
1.224
1.224
0
1.224
0
0
0.2
0
0
0.2
1.224
1.424
0
0
0
0.1
1.224
1.224
0
0
0
1.224
0.7
0
0.1
2.448
0
0
0
0
1.224
1.424
0
1.224
1.224
1.224
1.224
1.224
1.424
1.224
0.4
1.524
0
0
0.3
0.2
0
0
0
0
1.224
1.224
1.424
0.4
0
1.324
0.1
1.224
1.324
1.324
0
0
1.224
0.2
1.724
0.4
0
0.1
1.224
0.1
1.224
0.1
0
0.1
0
1.224
0
1.224
1.224
1.324
0.1
0
0
1.324
0
0.1
0.2
0
0
1.824
1.324
1.224
1.224
0.2
1.224
0
0
1.324
0.3
0
1.624
0.3
0
0.2
1.424
1.324
0
0
0.1
0.2
1.224
0
0
0
0.1
0
1.224
0.1
0.1
1.224
0
0
1.324
1.224
0
0
0
1.224
1.324
1.224
0
1.324
0
0
0
1.224
1.224
0.1
0
0
0
1.524
1.324
1.224
1.224
1.424
0
1.224
1.324
0
0.2
1.224
0
1.224
0
1.424
1.524
1.224
0
0
1.224
1.424
1.624
1.224
0
1.224
0
0
1.224
0
0.1
1.224
0
0
0
1.224
1.424
1.424
1.224
0
0
0
1.324
1.224
0
0
1.224
1.724
1.424
0
0
0
0
0
0
1.224
0
1.424
1.224
1.224
1.224
0.1
1.224
0
1.224
0
0.1
1.224
1.224
0.2
1.324
0
1.224
0
0
1.324
1.224
0.1
0
1.224
1.624
1.224
0
0.1
0
0
1.224
1.224
0.1
1.224
0
0
0
0
1.224
0
0.1
1.424
0
0
0
0
1.224
0.1
0
0.4
0
0
0.6
1.324
1.224
0
0
0.2
1.324
0
0.1
1.224
1.324
0
0
1.224
0
1.324
1.224
0
1.324
0.1
0.1
1.224
0
1.224
0
0
1.224
0
0
0.2
0
1.224
0
0
0
0.1
1.224
1.224
1.224
1.324
0
0
1.424
0.1
1.324
1.324
0.1
1.224
0
0
1.224
0
1.224
1.224
1.224
1.224
1.324
0
1.224
1.424
1.224
1.424
0
0
0.1
0
1.224
0.1
1.224
1.224
1.224
0
1.324
0
0
0
1.224
0
0
0.2
1.224
1.224
1.224
1.324
0
0.1
1.224
0
0
1.224
1.324
0
1.224
0
1.224
0
0
0
0.1
1.224
1.224
0
0
1.324
1.524
0
0
0
0
0
1.224
0
0.5
1.424
0.1
1.224
0
1.224
1.224
1.224
1.324
0
1.324
0
1.324
0.1
1.324
1.224
1.224
1.324
1.224
0
0
1.324
0.1
1.224
1.224
1.224
1.224
0.5
1.624
0
0
0
1.224
1.224
0
1.224
1.224
0
1.324
0
1.524
1.324
0
0
0
0
1.224
1.324
1.324
0.1
1.224
1.224
1.224
0
0
1.224
1.224
0.1
0
0.2
0.1
1.224
1.224
0
0.1
0
1.224
0
0
0.2
1.224
0
1.224
1.324
1.224
0
0.1
0
1.324
1.324
0
1.424
1.224
1.224
1.324
0
0
1.224
1.224
1.424
0
1.224
1.224
0
1.224
0
0
0
0
1.224
0
0
1.224
1.224
0.1
1.224
0
0
0
0
0
0
0
1.224
1.224
1.224
1.224
0
0
0
1.224
0
1.224
1.324
0
1.224
1.724
0
0
1.224
1.224
1.324
1.224
0
1.424
0.2
0
1.324
0.1
1.224
1.224
0
1.324
1.224
1.224
1.624
0.3
0
0
1.224
0
1.324
1.224
0
1.224
1.324
0
0
0
1.224
1.324
1.224
0.1
0
0
0
0
0
1.224
0
0.2
0.1
0
0
0.1
0.2
1.224
1.324
0
0.1
0
1.224
0
1.924
1.224
0.1
1.324
1.224
0.2
0.1
0
1.224
1.324
1.224
1.224
0
1.224
1.324
1.224
1.624
0
1.624
1.224
1.224
0
1.224
1.224
0.4
1.224
1.324
1.224
1.224
1.224
1.224
1.224
1.224
1.224
1.224
1.224
1.424
1.224
1.224
0
0
1.424
0
0
0
0
0
0.1
1.324
1.224
1.324
1.224
0.2
0
0
1.224
1.224
1.224
0
0.1
0.1
2.448
2.448
2.648
1.224
1.224
1.224
0.2
1.224
1.224
0
1.224
0
1.224
1.324
1.224
1.224
1.424
1.224
1.324
1.224
0
0
1.324
0.1
0
1.224
1.924
1.324
0.3
1.224
0
1.224
0.1
1.324
1.324
0
1.224
0
0.3
0
0
0.1
1.224
1.224
1.624
1.224
0
0.1
0.1
1.224
1.02
0
1.224
0
0
1.224
0
0
0
0
0.2
1.224
0.3
1.324
0
0
1.324
0
1.224
0
1.224
1.224
0
0.1
0
0
1.224
0
0
0
1.224
1.324
1.224
2.324
0
1.224
0.1
1.224
0.1
0
0
0
1.624
1.324
0
0.3
0
1.224
2.448
2.748
2.748
1.524
1.224
1.224
1.224
1.224
1.324
1.424
1.224
2.548
2.444
2.448
2.648
1.224
2.748
2.448
2.548
1.424
2.948
2.448
2.548
1.224
1.224
2.648
2.448
2.448
1.324
2.448
2.448
1.224
1.224
3.148
2.448
2.448
1.224
2.448
1.224
2.848
1.424
2.448
2.548
1.424
1.324
1.224
1.324
1.224
2.344
1.324
2.648
2.448
2.448
1.224
2.548
2.448
2.448
2.448
1.224
1.224
2.448
1.524
2.548
2.448
2.848
6.268
2.548
2.748
1.224
2.448
2.448
1.324
2.548
1.224
1.224
1.224
1.224
2.548
2.548
2.244
1.224
1.224
2.448
1.224
2.448
1.324
2.448
1.324
1.224
2.448
1.224
1.224
2.548
1.324
2.548
2.448
2.648
2.748
1.224
2.448
1.824
1.224
1.224
2.548
2.948
2.748
1.424
2.448
1.324
1.324
1.224
1.224
1.224
1.224
1.224
1.324
2.548
2.448
2.448
1.224
2.448
2.548
1.224
2.448
2.448
1.224
2.648
1.524
2.448
1.424
1.224
2.648
1.224
1.324
2.648
2.548
2.548
2.448
2.548
2.448
1.624
2.448
1.224
2.548
1.224
2.548
2.448
1.324
1.424
1.224
1.424
1.224
1.224
2.448
2.748
2.448
2.448
2.748
1.224
2.848
1.324
2.448
2.448
1.224
2.448
2.448
1.224
1.224
2.448
1.224
2.448
2.448
2.448
2.948
2.648
1.324
2.548
1.224
2.448
1.324
1.224
1.224
2.448
1.524
1.424
1.224
1.224
1.224
1.224
2.548
2.648
1.224
2.548
2.748
1.224
1.224
1.224
1.224
1.424
2.648
1.224
2.648
1.324
1.524
1.424
1.224
2.548
2.448
1.224
2.448
2.748
2.448
2.448
2.448
1.324
2.548
2.448
2.448
2.648
2.548
2.548
2.448
2.548
2.448
1.324
2.448
1.424
1.224
2.548
2.448
2.548
1.224
1.224
1.224
1.224
1.724
1.224
1.224
2.848
1.624
2.448
1.324
2.548
1.324
1.224
2.448
2.648
1.224
1.324
1.224
2.448
1.324
2.648
2.448
2.648
1.224
2.448
1.224
2.648
1.224
2.448
1.324
1.224
2.448
2.448
2.448
2.648
1.924
2.548
1.224
1.224
1.224
2.748
2.548
2.448
1.224
2.548
2.448
1.224
1.624
1.424
1.224
1.324
2.448
2.648
1.224
1.524
2.448
1.324
1.324
1.224
1.324
2.448
1.224
1.224
2.548
2.448
2.448
2.448
1.224
1.224
2.448
2.548
2.548
1.224
1.324
2.448
1.624
1.324
2.448
1.224
2.448
1.224
2.448
1.224
3.468
2.448
2.448
2.448
2.448
1.424
2.748
1.224
1.224
2.448
2.448
1.324
2.548
1.224
1.224
1.524
1.224
1.224
1.224
2.548
1.424
2.648
2.848
2.848
1.224
2.548
1.324
1.524
1.224
2.848
1.324
2.448
2.448
1.724
3.668
1.324
1.224
1.224
2.648
2.448
1.224
2.244
2.448
2.448
1.224
1.224
2.448
1.224
1.224
1.324
1.224
1.224
2.448
2.448
1.324
1.224
2.448
2.448
2.548
1.324
2.648
3.248
2.548
1.324
2.448
1.224
1.224
2.448
1.224
1.224
2.448
2.448
2.548
1.224
3.668
2.548
1.224
2.548
1.224
1.524
1.424
2.448
1.224
1.424
2.548
1.324
1.324
2.448
1.424
2.548
1.224
2.448
2.448
2.448
1.224
2.548
2.548
2.748
2.448
1.224
2.448
1.224
2.748
2.648
1.324
2.548
1.324
1.324
2.448
1.224
2.448
1.324
1.324
1.624
1.524
2.448
2.244
1.224
2.448
1.324
2.548
1.224
2.448
1.424
2.648
1.224
1.224
2.548
1.224
1.224
2.448
2.244
2.848
1.224
1.524
1.324
1.224
1.224
2.448
1.624
1.324
1.224
2.548
1.524
2.448
1.224
1.424
2.548
1.224
2.448
2.448
1.324
1.224
1.224
1.224
2.448
2.448
2.448
1.224
2.448
1.224
2.548
1.324
2.448
2.548
2.448
2.448
1.224
2.448
2.648
2.548
1.224
1.224
2.448
2.648
1.224
1.224
1.224
1.224
1.224
2.448
2.648
1.324
2.448
1.524
3.248
1.424
2.948
1.224
2.548
2.448
1.224
1.224
2.548
2.448
2.548
1.224
2.448
1.224
1.224
1.324
2.548
2.448
1.224
1.324
3.668
2.448
1.324
2.448
1.224
1.224
1.324
2.648
2.948
2.548
2.648
2.448
1.324
1.224
1.324
1.224
3.568
1.224
1.224
1.324
1.424
2.548
2.548
3.048
2.548
2.448
2.448
2.448
2.448
2.244
2.448
1.324
1.224
1.224
1.224
2.448
2.448
1.224
2.448
1.224
1.224
2.448
2.448
1.224
2.448
1.224
2.448
1.224
2.024
1.424
1.224
1.224
1.524
3.348
2.448
1.224
1.224
2.948
2.448
1.224
2.848
2.748
2.548
1.224
1.424
1.424
1.324
1.424
2.748
1.724
1.224
1.424
1.324
1.724
2.648
1.224
2.648
1.224
2.848
2.748
2.448
1.224
1.324
1.224
1.224
2.448
2.448
1.324
2.448
1.624
2.548
2.448
2.448
2.124
2.648
2.448
1.324
1.224
1.524
1.524
1.224
1.224
2.848
2.448
1.224
2.548
1.524
1.424
1.524
1.324
2.548
2.444
2.448
2.548
3.548
2.448
2.748
2.448
1.224
2.648
1.224
2.548
2.448
1.224
2.448
2.548
2.448
2.648
1.224
2.648
2.448
1.324
2.648
1.324
3.468
1.224
2.648
1.224
1.224
2.948
2.748
1.224
1.224
1.224
2.448
2.648
2.448
2.748
2.548
2.448
2.548
1.724
1.224
1.324
2.448
2.448
2.748
1.324
1.224
2.548
1.524
1.224
1.324
2.448
1.324
1.424
2.648
1.324
2.748
2.748
2.548
2.648
2.748
2.648
2.748
1.224
2.748
1.224
2.548
2.448
2.648
2.448
2.648
1.224
2.448
1.324
2.748
1.224
0.1
0
0
0.2
0
1.224
0
0
0
0.5
0.1
1.324
0
0
0
0
0
0
0.1
1.224
0
0
0
1.224
0
0
0.6
0
1.224
0
1.224
1.324
0.3
1.524
0
0.7
1.424
1.224
0.1
1.224
1.224
0
0
0
0
0
0
0.1
0
0
0.1
1.224
0.1
0.1
1.224
0
1.224
0
0
0
0
0
0
0
0.1
1.224
1.324
0
0
1.224
1.224
0
1.424
0
1.324
1.424
0
0
1.224
0.1
1.224
1.224
1.224
1.324
0
0
1.224
1.224
1.224
0
1.424
0.1
1.224
0
1.224
0
1.224
0.1
0.5
0
0.2
0.3
0.2
0
