1.524
1.224
0.9
1.424
1.224
1.624
2.748
2.548
2.548
2.448
4.072
1.224
2.648
2.848
2.948
1.324
1.224
1.224
1.224
1.424
0
0.2
0
1.224
2.848
1.324
1.224
0.1
1.324
0
1.224
0
2.224
1.224
1.424
1.324
1.224
1.224
0.2
1.724
1.224
0.3
0
0.1
0
0
0
1.324
1.724
1.324
0
0
1.924
1.324
0.1
0
2.448
1.424
1.424
0.2
1.524
1.324
0
1.924
0.1
1.324
1.224
1.324
0
1.924
1.524
2.448
2.648
1.224
1.3
2.648
1.224
1.424
1.324
1.224
0.6
1.224
0.1
1.224
0.1
1.224
1.224
0
0.1
2.848
1.224
0
1.224
1.224
1.224
1.324
1.324
2.548
1.324
1.324
0.2
2.024
1.424
1.224
0
1.224
1.224
0.8
1.224
1.224
2.548
1.224
1.224
1.224
0
0.2
1.224
1.324
1.324
1.224
2.124
0
1.324
2.748
1.224
1.224
1.324
0.1
0.1
1.324
1.424
0
1.324
0.2
0.2
0.4
0.2
1.224
0.2
0.3
2.448
2.548
1.224
0.2
1.224
1.224
0
1.324
1.224
1.224
0.1
1.224
1.324
1.224
1.924
1.424
1.224
0.3
1.324
0.1
1.224
1.324
1.224
1.224
0.2
1.324
0
2.548
0
2.524
2.448
3.148
1.324
1.224
1.224
0.5
1.224
1.224
0.1
1.424
1.424
1.824
2.448
2.448
1.424
2.448
1.824
2.448
2.548
2.548
2.748
2.548
2.548
2.648
2.448
1.224
1.224
2.548
1.224
0.2
2.648
0
0
1.424
1.924
1.224
1.224
1.524
0
1.224
0
1.324
1.824
1.224
1.224
2.024
1.224
2.948
0
1.224
1.224
0.1
0.1
0.1
0
0.1
0
0
0.2
2.448
1.324
1.224
1.224
0
0
0
2.124
0
0
0
0
0.3
0.3
0.1
1.224
0
2.448
1.224
0
2.224
0.1
1.324
1.224
1.224
0
0
1.224
1.224
1.324
0.1
0.1
2.448
2.448
0.1
0
2.448
1.624
0
1.224
0
1.224
1.324
1.324
0
1.424
0
0
1.324
2.748
2.448
1.224
1.224
1.424
1.224
1.324
1.224
0
0
1.324
0
0
0
1.224
1.624
1.224
0
0
0.1
1.224
1.324
1.324
2.548
0
1.524
1.324
1.224
1.624
2.548
1.324
2.448
1.524
1.224
1.224
1.224
1.224
0
1.224
0.1
1.224
0
1.224
1.324
1.224
0.4
1.324
1.324
1.224
0
1.224
1.224
1.424
2.448
0
1.524
1.224
1.224
0
1.224
1.324
2.448
1.224
1.224
1.724
1.224
1.224
0.2
1.224
0.1
0.3
2.448
1.224
2.548
1.924
1.524
1.524
0
1.224
1.224
1.324
3.872
2.548
1.224
1.224
1.224
1.224
1.524
0
1.224
1.224
0
0
0
0.1
1.224
1.224
1.224
1.224
1.224
1.224
1.424
1.624
1.624
0
1.224
1.224
0
0
1.424
1.424
0
1.224
2.448
2.024
1.224
1.524
1.224
0
1.524
1.224
1.224
0
0
1.224
1.424
1.224
1.224
1.224
1.224
0.2
0
1.824
0.1
2.548
0
1.224
1.324
1.424
1.224
1.224
1.224
0
1.224
0.2
1.824
1.224
0
1.224
2.448
0.1
0
2.648
2.448
0.1
0
0.3
1.524
1.224
2.648
0
2.548
1.224
1.224
2.548
1.224
1.424
0
1.224
1.224
0.2
0
1.324
0
1.224
1.324
1.224
1.224
1.324
1.224
0
1.724
0
1.224
0
0
1.524
1.324
0
0.6
0.1
1.224
0.1
1.524
0
1.224
1.724
0.1
1.524
1.224
0
0.1
1.224
1.224
1.224
0
1.224
0
1.224
2.448
1.224
1.224
1.224
1.224
0
1.324
0.1
0
1.224
0
0.4
0
1.224
1.324
0.2
1.324
1.324
1.224
0
0.4
1.224
1.224
1.224
1.324
0.2
0
0
1.424
1.324
1.224
1.324
1.224
1.624
0
2.448
0
1.224
0.2
1.424
1.224
0
1.224
0
0
0.1
1.224
0
1.324
1.224
1.224
0
1.224
1.524
1.224
2.448
1.324
1.224
0.2
0.1
1.324
1.224
1.324
1.224
1.324
0
0
1.224
0.2
0
0.2
0
0.1
2.648
1.224
1.224
1.224
1.224
1.224
2.448
0
1.224
2.548
1.224
1.224
1.224
1.324
0
0
0
0
0
1.324
0
0
1.224
1.224
0
0
0
1.224
1.224
0
1.324
1.324
1.224
0.4
0
2.448
0
0
0
0
2.448
1.324
2.448
1.224
0
1.224
1.224
0.1
1.224
1.224
1.224
1.224
0.2
2.448
1.324
0.3
0
0.1
1.824
1.524
1.224
1.324
0
0.1
1.224
1.224
1.424
0.1
1.324
0
1.224
1.224
1.224
0
1.224
0.1
0.1
0
0
0
1.424
0.2
2.448
1.224
0.1
1.224
1.224
0.2
1.324
1.424
1.224
1.224
1.324
0
0.1
0
1.324
0
1.224
1.224
0.3
0
1.424
0
1.524
1.224
0
0
2.548
1.224
0
0.2
0
0
2.648
0
2.448
1.324
2.948
0.1
1.224
2.448
0.1
1.224
0
1.224
0
2.848
0
1.524
0
0
0
1.324
0
0.1
2.448
0.1
1.224
0
0
1.324
1.224
1.424
1.224
0.2
0
0.2
0
1.224
1.224
2.448
0
1.224
1.224
1.224
1.324
0.1
1.324
1.224
1.324
0.1
0.1
1.224
1.224
1.224
0
0
1.224
0
1.924
0
0.2
0.1
1.324
0
1.224
0
0.3
1.224
1.224
1.224
0.2
1.224
0
0.1
1.224
1.224
1.324
1.224
1.224
0
1.324
1.224
0.1
0
1.224
1.824
1.924
1.524
0.2
2.648
1.324
1.224
1.224
0
0
1.324
0.1
1.224
0.2
1.324
1.224
2.448
0
1.224
0
1.224
0.1
0
2.448
2.448
0
1.324
1.224
0
0
1.224
2.448
1.924
0.2
0.1
0
1.224
1.424
0
1.224
1.224
0.3
1.324
1.224
1.224
1.324
0.1
0
0
1.224
2.448
1.324
0
1.224
0.2
0
1.224
0
1.224
0
0
0
0
1.224
1.224
1.424
0
1.224
1.224
0
1.224
1.224
2.648
1.224
1.224
1.324
0
2.548
0
1.224
1.224
1.324
1.224
0.1
1.224
1.224
0.1
0
1.224
1.224
0
1.224
2.448
1.324
1.224
0.1
0
0
1.224
1.624
1.224
0.2
0
0
1.324
0.3
1.224
0.1
1.324
1.224
1.524
1.224
1.224
1.424
2.648
1.224
0
0.1
0.3
2.948
1.224
0
0
1.224
0
0
0.1
0
1.224
0
1.224
1.324
1.224
0.2
1.224
0.1
0
1.324
1.224
1.224
1.324
1.224
1.224
1.424
0
1.224
1.224
1.224
1.724
1.424
0
2.448
1.324
0
1.224
1.224
1.224
2.448
1.324
0.1
0
1.324
2.548
1.224
1.324
1.524
0
1.224
1.324
1.224
1.324
1.224
1.624
1.224
2.948
1.524
0.1
1.424
1.724
1.224
2.648
1.224
1.324
1.324
0
0
0
0.2
0
1.224
0
0.1
0.2
0
0
1.224
1.224
1.224
1.224
0
1.224
2.448
1.224
0.1
1.624
1.224
1.224
0
2.848
1.524
1.224
0.1
0.1
0
2.448
2.448
2.448
1.224
2.548
1.224
0
1.324
1.224
1.224
0
0
1.224
1.224
1.224
0
0.1
0
0
0.1
0
0.4
1.324
1.224
1.224
1.424
0.1
0
0.1
0.2
0.2
0.4
2.548
1.224
0
1.424
1.524
0
1.224
1.224
0
2.324
0.1
1.524
0
1.224
0
1.224
0.1
0.3
0
0.1
0.2
1.524
1.524
0.1
1.224
1.224
0
1.224
1.224
1.324
1.224
2.948
0
1.524
1.224
1.224
1.224
0.2
1.224
3.772
1.224
0
0
2.548
1.624
1.224
0.1
0.1
2.448
1.524
0
0
0
0.1
1.3
0
0.1
1.224
0.1
2.024
0
1.324
0
1.724
1.424
1.224
1.324
1.224
1.224
1.224
3.048
2.548
3.148
1.324
2.448
3.672
2.448
2.448
2.648
1.224
1.224
2.848
1.324
1.524
2.648
3.672
3.772
1.324
2.848
1.624
2.448
2.548
2.548
2.448
2.448
2.548
2.548
3.672
1.224
2.548
4.072
2.548
1.624
2.948
1.324
2.448
1.224
2.548
1.524
3.048
1.324
2.448
2.648
2.848
2.448
2.448
1.324
1.324
2.648
2.448
2.448
2.448
2.448
3.048
1.224
2.448
1.224
2.448
2.548
2.448
3.048
1.224
1.224
1.424
1.224
1.224
2.648
2.548
1.224
2.548
2.548
1.224
1.224
2.448
9.296
5.396
1.324
1.224
1.324
2.448
1.224
2.448
3.672
1.224
2.648
1.224
2.548
2.448
2.448
2.448
2.648
1.224
2.448
1.224
2.548
1.324
1.524
2.748
1.224
1.724
2.448
2.548
1.324
2.748
2.548
2.948
2.648
4.148
3.872
2.748
2.548
2.648
1.224
2.648
4.272
1.424
1.224
3.672
3.772
1.324
1.224
2.448
2.548
2.448
3.672
1.324
3.548
1.224
2.548
2.448
1.524
2.448
2.648
2.848
1.324
2.748
2.548
1.224
2.448
3.448
1.324
2.548
1.424
2.448
1.424
1.324
2.548
2.648
2.748
2.848
3.772
2.448
1.224
2.948
1.224
1.224
1.924
1.224
2.648
1.224
1.224
1.224
1.424
2.548
1.224
2.548
2.448
1.324
2.848
1.224
2.548
2.548
2.748
1.224
2.748
3.672
3.772
2.648
3.448
2.448
2.648
1.224
3.448
3.448
3.872
2.448
2.848
2.548
2.448
1.424
2.748
1.724
1.524
2.448
2.748
2.548
3.872
4.072
2.548
2.448
2.648
2.448
1.324
2.848
2.448
2.548
1.224
2.548
1.224
2.548
1.224
1.224
2.548
2.548
1.524
2.448
1.224
1.424
3.972
1.524
2.448
1.324
4.072
2.448
1.224
4.172
2.748
1.224
1.224
1.324
1.324
2.448
2.548
2.448
2.748
2.548
2.448
4.472
3.248
3.672
2.548
1.224
2.748
2.448
1.224
3.048
2.548
3.672
3.672
1.224
2.648
2.448
1.224
2.548
2.548
2.648
3.672
1.424
2.448
1.224
2.448
3.672
1.424
1.224
2.548
1.224
3.248
2.448
2.548
2.448
2.448
2.748
2.448
1.224
2.848
1.224
2.448
2.648
2.748
2.648
2.548
2.548
2.548
1.324
3.672
2.648
2.648
2.748
2.448
2.648
2.848
1.224
1.224
2.448
2.448
1.224
1.324
1.224
2.448
2.448
1.224
1.224
1.524
1.424
2.548
1.324
2.648
2.548
2.448
2.548
1.324
2.548
2.448
2.448
1.224
1.324
2.448
2.548
1.224
3.672
2.748
2.548
2.548
2.648
2.548
2.548
2.448
2.548
1.424
2.848
2.548
1.624
2.448
1.324
3.972
1.624
3.148
2.448
3.672
2.548
2.548
2.648
1.224
2.648
3.872
2.548
1.224
2.648
1.324
3.048
2.748
2.448
2.548
2.548
3.972
2.648
1.224
1.324
2.548
1.324
1.224
2.448
1.324
2.648
3.872
1.224
1.324
2.448
2.448
2.448
2.448
2.548
1.224
3.772
2.548
4.572
1.424
2.548
4.372
1.224
2.448
2.748
1.524
1.324
1.224
1.324
2.448
2.448
1.224
2.748
2.448
2.648
1.224
2.648
1.224
2.448
2.524
2.548
2.448
3.248
2.648
2.548
4.072
1.524
2.648
1.424
1.224
3.872
2.648
2.548
1.624
2.548
1.324
2.448
1.224
3.672
1.424
1.224
1.224
1.424
3.772
2.448
2.448
2.748
2.448
2.448
2.448
1.324
1.624
1.324
2.648
4.172
1.224
1.224
1.224
2.548
2.448
2.848
2.548
2.748
2.648
1.524
2.648
2.548
1.224
2.448
2.648
2.548
2.448
2.548
1.224
3.972
1.224
2.848
2.448
2.448
1.524
3.548
2.448
3.672
2.548
1.424
2.448
1.224
1.224
1.424
3.772
3.672
1.224
2.648
4.972
1.224
2.748
1.224
2.448
1.224
2.448
1.424
2.548
2.548
1.224
2.448
3.772
3.048
2.848
2.448
2.448
2.448
1.324
1.224
2.448
2.848
2.448
3.672
1.224
1.224
2.548
1.224
3.972
1.324
3.772
2.648
2.548
1.224
1.224
2.548
2.748
2.448
1.424
2.548
2.648
1.224
3.048
2.448
2.848
2.548
3.672
2.448
2.548
1.424
2.448
2.748
1.224
2.448
2.448
1.224
2.648
3.872
2.548
2.448
1.224
1.224
2.448
2.548
2.548
1.424
2.448
3.672
2.548
2.848
2.448
2.948
2.848
1.424
2.448
2.648
2.448
2.448
1.224
2.448
2.448
2.648
2.648
2.448
1.324
2.448
2.448
1.224
2.448
3.772
1.324
2.448
2.448
1.224
2.548
1.324
3.872
4.672
2.648
2.448
2.948
2.448
1.624
2.448
2.548
2.448
1.824
1.224
1.224
1.224
1.424
2.448
2.648
1.324
2.648
1.324
2.548
2.548
2.948
3.148
2.848
1.224
2.748
1.324
2.448
1.324
2.548
1.424
3.772
1.424
2.548
3.972
2.448
2.448
1.224
2.548
2.448
1.324
2.648
1.424
2.548
1.224
4.048
2.648
2.448
2.448
2.748
2.548
1.824
4.148
2.448
2.948
1.324
1.224
2.848
3.672
2.448
2.748
1.324
1.324
1.524
2.448
1.324
3.048
2.448
1.324
1.224
2.448
2.448
2.448
2.648
1.224
2.548
1.224
1.524
1.324
1.424
2.448
1.224
2.948
3.972
1.224
2.648
1.224
2.548
2.648
2.448
2.448
2.948
1.324
2.448
2.548
2.448
2.448
3.672
2.848
4.072
2.448
2.448
2.848
2.748
2.448
2.448
2.448
2.648
1.224
2.448
2.548
2.748
4.672
1.224
2.648
1.224
3.872
2.448
1.324
2.448
1.724
2.848
2.548
2.548
2.448
1.224
1.624
1.224
1.624
1.224
2.748
1.224
2.548
1.224
1.324
2.448
1.224
2.448
1.524
3.672
2.648
1.224
1.724
3.348
1.224
1.324
2.548
1.324
1.224
0.6
1.424
1.224
1.224
1.224
1.224
1.324
1.224
0
1.524
0
1.224
1.224
1.224
1.224
1.224
1.224
2.024
0.2
1.224
0
2.524
0.2
2.448
0.2
2.448
1.724
0
1.224
1.324
0
0
1.324
1.524
1.224
2.448
0
1.224
1.224
2.448
0.1
0
0
0
1.524
0.1
2.548
0
0
0
1.324
1.324
1.224
0
1.224
2.848
0
0
1.324
1.224
1.224
0
0
1.824
1.224
1.324
1.524
1.224
1.224
1.224
0.2
0
1.224
0
0.1
1.324
1.624
0
1.224
1.224
2.448
1.224
1.324
1.224
2.448
1.224
1.224
2.548
0
2.224
1.224
1.224
1.824
1.724
1.824
