1.424
0
1.724
0.1
1.224
3.16
1.224
1.224
1.424
1.224
1.224
2.548
1.324
1.424
1.424
0
0
0
0
0
4.284
4.384
0.1
0
0
0
1.324
1.224
2.448
1.224
0
1.224
0.4
0
0
0
0
0
0.2
0.3
0
4.784
0
0
0
1.224
1.324
0.2
0
2.548
1.224
0.1
2.548
0.1
0.1
0
0.1
0
0
1.724
0.5
0
0
0.3
3.06
0.1
0
0
1.224
0.3
0
1.624
0
1.836
4.884
0.2
0
0.1
0
0
1.624
0
1.224
0
0
0
0
0
0
0.1
0
0
1.224
0
0
1.224
1.324
0
0
0
0.1
0.1
0.2
0
1.224
0.1
1.224
0.3
0
0
1.224
1.224
0
1.224
0.1
2.036
1.224
0.2
0
0.1
0.8
0
0
0.5
0
0
0.1
1.224
0.1
1.724
1.324
0.2
0.1
0
4.484
0.3
1.524
1.324
1.324
1.424
0.1
0
0
1.424
0.1
0
1.424
0
0
0
1.224
0.1
0
1.224
0
0.2
1.224
0
1.524
0.1
0
0
0
1.224
1.324
0
0
0
1.224
0.4
0
0.1
2.448
0
2.448
1.824
0
0
4.484
0.3
0.1
1.724
1.224
2.448
2.548
2.648
2.748
2.648
1.324
2.448
1.324
2.448
1.224
2.648
2.548
2.748
2.448
2.448
0
0.2
2.036
0
1.224
1.224
0.7
0
0
1.224
1.224
0
1.224
0.2
0.4
0
1.836
1.724
0
3.16
0
3.06
0
1.224
1.924
1.224
1.324
1.224
1.224
1.224
1.424
1.224
1.424
1.224
1.224
1.836
1.224
0
1.624
3.06
4.284
1.224
1.836
1.224
3.26
0
1.224
0.1
1.224
0
1.224
0.4
1.224
0
1.224
0
0
1.224
1.836
0
1.224
1.324
2.448
0
0
0
1.224
0
0
1.224
1.224
2.448
0
0
1.224
1.224
0.2
1.224
1.224
0
2.448
1.224
1.224
0
1.424
1.224
1.424
0
1.224
1.224
2.448
4.284
4.284
1.224
0
0.5
0
1.224
0
1.224
0.1
1.224
0
1.224
0
0
0
0
0.1
0
0
0.2
0
0
1.224
0
0
1.224
0
2.448
0
2.448
1.224
0
1.424
1.624
0
0
0
0
0
0
0.1
0
0
3.26
3.06
0
0
0
1.624
0
1.224
1.224
0.5
1.224
0.1
1.524
1.224
1.224
1.224
1.324
2.448
1.224
0.1
2.024
0
1.936
0.1
1.224
0
2.548
2.548
0
1.224
1.224
1.224
0
0.2
1.224
1.836
1.224
1.224
1.224
1.324
1.224
0
0
0.3
0
0
0.1
1.224
1.424
0
0
0
0
1.224
1.324
0.1
0.1
0
1.224
0.5
0
0.2
2.448
1.836
1.324
0
0
1.324
3.16
0
1.324
1.224
4.284
1.324
1.224
2.548
1.224
0.7
1.224
0
3.06
1.524
0
0.1
0
1.224
0
4.284
3.06
1.324
0.3
1.324
2.548
1.836
1.224
2.648
1.224
0
1.224
1.224
0.3
2.548
0
0
1.224
1.324
1.224
1.224
3.26
0
1.224
0
3.06
0
1.224
2.548
3.06
0
1.836
0
1.424
0
1.224
3.26
0
1.224
1.424
1.324
1.224
1.224
0.2
1.324
0.1
0.1
1.924
3.26
0
1.624
0
0
0
1.424
1.324
0
1.836
0.1
0.2
1.224
0
0
0.2
0.1
0
1.324
0
0
1.224
0
0
3.26
1.324
1.224
3.06
0
2.448
2.548
1.224
1.836
1.324
0.3
1.224
0
1.224
3.16
0.4
0
1.224
0
1.224
1.224
3.06
1.224
1.224
1.936
1.324
1.224
0
1.524
1.224
0
2.448
0
2.548
1.424
1.224
3.06
0
1.224
1.224
1.424
1.224
0
1.224
1.224
0.1
1.324
0
0.2
1.324
0.3
1.224
0
1.224
1.524
3.16
2.448
0
1.224
0.2
1.324
1.324
0.1
1.836
1.224
1.324
1.224
0
0.1
0
0.1
0
1.324
3.06
3.16
1.324
4.484
1.224
1.224
0
1.224
0
1.224
3.06
0
2.448
1.224
0.4
1.324
0
1.324
0
0
3.06
1.224
0
0.1
1.324
1.324
1.224
3.06
1.624
0
0
1.224
1.224
3.06
1.224
0
0
1.324
0
1.224
0
3.26
1.324
0
0
0
0.1
2.848
1.836
0
1.524
0.1
0
0.2
1.224
1.224
0
0
0.1
1.324
0
0
2.648
1.424
0
0
1.224
1.224
3.06
1.224
1.224
3.06
0.1
0
2.448
0
2.448
1.836
0
2.648
0
1.324
0.2
0
1.224
1.224
0
0
0
2.448
2.448
4.284
2.448
0
0
1.324
0
2.448
3.06
3.26
1.224
0
0
1.324
0
1.224
2.448
1.324
1.224
1.324
0
1.224
1.424
1.424
1.424
0
0
2.036
0
2.448
0
2.448
1.224
1.224
0.1
1.224
1.836
0.1
0.1
1.224
0
0
0.1
2.448
1.224
2.448
1.224
0
0
2.448
3.16
0.2
1.424
3.06
0
1.424
0.1
1.224
0
0
1.224
0
1.424
1.224
0
0.2
1.224
1.424
0
0
0
1.936
1.224
1.224
0
3.46
1.224
0.4
2.448
0
3.16
1.224
3.16
1.524
0
2.448
1.224
1.424
1.224
1.224
1.224
1.224
1.224
1.224
0
0.1
2.448
0.1
1.224
1.224
1.324
1.224
0.5
1.424
0
1.324
0
2.448
1.224
0
1.224
4.284
0
4.384
1.836
1.424
1.324
0
0
0
0
1.224
2.448
1.324
0
1.224
1.224
1.224
0
0
3.06
1.224
1.224
0
0.2
0
4.284
2.548
0
0.1
0
2.448
3.06
0.1
0
3.06
1.324
3.06
1.224
1.224
1.836
1.524
0
1.224
1.324
1.224
2.648
1.324
1.224
2.448
0
0
1.224
1.224
2.648
0
3.06
1.324
3.06
3.06
0
0.1
1.224
0
1.224
0
0
1.324
3.06
0
3.06
0
0
0
0
0
0
0
1.224
1.324
1.224
1.224
0
1.836
0
1.224
0
1.224
1.324
0
2.648
1.524
1.224
0
1.224
2.448
4.384
1.224
0
1.424
0.1
2.448
1.424
1.224
2.448
2.448
0
1.224
3.16
1.224
2.848
0.5
1.224
0
3.16
0
2.448
1.324
1.836
1.224
2.548
0
1.224
0
1.224
2.648
1.224
1.424
0
0
0
0
0.1
1.224
1.224
1.224
0.1
0.1
0
0
0.2
1.324
1.224
0
0.2
0
1.224
0
1.324
1.224
0
4.584
4.284
1.936
1.936
0
1.324
1.724
1.224
2.448
0.1
1.224
4.384
1.224
2.648
0
1.724
1.324
2.848
0
1.224
1.224
0.3
1.224
1.224
1.224
4.284
4.284
4.284
2.448
2.448
1.324
1.224
2.548
2.548
2.448
1.324
0.1
0
1.324
0
0
1.224
0
0
0
4.484
1.224
3.36
1.224
0.2
0
0
3.16
2.448
3.06
1.836
1.836
1.936
2.448
2.648
6.832
4.284
4.384
4.284
0
4.284
2.448
1.224
2.548
0
2.448
2.548
2.448
2.448
2.548
1.224
2.648
1.224
1.224
1.224
2.448
0.1
0
1.224
1.724
1.524
3.16
2.448
0
2.448
0
1.324
1.224
0
4.284
0
0.5
3.06
1.424
0
1.224
1.224
1.424
1.224
0.1
0
3.26
1.324
0
0.2
1.224
0
0
1.324
1.224
1.224
0
0
0.4
1.424
0.2
1.424
1.224
1.224
1.224
0
1.224
0
1.224
1.224
0
0.1
1.224
0
1.224
0
0.1
0
1.224
1.224
1.224
2.324
1.224
1.224
1.224
1.324
0.3
1.224
0
1.224
1.424
1.324
0.1
0
1.836
1.424
2.448
2.948
2.548
1.624
2.548
1.324
3.16
1.224
1.324
1.424
1.224
2.748
1.524
2.448
2.648
1.224
3.872
3.772
2.448
1.324
2.648
2.548
2.448
1.224
2.448
2.648
2.548
2.648
1.224
2.448
2.548
1.424
4.284
2.648
2.548
2.548
1.224
2.648
2.448
3.148
1.224
2.548
2.448
1.524
3.26
1.224
1.224
2.548
2.748
1.224
2.648
3.672
2.448
1.224
2.748
2.448
2.548
2.548
1.224
2.448
2.548
2.548
4.384
2.448
2.548
2.548
2.548
2.448
1.424
2.448
2.548
1.224
2.448
1.224
2.548
1.224
1.224
2.748
9.732
1.524
1.224
2.448
2.448
2.448
2.448
1.224
2.448
1.424
1.224
2.448
2.448
1.224
2.848
1.324
2.948
3.672
2.848
2.548
2.648
2.448
1.624
1.224
2.448
2.548
2.748
2.548
1.524
2.448
1.524
1.324
1.224
1.224
1.324
2.548
2.448
1.224
2.448
2.448
2.448
1.224
2.448
2.748
1.224
3.672
2.448
2.448
2.848
2.648
2.448
1.724
1.224
2.648
1.224
1.524
2.648
3.772
2.648
2.448
2.748
2.448
1.324
2.448
1.224
4.996
2.448
2.548
2.448
1.324
1.424
1.324
2.748
1.324
1.224
2.448
2.548
3.672
2.448
2.548
1.224
2.748
1.224
2.448
2.448
2.448
4.384
2.448
1.224
1.224
4.784
1.324
2.448
2.448
2.448
2.748
2.848
1.424
2.448
1.324
2.548
1.224
1.224
1.224
2.448
1.924
1.424
1.224
1.224
3.26
1.224
2.648
2.448
1.324
2.648
2.648
1.224
2.548
1.224
1.324
1.324
3.772
1.324
2.548
1.324
3.16
1.724
1.224
2.648
3.672
1.224
3.672
2.548
2.448
2.448
2.648
1.424
2.548
2.548
2.448
2.648
2.548
2.748
2.448
5.508
2.448
1.324
2.448
3.06
1.224
2.448
2.448
2.448
1.424
2.448
1.324
1.224
1.324
1.224
1.224
2.848
1.724
3.772
1.224
2.548
4.384
1.224
2.448
2.948
1.224
1.324
2.448
3.672
1.324
2.648
3.672
4.072
1.324
2.548
1.224
2.448
1.224
2.448
1.324
1.324
2.448
2.448
2.448
2.448
1.524
2.548
1.224
1.224
1.224
2.648
2.548
2.548
1.424
2.448
4.284
1.224
1.324
1.424
1.224
1.324
4.284
2.448
1.224
1.524
2.448
1.424
1.224
1.224
1.324
3.872
2.448
1.224
2.648
2.448
2.748
2.448
2.548
1.224
2.448
2.448
2.548
3.06
1.424
2.448
1.624
1.324
2.448
1.224
2.448
1.324
2.448
1.224
2.448
2.448
2.548
2.448
2.448
1.224
2.548
1.224
1.424
2.548
2.548
1.224
2.448
1.624
1.224
1.524
1.224
3.06
1.224
2.448
2.548
4.884
2.448
3.772
1.224
2.648
1.324
1.624
1.224
2.548
3.06
3.772
2.448
1.524
2.648
1.624
1.224
2.548
3.872
3.672
1.324
1.324
2.448
2.548
1.224
1.324
2.648
3.06
3.672
1.324
2.448
2.448
2.548
2.448
1.424
1.224
2.448
3.672
2.548
3.06
3.872
3.248
2.648
1.224
2.448
2.448
1.224
2.448
1.324
1.224
2.448
2.648
2.548
1.324
4.584
2.548
1.324
2.448
1.224
2.848
2.448
2.448
3.26
1.324
2.448
1.424
2.748
2.548
2.448
2.848
1.324
2.448
2.448
2.848
1.224
2.448
2.448
2.548
2.448
1.424
2.548
1.224
2.548
7.132
3.06
2.448
1.224
2.448
2.448
1.224
2.448
1.224
1.324
1.524
1.524
2.548
1.224
1.424
3.672
1.224
2.548
1.424
2.448
2.748
2.448
1.524
1.324
2.448
1.324
1.324
2.448
1.224
2.748
1.224
1.324
1.324
1.224
1.224
2.448
2.648
2.548
1.224
2.648
1.524
2.448
2.448
1.424
2.448
1.224
2.448
2.548
1.324
1.324
1.224
1.224
2.448
4.584
2.448
1.224
2.448
1.224
2.548
1.324
2.448
2.448
2.648
2.448
2.448
2.448
2.748
2.548
1.224
1.224
2.548
2.648
2.448
1.324
1.224
1.224
2.448
2.448
2.548
1.424
2.448
1.824
3.248
1.324
2.648
1.224
5.508
2.448
1.424
1.224
5.508
2.448
2.448
1.224
2.448
1.224
1.224
1.424
2.548
4.484
1.224
1.524
2.748
2.648
1.324
2.448
1.224
1.224
1.524
2.648
2.748
2.748
2.548
2.448
2.448
1.224
2.648
2.548
2.648
1.324
1.224
1.224
1.524
2.448
2.548
4.072
2.648
3.672
2.648
2.448
2.448
1.324
2.448
1.224
1.224
1.324
1.224
2.448
2.448
1.224
2.448
1.224
1.324
2.448
2.448
2.448
2.448
1.224
2.448
1.324
2.024
1.224
1.224
1.224
1.324
2.848
2.448
2.448
1.324
3.772
2.648
1.224
2.548
2.548
4.384
1.424
3.26
1.324
1.224
1.424
2.648
1.424
1.424
1.324
1.524
1.324
2.448
1.224
2.548
1.224
2.448
4.484
3.872
1.224
3.16
1.224
1.224
2.548
2.448
1.224
2.548
1.524
2.448
2.548
6.932
2.124
2.748
2.548
2.548
1.224
1.824
1.824
1.824
2.448
4.484
2.448
1.224
2.548
1.424
2.448
1.324
1.324
2.548
3.26
2.548
2.648
4.172
2.448
2.548
2.448
3.06
2.748
1.324
3.972
3.672
1.224
2.448
2.548
2.548
2.448
1.224
2.648
3.772
1.424
2.448
1.424
2.548
1.224
2.448
4.284
1.224
4.072
3.872
1.224
1.224
1.224
2.448
2.548
3.772
2.848
2.448
2.448
4.784
1.724
4.284
1.224
2.448
2.548
2.548
1.224
1.324
2.548
1.724
1.224
2.548
2.448
2.648
1.224
2.448
1.224
2.748
2.648
2.648
2.448
2.648
2.648
2.748
2.448
2.648
1.224
5.708
2.448
2.648
2.448
2.448
1.224
5.608
1.324
5.296
3.06
0
0
0
0.1
0
1.224
0
0.1
0
1.724
0
2.448
0
0
0
0
1.224
1.836
0.1
3.772
0
1.224
0
2.548
1.836
0
2.736
1.224
1.224
3.06
1.424
1.324
0.2
1.524
0
1.624
2.448
3.06
0
1.224
1.224
0
0
0
1.836
3.26
0
0.3
0
3.06
1.836
2.548
0
1.224
1.224
1.324
1.324
0
0
1.224
0
1.224
1.224
1.224
1.524
1.224
2.448
1.324
0
1.224
2.448
1.224
1.624
1.224
2.548
1.324
0
1.224
2.448
0
2.448
2.448
1.224
1.224
1.224
1.324
2.448
1.324
2.448
0
1.324
0.1
1.224
1.836
1.224
0
1.224
0
2.224
1.324
0
1.624
0.3
1.324
