0.1
0
1.724
0
1.224
1.224
1.224
1.224
1.324
1.224
1.224
2.548
1.324
1.424
1.524
0
0
0
0
0
1.224
1.324
0.1
0
0
0
0
0
1.224
0
0
1.224
0.4
0
0
0.1
0.1
0
0.1
0
0
1.824
0
0
0.1
1.224
0
0.2
0.1
1.224
1.224
0
1.424
0.1
1.02
0
0
0
0.1
1.524
0.2
0
0
0.3
0.1
0.2
0.1
0
1.324
0.3
0.1
1.524
0.1
0.1
1.624
0.2
0
0.1
0
0
1.424
0.1
1.224
0
0
0
0
0
0
0.2
0
0
0
0
0
1.324
1.324
0
0
0
0.1
0
0.5
0
0
0
0
0.3
0
0
0.1
0
0
1.224
0.1
0.2
0
0.1
0
0
0.7
0
0
0.1
0
0
0
1.224
0.1
1.624
0.2
0.3
0.1
0
1.224
0.1
1.224
1.324
1.624
0.2
0
0
0
1.424
0
0
1.424
0
0.1
0
1.224
0
0
0
0.1
0.2
0
0.1
0.2
0.1
0.1
0
0
0
0.1
0
0
0.1
0
1
0
0.2
1.224
0.1
1.224
2.844
0
0
2.344
0.2
0.1
1.424
1.324
2.548
1.324
2.648
2.948
2.548
1.424
2.448
1.224
2.448
1.224
2.948
2.448
2.648
2.548
1.324
0
0
0.2
0
0
0.1
0.4
0
0
1.324
1.224
0
1.324
0
0.1
0
0
0.8
0
0.1
0
0
0
1.224
1.724
1.224
1.324
1.324
1.224
1.224
1.224
1.224
1.324
1.224
1.224
0
1.224
0
1.924
1.224
0
1.224
0
1.524
1.324
0
0
0.1
0
0
1.224
0.3
0
0
0.1
0
0
1.224
0
0.1
1.224
1.424
1.224
0
0.1
0
1.224
0
0
1.224
0
1.224
0
0
0
1.224
0
0
1.224
0
1.224
0
0
0
1.424
1.224
1.324
0
1.224
1.224
1.324
1.224
1.224
1.224
0
0.2
0
0
0.1
0
0
0
0
0
0.1
0
0
0
0
0.1
0
0
0
0
1.224
0
0
1.224
0
1.224
0
1.224
0
0.1
0
0
0
0
0
0
0
0
0.3
0
0
1.324
1.324
0
0
0
0.1
0
0
1.224
0.5
0
0.2
1.624
1.224
1.324
0.4
0
1.324
0
0.2
0.7
0
0
0
0
0
2.448
2.648
0
1.224
1.224
1.224
0
0
1.224
0.1
1.224
1.224
1.224
0
1.224
0
0
0.1
0
0
0.2
1.224
1.424
0
0
0
0
1.224
1.524
0
0.1
0
1.224
0.4
0
0.1
2.448
0
0
0
0
1.224
1.224
0
1.224
1.224
1.224
1.224
1.224
1.224
1.224
0.4
1.224
0.1
0
0.1
0.1
0.1
0
0
0
1.224
1.224
1.324
0.2
0
1.324
0
1.324
1.324
1.324
0.2
0
1.224
0.1
1.324
0.1
0
0.2
1.224
0.1
1.224
0
0
0.1
0
1.224
0
1.224
1.224
1.324
0
0
0
1.224
0
0
0.1
0
0
1.524
1.224
1.224
1.224
0.1
1.224
0
0
1.724
0.1
0
1.424
0.2
0
0
1.324
1.224
0.1
0
0
0
1.224
0
0
0
0
0
1.224
0
0.1
1.224
0
0
1.224
1.224
0
0
0
1.224
1.324
1.224
0
1.324
0
0
0
1.224
1.224
0.3
0
0
0
1.224
1.224
1.224
1.224
1.224
0
1.224
1.224
0
0.1
1.224
0
1.224
0
1.324
1.324
1.224
0
0
1.224
1.424
1.424
1.224
0
1.224
0
0
1.224
0.1
0.1
1.224
0
0.1
0
1.224
1.324
1.524
1.224
0
0
0
1.324
1.224
0
0
1.224
1.424
1.324
0
0.1
0
0
0
0
1.224
0.1
1.324
1.324
1.224
1.224
0
1.224
0
1.224
0
0
1.224
1.224
0.3
1.324
0
1.224
0
0
1.324
1.224
0
0
1.224
1.324
1.224
0
0.1
0
0
1.224
1.224
0
1.224
0
0
0
0
1.324
0
0.3
1.224
0
0
0
0.2
1.324
0
0
0.2
0
0
0.2
1.324
1.224
0
0
0.1
1.224
0
0.2
1.224
1.224
0.1
0
1.224
0
1.224
1.224
0
1.224
0.1
0
1.224
0
1.324
0
0
1.324
0
0
0.3
0
1.224
0
0
0
0
1.224
1.224
1.224
1.224
0
0.1
1.624
0
1.424
1.224
0
1.224
0
0
1.324
0
1.224
1.224
1.324
1.224
1.324
0
1.224
1.424
1.324
1.324
0
0
0.2
0
1.224
0
1.224
1.224
1.224
0
1.324
0
0
0
1.224
0.1
0
0.1
1.224
1.224
1.224
1.324
0
0.1
1.224
0
0
1.324
1.224
0
1.224
0
1.224
0
0
0
0
1.224
1.224
0
0
1.324
1.324
0
0
0
0
0
1.224
0
0.5
1.224
0.1
1.224
0
1.224
1.224
1.224
1.224
0
1.224
0
1.324
0.1
1.224
1.224
1.224
1.224
1.224
0
0
1.224
0.1
1.224
1.224
1.324
1.224
0.6
1.324
0
0
0.1
1.224
1.224
0
1.224
1.224
0
1.224
0
1.324
1.224
0
0
0
0
1.224
1.224
1.324
0
1.224
1.224
1.224
0
0
1.224
1.224
0
0
0.1
0.1
1.224
1.324
0
0
0
1.224
0
0
0.1
1.224
0
1.224
1.224
1.224
0
0.2
0
1.224
1.324
0
1.324
1.324
1.224
1.224
0
0
1.224
1.224
1.324
0
1.224
1.224
0.1
1.224
0
0
0
0
1.224
0
0
1.224
1.224
0
1.224
0
0
0.1
0
0
0
0
1.424
1.224
1.224
1.224
0.1
0
0
1.324
0
1.224
1.224
0
1.224
1.224
0
0
1.224
1.224
1.224
1.224
0
1.324
0.1
0
1.524
0.1
1.224
1.224
0
1.224
1.224
1.224
1.224
0.3
0
0
1.224
0
1.324
1.224
0
1.224
1.224
0
0
0.2
1.224
1.224
1.224
0
0
0.1
0
0
0.1
1.324
0
0
0.1
0.1
0
0
0.2
1.324
1.224
0
0.1
0
1.224
0
1.324
1.224
0
1.224
1.224
0
0
0
1.224
1.224
1.224
1.224
0
1.424
1.524
1.224
1.724
0
1.224
1.424
1.524
0.1
1.324
1.224
0.2
1.324
1.224
1.224
1.224
1.224
1.224
1.224
1.324
1.224
1.224
1.224
1.224
1.224
1.224
0.2
0
1.224
0
0
0
0
0
0
1.224
1.224
1.324
1.224
0.1
0
0
1.324
1.224
1.224
0
0
0
2.448
2.648
2.448
1.224
1.224
1.224
0
1.224
1.224
0
1.224
0
1.224
1.224
1.224
1.324
1.224
1.224
1.224
1.224
0
0
1.224
0.1
0
1.224
1.724
1.324
0
1.224
0
1.224
0
1.324
1.224
0
1.224
0
0.2
0
0.2
0.1
1.224
1.224
1.524
1.224
0.1
0
0.1
2.744
0.1
0.1
1.324
0
0
1.224
0
0
0
0
0.3
1.324
0.1
1.224
0
0
1.324
0
1.224
0
1.224
1.224
0
0
0.1
0.1
1.224
0
0
0
1.324
1.324
1.324
2.524
0
1.224
0
1.324
0
0.1
0
0
1.424
1.224
0.1
0
0
1.224
2.448
2.748
2.548
1.324
1.224
1.324
1.224
1.224
1.224
1.424
1.224
3.568
1.524
2.548
2.648
1.224
2.448
2.448
2.448
1.324
2.548
2.448
2.748
1.224
1.224
2.548
2.648
2.548
1.224
2.448
2.548
1.324
1.224
2.848
2.448
2.448
1.224
2.548
1.324
2.948
1.324
2.448
2.448
1.524
1.224
1.224
1.224
1.224
1.324
1.224
2.648
2.448
2.448
1.224
2.748
2.448
2.448
2.448
1.224
1.224
2.548
1.424
2.748
2.548
2.748
2.548
2.548
2.548
1.424
2.548
2.748
1.324
2.448
1.224
1.224
1.224
1.224
2.748
2.848
1.724
1.224
1.224
2.448
1.224
2.548
1.224
2.448
1.424
1.324
2.448
1.224
1.224
5.968
1.224
2.948
2.448
2.848
2.748
1.224
2.448
2.744
1.224
1.324
2.548
2.448
2.648
1.724
2.448
1.624
1.324
1.224
1.224
1.224
1.224
1.324
1.524
2.448
2.448
2.448
1.224
2.648
3.768
1.224
2.448
2.448
1.224
2.748
1.424
2.448
1.624
1.224
2.548
1.224
1.524
2.648
2.648
2.548
2.448
2.848
2.548
1.924
2.448
1.224
2.548
1.224
2.648
2.448
1.224
1.424
1.324
1.324
1.224
1.224
2.548
2.448
2.448
2.548
2.848
1.224
2.848
1.224
2.448
2.448
1.424
2.448
2.448
1.224
1.224
3.968
1.224
2.448
2.448
2.448
2.548
2.948
1.324
2.648
1.324
2.448
1.324
1.224
1.224
2.448
1.624
1.424
1.224
2.344
1.224
1.224
2.548
2.448
1.324
2.648
2.448
1.224
1.224
1.224
1.224
1.324
2.448
1.324
2.548
1.224
1.424
1.524
1.224
2.548
2.448
1.324
2.548
2.848
3.568
2.448
2.648
1.324
2.748
2.448
2.548
2.548
2.448
2.548
2.648
2.748
2.448
1.224
2.448
1.224
1.224
2.448
2.548
2.448
1.424
1.324
1.224
1.224
1.524
1.224
1.224
2.548
1.324
2.448
1.324
2.648
1.424
1.224
3.468
2.848
1.224
1.224
1.224
2.448
1.224
2.748
2.448
2.448
1.224
2.648
1.224
2.748
1.224
2.448
1.224
1.224
2.448
2.548
2.648
2.548
1.524
2.548
1.224
1.224
1.224
2.848
2.448
2.548
1.424
2.548
2.448
1.324
1.324
1.524
1.224
1.224
2.448
2.548
1.424
1.524
2.448
1.224
1.224
1.224
1.324
2.448
1.224
1.224
2.648
2.448
2.848
2.448
1.224
1.224
2.448
2.448
2.448
1.224
1.324
2.548
1.724
1.224
2.448
1.224
2.448
1.224
2.448
1.224
2.448
2.448
2.448
2.448
2.448
1.324
2.648
1.224
1.224
2.548
2.548
1.224
2.448
1.224
1.224
1.324
1.224
1.224
1.224
2.748
1.224
2.648
2.648
2.448
1.224
2.848
1.224
1.324
2.244
2.448
1.224
2.648
2.448
1.624
2.448
1.424
1.224
1.324
2.648
2.448
1.224
1.224
2.448
2.548
1.224
2.444
2.748
1.224
1.224
1.324
1.224
1.224
2.548
3.468
1.324
1.224
2.448
2.448
2.648
1.224
2.548
2.948
2.648
1.224
2.448
1.324
1.224
2.448
1.324
1.424
2.548
2.448
2.548
1.224
2.748
2.548
1.324
2.448
1.224
1.324
1.224
2.448
1.324
1.324
2.448
1.424
1.224
2.448
1.424
2.448
1.324
2.448
2.448
2.748
1.224
2.448
2.448
2.548
2.448
1.224
2.548
1.224
2.748
2.748
1.224
2.448
1.224
1.224
2.448
1.224
2.448
1.224
1.324
2.744
2.844
2.548
1.224
1.224
2.448
2.244
2.448
1.224
2.448
1.524
2.748
1.224
1.324
2.548
1.224
1.324
2.448
1.224
2.548
1.224
1.324
1.224
1.224
1.324
2.448
1.324
1.324
1.224
2.548
1.324
2.448
1.224
1.324
2.448
1.224
2.448
2.448
1.324
1.224
1.224
1.224
2.448
2.948
2.448
1.224
2.448
1.224
2.448
1.224
2.448
2.448
2.448
2.448
1.224
2.448
2.548
2.448
1.224
1.224
2.448
2.448
1.224
1.224
1.324
1.224
1.324
2.448
2.448
1.224
2.448
1.424
2.848
1.224
2.648
1.224
2.448
2.448
1.324
1.324
2.548
2.448
2.448
1.224
2.448
1.224
1.224
1.324
2.448
2.448
1.224
1.424
2.548
2.548
1.424
2.448
1.224
1.224
2.544
2.748
2.748
2.548
2.548
2.448
1.224
1.324
1.424
1.224
3.568
1.324
1.224
1.424
1.224
2.448
2.648
2.748
2.448
2.548
2.448
2.448
2.448
2.444
2.548
1.224
1.224
1.324
1.224
2.448
2.448
1.224
2.648
1.324
1.224
2.448
2.448
1.224
2.448
1.324
2.448
1.324
2.324
1.224
1.424
1.224
1.524
2.948
2.448
1.224
1.224
2.648
2.648
1.224
2.548
2.448
2.548
1.524
1.324
1.224
2.244
1.224
2.748
1.224
1.324
1.224
2.544
1.724
2.448
1.324
2.448
1.224
2.748
2.448
2.448
1.324
1.224
1.224
1.324
2.448
2.448
2.244
2.548
1.224
2.548
2.448
2.448
1.924
2.648
2.648
1.324
1.224
1.324
1.524
1.524
1.224
2.948
2.448
1.224
2.448
1.224
1.324
1.424
2.344
2.648
1.324
2.448
2.748
2.948
2.448
2.448
2.448
2.344
2.548
1.224
2.648
2.548
1.324
2.448
2.448
2.448
2.448
1.224
2.648
2.548
1.224
2.448
1.324
3.468
1.324
2.748
1.224
1.224
2.448
2.548
1.224
1.224
1.224
2.448
2.548
2.448
2.648
2.648
2.748
3.768
1.424
1.224
1.224
2.448
2.648
2.748
1.224
1.424
2.448
1.524
1.224
1.224
2.448
1.324
1.324
2.448
1.224
2.948
2.648
2.448
3.468
2.848
3.548
2.948
1.224
2.448
1.224
2.548
2.448
2.448
2.448
2.548
1.224
2.448
1.324
2.648
1.224
0
0
0
0.3
0
1.224
0
0.1
0
0.7
0
1.224
0
0
0
0
0
0
0
1.224
0.1
0
0
1.224
0
0
0.8
0
1.224
0
1.224
1.424
0.5
1.324
0
0.3
1.224
1.224
0
1.224
1.224
0.1
0.1
0
0
0.1
0
0
0
0
0
1.224
0
0
1.224
0
1.324
0
0
0
0
0
0
0
0
1.224
1.224
0
0
1.324
1.224
0
1.224
0.1
1.324
1.424
0
0
1.224
0
1.224
1.224
1.224
1.224
0
0
1.224
1.324
1.224
0
1.224
0
1.224
0
1.324
0
1.224
0
0.2
0.1
0
0.4
0.1
0.2
