1.836
0.3
0.9
0.5
0.1
1.836
0.1
0
0
0
0.2
0
0
0.4
0.3
0
0
0
0
0.1
2.036
1.936
0
0
0.2
0
0.1
0.1
0
0.1
0.1
0
1
0.1
2.036
2.136
1.836
1.836
1.936
2.036
1.936
4.272
1.836
1.836
1.836
2.856
1.936
1.936
1.936
1.936
1.836
1.836
2.536
1.836
1.836
1.836
1.836
1.836
1.836
3.556
2.836
2.336
1.836
2.436
4.072
2.136
1.936
2.036
2.956
2.736
2.036
2.136
2.436
3.872
4.972
2.636
1.836
3.056
1.836
1.836
2.036
1.836
1.836
1.836
1.836
1.836
1.836
1.836
1.836
2.036
1.936
1.936
1.836
1.836
1.836
2.956
3.056
1.836
1.936
1.836
1.836
1.936
2.236
1.836
1.836
1.836
1.836
2.336
1.836
1.836
1.936
1.836
1.836
1.836
1.936
9.192
1.936
2.036
1.836
1.836
3.136
1.936
1.836
1.936
1.836
1.836
1.836
1.836
1.836
2.436
2.136
1.836
1.936
1.836
3.872
2.236
3.056
1.936
1.936
2.436
1.836
1.836
1.836
1.836
1.836
1.836
2.856
2.036
1.836
1.836
1.836
1.836
1.936
1.936
2.036
2.136
2.136
1.836
2.436
1.836
1.836
1.836
1.836
1.836
2.136
1.836
1.836
1.836
1.936
3.536
1.836
1.836
1.836
1.836
1.836
2.536
2.136
1.836
3.672
1.936
2.236
2.036
1.836
1.836
2.136
2.236
2.136
1.936
1.836
1.836
2.236
1.836
1.936
2.836
1.836
1.936
1.936
1.936
0
0.2
1.836
0
0
0
0.4
0
0
0.1
0.3
0
0
0.1
0.1
0
1.836
1.9
0
2.336
0
1.836
0
0.1
0.4
0.1
0
0.3
0
0
0.2
0
0.2
0
0
1.836
0.1
0
1.1
1.936
1.836
0.3
1.936
0.6
2.036
0.1
0
0
0
0
0
1
0
0
0
0
0
0.1
1.836
0
0.1
0
0
0
0.1
0.2
0
0
0.1
0
0
0
0
0
0
0
0
0
0
1.836
0
0
0
0
0.2
0
0.2
0
0
0
0.1
1.836
1.836
0
0
0.6
0
0
0
0
0
0
0.1
0.1
0
0
0.1
0
0.2
0.1
0
0
0.2
0
0.2
0
0
0.1
0
0.1
0
0.1
0
0.1
0.1
0
0.2
0
0
0
0
0
0.8
0.1
0
2.136
1.936
0
0
0
0.9
0
0
0.1
0.6
1.02
0.3
0.6
0.1
0.3
0.3
0
0
0.1
0.4
1.9
0
2.036
0
1.936
0
0
0.1
0
0
0
0.1
0.1
0
0
1.936
0
0
0
0.1
0.1
0
0
0.7
0
0
0.1
0.3
0.7
0.1
0
0
0
0.1
0.1
0
0.2
0
0
0.8
0
0.2
0
1.836
0
0
0
0
2.136
0
0.1
0.1
1.836
0
0
0.2
0
0.8
0.2
0.1
1.836
0.3
0.1
0.1
0
0.1
0
1.936
1.936
0.1
0.6
0
0
1.836
0
0.7
0.2
0
0
0.1
0.3
0.3
0.2
0
0.5
0.2
0.2
0
2.036
0
0.1
0
1.836
0
0
0.2
1.836
0
1.836
0
0.5
0
0
2.136
0
0
0.5
0.1
0
0
0.3
0
0
0.1
0.9
2.536
0
0.5
0.6
0
0
0.2
0.1
0.1
1.836
0.4
0.2
0.1
0
0
0.1
0.3
0
0
0
0.1
0
0
0
2.136
0.2
0
1.836
0
0
0.1
0
1.936
0.1
0.3
0
0.1
0.1
1.836
0.7
0
0
0
0
0
1.836
0
0.2
2.036
0
0
0
0.7
0
0
0
0
0.2
0.6
0
1.836
0
0
0.1
0.3
0
0
0
0
0.1
0.1
0.3
0
0.1
0
0.1
0
0.1
0.4
2.336
0
0.1
0
0.1
0
0
0.1
1.936
0
0.2
0
0
0.3
0.2
0
0
0
1.836
2.136
0.1
2.036
0
0
0.1
0
0
0.1
1.836
0
0
0
0.7
0.1
0
0
0
0
1.836
0
0.1
0
0.1
0.1
0
1.836
0.4
0
0
0
0
1.836
0
0.1
0
0
0
0
0.3
1.936
0.1
0
0
0
0.1
0.2
1.836
0
0.3
0
0
1.1
0.2
0
0
0.1
0.1
0
0
0.3
0.4
0
0.1
0
0.1
0.1
1.936
0
0
1.836
0
0.1
0
0
0.1
1.836
0
0.1
0
0
0.2
0
0
0
0
0
0.2
0
0
1.836
0.2
0
0
0.4
0.2
0.1
1.836
1.936
0
0
0
0.1
0
0
0
0.3
0.1
0.2
0
0
0.1
0.3
0.2
0
0.1
2.136
0
0
0.1
0
0.3
0.1
0
0.2
1.836
0
0
0
0
0
0.1
0
0
0
0.2
0
0.1
0
1.936
0
0.1
1.936
0
0.1
0
0
0
0
0
0.1
0.3
0
0
0
0.3
0.1
0.1
0
0
1.836
0
0
0.1
2.836
0
0.2
0
0
1.936
0
1.836
0.3
0.1
0.1
0
0.2
0.1
0
0
0
0
0
0
0.2
0.1
0.2
0
0
0
0.1
0.7
0.2
0
0.2
0
0
0
0
0.2
1.836
0
2.036
1.836
0.5
0.4
0
0
0
0
0
0
0
0
0
0
0.2
0.2
0
1.836
0
0.2
0
0.2
0.1
1.836
0.3
0
0.2
0
0.3
1.836
0.1
0.2
1.936
0
1.836
0.1
0
1.836
0
0
0.1
0.1
0
0.3
0.1
0
0.2
0
0
0
0
0.2
0.1
1.836
0
2.036
1.836
0
0
0
0
0.1
0
0
0.1
1.836
0
1.836
0
0
0
0
0
0
0
0
0.1
0
0
0
1.836
0.1
0
0
0.1
0
0
0
0.3
0
0
0
0.1
1.836
0.4
0
0.2
0.1
0
0.2
0.1
0
0
0.1
0
1.836
0.1
0.5
0.6
0
0
1.936
0
0
0
1.936
0
0
0
0.1
0.1
0
0.2
0
0.2
0
0
0
0
0
0
0
0.1
0.1
0.1
0
0.1
0.1
0.2
0
0
0.2
0
0
0
0.1
0.1
0
1.936
1.836
1.936
1.836
0
0.2
0.4
0.1
0
0
0
2.136
0
0.4
0
0.6
0.1
0.1
0.1
0.1
0
0.4
0
0.1
0
1.836
1.836
1.836
0.2
0.2
0
0
0
0.3
0.1
0.1
0.3
0
0
0
0
0
0
0
0.1
2.436
0
2.036
0
0.3
0
0
1.836
0
1.836
1.836
2.036
1.936
0
0.2
1.936
1.836
1.836
1.836
0.2
2.036
0
0
0.1
0
0
0.3
0.1
0
0
0.2
0.5
0.1
0
0
0.2
0.1
0
0.2
0.8
0.3
2.236
0.1
0
0
0
0.6
0.1
0
1.836
0
1
1.836
0.3
1.836
0.1
0
0.3
0
0.3
0
2.036
0.1
1.02
0.1
0
0.1
0
0
0
0
0.1
0.1
0.9
0.1
0.1
0
0.1
0
0.3
0
0
0
0.1
0
0.1
0.3
0.1
0
0
0
0
0
0
0
0
1.6
0
0.3
0
0.3
0.3
0
0.1
0
0.6
0.1
0
0
1.836
0
0
0.7
0.1
0.4
0
0
1.836
0
0.1
0.3
0
0.2
1.22
0
0
0.2
0.2
0
0.1
0.1
0.1
0.2
0
0
0.2
0.1
0
0.1
0
0
0
0.2
1.836
0.4
0.2
0.1
0
0.1
0
0.7
0.2
0
0
0.2
2.036
0
0.1
0
1.22
0.5
0.2
0
0.1
0
0.4
0
0
0
0.1
0
0
0.4
2.036
0
0.5
1.42
0.1
0
0.4
0
0
0.1
0
0
0.1
0.2
0
0.2
2.036
1.12
0
0
0.1
0
0
0
0
0.1
0
0
0.1
0.3
0.2
0
0
0
0.4
0.5
0
0
0.5
0
0
0.2
0.3
0.1
0.1
0
0.8
0.3
0
0
0
0
0.2
0.2
0.1
0
0.1
0.1
0
0.2
0
0
0
0
0
0.4
0
0.3
0
0
0.1
0.2
0
0.1
0.2
0.1
0
0
1.3
0.1
0
0
0
0.1
0
0.1
0.4
0.2
0.4
0
0
0
0.3
0
0
0.7
0
0.2
0.2
0
0
0
1.836
0
0
0
1.936
0
0
0
0
0.2
0.4
0.2
0.1
0.1
0.2
0
0
0.1
0.1
1.7
0.4
0
0.1
1.836
0
0.2
0.1
0.1
0
0.1
0
0
0.3
0
0
0.1
0
0.1
0.1
2.336
0.4
0
0.1
0
0
0.1
0.3
0
0
0
0
0.1
0
0
0.3
0
0.2
0.1
1.936
0
0
0
1.936
0
0
0
0.1
0.3
0.1
0.1
0
0.2
0
0
0.5
0.8
0
0.2
0.3
2.236
0
0
0.9
0.1
0.1
0
0
0
0.1
0
0.6
0
0.2
0
0.2
0
0
0.3
0
0
0.1
0.2
0
0.2
0.2
0
0
0
0.4
0.1
0.1
0.4
0
1.836
0
0.3
0.3
0
0.1
1.836
0
0
0.4
0.1
0.1
0
0
0
0.2
0.1
0.1
0.1
0
0.2
0
0
0
0
0.1
0
1.836
0.1
0
0.8
0.1
0
0
0.1
0
0
0
1.02
0.1
0.1
0
0
0
0.2
0
0.1
0.2
0.1
0
0.1
0
0
0
0
2.036
0
0.4
0.1
2.036
0.5
0.2
0
0
0
0.4
0
0.1
1.936
0.1
0
0.2
1.62
0.3
0
0.1
0.3
0
0.1
1.02
0
0.2
0
0
0
1.836
0
0.2
0
0
0.1
0
0.1
0
0
0
0.1
1.936
0.3
1.4
0
0.1
0.2
0
0.1
0
0
0.2
0
0.1
0
0
2.956
0.4
0
0
0
0.5
0.1
0
1.836
0
0.1
0.4
0.3
0
0.1
0
0.2
0
0
0.4
0
0
0.2
0.1
0
0
0
0
0.7
1.936
1.836
0.1
0.1
0.1
0
0
0
0.1
0.1
0.9
0.4
0
1.12
0.2
0
0
0
0
0
0.5
0.1
0.3
0
0
0
0.2
0.1
1.02
0
0
0.1
0.2
0
0
0
0.7
0
0
0.6
0.4
0.1
0
0.1
0.1
0
0
0
0.2
0
0
0
0.1
2.536
0
0
0
0
0
0.1
0.1
0
0
0
0
0
0.4
0.2
0.2
0
0.1
0
0
0
0
0
0
0
0
0.4
0
0.4
1
0.1
0.3
0.1
1.836
0
0.1
0
1.836
0
0
0
0
0
0
0.1
0.1
1.836
0
0.3
1.12
0.1
0.5
0.1
0
0
0.2
0.1
0
0.1
0
0
0.1
0
0
0.1
1.22
0.1
0
0
0.4
0.2
0.3
0.2
0.1
0
0.2
0
0
1.02
0.1
0
0
0.1
0
0
0
0
0.2
0
0
0
0
0
0.1
0
0.1
0.2
1.5
0
0.3
0
0.2
1.3
0
0
0.1
0.8
0.1
0
0.2
0.3
1.836
0.1
2.136
0.1
0.1
0.2
0.3
0.4
0.2
0.1
0.1
0.4
0
0.1
0
0
0.2
1.936
0
0.1
1.836
0
0
0
0
0.2
0.2
0.1
0.2
0
2.036
1.7
0
0
0.1
0
0.4
0.6
0.9
0
1.836
0.1
0
0.5
0.1
0.4
0.2
0.2
0.7
3.156
0
0.3
1.8
0
0.1
0
1.836
0.3
0
0.4
0
0
0
0.1
0
0
0
0.2
0.1
0.2
0.1
0
1.02
0.3
0
1.836
0
0.4
0.5
0.1
0.1
0
0
0
0.1
0
0
0.2
2.036
0.1
1.836
0.1
0
0.3
0.1
0
0.1
0.2
0.7
0
0.1
0
0
0
0.1
0
0.6
0.2
0.2
0.1
0
2.136
2.236
1.836
2.136
1.836
3.872
0
0.3
0.1
0
0
1.836
0
2.036
1.836
0
0
0.1
0.2
0.1
0
0
0.1
0
1.2
0
0
0
0
0
0
0
1.836
0.4
0
0
0
0
0.1
1.836
0
3.236
0
0
1.836
1
0.1
0.7
0.6
0
0.9
0.5
1.836
0
0
0
0
0.1
0
2.036
1.936
0
0
0
1.836
1.936
0
0
0
0
0.2
0.1
0.1
0
0
0.1
0
0.1
0
0.1
0
0
0.1
0
0.1
0
0.1
0.4
0.1
0.3
0.1
0
0
0
0.1
0
0.1
0.1
0
0
0.1
0.1
0
0
0
0.3
0.2
0
1.836
0
0
0
0.1
1
0
0.1
0.4
0.6
0.4
