1.1
0.7
2.9
1
0.2
1.624
1.724
1.224
1.424
1.224
1.624
1.624
1.424
3.024
1.824
0.1
0.1
0
0
0.1
0.4
0.4
0
0
0.3
0
0.4
0.3
0.1
0
0.1
0.2
3.3
0
0.5
0.5
0.1
0.2
0.2
1.1
0.2
3
0
0.2
0
0.1
0.5
1
0.8
0.9
0.1
0.1
1.8
0.1
1.32
0.1
0.2
0.2
0
2.2
2.5
0.7
0.1
1.5
0.7
0.3
0.1
0.3
0.6
2.1
1.1
0.9
0.3
0.2
3.6
1.4
0
0.7
0
0
1.9
0
0
0.1
0
0
0.1
0
0.1
2.2
0.1
0.2
0.2
0
0
1.2
0.6
0.1
0.1
0
0.2
1.5
1.7
0.1
0
0.1
0
2.4
0.2
0.2
0.8
0
0
0
0.4
0.5
0.1
0.3
0
0.1
4.5
0
0.2
1.3
0.5
0.1
0.8
0.2
0
1.1
0.5
0.1
0
0.1
0.7
1.1
0.7
0
0.6
1.6
0.1
0.1
0
1.1
0
0.1
0.5
0.3
0.3
0
0.2
0.1
0.2
0.2
1.8
0.9
0.3
0.4
0.8
0.2
0.2
0
0
0
0.6
0
0.1
0.2
0.2
4.7
0.1
1.6
0.1
0.4
0
2.32
0
0
1.12
1.9
1
2.3
1.524
1.524
2.224
2.324
2.724
1.924
1.624
1.324
2.224
1.524
1.224
2.924
1.524
2.524
1.324
1.724
0
0.9
0.2
0
0
0.4
3.2
0
0.1
1.3
0.6
0
0
0.2
1.3
0
0.1
5.2
0
1.8
0
0
0
0
2.3
0.1
0
0.2
0
0
0.8
0
0.2
0
0.1
0.1
0
0
4.9
0.1
0
0.6
0
1.3
0.8
0
0
0
0.2
0.1
0.1
2
0
0.2
0.2
0
0.2
0
0
0.4
0
0.5
0.2
0
0.1
0.4
0
0
0.9
0
0.1
0
0
0.2
0
0
1.2
0
0
0.1
0.3
0
0
0
1.6
0
0.3
0.1
0
0.1
0.1
0.2
0
0
0
1.6
0
0
0
0.3
0.3
0
0.1
0.3
0.5
0.6
0.1
0
1.1
0.8
0
0.3
0.1
0
0
0
0
0.1
0
0.2
0
0.3
0
0
0.9
0.8
0.3
0.1
0
0.1
0.2
0
1.7
0.1
0
0.7
0.4
0
0
0
1.6
0
0
0.1
3.7
0.3
0.7
0.8
0.1
0.4
0.9
0.1
0.1
0.4
2.7
4.8
0
0.1
0.2
0.5
0.2
1.424
1.624
0
0
0
0
0.1
0
0
0
0
0.1
0.1
0.1
0.1
0
0
1.2
0.1
0
0
0.1
1.2
0
0
0
0.2
0
0.9
0
0.2
0
0
2.8
0
0.5
1.224
0
0.1
0
0
0.5
0
0
1.1
0.1
0.1
0
0
0.3
0
2.3
0.9
0.1
0
0.2
0.2
0.4
0
0.2
0.2
0.1
0.2
0.4
1.8
0.4
0.1
0
0.2
0.2
0.3
0
0.7
0.2
0.3
0.7
0.4
0
0.7
0.3
0.2
0.1
0.2
0
0.4
0
0.2
0
0.1
0.5
0.1
0.2
0
0
0.4
0
0.1
0.7
0.1
0
1.4
0.2
0.2
0.2
0.7
0.5
0.3
0.5
3.4
1.6
0.1
1.4
1.8
0
0.4
1
0.5
0.7
0
0.5
1
0.1
0.1
0
0.4
0.3
0.1
0
0.2
0.3
0
0
0
0.1
0.3
0.3
0
0
0.1
1.8
0
0
0.5
0.2
0
0.1
0.1
0
0.7
0
0
0
0.4
0.3
0
0.1
0.2
0.1
0.1
0.1
0.1
2.7
0
0
0.1
0
0.8
1.5
0
0.1
0
0
0.6
0.8
0
0
0.2
0.1
0.2
0
0.7
0.1
0.1
0.5
0.2
0.1
0.4
1.2
0.6
0.4
0.1
0
0
0.3
0.3
0.1
0.3
0
0.9
0.2
0
0.4
0.2
0.3
0
0.3
0
0.7
0.4
0
0
0
0.2
0
0
0
0
0.1
0
0.1
2.4
1.4
0
0.1
0
0.2
0
0
0.2
0.1
0
0.3
0
0.1
0.7
0
0
0.2
0.4
0.1
0
0
0
0.4
0
0.1
0.3
0.8
0.2
0
0
0.1
0.4
1.5
0
0.2
0.9
0.2
0.1
2.5
0.6
0
0.1
0.2
0.4
0
0
0.5
0.3
1.6
0
0.1
0.1
0
0.2
0.2
0.1
0
0.2
0
0
0.2
0.2
0
0
0.9
0
0
0.5
0
0.4
0
0
0.1
0.7
0.4
0
0.6
0
0
0.2
2.1
0.1
0.6
0.1
0
0
0
0.1
0.2
0
0
0.1
0.2
0.1
0.6
0
0
0.7
0.8
1.1
0
0.2
1
0
0
0.1
0
0.2
0
0.3
0.6
0
0.1
0.3
0
0.3
0
0.3
0
0
0
0.2
0
0.3
0
0.3
0.1
1
0.5
0
0.1
0
0
0.1
0
0.1
0
1
0
0.1
0.1
0.2
0.3
0
0
0.1
0.1
0
0
0.1
1.9
0.1
0.5
0.1
0.1
0
0.1
0
1.6
0.4
0
0.2
0.5
0.5
0
0.2
0
0
0
0
0.3
0
0.9
0
0.2
0.1
0
3.1
3.9
0.2
0.4
0.6
0
0
0
0.1
0
0
0.1
0.1
1.2
0.4
0
0
0
0
0.1
0.2
0
0
0.1
0
0
0
0
0
0.2
0.6
0
0.8
1
0.4
0.1
0
0.6
0
0.1
0
0.5
1.2
0.3
0
0
0
0.1
0
0.3
0
0.4
0.1
0
1.3
0
0
0.2
0
0.1
0
0.1
0.3
0.1
0.2
0
0.1
0
0
0
0
0.2
0.2
0
0.1
0.4
0.1
0.2
0.1
0.3
0
0.2
0
0
0
0.1
0.7
0
0.1
0.1
0
0
0
0.1
0
0.7
0.2
0
0
3
0.2
0.3
0
0.3
0
0.3
0
1
0.8
0
1.6
0.2
0
0
0.2
0.1
0
0.1
1.4
2.4
0.1
0
0
0.1
0.2
0.2
0.2
0.4
0
0
0.3
0
0
0.2
0
0
0.1
0.1
0
0.1
0
0.2
0
0
0.1
0.4
0
0.1
0.7
0.2
0.1
0
0.1
0.1
0.1
0
1.3
0
0.1
0.4
0
0.5
0
0.1
0.9
2.1
0.2
0
0
0.1
0.3
0.1
2.3
0
2.3
0.6
0.5
0.4
0.1
0
0.7
0.3
0.1
0.1
0
0.1
0
0.4
0
0.2
0.1
0.3
0.3
0.1
0
1.3
0.1
0.5
0
0.2
0
0
0.3
0.1
0.7
0.3
0.3
0
0.9
0
0
0
0.2
0.3
0
0.6
0.7
1.224
3.024
1.624
0.1
0.5
0.1
0.6
0.1
0
0
0
0
0.1
0.9
0.4
0.1
0.4
0.3
0.9
0.4
0
0
0.2
0.8
0
0.3
2.6
0.5
0.7
0.1
0
0
0.6
1.3
0.3
0
0
0
1.7
0
1.7
0.3
0.1
0
0.5
0
0.4
0.1
0.2
1.72
0.2
0.7
0.4
0.1
0
0
0
0
0
0.1
1.6
0.2
0.9
0.3
0
0.1
0.6
0
1.224
0
0
0
0
0.5
0.8
0.3
0.4
0.1
0.2
0
0
0.2
0.4
7.4
0.1
0.2
0.1
0.1
2.3
0.5
0.2
0
2.8
0.4
0.1
0.2
0
0.1
1.224
4.324
1.724
2.724
1.524
1.624
1.324
1.324
1.324
2.224
1.224
2.844
3.824
1.524
2.224
1.424
1.624
1.324
1.524
2.524
3.024
1.424
1.924
1.424
1.624
1.924
2.124
2.324
1.324
1.224
1.324
1.824
1.224
4.624
1.924
1.524
1.224
2.124
1.324
3.824
1.624
1.424
1.224
1.924
1.824
1.324
1.224
1.224
1.824
2.524
3.124
1.224
1.524
1.224
3.524
1.524
1.424
1.424
1.524
1.324
1.624
3.424
1.424
1.224
2.424
1.824
1.224
1.724
1.424
1.224
2.624
1.724
1.424
1.224
1.424
1.724
1.324
1.624
1.624
1.624
1.224
1.224
1.324
1.224
1.624
1.624
1.224
2.324
1.224
1.224
1.224
1.924
2.744
1.624
1.924
1.324
2.224
3.324
2.424
1.224
19.944
1.224
1.224
2.024
4.224
2.324
2.024
1.524
4.224
1.524
1.224
1.324
1.724
1.424
1.624
1.624
1.324
1.424
1.224
1.224
2.024
2.444
1.324
1.424
1.224
1.224
1.624
3.524
1.224
3.124
1.224
1.524
1.724
2.124
3.324
2.524
3.924
1.724
1.524
1.424
4.824
1.324
1.224
1.624
1.324
2.324
1.224
1.624
1.424
1.924
3.324
1.424
1.424
1.724
2.224
1.224
1.624
3.824
1.224
2.924
1.824
1.224
1.224
1.524
1.324
1.224
1.224
1.324
2.944
1.524
1.224
1.324
1.424
2.924
1.424
2.824
1.924
1.924
1.924
1.624
1.224
1.324
1.324
4.324
2.924
1.224
2.244
1.624
1.224
1.424
1.424
1.824
2.924
2.024
1.224
1.824
1.524
1.524
2.024
1.424
1.424
3.124
1.324
2.324
3.724
1.224
1.824
1.224
1.324
1.724
3.024
2.344
1.224
1.524
1.524
1.624
1.224
1.324
4.124
2.224
2.924
1.524
1.724
1.724
1.724
1.224
1.624
1.224
1.424
1.324
1.324
2.224
1.324
1.624
1.324
2.524
1.324
1.424
3.324
3.124
1.424
2.624
1.624
2.424
1.224
2.244
5.424
1.724
1.224
1.224
1.524
1.424
1.524
1.224
2.724
1.624
1.824
1.224
1.924
1.624
1.224
1.624
1.224
1.524
1.224
1.224
2.024
3.824
2.324
1.624
1.324
1.524
3.224
1.824
1.724
2.124
1.324
1.324
1.624
1.824
2.324
1.224
1.424
1.624
1.824
1.324
1.724
1.324
1.924
1.324
1.324
1.524
1.324
1.224
1.224
2.024
1.624
2.224
1.424
1.424
1.224
1.424
1.524
1.924
1.624
2.124
1.524
2.424
1.624
1.224
1.324
1.724
1.424
1.324
1.324
1.224
1.224
1.324
1.224
1.224
1.924
2.924
1.624
1.524
2.024
1.724
1.724
1.824
1.624
1.224
2.224
1.224
1.624
1.224
1.924
1.924
2.824
3.024
3.224
1.224
1.824
1.724
3.224
2.344
2.724
1.824
1.524
1.224
3.524
2.824
4.524
1.324
1.324
1.624
1.324
2.424
1.424
1.324
2.224
1.324
2.744
1.524
1.224
1.624
1.424
1.824
1.224
1.524
2.644
1.524
1.224
1.224
1.224
1.224
1.624
2.424
6.024
3.224
1.924
1.824
1.224
1.324
2.324
1.924
2.124
1.324
1.624
1.524
1.324
2.024
1.624
1.624
1.324
1.324
3.024
1.324
1.224
2.624
1.424
1.624
2.524
1.924
1.424
3.024
2.524
1.624
1.224
1.224
2.424
1.324
1.424
2.424
2.124
1.324
1.324
1.224
1.224
2.824
1.724
1.324
1.824
1.724
1.424
1.224
1.324
1.224
1.324
1.224
3.244
4.044
1.324
1.524
1.624
1.224
2.544
1.424
1.324
1.224
3.724
1.724
1.424
1.624
1.524
1.624
1.324
1.324
1.224
2.224
1.424
1.924
1.224
1.324
1.224
1.224
4.124
1.324
1.324
2.824
2.924
1.324
1.224
2.924
1.424
1.224
1.224
1.224
1.624
1.324
1.224
1.324
1.724
4.424
1.224
1.324
1.324
1.224
1.424
1.824
1.224
1.624
2.224
1.224
1.224
1.224
2.524
2.224
1.224
1.224
1.224
1.624
1.424
1.224
1.224
1.424
1.324
1.224
1.724
1.924
1.224
4.124
3.924
1.824
2.524
1.624
1.424
1.424
1.424
1.524
1.524
1.324
1.624
1.224
1.224
1.824
1.424
2.024
2.624
1.524
1.324
3.724
1.924
2.324
2.224
1.324
1.224
1.224
2.844
3.724
4.224
1.624
1.924
1.324
1.324
1.324
1.924
1.324
3.244
1.624
1.224
1.524
2.224
2.124
3.124
3.224
1.924
2.124
1.924
1.224
1.324
2.544
2.524
1.324
1.324
1.824
1.224
1.224
1.224
1.224
1.724
1.224
1.324
1.224
1.224
1.224
1.324
1.424
1.524
1.624
6.224
1.724
1.724
1.524
1.924
4.424
1.324
1.424
1.524
4.224
1.324
1.324
1.624
3.324
1.824
2.024
1.724
1.824
2.644
1.824
2.424
3.024
2.224
2.024
2.644
3.024
1.524
1.324
1.424
1.324
2.924
2.324
1.624
1.924
1.924
1.224
1.224
1.824
1.224
2.644
1.424
2.224
2.724
1.324
1.524
6.124
1.624
1.724
1.524
1.324
2.324
5.124
3.724
1.224
2.824
1.224
1.224
2.324
1.824
2.024
1.924
2.544
2.224
1.424
1.424
2.424
5.324
1.224
1.524
1.224
2.244
3.324
1.424
3.424
1.324
1.424
1.224
2.424
1.624
3.524
1.224
1.624
2.924
3.124
1.924
1.524
2.344
1.824
1.824
1.224
1.524
3.524
2.624
1.324
1.424
1.424
1.224
1.324
1.724
3.424
1.224
1.424
3.544
2.624
1.224
1.424
1.324
2.024
3.724
1.324
1.324
1.924
3.024
1.324
1.724
1.424
2.024
1.524
1.724
1.224
3.624
3.424
1.524
4.744
2.424
2.624
3.324
1.224
4.524
1.224
2.824
1.424
2.824
1.224
1.524
1.224
1.224
1.224
2.424
1.224
0.1
0.2
0.2
0.9
0.1
0.1
0.3
1.2
0
4.6
0.2
0.3
0
0
0
0
0
0.3
0.5
0.3
0.5
0
0
0.1
0.3
0
3.4
0
0
0
1.6
0.6
2.4
1.6
0
3.2
0.4
0.2
0.2
0
0
0.2
0.2
0
0.2
0
0
0.3
0
0
0.1
0.1
0.6
0.2
0.2
0.3
0.2
0.1
0
0.1
0.1
0
0.2
0
1.1
0
0.1
0.7
0
0.1
0
0.1
1.7
0
0.4
0.8
0
0
0
0.2
0.1
0
0.5
0.4
0.4
0.6
0.1
0.1
0.1
0
0.1
0.4
0
0
0.2
0
1.224
0.7
5.8
0.7
0.4
1
1.4
0.5
