2.424
0.8
2.724
0.3
1.224
1.324
1.624
1.224
2.548
1.224
2.548
2.448
1.424
1.424
1.424
0
0
0
0
0.1
1.224
1.524
0
0
1.524
0
0.3
0.2
1.424
0.1
0
1.324
3.024
1.324
0.2
1.924
1.324
1.424
0.1
2.024
1.424
2.424
0
0
0.1
1.224
0.1
1
1.824
2.548
1.224
0
3.548
0
0.1
0
1.324
0.2
1.424
1.824
1
0.3
0
0.6
0.2
1.424
0.1
0.2
1.424
0.7
2.424
3.148
1.424
1.324
3.524
1.824
0
0.3
0
1.324
2.024
0.1
1.224
0.1
0
0
0
0
0.1
0.8
1.324
0.1
0.5
0
0
2.748
2.548
1.224
0
0
0.1
0.9
0.7
1.224
0
1.324
1.224
1.6
0.1
1.224
2.224
0
1.224
1.224
0.3
0.3
1.324
0.3
1.424
1.424
2
0
0.1
2.024
0.2
1.224
1.524
1.224
0
1.724
1.724
0
0.1
0.3
1.524
0.7
1.724
1.324
1.424
1.1
1.224
0.3
0
1.424
0
0
1.324
0.2
1.324
0
1.224
1.524
1.424
1.324
2.624
2.024
0.3
0
2.124
0.1
1.524
0.1
1.224
0
0.1
0
0
1.324
0
1.8
1.224
2.024
1.324
1.324
1.324
2.224
0
0
1.424
2.624
2.024
2.624
1.424
2.448
1.624
3.248
3.248
2.548
1.624
2.448
1.924
4.172
2.948
3.048
2.448
3.248
2.548
2.848
1.224
0.2
1.724
0
0
0.2
2.524
0
1.224
2.848
1.424
1.324
1.224
1.624
0.5
0
1.224
2.1
1.224
0.8
0
0
0
1.224
2.424
1.224
1.224
1.324
1.224
1.224
1.524
2.448
1.424
1.224
1.224
0
1.224
0
3.124
1.224
0
1.624
0
1.924
1.324
0.2
0.1
0.2
0
0
1.224
0.9
0
0.1
0.1
0
0.1
1.224
0
0.1
1.224
1.624
1.224
1.224
1.224
0.3
1.224
1.224
0.2
1.224
1.224
1.224
1.224
1.324
1.424
1.224
0.1
0
1.224
0.1
2.548
1.224
0
0
1.724
1.224
1.224
1.424
1.224
1.324
1.324
1.324
1.224
1.224
0
0.4
0
0
0
0
0.3
1.224
0
1.624
0.3
0.5
0.1
0
0.3
1.624
0.1
1.624
0.2
0
1.324
0
0
1.224
1.224
1.224
0
1.424
1.224
0.2
1.524
0.3
0.5
1.324
0
0
0
0
0.3
0
0
1.224
1.424
0
0
0
2.924
1.224
0
2.448
1.4
0.1
1.824
1.724
2.848
1.524
0.5
1.324
2.748
1.624
1.5
2.2
0.1
0
1.224
0.2
0.1
4.172
4.172
0
2.448
2.448
1.224
0.1
0
2.448
0.1
1.224
1.224
1.324
0.1
1.224
0
0
0.9
0
0
0.1
1.424
1.724
0
0
0
0.1
1.224
2.548
1.324
0
0
2.448
1.2
0
0.4
2.448
0
1.424
1.224
0
1.224
1.224
1.224
1.324
1.224
2.448
1.224
1.224
1.224
1.224
1.1
1.624
1.224
0
0
0.2
1.324
0
0
0
1.224
1.324
1.324
0.6
1.524
1.424
0.1
2.448
1.724
1.324
0
1.324
1.324
0.1
1.524
0.2
1.224
1.924
1.224
1.324
1.324
0.4
0.1
1.224
0
1.224
0
1.324
1.424
1.224
0
0
0
1.524
0
1.224
0.3
0.1
0
1.824
1.424
1.224
1.224
0.8
1.424
0
0.1
3.024
0.4
0
1.924
2.424
0
1.224
1.224
1.424
0.2
0
0.3
0.4
1.324
0
1.224
0.1
0.1
0
1.224
1.224
0.1
1.224
1.224
0
1.324
1.224
0
0
0
1.224
2.624
1.224
0.1
1.324
0.7
1.224
0
1.224
1.324
0.8
0
0
1.224
1.424
1.324
1.224
1.224
1.324
0.1
2.448
1.224
0
1.3
1.224
1.224
1.224
0
1.524
1.924
1.224
0.1
1.224
1.224
1.424
1.924
2.448
0
1.224
1.224
1.324
1.224
1.224
0.4
1.224
0.1
1.324
0
1.424
2.124
1.324
1.224
1.424
1.224
0.1
1.324
1.324
1.224
0.1
1.224
1.424
1.324
0
0.1
1.324
0
0
0.2
2.448
1.524
1.224
2.548
2.448
1.224
0
1.224
0
1.324
0
0.1
1.224
1.224
2.324
1.424
0
1.224
0
0
1.224
1.224
1.524
0
1.224
1.224
1.224
0
0.3
0
1.224
1.224
1.224
0
1.224
1.224
0
0
0
1.224
0
0.2
1.424
0
0
1.224
0
2.124
0
0
0.9
0
0
2.724
1.324
2.448
0
0
0.1
1.224
0
0.1
1.324
3.248
0.1
0.2
1.324
1.224
1.224
1.224
0.1
1.224
0
0
1.224
0.2
1.224
1.324
0
2.224
1.224
1.224
0.1
0
1.324
0
1.224
1.224
0
1.324
1.224
1.524
1.224
0
0
2.224
0
2.948
1.224
0.1
1.224
0
0.1
2.548
1.224
1.224
1.324
1.524
1.224
1.324
0
1.224
1.424
2.648
1.524
1.224
1.224
0.9
1.224
1.224
0.1
1.224
1.224
1.224
0
1.524
0
0
0.1
1.324
0
0
0.1
1.224
1.224
1.224
2.448
0
0.2
1.224
0.3
0.3
1.524
1.224
1.224
1.224
1.324
1.224
0
0
1.324
0
1.724
1.224
0
0
1.424
1.324
0
1.224
1.224
0
0
1.224
0
1.1
1.224
0.2
1.224
0
1.224
1.324
1.224
2.324
0.1
2.448
0
1.724
0.4
1.224
1.424
1.224
1.224
2.548
0
1.524
1.324
0.3
1.224
1.224
1.224
1.224
1.3
5.048
0.2
0.2
0.3
1.224
1.224
1.224
1.324
1.224
0
1.324
0.1
1.824
2.448
1.224
0
0
1.224
1.224
1.324
1.224
0.2
2.448
2.448
1.324
1.224
0
1.224
1.224
0.4
1.224
0.4
0.1
1.624
1.324
0
0.3
0
2.448
0
0.2
0.8
1.424
1.224
1.224
1.224
1.324
0
0.1
1.224
1.524
1.224
1.224
2.024
1.224
1.324
1.224
0.1
0
1.224
1.224
1.524
0
1.524
1.224
0.1
1.224
0
0
1.224
1.224
2.448
0
0
1.324
1.224
1.224
1.224
0
1.324
0
1.224
0
0
0
1.724
1.224
1.224
1.224
0.1
1.224
0.1
1.324
0
1.524
1.224
0
2.448
2.124
0.1
0
1.224
1.224
2.548
1.324
0
1.424
1.824
1.224
1.724
0.1
2.448
1.324
1.224
1.224
1.224
1.324
1.724
2.224
1.324
0
1.324
0
1.224
1.324
0.3
1.224
2.548
0
1.324
0.1
2.448
1.524
1.224
0.2
0
0
0
0
0
1.224
1.224
1.224
0.1
0
0
0.2
0.6
1.424
1.424
1.224
0.1
0
2.448
0
3.148
1.224
1.724
1.524
1.224
0.2
1.224
0
1.424
2.224
1.324
1.224
0
1.224
2.648
1.224
3.148
0
1.824
1.624
1.724
0
1.324
1.224
0.8
1.324
1.324
1.324
1.224
1.224
1.224
1.524
1.224
1.224
1.224
1.424
1.724
1.224
1.524
0.8
0
1.324
0
0
1.224
1.424
0
0.1
1.624
1.324
1.424
1.224
1
0
0
1.224
1.224
1.424
0
0.4
0.6
2.448
4.672
2.848
1.224
1.324
1.324
0.3
1.224
1.224
0
1.324
0
1.224
1.624
1.324
1.324
1.424
1.324
2.024
1.224
1.324
1.224
1.424
0.2
0
1.324
2.424
1.424
0.2
2.448
0.1
1.224
0.4
1.624
1.424
0
1.224
0
1.4
0
0.5
0.1
2.548
1.424
1.824
1.224
0.1
0
0.2
1.524
1.424
0.5
1.424
0
1.324
1.224
1.224
1.424
0.1
1.224
0.6
1.324
2.224
3.048
1.224
0
1.424
0
1.224
0.1
1.224
1.224
1.224
0.6
0.3
0
1.224
1.224
0
0
1.224
1.224
1.324
4.624
0
1.224
1.324
1.224
0.9
0
0.2
0
4.348
2.948
0
0
1.224
1.224
2.448
7.272
4.072
3.848
1.624
2.548
2.548
1.224
3.048
1.524
1.524
2.648
6.348
2.448
3.048
1.224
4.072
3.672
2.548
2.424
3.648
2.648
2.548
1.324
1.324
3.048
3.972
4.372
1.224
2.448
3.672
3.048
2.448
5.648
2.748
2.748
1.224
2.948
1.324
3.548
1.824
2.748
2.648
3.848
1.424
1.324
1.224
1.324
1.524
1.524
4.672
3.672
2.448
1.224
3.948
2.648
4.172
2.448
1.224
1.824
2.848
5.148
2.648
2.448
2.948
2.948
2.448
2.748
1.224
2.448
4.572
3.148
2.648
1.224
2.748
2.748
2.548
2.448
2.748
1.224
1.324
1.224
2.448
2.448
2.448
1.224
2.448
2.848
1.324
3.672
1.324
3.348
2.448
1.524
2.648
3.772
3.248
3.548
2.748
2.448
4.224
2.448
2.548
2.748
14.372
2.748
1.824
2.648
2.324
2.648
1.224
1.224
1.324
1.424
2.648
2.948
2.448
2.448
3.772
2.448
3.048
2.448
1.224
3.772
2.448
2.448
2.848
1.724
2.448
3.848
1.224
3.148
1.324
1.724
4.772
3.148
3.848
3.972
2.648
3.772
2.424
2.548
2.548
2.848
1.424
3.248
2.548
1.424
1.624
2.748
5.948
2.548
2.548
2.548
5.472
2.548
2.948
4.248
1.224
3.148
1.524
2.448
2.448
1.324
3.872
2.448
2.448
2.548
2.748
1.424
2.448
2.548
2.548
3.148
2.448
3.748
3.972
2.548
4.472
1.524
1.224
1.524
2.548
2.524
1.824
2.448
1.224
1.724
1.424
2.548
2.748
1.624
3.948
2.748
2.448
1.724
2.848
2.948
4.148
3.972
1.324
4.972
2.548
2.424
2.324
1.224
4.072
2.548
1.224
2.548
4.972
2.448
2.448
2.848
2.748
2.548
2.548
2.548
3.548
5.372
3.148
3.772
2.648
3.872
1.424
2.448
2.648
1.224
2.548
2.448
2.748
1.824
1.224
2.848
2.548
3.548
2.448
2.548
4.972
2.224
3.772
2.624
2.548
1.924
1.224
2.448
6.472
1.624
2.548
2.448
2.648
1.224
2.448
2.448
3.248
2.548
2.748
2.448
2.848
2.748
2.448
2.448
1.224
2.648
2.448
2.448
2.948
6.548
2.748
2.648
2.548
1.224
4.872
4.572
2.648
1.824
2.448
3.772
1.424
3.248
1.724
1.224
2.748
4.272
2.648
2.448
1.324
3.972
4.448
1.324
1.324
1.324
2.548
1.224
1.224
2.848
2.548
2.948
2.548
2.648
1.324
2.548
2.748
2.748
1.324
4.348
2.548
3.548
1.424
2.448
1.324
2.648
2.748
2.548
2.848
2.448
2.448
2.548
3.672
2.448
2.748
4.972
1.424
1.424
2.848
4.072
1.524
4.072
1.424
1.224
4.048
1.224
1.324
1.224
2.848
2.848
4.648
4.972
4.872
2.448
4.272
3.548
5.448
1.224
4.472
2.848
2.648
2.448
5.148
3.348
5.948
1.224
2.548
2.948
2.548
3.248
2.648
2.448
3.148
2.548
1.324
2.548
1.224
1.524
1.424
2.648
1.224
2.548
3.872
2.648
2.448
3.672
3.772
2.448
2.648
4.372
5.972
3.948
1.924
3.872
1.224
1.324
3.248
1.824
1.724
2.648
2.648
2.748
1.224
3.048
4.172
1.424
3.772
1.224
1.824
1.324
3.672
1.824
2.648
2.648
2.624
1.724
2.648
5.648
3.148
3.048
2.448
2.448
4.172
1.224
2.548
2.748
4.372
2.548
1.224
2.448
2.448
3.748
2.448
1.224
2.948
2.848
1.424
3.772
1.324
3.672
1.324
2.448
1.624
2.024
2.448
2.548
2.748
2.448
1.324
3.148
1.324
2.548
4.248
4.272
1.224
2.748
2.548
2.948
2.648
2.448
2.448
2.648
1.224
1.724
1.224
1.224
2.548
2.448
1.924
2.548
1.324
2.748
2.624
2.448
2.448
4.348
2.648
2.748
2.448
2.448
1.424
2.548
2.448
1.324
2.948
6.072
2.548
2.748
2.448
1.224
2.748
2.848
2.748
2.748
3.048
2.448
1.224
3.772
4.972
2.648
1.324
2.848
2.448
2.848
1.224
2.648
1.324
1.324
2.548
2.448
2.648
3.148
2.448
4.748
4.848
3.248
4.372
1.424
2.448
2.548
2.748
1.424
2.848
2.548
3.772
1.224
2.448
1.524
1.224
1.824
4.448
3.772
2.448
5.548
2.748
2.648
3.048
2.448
1.224
2.448
1.324
2.848
4.672
4.348
2.648
2.448
1.324
2.748
3.048
2.448
3.548
2.948
2.448
2.848
3.148
4.172
3.748
7.372
2.848
4.472
2.848
2.448
3.772
1.224
4.372
1.324
1.224
2.848
2.548
2.448
2.448
2.448
2.948
1.524
1.224
2.448
2.448
1.224
2.548
2.548
2.448
2.748
5.048
1.824
1.424
1.324
1.824
4.048
2.448
1.324
1.324
3.948
2.448
1.324
2.648
3.248
4.272
2.948
1.524
3.248
1.524
1.824
4.672
5.048
1.924
1.624
1.224
3.948
2.548
2.548
2.448
1.324
2.848
4.072
2.548
1.524
2.648
1.324
1.224
2.748
3.672
2.748
2.548
3.248
3.348
3.772
2.448
4.524
3.872
4.072
2.848
1.224
2.624
2.724
2.824
2.448
4.572
2.448
1.224
3.048
2.848
1.524
3.348
1.524
3.048
1.524
3.972
3.148
4.648
3.672
2.548
2.448
1.224
6.472
2.448
5.372
2.448
2.548
2.448
2.448
2.648
3.548
2.448
2.748
3.648
5.248
2.648
1.524
2.748
1.324
2.548
2.448
2.648
5.172
2.948
2.448
2.648
2.448
3.672
3.872
2.648
5.372
3.872
2.548
4.472
3.548
2.448
2.548
2.548
3.972
3.748
1.224
2.848
3.972
3.948
1.324
2.948
2.748
3.148
1.424
2.648
2.548
3.648
3.248
2.948
4.372
3.348
2.748
2.948
1.424
3.948
1.224
3.148
2.448
4.372
2.448
2.448
1.224
2.448
1.224
2.848
1.224
1.524
1.224
0.4
1.824
1.224
2.548
1.324
1.724
0
2.3
0.1
2.448
1.224
0
0
0.1
1.224
0.1
0.2
1.224
0.1
0
0
2.448
0.1
1.224
1.9
0
1.224
0
2.224
1.424
2.424
1.924
1.224
3.524
1.624
1.224
1.324
1.224
1.224
0
0.1
0
1.424
0
0
1.524
0
0
0
1.424
0
0
1.324
0.2
1.424
0
0
0
0.1
1.224
0.2
1.224
0.7
1.224
1.224
1.424
0
1.224
1.224
0
2.124
1.224
2.748
2.748
1.324
0.1
1.224
0.1
1.224
1.224
1.324
1.724
1.724
1.524
1.324
1.324
1.224
0
1.224
0.2
1.324
0
1.224
1.224
1.224
0.1
3.224
1.224
1.824
2.124
0.4
1.724
