0.1
0
1.624
0.1
2.748
1.224
1.324
1.224
1.224
1.224
1.424
2.548
2.848
1.624
1.624
0.1
3.26
0
0
0
1.424
1.324
0
0
0
0
0.4
0
1.224
0
0
1.224
0.7
0
1.224
0.3
0
0
1.836
0.2
0
1.924
0
1.836
1.836
1.324
0
1.524
0.1
1.324
1.224
0
1.724
3.06
0
0
1.324
1.224
0.2
1.424
2.024
1.224
1.836
0.2
0.3
0
1.224
1.224
1.224
1.524
0.3
2.648
1.324
0
1.924
0.1
1.224
0.1
1.224
0
1.524
1.224
1.524
1.224
1.836
1.224
1.224
1.836
0
1.524
0
0
1.224
1.224
1.224
1.224
1.524
1.224
0
0
1.836
1.524
1.324
0
0
0
0
0.6
1.224
0.1
1.324
1.224
0
2.448
1.836
0.1
0.1
1.424
0
0.1
2.124
1.836
0
1.524
1.324
0
1.836
1.324
0.1
2.848
0.1
1.836
1.224
0
1.424
0.4
1.424
2.448
1.524
0.2
0
1.424
1.224
1.724
1.224
3.06
1.224
1.224
0
1.324
1.224
0
0
0
2.036
0.5
1.324
0.1
0
0.1
0
1.224
0
1.224
0
3.06
0
1.424
0
0.7
1.224
1.324
2.448
0
2.448
1.424
3.06
1.224
1.224
0.9
0.2
3.148
1.224
3.672
1.224
4.272
3.048
3.772
3.048
3.772
2.024
2.648
1.324
3.872
3.872
2.948
2.548
1.224
0
0.2
1.224
0
0
1.424
0.4
3.06
0
1.324
1.324
0
1.224
0
0.4
3.06
0
1.824
0
1.624
1.836
1.224
1.324
1.224
1.824
1.224
1.324
1.224
1.224
1.224
1.324
2.448
1.224
1.224
2.548
0.1
1.324
1.836
3.648
1.324
1.836
1.624
0
1.224
1.224
1.936
3.06
0
1.224
1.224
1.224
0.2
0
3.06
3.06
3.06
0.1
1.224
1.224
1.224
1.224
1.324
1.324
1.224
0.1
2.236
1.224
1.224
0.1
1.224
0
1.224
0
0
0
1.324
1.624
0
1.324
1.324
2.548
1.324
1.224
1.224
2.648
1.224
2.448
0.1
1.324
1.224
2.548
1.324
1.224
1.224
1.224
1.624
0
1.836
0.1
0
1.224
0
0.1
1.324
2.136
0
0.1
3.06
1.324
1.324
0
1.324
1.224
3.06
2.448
0
0
1.324
0
1.224
0.1
1.224
0
0.1
0
0.2
1.224
0
1.224
0
0
1.224
0.2
1.324
0
1.224
1.224
1.224
0
0
0.2
0
1.224
1.224
1.624
1.224
0.1
1.424
1.224
1.224
0
1.224
1.224
1.424
1.524
2.124
0
0
0
1.424
0
3.672
2.448
0
1.224
1.224
2.448
0
0
1.224
0.1
1.224
1.224
1.224
0
1.324
0
1.224
1.624
0
0
0
1.224
1.424
0
1.324
0
0.1
1.224
1.424
0.1
0
0.1
1.224
0.5
1.224
0
2.448
0
0.2
0
0
1.224
1.224
0
2.548
2.448
1.224
2.648
2.448
1.424
1.224
0.2
1.224
1.224
0
0.1
1.324
0
0
1.224
1.224
1.224
1.224
1.624
0.3
0
1.324
0
2.648
1.224
1.324
1.224
1.324
1.224
0
1.424
0.2
0
1.324
1.324
0.3
1.224
0
1.224
0
0
1.224
1.224
2.548
1.224
1.224
0.1
0
0
4.484
3.06
0
0.1
1.224
0
1.624
1.224
2.448
1.324
0.1
1.224
3.06
0
2.124
0.2
0
3.56
0.3
1.936
0
1.424
1.324
0.1
1.224
2.036
0.2
4.284
0
0
0
0
1.836
2.448
0.1
0
2.448
0
1.224
1.224
2.448
0.1
0
0.1
1.224
1.724
1.224
0
4.384
0.1
0
0
2.448
1.224
0.2
0.1
1.224
0
2.548
1.224
1.224
1.224
2.548
0.1
3.06
1.224
1.224
1.824
1.224
1.224
1.224
0
1.524
2.548
2.448
0
0
1.324
1.424
1.624
1.224
0
2.448
0
0.1
1.224
0
0.1
2.448
1.324
0
0.2
1.324
1.424
1.224
4.284
0
0
0
1.224
1.224
0
0
1.224
1.324
1.224
0
1.324
0
1.224
1.224
1.224
1.224
1.424
1.324
1.224
1.324
1.224
0.1
2.448
0
1.224
0
0
1.224
1.324
0.4
1.224
0
4.284
0
1.936
1.224
1.224
0.1
0.1
1.324
1.224
1.224
1.224
0.3
0
1.224
1.224
1.224
0
1.224
1.224
0
1.224
0
1.224
0.1
0.2
1.324
0
0
0
1.324
1.724
1.224
0
0.2
1.836
0
0.8
1.224
1.224
0
0
0
2.448
0
0.4
1.424
1.524
0
0
2.448
0.2
1.224
4.284
0
1.224
0
0
1.224
0
1.324
0
1.224
1.724
0
0
0
0
1.224
1.224
0
0
0.2
1.424
1.224
1.224
1.224
0
0
1.924
0
1.524
1.224
1.224
2.448
0
0
2.448
0
1.224
3.06
1.224
1.224
2.648
1.936
2.448
1.324
1.324
1.724
0
0.1
0.2
0
1.224
0
1.424
2.548
1.224
0
1.224
0
0
1.224
1.224
0
1.224
0
4.284
1.224
1.324
1.224
0
1.424
2.448
0
0
1.624
1.324
0
1.224
1.224
1.224
0
1.224
0.1
0
1.424
1.224
0
0
1.324
3.16
1.224
0
0
0.1
0
1.224
0
0.6
1.224
0
1.324
0
1.224
4.384
1.224
1.524
0
1.324
1.224
3.26
1.424
3.06
1.324
1.224
2.448
1.224
1.224
0
1.224
1.224
2.448
1.324
1.224
2.448
0.7
2.324
0.1
0
1.424
2.548
2.448
0
1.224
1.224
0
1.224
1.224
1.624
1.224
0
1.224
0
0
1.324
1.224
1.224
0
1.224
1.224
1.224
0.2
1.224
1.224
1.224
0.2
1.324
0.3
0.1
1.324
1.224
0
1.324
0
1.224
1.224
0
1.424
1.424
0
1.224
1.324
1.324
0
1.424
1.224
1.324
1.224
0
1.624
1.224
1.224
1.224
0
0.1
1.224
1.224
1.324
0
2.548
1.224
0.2
2.448
0.1
1.836
0
0
1.224
1.224
1.224
2.548
1.224
0.2
1.224
0
0
0
0
0
1.224
0
1.524
1.224
2.448
2.548
0
0
1.224
2.548
1.224
1.224
1.324
0
1.224
3.148
1.324
0
1.224
1.424
1.224
1.324
0
3.26
0.2
0
2.748
1.324
1.224
2.448
0
4.384
1.224
1.224
1.424
1.624
0
0
1.224
0
1.224
1.324
0
1.524
1.224
0
0.2
0
1.224
1.324
1.224
0
0
0
1.224
0
1.224
2.548
0
0
0
1.324
1.224
1.324
0.1
2.448
3.06
1.224
0.1
0
3.06
1.224
1.524
2.448
0.2
1.524
1.224
0
1.324
0
1.524
1.524
1.224
2.448
0
2.448
1.424
2.448
2.124
1.324
2.748
2.648
1.524
3.06
1.424
2.448
1.524
2.548
1.324
1.224
1.224
1.224
1.224
1.424
1.224
2.448
3.06
1.524
1.324
1.224
1.224
1.424
1.224
2.848
1.224
0
0
0
0
0
2.548
1.224
1.324
1.224
1.424
0
1.224
1.224
1.224
1.224
1.224
1.324
1.224
2.448
2.848
2.648
1.224
2.448
2.448
1.224
1.224
1.224
1.224
2.548
3.06
1.324
1.424
1.224
3.16
1.424
1.224
1.224
2.548
0
0
2.448
2.036
0
3.06
3.46
3.26
0.5
1.224
0
1.224
1.224
2.548
3.06
1.224
2.448
0
0.2
0
1.324
0
1.224
1.224
4.684
1.224
0
0
0.3
1.424
0
1.424
1.324
1.224
0
3.16
0
0
0
0
1.624
1.224
0.3
1.224
0
1.324
1.424
1.224
2.448
0
1.224
1.224
0.1
0.3
1.524
0.1
1.224
0.1
0
0
1.224
1.224
1.224
2.124
0.1
1.224
0.1
1.224
0.4
0
0
0
1.624
1.324
1.324
0
0
2.748
2.448
2.848
3.348
2.124
1.324
1.224
1.324
2.548
1.224
2.548
1.224
2.548
1.524
2.848
2.548
1.324
3.872
2.448
2.748
3.348
3.048
3.672
3.972
1.324
2.448
4.172
3.248
3.148
2.548
2.548
2.548
1.524
1.224
3.248
2.548
2.648
2.448
2.948
1.224
2.948
2.648
2.548
3.772
1.224
2.548
2.548
2.448
1.324
1.324
2.648
2.548
2.448
3.772
1.224
4.672
2.448
2.648
2.548
2.548
2.548
3.872
1.524
2.448
2.448
2.748
2.748
2.548
3.972
2.548
2.448
2.748
1.224
2.548
1.224
1.224
2.548
2.448
2.548
2.548
1.224
2.448
1.224
3.872
2.448
2.548
2.648
2.448
1.624
2.548
2.448
2.448
1.624
2.648
1.424
2.848
2.448
2.748
2.948
1.424
2.448
2.324
1.224
1.224
2.648
2.748
10.008
3.148
4.372
1.924
2.448
1.224
1.224
1.324
1.324
1.224
1.524
2.448
2.448
2.448
1.224
3.448
2.748
2.448
4.284
3.672
2.448
2.448
1.524
2.548
1.824
1.224
2.548
2.448
2.648
2.648
2.848
3.972
2.548
2.748
2.648
3.048
2.448
1.224
2.648
2.448
2.848
2.448
2.548
2.448
1.424
1.524
2.448
1.224
2.648
2.748
2.448
2.548
3.648
1.224
4.472
1.424
2.448
2.448
1.424
2.748
2.448
1.224
1.224
2.648
1.324
2.548
3.772
3.772
4.172
2.548
1.624
3.772
2.448
2.548
1.624
1.224
1.224
2.548
2.748
1.624
1.324
2.448
2.648
1.224
3.672
2.648
2.648
2.848
3.348
1.224
2.548
1.324
2.448
2.448
2.448
2.448
2.748
1.224
2.024
2.548
2.448
2.648
2.448
2.448
2.448
3.548
2.648
2.448
3.772
1.224
2.848
3.672
2.448
2.848
3.872
2.948
2.448
2.448
3.772
2.648
2.448
1.324
1.224
2.448
2.448
2.648
1.924
2.448
1.524
1.224
1.524
1.224
1.224
2.748
1.924
2.548
2.548
2.548
2.548
2.448
2.448
3.548
1.524
1.224
2.448
2.448
2.848
3.772
2.448
3.972
1.224
3.872
2.448
2.448
1.224
2.448
1.424
2.448
2.448
2.448
3.672
2.848
1.424
3.772
1.324
1.224
2.448
3.748
2.548
2.448
2.848
2.448
2.548
2.448
1.324
3.048
1.224
1.424
2.448
2.748
1.324
1.524
2.748
1.224
2.548
1.324
1.224
2.448
1.224
2.448
3.972
2.448
2.748
2.548
1.324
2.448
2.448
2.448
2.648
1.724
1.324
2.748
1.624
2.648
3.672
2.448
2.448
1.324
2.448
1.224
2.448
2.548
3.672
2.448
2.448
2.548
3.048
1.224
2.748
3.772
2.648
2.548
2.548
2.748
1.224
1.524
2.548
1.324
2.448
2.548
1.424
2.748
3.648
2.948
2.448
2.648
1.224
1.624
1.424
2.948
1.424
3.672
2.448
1.924
4.584
1.724
1.224
1.224
4.072
3.772
1.424
1.224
2.448
2.448
1.224
1.224
2.548
2.448
1.324
1.224
2.648
1.224
2.548
2.548
1.424
1.224
2.448
2.448
2.448
1.224
3.048
3.348
2.648
2.548
3.148
1.224
2.448
3.972
1.724
1.424
2.548
2.548
4.072
1.224
2.648
2.648
1.324
2.448
1.324
2.548
1.624
2.548
1.524
1.324
3.772
3.648
2.548
3.872
2.748
3.148
1.324
2.448
2.448
4.172
2.448
3.772
2.648
2.648
2.448
2.448
2.448
2.448
2.848
2.548
1.324
2.648
2.648
2.548
2.448
2.448
2.448
2.448
1.224
1.724
1.324
2.548
1.224
1.324
2.448
1.224
2.548
2.448
3.672
1.424
3.048
2.548
1.224
2.848
1.324
1.224
2.448
1.224
3.872
2.948
2.648
1.224
1.224
1.324
2.448
2.848
1.224
2.448
2.948
2.224
3.672
2.448
1.224
2.448
1.224
2.448
2.448
1.324
1.224
1.224
1.324
3.772
3.448
2.648
1.324
2.448
2.448
2.448
1.324
2.448
4.072
3.872
2.448
2.448
2.448
2.648
3.972
1.224
1.224
3.772
2.548
1.224
1.324
2.548
2.448
2.548
2.448
2.548
2.024
2.448
2.648
3.048
1.424
2.848
1.224
2.448
2.548
1.324
1.224
3.672
2.448
2.448
1.224
2.448
1.624
2.448
2.548
3.972
2.648
1.224
1.824
2.948
3.872
1.724
2.448
1.224
1.224
1.324
3.972
4.072
3.772
3.872
2.548
1.324
1.224
1.524
1.224
2.448
1.424
1.224
1.424
1.824
2.748
4.172
3.148
2.748
2.748
3.672
3.672
2.448
1.224
2.748
1.324
1.224
1.424
1.224
2.448
3.672
1.224
2.648
2.548
2.448
2.448
3.772
2.448
2.448
1.224
2.648
2.448
2.948
2.848
2.448
1.424
2.648
3.048
3.772
2.448
2.548
2.948
2.548
1.224
2.448
3.148
2.648
1.424
1.224
1.624
1.524
1.424
2.848
1.524
1.624
1.324
1.424
1.624
2.748
1.324
2.548
1.224
2.648
2.748
2.548
2.448
1.624
1.224
1.224
2.648
2.448
1.324
2.548
1.324
2.648
2.548
2.548
2.524
2.648
2.548
1.324
1.224
2.948
2.024
2.024
1.224
2.848
2.448
1.224
3.048
2.648
2.448
1.224
1.224
2.748
1.324
2.448
2.648
4.872
2.548
2.648
2.548
2.448
2.648
1.224
2.748
2.448
1.624
2.448
2.948
2.448
2.648
1.224
2.448
4.072
1.624
2.548
2.548
2.448
2.648
3.772
1.224
1.224
3.248
2.748
1.224
1.224
1.224
2.448
3.872
3.772
4.772
2.548
3.872
2.548
1.524
1.224
1.224
3.772
2.848
2.848
2.448
1.324
2.448
1.724
1.224
1.224
2.648
2.648
2.648
2.748
1.224
3.448
3.972
3.672
2.648
4.272
2.748
2.948
1.224
3.248
1.224
3.772
2.448
3.248
2.448
2.448
2.448
2.448
1.224
2.548
2.448
1.224
0
0.1
0.1
0
1.224
0.1
0
1.224
0.4
0.1
3.16
0
1.224
1.224
0.1
0
0.1
0.2
1.224
0
1.224
0
1.224
0.1
0
0.6
0.1
2.448
0
1.524
1.324
1.524
1.524
3.06
0.4
1.224
1.324
0
3.06
1.224
0
0.1
1.324
1.224
0
0
0.1
1.224
0
0
1.324
2.036
0.1
1.224
1.224
1.224
0
0.2
0
1.224
1.836
0
0
1.324
1.324
1.224
0
1.224
1.224
1.224
0
1.324
0
1.324
1.524
1.836
1.224
2.448
0
1.324
2.448
1.324
1.524
0
0.3
1.224
4.284
2.448
3.16
2.548
1.224
1.224
1.224
2.448
0
2.548
2.036
1.4
0
0.1
0.1
0.7
0.1
