0.7
0.4
1.924
1.324
2.448
1.324
1.324
2.448
1.424
1.224
1.424
1.224
2.848
1.524
1.824
0
1.224
1.324
1.324
1.224
0.2
0.1
1.224
1.224
0
1.224
1.224
1.324
1.324
1.224
1.224
0
0.8
1.224
1.324
0.5
0
0
0.2
0.3
0
0.9
0
0.1
0.1
0
0
1.924
0.1
0.1
0
0
0.2
1.324
0
1.224
1.224
1.524
0.1
0.5
2.424
1.424
0
2.024
0.6
0.1
1.224
1.224
0.2
1.824
0
1.524
1.224
0.1
1
0.2
2.448
0.2
1.224
0.1
1.924
1.324
0
1.224
0.1
1.224
1.224
0
1.224
3.048
0
1.324
1.324
1.224
1.224
0
0
1.324
2.548
1.224
0
1.524
1.424
0.1
1.224
0
0
0.6
1.324
1.224
1.724
1.224
0
1.224
0.2
0.1
0.1
2.548
0.1
0
2.324
0
1.224
1.424
1.324
1.224
0.1
0.1
1.224
2.024
0.1
0.2
1.224
1.424
0.1
0.5
0.3
1.224
0.1
0.2
0
2.448
1.224
0.5
1.224
1.224
0
1.324
0.1
1.224
0
0.1
0.2
0
0.8
0.4
1.324
0.1
0.2
0
0.2
1.224
0
1.224
0
1.524
1.224
1.224
0
2.124
1.224
1.324
1.224
0
1.224
1.924
1.224
2.448
0
0.1
0.3
3.548
1.224
3.772
1.424
4.272
2.324
2.548
2.748
3.672
1.524
1.424
1.424
3.048
2.548
1.824
1.224
1.224
0
1.524
1.224
1.224
0
1.324
0.5
1.224
0
0.2
1.524
1.224
1.224
0.2
1.424
1.224
0
2.524
0
1.424
0
1.224
1.224
2.448
0.3
2.448
1.224
0.2
0
0
1.424
1.224
1.224
1.224
1.224
0.1
1.224
0
4.148
0.1
0
0.2
0
0.5
0.1
0.1
1.224
1.224
2.448
3.672
0.1
0.7
0
1.224
1.224
1.224
1.224
0
1.224
1.324
1.224
0.2
1.224
1.224
0
0.1
2.448
1.224
0.1
2.448
0
1.224
0
0
0
1.224
1.524
0
1.224
2.548
1.324
1.224
2.448
2.448
4.072
2.448
2.448
0
1.224
1.224
1.224
0
0
2.448
1.224
1.724
0
0
2.548
0
1.224
0
1.224
1.224
0
0.1
0
1.224
1.324
1.324
1.224
1.324
2.748
1.324
1.324
1.224
1.224
1.324
0
0
0
0
0.1
0.1
0.1
0.4
1.424
0
1.224
2.448
0
1.224
1.424
2.448
2.448
0.4
0.1
1.224
1.324
0
0.5
0
1.224
0
3.348
1.224
0.1
0.3
1.224
1.224
0.4
1.324
0
1.224
2.124
2.224
1.224
0
0
1.424
1.224
2.548
1.524
0
0
0
1.224
0
1.324
2.448
0
1.224
1.224
0
1.424
0
1.224
1.224
3.972
0
0
0.1
1.324
1.724
2.448
1.224
1.224
0
2.448
0.4
0
0
0
1.424
2.124
2.448
1.324
1.224
0
0.1
0
1.224
1.224
1.224
0
2.548
2.448
0
3.672
3.672
0.3
1.224
0.3
0.3
2.748
0
1.324
1.424
0
1.224
2.448
1.224
0
1.324
1.424
2.024
0
0.1
1.224
1.224
0.1
1.324
2.448
1.324
0
0.1
1.324
1.224
0
1.224
0.1
1.324
1.224
1.224
2.448
1.224
1.324
1.224
3.672
1.224
0.1
0.1
1.224
0
1.324
1.324
1.224
0
0.2
3.672
0
1.324
0
1.224
0
0
1.224
1.324
0
1
0.3
1.224
0.4
1.724
0
1.224
1.524
0.1
1.424
2.448
0
1.424
1.224
0
0
0
1.324
0
2.448
1.224
1.424
1.224
0
3.672
1.224
2.448
0.1
0
1.224
0
2.848
1.224
0.3
1.524
0.2
0
0.1
2.448
1.224
1.724
1.224
1.224
0
2.548
1.224
0
2.448
2.448
1.224
0
1.224
1.224
2.124
0
1.224
0
1.224
2.648
1.224
2.448
1.224
0
1.224
1.424
1.824
0
0
3.672
0
0.1
0.1
0.2
1.424
2.448
2.548
0.1
1.224
0.2
1.624
1.324
1.224
0
0
0
1.224
0.2
0
0
0
1.224
0
0
2.548
0
1.224
1.224
1.424
0
1.324
0.2
0.1
1.224
0
0
1.224
1.324
0.1
0
1.224
0
0
0.3
0.2
1.224
1.324
0
0
1.224
2.448
0
1.224
0
0
1.324
1.224
0.1
0
1.224
0
0
0
1.224
1.224
1.324
2.448
0
1.224
1.324
1.324
0.1
1.224
1.224
0
2.448
0.3
1.224
0
0.2
0
0
0.8
1.524
1.224
1.424
0
0
1.224
1.224
1.324
1.224
2.648
0
0
1.224
0
0
1.224
1.324
1.224
2.448
0
0
1.224
1.224
0
2.448
0.4
2.448
0
0.3
1.324
0.1
1.224
0
0.1
0
0
1.224
0
1.224
1.224
0
1.624
0
1.424
0
1.224
1.224
1.224
1.224
2.548
0
1.224
0
1.224
1.224
1.224
0
2.448
0.1
0
1.424
0
1.224
2.548
0
1.224
1.224
0
2.548
0
0.1
2.548
0
1.224
3.772
0
0
2.448
1.424
1.224
1.224
1.224
1.224
1.224
2.448
2.448
0.1
0
1.324
0
0
1.224
1.224
1.224
2.448
1.224
0
1.224
1.524
0
2.548
0
1.324
0
1.224
0
0
1.224
2.448
1.224
2.448
0.5
0
0
1.224
1.324
1.224
1.224
1.324
0.4
1.424
1.224
1.224
0.1
2.648
0
2.548
1.224
1.224
1.324
1.224
0.2
0
2.448
2.448
1.324
0.1
2.448
0.8
3.348
0.1
0.1
1.224
2.448
1.224
0
0
0
1.224
0
2.448
0.1
1.324
0
2.448
2.448
0
1.224
1.224
1.224
0
0.1
0
1.224
0.1
3.672
1.324
0
1.324
1.224
1.324
1.324
0
1.224
2.448
2.548
0
1.224
1.224
1.324
2.748
1.224
0
0
0
1.224
0
2.548
1.224
1.324
1.324
0
2.948
1.324
1.224
1.224
2.448
1.324
0
1.224
0.5
1.224
2.448
1.224
0
2.448
0
0
0
1.224
1.224
1.224
1.324
1.324
1.224
0.1
1.224
0
0
0
0
0
1.224
1.224
3.848
1.224
1.224
3.672
1.224
0
3.672
1.224
2.448
2.548
2.448
0
1.224
4.572
1.224
0
1.224
0
0.1
0.1
1.224
0.6
0.1
0
3.048
1.224
1.224
2.448
1.224
2.448
1.224
0
1.424
1.924
0
0
1.224
1.224
0
0
1.224
0
0
2.448
0.1
1.224
1.224
1.524
1.224
0
0
1.324
2.448
0
1.324
2.448
0
0
0
2.448
1.224
1.424
1.524
1.324
0
1.224
0
1.324
0
1.224
0.3
2.448
0.2
1.224
0
0.1
1.224
1.224
1.224
1.424
0
2.448
1.224
2.448
0.1
3.772
1.724
3.672
3.048
3.672
1.724
1.224
1.324
2.448
3.048
3.772
1.224
1.524
0
0
0
1.324
0.1
2.448
0
1.324
1.424
1.224
1.324
2.548
2.448
4.072
1.224
0.1
0
0
1.224
1.324
1.524
1.224
1.324
2.448
2.948
1.324
2.448
0
0
0.2
2.448
2.448
2.548
2.448
1.824
1.624
0.1
1.224
1.224
2.448
0
0
1.224
2.448
1.224
1.224
1.324
0
0
1.324
2.448
1.524
1.224
0
0
2.548
1.324
1.224
1.224
1.824
1.424
0.2
0.1
1.324
0
1.324
1.524
1.224
1.224
1.224
0
0.5
0
1.524
0
2.548
0.1
1.524
2.548
0.2
0
0
0
0.1
1.324
0.1
2.448
0
0
0
0
1.424
0
3.048
0.1
0.5
0
0
1.324
1.424
1.224
2.448
0
0.1
0.1
0.1
1.224
1.224
0.1
0.1
0
0
2.448
0
0
0.2
2.8
0
0
0
0.1
0.7
2.648
0
0.1
0.6
0.1
1.224
0
0
1.324
3.672
2.124
1.724
1.724
1.624
1.324
1.224
2.448
1.424
2.748
3.048
1.224
1.624
2.648
1.824
1.224
2.848
1.324
1.324
3.548
3.648
2.748
2.948
1.324
2.548
6.196
1.924
3.248
3.672
1.224
1.524
1.424
1.224
2.524
1.424
1.424
2.548
1.424
1.224
1.924
2.748
1.224
4.996
1.824
3.048
2.548
3.772
1.324
1.224
2.848
1.724
2.448
3.872
1.224
3.948
1.224
1.324
1.224
2.548
2.548
2.448
1.724
2.448
1.224
1.724
1.424
1.224
3.448
3.048
1.324
1.724
1.624
1.224
2.448
1.324
2.948
2.548
1.224
1.524
1.224
2.448
1.724
2.448
2.448
1.524
3.772
2.448
1.724
3.672
1.324
2.448
1.824
1.724
2.848
1.624
1.224
1.924
2.324
1.324
1.224
2.024
1.224
1.224
1.424
1.824
3.148
11.396
2.648
1.924
2.448
1.224
2.448
1.324
1.324
1.624
1.624
2.448
1.224
1.324
1.224
1.724
1.224
2.548
1.224
2.448
2.448
1.324
2.024
1.224
1.824
2.448
1.724
2.448
3.048
2.848
1.824
3.872
3.972
1.324
1.424
5.072
1.324
1.424
1.724
2.448
1.524
2.448
2.748
2.948
1.324
1.724
2.648
1.324
1.224
1.524
2.948
1.224
2.624
2.548
6.696
4.572
1.224
1.224
1.824
1.224
1.224
1.224
1.224
1.324
1.324
2.548
2.448
3.872
3.548
1.224
1.724
3.972
2.548
1.724
1.524
1.224
1.424
1.224
4.248
1.924
1.224
2.448
2.548
1.324
2.648
2.948
3.048
2.948
3.948
2.448
2.748
1.524
2.948
2.948
1.224
2.448
1.824
1.224
1.624
3.348
3.672
1.824
1.224
2.448
1.224
2.124
1.324
2.448
2.548
1.224
1.824
2.548
1.324
2.124
2.748
2.024
1.324
1.524
2.648
2.448
1.224
1.424
1.224
2.548
1.224
1.224
4.572
2.448
1.424
1.224
2.124
1.324
1.324
1.524
1.424
1.324
2.848
1.324
3.048
2.448
1.224
3.324
1.424
1.224
2.448
2.448
2.848
2.648
1.224
3.148
1.324
3.048
2.448
1.624
1.324
1.224
1.324
3.672
1.324
1.224
2.448
1.824
3.124
2.548
1.224
1.224
2.448
2.524
1.524
1.224
2.548
1.224
1.224
4.072
1.224
3.248
1.224
1.324
1.424
1.424
1.324
1.424
1.224
1.624
2.448
1.324
1.424
2.448
1.224
2.548
5.996
2.448
1.524
1.224
1.224
3.672
1.324
1.324
1.724
1.324
1.624
1.524
2.024
2.448
2.448
2.448
1.324
2.648
2.448
1.324
1.224
1.224
5.096
1.324
2.448
2.648
3.448
1.224
2.448
4.172
2.948
2.648
1.624
3.048
2.548
1.924
3.772
1.324
4.896
1.724
1.424
1.924
2.324
1.924
2.448
2.648
1.424
1.824
1.224
4.572
1.524
2.948
1.224
2.424
1.724
1.924
1.224
1.224
4.772
2.448
1.624
1.224
1.224
1.524
1.224
1.224
1.224
2.448
1.424
1.424
2.948
1.224
2.848
1.224
1.524
1.224
2.448
2.448
1.224
1.324
2.948
2.224
1.824
3.248
1.524
1.224
2.648
3.448
3.048
2.548
3.972
1.424
5.896
1.224
1.324
1.524
1.324
1.324
2.448
2.648
1.324
1.324
1.624
1.324
2.448
2.648
2.448
3.672
3.048
2.724
1.424
1.324
1.324
4.472
2.648
2.648
2.948
1.624
1.224
3.772
1.224
2.448
3.648
1.324
1.224
1.624
2.848
2.648
2.448
2.448
1.224
2.648
1.324
2.024
1.824
2.648
1.224
1.724
1.224
1.224
1.224
2.848
3.672
2.224
1.724
2.548
1.624
1.424
1.324
1.224
2.448
1.224
4.172
2.948
2.748
1.224
2.548
1.324
2.448
2.948
1.224
2.448
2.024
1.824
2.448
2.448
1.524
2.848
1.224
1.224
2.448
1.224
1.324
1.224
2.448
3.972
2.324
1.224
2.648
2.448
2.548
2.648
1.724
1.324
3.872
6.296
1.224
2.448
1.324
1.824
3.048
2.448
1.324
2.448
3.148
1.224
1.324
5.196
2.648
2.548
1.224
1.224
1.924
1.224
3.448
2.124
1.324
1.724
1.324
1.324
1.224
2.748
1.324
2.748
2.448
1.324
1.224
1.324
1.524
2.448
2.748
3.048
1.324
1.224
2.124
1.524
4.072
1.624
1.224
1.224
1.224
1.324
3.048
4.372
2.748
2.748
1.224
1.224
1.424
1.824
1.224
1.424
1.324
1.224
1.524
1.824
1.524
3.548
3.324
1.324
1.724
3.048
3.672
1.224
1.224
4.072
2.448
1.224
1.424
1.224
2.548
4.896
1.324
1.924
2.748
2.448
2.548
3.672
2.548
1.224
1.324
2.748
2.748
4.748
2.548
2.448
1.424
3.148
2.524
4.996
2.548
2.548
3.048
1.224
1.324
3.872
1.724
1.424
1.524
1.424
1.724
1.224
1.824
3.148
1.724
1.824
2.848
1.324
2.124
3.772
1.324
2.448
1.324
1.624
1.324
1.724
2.448
1.724
1.324
1.224
1.324
1.324
1.224
1.424
1.724
1.724
1.224
1.224
2.824
1.624
1.224
1.624
2.548
3.948
5.472
2.124
1.224
3.148
2.548
2.448
1.424
2.748
2.648
1.524
1.224
1.424
1.524
1.424
1.924
5.172
1.324
2.648
1.224
2.448
1.724
1.224
1.624
1.224
1.324
2.448
2.548
2.748
1.624
1.224
1.424
2.748
1.724
1.424
2.648
1.224
2.648
2.548
1.224
1.224
2.224
1.724
1.324
1.224
1.424
1.224
2.548
4.072
3.248
1.224
4.072
1.624
1.824
1.224
1.224
3.772
1.924
2.324
4.896
1.224
1.424
1.524
2.448
1.524
1.724
2.648
3.972
1.424
1.324
3.548
3.148
2.548
1.724
3.648
1.824
2.324
1.324
2.024
2.448
2.748
3.872
4.172
1.224
1.324
2.448
1.224
1.224
1.424
2.548
1.224
0
1.224
0.9
0
0
0.1
0.4
1.224
1.1
0.1
0
0
1.224
1.224
1.224
0.1
0
1.324
0
1.324
1.224
1.224
0
0
0
2.024
0.1
1.224
0
0.3
0
1.524
0.2
1.224
0.8
1.224
1.224
0
0
0
0
0.1
2.448
1.224
0
1.224
0
2.448
0
1.324
1.224
0
0.1
2.448
2.648
0.2
1.324
2.448
1.224
1.524
0
1.224
1.224
2.748
1.224
1.224
0.1
2.448
0
0
0
1.424
2.448
0.1
0
0
1.224
1.224
0
1.224
2.448
0
1.424
0.3
1.324
1.224
1.324
2.448
2.448
3.772
2.648
1.224
1.224
2.448
0
2.548
0
1.6
0.2
0
0.4
1.524
0.3
