0.8
1.924
2.7
1.824
0.2
2.024
2.848
2.448
1.324
2.448
3.448
1.224
1.524
5.048
4.548
1.324
0
1.224
1.224
1.724
0.1
0.1
0.1
1.224
1.824
1.424
1.724
0.6
1.224
0
1.224
0
4.5
0
0.4
1.1
0.4
0.3
0.3
1.2
0
2.2
0
0.2
0.2
0.1
0.6
1
1.3
0
0.1
0
0.8
0.2
0
0.1
0
0
0.2
1.8
3.2
0.9
0.2
4.124
0.9
0.9
0.2
0.1
0.4
2.5
1.4
1.1
0.8
0.3
4.5
3.124
0
1.624
0.2
0
1.3
0
0.1
0.2
0
0
0
0
0.1
3.724
0.1
0
0.3
0
0
0.6
0.6
0
1.524
1.424
0.3
2
1.5
0
0
0.1
0
2.3
0
0.1
0.6
0
0.2
0
0
0.8
0
0.6
0
0
5.6
0.2
1.324
1.4
0.3
0
0.3
0.2
0.1
0.7
0.7
0.1
0.4
0.1
0.3
1.4
0.2
0.1
0.6
1.7
1.524
1.424
0
0.4
0.1
0.1
0.2
0.2
0.3
0
0
0.2
0.2
0.1
2
0.6
0.4
1
1.6
0.2
0.1
0.1
0.1
0
0.4
0.4
0.1
0.2
0.1
7.024
0.3
1.9
0.1
0.4
0.1
1.7
0.2
0.1
0.1
0.7
0.8
1
2.748
1.224
2.024
2.124
2.724
1.224
1.624
1.324
3.848
1.624
1.524
2.124
1.524
1.624
1.224
1.424
0
1
0.6
0
0
0.9
4
0
0
0.9
0.5
0.2
0
0.4
2.524
0
0
3.7
0.1
4.324
0
0
0
0.2
1.2
0.1
0.1
0.2
0
0
0.7
0
1.524
1.224
0.1
0
0.1
0
5.2
0.1
0
0.3
0
1.2
0.6
0
0.1
0.2
1.324
0
0
4.924
0
0.2
0
0
0.1
0
0
0.7
1.424
0.2
0.1
0
1.524
0.5
0.1
0
3.124
0
0.2
0
0
0.5
0.1
0
1.3
0
0.1
0.1
0.4
0
0
0
0.3
1.224
0.1
0.4
0
0
0.1
0.1
0
0
0
1.9
1.324
0
0.1
0.1
0.3
0.1
1.924
0.2
0.2
2.624
1.624
0
0.6
1.1
1.324
0.1
0.5
0
0.1
1.224
1.224
0.2
0
0.2
1.224
0.2
0
1.524
0.6
1.2
0.9
0.2
0
0.3
1.424
0
3.924
1.324
0
2.124
1.524
0
0
1.424
1.7
1.324
0
0
3.5
0.1
0.7
0.7
0.4
0.2
1.4
0
0.2
0.1
2.2
5.2
1.424
0.2
0
0.4
1.424
2.024
1.824
1.224
0.1
0
0
1.324
0.1
0
1.624
0
0
0.2
0.3
1.224
1.224
0
2.3
1.324
1.424
1.624
1.424
3.024
0
0
1.224
0.5
0
1.2
0.4
0.3
1.224
1.224
4.924
0
1.724
1.324
0
0.9
0
1.324
0.1
0.1
0
0.4
0.1
0
0.1
0
0.8
0
4.824
0.7
0.2
0.1
1.224
0.2
0.2
1.224
0
0
0
1.324
0
4.024
0
0.4
1.224
0.1
0.7
0.9
1.324
0.4
0
0.9
0.6
1.924
0.1
1.1
0.3
1.624
1.224
1.824
1.324
0.1
1.324
0.2
0
0
0.7
0.1
1.324
0
1.224
0.3
0.1
0.2
2.224
0
0
3.424
0.2
0
0.1
1.2
1.424
0.2
0.4
3.4
1.1
1.224
0.9
3
0.1
0.3
2.524
0.6
2.624
0
0.2
1.1
0
1.224
0
0.4
1.524
0
0
2.324
2.124
0.1
0
0
0.1
0.2
0.5
0
1.224
0.2
0.7
0.1
1.224
0.4
0.6
0.1
1.224
0
0
1.3
1.224
0
0.1
0.4
0.1
0
0
0.1
1.624
0.1
1.324
0
2.3
0
0
0
1.324
0.5
1.3
0
0
0
0
0.4
0.8
0
0
0.1
0
0.3
0
0.6
2.424
0
1.324
0.4
1.624
0.2
1.2
1.724
0
0
0
1.724
0.3
0.1
0
0.3
0
0.6
0
0.2
1.824
0.1
0
0
0
0.1
0.8
1
0.4
1.424
1.224
1.624
0
1.424
0
0
0
0
0
2.1
0.7
0
0
1.224
0
0
0
0.2
1.324
0.1
1.424
1.524
0
0.8
0
0
0.1
0.2
0.1
0
0
1.424
1.324
1.224
0
1.624
2.324
0.3
1.324
1.224
0
0.4
1.5
1.324
1.624
2
0
0.2
1.7
1.624
0
1.624
0.3
0.4
0.1
1.224
1.524
0.3
0.5
0.1
1.324
0.1
0.2
0.1
0.1
0.4
0
0.3
0
0
1.624
0.6
1.224
0
0.3
0
0
0.9
1.324
1.724
0
0
0.1
0.5
0.2
0.1
1.624
0
1.224
1.524
1.6
0.1
0.4
0.2
0.2
0
0
0.4
0
0
0.1
0.2
0.2
0
1.624
0
1.224
2.024
1.924
0.5
0
1.524
0.9
0
0
1.224
0
1.924
0.1
2.124
0.4
0
0
0
0.1
0.4
1.424
0.2
0
0
0.1
0.2
1.224
0.3
0
0.7
0.2
0.8
0.7
0
1.324
0
0.1
1.324
0
0.1
1.324
0.4
1.424
1.224
1.524
0.4
0.2
0
0
0
0
0
1.324
0
4.324
0
0.6
0.1
1.224
0
0
0
0.3
1.624
0
0.3
0.6
0.4
0
0.3
1.324
0
0.2
0
0.2
0.3
0.5
0
0.1
0
0.1
6.924
2.1
2.224
0.3
3.124
0.1
0
0
0
0
1.324
0.3
0
0.5
0
0
1.224
0
0
0.1
1.524
0.1
0
1.224
1.224
0.2
0.2
0
0.1
0.1
1.724
0
2.724
1
0.4
0.3
1.224
0.3
0
0
0
0.7
1.9
1.424
0.1
1.224
0.2
0
0.1
0.5
0
1.724
0.1
0
0.6
0
1.324
0
1.224
0.1
0
0
0.1
1.224
0.2
1.424
0.2
0.1
1.224
0
0
0
1.624
0
0.2
0.2
0.2
1.624
0
1.324
0.1
1.324
0
0.1
0.1
1.224
0.7
0
0
0.2
0
0
1.424
0.3
0.1
0.6
0.1
0.1
0
1.2
0.1
0.2
0
0.1
0.2
0.6
1.224
0.5
1
0.1
1.6
0
0
0
1.224
0.3
0
0
1.9
3
0
0
0
1.224
0.1
0.3
0.1
0.5
0.1
0.1
0.6
1.324
0
0.5
1.224
0
0
1.624
0.1
1.224
0.1
0.1
0
0.1
0.2
0.1
0
0.2
3.024
0.3
0
0
1.824
0
0
0
0.7
1.224
0.6
0.4
0.1
1.524
0
1.224
1.924
3.124
0.1
0
1.324
0
0.6
0.1
1.9
0
2.824
0.4
1
0.1
1.424
0
1.924
0.1
1.324
1.524
0
0.1
0
0.4
0.2
0.1
0
0.2
0.3
0
0.1
1.7
0.1
0.4
0.1
0.2
0
1.424
1.324
0.6
1
1.524
1.624
0
2.924
1.324
0
0
0.2
0.2
1.324
1.924
1.624
1.424
1.824
1.524
0
0.3
0
0.6
0
0
0
0.1
0
0.1
1
0.4
0
0.1
0
1.3
0.2
0
0
0.7
0.6
0
0.4
2.1
0.6
1
1.224
1.224
0
0.2
0.9
0.2
0
0.1
0
5.424
0
2
0.3
0.1
0.2
0.8
0
0.6
0.2
0.3
0.5
0.1
0.5
0.3
0
0
0.2
0
0.1
1.424
0
4.624
0.1
1.4
0.2
0
0
0.4
0
2.548
1.224
0
0
1.624
2.824
0.6
0.6
0.2
1.224
1.824
0
0
0.1
0.1
6.7
0.1
0.1
0.2
0.1
5.924
0.2
1.924
0.1
2
0.3
0.5
1.224
0
0.1
1.224
3.324
1.424
3.424
1.324
1.424
2.448
1.324
1.424
2.024
1.424
1.524
2.524
1.524
1.924
2.748
1.424
2.448
1.424
2.124
2.024
1.624
1.424
2.648
1.824
1.624
1.924
1.924
2.648
1.224
1.224
3.348
1.424
3.624
3.248
1.924
1.224
1.624
2.548
2.924
2.124
1.224
1.324
1.624
1.524
1.224
1.424
1.424
1.424
2.524
1.524
1.224
1.224
2.448
2.524
1.424
1.424
1.324
1.324
1.324
1.724
1.824
1.424
1.224
2.224
1.324
1.224
1.524
2.124
1.324
1.824
1.724
1.324
1.224
1.524
4.148
2.848
1.724
1.524
1.724
1.224
1.324
1.524
1.224
1.224
1.324
1.224
2.024
1.224
1.224
1.424
1.624
1.624
2.748
1.624
1.324
1.624
2.424
2.324
1.224
4.224
1.324
1.424
1.524
2.324
1.924
1.924
1.524
19.548
1.424
2.748
2.448
3.148
1.224
1.724
3.848
1.424
1.224
2.848
2.648
1.724
1.424
1.324
1.324
1.224
1.224
1.424
6.348
1.224
2.724
2.548
1.824
1.524
1.724
2.124
1.824
2.124
1.624
1.424
1.624
6.024
1.424
1.424
1.824
1.324
1.624
1.224
1.424
1.624
1.624
2.424
1.424
1.224
1.224
1.624
1.224
1.524
2.524
1.224
1.924
1.724
1.224
1.224
1.624
1.624
1.224
1.324
1.224
1.324
3.248
1.224
1.624
1.224
1.924
1.524
1.924
2.324
2.024
1.624
4.348
2.448
2.648
1.324
5.624
7.148
2.648
1.324
3.324
2.548
1.324
1.324
1.724
2.824
2.124
1.224
1.424
1.524
1.724
1.724
1.524
1.224
1.724
1.224
2.024
3.824
1.224
1.524
1.224
1.324
1.324
2.024
1.524
1.224
1.324
1.524
1.924
1.324
1.724
1.824
1.624
2.024
1.624
1.624
1.724
1.324
1.224
3.248
2.648
1.224
1.224
1.624
2.424
1.424
1.724
1.424
2.224
1.224
1.324
5.548
4.948
2.648
2.324
1.224
2.724
1.224
1.224
3.324
3.448
2.548
1.224
1.224
1.724
1.324
1.224
1.724
1.424
1.524
1.324
1.724
1.424
1.224
1.924
2.448
1.224
1.224
1.424
1.424
2.124
1.724
1.724
1.324
1.224
1.924
1.724
1.324
2.724
1.224
1.224
1.724
1.924
2.324
2.548
1.524
1.324
1.724
2.548
3.648
1.824
1.824
1.324
2.748
2.848
1.324
1.224
1.224
1.424
1.524
1.524
1.424
1.624
1.224
1.324
1.224
1.724
1.724
2.124
1.424
2.224
1.224
1.224
1.224
1.524
2.124
2.648
1.224
1.224
1.324
1.224
1.224
1.224
1.924
2.024
2.848
1.724
2.524
1.424
1.324
1.324
1.524
1.424
2.224
1.324
1.324
1.224
1.724
3.248
1.924
2.124
1.824
1.224
1.324
1.724
2.424
1.324
2.224
4.248
1.724
1.224
2.424
2.024
3.724
2.748
1.224
2.024
1.324
3.848
1.424
1.224
2.224
1.424
1.424
1.224
1.224
1.624
2.948
1.324
1.324
1.624
1.424
1.624
1.224
1.224
1.224
1.324
2.748
2.224
7.648
2.324
1.824
4.548
1.224
1.424
2.024
2.224
1.924
1.524
1.424
1.424
2.548
1.524
1.824
3.648
1.324
1.324
2.824
1.224
1.224
3.824
1.324
1.624
4.124
2.024
1.224
1.824
1.524
1.324
1.424
1.224
2.324
1.224
1.324
2.024
1.724
1.424
1.524
1.324
1.224
2.624
1.324
1.424
1.524
1.624
1.224
1.224
1.524
1.224
1.224
1.624
2.524
2.924
1.424
1.424
3.548
1.224
1.324
1.224
1.424
1.224
3.724
1.424
1.524
1.424
1.524
1.424
1.624
1.324
1.324
1.424
1.524
1.524
2.848
1.324
2.448
1.224
4.024
1.324
1.224
1.924
5.448
1.224
1.224
1.324
1.324
1.324
1.224
1.324
1.824
2.748
2.448
1.424
1.524
6.948
1.324
1.624
1.224
1.224
1.424
1.624
1.324
1.824
1.624
1.224
1.324
2.648
2.524
1.624
2.548
1.324
1.224
1.624
1.224
1.324
1.724
1.424
1.524
1.224
1.324
1.624
1.224
2.024
3.324
3.248
1.724
3.648
1.324
1.324
1.624
2.948
1.324
1.424
1.424
2.548
1.424
4.648
1.224
2.324
1.624
2.948
1.224
2.124
2.024
1.824
2.224
1.224
2.448
1.224
1.424
1.724
1.724
1.524
1.624
1.224
1.224
1.324
1.624
1.524
2.224
1.524
2.448
1.724
2.824
2.024
2.224
2.724
1.424
1.524
1.824
1.224
1.224
1.224
2.124
2.448
2.648
1.924
1.224
1.324
1.224
1.224
1.624
1.424
2.548
1.424
1.224
1.324
1.224
1.524
1.824
1.724
4.824
1.824
2.024
2.848
2.024
3.524
1.424
1.224
1.324
3.224
1.224
1.424
1.624
2.124
1.724
1.524
1.924
1.324
1.424
2.548
1.924
1.924
4.248
4.248
1.724
3.424
1.524
1.224
1.224
3.048
2.024
3.648
1.524
1.824
3.648
2.448
2.448
1.424
1.324
1.324
1.324
1.824
1.924
1.424
1.224
10.048
1.524
1.224
1.524
2.948
2.224
4.224
6.748
1.224
2.024
1.424
1.224
4.548
1.424
2.024
2.124
1.424
2.124
1.924
1.424
2.024
4.124
1.324
1.424
1.224
1.324
1.924
1.324
1.724
1.224
1.524
1.324
2.324
1.324
1.724
1.224
1.324
2.524
3.348
1.624
1.524
1.224
2.124
1.724
1.324
1.324
2.624
2.124
1.224
1.624
1.524
1.324
1.324
1.624
1.824
1.424
1.524
2.024
2.624
1.324
1.424
1.424
1.724
2.924
1.324
1.424
2.224
6.348
1.224
1.424
1.424
1.824
1.224
1.324
1.324
3.324
2.324
1.524
2.024
2.324
2.324
2.824
1.224
2.424
1.224
1.724
1.324
1.724
1.224
1.324
1.324
1.324
2.548
1.924
2.448
0.1
0
2.624
4.024
0.1
0
1.724
1.5
0
3.2
1.624
0
0
0
0
1.324
0.1
0.3
1.524
0.1
1.624
0
1.324
0.2
1.324
0
6.824
0.2
0
0
3.424
1.1
3.4
1
0
3.2
0.3
1.224
0.1
0.1
0
1.224
1.624
0
0.3
0.2
1.224
0.4
1.324
0.1
0.1
0
0.7
2.424
0.1
2.024
0.2
0
0.3
1.424
0.1
0.1
0
0
2.724
0.2
0
0.1
0
1.324
0
0.1
3.624
0
0.4
0.4
0.1
0
0
0.3
0.1
0.2
0
0.4
0.4
0.6
0.1
0.1
0
1.224
0.3
0.3
1.224
1.224
0.1
0
1.224
0.4
6.4
0.3
0.3
2
4.024
1.2
