2.948
0.2
1.5
0.3
0.3
1.224
1.324
1.224
2.648
1.224
2.548
1.224
1.524
1.724
1.724
0
0
0
0
0
0.2
0.1
0
0
1.324
0
1.524
0.2
0.1
0
0
0.1
2.724
1.224
0.2
1.424
1.424
1.224
0
1.424
1.324
2.124
0
0
0
0
1.624
0.2
1.224
1.224
0
0
1.224
0.1
0.1
0
1.224
0.1
1.224
0.2
0.9
0.7
0
1
1.724
1.524
0
0
0
1
1.424
1.724
1.724
1.224
2.024
1.724
0.1
0
0
1.224
0.3
0.1
0
0
0
0
0
0
0
0.5
1.224
0.3
1.224
0
0
1.324
1.424
1.224
0.1
0
0
0.6
0.6
1.224
1.224
1.324
2.448
0.5
0.3
1.224
2.948
1.324
1.224
0
0
0.2
2.648
0.4
1.224
1.224
1.9
0
0
1.624
0.2
1.224
1.224
0.1
0
0.7
2.548
0
0
0
1.324
0.2
0.3
0
0.1
1.424
1.524
0
0
0.2
0
0
0
0.3
1.224
0.1
0
1.424
1.224
2.648
1.324
1.424
1.724
0.1
3.548
0
1.424
0
1.224
1.224
1.624
0
0
1.224
1.324
1.5
1.324
1.624
1.224
1.224
1.224
0.3
0
0
0
1.524
1.424
0.4
1.224
1.324
2.748
1.524
1.724
1.324
1.224
1.224
1.624
2.448
2.548
1.824
1.424
1.324
1.224
3.972
1.224
0.4
1.424
0
1.224
0.2
2.024
0
1.224
1.724
0.2
1.224
0
1.724
0.3
0
1.224
3.224
1.224
2.624
0
0
0
0
0.8
0
0
0.2
0
0
0.2
1.224
0
0
0
0.1
0.1
0
1.9
0
1.224
0.5
0
0.4
0.3
0
1.224
0.1
1.224
0
0
0.6
0
0
0.1
0
0
0
0
0.3
0
0
0
1.224
1.224
0.7
0
1.224
0.2
0
1.224
0
1.224
1.524
1.324
0
0.6
0
0
0
2.448
2.448
1.224
0
0.3
0
0.2
1.224
0
0
0
0
0
0
0
0.3
0.2
1.224
0.1
1.224
0
2.448
0
2.648
0.3
0.1
0.1
0
0.2
1.524
0
1.724
0.1
0
0
0
0
0.1
1.224
1.324
0
1.524
2.448
0
2.648
1.424
0.4
1.224
0.1
0
0
0
0.7
0
0.1
0.6
0.1
0
0
0
3.348
1.224
1.224
1.424
1.2
1.324
2.024
0.2
1.324
0.4
1.824
2.548
2.548
2.548
0.9
2.924
0
0.2
1.224
1.224
0
2.648
2.648
0.1
1.224
1.224
0
0
0
1.224
0.1
0
0
0
0.1
0
0.1
0
0.5
0
0
0.2
0
0.3
0
0
0
0
0
1.324
1.324
0
0.1
1.324
1.1
0
0.3
1.224
0
1.324
1.224
0
0
0.1
1.224
0.2
0
1.224
0
0
0.1
0
0.9
0.2
1.524
0
0
0
1.324
0
1.324
0
0
0
0.2
0.6
2.448
0
0.1
1.224
0.4
0.1
0
2.548
0
0.1
0.7
0.1
1.224
2.948
0.1
2.448
0
1.424
0
2.548
0.1
0
0
0
0
0
0.1
0
0
0.2
0.1
1.224
0
0
1.224
0.4
0
0.1
0
0.6
0
0
0.2
0.9
2.124
0
0.4
2.224
0.1
1.324
0.5
0.1
0.4
0
0
0.1
0
0
1.224
0.1
0.1
0.1
0
1.624
0.1
0
1.324
0
0.1
0.2
0
0
0
0
0.2
0
0
0
0.2
2.448
0.1
0
0
0.5
0
0
1.224
0.2
0
0
0
0.1
0
1.224
0
0
2.324
0
1.224
0
0
0.3
0.6
0
0
1.224
0.1
0.2
0.3
1.224
0.1
0
2.448
1.424
0
1.424
0.3
0
0
1.324
0.3
0.3
0.3
0.2
0
1.224
1.224
0
0.1
0
1.224
0
0
0.1
0
0.2
0
1.424
0
0
1.524
1.224
1.724
0
1.324
1.424
0
0.2
0
0
0.1
0
0.1
0
0
2.124
0
0
0
0
0
0
0
1.224
0.1
0.1
0
0.1
1.224
0.3
0
1.224
0
0
0
0
1.324
0.1
0.1
0
0
0.1
1.624
0.1
0
0
1.224
0.1
0.3
0.1
0.1
0.4
0
0
2.224
0.1
1.224
0
0
0.1
0.2
0
0.1
0.1
1.324
0
0
0
1.224
0
0
0.1
0.1
0
0
0
0
0
1.224
0
1.224
1.324
2.448
0.2
0
0.1
1.224
1.224
1.224
0.2
0
0
0.1
0
0
0
0.3
0
1.224
0
0
0
0
0
1.324
1.224
0
0.1
0
0.1
0.3
0
0
0.2
1.424
0.2
1.224
1.224
0.3
1.224
0
0
0.1
0.2
0
0
0.2
0
0.1
0.1
0
0.1
0
0.2
0
0
0
1.424
0
0.3
1.224
0.2
0.1
0
0.1
1.324
0.1
1.224
0.1
0
0
2.448
0
0.4
0.1
0
0.1
0.1
0
0
1.224
1.224
0.1
0
0
0.1
2.624
0.1
0.2
0
0
0
0
0
0.2
0.2
2.748
0
0
1.224
0.1
0.2
0
0
1.324
0
1.224
0
0.3
0
0
0
0
1.8
1.924
0
1.324
0.3
0.1
0
1.224
0
0
0
0
0.1
0
1.224
1.224
0
0
1.224
0
0
0
0
1.224
1.224
0.2
1.224
0
0
0
0.4
1.224
0.2
0.3
0
0.1
0
0.2
0
2.548
0
0.2
0.5
0
2.448
0
0
0
0
1.824
1.224
0.3
0
2.448
1.424
0.1
0
0.1
0
0
0
0
0.1
0
0
0
0
0
0.2
0
2.448
1.324
1.224
0
0
0.1
0
1.224
0
0
1.224
0
1.224
0
0
0
0.3
0
0
0
0
1.224
0
0
0
0.3
0
0
1.224
0.2
1.224
0.1
0
0
1.324
0.1
0
0.4
1.424
2.448
0.2
1.224
2.448
1.224
1.224
0
0
0
0.1
2.024
1.224
0
0
0
0.1
0.1
0.1
0
1.224
0
3.048
0.1
1.224
0.1
0
0.2
0.1
0
0
0
0
0.1
1.224
1.324
0.1
0
0
0
0.5
0.2
0.2
1.224
0.1
0
1.224
0
1.624
0.1
1.324
1.424
0
0.1
1.324
0
0.4
0.6
0.2
0
0
0
1.524
0
2.948
0
1
0.2
0.4
0
0
0
0.2
0
0.1
0.1
0
0
0
0
0.1
0
0
0
0.1
0
0
0.5
0
0.3
0
0
2.448
1.224
0
0.1
0.3
0.1
0.1
0
0.4
0
0
0
0.1
0
0.1
0.3
0.2
1.324
2.848
2.448
0
0.1
0.1
0.2
0
0.1
1.224
0
0
0
0.3
0
0
0.1
0
0
0.1
1.224
1.224
0.2
0.1
0
0.1
0.9
0.3
0.4
1.424
0
0
0.1
0.4
0.2
0
0
0
0.8
0
1.824
0.1
1.324
0
0.2
0
0.4
0.1
1.624
0.3
1.224
0.3
0.3
0
1.224
0
1.224
1.224
0.1
1.224
0.7
0
1.424
1.424
2.448
1.224
0.5
0
1.224
0
0
0
1.224
0.3
1.724
0.2
0
1.224
0
0
0
0
0.1
2.1
1.324
0
2.748
0.1
0.7
0
0
1.224
1.824
1.424
0.1
0.1
1.224
0
1.224
2.748
2.448
3.148
2.548
2.448
2.448
1.324
2.648
1.524
1.224
1.224
2.748
1.324
1.224
1.224
3.872
2.448
1.224
1.424
1.424
1.324
1.224
1.224
2.548
1.524
2.548
2.548
1.224
1.224
2.648
2.648
3.672
3.024
1.224
1.324
1.224
1.324
2.448
1.924
1.324
1.224
1.224
2.548
1.424
1.224
1.224
2.648
2.448
1.724
2.448
2.448
1.324
1.224
1.624
1.224
2.448
1.224
1.224
2.648
1.224
3.672
1.224
1.224
1.424
1.224
1.224
1.424
1.824
1.224
2.548
2.548
1.224
1.224
3.772
2.648
2.548
1.324
2.448
1.424
1.224
2.648
1.224
3.672
1.324
1.224
1.224
2.848
1.224
2.448
2.448
2.548
1.324
1.224
1.424
3.772
1.224
1.924
4.172
1.224
1.624
2.448
3.672
1.424
2.648
1.224
1.624
1.224
1.724
2.548
1.224
1.224
1.224
2.648
8.872
2.748
1.224
1.224
2.448
2.448
1.224
1.324
1.224
2.448
1.224
3.672
1.624
2.948
1.224
3.048
1.224
1.524
1.224
1.324
2.648
1.424
1.524
2.448
1.224
2.448
2.724
1.224
2.448
2.548
2.448
1.224
1.324
1.424
1.324
2.648
3.772
2.548
2.448
1.224
2.648
2.748
1.224
1.624
1.224
1.724
1.324
1.224
1.224
2.448
2.448
1.224
2.448
2.448
1.424
1.324
1.224
1.324
1.224
1.324
1.324
2.948
2.648
3.248
2.648
1.324
1.224
1.224
1.224
2.924
1.424
2.448
1.224
1.224
1.224
1.224
1.224
1.324
1.224
1.324
2.448
2.448
2.448
2.448
2.448
3.872
1.224
2.648
2.448
1.324
2.224
1.224
2.448
1.224
1.224
2.448
2.548
1.224
1.324
1.224
2.448
1.424
1.224
1.324
1.524
2.748
1.424
2.648
2.448
2.848
1.224
1.224
2.648
1.224
1.224
1.224
1.224
1.424
2.448
2.548
2.448
3.048
2.448
2.748
2.848
1.324
2.448
1.424
1.224
2.548
1.224
1.224
3.248
1.224
2.548
3.772
2.548
1.224
1.224
1.224
1.324
2.548
1.224
2.548
1.224
2.748
1.224
2.848
1.224
1.224
1.224
1.224
1.324
2.848
1.324
2.648
2.448
1.324
3.148
2.548
1.224
1.424
1.324
2.448
1.224
2.648
1.524
1.224
2.448
2.648
1.224
2.448
1.324
2.448
2.548
1.224
1.224
1.224
1.224
2.448
1.324
1.424
1.324
1.424
1.224
3.772
1.224
1.324
1.424
1.224
1.324
2.648
1.224
2.848
1.224
1.224
1.224
1.224
2.548
1.224
2.548
1.224
1.224
1.224
2.448
1.224
2.448
2.848
1.224
1.224
1.424
2.548
1.324
2.448
1.324
1.224
2.748
1.224
1.224
1.224
1.724
3.672
1.624
2.948
3.872
2.448
2.448
2.448
2.748
1.224
2.548
2.648
1.324
1.224
3.248
1.624
2.948
1.224
3.672
2.648
1.324
2.548
2.448
1.224
1.224
2.448
1.424
1.224
1.224
2.548
1.324
3.672
2.448
1.224
2.448
2.448
2.448
2.448
2.448
1.224
2.548
2.548
3.648
1.324
1.524
2.548
2.648
1.224
1.424
1.424
1.224
1.224
1.224
1.324
1.324
1.624
2.548
1.224
2.548
1.224
3.048
2.448
2.448
1.624
2.648
1.424
1.524
2.848
1.224
3.872
1.424
2.748
1.224
1.224
2.648
1.224
1.224
1.224
2.448
1.324
1.224
1.224
2.448
1.624
2.548
1.224
1.224
2.548
2.448
2.648
1.224
2.448
1.524
2.548
1.424
2.124
1.224
2.448
2.448
2.448
1.224
1.324
1.224
1.224
4.872
2.548
1.224
2.548
1.324
2.448
2.448
1.324
2.548
1.724
1.224
1.224
1.224
1.224
2.548
1.324
3.848
3.972
1.324
1.224
1.324
1.224
3.672
2.748
1.324
2.648
1.224
1.324
1.324
2.448
2.448
1.224
1.424
3.448
1.224
2.548
1.224
1.224
1.324
2.448
1.224
1.224
1.224
1.224
2.448
2.448
3.048
1.324
1.324
2.448
1.224
1.724
2.448
2.448
1.224
1.324
3.772
1.224
1.224
2.648
1.224
3.048
2.524
2.648
2.648
1.224
1.224
1.224
2.448
1.224
2.548
1.224
2.548
1.224
1.224
1.324
1.224
1.324
1.424
2.648
2.448
2.848
1.224
1.524
2.848
1.324
1.224
2.448
1.424
1.324
2.648
1.324
1.424
1.224
2.448
2.548
3.972
3.872
1.324
2.548
2.448
2.648
2.548
2.548
1.524
4.472
1.224
2.548
1.424
1.224
2.448
1.224
2.448
1.224
1.224
2.548
2.548
1.324
1.224
2.448
1.324
1.324
1.224
1.224
1.224
2.548
1.224
2.448
1.324
2.648
3.548
1.224
1.724
1.224
1.524
1.724
1.324
2.448
1.224
2.524
1.224
1.324
1.324
1.224
2.548
2.848
1.524
2.448
1.224
1.524
3.048
2.748
1.224
1.524
1.324
3.348
1.224
2.448
1.224
1.224
1.324
2.548
2.448
1.324
2.748
1.224
1.224
1.224
2.448
2.448
1.324
2.548
1.324
2.448
2.548
2.624
2.748
2.548
3.772
1.224
1.824
1.924
1.924
3.672
2.548
1.224
1.224
1.324
2.548
3.148
2.848
1.224
1.324
1.224
2.548
1.524
4.048
2.548
1.424
1.224
1.324
2.548
2.448
4.272
2.548
2.548
1.224
1.424
1.424
1.624
2.448
1.524
1.524
2.648
1.424
1.324
1.324
1.324
1.224
3.672
2.448
2.848
1.324
2.548
2.548
2.448
2.448
2.548
2.548
2.948
2.448
1.224
2.848
3.648
3.772
2.448
1.224
2.648
1.524
1.224
2.448
2.648
2.848
1.224
3.772
1.324
4.272
1.324
1.524
2.548
2.224
1.424
1.324
2.648
1.524
1.524
1.324
2.648
1.624
1.224
1.524
1.224
2.548
1.224
1.224
1.224
1.224
1.224
2.648
1.224
1.524
1.424
0
1.624
1.224
1.224
1.624
1.624
0
3.324
0.1
1.424
1.224
0
0
0
2.448
0
0.2
1.224
0.3
1.224
0
1.324
0
1.224
1.6
0
0
0
0.6
0.3
2.424
0.6
1.224
3.848
0.2
0.1
1.324
0.1
0
0
0.1
0
1.224
0.1
0
1.224
0
0
0
0.1
0
0.4
0
0.1
0
0
0.1
0
0.1
1.224
1.424
2.548
0.2
0
0
2.448
0
0
1.224
1.224
0.4
2.448
1.724
1.324
1.224
1.224
0
0
0
0.1
0.2
0
2.548
2.648
0.2
0.1
0
0
0.2
0.3
0
0
0.1
1.224
1.324
0.1
4.248
3.148
1.424
1.424
0.6
1.424
