2.236
0.1
1.724
1.224
2.548
0
0.1
1.224
0
0
0
0
1.324
0.2
0
0
1.224
1.224
1.224
1.224
0
0
1.224
1.224
0
1.224
1.224
1.224
1.224
1.224
1.224
0
0.1
0
3.06
1.936
1.936
1.836
1.836
1.936
1.836
2.036
1.836
1.836
1.836
1.836
1.836
3.56
1.936
1.836
1.836
1.936
1.936
3.06
1.836
3.06
3.46
3.06
1.836
2.236
3.46
3.06
1.836
3.26
2.036
1.836
3.06
3.16
1.836
3.16
1.836
3.26
3.26
1.836
2.136
1.936
3.06
1.936
3.06
1.836
3.26
3.06
1.836
3.06
1.836
3.06
3.06
1.836
3.06
4.384
1.836
3.06
3.16
3.06
3.06
1.836
1.836
3.06
3.06
3.06
1.836
3.16
3.06
1.836
3.06
1.836
1.836
2.036
3.16
2.036
3.46
3.06
1.836
3.06
1.836
2.036
1.936
6.184
1.836
1.836
3.46
1.836
3.06
3.06
3.06
1.836
1.836
1.836
1.836
3.06
1.836
1.836
3.06
1.836
1.836
1.936
1.836
3.06
1.936
2.136
1.836
4.284
3.06
2.036
3.06
3.06
1.836
3.06
1.936
3.06
1.836
2.036
1.936
1.836
2.036
1.936
3.06
1.936
2.136
1.836
1.836
3.06
1.836
3.06
1.836
3.06
3.06
3.06
1.836
3.66
3.06
3.16
3.06
1.836
3.06
3.46
3.06
3.06
1.836
1.936
1.936
3.26
1.836
4.284
1.836
4.584
2.036
3.16
3.26
4.284
1.836
1.836
1.836
3.06
3.16
1.836
1.836
1.936
0
1.324
1.224
1.224
0
1.224
0.3
1.224
0.1
0.1
1.524
1.324
1.224
0
1.324
1.224
0
1.724
0
1.324
0
1.224
1.224
1.224
0.4
1.224
1.224
0
0
0
1.324
1.224
1.224
1.224
1.224
0
1.224
0
3.248
0
0
0.2
0
0
0
0
1.224
1.324
1.224
2.448
0
0.3
0
1.224
1.224
1.224
1.224
0
1.224
1.224
1.224
0.1
1.224
1.224
0.1
0.2
1.224
1.224
0.1
1.224
0
1.224
0
0
0
1.224
1.524
0
1.324
3.06
1.324
1.224
2.448
1.224
2.448
1.224
2.548
0
0
0
1.224
0
0
1.224
1.224
1.424
0
0
1.324
0
1.224
0
1.224
1.224
0.1
0.1
0
1.224
1.224
1.324
1.224
1.324
2.448
1.224
1.324
1.224
1.224
1.324
0
0
0
0.1
0
0
0
0
1.224
0
1.224
1.224
0
1.224
1.324
2.448
1.224
0
0
1.224
0
0
0.2
0
1.224
0
1.424
1.224
0.1
0
0
1.224
0.2
1.224
0
1.224
1.324
1.624
1.224
0
0
3.06
1.224
1.224
0
0
0
0
1.224
0
1.224
1.224
0
1.224
1.224
0
1.224
0
1.224
1.224
2.548
0
0
0
1.324
1.524
1.224
1.224
1.224
0
1.224
0
0
0
0
1.224
1.624
2.448
1.224
0
0
0
0
1.224
1.224
1.224
0
1.324
1.224
0
2.448
2.448
0
1.224
0.3
0
2.448
0
1.224
1.224
0
1.224
2.448
1.224
0
1.324
0
1.524
0
0
1.224
1.224
0.1
1.324
2.448
1.224
0
0
1.424
1.224
0
1.224
0.1
1.324
1.224
1.224
2.448
1.224
1.224
1.224
2.448
1.224
0
0
1.224
0
1.224
1.424
1.224
0
0
2.448
0
1.224
0
1.224
0
0
1.224
1.224
0
0.4
0
1.224
0.2
0
0
1.224
1.324
0.1
1.224
2.448
0
1.324
1.324
0
0
0
1.224
0
2.448
1.224
1.224
1.224
0
2.448
1.224
2.448
0.1
0
1.224
0
1.424
1.224
0
1.224
0
0
0
1.224
1.224
1.324
1.224
1.224
0
2.648
1.224
0
1.224
2.448
1.224
0
1.224
1.224
1.424
0
1.224
0
1.224
1.224
1.424
1.224
1.224
0
1.224
1.324
1.324
0
0
2.448
0
0
0
0.1
1.224
1.224
2.448
0.1
1.224
0.1
1.224
1.324
1.224
0
0
0
1.224
0
0
0
0
1.424
0
0
2.448
0
1.324
1.224
1.224
0
1.324
0
0
1.224
0
0
1.224
1.224
0
0
1.224
0
0
0.2
0.1
1.224
1.224
0
0
0
1.224
0
1.324
0
0
1.224
1.224
0
0
1.224
0
0
0
1.224
1.224
1.224
2.448
0
1.224
1.224
1.424
0.1
1.224
1.224
0
2.548
0.1
1.224
0
0.2
0
0
0.3
1.224
1.224
1.224
0
0
1.224
1.224
1.224
1.224
1.424
0
0
1.224
0
0
1.324
1.224
1.224
1.224
0
0
1.224
1.224
0
1.224
0.2
1.224
0
0
1.224
0
1.224
0
0
0
0
1.224
0
1.224
1.224
0.1
1.524
0
1.324
0
1.224
1.224
0
1.224
2.548
0
1.324
0
1.224
1.224
1.224
0
2.448
0
0
1.324
0
1.224
1.424
0
1.224
1.224
0.1
2.548
0.1
0
1.224
0
1.324
2.548
0
0
2.448
0.2
1.224
1.224
1.224
0.1
1.224
2.448
2.448
0
0
0.1
0
0
1.224
1.224
1.224
1.224
1.224
0
1.224
1.424
0
1.224
0
1.524
0.2
1.224
0
0
0.1
1.224
1.224
1.324
0.1
0
0
1.224
1.224
1.224
1.224
1.224
0.1
1.324
1.424
1.224
0.3
2.548
0
1.524
1.224
1.224
0.1
1.224
0
0
2.648
1.224
1.224
0
2.448
0.3
1.524
0
0
1.424
2.448
1.224
0
0
0
1.224
0
2.448
0.1
1.224
0
2.448
1.224
0
1.324
1.224
1.224
0
0
0
1.224
0
2.448
1.224
0
1.224
1.224
1.424
1.224
0
1.324
1.224
2.448
0
1.224
1.224
1.224
2.448
1.224
0
0
0
0
0
2.448
1.224
1.224
1.224
0
1.224
1.224
1.224
1.424
1.224
1.224
0
1.224
0
1.224
2.548
1.224
0
2.448
0
0.1
0
0
1.224
1.224
1.224
1.324
1.224
0
1.224
0
0
0
0
0
1.224
1.224
1.324
1.224
1.224
2.448
1.224
0
2.448
1.224
2.548
1.324
1.324
0
1.324
2.448
1.224
0.1
0
0
0
0
1.224
0
0.1
0
2.548
1.224
1.224
2.448
1.224
2.448
1.224
0
1.424
1.524
0
0
1.224
1.224
0
0
1.224
0
0
1.224
0
1.224
0
1.324
1.224
0
0
1.224
2.448
0
1.224
1.224
0
0
0
2.448
1.224
1.224
1.324
1.224
0.1
1.224
0
1.224
0
1.224
0.2
2.448
0.1
1.224
0
0
1.224
1.224
1.224
1.324
0.1
2.448
1.224
2.448
0
2.448
1.324
2.448
2.848
2.648
0.1
1.224
1.224
2.448
2.748
2.548
1.224
1.224
0
0
0
1.224
0
2.548
0
1.224
1.224
1.224
1.224
2.448
2.448
2.448
1.224
0
0
0
1.324
1.224
1.324
1.224
1.224
1.224
2.448
1.224
2.448
0
0
0.1
2.448
2.448
2.448
1.224
0.3
0
0
1.224
1.224
2.448
0
0
1.224
2.448
1.224
1.224
1.324
0
0
1.224
1.224
1.424
1.324
0
0
2.548
1.224
1.224
1.424
1.524
1.224
0.2
0
1.224
0
1.224
1.324
1.324
1.224
1.224
0
0.2
0
1.224
1.836
1.224
0
1.524
1.224
0.3
0
0.2
0.1
0
1.224
0
1.224
0
0.1
0
0
1.224
0
2.548
0
0.2
0.1
0
1.224
0.2
1.224
1.224
0
0
0
0
1.324
1.224
0.1
0
0
0
1.224
0
0
0
0.8
0
0.1
0
0
0
1.224
0.1
0
0.4
0.1
1.224
0
0
1.224
1.224
0.2
0
0.1
0
0
0
1.324
0
1.424
1.224
0
0.2
0.3
0
0
1.424
0
0
1.424
1.424
1.324
1.224
0.1
1.224
2.448
0.2
0
2.448
0
0
0.1
0
0.1
0
0.2
1.224
0.2
0
0
1.224
0
2.448
0
1.224
1.224
1.224
0
0.1
1.324
0.1
0
1.224
0
1.324
0
0
0
1.224
1.224
1.224
0.1
0
0
0.2
0
0
1.524
1.424
0
0.1
0
0
1.224
0
1.324
1.224
0
0.2
0.2
1.224
0
1.224
1.224
0.1
2.448
0
0.1
1.224
0
1.224
0
0.1
1.224
0.5
0
0.2
0.1
0
0
0.3
0
0
0
0.3
1.424
2.548
1.224
0.6
1.324
0
1.224
0
0.1
0.4
0.1
0
0
0.1
0
0.2
0.2
1.224
0
1.224
1.224
0.1
0
0
0.3
0
0.2
1.424
1.424
0.2
0.2
1.324
1.224
0.2
0.1
1.724
0
0
0.2
1.224
0.1
0
1.224
1.324
0
0.1
1.224
0
0
0
0.2
0.1
0.1
0
2.648
1.324
0
0
0
0
0
0
0
0.1
0.1
0
1.224
1.224
1.224
0.3
0.2
1.224
1.324
0.1
0
0
0
0
1.624
0
0
1.324
1.224
0
1.224
0.1
1.424
0.2
1.424
0
1.424
0.1
1.324
1.324
0
1.224
0.1
0
0.2
1.624
2.448
0
0
1.424
0.1
0.3
0.1
1.224
1.324
0
0
1.224
0.1
0
1.424
0.1
0.1
0
1.324
1.224
0
0
0
0
0
0
1.424
1.224
0
0
0.4
0
0
0.1
0.2
0
1.324
0.1
1.224
1.224
0
0.3
0
0
1.224
1.224
1.224
1.424
0
1.524
0.2
1.224
1.224
0.1
0
0
0.1
2.448
0
0.1
1.224
0.1
0.1
1.224
0
0
1.224
0.1
0.1
0
1.324
0
0
2.448
0
1.424
0
0.1
0.2
0
0
0
0
0.1
1.224
0
0
1.224
0
1.224
2.448
0
0
0
0
2.448
0
0
0
0.1
0
0.1
0.2
1.224
1.224
1.324
0
1.224
1.224
0
0
0
2.448
0
0
1.224
1.624
0
1.224
1.324
0.2
1.224
0
1.324
1.324
0
1.324
0.1
2.448
0.1
0.1
0.3
0.1
0.1
1.224
0.1
0
0
0
1.524
0
1.424
0
0
0
0.2
0
0
2.448
1.224
0.2
0
0
0
0
0
0.1
1.224
0
0.1
1.224
0
0.2
0
0
0
0
0
0
0
0.2
0.3
0.4
1.224
0
0
1.224
1.324
0.5
0
1.424
0
2.548
0.1
0.1
0
0
0
1.224
1.324
0
0
0
0.1
1.324
1.324
1.324
1.224
1.424
0
0
0
0
1.324
1.224
1.224
1.224
0.1
0
2.448
0
1.224
0.3
0.2
0
0
1.324
1.324
0.1
1.324
0
1.224
0
0.1
0.3
0
0.1
0
0
0.2
0
1.324
1.224
0.4
0
1.224
0
0
0
0
0
0
1.324
1.224
1.224
0
0
0
0
1.424
0
1.224
0.1
0.1
1.224
1.224
0.1
0.1
0
0
1.324
0
0
0
0
1.224
0.2
0
0
0
1.224
1.424
0.3
0
1.224
2.448
0
1.224
0
0
1.524
1.224
0
1.324
1.324
0
0
2.448
1.324
1.224
0
0.1
0.3
0
1.224
0.3
0
0.1
0
0
0
0.1
0
1.224
0.1
0
0
0
0
1.224
1.224
1.424
0.1
0
0.2
0.1
2.548
0.1
0
0
0.1
0
1.224
2.448
1.324
1.424
0.1
0
0
0.2
0.2
0
0
0
0
0
0
1.224
0.1
0
0.1
1.324
2.448
0
0
1.224
1.224
0
0
0
1.224
2.448
0
0
1.324
1.224
0
1.224
1.224
0
0
1.224
1.224
1.724
1.224
1.224
0.1
1.424
0.4
2.548
1.224
1.224
1.524
0.1
0
1.424
0
0
0
0.1
0
0
0
1.324
0
0.1
1.324
0
0.3
1.224
0
0.1
0
0.2
0
0
1.324
0.1
0
0
0.3
0
0
0
0.2
0.1
0
0
0.5
0.1
0.1
0.1
1.224
1.724
1.424
0.3
0
0.2
0
0
0.3
1.224
1.324
0.1
0
0
0
0
0.1
2.548
0.1
0.1
0
1.324
0.1
0
0.3
0.1
0
0
1.324
0.2
0
0
0.1
1.224
0.2
0
1.224
0
1.324
1.224
0
0
0.3
0.1
0
0
0
0
1.224
1.524
1.624
0
1.224
0.4
0.7
0
0
1.224
0.2
0.4
2.448
0
0.2
0.2
1.224
0.1
0
1.324
1.224
0.1
0
1
1.324
1.524
0
1.524
1.836
2.036
1.936
2.036
1.836
3.16
1.224
1.424
0
0
1.224
0
0.1
2.036
1.224
1.224
0.1
1.324
0.4
0
0
0
0
1.224
0.2
0
0
0
1.224
1.224
1.224
0
0
1.224
0
1.224
1.224
1.224
0
0
0
1.424
0
1.224
0
0.1
0.3
1.224
0.1
1.224
0.3
1.424
1.224
0
0
0
0
0
2.448
1.224
0
1.224
0
2.448
0
1.224
1.224
0
0.2
1.224
2.548
0
1.224
1.324
1.224
1.224
0
1.224
0
2.448
1.224
1.224
0
2.448
0
0
0
1.224
1.224
0
0
0
1.224
1.224
0
1.224
2.448
0.1
1.224
0.1
1.324
1.224
1.224
2.448
2.448
2.548
1.324
1.224
1.224
1.224
0
1.224
0
0.4
0.1
0.1
0.1
1.224
0
