2.224
0.7
1.7
0.1
0.2
1.324
1.424
1.224
2.848
1.224
2.848
1.624
1.624
2.024
2.124
0.1
0
0.1
0
0.1
0.4
0.4
0
0
1.424
0.1
0.4
0
0.1
0.1
0
0.1
3.124
1.324
0.3
1.724
1.424
1.424
0
2.424
1.424
2.6
0
0.3
0
0
0.3
0.3
1.524
1.424
0.1
0.2
1.924
0.1
0.1
0.1
1.524
0.3
1.224
1.1
1.7
0.8
0
1.2
0.5
1.824
0
0.1
0.4
1
1.924
2.124
2.124
1.424
2.8
3.224
0
0.2
0.1
1.324
1.1
0
0
0
0.1
0
0
0
0
1.2
1.324
0.4
0
0.1
0
1.824
1.924
1.224
0
0
0.2
1.1
0.1
1.424
0
1.424
1.324
1.2
0.2
1.424
1.924
0
1.324
0.1
0.2
0.3
1.524
0.3
1.324
1.424
2.7
0
0.2
1.824
0.1
1.324
1.624
0
0.1
1.2
1.824
0.3
0.5
0
0.6
0.9
0.6
0.1
0.6
1.7
1.824
0.1
0
0.5
0
0
0.5
0.4
1.324
0.1
0
1.224
1.724
1.324
1.624
2.224
0.3
0.2
2.524
0.5
1.524
0.1
1.424
0.1
0.8
0.2
0
1.324
0
3
1.424
2.324
0
1.224
0.1
1.1
0
0
0.1
2.524
1.924
1
1.224
1.224
1.524
2.424
2.124
1.624
1.724
1.224
1.724
3.048
2.948
2.224
1.224
1.724
1.224
2.648
1.224
0.3
1.724
0
0
0.3
3.724
0
1.224
1.924
0.1
1.224
0
1.924
0.9
0
1.224
2.4
1.224
0.7
0
0
0
0
1.5
0
0
0.2
0
0
0.8
1.224
0.1
0
0.2
0.1
0.2
0
3
0.2
0
0.6
0
0.7
0.1
0.2
0
0
0
0
0
1.6
0
0.1
0.1
0
0.1
0
0
0
0
0.3
0
1.224
1.324
0.2
0
1.324
0.4
0.1
1.224
0
1.224
1.524
1.424
0.1
0.4
0
0
0.1
1.324
1.224
0
0
0.2
0
0.3
1.324
0
0.2
0.2
0
0
0
0
0.4
0
0
0
0.1
0.2
1.224
0.2
1.324
0.5
0.5
0
0
0.2
1.724
0
2.224
0
0.1
0.1
0
0
0.2
1.224
0.1
0
0.1
1.224
0.2
1.524
0
0.4
1.324
0.1
0.1
0
0
0.6
0
0
0.7
0.3
0
0
0
3.124
1.224
0
1.224
2.1
0.1
1.824
1.1
1.224
0.3
0.2
1.224
1.224
1.524
0.9
2.5
0
0
1.224
0.1
0
2.948
2.948
0
1.224
1.224
0
0.1
0
1.224
0.1
0
0
0.1
0
0.1
0.1
0
0.8
0
0
0.1
0
1.4
0
0
0
0.2
0.2
1.824
1.524
0.1
0
1.324
1.4
0
0.2
1.224
0
1.724
1.224
0
0.1
0
1.224
0.1
0.1
1.224
0
0
0.7
0
1.7
0.1
1.324
0
0
0.1
1.624
0
0.1
0.1
0
0.1
0.5
0.9
1.424
0.5
0
1.324
0.7
0.3
0
1.224
0.2
0.1
0.6
0.4
1.224
2.124
0.6
1.524
0.1
0.2
0
1.224
0.1
0
0
0
0.6
0.2
0
0
0
0.7
0
1.224
0.1
0
0
0.8
0.5
0
0.2
0.5
0.3
0
0.3
1.4
1
0
0.9
1.924
0
1.324
0.2
0.5
0.2
0
0.2
0.1
0
0
1.224
0.1
0.1
0
0
1.324
0.2
0
1.224
0
0
0
0
0.1
0
0
0.5
0.1
0.1
0.2
0.7
1.224
0
0.1
0.1
1.2
0.1
0
1.324
0.4
0.1
0
0
0.1
0.2
1.224
0
0
1.7
0
1.224
0
0.1
0.5
0.9
0
0
1.324
0
0.2
0.7
1.224
0.1
0
1.324
1.424
0
1.524
0.2
0
0.1
1.324
0.3
0.1
1
0.3
0
1.224
1.224
0.2
0.3
0.2
1.224
0.3
0
0.5
0
0.1
0.1
1.424
0
0
0
1.224
2.224
0.7
1.324
1.224
0
0.2
0
0
0.1
0.1
0
0
0.1
2.224
0.3
0
0
0
0.1
0.2
0
1.324
0
0.2
0
0.2
0
0.4
0
1.224
0
0.1
0.1
0
1.224
0
0.2
0
0
0.1
1
0.1
0.1
0
1.224
0.1
0.9
0.1
0
1.2
0.1
0
3.324
0.2
1.224
0
0
0.2
0
0
0.2
0.5
1.424
0
0
0
1.524
0.2
0
0.1
0
0.1
0
0.1
0.1
0.3
1.324
0
0.5
1.224
1.224
0.9
0
0.1
0.2
1.224
1.224
0.4
0.3
0
0.2
0.1
0
0.1
1.5
0
1.724
0.1
0.2
0
0
0
1.424
1.224
0
0.1
0.1
0.2
0.4
0
0
0
1.524
0.2
1.224
1.424
0.2
1.224
0.1
0
0
0.1
0.1
0.2
0.3
0.1
0
0.4
0
0.1
0
0.2
0
0
0
1.424
0
0
0
0.2
0.1
0.4
0.1
1.224
0.1
1.224
0
0
0
1.424
0
0.3
0.1
0
0.1
0.2
0.2
0
1.224
1.224
0.2
0
0.1
0.1
1.9
0
0.4
0.1
0
0
0.2
0.1
1
0.3
1.824
0.2
0.6
0.2
0.1
0.3
0
0
1.524
0
1.424
0.4
1
0
0
0
0
2.2
2.924
0
0.2
0.7
0.1
0
1.224
0
0
0
0.1
0
1
1.324
1.224
0
0
1.224
0
0
0.2
0
1.224
1.224
0.2
1.324
0
0.1
0
0.1
1.224
0.1
0.3
0.2
0.2
0
0.4
0.1
1.424
0
0.2
1
0.1
1.224
0
0
0
0
0.1
1.224
0.2
0
1.224
0.3
0
0
0.2
0.1
0.1
0
0
0.4
0.1
0
0
0
0
0.1
0
1.224
1.324
1.224
0
0.1
0.2
0
1.224
0
0
1.224
0.2
1.224
0
0
0
0.3
0.1
0.1
0
0.1
1.224
0.2
0
0
0.3
0.2
0
1.224
1.2
0
0.1
0
0.1
1.424
0.3
0
0.5
2.524
1.224
1
0
1.424
0
1.224
0.1
0
0
1.2
3.024
1.224
0.1
0
0
0
0.1
0.1
0
1.424
0
1.324
0.1
1.224
0.3
0
0.1
0
0.1
0
0
0.1
0
1.324
1.224
0.2
0
0
0.6
0.8
0.2
0.2
1.224
0
0
1.224
0
2.124
0
1.924
0.1
0
0.3
1.224
0
0.4
1
0.4
0
0
0
1.524
0.2
2.524
0
1.1
0.2
0.4
0.2
0.2
0
1.1
0
0
0.1
0
0
0
0.2
0
0
0
0.3
0.3
0
0.4
0.4
0
0.6
0
0
1.224
1.224
0.1
0.1
0.6
0.3
0.4
0
0.5
0.1
0
0
0.1
0.2
0
0.6
0.2
1.224
2.948
1.424
0.1
0
0
0.3
0
0
0
0.2
0
0
0.4
0.1
0.2
0.3
0.2
0.6
0.2
1.224
1.224
0.3
0.6
0
0.1
1.6
0.2
0.5
1.224
0
0
0
0.2
0.2
0
0
0
1.4
0
0.4
0.2
1.324
0.1
0.7
0
0.1
0.1
0.4
0.4
1.524
0.2
0.1
0.1
1.224
0.1
1.224
1.324
0
1.324
0.4
0.1
2.224
1.824
1.224
0
0.6
0
1.224
0
0
0
1.324
0.4
0.1
0.2
0.1
1.224
0
0
0
0.1
0.1
4.3
0.1
0
1.324
0.1
1.1
0.1
0.2
0
2.524
1.524
0.2
0.1
1.224
0.1
1.224
4.248
2.848
4.448
1.224
2.648
2.448
1.324
2.648
1.324
1.324
1.424
3.848
1.424
1.824
1.324
2.948
2.448
1.424
1.624
2.024
1.424
1.324
1.524
1.324
1.324
2.948
3.048
1.324
1.224
2.548
3.048
2.548
3.624
1.724
1.524
1.224
1.824
1.224
2.424
1.824
1.324
1.224
3.048
1.424
1.224
1.624
1.224
1.624
1.624
3.248
2.548
1.324
1.224
2.524
1.224
2.748
1.424
1.424
1.624
1.324
3.248
1.624
1.224
2.324
1.424
1.324
1.324
2.224
1.424
3.048
3.048
1.324
1.224
2.748
2.548
2.548
1.624
1.724
1.224
1.224
1.324
1.424
2.448
1.524
1.324
1.224
2.948
1.224
2.448
1.224
2.948
1.624
1.524
1.924
2.748
2.724
2.324
2.748
1.224
3.124
2.548
2.448
1.524
3.848
1.824
1.824
1.524
2.724
2.948
1.224
1.224
1.624
1.324
3.048
2.948
1.224
1.324
2.648
2.548
1.624
1.624
1.224
2.448
1.224
2.448
1.724
2.624
1.224
13.548
1.224
1.624
1.524
1.624
2.848
1.624
1.724
2.748
1.524
3.048
3.124
1.324
2.548
1.524
1.224
1.824
1.224
1.524
1.524
2.648
3.448
2.748
2.548
1.624
3.148
1.324
1.424
2.524
1.224
2.224
1.524
1.224
1.224
1.424
2.848
1.224
2.448
2.448
1.724
1.424
1.224
1.324
1.424
1.824
1.424
3.248
2.448
3.648
2.948
1.724
1.224
1.224
1.224
3.524
2.324
2.448
1.424
2.024
1.424
1.724
1.524
1.724
1.924
1.724
2.448
1.324
2.448
2.748
2.948
2.548
1.324
2.848
2.448
2.724
1.724
1.224
2.948
1.324
1.424
1.524
3.148
1.424
1.224
1.724
2.548
1.424
1.224
1.624
2.024
2.848
1.324
2.748
1.424
2.648
1.424
1.224
2.848
1.224
1.324
1.224
1.524
2.024
1.324
3.048
2.548
3.748
2.548
2.648
3.748
2.124
2.648
1.824
1.724
2.024
1.224
1.224
3.748
1.624
2.448
2.448
1.224
1.424
1.224
1.224
1.824
2.548
1.324
2.548
1.924
2.748
1.224
3.048
1.224
1.324
1.224
1.324
1.424
3.248
1.424
2.748
2.548
1.224
3.448
2.848
1.624
1.324
1.224
2.448
1.224
3.348
2.124
1.224
2.648
2.648
1.324
2.548
2.024
2.748
2.748
1.224
1.424
1.324
1.324
1.224
1.224
1.524
1.624
2.024
1.324
2.648
1.224
1.324
1.224
1.524
1.724
3.248
1.224
4.148
1.324
1.224
1.224
1.224
2.648
1.324
2.448
1.224
1.324
1.324
2.448
1.224
2.848
3.248
1.224
1.424
1.724
2.848
1.424
2.448
1.524
1.324
3.748
1.424
1.224
1.224
1.524
2.648
2.224
2.748
3.048
2.448
2.648
2.948
3.048
1.324
3.248
2.748
1.524
1.224
3.248
2.224
4.148
1.224
2.548
1.524
1.324
3.248
2.648
1.224
1.824
2.448
1.424
1.624
1.224
1.424
1.324
2.848
1.224
1.624
2.748
2.648
2.448
2.448
2.448
1.424
2.648
2.948
5.248
1.824
1.824
3.448
1.224
1.424
1.824
1.624
1.724
1.424
1.324
1.424
1.224
1.824
2.948
1.324
2.448
1.324
2.124
1.324
2.448
1.724
2.748
1.224
2.324
1.624
1.624
2.948
1.924
2.648
1.224
1.224
2.948
1.224
1.424
1.624
2.748
1.224
1.324
1.224
2.448
2.124
1.424
1.424
1.324
2.548
1.424
2.448
1.224
2.448
1.224
2.848
1.924
3.324
1.524
2.448
2.748
1.224
1.324
1.324
1.224
1.324
4.148
2.748
1.424
2.748
1.224
2.848
2.548
1.324
2.448
1.424
1.324
1.424
1.324
1.324
2.448
1.224
2.224
2.548
1.224
2.124
2.424
1.224
2.448
2.948
1.224
2.548
1.224
1.224
1.424
2.548
2.448
1.324
1.624
4.048
1.224
2.648
1.224
1.224
1.224
2.748
1.224
1.624
1.424
1.224
1.324
2.548
3.348
1.524
1.424
2.748
1.424
2.024
1.424
2.548
1.224
1.224
2.448
1.224
1.524
3.548
1.224
3.448
4.224
2.848
2.848
1.424
1.224
1.324
3.048
1.224
1.524
1.324
2.548
1.224
1.224
1.924
1.224
1.724
1.524
2.548
2.448
3.448
1.624
1.924
3.648
1.224
1.224
2.448
1.424
1.724
3.348
1.524
1.424
1.524
1.224
2.548
3.248
2.448
1.924
2.548
2.448
2.748
3.548
2.848
2.124
3.548
1.324
2.748
1.724
1.224
2.448
1.424
2.748
1.224
1.224
2.848
2.448
1.224
1.224
2.448
1.624
1.324
1.224
1.224
1.224
1.424
1.324
2.548
1.424
2.648
5.148
1.524
1.424
1.324
2.124
3.424
1.224
1.224
1.224
3.824
1.524
1.324
1.224
2.024
3.148
3.148
1.524
3.148
1.524
1.624
3.248
2.748
1.724
2.024
1.524
4.048
1.324
2.448
1.224
1.424
1.724
2.848
1.624
1.424
2.948
1.424
1.224
1.724
2.448
2.748
1.424
2.748
2.024
2.648
1.524
5.524
2.648
2.848
2.748
1.324
2.524
2.724
2.824
2.448
3.148
1.324
1.224
2.124
2.848
1.824
3.948
1.524
1.824
1.524
2.548
1.924
4.224
2.748
1.424
1.224
1.524
3.348
2.548
3.348
1.224
2.948
1.224
1.724
1.224
1.524
2.448
1.524
1.624
3.648
1.924
1.624
1.324
1.524
1.324
2.448
2.448
3.848
2.624
2.448
2.748
2.448
2.548
2.748
1.324
3.448
2.548
1.524
3.448
5.148
2.448
2.448
1.224
3.248
2.324
1.224
2.548
2.748
4.748
1.224
2.848
1.224
3.148
1.324
1.424
2.448
3.624
2.024
1.324
3.148
1.824
2.124
1.724
1.224
2.324
1.224
1.724
1.224
2.748
1.324
1.424
1.224
1.224
1.224
2.124
1.224
1.624
1.424
0.5
2.324
1.524
1.224
1.324
1.524
0
2.9
0
1.524
1.224
0
0
0.1
1.324
0.1
0.4
0.2
0
0
0
1.224
0.1
1.224
2.2
0
0
0
1.3
0.7
2.524
0.4
1.224
3.424
0.4
0.1
1.424
0
0
0.2
0.2
0
1.524
0.1
0
1.624
0
0.1
0
0.1
0.4
0.4
0
0.2
0.3
0.2
0
0.2
0
1.324
0.2
1.224
0.2
0
0
1.424
0
0
0
0
0.7
1.424
2.024
1.924
1.224
0
0
0
0
0
0.2
0.3
1.324
1.624
0.2
0
0
0.1
0.4
0.3
0
0
0
1.224
1.224
0.1
4.224
1.524
1.424
1.924
0.6
1.824
