2.124
0
2.024
0.5
1.224
1.224
1.224
1.224
2.548
1.224
2.548
2.548
1.324
1.524
1.324
0.1
0
0
0
0.1
1.224
1.424
0
0
1.724
0.1
0
0.3
1.224
0
0
1.324
2.124
2.448
0.2
1.524
1.324
1.424
0.2
1.824
1.224
2.024
0
0
0
1.224
0
0.4
1.224
2.548
1.224
0.2
3.148
0
0.2
0
1.224
0.3
1.324
1.624
0.6
0.6
0.1
0.3
0.2
1.224
0.1
0.1
1.424
0.5
1.724
2.848
1.424
1.324
1.924
1.524
1.224
0.3
0
1.224
1.724
0
1.224
0
0
0
0
0
0.1
0.6
1.324
0.1
0
0.1
0
2.748
2.648
1.224
1.224
0
0
0.7
0.4
1.224
0
1.324
1.224
1.5
0.1
2.548
1.624
0
1.224
1.224
0.1
0
1.224
0.2
1.224
1.324
1.1
0
0.1
1.724
0.1
2.648
1.424
1.324
1.224
1.824
1.524
0
0.1
1.224
1.324
0.5
1.224
1.224
1.624
0.6
1.224
0.2
0
1.624
0
0
1.324
0.2
1.324
0
1.324
1.324
1.224
1.324
1.824
1.824
0.1
0.2
1.824
0
1.524
0
1.224
0
0.1
0.1
0
1.324
0.3
1.7
1.324
1.824
1.224
1.524
1.224
1.724
0
1.224
1.324
1.424
1.724
4.548
1.424
2.448
1.524
2.848
3.148
2.648
1.524
2.448
1.424
3.972
2.648
2.848
2.548
3.048
2.448
2.848
1.224
0.1
1.224
0
0
0
2.324
0
1.324
2.848
1.424
1.324
1.224
1.324
0.3
0
1.224
1.4
1.224
0.5
0
0
0
2.448
2.524
2.448
1.224
1.524
1.224
1.224
1.724
2.448
1.524
1.224
1.324
0
1.324
0
2.124
1.224
0
1.524
0
1.524
1.524
0
0
0.1
1.224
1.224
1.224
0.5
0
0.1
0
0
0
1.224
0
0.3
1.224
1.524
1.224
1.224
1.224
0.1
2.548
1.224
0.3
2.448
1.224
1.224
1.224
1.424
1.224
1.324
0.3
0
1.224
1.324
2.448
1.224
0
1.224
3.148
2.448
1.324
1.224
2.448
2.548
1.324
1.224
1.224
2.448
0
0.5
0
0
1.224
0
0
1.224
0
1.324
0
0.5
0
0.1
0.2
1.424
0
1.324
0.2
0
1.324
0
0
1.224
1.224
1.224
0
1.224
1.224
0
1.424
0.2
0.1
1.224
0
1.224
0
0
0.1
0
1.324
1.324
1.324
0
1.224
0
1.724
1.224
0
2.448
2.524
0
1.624
1.424
3.772
1.424
0.1
1.224
2.548
1.324
1.1
1.2
0
0
1.224
0.1
0
3.872
3.872
0
2.448
2.448
1.224
0.1
0
3.672
0
1.224
1.224
1.224
0
1.224
0
0
1.424
0
0
0
1.324
1.324
1.224
0
0
0
2.448
2.648
1.424
0
0
2.448
0.7
0
0.3
2.448
0
1.524
1.224
0
1.224
1.424
1.224
2.548
2.548
2.448
2.448
2.448
1.424
1.224
0.6
1.624
1.424
0
0.1
0.3
1.424
0
0.1
0
1.224
1.424
2.648
0.6
1.224
1.224
0
2.548
1.224
1.324
0
1.324
1.224
0.1
1.424
0.1
1.224
1.624
1.324
1.424
1.224
0
0
1.224
0
1.224
1.224
1.224
1.624
1.224
0
0
0
1.524
0
1.324
0
1.224
0
1.424
1.224
1.324
1.224
0.2
1.224
0
0.2
2.124
0.5
0
2.024
2.948
0
1.324
1.924
1.424
0.2
0
0.2
0.3
1.224
0
1.224
0.1
0.1
0
1.224
1.224
0.2
1.224
1.224
1.224
1.424
1.224
0
0
0
1.224
4.348
1.224
0.1
1.524
0.1
1.224
0
2.448
1.224
0.3
0
0
1.324
1.424
1.224
1.224
2.448
1.224
0
2.548
1.224
0
1.2
1.324
1.224
1.224
0
2.648
1.624
2.448
0
1.224
1.224
1.624
1.624
2.448
0
2.548
1.224
1.224
1.224
1.324
0.4
2.448
0.1
1.224
0
1.224
1.724
1.524
1.224
1.324
1.224
0
1.324
1.224
1.224
0
1.224
1.224
1.224
0
0
1.224
0.1
0
0.1
2.548
1.524
1.324
2.448
2.448
1.224
0.1
1.224
0
1.224
0
0.1
1.224
1.224
1.624
1.624
0
1.224
0
0.1
2.448
2.548
1.224
0.1
1.424
1.224
1.324
0
0.4
0
1.224
1.224
1.324
0
1.224
1.224
0
0.1
0
1.224
0
0.1
1.224
0
0
1.224
0.1
1.524
0
0.1
0.4
0
0
2.424
1.524
2.448
0
0
0
1.224
0
0.1
1.324
5.272
0
0
1.424
1.324
1.324
1.224
0
1.224
1.224
0
1.224
0.1
1.224
1.224
1.224
2.124
2.448
1.224
0.3
0
1.224
0
1.224
1.224
0.2
1.224
1.224
1.424
1.224
0
0
1.724
0.1
2.748
1.224
0.1
1.224
1.224
0
2.548
1.224
1.224
1.224
1.224
1.224
1.324
0
1.224
1.324
2.948
1.324
1.224
1.324
1.624
1.224
1.324
0
1.324
1.424
1.224
0.1
2.548
0
0.1
1.524
1.224
0.1
0
1.324
1.224
1.224
1.224
3.672
0
0.1
1.224
0.3
0.1
2.648
1.424
1.224
1.324
1.224
1.224
1.224
0
1.224
0
1.224
1.324
1.224
0
1.224
1.424
0.1
1.224
1.224
1.324
1.224
1.224
1.224
0.7
1.324
0.1
1.224
0
1.324
1.224
1.324
2.524
0
2.448
0.1
1.524
0
1.324
2.648
1.224
1.224
3.772
0
1.224
1.224
0.4
2.448
1.224
1.224
1.224
0.7
6.772
0.1
0.1
0
1.324
1.224
1.224
1.224
1.224
0
1.224
0
1.524
2.548
1.224
0
1.224
1.224
1.224
1.224
1.224
0.1
2.448
2.448
1.324
1.324
1.224
1.224
1.224
0.3
1.224
0.3
0.4
1.324
1.224
1.224
0.2
0.1
2.448
0
0
0.6
1.224
1.324
1.224
1.224
2.448
0
0.1
1.224
1.624
1.324
1.224
2.748
1.224
1.224
1.424
1.224
0
1.224
1.224
1.324
0
1.424
1.224
0
1.224
0
0.1
1.224
2.548
2.448
0
0
1.524
1.224
1.224
1.224
0
1.324
0
1.224
0
0
0
2.748
1.324
1.224
2.448
0
1.224
1.224
1.224
0
2.448
2.448
0
2.448
3.448
0.2
0
2.448
1.324
2.448
1.224
0
1.824
1.524
1.224
1.424
0
2.448
1.224
1.224
1.324
1.224
1.224
1.324
1.924
1.324
0
1.224
0
1.224
1.224
0
1.324
2.448
1.224
1.324
0
3.672
1.424
1.224
0
0
0
0
0
0
2.448
1.224
1.324
0.1
0.1
0
0
0.1
1.224
1.224
1.224
0.2
0
2.448
0
2.948
1.224
1.324
1.224
1.224
0
1.324
0
1.424
1.924
1.224
1.224
0
1.224
2.648
2.448
2.848
1.224
2.124
2.648
2.748
0.1
1.224
1.224
0.5
2.448
1.224
1.224
1.224
1.224
1.224
1.424
1.224
1.224
1.224
1.424
1.824
1.224
1.424
0.6
0
2.848
0
0
1.224
1.324
0
0.2
1.524
1.224
1.224
2.448
0.5
0
0
1.324
1.224
1.424
0
0.1
0.2
2.448
5.672
2.648
1.224
1.424
1.224
0.1
1.224
1.224
0
1.324
0
1.224
1.524
1.224
1.324
1.724
2.448
1.424
1.324
1.224
1.224
1.524
0.4
0
1.324
1.624
1.424
0.4
2.548
0
1.224
0
1.524
1.324
0
1.224
0
0.6
0
0.2
0.3
3.672
1.224
1.824
2.448
0.1
0
0.3
1.424
1.324
0.6
1.524
1.224
1.224
1.224
1.224
1.224
0.1
1.224
0.6
1.224
1.524
2.548
1.224
0
2.648
0
1.224
0
1.224
1.224
1.324
0.6
0.2
0.1
1.224
1.224
0
1.224
1.224
1.324
1.224
3.724
0
1.224
1.324
1.224
0.2
1.224
0.2
0
3.448
2.548
0.1
0.1
1.224
1.224
3.672
4.972
3.972
2.948
1.324
2.448
2.548
1.324
2.548
1.624
1.324
2.548
3.848
3.772
3.048
1.224
3.972
3.672
2.548
1.924
3.048
2.548
2.448
1.224
1.524
3.672
4.372
6.396
1.324
2.548
3.672
2.648
2.448
3.648
2.848
2.848
1.224
2.648
1.224
3.348
1.524
2.548
3.672
2.848
1.624
1.324
2.548
1.224
1.224
1.224
5.672
4.896
3.772
1.224
3.148
2.548
3.672
2.548
1.224
1.324
2.648
3.548
3.672
2.448
2.848
2.648
2.448
2.748
1.324
2.448
4.972
2.748
2.548
1.224
2.548
2.848
2.448
2.548
2.648
1.224
1.224
1.524
2.448
2.448
2.548
1.424
3.672
3.048
2.448
3.672
1.224
2.748
2.648
1.324
2.448
3.672
2.748
3.548
2.748
2.448
3.324
2.448
2.448
2.848
4.772
2.648
2.848
2.848
2.124
2.448
1.224
1.224
1.224
1.324
2.648
2.548
3.672
2.448
3.672
2.448
3.048
2.548
1.224
3.672
2.448
2.448
2.548
1.924
2.448
2.848
2.448
2.748
1.524
1.724
11.896
2.948
6.272
5.696
2.648
3.672
3.748
2.448
2.448
2.648
1.224
2.948
3.672
1.224
1.424
2.648
3.348
2.548
2.548
2.448
4.172
3.772
2.748
3.248
2.448
4.072
2.748
2.548
2.448
1.324
3.772
2.448
2.448
2.448
2.448
1.224
3.672
2.448
3.772
3.148
2.448
3.048
5.096
2.648
3.872
1.524
1.224
1.324
2.648
2.124
1.524
2.448
1.224
1.524
1.224
2.548
4.072
1.424
4.272
3.148
3.672
1.424
2.748
2.648
2.848
4.072
1.224
3.972
2.448
2.124
2.024
1.224
3.972
2.448
1.224
2.448
5.472
2.548
2.448
2.448
2.448
2.448
2.648
2.448
3.248
4.172
4.348
3.772
2.848
3.772
1.424
2.448
2.448
1.224
3.672
2.448
2.548
2.748
1.224
2.648
2.448
2.948
2.548
2.648
4.672
1.924
3.672
1.924
2.548
1.524
1.224
2.448
5.272
1.424
2.448
2.448
2.448
1.324
2.448
2.448
3.148
2.748
2.648
2.448
2.548
2.648
2.448
2.648
1.224
2.648
2.448
2.448
3.548
3.948
2.948
2.448
2.548
1.324
5.372
4.572
2.448
1.624
2.448
3.672
1.224
2.448
1.724
1.224
2.448
3.972
2.548
2.448
1.424
3.872
2.948
1.424
1.224
1.224
2.448
1.224
1.224
3.772
3.672
2.648
2.648
2.548
1.224
2.548
2.648
2.948
1.224
2.948
2.548
2.848
1.224
2.448
1.224
2.548
2.548
2.548
2.448
2.448
2.448
3.672
3.672
3.672
2.548
5.672
1.424
1.324
3.872
4.996
1.224
4.072
1.524
1.224
3.148
2.448
1.424
2.448
2.448
2.448
3.048
5.272
5.872
2.448
5.296
2.848
3.548
1.224
6.696
2.648
2.548
2.448
3.848
3.148
3.648
1.224
2.448
2.648
2.448
3.048
2.548
2.448
2.648
2.548
1.324
2.548
1.224
1.324
1.324
2.648
1.224
3.772
3.872
2.848
2.448
4.996
4.996
2.448
2.448
6.096
4.572
5.148
1.324
3.872
1.224
1.324
2.648
2.548
2.848
3.672
2.448
3.672
1.224
2.448
4.072
1.324
3.772
1.224
1.624
1.424
3.672
1.524
2.748
2.448
1.524
1.324
3.672
3.348
2.848
2.448
2.448
2.548
5.396
1.324
2.648
2.648
4.772
2.448
1.224
2.448
2.448
4.272
2.548
1.224
2.548
2.648
1.224
4.896
1.324
3.672
1.224
2.448
2.024
1.824
3.672
2.548
2.748
2.448
1.324
2.448
1.224
3.672
2.948
4.372
1.324
2.548
2.448
2.748
2.648
3.672
2.448
4.172
1.424
1.624
1.224
2.448
2.548
3.672
2.124
2.548
1.224
2.748
1.524
2.448
2.448
3.148
3.672
2.448
2.448
2.448
1.524
2.448
2.448
2.448
4.072
4.572
2.448
3.772
3.672
1.224
2.648
2.548
2.548
3.672
3.972
2.448
1.224
3.672
3.972
2.448
1.224
2.448
2.448
2.548
1.324
2.448
2.548
1.224
2.548
2.448
2.448
2.848
2.448
3.748
3.148
2.648
5.472
1.424
2.448
2.448
3.872
1.224
2.448
3.772
3.672
1.224
2.448
1.324
1.324
1.324
3.148
3.972
2.548
3.748
2.548
3.348
3.048
2.448
1.224
2.548
1.324
3.048
4.572
2.948
2.748
2.448
1.224
2.748
3.048
2.548
2.848
2.648
2.448
2.448
3.048
4.472
3.248
4.972
2.748
4.872
3.648
2.448
3.772
1.324
6.096
1.224
1.224
2.548
2.448
2.448
3.672
2.448
2.548
1.424
1.224
3.672
3.672
1.224
2.448
2.448
2.448
2.948
3.348
1.524
1.324
1.324
1.424
3.248
3.772
1.324
1.324
2.948
2.448
1.324
3.772
2.748
3.772
2.948
1.624
2.548
1.224
1.324
4.772
3.648
1.524
1.424
1.324
2.848
3.872
2.448
3.972
1.224
2.948
3.872
2.648
1.424
2.848
1.324
1.224
2.648
3.672
2.548
2.848
3.248
2.748
3.772
2.448
3.124
3.972
3.772
2.448
1.224
1.724
3.948
2.224
2.448
6.196
3.772
2.448
2.648
2.548
1.424
2.648
1.324
2.448
1.224
3.772
2.848
3.148
3.772
4.072
2.448
1.324
4.272
2.448
5.972
2.448
2.448
3.672
2.548
3.972
3.248
2.448
2.548
2.948
3.248
2.748
1.524
2.448
1.324
2.648
2.448
2.448
6.072
2.948
2.548
2.548
2.448
3.672
3.672
3.872
5.472
3.772
3.772
4.172
3.148
2.448
2.448
3.672
4.172
3.248
2.448
2.648
3.772
3.248
1.224
2.648
2.448
2.748
2.548
2.648
2.448
4.472
3.748
2.848
4.072
2.948
2.748
3.248
1.324
3.548
2.448
3.648
3.672
6.796
2.448
2.448
1.224
2.448
1.224
2.648
1.224
1.224
1.224
0.1
1.524
1.424
2.448
1.224
1.724
0
1.2
0
2.448
1.224
0
0
0
1.224
0.1
0.3
1.224
0
0
0
2.748
0
1.224
1.1
0
1.224
0
1.824
1.324
1.724
1.724
1.224
1.724
1.524
1.224
1.224
1.224
1.324
0.1
0.1
0
1.224
0
0
1.224
0
0
0.1
1.424
0
0.1
2.448
0.2
1.224
0
1.224
0
0.2
1.224
0.1
2.448
0.6
1.224
1.424
1.424
0
1.224
1.224
0
1.924
2.448
2.548
2.548
1.224
0
1.224
0.1
1.224
1.224
1.224
1.424
1.424
1.524
1.324
1.224
1.224
0
2.548
1.224
1.224
0
2.448
1.224
1.224
0.4
2.924
1.224
1.224
2.024
0.3
1.624
