0.6
0.2
2.824
0.3
2.648
1.324
1.224
1.224
1.224
1.224
1.524
2.648
2.548
2.124
1.624
0.1
1.224
0
0
0
1.424
1.624
0
0
0.5
0.1
0.2
0.1
1.224
0
0
1.324
0.9
1.224
1.324
0.2
0
0.1
0.2
0.5
0
2.224
0
0
0.1
1.424
0
1.324
0.9
1.824
1.224
0.1
2.224
1.424
0.1
0
1.224
1.324
0.1
1.624
1.924
1.624
0.3
0.4
0.1
0
1.224
1.324
1.524
2.024
0.7
2.748
1.324
0
2.424
0.4
2.448
0.1
1.224
0
1.624
1.324
1.224
1.424
0
1.224
1.224
0
0.1
2.224
0.1
0.1
1.224
1.324
1.224
1.524
1.424
1.324
1.324
0
0.1
1.924
1.724
0
0
0.2
0
0.7
1.224
1.224
1.624
1.224
0
2.448
0.1
0.2
0.2
1.324
0
0.1
3.024
0.2
0.1
2.024
1.224
1.324
0.6
1.324
1.224
2.848
0.1
0.2
1.224
1.224
1.424
0.8
1.424
2.448
1.324
0.4
0
1.224
1.224
1.524
1.224
1.424
1.424
1.424
0.1
1.224
1.224
0.1
0
0.1
0.7
0.3
1.224
0.3
0.3
0.3
0
1.324
0
1.224
0.1
1.424
0
1.324
0
1.7
1.224
1.724
2.448
0.1
2.448
1.724
1.224
2.448
1.224
0.5
0.7
5.572
1.324
3.672
1.624
4.172
2.848
3.772
2.548
3.672
1.624
2.548
1.524
4.072
3.872
3.348
2.448
1.324
0
0.3
1.324
0
0
1.324
1.4
1.224
0
1.424
1.424
0
1.224
0.1
0.4
1.224
0
3.024
0
1.724
0
1.224
1.224
2.548
1.924
2.448
1.224
1.224
1.224
1.224
1.824
2.448
1.224
1.224
2.448
0
1.224
0
4.148
1.324
0
1.424
0
1.424
1.524
0
1.224
0.2
2.448
2.448
1.224
0.7
0
1.224
1.324
1.224
0
1.324
1.224
1.424
1.424
1.424
1.324
1.224
0.2
0.3
2.548
1.224
0.4
2.448
0
1.224
0
0.2
0
1.224
2.124
0
1.224
2.448
2.448
1.224
1.224
2.448
4.572
2.448
2.648
0
2.448
2.548
2.648
1.324
1.224
2.448
1.224
2.124
0
0
1.224
0
1.224
0
0.2
1.224
0.3
0.5
0
1.224
1.324
1.524
0
1.224
1.324
1.224
2.448
0
0
1.224
0
1.224
0
1.424
0
0.1
0.1
0.5
1.324
0
1.224
1.224
0.1
1.224
0.6
1.224
1.224
2.124
1.324
1.224
1.224
0.1
0.7
0
1.224
1.224
3.648
1.224
0.1
1.324
2.648
1.324
0.3
1.224
1.424
1.324
2.024
1.924
0
0.1
0
1.224
0
4.172
2.648
0
1.224
1.224
2.448
0.2
0
2.448
0
1.224
1.324
1.224
0
1.224
0
1.224
2.548
0.1
0
0
1.424
1.824
1.224
1.224
0
0.2
2.448
1.624
0
0
0
1.224
1.4
1.224
0.4
2.448
0
0
0
0
1.224
1.324
0
3.972
3.772
1.224
3.672
3.672
1.424
1.224
0.5
1.524
1.224
0
0.2
1.324
0.2
0
1.324
1.224
1.224
1.224
2.548
0.8
0.1
1.324
0
2.448
1.424
1.224
1.324
1.424
1.224
0.2
1.324
0.2
0
1.424
1.224
0
1.224
0.1
1.224
0
0.1
1.224
2.448
2.448
1.224
1.324
0
0
0
2.548
1.224
0
0.2
2.448
0
1.624
1.224
2.548
1.224
0.5
1.324
1.324
0
1.924
0.6
0
1.524
1.924
0
0.1
1.524
1.524
0.3
1.224
0
0
2.448
0
0
0.2
0.1
0.1
2.548
0.1
0
2.448
0
2.448
1.324
2.448
0
0
0
1.324
4.448
1.224
0
2.748
0.3
0
0
3.672
1.224
0.2
0
1.224
0
2.948
1.324
1.224
2.448
2.548
0.1
1.324
1.224
1.224
1.824
1.224
1.224
1.224
0
2.748
2.748
3.772
0
0
1.224
1.724
1.624
1.224
0
3.772
0
0.1
1.224
0.1
0
3.672
1.324
0.1
0
1.324
1.624
1.324
2.448
0.1
0
0
1.424
1.424
0
0.2
1.224
1.424
1.324
0
1.224
0.1
1.424
1.224
1.224
1.324
1.424
1.524
1.424
1.224
1.224
0.1
2.448
0
1.224
0
0
1.224
1.224
0.7
1.624
0
2.548
0
0
2.448
2.448
0
0.1
1.424
1.324
1.324
1.224
0.8
0
1.224
1.324
1.224
0.1
1.224
1.224
0
1.224
0
1.224
0
0.4
1.224
0
0
0
1.224
1.924
1.224
0.2
0.6
0
0
0.9
1.424
1.224
0
0
0
2.448
0
0.1
1.324
4.348
0
0
2.648
0.1
1.324
2.448
0
1.224
1.324
0
1.224
0.2
1.224
0
2.448
2.724
1.224
0
0.3
0
1.324
1.224
0
0
0.1
1.224
1.224
1.724
1.224
0
0
1.724
0.1
1.324
1.224
1.324
2.448
1.224
0
2.648
0
1.224
1.324
1.224
1.224
2.648
0
2.448
1.624
1.624
1.524
0
0.3
1.524
0
1.324
0
1.224
2.648
1.224
0.1
2.648
0
0
2.548
1.224
0
1.224
1.224
2.448
1.324
1.324
2.648
0.1
1.224
2.448
0.3
0.2
2.748
1.224
0
1.324
1.224
1.224
1.224
1.224
0
0
1.624
1.224
1.224
0.1
1.224
1.424
1.224
0
0
1.224
1.224
1.224
1.324
0.9
1.224
0.2
1.224
0
1.224
2.448
1.224
3.024
0
1.324
1.224
1.424
1.624
1.224
2.548
1.324
2.448
2.448
1.224
0
1.324
1.424
3.672
1.224
1.224
2.448
1
5.748
0.1
0
1.224
2.448
2.448
0
1.224
1.224
0
1.224
1.324
1.524
1.224
0
1.224
1.224
0
1.324
1.424
1.324
0
1.224
1.324
1.224
0.1
2.448
1.224
1.224
0.5
1.224
0.4
0.4
1.624
1.224
1.224
1.224
0
1.224
1.224
0.1
1.724
1.424
0
1.224
1.224
2.448
0
1.424
1.224
1.424
1.424
0
2.848
1.324
1.224
1.324
1.224
0
1.224
1.224
1.424
0
2.648
1.224
0
2.448
0
0.1
0
1.224
1.324
1.224
1.224
2.648
1.224
0
1.224
0
0
0.1
0
0.1
1.224
0
2.648
1.324
2.448
3.672
0
0
2.448
2.648
1.224
2.948
2.548
0
1.224
4.872
1.324
0
2.448
1.424
1.224
1.524
0
1.824
0.3
0
2.548
1.224
1.224
2.448
0
2.548
1.224
1.224
1.624
2.124
0.2
0
1.224
0.1
1.224
1.224
0.1
1.224
1.224
1.224
0.2
0
2.448
1.224
1.224
0.1
0
0.1
1.324
0
1.224
3.772
0
0
0
1.224
1.224
1.424
0.2
2.448
1.324
1.224
0.1
0
1.224
1.224
1.924
2.448
0
1.524
1.224
0.1
1.324
0
1.524
2.124
1.224
2.448
0
2.548
1.424
3.672
1.924
2.448
3.048
3.672
3.048
1.324
1.324
2.448
1.524
3.772
1.224
1.224
1.224
1.224
1.224
1.324
1.224
2.448
1.224
1.324
1.524
1.224
1.424
1.524
1.224
3.972
1.224
0
0
0
0.1
0.1
2.748
1.224
1.424
2.448
1.824
0
1.224
1.224
1.324
1.524
1.224
1.324
1.624
2.548
4.348
2.648
1.224
2.648
2.448
1.324
1.224
1.224
1.224
2.448
1.324
1.224
1.624
1.324
1.224
1.624
2.548
1.324
2.648
0
0
2.848
0
0
1.324
2.124
1.724
0.3
1.424
0
1.224
1.424
2.848
1.324
1.224
2.448
0
0.6
0
1.524
0.1
2.448
1.224
2.648
2.448
0.2
0
0.4
1.324
0.1
1.724
1.424
2.448
0
1.324
0
0.1
0
0
2.024
1.224
0.5
1.424
0
1.224
2.648
1.224
2.448
0
1.224
1.224
0.1
0.3
1.524
0.2
1.324
0
0.4
1.224
1.224
1.324
1.324
4.324
0
1.224
0.1
1.224
0.6
1.224
0.3
0
2.324
1.324
1.324
0
0
2.448
3.672
3.848
2.748
2.024
1.324
1.424
1.324
2.448
1.424
2.848
1.324
2.548
2.824
3.972
2.848
1.424
4.072
2.548
2.548
2.748
3.148
3.672
3.772
1.224
2.548
4.996
3.748
4.972
2.448
2.448
2.448
1.724
1.224
3.648
2.748
2.848
2.448
2.648
1.224
3.448
2.648
2.448
4.896
1.924
2.648
2.448
3.672
1.224
1.224
2.748
4.748
3.672
5.196
1.224
4.572
2.548
2.548
2.648
2.548
2.748
3.872
2.424
3.672
2.448
3.248
2.548
2.548
3.872
2.548
2.548
4.048
1.424
2.548
1.224
1.324
2.748
2.448
2.648
2.648
1.224
2.448
1.224
3.772
2.448
2.648
2.648
3.672
1.624
3.772
2.548
2.448
1.524
2.548
1.524
2.448
2.448
2.548
3.448
1.624
2.448
3.924
1.224
1.224
2.948
3.848
3.972
3.872
3.972
2.124
2.548
1.224
1.224
1.224
1.224
1.524
1.524
3.772
2.448
2.448
1.224
2.848
2.548
2.448
2.448
3.672
2.448
2.648
2.024
2.448
1.724
2.548
2.848
2.748
3.148
6.272
2.748
12.996
4.572
2.648
2.448
4.872
2.448
1.224
2.648
2.648
2.748
3.672
2.448
2.548
1.624
2.324
2.548
1.224
2.548
3.548
3.672
2.848
3.148
2.448
5.196
2.748
2.448
2.448
1.424
2.448
2.448
1.224
1.224
2.448
1.224
3.672
3.672
4.896
4.972
2.648
1.624
5.096
2.548
2.548
1.524
1.224
1.224
2.548
3.348
1.724
1.224
2.448
2.848
1.224
3.772
3.772
2.448
4.472
2.848
2.448
2.748
1.424
2.748
3.148
2.648
2.448
3.048
1.424
2.324
2.948
2.448
2.548
2.448
2.448
2.548
4.448
2.448
2.448
3.772
1.324
2.748
3.772
2.448
3.048
4.472
4.748
2.448
2.448
3.672
2.648
2.448
1.324
1.224
3.772
2.448
2.548
2.748
2.448
1.324
1.224
1.924
1.224
1.324
3.348
2.324
2.448
3.348
2.648
2.548
2.448
2.448
4.348
1.524
1.324
2.448
2.648
2.448
3.672
2.448
4.372
1.424
3.772
2.448
2.448
1.524
2.448
1.324
2.448
2.448
2.448
3.672
3.448
2.724
4.472
1.324
1.224
2.448
4.048
3.548
2.448
2.848
2.448
2.448
2.448
1.824
2.648
1.224
1.324
2.548
2.448
1.224
1.524
2.848
1.924
2.548
1.224
1.324
2.448
1.224
2.448
5.396
3.872
2.748
2.648
1.224
2.448
2.648
2.648
2.948
1.324
2.024
2.448
1.824
2.448
3.672
2.448
2.648
1.424
2.548
1.424
2.448
2.448
4.896
2.448
3.672
2.548
5.248
1.424
2.848
4.996
4.072
2.648
2.448
2.648
1.224
2.224
3.672
1.324
3.672
2.648
1.224
2.848
4.048
4.548
2.448
4.072
1.924
2.224
1.224
4.972
1.524
3.672
2.448
2.524
3.248
2.824
1.224
1.224
3.872
3.672
1.824
1.224
2.448
2.848
1.224
1.224
2.648
2.448
1.424
1.524
2.948
1.224
3.672
2.848
1.424
1.224
3.772
3.672
2.448
1.424
5.272
4.348
5.248
2.648
3.048
1.224
2.448
3.972
2.648
2.748
3.672
2.448
5.196
1.224
2.648
2.848
1.324
2.448
1.224
2.948
1.324
2.448
1.624
1.524
3.772
3.348
2.748
4.896
3.048
2.648
1.424
2.448
2.448
5.196
2.448
3.672
2.648
3.848
2.448
2.548
2.448
2.448
4.672
2.548
1.224
2.648
2.648
2.448
3.672
2.448
2.448
2.648
1.224
1.424
2.224
3.772
1.324
1.624
2.448
1.224
2.648
2.448
4.896
2.524
2.948
2.448
1.224
2.548
1.424
1.424
3.672
1.224
5.196
2.548
2.548
1.224
2.448
1.324
3.672
3.048
1.224
2.448
2.648
2.524
3.672
2.448
1.924
3.872
1.224
2.448
2.448
1.524
1.324
1.224
2.448
5.396
4.248
2.448
2.548
3.672
2.448
2.648
1.424
2.548
4.996
5.396
2.448
2.448
2.448
3.148
3.772
1.424
1.224
3.672
2.548
1.324
1.224
3.672
2.548
2.648
2.448
2.648
1.624
2.448
4.048
3.348
1.324
4.548
1.624
2.448
2.648
2.548
1.224
3.772
3.772
2.548
1.224
2.448
1.724
2.448
2.648
4.972
2.548
1.224
2.524
2.848
4.272
1.624
2.548
1.224
1.224
1.324
4.872
4.672
4.272
3.672
2.448
1.224
1.524
1.424
1.224
2.948
1.524
1.224
1.624
1.724
3.448
4.372
4.048
2.748
3.648
5.272
3.672
2.448
1.424
5.072
1.324
1.224
1.224
1.324
2.548
4.896
1.224
2.948
2.548
2.448
3.772
4.896
2.548
2.448
1.324
2.648
2.748
3.848
2.548
2.548
1.324
2.848
3.448
4.996
2.548
2.548
2.948
2.548
1.324
3.672
2.948
2.548
1.724
1.624
1.524
1.324
1.424
3.748
2.624
1.724
1.624
1.424
2.124
3.772
1.224
3.872
1.424
2.848
2.948
2.548
2.648
1.424
1.224
1.224
2.648
2.448
1.424
2.548
1.824
3.148
2.448
2.448
3.824
2.748
2.548
1.324
1.224
2.748
4.048
2.424
1.224
4.772
3.672
2.448
3.048
2.648
2.748
1.324
1.224
2.448
1.324
2.548
3.048
4.572
2.448
3.872
2.548
2.448
3.448
1.224
5.048
2.548
1.224
3.672
2.448
3.872
2.948
1.224
2.648
4.872
2.524
2.548
2.648
2.548
2.648
3.872
1.224
1.224
5.048
2.948
1.224
1.424
1.224
2.448
3.772
4.896
5.772
2.548
5.196
2.948
1.724
1.224
1.224
4.896
3.148
3.248
3.672
1.524
2.848
2.624
1.224
1.524
2.948
2.848
4.072
2.548
1.224
4.572
5.672
3.872
3.248
4.472
3.048
3.548
1.224
3.648
2.448
5.172
3.672
5.672
2.548
2.548
2.448
2.448
1.224
2.848
2.448
1.224
0
0.2
0.4
0
1.224
0
0.2
1.224
1.3
0.1
1.224
0
1.224
1.224
0
0
0.2
0.1
1.224
0.3
1.224
0.1
1.424
0
0
1.9
0.1
2.448
0
2.424
1.224
2.224
1.724
1.224
0.6
1.324
1.324
0
1.224
1.224
0.1
0.1
1.224
1.224
0
0
0.1
1.224
0.1
0
1.424
0.1
0
2.448
1.224
1.324
0
1.324
0
1.224
0
0
1.224
1.624
1.224
1.224
0
1.224
1.224
1.224
0
2.024
1.224
1.224
1.424
0
1.224
2.448
0
1.324
2.448
1.324
1.324
0.1
0.3
1.424
2.848
2.448
1.224
3.872
2.648
1.224
1.224
3.672
0
2.448
0
2.1
0.1
0.2
0.9
0.4
0.4
