1.3
0.9
5.4
1.7
1.824
2.024
1.524
1.224
1.624
1.224
2.224
1.324
3.148
5.924
5.624
0
1.224
0
0.1
0.5
0
0.6
0
0
1.2
0.3
1
0.4
0.3
0
0.2
0.1
8.6
1.224
2.124
2.4
0.1
0
0.3
1.5
0.3
3.8
0
0.2
0.4
0
2
2.224
0.8
0.6
0.3
0.2
1.2
1.424
0.1
0.1
1.424
1.324
0.3
2
8.024
3.424
0.2
3.7
2.9
1
1.424
1.424
0.5
6.624
1.7
2.224
1.924
0.3
8.6
2.6
2.648
0.8
1.324
0
2.3
1.524
0
1.424
0.2
1.224
1.224
0
0
4.924
0.1
0.4
1.224
1.224
1.224
0.9
0.7
1.424
1.524
0.1
0.3
3.224
4.224
0
0
0.1
0
3.3
1.324
1.924
1.524
1.624
0
1.524
0
1.3
0.1
1.724
0
0
13.124
0.3
0.3
2.124
1.624
1.224
0.4
0
1.224
2.324
1.3
0.3
1.724
1.324
0.4
1.4
0.3
1.524
0.4
2.4
0
1.424
1.224
0.8
1.224
1.224
0.3
2.024
0.3
1.524
0.2
0.3
0.8
0.3
2.1
1.7
2.124
0.5
3.2
0.2
0.4
1.324
0.1
1.424
0.5
1.424
0.3
1.324
0.9
9.3
1.524
3.124
1.324
0.4
1.624
1.9
1.424
2.548
0.3
0.8
0.9
3.548
1.724
2.848
4.724
3.848
3.224
2.848
2.948
2.848
2.124
1.624
1.824
4.348
3.348
2.124
1.424
1.624
0
2.5
1.924
0
0
1.724
4.9
1.224
0
0.8
0.8
0.3
0.2
0.8
1.7
1.224
0
12.824
0.1
7.424
0
1.224
1.324
1.424
4
1.524
0.1
0.4
0
0.1
1.3
1.224
0.6
0
1.724
0.1
0.2
0.1
13.924
0.3
0
1.2
0
2.8
0.4
0
1.324
0.2
2.648
2.548
0.2
4.8
0
1.824
1.524
1.224
0.4
0.1
1.224
4.424
0.8
0.9
0.1
1.224
0.8
1.5
1.224
1.224
3.2
1.224
0.2
0
0
0.8
0
0.1
7.024
0
0.2
2.548
1.424
1.224
1.224
2.448
3.348
1.224
2.224
0.1
1.424
1.324
1.524
0.2
0
1.424
1.224
7.924
0.1
0
1.424
0.6
1.924
0.1
0.5
1.324
0.7
1
0.5
1.224
3.724
2.624
0
2.024
1.924
1.224
1.324
0
0
0.5
0
0.4
0
0.7
0.1
0.5
1.4
1.7
2.724
0.1
1.424
1.524
0.1
1.224
6
1.724
1.524
0.9
0.4
1.224
1.224
0.1
4.9
0.1
1.224
0.1
12.948
2.124
2.5
1.4
1.724
0.9
4.2
1.924
0.3
1.624
6.224
12.124
0
0.2
0
1.624
0.1
4.248
2.324
0
0
0
1.224
0.3
0.2
1.224
0.3
0.1
0
0.3
0.3
0.2
0.1
1.324
7.348
0.1
0.2
0.6
1.4
3.5
1.424
1.224
0
0.4
1.424
1.8
0.3
0
0.1
0
6.6
1.424
1.3
1.424
0
0.4
0
0.1
0.3
0.4
0
4.148
2.748
0
2.648
2.448
0.9
0.2
4.5
1.3
2.024
0.1
0.3
2.224
0.4
0
2.324
1.824
0
0.5
2.024
1.9
0.4
0.5
0.3
1.324
1.3
1
1.324
2.724
0.3
0.7
0.7
0.8
0
5.224
0.7
0.9
0.1
0.7
1.224
0.3
0.5
0.1
2.448
1.324
1.2
0.6
0.3
0
0.1
2.324
1.424
0.2
1.1
2.648
0.1
3.9
0.3
1.324
0.2
2.1
0.4
1.424
0.3
8
1.4
0.1
1.9
8.124
0
1.1
1.6
1.7
2.7
1.224
1
1.4
1.524
0
0
0.5
0.5
0.1
1.324
1.9
0.5
1.324
0.1
2.448
0.3
2.024
0.1
0
0
0.2
3.324
0.2
0.1
2.524
1
0
0.3
2.448
0.3
2.4
0.2
1.224
0.1
2.424
0.3
0
1.424
1.624
0.5
0.3
0.2
1.324
8.024
0.2
1.224
0
0
3.024
3.524
2.448
0
0
0
1.1
1.6
0.3
0.2
3.048
0.1
0.7
0.1
1.2
1.2
2.748
1.824
0.3
0.8
0.2
1.6
1.2
1.424
0.1
0
0.5
0.4
0.5
0.3
0.2
0.1
1.4
0.1
0
2.124
0.4
1.324
1.224
2.724
0
2.424
1
0.3
0.2
0
0.7
1.224
0.3
0.4
0.1
0.2
0
0
5.2
2
0
1.424
0
0.3
1.524
1.224
0.2
0.1
0.5
0.5
0.4
1.324
1.6
0.2
1.224
0.4
0.4
0.3
0
1.224
0.2
1.624
0
0.1
0.8
1.9
0.2
0.1
0
0
2.224
2.2
1.524
0
2.6
0.4
0.2
5.2
1.3
0
0.2
0.5
0.4
1.424
0
0.6
0.9
2.424
0
0.2
1.524
0.3
0.3
1.324
0.1
0.1
1.424
0
0
0.9
0.7
0
2.448
0.6
1.224
0.1
1.6
0.1
0.9
1.224
0
0.1
1.5
0.2
0
0.7
0.3
0
0.4
3.2
0.2
1.1
0.2
1.324
1.224
1.224
0
1.524
0
0.1
0
0.2
0
2.624
0
1.224
1
1.1
2.1
0.1
0.2
2.924
0
0.2
0
0
2.224
0.3
0.9
1.924
0
0
2.648
0.2
0.2
1.224
2.724
1.224
0.1
0.1
1.724
0.1
2.824
1.324
0.7
0.1
2.324
0.8
0.1
0.1
1.224
0.2
1.524
1.224
0.1
0.1
0.8
0.3
1.224
0.5
0.6
0.8
1.224
0.1
0.4
1.424
1.324
0.1
2.024
7.2
0.3
0.6
0.4
0
0.3
1.324
0.2
0.7
0.5
1
1.824
1.6
2.024
0.1
1.924
0.2
1.224
1.824
1.224
0.2
0.8
1.924
2.548
0.2
0.1
1.424
9.7
4.724
0.5
0.8
2.124
1.624
1.224
0
0.3
0
0.1
0.6
1.324
1.4
0.9
0
1.224
1.224
0
0.2
0.4
0.1
0.1
0.1
0.1
0.2
0.3
2.448
0
0.1
0.9
1.424
1.3
3.4
0.5
0.2
1.424
2.024
0.2
0.3
1.324
1.1
9.724
0.5
0.1
0
0.3
1.224
0
3.124
1.224
1
0.4
0
2.024
0
0.1
0.6
1.224
0.1
0.1
0
0.6
0.2
1.524
0
0.2
1.224
0.3
0.2
0
1.324
0.6
1.224
1.424
2.224
0.1
0.2
0.3
0.2
0.1
0.3
0
0
1.724
0.2
2.024
0.6
1.324
2.648
0
0
2.448
1.324
1.324
3.024
1.524
0.1
0
4.148
1.524
0.6
1.424
0.4
0.2
0.5
0.1
1
1.1
0.1
4.324
1.224
0.2
1.224
0.3
1.524
0.1
0.1
2.4
4.124
0.2
0.3
0.1
0
0
0.6
0.4
0.2
0.1
1.424
1.2
0.1
1.324
1
0
0.7
0
0.4
1.324
0
1.324
2.848
0.2
0.3
0.1
1.624
1.324
1.924
2.9
2.024
0.2
1.224
0.6
0
0
1.224
1.1
1.324
1.2
1.1
0.1
0.5
1.424
0.1
1.5
2.4
0.4
1.224
0.1
1.324
0.6
2.448
4.8
2.548
3.624
3.548
2.324
1.824
0.5
1.224
3.324
2.848
0.4
0.8
0.2
0.1
0
0.3
0.2
1.324
0.1
0.4
0.5
0.3
0.7
7.524
1.324
3.148
1.224
0.2
0
0.4
0.3
0.7
3.524
0.5
0.8
1.324
3.424
0.2
1.224
0.2
0.2
0.7
1.224
2.224
1.624
1.524
2.724
1.424
0.2
1.624
1.424
2.524
0.1
0.1
1.224
1.724
1.224
0.4
1.8
0.4
0.3
0.9
1.624
2.6
2.624
0
0.1
2.524
1.1
0
0.6
3.4
1.2
1.9
0.1
0.1
0.1
1.824
2.724
0.5
1.224
1.224
0
4.7
0
6.824
0.1
1.324
0.1
2.824
1.324
2.9
0.3
0.8
0.5
0.1
4.624
0.8
2.548
0.2
0
0
0.1
0.5
0.1
9.924
0.2
1.1
0.6
0.2
1.324
2.624
1.224
2.448
0
0.2
0.1
0.3
2.1
2.824
1
0.2
0.1
0.6
1.324
0.3
0.3
0.6
9.7
0.5
0.7
0.9
0.3
5.1
1.724
0.3
0
3.3
0.3
2.624
0.2
0
1.424
2.448
3.724
1.724
3.724
1.424
1.724
1.224
2.748
1.524
2.948
1.524
1.324
3.024
3.048
2.424
1.524
3.048
1.324
1.424
3.248
2.324
3.848
2.948
1.724
3.048
4.372
1.724
3.348
2.648
1.224
1.724
1.524
1.224
5.124
1.824
1.524
2.448
2.424
1.324
4.024
2.748
1.324
3.772
1.924
2.648
2.548
4.172
1.424
1.424
7.548
1.924
2.448
3.872
1.224
5.048
1.424
1.424
1.224
2.648
2.648
3.048
2.524
2.848
1.224
3.024
1.624
1.724
3.348
3.648
1.424
1.924
2.124
1.224
1.224
1.424
3.448
2.748
1.424
1.324
1.524
2.448
1.724
2.548
2.448
1.224
2.648
2.448
2.324
3.772
1.324
2.548
2.024
1.924
1.424
2.024
1.524
2.324
3.924
3.224
1.224
4.824
1.224
1.224
1.524
2.424
3.048
5.072
2.548
6.024
2.948
1.324
1.324
1.724
1.424
2.724
2.424
2.648
1.224
1.424
1.224
2.024
1.824
2.548
1.324
2.448
2.448
1.524
4.924
1.324
3.124
2.548
1.224
2.748
2.948
3.748
1.624
4.872
3.048
1.524
1.324
32.272
1.524
1.324
1.224
2.448
1.724
2.548
2.948
3.048
2.324
2.824
2.548
1.424
1.324
2.224
2.848
1.624
4.224
2.448
5.272
3.948
1.224
1.224
1.724
1.524
1.224
1.224
1.224
1.724
1.524
2.548
2.848
3.972
3.348
1.924
2.124
4.872
3.348
2.224
2.024
1.224
1.424
1.324
12.948
4.224
1.224
2.548
3.748
1.324
2.748
2.948
3.348
3.648
3.624
2.548
2.548
1.724
3.248
3.548
1.424
2.448
1.624
1.224
3.124
8.348
2.448
1.824
1.324
2.648
2.024
2.924
1.424
1.324
2.748
1.524
2.124
2.548
1.624
2.624
3.248
2.624
1.824
1.324
2.848
2.548
1.224
1.924
1.324
2.548
1.224
1.824
4.448
2.748
1.524
1.424
3.024
1.224
1.824
3.924
3.024
1.624
3.248
1.424
4.748
2.448
1.224
5.024
1.924
1.424
2.448
1.224
2.648
2.548
1.224
3.248
1.524
2.748
2.648
1.824
1.724
1.224
4.024
2.448
1.224
1.524
2.548
1.824
4.424
2.848
1.724
1.424
2.548
2.924
1.624
1.624
3.748
1.224
1.224
3.248
2.024
3.248
1.224
1.424
1.424
2.224
1.324
2.024
1.624
2.224
2.748
1.424
1.424
1.324
1.224
2.848
4.272
2.648
2.124
1.324
1.724
2.448
1.324
1.424
2.024
1.524
2.424
1.724
2.724
2.548
2.448
2.448
1.624
2.124
1.224
1.224
1.224
1.224
3.672
1.224
2.448
2.848
3.024
1.424
2.648
4.372
2.848
2.648
1.224
2.848
1.424
2.324
3.972
1.524
3.672
2.424
1.624
2.624
2.924
2.324
2.448
3.048
1.524
2.224
1.324
3.048
2.224
3.648
1.224
3.424
2.524
4.624
1.324
1.324
3.248
2.548
2.724
1.224
1.324
2.924
1.324
1.624
1.424
2.448
1.324
1.924
2.648
1.324
2.848
1.224
1.924
1.224
2.448
2.448
1.324
1.824
3.048
6.724
2.124
3.548
2.424
1.624
2.948
3.648
4.448
3.348
3.248
1.524
4.272
1.224
2.124
2.124
1.424
1.224
1.424
7.148
1.624
1.224
3.024
1.624
3.048
5.148
3.748
3.972
3.248
2.024
2.124
1.424
1.224
5.572
2.448
2.448
2.824
1.824
1.224
2.848
1.324
2.448
4.648
1.524
1.324
1.724
2.848
2.848
2.648
2.648
1.224
2.648
1.324
3.524
3.324
2.548
1.324
1.424
1.224
1.224
1.624
2.548
3.772
5.524
2.024
2.648
1.724
1.524
1.424
1.324
2.648
1.424
4.772
2.848
2.748
1.224
2.748
1.824
2.548
10.448
1.624
2.548
3.424
4.624
2.448
2.448
1.924
2.848
1.924
1.224
1.224
1.924
1.624
1.224
2.648
4.072
5.324
1.424
2.648
2.448
2.548
1.424
1.224
1.624
4.472
4.272
1.224
2.748
1.324
3.624
3.748
1.324
1.224
2.448
1.924
1.224
1.524
4.072
2.448
2.648
1.224
1.424
1.624
1.224
4.548
5.724
1.724
1.624
1.724
1.224
1.324
2.648
1.624
2.648
2.548
1.224
1.324
1.424
1.724
2.648
4.748
3.648
1.424
1.424
2.824
1.924
3.248
1.824
1.424
1.224
1.324
1.924
3.448
3.348
2.948
3.148
1.224
1.224
1.624
1.924
1.524
2.724
1.624
1.224
1.624
2.124
1.524
4.348
3.924
1.224
1.824
3.148
2.448
1.224
1.324
2.848
1.224
1.324
1.924
1.224
1.324
3.672
1.324
1.724
2.648
2.448
2.548
3.672
2.448
1.324
1.324
2.424
3.148
6.948
3.148
4.648
1.624
3.448
6.124
3.772
2.548
2.948
3.724
1.324
1.324
2.848
1.724
1.824
1.824
2.124
1.824
1.624
2.024
2.524
2.624
2.624
2.524
1.424
4.624
2.848
1.324
2.548
1.224
1.924
2.124
1.624
3.448
1.724
1.224
1.324
1.624
1.424
1.324
1.324
2.324
3.024
1.424
1.624
7.524
1.324
1.524
1.924
1.324
3.848
7.348
4.524
1.224
3.548
2.748
2.448
2.824
3.048
3.948
2.024
1.724
2.724
1.924
1.924
2.224
9.348
1.424
3.248
1.224
2.648
1.624
1.324
2.424
1.724
1.724
2.648
3.124
2.748
2.424
1.224
1.524
3.948
2.124
1.824
2.748
1.224
5.448
3.348
1.324
1.224
3.024
2.424
1.324
2.024
1.624
1.324
2.748
4.072
4.148
1.224
4.672
2.224
4.024
1.224
1.524
3.772
2.224
3.724
3.672
1.724
2.524
4.124
1.224
1.624
1.824
3.248
3.972
1.524
1.324
6.148
4.248
2.648
2.024
3.248
2.524
2.724
1.224
2.124
2.548
3.248
3.048
3.348
1.224
1.224
2.448
1.224
1.324
3.024
2.448
1.324
0.1
0.4
2
0.3
0.1
0.7
5.2
1.224
8.5
0.6
0.3
0
1.324
1.224
0
0.2
0.2
0.9
0.3
1.2
1.224
0
0.5
0
0
10.5
0.3
1.224
0
2.9
1.7
10.024
4
1.224
6.1
0.7
0.4
0.2
0.1
0
0.1
0.7
1.324
1.524
0.1
0
0.4
1.224
0.3
0
0.2
0.5
1.1
1.524
1.624
1.1
0.2
2.124
0.3
1.824
0
0.6
1.524
2.824
0.4
0.3
0.4
1.224
0.1
0
1
3.4
1.224
0.7
1.3
0.1
1.224
1.224
0.1
0.3
1.224
1.1
0.5
0.3
0.7
1.1
1.824
1.324
1.324
3.448
3.048
0
1.224
2.848
0
2.448
1.1
10.5
0.7
0.3
2.9
6.4
1.7
