4.136
1.5
6.7
1.9
1.924
0.5
0.5
0
0.6
0
0.9
0.1
1.924
4.2
5.3
0.1
1.324
0
0
0.8
0.2
1.2
0
0
1.5
0.4
0.9
1.3
0.1
0.3
0
0.1
8.9
0.3
3.76
4.636
2.136
2.036
2.136
4.436
2.036
8.536
1.836
2.136
2.336
1.936
3.236
4.56
2.936
2.636
2.036
1.836
3.636
3.16
1.936
2.236
3.56
3.06
2.136
4.836
10.56
5.16
2.136
6.436
4.836
3.036
3.26
3.26
2.436
10.06
3.636
5.76
3.96
2.136
11.536
4.936
3.26
2.336
3.06
1.836
4.936
3.16
2.036
3.26
2.136
3.06
3.06
1.836
1.836
7.26
2.336
2.136
3.46
3.06
3.06
3.136
2.636
3.26
2.536
1.836
1.936
5.56
5.66
1.836
1.836
1.936
1.936
6.436
3.36
2.536
4.46
3.56
1.836
3.26
2.036
3.136
2.136
3.46
2.036
1.936
37.26
1.836
2.236
5.76
3.46
1.836
2.336
1.936
1.836
4.86
3.536
2.036
3.46
1.936
3.536
3.536
2.836
3.76
3.036
4.836
2.136
3.76
3.16
3.036
3.06
3.16
2.436
3.76
2.136
3.16
2.036
2.136
2.436
2.336
4.536
3.936
4.36
2.936
4.936
2.236
2.236
3.16
1.836
3.26
3.036
3.26
1.936
3.26
2.336
14.736
3.16
5.46
3.06
2.436
3.26
4.036
3.46
3.06
2.036
3.536
2.536
4.86
2.336
3.26
4.536
4.86
3.836
3.46
3.46
3.26
2.836
2.636
2.236
4.66
3.76
2.836
2.036
3.036
0
2.4
2.324
0
0
2.724
5.9
1.324
0.1
1.5
0.4
0.2
0.2
0.8
2.4
1.224
0
15.724
0.1
8.424
0
1.224
1.224
0.2
5.3
0.2
0.1
1.3
0
0.2
1.6
1.324
1.1
0
1.524
0
0.4
0.4
11.624
0.3
0
1.5
0.1
3
1.7
0.3
1.324
0.2
1.324
1.224
0
7.2
0
1.724
1.624
1.224
0.3
0.1
1.224
4.424
0.6
0.9
0.2
1.224
0.3
1.2
0.1
1.224
3.1
0.1
0.2
0
0
0.7
0
0.2
7.224
0.2
0
3.16
1.324
1.224
1.224
1.424
2.424
0
2.024
0.1
0
0.3
1.724
0.2
0.1
0
1.224
7.824
0
0.1
0.2
0.6
1.724
0.1
0.5
1.424
1.2
1.8
0.8
1.224
3.424
2.324
0.3
2.324
1.824
1.224
1.624
0
0.1
0.5
0
0.2
0
0.8
0.1
1
2.1
1.7
2.524
0.1
1.424
0.3
0.1
1.224
5.9
1.524
0.3
1.8
0.5
1.224
0.1
0.1
6.7
0
1.224
0.2
10.224
1.924
2
1.5
0.4
1
4.2
1.924
0.5
2.624
6.524
14.924
0
0.7
0
3.76
0
3.624
0.9
0.1
0.4
0
1.424
0.7
0.3
0
0.4
0.2
0
0.1
0.3
0
0.1
1.324
4.324
0.1
0.1
0.7
0.9
4
0
1.324
0
0.7
0.3
1.7
0.2
0.6
0.2
0.5
10
1.524
1.2
0.2
0.1
1
0
0
0.1
0.4
0
2.524
1.524
0
1.224
1.224
1.4
0.1
7.4
1.5
1.624
0.3
0.6
1.924
0.9
0.1
2.024
1.724
0.4
0.7
1.2
4.1
0.5
0.6
0.4
1.624
2.2
1.7
1.324
2.324
0.6
1.1
1.5
1.8
0.1
4.424
0.7
0.5
0.1
1.1
1.224
0.4
0.4
0.1
1.224
1.324
1.4
0.7
0.5
0.1
0
2.624
1.424
0.1
1.4
1.324
0.3
4
1
1.524
0.2
2.6
0.6
1.424
0.9
8.2
2.7
0
2.6
7.1
0.1
1.1
2.4
1.7
3
1.224
0.7
1.3
1.324
0
0
0.5
0.8
0.1
1.224
1.3
0.9
1.224
0
1.224
0.6
2.024
0.2
0
0
0
2.1
0.2
0.5
2.224
1.4
0
0.2
1.424
0.2
3.2
0
1.224
0.2
1.924
0.2
0
0.1
1.624
0.1
0.2
0
1.324
9.324
0.2
1.224
0.1
0
1.3
4.424
1.324
0
0
0.3
1.9
2.4
0.1
0.2
1.924
0.1
1.1
0.3
1.1
2.1
1.324
2.324
0.3
0.7
0.8
2.5
2
1.324
0
0
0.6
0.2
0.5
0.4
0.3
0
1.3
0.4
0.2
2.724
0.6
1.324
1.224
2.424
0.1
2.824
1.5
0.9
0.3
0
0.2
1.224
0.3
0.4
0
0.2
0
0.2
6.1
1.4
0
1.324
0.1
0.1
0.3
0.1
0.1
0.4
0.6
0.8
0.2
1.424
2.3
0
1.224
0.2
0.5
0.3
0
1.324
0.3
2.124
0
0
0.4
2.4
0.5
0.2
0
0.1
1.724
2.6
1.624
0.2
2.5
0.5
0.2
6.2
0.8
0.2
0
0.2
0.6
1.324
0
0.9
0.7
0.8
0.2
0.4
1.524
0.4
0.7
1.224
0.2
0.2
0.2
0.1
0.1
0.7
0.6
0
1.224
1
0.2
0.3
2.1
0
0.9
1.424
0.1
0.1
1.7
0.6
0
0.5
0.3
0
0.7
4
0.3
1.2
0.1
1.624
1.224
0.1
0.2
1.424
0
0
0.2
0.6
0.2
3.324
0.1
1.224
1.5
1.3
1.9
0.1
0.3
2.3
0
0.4
0.1
0.1
2.324
0.2
1
1.4
0
0.1
1.524
0.4
0.8
1.324
1.1
1.224
0
0.2
0.6
0.2
1.824
1.224
1
0.2
1.7
1
0.1
0.4
1.224
0.4
0.2
1.224
0.1
0.4
1.5
0.6
0.1
0.5
0.8
0.4
1.424
0
0.4
0.1
0
0.1
0.4
8.7
0.1
0.9
0.2
0
0.2
1.424
0.1
1.5
0.6
0.9
1.724
2.1
2.424
0
0.7
0
1.424
0.8
1.224
0.4
0.7
2.424
1.224
0.2
0
1.224
12.8
4.1
1
0.8
2.724
1.224
1.224
0.2
0.1
0
0.1
0.8
1.324
2.4
1.2
0
1.224
0
0
0
0.4
0.4
0.1
0.1
0.3
0.5
0.3
1.224
0.3
0.3
1.4
1.324
2
3.1
0.5
0.4
0
2.124
0.1
0.6
1.324
1.7
7.824
0.9
0.2
0
0.3
0.1
0
3.124
1.224
0.5
0.1
0
1
0
0.1
0.5
0.1
0.1
0.3
0.1
0.7
0
1.724
0
0.4
1.324
0.1
0.2
0
0.3
0.5
1.224
1.424
2.124
0.2
0.1
0.4
0
0.2
0.3
0
0.2
1.724
0.2
0.9
0.2
1.224
1.424
0.2
0
1.324
1.624
1.224
1.5
0.2
0.1
0.3
4.024
1.724
0.3
0.1
0.5
0.2
0.4
0.1
1.6
1.5
0
3.724
1.324
0.3
1.324
0.3
1.724
0.1
0.2
2.8
5.624
0.3
0.4
0.1
0.1
0.3
0.3
0.1
0.3
0.3
0.1
1.2
0.4
0.1
0.9
0
1
0.1
0.5
1.424
0
1.224
1.924
0
0.3
0.5
1.424
1.324
1.824
3.2
1.824
0.6
1.224
1.1
0.1
0
1.224
1.3
1.324
1
1.8
0
0.8
1.824
0
1.7
3.9
0.5
1.224
0
1.624
1
1.324
5.1
1.424
4.424
2.324
1.3
2.124
0.9
1.224
3.724
1.824
0.1
0.3
0.1
0
0
0.6
0.2
1.624
0
0.8
1
0.3
0.9
7.024
1.324
2.624
1.224
0.1
0
0.3
0.1
1.2
3.824
1
0.8
0
5.324
0
1.224
0.3
0.1
0.7
1.324
3.024
2.724
0.1
1.6
0.8
0.3
1.624
1.324
2.424
0.4
0.1
1.224
1.724
1.424
0.1
1.7
0.8
0.4
0.5
0.3
1.8
1.724
0
0.2
2.924
1.8
0
0.6
4.8
2.1
1.9
0.2
0.1
0
2.124
2.824
0.6
1.324
1.324
0
6.4
0
7.124
2.036
0.1
0.1
3.424
0.1
2.3
0.3
0.5
0.5
0
4.924
0.7
1.224
0.1
0.3
0
0.1
0.4
0
9.924
0.2
1.8
0.4
0.3
1.324
1.2
1.224
1.324
0
0.2
0.1
0.5
2.4
3.224
1.2
0.2
0
1
0
0.1
0.1
0.7
12.3
0.6
0.2
0.7
0.6
5.3
0.5
0.6
0.2
4.1
0.2
2.224
0.1
0
1.524
0
3.4
0.5
3
0.4
0.2
0.2
1.624
0.5
1.924
0.4
0.3
2
0.4
1.5
0.5
2.624
0.2
0.1
2.724
1.3
1.924
1.524
0.6
1.624
1.924
0.5
0.8
1.224
0.1
0.5
0.7
0.1
4.9
0.8
0.3
1.224
1
0.1
3.4
1.824
0
1.324
1
2.024
1.224
1.224
0.4
0.3
5.724
1.3
0
1.624
0
5.024
0.1
0.4
0.1
1.324
1.524
2.024
1.4
0.2
0.1
2.4
0.6
0.4
1.924
3.424
0.1
1
0.7
0.1
0
0.2
2.124
1.524
0.4
0.8
0.5
1.224
0.3
1.724
1.224
0.4
1.224
0
1.8
1.424
0
1.424
1.2
0.7
0.2
0.6
0.4
1.2
3.2
2.3
0
4.5
0.1
0.3
0.3
2
2.124
2.324
1.524
5.6
1.924
0.2
0.2
0.7
0.2
1.9
1.7
0.1
0
0.2
0.1
1.2
0.5
1.324
0.2
1.224
1.224
0.7
4.2
0.2
2.7
0.1
0.8
1.524
2.324
1.1
1.2
3.024
0.7
0.4
0.2
13.124
0.2
0.1
0.5
1.424
0.9
0.3
1.824
2.224
0.6
2.4
1.824
0.3
0.4
1.3
0.3
0.4
4
0
3.324
1
0
0
0.6
0.6
0
0
0
0.7
0.4
0
1.624
1.424
2.624
0.5
1.6
2.824
2.924
1.4
0.8
0.1
0.3
0.1
10.724
3.3
0.1
1.324
2.624
0.5
1.324
0.5
1.724
1.3
2.2
0.2
1.724
0.2
1.824
1.924
0.6
1.324
0.9
0.2
2.2
7.424
1.224
0.7
0.1
1.724
0.4
2.3
0.2
0.2
1.524
0.4
1.1
1.224
0.1
1.8
1.724
1.5
0.6
0.4
1.924
1.724
0
0.8
0.2
0.2
0
0.3
1.4
1.424
0.5
0
2.2
0
0.5
3.3
3
0.4
2.624
0.6
3.824
1.224
0
4.6
0.9
0.1
1.424
0.3
1.524
1.424
0.1
3.024
0.5
1.824
1.324
1
0.2
0
2.1
1.224
0.3
0.2
1.424
0.8
3
2.424
0.5
0.1
1.424
2
0.3
0.2
2.924
0.1
0.2
2.124
1.8
2.424
0.2
0.2
0.3
1
0.4
1.8
1.1
1
1.624
0.6
0.3
0.2
0.1
1.324
2.324
0.5
1.2
0.2
0.4
1.224
0.1
0.4
0.4
0.6
1.6
0.7
2
1.424
1.224
1.224
0.2
0.6
0.1
0.1
0
0.2
1.224
0
0
1.624
1.6
0.2
1.524
2.424
0.4
1.624
0.4
1.824
0.2
1.6
1.524
0.6
1.224
1.2
0.4
2.2
1.4
1
1.224
0.7
0.4
1.8
0.1
0.9
1.3
2.024
0
2.7
1.3
4.5
0.3
0
2.124
1.224
3.1
0
0.2
1.9
0.1
0.2
0.2
1.224
0.2
0.6
1.424
0
0.3
0.1
0.9
0
0.1
0.1
0
0.8
1.6
7.9
2
1.824
1.5
0.2
1.724
2.524
1.7
0.9
0.4
0.7
1.824
0
1.4
0.6
0.8
0.2
0
6.024
0.2
0.1
1.8
0.6
1.624
4.724
2.524
1.724
2.724
1.6
1.1
0.1
0
3.324
1.224
1.224
1.5
0.7
0.2
1.724
0.1
1.324
2.9
0.4
0.3
0.6
1.624
1.724
0.2
1.224
0
1.324
0.1
2.5
2.6
0.1
0
1.1
0
0.1
0.4
1.324
1.224
4.4
0.6
1.324
0.7
0.5
0.2
0.2
0.3
0.1
2.124
1.924
1.724
0.2
0.1
0.5
0.1
9.724
0.3
1.324
1.3
4
1.324
1.224
0.8
0.5
0.3
0
0
0.4
0.3
0
0.2
1.824
5.8
0.2
0.1
0
1.224
0.1
0.3
0.5
2.324
2.324
0
1.424
0.2
2.4
2.424
0.1
0.1
1.324
0.8
0.2
0
1.624
1.524
1.524
0
0.2
1.3
0
3.924
4.7
1.1
0.7
1.1
0.2
0.2
0.6
0.4
1.424
0.2
0.3
0.2
0.1
1.6
1.324
3.124
2.524
0.2
0
2
1
2.424
1.3
0.1
0
0
0.8
2.124
2.424
2.024
1.524
0.2
0.1
0
1.1
0
1.5
0.4
0
0.6
1.1
1.1
4.724
3.8
0.1
1
1.524
1.324
0.1
0
0.5
0.1
0.1
1.1
0
0.1
1.224
0.1
0.9
1.724
1.224
0.1
1.224
1.424
0
0
1.3
1.724
6.724
1.524
3.224
0.5
2.424
4.6
1.324
1.324
1.524
4.4
0.1
0.2
0.3
1.1
0.3
0.6
1
0.7
0.3
1
2.4
1.9
1.6
2.2
0.3
3.7
0.1
0
0.4
0
1
1.3
0.3
1.924
1
0.1
0
0.7
0.2
0.3
0.2
1.3
1.7
0
0.7
11.6
0.4
0.2
0.8
0.4
3.824
5.8
4.9
0
1.2
0
0
2
1.924
3.124
1.5
0.7
1.5
0.3
0.6
1.3
9.624
0.2
0.8
0
1.424
1.5
0.1
1.7
0.2
0.2
0
1.7
0.1
0.6
0
0.7
3.324
1.8
0.5
1.724
0.4
3.224
2.224
0
0.2
3.2
1.8
0
0.6
0.3
0.2
1.724
1.824
3.724
0.3
2.324
1.7
3.8
0.1
0.1
1.524
1.2
3
1.224
0.5
1.3
4.2
0.1
0.4
0.4
3.024
1.624
0.1
0.2
3.2
3.124
1.624
1.4
3.024
3.936
3.436
2.236
4.236
1.936
4.66
0.6
1.7
0.1
0
1.324
0
0
3.036
1.224
1.424
0.3
0.8
2.7
0.1
0
0.6
4.6
1.224
10.6
0.7
0.5
0
1.424
1.224
0
0.3
0.5
1.5
0.4
0.9
1.224
0.3
0.4
0.1
0
14.3
0.6
1.224
0
3.8
2.1
10.724
3.9
1.224
7.9
1.4
0.4
0.4
0.1
0
0.2
1
1.224
1.324
0.4
0.1
0.8
1.224
0.4
0.1
0.2
0.7
0.8
0
1.924
0.5
0.2
0.5
0.2
1.624
0.1
0.3
0.3
3.124
0.1
0.4
0.4
1.224
0.1
0
0.7
3.7
0.2
0.9
2.1
0.1
1.224
1.224
0.2
0.2
1.224
1.1
0.7
0.6
1.3
0.4
1.624
1.324
1.424
2.124
1.524
0.1
1.224
1.524
0
1.424
1.5
13.1
1
0.5
2.6
6.9
2.1
