3.248
0.5
1.5
0.2
0.1
1.324
1.324
1.224
2.448
1.224
2.748
1.224
1.424
1.724
2.424
0.1
0
0
0.1
0.1
0.2
0.2
0
0
1.424
0
1.324
0.1
0
0
0
0
2.424
1.224
0.2
1.624
1.324
1.324
0
1.924
1.224
2.924
0.1
0
0
0
1.524
0.4
2.024
1.624
0
0.4
2.424
0
0.1
0
1.324
0.2
1.524
0.8
1.2
0.3
0
0.9
1.624
1.624
0
0.1
0.3
1.3
2.224
1.624
1.724
1.224
3.024
1.824
0
0.2
0
1.424
1.2
0
0.1
0
0
0
0
0
0
1.1
1.324
0.1
1.624
0
0
1.524
1.724
1.224
0.1
0
0
1.2
0.4
1.224
1.224
1.324
2.448
2
0.1
1.324
2.848
1.224
1.224
0
0.2
0.4
2.648
0.1
1.224
1.424
2.4
0
0
2.124
0
1.224
1.724
0
0
0.6
2.948
0.1
0.2
0.2
1.724
1
0.4
0.4
0.4
2.024
1.524
0
0.1
0.6
0
0.1
0
0.1
1.224
0.1
0
1.324
1.324
2.448
2.224
1.924
1.224
0.3
2.748
0
1.624
0
1.224
1.224
1.624
0
0.1
1.324
1.224
2.5
1.324
2.124
1.324
1.424
1.324
0.7
0
0
0
2.224
2.024
1.2
1.224
1.224
2.848
1.724
2.524
1.324
1.524
1.224
1.924
2.448
3.048
2.224
1.224
1.624
1.324
3.872
1.224
0.4
1.324
0
1.224
0.3
2.924
0
1.224
1.724
0
1.424
0
1.424
0.6
0
1.224
2.924
1.224
1.924
0
0
0
0.1
0.9
0
0
0.2
0
0
0.2
1.224
0.5
0
0
0
0
0
1.1
0
1.224
0.4
0.1
0.4
0.1
0.1
1.224
0
1.224
0
0
0.9
0
0.1
0
0
0.1
0
0
0.2
0
0.3
0
1.224
1.224
0.4
0
1.224
0.5
0
1.224
0
1.224
1.424
1.224
0
0.9
0
0
0.1
2.548
2.448
1.224
0
0.5
0
0.3
1.424
0.1
0
0.3
0
0
0
0
1
0
1.224
0
1.224
0.3
2.448
0.1
2.548
0.1
0.3
0.2
0
0.3
1.924
0
1.424
0.2
0
0.2
0
0
0.1
1.224
1.224
0
1.324
2.448
0.2
2.748
1.924
0.4
1.224
0
0.1
0
0
1
0
0.1
0.2
0.5
0
0
0
3.548
1.224
1.224
1.224
1.2
1.224
1.824
0.4
1.324
0.1
1.524
2.548
2.748
2.648
1.1
3.224
0
0.1
1.224
1.224
0
2.748
2.648
0
1.324
1.224
0.1
0.1
0
1.224
0.1
0
0
0.1
0.3
0
0
0
0.8
0
0
0.1
0
0.6
0
0
0
0.1
0
1.924
1.224
0.1
0
1.324
0.8
0
0.2
1.324
0.1
1.524
1.224
0
0
0.2
1.224
0.1
0
1.224
0
0
0.2
0.1
1.5
0.5
1.224
0
0
0.2
1.724
0
1.324
0.1
0.2
0.1
0.5
0.6
2.448
0.3
0
1.324
0.2
0.2
0
2.448
0
0.3
0.8
0.2
1.224
3.248
0
2.748
0
1.424
0
2.448
0
0
0
0.1
0.7
0.1
0
0
0
0.2
0
1.224
0.3
0
1.224
0.9
0.3
0
0
0.4
0.1
0
0.2
1.2
1.924
0
0.5
1.924
0
1.224
0.3
0.4
0.5
0
0
0.4
0
0
1.224
0.3
0.2
0
0
1.324
0
0
1.224
0
0.3
0.1
0.1
0
0
0
1.8
0
0.3
0
0.3
2.448
0
0
0.2
0.8
0
0
1.324
0.2
0.1
0
0
0
0.1
1.324
0
0
2.224
0
1.224
0
0
0.1
0.7
0
0.2
1.224
0.1
0.2
0.5
1.224
0
0
2.448
1.224
0.1
1.424
0.3
0
0.4
1.224
0
0
0.7
0.3
0
1.324
1.224
0.2
0
0.3
1.324
0.3
0
0.3
0.1
0
0.1
1.324
0
0
1.524
1.224
1.624
0.2
1.224
1.224
0
0.2
0
0
0
0.1
0
0
0
2.424
0.3
0
0
0
0
0
0
1.524
0.2
0
0.1
0.1
1.224
0.3
0
1.224
0
0.1
0
0
1.324
0
0.2
0
0.1
0.2
1.424
0.2
0
0
1.224
0.1
0.9
0.1
0
1
0
0.2
2.424
0.4
1.224
0
0.2
0
0
0
0
0.2
2.024
0
0.2
0.2
1.224
0.4
0
0
0
0
0.1
0
0.1
0.1
1.324
0
1.924
1.224
2.548
0.4
0
0.2
1.224
1.224
1.224
0.4
0.2
0
0.6
0
0
0
0.8
0
1.624
0.1
0
0
0
0
1.524
1.224
0
0
0.3
0
0.3
0.1
0
0.2
1.424
0.6
1.224
1.224
0.5
1.224
0
0.1
0
0.2
0
0.2
0.4
0
0
0.2
0.1
0.1
0
0.3
0
0
0
1.524
0
0.2
1.224
0
0.2
0.3
0.1
1.224
0
1.224
0
0
0
2.448
0.1
0.6
0
0.1
0.2
0.1
0.1
0
1.224
1.224
0
0
0
0.1
2.524
0
0.2
0
0
0.1
0
0
0.8
0.3
2.548
0.2
0.2
1.424
0
0.1
0
0.1
1.424
0
1.224
0.2
0.5
0
0
0
0
1.3
3.324
0.1
1.324
0.5
0
0
1.224
0.2
0
0
0
0
0.2
1.424
1.224
0
0
1.224
0
0.4
0
0.1
1.224
1.224
0.1
1.324
0
0.1
0
0.4
1.224
0.5
0.7
0.6
0.1
0
0.2
0.1
2.548
0
0.4
0.8
0
2.448
0
0.1
0
0
1.524
1.224
0.3
0
2.448
2.024
0
0
0
0
0
0
0
0.1
0
0.1
0
0.1
0
0
0
2.448
1.224
1.224
0
0
0
0
1.324
0
0
1.324
0.1
1.224
0.1
0.1
0.1
0.4
0.2
0
0
0
1.224
0
0
0
0.4
0
0.1
1.224
0.8
1.324
0
0
0
1.324
0.4
0
0.4
1.524
2.448
0.6
1.224
2.448
1.224
1.324
0.2
0.1
0.1
0.7
2.524
1.324
0
0.1
0
0
0
0
0
1.324
0
2.648
0.1
1.224
0.6
0
0.2
0.1
0.1
0
0
0
0
1.224
1.224
0.1
0.1
0
0.2
0.7
0.4
0.2
1.224
0.4
0.1
1.224
0
1.924
0
1.724
1.224
0
0.2
1.224
0
0.4
1.3
0.1
0
0.1
0
1.424
0
3.148
0
0.6
0.5
0.2
0
0.3
0
0.6
0.1
0.1
0
0
0
0
0.3
0
0
0
0.1
0.4
0.1
0.4
0.5
0
0.3
0
0.1
2.448
1.224
0.1
0.4
0.5
0.3
0.3
0
1.1
0
0
0
0
0.3
0
0.2
0.5
1.224
3.248
2.748
0
0
0
0.5
0.1
0
1.224
0.1
0
0
0.1
0.1
0.2
0.2
0.2
0.1
0.1
1.224
1.224
0.1
0.2
0
0.1
0.9
0.6
0.4
1.224
0.1
0
0.3
0.2
0.1
0
0
0
1.4
0
1.524
0.2
1.324
0.2
0.5
0
0.3
0.1
1.424
0
1.324
0.2
0.1
0
1.324
0
1.224
1.424
0.1
1.224
1.2
0.3
2.124
1.624
2.448
1.224
0.3
0
1.224
0.1
0
0
1.224
0.3
1.224
0.1
0.2
1.224
0.2
0
0
0.1
0.1
2.7
1.224
0.1
2.648
0.1
0.8
0.1
0.2
1.224
2.824
1.424
0.5
0
1.224
0
1.224
5.248
2.848
3.748
2.748
2.548
2.548
1.224
3.148
1.524
1.424
1.224
5.448
1.324
1.724
1.224
3.872
2.548
1.324
2.524
2.024
1.324
1.224
1.424
2.648
1.824
3.148
2.748
1.324
1.224
2.848
3.348
3.672
3.124
1.624
1.724
1.224
1.724
2.548
1.324
2.024
1.224
1.324
3.548
1.424
1.324
1.624
2.448
2.448
2.124
3.348
2.448
1.524
1.224
2.924
1.524
2.648
1.224
1.224
2.748
1.424
5.272
1.224
1.224
1.724
1.424
1.224
1.424
1.324
1.224
3.248
3.148
1.424
1.224
3.672
2.848
2.548
1.424
2.748
1.424
1.224
2.448
1.324
3.672
1.424
1.324
1.224
3.248
1.324
2.448
2.448
3.448
1.324
1.524
1.424
3.872
2.224
2.624
3.872
1.224
3.324
2.448
3.772
1.624
5.948
1.524
1.724
1.524
2.424
2.848
1.224
1.224
1.324
2.648
3.772
2.548
1.224
1.224
2.648
2.548
2.124
1.424
1.324
2.648
1.224
3.672
1.624
3.148
1.224
3.448
1.224
1.824
1.224
1.624
3.348
2.024
2.324
2.748
1.424
2.548
2.824
1.324
2.648
2.848
2.548
1.824
1.224
1.524
1.624
3.148
14.272
2.848
2.648
1.424
4.748
2.648
1.524
2.624
1.324
1.524
1.424
1.224
1.224
2.648
2.448
1.224
2.548
2.448
1.224
1.224
1.224
1.324
1.324
1.524
1.324
3.348
2.948
2.848
3.148
1.824
1.324
1.224
1.324
2.524
2.224
2.448
1.224
1.524
1.224
1.424
1.524
1.724
2.124
1.524
2.448
3.048
2.848
3.148
4.148
3.872
1.224
3.448
2.448
2.124
2.024
1.224
2.748
1.224
1.224
2.548
3.748
1.224
1.224
1.424
2.648
1.524
1.324
1.324
1.924
4.548
2.124
2.848
2.448
2.748
1.524
1.224
2.648
1.224
1.324
1.224
1.324
1.724
2.548
2.648
2.748
3.548
2.548
2.548
3.948
2.724
2.448
3.024
1.524
2.648
1.224
1.224
5.048
1.824
2.548
3.672
2.548
1.224
1.524
1.224
1.924
2.948
1.624
2.448
1.724
2.848
1.224
2.448
1.324
1.524
1.424
1.224
2.024
6.148
1.424
2.948
2.548
1.324
3.848
3.248
1.424
1.824
1.324
2.448
1.524
3.248
1.624
1.324
2.448
2.548
1.524
2.648
1.224
2.748
4.148
1.524
1.324
1.424
1.324
2.448
1.224
1.924
1.424
1.724
1.224
3.672
1.224
1.224
1.224
1.624
1.524
4.948
1.224
3.448
1.424
1.224
1.224
1.224
2.748
1.324
2.748
1.224
1.224
1.324
2.448
1.224
3.048
3.548
1.324
1.424
2.024
2.848
1.724
2.648
1.524
1.224
4.148
1.324
1.324
1.224
1.524
4.372
2.624
3.648
4.572
2.448
2.648
3.248
5.148
1.224
3.248
2.948
1.424
1.224
4.848
1.824
6.148
1.224
3.672
2.748
1.224
3.048
2.548
1.324
2.224
2.448
1.224
1.324
1.224
2.948
1.624
4.172
2.448
1.224
2.548
3.048
2.448
2.548
2.448
1.224
2.548
3.048
4.848
2.524
1.924
2.748
2.448
1.224
2.824
1.624
1.924
1.424
1.224
1.424
1.224
1.424
2.948
1.424
2.548
1.324
3.448
2.448
2.548
2.124
2.748
1.324
2.224
2.648
1.624
5.672
1.824
2.748
1.224
1.224
2.848
1.224
1.324
1.324
2.748
1.324
1.224
1.224
2.548
2.224
2.448
1.224
1.524
2.748
2.848
2.548
1.324
2.448
1.224
2.448
1.824
1.924
1.224
2.548
2.848
2.448
1.224
1.424
1.624
1.224
4.672
2.848
1.424
2.848
1.224
3.048
2.548
1.224
2.448
1.724
1.524
1.524
1.224
1.224
2.548
1.224
3.148
3.772
1.324
1.624
3.324
1.224
3.672
3.448
1.324
2.448
1.224
1.224
1.324
2.648
2.448
1.324
1.524
4.348
1.324
2.648
1.224
1.324
1.424
3.348
1.224
1.324
1.624
1.224
2.448
2.448
3.048
1.424
1.624
2.748
1.224
1.724
2.448
2.748
1.324
1.424
3.772
1.224
1.324
3.248
1.224
4.348
2.724
2.848
2.848
2.024
1.224
1.224
2.748
1.524
2.548
1.224
2.548
1.224
1.424
1.624
1.424
1.424
3.924
2.648
2.648
5.248
1.524
1.724
3.548
1.324
1.224
2.648
1.424
1.424
3.048
2.624
1.824
1.224
2.548
2.648
3.972
3.672
1.624
3.148
2.448
2.848
3.248
3.148
2.724
6.872
1.424
3.148
1.824
1.224
2.448
1.224
2.848
1.324
1.224
3.148
2.648
1.224
1.224
2.448
1.724
1.224
1.224
1.324
1.224
2.448
1.224
2.448
1.224
3.148
5.848
1.624
1.224
1.324
1.724
2.624
1.224
2.548
1.624
2.524
1.324
1.324
1.324
1.824
2.448
2.748
1.224
2.748
1.224
2.024
3.148
5.448
2.124
1.724
1.224
3.948
1.324
2.548
1.224
1.424
1.324
2.748
2.848
1.424
3.248
1.224
1.224
1.524
2.448
2.848
1.224
3.048
2.524
2.548
2.648
4.324
2.748
2.848
4.072
1.524
2.724
3.324
2.824
3.672
3.248
1.224
1.224
2.024
2.948
2.648
3.648
1.524
1.524
1.324
2.848
2.124
4.048
2.448
1.224
1.224
1.224
4.448
2.648
5.272
2.448
2.748
1.324
1.424
1.524
1.724
2.448
1.624
2.224
4.948
1.324
1.424
1.224
1.724
1.524
3.772
2.448
4.348
1.824
2.448
2.848
2.448
2.548
2.648
2.748
4.148
2.748
1.724
3.448
3.248
3.672
2.548
1.324
2.948
2.124
1.224
2.648
2.648
3.848
1.224
4.072
1.524
4.072
1.624
1.424
2.448
2.124
1.624
1.924
3.148
1.924
1.524
1.524
2.948
2.524
1.324
1.924
1.224
2.948
1.224
1.224
1.224
1.224
1.224
2.648
1.224
1.524
1.224
0.2
1.424
1.224
1.324
1.324
1.624
0
2.724
0.2
1.224
1.224
0
0
0
2.448
0.1
0.4
1.224
0.1
1.224
0
1.324
0
1.224
2.3
0
0
0
1.1
0.4
1.924
0.7
1.224
3.748
0.3
0.1
1.324
0
0
0.2
0.4
0
1.224
0
0
1.424
0
0
0
0.1
0.1
0.3
0.1
0.4
0.4
0
0.1
0
0
1.224
1.424
2.448
1.1
0
0
2.548
0
0.1
1.224
1.224
1.5
2.448
1.524
1.824
1.224
1.224
0
0
0
0.1
0
0.5
2.648
2.648
0.1
0.1
0
0
0.3
0.1
0
0
0
1.224
1.224
0.2
4.648
2.448
1.524
2.524
1
2.424
