0.7
0.6
3.424
0.5
1.424
1.524
1.724
1.224
1.324
1.224
1.624
2.448
1.824
2.524
3.024
0
0
0.1
0
0.1
1.324
1.224
0.1
0
0.2
0
0.2
0.2
1.324
0
0
1.324
1.9
0
0.3
0.6
0.2
0.1
0.3
0.7
0.2
2.724
0
0.1
0
1.224
0.4
0.6
0.4
1.524
1.324
0.1
1.924
0
0.2
0
0.2
0.3
0.2
1.724
2.2
0.9
0.1
0.7
1
0
0.1
0
1.324
2
0.9
2.024
0.2
0.3
3.424
0.9
0
0.3
0
0
2.624
0.1
1.224
0
0
0
0
0
0
1.1
0.1
0.1
0.2
0
0
1.724
1.524
0.2
0.1
0.1
0
1.2
0.9
0.1
0
0
0
1.5
0.1
0.2
0.7
0
0.1
1.324
0.1
0.7
0.1
0.1
0.2
0.1
4
0
0
0.5
0
0.1
0.4
1.424
0.1
2.224
0.6
0.1
0
0.1
1.524
1
1.924
1.524
1.524
0.9
0
0
0.1
2.124
0
0
1.424
0.1
0.1
0
1.224
0.1
0.2
0
1.1
0.9
0.2
0.3
0.6
0.1
0.1
0
0.1
0.1
0.2
0.2
0.1
0.1
0.1
3.3
0.1
0.9
1.324
0.5
1.324
1.924
0
0
1.424
1.1
0.4
2.824
1.324
2.548
2.224
2.948
4.248
2.548
1.524
2.548
1.724
2.548
1.624
3.848
2.648
2.948
2.548
1.324
0
0.7
0.3
0
0
0.3
2.1
0
0.1
1.724
1.224
0.1
1.224
0.4
0.8
0
0
2.7
0
1.4
0
0
0
1.424
3.124
1.224
1.324
1.524
1.224
1.224
2.324
1.224
1.424
1.224
1.224
0.1
1.224
0.1
5.424
1.224
0
1.724
0
2.224
1.424
0
0
0.1
0
0
1.424
1.6
0
0.2
0.2
0
0.1
1.224
0
0.3
1.324
1.224
1.224
0
0.1
0.1
1.224
0.1
0.7
1.224
0
1.224
0
0
0.1
1.324
1
0
1.324
0
1.324
0.1
0
0
1.624
1.224
1.424
0
1.324
1.424
1.324
1.324
1.324
1.224
0
1.6
0
0
0
0.1
0
0
0
0.1
0.3
0.3
0
0
1
0.2
0
0.3
0
0.1
1.324
0
0
1.224
0
1.224
0
1.324
0
0
0.3
0.3
0.3
0
0
0.1
0.1
0
1.5
0
0.1
1.724
1.524
0
0
0
1.6
0
0
1.224
2.8
0.1
0.2
1.724
1.424
1.524
0.3
0.1
1.424
0.1
2.2
3.5
0
0
0
0.3
0
3.148
2.648
0
1.324
1.224
1.224
0.3
0.1
1.224
0
1.224
1.224
1.424
0.1
1.224
0
0
1.1
0
0
0.2
1.424
2.024
0
0
0
0.1
1.324
1.824
0.1
0.1
0
1.324
2.8
0
0.4
2.548
0
0.5
0
0
1.224
1.424
0
1.624
1.324
1.324
1.224
1.224
1.724
1.224
1.4
1.624
0.2
0
0.2
0.1
0.3
0
0.1
0.1
1.224
1.624
1.524
0.9
0
1.624
0.1
1.424
1.624
1.324
0
0.1
1.424
0.3
1.624
0.7
0
0.4
1.724
0.1
1.224
0.4
0.1
0.2
0.2
1.224
0
1.324
1.424
1.524
0
0
0
2.024
0
0
0.4
0
0.1
2.524
1.324
1.224
1.424
0.7
1.624
0.1
0.2
2.824
0.7
0
2.524
1.1
0
0.5
1.924
1.824
0.3
0
0.4
0.6
1.224
0
0
0.4
0
0
1.224
0
0.3
1.224
0
0
1.524
1.324
0.1
0
0
1.224
2.524
1.224
0.1
1.324
0.2
0
0
1.324
1.324
1.1
0
0
0
1.724
1.324
1.224
1.224
1.324
0
1.324
1.424
0
1.6
1.324
0
1.224
0
1.724
2.024
1.324
0
0.1
1.224
1.724
2.424
1.224
0.1
1.424
0.1
0
1.224
0.1
0.2
1.324
0
0
0.4
1.524
1.824
1.624
1.424
0
0
0.2
1.224
1.324
0.1
0.1
1.224
1.524
1.224
0.1
0.2
0.2
0
0
0.4
1.224
0.4
1.724
1.324
1.224
1.224
0.2
1.224
0
1.424
0.1
0
1.224
1.324
1.9
2.024
0
1.424
0
0.1
1.224
1.324
0.1
0
1.424
1.524
1.224
0
0.4
0
0
1.224
1.524
0.1
1.224
0
0.1
0.1
0
1.224
0.1
0.6
1.224
0
0
0
0.1
2.024
0
0
0.6
0
0.1
2.7
1.524
1.224
0
0
0.2
1.224
0
0.4
1.524
2.224
0
0.1
1.324
0.2
1.324
1.324
0.1
1.224
0.1
0
1.224
0.3
1.524
0
0
2.024
0
0
0.4
0
1.324
0
0
0
0.5
1.424
1.224
1.224
1.424
0
0.3
2.724
0
1.324
1.224
0.1
1.224
0
0
1.324
0
1.224
1.324
1.324
1.224
1.624
0.1
1.224
1.824
1.724
1.924
0
0.1
0.8
0
1.324
0
1.224
1.524
1.424
0
1.824
0
0
0.2
1.224
0.3
0
0.4
1.224
1.224
1.224
1.424
0
0.4
1.424
0.2
0
1.324
1.724
0
1.324
0
1.324
0
0
0
0.2
1.724
1.424
0
0
1.824
1.224
0
0
0
0.1
0
1.224
0.1
2
1.224
0.2
1.324
0
1.224
1.224
1.324
2.124
0.1
1.224
0
1.324
0.1
1.424
1.424
1.224
1.224
1.224
0
0.2
1.524
0
1.224
1.324
1.224
1.224
2.4
4.224
0.2
0.2
1.1
1.224
1.224
0
1.324
1.224
0
1.324
0
1.724
1.724
0
0
0
0
1.224
1.224
1.324
0
1.324
1.224
1.424
0.1
0
1.324
1.224
0.7
0
0.5
0.4
1.224
1.324
0
0.5
0
1.324
0
0.1
1.1
1.424
0
1.324
1.624
1.224
0
0.2
0
1.324
1.324
0
1.624
1.224
1.324
1.524
0
0.1
1.224
1.224
1.324
0.1
1.424
1.224
0
1.224
0.1
0
0
0.1
1.324
0
0
1.824
1.224
0.1
1.324
0
0
0
0
0
0
0
2.024
1.224
1.224
1.324
0
0
0.1
1.224
0
1.624
1.524
0
1.224
2.124
0
0
1.224
1.624
1.224
1.324
0
1.524
0.3
0
3.124
0.1
1.224
1.324
0
1.224
1.224
1.324
1.724
1.2
0.1
0
1.224
0
1.224
1.524
0
1.324
1.224
0
0.1
0.1
1.424
1.524
1.224
0.1
0
0.1
0
0
0.1
1.224
0
0.1
0.2
0.1
0.1
0.4
0.9
1.524
1.224
0
0.1
0
1.224
0
1.724
1.324
0.5
1.324
1.224
0.3
0
0
1.824
2.424
1.224
1.224
0
1.224
1.324
1.324
2.824
0.1
2.724
1.624
1.624
0.3
1.424
1.224
0.8
1.324
1.324
1.524
1.324
1.224
1.224
1.724
1.224
1.224
1.224
1.724
1.724
1.224
1.324
0.6
0
1.924
0
0
0
0.2
0.1
0.3
2.324
1.424
1.524
1.424
0.9
0
0
1.224
1.224
1.624
0
0.3
0.3
2.648
3.548
3.048
1.224
1.324
1.224
0.6
1.224
1.224
0
1.224
0
1.224
1.524
1.224
1.224
1.624
1.324
2.224
1.524
0
0
2.024
0.3
0
1.424
3.324
1.824
0.8
1.224
0
1.224
0.3
1.824
1.524
0
1.224
0
2.2
0
0.4
0.2
1.224
1.224
1.824
1.224
0.6
0.1
0.2
1.724
0.2
0.8
1.324
0
0
1.324
0
0.1
0.3
0
1.3
1.324
0.9
1.324
0
0
2.124
0
1.224
0
1.224
1.324
0.1
0.2
0.1
0.4
1.324
0
0.2
0
1.224
1.224
1.224
5.224
0.1
1.324
0.2
1.224
1
0.2
0.2
0.1
2.724
1.324
0
0
0
1.224
2.448
4.348
3.048
2.624
1.624
1.524
1.224
1.324
1.324
1.424
1.624
2.448
2.824
2.648
3.048
1.524
2.948
2.448
2.748
2.224
4.248
2.848
2.848
1.524
1.424
3.248
2.848
3.048
1.224
2.648
2.748
1.624
1.224
5.348
2.848
3.348
1.224
2.848
1.324
4.048
1.524
2.448
2.748
2.024
1.324
1.324
1.624
1.424
1.524
2.324
3.648
2.448
2.448
1.224
10.648
2.548
2.448
2.548
1.324
1.424
2.648
2.924
2.648
2.548
3.848
2.748
2.548
3.348
1.624
2.448
3.148
1.324
2.448
1.224
1.324
1.924
1.324
2.648
2.548
1.424
1.224
1.624
2.948
1.224
2.448
1.324
2.448
2.224
1.224
2.448
1.324
2.224
2.848
1.524
2.748
2.448
2.548
8.448
1.924
2.448
3.824
1.224
1.224
2.948
4.248
3.648
2.624
2.848
2.524
1.424
1.224
1.224
1.524
1.324
1.624
1.824
2.548
2.448
2.748
1.324
3.248
2.648
1.324
2.448
2.448
1.224
2.748
2.524
2.548
2.524
1.224
2.748
1.324
1.524
3.248
3.448
3.148
2.948
2.548
2.548
4.224
2.748
1.224
2.848
1.324
3.448
2.648
1.524
1.824
1.624
2.624
1.224
1.424
2.648
3.848
2.548
2.748
15.748
1.324
4.048
2.124
2.448
2.448
1.224
2.748
2.448
1.224
1.224
2.648
1.424
2.548
2.648
2.948
3.148
2.748
2.424
3.248
1.824
3.248
1.824
1.224
1.324
2.548
4.024
2.024
1.324
1.224
1.924
1.424
2.548
2.748
1.724
3.348
3.548
1.224
1.624
1.524
1.624
1.924
2.548
1.224
3.248
1.224
2.224
2.924
1.224
2.748
2.448
1.324
2.848
4.248
2.448
2.448
2.748
1.424
2.848
2.548
2.548
3.348
3.248
3.548
2.848
2.648
2.848
1.424
2.448
1.524
1.224
2.448
2.548
2.848
3.124
1.324
1.524
1.224
2.024
1.324
1.524
3.648
2.324
2.448
2.424
2.548
1.724
1.224
2.448
5.648
1.524
1.224
1.224
2.448
1.524
2.848
2.448
2.948
1.424
3.848
1.224
2.948
1.324
2.448
1.624
1.224
2.648
2.548
2.448
3.048
3.824
2.948
1.324
1.224
1.324
3.448
2.948
2.748
2.124
2.548
2.448
1.824
1.724
2.324
1.224
1.424
2.448
2.848
1.424
1.724
2.848
2.024
1.324
1.624
1.524
2.448
1.224
1.324
3.348
2.748
2.948
2.448
1.224
1.224
2.448
2.648
2.748
1.424
2.424
2.848
2.024
1.324
2.448
1.224
2.748
1.524
2.448
1.224
2.448
2.448
2.448
2.448
2.448
1.624
3.748
1.324
1.324
3.648
2.948
1.624
2.748
2.224
1.324
2.224
1.424
1.424
1.224
3.248
1.424
4.248
3.848
2.948
1.224
3.048
1.324
3.224
1.224
3.648
1.624
2.848
2.448
3.024
3.448
3.524
1.424
1.324
3.648
2.548
2.124
1.324
2.448
2.948
1.224
1.424
2.448
1.224
1.724
1.424
1.524
1.324
2.948
2.548
1.724
1.224
2.448
2.448
2.648
1.424
3.748
4.748
3.548
2.524
3.248
1.224
1.724
3.748
1.724
1.624
2.448
2.748
2.948
1.224
3.148
3.248
1.324
2.548
1.324
2.124
1.324
2.448
2.124
1.524
2.848
2.524
1.724
2.648
2.224
3.248
1.424
2.548
2.548
4.648
1.324
2.548
3.448
2.948
2.548
1.224
2.448
1.224
4.548
2.748
1.224
3.148
1.324
1.424
2.448
1.424
2.448
1.224
1.224
1.724
2.024
2.548
1.224
1.424
2.448
1.224
2.548
1.424
2.448
2.424
3.048
1.524
1.424
3.048
1.524
1.224
2.748
1.224
3.048
1.724
1.424
1.324
1.324
1.224
2.448
2.824
1.424
1.224
3.748
2.724
2.748
1.224
1.824
2.548
1.424
2.448
2.448
1.324
1.324
1.224
1.424
2.748
4.148
2.548
1.424
2.448
1.224
2.548
2.024
2.948
3.248
3.548
2.448
1.224
2.548
3.248
3.148
1.424
1.524
2.448
2.848
1.224
1.224
1.424
1.324
1.224
2.448
2.748
2.224
2.448
2.924
4.448
1.924
2.648
1.624
2.548
2.448
1.424
1.524
2.648
2.448
2.448
1.224
2.648
1.724
1.224
2.524
3.448
2.648
1.224
3.124
2.648
3.048
1.824
2.448
1.224
1.224
1.424
3.048
3.048
2.748
3.348
2.448
1.224
1.324
2.124
1.224
3.048
1.324
1.224
1.624
1.924
2.848
9.448
5.248
2.948
3.348
3.148
2.448
2.448
1.224
3.148
1.424
1.324
1.724
1.224
2.448
2.448
1.224
3.348
1.524
1.224
2.448
2.548
1.224
2.448
1.224
2.948
2.224
5.124
1.324
1.324
1.424
1.824
5.548
2.548
1.324
1.424
4.348
2.448
1.324
2.748
3.348
2.648
1.724
1.324
2.124
1.424
1.824
3.448
2.324
1.724
2.024
1.424
2.924
2.848
1.524
2.648
1.224
2.948
2.848
2.548
1.424
1.924
1.224
1.224
2.748
2.448
1.324
2.748
2.024
3.548
2.648
2.448
6.224
2.948
2.548
1.324
1.424
1.924
9.124
3.024
1.224
3.148
2.448
1.224
3.748
1.424
1.624
1.924
1.724
3.148
1.624
3.148
4.248
5.748
2.448
2.748
2.448
1.224
3.448
1.324
3.748
2.548
1.724
2.748
3.548
2.948
2.848
1.224
2.748
3.248
2.224
3.348
1.624
2.548
1.624
2.948
1.224
1.324
4.148
3.148
1.324
1.324
1.424
2.448
2.448
2.948
3.948
2.748
3.348
3.248
2.024
1.224
1.324
2.848
2.948
3.948
1.224
1.224
2.748
2.324
1.224
1.524
2.948
1.924
1.824
3.048
1.224
4.348
3.648
2.548
3.048
3.948
2.848
3.648
1.424
3.848
1.224
3.048
2.648
3.048
2.548
2.848
1.224
2.548
1.324
2.948
1.224
0.1
0.1
0.1
0.4
0.2
1.224
0.4
0.7
0
3.1
0.2
1.524
0
0
0
0
0
0.3
0.2
1.324
0.4
0
0.1
1.424
0.1
0
2.3
0.1
1.224
0
2.924
1.624
1.8
2.324
0
1.8
1.524
1.324
0.1
1.224
1.224
0.3
0.5
0
0
0.1
0
0.2
0
0
0.1
1.324
0.1
0.5
1.424
0.3
1.624
0
0.2
0.1
0.2
0
0
0.1
0.8
1.224
1.424
0.1
0
1.224
1.224
0
2.424
0
1.424
1.724
0.1
0
1.224
0.1
1.224
1.224
1.224
1.624
0.1
0.2
1.324
1.324
1.224
0
1.624
0.2
1.224
0
1.224
0
1.524
0.5
3.9
0.2
0.3
0.9
1.3
0.3
