0.9
0.4
3.548
1.424
4.072
1.324
1.324
2.448
1.324
1.224
1.324
2.548
2.948
1.424
1.824
0
1.224
1.324
1.224
1.324
1.424
1.324
1.324
1.224
0.1
1.224
1.324
1.424
2.648
1.224
1.224
1.324
1
1.224
1.324
0.4
0.1
0.1
0.3
0.4
0.1
2.524
0
0
0.2
1.324
0.1
2.124
0.3
1.424
1.224
0.1
2.024
1.324
0
1.224
1.324
1.424
0.1
1.524
1.924
1.424
0.1
1.524
0.2
0.2
1.224
1.524
1.524
2.024
0.3
2.648
1.624
0
2.624
0.5
2.448
0.2
1.224
0
3.548
1.324
1.224
1.224
0
1.224
1.224
0
1.224
3.048
0
1.324
1.324
1.224
1.224
1.424
1.424
1.224
2.548
1.224
0.1
1.824
1.524
0.2
1.224
0.1
0
1.3
1.224
1.324
1.524
1.224
0.1
2.548
0.1
0.2
0.2
2.648
0.2
0
3.324
0
1.324
1.824
1.324
1.324
0.2
1.224
1.324
3.048
0.4
0.1
1.424
1.324
1.524
0.5
1.524
2.548
1.824
0.4
0
2.448
1.224
1.724
1.224
1.324
1.324
1.224
0.1
1.224
1.324
0.1
0.3
0
0.8
0.4
1.324
0.1
0.2
0.1
0
1.224
0
1.224
0.2
1.324
1.324
1.324
0
3.224
1.224
1.624
2.448
0.2
2.448
3.148
1.224
2.448
1.424
0.9
0.7
4.972
1.224
4.896
1.724
5.696
3.848
3.672
3.048
4.896
1.324
2.748
1.424
4.072
3.872
2.848
2.448
1.324
0
1.524
1.324
1.224
0
1.424
1.2
1.224
0.1
1.824
2.848
1.224
2.448
0
1.424
1.224
0
2.824
0
1.824
0
1.224
1.224
3.672
2.224
3.872
2.448
1.424
1.224
1.224
2.848
2.448
2.448
2.448
2.448
0
2.548
0
6.772
1.324
0
1.924
0
2.124
1.624
0
1.224
1.224
2.648
3.672
1.324
1.1
0
1.224
1.224
1.224
1.224
1.224
1.224
1.424
2.448
1.324
2.548
1.224
0
0.4
3.672
1.224
0.5
3.672
0
2.448
0
0.3
0
2.448
1.824
0
2.448
2.448
2.548
1.224
2.448
2.448
5.596
3.672
3.772
0
2.448
2.448
2.648
1.224
1.224
3.672
1.224
2.224
0
0
2.548
0.1
1.424
0
1.224
1.224
0.3
0
0
1.224
1.624
1.324
1.224
1.324
2.548
1.324
2.548
1.224
1.224
2.448
0
1.424
0
1.424
0
0.1
0.3
0.4
1.324
0
1.224
2.448
0
1.224
2.124
2.548
2.448
1.624
1.224
1.224
1.224
0
0.2
0
1.224
1.224
3.948
1.324
0.3
1.724
2.648
2.648
0.3
1.324
1.224
1.224
1.824
3.424
1.224
0
0
1.424
1.324
3.972
2.648
0
1.224
1.224
2.448
0.1
1.324
3.672
0.1
2.448
2.448
1.224
1.224
1.224
1.224
1.224
4.272
0
0
0
2.448
3.248
2.448
1.224
1.224
0.1
3.772
1.224
0.1
0.1
0
2.648
2.324
2.448
1.324
2.548
0
0.5
0
1.224
2.448
2.648
0
4.072
3.672
1.224
4.896
4.896
1.424
2.548
0.5
1.424
2.448
0.1
1.224
1.224
0.1
1.224
2.548
1.324
1.224
2.448
2.948
1.824
0
1.324
1.224
2.548
1.424
2.648
2.548
1.224
1.224
0.2
2.748
1.424
0
1.624
1.424
1.424
2.548
1.324
2.448
1.324
1.424
2.448
3.672
2.448
1.324
1.224
1.424
0
1.224
2.848
1.224
0
0.2
3.672
0.1
3.148
1.424
2.748
1.224
0
2.448
1.224
0.2
2.924
0.5
1.324
2.224
1.424
0
1.324
2.548
1.324
1.224
2.448
0
1.624
2.448
0
0
0
1.224
0
3.672
1.324
1.224
2.448
0
3.672
2.548
3.672
0.1
0.1
1.224
1.224
4.372
2.548
0.1
2.848
0.1
0
0
3.672
2.548
1.824
1.224
1.224
0
3.772
2.448
1.224
3.672
3.772
1.224
1.324
2.448
1.224
2.224
1.424
1.224
1.224
1.224
3.972
3.148
3.672
1.224
0
2.448
2.748
3.248
1.224
0
4.996
0
0
1.324
0.3
1.424
3.672
2.448
0.1
1.424
1.724
2.848
2.748
2.448
0
0
0
2.548
1.424
0
0.1
1.224
2.748
1.324
0
2.548
0
1.224
1.224
1.224
1.324
1.724
1.424
1.324
2.448
1.224
0.1
2.448
1.224
1.224
0
1.324
1.224
1.224
0.4
1.424
1.224
2.548
0
0.3
2.448
3.772
0
1.224
1.324
1.524
2.448
1.224
0.5
0
1.224
1.224
1.424
0.1
2.448
1.324
1.224
2.548
0
2.448
1.324
1.324
1.324
1.224
1.224
0
2.548
1.424
1.424
0
0.4
0
0
1.2
2.748
2.448
1.224
0.1
0.1
2.548
1.224
1.624
3.148
3.972
0
0
2.648
0
1.424
2.448
1.424
2.548
2.548
0
1.224
1.324
2.448
0
2.448
1.524
2.448
0
0.9
1.224
1.224
1.224
0
0
0.3
1.224
2.448
1.324
2.448
1.224
0
3.248
0
2.748
1.324
1.324
2.448
1.224
1.324
3.872
0
2.448
1.224
2.448
2.448
2.648
0
3.672
1.324
1.624
2.848
0
1.224
2.548
0
2.448
1.424
1.224
3.672
1.324
0
3.872
0
1.224
3.672
1.224
0.3
2.448
1.524
2.448
2.448
2.448
2.648
1.224
2.448
3.772
0.1
0
2.848
1.324
0
2.448
1.224
2.448
2.548
1.224
0
1.224
3.148
1.324
2.448
0
2.648
1.224
1.224
0
0
1.324
2.448
2.548
2.548
0.6
1.224
0
2.648
1.324
2.448
2.548
2.448
1.524
1.224
2.548
1.324
1.524
2.848
1.324
3.772
2.448
2.448
2.448
1.224
0.1
1.324
2.448
3.672
2.548
1.224
3.672
1
4.872
0.1
0.1
1.424
3.772
2.448
0
1.224
1.224
1.224
1.324
2.448
1.624
2.648
0
2.448
2.448
0
2.448
2.548
2.448
0
1.224
1.324
2.448
0
3.672
2.548
1.224
1.424
1.224
1.224
1.624
1.424
2.648
2.448
2.748
0
2.448
1.224
1.624
2.748
2.548
0
1.324
1.324
2.548
0
2.648
1.224
2.648
2.448
0
4.272
2.548
2.448
2.748
2.448
1.424
1.224
2.448
1.424
1.324
3.672
2.448
0
3.672
0.1
0
0
1.224
2.548
1.224
1.224
2.748
2.448
0
2.448
0.2
0
0.1
0
0
1.224
1.324
4.872
2.448
2.448
4.896
1.224
0
3.672
2.548
2.448
3.972
3.772
0
2.448
5.496
1.224
0
2.448
1.324
1.424
1.424
1.224
1.924
0.4
0
4.372
1.224
2.448
3.672
1.324
3.772
2.548
1.224
2.748
1.824
0
0
2.548
1.224
1.324
1.324
1.224
1.224
1.224
2.448
0.3
1.224
2.448
2.548
2.448
0.1
0
1.224
2.448
0
1.224
3.672
0.1
0.1
0.3
2.548
1.224
1.324
1.624
2.648
1.224
1.224
0.2
1.324
1.224
1.224
2.124
3.672
0.3
2.648
1.324
0.2
1.324
1.324
2.848
3.248
1.324
3.672
1.224
3.872
1.224
5.096
3.548
3.672
4.272
5.196
2.748
1.324
2.548
3.672
3.148
5.196
2.448
2.548
1.224
1.224
1.224
2.448
1.224
3.672
1.224
2.448
2.648
2.448
2.648
2.748
2.448
5.296
1.224
0
0
0
1.224
1.324
2.948
2.448
2.648
3.672
2.648
1.324
2.448
1.224
1.324
1.424
2.448
2.948
2.848
3.872
3.248
2.748
1.424
2.548
2.448
2.648
1.324
1.224
1.224
3.672
1.224
2.548
2.748
1.224
1.224
2.448
3.772
2.948
2.648
0
0
3.772
1.624
1.224
2.448
3.748
2.848
0.2
1.224
1.224
1.224
1.524
2.948
2.448
1.224
2.548
0
1
0
1.524
0.2
3.672
1.224
3.248
3.772
0
0
0.1
1.524
0.1
1.624
1.324
2.448
0
1.324
0
0
1.224
0
3.248
1.324
0.5
1.524
0
1.224
3.148
1.224
2.448
0
1.224
1.224
0
1.424
1.324
0
1.224
0.2
0.1
2.448
1.224
1.224
1.224
4.024
0.1
1.424
0.3
1.224
0.9
2.448
0
0
2.224
1.324
1.224
0.2
0
2.548
4.896
3.448
2.748
2.724
1.824
1.224
1.324
2.548
1.624
2.748
2.848
2.648
1.624
4.072
2.848
1.224
4.372
2.448
2.648
3.348
5.172
3.972
4.072
1.424
2.448
7.32
3.048
4.172
3.672
2.548
2.448
1.524
1.324
4.448
2.648
2.948
2.548
3.348
1.324
4.048
2.548
2.548
6.22
1.724
2.748
2.448
3.872
1.324
1.324
2.948
3.048
3.672
4.996
1.224
5.072
2.548
2.548
2.548
2.448
2.648
3.972
2.024
3.772
2.548
3.448
2.848
2.448
4.772
2.748
2.748
2.948
1.424
2.448
2.448
1.324
2.648
2.548
2.748
2.748
1.324
2.448
1.724
3.672
2.448
2.548
3.872
3.672
1.824
3.772
2.648
2.448
1.924
2.848
2.648
3.248
2.448
3.348
3.548
1.624
2.448
2.924
1.224
1.224
2.548
3.148
4.472
6.696
3.872
1.924
2.548
1.324
2.448
1.224
1.324
1.724
1.424
3.772
2.448
2.648
1.224
3.448
2.548
2.648
2.448
3.672
2.448
2.748
1.924
2.448
2.224
2.548
2.948
2.448
2.848
4.072
3.448
5.196
4.896
2.648
2.748
5.272
2.448
1.224
3.248
2.548
3.148
3.672
2.748
2.848
1.524
1.524
2.548
1.224
2.648
2.948
4.272
2.648
4.048
2.448
14.62
4.272
2.448
2.448
1.524
2.448
2.448
1.224
1.224
2.548
1.424
3.772
3.672
5.296
4.572
2.548
1.724
4.996
2.648
3.148
1.624
1.224
1.224
2.548
3.948
1.824
1.224
2.548
2.548
1.224
3.672
3.972
2.648
4.672
4.872
2.448
2.448
1.424
2.748
2.848
2.748
2.448
2.848
1.224
2.124
3.548
3.672
2.848
2.548
2.448
2.848
3.748
2.548
3.672
3.772
1.224
2.848
3.872
2.748
3.848
3.972
3.048
2.648
2.748
3.772
2.648
2.448
1.324
1.324
3.772
2.448
3.148
4.272
2.448
1.424
1.224
2.024
1.224
1.424
2.848
1.724
2.448
2.748
2.448
3.048
2.448
2.448
4.348
1.324
1.224
2.448
3.672
2.548
3.872
2.448
4.072
1.524
3.972
2.448
2.648
1.224
2.448
1.624
3.672
2.548
2.448
3.672
2.948
3.024
3.972
1.324
1.324
2.448
3.748
2.748
2.448
2.448
2.448
2.448
4.072
1.524
3.348
1.324
1.424
2.648
2.748
1.324
1.724
2.648
1.424
2.448
1.224
1.224
3.772
1.224
2.448
8.32
3.772
3.048
2.548
1.224
3.672
2.448
2.448
2.848
1.224
1.524
2.548
2.524
2.548
3.672
2.548
2.448
2.748
3.672
1.524
2.448
2.648
6.42
2.548
3.672
2.848
4.872
1.324
2.448
5.596
3.772
2.648
2.648
3.048
2.448
1.824
3.772
1.424
4.896
3.348
1.724
3.448
3.448
3.148
2.448
4.072
1.324
1.824
1.224
5.596
1.524
4.372
2.448
2.424
2.648
3.124
1.224
1.224
6.396
3.672
1.624
1.224
2.448
2.648
1.424
1.424
2.448
2.448
1.324
1.424
2.748
1.224
4.072
2.448
1.724
1.224
3.672
3.672
2.448
1.324
4.172
3.948
3.648
3.348
2.748
1.224
2.548
4.972
3.048
2.648
5.396
2.648
6.82
1.324
2.748
3.048
1.424
2.648
2.448
3.148
1.424
2.548
1.924
1.324
3.872
2.948
2.648
4.996
2.848
3.448
1.224
2.448
2.448
6.196
2.548
3.772
4.272
2.848
2.548
3.772
2.548
2.448
5.472
2.948
1.224
3.148
2.648
2.748
3.772
2.448
2.448
2.648
1.224
1.824
2.124
4.172
1.224
1.524
2.448
1.324
2.548
2.648
4.996
1.724
2.848
2.848
1.324
2.548
1.424
1.424
3.772
1.324
6.096
2.748
2.548
1.224
2.748
1.224
3.672
3.648
1.224
2.448
3.648
2.024
3.672
2.448
1.924
3.772
1.224
2.448
3.672
1.424
1.324
1.224
2.448
5.296
3.548
2.548
2.448
3.672
2.448
3.872
1.624
2.448
5.196
7.32
2.448
2.448
2.448
2.748
4.572
2.448
1.224
3.772
3.872
1.324
1.424
5.296
2.548
2.448
2.448
2.548
2.024
2.448
4.148
3.948
1.424
2.948
1.324
2.448
2.448
2.648
1.424
3.872
3.772
2.448
1.224
2.748
1.324
2.448
3.148
4.172
2.548
1.224
2.024
2.648
5.396
1.724
2.548
1.224
1.224
1.424
4.372
5.696
3.772
4.872
2.448
1.224
1.524
2.024
1.224
2.648
1.424
1.224
1.424
2.024
2.848
4.772
4.348
2.648
2.948
3.772
4.896
2.448
1.224
5.096
2.648
1.224
1.324
1.224
3.672
6.12
1.324
2.848
2.748
2.548
3.772
4.896
2.448
2.448
1.224
3.972
2.848
5.048
2.548
2.648
1.224
3.648
3.748
6.12
2.448
2.648
5.072
2.448
1.324
5.096
2.848
2.648
1.624
1.524
1.724
1.424
2.024
4.872
2.124
1.224
2.548
1.324
2.824
4.896
1.324
3.672
1.224
2.748
2.548
3.148
2.848
1.724
1.324
1.224
2.948
2.448
1.224
2.848
1.624
2.548
2.548
2.548
3.224
2.748
2.748
1.524
2.448
3.648
5.272
2.024
1.224
4.672
3.772
2.448
2.748
2.748
2.548
1.424
1.324
2.748
1.224
2.748
3.448
6.396
2.548
3.672
2.448
2.648
3.348
1.424
3.248
2.648
1.424
3.672
3.972
3.772
3.448
1.224
2.648
3.972
1.624
3.048
2.448
2.448
2.648
3.772
1.224
1.324
3.248
3.048
1.224
1.424
1.324
2.448
3.672
5.096
4.272
2.548
5.496
2.748
2.224
1.324
1.224
5.096
2.848
3.548
4.896
1.224
2.748
2.024
2.448
1.624
2.848
2.648
3.872
2.848
1.224
5.172
4.472
3.772
3.048
4.172
3.048
3.648
1.324
3.648
2.448
3.872
5.096
5.596
2.448
2.748
2.448
2.448
1.224
3.048
2.548
1.324
0
1.224
0.9
0.2
1.224
0.1
0.3
1.224
1.5
0.1
1.324
0
1.224
1.224
1.224
0
0.2
1.724
1.324
1.224
1.224
1.224
1.224
0
0
2.724
0.1
2.448
0
2.124
1.724
1.924
1.724
1.224
1.4
2.448
2.448
0
1.224
1.224
0.1
0
2.448
1.224
0
1.224
0.2
2.448
0
1.224
2.548
0
0.2
3.672
2.448
1.224
1.224
2.448
1.224
1.224
0.1
1.224
1.224
2.948
2.448
2.548
0.1
2.448
1.224
1.224
0
2.948
2.548
1.224
1.624
0
1.224
2.448
0.1
2.548
3.672
1.424
2.548
0.1
1.224
2.548
2.448
3.672
2.448
5.196
2.748
2.448
1.224
3.672
0
2.548
0.2
2
0.5
0.1
0.6
1.724
0.3
