0.5
0.1
2.124
1.224
1.424
1.224
1.424
2.448
1.224
1.224
1.324
1.424
1.724
1.624
1.424
0
0
1.224
1.224
1.224
0
0.2
1.224
1.224
0.2
1.224
1.224
1.224
1.224
1.224
1.324
0
0.5
1.224
0
0.2
0
0
0
0.2
0.1
0.4
0
0.2
0
0
0.2
0.3
0.2
0.1
0
0
0.1
0
0
1.224
0.1
0
0
0.7
0.8
0.2
0.1
1.424
0.2
0.1
0
0
0.1
0.9
0.4
0.2
0.1
0.1
0.9
0.3
1.224
0.3
0
0
1.724
0
0
0
0
0
0
0
1.224
1.724
0
1.424
0.1
0
0
0
0.3
0
2.548
1.324
0
0.5
0.1
0
1.224
0
0
0.4
0.2
1.224
0.3
0
0
0
0.1
0.2
0
1.324
0
0
1
0.1
1.224
0.1
0
1.224
0.1
0
1.324
0.3
0.2
0.1
0.2
1.324
0.1
0.3
0.2
0
0.1
0.1
0
1.224
0
0.6
0
0
0
0
0.4
0
0
0.1
0
0.1
0.6
0.1
0.1
0
0.4
0.1
0
0.1
0
0
0
0
1.224
0
0
2.224
0
0.3
0
0
0
1.724
0
1.224
0
0.1
0.2
1.624
1.324
2.648
1.424
3.048
2.124
1.424
1.324
2.448
1.224
1.324
1.324
1.724
1.324
1.724
1.224
1.224
0
1.624
0
1.324
0
0
0.4
0
0
0.2
1.324
1.224
1.324
0.2
1.324
0
0
1.2
0.1
0.4
0
0
0
2.448
0.8
2.448
1.224
0
0
0
1.624
0
1.224
1.224
0
0
1.224
0.2
2.424
0
0
0.3
0
0.3
0.2
0.1
0
1.224
1.224
2.448
0.1
0.3
0
0
0.1
0
1.224
0
0
0
1.324
0
1.324
0
0.1
0.1
2.448
0.1
0.1
2.448
0
1.224
0
0
0
1.324
0.2
0
1.224
1.224
0
0.1
1.224
1.224
2.548
2.448
1.224
0.1
1.224
1.324
0.1
0
0
2.448
0
0.7
0
0
2.448
0.3
0.1
0
1.224
0
0.3
0.1
0
0
0.1
0.2
1.224
0
1.324
0
0
1.224
1.224
1.224
0
0
0
0
0
0
0
0.3
0.3
0
0
2.548
0
0
1.624
1.224
2.448
0
0.1
0
1.224
0
0.4
0
0
0
2.024
0
0.1
0.2
1.324
1.524
0.1
0.1
0
0
0.6
0.8
1.224
0
0.1
0.1
1.224
1.324
1.424
0
0
0
0
0
1.224
2.448
0
1.224
1.224
0.1
1.424
0
1.224
0
2.648
0
0
0
1.324
1.624
2.548
0
1.224
0.1
2.448
0.2
0
0
0
1.224
2.024
1.224
1.324
1.224
0
0
0
1.224
1.324
1.324
0
1.624
1.324
0
2.448
2.448
0.4
1.224
0.6
0.4
1.324
0
1.224
0.1
0
1.224
1.324
0.1
0
1.224
1.624
1.424
0
0
1.224
0
0.4
1.224
1.324
0.2
0.2
0
1.324
1.424
0
0
0.1
1.424
1.224
1.224
1.224
1.224
1.224
1.224
2.448
0
0
0
1.224
0
1.224
0.3
0
0
0
2.448
0
1.424
0.1
0
0
0.3
1.224
0
0
1.5
0.3
1.224
0.1
1.524
0
1.524
1.324
0.5
1.224
1.224
0.4
1.324
0
0
0
0.2
1.424
0
1.224
1.424
1.324
0
0
2.448
1.324
1.324
0
0
1.224
0
3.048
1.224
0.1
0.1
0.2
0
0
1.224
1.224
1.624
1.224
0
0
1.324
1.224
0
2.448
1.224
1.324
0.2
1.324
0
0.8
0
0
0
1.224
2.548
0.6
1.224
1.224
0
1.224
1.324
1.324
0
0
2.548
0
0
0
0.1
1.424
1.224
1.524
0.1
1.224
0.1
1.324
1.424
0.1
0
0.1
0
1.224
0.1
0.2
0
0
1.424
0
0
1.224
0
0
0
0
0
0.1
0.2
0.1
1.224
0
0.1
0
1.224
0
0
1.324
0
0
0.5
0.2
1.224
0.2
0
0.1
1.324
2.448
0
1.224
0.2
0
1.224
0
0.1
0.1
0
0
0
0.1
1.224
0
1.224
1.424
0
1.224
1.224
1.324
0
1.224
1.224
0
1.324
0.1
0
0
0.5
0.1
0.1
0.7
1.424
1.224
1.324
0.1
0
0
1.224
1.224
1.324
2.848
0
0
0.1
0
0
0.1
1.324
1.224
2.448
0
0.1
1.224
1.224
0
1.224
0.2
2.448
0
0
1.224
0.3
0
0
0.1
0.1
0.1
1.224
0
1.324
1.224
0
1.724
0
1.724
0
0
0
1.224
1.224
1.424
0
1.224
0.1
1.324
1.224
0.4
0
1.224
0.1
0.2
1.524
0
1.224
2.548
0
1.224
1.224
0
1.324
0
0.1
2.448
0
1.224
2.548
0
0
1.224
1.524
0
1.224
1.224
1.224
1.224
1.324
1.224
0.1
0.1
1.324
0.4
0
1.224
0
1.224
2.548
0
0
1.224
1.724
0.1
2.448
0
1.424
0
0
0
0
1.224
2.448
1.224
2.548
0.6
0
0.1
1.224
1.224
1.324
0
1.224
0.3
1.224
1.224
0.2
0.2
1.424
0.1
2.448
1.224
0
1.324
0
0.1
0.1
1.524
1.224
1.324
0
1.224
1.2
3.448
0.1
0
0.1
1.324
0
0
0
0
1.224
0
1.324
0.4
1.224
0
1.224
2.448
0
1.224
1.224
1.224
0
0.1
0
1.224
0
2.448
1.224
0.1
1.424
0
1.224
1.324
0
1.224
2.448
1.424
0
1.224
0
1.424
1.624
1.324
0
0
0.1
1.224
0
1.324
0
1.524
1.324
0
2.548
1.224
1.224
1.224
2.448
1.224
0
1.224
0.1
1.224
1.324
1.224
0.1
1.224
0
0.1
0
1.224
1.324
0
0
0.1
1.224
0.1
1.224
0
0
0
0
0
0
1.224
2.848
1.224
0
2.448
1.224
0
2.448
0
1.224
2.448
2.548
0.1
1.324
2.648
0.1
0
1.224
0.1
0
0
1.224
0.5
0.2
0
1.524
0
1.224
1.224
1.224
1.224
1.224
0.1
1.724
0.5
0
0
1.224
1.224
0
0.1
1.324
0.2
0
2.448
0.1
1.224
1.424
1.324
1.224
0
0
1.224
1.324
0
0
1.224
0
0
0
1.324
0
0
1.424
0
0
0
0
1.224
0
0
0.2
1.224
0.3
1.424
0
0
0
1.224
1.524
1.524
0.2
1.224
1.224
1.324
0
2.548
1.724
2.448
1.824
2.748
1.524
0.1
1.424
1.224
1.424
2.448
1.224
1.324
0
0
0
1.224
0
1.324
0
1.224
1.224
1.224
1.224
1.324
1.224
2.748
0
0.1
0
0
1.224
1.324
0.2
1.224
1.424
2.548
1.224
1.224
1.224
0
0.1
0.1
1.224
1.424
1.224
2.448
1.324
1.424
0
0
0
1.424
0
0
0
1.224
0
1.324
1.424
0
0.1
1.424
2.448
1.324
0.2
0.1
0
1.424
1.424
1.224
1.424
1.624
1.424
0.5
0
1.224
0
0.3
0.1
1.224
0
0
0
0.3
0
0.3
0
2.448
0
0.3
2.448
0
0
0.1
0.4
0
0.3
0.2
1.224
0
0.1
0
0
1.524
0
1.924
0.1
0.6
0.1
0
0
1.924
0
1.224
0.1
0
0
0
1.224
0
0.2
0
0
0.1
2.448
0
0
0
2
0
0
0
0
0.4
2.548
0
0
0.8
0.3
0
0
0
0
3.672
1.724
1.624
1.824
1.224
1.224
1.224
1.224
1.324
1.324
2.648
1.224
1.724
2.648
1.724
1.224
1.924
1.224
1.224
1.424
3.148
1.324
1.424
1.224
1.224
4.172
1.324
2.648
2.448
1.224
1.224
1.524
1.224
1.524
1.324
1.424
1.224
1.624
1.224
1.824
1.324
1.224
3.772
1.324
1.324
1.324
2.548
1.224
1.524
1.324
1.424
2.448
2.848
1.224
1.824
1.324
1.324
1.324
1.224
1.424
1.224
1.324
2.648
1.224
2.124
1.324
1.524
1.924
1.524
1.324
1.224
1.324
1.224
2.448
1.224
1.224
1.224
1.324
1.224
1.224
1.224
1.324
1.424
1.224
1.324
2.548
2.448
1.524
2.548
1.324
1.224
1.324
1.224
2.848
1.324
1.224
1.624
2.324
1.524
1.224
1.824
1.224
1.224
1.224
1.524
1.424
4.572
1.324
1.724
1.224
1.224
2.448
1.324
1.224
1.324
1.224
2.448
1.224
1.224
1.224
1.324
1.324
1.224
1.324
1.224
1.224
1.224
1.524
1.224
1.524
2.448
1.424
1.624
1.424
2.748
1.424
2.748
3.772
1.324
1.524
3.948
1.324
1.224
1.524
1.224
1.624
2.548
1.424
1.424
1.224
1.424
1.224
1.224
1.224
1.324
2.848
1.324
2.124
2.448
4.272
8.472
1.224
1.224
1.624
1.224
1.224
1.224
1.224
1.224
1.324
2.448
1.324
2.448
1.524
1.224
1.324
2.748
1.324
1.524
1.324
1.224
1.224
1.224
2.124
1.724
1.224
1.224
1.224
1.224
1.324
2.948
1.224
2.648
3.648
2.448
1.324
1.224
1.724
1.224
1.224
1.224
1.324
1.224
1.724
1.924
2.448
1.524
1.224
1.224
1.224
1.724
1.224
2.448
1.224
1.424
1.524
1.324
1.224
1.724
1.224
1.324
1.224
1.524
1.324
1.224
1.224
1.224
1.324
2.448
1.224
1.324
5.672
1.324
1.224
1.324
1.724
1.224
1.324
1.424
1.424
1.224
1.524
1.424
1.324
1.224
1.224
2.124
1.324
1.224
1.224
2.448
1.224
1.224
1.224
1.824
1.524
1.424
1.224
1.324
1.624
1.224
1.324
2.448
1.424
1.224
1.224
1.524
1.924
1.424
1.224
1.224
1.224
1.524
1.324
1.324
1.324
1.224
1.224
2.548
1.324
1.624
1.224
1.324
1.424
1.424
1.224
1.424
1.424
1.324
1.224
1.224
1.224
2.648
1.224
1.324
4.072
2.448
1.724
1.224
1.324
2.448
1.224
1.324
1.324
1.224
1.224
1.624
1.524
1.224
1.224
1.224
1.624
2.548
2.448
1.224
1.224
1.224
3.672
1.224
2.448
1.324
3.148
1.224
1.224
2.948
2.648
1.324
1.424
1.424
2.448
1.324
2.748
1.224
3.672
1.524
1.324
1.624
1.324
1.624
1.224
2.648
1.424
1.424
1.224
4.272
1.324
2.024
1.224
1.724
1.524
1.624
1.224
1.324
2.848
1.224
1.424
1.224
1.224
1.624
1.224
1.324
1.224
1.224
1.324
1.324
1.324
1.324
3.048
1.224
1.324
1.224
2.548
2.448
1.324
1.224
2.748
1.924
1.824
1.624
1.424
1.224
1.424
1.724
3.248
3.048
3.972
1.424
3.872
1.224
1.224
1.524
1.324
1.224
2.448
1.324
1.224
1.224
1.224
1.324
1.424
1.424
1.224
2.648
1.524
1.624
1.324
1.224
1.224
3.048
1.224
1.324
3.048
1.324
1.324
2.448
1.224
1.224
3.048
1.224
1.224
1.324
1.324
1.524
2.448
1.224
1.224
1.324
1.324
1.624
1.524
2.548
1.224
1.424
1.224
1.224
1.224
1.524
2.448
2.224
1.424
1.424
1.324
1.424
1.224
1.224
2.648
1.224
2.848
1.424
1.224
1.224
2.548
1.224
2.448
1.824
1.224
1.224
1.924
1.524
1.324
1.224
1.224
2.648
1.224
1.224
2.548
1.324
1.224
1.224
2.448
2.448
1.624
1.324
2.448
2.448
1.224
2.448
1.524
1.524
2.748
4.272
1.224
1.224
1.224
1.624
1.724
2.648
1.324
1.224
2.948
1.224
1.224
3.972
1.224
1.324
1.224
1.324
1.624
1.224
2.024
1.724
1.424
1.424
1.224
1.324
1.224
2.648
1.224
1.324
2.448
1.224
1.224
1.424
1.424
1.324
1.724
1.624
1.224
1.224
1.524
1.224
2.548
1.224
1.224
1.224
1.224
1.324
1.324
2.548
1.424
1.424
1.324
1.224
1.424
1.424
1.224
1.424
1.324
1.224
1.424
1.324
1.424
2.024
2.224
1.224
1.324
1.424
2.448
1.324
1.224
3.772
2.548
1.224
1.424
1.224
2.448
3.672
1.224
1.724
1.424
1.224
2.648
2.448
1.224
1.224
1.224
2.848
1.424
2.324
1.324
1.424
1.224
1.524
3.124
3.772
1.224
1.224
3.248
1.424
1.224
3.772
1.724
1.224
1.224
1.324
1.324
1.424
1.224
2.748
1.624
1.524
2.648
1.424
1.724
3.872
1.324
2.948
1.324
1.424
1.224
1.524
1.524
1.224
1.224
1.224
1.224
1.224
1.224
1.324
1.524
1.424
1.224
1.324
2.224
1.224
1.224
1.424
2.448
1.724
4.972
1.324
1.224
2.948
2.548
2.448
1.324
1.224
1.424
1.424
1.224
1.324
1.324
1.224
1.524
3.548
1.224
2.748
1.224
1.224
1.424
1.224
1.424
1.224
1.424
2.548
2.848
2.648
1.424
1.224
1.424
1.524
1.624
1.724
1.224
1.224
1.224
1.324
1.224
1.424
1.724
1.924
1.224
1.324
1.424
1.224
1.224
2.548
1.624
1.224
2.648
1.624
2.124
1.224
1.224
2.548
1.524
2.224
3.672
1.324
1.424
1.924
2.448
1.424
1.624
1.424
2.648
1.324
1.424
3.748
1.624
1.324
1.624
1.824
1.524
1.824
1.224
1.624
2.448
1.524
3.872
3.772
1.224
1.424
1.224
1.224
1.224
1.524
1.224
0
0
1.224
0.2
0
0
0
0.2
0
0.8
0
0.1
0
0
0
1.224
0
0
1.424
0
1.324
0
1.224
0
0.1
0
2.124
0
0
0
0.4
0.3
0.3
0.6
0
1
1.524
1.224
0
0
0
0
0.1
1.224
0
0.1
1.224
0
1.224
0
1.224
1.424
0.1
0.1
2.548
1.224
0
1.224
2.548
1.424
0
0.1
1.224
1.324
1.324
1.324
1.224
0.1
1.224
0
0
0
1.424
2.448
0
0.1
0
0
0
0.1
1.324
1.224
0
1.224
0.1
1.224
1.224
0
1.224
1.224
2.548
1.624
1.224
0
1.224
0
1.424
0.3
1.4
0
0.1
0.1
1.824
0
