1.224
0.1
1.724
0.2
1.224
3.16
1.224
1.224
2.448
1.224
2.748
2.448
1.224
1.324
1.524
0
0
0
0
0
3.06
3.06
0
0
1.224
0
0
0
1.224
0
0
1.224
1.424
1.224
0
1.224
1.324
1.224
0
1.424
1.224
3.46
0
0
0
1.224
0
0.1
1.224
2.448
1.224
0
2.448
0
0
0
1.324
0
1.224
1.424
0.3
0
0.1
0.2
1.936
1.324
0
0
1.224
0.3
1.324
2.448
1.324
3.06
3.36
1.524
0
0.1
0
1.224
1.224
0
1.224
0
0
0
0
0
0
0.1
1.224
0
0.1
0
0
2.448
2.548
1.224
0
0
0.1
0
0.1
1.224
0.1
1.324
1.324
0.2
0
1.224
1.224
0
1.224
1.224
0
1.836
1.224
0
1.224
1.224
0.6
0
0
1.424
0
1.224
1.324
1.324
0
1.324
1.224
0
0
0
3.16
0.2
1.424
1.224
1.324
0.3
1.224
0
0
1.424
0
0
1.224
0
1.224
0
1.224
1.324
1.224
1.224
1.424
1.424
0.1
0
1.524
0
1.224
0
1.224
0
0.1
0
0
1.224
0
0.4
1.224
1.224
1.224
1.224
1.224
1.324
0
0
3.06
1.624
1.424
1.324
1.224
2.448
1.224
2.648
2.648
2.548
1.224
2.448
1.624
3.672
2.648
2.548
2.648
2.648
2.448
2.448
1.224
0
3.06
0
0
0
1.724
0
1.224
2.548
1.324
1.224
1.224
1.224
0.3
0
3.06
0.3
1.224
1.936
0
1.836
0
1.224
1.524
1.224
1.224
1.324
1.224
1.224
1.224
2.448
1.224
1.224
1.224
1.836
1.224
0
1.324
3.06
1.836
1.224
1.836
1.424
3.06
0
0
0
0
0
1.224
0.3
0
0
0
0
0
1.224
1.836
0
1.324
1.224
1.224
1.224
1.224
0
1.224
1.224
0.2
1.324
1.224
1.224
1.224
1.424
1.224
1.224
0
0
1.224
0.1
2.548
1.224
0
0
1.424
1.224
1.224
1.224
1.224
1.224
1.224
3.06
3.06
1.224
0
0
0
0
0
0
0
1.224
0.1
1.224
0
0.1
0
0
0
1.324
0
1.324
0.1
0
1.324
0
0
1.324
1.224
1.224
0
1.224
1.224
0
1.324
0.2
0.1
1.224
0
0
0
0
0
0
0
3.16
3.16
0
0
0
1.324
1.224
0
2.448
0.1
0.1
1.324
1.224
2.448
1.224
0
1.224
2.448
1.224
0.1
0.6
0
1.836
1.224
0.1
0
3.672
3.672
0
2.448
2.448
1.224
0.1
0
2.448
1.836
1.224
1.224
1.224
0
1.224
0
0
0.2
0
0
0.1
1.224
1.224
0
0
0
0.2
1.224
2.448
1.524
0
0
2.448
0.1
0
0
2.448
1.836
1.224
1.224
0
1.224
3.16
1.224
1.324
1.224
4.284
1.224
1.224
1.224
1.224
0.3
1.224
1.324
1.836
0
0
1.224
0
0
0
3.06
3.06
1.324
0.3
1.224
1.224
1.836
2.448
1.324
1.224
0
1.224
1.424
0
1.224
0
1.224
1.224
1.224
1.224
1.224
1.836
0.1
1.224
0.1
3.06
0
1.224
1.224
3.06
0
1.836
0
1.324
0
1.224
1.836
0
0
1.224
1.224
1.224
1.224
0.3
1.324
0
0
1.224
1.836
0
1.324
1.324
0
1.224
1.224
1.224
0.1
1.836
0.1
0
1.224
0
1.224
0.1
0.1
0
1.224
1.224
0.1
1.224
1.224
0
3.16
1.224
0
1.836
0
1.224
1.324
1.224
1.836
1.224
0.1
1.224
0
1.324
3.06
0
0
0
1.224
1.224
1.224
3.06
1.224
1.224
1.936
2.448
1.324
0
0.3
1.224
1.224
1.224
0
1.224
1.324
1.224
1.836
1.224
1.224
1.224
1.324
2.448
0
1.224
1.224
1.324
1.224
1.224
0.2
1.224
0
1.224
0.1
1.324
1.224
3.06
1.224
1.224
1.224
0.1
1.224
1.224
1.224
1.836
1.224
1.324
1.224
0
0
1.224
0
0
0
4.284
3.16
1.224
4.384
2.448
1.224
0.1
1.224
0
1.224
1.836
0
1.224
1.324
1.324
1.224
0
1.224
0
0
3.06
1.224
1.224
0
1.224
1.224
1.224
1.836
0.3
0
1.224
1.224
1.224
1.836
1.224
1.224
0
0.1
0
1.224
0.2
1.836
1.324
0
0
1.224
0
1.324
1.836
0
0
0
0
1.724
1.324
2.448
0
0
0
1.224
0
0.2
1.224
2.448
0
0
1.224
1.224
3.06
1.224
0.1
3.06
0
0
1.224
0.1
1.324
3.06
0
1.224
1.224
1.224
0
0
1.224
0.1
1.224
1.224
0
1.324
1.224
3.06
1.224
0
0.1
1.224
0
2.448
3.06
1.936
1.224
0
0
2.448
1.224
1.224
1.224
1.224
1.224
1.224
0
1.224
1.424
2.548
1.224
1.224
1.224
1.936
1.224
1.224
0
1.224
1.324
1.224
0
1.224
1.836
0
0
1.224
0
0
0.2
1.224
1.224
1.224
2.448
0
0
1.224
1.936
0
1.224
3.06
1.324
1.324
1.224
1.224
0
0
1.224
0.1
1.324
1.224
0
0.1
1.224
1.224
0
1.224
1.224
1.836
0
1.224
0
2.136
1.224
0
1.224
0
3.26
1.224
3.16
1.224
0.3
2.448
0
1.324
0
1.224
1.324
1.224
1.224
2.448
0
1.224
1.224
0.1
1.224
1.324
1.224
1.224
0.3
2.448
0.3
0
0.3
1.224
1.224
1.224
1.224
3.06
0
3.16
1.836
1.224
2.448
1.224
0
0
1.224
1.224
1.224
1.324
0
2.548
2.448
1.224
1.324
0
3.06
1.224
0
1.224
0.1
0
3.16
1.224
0
0
0
2.448
1.836
0.2
0.3
3.06
1.324
3.06
1.224
1.224
1.836
0.2
1.224
1.224
1.224
1.224
1.224
1.224
1.224
1.224
0
0
1.224
1.224
1.224
0
3.06
1.224
1.836
3.06
0.1
0
1.224
1.224
2.448
0
0
1.224
3.06
1.224
3.06
0
1.224
0
1.224
0
0
0
1.224
1.324
1.224
1.224
0
3.06
0
1.324
0
1.224
1.224
0
2.448
1.324
0
0
1.224
1.224
4.284
1.324
0
1.324
1.224
1.224
1.324
0
2.448
1.224
1.224
1.224
3.06
1.224
1.324
1.424
1.224
0
3.06
0
1.224
1.224
1.936
1.424
2.448
0
1.324
0
2.448
1.224
1.224
0
0
0
0
0
0
1.224
1.224
1.224
0
0
0
0
0
1.324
1.324
1.224
0.1
0
2.448
0
2.448
1.224
1.324
3.06
3.06
1.936
3.16
0
1.424
1.424
1.224
1.224
0
1.324
4.484
1.224
2.448
0
1.224
1.224
1.424
0.1
1.224
1.224
0
1.324
1.224
1.324
3.06
3.06
3.06
1.224
1.224
1.224
1.224
1.224
1.324
1.224
1.224
0.1
0
1.324
0
0
1.224
1.224
0
0
3.06
1.324
3.06
1.224
0.1
0
0
3.06
1.324
3.06
1.836
1.836
1.936
2.448
3.672
4.284
3.16
3.16
3.06
0.1
3.06
1.224
0
1.224
0
1.324
1.224
1.224
1.224
1.224
1.224
1.224
1.224
1.224
1.224
1.324
0.1
0
1.224
1.224
1.224
1.936
2.548
0
1.224
0
1.224
1.224
0
3.06
0
0.3
1.836
0
0
2.448
1.224
1.224
1.324
0
0
1.836
1.324
1.324
0
1.224
0
1.224
1.224
1.224
1.224
0
1.224
0
1.224
1.624
2.548
1.224
0
1.224
0
1.224
0
1.224
1.224
1.424
0.2
0
0
1.224
1.224
0.2
0
1.224
1.324
1.224
1.724
0.1
1.224
1.224
1.224
0.2
0
0.1
0
2.548
2.448
0.1
0
3.06
1.224
2.448
3.972
3.772
2.948
1.224
2.448
4.284
1.224
2.548
1.324
1.224
2.448
2.648
2.448
2.448
1.424
3.772
3.672
2.448
1.224
2.548
2.548
2.448
1.424
1.224
2.448
3.672
3.772
1.424
2.448
3.772
2.648
4.284
2.848
2.848
2.448
1.224
2.548
1.224
2.548
1.324
2.448
2.448
2.548
3.06
1.224
1.324
1.224
1.224
1.224
3.672
3.672
2.448
1.224
2.748
2.448
3.772
2.448
1.324
1.224
2.448
2.548
4.284
2.448
2.548
2.448
2.448
2.448
1.224
2.448
3.672
2.448
2.548
1.224
2.548
2.548
2.648
2.448
4.384
1.224
1.224
1.224
2.448
2.448
2.448
1.224
2.448
2.548
1.324
3.672
1.224
2.548
2.448
1.224
2.448
3.672
2.448
2.548
2.448
2.448
1.324
2.548
2.448
2.448
3.872
2.748
1.224
2.548
1.624
2.448
1.224
1.224
1.524
1.224
2.448
2.548
2.448
2.448
3.672
2.448
2.548
2.448
1.224
3.672
2.448
2.448
2.448
1.824
2.448
2.848
1.224
2.548
1.324
1.224
3.772
2.548
2.448
3.672
2.448
3.772
1.524
2.448
2.548
2.448
1.324
2.448
2.448
1.224
1.224
2.448
2.448
2.548
2.548
2.448
3.672
2.448
2.448
2.748
1.224
2.448
1.224
2.448
2.448
1.224
7.408
2.448
2.448
2.448
4.284
1.624
2.448
2.448
2.548
2.448
2.548
2.748
3.672
2.448
3.772
1.724
1.224
1.224
2.448
1.324
1.724
2.548
1.224
3.76
1.224
2.448
2.548
1.224
2.448
2.648
2.448
1.224
2.448
2.548
2.448
3.672
1.224
3.672
2.448
3.46
1.224
1.224
3.672
2.448
1.224
2.448
3.872
2.448
2.448
2.448
2.448
2.448
2.448
2.448
2.548
3.772
2.448
3.772
4.284
3.772
1.324
2.448
4.384
1.224
2.448
2.448
2.548
1.224
1.224
2.648
2.448
2.548
2.448
2.448
4.372
2.124
3.772
1.424
2.448
3.36
1.224
2.448
3.972
1.424
2.548
2.448
2.448
1.224
2.548
2.448
2.448
2.448
2.448
2.448
2.548
2.448
2.448
2.448
1.224
2.448
2.448
2.448
2.448
2.648
2.448
2.648
2.548
1.224
3.972
3.672
2.448
1.524
2.448
5.508
1.224
2.548
1.224
1.324
2.548
5.608
2.448
2.448
1.424
3.972
2.448
1.224
1.224
1.424
2.448
1.224
1.224
2.548
2.448
2.548
2.448
2.448
1.224
2.448
2.448
2.448
3.06
2.648
2.648
2.648
1.224
2.448
1.224
2.448
2.548
2.448
2.448
2.448
2.448
2.448
3.672
2.448
2.748
3.672
1.224
1.424
2.548
3.672
1.224
3.672
1.224
1.224
2.648
1.224
3.16
1.224
2.448
2.448
4.384
4.172
3.672
2.448
3.672
2.448
2.448
1.324
3.672
4.384
2.548
2.448
2.748
2.448
2.648
1.224
2.448
2.548
2.448
2.948
2.548
2.448
2.548
2.448
1.224
2.448
3.16
1.224
1.324
2.548
1.224
2.448
3.672
2.448
2.448
3.672
3.672
2.448
4.384
3.772
4.372
2.748
1.224
4.372
1.224
1.224
2.448
1.424
1.324
2.548
2.448
2.548
1.224
4.284
3.772
1.424
3.672
1.224
1.424
1.224
3.672
3.46
2.548
2.548
2.124
1.224
2.448
2.548
2.448
2.448
2.448
2.448
3.772
1.224
2.448
2.448
3.672
2.448
1.524
2.448
2.448
2.648
4.284
3.26
2.448
2.448
1.324
3.772
1.224
3.672
1.224
2.448
1.324
1.224
2.448
2.548
2.648
2.448
1.224
2.448
1.224
2.448
2.548
3.672
1.224
2.448
2.648
2.448
2.448
2.548
2.448
2.448
1.224
1.324
1.224
1.224
2.548
2.448
1.224
2.448
1.224
2.448
1.724
2.448
2.448
2.648
2.448
2.448
2.448
2.448
1.224
2.648
2.448
1.224
2.648
6.508
2.448
2.448
2.448
1.224
2.448
2.448
2.548
2.748
2.448
2.448
1.324
3.872
3.772
2.448
1.224
2.448
2.448
2.548
1.224
2.448
1.224
1.224
2.548
2.448
2.448
2.548
2.448
2.648
2.848
2.648
3.772
1.224
4.284
2.448
2.548
1.224
4.384
2.448
3.672
1.224
2.448
1.524
1.224
1.524
2.648
5.708
2.448
2.548
2.448
2.448
2.748
2.448
1.224
2.448
1.224
2.448
3.672
2.648
2.648
2.448
1.224
2.448
2.548
2.448
2.548
2.548
2.448
2.548
2.748
3.672
2.648
4.072
2.448
3.672
2.448
2.448
3.672
1.224
3.672
1.224
1.224
2.448
2.448
2.448
2.448
2.448
2.448
1.224
1.224
2.448
2.448
1.224
2.448
2.448
2.448
2.548
2.848
1.324
1.224
1.224
1.324
2.648
2.448
1.224
1.324
2.448
2.448
1.224
2.448
2.548
5.608
2.548
3.26
2.548
1.224
1.224
3.772
2.648
1.924
1.524
1.324
2.948
2.548
2.448
2.448
1.324
2.448
5.808
2.548
1.224
4.484
1.224
1.224
2.448
3.672
2.448
2.448
2.448
2.548
3.672
4.284
2.124
3.672
3.672
2.448
1.324
1.424
1.624
1.924
2.448
5.608
2.448
1.224
2.948
2.548
1.224
2.748
1.224
2.548
3.26
3.672
2.548
2.848
3.672
2.548
2.448
3.16
3.672
2.548
3.772
2.448
2.548
2.448
2.448
2.448
2.448
2.448
2.448
2.448
2.648
2.648
1.224
2.448
1.424
2.448
4.284
2.448
3.872
2.448
2.548
2.448
2.548
3.672
3.672
2.548
3.872
3.672
2.548
5.608
2.748
4.284
2.448
2.448
3.672
2.548
1.224
2.448
3.672
2.848
1.224
2.448
2.448
2.448
1.324
2.448
2.448
2.748
2.548
2.448
3.672
2.448
2.448
2.548
1.224
2.648
1.224
4.384
2.448
3.672
2.448
2.548
1.224
4.284
1.224
2.548
3.06
1.224
1.224
0.2
1.524
1.224
2.448
1.424
1.224
0
0.3
0
2.448
1.224
0
0
0
1.224
1.836
0
1.224
0
0
0
2.448
1.836
1.224
2.136
0
1.224
1.836
1.724
1.224
1.424
1.324
1.224
1.424
1.224
3.06
1.224
1.224
1.224
0
0
0
3.06
1.836
0
1.324
0
1.836
1.836
1.224
0.1
0
1.224
0
1.224
0
0
0
0
1.224
0
1.224
0.1
1.224
1.224
1.224
0
1.224
1.224
0
1.324
1.224
2.448
2.448
1.224
0
1.224
0
1.224
1.224
1.224
1.224
1.324
1.524
1.224
1.224
1.224
0
1.224
0
1.224
1.836
1.224
1.224
1.224
0
1.624
1.224
1.324
1.324
0.1
1.424
