0.1
0.1
1.624
0.2
1.224
3.16
1.224
1.224
1.324
1.224
1.424
2.548
1.324
1.424
1.224
0
0
0
0
0
3.16
3.26
0
0
0.1
0
0
0.1
1.224
0
0
1.224
0.2
0
0
0
0
0
0.1
0.2
0
3.46
0
0
0
1.224
0.1
0
0
1.324
1.224
0
1.324
0.1
1.02
0
0.1
0
0.1
1.524
0.2
0.1
0
0.2
1.936
0.1
0.1
0
1.324
0.3
0
1.724
0.1
1.836
3.56
0.3
0
0
0
0
1.324
0.1
1.324
0
0
0
0
0
0
0.2
0
0
0
0
0
1.324
1.324
0
0.1
0
0.1
0.2
0.4
0
0
0
0
0.1
0
0.1
0.1
0
0
1.224
0.1
1.936
0.1
0.1
0
0
0.7
0
0.1
0.1
0
0
0
1.224
0
1.324
0.2
0.3
0.1
0
3.06
0.2
1.224
1.224
1.224
0.3
0.2
0
0
1.324
0
0
1.324
0
0
0
1.224
0
0.2
0
0.1
0
0.1
0.1
0.1
0.1
0
0
0
0
0.1
0
0
0
0
0.9
0
0.3
1.224
0
1.224
2.944
0.1
0
4.08
0.5
0
1.324
1.224
2.448
1.224
2.548
2.748
2.548
1.224
2.448
1.324
2.548
1.424
2.648
2.448
2.548
2.448
1.224
0
0.1
2.036
0
0
0.1
0.4
0
0
1.224
1.224
0
1.324
0.1
0
0
1.836
0.2
0
1.936
0
1.836
0
1.324
1.324
1.224
1.224
1.224
1.224
1.224
1.324
1.224
1.324
1.224
1.224
1.836
1.224
0
1.824
3.06
1.836
1.424
1.836
1.224
3.06
0
0
0
0
0
1.224
0.2
0
0
0.1
0
0
1.224
1.836
0
1.224
1.224
1.324
0
0
0.1
1.224
0
0
1.224
0
1.224
0
0.1
0
1.224
0
0
1.224
0
1.224
0
0
0
1.324
1.224
1.424
0
1.224
1.224
1.224
3.06
3.06
1.224
0
0.2
0
0
0
0
0
0
0
0.1
0.1
0
0
0
0
0
0
0.1
0
0
1.224
0
0
1.224
0
1.224
0
1.224
0
0
0.4
0
0
0
0
0
0
0
0.4
0
0.1
3.16
3.06
0
0
0
0.6
0
0
1.224
0.2
0
0.2
1.324
1.224
1.424
0.2
0
1.224
0.1
0.2
0.3
0
1.836
0
0
0
2.548
2.448
0
1.224
1.224
1.224
0
0
1.224
1.836
1.224
1.224
1.224
0.1
1.224
0
0
0.1
0
0
0.1
1.224
1.424
0
0
0
0
1.224
1.424
0.1
0
0
1.224
0.4
0
0
2.448
1.836
0.1
0
0
1.224
3.06
0
1.324
1.224
3.06
1.224
1.224
1.224
1.224
0.2
1.224
0
1.836
0
0
0
0
0
0
3.06
3.06
1.324
0.1
0.2
1.224
1.836
1.224
1.224
1.224
0
0
1.224
0.1
1.224
0.1
0
0.1
1.224
0
1.224
1.836
0
0
0.1
3.06
0
1.224
1.224
3.06
0
1.836
0
1.224
0
0
1.836
0
0
1.324
1.224
1.224
1.224
0.1
1.324
0
0.2
1.924
1.836
0
1.324
0
0
0
1.324
1.324
0.1
1.836
0.1
0.1
1.224
0
0
0.1
0
0
1.224
0
0
1.224
0
0
3.06
1.224
0
1.836
0
1.224
1.324
1.224
1.836
1.324
0.1
0
0
1.224
3.06
0.1
0
0
0
1.224
1.224
3.06
1.224
1.324
1.936
1.224
1.224
0
0.2
1.224
0
1.224
0
1.224
1.224
1.224
1.836
0
1.224
1.224
1.224
1.224
0
1.224
0
0
1.224
0.1
0.1
1.224
0
0
0
1.324
1.224
3.06
1.224
0
0
0
1.224
1.224
0
1.836
1.224
1.224
1.224
0
0
0
0
0
0.1
3.06
1.936
1.224
3.06
1.224
1.224
0
1.224
0.1
1.224
1.836
0
1.224
1.224
0.1
1.324
0
1.224
0
0
3.06
1.224
0.1
0
1.224
1.224
1.224
1.836
0.1
0
0
1.224
1.224
1.836
1.224
0
0.1
0
0
1.224
0
2.036
1.324
0
0
0
0
1.324
1.836
0.1
0
0.1
0
0.1
1.224
1.224
0
0
0
1.324
0
0
1.224
1.324
0
0
1.224
0
3.06
1.224
0.1
3.06
0
0
1.224
0
1.224
1.836
0
1.224
0
0
0
0
1.324
0
0
0
0.1
1.224
1.224
3.06
1.224
0
0.1
1.524
0
1.424
3.06
1.836
1.224
0
0
1.324
0
1.224
1.224
1.324
1.224
1.224
0
1.224
1.324
1.324
1.424
0
0
1.936
0
1.224
0
1.224
1.224
1.224
0
1.324
1.836
0
0
1.224
0.1
0
0
1.224
1.224
1.224
1.324
0
0
1.224
1.836
0.1
1.224
3.06
0
1.224
0
1.224
0
0
0
0
1.324
1.224
0
0.2
1.324
1.324
0
0
0
1.836
0
1.224
0
2.336
1.224
0.1
1.324
0
3.06
1.224
3.06
1.324
0
1.224
0
1.324
0
1.224
1.224
1.224
1.224
1.324
0
0
1.224
0.1
1.224
1.224
1.324
1.224
0.7
1.324
0
0.1
0.2
1.224
1.224
0
1.224
3.06
0
3.26
1.836
1.324
1.324
0
0
0
0
1.224
1.224
1.224
0
1.224
1.224
1.224
0
0
3.06
1.224
0
0
0.4
0
3.06
1.324
0
0.1
0
1.224
1.836
0.2
0.1
3.06
0
3.06
1.224
1.224
1.836
0.1
0
1.324
1.324
0
1.324
1.324
1.224
1.224
0
0
1.224
1.224
1.224
0
3.06
1.224
1.836
3.06
0
0
0
0
1.224
0
0
1.424
3.16
0.1
3.06
0
0
0
0
0
0
0
1.224
1.224
1.224
1.224
0
1.836
0
1.324
0
1.224
1.224
0
1.224
1.324
0
0
1.224
1.224
3.06
1.324
0
1.324
0.2
0
1.324
0.1
1.224
1.224
0
1.224
3.06
1.224
1.224
0.4
0
0
3.06
0
1.224
1.224
1.836
1.224
1.224
0
0
0
1.224
1.224
1.224
0
0
0
0
0
0.1
1.324
0
0
0
0
0
0
0
1.324
1.224
0
0.1
0
1.224
0
1.224
1.224
0
3.06
3.06
1.936
1.836
0
1.224
1.324
1.224
1.224
0
1.324
3.06
1.224
1.524
0
1.424
1.224
1.324
0.1
1.224
1.224
0.1
1.224
1.224
1.224
3.06
3.06
3.06
1.324
1.224
1.224
1.224
1.324
1.224
1.324
1.324
0.1
0
1.324
0
0
0
0
0
0
3.16
1.224
3.16
1.224
0
0
0
3.16
1.224
3.06
1.836
1.936
1.836
2.448
2.748
4.284
3.06
3.06
3.06
0
3.06
1.224
0
1.224
0
1.224
1.224
1.224
1.324
1.224
1.324
1.324
1.224
0
0
1.224
0
0
1.224
1.324
1.224
1.936
1.224
0
1.224
0
1.224
1.224
0
3.06
0
0.2
1.836
0
0
1.224
1.324
1.324
1.224
0
0
1.936
2.644
0
0
1.324
0
0
1.224
0
0
0
0
0.2
1.324
0.1
1.424
0
0
1.424
0
1.224
0
1.224
1.224
0
0.1
0
0
1.224
0
0
0
1.324
1.324
1.224
1.824
0
1.224
0
1.224
0.2
0
0
0
1.824
1.224
0
0
1.836
1.224
2.448
2.648
2.448
1.224
1.224
1.324
3.06
1.224
1.224
1.424
1.224
3.768
1.724
2.448
2.548
1.224
2.648
2.448
2.548
1.324
2.648
2.548
2.448
1.324
1.224
2.548
2.448
2.448
1.224
2.448
2.548
1.224
3.06
2.748
2.448
2.448
1.224
2.548
1.224
2.648
1.324
2.648
2.448
1.224
3.16
1.224
1.224
1.324
1.324
1.224
2.548
2.448
2.448
1.224
2.648
2.448
2.448
2.448
1.224
1.224
2.448
1.424
4.584
2.548
2.648
2.448
2.648
2.448
1.324
2.448
2.548
1.324
2.448
1.224
1.224
1.324
1.324
3.048
4.784
1.724
1.224
1.224
2.448
1.224
2.648
1.224
2.448
1.224
1.224
2.448
1.224
1.224
3.968
1.224
2.948
2.448
3.048
2.548
1.324
2.448
2.944
1.224
1.224
2.448
2.748
2.648
1.324
2.448
1.324
1.224
1.224
1.224
1.324
1.424
1.424
1.324
2.448
2.448
2.448
1.224
2.548
3.768
1.224
2.448
2.448
1.224
2.848
1.424
2.448
1.724
1.224
2.648
1.324
1.324
2.448
2.548
2.448
2.448
2.848
2.548
1.724
2.448
1.224
2.548
1.224
2.548
2.448
1.224
1.224
1.324
1.224
1.224
1.224
2.548
2.548
2.548
2.448
2.648
1.224
2.548
1.224
2.448
2.448
1.224
4.284
2.448
1.224
1.224
7.404
1.324
2.448
2.448
2.448
2.448
2.748
1.424
2.448
1.224
2.448
1.224
1.324
1.224
2.448
1.324
1.324
1.224
2.244
3.16
1.224
2.648
2.548
1.224
2.548
2.548
1.224
1.224
1.324
1.324
1.324
2.548
1.324
2.548
1.224
3.16
1.324
1.224
2.548
2.448
1.424
2.448
2.448
3.568
2.448
2.648
1.224
2.648
2.448
2.448
2.648
2.548
2.448
2.648
4.284
2.548
1.224
2.448
3.16
1.224
2.448
2.548
2.648
1.324
1.324
1.224
1.224
1.524
1.224
1.524
2.648
1.524
2.548
1.224
2.548
3.16
1.224
3.468
2.948
1.324
1.224
1.224
2.448
1.224
2.648
2.448
2.648
1.324
2.448
1.224
2.448
1.224
2.448
1.324
1.224
2.448
2.448
2.448
2.448
1.324
2.448
1.224
1.224
1.224
2.448
2.548
2.448
1.424
2.448
4.284
1.324
1.324
1.224
1.224
1.224
4.284
2.548
1.224
1.424
2.548
1.324
1.224
1.224
1.324
2.448
1.224
1.224
2.448
2.548
2.848
2.448
1.224
1.224
2.448
2.448
2.448
3.36
1.324
2.448
1.524
1.224
2.448
1.224
2.448
1.324
2.448
1.224
2.448
2.648
2.448
2.448
2.548
1.224
2.548
1.224
1.224
2.448
2.548
1.224
2.448
1.324
1.224
1.424
1.224
3.16
1.224
2.448
1.324
4.584
2.448
2.448
1.224
2.648
1.324
1.324
2.244
2.448
3.16
2.648
2.448
1.424
2.548
1.424
1.324
1.324
2.448
2.748
1.324
1.324
2.448
2.448
1.324
2.444
2.748
3.06
1.224
1.224
1.224
1.224
2.548
3.468
1.224
1.224
2.448
2.448
2.448
3.16
2.648
2.948
2.548
1.324
2.748
1.224
1.224
2.548
1.224
1.324
2.448
2.448
2.448
1.224
4.384
2.648
1.224
2.448
1.224
1.424
1.224
2.448
3.26
1.324
2.448
1.424
1.424
2.448
1.224
2.448
1.224
2.448
2.448
2.548
1.224
2.448
2.448
2.548
2.448
1.224
2.448
1.224
2.748
4.484
3.06
2.448
1.224
1.224
2.448
1.324
2.448
1.224
1.224
2.344
2.544
2.548
1.224
1.224
2.448
2.344
2.648
1.224
2.448
1.324
2.448
1.224
1.224
2.448
1.224
1.324
2.448
1.224
2.748
1.224
1.224
1.324
1.224
1.224
2.448
1.224
1.224
1.224
2.548
1.424
2.448
1.224
1.324
2.548
1.224
2.448
2.548
1.224
1.324
1.224
1.224
2.448
4.484
2.448
1.324
2.548
1.224
2.448
1.324
2.448
2.448
2.448
2.448
1.224
2.448
2.648
2.548
1.224
1.224
2.448
2.448
1.324
1.324
1.224
1.224
1.224
2.448
2.448
1.324
2.448
1.324
2.748
1.324
2.448
1.224
4.384
2.548
1.224
1.324
4.384
2.448
2.648
1.224
2.448
1.224
1.224
1.324
2.448
4.384
1.224
1.324
2.548
2.448
1.424
2.448
1.224
1.224
2.744
2.548
2.848
2.448
2.448
2.548
1.224
1.324
1.424
1.224
3.468
1.324
1.224
1.224
1.724
2.448
2.548
2.448
2.548
2.448
2.548
2.448
2.448
2.344
2.448
1.224
1.224
1.224
1.224
2.448
2.448
1.324
2.448
1.224
1.224
2.548
2.448
1.224
2.448
1.224
2.448
1.224
2.024
1.324
1.224
1.324
1.324
2.648
2.448
1.224
1.224
2.548
2.548
1.324
2.448
2.548
4.484
1.324
3.26
1.224
2.444
1.324
2.648
1.224
1.424
1.324
2.544
1.324
2.448
1.324
2.448
1.224
2.548
4.484
2.448
1.224
3.16
1.224
1.224
2.648
2.448
2.244
2.548
1.224
2.448
2.448
4.384
1.824
2.448
2.548
1.424
1.324
1.324
1.424
1.324
1.224
4.384
2.448
1.224
2.548
1.224
1.324
1.424
2.344
2.648
3.26
2.448
2.448
3.248
2.548
2.448
2.448
4.18
2.548
1.224
2.448
2.448
1.224
2.448
2.648
2.448
2.548
1.224
2.748
2.448
1.424
2.448
1.224
3.568
1.224
2.548
3.06
1.224
2.648
2.548
1.224
1.324
1.224
2.448
2.448
2.448
2.448
2.448
2.448
5.904
1.424
3.16
1.224
2.448
2.448
2.448
1.224
1.224
2.448
1.524
1.224
1.224
2.448
1.324
1.224
2.548
1.224
2.948
2.448
2.448
3.668
2.648
3.348
2.548
1.224
2.548
1.224
4.284
2.448
2.548
2.448
2.448
1.224
4.284
1.224
2.848
3.06
0.1
0
0
0.1
0
1.224
0
0.1
0
0.4
0
1.224
0
0
0
0.1
0
1.936
0
1.224
0
0
0
1.324
1.936
0
2.436
0
1.224
1.836
1.424
1.324
0.2
1.224
0
0.2
1.224
3.06
0.1
1.224
1.224
0
0.1
0
1.936
1.836
0
0
0
1.836
1.836
1.224
0.1
0.1
1.224
0
1.324
0
0
0
0
0
0
0
0.3
1.224
1.224
0.2
0
1.224
1.224
0
1.424
0
1.224
1.424
0
0
1.224
0
1.224
1.224
1.224
1.324
0
0
1.224
1.324
1.224
0
1.224
0
1.224
1.836
1.324
0
1.224
0.1
0.6
0
0
0.4
0.1
0.2
