0.2
0.4
1.824
0.3
2.548
1.424
1.424
1.224
1.224
1.224
1.324
2.548
2.548
1.424
1.724
0
1.224
0.1
0.1
0.1
1.424
1.324
0.1
0
0.5
0
0
0.1
1.224
0.1
0
1.224
0.7
0
1.424
0.3
0
0.1
0.3
0.6
0.1
2.224
0
0.2
0.1
1.324
0.3
2.124
0.6
1.224
1.324
0
2.024
1.324
0
0
1.224
1.324
0.1
2.224
2.024
1.624
0
0.6
0.6
0.1
1.224
1.224
1.324
1.624
0.3
3.048
1.224
0
2.224
0.3
1.224
0.3
1.224
0.1
2.124
1.224
1.324
1.224
0.1
1.224
1.224
0
0
2.024
0.2
0
1.324
1.324
1.224
1.324
1.324
1.324
0.1
0
0.1
1.424
1.624
0
0
0.3
0
1.1
1.224
0.1
1.524
1.224
0
2.448
0.1
0.2
0
1.224
0
0
2.624
0
0.1
1.624
1.324
0.1
0.1
1.424
0.2
2.948
0
0.1
1.224
0
1.424
0.6
1.724
2.448
1.624
0.2
0
1.224
1.224
1.324
1.224
1.224
1.424
1.324
0.1
1.224
1.324
0
0.1
0.2
0.5
0.6
1.324
0.2
0.4
0
0.1
1.324
0
1.224
0.2
1.524
0
1.324
0
1.6
1.224
1.724
2.448
0.3
2.448
2.024
1.224
1.224
1.224
0.1
0.6
3.348
1.224
3.772
1.424
4.172
3.148
4.072
2.848
3.672
1.424
2.848
1.424
4.372
3.672
3.748
2.448
1.224
0
0.1
1.424
0
0
1.324
0.8
1.224
0
1.424
1.524
0
1.224
0
0.4
1.224
0
2.524
0
2.024
0
1.224
1.224
1.324
2.324
1.224
1.224
1.524
1.224
1.324
1.624
2.448
1.324
1.224
2.448
0
1.224
0
4.248
1.324
0
1.524
0
1.824
1.424
0.1
1.224
0.1
1.224
1.224
1.224
0.6
0.1
1.224
1.224
1.224
0
1.224
1.224
1.224
1.324
1.524
1.424
1.224
0
0.3
1.224
1.224
0.4
1.224
0
1.224
0
0.2
0
1.424
1.624
0
1.224
1.224
2.448
1.224
1.224
1.224
3.948
1.224
2.548
0
1.224
1.224
2.448
1.324
1.224
1.224
1.224
1.724
0
0
0
0.1
1.224
0
0
1.224
0
0.4
0.1
1.224
1.424
1.324
0
1.624
1.524
1.324
2.448
0
0
1.324
0
1.224
0
1.424
0
0.1
0.1
0.3
1.424
0
1.224
0
0
1.224
0.3
1.224
0
1.324
1.224
1.224
0
0
0.8
0
1.224
1.224
2.124
1.324
0.2
1.624
1.224
1.324
0.2
1.224
1.224
1.424
1.824
2.824
0
0
0
1.324
0
3.772
2.748
0
1.224
1.224
2.448
0
0
1.224
0
1.224
1.224
1.224
0.2
1.324
0
1.224
1.424
0
0
0.1
1.324
1.724
0.1
1.324
0
0.1
1.324
1.624
0
0.1
0
1.324
1
1.224
0.3
2.448
0.1
0
0
0
1.224
1.224
0
2.648
2.448
1.224
2.448
2.448
1.524
1.224
0.6
1.524
1.424
0
0.3
1.424
0.2
0
1.224
1.224
1.324
1.224
1.524
0.6
0.1
1.224
0
2.448
1.424
1.324
1.324
1.224
1.324
0.1
1.424
0
0
1.224
1.324
0.3
1.224
0.1
1.224
0.1
0.2
1.324
1.224
2.448
1.424
1.324
0
0
0
2.648
1.224
0
0.2
1.324
0
1.524
1.424
2.548
1.324
0.2
1.424
1.324
0.1
2.024
0.2
0
1.724
0.5
0
0.3
1.424
1.524
0.1
1.224
0.1
0.4
2.448
0
0
0.1
0.2
0
2.448
0.1
0.2
2.448
0
1.224
1.324
2.548
0.1
0
0
1.424
1.824
1.224
0.1
2.648
0.3
0
0
2.448
1.224
0.7
0
1.224
0
2.548
1.224
1.224
1.224
2.448
0
1.224
1.224
1.224
2.224
1.324
1.224
1.224
0
1.424
2.948
2.448
0.1
0
1.224
1.624
1.624
1.224
0
2.548
0
0.2
1.224
0.2
0.1
2.448
1.224
0
0.2
1.324
2.124
1.824
2.448
0.1
0
0.2
1.224
1.424
0.2
0
1.224
1.424
1.324
0
1.324
0
1.324
1.224
1.324
1.224
1.224
1.624
1.324
1.224
1.224
0
2.448
0.1
1.224
0
0.1
1.224
1.424
0.3
1.424
0
2.448
0
0
1.324
1.224
0
0
1.324
1.224
1.324
1.224
0.2
0.1
1.224
1.324
1.324
0
1.224
1.524
0.1
1.324
0
1.224
0
0.3
1.324
0
0
0
1.324
1.624
1.224
0
0.3
0
0
0.6
1.424
1.224
0.1
0
0
2.448
0
0.2
1.424
1.624
0
0.2
2.548
0
1.224
2.448
0.1
1.224
0
0
1.224
0.3
1.424
0
1.224
1.824
0
0
0.4
0.1
1.524
1.224
0
0.1
0
1.224
1.224
1.324
1.224
0
0.1
1.524
0
1.524
1.224
1.224
2.448
0
0
2.448
0
1.224
1.224
1.324
1.324
2.448
0
2.448
1.424
1.224
1.424
0
0.1
0.1
0
1.324
0
1.224
2.548
1.224
0.2
1.324
0
0
1.324
1.324
0.1
1.224
0.3
2.448
1.224
1.224
1.224
0.1
1.224
2.448
0.2
0
1.724
1.424
0
1.324
1.324
1.224
0
1.224
0
0
1.524
1.224
0.1
0.1
1.224
1.224
1.224
0
0
0
0
1.224
0.1
0.6
1.224
0.1
1.224
0
1.224
2.448
1.324
1.624
0.1
1.324
1.324
1.824
1.324
1.224
1.324
1.224
2.448
1.424
1.224
0.1
1.224
1.224
2.448
1.224
1.224
2.448
0.9
3.024
0.2
0.1
1.424
2.448
2.448
0
1.224
1.224
0
1.324
1.224
1.624
1.224
0
1.224
0
0
1.224
1.224
1.224
0
1.224
1.224
1.224
0.1
1.224
1.224
1.224
0.2
1.224
0.2
0.1
1.424
1.224
0
1.324
0.1
1.324
1.224
0
1.624
1.324
0
1.224
1.224
1.224
0
1.524
1.224
1.224
1.424
0
2.124
1.224
1.224
1.324
0
0.1
1.224
1.224
1.324
0.1
2.548
1.224
0.1
2.548
0.1
0
0
0
1.224
1.224
1.224
2.548
1.324
0.1
1.224
0
0
0
0
0
1.224
0
1.724
1.224
2.448
2.648
0.1
0
1.224
2.448
1.224
1.324
1.324
0
1.324
4.148
1.224
0
1.224
1.324
1.224
1.324
0.1
1.624
0.3
0
3.248
1.224
1.224
2.448
0.2
2.648
1.224
1.324
1.624
2.324
0
0
1.224
0
1.424
1.324
0
1.324
1.224
0
0.2
0.1
1.324
1.324
1.224
0
0
0.1
1.224
0
1.224
2.648
0
0
0.1
1.224
1.224
1.324
0.3
2.648
1.224
1.224
0
0
1.224
1.224
1.724
2.448
0.2
1.524
1.224
0
1.224
0
1.424
1.824
1.224
2.448
0
2.548
1.224
2.548
1.524
1.424
3.548
2.648
1.924
1.224
1.424
2.448
2.024
2.448
1.424
1.324
1.224
1.324
1.224
1.224
1.224
2.448
1.224
1.224
1.224
1.224
1.324
1.324
1.224
3.448
1.224
0.1
0
0
0
0.2
2.848
1.324
1.624
1.224
1.624
0.1
1.224
1.324
1.324
1.624
1.224
1.224
1.724
2.448
3.248
2.848
1.224
2.648
2.448
1.324
1.224
1.224
1.224
2.648
1.224
1.224
1.624
1.324
1.224
1.324
1.324
1.224
2.548
0
0
2.548
0.2
0
1.224
2.324
1.824
0.2
1.224
0.1
1.224
1.324
2.548
1.424
1.224
2.448
0
0.6
0
1.724
0.2
1.224
1.324
2.648
1.224
0.2
0
0
1.624
0
1.424
1.624
1.224
0.1
1.324
0
0
0.1
0
1.424
1.224
0.5
1.424
0
1.224
1.524
1.224
2.448
0
1.224
1.224
0.1
0
1.324
0.3
1.424
0
0.2
0
1.224
1.324
1.324
4.924
0
1.224
0.1
1.224
0.8
0
0.2
0
1.824
1.424
1.324
0.1
0
2.648
2.448
2.948
2.748
1.624
1.524
1.224
1.324
2.748
1.224
2.748
1.424
2.448
1.524
2.548
3.048
1.224
4.072
2.448
2.648
3.048
3.648
3.772
3.972
1.324
2.548
4.172
2.648
2.848
2.448
2.448
2.548
1.424
1.224
3.348
2.448
2.548
2.448
2.648
1.224
3.648
2.548
2.448
3.772
1.524
2.948
2.448
2.448
1.224
1.324
2.748
3.048
2.448
3.772
1.224
4.372
2.548
2.448
2.548
2.448
2.548
4.072
1.324
2.548
2.448
3.148
2.948
2.748
3.972
2.648
2.448
2.648
1.424
2.448
1.224
1.224
2.748
2.548
2.648
2.748
1.224
2.448
1.324
3.672
2.448
2.448
2.648
2.448
1.424
2.448
2.448
2.448
1.424
2.548
1.624
2.748
2.448
2.748
3.048
1.524
2.448
2.924
1.224
1.224
2.548
3.148
4.172
3.548
3.872
1.924
2.848
1.224
1.224
1.424
1.324
1.324
1.624
2.548
2.448
2.648
1.224
2.648
2.548
2.548
2.448
3.672
2.448
2.548
1.824
2.548
1.824
1.224
2.848
2.748
3.548
3.148
3.748
4.972
2.648
2.548
2.548
3.348
2.448
1.224
2.948
2.548
3.148
2.448
2.648
2.648
1.524
1.524
2.448
1.224
2.448
2.548
2.848
2.748
3.148
1.224
4.572
1.524
2.448
2.448
1.624
2.448
2.448
1.224
1.324
2.448
1.224
2.448
3.672
3.672
10.372
2.548
1.424
3.972
2.748
3.148
1.324
1.224
1.224
2.448
3.748
2.124
1.224
2.448
2.548
1.224
3.872
2.648
2.448
3.148
3.048
1.224
2.948
1.324
2.648
2.648
2.448
2.448
3.148
1.324
1.824
3.248
2.448
2.748
2.448
2.448
2.448
3.248
2.448
2.448
3.672
1.424
2.848
3.672
2.448
3.548
3.772
3.348
2.448
2.748
3.772
2.448
2.448
1.324
1.224
2.448
2.448
2.548
1.624
2.448
1.224
1.224
1.724
1.224
1.224
2.748
1.824
2.448
2.748
2.748
2.648
2.448
2.448
3.648
1.624
1.324
2.448
2.548
2.648
3.872
2.448
4.772
1.224
3.672
2.448
2.648
1.224
2.448
1.424
2.448
2.548
2.548
3.672
2.848
2.124
4.272
1.224
1.224
2.448
3.248
2.748
2.548
2.548
2.548
2.448
2.548
1.324
3.248
1.224
1.224
2.648
2.748
1.224
1.624
2.748
1.524
2.448
1.224
1.324
2.448
1.224
2.548
4.072
2.548
2.648
2.548
1.424
2.448
2.548
2.648
2.948
1.224
1.624
2.548
2.024
2.448
3.672
2.548
2.448
1.324
2.648
1.324
2.448
2.448
3.672
2.448
2.448
2.548
3.848
1.224
2.548
3.872
2.448
2.548
2.448
2.448
1.224
1.624
2.448
1.324
2.448
2.948
1.324
2.948
2.948
3.048
2.448
2.648
1.624
1.424
1.324
3.048
1.424
3.972
2.448
2.224
3.548
2.124
1.224
1.224
4.272
3.672
1.624
1.224
2.448
2.648
1.224
1.224
2.448
2.448
1.524
1.424
2.548
1.224
2.448
2.448
1.424
1.224
2.448
2.548
2.448
1.424
2.948
4.348
3.548
2.848
2.748
1.224
2.448
4.172
1.524
1.424
2.648
2.648
4.072
1.224
2.448
2.448
1.424
2.548
1.224
2.948
1.224
2.448
1.624
1.424
3.872
3.048
2.948
3.672
2.848
3.148
1.324
2.448
2.448
4.072
2.448
3.772
2.748
2.748
2.448
2.448
2.448
2.448
3.248
2.648
1.224
2.648
2.448
2.548
2.448
2.448
2.448
2.548
1.224
1.924
2.224
2.648
1.224
1.224
2.448
1.324
2.648
2.548
3.672
2.224
2.748
2.448
1.324
2.648
1.424
1.224
2.448
1.224
4.472
2.848
2.448
1.224
1.224
1.224
2.448
3.148
1.224
2.448
2.848
2.024
3.672
2.448
1.424
2.548
1.224
2.448
2.448
1.324
1.224
1.224
1.324
3.772
3.648
2.548
1.224
2.448
2.448
2.548
1.424
2.448
3.972
4.172
2.448
2.448
2.448
2.648
3.872
1.424
1.224
3.872
2.748
1.324
1.224
2.448
2.648
2.448
2.448
2.848
1.624
2.448
3.348
3.248
1.224
3.048
1.324
2.448
2.448
1.324
1.224
3.872
2.448
2.548
1.224
2.548
1.324
2.448
2.848
4.472
2.448
1.224
1.724
2.848
4.772
1.424
2.448
1.224
1.224
1.524
5.472
4.572
3.972
3.972
2.548
1.224
1.224
1.424
1.224
2.948
1.224
1.224
1.224
1.724
2.748
4.072
3.248
2.648
2.648
4.072
3.672
2.448
1.324
2.748
1.324
1.224
1.524
1.224
2.548
3.672
1.224
2.748
2.548
2.448
2.448
3.672
2.448
2.548
1.224
2.448
2.548
3.848
2.448
2.548
1.324
3.048
3.548
3.672
2.548
2.448
3.348
2.548
1.524
2.648
3.748
2.648
1.324
1.524
1.324
1.624
1.624
3.548
1.824
1.524
1.624
1.424
1.824
2.648
1.224
2.448
1.424
3.348
2.848
2.648
2.448
1.324
1.324
1.224
2.748
2.448
1.424
2.448
1.824
2.948
2.448
2.548
3.524
2.648
2.448
1.624
1.224
3.048
2.324
1.524
1.224
3.148
2.448
1.224
2.848
2.448
2.648
1.324
1.324
2.748
1.724
2.448
3.048
5.072
2.448
2.548
2.448
2.448
2.948
1.224
2.748
2.548
1.424
2.648
2.448
2.648
3.548
1.224
2.548
4.572
1.724
2.548
2.648
2.648
2.548
3.772
1.224
1.224
4.348
3.148
1.224
1.324
1.324
2.448
3.672
3.872
4.472
2.448
3.872
2.948
1.824
1.224
1.324
3.672
2.548
3.348
2.548
1.224
2.648
2.124
1.224
1.424
2.448
2.748
2.648
2.448
1.224
3.448
4.672
3.872
3.448
4.572
3.148
4.048
1.324
4.848
1.224
4.172
2.748
2.848
2.448
2.548
2.448
2.448
1.224
2.948
2.448
1.224
0
0
0.2
0.1
1.224
0.1
0.1
1.224
0.8
0.1
1.324
0
1.224
1.224
0
0
0.1
0.2
1.324
0
1.224
0
1.324
0
0
1.4
0.2
2.448
0
1.624
1.424
1.924
1.324
1.224
1.1
1.224
1.224
0
1.224
1.224
0
0.3
1.224
1.224
0
0
0.2
1.224
0
0
1.224
0.1
0.1
1.324
1.424
1.324
0
0.1
0.1
1.324
0
0
0
1.524
1.224
1.424
0
1.224
1.224
1.224
0
1.724
0
1.324
1.624
0
1.224
2.448
0.1
1.324
2.448
1.624
1.324
0.1
0.1
1.224
2.448
2.448
1.224
2.448
1.224
1.224
1.224
2.448
0
2.548
0.1
1.4
0.2
0
0.5
0.5
0.2
