3.66
0.3
2
0.7
1.424
0.2
0.3
0
1.524
0
1.624
0
1.324
0.5
0.5
0.2
1.224
0
0
0
0.1
0.3
0
0
1.624
0
0.2
0
0
0
0.2
0.1
3.124
1.224
3.26
3.76
3.06
3.06
1.936
3.76
3.36
2.836
1.836
1.836
1.936
1.836
2.036
3.36
3.66
3.56
1.936
1.836
3.36
3.06
2.036
1.936
4.484
3.06
3.06
2.636
4.16
3.26
1.836
2.636
2.236
3.26
3.06
3.06
2.136
3.86
3.86
4.984
4.584
3.26
3.936
4.16
3.06
2.436
3.06
3.06
2.736
3.16
1.836
3.06
1.836
3.06
3.06
1.836
1.936
3.96
3.06
1.836
3.46
3.06
3.06
3.26
3.36
4.284
1.936
1.836
1.836
4.36
3.26
3.26
1.836
3.36
3.06
3.236
3.06
3.26
4.984
3.06
3.16
3.06
1.936
1.936
3.36
3.06
3.26
3.36
5.76
1.836
2.036
12.284
3.16
3.26
3.76
1.836
1.836
3.26
3.86
1.936
3.26
1.836
2.436
2.736
2.036
3.06
2.136
2.536
3.36
3.36
3.06
2.136
3.06
3.06
1.936
3.06
3.46
3.06
1.836
3.36
3.46
3.16
4.26
3.46
3.16
2.136
3.96
2.236
3.26
3.06
3.06
3.06
1.836
3.06
2.036
4.384
1.936
4.036
4.384
5.584
3.16
3.56
3.06
2.336
3.06
3.06
1.936
4.26
3.46
3.66
1.936
3.06
1.936
4.26
2.636
3.06
3.26
3.26
2.736
3.46
3.36
3.46
3.16
2.236
1.836
3.26
1.224
0.6
2.648
0
0
1.524
3.024
1.224
1.324
1.924
0.3
1.224
0
1.724
0.5
1.224
1.224
3.424
1.224
2.324
0
1.224
1.224
0.1
1
0.1
0
0.1
0
0
0.2
2.448
0.3
0
1.224
0
0
0.2
2.824
0
0
0.3
0
1.3
0.4
0
1.224
0
1.224
1.224
0
1.2
0
1.524
1.224
1.224
0
0
1.224
1.424
0.1
0.4
0
2.448
1.324
0.4
0
2.448
0.3
0
1.224
0
1.224
1.424
1.224
0
1.924
0.1
0
3.06
2.648
2.448
1.224
1.224
1.624
0
1.324
1.424
0
0.1
1.224
0.1
0
0
1.224
1.924
0
0
0
0.1
1.624
1.224
0.1
2.548
0.1
0.3
0.2
1.224
1.324
2.848
0.1
2.748
1.224
1.224
1.524
0
0
0
1.224
0
0
0
1.224
0.4
1.524
0.6
1.724
1.324
1.224
0
0
1.224
0.8
1.224
0
0.2
0.1
1.224
0.1
0
2.424
1.224
1.224
1.224
1.924
1.324
1.724
0.5
1.324
0.2
0.4
2.448
1.224
2.648
2.024
2.924
0.1
0.1
1.224
3.06
0
2.948
1.424
0
1.224
1.224
1.224
0.1
0.1
1.224
0.2
0.1
0
0
0
0
0
1.224
2.124
0
0
0
0
0.8
0
1.224
0
0
0.1
1.824
1.224
0
0
1.224
1.5
1.224
0.3
0.1
0
1.924
1.224
0
0
0.1
1.224
1.524
1.224
1.324
1.224
1.224
0.1
0.1
1.1
0.3
2.448
0.1
0.2
1.324
1.424
0
1.224
1.224
0
0.1
0.1
0.4
1.224
0.2
0
2.548
0.5
0.4
1.224
2.548
0
0.2
0.3
0.2
1.524
3.148
0
1.424
0
0.2
1.224
1.224
0
0.1
1.224
1.224
0.3
0.3
0
0.1
0
1.424
1.224
1.424
0.4
1.224
0
0.5
0.1
1.224
0
0.1
0
1.424
0.3
1.1
0.3
0
0.7
1.924
0
1.224
0.5
0.2
0.5
1.224
0.2
0.6
1.224
0
1.224
0.5
0
0
1.224
1.424
0.2
1.224
1.224
1.224
0.1
1.524
0.2
0
0
0
1
0.2
0.3
1.724
0.5
1.224
0
1.224
0.1
0.8
0
1.224
1.224
1.424
0
0
0
1.224
0.2
1.224
0
1.224
2.424
0.1
2.448
0
0
0.1
1.524
1.224
0.1
1.224
0
0.5
0.6
1.224
0
1.424
1.224
1.624
0
1.424
0.1
1.324
1.724
1.324
0.3
0.3
0.3
0.6
1.224
1.324
1.224
0.1
0.1
0.5
1.424
0.2
0
0.3
0
0
1.624
1.224
1.224
1.224
1.324
1.224
3.048
0.8
1.524
1.324
0
0
1.224
0
0.1
0
0
0
0.1
2.424
0.3
0
1.224
0
0.2
0.1
0
1.424
0.2
0
0
0.2
1.224
0.7
0
2.448
0
0.2
0
0
2.448
0
1.424
0
0
0.1
0.2
0.1
0
0
1.224
1.224
0.4
1.324
0.2
0.9
0
0
2.224
0.4
1.224
0
0
0
1.324
0
0.1
0.1
1.624
0
0
1.324
1.524
0.1
1.224
0
0
0
0
0
0.2
0.1
1.224
1.224
0.4
1.224
1.424
0.7
0
0.2
1.224
1.224
1.224
0.3
0.1
0
0.3
0
0
0.1
0.4
0
1.524
0
1.424
1.224
0
0.1
2.448
1.224
0
0
0
0
1.724
0
1.224
0.3
1.924
0.4
1.324
1.324
0.6
1.224
0
0
0.1
1.524
0
0.1
0.3
0
0
1.324
0
0.4
1.224
0.4
1.224
0
0
1.424
0.1
1.524
1.224
0.2
0.1
0.2
0.2
1.224
0.2
2.548
0
0
1.224
1.324
0.1
0.3
0.3
0
0
0.1
0
1.224
1.224
1.224
0
0
0.1
0
1.5
0
0.2
0.2
0
0.3
1.324
0.1
0.6
0.1
1.324
1.224
0.4
1.324
0.2
0.3
0
1.224
1.224
1.224
1.224
0.3
1.324
1.224
0
0
1.224
0.9
2.424
0.2
0.1
1.524
1.224
1.224
1.224
0
0
0
0.2
1.324
0.7
1.624
1.224
1.224
0
1.224
0
0.2
0
0
1.224
1.424
0
1.224
1.224
0.2
0.1
0.3
2.448
0.8
0.2
0.2
0
0
1.424
0
1.224
1.224
0.3
1.724
0
1.324
0
0.1
0
0
1.424
2.448
0.2
0.1
1.224
0.1
0
0
0
0
0
0
0
0.1
0
1.224
0
0.3
1.324
0.2
0
1.224
1.224
1.324
1.224
1.224
1.324
0.2
1.224
0.1
0
1.224
0.1
1.224
0.1
1.224
0.1
0.2
0.3
1.224
1.224
0.1
1.224
1.224
1.224
1.224
0.7
0
0
1.224
1.724
1.324
0.1
0
0
1.624
0.1
0.1
0.3
1.524
1.224
1.624
1.224
1.224
1.224
1.324
1.424
0
0
0.5
3.448
1.324
0
0.1
0
0
0
0
0.1
1.224
0
1.524
0
1.224
0.2
0
0.2
0
0
1.224
0.1
1.224
1.324
1.324
1.324
0.2
1.224
1.224
1.224
0.5
1.524
0
2.448
0.1
0
1.224
1.224
1.424
1.224
1.424
0.2
0
0.1
2.648
0
0.3
1
0.2
1.224
0
1.224
1.724
1.224
1.824
1.324
1.524
1.324
0.7
1.324
0.1
1.224
1.624
1.624
0
0.1
0
0.1
0
0
0
1.324
0
0
0.5
0
0.5
1.624
1.224
1.224
1.224
0.1
1.224
1.224
0
0.6
1.524
0.3
0.2
0
1.524
0
1.224
0
0.1
0
1.224
1.524
1.224
0.1
1.624
0
0.1
1.524
1.324
1.324
0.2
0
1.224
1.224
1.324
0.1
0.2
0
0
0
0.1
0.3
1.424
1.324
1.424
1.624
0.5
0
0.1
1.1
0.4
0.3
1.324
0
0
1.224
1.424
0.1
1.224
1.324
0
0.8
0
2.024
1.836
1.224
0.2
1.924
0
0.1
0.1
0.2
0
1.324
1.624
0.2
1.224
1.324
0
1.224
1.324
0.1
1.224
1.924
0.1
1.724
1.524
1.224
1.224
0.1
1.224
1.224
0
0
0
1.224
0.7
1.324
0.3
0.1
1.224
0.1
0
0
0.1
0.2
2.1
0.1
0
1.224
0
0.6
0.2
0.4
0
2.224
1.424
1.324
0
1.224
1.324
0
2.024
1.224
2.124
0.2
1.624
1.224
1.424
1.624
1.724
0
0
2.324
0.2
0.3
0.1
2.948
1.324
0
1.824
0.5
1.424
1.224
0.2
1.324
1.624
1.324
1.424
1.224
0
1.224
1.524
1.324
1.2
0.1
0.1
1.224
0.1
0
0.8
1.524
0
1.224
1.524
1.424
1.324
1.324
0.1
0.1
1.624
1.624
1.224
1.424
0
1.724
0.2
1.424
0
1.224
1.524
1.324
1.724
0
0
0.2
0.1
0
1.524
1.524
0
1.424
1.524
0.2
0
1.324
2.748
2.548
0.3
0.5
0.2
1.224
0
1.324
2.448
0.1
1.224
0
1.324
1.224
1.224
1.224
1.524
0.1
0
0
1.324
0.3
0.4
1.524
0
1.3
1.224
1.324
0.1
2.024
1.524
1.424
1.424
1.4
2.648
0.1
0
0.2
0.3
1.624
1.324
0.1
0
1.324
1.224
0
0.1
1.224
1.324
1.224
2.448
0
1
0
1.824
0
0.4
1.324
1.324
1.724
0.3
2.024
1.424
0
1.324
2.124
0
1.324
0.1
1.224
0.2
0
1.524
1.524
1.524
2.124
2.848
1.224
0
1.624
0
0.2
0.5
0
1.824
0.1
0
0
0.2
1.424
0
1.324
1.224
0.1
0.1
0
1.224
1.224
1.624
0.1
2.224
2.648
2.748
1.324
0.2
0.1
0
0.1
2.624
0.8
1.324
1.224
1.724
0
1.224
0.1
1.524
0.6
0.2
1.224
1.424
1.224
2.548
2.648
1.424
1.224
1.424
1.424
0.9
1.924
1.224
1.324
0
1.224
0.1
1.924
0.1
0
1.424
1.324
0.1
1.324
0.1
0.7
2.648
0.5
1.324
0.1
2.648
1.324
0
1.424
0
0.1
0
0.1
0.1
1.224
1.724
1.224
1.624
1.224
1.424
2.424
0.9
1.424
2.024
0
1.424
1.224
0
2.324
0.1
1.224
2.448
0.2
1.324
1.224
0
1.524
1.324
1.324
2.448
0.3
1.524
0
1.524
1.324
0
0
1.224
0.3
2.324
1.424
1.424
1.224
1.324
2.024
1.524
0.1
1.724
0
1.324
1.224
1.624
1.924
0.2
1.224
1.324
0.2
1.424
0.2
1.524
1.624
1.224
0.1
0
0
0
1.224
1.424
0.2
0.2
0
1.524
1.224
0
0.1
0.1
0.2
1.724
0
1.924
1.224
1.224
1.224
0.1
1.524
0
1.224
0
0
1.224
1.224
0
2.448
1.824
0.1
1.324
1.624
1.324
1.424
1.324
1.424
0
2.124
1.324
0.1
1.224
0.1
1.424
0.7
1.924
1.624
2.448
1.424
1.324
2.024
0
1.424
1.524
1.624
0
2.824
0.4
2.524
0
1.224
1.624
1.324
1.724
1.324
0
0.7
1.224
0.1
0
1.324
0.2
0.3
2.748
0
0.1
1.324
1.424
1.224
1.224
1.324
0
1.524
1.724
3.424
1
1.324
1.524
0
1.324
1.224
0
0.3
0
0.1
1.224
0
0.2
1.424
0.3
1.324
0
2.324
0.1
1.224
0.7
1.324
1.424
2.924
1.624
1.324
2.948
0.4
1.224
0
0
3.148
1.224
1.224
0.3
1.324
0
1.424
0
2.448
0.7
0.1
0.1
0.2
2.648
1.224
1.324
1.324
1.224
1.224
1.524
0.5
0.8
0
1.324
1.224
0
0
0.1
1.324
1.224
2.724
1.324
1.424
1.424
0
1.524
1.324
0
1.324
1.924
1.324
1.324
0.2
0
1.324
0
1.924
1.324
1.224
0.7
1.2
1.224
2.448
2.424
0.1
1.224
0
0
0.2
1.324
1.224
0
1.524
3.424
0
1.224
0
1.224
0.1
1.324
0.1
1.224
1.524
0
1.224
1.224
2.024
1.624
0.1
1.424
1.224
0.3
0
1.324
1.224
1.224
2.448
0
0
1.324
0
3.448
1.4
1.324
1.424
0.5
0
0.1
1.424
0.3
1.324
0
1.224
0
0.3
0.6
1.224
1.624
1.724
1.424
1.224
1.924
0.1
1.424
1.524
0
0
1.324
0
1.524
2.848
1.924
1.524
0
0
1.424
1.624
1.224
0.5
1.324
1.224
1.424
1.524
1.424
1.724
2.524
0.1
1.624
1.324
1.224
1.224
0
1.424
0
0.1
1.924
1.324
0
1.224
1.224
0.1
1.424
1.224
0
1.224
1.224
0
1.324
0.3
2.548
3.748
1.524
1.224
0.1
1.624
1.5
1.224
1.224
1.424
1.8
0
0.1
0.2
0.4
1.724
1.324
0.3
1.324
0.1
0.2
1.924
2.224
0.3
0.4
0
2.224
0
1.224
0
0.1
0.2
1.824
0.2
1.324
1.524
0.1
0
0.2
1.224
1.224
0.2
1.924
0.3
1.224
0.2
3.3
1.424
1.424
1.424
0.1
1.624
1.4
1.6
1.224
1.324
0
0
0.7
2.648
1.324
1.824
0
0.3
0.1
1.224
0.4
3.124
1.424
0
0
1.324
2.124
1.224
1.724
0.2
1.324
0
0.7
0.2
0.4
1.224
0.1
1.824
2.024
0.1
1.424
0.1
1.524
1.324
1.224
1.324
2.224
0.6
1.324
1.624
1.324
1.224
2.448
1.524
3.448
1.324
1.224
1.824
2.324
1.424
1.324
1.324
1.424
0.6
1.224
1.524
2.124
2.324
0
1.424
0.1
2.848
1.224
0
1.224
1.4
1.824
1.224
1.824
1.924
1.936
2.336
1.836
2.536
1.836
3.46
0
1.424
0
0.3
1.224
0
0
2.436
1.224
2.648
1.224
0.3
1.924
1.424
1.224
1.224
2.124
1.224
1.5
0
1.224
1.224
1.224
1.224
0
1.224
0.2
0.4
0.2
0.1
1.224
0
1.324
0.1
1.224
2.1
0.2
1.224
0
1.2
0.2
4.048
0.7
2.448
2.824
0.1
0
1.424
0
0
0
0.4
1.224
2.648
0
0
1.824
1.224
0
0
0
0
0
0
1.524
0.2
0
0.1
0
1.224
1.324
0.1
1.224
1.724
0
0
1.324
1.224
0
0
0
0.7
1.224
1.924
1.524
1.224
1.224
1.224
0.3
0.1
1.224
0
0.1
1.624
1.924
0.1
1.324
1.224
1.224
1.524
1.324
0
1.224
1.324
1.224
1.224
0.2
4.024
1.524
1.324
2.324
0.8
1.624
