1.3
0.6
5
1.3
1.624
1.724
1.724
1.224
1.624
1.224
1.424
1.324
3.148
4.124
5.224
0
1.324
0.1
0.1
0.2
0.2
0.4
0
0
0.5
0.2
0.8
0.6
0.2
0.1
0
0
6.6
0.1
1.624
1.8
0.1
0
0.2
0.8
0.3
4.7
0
0.3
0.4
0
1
2.624
0.7
0.5
0.1
0
0.7
1.324
0.1
0.2
1.424
1.524
0.3
1.8
6.324
3.024
0.3
3.2
2.4
1.5
1.324
1.824
0.8
7.024
1.2
3.524
2.024
0.3
7.2
2.9
1.324
0.3
1.224
0.1
2.9
1.424
0
1.524
0.1
1.324
1.224
0
0
3.924
0.2
0
1.424
1.324
1.224
0.8
0.9
1.324
0.3
0
0.3
3.024
3.924
0
0
0.1
0.1
3
1.324
0.5
2.024
1.524
0
1.224
0.4
1.7
0
1.624
0
0.2
10.724
0.2
0.2
2.624
1.624
0
0
0.2
0.1
3.024
1.4
0.1
1.524
0.3
0.9
0.9
0.7
1.524
0.9
2.3
0
1.324
1.224
1.3
1.224
1.324
0.6
1.624
0.2
1.524
0
0.2
0.7
0.3
1.7
1.6
2.024
0.2
3.8
0.2
0.2
1.324
0.1
1.324
0.5
1.624
0.2
1.424
0.6
9.4
1.324
2.724
1.324
0.1
1.324
1.7
1.324
1.224
0.2
1.1
0.9
2.524
1.524
2.948
3.224
3.948
3.824
2.548
2.848
2.548
2.224
1.524
1.824
4.348
3.248
2.024
1.424
1.924
0
1.4
2.124
0
0
1.724
3.9
1.224
0
0.9
0.3
0.3
0.1
0.7
1.5
1.224
0
12.024
0
5.424
0
1.224
1.224
0.2
3.9
0.1
0.1
0.8
0
0.2
1.6
1.224
0.7
0
1.424
0
0.2
0
9.924
0.2
0
1.7
0
2.1
0.6
0.1
1.324
0
1.424
1.224
0.1
4.2
0
1.624
1.324
1.224
0.2
0
1.324
2.824
0.3
0.7
0.2
1.224
0.4
0.9
0
1.224
2.1
0.1
0.1
0
0
0.3
0
0
5.024
0.1
0
1.724
1.224
1.224
1.224
1.224
2.124
0
1.624
0.1
0
0
1.324
0
0
0
1.224
5.024
0.1
0.1
0.2
0.5
1.724
0.1
0.7
1.324
0.7
1.5
0.3
1.224
2.924
2.324
0.1
2.124
1.824
1.324
1.724
0
0
0.5
0
0.3
0
0.8
0
0.6
1.7
1
2.424
0.1
1.324
0.2
0.2
1.224
3.7
1.524
0.2
1.1
0
1.224
0
0
5.3
0.1
1.324
0
8.824
1.924
1.8
1.3
0.4
0.5
2.1
1.424
0.1
1.724
5.924
12.124
0.1
0.2
0
1.524
0.2
4.148
1.724
0.2
0
0
1.224
0.3
0.2
0
0
0
0
0.1
0.3
0.1
0.1
1.224
4.524
0.1
0.1
0.5
1
2.7
0
1.224
0
0.2
0.1
1.4
0.2
0
0.2
0.3
5.7
1.224
1.2
1.424
0
0.3
0
0.1
0.3
0.4
0
2.224
1.224
0
1.224
1.224
1.1
0.1
4.5
1.5
1.924
0
0.5
1.624
0.4
0.1
1.424
1.824
0
0.1
0.9
2.5
0.3
0.4
0.2
1.224
1.6
0.6
1.424
2.024
0.3
0.8
1.2
1
0.3
5.024
0.4
0.8
0.1
0.5
1.224
0.1
0.4
0
1.224
1.224
0.8
0.4
0.6
0
0
2.624
1.224
0.1
0.9
1.324
0.2
2.2
0.7
1.424
0.3
1
0.2
1.324
0.7
5.5
2.5
0.1
2.1
4.8
0
0.6
1.4
1.4
1.6
1.224
0.9
0.9
1.524
0
0
0.3
0.7
0
1.224
1
0.5
1.324
0.1
1.224
0.4
1.824
0.2
0.1
0
0
1.3
0.2
0.3
1.624
1.2
0
0.3
1.324
0
2
0
1.224
0
1.924
0.3
0
0
1.424
0.4
0.4
0.2
1.224
7.124
0.2
1.224
0
0.1
1.3
3.024
1.224
0
0
0.1
1.4
1.7
0
0.1
1.324
0
0.9
0.1
1.5
1
1.224
1.524
0.2
0.6
0.2
1.6
1.5
1.524
0
0
0.4
0.2
0.3
0.3
0.7
0.1
1.2
0
0.2
1.924
0.1
1.324
1.224
2.424
0
2.524
1.1
0.5
0.1
0
0.6
1.224
0.4
0.2
0.1
0.2
0
0
4.3
0.9
0.1
1.424
0
0
0.1
0
0.1
0.1
0.1
0.3
0.2
1.224
0.9
0
1.224
0.2
0.5
0.1
0
1.224
0.3
1.724
0
0.2
0.1
1.2
0.2
0.1
0
0
1.724
1.8
1.424
0
2.2
0.4
0.1
5.9
0.7
0
0.3
0.4
0.3
1.524
0
0.5
0.3
0.6
0
0
1.324
0.1
0.6
1.324
0.2
0.1
0.3
0
0
0.4
0.3
0
1.224
0.4
0
0.1
1.7
0.1
0.5
1.324
0
0.2
1
0.5
0
0.4
0.1
0
0.5
2.2
0.3
1
0.2
1.324
1.324
0
0
1.724
0
0
0
0.2
0.1
1.724
0
1.224
0.7
1.1
1.2
0
0.1
1.8
0
0.1
0.1
0
1.724
0
0.7
0.9
0
0
1.324
0
0.3
1.224
1.6
1.224
0
0
0.2
0.1
2.324
1.224
0.6
0.1
0.7
0.2
0.2
0.3
1.224
0.2
0.3
1.224
0.5
0.2
0.9
0.3
0.1
0.3
0.6
0.5
1.224
0
0.2
0.2
0.1
0
0.2
6.1
0
0.6
0.2
0
0.1
1.324
0
1.4
0.6
1.1
1.524
1.1
2.024
0.3
0.4
0
1.324
0.4
1.224
0.7
1
2.124
1.324
0.4
0
1.324
8.4
2.4
0.4
0.5
1.724
1.424
1.224
0
0.1
0
0.1
0.3
1.524
1.2
1
0
1.224
0
0
0
0.5
0.1
0.1
0.2
0.1
0.2
0.1
1.224
0.1
0.1
0.9
1.224
0.8
1.8
0.4
0.6
0.1
2.124
0.2
0.4
1.324
0.7
6.024
0.2
0.1
0.1
0.1
0.1
0
2.524
1.224
0.3
0.1
0
1
0.1
0.2
0.2
0
0.3
0.1
0
0.4
0.4
1.424
0.1
0
1.224
0.3
0.2
0
0.2
0.1
1.224
1.324
1.624
0
0.2
0.1
0.2
0
0.4
0
0.1
1.624
0.3
0.5
0.3
1.224
1.624
0
0
1.424
1.224
1.224
0.8
0.2
0
0.2
3.224
1.624
0.2
0
0.2
0.2
0.3
0.1
1.5
1.3
0.1
3.124
1.224
0.1
1.224
0.3
1.324
0
0.4
2.2
4.624
0.2
0.2
0.1
0
0.4
0.3
0.3
0.1
0.1
0.1
1
0.1
0.3
0.8
0
0.7
0
0.3
1.224
0
1.324
1.424
0.3
0.1
0.1
1.424
1.224
2.024
3.2
1.824
0.5
1.224
0.8
0.1
0
1.224
1.5
1.424
1.3
0.3
0.2
0.5
1.624
0.1
1.1
2
0.3
1.224
0
1.224
0.6
1.324
4.3
1.524
3.424
2.024
1.1
1.624
0.4
1.224
2.624
1.424
0.4
0.7
0.2
0
0
0.3
0.1
1.224
0
0.2
0.5
0.2
0.6
4.024
1.324
1.624
1.224
0.1
0
0.2
0
0.6
2.424
0.2
0.5
0.3
3.924
0.2
1.224
0
0.2
0.5
1.224
2.024
1.724
1.324
3.124
1.924
0.2
1.724
1.524
2.324
0
0.1
1.224
1.324
1.224
0
0.7
0.2
0.2
0.2
0.2
2.3
1.724
0
0.1
2.424
1.1
0
0.7
3.6
1.4
1.7
0.1
0.1
0
2.024
2.224
0.6
1.324
1.224
0
4.5
0
5.124
0.1
0.2
0
2.624
0.1
2.1
0.2
0.4
0.9
0.2
3.424
0.6
1.424
0.1
0
0
0.2
0.5
0.1
6.424
0.1
1.5
0.5
0
1.324
1.4
1.224
2.448
0
0
0.1
0.3
1.4
2.124
1
0.3
0.2
0.3
0
0
0.2
0.6
9
0.7
0.5
0.3
0.2
4.2
0.2
0.4
0.1
3.3
0.5
2.324
0.1
0
1.524
1.224
4.324
1.624
3.824
1.424
1.324
1.424
2.648
1.624
3.148
1.624
1.424
2.924
1.724
2.324
1.224
3.248
1.624
1.224
3.348
2.724
3.448
2.848
1.524
2.648
3.348
1.724
1.924
2.548
1.224
1.624
2.124
1.224
5.424
1.624
1.724
2.448
2.024
1.224
4.224
2.848
1.224
2.548
2.324
3.048
2.548
2.548
1.424
1.424
5.748
1.524
1.324
2.648
1.224
5.048
1.324
1.324
1.324
2.648
2.748
2.648
2.524
1.324
1.224
4.024
1.524
1.424
2.948
4.548
1.324
1.824
2.024
1.424
1.224
1.724
3.448
2.648
1.824
1.924
1.724
2.448
1.624
2.648
2.448
1.524
2.548
1.224
2.924
2.548
1.224
2.548
2.224
1.624
1.624
1.924
1.524
2.524
3.824
2.824
1.224
4.324
1.224
1.224
1.624
2.524
2.748
4.248
2.648
5.624
3.748
1.424
1.424
1.424
1.624
2.924
2.224
1.624
1.224
1.524
1.324
2.524
1.824
2.548
1.324
2.448
2.448
1.924
4.724
1.324
3.524
1.524
1.724
2.748
3.048
2.124
1.724
3.348
1.324
1.524
1.324
12.948
1.624
1.324
1.724
2.448
1.924
1.424
3.148
3.648
2.024
2.524
2.548
1.324
1.424
1.824
1.824
1.724
4.024
1.324
3.948
2.124
1.324
1.224
1.824
1.324
1.224
1.224
1.224
1.324
1.624
1.324
2.548
2.848
3.748
1.824
2.524
3.848
3.548
1.624
2.024
1.224
1.424
1.224
27.748
3.824
1.324
2.448
2.948
1.424
2.748
1.924
3.048
2.324
3.324
1.324
2.948
1.724
2.848
3.248
1.324
2.548
1.624
1.324
2.324
9.048
2.448
1.524
1.224
2.548
1.924
2.424
1.324
1.424
2.748
1.624
2.024
2.548
1.424
2.324
3.248
2.424
1.724
1.524
2.848
2.648
1.224
1.824
1.324
1.424
1.224
1.524
2.824
2.548
1.724
1.424
3.324
1.224
1.824
3.124
3.724
1.324
3.048
1.724
4.548
2.448
1.224
4.724
1.624
1.424
2.548
1.224
2.848
2.448
1.224
3.548
1.624
3.048
2.648
2.224
1.624
1.224
3.224
2.548
1.324
1.324
2.548
1.724
4.024
3.048
1.924
1.324
2.648
2.424
1.224
1.624
4.048
1.224
1.324
3.348
2.524
4.048
1.324
1.524
1.524
1.724
1.424
1.824
2.024
1.924
2.548
1.624
1.824
1.324
1.224
2.648
3.548
1.424
1.824
1.324
1.724
2.548
1.524
1.524
1.724
1.424
2.124
1.824
2.924
2.548
2.448
2.448
1.224
1.924
1.324
1.424
1.224
1.224
2.648
1.224
1.224
2.748
2.824
1.324
2.548
3.248
1.824
2.748
1.324
2.848
1.324
2.424
2.848
1.824
2.448
2.324
1.924
2.224
2.524
2.724
2.448
1.724
1.724
2.624
1.224
1.924
2.324
3.248
1.224
4.224
3.124
3.624
1.524
1.424
3.748
2.448
2.324
1.324
1.324
2.424
1.224
1.424
1.324
2.448
1.524
1.524
3.148
1.224
1.924
1.524
1.924
1.224
1.224
1.224
1.324
1.824
2.024
6.524
2.424
3.048
2.524
1.324
2.848
3.948
2.824
2.524
1.724
1.624
2.948
1.224
2.024
2.124
1.924
1.324
1.224
5.548
1.324
1.224
2.724
1.624
3.048
5.448
3.548
2.848
3.648
2.524
1.724
1.424
1.224
4.548
2.448
2.448
2.524
1.724
1.424
2.848
1.324
2.448
3.224
2.024
1.224
2.024
2.748
2.848
1.424
2.648
1.224
2.648
1.524
3.124
3.424
1.524
1.224
2.124
1.224
1.224
1.524
2.548
2.448
5.024
2.024
2.748
2.024
1.624
1.424
1.224
1.624
1.324
3.948
3.048
3.148
1.524
1.424
1.724
1.324
8.648
1.624
2.548
3.524
3.524
2.848
2.448
1.924
1.724
1.724
1.224
1.324
1.424
1.324
1.224
1.324
2.848
5.224
1.224
1.524
1.224
2.448
1.424
1.824
1.624
2.748
3.248
1.224
2.648
1.224
2.824
3.548
1.424
1.224
2.448
2.024
1.224
1.224
2.848
2.648
2.748
1.224
1.524
2.324
1.224
4.748
5.924
2.524
1.724
1.824
1.224
1.324
1.624
1.524
2.748
1.424
1.224
1.224
1.324
2.424
2.548
3.548
3.548
1.224
1.324
2.624
1.924
3.248
2.524
1.424
1.224
1.224
1.824
3.148
3.548
2.848
3.148
1.324
1.224
1.724
2.324
1.324
2.124
1.424
1.224
1.724
3.124
1.724
5.248
4.024
1.724
1.424
2.648
2.548
1.324
1.324
1.724
1.324
1.324
1.624
1.324
1.324
2.448
1.324
1.624
2.448
2.448
1.224
2.448
2.448
1.324
1.424
1.924
3.048
8.148
2.948
3.948
1.824
3.648
6.424
2.448
2.548
2.548
4.124
1.324
1.624
1.624
2.324
1.424
1.624
2.024
1.924
1.524
1.824
2.924
2.624
2.224
2.524
1.524
3.624
1.324
1.324
1.224
1.524
2.224
1.924
1.624
2.948
1.924
1.524
1.324
1.524
1.324
1.424
1.424
2.524
1.924
1.424
1.724
8.224
1.524
1.424
1.624
1.424
5.148
5.424
4.424
1.224
2.224
1.324
1.224
2.524
2.848
3.548
2.424
1.724
2.924
2.024
1.624
2.224
9.748
1.524
1.624
1.224
2.748
2.324
1.424
2.224
1.524
1.424
1.324
1.924
1.724
1.724
1.224
1.424
3.648
2.424
2.024
2.948
1.324
4.348
3.348
1.224
1.224
3.824
2.924
1.224
1.824
1.324
1.324
2.648
3.148
3.848
1.224
3.048
2.224
3.524
1.224
1.224
2.648
2.224
3.024
2.448
1.424
1.924
4.424
1.324
1.724
1.524
3.948
2.448
1.624
1.424
5.324
3.348
2.748
2.224
3.648
2.624
3.024
1.324
2.624
1.424
3.548
1.824
2.224
1.224
1.224
2.448
1.224
1.224
2.324
2.648
1.524
0.2
0.3
1.4
0.2
0
0.3
2.9
1.224
8.5
0.3
0.4
0
1.324
1.224
0
0.2
0.2
0.8
0.1
0.8
1.224
0.1
0.3
0.2
0
8.7
0.2
1.224
0
3.1
1.2
8.524
2.4
1.224
7.4
0.6
0
0.3
0.1
0
0.1
0.6
1.224
1.224
0
0.1
0.7
1.224
0.1
0.1
0
0.8
0.8
0
1.924
0.2
0.1
0.8
0.1
1.624
0
0.5
0.2
2.924
0
0
0.4
1.224
0
0
0.6
2.7
0.2
0.7
1.4
0.1
1.224
1.224
0.3
0.1
1.324
0.9
0.3
0.5
0.6
0.4
1.324
1.224
1.324
1.524
2.324
0.1
1.224
1.624
0
2.548
0.9
8.3
0.5
0.2
1.8
4.1
1.2
