0.6
1.724
2.5
1.524
0.3
2.324
2.848
2.448
1.424
2.448
3.448
1.224
1.724
4.348
3.648
1.224
0
1.224
1.224
1.624
0.2
0.2
0
1.224
1.924
1.224
1.324
0.4
1.224
0
1.224
0
2.4
0
0.6
0.2
0
0.1
0.2
1.5
0
2.1
0
0.1
0.1
0
0.4
0.3
0.9
0.1
0
0.2
1
0.1
0
0.1
0
0.1
0.3
0.8
1.6
0.4
0.1
2.624
0.5
0.7
0
0.4
0.2
1.4
1.1
0.6
0.2
0.1
1.8
2.724
0
1.824
0.1
0
0.5
0
0.1
0.1
0
0
0
0
0.1
2.824
0
0
0.1
0
0
0.4
0.4
0
1.324
1.424
0.3
0.8
0.4
0.1
0
0.2
0
2.2
0
0
0.5
0
0.1
0
0.1
0.4
0
0
0
0
3.3
0
1.424
0.8
0.2
0
0.4
0.2
0.1
0.9
0.5
0.2
0.6
0.1
0.2
1.3
0.1
0
0.5
0.5
1.424
1.324
0
0.2
0
0.1
0.3
0.2
0.1
0.1
0
0.1
0.1
0
1.1
0.2
0.2
0.6
0.7
0.1
0.2
0.1
0
0
0.3
0.1
0.1
0.3
0
4.424
0
1.2
0
0.3
0.1
0.9
0
0.1
0.1
0.7
0.5
0.8
2.448
1.324
1.724
1.624
1.924
1.324
1.524
1.224
3.148
1.824
1.324
2.224
1.224
1.324
1.224
1.224
0
0.6
0.5
0
0
0.3
1.9
0
0
0.8
0.4
0.1
0
0.3
2.824
0
0
2.4
0.1
3.124
0
0
0
0.1
0.8
0.1
0
0.3
0
0
0.3
0
1.524
1.224
0
0
0.1
0
2.6
0.2
0
0.2
0
0.7
0.1
0.1
0
0.2
1.224
0
0
3.724
0
0
0
0
0
0
0.1
0.3
1.524
0.3
0.1
0
1.424
0.2
0
0
1.924
0.1
0.1
0
0
0.2
0.1
0
0.9
0
0.1
0
0.2
0
0
0
0.4
1.224
0.1
0.2
0
0
0.1
0
0
0
0
1
1.224
0
0
0
0.2
0
1.424
0
0
2.324
1.524
0
0.5
0.5
1.224
0.2
0.3
0
0.2
1.224
1.224
0
0
0
1.224
0.1
0
1.424
0.4
0.8
0.5
0
0
0.2
1.324
0
2.924
1.324
0
1.924
1.324
0
0
1.224
1.4
1.324
0
0.1
2.4
0.4
0.2
0.7
0
0.2
0.5
0.2
0.1
0.1
1.3
2.7
1.424
0.2
0
0.2
1.224
1.924
1.524
1.224
0.1
0
0
1.324
0.1
0
1.324
0
0
0
0.1
1.224
1.224
0
0.8
1.224
1.224
1.624
1.424
2.924
0
0
1.224
0.5
0.2
0.4
0.1
0.1
1.324
1.424
3.524
0
1.624
1.224
0
0.5
0
1.224
0
0
0
0.2
0
0
0
0
0.3
0
3.424
0.6
0.3
0
1.324
0.1
0.6
1.224
0
0
0
1.324
0.6
3.324
0
0.4
1.324
0.2
0.8
0.5
1.424
0.4
0
0.6
0.3
1.824
0.1
0.8
0
1.324
1.224
1.424
1.424
0.1
1.324
0.1
0
0
0.5
0.2
1.524
0
1.324
0.4
0
0.1
1.724
0.1
0
2.624
0.3
0
0
0.6
1.524
0.1
0.3
1.9
1
1.224
0.8
1.1
0
0.2
1.924
0.3
1.824
0
0
0.3
0
1.324
0
0.3
1.224
0
0
1.724
2.024
0
0
0
0
0.1
0.1
0
1.224
0.1
0.8
0.1
1.324
0
0.2
0
1.324
0.2
0
1
1.224
0
0
0.3
0
0
0
0
1.724
0.1
1.224
0.1
1.4
0
0
0
1.224
0.3
0.5
0
0.1
0
0
1
1.1
0
0.1
0.1
0.1
0.2
0
0.3
1.924
0
1.624
0.1
1.624
0.2
0.4
1.724
0
0
0
1.824
0
0.2
0.1
0.2
0.1
0.4
0.1
0.1
1.424
0.1
0
0
0.2
0
0.4
0.6
0.3
1.424
1.224
1.424
0
1.424
0
0
0
0
0
1.3
0.4
0
0
1.224
0
0
0
0.3
1.324
0
1.424
1.524
0.1
0.5
0
0
0
0.1
0.2
0
0
1.224
1.224
1.224
0.2
1.624
1.624
0
1.224
1.224
0
0.2
0.8
1.224
1.424
1.2
0
0.2
1.5
2.124
0
1.424
0.1
0.2
0
1.224
1.424
0.3
0.3
0
1.324
0
0
0
0.1
0.4
0
0
0
0
1.324
0.4
1.224
0
0.1
0
0.1
0.9
1.324
1.624
0
0
0.1
0.1
0.2
0
1.724
0
1.224
1.724
0.8
0
0.3
0.1
0.3
0
0
0.1
0.4
0
0
0.2
0
0
1.424
0
1.224
2.424
2.324
0.4
0
1.324
0.6
0
0
1.224
0
2.024
0
2.024
0.3
0.1
0
0
0
0.3
1.324
0.4
0
0
0.1
0.1
1.324
0.2
0.1
0.2
0.2
0.4
0.5
0
1.524
0
0
1.224
0
0
1.524
0.7
1.524
1.324
1.324
0.2
0
0
0
0
0
0
1.324
0.1
3.124
0
0.7
0
1.324
0
0
0
0.2
1.724
0.1
0.4
0.4
0.2
0
0.3
1.324
0
0.1
0
0.1
0.6
0.4
0
0
0
0
4.524
1.3
1.524
0
2.724
0
0
0
0
0.1
1.224
0.1
0
0.4
0.2
0
1.224
0
0
0
1.524
0.2
0
1.324
1.324
0.1
0.1
0
0
0.1
1.424
0.1
2.324
0.6
0.3
0.2
1.224
0.1
0
0.1
0.1
1
1.2
1.424
0
1.224
0
0
0
0.4
0
1.624
0.1
0
0.3
0
1.224
0.1
1.224
0
0
0
0.3
1.224
0.2
1.224
0
0
1.424
0
0
0
1.224
0
0.1
0
0.1
1.224
0
1.324
0.1
1.524
0
0
0
1.224
0.6
0.1
0
0
0
0
1.224
0.2
0
0.3
0
0.1
0.1
0.6
0.1
0
0
0
0.4
0.3
1.424
0.4
0.7
0
0.6
0.1
0
0
1.524
0
0
0.1
1
1.4
0
0.2
0
1.224
0.2
0
0.2
0.3
0
0
0.3
1.224
0.1
0.3
1.224
0.3
0
1.324
0
1.224
0.1
0.1
0.1
0.1
0.1
0
0
0.2
2.824
0.2
0.1
0
1.424
0
0
0
0.4
1.224
0.9
0.6
0.2
2.024
0.1
1.224
1.924
2.024
0.3
0
1.224
0.1
0.6
0
1.1
0.2
2.024
0.1
0.5
0
1.224
0
1.524
0.1
1.324
1.424
0
0
0
0.3
0
0
0
0.1
0.1
0
0.1
0.7
0
0.3
0
0.1
0
1.324
1.224
0.1
0.8
1.424
2.024
0.1
2.824
1.324
0
0
0.2
0.1
1.224
1.624
1.724
1.224
1.824
1.224
0.2
0.1
0
0.2
0
0
0
0.1
0
0.2
0.5
0.3
0
0.2
0.1
0.4
0.1
0
0
0.6
0.2
0
0.2
1.6
0.6
0.9
1.224
1.224
0
0.3
0.8
0.1
0
0
0
4.224
0.1
0.5
0.3
0
0.2
0.2
0
0.2
0
0.1
0
0.1
0.4
0.1
0
0
0.1
0
0.1
1.424
0
2.724
0.1
0.6
0.1
0
0.1
0.3
0
2.448
1.224
0
0
1.624
2.124
0.3
0.3
0
1.324
1.724
0
0
0
0.1
3.4
0.1
0.1
0.3
0.1
3.924
0.2
1.724
0.1
1.3
0.1
0.2
1.324
0
0
1.224
2.324
1.724
2.624
1.324
1.324
2.548
1.224
1.424
1.624
1.224
1.224
1.824
1.324
1.524
2.848
1.424
2.548
1.424
2.224
1.724
1.824
1.524
3.048
1.524
1.424
1.724
1.624
2.548
1.224
1.324
3.748
1.324
2.524
3.448
1.624
1.324
1.724
2.448
1.924
1.724
1.224
1.224
1.624
1.424
1.224
1.424
1.224
1.224
1.824
1.424
1.324
1.224
2.448
2.224
1.624
1.324
1.324
1.424
1.424
1.524
1.724
1.324
1.224
1.824
1.424
1.224
1.324
1.624
1.224
1.424
1.524
1.324
1.224
1.524
3.448
2.948
1.424
1.424
1.324
1.224
1.224
1.424
1.224
1.424
1.324
1.224
1.924
1.324
1.224
1.224
1.424
1.424
2.548
1.424
1.324
1.524
2.124
1.824
1.224
2.924
1.224
1.224
1.224
1.824
1.624
1.924
1.624
7.148
1.724
2.748
2.548
3.348
1.324
1.424
3.648
1.524
1.324
2.648
2.648
1.724
1.524
1.324
1.524
1.224
1.224
1.524
6.648
1.224
2.324
2.648
1.224
1.324
1.724
1.524
1.624
1.724
1.324
1.424
1.424
4.224
1.424
1.524
1.424
1.224
1.524
1.224
1.224
1.524
1.524
2.224
1.624
1.324
1.224
1.524
1.224
1.624
2.024
1.224
1.824
1.724
1.224
1.224
1.524
1.724
1.224
1.424
1.224
1.324
3.248
1.324
1.324
1.424
2.124
1.324
1.824
1.724
1.524
2.224
4.248
2.548
2.848
1.224
3.824
14.448
2.648
1.224
2.824
2.448
1.224
1.424
1.924
2.224
1.724
1.324
1.224
1.324
1.624
1.524
1.424
1.224
1.524
1.224
2.124
2.424
1.224
1.624
1.324
1.224
1.424
2.124
1.424
1.224
1.424
1.524
1.424
1.324
1.424
1.624
1.624
1.824
1.524
1.324
1.724
1.324
1.224
3.248
2.648
1.424
1.224
1.424
1.924
1.224
1.624
1.324
1.924
1.324
1.424
5.548
5.748
2.548
1.824
1.324
2.324
1.224
1.224
3.624
3.448
2.748
1.224
1.224
1.424
1.424
1.224
1.224
1.524
1.524
1.224
1.424
1.324
1.224
1.524
2.448
1.224
1.324
1.224
1.324
2.524
1.424
1.524
1.324
1.224
1.724
1.524
1.324
2.424
1.224
1.324
1.424
1.524
1.724
2.548
1.424
1.324
1.324
2.748
3.548
2.324
1.624
1.424
2.748
3.148
1.224
1.224
1.224
2.024
1.324
1.424
1.624
1.524
1.224
1.224
1.224
1.624
1.724
1.724
1.524
1.724
1.424
1.224
1.224
1.324
1.824
2.548
1.224
1.224
1.224
1.224
1.224
1.224
1.724
2.124
2.648
1.524
1.924
1.524
1.324
1.424
1.324
1.324
1.924
1.324
1.524
1.224
1.724
3.248
1.724
1.724
2.024
1.224
1.424
1.724
1.824
1.424
1.424
3.948
1.824
1.224
2.824
1.524
2.924
2.648
1.224
1.824
1.224
4.148
1.224
1.224
1.924
1.424
1.324
1.224
1.224
1.724
2.848
1.524
1.324
1.224
1.424
1.724
1.224
1.224
1.224
1.224
2.848
1.424
7.648
1.624
1.524
4.648
1.224
1.324
2.024
1.824
1.824
1.324
1.524
1.424
2.548
1.624
1.524
3.848
1.224
1.224
1.924
1.324
1.224
3.424
1.224
1.624
4.324
1.324
1.224
1.624
1.524
1.524
1.224
1.324
1.624
1.224
1.324
1.724
1.224
1.324
1.624
1.224
1.224
2.224
1.324
1.424
1.524
1.524
1.224
1.224
1.424
1.224
1.224
1.424
1.924
2.224
1.324
1.324
3.348
1.224
1.324
1.224
1.624
1.324
2.324
1.624
1.524
1.224
1.524
1.224
1.224
1.524
1.324
1.724
1.224
1.624
2.748
1.324
2.648
1.224
2.324
1.224
1.224
1.824
5.348
1.224
1.224
1.324
1.424
1.224
1.224
1.224
1.524
3.148
2.448
1.224
1.424
6.048
1.324
1.624
1.224
1.324
1.224
1.424
1.324
1.424
1.424
1.224
1.224
2.648
2.224
1.524
2.548
1.224
1.224
1.824
1.224
1.324
1.424
1.324
1.424
1.224
1.324
1.524
1.224
2.924
2.824
3.248
1.324
2.848
1.424
1.224
1.524
3.048
1.224
1.224
1.324
2.448
1.424
3.948
1.224
2.324
1.324
3.148
1.224
2.124
1.624
1.524
1.724
1.224
2.448
1.224
1.624
1.724
1.424
1.524
1.824
1.324
1.224
1.324
1.324
1.224
1.824
1.824
2.448
1.624
2.924
1.524
2.024
2.924
1.424
1.424
1.724
1.224
1.224
1.224
1.324
2.548
2.448
1.824
1.324
1.324
1.224
1.324
1.724
1.224
2.548
1.424
1.224
1.524
1.224
1.424
1.524
1.624
4.024
1.624
1.524
2.648
1.624
3.224
1.424
1.224
1.724
2.024
1.224
1.624
1.324
1.624
1.824
1.624
2.224
1.524
1.324
3.048
1.624
2.124
4.248
4.048
1.524
2.324
1.224
1.424
1.224
2.848
1.524
3.548
1.524
1.424
3.748
2.548
2.448
1.224
1.324
1.324
1.324
1.724
1.624
1.424
1.224
8.848
1.624
1.324
1.424
2.748
1.524
3.324
6.248
1.224
2.024
1.224
1.224
4.448
1.524
1.824
2.124
1.524
2.324
1.924
1.224
1.424
3.524
1.324
1.424
1.224
1.324
2.224
1.424
1.424
1.224
1.624
1.224
1.524
1.224
1.824
1.224
1.224
1.724
2.748
1.424
1.624
1.224
2.024
1.524
1.224
1.324
2.324
2.024
1.224
1.424
1.224
1.324
1.324
1.524
1.324
1.224
1.224
2.124
2.624
1.224
1.324
1.324
1.624
2.024
1.324
1.324
1.324
5.748
1.224
1.424
1.324
1.624
1.324
1.324
1.424
2.224
1.524
1.324
1.524
1.824
2.224
1.724
1.224
2.424
1.224
1.624
1.224
1.824
1.224
1.324
1.324
1.224
2.448
1.824
2.448
0.2
0.1
1.924
3.024
0
0.1
1.724
1.2
0
2.2
1.624
0
0
0
0
1.224
0
0.1
1.824
0.1
1.424
0
1.324
0.1
1.424
0
4.024
0.1
0
0
2.924
0.3
1.2
0.8
0
2
0.2
1.224
0.1
0
0
1.224
1.524
0
0.1
0
1.224
0.1
1.224
0.1
0.1
0.2
0.2
2.324
0.1
1.824
0.1
0
0
1.324
0.1
0
0
0
1.724
0
0
0.2
0
1.324
0
0.1
2.224
0
0.2
0.2
0
0
0
0.2
0.1
0.2
0.6
0.3
0.2
0.8
0.2
0
0.1
1.324
0.3
0.1
1.224
1.224
0
0
1.224
0.2
4.6
0.1
0.4
1.6
2.624
1.1
