0
0.4
0.5
0.3
1.224
3.56
1.424
1.224
1.324
1.224
1.824
1.224
2.548
1.924
1.624
0
1.224
0
0
0
1.836
1.836
0
0
0
0
0
0
0
0
0
0
0.8
0
1.224
0.5
0
0.1
0
0.6
0
2.236
0
0
0
0
0.1
1.424
0.2
0.1
0
0
0.1
1.224
0.1
0
1.224
1.224
0
0.1
1.924
1.624
0
0.5
1.936
0.1
1.324
1.224
0
1.724
0.4
1.224
1.324
1.836
2.436
0.4
1.224
0.3
1.224
0
0
1.224
0
1.224
0
1.224
1.324
0
0
1.624
0
0
1.224
1.224
1.224
0.1
0.2
1.224
0
0.1
0.2
1.624
1.324
0.1
0
0
0
0.8
1.224
0.1
1.224
1.224
0
1.224
0
1.836
0
1.224
0
0
2.624
0
0.1
1.724
1.224
0
0.2
0
0
1.324
0.2
0
1.324
0.1
2.036
0.5
0.1
1.224
0
0.1
0
1.224
1.224
0.1
1.224
1.224
0
1.224
0.1
1.224
0
0
0
0
0.5
0.3
1.224
0
0.2
0
0
1.224
0
1.224
0.2
1.224
0
1.224
0
1
1.224
1.424
1.224
0.1
1.224
0.1
1.224
1.224
1.836
0.2
0
1.724
1.224
2.548
1.224
2.548
1.324
2.448
2.748
2.548
1.824
1.224
1.324
2.448
2.548
1.624
1.224
1.224
0
0.3
3.26
0
0
1.224
0.5
1.224
0
0.2
0.1
0
0
0.2
0.4
1.224
1.836
2.424
0
4.06
0
3.06
1.224
0
0.2
0
0
0.3
0
0
0
1.224
0.1
0
1.224
1.836
0
0
2.124
1.936
1.836
0
1.836
0.1
2.136
0
1.224
0
1.224
1.224
0
0.6
0
1.424
1.224
1.224
0.1
0
3.06
1.524
0.2
0.1
0
1.224
0
0.1
0
1.224
0.3
0
0.1
0
0
0.1
0
0
2.024
0
0
1.224
1.524
1.224
1.224
1.224
1.424
0
1.224
0.1
0
0
1.224
1.836
1.836
0
1.224
1.824
0
0
0
0
1.424
0
0.2
1.224
0.1
0.2
0
1.224
1.424
1.324
0
1.324
1.324
1.224
1.324
0
0
0
0
0
0
0
0
0.1
0.2
0.4
1.224
0
1.224
0
0
1.224
0.5
1.224
0
2.136
1.836
1.224
0
0
0.4
0.1
1.224
0
2.024
1.224
0.1
0.1
0.1
0
0.4
1.324
0
1.224
2.024
2.524
0
1.836
0
1.324
0
2.548
1.424
0
0
0
1.224
0.2
0
0
1.836
0
0
0.1
0.1
0
0
1.224
1.824
0
0
0.1
0.1
0.1
0
1.224
0
0.1
0
0.3
0.1
0
0
0
1
1.224
0.2
1.224
1.836
0.1
0
0
0
1.936
0
1.324
1.224
1.836
1.224
1.224
0
0
0.8
0.2
1.324
1.836
0
1.224
0
0
1.224
1.224
1.836
1.836
0.2
0.5
0
0
1.836
1.224
0.3
0.1
1.324
1.424
0
0
0
0.1
0
1.624
0.1
0
0
1.936
1.324
0.1
0
1.836
1.224
1.224
0.3
2.036
0.1
1.836
0
1.424
1.224
0
1.836
1.224
0
0.1
0
1.224
0
0.2
0.2
1.224
0
0.3
1.836
0
0.3
0.9
0
0.1
0.1
0.1
0.3
3.06
0.1
0
1.224
0
0
0
0
0
1.224
0
0.1
1.224
0
1.224
1.936
1.224
0
1.836
0
0
0.1
0.1
1.836
1.324
0
0
0
1.224
1.836
0
0
1.224
0
1.324
0.1
1.836
0
1.224
2.036
0
0
1.224
2.324
0
1.224
0
0.1
0
1.424
1.224
1.836
0
0
0.3
0.4
0
0.1
1.324
0
0.3
0
0.1
0.2
1.224
1.424
0
0.3
0
0.1
1.836
1.224
0.1
0
0.2
0
0
0
1.836
0
0.1
0
0
1.224
0
1.224
1.224
1.324
1.836
3.06
0
1.836
0.1
0
0.1
1.224
0.1
0
1.836
0
0
0
0.6
0.1
0
1.224
0
0
1.836
0
0.1
0
0.1
0.1
0
3.06
0.2
0
1.224
0
0
1.936
0
1.224
0
1.424
0
0
0.1
1.836
0.1
0
0
0
1.224
0.2
3.06
0.2
0.1
0
0
0.7
0.1
0
0
0.1
0.1
1.224
0
0
0
0.1
0
0
1.224
0
1.836
1.324
0.3
1.836
0
0
0
0.2
0
1.936
1.224
0.2
0
0
0
0
0.1
1.224
0
0
0
0
0
1.936
0
0
0.1
0.1
0
0.2
1.836
3.16
1.224
0
0
1.224
0
0
0
0
0
1.324
0
1.224
0.4
0.2
0.2
0
0.2
1.936
0
0
0
0
1.524
0
0.1
0
1.836
0
1.224
0
0.1
1.224
0
1.224
0
0
0
0
1.424
1.224
1.936
0.1
0.1
2.036
0
0.2
1.224
0.1
0
1.224
0
0.1
0
0
0
0.1
0.2
0
1.224
0
0
1.836
0
0
0
2.436
0
0
0
0.1
1.936
1.224
1.936
0.1
0.1
0.1
1.324
0.1
1.224
0
0.1
0
1.224
0
1.224
0
0.1
1.324
1.224
0
0
1.324
1.1
0.6
0.2
0
1.824
1.224
1.224
0
0
1.836
0
1.836
3.06
0.2
0
0
1.224
0
0
0
0
0
0
0.1
0
0
0
1.224
1.836
0
0
1.324
0.2
0.1
1.936
0
0
1.224
0
0
3.06
0.1
2.224
1.936
0.1
1.836
0
0
1.836
1.424
1.224
0.2
0
0
0
0
0.1
0.1
0
0
0
0
0
0
3.06
0
1.836
3.06
0
0
0
0
0.2
1.224
1.324
1.324
1.836
0.1
1.836
0
0
0.1
0
0
1.224
0
0.2
0.1
1.224
1.324
0
1.836
1.324
1.324
1.224
0.1
0
0
0
1.324
1.224
0
0
0
1.836
0.1
0
0
0.2
0
1.524
1.224
0
1.224
0.1
1.224
1.836
0
0.3
1.424
0
0.1
1.836
0
0
0
1.936
0
0
0
0
0
0
0
0
0
0
0.1
1.324
0
1.324
1.224
0
0.1
0
1.224
1.224
1.224
0.4
1.224
0
1.224
0
0
0
1.224
0.1
1.224
0
1.936
1.836
2.136
3.16
0
0.2
0.5
0.1
1.224
0
1.224
2.136
1.224
0.6
1.224
1.324
1.224
0.3
1.224
0
1.224
1.224
1.224
0
0.1
1.836
1.836
1.836
0
0
1.224
0
0.1
0.1
0
0
1.824
1.224
1.324
1.224
0.1
0
0
0
0
3.26
0.1
2.036
0
1.224
0.1
1.224
1.836
0.1
1.936
3.06
3.06
3.06
1.224
1.524
3.06
1.836
3.16
3.06
1.224
1.836
0
1.224
1.224
1.224
0.1
0.2
0.2
0
0.1
0.1
0.2
1.224
0
0
1.324
0.1
0
0
0.4
0
1.936
0
0
0
1.224
1.224
0
1.224
3.06
0
0.6
1.836
1.524
0
0
0
1.324
0
0.3
0
1.936
0
0
1.524
0.1
1.224
0
0
0
0.1
0.2
0
1.824
0
0.2
0.1
0
1.224
0.2
1.224
2.448
0
0
0
0.1
0.1
1.324
0.1
0
0
0.3
0
0
0.1
0
0.8
0
0
0
0
0.9
0
0.3
0
0.4
0
1.524
0
1.836
1.224
1.224
1.424
1.524
2.124
1.224
1.324
3.06
2.448
1.324
2.648
1.224
1.224
1.324
1.224
1.324
1.324
2.548
1.224
1.224
2.448
1.324
2.748
2.448
1.424
2.748
2.448
1.624
1.624
2.648
1.224
1.224
1.724
3.06
1.824
1.824
1.324
2.448
1.524
1.224
1.624
2.948
1.224
2.448
1.224
4.284
2.448
2.448
1.224
1.324
2.848
1.524
1.224
2.448
1.224
3.048
1.224
1.424
1.224
2.648
2.448
2.548
1.424
3.06
1.224
1.324
1.224
1.224
2.448
2.548
1.224
1.524
1.224
1.324
1.224
1.324
2.848
2.848
1.224
3.26
1.224
2.448
1.224
2.548
2.448
1.224
2.448
1.224
1.424
2.448
1.224
2.448
1.324
1.224
1.224
1.324
1.224
1.224
1.624
1.324
1.224
1.624
1.224
1.224
1.324
1.724
2.648
2.548
2.848
3.324
2.448
1.324
1.224
2.124
1.224
1.224
1.724
1.224
1.324
1.524
1.224
1.224
1.224
2.448
1.224
2.448
2.448
1.224
2.124
1.224
2.024
1.324
1.424
2.448
2.648
1.524
1.324
2.848
1.424
1.224
1.224
3.748
1.224
1.324
1.224
2.448
1.324
1.224
2.448
2.548
1.224
1.524
2.648
1.224
1.224
1.324
1.224
1.324
1.924
1.224
2.548
1.224
1.224
1.224
1.224
3.76
1.224
1.224
1.224
3.16
1.924
1.224
2.548
2.448
2.548
1.224
1.924
2.448
2.548
1.524
2.424
1.324
1.424
1.224
2.948
2.824
1.324
2.448
8.584
1.224
2.448
1.424
2.648
1.624
1.524
1.224
2.448
1.324
2.548
2.448
1.224
2.448
1.624
1.224
3.96
2.848
2.448
1.324
1.224
2.448
1.424
1.624
1.224
1.224
2.448
1.324
1.324
2.448
1.224
1.224
2.448
1.524
1.224
3.06
2.548
2.748
1.224
3.06
1.224
1.324
1.224
1.324
1.324
2.548
1.324
1.324
1.424
1.224
1.324
3.324
2.924
1.224
2.548
1.224
4.484
2.448
1.224
2.224
1.824
1.524
2.448
1.224
2.548
2.448
1.224
2.448
1.224
2.548
2.448
1.224
1.224
1.224
1.424
2.548
1.224
1.224
2.448
1.324
1.624
2.548
1.324
1.224
2.448
1.724
1.424
1.424
3.048
1.224
3.06
2.548
1.324
2.548
1.224
1.324
3.06
1.424
1.224
1.324
1.824
1.324
2.548
1.424
1.524
1.224
1.224
2.448
2.648
1.524
1.324
1.224
1.424
2.448
1.224
1.324
1.224
3.26
1.424
1.224
1.224
2.448
2.448
2.448
1.224
1.424
1.224
1.224
1.224
1.224
2.448
1.224
1.224
2.548
1.424
1.324
2.848
2.548
1.324
2.448
1.324
2.448
1.224
1.524
2.448
3.06
2.448
1.224
1.624
3.26
1.424
1.424
2.448
1.324
1.324
1.724
1.324
1.324
3.46
2.648
1.224
1.424
1.324
1.924
1.224
1.224
2.648
2.448
2.124
1.224
1.224
1.524
1.224
1.224
1.224
4.284
1.324
1.724
2.548
1.224
1.224
1.324
1.224
1.224
1.224
1.224
1.224
3.06
1.524
2.624
1.524
2.748
2.924
1.224
2.548
2.648
1.224
1.424
1.324
1.424
2.448
1.224
3.06
1.424
1.424
1.224
1.224
2.848
1.224
1.224
4.26
1.224
2.548
4.248
2.548
2.448
2.648
1.424
1.424
1.224
1.224
2.648
2.448
2.448
1.424
1.224
1.224
2.648
1.224
2.448
1.624
3.06
3.06
1.324
2.648
2.448
1.224
2.648
1.224
2.448
1.424
1.424
1.224
1.224
1.224
1.724
1.224
1.224
1.224
2.548
2.448
1.824
1.324
2.448
1.324
1.324
1.224
1.224
1.324
1.224
2.448
2.448
2.548
1.424
1.224
1.424
1.224
2.848
1.224
2.448
1.624
3.424
2.448
2.448
1.224
1.224
1.324
1.224
1.224
1.324
1.724
1.224
1.324
2.548
5.26
1.224
1.224
1.224
2.448
1.224
1.424
1.324
2.648
2.448
1.224
2.448
1.324
1.324
2.748
1.324
1.424
2.448
1.424
1.224
1.224
2.548
2.448
2.548
1.224
1.224
1.224
1.224
2.848
1.724
1.224
1.624
1.324
3.06
1.224
1.324
1.324
4.284
1.224
1.224
1.224
1.324
2.224
2.448
2.848
2.548
3.26
1.224
1.424
1.324
2.548
1.724
1.224
1.224
1.324
1.224
2.448
2.648
2.548
2.648
1.224
1.224
1.224
1.224
1.224
1.324
1.224
1.224
1.324
1.924
1.524
2.748
1.624
1.324
1.324
2.948
2.448
1.224
1.224
1.824
1.224
1.324
1.224
1.224
1.224
2.448
1.324
1.324
2.548
2.548
1.224
2.448
2.448
1.224
1.324
1.424
2.548
3.548
2.748
2.648
1.324
2.648
1.724
2.448
2.448
2.548
1.324
1.224
1.224
1.324
1.324
3.36
1.424
3.16
1.324
1.224
1.324
1.324
1.424
2.824
1.724
1.224
1.924
1.324
1.224
1.224
1.324
1.224
4.06
1.324
2.448
3.56
1.224
1.224
1.224
1.224
1.224
1.224
1.424
1.424
1.324
3.06
4.024
1.224
1.224
1.224
1.524
2.648
2.224
2.924
1.224
3.46
1.224
1.224
3.124
2.548
2.448
1.424
1.224
1.424
3.26
1.324
1.424
3.148
1.224
1.224
1.224
4.384
1.324
1.324
1.324
1.224
1.224
1.324
1.524
1.224
1.424
1.224
1.224
2.648
1.524
1.424
2.648
1.224
2.748
2.548
3.06
1.224
1.424
1.324
1.224
1.324
1.224
1.324
2.548
2.448
2.548
1.224
2.448
3.56
1.324
3.06
1.224
2.548
1.324
1.824
2.448
1.224
1.424
2.124
1.224
1.224
1.224
2.548
2.448
1.224
1.224
1.524
2.748
2.448
1.324
2.548
1.224
1.424
1.224
1.424
1.224
4.484
1.324
1.224
1.224
1.224
2.548
3.06
1.224
1.324
4.284
1.324
0
0.6
0.4
0
0
0.1
0.8
1.224
0.7
0
0
0
1.224
1.224
0
0
1.836
0.1
0
0
1.224
0.1
0
2.036
0
2.636
0
1.224
1.836
0.5
0
2.124
0.4
1.224
0.8
0
1.836
0
0
0
0
0.2
1.224
3.06
1.836
0
0
1.224
1.836
1.836
0.1
0.1
0.2
0
1.424
0
0
0.1
0
1.224
0
0
0
1.424
0.1
0
0.1
1.224
0
0
0
0.4
0
0.1
0
0
1.224
1.224
0
0
1.224
0.1
0
0.1
0.3
0
1.224
1.224
1.224
1.324
1.224
0
3.06
1.224
0
2.448
0.1
1.4
0
0
0.2
0.3
0.3
