0.9
0.2
1.4
0.3
0.3
3.36
1.424
1.224
1.224
1.224
1.624
1.324
1.524
1.624
2.224
0
0
0
0
0.1
1.936
2.136
0
0
0.2
0
0.2
0.1
0.2
0
0.2
0
1.3
0
0.1
0.4
0.2
0
0
0.8
0.2
3.136
0
0.1
0.1
0.1
0.1
0.2
0.5
0.6
0
0
0.6
0
0.1
0.1
0.1
0
0.4
0.8
1.1
0.6
0
1
2.436
0.4
0.2
0.3
0
1
0.6
0.2
0.3
1.936
3.236
0.9
0
0.1
0
0
0.2
0
0
0
0.1
0
0
0
0
0.4
0
0.1
0.2
0.1
0
0.2
0.4
0
0
0
0
0.7
0.4
0.1
0
0
0
1.4
0.1
0.1
0.3
0.1
0
0
0.2
2.336
0.2
0.2
0
0.1
2.2
0
0.2
0.9
0.1
0.1
0.2
0.1
0
0.6
0.4
0.1
0.1
0
2.036
0.9
0.1
0.2
0.4
1.1
0.1
0
0
0.6
0
0
0.1
0.2
0
0
0.1
0.1
0.2
0
0.8
0.8
0.2
0.2
0.8
0.1
0.3
0.1
0.1
0
0.1
0.2
0
0.2
0
2.2
0.1
1.1
0
0.3
0
0.6
0
0
1.936
1.1
1.5
1.5
1.224
1.324
1.424
1.524
2.324
1.424
1.424
1.324
1.824
1.724
1.424
1.924
1.424
2.024
1.224
1.524
0
0
2.136
0
0
0.5
1.4
0
0
0.4
0.2
0.1
0
0.1
0.5
0
1.836
2
0.1
2.636
0
1.936
0
0.1
0.8
0.1
0
0.6
0
0
0.5
0
0.3
0
0
1.836
0.1
0.1
2
1.936
1.836
0.3
1.836
0.6
2.236
0
0
0
0
0
0
0.8
0
0
0
0
0.1
0
1.836
0.2
0
0.4
0.1
0
0.1
0.2
0
0.1
0.4
0
0.1
0
0
0.2
0
0.1
0.4
0
0.1
0
0
0
0
0
0.7
0
0.2
0.1
0.1
0.2
0.2
1.936
1.836
0
0
0.6
0
0
0
0
0.3
0
0.1
0.1
0.1
0.2
0
0.1
0.1
0.4
0
0.5
0
0
0.1
0
0
0
0
0
0
0.1
0
0
0.2
0.2
0.2
0
0
0.1
0
0
1.1
0
0
2.036
1.936
0
0
0
1.2
0
0
0
1.2
0
0.6
0.3
0.1
0.4
0.2
0
0.2
0
1.3
1.7
0
1.936
0
0.2
0
1.824
1.324
0
0
0
0
0.1
0
0
1.936
0
0
0
0
0
0
0.1
0.4
0
0
0
0.1
0.7
0
0
0
0.3
0.1
0.3
0.1
0
0.1
0
1.5
0
0.2
1.324
1.836
0.4
0
0
0
2.036
0
0.1
0.1
1.936
0
0
0.2
0
1.6
0.6
0.3
1.836
0.2
0.2
0.1
0
0.2
0
1.836
1.836
0.3
0.5
0.2
0.2
1.936
0
0.6
0.3
0
0.2
0.1
0.1
0.5
0.1
0
0.6
0.1
0.3
0.1
1.936
0
0
0.2
1.836
0
0
0.2
1.836
0
1.836
0
0.7
0
0.1
2.336
0
0.1
1
0
0
0
0.8
0.3
0
0
0.6
2.536
0
0.9
0.8
0
0.1
0.3
0.3
0.2
1.836
0.2
0.3
0.2
0
0
0
0.2
0
0
0.2
0
0
0
0
1.936
0
0.1
1.836
0
0.1
0.9
0.1
1.836
0.1
0.3
0
0
0
1.936
0.9
0.1
0
0
0.4
0.3
1.836
0
0.2
2.136
0.1
0
0
1.2
0.1
0
0
0
0.2
0.7
0
1.936
0
0
0.7
0.8
0
0
0.1
0.1
0
0.1
0.3
0.2
0
0.3
0.2
0
0
0.5
2.436
0
0.2
0
0
0
0
0
1.936
0
0.1
0.1
0
0.2
0.1
0
0
0.1
1.836
2.136
0.7
2.036
0.1
0
0.2
0
0
0.1
1.836
0.1
0
0.1
1
0.3
0
0
0
0.1
1.836
0
0.1
0
0
0.1
0
1.836
0.6
0.1
0
0
0
1.836
0
0
0
0.1
0
0
0.1
2.336
0.2
0.1
0
0
0
1
1.936
0
1.1
0
0.1
1.5
0.1
0
0
0.2
0
0
0
0.2
0.6
0.8
0
0
0.3
0
2.036
0.1
0
1.836
0.1
0
0
0
0
1.836
0
0.9
0
0
0.2
0
0.1
0
0
0
0
0.5
0
2.036
0.1
0
0
0.7
0
0.2
1.936
1.836
0
0
0
0
0
0
0
0
0.1
0.8
0
0
0.3
0.3
0.5
0
0.3
2.336
0
0
0.2
0
0
0.1
0
0.2
1.936
0
0
0.1
0.1
0
0.1
0
0
0
0.1
0
0.1
0
1.836
0.1
0.2
2.336
0
0.1
0
0
0
0
0.1
0.1
0.2
0
0
0.1
0.3
0.1
0
0
0
1.836
0
0.1
0.1
3.336
0
0
0.2
0
1.936
0
1.936
0.7
0
0.2
0
0.4
0.2
0.1
0.2
0
0.1
0.1
0
0.1
0.3
0.1
0
0
0
0.1
1.2
1.7
0.2
0
0.2
0
0
0
0
1.836
0
2.136
1.936
0.8
0.4
0
0
0
0
0
0
0
0
0
0.1
0.2
0
0
1.836
0
0.2
0
0.1
0.4
1.936
0.2
0
0.3
0.1
0
1.836
0.1
0.6
1.936
0.1
1.836
0.1
0
1.836
0.2
0
0.4
0.1
0
0.3
0
0
0.2
0.2
0
0
0
0.2
0.2
1.936
0
2.036
1.936
0.1
0
0
0
0.2
0
0.1
0.2
1.936
0
1.836
0
0
0
0
0
0
0
0.6
0.1
0
0.1
0
1.836
0.1
0
0
0.2
0
0
0
0.9
0
0
0
0.2
1.936
0.2
0
0.4
0.6
0
0.9
0
0.1
0
0
0.2
1.836
0
0.7
0.8
0.1
0
1.836
0
0
0
1.836
0.2
0
0
0.1
0
0
0.2
0
0.1
0
0.2
0
0
0.1
0
0
0.2
0.3
0
0
0.2
0.5
0.1
0.1
0
0.1
0
0
0
0.5
0
0.4
2.236
1.936
1.936
1.836
0
0.8
0.8
0.1
0
0.1
0
2.336
0
0.5
0.2
1.1
0.2
0.3
0.1
0.1
0
0.7
0.1
0
0
2.036
1.936
1.836
0.3
0
0
0
0.4
0.4
0
0.5
0.4
0.1
0.3
0
0.1
0
0
0.1
0.2
2.436
0
2.536
0
0.9
0
0
1.836
0
2.136
1.936
2.336
2.136
1.324
1.824
3.26
1.936
2.036
2.036
0.3
1.936
0
0
0
0
0
0
0.1
0.2
0.1
0
0.3
0.1
0
0
0.2
0.6
0
0.2
1.5
0.1
2.436
0.1
0
0
0.2
0.4
0.2
0
1.836
0
1.2
1.836
0.3
0
0
0.1
0.6
0
0.4
0
2.236
0.2
0.3
0.1
0.2
0
0
0.1
0
0.2
0.1
0
0.9
0.1
0.4
0.2
0
0
0.3
0
1.224
0
0.1
0
0.3
0.4
0
0.2
0.2
0
0.1
0
0
0.2
0
2.7
0.1
0.3
0.1
0
0.4
0
0.1
0
1.2
0.2
0.1
0.1
1.836
0
1.224
2.424
1.924
2.924
1.524
1.424
3.16
1.224
1.824
1.624
1.224
1.324
2.824
1.424
1.424
1.424
1.624
1.524
1.424
1.724
1.624
1.424
1.324
1.224
1.424
1.424
1.624
1.724
1.324
1.224
1.224
1.824
3.06
3.624
1.524
1.324
1.324
1.524
1.324
2.424
1.824
1.324
1.224
1.924
3.16
1.224
1.524
1.224
1.224
1.524
2.324
1.224
1.224
1.224
2.424
1.324
1.524
1.324
1.624
1.524
1.324
1.824
3.16
1.224
2.024
1.524
1.224
1.824
1.624
1.224
1.824
1.624
1.324
1.224
1.324
1.324
1.224
1.424
3.16
1.424
1.224
1.324
1.724
1.224
1.524
1.324
1.224
1.824
1.324
1.224
1.224
1.424
1.424
1.524
1.324
1.424
1.624
2.424
1.624
1.224
2.324
1.224
1.424
1.424
2.424
2.024
1.624
1.824
2.024
1.424
1.424
1.224
1.524
1.224
1.324
2.024
1.424
1.324
1.524
1.224
1.524
1.424
1.224
1.224
1.224
1.224
1.424
1.824
1.224
2.724
1.424
1.424
1.524
1.824
2.124
1.724
2.324
1.524
1.424
1.324
3.124
1.324
1.324
1.524
1.324
1.524
1.224
1.224
1.524
1.524
2.124
1.624
1.224
1.324
2.124
1.424
1.724
2.224
1.224
2.124
1.724
1.224
1.224
1.324
3.46
1.224
1.224
1.224
3.16
1.424
1.224
1.224
1.424
1.824
1.224
1.724
1.324
1.624
1.924
1.624
1.224
1.324
1.224
2.324
2.124
1.224
1.224
3.96
1.224
1.424
1.324
1.824
1.924
1.824
1.224
1.224
1.424
1.424
1.424
1.424
1.224
1.724
1.224
12.36
1.724
1.224
1.324
1.224
1.224
1.324
2.524
1.424
1.224
1.224
1.724
1.324
1.324
1.324
1.824
1.824
2.024
1.624
3.36
1.624
1.524
1.224
3.26
1.224
1.424
1.224
1.424
1.724
1.324
1.524
1.224
2.224
1.224
1.724
2.524
2.524
1.324
2.124
1.424
3.76
1.224
1.224
3.824
1.524
1.224
1.224
1.224
1.424
1.224
1.224
1.924
1.524
1.424
1.324
1.224
1.224
1.224
1.724
1.224
1.224
1.324
1.224
1.624
2.824
1.324
1.324
1.324
1.224
2.424
1.524
1.324
1.724
1.224
3.06
1.224
1.924
1.424
1.324
1.624
3.36
1.424
1.524
1.624
1.924
1.824
1.324
1.324
1.324
1.224
1.224
1.224
1.724
1.724
1.524
1.324
1.224
1.224
1.324
1.524
1.424
3.16
2.224
1.224
2.024
1.424
1.224
1.524
1.224
1.224
1.324
1.224
1.224
1.224
1.324
1.224
1.224
1.724
2.624
1.324
1.424
1.524
1.524
1.424
1.424
1.424
1.224
1.824
1.324
3.16
1.224
1.624
1.524
4.06
2.424
1.824
1.224
1.524
1.324
2.124
1.324
1.624
3.76
1.724
1.224
3.024
1.424
2.924
1.224
1.524
2.024
1.324
1.424
1.324
1.324
1.724
1.224
1.224
1.424
3.06
1.324
1.524
1.424
1.224
1.424
1.324
1.524
1.224
1.224
1.324
1.224
3.26
1.624
3.724
2.024
1.524
2.324
1.224
1.224
1.724
1.524
1.724
1.324
1.424
1.624
1.224
3.16
1.824
1.624
1.224
1.224
1.824
1.424
1.324
3.56
1.324
1.424
2.624
1.524
1.524
2.024
1.724
1.624
1.224
1.224
1.624
1.224
1.324
1.324
1.724
1.224
1.224
1.224
1.324
2.524
3.56
3.06
1.424
1.424
1.624
1.424
1.224
1.224
1.224
1.224
1.924
1.724
1.424
1.324
1.324
1.224
1.324
1.524
1.324
1.224
2.324
1.724
1.324
1.724
1.324
1.724
1.424
1.424
1.224
1.524
1.424
1.524
1.224
1.224
1.324
1.224
2.224
1.224
1.224
1.724
2.724
1.424
1.224
1.924
1.324
1.224
1.224
1.224
1.424
1.324
1.224
1.224
1.624
5.36
1.224
1.624
1.324
1.224
1.424
1.524
1.324
1.724
1.424
1.224
1.224
1.224
1.824
1.524
1.324
1.524
1.224
1.524
1.424
1.224
1.224
1.224
1.224
1.224
1.324
1.824
1.224
2.624
3.424
1.224
1.724
1.824
3.06
1.324
1.524
1.424
3.46
1.324
1.224
1.224
1.324
1.824
1.224
1.824
2.524
3.56
1.224
2.824
1.424
2.124
2.024
1.224
1.224
1.524
1.224
2.024
1.624
1.724
1.424
1.224
1.224
1.324
1.424
1.224
1.324
1.524
1.224
1.524
2.324
1.724
2.024
3.024
1.324
1.724
1.524
1.224
1.324
1.324
1.724
1.424
1.224
1.724
1.324
1.224
1.224
1.324
1.724
1.424
1.324
1.224
1.224
1.224
1.224
1.224
1.324
1.524
3.624
1.724
1.224
1.224
1.824
3.024
1.324
1.224
1.324
2.124
1.224
1.224
1.424
1.424
3.86
1.924
3.76
1.424
1.224
1.524
1.824
2.424
2.324
1.724
1.424
2.724
1.324
1.424
1.224
1.324
1.624
3.76
1.524
1.324
3.66
1.224
1.224
1.424
1.224
1.224
1.624
1.824
1.724
1.324
3.26
5.424
1.624
1.624
1.424
1.324
2.424
2.824
3.324
1.224
3.46
1.224
1.224
2.724
1.624
1.424
2.124
1.424
1.524
3.26
1.524
1.924
2.824
1.424
1.224
1.224
3.16
1.724
1.324
2.124
1.324
1.924
1.224
1.324
1.324
2.024
1.224
1.524
1.624
2.524
2.124
1.324
1.224
1.424
1.324
3.06
1.224
2.324
1.624
1.324
1.524
1.324
1.424
1.224
1.624
2.124
1.324
1.624
3.96
2.324
3.06
1.224
1.224
1.824
2.124
1.224
1.524
1.424
2.324
1.224
1.324
1.524
1.624
1.324
1.224
1.324
2.224
2.224
1.324
1.624
1.924
1.624
2.024
1.224
2.124
1.224
3.86
1.324
1.924
1.424
1.324
1.224
3.06
1.224
1.624
3.06
0.5
0
0.4
0.8
0.2
0.1
0.1
0.4
0
2.2
0
0
0
0
0
0
0.1
1.936
0.7
0
0
0
0.1
0.2
1.836
0
3.636
0.1
0
1.836
0.9
0.1
0.9
0.4
0
1.2
0.6
1.836
0.1
0
0
0
0.3
0
1.836
1.936
0
0.2
0
1.936
1.836
0.1
0.2
0
0
0.2
0.4
0.2
0
0
0.1
0
0
0.1
0.5
0
0.1
0.2
0
0.1
0
0
1
0
0.7
0.2
0
0
0
0.1
0
0.1
0.1
0.2
0.2
0.4
0.1
0
0
0
0.1
0.2
0
1.836
0
0
1.224
0.1
2.7
0.1
0.3
0.4
0.6
0.8
