1.2
0.4
2.2
0.7
1.424
1.524
1.524
1.324
1.424
1.224
1.324
1.324
2.848
3.224
3.224
0
1.224
0
0
0.4
0
0.1
0
0
0.5
0.2
0.1
0.4
0.1
0
0
0
4.9
0
1.524
1.1
0
0
0.1
0.4
0.1
2.8
0
0.1
0.3
0.1
0.8
1.924
0.2
0.4
0
0.1
0.8
1.224
0
0
1.424
1.324
0.1
0.8
4.224
1.824
0
1.4
1.1
1
1.224
1.324
0.2
4.924
0.7
2.724
1.424
0.2
4.5
1.5
1.424
0.1
1.224
0
1.5
1.324
0
1.424
0
1.324
1.224
0
0
2.724
0.1
0.1
1.224
1.224
1.224
0.3
0.5
1.324
0.1
0
0.2
2.124
2.124
0.1
0
0
0.1
2.2
1.324
0.3
2.024
1.524
0
1.324
0.3
0.4
0
1.624
0
0
7.424
0.1
0
1.924
1.524
0
0
0.1
0
2.024
0.7
0.1
1.524
0.1
0.5
0.6
0.3
1.224
0.2
1
0
1.224
1.224
0.9
1.224
1.324
0.3
1.424
0.1
1.424
0.1
0.1
0.5
0.2
1.1
0.8
1.724
0.4
1.7
0.2
0.2
1.324
0
1.324
0.1
1.324
0.1
1.224
0.3
5.4
1.424
2.524
1.224
0.3
1.224
1
1.324
1.224
0.1
0.7
0.6
1.824
1.424
2.748
3.124
3.548
2.824
2.448
2.648
2.448
1.724
1.724
1.424
3.448
2.748
1.924
1.324
1.924
0
0.8
1.424
0
0
1.324
2.2
1.224
0
1
0
0.3
0
0.1
0.5
1.224
0
8.924
0
3.724
0
1.224
1.224
0
1.8
0
0
0.5
0
0.1
0.3
1.224
0.5
0
1.224
0
0.2
0
7.124
0.1
0
0.7
0
1.3
0.3
0.1
1.224
0
1.224
1.224
0.1
1.8
0.1
1.424
1.224
1.224
0.2
0
1.224
2.824
0.2
0.3
0.1
1.224
0.1
0.3
0
1.224
1
0
0
0
0
0.1
0
0
4.524
0.1
0
1.324
1.224
1.224
1.224
1.224
2.024
0
1.724
0.1
0.1
0.1
1.324
0
0
0
1.224
4.024
0.1
0
0
0.4
1.424
0
0
1.424
0.3
0.3
0.1
1.224
2.524
1.524
0.2
2.224
1.624
1.224
1.524
0
0
0.2
0
0.2
0
0.4
0.1
0.3
1.1
0.9
2.124
0
1.324
0.3
0
1.224
2.1
1.324
0.1
0.6
0.4
1.224
0.1
0
4.3
0
1.224
0
5.624
1.724
1.3
1.3
0.2
0.3
1.9
1.624
0.3
1.424
4.724
9.724
0.1
0.1
0
1.424
0
3.248
1.824
0.1
0
0
1.224
0.1
0
0
0.2
0
0
0.2
0.1
0
0
1.224
3.424
0
0
0.3
0.3
1.2
0
1.224
0
0.1
0.1
0.5
0
0
0.1
0.2
2.8
1.224
0.8
1.224
0
0.2
0
0
0
0.2
0
1.724
1.224
0
1.224
1.224
0.4
0
1.8
0.8
1.424
0.1
0.2
1.524
0.2
0
1.224
1.524
0.1
0.2
0.3
0.9
0.2
0.1
0.3
1.224
0.5
0.4
1.324
1.624
0.1
0.3
0.7
0.3
0.2
3.324
0.3
0.2
0
0.3
1.224
0.3
0.1
0.1
1.224
1.224
0.4
0.3
0.7
0
0
1.824
1.224
0.1
0.5
1.224
0
1
0.1
1.224
0.2
0.6
0.3
1.224
0.4
3.4
1.3
0
0.8
2.9
0
0.4
0.9
0.6
0.8
1.224
0.1
0.2
1.224
0
0
0.1
0.5
0
1.224
0.3
0.1
1.224
0
1.224
0.4
1.624
0.1
0
0
0
0.6
0.1
0.1
1.824
0.7
0
0.1
1.224
0.1
1.7
0
1.224
0
1.624
0.2
0
0
1.624
0.2
0
0.1
1.224
4.824
0.1
1.224
0
0
0.6
2.524
1.224
0
0
0.1
0.5
0.7
0.1
0
1.324
0
0.1
0
0.5
1.2
1.224
1.324
0
0.5
0.1
1
0.5
1.224
0
0
0.3
0.1
0.2
0.2
0.2
0
1
0
0
1.624
0.2
1.224
1.224
1.924
0
2.024
0.4
0
0
0
0.1
1.224
0.1
0
0
0.2
0
0
3.1
0.2
0
1.324
0
0.1
0
0
0
0.1
0.1
0.3
0.1
1.224
0.3
0
1.224
0
0.4
0
0
1.224
0
1.524
0
0
0
0.4
0.3
0
0
0
1.524
1.1
1.524
0
1.2
0
0.3
3
0.2
0.1
0.1
0.1
0.2
1.424
0
0.1
0.4
0.4
0
0.1
1.524
0
0
1.324
0
0.2
0.2
0
0
0.5
0.1
0
1.224
0.6
0
0
0.7
0
0.2
1.224
0
0.1
0.4
0.3
0
0.3
0.1
0
0.1
1.5
0.1
0.3
0
1.324
1.224
0
0
1.324
0
0
0
0.3
0.1
1.624
0
1.224
0.4
0.7
0.7
0
0.2
1.2
0
0
0.1
0
1.524
0.2
0.3
0.5
0
0
1.424
0
0.1
1.224
0.6
1.224
0
0
0.3
0.2
1.524
1.224
0.6
0
0.4
0.1
0
0.1
1.324
0.2
0
1.224
0
0.1
0.3
0.2
0
0.2
0.4
0.1
1.224
0
0.1
0
0
0.1
0.2
2.4
0
0.3
0.3
0.1
0.1
1.324
0.1
0.2
0.3
0.6
1.524
0.9
1.624
0.1
0.2
0
1.224
0.3
1.224
0.2
0.2
1.424
1.224
0.1
0.1
1.224
4.6
1.8
0.2
0.4
1.224
1.324
1.224
0.1
0
0
0
0.2
1.524
0.7
0.3
0
1.224
0
0
0
0.1
0
0.1
0
0
0
0
1.224
0
0.1
0.5
1.224
0.6
1.8
0.4
0
0.1
1.624
0
0
1.224
0.5
4.224
0.3
0
0.1
0
0
0
2.524
1.224
0.3
0
0
0.6
0
0.2
0.1
0
0.1
0.1
0
0
0.1
1.324
0
0
1.224
0.1
0.1
0
0
0
1.224
1.324
1.424
0
0
0.3
0
0
0.1
0
0
1.424
0.1
0.5
0
1.224
1.424
0
0
1.224
1.324
1.224
0.5
0.2
0
0.1
2.424
1.524
0.1
0
0.2
0.1
0.1
0.2
0.9
0.3
0
2.724
1.224
0.1
1.224
0
1.324
0
0.1
1.1
2.924
0.2
0
0.1
0.1
0.2
0.2
0
0.3
0.1
0
1.1
0.1
0.2
0.4
0
0.1
0
0
1.224
0
1.324
1.224
0.1
0.1
0
1.424
1.324
1.324
1.1
1.524
0.1
1.224
0.2
0.1
0
1.224
0.4
1.324
0.6
0.1
0.1
0.2
1.224
0
0.5
1.4
0.2
1.224
0
1.224
0.6
1.224
2.3
1.224
3.424
1.524
0.3
1.424
0.2
1.224
2.224
1.324
0.1
0.2
0.1
0
0
0.2
0.1
1.224
0
0.2
0.2
0.2
0.2
4.024
1.224
1.724
1.324
0
0
0
0.1
0.2
2.524
0.3
0.3
0.1
2.124
0
1.224
0
0.2
0
1.224
1.724
1.324
1.524
1.824
1.324
0.2
1.224
1.224
1.424
0
0.1
1.224
1.324
1.224
0
0.6
0.2
0
0.2
0.2
0.9
1.624
0
0
1.624
0.9
0
0.7
2.7
0.6
0.9
0
0
0
1.824
2.024
0.1
1.224
1.324
0
2.1
0
3.124
0.2
0
0.1
1.924
0.1
1.1
0.2
0.1
0.6
0
3.624
0.5
1.224
0.2
0.1
0
0.1
0.3
0
4.124
0
0.8
0.1
0.1
1.324
0.5
1.224
2.448
0
0
0
0.2
0.5
1.724
0.4
0
0
0.3
0
0
0
0.2
5.7
0.3
0.1
0.6
0.1
2.2
0
0
0
2
0.4
1.724
0.2
0
1.224
1.224
3.324
1.224
2.124
1.424
1.524
1.224
2.548
1.424
3.048
1.524
1.324
2.624
1.424
1.824
1.224
2.848
1.424
1.324
2.848
2.224
3.148
2.548
1.324
2.648
2.748
1.424
1.624
2.448
1.324
1.224
1.624
1.324
3.224
1.424
1.424
2.448
1.824
1.224
3.024
2.848
1.324
2.548
1.424
3.048
2.648
2.548
1.524
1.524
4.648
1.824
1.224
2.648
1.224
3.948
1.224
1.224
1.324
2.448
2.448
2.648
2.024
1.424
1.224
2.124
1.424
1.324
2.948
3.248
1.324
1.624
1.324
1.224
1.224
1.424
2.848
2.548
1.524
1.724
1.624
2.448
1.424
2.548
2.448
1.324
2.448
1.224
2.224
2.448
1.224
2.448
1.624
1.524
1.424
1.624
1.424
2.024
2.624
2.424
1.224
3.724
1.324
1.324
1.524
2.324
2.548
3.348
2.448
3.824
3.048
1.324
1.324
1.624
1.324
2.224
2.024
1.524
1.224
1.424
1.224
1.324
1.524
2.448
1.324
2.448
2.448
1.424
3.324
1.324
1.724
1.224
1.424
2.548
2.948
2.024
1.524
2.948
1.224
1.424
1.224
8.348
1.524
1.224
1.524
2.448
1.924
1.324
2.748
2.648
1.724
2.024
2.548
1.324
1.324
1.624
1.424
1.524
2.924
1.224
3.548
1.924
1.324
1.224
2.024
1.224
1.224
1.224
1.224
1.324
1.224
1.224
2.448
2.548
3.248
1.524
2.224
3.448
2.948
2.124
1.624
1.224
1.324
1.224
9.048
2.424
1.224
2.448
2.848
1.224
2.448
1.624
2.648
2.024
2.624
1.224
2.848
1.324
2.848
2.648
1.424
2.448
1.424
1.224
1.724
16.948
2.448
1.624
1.224
2.648
1.524
2.024
1.224
1.324
2.548
1.624
1.824
2.548
1.224
1.924
2.848
1.824
1.624
1.424
2.748
2.648
1.224
1.424
1.324
1.224
1.224
1.524
2.024
2.548
1.324
1.224
2.324
1.224
1.824
2.724
2.324
1.524
2.948
1.624
3.648
2.448
1.224
4.024
1.424
1.224
2.548
1.324
2.648
2.548
1.224
3.148
1.724
2.648
2.548
1.324
1.524
1.224
2.724
2.448
1.324
1.324
2.448
1.724
3.324
3.048
1.524
1.224
2.548
2.324
1.324
1.424
3.248
1.324
1.324
2.848
2.024
3.548
1.224
1.324
1.724
1.424
1.224
1.624
1.524
1.524
2.548
1.224
1.224
1.324
1.224
2.548
3.148
1.324
1.424
1.324
1.424
2.448
1.424
1.324
1.624
1.424
1.524
1.524
2.024
2.448
2.448
2.448
1.424
1.724
1.224
1.424
1.224
1.224
2.448
1.224
1.224
2.548
2.324
1.324
2.648
3.348
1.424
2.548
1.324
2.648
1.424
1.824
2.648
1.424
2.448
1.924
1.524
1.724
1.824
1.624
2.448
1.424
1.224
2.324
1.224
1.524
1.724
2.748
1.224
2.324
2.024
2.424
1.224
1.224
3.048
2.548
2.424
1.224
1.224
1.924
1.324
1.324
1.424
2.448
1.424
1.424
2.848
1.224
1.424
1.224
1.624
1.224
1.224
1.324
1.224
1.524
1.524
4.824
1.524
2.948
1.524
1.324
2.648
3.248
2.224
1.724
1.224
1.424
2.648
1.224
1.524
1.724
1.724
1.224
1.224
4.448
1.324
1.224
2.124
1.324
3.048
3.648
3.548
2.648
3.348
1.724
1.724
1.224
1.324
3.748
2.448
2.448
2.124
1.824
1.324
2.648
1.324
2.448
2.224
1.524
1.224
1.524
2.448
2.548
1.424
2.748
1.224
2.548
1.224
2.724
2.324
1.224
1.224
1.424
1.224
1.224
1.624
2.648
2.448
3.124
1.424
2.448
1.424
1.424
1.224
1.324
1.324
1.224
3.448
2.648
2.648
1.224
1.224
1.724
1.324
6.548
1.324
2.548
2.024
2.624
2.648
2.448
1.524
1.324
1.524
1.224
1.324
1.424
1.324
1.224
1.324
2.748
3.524
1.224
1.324
1.224
2.448
1.324
1.424
1.424
2.848
2.848
1.224
2.748
1.224
2.024
3.248
1.224
1.224
2.548
1.524
1.224
1.224
2.748
2.748
2.848
1.224
1.524
1.824
1.224
3.848
3.624
1.524
1.524
1.424
1.324
1.524
1.324
1.424
2.548
1.324
1.224
1.324
1.224
1.824
2.548
3.248
3.348
1.324
1.324
2.224
1.524
3.148
2.124
1.324
1.224
1.224
1.524
2.948
3.048
3.148
3.248
1.224
1.224
1.524
1.724
1.324
2.124
1.524
1.224
1.424
1.924
1.424
3.748
2.924
1.424
1.424
2.548
2.448
1.324
1.224
1.424
1.224
1.224
1.324
1.224
1.324
2.448
1.224
1.524
2.648
2.448
1.224
2.448
2.448
1.224
1.224
1.824
3.148
5.048
2.748
3.148
1.624
2.948
3.524
2.548
2.548
2.548
2.824
1.324
1.524
1.424
1.924
1.424
1.424
1.724
1.524
1.424
1.424
1.724
2.024
1.824
1.724
1.324
3.124
1.324
1.224
1.324
1.224
1.724
1.524
1.224
2.748
1.324
1.424
1.224
1.324
1.324
1.324
1.224
1.924
2.124
1.224
1.324
5.424
1.224
1.324
1.524
1.324
3.748
4.024
2.624
1.224
1.624
1.224
1.224
1.724
2.648
3.248
1.924
1.524
1.624
1.324
1.524
1.824
6.048
1.424
1.424
1.224
2.648
1.924
1.224
2.024
1.324
1.224
1.524
2.324
1.424
1.824
1.224
1.624
3.348
2.024
1.524
2.948
1.324
4.048
2.848
1.224
1.324
2.224
2.124
1.224
1.524
1.424
1.224
2.748
2.948
2.948
1.224
2.748
1.824
2.824
1.324
1.224
2.448
1.824
2.224
2.448
1.724
1.624
3.124
1.324
1.724
1.524
3.148
2.648
1.724
1.524
3.224
3.048
2.848
1.624
3.348
2.124
2.424
1.224
1.924
1.324
2.848
1.524
1.624
1.224
1.324
2.548
1.224
1.224
1.824
2.448
1.324
0.1
0.1
0.9
0.1
0
0.2
2.4
1.224
5.7
0.1
0.1
0
1.324
1.224
0
0
0.1
0.2
0.2
0.5
1.224
0
0.4
0.1
0
4.4
0.3
1.224
0
1.5
0.7
6.124
1.9
1.224
4.7
0.5
0
0.1
0
0
0.2
0.4
1.224
1.224
0
0
0.3
1.224
0.1
0.1
0.1
0.4
0.5
0
1.824
0.4
0
0.2
0
1.624
0.1
0.4
0.2
2.424
0
0
0.3
1.224
0
0
0.5
1
0
0.1
0.6
0
1.224
1.224
0.3
0
1.224
0.4
0.3
0.2
0.2
0
1.324
1.324
1.224
1.424
1.624
0
1.224
1.424
0
2.448
0.2
6.4
0.4
0.2
1.5
1.7
1
