3.26
0.3
0.7
0
0
0
0
0
1.324
0
1.224
0
0.1
0.3
0.1
0.2
1.836
0
0
0.1
0.1
0.1
0
0
1.224
0
0.2
0
0
0
0
0
1.324
1.224
1.936
3.06
3.16
3.16
3.672
4.26
3.26
2.136
1.836
3.672
3.672
1.836
1.936
1.936
3.56
3.26
1.936
2.036
3.56
3.672
1.836
1.836
3.16
1.936
3.06
2.136
2.036
2.136
3.672
1.936
1.836
3.16
1.836
1.836
2.036
2.136
3.96
3.36
3.16
3.06
2.236
3.16
1.836
1.936
1.836
3.06
2.036
1.836
1.836
1.836
3.672
1.836
1.836
3.672
1.936
2.236
3.06
1.836
1.936
1.836
1.836
3.26
3.16
3.06
1.936
1.836
3.672
2.536
1.936
3.26
1.836
3.46
3.06
1.936
1.936
3.36
3.36
1.836
3.36
1.836
3.672
1.836
3.16
1.836
3.26
3.16
2.336
3.672
1.936
3.76
1.836
3.36
7.396
1.836
1.836
1.836
3.26
3.672
2.236
1.836
2.036
1.936
1.836
1.836
2.136
2.336
3.16
1.836
1.836
2.236
1.836
3.672
1.936
2.036
3.26
1.936
1.836
3.26
3.36
3.06
5.896
3.46
1.836
1.936
3.26
1.936
3.26
1.836
3.16
1.836
1.836
3.672
1.836
3.26
1.836
2.236
3.06
3.46
1.836
3.16
1.836
1.936
3.672
1.836
2.036
3.36
3.26
2.136
1.836
1.836
2.036
1.936
2.036
1.836
1.936
1.836
1.836
3.16
3.06
1.936
1.836
1.936
1.836
3.06
1.224
0
1.224
0
0
0.1
1.424
1.836
1.224
1.224
0.1
1.224
0
1.424
0
1.836
1.224
0.2
1.224
0
1.836
0
0
0.2
0.3
0
0
0.1
0
0
0.1
1.224
0
0
0
0
0
1.836
0.8
0
1.836
0
0
0
0.1
1.836
1.836
0
0
0
0
0.2
0
1.836
1.836
1.836
0
0
0
0
0.1
0
0
1.224
1.224
1.836
0
1.224
0.2
0
1.224
0
1.224
1.324
1.224
0
0.1
0
0
1.836
1.224
1.224
0
0
0.1
0
0.1
1.224
0
0.1
0
0
0.1
0
0
0.2
0
1.836
0
0
0.1
1.224
0.1
1.224
1.836
0.2
0
1.836
0.1
1.324
0.1
1.224
0.1
1.836
0.1
0
0
0
1.224
0
0
0
1.224
0.1
1.224
0.2
0
1.224
0
0
0
0
0.3
0
0.1
0.2
0.1
0
0
0
1.324
1.224
0
1.224
0.7
0
1.424
0.2
1.324
0.1
0.2
1.224
1.324
1.224
0.2
0.4
0
0
1.224
1.836
0
1.224
1.224
0
1.224
1.224
0
0
0
1.224
0
0
0
0
0
0
0
0
0.1
0
0
0
0
0.2
0
0
0
0.1
0
1.324
1.224
0
0
1.224
0.2
0
0
0
0
1.224
1.224
0
0
0
1.224
0.1
0
1.324
0
0
0.1
0
0.3
0
1.224
0
0
0
1.324
0
0
0
0
0
0.3
0.1
1.224
0.1
0
1.224
0
0
0
1.224
0
0
0
0
1.224
1.224
0
1.324
0
0.1
0
1.224
0.2
0
0
0
0.2
0
0
0
0
1.936
1.836
1.224
0
0
0
0.2
0
0
0
0
0
1.936
0
0.5
0
0
2.136
1.524
1.836
1.224
0.2
0.2
0.2
0
1.836
0
1.836
0
1.224
0.1
0.1
1.836
0
1.224
0
0
1.224
0
0
0
0
0
0
0
0.2
0
0
2.136
0
1.224
0
0
0
0.1
0
0
1.224
0.1
0
0
0
0.1
0.1
3.16
0
0
0
0
1.224
0
0
0.3
0
0
0
1.324
0
0.1
0.4
1.224
0.1
0.1
1.324
1.224
0
1.224
0
0
0
1.224
0
0
0
0.1
1.836
1.224
1.224
0
0
0.1
1.224
0.1
0
0.2
0
0
0
1.224
0.1
0
0
1.224
1.324
0
1.224
1.224
0
0
0
0
0
0.1
0
0
0
1.424
0.2
0
1.836
0
1.836
0.1
0
1.224
0
0
0
0
0
0
0
1.224
0
0
0
0
1.224
0
0
0
0
0
0.2
0
0
0
1.224
0.1
0.3
0
0.1
0.2
1.836
0
1.424
0.1
1.224
0
0.1
0
0
0
0.1
0
1.424
0
0
0
1.224
0.2
1.836
0
0
0
0
0
0.1
0.1
1.224
0
0
1.224
1.224
0
0
0
0
1.224
1.224
0.1
0.1
0
0.1
0
0
0
0.3
0
1.524
0
0
0
0
0
1.224
1.224
0
1.836
0
0
0.2
1.836
0
0
1.424
0.3
1.224
1.224
0.2
1.224
0
0
0
0.1
0
0
0
0
0
0
0
0.1
0
0
1.836
0
0
1.224
0
0
0
0
0
0.2
0.1
1.224
0
1.224
0
0.1
0
1.224
0
0.1
0
0
0
0
1.836
0
1.224
1.224
0
0
0
0
0.1
0
0
0
0
0
1.936
0
0.1
0.1
1.224
0
1.936
0
1.836
0.1
0.1
0
1.224
0
1.224
0.1
0.2
0
0.1
0
0
0.2
1.624
0.2
0
0
0
0
1.224
0
0
0
0
0
0.1
1.524
1.224
0
0
1.224
0
0
0
0
1.224
1.224
0
1.224
0
0
0
0
1.224
0.1
0
0.1
0
0
0.1
0
1.224
0
0
0.2
0.1
1.224
0
0.1
0
0
0.1
1.224
0
0.1
1.224
0.2
0
0
0
0
0
0
0
0.1
0
0.1
0
0
0
0
1.836
1.224
1.224
1.224
0
0
0
0
1.224
0
0
1.224
0
1.224
0
0
0
0.2
0
0
0
0
1.224
0
0
0
0.1
0
0
1.224
0.1
0
0
0
0
1.224
0.1
0.1
1.936
1.224
1.224
0.2
0
1.224
0
1.224
1.836
0
0
0
1.324
1.224
0
0
0
0
0.1
0
0
1.224
0
1.224
0
1.224
0
0
0
0
0
0
0.1
0
0
1.224
1.224
0
0
0
0
0.1
0.1
1.936
1.224
0.1
0
3.06
0
1.224
0
1.324
0
0
0.2
1.224
0
0
0.2
0
0
0
0
1.224
0
1.424
0
0.2
0
0.1
1.836
0.1
0
0.1
0.4
0
0
0
0
0
0.1
0
0
1.836
0.1
0.2
0
0
0.1
0
0.3
0
0
1.224
1.224
0
0
0.1
0.2
0
0
0.1
0
0
0
0
0
0
0
0.1
0
1.424
0.1
0
0
0
0.2
0
0
0
0
1.936
0
0.2
0
1.836
0.2
0
0.1
0.1
1.224
1.224
0.1
1.936
0
1.836
2.536
2.036
0.1
1.324
0
0
0.2
0
1.936
0
0
0
0.1
0
0.1
1.836
1.224
0
2.336
0
0.1
0
0
0
1.224
0
0
0
1.224
1.936
1.224
1.324
0
1.224
0.3
0
1.324
1.224
1.224
0
0
0
0
0
0
0
1.224
0.1
0
0
0
1.224
0.1
0
0
0.1
0.1
1.1
0
0
1.224
0
0
0.1
0.2
0
1.824
1.224
0
0
1.224
0
0
1.724
1.624
1.424
0
1.324
1.224
0
1.224
0.1
0
0
1.724
0
0.2
0
1.224
1.224
0
0.5
0.2
0
0
0
0
0
1.424
1.324
0
0
1.224
1.424
1.224
0.2
0.1
0
0
0.1
0
0.2
0.1
0
0
1.324
0
0.1
0.1
0
0
0.4
1.624
1.224
0
0
0.3
0.1
1.424
0.1
0
0.1
0.1
1.224
0
0
0.2
0
0
0
0
0
1.324
1.424
0.1
0
1.224
1.324
1.224
0
0.1
0
0
0
0.1
1.224
0
0.1
0
1.324
0
1.224
0
1.324
0
0
0
1.324
0.1
0.2
1.324
0
0.8
1.224
1.224
0
1.524
1.836
0.1
0
0.3
1.324
0
0
0.1
0
1.224
1.324
0
0
1.324
1.224
0.1
0
0
3.26
0
1.224
0
0.2
0
1.624
0
0.1
0
0
1.424
0.2
0.6
1.324
0
1.224
0.4
0
1.324
0
0
0.1
0
0
0
1.424
1.724
1.324
1.224
0
1.224
0
0
0.4
0
0.2
0.1
0
0
0.1
1.324
0
1.224
1.224
0
0.1
0
0.1
0
0.1
0
1.524
1.524
1.324
1.524
0.2
0
0
0
0
0.4
1.224
0
0.2
0
0
0
0
0.2
0.1
1.224
0.1
1.324
1.224
1.324
1.324
0
1.524
1.224
0.2
0
0
1.324
0
0
0
1.324
0
0
0
1.224
0.1
0
0.1
0.1
1.324
0.1
1.224
0
1.224
0
0
1.324
0
0
0
0
0.1
0
1.224
1.224
1.224
1.224
1.224
1.624
0.2
1.224
0
0.1
0.1
0
0
1.524
0
1.224
1.224
0.1
0.1
0
0
0
1.324
0
1.224
0
1.324
0
1.224
0
0
0
0
0.3
1.524
0.2
1.324
1.224
0
1.424
1.324
0.2
0.1
0
1.224
0.1
1.224
0.2
0
1.224
1.224
0
1.224
0.3
1.324
1.324
0
0
0.1
0
0
0
0.4
0
0.2
0
1.224
0
0
0
0.3
0
1.224
0
1.224
0
0
0
0
1.224
0
1.224
0
0
0
1.224
0
1.324
1.624
0.1
0
0.2
1.324
0.1
1.324
0
0
1.424
0
0
0
0.1
1.224
0
1.624
1.424
1.224
1.424
1.224
1.724
0
1.324
1.224
0.1
0
1.624
1.836
1.824
0
1.224
0
0
1.324
1.224
0.1
0.6
1.224
0
0
0
0.1
0.1
1.224
0
0
1.224
1.224
1.224
1.224
1.224
0
1.224
1.324
1.724
0.4
0
1.324
0
0.1
0
0.2
0.1
0.2
0
0
0
0.3
1.424
0.1
1.224
0
0
0
1.224
0.3
1.224
0.1
0.2
0
0
1.524
0.3
1.224
0
0
1.424
0
0
0.2
1.224
0
0.2
0
1.224
0.1
0
0
0
1.424
0
1.224
0
1.224
0
1.324
0.2
0.2
0
1.324
1.324
0
0
0
0.1
0
1.524
1.224
0
1.324
0
1.224
1.324
0
1.224
0
0
0.1
0
0
1.224
0
0.3
1.224
0.1
0
0.3
0
1.224
1.424
0
1.224
0
0
0
1.324
1.224
0
0.3
1.624
0
1.224
0
0
0
1.324
0
0.1
0.2
0
0
1.224
1.424
0.1
0
1.424
0
0.4
0
1.224
0
0.1
1.324
0
0
1.224
0
1.424
0.2
1.224
1.524
0.3
0
0.1
1.224
0
0
0.1
1.224
0
0
0
0
0.4
0.1
1.324
1.224
1.324
0.2
0.1
1.224
0
0
1.224
0
0.5
1.324
0.1
0.4
0
0
1.224
1.224
1.324
0.1
1.224
1.224
1.324
1.424
1.324
0.5
1.424
0.1
1.424
0.2
0
1.224
0
1.424
0
0
1.324
1.224
0
0
1.224
0
0
0
0.1
0
0
0
1.224
0.1
1.324
1.524
0.1
0
0
0.1
0.4
0
0
0.1
0.6
0
0
0
0
1.324
1.324
0
1.224
0
0
1.224
1.424
0.1
0.1
0.1
1.424
0
1.324
0
0
0.1
1.424
0.2
0.1
1.324
0
0
0
1.224
1.224
0.1
1.424
0.1
1.324
0
0.9
1.524
1.224
1.424
0.1
0
0.5
0.6
1.224
1.524
0
0
0.2
1.324
0.1
1.424
0
0.1
0.1
1.224
0.1
0.4
1.224
0
0
0
1.324
1.224
1.524
0.1
1.424
0
0
0
0.2
1.224
0
0.1
1.624
0
0.2
0.1
0.1
0.1
1.224
1.324
1.424
0.2
1.224
1.224
1.224
1.224
1.324
0.1
1.424
1.224
0
1.424
1.324
1.224
1.224
0
1.324
0.3
0
1.324
1.224
1.524
0
1.224
0
1.224
0
0
1.324
0.2
0.3
0.1
1.524
0.2
1.836
2.436
1.836
2.236
1.836
1.836
0.1
1.424
0
0
0
0
0
2.036
0
1.324
1.224
0.1
1.624
1.224
1.224
1.324
1.324
0
0.1
0
3.06
1.224
0
0
0
1.224
0
0.1
0.1
0.1
0
0
1.324
0
1.224
0.1
0
0
0
0.1
0.1
1.324
0.1
3.06
1.324
0.1
0.1
1.224
1.836
0
0
0.1
0
1.224
0
0
1.324
0
0
0
0.1
1.836
0
0.1
0.1
0
0
0
0.1
0
3.06
0.1
1.224
0.2
0
0
1.224
0
0
0
0.1
0.2
1.224
1.324
1.424
3.06
0
0
0
0
0
0
0.1
1.324
1.224
0
1.836
0
1.836
0
0
0
0
0
1.224
0
1.936
2.524
1.224
1.424
1.324
0.3
1.324
