2.124
0.1
2.624
0
1.324
1.424
1.224
1.224
2.548
1.224
2.448
2.548
1.424
1.624
1.624
0
0
0
0
0
1.224
1.524
0
0
1.524
0.1
0.1
0.2
1.224
0.1
0
1.224
2.824
1.324
0.5
2.324
1.324
1.224
0.2
1.924
1.324
2.324
0
0
0.2
1.324
0
0.3
1.524
3.048
1.224
0.2
3.248
0.1
0.1
0.1
1.224
0.1
1.324
1.724
1.2
0.3
0.2
0.3
0
1.324
0.1
0.2
1.424
1.4
1.824
2.648
1.524
1.324
2.524
1.624
0
0.1
0
1.224
2.224
0.1
1.324
0.1
0
0
0
0
0
0.6
1.224
0
0
0.1
0
2.548
2.648
1.224
0
0
0.1
0.3
0.3
1.224
0.1
1.224
1.224
1.2
0
1.524
2.024
0
1.224
1.224
0.2
0.3
1.224
0.3
1.424
1.324
2.3
0.1
0
1.924
0
1.224
1.324
1.324
0
1.724
1.424
0.2
0
0.3
1.224
0.8
1.824
1.224
1.524
0.8
1.224
0.2
0
1.924
0
0
1.524
0
1.324
0
1.224
1.224
1.324
1.224
1.924
1.624
0.1
0.2
1.424
0.1
1.324
0
1.224
0
0.1
0.3
0
1.324
0.1
2.7
1.224
1.824
1.224
1.324
1.224
1.624
0.1
0
1.224
1.924
1.824
4.424
1.324
2.448
1.924
2.948
3.448
2.648
1.524
2.448
1.624
3.872
2.648
3.248
2.448
3.148
2.548
2.548
1.224
0.2
1.424
0
0
0
2.524
0
1.224
2.748
1.424
1.324
1.224
1.524
0.2
0
1.224
2
1.224
0.8
0
0
0
1.224
2.224
1.224
1.224
1.524
1.224
1.224
1.624
2.448
1.324
1.224
1.224
0.1
1.224
0
3.024
1.324
0
1.324
0
1.624
1.424
0
0
0
0
0
1.224
0.4
0
0
0.1
0
0
1.224
0
0.3
1.324
1.424
1.324
1.224
1.324
0.4
1.224
1.224
0.4
1.224
1.224
1.224
1.224
1.324
1.224
1.324
0.4
0
1.224
0
2.548
1.224
0
0
1.824
1.224
1.224
1.224
1.224
1.324
1.324
1.224
1.324
1.224
0
0.6
0
0
0
0
0
1.224
0
1.324
0.4
0.2
0
0
0.1
1.524
0.1
1.224
0.2
0
1.224
0
0
1.224
1.224
1.224
0
1.324
1.224
0.1
1.524
0.1
0
1.224
0
0.1
0.1
0
0.8
0
0
1.324
1.324
0
0
0
1.924
1.224
0
2.448
1
0.1
1.324
1.624
2.448
1.324
0.2
1.224
2.548
1.224
0.6
1.8
0
0
1.224
0.2
0
3.972
3.672
0
2.448
2.448
1.224
0.1
0
2.448
0
1.224
1.224
1.224
0.1
1.224
0
0
0.7
0.2
0
0
1.224
1.624
0
0
0
0.1
1.324
2.648
1.224
0.1
0
2.548
1.2
0
0.2
2.448
0
1.524
1.224
0
1.224
1.224
1.224
1.224
1.224
2.448
1.224
1.224
1.324
1.324
1
1.524
1.224
0
0.2
0.1
1.324
0
0.1
0.1
1.224
1.424
1.524
0.7
1.224
1.224
0
2.548
1.524
1.524
0
1.624
1.424
0.4
1.424
0
1.224
1.424
1.324
1.424
1.224
0.1
0
1.324
0.1
1.224
0
1.224
1.324
1.324
0.2
0
0
1.424
0
1.224
0
0.1
0
1.824
1.224
1.224
1.324
0.4
1.224
0
0.2
2.824
0.4
0
2.324
1.924
0
1.324
1.524
1.524
0.1
0
0.1
0.2
1.224
0
1.224
0.1
0
0
1.224
1.324
0
1.224
1.224
0
1.224
1.224
0.1
0
0
1.224
3.524
1.324
0.1
1.524
0.3
1.224
0
1.224
1.424
0.3
0
0
1.224
1.524
1.324
1.224
1.224
1.324
0.1
2.448
1.224
0
1.2
1.324
1.224
1.224
0
1.624
1.624
1.324
0.1
1.224
1.324
1.824
1.924
2.448
0
1.424
1.224
1.324
1.224
1.324
0.1
1.224
0.4
1.224
0.1
1.324
1.924
1.324
1.224
1.324
1.224
0
1.424
1.624
1.224
0.2
1.224
1.424
1.224
0
0.1
1.524
0.1
0
0.2
2.448
1.524
1.524
2.448
2.448
1.224
0.2
1.224
0
1.324
0
0
1.224
1.224
2.224
1.324
0
1.224
0
0
1.424
1.324
1.224
0.1
1.224
1.324
1.224
0
0.3
0
1.224
1.224
1.424
0
1.224
1.224
0
0.1
0
1.524
0
0.3
1.224
0
0
1.224
0.1
1.624
0
0
0.6
0
0
2.224
1.724
2.448
0
0.1
0
1.224
0
0
1.324
3.948
0
0
1.324
1.324
1.224
1.224
0.1
1.224
0
0
1.224
0.1
1.324
1.224
0
2.324
1.224
1.224
0.4
0
1.424
0
1.224
1.224
0
1.224
1.224
1.224
1.224
0
0
1.924
0
2.948
1.224
0
1.224
0
0
2.448
1.224
1.224
1.324
1.224
1.224
1.324
0
1.224
1.324
2.548
1.624
1.224
1.324
0.5
1.224
1.324
0.1
1.224
1.624
1.324
0
1.424
0
0
0
1.224
0.1
0
0.1
1.224
1.224
1.224
2.548
0.1
0.1
1.224
0.1
0.1
1.624
1.324
1.224
1.324
1.224
1.224
0.1
0
1.224
0
1.724
1.324
0
0.2
1.224
1.324
0.1
1.224
1.224
0
0
1.324
0
0.9
1.224
0.2
1.224
0
1.224
1.224
1.224
2.724
0
2.448
0.2
1.424
0.4
1.224
1.224
1.424
1.224
2.648
0
1.424
1.224
0.4
1.224
1.224
1.224
1.224
0.9
6.348
0
0.1
0.2
1.224
1.224
1.224
1.224
1.224
0
1.224
0.1
1.424
2.548
1.224
0
0
1.224
1.224
1.324
1.224
0
2.448
2.548
1.424
1.324
0
1.324
1.224
0.1
1.224
0.3
0.3
1.424
1.224
0
0
0
2.448
0
0.3
0.4
1.224
1.224
1.224
1.224
1.224
0
0.1
1.224
1.324
1.224
1.224
1.624
1.224
1.224
1.324
0
0
1.224
1.224
1.424
0
1.424
1.224
0
1.224
0
0.1
1.224
1.324
2.748
0
0
1.324
1.224
1.224
1.224
0
1.224
0.1
1.224
0
0
0
1.824
1.224
1.224
1.224
0.1
1.224
0
1.424
0
1.224
1.224
0
2.448
2.024
0
0
1.224
1.224
2.448
1.224
0.1
1.424
1.624
1.224
1.824
0
2.448
1.224
1.224
1.324
1.224
1.324
1.524
1.924
1.224
0
1.324
0
1.324
1.324
0
1.424
2.448
0
1.524
0
2.448
1.224
1.224
0.1
0
0.1
0
0
0
1.224
1.224
1.224
0.1
0.1
0
0
0.1
1.424
1.224
1.224
0
0
2.448
0
3.048
1.224
1.424
1.224
1.224
0.2
1.424
0
1.424
2.024
1.224
1.224
0
1.224
2.548
1.324
3.048
0
1.724
1.324
1.724
0.1
1.324
1.224
0.4
1.224
1.224
1.224
1.224
1.224
1.224
1.424
1.224
1.224
1.224
1.724
1.424
1.224
1.224
0.6
0
1.424
0
0
1.224
1.324
0
0.2
1.424
1.324
1.324
1.224
0.5
0
0
1.224
1.224
1.224
0
0.4
0.3
2.448
6.272
2.648
1.224
1.224
1.224
0
1.224
1.224
0
1.224
0
1.224
1.324
1.224
1.224
1.324
1.224
1.424
1.524
1.224
1.224
1.524
0.2
0
1.324
2.324
1.524
0.3
2.448
0
1.224
0.1
1.624
1.424
0
1.224
0
0.5
0
0.5
0.3
2.448
1.224
1.624
1.324
0.2
0
0.2
1.424
1.324
0.4
1.424
0
1.224
1.224
1.224
1.224
0
1.224
0.3
1.324
2.324
2.948
1.224
0
1.324
0
1.224
0.1
1.324
1.224
1.324
0.5
0.1
0.1
1.224
1.324
0
0
1.224
1.424
1.324
4.424
0
1.424
1.224
1.324
0.5
0.1
0.3
0
3.348
2.648
0
0
1.224
1.224
2.448
4.772
4.472
3.148
1.524
2.548
2.648
1.224
2.448
1.524
1.424
2.548
3.448
2.548
3.148
1.324
4.072
3.672
2.748
2.724
3.648
2.448
2.848
1.424
1.324
3.148
4.772
5.172
1.324
2.448
3.772
2.648
2.448
4.248
2.548
2.948
1.224
3.048
1.224
3.248
1.424
2.448
2.448
3.048
1.324
1.224
1.424
1.324
1.324
1.624
5.772
3.672
2.648
1.224
3.948
2.548
4.072
2.448
1.324
1.324
2.648
3.648
2.548
2.548
3.348
2.748
2.548
3.048
1.524
2.648
5.572
2.648
2.548
1.224
2.648
2.548
2.548
2.548
2.548
1.324
1.224
1.324
2.448
2.448
2.648
1.324
2.448
3.548
1.324
3.772
1.324
3.148
2.848
1.624
2.848
3.772
2.848
4.148
2.748
2.448
3.024
2.448
2.448
2.748
4.972
3.548
2.124
3.348
2.024
2.648
1.324
1.224
1.324
1.224
2.548
2.748
2.548
2.448
3.672
2.448
3.248
2.748
1.224
3.772
2.448
2.448
2.548
2.024
2.448
3.148
1.224
2.848
1.424
1.624
5.472
3.248
4.448
4.772
2.748
3.972
2.924
2.448
2.448
2.948
1.324
3.048
2.448
1.324
1.424
2.648
3.748
2.548
2.448
2.648
4.372
2.648
2.948
4.248
1.324
3.748
1.724
2.448
2.448
1.324
3.872
2.448
2.548
2.448
2.448
1.324
2.548
2.448
2.548
3.248
2.648
2.948
3.872
2.548
4.672
1.624
1.224
1.324
2.548
2.424
2.124
2.448
1.224
1.624
1.224
2.548
2.748
1.724
3.348
3.348
2.448
1.524
2.848
2.548
3.148
3.772
1.224
4.372
2.448
2.524
2.024
1.224
4.172
2.448
1.224
2.648
12.872
2.548
2.448
2.648
2.648
2.748
2.548
2.448
4.048
4.172
4.548
3.672
2.448
3.872
1.324
2.448
2.448
1.324
2.748
2.448
2.748
1.824
1.324
2.948
2.548
3.448
2.448
2.848
4.472
2.524
3.772
1.924
2.748
1.424
1.224
2.448
5.672
1.424
2.448
2.448
2.548
1.324
2.648
2.448
3.248
2.748
2.848
2.448
2.648
2.648
2.448
2.748
1.224
2.448
2.648
2.448
4.148
4.748
3.148
2.548
2.548
1.324
6.372
4.672
2.448
1.724
2.448
3.672
1.324
2.548
1.724
1.224
2.548
3.872
2.748
2.548
1.724
4.172
2.848
1.424
1.324
1.224
2.448
1.224
1.224
3.148
2.748
2.748
2.648
2.748
1.324
2.548
2.548
3.048
1.424
3.448
2.648
3.248
1.224
2.448
1.324
2.548
2.548
2.448
2.448
2.448
2.448
2.448
3.772
2.448
2.648
5.972
1.224
1.224
2.848
4.172
1.624
4.072
1.624
1.224
2.848
1.324
1.224
1.224
2.948
2.748
3.248
6.472
5.272
2.448
4.072
2.848
3.848
1.424
5.372
2.948
2.548
2.448
4.148
3.348
4.648
1.224
2.448
3.248
2.548
3.148
2.448
2.448
2.648
2.548
1.224
2.648
1.324
1.724
1.524
2.648
1.224
2.448
3.672
3.048
2.448
3.672
3.672
2.448
2.648
5.972
5.672
4.548
1.724
4.072
1.224
1.324
3.248
1.424
1.524
2.448
2.648
2.948
1.224
2.748
4.072
1.324
3.772
1.324
1.824
1.624
3.672
1.524
2.848
2.548
2.224
1.524
2.448
3.348
3.148
2.848
2.448
2.448
3.972
1.324
2.548
2.748
4.772
2.548
1.224
2.448
2.448
3.448
2.648
1.224
2.948
2.748
1.324
3.672
1.224
3.672
1.324
2.648
1.724
1.824
2.548
2.448
2.448
2.448
1.224
2.548
1.324
2.448
3.148
4.872
1.324
2.648
2.648
2.548
2.648
2.448
2.448
2.948
1.824
1.624
1.224
1.324
2.548
2.448
2.324
2.548
1.224
2.848
2.324
2.548
2.448
2.848
2.448
2.448
2.448
2.448
1.524
2.548
2.448
1.224
2.748
5.072
2.548
2.648
2.448
1.324
2.448
2.848
2.648
2.748
3.048
2.448
1.224
3.772
4.072
3.148
1.324
2.448
2.448
2.848
1.224
2.548
1.324
1.324
2.748
2.448
2.648
3.048
2.448
4.148
4.148
2.948
5.172
1.324
2.448
2.548
2.648
1.424
2.448
2.448
3.772
1.224
2.548
1.424
1.224
1.424
3.348
4.072
2.548
3.948
2.648
2.848
3.148
2.448
1.224
2.548
1.324
3.148
4.372
2.948
2.748
2.448
1.224
2.548
3.148
2.448
2.748
2.548
2.448
2.548
3.248
4.772
4.148
5.572
2.548
5.872
3.848
2.448
3.772
1.224
5.272
1.324
1.224
2.848
2.448
2.548
2.448
2.448
2.848
1.624
1.224
2.448
2.448
1.224
2.448
2.448
2.648
2.948
4.448
1.624
1.524
1.424
2.024
3.648
2.548
1.324
1.424
3.448
2.548
1.224
2.648
3.148
3.872
2.948
1.524
2.948
1.524
1.724
4.672
3.848
1.624
1.724
1.324
3.748
2.448
2.548
2.548
1.324
2.948
3.972
2.748
1.424
2.948
1.224
1.224
2.648
3.672
2.648
2.748
3.148
3.448
3.872
2.448
3.724
3.972
3.872
2.748
1.224
2.524
3.424
2.424
2.448
5.672
2.648
1.224
2.848
2.748
1.424
2.748
1.324
2.548
1.324
4.072
2.948
3.848
3.772
2.648
2.548
1.224
4.272
2.548
5.472
2.448
2.748
2.548
2.848
2.448
2.848
2.448
2.748
2.948
3.348
3.248
1.324
2.548
1.424
2.748
2.548
2.448
5.772
3.248
2.548
2.548
2.548
3.672
3.872
2.748
5.972
3.672
2.648
4.372
3.248
2.448
2.448
2.448
4.372
3.848
1.224
2.548
3.872
3.748
1.224
2.648
2.548
2.548
1.724
2.548
2.548
3.448
4.648
2.648
4.272
3.348
3.248
3.748
1.324
3.848
1.224
3.348
2.548
5.072
2.448
2.548
1.224
2.448
1.224
2.848
1.224
1.324
1.224
0.2
1.324
1.324
2.448
1.424
1.724
0
1.3
0.2
2.448
1.224
0
0
0
1.224
0
0.5
1.324
0.2
0
0.1
2.548
0
1.224
1.6
0.1
1.224
0
1.424
1.524
2.424
2.024
1.224
2.424
1.324
1.424
1.224
1.224
1.324
0
0.1
0
1.324
0
0
1.424
0
0.1
0.1
1.224
0.1
0.3
1.224
0
1.324
0
0
0
0.1
1.224
0
1.324
0.7
1.224
1.324
1.224
0
1.224
1.224
0
1.824
1.224
2.548
2.548
1.224
0
1.224
0
1.224
1.224
1.224
1.624
1.324
1.324
1.224
1.324
1.224
0
1.424
0.1
1.224
0
1.224
1.224
1.224
0.2
3.624
1.424
1.324
1.624
0.7
1.724
