1.724
0.2
1.824
0.1
2.448
1.324
1.424
1.224
2.548
1.224
2.848
2.448
2.548
1.524
1.624
0.1
1.224
0
0.1
0
1.324
1.524
0
0
1.324
0.1
0.1
0
1.224
0
0
1.224
1.824
1.224
1.524
1.224
1.224
1.224
0
1.624
1.224
1.724
0
0
0
1.224
0
1.524
1.424
2.848
1.224
0.1
3.148
1.224
0.1
0
2.448
1.424
1.224
1.924
1.724
1.224
0
0.3
0
1.224
1.224
1.324
1.224
1.624
1.624
3.672
2.648
1.224
1.724
1.524
1.224
0.2
1.224
1.324
1.624
1.324
1.324
1.324
0
1.224
1.224
0
0
1.924
1.224
0
1.324
1.224
1.224
2.748
2.548
2.448
0
0.1
0
1.524
1.324
1.224
0.1
1.224
1.224
0.7
1.224
1.224
2.548
1.224
1.224
2.448
0.1
0
1.224
1.424
1.224
1.224
1.724
0
0
2.648
1.224
1.224
1.324
1.224
0
2.848
1.424
0
1.224
0
1.324
0.5
1.224
2.548
1.424
0.1
1.224
1.224
1.224
1.424
1.224
1.224
1.324
1.224
1.224
1.224
1.224
1.324
1.224
1.224
1.724
1.424
1.224
0.3
1.224
0.1
1.324
1.224
1.224
1.224
0.1
1.224
0
2.448
0
1.1
2.448
2.548
2.648
1.324
2.448
1.624
1.224
1.224
1.224
1.724
1.524
3.148
1.224
3.672
1.424
3.972
2.948
3.672
2.448
3.672
1.524
3.672
2.648
4.272
3.672
2.648
2.448
2.548
1.224
0.1
2.548
0
0
1.524
2.124
1.224
1.224
2.848
1.324
1.224
1.224
1.224
0
1.224
1.224
2.224
1.224
1.424
0
1.224
1.224
1.224
1.924
1.224
1.224
1.224
1.224
1.224
1.424
3.672
1.324
1.224
2.448
0
1.224
0
3.048
1.224
0
1.224
0
1.424
1.524
0
1.224
0.1
1.224
1.224
1.224
0.5
0
1.224
1.224
1.224
0
1.224
1.224
1.224
1.224
1.324
1.224
2.448
1.324
0.2
1.224
2.448
0.2
1.224
1.224
1.224
1.224
1.224
1.224
1.224
1.724
0
1.224
1.324
3.672
2.448
1.224
1.224
2.848
1.224
2.548
1.224
1.224
1.224
2.448
1.224
1.224
1.224
1.224
1.524
0
0
0
0
1.224
1.224
0.1
2.448
0
0.4
0.2
1.224
1.324
2.648
0
2.448
1.324
1.224
2.548
0
0
1.324
1.224
1.224
0.1
1.224
1.224
0
1.224
0.2
1.324
1.224
1.324
0
0
1.224
0.2
1.324
0
1.224
1.324
1.224
0
0
1.424
1.224
1.224
2.448
2.124
1.224
1.424
1.424
2.448
1.524
0
2.448
2.548
2.548
2.024
1.824
0.1
0
1.224
1.224
0
5.196
3.772
0
2.448
2.448
2.448
0
0.1
2.448
0
1.224
1.224
1.224
0
1.224
0
1.224
1.324
0
0
0
1.224
1.524
0
1.224
0
0.1
1.324
2.748
1.324
0
0.1
2.448
0.2
1.224
0
2.448
0
1.324
1.224
0
1.224
1.224
1.224
2.448
2.448
2.448
2.448
2.448
1.324
1.224
0.6
1.224
2.548
0
0
1.224
1.324
0
1.224
1.224
1.324
1.224
1.424
0.4
1.324
1.224
0
3.672
1.324
1.324
1.224
2.448
1.424
0.2
1.324
0
1.224
2.548
1.224
1.324
1.224
0.2
1.224
1.224
0.1
1.224
1.224
2.448
1.324
1.224
0.1
0
0
2.548
1.224
1.224
0.3
1.224
0
1.624
1.224
2.448
1.224
0.2
1.224
1.224
0
2.024
0.3
0
1.324
1.524
0
1.224
1.524
1.224
0.1
1.224
0
0.2
2.448
0
1.224
0.1
0.1
0
2.448
1.224
0
2.448
1.224
1.224
1.224
2.448
0
0
0.1
1.224
1.924
1.224
0.2
2.448
0.1
1.224
0
2.448
1.324
0.2
0
1.224
1.224
2.448
1.324
1.224
1.224
2.448
0
2.448
1.224
1.224
1.524
1.324
2.448
1.324
0
1.324
2.548
2.448
0
1.224
1.224
1.224
1.624
2.448
0
2.548
1.224
1.224
1.224
1.224
0
2.448
1.324
1.524
0.1
1.324
1.524
1.224
2.448
1.224
1.224
0
1.224
1.224
1.224
0
1.224
1.224
1.224
0
1.424
1.224
1.224
1.224
1.324
2.548
2.648
1.224
2.448
2.548
1.224
0.1
2.448
0
1.224
0
0
1.224
1.224
1.624
1.324
0
2.448
0
0
1.224
1.224
1.224
0.1
1.224
1.224
1.424
1.324
0.3
0
2.448
1.224
1.224
0
1.224
2.448
0
1.224
0
1.224
0
0
1.324
0
0
1.224
1.224
1.224
1.324
0
0.3
0
0.1
2.024
1.424
2.448
0
0.1
0
2.448
0
0.1
1.324
3.048
0
0.1
2.448
1.224
1.224
2.448
0.1
1.224
0
0
1.224
0.1
1.324
1.224
1.224
1.724
1.224
1.224
0.1
0
1.224
1.224
1.224
1.224
0
1.324
1.224
1.524
1.224
0
0
1.724
0.1
2.748
1.324
1.224
2.448
0
0
3.672
1.224
1.224
1.224
1.224
1.224
2.648
0
2.448
1.224
2.548
1.324
1.224
1.324
0.2
1.224
1.224
0
1.224
2.648
1.224
0
1.224
0
0
1.324
1.224
0
1.224
0
2.448
1.224
1.224
2.448
0
1.324
2.448
0
0
1.324
1.224
1.224
1.224
2.448
1.224
0
1.224
1.224
0
1.524
1.324
0.1
0.1
1.324
1.224
1.224
1.224
1.324
0
0
1.224
0
0.3
1.224
0
1.224
0
1.324
2.448
1.224
1.724
0.2
2.448
1.324
1.224
1.324
1.224
1.424
1.224
2.448
2.448
1.224
1.224
1.224
1.224
2.448
1.224
1.224
2.448
0.4
3.648
0.1
0.1
1.524
2.448
2.448
1.224
1.224
1.224
0
1.224
1.224
1.224
2.448
1.224
1.224
0
1.224
1.224
1.424
1.224
0
2.448
2.448
1.224
1.224
1.224
1.224
1.224
0
2.448
0.1
0.1
1.524
1.224
0
1.224
0
2.448
1.224
0
1.624
1.424
1.224
1.224
1.224
1.224
0
1.224
2.448
1.324
1.224
1.224
1.624
1.224
1.224
1.224
0
0
1.224
1.324
1.224
0
2.448
1.224
0.1
2.448
0
0
1.224
1.224
2.448
1.224
1.224
2.448
1.224
1.224
1.224
0
1.224
0
1.224
0
1.224
0
1.524
1.224
2.448
2.448
0
1.224
1.224
2.448
1.224
1.224
1.224
0
2.448
3.048
1.224
0
1.224
1.224
2.448
1.324
0
1.224
1.424
1.224
2.648
1.224
2.448
2.448
1.224
2.448
1.224
1.324
1.424
3.148
1.224
0
1.224
0
1.224
1.224
0
1.324
2.448
0
1.324
0
2.448
1.224
1.224
0
0
0
1.224
0
1.224
2.448
1.224
1.224
0
1.224
1.224
1.324
0.3
2.548
1.224
2.448
0.1
0
2.448
1.224
2.548
2.448
1.424
1.524
1.224
0
2.448
0
1.424
1.524
1.224
2.448
0
2.448
2.648
2.448
2.648
1.224
3.148
2.548
1.224
1.224
1.424
2.448
1.524
2.448
1.224
1.324
1.224
1.224
1.224
1.324
1.224
2.448
1.224
1.224
1.424
1.324
1.224
1.424
1.224
2.648
1.224
0
1.224
1.224
0.1
0
2.648
1.224
1.324
1.224
1.424
0
1.224
1.324
1.224
1.324
1.224
1.224
1.224
2.448
4.372
2.448
1.224
2.448
2.448
1.224
1.224
1.324
1.224
2.448
1.224
1.224
1.424
1.224
1.224
1.424
1.224
1.424
2.448
1.224
1.224
2.648
0
0
1.224
1.624
1.224
0.2
2.448
0.1
1.224
1.224
2.748
1.224
1.224
2.448
0
0.8
0
1.324
0.1
2.448
1.324
2.648
1.324
0.1
0
0
1.324
1.224
1.224
1.224
1.224
1.324
1.224
1.224
1.224
0
1.224
2.024
1.224
1.424
2.548
1.224
1.224
1.324
1.224
2.448
0
1.224
1.224
1.224
0.3
1.224
0.1
1.224
1.324
0.2
0
1.224
1.224
1.324
2.524
0
1.324
1.324
1.224
0.3
0
0
0
2.948
2.648
1.224
0
1.224
2.448
2.448
5.772
3.772
2.948
1.224
2.648
2.448
2.448
2.548
2.448
1.324
2.448
4.348
2.448
2.748
1.324
5.096
3.672
2.448
2.948
2.848
3.672
3.772
1.524
2.448
3.972
4.172
3.972
2.548
2.448
3.872
2.748
2.448
3.948
2.648
2.448
2.448
2.648
1.324
2.948
2.548
2.448
3.772
3.148
2.448
2.548
2.448
1.224
1.424
2.548
4.272
3.672
3.672
1.224
4.572
2.448
3.772
2.448
2.448
2.548
3.872
3.748
2.448
2.448
2.448
2.548
2.448
3.972
2.548
2.448
3.972
2.648
2.448
1.224
2.548
3.972
3.772
2.448
2.548
1.324
2.448
1.324
3.672
3.672
2.448
2.548
2.448
2.848
2.548
3.672
2.448
2.948
2.448
1.224
2.548
3.772
2.448
2.948
2.648
2.448
2.224
2.448
2.448
2.648
5.372
3.872
2.748
3.772
1.624
3.772
1.224
1.224
1.224
1.324
2.748
2.548
2.448
2.448
3.772
2.448
2.848
2.548
2.448
3.872
3.672
3.672
2.648
1.724
2.448
2.848
1.224
2.648
2.548
2.548
4.172
2.548
4.472
3.672
2.548
3.672
3.248
2.448
2.448
2.448
2.448
2.848
2.448
2.448
2.648
2.748
4.548
3.772
2.448
2.448
5.772
2.648
2.448
3.248
1.224
3.972
1.224
2.448
2.448
1.524
3.772
2.448
2.448
2.448
2.548
1.324
2.448
3.672
3.672
3.772
2.648
3.048
4.996
3.772
3.972
1.624
1.224
1.224
2.448
3.248
1.624
2.448
2.448
2.448
1.224
3.672
2.548
2.648
2.748
2.648
2.448
2.748
2.548
4.272
4.572
3.872
2.548
4.172
2.448
1.824
2.848
2.448
3.772
2.448
2.548
2.448
4.172
2.448
2.448
3.672
2.548
2.448
3.672
2.448
2.848
9.696
3.248
3.872
2.448
5.096
2.548
2.448
2.548
1.224
2.448
2.448
2.548
1.424
2.448
2.448
2.448
2.748
2.448
2.448
4.372
1.824
3.672
3.448
2.548
2.648
2.448
2.448
4.972
1.424
2.648
3.672
2.548
2.448
3.872
2.448
4.372
2.548
3.872
3.772
2.748
2.448
2.448
2.448
2.448
2.448
2.448
3.672
2.848
4.048
3.872
2.548
2.548
2.648
4.472
4.072
2.448
2.648
2.448
3.672
2.448
2.448
2.748
1.224
2.548
3.672
2.548
2.548
1.324
3.872
3.748
2.548
1.224
1.424
2.448
1.224
2.448
4.072
2.448
2.548
2.448
2.448
2.448
2.448
2.448
2.548
1.224
4.048
2.648
2.648
2.448
3.672
2.448
2.448
2.548
2.548
2.648
2.448
2.448
3.672
3.672
2.448
3.872
4.572
1.324
2.548
3.972
3.972
2.648
3.872
2.648
1.224
4.148
2.548
1.324
2.448
2.648
2.548
3.348
4.372
4.172
3.672
3.972
3.048
3.748
1.224
4.272
2.548
3.672
2.448
3.448
2.948
4.648
1.324
2.548
3.872
3.672
2.648
2.548
2.448
2.848
2.448
1.224
2.448
2.548
1.324
1.424
3.772
1.224
2.448
3.772
2.648
2.448
3.672
3.672
2.448
2.448
4.072
4.872
3.148
2.648
4.172
1.224
2.448
4.172
1.324
1.524
2.548
2.448
3.972
1.224
2.448
3.672
1.424
3.772
1.224
2.748
1.324
3.672
1.524
2.448
3.672
2.848
2.448
3.672
4.872
2.848
2.548
2.448
2.448
5.296
2.448
3.672
2.548
4.272
2.448
2.448
2.448
3.672
2.848
2.448
1.324
2.548
3.772
2.548
3.672
2.648
3.672
2.448
2.448
1.624
1.224
2.448
2.448
2.648
2.448
1.224
2.448
2.648
3.672
3.148
4.072
2.548
2.448
2.548
2.648
2.448
2.448
2.548
3.672
2.548
2.748
1.324
1.224
2.548
2.448
2.948
2.648
2.448
2.448
1.724
3.772
3.672
2.848
2.548
2.448
2.448
2.448
1.324
2.648
2.448
1.224
3.872
4.472
2.448
2.548
2.448
2.448
2.548
2.748
2.548
3.672
3.972
2.448
2.448
3.772
3.972
3.672
1.324
2.448
3.672
2.648
1.224
2.448
2.448
2.448
3.772
2.448
2.548
2.748
2.448
4.572
2.948
3.248
3.872
1.324
2.448
2.448
2.548
1.324
3.672
2.448
3.672
1.224
2.448
1.424
2.548
2.648
5.472
3.872
2.648
3.948
2.548
3.872
2.648
2.448
1.224
2.448
1.324
3.972
5.196
4.472
4.072
2.448
1.224
2.748
2.548
2.448
2.648
2.548
2.448
2.748
2.848
3.772
4.472
6.172
2.448
4.172
3.972
3.672
3.672
1.224
3.872
1.224
1.224
2.648
2.548
2.448
3.672
2.448
2.648
2.448
2.448
2.448
3.672
2.548
2.448
2.448
2.548
3.972
4.872
2.548
2.448
1.324
2.548
3.148
3.772
2.448
2.448
2.948
2.548
1.324
2.648
2.748
3.872
2.548
1.324
2.748
1.224
1.324
3.872
4.248
1.224
1.724
1.224
3.048
2.548
2.448
2.448
1.324
2.548
3.872
2.448
2.548
2.748
1.224
1.224
2.648
3.672
2.448
2.448
2.748
2.948
3.872
2.548
2.724
3.772
3.772
2.448
1.324
3.548
1.824
2.224
2.448
3.972
2.448
1.224
2.748
3.772
2.548
3.048
1.224
2.648
1.324
3.772
2.948
4.472
3.672
2.548
2.448
2.448
4.772
2.448
5.172
2.448
2.548
2.448
2.648
2.648
2.648
2.448
2.748
4.272
3.948
2.548
2.548
2.448
2.648
3.672
2.448
2.448
4.472
2.648
2.448
2.848
2.448
3.672
4.896
3.772
5.996
3.772
3.872
4.172
2.948
2.448
2.448
3.672
3.872
2.848
2.448
2.448
3.672
2.648
1.224
2.848
2.748
3.772
2.448
2.448
2.548
3.148
4.072
4.072
3.972
4.072
2.648
2.648
1.424
2.748
1.224
3.972
2.448
4.072
2.448
2.448
2.448
2.448
1.224
2.848
2.448
2.448
1.224
0
1.224
1.224
2.448
1.224
1.524
1.224
0.5
0
2.448
1.224
1.224
1.224
0
1.224
0
0.3
1.224
0.1
1.224
0
2.448
0.1
1.224
0.9
0.1
2.448
0
1.524
1.324
2.948
1.424
2.448
1.724
1.424
1.224
1.224
1.224
1.224
0
0.1
1.224
2.548
0
0
1.424
1.224
0
0
1.324
0
0.1
1.224
1.324
1.224
0
0
0
1.224
1.224
0
1.224
1.724
1.224
1.224
1.224
1.224
1.224
1.224
0
1.824
1.224
2.648
2.548
1.224
1.224
2.448
0
1.224
2.448
1.224
1.324
1.224
1.324
1.324
2.448
2.448
1.224
2.448
1.224
1.224
1.224
2.448
1.224
2.548
0
2.324
1.224
1.424
1.924
0.5
1.924
