1.424
0.1
1.824
0
2.648
1.224
1.424
1.224
2.648
1.224
2.548
2.448
2.648
1.224
1.524
0
1.224
0
0
0
1.224
1.324
0
0
1.324
0
0.1
0.1
1.224
0
0
1.324
1.724
1.224
1.224
1.224
1.324
1.224
0.1
1.424
1.224
1.424
0
0.1
0.1
1.224
0.1
1.324
1.224
2.648
1.224
0
2.648
1.324
0
0.2
2.448
1.224
1.324
1.624
1.624
1.324
0
0.3
0.3
1.324
1.324
1.224
1.224
1.624
1.324
3.872
2.448
1.224
1.924
1.524
1.224
0.2
1.324
1.224
1.424
1.324
1.224
1.324
0.1
1.224
1.224
0
0
1.424
1.224
0
1.224
1.224
1.224
2.648
2.448
2.448
0
0
0.1
1.824
1.324
1.224
0
1.224
1.224
0.2
1.224
1.224
2.648
1.224
1.224
2.548
0.1
0
1.224
1.324
1.224
1.224
1.924
0
0
2.648
1.224
1.224
1.224
1.324
0
2.448
1.524
0
1.724
0
1.224
0.1
1.224
2.448
1.324
0.4
1.224
1.424
1.224
1.424
1.224
1.324
1.224
1.224
1.224
1.224
1.224
1.324
1.224
1.224
1.524
1.424
1.424
0
1.524
0
1.324
1.324
1.224
1.224
0
1.324
0
2.448
0
0.5
2.448
2.648
2.448
1.224
2.448
1.424
1.324
1.224
1.324
1.524
1.424
2.748
1.324
3.672
1.424
3.772
2.748
3.872
2.448
3.672
1.524
3.772
2.548
3.872
3.672
2.548
2.548
2.448
1.224
0
2.448
0
0
1.224
1.524
1.224
1.224
2.548
1.224
1.224
1.224
1.324
0.1
1.224
1.224
1.624
1.224
1.424
0
1.224
1.224
1.224
1.424
1.324
1.224
1.524
1.224
1.224
1.224
3.672
1.224
1.224
2.448
0
1.324
0
3.148
1.324
0
1.424
0
1.624
1.424
0
1.224
0.1
1.224
1.224
1.224
0
0
1.224
1.224
1.224
0
1.224
1.224
1.324
1.324
1.324
1.224
2.448
1.224
0.1
1.224
2.448
0.2
1.224
1.224
1.224
1.224
1.224
1.324
1.324
1.324
0
1.224
1.224
3.672
2.448
1.224
1.224
2.548
1.224
2.448
1.324
1.224
1.224
2.448
1.224
1.224
1.224
1.224
1.624
0
0
0
0
1.324
1.224
0
2.448
0.1
0.1
0.1
1.224
1.324
2.748
0
2.648
1.224
1.224
2.448
0
0
1.224
1.224
1.224
0
1.224
1.224
0.1
1.524
0
1.324
1.224
1.224
0
0
1.224
0.4
1.224
0
1.224
1.224
1.224
0
0
1.524
1.224
1.224
2.448
1.424
1.224
1.324
1.224
2.448
1.324
0
2.448
2.448
2.648
1.524
1.724
0
0
1.224
1.224
0
5.096
3.672
0
2.448
2.448
2.448
0
0
2.448
0
1.224
1.224
1.324
0
1.324
0
1.224
1.524
0
0
0
1.224
1.224
0
1.224
0
0
1.224
2.548
1.324
0
0
2.448
0.1
1.224
0
2.448
0
1.324
1.224
0
1.224
1.224
1.224
2.548
2.448
2.448
2.448
2.448
1.424
1.224
0.4
1.424
2.448
0
0.1
1.224
1.224
0
1.224
1.324
1.224
1.224
1.424
0.4
1.224
1.224
0
3.672
1.324
1.224
1.224
2.548
1.324
0
1.324
0
1.224
2.548
1.224
1.224
1.224
0.1
1.224
1.224
0
1.224
1.224
2.448
1.224
1.424
0
0
0
2.548
1.224
1.224
0
1.224
0
1.324
1.324
2.548
1.224
0
1.324
1.224
0
1.824
0.2
0
1.324
1.424
0
1.324
1.324
1.424
0.1
1.224
0
0
2.448
0
1.224
0
0
0.1
2.448
1.224
0
2.448
1.224
1.224
1.224
2.448
0
0
0
1.324
1.324
1.224
0
2.548
0.1
1.224
0
2.448
1.224
0.1
0
1.224
1.224
2.448
1.224
1.224
1.224
2.448
0.1
2.448
1.224
1.224
1.624
1.224
2.448
1.324
0
1.324
2.448
2.448
0
1.224
1.224
1.224
1.424
2.448
0
2.448
1.224
1.224
1.224
1.424
0
2.448
1.224
1.324
0.1
1.724
1.324
1.324
2.448
1.224
1.224
0.1
1.224
1.224
1.324
0
1.224
1.224
1.224
0
1.324
1.324
1.224
1.224
1.224
2.448
2.648
1.224
2.448
2.448
1.224
0
2.448
0.1
1.224
0
0
1.224
1.324
1.624
1.424
0
2.448
0
0
1.224
1.224
1.224
0
1.224
1.224
1.224
1.324
0.1
0.1
2.448
1.324
1.224
0
1.224
2.548
0
1.224
0
1.324
0
0
1.424
0
0
1.224
1.224
1.424
1.224
0
0.2
0
0
1.724
1.324
2.448
0
0
0.1
2.548
0
0.1
1.224
2.448
0
0
2.448
1.224
1.324
2.448
0
1.224
0
0
1.224
0.1
1.324
1.224
1.224
1.224
1.224
1.224
0
0
1.224
1.224
1.224
1.224
0
1.624
1.224
1.224
1.224
0
0.2
1.224
0.1
2.548
1.224
1.224
2.448
0
0
3.672
1.224
1.224
1.324
1.224
1.324
2.448
0
2.448
1.224
2.648
1.424
1.224
1.224
0.1
1.224
1.224
0
1.224
2.448
1.224
0
1.324
0
0
1.324
1.324
0
1.224
0
2.448
1.224
1.224
2.548
0
1.624
2.448
0
0
1.324
1.224
1.224
1.224
2.448
1.324
0
1.224
1.224
0
1.524
1.224
0
0
1.324
1.224
1.224
1.224
1.224
0
0
1.324
0
0.1
1.224
0
1.224
0
1.224
2.448
1.224
1.324
0.1
2.448
1.224
1.424
1.224
1.224
1.224
1.224
2.448
2.448
1.224
1.224
1.224
1.224
2.448
1.224
1.224
2.448
0.2
2.748
0
0.1
1.524
2.448
2.448
1.224
1.224
1.224
0
1.224
1.224
1.324
2.548
1.224
1.224
0
1.224
1.224
1.224
1.224
0
2.548
2.448
1.224
1.324
1.224
1.224
1.224
0
2.448
0
0.1
1.224
1.224
0
1.224
0.1
2.648
1.224
0
1.224
1.224
1.224
1.224
1.224
1.224
0
1.324
2.448
1.324
1.224
1.224
1.524
1.224
1.324
1.224
0
0
1.224
1.324
1.224
0
2.448
1.224
0
2.448
0
0
1.224
1.324
2.448
1.224
1.224
2.548
1.224
1.224
1.224
0
1.324
0
1.224
0
1.224
0
1.324
1.224
2.448
2.548
0
1.224
1.224
2.448
1.224
1.324
1.224
0
2.448
2.748
1.224
0.1
1.224
1.224
2.448
1.224
0
1.524
1.324
1.224
2.648
1.224
2.548
2.548
1.224
2.448
1.224
1.224
1.224
2.548
1.224
0
1.224
0
1.224
1.324
0
1.424
2.448
0
1.624
0
2.448
1.224
1.224
0
0
0
1.224
0
1.224
2.548
1.224
1.224
0
1.224
1.224
1.224
0
2.448
1.324
2.448
0.1
0
2.448
1.224
2.448
2.448
1.424
1.224
1.224
0
2.448
0
1.224
1.324
1.224
2.448
0
2.448
2.448
2.448
2.648
1.224
2.648
2.848
1.424
1.224
1.224
2.448
1.324
2.448
1.324
1.224
1.224
1.224
1.224
1.324
1.224
2.448
1.224
1.224
1.224
1.224
1.224
1.224
1.224
2.648
1.224
0
1.224
1.224
0
0.1
2.548
1.324
1.224
1.224
1.424
0
1.224
1.324
1.224
1.324
1.224
1.324
1.224
2.448
4.072
2.548
1.224
2.448
2.448
1.224
1.224
1.224
1.224
2.448
1.224
1.224
1.324
1.224
1.224
1.224
1.324
1.224
2.448
1.224
1.224
2.648
0.1
0
1.224
1.424
1.224
0.1
2.448
0
1.224
1.224
2.548
1.224
1.224
2.448
0
0.1
0
1.324
0
2.448
1.224
2.648
1.224
0
0
0
1.224
1.324
1.424
1.224
1.224
1.324
1.224
1.224
1.224
0.1
1.224
1.524
1.224
1.324
2.448
1.224
1.224
1.624
1.224
2.448
0
1.224
1.224
1.324
0.3
1.224
0
1.224
1.224
0
0
1.224
1.324
1.224
2.324
0
1.324
1.224
1.224
0.4
0
0
0
2.648
2.548
1.224
0
1.224
2.548
2.448
3.972
3.772
2.948
1.324
2.548
2.448
2.448
2.448
2.748
1.224
2.548
2.648
2.448
2.548
1.224
4.996
3.672
2.448
2.548
2.448
3.872
3.672
1.224
2.548
3.672
3.672
3.772
2.448
2.448
3.672
2.748
2.548
2.848
2.648
2.548
2.448
2.748
1.224
2.648
2.448
2.548
3.672
2.448
2.448
2.448
2.548
1.224
1.224
2.648
3.672
3.672
3.672
1.224
3.872
2.448
3.672
2.448
2.548
2.448
3.672
2.548
2.548
2.548
2.648
2.448
2.448
3.772
2.748
2.448
3.772
2.648
2.448
1.224
2.448
4.072
3.672
2.648
2.448
1.324
2.448
1.224
3.672
3.672
2.448
2.548
2.448
2.948
2.448
3.672
2.548
2.548
2.448
1.324
2.448
3.672
2.448
2.648
2.648
2.448
1.724
2.448
2.448
2.548
3.872
3.772
2.648
3.672
1.724
3.672
1.224
1.224
1.324
1.224
2.848
2.548
2.448
2.448
3.672
2.548
2.448
2.448
2.448
3.772
3.672
3.672
2.748
1.524
2.448
2.648
1.224
2.848
2.448
2.548
3.772
2.448
3.672
3.672
2.748
3.872
2.848
2.448
2.448
2.448
2.448
2.648
2.548
2.548
2.548
2.748
2.748
3.772
2.448
2.648
3.872
2.448
2.448
2.848
1.224
3.772
1.324
2.448
2.448
1.324
3.772
2.448
2.548
2.548
2.548
1.324
2.548
3.972
3.672
3.772
2.648
2.748
4.996
3.772
4.072
1.224
1.224
1.224
2.448
2.848
1.724
2.448
2.448
2.548
1.224
3.672
2.548
2.648
2.548
2.948
2.448
2.448
2.548
3.772
3.772
3.772
2.448
3.772
2.448
1.624
2.748
2.448
3.772
2.548
2.448
2.548
3.872
2.448
2.448
3.672
2.548
2.448
3.672
2.548
2.648
5.096
2.648
4.672
2.548
7.596
2.548
2.448
2.548
1.224
2.448
2.448
2.648
1.324
2.448
2.448
2.448
2.548
2.448
2.648
3.872
1.324
3.772
2.848
2.548
2.648
2.448
2.448
4.472
1.224
2.448
3.672
2.448
2.448
3.772
2.548
3.772
2.448
3.772
3.672
2.648
2.448
2.448
2.648
2.448
2.448
2.548
3.672
2.448
2.748
3.872
2.448
2.448
2.448
3.772
3.872
2.448
2.748
2.448
3.672
2.548
2.748
2.648
1.224
2.448
3.672
2.648
2.448
1.324
3.672
2.448
2.448
1.324
1.324
2.548
1.224
2.448
3.772
2.548
2.848
2.448
2.448
2.448
2.548
2.448
2.848
1.324
2.448
2.448
2.948
2.448
3.672
2.448
2.448
2.448
2.448
2.448
2.448
2.548
3.672
3.672
2.548
4.172
3.772
1.224
2.448
3.972
3.672
2.448
3.672
2.548
1.224
2.748
2.448
1.424
2.448
2.448
2.448
2.548
3.672
3.772
3.672
3.772
2.448
2.548
1.224
3.872
2.648
4.072
2.448
2.848
2.748
2.948
1.224
2.448
3.972
3.672
2.548
2.448
2.548
2.648
2.648
1.224
2.548
2.448
1.324
1.324
3.672
1.224
2.548
3.772
2.448
2.448
3.672
3.872
2.448
2.548
3.772
4.372
2.848
2.748
3.672
1.224
2.648
3.872
1.324
1.324
2.448
2.448
3.772
1.324
2.448
4.072
1.224
3.872
1.224
2.648
1.224
3.672
1.424
2.448
3.872
2.548
2.548
3.672
3.772
2.448
2.448
2.548
2.448
4.996
2.448
3.672
2.648
3.772
2.548
2.448
2.548
3.672
2.548
2.448
1.424
2.448
3.972
2.448
3.672
2.448
3.672
2.448
2.548
1.324
1.324
2.448
2.448
2.448
2.448
1.224
2.448
2.448
3.672
2.848
3.872
2.548
2.648
2.548
2.448
2.548
2.448
2.448
3.872
2.448
2.448
1.324
1.224
2.448
2.448
2.748
2.448
2.448
2.448
1.524
3.672
3.672
2.648
2.448
2.448
2.448
2.448
1.224
2.648
2.448
1.324
3.772
4.072
2.448
2.648
2.448
2.448
2.448
2.448
2.448
3.672
3.872
2.448
2.448
3.772
4.472
3.672
1.224
2.448
3.672
2.548
1.224
2.648
2.648
2.548
3.772
2.448
2.448
2.548
2.448
4.172
3.248
2.648
3.672
1.324
2.748
2.448
2.448
1.324
3.672
2.548
3.672
1.324
2.448
1.424
2.448
2.648
3.772
3.772
2.448
2.548
2.548
3.672
2.448
2.448
1.224
2.448
1.224
3.772
4.996
3.772
3.672
2.448
1.224
2.648
2.548
2.448
2.448
2.448
2.448
2.448
2.848
3.672
3.872
4.172
2.448
3.672
3.772
3.672
3.672
1.224
3.672
1.224
1.224
2.548
2.448
2.548
3.672
2.548
2.448
2.448
2.448
2.548
3.672
2.548
2.448
2.548
2.548
3.672
4.672
2.448
2.648
1.224
2.648
2.848
3.772
2.448
2.548
3.148
2.548
1.324
2.448
2.748
3.672
2.448
1.524
2.448
1.224
1.324
3.872
2.548
1.224
1.424
1.224
3.148
2.548
2.548
2.548
1.324
2.448
3.672
2.548
2.448
2.648
1.224
1.224
2.448
3.672
2.448
2.748
2.548
2.648
3.772
2.448
1.824
3.772
3.772
2.548
1.224
2.848
1.524
1.824
2.448
4.072
2.548
1.224
2.548
3.772
2.548
2.948
1.324
2.448
1.224
3.672
2.548
4.272
3.772
2.648
2.448
2.448
3.772
2.448
4.072
2.548
2.448
2.448
2.648
2.548
2.748
2.448
2.448
3.872
2.848
2.548
2.548
2.448
2.448
3.772
2.448
2.548
3.772
2.748
2.448
2.448
2.448
3.672
4.896
3.772
4.996
3.672
3.672
3.772
2.748
2.448
2.448
3.672
3.772
2.548
2.448
2.548
4.072
2.748
1.224
2.448
2.548
3.972
2.448
2.548
2.648
2.648
3.772
3.672
3.972
3.772
2.548
2.648
1.324
2.748
1.224
3.872
2.448
3.872
2.448
2.548
2.448
2.448
1.224
2.548
2.448
2.448
1.224
0
1.424
1.224
2.448
1.424
1.624
1.224
0.3
0.2
2.448
1.224
1.224
1.224
0
1.224
0
0.2
1.224
0.1
1.224
0
2.448
0
1.224
0.4
0
2.448
0
1.524
1.524
2.648
1.324
2.448
1.624
1.224
1.224
1.224
1.224
1.224
0
0.1
1.224
2.548
0
0
1.224
1.224
0
0
1.224
0
0
1.224
1.224
1.224
0
0.1
0
1.224
1.324
0.1
1.224
1.324
1.224
1.224
1.224
1.224
1.224
1.224
0
1.224
1.224
2.448
2.548
1.224
1.224
2.448
0
1.224
2.448
1.324
1.224
1.424
1.224
1.224
2.448
2.448
1.224
2.548
1.224
1.224
1.224
2.448
1.224
2.448
0
2.324
1.324
1.224
1.224
0.2
1.324
