1.324
1.324
0.7
1.324
0
3.46
2.548
2.448
2.648
2.448
3.972
1.224
1.224
2.748
2.748
1.224
0
1.224
1.224
1.424
1.836
2.136
0
1.224
2.548
1.224
1.324
0.1
1.224
0
1.224
0
1.724
1.224
0.1
1.224
1.224
1.224
0
1.524
1.224
2.136
0
0
0
0
0.4
0.2
1.324
1.224
0
0
1.524
0
0
0
1.324
0
1.324
0.2
0.1
0
0
1.524
1.936
1.324
0
0
0
0.4
1.424
1.224
1.524
3.16
2.236
2.848
0
1.224
0.1
1.224
0.2
0
0.1
0
0
0
0
0
0
1.424
1.224
0
0
0
0
1.324
1.424
1.224
1.324
1.324
0.1
0.2
0.2
1.224
0
1.224
1.324
0.3
0
1.224
1.224
0
1.224
0
0
1.936
1.324
0
1.224
1.224
0.8
0
1.324
1.424
0.1
1.224
1.324
0
0
0.3
1.324
0
0.1
0
1.936
0.1
0
0
0.2
2.036
2.448
1.224
1.936
0
0
0
0.1
0.1
1.424
0
0
1.224
1.224
1.224
1.524
1.324
0.2
0.2
1.724
0
1.224
0
1.224
0
0
0
0
1.224
0
2.024
1.224
1.624
0
1.224
0
0.2
0
0
1.836
1.324
1.624
0.1
2.448
1.324
1.324
1.424
1.524
1.224
1.224
1.224
2.448
2.448
2.448
1.324
1.324
1.224
1.224
2.548
1.224
0.1
3.46
0
0
0
3.46
0
1.224
1.324
0
1.224
0
3.06
1.424
0
4.896
0.3
3.06
3.56
0
3.672
0
0.1
0
0.1
0
0
0
0
0.3
1.224
1.224
1.224
0
1.836
0.1
0
0.9
1.836
1.836
0
1.836
0.2
1.836
0.1
0
0
1.224
0
0
1.724
0
0
0
0
0
0
1.836
0.1
1.224
0
0.1
1.224
2.448
0.1
0
1.224
1.424
0.2
1.324
0
3.06
1.224
1.324
0.1
0.1
0
0
0
1.224
1.224
0
0
0.1
1.224
0.1
1.224
0
0
0
1.936
1.936
0
0
0.5
1.224
0
0
0
0.1
1.224
1.224
1.324
0
1.324
1.324
0
0.2
1.424
1.224
1.224
0
0
0
1.224
1.224
0
1.224
0.2
1.224
0
1.324
1.224
1.224
0.2
0.1
1.224
0.1
0.1
1.224
0
1.824
1.224
0
3.16
3.06
0
0
1.224
1.624
2.448
0
1.324
0.5
0.2
1.324
1.836
1.224
0.2
0
1.224
1.224
1.224
0.4
0.4
1.324
1.836
1.224
0.1
1.424
2.748
2.448
1.224
1.224
1.224
0
1.224
0
1.324
3.06
0
0
0
0
1.224
1.224
0
0.4
1.224
1.224
1.224
1.324
1.524
0
0
1.224
2.036
0
1.324
1.224
0
1.224
2.448
1.824
0
1.324
1.224
1.836
1.324
1.224
1.224
0
1.836
1.224
0.3
0.1
3.16
0
0
1.936
0
1.624
0.1
1.424
3.672
1.324
0
3.06
1.224
0
0
1.836
3.06
0
1.524
1.224
0
3.16
1.224
0.1
0
1.224
1.224
0
0.2
0.2
1.624
3.06
1.324
0
2.448
1.224
3.16
1.224
1.224
1.324
1.836
0
0
0
1.936
1.224
1.836
1.224
0
0
3.16
3.36
0
0
1.624
0.2
0
0
0.2
1.424
0.1
0.1
0.5
2.136
1.224
0
1.524
0
1.224
1.324
0.2
1.524
1.836
0.1
0.1
0
1.224
3.06
0
1.324
0
0
2.548
1.324
0
1.224
0
1.836
0.1
1.836
3.672
1.224
0
0.1
0
3.16
0
0.2
1.224
1.224
0
1.836
0.1
1.224
0
1.224
0.2
0
1.836
0
0.1
3.26
1.224
1.224
0.1
0.3
0.1
1.224
1.836
1.224
0.1
0.2
0
3.672
1.224
0
0.1
0.1
1.224
1.936
0
1.324
1.324
0
1.424
1.324
0
1.224
1.224
1.224
0
0.3
3.16
0
3.16
3.06
1.424
0.1
0.1
1.324
1.836
0
0.3
0
1.836
1.224
1.224
0
0
0
3.06
3.16
0.2
3.06
2.548
1.224
1.324
0
1.224
0
1.836
0
0
0
1.724
0.2
0
0
1.224
0.1
1.936
0
1.324
1.224
0
1.324
1.524
3.772
0.3
0
1.224
0.1
0
3.772
0
1.224
1.224
1.224
1.224
0
1.324
3.26
0.1
1.224
1.224
3.06
0
0.2
3.06
1.324
0.5
0
0
1.424
1.324
1.224
1.224
0
2.136
0
1.224
1.324
0
1.324
0
1.324
0
3.06
1.836
0
0
1.836
0.1
0
0
1.224
0.2
4.284
0
0
1.224
1.224
0
1.224
1.324
0.1
1.224
3.06
0.1
0
0
3.26
0
1.224
1.424
0.4
0
1.424
1.836
1.936
0
0
0
1.324
1.224
0
0.2
0
0.1
1.324
0
1.224
1.524
2.648
0.1
1.224
2.448
1.936
1.224
0
1.224
0
1.524
0
1.524
0
1.836
0
0
0
0.1
1.224
0
0
0
0
1.224
1.224
0
0
3.872
0
0
1.936
1.224
1.224
1.224
0
1.224
0
1.224
1.224
0
1.424
1.224
1.224
0.1
0.1
0
3.06
1.224
1.836
0
1.224
0
3.56
0.1
0
0.1
1.224
1.836
0
1.836
0.1
1.324
1.324
0
0.1
0.1
0
0
1.224
0.1
1.224
0
1.224
0.1
0.1
0
0
0
0
2.024
1.724
1.224
0.1
1.524
0
0
1.224
0
1.836
1.224
1.936
1.836
0
1.424
3.06
1.224
0
1.224
0
1.324
0.1
0
2.448
2.648
0
3.26
0
1.836
0
1.324
1.224
1.424
0.1
1.836
0.1
1.224
0
0
1.224
1.836
0.3
0.2
3.16
1.224
3.06
0.1
0
1.836
0.4
3.06
1.224
0
1.224
0.2
0
1.224
0
1.224
0
0
0
0.1
1.224
1.936
1.224
1.836
1.836
1.324
0
1.224
1.224
2.448
0
1.836
0.1
1.836
2.548
1.836
1.224
1.224
1.224
1.224
0
0.1
1.224
0
0
0
0
0
4.896
1.224
0.1
0
0.2
0.1
0
1.224
0.3
0
0
0
0
3.16
0.1
1.224
0
1.324
1.224
0.1
0
1.224
0.2
2.548
0.1
1.836
0.1
0.2
1.324
1.224
0
1.836
1.224
0
0.1
1.836
0.1
1.224
0
1.324
1.224
1.224
0
1.224
0.1
0
1.224
0
1.224
0
0.1
3.06
3.06
0.1
0
0
0.1
1.424
0
0
1.224
1.224
0
1.224
0
3.16
1.224
1.324
2.036
1.836
3.06
4.996
1.224
1.524
1.524
0
0
1.224
0
3.16
0
1.524
0
1.424
0
1.936
0
1.424
0
1.324
0.1
1.224
1.324
1.836
1.836
1.836
0.1
1.836
0
0
0.1
0
0
0
0.3
0
0.1
0
1.836
3.06
2.448
1.324
0
1.936
1.324
3.06
0
1.424
1.224
0
1.836
0
1.836
3.06
3.26
3.06
1.224
2.548
3.06
1.836
1.936
1.836
0.2
3.772
0
0
0
0
0
0
0.1
0
0
0
0.3
0
1.324
1.224
0.2
0
0
0
0.2
0.1
2.036
2.448
1.224
0
0
0.2
0
0
1.836
0
1.724
3.672
0.2
0
1.224
0
0
0
0
0
1.936
0.1
1.224
0
0
0.1
1.224
0
1.224
1.224
1.224
1.324
1.524
0.1
1.324
1.224
1.224
0
0.1
0
2.448
1.224
0
0
2.448
1.324
0.1
0
0
2.448
1.324
0
0
0.1
0
0.6
0.1
0
1.224
0
1.624
0
1.324
0.1
1.624
1.224
0.1
1.424
4.896
0
1.224
2.648
2.448
2.948
1.324
2.448
5.508
1.224
2.548
1.324
1.224
1.224
2.748
1.324
1.224
2.448
2.548
3.672
1.224
1.424
1.224
1.324
1.324
2.548
1.224
1.224
2.448
2.448
2.448
1.224
2.648
3.672
4.284
1.824
2.448
1.324
1.324
1.424
2.648
1.624
1.224
1.224
1.224
2.448
3.16
1.324
1.424
1.224
1.224
1.424
2.448
2.448
1.224
2.448
1.424
1.324
2.548
1.324
1.324
1.424
1.224
2.548
3.06
1.224
1.524
1.424
1.224
1.324
1.224
1.224
2.448
2.648
1.224
1.224
2.548
4.172
3.672
1.324
3.06
1.224
1.224
1.224
1.224
2.448
1.224
1.224
1.224
2.548
1.224
2.448
1.224
2.648
1.224
2.548
1.324
2.448
1.224
1.324
2.748
1.224
1.624
4.284
2.548
1.224
2.648
1.324
1.424
1.224
3.248
2.448
2.448
2.448
2.748
1.224
2.648
3.972
1.324
1.224
3.672
3.672
1.324
1.224
1.224
2.548
1.224
2.448
1.324
3.248
1.224
2.848
2.448
1.224
1.324
1.224
2.448
1.224
1.324
2.448
1.224
2.548
1.924
1.324
2.748
1.424
1.224
1.324
1.324
1.224
1.424
2.548
2.648
2.648
2.648
1.224
2.548
1.224
1.224
1.524
1.224
1.324
1.224
1.224
1.224
1.324
4.384
1.224
2.448
2.448
3.16
2.448
1.224
1.424
1.324
1.324
1.224
2.548
2.548
2.748
2.648
2.748
2.448
2.548
1.224
1.824
3.248
3.672
1.224
3.06
2.448
1.224
1.324
1.424
1.524
1.524
2.548
1.224
2.448
2.648
2.648
2.448
1.224
2.648
2.448
3.26
1.424
1.224
2.648
1.224
1.224
1.324
2.448
1.224
1.224
1.424
2.448
1.224
1.224
1.324
1.324
2.548
1.424
2.648
3.06
2.548
1.224
1.224
10.244
2.448
1.324
1.224
1.324
1.324
1.224
2.548
4.284
4.584
2.448
4.284
4.072
2.548
3.672
1.324
1.324
3.56
1.224
1.224
2.648
2.448
3.772
2.448
1.224
1.424
1.224
1.224
1.224
2.448
1.324
2.548
1.424
4.284
1.224
2.448
2.448
1.224
1.324
1.224
1.224
2.648
1.224
2.548
2.648
1.324
2.548
2.448
1.224
1.324
1.224
4.284
1.224
2.548
1.324
2.448
4.384
4.384
1.224
3.672
2.848
2.648
2.448
1.324
2.648
2.548
1.224
1.224
1.224
1.224
1.224
1.324
1.324
2.448
1.224
1.224
1.224
1.224
3.26
2.548
1.324
2.648
1.324
1.224
1.224
1.224
2.648
2.548
2.448
1.224
1.324
1.224
2.448
1.224
2.548
2.648
2.548
1.224
1.324
2.548
1.224
2.448
1.424
1.324
2.548
1.224
3.06
1.224
1.224
3.672
3.16
2.548
2.448
2.448
2.448
4.284
2.648
1.224
2.448
5.508
1.624
1.224
2.548
1.324
2.748
2.448
2.448
1.424
1.324
3.972
2.448
1.224
1.624
2.448
1.224
1.224
3.06
1.324
2.548
2.548
1.224
1.224
2.648
2.448
2.448
2.448
2.448
1.224
5.608
2.448
4.372
1.224
1.224
3.872
1.224
1.424
1.324
1.524
1.324
1.224
1.324
1.224
2.448
3.16
2.548
2.748
2.448
1.224
1.224
1.324
2.448
3.16
4.484
1.424
1.524
1.324
1.224
2.648
1.324
2.648
1.224
1.324
2.448
1.224
1.224
1.624
2.448
1.224
1.524
1.224
2.448
1.224
3.06
3.06
1.424
2.648
1.224
2.448
1.224
2.448
1.224
2.548
1.324
1.324
1.324
2.448
3.672
1.224
1.224
1.224
1.224
1.224
2.648
2.448
1.224
2.448
1.324
2.548
2.548
1.224
2.648
1.424
1.224
1.424
2.548
1.224
3.672
1.224
1.824
2.648
1.224
1.424
3.048
1.224
2.448
2.448
1.324
2.448
1.224
1.224
1.324
3.772
3.672
1.324
1.224
5.808
1.224
2.648
1.224
1.324
1.224
2.448
1.224
1.224
1.524
1.224
1.324
3.872
3.148
1.424
2.448
2.548
1.224
1.224
1.224
2.448
1.524
1.324
2.448
1.224
1.224
2.548
1.224
2.648
1.624
3.972
2.448
2.748
3.06
1.224
2.548
2.848
3.06
1.224
2.448
2.548
1.224
2.548
1.224
1.424
1.324
5.708
2.448
2.748
1.224
1.224
2.848
1.224
2.448
2.448
1.324
1.424
2.448
1.324
1.424
1.224
1.224
2.448
2.548
2.448
1.624
4.284
3.672
2.548
2.648
2.448
1.224
2.848
1.224
2.448
1.224
1.224
2.448
1.224
2.448
2.448
2.448
2.548
2.448
1.224
1.224
2.548
1.324
1.224
2.548
1.224
1.224
1.324
1.324
2.448
1.324
2.448
2.848
1.724
1.224
2.548
1.224
1.624
1.324
1.224
1.324
1.524
1.224
1.324
1.224
1.324
4.284
2.648
3.26
2.548
1.324
2.748
2.448
2.548
2.648
2.948
1.224
2.648
1.324
2.448
1.224
2.548
1.224
5.608
1.424
1.524
5.808
2.448
2.448
1.224
2.448
2.448
1.224
2.648
1.224
2.448
3.06
3.148
2.648
2.448
2.748
2.548
1.324
1.424
2.648
2.448
4.584
1.324
1.224
2.648
2.548
1.324
2.648
1.224
1.424
3.26
2.448
1.224
1.624
2.448
1.224
1.224
3.16
2.548
2.648
2.748
1.224
2.548
1.224
1.424
1.424
1.324
2.448
1.324
1.424
3.972
1.224
1.224
1.224
1.324
1.324
4.284
2.448
2.648
1.424
2.448
2.448
2.448
2.448
2.448
1.224
2.948
2.448
1.224
4.484
2.748
4.284
2.448
1.224
2.448
1.324
1.224
2.548
2.548
4.072
1.224
2.648
1.324
2.548
1.224
1.224
2.548
1.324
1.224
1.324
2.448
1.424
1.324
1.424
1.324
1.224
1.224
3.16
1.324
2.548
1.224
1.224
1.224
3.06
2.448
1.624
4.284
1.424
1.224
1.224
2.948
1.224
1.324
2.448
1.224
0
0.4
1.324
1.224
1.224
0
0
1.324
1.224
1.936
1.224
0.2
1.224
0
1.224
1.424
3.06
1.224
3.76
0
0
3.672
1.524
0.3
1.424
0.1
1.224
1.424
0.1
3.06
3.16
0
0
1.224
1.324
0
3.06
1.836
1.224
1.424
1.224
3.672
1.836
0
0
1.424
0.1
1.224
0
0.1
0
1.224
0
1.224
0
1.224
1.224
0
0
1.324
0
1.224
0
0
1.324
1.224
3.46
1.324
1.224
0
0
0.1
0
0
0.2
0.1
1.224
1.324
0
0
0
1.224
0.2
0.1
1.224
3.06
0
1.224
1.224
0
2.124
1.324
1.424
1.424
1.724
1.424
