2.636
0.3
2.124
0.1
2.548
0
0
0
0.2
0
0
1.324
1.624
0.5
0.5
0
1.224
0
0
0
1.424
1.324
0.1
0
0.1
0.1
0.1
0.1
1.324
0
0
1.324
1.3
0
3.26
2.436
1.836
1.936
2.036
2.436
2.036
4.76
1.936
1.936
1.836
3.06
1.936
3.46
1.836
3.36
3.06
1.836
3.46
3.16
2.136
1.836
3.06
3.26
1.936
3.96
4.46
3.16
1.836
3.036
2.636
2.136
3.06
3.06
3.46
3.86
2.236
4.584
3.56
1.836
4.76
2.736
3.06
2.136
3.06
1.836
3.76
3.06
3.06
3.06
1.836
3.06
3.06
1.836
1.836
3.56
1.836
2.036
3.06
3.16
3.06
3.26
3.76
3.06
1.936
1.836
1.836
3.56
3.36
1.836
1.836
1.936
1.836
3.236
3.36
1.936
3.56
3.06
1.836
4.284
2.036
2.436
2.036
3.06
1.836
1.836
4.86
1.936
1.936
3.26
3.26
1.836
1.836
3.16
2.036
12.804
2.136
2.036
3.46
1.836
3.36
2.536
3.36
5.704
3.76
2.436
2.036
3.16
3.06
3.66
3.06
4.08
3.46
3.36
2.236
3.06
3.06
1.936
1.836
1.836
2.036
2.636
3.26
2.136
2.436
1.936
1.936
3.06
1.936
3.06
1.836
3.06
1.836
3.06
1.936
3.636
3.16
3.36
5.304
1.836
5.304
3.66
4.08
3.06
3.16
2.436
2.136
4.684
1.836
4.284
2.136
5.284
4.26
4.384
3.16
4.384
1.836
3.46
1.936
5.184
4.284
3.46
3.06
2.236
0
0.2
1.624
0
0
1.424
1.1
1.224
0
1.824
1.724
0.1
1.224
0.4
0.8
1.224
0
3.724
0.2
1.924
0
1.224
1.224
1.324
2.524
1.224
1.324
1.524
1.224
1.224
1.724
2.448
1.424
1.224
2.548
0
1.324
0
4.848
1.224
0
1.724
0
2.424
1.324
1.12
1.224
0.1
1.224
1.224
1.224
0.8
0
1.324
1.224
2.244
0
1.224
1.224
1.424
1.324
1.324
1.324
1.224
0.1
1.32
1.224
1.224
0.3
1.224
0
1.224
0
0.3
0
1.324
1.624
0.1
1.324
3.16
2.448
1.224
1.224
1.224
3.248
1.224
2.548
0
1.424
1.224
2.748
1.224
1.224
1.224
1.224
1.724
0.1
0
0
0
1.224
0
0
1.224
0.3
0.2
0
1.224
1.224
1.524
0
1.524
1.324
1.224
2.448
0
0
1.324
0
1.224
0
1.524
0.1
0.1
0.2
0.2
1.524
0
1.324
0
0
1.224
0.8
1.324
0
1.624
1.424
1.224
0
0
1.2
0
1.224
1.324
1.924
2.344
0.3
1.424
1.324
1.524
0.4
1.324
1.324
1.224
2.324
3.224
0.1
0.2
0.1
3.26
0
2.848
1.324
0
1.224
1.224
2.448
0.1
0
1.224
0
1.224
1.224
1.324
0
1.224
0.2
1.224
1.724
0
0.1
0.1
1.324
2.324
0
1.224
0
0.3
1.224
1.324
0
0
0
1.224
1.2
1.324
0.8
1.224
0
0.3
0
0
1.424
1.224
0
2.748
2.448
1.224
2.548
2.548
1.424
1.324
1.2
1.424
1.324
0
0.2
1.324
0.5
0
1.224
1.324
1.424
1.224
1.424
0.9
0
1.524
0
2.448
1.524
1.324
1.424
1.224
1.224
0.2
1.424
0.1
0.1
2.024
1.424
0
1.224
0.2
1.224
0.1
0.3
1.224
1.224
2.448
1.324
1.424
0.1
0.1
0
2.948
1.224
0
0.3
1.224
0
1.724
1.424
2.548
1.324
0.2
1.624
1.324
0
2.424
0.9
0
2.224
0.6
0
0.1
2.024
1.724
0.1
1.224
0.4
0.3
2.448
0
0
0.3
0.1
0
2.448
0
0.2
2.448
0
1.224
1.224
2.648
0
0.1
0
1.224
1.824
1.224
0
4.068
0.2
0
0
2.448
1.224
0.7
0
1.224
0
2.548
1.224
1.224
1.224
2.448
0
1.424
1.224
1.224
1.724
1.224
1.224
1.224
0
1.624
3.148
2.448
0
0
1.224
1.524
2.224
1.224
0
2.548
0
0.1
1.324
0.1
0.4
2.548
1.424
0.1
0.1
1.224
1.824
1.624
2.448
0.2
0
0
1.224
1.424
0
0
1.224
1.524
1.424
0.2
1.424
0.1
1.224
1.224
1.224
1.224
1.224
1.524
1.224
1.224
1.224
0
2.448
0
1.424
0
0
1.224
1.224
0.9
1.524
0
2.848
0
0
1.224
1.224
0
0.2
1.524
1.424
1.224
1.324
0.2
0
1.224
1.224
1.324
0.1
1.224
1.224
0
1.424
0
1.324
0
0.6
1.224
0
0
0.1
1.324
1.524
1.224
0
0.4
0
0
1
1.324
1.224
0.1
0
0.4
2.648
0
0.2
1.324
1.424
0
0.1
2.448
0.2
1.224
2.548
0
1.224
0.2
0
1.224
0
1.524
0
1.224
1.724
0
0
0.2
0
1.524
1.224
0
0
0.3
1.224
1.224
1.524
1.224
0
0.2
1.924
0
1.524
1.324
1.324
2.448
0
0
2.748
0
1.224
1.224
1.224
1.524
2.948
0
2.448
1.624
1.624
1.724
0.2
0.1
0.4
0
1.224
0
1.324
2.648
1.224
0.3
1.524
0.3
0.1
1.424
1.324
0
1.224
0.3
2.448
1.224
1.224
1.224
0
1.324
2.448
0.2
0
1.424
1.424
0
1.324
1.224
1.224
0.1
1.224
0
0.1
1.724
1.224
0
0.1
1.424
1.424
1.224
0
0
0.1
0
1.224
0.1
1
1.224
0.2
1.224
0
1.224
2.448
1.224
1.724
0.2
1.224
1.324
1.624
1.224
1.224
1.524
1.224
2.548
1.424
1.224
0.1
1.324
1.824
2.448
1.224
1.324
2.548
1.1
2.524
0.1
0
1.324
2.448
2.448
0
1.324
1.324
0
1.724
1.324
1.624
1.224
0
1.224
0
0
1.224
1.324
1.324
0
1.424
1.324
1.424
0.3
1.224
1.224
1.224
0.1
1.224
0.5
0.2
1.424
1.324
0
1.524
0
1.224
1.224
0.3
1.624
1.224
0
1.224
1.224
1.224
0
1.524
1.224
1.724
1.424
0
1.524
1.324
1.224
1.324
0.1
0
1.224
1.224
1.424
0.1
2.548
1.224
0.1
2.448
0.2
0
0
0
1.324
1.224
1.424
2.548
1.224
0.1
1.224
0
0
0
0
0
1.224
0
1.924
1.424
2.448
2.448
0
0
1.324
2.448
1.224
1.524
1.224
0
1.224
3.548
1.224
0.1
1.224
1.224
1.224
1.524
0
1.924
0.4
0
3.148
1.224
1.224
2.448
0
2.548
1.224
1.224
1.424
2.224
0
0.1
1.224
0
1.424
1.424
0.1
1.324
1.224
0
0.2
0
1.324
1.524
1.224
0.2
0
0.2
1.224
0
1.424
2.548
0.1
0
0
1.324
1.324
1.224
0.4
2.748
1.324
1.224
0.1
0
1.224
1.224
1.524
2.548
0.3
1.324
1.224
0
1.424
0
1.724
1.524
1.324
2.448
0
2.448
1.424
2.448
2.224
1.324
3.548
2.848
1.324
1.524
1.624
2.448
1.824
2.448
1.224
1.224
1.224
1.224
1.224
1.424
1.324
3.668
1.224
1.424
1.424
1.224
1.324
1.724
1.324
2.748
1.224
0
0
0
0.2
0
3.048
1.524
1.524
1.324
1.824
0.1
1.224
1.224
1.324
1.424
1.224
1.724
1.524
1.324
1.824
1.524
1.224
2.648
2.548
1.424
1.224
1.224
1.224
2.448
1.224
1.224
1.424
1.424
1.424
1.324
1.224
1.624
2.648
0
0
2.748
0.4
0
1.324
2.924
1.524
0.1
1.324
0
1.224
1.424
3.048
1.424
1.224
2.448
0
1.3
0
2.024
2.336
1.324
1.424
2.848
1.224
0.4
0.1
0.2
1.424
0
1.524
1.324
1.224
0
1.324
0
0.1
0.1
0
2.124
1.224
0.2
1.324
0
1.224
1.924
1.224
1.224
0
1.224
1.224
0
0.5
1.524
0.2
1.224
0
0
0
1.224
1.324
1.524
4.124
0
1.224
0.1
1.424
0.7
0.1
0.1
0
2.024
1.224
1.324
0.1
0
2.548
1.224
2.024
1.224
0.8
0.1
0.1
0.1
1.224
0.2
1.324
0
1.324
1
1.324
1.524
0
2.848
1.424
1.324
1.424
1.924
2.448
2.648
0
1.424
2.848
1.424
1.424
1.224
1.224
1.324
0.3
0
3.224
1.424
1.324
1.224
1.524
0
2.524
1.524
1.324
2.448
0
1.624
1.324
1.224
0.1
0.2
1.524
1.624
1.224
2.448
0
3.448
1.324
1.324
1.424
1.224
1.324
2.448
0.2
1.424
1.224
2.024
1.524
1.524
2.848
2.224
1.324
1.424
0.3
1.324
0
0.1
1.324
1.424
1.624
1.724
0
1.224
0.1
2.448
1.224
1.324
1.224
1.224
0.5
1.224
1.224
1.324
0.6
1.624
0.4
1.724
1.224
1.724
2.124
0.3
1.224
1.1
0
0
1.624
1.724
2.848
2.024
2.548
0.7
1.524
0
0
0.1
0.1
0.7
0.2
1.324
1.224
1.224
0
1.324
1.724
1.224
1.224
2.448
1.224
1.624
0.4
1.224
1.2
0
2.024
1.224
1.424
1.824
1.524
2.848
1.224
1.424
1.324
2.324
1.224
0
1.624
1.324
1.624
1.224
1.324
1.724
0.1
0.6
1.324
0
1.324
1.424
1.424
1.324
2.224
0
3.048
0.3
1.224
1.224
0
1.324
1.224
0
0
1.324
0
1.324
2.448
2.448
2.948
1.424
0.4
2.748
1.524
1.424
0
0
0
1.224
3.024
0.9
0
1.324
1.324
0
2.848
1.324
1.324
1.424
2.024
0
1.624
0
1.324
1.424
1.224
1.224
1.224
0
0.6
2.024
1.224
1.624
1.224
1.324
1.224
1.724
1.224
1.224
2.648
0.1
1.324
2.448
1.424
1.924
2.848
1.824
1.424
1.324
2.448
1.424
1.224
0.3
0
1.524
1.224
1.324
0.3
1.524
0.1
0.1
1.2
0
0
1.724
0.6
1.224
1.424
1.624
1.524
1.224
1.224
2.924
0
0
1.224
1.224
1.324
2.648
1.224
2.748
0.1
2.748
1.224
1.724
0.2
1.224
0.3
1.224
1.324
1.224
2.548
1.424
0.5
2.848
0
0
1.324
1.824
1.424
1.224
1.224
1.224
1.224
1.224
0.4
1.624
0
0.1
1.524
1.324
0
0.2
1.324
0.1
1.224
0.1
0.3
1.324
0.1
1.224
3.048
1.424
1.524
1.424
0
1.224
1.324
1.224
1.424
0
0.4
1.324
0.5
1.224
2.448
1.224
1.324
0
1.224
0
1.224
1.224
2.448
1.324
1.224
1.424
1.724
0
1.224
2.848
1.624
1.424
1.424
1.324
0
0.5
1.224
0.1
1.224
1.524
0.1
1.824
1.624
1.924
1.224
1.624
0.2
0.2
0.1
1.524
0.4
2.548
1.224
1.4
3.144
0.4
0
0
2.948
2.448
0.5
0
1.224
1.424
0
0.1
1.224
1.224
0.1
0.2
1.424
0
1.424
1.224
0.3
0
1.224
1.324
1.424
0.1
1.624
3.424
2.024
1.624
1.524
0.1
1.324
2.948
0.4
0.3
1.224
1.224
2.748
0
1.824
1.424
0.2
1.424
0
1.924
0
1.224
0.4
0.3
2.448
1.324
1.524
2.448
1.324
1.524
0.2
1.224
1.224
3.148
1.224
2.548
1.424
1.324
1.224
1.324
1.324
1.224
2.224
1.524
0
1.624
1.324
1.524
1.224
1.224
1.224
1.324
0.1
0.8
1.2
1.624
0
0.1
1.224
0
1.224
1.324
2.448
0.9
1.424
1.324
0.1
1.524
0.1
0
1.324
0
2.848
1.424
1.324
0
0
0
1.224
2.424
0.2
1.224
1.824
0.3
2.448
1.224
0.2
1.324
0
1.224
1.224
0.1
0
0
0
2.648
2.324
1.224
0
1.224
1.224
1.224
0.3
1.224
2.648
2.748
1.224
1.324
1.224
1.624
2.648
0.1
0
2.448
2.024
0
0
1.224
1.224
1.224
1.224
1.224
0.6
1.224
2.024
3.124
0.1
1.724
0
1.224
1.224
0.5
0
2.548
1.224
1.224
0
1.324
0
1.324
1.724
2.748
1.324
0.1
0.4
1.224
3.048
0.3
1.224
0
0
0.1
2.948
3.048
2.548
2.748
1.424
0
0
0.2
0.2
2.444
0.1
0
0.1
0.5
1.624
3.448
2.224
1.324
1.724
2.448
2.448
1.324
0
1.224
0
0
0
0
1.224
2.448
0
1.524
1.524
1.224
1.224
2.448
1.424
1.224
0
1.624
1.324
3.124
1.424
1.624
0
1.724
3.024
2.548
1.224
1.224
2.724
1.424
0.1
1.324
1.924
1.324
0
0.2
0.1
0.2
0.6
1.724
0.1
0.1
0.4
0.2
1.1
1.324
0
1.224
0
1.424
1.324
1.224
1.224
0.1
0
0
1.324
1.224
0
1.224
0.3
2.544
1.224
1.324
2.3
1.724
1.224
0.1
0
1.824
1.4
0.7
0
1.724
1.224
0
1.424
1.524
2.024
0.2
0.2
1.524
0.1
1.324
1.324
4.548
1.424
1.324
1.224
1.224
1.724
0
1.424
1.224
0
1.224
1.624
1.424
1.524
0
1.624
2.948
0.4
1.524
1.324
2.344
1.424
2.548
0
0
1.824
1.924
0.1
0.2
0
1.324
2.548
2.748
3.248
1.224
2.848
1.924
1.3
0
0
2.448
1.524
1.824
1.224
0.1
1.324
1
0
0.2
1.324
1.724
1.224
1.224
0
2.224
2.948
2.748
1.524
3.148
3.66
4.36
1.836
3.86
1.836
4.384
1.224
1.524
1.324
1.224
1.224
1.224
0.1
3.36
1.224
1.324
0
0.1
0.7
0
1.224
0.1
0.5
1.224
2.4
0
1.224
0
1.224
2.244
0
0.1
0
0.3
1.324
0.2
1.224
0
1.324
0
0
1.7
0
2.448
0
1.724
1.524
2.024
1.524
1.224
1.1
1.824
1.224
0
2.244
1.224
0.1
0.4
1.224
1.224
0.1
0
0.1
1.224
0.1
0
1.224
0.1
0.1
1.224
1.524
1.324
0
0
0
1.324
0
0
0
1.824
1.324
1.224
0.1
1.224
1.224
1.224
0
1.924
0.1
1.624
1.524
0
1.224
2.448
0
1.224
2.448
1.224
1.324
0.2
0.4
1.224
2.748
2.548
1.324
2.848
1.824
1.224
1.224
2.448
0
1.224
0.1
2.1
0.2
0
1.2
0.8
0.8
