1.724
1.824
3.524
2.124
1.524
1.824
3.048
2.448
2.648
2.448
4.772
2.648
1.524
3.448
3.648
1.324
0
1.224
1.224
1.324
1.324
1.224
0
1.224
2.848
1.224
1.324
0.2
2.548
0
1.224
1.224
3.224
1.224
0.4
1.924
1.224
1.224
0
2.424
1.224
2.924
0
0.1
0
1.224
0.2
0.4
1.624
3.148
1.224
0.2
3.148
0
0.1
0
1.324
0.2
1.224
2.324
1.9
1
0
2.724
0.6
1.824
0
0.4
1.324
1.5
1.824
2.748
1.524
1.524
3.024
3.848
0
1.824
0
1.224
1.524
0
1.324
0
0
0
0.1
0
0
2.924
1.224
0
0.1
0.1
0
2.848
2.848
1.224
1.424
1.224
0.1
0.4
0.9
1.324
0
1.224
1.324
2.2
0
1.224
1.524
0
1.224
1.224
0.1
0.5
1.324
0.1
1.224
1.324
3.3
0
1.424
2.424
0
1.224
1.624
1.224
0
1.724
1.624
0.1
0.4
0.1
1.424
1.5
1.424
1.224
1.524
0.4
2.648
1.524
0
1.524
0
0.1
1.324
0.2
1.324
0
1.224
1.324
1.524
1.224
1.724
1.724
0.6
0.5
2.224
0
1.224
0
1.224
0
0.2
0
0.1
1.424
0
5.324
1.224
2.024
1.324
1.524
1.324
1.924
0
0
1.324
2.324
1.624
2.224
2.548
2.648
1.824
3.248
3.348
2.648
1.524
2.548
3.548
3.872
2.648
3.148
2.548
2.648
2.448
2.548
1.224
0.2
1.724
0
0
0.1
3.524
0
1.224
3.648
1.724
1.224
1.224
1.824
2.024
0
1.224
3.2
1.424
2.824
0
0
0
1.324
2.624
1.324
1.224
1.324
1.224
1.224
1.324
2.448
2.648
2.448
1.224
0
1.424
0
3.824
1.224
0
1.524
0
1.824
1.624
0
0
0
1.224
0
1.224
3.124
0
0.3
0.2
0
0
1.224
0
0.2
2.448
1.824
1.324
1.224
2.448
0.5
1.324
1.224
1.624
1.324
1.324
1.224
1.224
1.724
1.224
1.324
0.7
0
1.224
0
2.648
1.224
0
0
1.924
2.448
1.324
1.324
1.324
1.424
1.324
1.224
1.324
1.224
0
0.7
1.224
0
0
0
0.1
1.324
1.624
1.324
0
1.924
1.524
0
0.4
1.924
1.224
1.424
0.2
0
1.524
1.224
1.224
1.324
1.224
1.324
1.224
1.224
1.224
1.424
1.824
0.3
0.5
1.224
0.1
0.1
1.224
0
2.724
1.224
0
3.548
2.648
0
0
1.224
2.624
2.448
0
2.648
2.8
0.2
1.524
1.924
2.648
1.324
0.7
1.324
2.648
1.424
1.1
3.6
1.324
0.1
1.224
0.2
1.224
3.972
3.972
1.224
2.448
2.448
1.224
1.324
0
2.448
1.324
1.224
1.324
1.224
0.1
2.548
1.224
0
0.8
1.324
1.224
1.324
2.648
3.548
0
0
1.224
0.5
1.324
3.048
1.524
0.1
1.224
3.772
3.924
0
1.524
2.448
0
1.724
1.224
1.224
1.324
1.324
1.224
1.524
1.424
2.448
1.224
1.224
1.624
1.224
2.924
1.724
1.324
0
1.324
0.2
1.624
1.224
0.1
0
1.324
2.548
1.624
2.324
1.424
1.424
1.224
2.548
1.824
1.424
1.324
1.524
1.224
0.3
1.624
1.324
1.224
1.624
1.424
2.448
2.448
1.524
1.324
1.424
1.324
1.324
0
1.224
1.524
1.324
1.524
0
1.224
1.824
0
1.224
1.324
0
0.2
3.848
1.324
1.324
1.224
0.4
3.048
0
0.2
2.524
1.1
1.224
2.024
2.724
0
1.224
3.148
1.524
1.724
0
0
0.4
1.324
1.224
1.224
0.3
1.224
0
1.224
2.848
1.624
1.224
1.224
0
1.424
1.524
0.2
0
1.224
1.324
1.924
1.224
1.424
1.524
0.3
1.224
1.324
1.324
1.324
1.5
1.224
0
1.224
1.724
1.324
1.324
1.224
1.324
1.624
2.548
2.548
0.1
1.5
1.224
1.224
1.224
1.224
1.424
2.424
1.224
0
1.224
1.224
1.824
2.124
2.448
0
1.524
1.224
1.724
1.424
1.224
1.424
1.224
1.524
1.424
1.424
1.224
1.824
2.948
1.224
1.324
1.224
1.524
1.324
1.424
1.224
0.1
1.224
1.824
1.224
0
1.524
1.324
0.1
0
0.4
2.548
1.424
1.324
2.448
3.772
2.448
1.424
1.224
1.324
1.424
0
0
1.224
1.224
2.624
1.524
0
1.224
1.224
0
1.224
1.224
1.324
1.424
1.224
2.848
2.648
0
0.3
0
1.224
1.224
1.224
0.1
1.224
1.224
1.224
1.424
1.224
1.224
1.624
1.724
1.424
1.424
1.224
1.324
0.1
2.024
1.224
1.424
1.1
0
0.1
2.924
3.048
2.448
1.324
0.1
0.4
1.324
1.224
1.724
1.424
2.948
0
1.424
1.424
1.224
1.224
1.324
0.3
1.424
0
0
1.224
1.624
1.424
2.448
0
1.724
1.224
1.224
0.3
1.324
2.848
0.1
1.224
1.424
0.1
1.324
1.224
2.848
1.324
1.224
1.324
2.224
0
3.448
1.224
0.1
1.224
0
0
2.448
1.224
1.224
1.224
1.224
1.224
2.748
0
2.448
3.448
4.172
1.824
1.224
2.648
0.6
1.224
1.224
1.224
1.224
2.548
1.324
1.724
1.224
0.1
0
0.1
1.224
0.4
1.224
0.3
1.224
1.224
1.224
2.448
1.224
0.2
1.224
0.3
0.2
1.724
1.524
1.224
2.448
1.224
1.224
1.424
0
1.224
1.324
1.724
2.448
1.224
1.224
1.424
1.224
0.1
1.224
1.224
0
0
2.448
0
2.824
1.324
0.2
1.324
1.324
1.324
1.224
1.224
1.624
1.624
2.548
0.3
1.624
0.4
1.324
1.624
2.548
1.224
2.648
0
1.224
1.524
0.2
1.224
1.324
1.224
1.324
3.424
4.348
1.624
0.4
2.124
1.224
1.224
1.224
1.224
1.324
1.324
1.224
0
2.024
2.648
1.224
1.224
0
1.224
1.324
2.448
1.324
0.1
3.972
3.772
1.224
1.224
0
1.224
1.224
1.524
1.324
1.724
1.1
1.424
1.424
1.224
0.2
0
2.448
0
0.8
1.6
2.448
1.224
2.448
1.324
1.224
0
0.6
1.224
2.848
1.224
1.224
1.424
1.224
2.448
1.324
1.224
0
1.224
1.224
1.224
1.224
1.324
2.548
0
1.224
1.324
0
1.224
1.224
4.072
0
0.2
1.224
1.224
2.548
1.224
1.224
1.224
1.324
1.224
0.1
0
1.224
1.524
1.224
1.224
1.224
0.1
1.224
1.224
1.424
0
1.524
1.224
0
2.448
1.824
0.4
0
1.224
1.424
2.448
1.524
1.224
1.824
1.924
1.224
2.124
0
2.448
1.224
2.548
1.324
1.324
1.224
1.724
2.324
1.224
0.1
1.224
1.224
1.224
1.324
0
1.424
2.448
0.1
1.524
1.224
2.448
1.624
2.448
0.3
0.1
1.524
0.1
1.224
0.1
1.424
1.324
1.324
0.1
0
0
0
1.824
1.424
1.224
1.224
1.624
0
2.448
0
3.048
2.448
1.524
1.524
1.224
1.824
1.324
1.224
3.448
3.448
1.424
1.224
1.324
1.324
2.748
1.224
3.548
0
3.048
1.424
1.624
0
2.548
1.224
1.924
1.224
2.548
2.448
1.324
1.224
1.224
1.424
1.324
1.324
1.224
1.324
1.624
1.224
1.224
1.4
0
1.724
0
0.2
1.224
2.548
1.424
0.5
1.524
2.948
2.948
1.224
2.524
1.424
0
1.324
1.324
1.324
1.224
1.524
1.724
2.448
4.172
2.648
1.324
1.324
1.224
0
1.324
1.224
0
1.424
0
1.424
1.824
1.224
1.224
1.324
1.224
1.424
1.324
1.224
1.324
1.524
0.3
0
1.524
2.524
1.824
0.7
3.772
1.224
1.224
0.2
1.724
1.424
0.1
1.224
0
3.224
0.1
1.5
0.1
2.548
1.324
1.724
1.224
0.5
0
0
1.324
1.324
0.4
1.424
0
1.224
1.224
1.224
1.224
1.324
1.224
2.124
1.224
1.824
2.748
1.224
0
1.824
0
2.448
1.324
1.224
1.224
2.648
1.624
0.5
0.1
1.424
2.448
1.524
0
1.224
1.524
1.324
4.624
0.2
1.324
1.524
1.324
3.224
0.3
1.824
0.1
4.048
2.748
0.3
1.324
1.224
1.224
2.448
4.972
4.072
4.048
1.324
2.648
3.872
1.224
2.648
1.424
1.224
2.748
4.048
2.448
2.748
2.948
4.272
4.896
2.548
1.924
2.848
2.748
2.548
2.848
1.224
2.448
4.272
4.172
2.548
2.448
3.672
4.272
2.448
4.248
4.572
2.648
1.224
2.648
2.548
3.748
2.024
2.548
2.448
3.048
1.424
1.224
1.424
1.224
1.224
1.824
4.272
3.672
2.448
2.448
3.948
2.548
3.872
2.448
1.424
1.324
2.448
3.648
2.648
2.448
2.948
2.848
2.548
2.648
1.324
2.548
3.972
2.748
2.748
1.224
2.648
4.472
4.072
2.648
2.848
1.324
1.224
1.224
3.048
2.448
2.548
1.224
2.448
3.248
1.224
3.772
1.224
2.748
2.548
2.448
2.548
3.872
2.948
3.848
2.548
2.448
3.324
2.448
2.548
2.748
4.972
2.748
1.524
2.748
5.548
2.648
2.448
2.448
3.348
1.224
2.848
4.272
2.648
2.548
5.396
3.672
2.948
2.648
1.324
3.772
2.548
2.448
2.648
4.748
2.448
3.748
2.448
2.548
1.424
1.524
4.672
2.748
3.348
4.072
2.548
3.772
3.924
2.548
2.548
2.648
1.224
2.448
2.448
1.224
1.224
2.848
3.948
2.548
2.548
2.548
4.572
2.448
2.548
3.648
1.224
2.848
1.424
2.448
2.448
1.324
4.372
2.448
2.548
2.448
2.648
2.848
2.448
2.548
2.548
2.748
2.748
3.048
3.972
2.948
4.172
3.748
2.548
2.648
2.548
3.124
5.548
3.772
1.224
3.324
2.448
2.848
2.848
1.724
3.248
2.648
2.448
1.224
2.448
2.748
2.848
3.872
1.224
3.972
2.548
2.524
2.724
1.224
3.972
2.548
1.224
2.448
4.472
2.448
2.448
2.648
2.848
2.648
2.448
2.648
2.648
4.372
2.748
3.972
2.648
3.872
1.624
2.548
4.072
2.448
2.548
2.448
2.448
1.724
1.324
2.648
2.448
2.948
2.548
2.448
16.496
7.148
4.896
2.124
2.648
1.524
1.224
2.448
5.072
3.048
3.672
2.548
2.448
1.424
2.548
2.448
3.248
2.648
2.648
2.448
2.848
2.548
2.448
2.748
2.448
2.448
2.448
2.448
2.748
3.748
2.548
2.648
2.548
1.324
4.572
3.872
2.748
2.124
2.548
3.772
1.324
2.748
1.424
2.448
2.748
3.672
2.648
3.672
2.948
4.272
2.948
1.424
2.648
3.148
2.448
1.224
1.224
2.648
2.748
2.648
2.548
2.548
1.324
2.548
2.548
2.648
1.324
3.648
2.648
3.548
1.424
2.448
1.224
2.548
3.048
3.672
2.448
2.448
2.448
2.448
3.672
2.448
2.748
4.072
2.648
1.724
3.048
3.772
1.424
3.872
1.424
1.324
3.348
1.224
1.324
1.224
2.748
3.972
3.448
4.672
4.372
2.448
3.772
2.948
3.948
1.324
4.272
4.272
2.848
2.448
3.748
2.948
4.148
2.448
2.548
2.848
2.448
5.772
2.448
2.448
2.848
2.648
1.224
2.448
1.224
1.524
2.848
3.048
1.324
2.648
3.872
2.848
2.448
3.672
3.672
2.548
4.072
4.572
9.096
3.348
1.424
6.996
1.224
1.224
2.848
1.724
1.424
2.548
2.648
2.548
2.548
3.148
3.972
3.448
3.772
1.224
2.524
1.224
3.672
3.324
2.548
2.748
4.724
1.224
2.448
3.548
2.548
2.648
2.448
2.448
4.272
1.224
2.548
2.848
4.372
2.448
1.524
2.448
2.448
3.048
2.648
1.324
2.748
2.648
1.524
3.672
1.424
3.672
1.224
2.648
2.324
2.024
2.448
2.548
4.172
2.448
1.324
2.748
1.324
2.448
3.948
4.072
1.424
2.648
2.448
2.648
2.448
2.448
2.548
2.748
1.524
1.624
2.548
1.224
3.872
2.448
2.324
2.548
1.324
3.248
6.248
2.448
2.448
3.348
2.548
2.448
2.448
2.448
1.424
3.972
3.672
1.224
2.748
9.596
2.448
2.448
2.448
1.224
2.548
2.548
2.448
2.748
2.448
2.448
1.324
5.096
4.672
2.548
2.548
2.548
2.448
3.048
1.324
2.448
1.424
1.324
2.548
2.448
2.548
2.948
2.448
3.848
4.148
3.972
4.172
3.048
2.448
2.448
2.648
2.948
2.548
2.448
3.772
2.448
2.448
3.548
1.324
1.624
3.448
5.196
2.548
3.548
2.748
2.648
2.948
2.448
2.448
2.548
1.624
2.848
4.172
3.448
3.148
2.548
1.224
2.548
2.848
2.448
2.948
3.148
3.672
2.848
3.548
3.972
3.648
5.372
2.648
4.172
3.148
2.448
3.772
1.424
4.172
2.448
2.548
2.548
2.648
2.448
2.448
2.548
2.648
1.424
2.648
2.548
2.548
1.224
2.448
2.548
2.448
2.948
5.048
1.424
1.424
2.548
1.724
4.048
2.648
1.224
1.524
3.848
2.448
1.224
2.548
3.148
4.272
2.748
1.524
2.748
1.324
2.748
3.972
3.348
5.148
3.048
1.524
3.248
2.648
2.448
2.548
2.548
2.748
6.796
2.648
1.424
3.972
2.448
2.448
2.648
3.772
2.548
2.448
3.048
3.048
3.872
2.448
9.848
3.872
3.772
2.648
2.748
2.124
3.224
7.748
2.448
4.572
2.448
1.224
6.672
2.648
1.624
3.248
1.324
3.148
1.724
3.772
3.248
4.848
3.672
2.648
2.448
1.524
4.772
2.748
4.072
2.448
2.548
2.548
2.948
2.448
2.748
2.448
2.648
3.148
4.872
2.748
1.524
2.448
2.124
2.648
2.448
2.448
4.972
2.948
2.548
2.748
2.448
3.872
3.972
2.548
4.972
3.872
2.648
4.372
3.648
2.448
2.448
2.648
3.672
3.548
1.324
2.548
4.072
5.172
1.324
2.648
2.548
2.748
1.224
2.548
2.548
3.548
3.348
2.748
4.272
3.048
2.848
2.848
1.324
3.348
1.224
2.948
2.448
3.872
2.448
2.748
1.324
2.448
2.448
3.148
2.448
1.524
1.324
1.624
3.548
1.324
2.448
2.948
2.324
0
2
1.424
2.448
1.224
0
0
1.224
1.224
0.1
1.824
1.324
1.424
0
1.324
2.548
1.324
1.224
4.424
0.1
1.224
0
4.548
1.524
4.024
2.424
1.224
2.724
1.524
2.448
1.324
1.324
1.324
1.224
1.524
0
1.324
0.1
1.324
1.424
1.224
0.1
0.2
1.324
0.1
1.724
1.224
1.524
1.324
0
0
1.224
0.2
1.224
0.1
1.224
1.724
1.224
1.224
1.324
0
2.448
1.224
0
3.648
1.224
2.948
2.648
1.324
0
1.224
0.1
1.324
1.324
1.324
1.424
1.524
2.124
1.424
1.424
1.224
1.224
1.324
0.2
2.448
1.224
1.224
1.224
1.224
0.2
4.124
1.424
1.424
2.624
2.624
2.124
