0.4
2.024
1.9
1.824
0.1
2.124
2.848
2.548
1.324
2.448
3.448
1.224
1.624
3.248
3.148
1.224
0
1.224
1.224
1.424
0
0.1
0.1
1.224
1.524
1.224
1.324
0.3
1.424
0
1.224
0
2
0
0.6
0.6
0.1
0.1
0.2
0.9
0
1.6
0
0
0.2
0
0.3
0.5
0.5
0.5
0
0.1
1.1
0
0
0
0.1
0.2
0.2
0.8
1.2
0.3
0.1
2.224
0.9
0.6
0.1
0.8
0.2
0.9
0.7
0
0.1
0.2
1.6
2.224
0
1.624
0
0
0.6
0.1
0
0
0
0
0
0
0
2.624
0
0
0
0
0
0.9
0.5
0
1.224
1.224
0
0.4
0.2
0
0.1
0.1
0
1.8
0
0.3
0.3
0
0
0
0.2
0.8
0
0.2
0
0.1
3
0
1.324
0.9
0.1
0
0.2
0.2
0.1
0.6
0.1
0.2
0.4
0
0.7
1.2
0.4
0.1
0.2
0.3
1.224
1.524
0.1
0.7
0.1
0.1
0.1
0.1
0
0.1
0
0
0.3
0
0.9
0.4
0.1
0.3
0.4
0.2
0
0
0
0
0
0
0.1
0.2
0
4.124
0
0.6
0
0.2
0.1
0.5
0
0
0.1
1.3
0.2
1.1
2.548
1.224
1.424
1.624
1.724
1.424
1.624
1.324
3.348
1.424
1.424
1.924
1.324
2.224
1.524
1.324
0
0.3
0.4
0
0
0.2
2.1
0
0
0.6
0.2
0
0
0.2
2.124
0
0
2.5
0.2
2.824
0
0
0
0
1.4
0.1
0
0.6
0
0
0.2
0
1.324
1.224
0
0
0.1
0
1.6
0.2
0
0
0
1
0.5
0
0
0
1.424
0
0
3.224
0.1
0.2
0
0
0.1
0
0
0.2
1.424
0.2
0.1
0
1.224
0.2
0.1
0
1.724
0
0
0
0
0.3
0
0
0.8
0.1
0.1
0
0.3
0
0
0
0.7
1.224
0.2
0.1
0.1
0.1
0.2
0
0.1
0
0
0.5
1.224
0
0
0
0.2
0
1.324
0.1
0.1
1.824
1.224
0
0.2
0.8
1.324
0.1
0.6
0
0.2
1.224
1.224
0
0
0
1.224
0.1
0
1.324
0.3
0.5
0.1
0.1
0.1
0
1.224
0
2.424
1.324
0.1
1.724
1.324
0
0
1.224
1.2
1.224
0
0.1
1.8
0.1
0.2
0.6
0
0.1
0.3
0.2
0
0.1
0.6
2.8
1.324
0.1
0
0.3
1.224
1.424
1.724
1.224
0
0
0.1
1.524
0
0
1.224
0
0
0
0.1
1.324
1.224
0
0.5
1.324
1.224
1.524
1.424
2.424
0
0
1.224
0.5
0.2
0.5
0.1
0.2
1.224
1.324
2.424
0
1.424
1.224
0
0.3
0
1.224
0.1
0
0
0
0
0
0.1
0
0.5
0
2.524
0.3
0.3
0
1.324
0.3
0.2
1.224
0.1
0
0.1
1.324
0.9
3.424
0.2
0.2
1.324
0.1
0.7
0.2
1.524
0
0.2
0.5
0.4
1.624
0.1
0.2
0.1
1.324
1.224
1.424
1.324
0.1
1.424
0.1
0
0
0.2
0.2
1.524
0.2
1.224
0.2
0
0
1.524
0
0
2.324
0.3
0.1
0
0.3
1.524
0
0.3
1
0.6
1.224
1
1.3
0
0.2
2.224
0.2
1.424
0
0.1
0.7
0.2
1.224
0
0.2
1.324
0
0
1.824
1.424
0
0
0
0
0.2
0.2
0
1.224
0.1
0.7
0
1.524
0
0.1
0
1.324
0.2
0.1
0.5
1.224
0
0
0.1
0.2
0.1
0
0.1
1.424
0.1
1.324
0
0.9
0
0
0
1.224
0.1
0.7
0
0
0
0.1
0.7
0.6
0
0
0
0
0.5
0
0
1.424
0
1.424
0.3
1.524
0
0.6
1.624
0
0.1
0
1.324
0
0.1
0
0.1
0
0.5
0
0.1
1.324
0
0
0
0.2
0.1
0.3
0.1
0.1
1.424
1.224
1.324
0
1.324
0.1
0
0
0
0
1
0.1
0
0
1.224
0
0
0
0
1.224
0.1
1.524
1.324
0.1
0.8
0
0
0
0.2
0.1
0
0
1.424
1.424
1.224
0
1.424
1.824
0
1.424
1.224
0.1
0
1.2
1.224
1.424
1.2
0
0.2
1.4
1.724
0
1.324
0.2
0.1
0
1.224
1.724
0.3
0.8
0
1.424
0
0.1
0
0
0.4
0
0
0
0
1.424
0.2
1.224
0
0.5
0
0
0.8
1.324
1.624
0
0
0.1
0.3
0.1
0
1.424
0
1.224
1.324
0.8
0
0.5
0
0.2
0
0
0
0.1
0
0
0.2
0
0
1.524
0
1.224
2.224
1.924
0.3
0.1
1.224
1
0
0
1.324
0
1.624
0.1
1.724
0
0
0
0.1
0
0.2
1.224
0.2
0
0
0
0.3
1.224
0.1
0.1
0.4
0
0.2
0.6
0
1.324
0.1
0.1
1.324
0
0
1.324
0.4
1.324
1.224
1.424
0.2
0.2
0
0
0
0
0
1.324
0
2.924
0
0.4
0
1.324
0.1
0
0
0.7
1.624
0.1
0.6
0.3
0.1
0.2
0.1
1.224
0
0
0
0
0
0.5
0
0.1
0
0
3.324
1.5
1.724
0.2
2.024
0
0
0
0
0.1
1.224
0.2
0
0.3
0.3
0
1.224
0
0
0
1.324
0
0
1.324
1.224
0
0.5
0
0
0
1.524
0.1
2.024
0.5
0.1
0.4
1.224
0.2
0
0.1
0
0.6
0.7
1.424
0
1.224
0
0
0
0.3
0
1.624
0
0
0.3
0.1
1.224
0.1
1.224
0
0
0
0.2
1.224
0.3
1.224
0
0
1.324
0
0
0
1.424
0
0.1
0.3
0.1
1.224
0
1.224
0
1.524
0
0
0
1.224
0.3
0.1
0
0
0
0
1.224
0.1
0
0.2
0
0
0.1
0.7
0.1
0
0
0
0.1
0.1
1.224
0.3
1
0
0.7
0.1
0
0
1.224
0.1
0
0
0.4
1.1
0
0
0.1
1.224
0.2
0
0.2
0.1
0
0
0.5
1.424
0
0.2
1.224
0
0
1.324
0.1
1.224
0
0.1
0
0.1
0.1
0
0.1
0.1
2.224
0.3
0
0
1.324
0
0
0
0.5
1.224
0.4
0.2
0
1.624
0.3
1.224
1.824
2.324
0
0
1.224
0
0.2
0
0.8
0
2.324
0.1
0.7
0
1.324
0
1.824
0
1.424
1.424
0
0
0
0.1
0
0.1
0
0
0.3
0
0.1
0.6
0
0.2
0
0.1
0
1.224
1.424
0.4
0.6
1.524
1.724
0
2.024
1.424
0
0.1
0
0.3
1.224
1.624
1.424
1.224
1.824
1.324
0.1
0.1
0.1
0.1
0.2
0.1
0
0.2
0
0
0.7
0.3
0.1
0.1
0.1
0.5
0.1
0
0.1
0.4
0.3
0
0.1
1.4
0.3
0.7
1.324
1.224
0
0
0.6
0.2
0
0
0
3.024
0.1
0.7
0.2
0.1
0.2
0.7
0.1
0.4
0
0.1
0.3
0.2
0.2
0
0
0.1
0.1
0
0
1.224
0
2.524
0.1
0.4
0.4
0
0
0.4
0
2.448
1.224
0
0
1.324
1.924
0.4
0.3
0.1
1.224
1.524
0
0
0
0.3
3.2
0.1
0.2
0.2
0.2
2.924
0.4
1.524
0.1
1.2
0.4
0.2
1.324
0
0
1.224
3.524
1.524
2.724
1.324
1.224
2.548
1.224
1.424
1.524
1.324
1.424
2.824
1.224
1.424
2.948
1.424
2.648
1.324
1.824
2.224
1.324
1.424
3.148
1.324
1.524
2.024
2.324
2.548
1.224
1.324
3.648
1.224
2.224
3.748
1.224
1.224
1.624
2.548
2.224
1.824
1.324
1.224
2.024
1.224
1.224
1.324
1.324
1.324
1.424
1.824
1.224
1.324
2.448
2.124
1.224
1.324
1.224
1.524
1.224
1.224
1.724
1.524
1.224
1.524
1.624
1.524
1.524
1.424
1.224
1.624
1.624
1.624
1.224
1.324
3.248
3.348
1.524
1.724
1.424
1.224
1.224
1.424
1.224
1.324
1.224
1.224
2.424
1.224
1.224
1.224
1.324
1.324
2.548
1.624
1.424
1.824
2.224
1.424
1.224
3.124
1.224
1.224
1.624
2.224
1.924
1.424
1.624
4.948
1.624
2.548
2.448
3.148
1.324
1.324
2.948
1.624
1.224
2.748
2.548
1.724
1.624
1.324
1.424
1.224
1.224
1.724
4.748
1.224
2.124
2.448
1.424
1.424
1.624
1.924
1.724
2.324
1.424
1.524
1.324
3.024
1.224
1.224
1.324
1.224
1.324
1.224
1.224
1.624
1.524
2.724
1.424
1.324
1.224
2.024
1.224
1.424
2.324
1.224
1.724
1.424
1.224
1.224
1.324
2.124
1.224
1.324
1.224
1.524
3.048
1.224
1.324
1.224
1.824
1.924
1.724
1.524
1.724
1.624
4.148
2.548
2.548
1.324
3.724
5.748
2.648
1.224
2.924
2.448
1.524
1.724
1.324
1.724
2.024
1.224
1.324
1.324
1.524
1.624
1.524
1.224
1.724
1.324
2.524
2.324
1.224
1.524
1.224
1.224
1.324
2.524
1.224
1.224
1.424
1.524
1.624
1.224
1.424
2.024
1.824
1.724
1.524
1.424
1.324
1.624
1.224
2.548
2.548
1.324
1.224
1.324
1.624
1.324
1.424
1.224
2.224
1.324
1.324
7.148
13.748
2.548
2.024
1.224
1.924
1.224
1.224
3.724
3.048
2.848
1.224
1.224
1.324
1.524
1.224
2.024
1.324
1.324
1.224
1.624
1.324
1.224
1.424
2.548
1.324
1.224
1.224
1.624
3.224
1.824
1.724
1.224
1.224
2.624
1.524
1.424
2.024
1.224
1.424
1.324
1.424
1.624
2.448
1.424
1.224
1.324
2.448
2.848
1.624
1.724
1.424
2.748
3.148
1.324
1.224
1.224
1.724
1.424
1.524
1.224
1.324
1.324
1.324
1.324
1.424
1.424
2.324
1.824
1.724
1.524
1.224
1.224
1.424
1.724
2.548
1.224
1.224
1.224
1.424
1.224
1.224
1.524
1.824
2.548
1.724
1.424
1.624
1.324
1.524
1.224
1.224
2.024
1.224
1.324
1.224
1.724
2.848
2.124
2.624
2.324
1.224
1.324
1.724
2.524
1.324
1.924
3.348
1.324
1.224
3.024
1.624
2.624
2.548
1.224
2.024
1.324
4.648
1.424
1.224
1.724
1.324
1.524
1.324
1.324
1.324
3.248
1.624
1.324
1.324
1.424
1.524
1.224
1.324
1.224
1.424
2.848
1.924
7.248
2.024
1.524
4.748
1.224
1.224
1.824
1.724
1.824
1.324
1.424
1.524
2.548
1.924
1.824
3.348
1.224
1.224
1.824
1.324
1.224
3.624
1.424
1.524
5.824
1.524
1.324
2.324
1.824
1.624
1.224
1.224
1.824
1.224
1.224
1.824
1.924
1.224
1.424
1.324
1.224
1.824
1.424
1.524
1.624
1.724
1.424
1.224
1.624
1.224
1.224
1.324
2.024
2.124
1.224
1.424
3.048
1.224
1.224
1.324
1.424
1.224
2.424
1.824
1.324
1.424
1.424
1.324
1.424
1.324
1.324
1.724
1.524
1.624
2.748
1.224
2.848
1.224
2.124
1.224
1.324
1.724
6.248
1.224
1.224
1.724
1.624
1.224
1.224
1.424
1.424
3.048
2.448
1.224
1.824
6.548
1.224
1.424
1.224
1.224
1.224
1.324
1.324
1.724
1.524
1.224
1.324
2.548
1.924
1.524
2.648
1.224
1.224
1.724
1.224
1.224
1.524
1.324
1.324
1.224
1.224
1.724
1.224
3.624
2.924
2.948
1.724
2.848
1.324
1.324
1.524
2.948
1.324
1.324
1.324
2.448
1.224
3.348
1.224
1.924
2.324
2.848
1.224
2.624
1.324
1.624
2.324
1.324
2.448
1.324
1.424
1.824
1.924
1.924
1.624
1.224
1.424
1.324
1.524
1.424
1.724
1.724
2.448
1.624
2.924
1.624
2.024
3.524
1.524
1.524
1.924
1.224
1.224
1.224
1.624
2.448
2.548
1.224
1.424
1.224
1.224
1.324
1.724
1.324
2.548
1.224
1.324
1.424
1.224
1.424
1.324
1.724
3.824
1.324
1.424
2.748
1.424
2.224
1.224
1.224
1.524
2.324
1.224
1.324
1.724
1.924
1.524
1.624
1.724
1.824
1.324
2.648
1.924
2.724
4.948
3.448
1.624
2.224
1.224
1.224
1.224
2.848
1.724
3.848
1.624
1.524
3.248
2.448
2.548
1.224
1.324
1.424
1.224
1.624
2.224
1.624
1.424
9.148
1.424
1.324
1.424
2.848
2.024
2.624
7.048
1.224
2.024
1.224
1.224
5.248
1.424
1.424
1.824
1.524
2.224
1.724
1.224
1.824
4.024
1.224
1.324
1.224
1.524
2.424
1.524
2.224
1.224
1.224
1.324
1.724
1.424
1.424
1.224
1.424
1.924
3.948
1.724
1.424
1.224
2.024
1.424
1.224
1.224
2.324
1.924
1.224
1.524
1.324
1.324
1.324
1.424
2.424
1.324
1.524
1.824
2.124
1.224
1.224
1.424
1.924
2.224
1.224
1.324
1.424
4.848
1.224
1.224
1.324
1.424
1.324
1.524
1.224
1.824
2.224
1.524
1.524
1.424
1.724
1.924
1.324
2.424
1.224
1.724
1.324
1.524
1.224
1.324
1.224
1.324
2.448
1.724
2.448
0.3
0.1
1.624
2.424
0
0
1.424
0.8
0
1.6
1.424
0
0
0
0
1.224
0
0.1
1.724
0.2
1.224
0
1.424
0.2
1.424
0
3.824
0.1
0
0
3.624
0.2
1.9
1
0
0.9
0.4
1.224
0.2
0.1
0
1.424
1.324
0
0.2
0.2
1.224
0.2
1.224
0.2
0.1
0.1
0.2
1.724
0
1.524
0.1
0
0
1.224
0.1
0
0
0
2.224
0
0
0.1
0
1.224
0
0
2.824
0
0.3
0.7
0
0
0
0.1
0
0.1
0.2
0.2
0.2
0.7
0.1
0
0
1.224
0
0
1.224
1.224
0.1
0
1.224
0.2
2.7
0.1
0.2
1.1
2.524
1
