1.824
0.3
1.6
0.5
1.324
3.46
1.224
1.224
1.424
1.224
1.924
1.324
2.748
1.624
2.624
0
1.224
0
0
0.2
1.936
2.136
0
0
0.3
0.1
1.324
0.5
0
0.1
0
0
1.1
0
1.524
0.3
0.1
0
0.2
0.5
0
4.86
0
0.1
0.1
0
1.624
1.624
0.1
0.1
0
0
0.3
1.424
0
0
1.224
1.224
0
0.4
2.124
1.524
0
1.2
3.36
0.6
1.224
1.424
0.2
2.324
0.5
1.524
1.724
1.836
5.26
1
1.224
0.4
1.324
0
0.3
1.224
0
1.324
0.1
1.224
1.224
0
0
2.224
0
0.1
2.448
1.224
1.224
0.5
0.1
1.224
0.2
0.1
0.1
1.424
1.924
0
1.324
0
1.224
0.8
1.224
0
2.748
2.448
0
1.324
0
2.236
1.224
1.224
0.1
0.1
3.824
0
0.1
1.424
1.524
0
0.1
0.1
0
1.524
1.424
0
1.324
0.1
3.36
0.2
0.4
1.224
0
1.524
0.1
1.324
1.224
0.5
1.224
1.324
0.2
1.324
0.1
1.424
0
0
0.1
1.224
0.5
0.6
2.648
0.1
2.324
0.1
0.1
1.224
0
2.448
1.324
1.324
0
1.424
1.224
2.3
1.324
1.624
2.448
0.2
2.448
0.5
1.424
1.324
2.036
0.5
0.2
1.324
1.524
2.648
2.748
3.548
1.724
2.448
2.448
2.448
1.624
1.424
1.224
2.848
2.548
1.324
1.224
2.548
0
0
3.16
0.1
1.224
1.424
0.6
1.224
0
0.4
0.2
0
0
0
0.4
1.224
1.836
4.248
0
5.384
0
3.06
1.224
0
0.9
0.1
0.1
0.4
0
0
0.3
1.224
0.1
0
1.324
1.836
0.1
0.1
3.724
1.836
3.06
0.6
1.836
0.3
2.236
0
2.448
0
2.548
1.224
0
1.3
0
1.224
1.224
1.224
0
0
3.06
1.324
0
0.3
0.1
1.224
0.1
0.1
0
1.224
0.5
0.1
0
0
0
0
0.1
0
1.824
0
0
1.224
2.648
2.448
2.448
1.224
1.424
0
1.324
0.2
0
0
1.224
1.836
1.836
0
1.224
1.724
0
1.224
0
1.324
1.424
1.324
0.1
2.548
0.2
0.2
0.1
1.224
1.324
1.524
0.1
1.424
1.624
1.224
1.324
0
0
0
0
1.324
0
1.424
1.224
0.4
1.724
1.424
2.024
0.1
1.224
0
0
1.224
1.1
1.324
0.1
2.636
2.236
1.224
0
0
2.624
0
2.448
0
2.824
2.548
0.3
0.3
0.1
0.5
1.624
2.448
1.324
2.648
2.024
5.048
0.2
1.936
0
2.648
0.1
2.648
1.424
0
0
0
1.324
0.1
0.1
0
2.036
0.1
0
0
0.2
0.1
0
1.224
2.424
0
0
0.1
0.2
0.6
0
1.224
0
0
0
0.2
0.2
0.1
0
0.1
1.5
1.224
0.4
1.224
1.836
0
0
0
0
1.836
0
1.424
1.224
1.836
1.224
1.224
0.4
0
1
0.1
1.224
1.836
0
1.524
0
0
2.448
1.324
1.836
1.936
0.1
1.4
1.424
0
2.036
1.324
0.5
0.6
1.324
2.748
0.1
0.2
0.3
0.4
0
3.348
0.1
1.224
0
3.26
1.324
1.224
0.3
1.836
1.224
1.224
0.4
1.836
0
1.936
0
1.424
1.324
0
2.236
1.224
1.324
0.7
0.6
1.224
0.1
0.2
0.2
1.224
0.1
0.9
3.56
0
0.6
0.5
0.1
0
0.8
0.3
0.7
3.06
0
0.2
1.324
0
0
0
0
0
1.224
0.4
0.2
1.224
0
1.224
1.936
1.424
0.2
1.836
0.1
0
0.2
0.1
1.936
1.424
0.3
1.224
0
1.224
1.836
0.5
0
1.224
0
1.424
0
1.836
0
1.424
2.036
0.1
0
1.324
3.548
0.1
1.224
0
0.1
0.2
2.124
1.224
1.836
0
0
0.1
0.6
0
0
1.224
1.224
0.1
0
0.3
0.6
1.224
1.224
0.3
0
0.2
0.1
1.936
1.224
0
0
0.1
0
0.1
0.2
2.036
0
0.2
0
0.1
1.924
0.1
1.224
1.224
2.548
1.936
3.06
0.1
1.836
0.1
0
0
1.224
0.3
0
1.836
0
0
0
0.5
0
0
1.224
0
0
1.836
0.1
0
0
0.1
0.1
0.1
4.384
0.1
0
1.224
0
0.1
1.836
0
1.324
0.2
1.624
0
0.1
0.2
3.16
0
0
0
0
1.224
0.2
3.16
0.1
0.4
0.1
0
1.2
0.2
0
0.2
0.1
0.2
1.324
0
0.3
0.2
0.2
0
0.1
1.224
0.1
1.936
1.224
0.2
1.836
0
0
0
0.1
0
1.836
1.224
1.224
0
1.224
0.3
0
0.1
2.448
0
0
0
0.1
0
1.836
0
0
0.2
0.4
0.1
0.4
1.836
3.16
1.224
0
0
1.324
0
0
0.2
0
0
1.324
0
1.224
0.5
0.2
0.1
0
0
2.236
0
0.1
0
0
1.424
0
0.4
0.3
1.836
0
1.224
0
0.1
1.324
0.2
1.224
0
0
0
0.1
1.324
2.448
2.036
0.1
0.3
2.136
0
0
1.224
0
0
1.224
1.424
0.1
0.4
0.2
0
0.2
0
0
1.224
0
0.1
1.836
0
0
0
4.56
0.1
0.2
0.1
0
1.936
1.224
1.836
0
0.4
1.624
1.224
0.3
2.648
0
0
0.1
1.224
0
1.224
0.2
0.2
1.524
1.324
0.1
0
1.224
2.1
0.1
0.1
1.424
2.324
1.224
1.224
0
0
1.836
0.1
2.036
3.06
0.3
0
0
1.224
0
0
0
0
0
0
0
0.1
0
0
1.224
1.836
0
0.3
1.224
0.6
0.4
2.236
0.2
0.1
1.524
0
1.324
3.16
0.8
1.924
1.936
1.224
1.836
0
0
1.836
2.648
1.224
0.2
0
1.224
1.424
0
0
0
0
0
0
0
0
0
3.16
0
1.936
3.06
0.1
0
1.224
0
0.4
1.224
1.324
1.324
1.836
0.2
1.836
0
0
0
0
0
1.224
0
0
0
1.224
1.224
0
1.836
1.224
1.324
1.224
0.1
0
0
0
1.624
2.448
0.1
0
0
1.936
0.2
0
0.1
0.1
1.224
1.524
2.448
1.224
2.448
0
1.324
1.836
0
0.6
2.024
0
0
1.836
0
0
0
2.036
0.4
0.1
0.1
1.624
0
0
0.2
0
0.1
0
0.4
1.224
0
1.224
1.224
0
0
0
1.224
1.224
1.324
0.7
1.324
0.1
1.224
0.2
0.2
0
1.224
0.2
1.324
0.5
3.26
1.936
2.036
3.06
0
0.2
0.3
0.1
1.224
0
1.324
1.936
1.224
2.024
1.224
1.424
1.424
0.1
1.224
0.2
1.224
1.624
1.224
0
0.3
1.836
1.836
1.836
0.3
0
1.224
0
0.2
0.3
0
0.1
1.724
1.224
1.424
1.224
0
1.324
0
0
0
3.36
0
2.036
0
1.924
0
1.224
1.836
0
1.936
3.06
3.26
3.26
1.224
1.624
4.484
2.036
3.16
3.06
1.424
1.836
0
2.448
1.324
1.224
0
0.1
0.2
0
0.1
0
0.4
1.224
0.1
0
1.824
0.1
0
0
0.8
0
2.336
0.1
0
0
1.424
1.524
0.1
1.224
3.06
0
0.8
1.836
3.048
0
0.1
0.1
1.524
0.1
0.3
0
3.26
0.2
0
1.724
0.1
1.224
0
0
0
0.1
0
0
2.224
0.2
0.2
0.2
1.324
2.448
0.1
1.224
2.548
0
0.1
0
0.2
0.7
2.948
0.2
0
0
0.7
0
0
0
0.1
2
1.424
0
1.324
0
0.9
0.2
0.2
1.324
0.9
0.1
1.224
0
1.836
1.424
1.224
1.824
1.424
2.124
2.548
1.224
3.06
2.448
1.324
2.448
1.224
1.324
2.024
1.624
1.324
1.324
3.672
1.324
1.324
2.548
1.424
2.448
2.648
1.724
3.772
2.648
1.224
1.524
2.448
1.224
1.324
1.324
4.384
2.524
1.724
1.224
2.648
1.624
2.548
2.024
2.748
1.324
2.448
1.724
4.384
2.448
2.548
2.548
2.648
3.548
1.324
1.224
2.448
1.224
2.848
1.324
1.324
1.224
2.548
3.872
2.448
2.548
3.16
1.324
1.524
1.324
1.224
2.448
3.248
1.224
1.524
1.324
1.224
1.224
2.548
2.748
2.648
1.324
4.384
1.324
2.448
2.648
2.448
3.672
1.224
2.448
1.224
1.324
2.448
1.224
3.772
1.524
1.424
1.324
1.524
2.548
1.924
1.324
2.548
1.224
2.424
1.224
2.548
1.224
1.924
2.548
3.048
2.448
2.724
2.448
1.324
1.424
1.524
2.448
2.548
2.024
1.424
1.224
1.224
1.224
1.424
1.424
2.448
1.324
2.448
3.672
1.324
3.748
1.324
2.024
1.224
1.424
2.548
2.548
1.524
1.424
2.548
1.324
1.324
1.324
4.748
1.224
1.324
2.548
3.772
1.324
1.324
2.648
2.548
1.324
2.648
2.548
1.424
1.224
1.424
2.448
1.324
1.724
1.224
3.048
1.324
1.224
1.224
2.748
3.36
1.224
1.224
1.324
3.16
1.624
1.224
2.648
2.448
2.648
1.724
1.524
2.848
2.748
1.424
1.524
1.224
1.624
1.224
4.548
2.324
1.324
2.448
4.484
1.424
2.448
1.524
2.748
1.524
1.524
1.324
3.672
1.324
2.548
2.548
2.748
2.448
1.324
1.224
3.76
3.648
2.448
1.224
1.324
2.548
2.548
1.424
1.224
1.224
2.648
1.324
1.424
2.448
1.224
1.524
2.648
1.524
1.424
4.484
2.648
2.548
1.224
3.56
1.424
1.324
1.224
1.224
1.624
3.672
1.324
1.324
1.824
1.224
1.324
1.524
1.924
1.524
2.748
1.224
12.508
2.448
1.224
2.624
1.524
1.224
3.772
2.448
2.648
2.548
1.324
2.648
1.424
2.448
2.448
1.424
1.324
1.224
1.724
2.448
1.324
1.324
2.448
1.724
1.824
2.648
1.424
1.624
2.548
1.524
1.424
1.224
2.748
1.224
3.16
2.448
1.424
2.648
1.224
1.324
3.16
1.424
1.424
2.024
1.524
1.724
2.548
1.424
1.424
1.324
2.548
2.448
2.748
1.424
1.624
1.224
2.648
2.448
1.224
1.224
1.224
3.26
1.424
1.424
2.024
2.448
2.448
2.548
1.224
1.524
1.324
1.224
1.224
1.224
2.548
1.224
1.224
2.448
1.324
1.424
2.448
2.548
1.224
2.448
1.224
2.548
1.224
1.724
2.548
3.16
2.448
1.424
2.848
3.66
1.424
2.648
2.448
1.324
1.524
1.324
1.224
1.524
3.86
2.748
1.224
2.224
2.024
1.924
1.324
2.448
4.072
2.548
1.724
1.224
1.224
1.524
1.324
1.224
1.324
4.484
2.448
2.024
3.672
2.448
1.324
1.424
1.324
1.224
1.224
1.224
1.224
3.56
1.324
3.824
1.424
2.548
1.424
2.448
2.648
2.748
1.524
1.424
1.224
1.324
2.548
1.224
3.16
1.324
1.724
1.224
1.224
4.172
2.548
1.324
3.46
1.224
2.448
4.048
4.272
2.548
4.172
1.624
1.524
1.324
1.324
2.948
2.448
2.448
1.424
1.524
1.224
2.948
1.224
2.448
1.824
4.284
3.26
1.524
2.548
3.672
1.224
2.448
1.224
2.448
1.224
1.624
1.524
1.324
1.224
1.424
2.448
1.224
1.324
2.448
2.448
3.648
1.524
2.448
1.424
1.424
1.324
1.424
1.224
1.324
2.848
2.548
2.648
1.224
1.224
1.224
1.224
5.272
2.448
2.448
1.524
2.224
2.448
3.672
1.624
1.424
1.224
1.224
1.224
1.624
1.324
1.224
1.224
2.648
4.86
1.224
1.324
1.224
2.548
1.224
1.324
1.324
2.548
2.648
1.224
3.672
1.524
1.824
2.448
1.224
1.224
2.448
1.424
2.548
1.224
2.548
2.448
3.672
1.224
1.224
1.324
1.224
3.248
2.024
1.724
1.324
1.424
3.16
1.324
1.724
1.424
5.608
1.324
1.224
1.424
1.224
1.724
2.448
3.148
2.448
3.36
1.224
1.824
1.524
2.548
1.624
1.224
1.224
1.224
1.424
3.048
2.948
2.448
2.648
1.324
2.448
1.224
2.548
2.448
1.624
1.224
1.224
1.324
1.324
1.524
2.948
2.748
1.324
1.224
2.548
2.448
1.324
1.224
1.524
1.324
1.224
1.224
1.224
1.224
2.448
1.324
1.324
2.548
2.448
1.224
2.448
3.772
1.224
1.224
1.324
2.748
4.248
3.048
2.948
1.424
2.948
2.124
2.448
3.772
2.548
2.024
1.224
1.524
1.224
1.324
3.36
1.424
3.56
1.524
1.424
1.324
1.424
1.524
1.824
2.424
1.324
2.224
1.224
1.224
1.224
1.424
1.524
3.26
2.748
2.548
3.26
1.324
1.224
1.324
1.324
1.224
1.324
1.224
1.724
1.224
4.284
3.824
1.424
1.324
2.948
1.324
3.148
1.624
3.024
2.448
3.56
1.224
1.224
1.924
2.448
3.972
1.524
1.324
1.824
3.16
1.524
1.624
5.272
1.224
1.424
1.224
4.284
1.724
1.224
2.848
2.448
1.224
1.224
1.324
1.224
1.424
1.224
1.324
2.548
1.924
1.424
2.548
1.224
3.048
2.448
4.284
1.224
1.724
2.124
1.224
1.424
1.224
1.224
2.548
3.672
3.048
1.224
2.548
3.26
1.924
4.284
1.224
2.548
1.624
1.924
2.648
1.424
1.324
2.824
1.224
2.548
1.224
4.072
2.448
1.224
1.224
2.024
2.948
2.548
1.324
2.648
1.524
1.624
2.448
1.924
1.224
4.684
1.324
1.624
1.224
1.424
2.448
3.06
1.224
2.948
4.284
1.224
0
0.3
1.4
0.1
0
0.1
1
1.224
3.024
0
0.1
0
1.424
1.224
0
1.324
2.136
0.3
1.224
0
2.448
0
0.3
2.036
0
3.536
0.2
1.224
1.836
0.9
0.4
2.724
0.6
1.224
3.024
0.1
1.836
0
0.1
0
0
0
1.224
3.26
1.836
0
0.1
1.224
1.936
1.836
0
0.1
0.5
0
1.224
0
0.1
0
0.2
1.224
0
1.424
1.224
1.524
0
0.1
1.224
1.224
0
1.224
1.224
0.7
1.324
0.1
0.4
0
2.448
1.224
0.1
0
1.324
0.3
0.5
1.424
1.424
0.1
1.224
1.224
1.224
1.424
1.224
0
3.06
1.324
0
2.448
0.1
2.824
1.324
0.1
0.3
0.4
0.2
