3.224
0.7
3.524
0.9
1.424
1.524
1.624
1.224
2.848
1.224
3.348
2.448
1.724
2.924
3.424
0
0
0
0
0
1.524
1.824
0
0
1.624
0.2
0.1
0.5
1.424
0
0.1
1.224
4.624
1.224
0.3
2.224
1.224
1.324
0.2
2.524
1.424
4.524
0.1
0.2
0.4
1.424
0.3
1.4
2.324
3.448
1.224
0.1
3.748
0
0.2
0.1
1.424
0.6
1.324
2.224
3.4
0.7
0.1
1.9
1
1.724
0.2
0.2
1.924
2.3
2.024
3.348
1.824
1.224
4.424
2.624
0
0.5
0.1
1.224
2.524
0.1
1.324
0.1
0.1
0
0
0
0
1.7
1.224
0.2
0.4
0.1
0
2.848
3.048
1.324
0.1
0
0.2
1.5
1.1
1.324
0
1.324
1.224
2.1
0.3
1.324
2.524
0.1
1.324
1.424
0.5
0.9
1.324
0.3
1.224
1.324
4.6
0
0.1
2.324
0.2
1.324
1.524
1.524
0
2.924
2.124
0.1
0.3
0.2
2.424
1.6
2.024
1.524
1.924
1.5
1.224
0.2
0
2.524
0
0
1.524
0.2
1.224
0.1
1.224
1.524
1.624
1.324
2.224
2.724
0.4
0.4
2.024
0.3
1.524
0.2
1.224
0.1
0.4
0.1
0
1.424
0
4.6
1.224
2.724
1.224
1.424
1.424
3.324
0.1
0.1
1.324
2.524
2.224
3.524
1.324
2.648
2.324
3.448
4.348
2.848
1.724
2.548
2.424
4.372
2.748
4.148
2.848
4.248
2.648
2.848
1.224
0.7
1.624
0.1
0
0.4
3.524
0
1.224
3.948
1.624
1.324
1.224
1.624
0.9
0
1.224
4.8
1.324
2.2
0
0
0
1.524
3.424
1.424
1.224
1.924
1.224
1.324
2.224
2.548
1.524
1.224
1.424
0
1.424
0
5.524
1.624
0
1.924
0.1
2.324
1.624
0.2
0
0
0
0
1.224
2
0
0.4
0
0
0.1
1.324
0
0.3
1.424
2.024
1.424
1.224
1.324
0.8
1.224
1.224
0.7
1.224
1.324
1.224
1.224
1.424
1.224
1.424
1
0
1.424
0
2.448
1.224
0
0
2.624
1.224
1.524
1.524
1.424
1.224
1.424
1.224
1.324
1.224
0
1.2
0
0
0
0.1
0.4
1.224
0.1
1.424
0.2
0.8
0
0
0.8
1.624
0
1.424
0.6
0
1.224
0
0
1.224
1.224
1.224
0
1.424
1.324
0.2
1.924
1
0.9
1.324
0.1
0
0.1
0
1.9
0
0
1.824
1.724
0
0
0
3.524
1.224
0
2.448
3.1
0.2
2.224
2.424
2.948
1.824
0.6
1.324
2.848
1.724
2.6
4.5
0
0.2
1.224
0.4
0
5.072
4.172
0
2.448
2.548
1.424
0.2
0.1
2.448
0
1.224
1.224
1.524
0.2
1.324
0
0
1.3
0.1
0
0.5
1.524
2.324
0
0
0
0
1.424
3.448
1.424
0.1
0
2.548
3
0
0.3
2.648
0
1.824
1.224
0
1.324
1.524
1.224
1.924
1.224
2.448
1.224
1.224
1.824
1.324
1.6
2.524
1.524
0
0.1
0
1.724
0.1
0.2
0
1.324
1.424
1.624
1
1.624
1.524
0.1
2.548
2.124
1.724
0.3
1.424
1.524
0.6
2.024
0.4
1.424
2.624
1.624
1.624
1.224
0.3
0
1.324
0.3
1.324
0
1.224
1.824
1.324
0.1
0
0
1.824
0
1.424
0.8
0.1
0.2
2.824
1.824
1.324
1.224
0.8
1.324
0
0.2
4.224
1.4
0
2.724
2.624
0
1.624
2.224
1.824
0.2
0
0.2
0.7
1.324
0.1
1.224
0.4
0
0
1.224
1.624
0.2
1.224
1.224
0
1.724
1.324
0.2
0
0
1.424
3.224
1.224
0.1
1.524
0.5
1.224
0
1.324
1.224
1.7
0
0
1.224
1.624
1.324
1.224
1.224
1.624
0.2
2.648
1.224
0
2.4
1.324
1.224
1.324
0
1.224
2.924
1.324
0.1
1.224
1.224
1.924
2.124
2.448
0
1.624
1.224
1.524
1.524
1.824
0.4
1.324
0.2
1.524
0.4
2.024
2.724
1.924
1.424
1.324
1.224
0.2
1.224
1.224
1.224
0.5
1.324
1.624
1.224
0.2
0.4
1.324
0.1
0
0.5
2.648
1.724
1.924
2.548
2.448
1.224
0.4
1.224
0
1.224
0
0
1.224
1.324
3.124
1.724
0
1.224
0
0
1.324
1.324
1.524
0
1.324
1.624
1.324
0.1
0.8
0.1
1.224
1.324
1.524
0
1.224
1.324
0
0.3
0
1.224
0.3
0.3
1.424
0
0
1.224
0.2
2.324
0.1
0
1.4
0
0.2
4.424
1.524
2.448
0.1
0
0
1.324
0
0.4
2.024
3.648
0
0
1.724
1.324
1.524
1.224
0.2
1.524
0.1
0
1.224
0.5
1.424
1.224
0
2.224
1.224
1.224
1.2
0
1.624
0
1.224
1.424
0.6
1.624
1.224
1.324
1.324
0
0.3
2.924
0.1
3.048
1.224
0
1.224
0
0.1
2.848
1.224
1.224
1.524
1.424
1.424
1.624
0
1.224
1.424
3.348
2.024
1.224
1.324
1
1.224
1.524
0.1
1.224
1.624
1.224
0.1
1.524
0.1
0
0.1
1.224
0.4
0.1
0.7
1.224
1.224
1.224
2.848
0.1
0.4
1.524
0.2
0
1.724
1.724
1.224
1.424
1.224
1.324
0
0.1
1.224
0.1
2.124
1.324
0.1
0.1
1.524
1.524
0
1.224
1.324
0.1
0
1.324
0.3
2.7
1.224
0.5
1.724
0.1
1.224
1.224
1.224
2.224
0.3
2.648
0.3
1.724
0.3
1.424
1.724
1.224
1.324
2.748
0
1.624
1.524
0.5
1.324
1.424
1.324
1.324
3.1
6.048
0.3
0.4
1
1.424
1.224
1.224
1.424
1.224
0.1
1.624
0.3
1.624
2.648
1.224
0
0
1.224
1.224
1.224
1.224
0
2.448
2.448
1.524
1.424
0
1.224
1.224
0.6
1.224
0.8
0.7
1.424
1.724
0.2
0.6
0.1
2.848
0
0.4
1.5
1.424
1.224
1.224
1.424
1.224
0
0.4
1.224
2.124
1.224
1.224
1.924
1.324
1.324
1.424
0
0
1.524
1.324
1.924
0
1.324
1.224
0.3
1.224
0.2
0
1.224
1.324
2.548
0
0.2
1.424
1.224
1.524
1.324
0.1
1.224
0.2
1.224
0
0.1
0
2.424
1.324
1.224
1.324
0
1.224
0
1.624
0
1.624
1.224
0.1
2.548
3.524
0
0
1.224
1.324
2.648
1.624
0
1.724
1.724
1.224
2.624
0
2.448
1.324
1.524
1.224
1.524
1.524
2.324
3.124
1.624
0
1.224
0
1.524
1.224
0.2
1.724
2.448
0
1.724
0.2
2.448
1.724
1.224
0.1
0
0.1
0
0.1
0
1.424
1.224
1.224
0.2
0.1
0
0.3
1.2
1.524
1.324
1.224
0.4
0
2.448
0
3.348
1.224
2.224
1.524
1.224
0.3
1.324
0
1.924
2.424
1.424
1.224
0
1.324
3.148
1.324
4.748
0.1
2.724
2.024
1.924
0
1.524
1.224
1.2
1.424
1.224
1.624
1.224
1.224
1.224
1.624
1.224
1.224
1.224
1.524
1.724
1.424
1.624
1.2
0
2.424
0
0.2
1.224
1.224
0
0
2.324
1.324
1.824
1.224
1.3
0
0
1.224
1.324
1.224
0.1
0.9
0.8
2.648
6.072
3.848
1.424
1.324
1.224
0.2
1.424
1.324
0
1.524
0
1.424
1.824
1.324
1.324
1.624
1.624
2.224
1.624
1.324
1.224
2.024
0.9
0
1.524
3.924
2.324
0.9
2.548
0
1.224
0.3
2.024
1.624
0.1
1.224
0
2.5
0
1.5
0.1
2.448
1.324
2.124
1.224
0.2
0.2
0.1
1.724
1.224
0.9
1.424
0
1.324
1.424
1.224
1.224
0.2
1.224
2.1
1.624
2.824
3.248
1.324
0.1
2.124
0
1.224
0
1.324
1.424
1.324
1.5
0.2
0.4
1.424
1.224
0.4
0
1.224
1.324
1.524
7.724
0.1
1.424
1.524
1.424
2.4
0
0.1
0
4.348
2.848
0.2
0.1
1.224
1.324
2.548
7.372
4.272
4.848
1.624
2.648
2.648
1.324
2.848
1.624
1.624
3.048
5.348
2.748
3.248
1.324
4.472
3.972
2.648
2.624
4.548
3.248
2.948
1.424
1.424
3.648
4.972
5.072
1.324
2.548
4.272
3.548
2.548
6.548
3.248
3.148
1.224
3.748
1.424
5.148
1.824
2.548
2.648
3.248
1.324
1.424
1.624
1.424
1.224
1.824
4.972
3.672
2.748
1.224
5.048
2.848
3.972
2.548
1.224
1.324
2.948
4.748
2.648
2.448
3.848
2.648
2.748
3.948
2.424
2.448
5.372
3.048
2.548
1.224
2.748
3.048
2.948
3.448
2.948
1.524
1.324
1.624
2.548
2.448
3.048
1.324
2.448
4.848
1.224
3.672
1.324
4.248
2.848
1.624
2.848
3.672
3.948
4.548
3.048
2.448
5.424
2.448
2.448
3.148
6.472
3.548
3.324
3.048
3.324
2.648
1.224
1.324
1.524
1.324
3.248
3.148
2.948
2.448
3.772
2.548
3.548
2.748
1.324
3.672
2.448
2.448
2.948
2.924
2.448
3.748
1.224
3.948
1.424
2.524
5.272
3.748
4.348
4.272
2.848
3.772
5.024
2.648
2.448
3.548
1.224
3.448
2.548
1.624
2.124
4.048
5.048
2.548
2.648
2.948
4.972
2.748
3.148
5.648
1.324
4.348
2.124
2.448
2.448
1.424
3.972
2.448
2.548
2.448
2.948
1.624
2.648
2.748
2.848
3.648
2.748
4.548
4.272
2.748
7.072
1.724
1.224
1.424
2.448
4.724
3.624
2.448
1.224
2.224
1.424
2.748
2.848
1.524
3.548
3.848
2.548
1.424
2.948
3.648
3.348
4.072
1.324
5.272
2.548
3.824
4.024
1.224
4.772
2.548
1.424
2.748
5.672
2.548
2.448
3.048
2.948
3.048
2.548
2.648
4.648
4.972
3.748
4.472
2.948
4.472
1.424
2.448
2.648
1.224
2.548
2.448
2.948
2.624
1.324
3.048
2.748
4.448
2.448
2.748
5.072
3.724
3.672
2.524
2.748
2.624
1.224
2.448
23.772
1.824
2.548
2.448
2.448
1.624
2.748
2.448
4.448
2.848
3.548
2.448
3.148
2.848
2.448
2.948
1.324
2.748
2.448
2.448
4.148
7.048
3.448
2.848
2.848
1.324
6.572
5.072
2.748
2.624
2.448
3.872
1.824
3.248
2.724
1.224
2.648
4.072
2.948
2.548
2.024
4.372
4.048
1.224
1.524
1.524
2.548
1.324
1.324
3.848
2.748
3.148
2.648
2.548
1.224
2.748
2.848
3.048
1.724
4.348
2.648
4.248
1.424
2.448
1.524
2.848
2.848
2.448
2.848
2.448
2.648
2.648
3.672
2.648
3.448
5.972
1.624
1.424
4.048
4.172
1.624
3.972
1.924
1.224
4.048
1.424
1.524
1.224
3.148
3.048
5.048
5.572
5.372
2.448
4.272
3.248
4.648
1.324
5.772
3.448
3.048
2.448
7.848
3.648
5.748
1.324
2.548
4.148
2.748
3.648
2.448
2.548
3.148
2.648
1.524
2.448
1.224
1.724
1.724
3.248
1.224
2.848
3.772
3.548
2.448
3.772
3.772
2.448
2.848
4.872
8.072
4.548
3.724
4.672
1.324
1.524
4.948
1.824
2.024
2.748
2.648
3.348
1.224
2.748
4.772
1.524
3.872
1.524
2.424
1.324
3.772
2.424
2.648
2.748
3.424
2.024
2.748
4.648
4.648
3.148
2.648
2.548
5.672
1.224
2.648
3.448
4.772
2.748
1.724
2.648
2.548
4.248
3.148
1.524
3.148
2.748
1.824
3.672
1.324
3.672
1.324
2.648
2.324
2.824
2.548
2.448
3.048
2.448
1.324
3.048
1.624
2.548
4.148
4.672
1.524
2.848
2.648
2.848
2.548
2.748
2.448
3.648
1.624
1.824
1.324
1.224
2.548
2.448
3.524
2.648
1.224
4.048
3.924
2.548
2.448
3.848
2.748
2.648
2.448
2.648
1.724
2.948
2.448
1.424
2.848
7.572
2.648
3.048
2.648
1.324
2.648
3.348
2.448
3.148
4.048
2.448
1.224
3.872
5.072
3.348
1.524
2.648
2.448
3.648
1.324
2.848
1.324
1.324
2.548
2.448
2.748
3.748
2.448
8.048
7.148
3.148
5.272
1.524
2.648
2.448
3.448
1.724
2.648
2.448
3.872
1.224
2.748
2.324
1.524
2.024
5.148
4.172
2.848
5.548
3.348
3.548
3.748
2.648
1.224
2.548
1.524
4.148
5.772
3.248
3.248
2.448
1.324
2.748
3.848
2.448
3.148
2.848
2.448
3.048
3.748
5.172
4.148
9.672
3.148
5.072
3.648
2.448
3.772
1.224
4.972
1.224
1.324
3.048
2.548
2.548
2.448
2.448
4.048
1.824
1.324
2.748
2.448
1.624
2.448
2.648
2.948
4.348
12.248
1.724
1.624
1.224
2.624
6.048
2.548
1.524
1.624
4.648
2.548
1.424
2.948
4.348
4.072
3.748
1.624
3.348
1.824
2.324
5.572
4.248
2.324
2.024
1.424
6.048
2.748
2.748
2.648
1.724
3.948
4.172
2.548
1.624
3.248
1.424
1.224
2.848
3.772
2.848
2.948
3.448
3.848
3.872
2.548
7.624
4.372
3.972
2.848
1.424
3.524
4.224
4.024
2.448
5.572
2.448
1.224
3.748
2.848
1.824
3.548
1.624
3.548
1.724
4.572
3.948
7.648
4.072
2.748
2.448
1.324
6.072
2.648
5.872
2.548
2.848
2.548
3.148
2.848
4.148
2.548
3.348
4.148
4.048
2.748
1.924
2.648
2.124
3.148
2.548
2.648
6.672
3.748
2.448
2.948
2.548
3.772
3.772
3.048
6.272
3.772
3.448
5.172
4.448
2.548
2.448
2.748
5.572
4.248
1.324
2.548
4.572
4.748
1.224
3.048
2.748
3.048
1.924
2.948
2.448
4.448
4.848
3.048
4.872
3.748
3.448
4.448
1.424
5.448
1.224
3.848
2.748
4.972
2.748
2.948
1.224
2.448
1.224
3.148
1.224
1.224
1.324
0.5
2.624
1.324
2.448
1.424
2.624
0
4.8
0.3
2.548
1.224
0
0
0.1
1.324
0.1
0.6
1.324
0.1
0
0.1
2.748
0
1.224
4.1
0.2
1.224
0
3.124
2.024
4.724
2.724
1.224
4.224
1.924
1.324
1.324
1.224
1.224
0.1
0.6
0
1.324
0
0
1.324
0
0.2
0
1.624
0.2
0.2
1.324
0.4
1.724
0
0.4
0.2
0.1
1.224
0
1.224
0.8
1.224
1.324
1.324
0
1.424
1.224
0.2
2.724
1.324
2.748
2.748
1.224
0.1
1.224
0.2
1.524
1.224
1.524
1.624
2.024
1.624
1.524
1.424
1.324
0
1.524
0.5
1.224
0
1.324
1.224
1.224
0.3
6.224
1.624
1.324
3.024
1.9
2.524
