4.784
0
0.7
0.3
0.1
0
0.2
0
1.524
0
1.324
0.1
0.2
0.3
0.9
0.1
0
0
0
0
0
0.2
0
0
1.324
0
1.324
0
0
0
0
0.1
2.424
1.224
2.036
3.56
3.26
3.16
1.936
3.46
3.06
4.06
1.836
1.936
1.836
1.836
3.16
2.136
3.26
3.26
1.836
1.836
3.26
1.836
1.836
1.936
3.06
1.836
3.16
2.236
2.636
2.336
1.836
2.436
3.46
3.46
1.836
1.836
1.836
3.036
3.26
3.76
3.66
3.06
4.46
3.36
1.836
1.836
1.836
3.06
2.536
1.836
1.836
1.836
1.836
1.836
1.836
1.836
1.936
2.236
3.06
1.936
3.06
1.836
1.836
3.46
3.26
3.16
1.936
1.836
1.836
2.636
2.336
3.16
3.06
3.06
4.284
2.636
2.036
3.16
4.584
3.16
3.26
1.936
1.836
2.136
4.284
1.836
3.06
3.06
3.536
1.836
2.136
3.86
1.936
3.16
3.26
1.836
1.836
2.136
9.184
1.836
2.136
1.936
3.46
2.036
1.936
1.836
2.036
4.06
3.26
2.036
1.836
2.236
1.836
1.836
1.936
1.936
3.26
1.836
1.836
3.16
3.36
4.384
3.36
3.86
3.26
1.936
5.284
1.836
3.46
1.836
3.26
3.06
3.16
1.836
1.836
3.16
3.26
3.436
3.06
3.56
3.06
3.46
3.06
2.436
1.936
1.836
1.836
3.56
3.36
1.836
1.836
1.936
3.66
2.036
2.036
1.836
1.836
1.836
2.036
3.36
3.16
2.136
1.836
1.836
1.836
4.384
1.224
0.3
1.324
0
1.224
0.1
2.524
0
1.324
1.524
0
1.324
0
1.424
0.3
0
1.224
2.824
1.224
1.524
0
0
0
0
0.5
0.1
0
0.1
0
0
0.2
1.224
0.1
0
0
0
0
0
0.8
0
1.224
0.1
0
0.3
0.2
0
1.224
0
1.224
0
0
0.8
0
0
0
0
0
0
0
0.3
0.1
0.2
0
1.224
1.324
0.2
0
1.324
0.2
0
1.224
0
1.224
1.324
1.224
0
0.5
0
0
1.836
2.448
2.448
1.224
0
0.1
0
0
1.224
0.1
0.3
0.2
0
0
0
0
0.4
0
1.224
0.1
1.224
0
2.448
0
2.448
0.1
0.2
0
0
0.2
1.624
0
1.424
0
0
0.1
0
0
0
1.224
1.224
0
1.224
2.448
0.1
3.148
1.324
0.4
1.224
0
0.1
0
0
0.9
0
0
0.1
0.1
0
0
0
4.148
1.224
1.224
1.224
0.6
1.224
1.724
0.2
1.224
0.2
1.724
2.548
2.448
2.648
0.9
2.724
0
0.1
1.224
3.06
0
1.324
1.224
0
1.224
1.224
0
0.1
0.1
1.224
0.1
0
0
0
0
0
0
0
0.7
0
0
0
0
0.5
0
0
0
0.1
0
1.324
1.224
0
0
1.224
0.8
0
0.1
0
0
1.324
1.224
0
0
0.1
1.224
0
0.2
1.224
0
0
0
0
0.7
0
1.324
0.1
0
0.1
1.224
0
1.424
0.2
0
0
0.1
0.7
2.548
0.2
0
1.224
0.1
0.1
0
2.648
0
0.2
0.2
0.2
1.224
3.248
0
2.548
0
1.424
0
2.548
0
0
0
0
0.1
0
0
0
0
0.1
0
1.224
0.1
0
1.224
0.5
0.1
0
0
0
0.1
0
0
0.9
1.624
0
0.4
2.324
0
1.224
0.1
0.2
0.4
0
0.2
0.2
0
0
1.224
0
0.1
0
0
1.224
0.1
0
1.224
0
0.2
0.1
0
0
0
0.1
0.1
0
0.1
0.2
0.4
2.448
0.1
0
0
0.4
0
0
1.224
0.1
0
0
0
0.1
0.1
1.224
0
0
2.524
0
1.224
0
0
0
0.5
0
0
1.324
0
0.1
0.4
1.224
0
0.1
2.448
1.324
0.1
1.224
0
0.1
0.1
1.324
0.2
0.2
0.4
0.2
0
1.324
1.224
0.1
0
0.1
1.224
0.1
0
0
0
0
0.2
1.224
0
0
1.424
1.224
1.224
0.1
1.224
1.224
0
0
0
0
0
0.1
0
0
0.1
2.124
0.1
0
0
0
0.1
0.1
0
1.324
0
0
0.1
0
1.224
0.1
0
1.224
0.1
0
0
0
1.224
0
0.1
0
0.2
0.2
1.624
0.1
0
0
1.224
0.2
0.2
0
0.1
0.2
0.1
0
2.224
0.1
1.224
0
0
0
0
0
0.1
0
1.424
0
0
0
1.224
0
0
0
0.1
0.1
0
0
0
0.1
1.324
0
1.224
1.224
2.448
0.2
0
0.1
1.224
1.224
1.224
0.1
0.2
0
0.1
0
0
0
0.4
0
1.324
0
0.1
0
0
0
1.324
1.224
0
0.1
0.1
0.1
0.2
0
0
0.1
1.324
0.3
1.324
1.324
0.2
1.224
0
0
0
0
0
0
0
0
0
0
0
0.1
0
0.3
0
0
0
1.324
0
0.3
1.224
0.2
0
0
0
1.224
0
1.224
0
0
0
2.448
0.1
0.1
0.1
0
0.1
0
0
0
1.224
1.324
0
0
0.1
0
2.224
0
0
0
0
0
0
0.1
0.2
0
2.448
0.1
0.1
1.524
0
0
0
0
1.224
0
1.224
0
0.3
0
0
0
0
1.3
1.524
0.2
1.424
0.2
0
0
1.224
0
0
0
0.1
0
0.3
1.624
1.224
0
0
1.224
0
0
0
0
1.324
1.324
0.2
1.424
0
0
0
0
1.324
0.2
0.3
0.1
0
0
0.3
0
2.448
0
0
0.9
0
2.548
0
0
0
0
1.324
1.224
0
0
2.448
1.324
0
0
0
0
0
0
0
0.1
0
0
0
0.1
0
0
0
2.448
1.224
1.224
0
0
0
0
1.224
0
0
1.324
0
1.224
0
0.1
0
0
0
0
0
0
1.224
0.1
0
0
0.1
0
0
1.324
0.1
1.224
0
0
0
1.324
0.1
0
0.1
1.424
2.448
0.2
1.224
2.448
1.224
1.224
0
0
0
0.3
1.624
1.224
0
0
0
0
0
0
0
1.224
0
3.048
0
1.224
0.2
0
0.2
0.1
0.1
0
0
0
0.2
1.224
1.224
0
0
0
0
0.2
0
0
1.224
0.2
0
1.224
0
1.224
0
1.524
1.524
0
0.1
1.224
0
0
0.4
0
0
0
0
1.424
0
3.048
0.1
0.4
0.1
0.5
0.1
0.1
0
0.1
0.1
0
0
0
0
0
0
0
0
0
0
0.1
0.1
0.1
0.6
0
0
0
0.1
2.448
1.424
0
0.4
0.2
0.1
0.1
0
0.4
0
0
0
0
0.2
0
0.2
0
0
1.324
1.224
0
0
0
0
0
0.1
1.224
0.1
0
0
0
0
0
0
0
0.2
0
1.224
1.224
0.2
0.2
0
0.1
0.7
0.2
0.1
1.224
0
0
0.2
0.1
0.1
0
0.1
0
0.5
0
1.824
1.836
1.224
0
0.3
0.1
0.3
0.1
1.224
0.1
1.224
0.6
0.2
0
1.324
0.1
1.224
1.324
0.1
1.224
0.7
0.1
1.424
1.424
2.448
1.224
0.3
0
0
0
0
0
1.224
0.4
1.224
0
0
1.224
0.1
0
0
0
0.2
1.5
1.224
0
2.548
0
0.5
0
0.2
1.224
2.024
1.324
0.2
0
1.224
0
0
2.024
1.224
1.924
1.324
1.224
1.224
0.2
1.524
0.1
0
0
1.624
0
0.1
0
2.948
1.224
0
0.3
0.3
0.2
0
0
1.424
0.1
1.224
1.324
0
0
1.324
1.424
2.548
1.4
0.1
0.1
0
0.1
1.224
0.2
0.3
0
0.2
1.324
0.1
0
0.1
1.224
1.324
0.4
1.324
1.224
0
0
0.7
0
1.324
0.1
0
1.324
0.1
2.848
0
0
0.3
0.1
0
0
0.5
0
1.324
1.324
0
0
2.548
1.424
1.224
0
1.324
0.2
0
1.224
0
2.448
0.1
0
0
1.624
0
1.224
1.224
1.324
0.2
0.2
0.4
2.448
0.2
0.5
2.748
0
0.5
1.224
2.548
0.2
1.724
0.1
0.1
0
0.7
1.424
0
0
0
1.324
2.548
1.224
0
0
1.224
1.324
0.2
0.1
0
1.224
0
2.448
0.2
2.024
0
1.824
0.1
0.2
0.1
0
1.524
0.2
0.1
1.224
0.2
1.224
1.3
0
1.224
1.324
1.224
0
0.1
0.1
0.3
1.624
2.948
1.324
1.224
0
1.324
1.224
0.1
0.6
0
0.4
0.2
0
0
1.324
1.224
0
1.224
1.224
0.2
0
0
0
0
0
0.2
1.524
1.224
1.724
1.624
0.1
0
0.1
0.1
1.4
0.5
1.224
0
0.2
0
0
0
0.1
0.2
0.5
1.224
1.224
1.424
1.324
1.224
2.548
0
1.224
1.224
0.4
0.7
0
1.524
0
0
1.424
1.424
0
0
0.1
1.324
0
0.1
0.1
0
1.424
0.1
1.424
1.324
1.524
0.2
0
1.324
0.1
0.1
0
0
0.5
1.224
1.524
1.224
1.524
1.224
1.224
1.624
0.1
1.224
0.3
0
1.424
0
0
2.124
0.2
1.224
2.448
1.224
0.1
0
0
0.1
1.324
0.1
1.224
0.1
1.324
0
1.624
0
0.2
0
0
0
1.724
0.2
1.424
1.224
0
1.724
1.524
0
0.2
0
1.224
0.1
2.024
0.2
0
1.224
1.324
0.1
1.224
0.2
1.224
1.224
0
0.1
0
0
1.224
0
0.3
0.1
0
0
2.548
0
0
0.2
0.1
0
1.324
0.1
1.724
0.1
0
0
0
1.424
0
1.224
0
0
0.1
1.224
0
1.324
1.424
0.1
0.1
0.1
1.424
0.1
1.324
0
0
1.324
0
0
0
0.1
2.648
0.5
1.524
2.448
1.224
1.324
1.324
1.524
0
1.324
1.524
0.2
0
2.024
0.3
1.524
0
2.448
1.524
0
1.324
1.324
0
0.4
1.224
0.1
0.2
0
1.324
0
2.448
1.224
0.2
1.224
1.424
1.224
1.224
1.224
0.1
1.324
1.324
2.124
0.4
0.3
1.724
1.224
0.1
0.3
0.4
0.2
0.1
0.3
0.1
0
0.1
1.424
0.1
1.324
0
1.924
1.224
1.224
0.4
1.224
0
0.5
1.424
0.2
2.648
0.3
1.324
0
0
1.324
0
0
0.2
1.524
0.1
0
0
1.224
0.3
1.324
0
0.2
1.324
1.424
1.224
0
1.224
0
1.324
0
0.6
0.2
1.324
1.324
1.224
0
0
0
0
3.248
1.224
0
1.324
0.1
1.224
1.224
0
1.224
0.2
0
0
0
0.1
1.324
0
2.324
2.448
0
0.4
0.4
0.1
2.448
1.524
0
1.224
0
0
0
1.224
1.224
0
0.3
2.024
0.1
1.324
0
0
0
1.324
0.2
0.2
0.1
0
1.224
1.224
1.624
0.3
0
1.324
0
0.2
1.224
1.224
0.1
0
2.448
0
0.3
1.224
0
2.124
1.5
1.424
1.224
0.1
0.1
0.1
1.324
0.1
1.224
0
1.224
0.1
0.1
0.2
0.1
0.1
0.2
1.224
1.324
1.424
0
0
1.524
0
0
1.224
0.1
0.3
1.524
0.2
0.3
0
1.224
1.424
2.848
2.448
0
1.324
1.224
1.324
1.724
1.324
0.6
3.148
0.1
1.324
0.2
0
1.424
0.1
1.324
0
0
1.624
1.224
0
0
1.224
0
0.1
0
0
0
1.324
0
1.224
0.2
1.724
3.124
0.1
0.3
0.1
0.2
1.3
0
1.224
0
0.9
0
0
0
0.1
1.224
1.324
0
1.324
0
0.2
1.524
1.624
0.2
0.4
0.2
2.324
0
1.224
0
0.1
0.2
1.524
1.224
0.3
1.224
0
0
0.2
1.224
1.224
0.2
1.424
0.2
1.224
1.224
1.2
1.224
1.324
2.648
0
0.3
0.8
0.7
2.448
1.624
0
0
0.2
1.524
1.424
2.024
0
0.1
0
1.224
0.3
2.624
1.424
0
0
0.1
1.524
1.224
2.648
1.324
1.424
0
0.2
0
0.1
1.224
0.1
0
1.424
0.2
0.3
0
0.4
0.2
2.448
1.424
1.424
0.3
1.324
1.424
1.224
1.224
1.324
1.324
1.424
1.324
0.1
1.624
1.824
2.548
1.224
0.1
1.324
0.2
0
1.424
1.424
2.324
0
2.448
0.1
2.848
0.1
0.1
1.424
0.3
0.3
0
1.424
0.2
2.336
1.836
3.06
1.936
1.836
1.936
0
1.324
0
0.1
0
0
0
3.36
0
1.324
1.224
0.2
1.824
1.424
1.224
1.224
2.424
0
2.824
0
1.224
1.224
0
0
0
2.448
0
0.2
1.224
0.1
1.224
0
1.224
0
1.224
1.5
0.2
0
0
0.9
0.1
2.424
0.8
1.224
4.348
0.1
0
1.324
0
0
0
0.1
0
1.224
0.1
0
1.324
0
0
0
0
0
0
0
0
0.1
0
0.1
0
0
1.324
1.324
2.448
0.4
0
0
2.648
0
0
1.224
1.324
0.7
2.448
1.224
1.324
1.224
1.224
0
0
0.1
0
0.2
0
2.748
2.448
0
0.2
0
0
0.1
0.1
0
0
0.2
1.224
0
0
3.548
2.448
1.424
2.024
0.6
1.524
