2.324
0.6
2
0.6
0.3
1.424
1.324
1.224
2.748
1.224
2.848
1.324
1.424
2.424
2.224
0
0
0
0
0
0
0.5
0
0
1.824
0
0.4
0.1
0
0.1
0.1
0.1
3.824
1.224
0.1
1.824
1.524
1.324
0.1
2.224
1.224
2.2
0.2
0
0
0
0.6
0.7
1.724
1.624
0
0.1
2.624
0
0.1
0.1
1.324
0.5
1.424
1.1
2
0.7
0
0.8
0.9
1.224
0.1
0.3
0.5
1.9
2.524
2.124
1.824
1.324
2.9
2.224
0
0.5
0.1
1.224
1.5
0
0
0
0.1
0
0
0
0
1.4
1.224
0.2
0.3
0
0
1.724
1.624
1.524
0
0.2
0
1.5
1.1
1.324
0.1
1.224
1.324
2.3
0.2
1.624
2.224
0.1
1.224
0.1
0.1
0.2
1.324
0.1
1.424
1.424
3
0
0.1
2.324
0.3
1.324
1.524
0.2
0
0.5
1.724
0.2
0
0.3
0.6
1.3
0.4
0.2
0.6
1.3
1.324
0.2
0
0.6
0
0
0.2
0.5
1.424
0
0
1.424
1.324
1.224
3.224
2.824
0.3
0.2
2.124
0.1
1.524
0
1.224
0
0.4
0.2
0.1
1.424
0.1
3.1
1.224
2.624
0
1.424
0.1
1.6
0
0
0.1
3.024
2.624
2.4
1.224
1.324
2.524
2.424
2.924
1.624
1.424
1.224
1.824
2.648
3.148
2.624
1.424
2.124
1.324
2.848
1.224
0.5
1.724
0
0
0.1
3.724
0
1.324
2.024
0.1
1.324
0
1.624
0.4
0
1.224
2.8
1.224
1.6
0
0
0
0.2
1.6
0.1
0
0.4
0
0
0.5
1.224
0.6
0
0
0
0.1
0.1
3.9
0
0
0.4
0
0.7
0.6
0.1
0.1
0
0
0
0
1.9
0
0.1
0.1
0
0.1
0.1
0
0.5
0.3
0.4
0.1
1.224
1.324
0.6
0
1.224
0.3
0
1.224
0
1.224
1.424
1.224
0
1.3
0
0
0
1.224
1.224
0
0
1.2
0
0.1
1.324
0.1
0.2
0.2
0
0
0
0
1.3
0
0
0
0
0.2
1.224
0.3
1.424
0.2
0.2
0
0
0.6
1.824
0
1.624
0.2
0
0.1
0
0
0
1.224
0.1
0
0.1
1.324
0.1
2.124
1.2
0.5
1.324
0
0.1
0
0
1.4
0
0.1
0.3
0.2
0
0
0
3.224
1.324
0
1.224
2.5
0.1
1.724
0.6
1.524
0.1
0.7
1.424
1.524
1.324
1.9
3.2
0.1
0
1.224
0.4
0
3.348
3.048
0
1.324
1.224
0
0.1
0
1.224
0
0
0
0.1
0.2
0
0
0
1.1
0.1
0
0.2
0
1.4
0
0
0
0.3
0.1
2.124
1.624
0.1
0
1.224
2
0
0.4
1.224
0.1
1.924
1.224
0
0
0.3
1.224
0.2
0
1.224
0
0
0.5
0
1.5
0.8
1.324
0
0.2
0.3
1.824
0
0.1
0
0.1
0.2
0.8
1.2
1.324
0.1
0.1
1.324
1
0.2
0.3
1.224
0.2
0.5
0.4
0.3
1.324
2.224
0
1.324
0
0.4
0
1.224
0.1
0
0
0.1
0.6
0.2
0
0
0
0.6
0.1
1.324
0.3
0.2
0
1
0
0.1
0
0.7
0
0.1
0.5
2.6
1.1
0
0.8
2.724
0
1.724
0.5
0.6
0.7
0
0.4
0.3
0
0
1.224
0.4
0.2
0
0
1.324
0.4
0
1.224
0
0.2
0.2
0.2
0
0
0
2.3
0
0
0.3
0.6
1.224
0.1
0
0.4
1.1
0
0.1
1.224
0.5
0.2
0
0
0.3
0
1.424
0.1
0
1.6
0.2
1.224
0
0
0.3
1.3
0
0.1
1.224
0
0.7
1
1.224
0
0.2
1.224
1.924
0
1.324
0.2
0.1
0.2
1.424
0
0.6
0.7
0.4
0
1.324
1.324
0
0
0
1.324
0.2
0.1
0.8
0.1
0
0.1
1.324
0
0
0.3
1.324
1.824
0.3
1.424
1.224
0
0.2
0
0.1
0.2
0.1
0
0
0
2.424
1
0
0.1
0
0
0.2
0.1
1.424
0
0
0.1
0.1
0
0.7
0
1.224
0
0.4
0.1
0
1.224
0
0.3
0
0.1
0
0.2
0.1
0
0
1.224
0
0.9
0.2
0
0.6
0
0
3.424
0.2
1.224
0.1
0.2
0.1
0
0
0.2
0.2
2.424
0
0.1
0
1.324
0.1
0
0.1
0.1
0
0
0
0.1
0.1
1.224
0
1.4
1.224
1.324
0.8
0
0.6
0
1.224
1.424
0.5
0.2
0
0.3
0.1
0
0
1.4
0
1.824
0.1
0.1
0.1
0
0.1
1.624
1.224
0
0
0
0
0.3
0.1
0
0.3
1.724
0.4
1.224
1.424
1
1.224
0
0.1
0
0.4
0.1
0.1
0.2
0
0
0.1
0.1
0.1
0
0.1
0
0
0
1.524
0
0.3
0
0.2
0.3
0.6
0.4
1.224
0
1.324
0
0.1
0
1.324
0
0.9
0
0
0.2
0
0.2
0
1.224
1.224
0
0
0.1
0.2
1.5
0
0.2
0.2
0
0.2
0
0
1.3
0.3
1.324
0.3
0.4
0.4
0.1
0.2
0.1
0
1.524
0
1.324
0.3
0.9
0.1
0.2
0.2
0
2.1
5.124
0.1
0.2
0.7
0
0
1.224
0.1
0
0
0.1
0.1
0.8
1.624
1.224
0
0
1.224
0
0.1
0.2
0.1
1.324
1.224
0.1
1.424
0
0.2
0.1
0.6
1.224
0.8
0.9
0.3
0.1
0
0.3
0.1
1.324
0
0.4
1.8
0.3
1.224
0.1
0.2
0
0
0.4
1.224
0.5
0
1.224
1.4
0
0
0
0
0
0.1
0
0.7
0
0.1
0.1
0
0
0
0
1.224
1.324
1.524
0
0
0.3
0
1.224
0
0
1.224
0.2
1.224
0.1
0
0
0.7
0.1
0
0
0.1
1.224
0
0.1
0
0.5
0
0.1
1.424
1.3
0
0
0
0.1
1.424
0.1
0.1
0.5
1.824
1.224
1.5
0.1
1.224
0
1.224
0.1
0.2
0
0.4
2.824
1.324
0.2
0.1
0.1
0
0.1
0.1
0.1
1.324
0.1
1.724
0.1
1.224
0.6
0
0
0.1
0
0
0
0.1
0.1
1.324
1.424
0.2
0
0
0.3
0.9
0.3
0.1
1.224
0.1
0.1
1.224
0
2.024
0
1.524
0.4
0
0.2
1.424
0
0.4
1.8
0.1
0
0.1
0
1.424
0.1
2.124
0.1
1.5
0.4
0.9
0.1
0.2
0
1.2
0.4
0.1
0.4
0
0
0
0.4
0
0.1
0
0.3
0.8
0
0.5
0.8
0
0.9
0
0.2
1.224
1.224
0.1
0.5
0.8
0.4
0.4
0
0.8
0
0
0
0.1
0.2
0
0.5
0.3
1.324
3.748
1.824
0.2
0.1
0
0.5
0.1
0
0
0.1
0
0
0.5
0
0.1
0.1
0
0.6
0
1.224
1.224
0.4
0.6
0
0.1
1.4
0.6
0.5
1.224
0
0
0.4
0.7
0.2
0
0
0
1.8
0.1
1.2
0.3
1.224
0.3
0.9
0.2
0.5
0.2
0.2
0.3
1.624
0.5
0
0
1.524
0
1.224
1.424
0
1.224
1.4
0.2
2.424
1.624
1.224
0
0.5
0
1.224
0.1
0
0
1.224
0.4
0.5
0.4
0.1
1.224
0.4
0
0
0.1
0.4
5.4
0.2
0.1
1.324
0.2
0.9
0.2
0.1
0.2
3.724
1.524
0.1
0.1
1.224
0.1
1.224
6.848
2.748
4.248
1.924
2.748
2.548
1.224
3.248
1.724
1.724
1.424
6.648
1.524
1.924
1.424
3.048
2.848
1.424
2.724
3.224
1.624
1.524
1.424
1.824
1.824
3.048
3.348
1.224
1.324
2.848
3.548
2.448
5.124
1.624
1.724
1.324
1.924
1.424
2.724
1.524
1.324
1.324
4.548
1.624
1.324
1.424
1.224
1.324
1.724
4.348
2.448
1.424
1.224
3.424
1.624
2.848
1.224
1.224
1.924
1.324
5.348
1.224
1.324
2.324
1.924
1.324
2.524
1.724
1.424
2.848
3.148
1.324
1.224
2.748
3.248
2.548
1.324
1.524
1.424
1.224
1.524
1.324
2.448
1.424
1.324
1.224
4.448
1.324
2.548
1.324
3.048
1.524
1.524
1.524
2.548
2.624
2.624
2.848
1.224
3.824
2.448
2.548
1.524
6.548
1.424
3.124
1.324
2.124
2.748
1.324
1.324
1.224
1.324
2.848
2.848
1.424
1.224
2.848
2.448
1.624
1.324
1.424
2.448
1.224
2.448
1.724
2.324
1.224
3.248
1.324
2.324
1.424
1.824
3.948
1.824
2.724
2.948
1.324
2.748
4.424
1.624
2.848
1.924
1.324
2.324
1.224
1.724
1.724
3.548
6.148
2.748
2.548
1.324
4.948
1.624
1.624
3.824
1.424
3.024
1.924
1.224
1.224
1.424
2.648
1.224
2.448
2.448
1.324
1.324
1.224
1.224
1.524
2.124
1.524
4.148
2.848
3.148
3.848
2.024
1.224
1.424
1.324
4.024
2.524
2.448
1.224
1.624
1.324
1.424
1.824
1.924
2.524
2.724
2.448
1.724
2.848
3.048
4.048
2.748
1.324
3.748
2.548
2.824
3.324
1.224
2.848
1.224
1.224
1.424
4.748
1.224
1.224
1.924
2.748
1.624
1.624
1.324
2.724
4.048
2.524
3.048
1.724
2.748
1.424
1.224
2.648
1.424
1.424
1.224
1.524
2.324
1.224
2.848
2.548
4.648
2.448
2.448
3.748
3.224
2.448
3.124
1.424
1.824
1.224
1.224
7.048
1.624
2.848
2.448
1.524
1.524
1.424
1.224
2.324
2.648
1.824
2.448
1.724
2.848
1.224
2.448
1.224
1.224
1.524
1.224
1.924
18.448
1.924
2.948
2.548
1.224
4.148
3.048
1.324
1.724
1.224
2.548
1.524
3.548
1.924
1.224
2.648
3.248
1.524
2.448
1.324
2.848
4.848
1.524
1.224
1.424
1.424
1.224
1.224
1.724
1.624
1.624
1.224
2.948
1.324
1.324
1.424
2.024
1.224
4.648
1.424
3.748
1.324
1.224
1.424
1.324
2.548
1.324
2.848
1.224
1.224
1.424
2.648
1.224
3.148
4.748
1.424
1.524
1.724
3.048
1.324
2.848
1.824
1.324
5.048
1.324
1.524
1.224
1.624
2.948
3.624
4.548
3.948
2.448
3.248
3.548
5.648
1.224
3.448
3.348
1.824
1.224
6.748
2.024
7.548
1.324
2.648
1.924
1.324
3.448
2.648
1.324
2.424
2.548
1.324
1.324
1.324
1.724
1.724
2.848
1.224
1.324
2.548
3.248
2.448
2.448
2.548
1.224
2.548
3.548
5.248
3.524
2.324
3.048
1.224
1.324
2.424
2.124
1.524
1.424
1.624
1.824
1.224
1.624
3.648
1.424
2.748
1.224
1.924
1.424
2.548
1.824
2.648
1.624
2.524
1.624
1.324
6.148
2.224
2.848
1.224
1.324
4.048
1.424
1.524
1.824
3.148
1.224
1.324
1.224
2.448
2.824
1.224
1.224
1.924
2.748
1.724
2.548
1.324
2.448
1.424
2.548
2.824
2.124
1.324
2.548
2.848
1.224
1.224
1.924
1.724
1.224
4.748
3.248
1.424
2.848
1.224
2.948
2.548
1.424
2.448
1.724
1.824
1.624
1.224
1.324
2.748
1.224
2.924
2.448
1.224
2.124
2.924
1.324
2.448
4.548
1.824
2.648
1.224
1.224
1.324
2.748
2.448
1.324
1.624
5.948
1.424
2.848
1.224
1.224
1.524
2.848
1.324
1.624
2.124
1.224
1.224
2.548
4.248
1.824
1.324
2.548
1.224
2.324
1.424
2.648
1.424
1.424
2.448
1.224
1.324
3.348
1.224
6.148
4.524
2.848
3.248
1.724
1.324
1.324
2.848
1.424
1.724
1.324
2.548
1.224
1.424
1.724
1.424
2.024
3.924
2.848
2.448
6.648
1.724
1.924
3.448
1.324
1.224
2.548
1.324
2.324
3.648
2.924
1.724
1.224
1.224
3.048
3.648
2.448
1.824
3.048
2.448
2.748
3.548
3.148
3.224
7.648
1.524
3.548
1.824
1.224
2.548
1.224
3.148
1.324
1.224
3.048
2.648
1.224
1.224
2.448
1.924
1.424
1.224
1.524
1.224
1.224
1.224
2.448
1.524
3.848
6.848
1.524
1.724
1.324
2.024
3.424
1.224
1.324
1.524
3.024
1.224
1.224
1.424
2.324
2.448
3.148
1.324
3.048
1.324
2.124
4.148
5.748
2.024
2.024
1.224
4.948
1.524
2.448
1.224
1.424
1.824
3.048
1.924
1.724
2.948
1.224
1.224
1.624
2.548
2.748
1.524
3.548
2.024
2.548
1.524
6.024
2.848
2.948
2.848
1.324
3.324
4.624
3.124
2.448
3.148
1.324
1.224
2.424
3.248
1.424
3.648
1.424
1.824
1.424
3.248
3.024
4.024
2.548
1.324
1.224
1.324
5.748
2.548
4.648
1.224
2.748
1.424
1.624
1.624
2.724
2.448
2.124
2.424
5.348
1.924
1.824
1.224
1.924
1.924
2.448
2.648
5.148
2.724
2.448
3.048
2.448
2.448
2.548
1.424
4.948
2.748
1.924
3.448
4.048
2.448
2.548
1.324
3.748
3.024
1.224
3.148
2.948
4.248
1.324
2.948
2.024
2.748
1.524
1.824
2.548
2.824
3.224
1.624
3.248
2.324
1.624
2.324
1.324
2.924
1.324
2.624
1.224
3.748
1.224
1.424
1.224
1.224
1.224
1.324
1.224
1.424
1.324
0.2
2.024
1.424
1.324
1.324
2.624
0
3.8
0.3
1.424
1.224
0
0
0
1.324
0.1
0
0.1
0.3
0
0
1.324
0.2
1.224
2.1
0.1
0
0
1.4
0.5
3.124
0.7
1.224
4.024
0.7
0.3
1.424
0
0
0.4
0.3
0
1.224
0.1
0
1.724
0
0
0
0
0.2
0.5
0.1
0.4
0.3
0
0.1
0
0.2
1.324
0.1
1.424
1.5
0.1
0
1.224
0
0
0
0
1.9
1.224
1.724
1.824
1.224
0
0
0.2
0
0.1
0.1
0.6
1.424
2.024
0.1
0
0
0
0.3
0
0
0
0
1.224
1.224
0.3
5.924
1.524
1.424
3.424
1.3
2.824
