2.124
0.2
2.424
0.1
1.324
1.224
1.324
1.224
2.548
1.224
2.548
2.448
1.524
1.624
1.624
0.1
0
0
0
0
1.424
1.624
0
0
1.324
0
0.2
0.3
1.324
0
0.1
1.324
2.424
1.224
0.4
2.024
1.224
1.324
0
1.524
1.324
2.824
0
0
0.1
1.224
0.3
0.3
1.524
3.048
1.224
0.2
3.548
0
0.1
0
1.324
0.5
1.324
1.824
0.9
0.2
0
0.8
0.3
1.324
0
0.2
1.724
1.2
1.824
3.148
1.524
1.224
2.524
1.724
0
0.2
0
1.224
2.124
0.1
1.324
0
0
0
0
0
0.1
0.7
1.224
0
0
0.1
0
2.748
2.548
1.324
0.1
0
0
1.1
0.6
1.224
0
1.324
1.224
1.3
0
1.324
2.024
0.2
1.224
1.324
0.1
0.4
1.224
0.1
1.224
1.224
2
0
0.1
2.024
0
1.224
1.424
1.324
0
1.824
1.724
0
0.1
0
1.724
0.7
1.624
1.224
1.624
1
1.324
0
0
1.624
0.1
0
1.224
0
1.524
0.1
1.224
1.324
1.424
1.324
2.224
2.124
0
0.2
1.624
0
1.624
0.1
1.224
0
0.1
0
0.1
1.224
0.1
1.3
1.224
1.824
1.224
1.224
1.424
1.524
0
0
1.324
1.924
2.024
3.724
1.224
2.448
1.424
3.148
3.048
2.948
1.824
2.448
1.624
3.872
2.748
3.148
2.548
3.148
2.548
2.848
1.224
0.1
1.424
0
0
0.1
2.324
0
1.324
2.748
1.224
1.224
1.224
1.424
0.2
0
1.224
2
1.224
0.5
0
0
0
1.224
2.024
1.324
1.224
1.524
1.224
1.224
1.424
2.448
1.324
1.224
1.224
0
1.324
0
3.024
1.224
0
1.224
0
1.824
1.424
0
0.1
0
0
0
1.324
0.5
0
0
0.1
0
0.2
1.324
0
0
1.224
1.524
1.224
1.224
1.224
0.4
1.224
1.224
0.2
1.224
1.224
1.224
1.224
1.224
1.324
1.324
0.7
0
1.224
0.2
2.548
1.224
0
0
1.924
1.224
1.324
1.324
1.424
1.224
1.224
1.224
1.324
1.224
0
0.7
0
0
0
0
0.2
1.224
0
1.424
0.1
0.3
0
0
0.2
1.424
0
1.324
0.2
0
1.424
0
0
1.324
1.224
1.224
0
1.324
1.224
0.1
1.424
0.5
0.1
1.224
0
0
0
0
0.1
0
0
1.324
1.324
0
0
0
2.224
1.224
0
2.548
1.4
0
1.724
1.924
2.548
1.224
0.5
1.224
2.548
1.324
0.7
1.5
0.1
0
1.224
0
0
3.772
3.672
0
2.448
2.548
1.224
0.1
0
2.448
0
1.224
1.224
1.224
0.2
1.224
0
0
0.8
0.1
0
0
1.224
1.524
0
0.1
0
0.1
1.224
2.648
1.324
0
0
2.648
1
0.1
0.2
2.448
0.1
1.524
1.224
0
1.224
1.424
1.224
1.424
1.224
2.448
1.224
1.224
1.324
1.224
0.7
1.524
1.324
0
0.3
0.2
1.424
0
0.1
0
1.224
1.324
1.524
0.4
1.224
1.224
0.1
2.448
1.324
1.324
0.1
1.424
1.324
0.1
1.624
0.1
1.224
1.524
1.424
1.224
1.224
0.3
0
1.224
0
1.224
0
1.224
1.224
1.324
0.1
0
0
1.424
0
1.324
0.1
0
0
1.624
1.224
1.224
1.224
0.4
1.224
0
0.4
2.424
0.4
0
1.424
1.924
0
1.324
1.424
1.324
0.4
0
0
0.1
1.224
0
1.224
0.2
0.4
0
1.224
1.224
0.1
1.224
1.224
0
1.324
1.224
0
0
0
1.224
3.024
1.224
0.1
1.524
0.5
1.424
0
1.224
1.324
0.3
0
0
1.224
1.224
1.224
1.224
1.224
1.324
0.3
2.448
1.224
0
1.1
1.324
1.224
1.224
0
1.224
1.624
1.224
0.1
1.224
1.224
1.524
1.524
2.448
0
1.224
1.224
1.624
1.224
1.524
0.4
1.224
0.5
1.324
0
1.424
1.624
1.624
1.224
1.424
1.224
0.2
1.224
1.324
1.224
0
1.224
1.624
1.224
0
0
1.224
0
0
0.1
2.448
1.424
1.424
2.448
2.448
1.224
0
1.224
0
1.224
0
0
1.224
1.324
1.924
1.424
0
1.224
0
0.1
1.324
1.224
1.224
0.1
1.224
1.324
1.224
0
0.5
0
1.224
1.224
1.324
0
1.224
1.324
0
0
0
1.324
0
0.2
1.324
0
0
1.224
0.1
1.924
0
0.1
0.7
0
0
2.324
1.524
2.448
0
0
0
1.224
0
0.2
1.424
3.848
0
0
1.324
1.324
1.224
1.224
0.1
1.224
0
0
1.224
0.2
1.224
1.224
0
2.324
1.224
1.224
0.5
0
1.224
0
1.224
1.224
0.3
1.524
1.224
1.224
1.224
0
0.1
1.724
0
3.048
1.224
0
1.224
0
0
2.548
1.224
1.224
1.224
1.224
1.324
1.524
0
1.224
1.424
2.848
1.724
1.224
1.224
0.2
1.224
1.224
0
1.224
1.224
1.224
0
1.224
0
0
0.1
1.224
0.2
0
0
1.224
1.224
1.224
2.548
0
0.1
1.224
0.2
0
1.624
1.324
1.224
1.224
1.224
1.224
0
0
1.224
0
1.424
1.224
0
0
1.324
1.324
0.1
1.224
1.224
0
0
1.224
0.1
0.8
1.224
0.1
1.324
0
1.324
1.224
1.224
2.824
0.2
2.748
0.1
1.324
0.2
1.224
1.324
1.224
1.224
2.748
0
1.224
1.324
0.1
1.224
1.224
1.224
1.224
0.9
5.248
0.2
0
0.1
1.224
1.224
1.224
1.324
1.224
0
1.324
0.1
1.624
2.848
1.224
0
0
1.224
1.224
1.324
1.224
0
2.448
2.548
1.224
1.424
0
1.424
1.224
0.1
1.224
0.3
0.2
1.224
1.324
0
0
0
2.448
0
0
0.4
1.324
1.224
1.224
1.224
1.224
0
0.1
1.224
1.424
1.324
1.224
1.624
1.324
1.224
1.224
0
0
1.224
1.224
1.424
0
1.324
1.224
0
1.224
0
0
1.224
1.324
2.648
0
0
1.224
1.224
1.324
1.224
0
1.224
0
1.224
0
0
0
2.224
1.224
1.224
1.224
0.1
1.224
0
1.424
0
1.524
1.324
0
2.448
2.524
0
0
1.224
1.224
2.548
1.224
0
1.424
1.824
1.224
1.824
0.1
2.448
1.224
1.224
1.424
1.424
1.324
1.724
1.924
1.224
0
1.224
0
1.324
1.224
0.1
1.324
2.448
0.1
1.424
0.1
2.448
1.324
1.224
0
0.1
0
0
0
0
1.224
1.224
1.224
0.3
0
0
0
0.3
1.324
1.224
1.224
0.1
0.1
2.448
0
2.948
1.224
1.424
1.424
1.224
0
1.224
0
1.824
1.824
1.324
1.224
0
1.224
2.748
1.224
3.148
0
2.124
1.224
1.824
0
1.224
1.224
0.9
1.324
1.224
1.224
1.224
1.224
1.224
1.424
1.224
1.224
1.224
1.324
1.324
1.224
1.224
0.3
0
1.924
0
0.1
1.224
1.224
0
0.1
1.624
1.224
1.524
1.224
0.2
0
0
1.224
1.224
1.524
0.1
0.2
0.3
2.448
5.772
2.648
1.224
1.224
1.224
0.1
1.324
1.224
0
1.324
0
1.224
1.624
1.224
1.224
1.324
1.224
1.324
1.324
1.224
1.224
1.324
0.2
0
1.224
2.324
1.624
0.5
2.548
0
1.224
0
1.724
1.324
0
1.224
0
0.6
0.1
0.5
0.3
2.448
1.224
1.524
1.224
0.2
0.1
0.3
1.624
1.324
0.4
1.524
0
1.324
1.224
1.224
1.224
0
1.224
0.4
1.324
2.024
2.848
1.224
0
1.324
0.1
1.224
0
1.224
1.224
1.324
0.4
0.3
0
1.224
1.224
0.1
0.1
1.224
1.424
1.524
4.624
0.1
1.424
1.424
1.224
0.8
0
0.2
0
3.648
2.548
0.2
0
1.224
1.324
2.448
4.772
4.772
4.048
1.524
2.648
2.548
1.224
2.748
1.424
1.224
2.748
4.148
2.548
3.248
1.324
3.672
3.672
2.648
3.124
3.448
2.548
2.748
1.224
1.324
3.548
5.272
5.172
1.424
2.548
3.972
2.748
2.448
3.448
3.148
3.048
1.224
2.748
1.324
3.348
1.824
2.448
2.448
3.148
1.424
1.624
1.424
1.624
1.524
1.924
4.872
3.672
2.548
1.224
3.648
2.548
4.072
2.548
1.424
1.424
2.648
3.648
2.448
2.448
2.948
2.748
2.648
2.948
1.624
2.448
5.072
2.748
2.448
1.224
2.748
2.748
2.548
2.448
2.648
1.324
1.224
1.524
2.448
2.448
2.648
1.324
2.448
3.248
1.324
3.672
1.224
3.148
2.848
1.524
3.048
3.872
2.848
3.948
2.748
2.448
3.224
2.448
2.448
3.048
4.872
3.748
2.524
3.248
1.924
2.748
1.224
1.224
1.224
1.224
3.148
2.648
2.448
2.448
3.672
2.448
3.648
2.648
1.324
3.672
2.448
2.448
2.648
1.924
2.548
3.448
1.224
3.048
1.424
1.924
5.372
3.048
4.048
4.372
2.648
3.772
2.924
2.548
2.448
2.648
1.424
3.048
2.448
1.424
1.324
2.948
3.848
2.548
2.548
2.548
4.572
2.448
2.848
3.448
1.224
3.748
1.524
2.548
2.448
1.424
3.972
2.448
2.448
2.448
2.448
1.224
2.448
2.448
2.648
3.248
2.548
3.248
3.672
2.648
4.572
2.124
1.224
1.324
2.448
2.424
1.724
2.548
1.224
1.724
1.424
2.548
2.848
1.924
3.348
3.148
2.448
1.424
2.948
3.048
3.048
3.872
1.224
4.372
2.448
2.424
2.324
1.224
4.172
2.448
1.224
2.548
6.372
2.448
2.448
2.648
2.748
2.848
2.548
2.448
3.648
4.472
3.748
3.972
2.648
3.772
1.424
2.448
2.548
1.224
2.648
2.448
2.648
1.724
1.224
2.948
2.648
3.648
2.448
2.848
4.572
2.624
3.672
1.724
2.848
1.524
1.224
2.448
6.572
1.424
2.448
2.448
2.448
1.424
2.648
2.448
3.148
2.948
2.648
2.448
2.748
2.648
2.448
2.548
1.224
2.448
2.548
2.548
3.648
4.148
3.048
2.848
2.548
1.324
13.072
4.472
2.448
1.524
2.448
3.672
1.224
3.048
1.424
1.224
2.848
3.772
2.548
2.548
1.524
3.972
3.048
1.624
1.324
1.224
2.648
1.224
1.224
3.448
2.648
2.648
2.448
2.548
1.224
2.648
2.548
3.048
1.324
3.248
2.848
3.148
1.424
2.448
1.224
2.448
2.648
2.448
2.448
2.448
2.448
2.548
3.872
2.448
2.548
5.572
1.424
1.424
3.148
3.972
1.324
4.072
1.524
1.324
3.648
1.324
1.524
1.224
2.748
2.848
3.348
8.272
5.072
2.448
4.072
2.648
3.748
1.224
5.272
2.948
2.748
2.448
4.248
3.548
4.648
1.324
2.448
3.448
2.448
2.948
2.448
2.448
2.948
2.548
1.224
2.548
1.224
1.524
1.224
2.748
1.224
2.448
3.872
3.048
2.448
3.672
3.672
2.448
2.548
4.872
5.872
4.548
1.924
4.272
1.424
1.324
3.748
1.624
2.224
2.448
2.548
2.948
1.224
2.648
3.972
1.224
3.772
1.424
1.324
1.524
3.672
1.724
2.748
2.548
2.724
1.624
2.648
3.448
3.548
2.848
2.548
2.448
4.072
1.224
2.548
2.948
4.472
2.448
1.224
2.448
2.448
3.348
2.448
1.324
2.748
3.048
1.524
3.672
1.324
3.672
1.324
2.448
2.124
2.024
2.548
2.748
2.748
2.448
1.224
2.448
1.424
2.448
3.548
4.872
1.624
2.548
2.648
2.548
2.648
2.448
2.448
3.148
1.924
1.524
1.224
1.224
2.548
2.448
2.524
2.648
1.324
2.648
1.924
2.548
2.448
3.648
2.448
2.648
2.448
2.448
1.524
2.448
2.448
1.424
2.848
5.772
2.748
2.448
2.448
1.324
2.448
2.848
2.548
2.648
3.448
2.448
1.224
3.672
3.972
2.848
1.424
2.448
2.548
2.848
1.224
2.648
1.224
1.224
2.748
2.448
2.648
3.548
2.448
4.348
3.548
2.648
4.872
1.524
2.448
2.448
2.548
1.324
2.548
2.448
3.772
1.224
2.448
1.524
1.424
1.724
3.748
3.772
2.648
3.848
2.648
3.248
3.848
2.648
1.224
2.548
1.324
3.048
4.572
2.848
2.848
2.548
1.324
2.448
3.048
2.448
2.848
2.848
2.448
2.748
3.348
4.472
3.648
6.272
2.648
5.272
3.348
2.448
3.772
1.224
5.072
1.224
1.224
2.748
2.448
2.548
2.448
2.448
2.948
1.524
1.224
2.548
2.448
1.324
2.448
2.548
2.648
2.948
4.248
1.624
1.524
1.224
1.724
3.248
2.648
1.224
1.524
3.748
2.548
1.224
2.648
3.148
4.072
2.948
1.324
3.548
1.224
1.724
5.472
3.848
1.724
1.324
1.324
3.448
2.548
2.648
2.448
1.224
3.048
4.072
2.548
1.824
2.848
1.424
1.224
2.748
3.672
2.648
2.548
3.548
2.948
3.872
2.748
3.824
3.972
3.872
2.748
1.424
1.924
2.524
2.824
2.448
4.972
2.448
1.224
2.548
2.648
1.224
2.848
1.324
2.748
1.424
3.972
3.248
3.648
3.772
2.548
2.448
1.324
4.672
2.548
5.472
2.548
2.848
2.448
2.948
2.448
2.948
2.448
2.948
3.148
3.248
2.548
1.324
2.548
1.424
2.548
2.548
2.448
5.172
3.148
2.548
2.448
2.448
3.672
3.672
2.648
5.972
3.872
2.648
4.272
3.148
2.448
2.448
2.548
4.272
4.048
1.224
3.048
3.872
3.748
1.224
2.648
2.648
2.948
1.424
2.648
2.448
3.348
3.848
2.648
4.372
3.548
2.848
3.248
1.224
3.448
1.224
3.448
2.448
4.772
2.448
2.648
1.224
2.448
1.224
3.048
1.224
1.424
1.224
0.2
1.824
1.324
2.448
1.424
1.924
0
1.1
0.1
2.448
1.224
0
0
0.1
1.224
0
0.3
1.324
0
0
0
2.648
0
1.224
1.5
0
1.224
0
1.624
1.424
2.224
1.824
1.224
2.024
1.424
1.324
1.224
1.224
1.324
0
0
0
1.224
0
0
1.624
0
0
0.1
1.324
0.1
0
1.224
0.2
1.324
0
0
0
0
1.224
0
1.224
0.7
1.224
1.224
1.224
0
1.224
1.224
0
1.924
1.224
2.748
2.548
1.224
0
1.224
0.2
1.224
1.224
1.224
1.324
1.424
1.624
1.424
1.224
1.224
0
1.324
0.1
1.224
0
1.224
1.224
1.324
0.1
4.324
1.624
1.524
1.924
1
1.924
