1.724
0.4
1.524
0
1.224
1.224
1.324
1.224
2.648
1.224
2.448
2.448
1.324
1.224
1.524
0
0
0
0
0.1
1.224
1.724
0
0
1.224
0
0
0.1
1.224
0
0
1.324
1.824
1.224
0.1
1.524
1.324
1.324
0.2
1.324
1.224
1.624
0
0
0.2
1.224
0
0.4
1.424
2.648
1.224
0
2.748
0.1
0.1
0.1
1.224
0
1.324
1.524
0.5
0.2
0.2
0.5
0.1
1.324
0
0.1
1.324
0.2
1.624
2.448
1.624
1.224
1.424
1.324
0
0.1
0
1.224
1.324
0
1.224
0.2
0
0
0
0
0
0.2
1.224
0
0.1
0
0
2.548
2.548
1.224
0
0
0.1
0.2
0.1
1.224
0
1.324
1.224
0.4
0
1.224
1.424
0
1.224
1.224
0.1
0.1
1.224
0.1
1.324
1.324
0.3
0.1
0
1.524
0
1.224
1.324
1.224
0
1.424
1.524
0.2
0.1
0
1.224
0.4
1.324
1.224
1.224
0.4
1.224
0.1
0
1.624
0
0.1
1.324
0
1.324
0
1.224
1.324
1.424
1.224
1.524
1.324
0
0
1.524
0
1.324
0
1.224
0
0
0.1
0
1.224
0
1
1.324
1.524
1.224
1.324
1.224
1.424
0
0
1.224
1.624
1.624
2.424
1.224
2.448
1.424
2.648
2.648
2.648
1.324
2.448
1.324
4.072
2.548
2.748
2.448
2.848
2.548
2.548
1.224
0.1
1.324
0
0
0
1.624
0
1.324
2.648
1.224
1.224
1.224
1.224
0.3
0
1.224
0.5
1.224
0.2
0
0
0
1.224
1.324
1.224
1.224
1.224
1.224
1.224
1.424
2.448
1.224
1.224
1.224
0
1.324
0
1.824
1.324
0
1.224
0
1.424
1.324
0.1
0
0.2
0
0
1.224
0
0
0.1
0
0
0
1.224
0
0.1
1.224
1.324
1.224
1.224
1.324
0.1
1.224
1.224
0
1.224
1.224
1.224
1.224
1.324
1.324
1.224
0.1
0
1.224
0
2.448
1.224
0
0
1.724
1.224
1.224
1.224
1.224
1.224
1.324
1.224
1.224
1.224
0
0.2
0
0
0
0
0
1.224
0
1.324
0
0
0
0
0
1.424
0
1.424
0
0
1.224
0
0
1.224
1.224
1.224
0
1.224
1.224
0
1.324
0.3
0.1
1.224
0
0
0
0
0
0
0
1.224
1.224
0
0
0
1.424
1.224
0
2.448
0.6
0
1.324
1.324
2.448
1.324
0.1
1.224
2.548
1.224
0.5
0.5
0
0.1
1.224
0
0
3.772
3.672
0
2.448
2.448
1.224
0
0
2.448
0
1.224
1.224
1.224
0.1
1.224
0
0
0
0
0
0
1.224
1.224
0.1
0
0
0
1.224
2.448
1.324
0
0
2.448
0.3
0
0.1
2.448
0
1.324
1.224
0
1.224
1.224
1.224
1.224
1.224
2.448
1.224
1.224
1.324
1.224
0.3
1.324
1.224
0
0.1
0.2
1.324
0
0.1
0
1.224
1.224
1.324
0.5
1.324
1.224
0
2.448
1.224
1.224
0
1.224
1.224
0.1
1.224
0.1
1.224
1.424
1.224
1.324
1.224
0.1
0
1.224
0
1.224
0
1.224
1.224
1.224
0
0
0
1.524
0
1.224
0
0
0
1.324
1.324
1.324
1.224
0
1.324
0
0.1
1.424
0.1
0
1.324
1.424
0
1.224
1.324
1.224
0
0
0
0.1
1.224
0
1.224
0
0
0
1.224
1.224
0
1.224
1.224
0
1.324
1.224
0
0
0
1.324
2.124
1.224
0
1.424
0.1
1.224
0
1.224
1.224
0.2
0
0
1.224
1.224
1.224
1.224
1.224
1.224
0.1
2.448
1.224
0
0.1
1.224
1.224
1.224
0
1.324
1.324
1.324
0
1.224
1.224
1.324
1.324
2.448
0
1.224
1.224
1.424
1.324
1.624
0.1
1.224
0.1
1.324
0.1
1.424
1.424
1.324
1.224
1.224
1.224
0
1.224
1.224
1.324
0
1.224
1.224
1.224
0
0
1.224
0
0
0
2.448
1.224
1.424
2.448
2.448
1.224
0.1
1.224
0
1.224
0
0
1.224
1.224
1.424
1.224
0
1.224
0
0.1
1.224
1.224
1.224
0
1.224
1.324
1.224
0
0
0
1.224
1.324
1.224
0
1.224
1.224
0
0
0
1.224
0
0.1
1.224
0
0
1.224
0
1.424
0
0
0
0
0
1.724
1.224
2.448
0
0
0.1
1.224
0
0
1.224
3.148
0
0
1.224
1.224
1.224
1.224
0
1.224
0
0
1.224
0
1.224
1.224
0
1.524
1.224
1.224
0.1
0
1.224
0
1.224
1.224
0.1
1.224
1.224
1.224
1.224
0
0
1.324
0
2.648
1.224
0.1
1.224
0
0
2.448
1.224
1.224
1.324
1.224
1.224
1.324
0
1.224
1.224
2.448
1.324
1.224
1.224
0
1.224
1.224
0
1.224
1.224
1.224
0
1.224
0
0
0
1.224
0.2
0
0
1.224
1.224
1.224
2.448
0
0
1.224
0
0
1.224
1.224
1.224
1.224
1.224
1.224
0
0
1.224
0
1.324
1.224
0
0
1.224
1.224
0
1.224
1.224
0
0
1.224
0
0.4
1.224
0
1.224
0
1.224
1.224
1.224
1.624
0
2.448
0
1.224
0.1
1.224
1.224
1.224
1.224
2.448
0
1.224
1.224
0
1.224
1.224
1.224
1.224
0.2
4.048
0
0
0.1
1.224
1.224
1.224
1.224
1.224
0
1.424
0
1.224
2.548
1.224
0
0
1.224
1.224
1.224
1.224
0
2.448
2.448
1.224
1.324
0
1.224
1.224
0
1.224
0.1
0.1
1.224
1.224
0
0
0.1
2.448
0
0
0
1.224
1.224
1.224
1.224
1.224
0
0
1.224
1.224
1.224
1.224
1.324
1.224
1.224
1.324
0
0
1.224
1.224
1.324
0
1.224
1.224
0
1.224
0
0
1.224
1.224
2.448
0
0
1.224
1.224
1.224
1.224
0
1.224
0
1.224
0
0
0
1.724
1.224
1.224
1.224
0
1.224
0
1.324
0
1.324
1.224
0
2.548
1.424
0
0
1.224
1.224
2.548
1.224
0
1.224
1.324
1.224
1.324
0
2.448
1.224
1.224
1.224
1.224
1.224
1.324
1.324
1.224
0
1.224
0
1.224
1.324
0
1.224
2.448
0
1.324
0
2.448
1.324
1.224
0.1
0.1
0
0
0
0
1.224
1.224
1.224
0
0
0
0
0.1
1.224
1.224
1.224
0
0
2.448
0
2.648
1.224
1.624
1.224
1.224
0.1
1.224
0
1.224
1.324
1.224
1.224
0
1.224
2.448
1.224
2.648
0
1.624
1.324
1.324
0
1.224
1.224
0.1
1.224
1.224
1.224
1.224
1.224
1.224
1.324
1.224
1.224
1.224
1.324
1.224
1.224
1.224
0.1
0
1.424
0
0.1
1.224
1.224
0
0
1.324
1.224
1.224
1.224
0.2
0
0
1.224
1.324
1.324
0
0
0
2.448
4.672
2.548
1.224
1.224
1.224
0
1.224
1.224
0
1.224
0
1.224
1.424
1.224
1.224
1.324
1.224
1.224
1.424
1.224
1.324
1.224
0
0
1.324
1.724
1.324
0.1
2.448
0
1.224
0
1.624
1.224
0
1.224
0
0.3
0
0.1
0.1
2.448
1.224
1.224
1.224
0
0
0
1.324
1.224
0.1
1.324
0
1.224
1.324
1.224
1.324
0.1
1.224
0.2
1.324
1.724
2.748
1.224
0
1.324
0
1.224
0
1.224
1.224
1.224
0.3
0
0
1.224
1.224
0
0
1.224
1.224
1.224
2.724
0
1.224
1.224
1.224
0.3
0
0.1
0
3.048
2.448
0.1
0
1.224
1.224
2.448
4.472
3.972
2.948
1.224
2.748
2.448
1.324
2.448
1.324
1.424
2.548
2.948
2.448
2.648
1.224
3.772
3.772
2.548
1.524
2.548
2.448
2.448
1.224
1.324
2.548
4.372
4.472
1.224
2.448
3.672
2.848
2.448
3.048
2.448
2.848
1.224
2.748
1.224
2.848
1.424
2.548
2.448
2.748
1.424
1.224
1.324
1.224
1.224
1.324
4.472
3.672
2.448
1.224
3.148
2.548
3.872
2.448
1.224
1.524
2.548
2.748
2.648
2.448
2.648
2.548
2.648
2.848
1.324
2.448
4.872
2.948
2.448
1.224
2.548
2.448
2.448
2.548
2.548
1.224
1.324
1.224
2.448
2.448
2.448
1.324
2.448
2.748
1.224
3.672
1.224
2.748
2.448
1.224
2.548
3.672
2.548
3.048
2.548
2.448
1.824
2.448
2.548
2.648
4.572
2.548
1.524
2.548
1.724
2.548
1.224
1.224
1.424
1.224
2.548
2.548
2.648
2.448
3.672
2.448
2.848
2.548
1.224
3.672
2.448
2.448
2.448
1.524
2.448
2.848
1.224
2.648
1.324
1.524
4.572
2.648
3.548
4.072
2.648
3.772
1.624
2.448
2.448
2.548
1.224
2.648
2.448
1.224
1.424
2.848
3.248
2.648
2.448
2.448
4.272
2.548
2.548
2.948
1.224
2.748
1.324
2.448
2.448
1.324
3.672
2.448
2.448
2.448
2.548
1.324
2.548
2.448
2.548
2.748
2.848
2.648
3.672
2.448
4.272
1.324
1.224
1.224
2.548
1.224
1.524
2.448
1.224
1.424
1.324
2.448
2.448
1.524
2.748
2.648
2.448
1.224
2.648
2.548
2.648
3.772
1.224
4.072
2.448
1.524
1.324
1.224
3.972
2.448
1.224
2.548
4.672
2.548
2.448
2.748
2.448
2.548
2.548
2.548
2.848
4.072
3.248
3.772
2.448
3.872
1.324
2.448
2.448
1.224
2.448
2.448
2.548
1.324
1.224
2.648
2.448
3.048
2.448
2.548
3.872
1.524
3.772
1.624
2.648
1.424
1.224
2.448
5.072
1.324
2.448
2.448
2.448
1.224
2.548
2.448
2.748
2.548
2.548
2.448
2.448
2.548
2.448
2.548
1.224
2.448
2.448
2.448
3.248
3.048
2.848
2.548
2.448
1.224
4.472
7.372
2.648
1.424
2.448
3.672
1.324
2.548
1.324
1.224
2.448
3.672
2.448
2.448
1.324
3.772
2.748
1.424
1.224
1.224
2.448
1.224
1.324
2.548
2.548
2.748
2.648
2.548
1.224
2.548
2.648
2.748
1.324
2.848
2.548
3.148
1.224
2.448
1.224
2.548
2.648
2.448
2.548
2.448
2.448
2.448
3.672
2.548
2.548
4.172
1.224
1.224
2.648
3.672
1.524
3.872
1.324
1.224
2.748
1.324
1.224
1.224
2.448
2.548
2.748
4.472
4.272
2.448
4.172
2.848
2.948
1.224
4.272
2.548
2.748
2.448
3.148
3.048
2.948
1.224
2.448
2.648
2.548
2.548
2.448
2.448
2.648
2.448
1.224
2.648
1.224
1.324
1.424
2.548
1.224
2.448
3.772
2.648
2.448
3.672
3.772
2.448
2.548
4.272
4.472
2.948
1.524
3.772
1.224
1.424
2.848
1.224
1.424
2.548
2.448
2.648
1.324
2.448
3.872
1.424
3.672
1.224
1.424
1.224
3.772
1.224
2.448
2.548
1.424
1.324
2.548
2.848
2.748
2.548
2.448
2.448
3.772
1.224
2.548
2.548
4.772
2.548
1.224
2.548
2.448
2.948
2.548
1.224
2.548
2.548
1.424
3.672
1.224
3.672
1.224
2.548
1.524
1.424
2.448
2.448
2.548
2.448
1.224
2.748
1.224
2.448
2.648
3.872
1.224
2.448
2.448
2.548
2.448
2.448
2.548
2.848
1.324
1.224
1.224
1.224
2.448
2.448
1.424
2.448
1.224
2.448
1.424
2.448
2.448
2.748
2.448
2.448
2.448
2.448
1.324
2.448
2.448
1.224
2.548
4.172
2.448
2.648
2.448
1.224
2.548
2.748
2.448
2.548
2.748
2.448
1.224
3.672
3.972
2.648
1.424
2.448
2.448
2.748
1.224
2.448
1.224
1.324
2.548
2.448
2.448
2.448
2.448
3.448
3.648
2.548
4.572
1.224
2.548
2.648
2.648
1.324
2.648
2.448
3.672
1.224
2.448
1.224
1.224
1.324
2.848
3.872
2.448
2.948
2.548
2.848
2.448
2.448
1.224
2.448
1.324
2.848
4.472
2.848
2.648
2.448
1.224
2.448
2.548
2.448
2.748
2.648
2.448
2.448
2.948
4.472
3.048
4.772
2.648
4.472
3.648
2.448
3.672
1.224
4.172
1.224
1.224
2.548
2.448
2.548
2.448
2.448
2.648
1.224
1.224
2.448
2.448
1.324
2.448
2.448
2.448
2.748
3.848
1.324
1.224
1.224
1.624
3.048
2.548
1.324
1.324
2.548
2.748
1.324
2.448
2.748
3.972
2.748
1.524
2.648
1.424
1.224
3.872
3.248
1.424
1.224
1.424
3.148
2.448
2.448
2.448
1.324
2.648
3.672
2.548
1.224
2.748
1.324
1.224
2.548
3.672
2.448
2.548
2.848
2.948
3.772
2.448
1.824
3.872
3.672
2.448
1.224
1.424
2.024
1.624
2.448
4.472
2.448
1.224
2.448
2.448
1.324
2.548
1.324
2.648
1.324
3.972
3.048
3.048
3.772
2.548
2.548
1.224
3.972
2.448
4.372
2.448
2.648
2.448
2.648
2.648
2.748
2.448
2.548
2.948
2.948
2.748
1.324
2.448
1.324
2.448
2.448
2.448
4.572
2.748
2.548
2.448
2.448
3.772
3.772
2.748
4.872
3.672
2.648
3.772
2.748
2.448
2.448
2.548
3.672
2.848
1.224
2.448
3.872
3.248
1.224
2.548
2.448
2.648
1.224
2.448
2.448
2.748
2.848
2.548
3.972
2.948
2.848
2.748
1.424
2.848
1.224
2.848
2.448
4.072
2.448
2.648
1.224
2.448
1.224
2.648
1.224
1.224
1.224
0
1.424
1.324
2.448
1.224
1.324
0
0.7
0
2.448
1.224
0
0
0.1
1.224
0
0.2
1.224
0.1
0
0
2.448
0
1.224
0.2
0
1.224
0
1.424
1.424
1.624
1.324
1.224
1.724
1.324
1.324
1.224
1.224
1.224
0
0.1
0
1.224
0
0
1.224
0
0
0
1.324
0
0
1.224
0
1.224
0
0
0
0
1.224
0
1.224
0.1
1.224
1.224
1.224
0
1.224
1.224
0
1.324
1.224
2.448
2.448
1.224
0.1
1.224
0.1
1.224
1.224
1.224
1.224
1.224
1.224
1.324
1.424
1.224
0
1.224
0
1.224
0
1.224
1.224
1.224
0.1
1.824
1.324
1.224
1.424
0.1
1.424
