0.4
0.3
3.148
1.324
3.772
1.324
1.224
2.448
1.424
1.224
1.324
2.548
2.748
1.424
1.524
0
1.224
1.224
1.324
1.324
1.324
1.324
1.224
1.224
0.1
1.224
1.224
1.324
2.548
1.224
1.224
1.224
0.6
1.224
1.424
0.2
0
0
0
0.3
0
2.224
0
0
0.1
1.224
0.2
1.724
0.1
1.424
1.324
0
1.524
1.424
0
1.324
1.224
1.424
0
1.324
2.424
1.424
0.1
1.724
0.2
0.3
1.224
1.424
1.224
1.724
0.3
2.648
1.424
0
2.024
0.3
2.448
0
1.224
0.1
2.748
1.224
1.224
1.224
0
1.224
1.224
0
1.224
2.748
0
1.324
1.224
1.224
1.224
1.424
1.324
1.224
2.448
1.224
0.1
1.424
1.524
0.1
1.224
0.1
0
0.8
1.324
1.224
1.724
1.224
0.1
2.548
0.1
0.1
0
2.448
0
0
2.324
0
1.224
1.424
1.324
1.224
0.4
1.224
1.224
3.048
0.3
0
1.324
1.324
1.724
0.3
1.324
2.448
1.424
0
0
2.548
1.224
1.524
1.224
1.324
1.224
1.224
0.1
1.324
1.224
0.1
0.1
0
0.5
0.1
1.324
0
0.3
0
0.1
1.324
0
1.224
0.2
1.224
1.224
1.224
0
2.424
1.224
1.224
2.448
0
2.448
2.648
1.224
2.448
1.224
0.1
0.2
4.372
1.224
4.996
1.524
5.196
3.248
3.672
2.548
4.896
1.224
2.548
1.324
3.772
3.772
2.848
2.448
1.324
0
1.224
1.324
1.224
0
1.224
0.8
1.224
0
1.424
2.548
1.324
2.448
0.1
1.524
1.224
0
2.024
0
1.324
0
1.224
1.224
3.872
2.024
3.672
2.448
1.424
1.224
1.224
2.648
2.448
2.448
2.448
2.448
0
2.448
0
5.072
1.224
0
1.424
0
1.624
1.424
0
1.224
1.224
2.448
3.672
1.224
0.2
0
1.324
1.224
1.224
1.224
1.224
1.224
1.524
2.448
1.324
2.448
1.224
0
0.1
3.672
1.224
0.2
3.672
0
2.448
0
0.1
0
2.448
1.424
0
2.448
2.448
2.548
1.224
2.448
2.448
5.596
3.672
3.872
0
2.448
2.448
2.548
1.224
1.224
3.672
1.224
1.524
0
0
2.448
0
1.324
0
1.224
1.224
0.1
0.1
0
1.224
1.324
1.324
1.224
1.324
2.548
1.224
2.448
1.224
1.224
2.548
0
1.224
0
1.224
0
0.1
0.2
0.3
1.324
0
1.224
2.448
0
1.224
1.724
2.448
2.548
1.424
1.224
1.224
1.224
0
0.7
0
1.224
1.224
3.048
1.324
0.2
1.324
2.448
2.648
0.2
1.224
1.224
1.224
1.824
3.124
1.224
0.1
0
1.224
1.224
3.772
2.448
0
1.224
1.224
2.448
0
1.224
3.672
0.1
2.448
2.448
1.224
1.224
1.224
1.224
1.224
4.172
0
0
0
2.448
2.848
2.448
1.224
1.224
0.1
3.672
1.224
0
0
0
2.548
2.224
2.448
1.224
2.448
0
0.1
0
1.224
2.448
2.448
0
3.672
3.672
1.224
4.896
4.896
1.224
2.548
0.4
1.224
2.548
0
1.224
1.324
0.1
1.224
2.448
1.224
1.224
2.448
3.148
1.624
0
1.524
1.224
2.548
1.324
2.648
2.548
1.524
1.424
0
2.548
1.224
0
1.624
1.224
1.324
2.448
1.424
2.448
1.224
1.424
2.448
3.672
2.448
1.424
1.224
1.424
0
1.324
2.548
1.224
0
0
3.672
0
2.548
1.324
2.648
1.224
0.1
2.448
1.224
0.1
2.124
0.1
1.224
1.924
1.924
0
1.324
2.548
1.324
1.324
2.448
0
1.224
2.448
0
0
0
1.324
0
3.672
1.424
1.324
2.448
0
3.672
2.448
3.772
0.1
0
1.224
1.224
4.172
2.548
0.2
2.448
0.3
0
0
3.672
2.448
1.424
1.224
1.224
0
3.772
2.448
1.224
3.672
3.672
1.224
1.324
2.448
1.224
2.424
1.224
1.224
1.324
1.224
3.972
2.448
3.672
1.324
0
2.448
2.848
2.948
1.224
0
5.096
0
0
1.224
0.1
1.324
3.672
2.448
0
1.324
1.424
2.748
2.648
2.448
0
0
0.1
2.448
1.424
0
0.2
1.224
2.648
1.224
0
2.448
0
1.324
1.224
1.224
1.224
1.524
1.224
1.224
2.448
1.224
0
2.448
1.224
1.224
0
1.224
1.224
1.224
0.6
1.324
1.224
2.448
0
0.1
2.548
3.772
0
1.224
1.224
1.224
2.448
1.324
0.3
0
1.224
1.224
1.324
0
2.448
1.324
1.224
2.448
0
2.548
1.224
1.524
1.324
1.224
1.224
0
2.448
1.424
1.224
0
0.3
0
0
0.9
2.648
2.448
1.224
0
0
2.448
1.224
1.224
2.748
3.872
0
0
2.548
0
1.324
2.448
1.324
2.448
2.548
0
1.224
1.424
2.748
0
2.448
1.324
2.448
0.1
0.4
1.224
1.224
1.224
0
0
0.1
1.324
2.448
1.324
2.548
1.224
0
2.848
0.1
3.048
1.224
1.224
2.448
1.224
1.224
3.872
0
2.448
1.224
2.548
2.448
2.648
0
3.672
1.324
1.424
2.548
0
1.224
2.548
0
2.448
1.224
1.224
3.772
1.224
0
3.772
0
1.224
3.672
1.224
0.1
2.448
1.324
2.448
2.448
2.448
2.448
1.224
2.448
3.772
0.1
0
2.448
1.424
0
2.548
1.224
2.448
2.448
1.224
0
1.424
2.848
1.224
2.548
0.2
2.548
1.224
1.224
0
0
1.324
2.448
2.548
2.448
0.5
1.224
0
2.548
1.324
2.448
2.548
2.448
1.624
1.224
2.548
1.224
1.324
2.748
1.224
3.772
2.448
2.448
2.448
1.224
0
1.324
2.648
3.672
2.548
1.224
3.672
0.6
4.272
0.2
0
1.324
3.772
2.448
0
1.224
1.224
1.224
1.224
2.448
1.324
2.648
0
2.448
2.448
0
2.448
2.648
2.448
0
1.324
1.324
2.448
0
3.672
2.448
1.224
1.324
1.224
1.524
1.324
1.324
2.548
2.448
2.548
0.1
2.448
1.224
1.524
2.748
2.448
0
1.224
1.224
2.448
0
2.748
1.224
2.548
2.548
0
4.072
2.548
2.448
2.448
2.448
1.224
1.324
2.548
1.324
1.224
3.872
2.448
0
3.672
0
0
0
1.224
2.448
1.224
1.224
2.548
2.448
0
2.448
0.1
0
0.2
0
0
1.224
1.224
4.472
2.448
2.448
4.896
1.224
0
3.672
2.548
2.448
3.772
3.772
0
2.448
5.596
1.224
0
2.448
1.224
1.224
1.524
1.324
1.724
0.2
0
3.872
1.224
2.448
3.672
1.224
3.772
2.448
1.224
2.448
2.024
0
0
2.448
1.224
1.324
1.224
1.324
1.224
1.224
2.448
0.1
1.224
2.448
2.548
2.448
0
0
1.224
2.448
0.1
1.224
3.672
0
0
0
2.448
1.224
1.524
1.524
2.448
1.224
1.224
0
1.224
1.224
1.224
1.424
3.672
0.2
2.548
1.224
0
1.224
1.224
2.648
2.748
1.224
3.672
1.224
3.772
1.224
4.896
3.048
3.672
3.772
5.296
2.748
1.224
2.648
3.672
2.448
5.096
2.448
2.548
1.224
1.224
1.224
2.448
1.224
3.672
1.224
2.648
2.448
2.448
2.548
2.948
2.448
5.296
1.224
0
0
0
1.224
1.324
2.648
2.448
2.448
3.672
2.648
1.324
2.448
1.224
1.224
1.424
2.448
2.548
2.648
3.672
2.748
2.548
1.324
2.548
2.448
2.448
1.224
1.224
1.224
3.672
1.224
2.548
2.448
1.424
1.224
2.448
3.672
2.848
2.448
0
0
3.672
1.424
1.224
2.548
2.948
2.748
0.2
1.224
1.324
1.224
1.324
2.648
2.648
1.224
2.448
0
0.4
0
1.324
0
3.672
1.224
3.248
3.772
0.1
0.1
0
1.424
0
1.424
1.524
2.448
0
1.224
0
0.1
1.224
0
3.048
1.224
0.2
1.224
0
1.224
2.748
1.224
2.448
0
1.224
1.224
0
1.224
1.424
0.1
1.224
0.1
0.1
2.448
1.224
1.224
1.224
2.424
0.1
1.224
0
1.324
0.4
2.448
0
0
2.224
1.324
1.324
0.1
0
2.448
4.896
3.348
2.848
1.924
1.424
1.324
1.324
2.448
1.324
2.648
2.748
2.448
1.724
3.772
2.648
1.324
3.972
2.448
2.548
3.048
4.772
3.772
3.972
1.324
2.548
7.02
2.748
3.772
3.672
2.548
2.648
1.324
1.224
3.348
2.748
2.748
2.548
3.048
1.224
2.948
2.548
2.448
6.22
1.724
2.548
2.448
3.872
1.324
1.324
2.648
2.748
3.672
4.996
1.224
4.772
2.548
2.448
2.548
2.448
2.448
3.772
1.524
3.672
2.448
2.748
2.548
2.448
4.272
2.948
2.448
2.548
1.524
2.448
2.448
1.324
2.448
2.448
2.448
2.648
1.224
2.448
1.324
3.672
2.448
2.448
3.772
3.672
1.924
3.772
2.448
2.448
1.624
2.648
2.848
2.748
2.448
2.848
3.548
1.324
2.448
2.024
1.224
1.224
2.648
2.848
3.972
5.996
3.872
1.424
2.648
1.324
2.448
1.224
1.324
1.424
1.324
3.772
2.448
2.448
1.324
2.948
2.548
2.648
2.448
3.672
2.448
2.748
1.424
2.448
1.524
2.548
2.548
2.548
2.748
3.772
2.848
5.396
4.996
2.448
2.448
4.272
2.448
1.224
2.848
2.548
2.648
3.672
2.548
2.648
1.324
1.924
2.548
1.224
2.448
2.648
4.072
2.548
3.348
2.548
8.32
4.072
2.448
2.448
1.424
2.548
2.448
1.224
1.224
2.448
1.524
3.772
3.772
5.196
4.072
2.548
1.424
5.096
2.548
2.948
1.524
1.224
1.224
2.448
3.548
2.024
1.224
2.548
2.648
1.224
3.672
3.772
2.548
4.372
4.072
2.448
2.748
1.224
2.648
2.648
2.448
2.448
2.748
1.324
1.724
3.148
3.672
2.548
2.448
2.648
2.548
3.148
2.448
3.672
3.672
1.324
2.848
3.672
2.448
2.748
4.072
2.948
2.548
2.648
3.772
2.648
2.448
1.224
1.324
3.772
2.448
2.748
4.072
2.548
1.324
1.224
1.724
1.224
1.224
2.648
1.724
2.548
2.648
2.548
2.748
2.448
2.448
3.848
1.224
1.324
2.548
3.672
2.448
3.772
2.448
3.972
1.524
3.872
2.448
2.448
1.324
2.448
1.424
3.672
2.648
2.448
3.672
2.848
1.724
3.772
1.224
1.224
2.448
3.448
2.548
2.448
2.848
2.448
2.448
3.772
1.424
2.748
1.324
1.224
2.448
2.448
1.324
1.424
2.648
1.324
2.448
1.224
1.424
3.672
1.224
2.448
11.22
3.772
2.648
2.448
1.224
3.672
2.448
2.548
2.748
1.224
1.624
2.548
1.524
2.548
3.672
2.548
2.448
2.848
3.672
1.424
2.448
2.448
6.32
2.448
3.672
2.748
4.272
1.324
2.548
5.296
3.672
2.448
2.448
2.848
2.448
2.124
3.672
1.324
4.896
3.148
1.624
2.848
3.048
2.848
2.448
3.772
1.524
1.524
1.224
5.296
1.324
3.972
2.448
2.324
2.548
2.324
1.224
1.224
5.696
3.672
1.524
1.224
2.548
2.648
1.224
1.224
2.448
2.448
1.224
1.524
2.748
1.224
3.872
2.548
1.424
1.224
3.672
3.872
2.448
1.224
3.772
3.448
2.648
2.948
2.648
1.324
2.648
4.472
2.848
2.748
5.296
2.548
6.62
1.324
2.648
2.748
1.324
2.648
2.448
2.948
1.324
2.548
1.624
1.324
3.972
2.948
2.648
4.996
2.848
3.248
1.324
2.548
2.448
5.296
2.448
3.672
3.872
2.448
2.448
3.772
2.448
2.448
4.472
2.548
1.324
3.248
2.448
2.648
3.672
2.448
2.448
2.548
1.224
1.424
1.724
4.172
1.224
1.224
2.448
1.224
2.448
2.548
4.896
1.524
2.548
2.648
1.224
2.548
1.324
1.224
3.772
1.224
5.396
2.848
2.648
1.224
2.448
1.224
3.672
2.748
1.224
2.448
2.748
1.824
3.672
2.448
1.424
3.772
1.224
2.448
3.672
1.224
1.424
1.224
2.448
5.296
2.948
2.448
2.548
3.672
2.448
3.672
1.524
2.448
5.096
6.92
2.448
2.448
2.448
2.648
4.172
2.648
1.224
3.672
4.072
1.324
1.224
4.996
2.648
2.548
2.448
2.448
1.924
2.448
3.548
3.048
1.324
2.848
1.224
2.448
2.448
2.448
1.424
3.672
3.772
2.448
1.224
2.748
1.324
2.448
2.848
4.172
2.548
1.224
1.824
2.448
5.096
1.524
2.448
1.224
1.224
1.224
3.972
5.196
3.772
4.372
2.548
1.224
1.324
1.424
1.324
2.548
1.224
1.224
1.224
1.724
2.848
4.572
4.348
2.448
2.648
4.072
4.896
2.448
1.224
5.096
2.648
1.224
1.424
1.224
3.672
6.12
1.224
2.948
2.548
2.548
3.772
4.896
2.548
2.448
1.224
3.772
3.048
4.348
2.548
2.548
1.224
2.948
3.548
6.12
2.448
2.548
3.872
2.448
1.224
4.896
2.848
2.548
1.424
1.424
1.624
1.224
1.924
4.172
1.824
1.424
2.448
1.224
2.124
4.896
1.224
3.672
1.224
2.448
2.748
2.848
2.648
1.524
1.324
1.224
2.748
2.448
1.224
2.648
1.824
2.648
2.548
2.548
2.424
2.848
2.548
1.324
2.448
3.348
4.672
1.924
1.224
4.172
3.672
2.448
2.548
2.748
2.648
1.324
1.424
2.448
1.424
2.448
2.948
6.196
2.548
3.672
2.448
2.448
3.148
1.324
3.248
2.448
1.224
3.672
3.972
3.872
2.748
1.224
2.648
3.972
1.624
2.448
2.448
2.448
2.448
3.672
1.224
1.224
2.948
2.648
1.224
1.224
1.224
2.448
3.672
5.096
4.072
2.648
4.996
2.948
1.324
1.224
1.224
5.296
2.648
3.048
4.896
1.324
2.448
1.524
2.448
1.324
2.548
2.548
3.972
2.548
1.324
4.072
4.072
3.772
2.648
4.072
2.848
3.148
1.424
3.048
2.448
3.872
5.096
5.496
2.448
2.548
2.448
2.448
1.224
2.748
2.448
1.224
0
1.224
0.6
0
1.224
0.2
0.4
1.224
0.8
0.1
1.224
0
1.224
1.224
1.224
0
0.1
1.724
1.224
1.424
1.224
1.224
1.224
0
0
2.424
0
2.448
0
1.424
1.424
1.924
1.724
1.224
0.8
2.448
2.448
0
1.224
1.224
0
0
2.448
1.224
0
1.224
0.1
2.448
0
1.224
2.548
0
0.3
3.672
2.548
1.224
1.224
2.448
1.224
1.224
0
1.224
1.224
2.748
2.448
2.448
0.1
2.448
1.224
1.224
0
2.548
2.548
1.224
1.424
0
1.224
2.448
0
2.548
3.672
1.324
2.448
0.2
1.324
2.448
2.448
3.672
2.448
5.096
2.748
2.448
1.224
3.672
0
2.448
0.2
1.3
0.1
0
0.5
1.424
0
