2.636
0.3
1.4
0.3
0.1
0.1
0
0
0.1
0
0.2
0
0.4
0.9
0.1
0
0
0
0
0.1
0.1
0.2
0.1
0
0.1
0.1
0.1
0.1
0
0
0.2
0
0.9
0
2.036
2.536
1.936
2.036
2.036
2.036
2.036
2.936
1.936
1.836
1.936
1.836
1.936
2.136
2.236
2.636
1.836
1.936
2.436
2.036
2.336
2.036
1.836
1.936
1.836
3.036
3.336
2.036
2.036
2.536
2.636
1.836
2.036
1.836
1.936
2.836
2.736
2.336
2.136
1.936
3.736
2.636
1.836
2.236
1.836
1.836
2.336
1.936
1.936
1.936
1.836
1.836
1.836
1.836
1.836
2.736
1.836
1.936
1.936
1.836
1.836
2.336
2.036
1.836
1.836
1.836
1.936
2.736
2.536
2.036
1.836
1.936
1.836
8.356
1.936
2.036
2.236
1.936
1.936
1.836
1.936
2.236
2.136
1.936
1.836
2.036
3.536
1.936
1.836
2.736
1.936
1.936
1.936
1.836
1.836
2.536
2.036
2.036
1.936
1.836
2.836
11.556
1.836
1.836
2.236
3.236
2.036
2.036
1.836
1.936
1.836
1.836
1.936
1.936
2.036
1.836
1.836
2.236
2.136
1.836
2.536
2.636
2.136
4.356
2.636
2.136
2.036
1.836
1.936
1.836
2.136
1.936
1.836
1.836
1.936
3.136
1.836
2.536
1.836
2.036
2.036
2.536
1.836
1.936
1.836
2.336
2.736
2.436
1.836
1.836
2.036
2.336
2.836
1.836
2.036
1.836
2.036
1.936
1.836
3.036
1.936
2.436
1.836
1.836
0
0.4
0.7
0
0
0.8
2.5
0
0.1
0.2
0.4
0
0
1.52
0.6
0
0
2
1.12
0.3
0
0.1
0
0.1
1.1
0
0
0.5
0
0
0.2
0
0.1
0
0.1
0
0
0.1
2.9
0
0
0.2
0
1.6
0.2
0
0
0
0
0
0
0.4
1.02
0
0
0
0
0.1
0
0.1
0
0.3
0
0
0.1
0.4
0.1
0
0.2
0
0
0
0
0
0
0.1
0.7
1.02
0.1
1.836
0.1
0.1
0
0
0.5
0
0.3
0.1
0.3
0
0.2
0.1
0
0.1
0
1.2
0
0
0.1
0
0.1
0
0.3
0.1
0.5
0.4
0
0
0.7
0.4
0
0.1
0
0
0
0
0
0.1
0
0.1
0
0.1
0
0.1
0.8
0.7
0.2
0
0
0
0
0
0.7
0
0
0.2
0
0
0
0.1
1.3
0
0
0
0.6
0
0.3
0.7
0.1
0.1
0.4
0
0.1
0.4
0.9
2
0.1
0
0
2.136
0
0.4
0.1
0
0
0.1
0
0.1
0.1
0
0
0.1
0
0
0
0
0
0
0.7
0
0.1
0
0.2
0.5
0
0
0
1.72
0
0.5
1.42
0.2
0
0
1.4
0
0.1
0.2
1.02
2.32
0
0
0
0
0
0.5
0
0.1
0
0
0.2
0
1
0.4
0
0
0
0.4
1.62
0
0
0.1
0.1
0.1
0.2
0.6
0
0.4
0
0.1
0.1
0.3
0
0.2
0.1
0.1
0.2
0.1
1.12
0.4
0.1
0.1
0
0.1
0
0
0.1
0.1
0
0
0.2
0.1
0.1
0
0
0.4
0
1.22
0.1
0
0.1
0.9
0.1
0
0
0.3
0.5
0.1
1.72
2.1
0.7
0
1
0.9
0
0
0.7
0.8
0
0
0.2
0.9
0
0
0
2.12
0
0
0
0.3
0.2
0
0
0
0
0.1
0
1.12
0
0.1
0.9
0
0.1
0.4
0.3
0
0
0.1
0
0.6
0
0
0.2
0.5
0.1
0
0.1
0.1
0.2
0.1
0.2
0
1.5
0
0
0
0
0.3
0.5
0
0.1
0
0
0.2
0.7
0.1
0.1
0.1
0
0.3
0
0.2
0.8
0
0.5
0.1
0.1
0.2
0.7
0
0.1
0.1
1.02
0
0
0.1
0.1
0.2
0
0.7
0
1.12
0.1
0.1
0
0
0.4
0.1
0.3
0
0.1
0.1
0
0.3
0
0
0.1
0
0
0
0
0.9
0.5
0
0.2
0
0.1
0
0
0.1
0.2
0
0
0
0
0.3
0
0
0.2
0.2
1.12
0
0.1
0
0.2
0
0
0.3
0.3
0.1
0
0
0.1
0.2
0.6
0.1
0
0.5
0
1.12
1.2
0.4
0
0.1
0.1
1.92
0
0
0.6
0.1
0.9
0
0.1
0.1
0
0.4
0
0
0
0
0.1
0.1
0.2
0.1
0
0
0.4
0.1
0.2
0.5
0
0
0
0.1
0.1
0.2
0.1
0
0.3
0
0
0.1
1.2
0
0.3
0.1
0
0
0
0.1
0.2
0
0
0.1
0.4
0.2
0
0
0
0.2
0.1
0.4
0
0.2
0.6
0
0
0
0
0.3
0
0
0.2
0.1
0
0.3
0
0.2
0.1
0.3
0
0
0
0.1
0
0.2
0
0.2
1.22
0.4
0.3
0
0.1
0
0
0
0
0
0
0.4
0.1
0
0
0.3
0
0
1.02
0
0
0
0
0.1
1.4
0
1.22
0.1
0.2
0
0
0
0.7
0.2
0.4
0
0.4
0.3
0.2
0.3
0
0.1
0.2
0
0.3
0.4
0.1
0
0
0.1
0
2
1.8
0.3
0.4
0.4
0
0
0
0
0
0
0
0.1
0.6
0.3
0
0
0
0
0
0.3
0.1
1.02
0
0
0.1
0.2
0
0
0
0.3
0
0.2
0.7
0.2
0
0
0.2
0
0
0
0.2
1
0
0
0
0.1
0
0
0.6
0
0
0.3
0
0.9
0.1
0
0.2
0
0
0
0
0.1
0
0.1
0
0.1
0.1
0.2
0
0
0.1
0.1
0
0
0
0.1
0
0
0
0
0.2
0
0.1
0
0
0.6
0.1
0
0
0
1.02
0
0
0
0.5
0.1
0
0
1.2
0
0
0
0.1
0.1
0.4
0.1
0.3
0.4
1.02
1.2
0.1
0
0
0.1
0.1
0.1
0
0.5
1.7
0.1
1.32
0.1
0
0
0.1
0.2
0
0
0
0.1
0
0.1
0.1
0
0.1
0
0.1
0
0
0.2
0
1.22
1.32
0.1
0
0
0.2
1
0.1
0.1
0
0.1
0
0
0
0.4
0
0.4
0.1
1.02
0.1
0.2
0
0.3
0.6
0.5
0
0
0.1
0.2
0.1
1.1
0
0.6
0.5
0.3
0.2
0.1
0
0
0.2
0.1
0
0
0
0
0.1
0.1
0
0
0
0.1
0
0.2
1
0
0.9
0
1.22
0.1
0
0.1
0.3
0.6
0
0.2
0.1
0.4
0.2
0
0
0.1
0.2
0.2
0.5
0.1
0
0.4
0.2
0
0.2
0.2
0.1
0
0
0
0.2
0
0
0.4
0
0.2
0.2
0
0.2
0.2
0
0
0.3
0.7
0
0
1.5
0.1
0.2
0
0
0.1
0
0.4
0.1
0
0
1.02
0.8
1.02
0.7
3.456
0
1.02
1
0.1
0
0
0.1
0
0.1
0.6
0.2
0
0
0.1
0
0
0
0
1.5
0.3
0.8
0.4
0
0.2
0.5
0
0
0
0
0.1
0.1
0.3
0.1
0.3
0
0
0
0
0
0
0.1
3.9
0.1
0
0.3
0.2
0.9
0.1
0.1
0.1
1.3
0.2
0.1
0
1.02
0.1
0
1.7
0.1
0.9
0
0.4
0
0.1
0.1
0.1
0.2
0.1
0.9
0
0.2
0.2
0.2
0
0.1
0.2
0.6
0.2
0
0
0.1
0.3
0.3
0.5
0
0
0.4
0.3
0.1
0.8
0.1
0.1
0
0.2
0
1
0.3
0.1
0
0.3
0.1
0
0
0
0.3
0.3
0.5
0
0.1
0
0.8
0.1
0
0
0.2
0.4
0.3
0.4
0
0
0.4
0.4
0
0.3
0.3
0.1
0.6
0.2
0.1
0
0.1
0.4
0.1
0
0.3
0
0
0
0.1
0
0.2
0.1
0
0.2
0.1
0
0.1
0.2
0.1
0.1
0.5
0.2
0.4
0.6
0.6
0
1.1
0.1
0
0
0.7
0.4
0.5
0.3
1.4
0.2
0
0
0.1
0.2
0.2
0.2
0
0.2
0.1
0
0.4
0.1
0.1
0.2
0
0
0.4
0.6
0
0.9
0
0.1
0
0.3
0.5
0.1
0.8
0.3
0.1
0.4
1.4
0
0
0.2
0
0.3
0
0
0.1
0.1
1
0.1
0
0
0.6
0
0.2
1
0
0.5
0.3
0
0
0.3
0.2
0
0
0.1
0.2
0
0
0
0.1
0.6
0
0.3
0.5
0.5
0.3
0.7
0
0
0
0.9
1.3
0
0
0.5
0
0.1
0.2
0.3
0.8
0.2
0
0.2
0.1
0.1
0.4
0.1
0
0.3
0
0.9
0.6
0
0.1
0
0
0
0.8
0
0
0
0.2
0.1
0
0.4
0.9
0.5
0.6
0.1
0.1
0.1
0
0
0.1
0
0.1
0
0
0.2
0.2
0.4
0.1
0.8
0.1
0.1
1.5
1.2
0.1
0.4
0.1
0.2
0
0
1.6
0.5
0
0
0
0
0.1
0
0.9
0.1
0.2
0.1
0.3
0.2
0
0.2
0.1
0.1
0.1
0
0.1
1.3
0.2
0.2
0
0
0.7
0.4
0
0.2
0
0
0
0.5
0.3
0
0.2
0
0.5
0.1
0
0.2
0.7
0.2
0.1
0.4
0
0
0
0.3
0.2
0.4
0
0.4
0
0
0.1
0.2
0.2
0.7
0.1
0.7
0
0
0
0.1
0.3
0.1
0
0
0
0.2
0
0
0.2
1
0.1
0.1
0.3
0.2
0
0.2
0
0
0.7
0
0.3
0
0
0.3
0.6
0.8
0.4
0
0.3
0.2
0.9
0.1
0.9
0.4
0.3
0
0.7
0.6
1.1
0
0
0.4
0
0.8
0
0
0.4
0
0
0
0
0
0.2
0.3
0
0.1
0.1
0.3
0
0
0
0
0
0.5
2.5
0.9
0.1
0.6
0.1
0.1
0.2
0.7
0.3
0.1
0
0.2
0
0.2
0
0.2
0.1
0
0.6
0.1
0
0.6
0.2
0
1.2
0.5
0.1
0.6
0.6
0
0
0
0.4
0
0.2
0.5
0.2
0
0
0
0.1
0.8
0
0
0.1
0
0.2
0.1
0
0
0
0.1
0.7
0.6
0.2
0
0.6
0
0
0.1
0
0
1.1
0
0.2
0.2
0.2
0.2
0.1
0
0
0.7
0.4
0
0.1
0
0.2
0
1.1
0
0
0.3
1.2
0
0
0.8
0
0.1
0
0
0.1
0
0
0.1
0
1.8
0
0
0
0
0.1
0
0
0.2
0.5
0
0
0
0.3
0.1
0.2
0.1
0
0.8
0
0
0.2
0
0.1
0
0
0.6
0
1
1.5
0.3
0.4
0.2
0
0
0.2
0.1
0.1
0
0.1
0
0
0.4
0
0.6
0.6
0.2
0
0.7
0.3
0.3
0.4
0.1
0
0.1
0.1
0.5
0.8
0.3
0.2
0
0
0
0.2
0
0.5
0.2
0
0.3
0.6
0.3
0.6
0.9
0
0.3
0.6
0
0
0
0.5
0.1
0
0
0.1
0
0
0
0.4
0.1
0
0
0.1
0.1
0
0
0.1
0.1
1.4
0.1
0.3
0
0.3
1.3
0
0
0
1.2
0
0
0.1
0.3
0.2
0.4
0.1
0.3
0.1
0.1
0.6
0.7
0.9
0.4
0.2
0.9
0.1
0
0.2
0.1
0.6
1
0.1
0.3
0.1
0.1
0
0.2
0.1
0.1
0
0.6
0.3
0
0
2.7
0.2
0.1
0.3
0.1
0.6
1.4
1.3
0
0.2
0
0
0.9
0.3
0.6
0.3
0.4
0.5
0.3
0
0.4
1.4
0
0.3
0
0.1
0.6
0
0.7
0.1
0
0.2
0.8
0
0.2
0
0.1
1.1
0.8
0.1
0.4
0
0.3
0
0
0
1.4
0.8
0.1
0
0.1
0
0.1
0.1
0.8
0.1
0.2
0.3
0.9
0
0
0.2
0.1
0.7
0
0
0.4
1.2
0
0.2
0.1
0.6
0.3
0.2
0
1.2
0.6
0.1
0.7
0.5
2.036
2.136
1.836
2.636
1.936
2.536
0.1
0.3
0
0.1
0
0
0
2.336
0
0.1
0.1
0.2
0.8
0.1
0
0
1
0
1.7
0.2
0
0
0
0
0
0.1
0.2
0.7
0.2
0
0
0.1
0.3
0
0
2.3
0
0
0
0.7
0.4
1.5
0.7
0
1.4
0.2
0
1.22
0
0
0
0.1
0
0
0
0
0.3
0
0.3
0
0
0.4
0.3
0.1
0.2
0.1
0
0.1
0
0.1
1.02
0
0
0.7
0
0
0
0
0
0.1
0.2
0.6
0
0.6
0.9
0
0
0
0
0
0
0.1
0
0.2
0.8
0
0.3
0
0
0.3
0.1
0
0
0
0
0
0.3
2.9
0
0.1
4.32
0.7
3.82
