2.036
0
1.624
0
2.648
0
0
0
0
0
0
1.224
1.224
0.2
0.2
0
1.224
0
0
0
1.224
1.224
0
0
0
0
0
0
1.324
0
0
1.224
0.2
0
3.16
1.836
1.836
1.836
1.836
1.936
1.836
3.16
1.836
1.836
1.836
3.06
1.836
3.06
2.036
3.06
3.16
1.836
3.06
3.06
1.836
1.836
3.16
3.06
1.936
3.06
3.26
3.06
1.836
1.936
2.036
2.036
3.06
3.06
3.26
3.36
2.036
4.284
3.06
1.836
3.46
2.236
3.06
1.836
3.06
1.836
3.06
3.06
3.06
3.06
1.836
3.06
3.06
1.836
1.836
3.06
1.836
1.836
3.06
3.16
3.06
3.16
3.16
3.06
1.836
1.836
1.836
3.36
3.16
1.836
1.836
1.836
1.836
1.836
3.06
1.936
3.06
3.06
1.836
4.284
1.836
1.936
1.836
3.06
1.836
1.836
3.76
1.836
1.836
3.06
3.06
1.836
1.836
3.06
1.936
5.704
1.836
1.836
3.06
1.836
3.06
1.836
3.06
6.804
3.16
2.036
1.836
3.16
3.06
3.26
3.06
4.08
3.06
3.06
1.836
3.06
3.06
1.836
1.836
1.836
2.036
2.036
3.06
1.836
1.936
1.836
1.836
3.06
1.836
3.06
1.936
3.06
1.936
3.06
1.836
2.436
3.06
3.26
5.304
1.836
5.304
3.16
4.08
3.06
3.06
1.936
1.836
4.284
1.836
4.284
1.936
4.284
3.46
4.284
3.06
4.384
1.836
3.06
1.936
4.384
4.384
3.16
3.06
1.836
0
0
1.224
0
0
1.324
0.1
1.224
0
1.224
1.324
0
1.224
0.1
0.1
1.224
0
1.624
0
1.324
0
1.224
1.224
1.224
1.524
1.424
1.224
1.224
1.224
1.224
1.424
2.448
1.524
1.224
2.448
0
1.224
0
3.048
1.324
0
1.424
0
1.624
1.224
1.12
1.224
0
1.224
1.224
1.324
0
0
1.324
1.224
2.244
0
1.224
1.224
1.324
1.324
1.224
1.224
1.224
0
1.12
1.224
1.224
0
1.224
0
1.224
0
0.1
0
1.224
1.324
0
1.224
3.06
2.448
1.224
1.224
1.224
2.448
1.224
2.548
0
1.224
1.224
2.648
1.224
1.224
1.224
1.224
1.424
0
0
0
0
1.224
0
0
1.224
0.1
0
0
1.224
1.324
1.324
0
1.224
1.224
1.224
2.448
0
0
1.324
0
1.224
0
1.424
0
0
0.1
0
1.324
0
1.224
0
0
1.224
0.2
1.224
0
1.324
1.224
1.224
0
0
0.1
0
1.224
1.224
1.424
2.244
0
1.224
1.424
1.224
0.1
1.324
1.424
1.224
1.324
1.524
0
0.1
0
3.06
0
2.548
1.224
0
1.224
1.224
2.448
0
0
1.224
0
1.224
1.224
1.424
0
1.224
0
1.224
1.624
0
0
0
1.224
1.524
0.1
1.224
0
0.1
1.224
1.424
0
0
0
1.224
0.4
1.224
0.3
1.224
0
0
0
0
1.224
1.224
0
2.548
2.448
1.224
2.448
2.448
1.224
1.324
0.4
1.424
1.224
0
0.1
1.224
0
0
1.324
1.224
1.224
1.424
1.324
0.2
0
1.324
0
2.448
1.424
1.224
1.224
1.224
1.224
0.1
1.224
0
0
1.324
1.324
0
1.224
0
1.224
0.1
0.1
1.224
1.224
2.448
1.224
1.224
0
0
0
2.548
1.224
0
0
1.224
0
1.224
1.324
2.448
1.224
0.2
1.224
1.224
0
1.524
0
0
1.524
0.1
0
0
1.324
1.424
0
1.224
0
0.1
2.448
0
0
0
0
0
2.448
0
0.1
2.448
0
1.224
1.224
2.448
0
0
0
1.224
1.424
1.224
0
3.568
0.1
0
0
2.448
1.424
0.3
0
1.224
0
2.548
1.324
1.224
1.224
2.548
0
1.224
1.324
1.224
1.424
1.324
1.224
1.224
0
1.424
2.848
2.448
0
0
1.224
1.224
1.624
1.324
0
2.448
0.1
0
1.324
0.1
0.2
2.548
1.224
0
0.1
1.224
1.324
1.424
2.448
0
0
0
1.224
1.224
0
0
1.324
1.424
1.224
0.1
1.224
0.1
1.224
1.224
1.224
1.224
1.224
1.324
1.224
1.224
1.224
0.1
2.448
0
1.224
0
0
1.224
1.224
0.2
1.524
0
2.448
0
0
1.224
1.224
0.1
0
1.224
1.224
1.324
1.224
0
0
1.224
1.324
1.224
0.1
1.224
1.224
0
1.224
0
1.224
0
0
1.224
0
0
0
1.224
1.324
1.224
0
0.2
0
0
0.5
1.324
1.224
0
0
0.1
2.448
0
0
1.224
1.224
0
0
2.548
0
1.224
2.448
0
1.224
0
0
1.224
0
1.224
0
1.224
1.324
0
0
0
0
1.224
1.224
0
0
0.1
1.324
1.224
1.224
1.324
0
0.1
1.224
0
1.224
1.224
1.224
2.448
0.1
0
2.448
0
1.224
1.224
1.224
1.324
2.548
0
2.448
1.224
1.324
1.324
0
0
0
0
1.224
0
1.224
2.448
1.224
0
1.224
0
0
1.224
1.224
0
1.224
0.1
2.448
1.224
1.224
1.324
0
1.424
2.448
0
0
1.424
1.224
0
1.224
1.224
1.224
0
1.224
0
0
1.424
1.224
0
0.1
1.224
1.224
1.224
0
0
0
0
1.224
0
0.4
1.224
0
1.224
0
1.324
2.448
1.224
1.224
0
1.224
1.224
1.324
1.224
1.224
1.324
1.224
2.448
1.324
1.224
0
1.324
1.424
2.448
1.224
1.424
2.448
0.5
1.424
0
0
1.324
2.448
2.448
0
1.324
1.224
0
1.324
1.224
1.324
1.224
0
1.224
0
0
1.224
1.224
1.224
0
1.224
1.224
1.324
0
1.224
1.224
1.224
0.1
1.224
0
0
1.224
1.424
0
1.324
0
1.224
1.224
0.1
1.324
1.224
0.1
1.224
1.224
1.224
0
1.224
1.224
1.224
1.224
0
1.224
1.224
1.224
1.224
0.1
0
1.224
1.224
1.224
0
2.548
1.224
0
2.448
0.1
0
0
0
1.224
1.224
1.224
2.448
1.224
0
1.224
0
0
0
0
0.1
1.224
0
1.324
1.524
2.448
2.448
0
0
1.224
2.448
1.224
1.324
1.224
0
1.224
2.548
1.224
0
1.224
1.224
1.224
1.324
0
1.324
0.1
0
2.948
1.224
1.224
2.448
0
2.448
1.224
1.324
1.424
1.324
0.1
0.1
1.224
0
1.224
1.324
0.1
1.224
1.224
0
0
0.1
1.224
1.224
1.224
0
0
0
1.224
0
1.224
2.448
0
0.1
0
1.324
1.224
1.224
0
2.548
1.224
1.224
0
0
1.224
1.224
1.424
2.448
0.1
1.224
1.224
0
1.224
0
1.424
1.224
1.324
2.448
0
2.448
1.224
2.448
1.324
1.224
2.548
2.648
1.224
1.224
1.324
2.448
1.624
2.448
1.224
1.224
1.224
1.224
1.224
1.224
1.424
3.568
1.224
1.224
1.324
1.224
1.224
1.324
1.224
2.448
1.224
0
0
0
0
0
2.648
1.224
1.224
1.224
1.624
0
1.224
1.224
1.224
1.324
1.224
1.324
1.324
1.224
1.324
1.224
1.224
2.448
2.448
1.524
1.224
1.224
1.224
2.448
1.224
1.224
1.324
1.424
1.224
1.224
1.324
1.324
2.548
0
0
2.548
0.2
0
1.224
1.624
1.324
0.1
1.224
0
1.224
1.224
2.548
1.324
1.224
2.448
0
0.1
0
1.424
1.836
1.224
1.224
2.648
1.224
0
0
0
1.224
0
1.324
1.224
1.224
0
1.224
0
0
0
0
1.524
1.224
0.1
1.224
0
1.224
1.324
1.224
1.224
0
1.224
1.224
0
0.2
1.224
0
1.224
0
0
0
1.224
1.324
1.424
1.924
0
1.324
0
1.324
0.3
0.1
0
0
1.324
1.224
1.324
0
0
2.448
1.224
1.324
1.224
0
0.1
0
0
1.224
0.2
1.324
0
1.224
0.2
1.224
1.224
0
2.448
1.224
1.224
1.224
1.324
2.548
2.448
0
1.224
2.548
1.224
1.224
1.224
1.224
1.224
0
0
1.624
1.324
1.224
1.224
1.324
0
1.324
1.324
1.224
2.448
0
1.224
1.224
1.224
0
0
1.224
1.324
1.224
2.448
0
2.748
1.224
1.224
1.324
1.224
1.224
2.448
0
1.224
1.224
1.424
1.224
1.224
2.448
1.224
1.224
1.224
0
1.224
0
0
1.224
1.224
1.224
1.324
0
1.224
0
2.448
1.224
1.224
1.224
1.224
0
1.224
1.224
1.224
0
1.324
0
1.224
1.324
1.224
1.324
0.1
1.224
0
0
0
1.324
1.324
2.448
1.224
2.448
0.1
1.324
0
0
0
0
0
0
1.224
1.224
1.224
0
1.224
1.224
1.224
1.224
2.448
1.224
1.224
0
1.224
0.1
0
1.224
1.224
1.224
1.224
1.324
2.448
1.224
1.224
1.224
1.524
1.224
0
1.224
1.324
1.224
1.224
1.224
1.224
0
0.4
1.224
0
1.224
1.324
1.224
1.224
1.524
0
2.548
0
1.224
1.224
0
1.224
1.224
0
0
1.224
0
1.224
2.448
2.448
2.448
1.224
0
2.448
1.224
1.224
0
0
0
1.224
1.524
0
0
1.224
1.224
0
2.448
1.224
1.224
1.224
1.224
0
1.324
0
1.224
1.324
1.224
1.224
1.324
0
0.2
1.224
1.224
1.224
1.224
1.224
1.224
1.224
1.224
1.224
2.548
0.1
1.224
2.448
1.324
1.224
2.548
1.224
1.224
1.224
2.448
1.224
1.224
0
0
1.224
1.224
1.224
0
1.224
0
0
0.2
0
0
1.224
0.1
1.224
1.424
1.224
1.224
1.224
1.224
1.524
0
0
1.224
1.224
1.224
2.448
1.224
2.548
0
2.548
1.224
1.324
0
1.224
0.1
1.224
1.224
1.224
2.448
1.324
0.2
2.448
0.1
0
1.224
1.224
1.224
1.224
1.224
1.324
1.224
1.224
0
1.224
0
0.1
1.224
1.224
0.1
0
1.224
0.1
1.224
0.1
0
1.224
0
1.224
2.448
1.224
1.424
1.224
0
1.224
1.224
1.224
1.224
0
0.1
1.224
0
1.224
2.448
1.224
1.224
0
1.224
0
1.224
1.224
2.448
1.224
1.224
1.224
1.324
0
1.224
2.548
1.224
1.224
1.224
1.224
0
0.1
1.224
0
1.224
1.424
0
1.424
1.224
1.324
1.224
1.224
0.1
0.2
0
1.224
0.1
2.448
1.224
0.4
2.244
0.2
0
0
2.548
2.448
0
0
1.224
1.224
0
0
1.224
1.224
0
0
1.224
0
1.224
1.224
0.2
0
1.224
1.224
1.224
0
1.224
1.624
1.324
1.224
1.324
0
1.224
2.448
0
0
1.224
1.224
2.548
0
1.424
1.224
0
1.224
0
1.424
0
1.224
0.1
0
2.448
1.224
1.224
2.548
1.324
1.324
0
1.224
1.224
2.648
1.224
2.448
1.324
1.224
1.224
1.224
1.224
1.224
1.624
1.224
0
1.224
1.224
1.324
1.224
1.224
1.224
1.224
0
0.1
0.2
1.224
0
0
1.224
0
1.224
1.324
2.448
0.1
1.224
1.224
0
1.224
0
0
1.224
0
2.448
1.224
1.224
0
0
0.1
1.224
1.424
0
1.224
1.424
0.2
2.448
1.224
0
1.224
0
1.224
1.224
0
0
0
0
2.448
1.424
1.224
0
1.224
1.224
1.324
0
1.224
2.448
2.548
1.224
1.224
1.224
1.524
2.448
0
0
2.448
1.324
0
0
1.224
1.224
1.224
1.224
1.224
0
1.224
1.424
1.424
0.1
1.324
0
1.224
1.224
0
0
2.448
1.224
1.224
0
1.224
0
1.224
1.224
2.548
1.324
0
0.1
1.224
2.448
0
1.224
0
0
0
2.548
2.448
2.448
2.448
1.324
0
0
0
0
2.344
0
0
0
0
1.224
2.548
1.324
1.224
1.324
2.448
2.448
1.224
0
1.224
0
0
0
0
1.224
2.448
0
1.324
1.224
1.224
1.224
2.448
1.224
1.224
0
1.224
1.224
1.624
1.224
1.224
0
1.324
1.724
2.448
1.224
1.224
1.724
1.224
0
1.224
1.224
1.224
0.1
0
0
0
0
1.424
0.2
0
0.1
0
0
1.224
0
1.224
0
1.224
1.224
1.224
1.224
0.1
0
0
1.224
1.224
0
1.224
0.1
2.344
1.224
1.324
0.5
1.424
1.224
0
0
1.524
0.2
0.2
0
1.324
1.224
0
1.224
1.224
1.324
0
0.1
1.224
0
1.324
1.224
2.648
1.224
1.224
1.224
1.224
1.224
0
1.224
1.224
0
1.224
1.224
1.224
1.224
0
1.224
2.548
0.2
1.224
1.224
2.244
1.224
2.448
0
0
1.324
1.324
0
0.1
0
1.224
2.448
2.548
2.448
1.324
2.548
1.324
0.2
0
0
2.448
1.324
1.324
1.224
0
1.224
0.2
0
0
1.224
1.224
1.224
1.224
0
1.324
2.448
2.448
1.224
2.548
3.06
3.26
1.836
3.06
1.836
4.384
1.324
1.224
1.224
1.224
1.224
1.224
0
3.26
1.224
1.224
0
0
0
0
1.224
0
0
1.224
0.4
0.1
1.224
0
1.224
2.244
0
0
0.1
0
1.224
0
1.224
0
1.224
0
0
0.3
0
2.448
0
1.224
1.324
1.524
1.424
1.224
0
1.224
1.224
0.1
2.244
1.224
0.1
0.3
1.224
1.224
0
0
0
1.224
0
0
1.224
0
0
1.224
1.324
1.424
0
0.1
0
1.224
0
0
0
1.424
1.224
1.224
0
1.224
1.224
1.224
0.1
1.524
0
1.224
1.524
0
1.224
2.448
0
1.224
2.448
1.324
1.224
0
0
1.324
2.448
2.448
1.224
2.648
1.324
1.224
1.224
2.448
0
1.224
0
0.3
0
0
0.1
0.2
0.1
