2.024
0.5
3.748
1.624
2.648
1.324
1.424
2.448
2.448
1.224
2.648
2.548
1.424
1.624
1.724
0.1
0
1.224
1.224
1.324
1.224
1.324
1.224
1.224
1.524
1.324
1.324
1.424
2.548
1.224
1.224
1.224
2.424
1.224
0
1.524
1.224
1.224
0.1
2.024
1.224
2.224
0
0
0.1
1.624
0.1
0.5
2.124
2.748
1.224
0
3.448
0.1
0.1
1.324
1.424
0.3
1.424
1.924
1.3
0.4
0.2
1.524
0.4
1.424
0.1
0.1
1.624
0.9
1.824
2.848
1.624
1.224
2.724
1.624
0
0.2
0.1
1.224
3.248
0.3
1.324
0.1
0
0
0
0
1.324
1.824
1.324
1.224
0
0.1
0
2.648
2.548
1.224
1.324
1.224
0
0.9
0.5
1.224
1.224
1.424
1.224
1.2
0
1.224
1.924
0.1
1.224
1.224
0
0.2
1.324
1.624
1.424
1.324
1.6
0
1.324
1.824
0.1
1.324
1.624
1.324
0.1
1.724
1.424
0
0.1
0.2
1.624
1
1.524
1.324
1.624
0.9
1.224
1.424
0
1.624
0
0.1
1.324
0.1
1.224
0.1
1.224
1.324
1.224
1.324
2.224
1.924
0.4
0.5
1.524
0.1
1.624
0.2
1.224
0
0.2
0.1
1.324
1.324
0.2
3.124
1.224
2.024
1.224
1.224
1.224
2.748
0
0
1.224
1.624
2.224
3.524
1.324
3.772
2.024
4.572
3.648
2.548
1.424
3.672
1.824
4.172
2.948
3.448
2.748
3.248
2.548
2.748
1.224
1.424
1.424
1.224
0
0.1
2.224
0
1.324
2.648
2.448
2.448
2.448
1.324
1.324
0
1.224
2.3
1.224
0.9
0
0
0
2.448
2.224
2.448
2.448
1.324
1.224
1.224
2.748
2.448
2.548
2.448
1.324
0
2.448
0
5.548
1.324
0
1.624
0
2.024
1.424
0.1
0
1.224
0
1.224
1.324
0.5
0
0
0
0
1.424
1.224
0
0.3
2.448
1.224
2.548
1.224
1.424
0.3
2.448
1.224
0.3
2.448
1.224
2.448
1.224
1.324
1.224
2.448
1.1
0
2.448
0.1
2.448
1.224
1.224
0
3.348
2.448
2.748
1.224
1.224
1.224
1.324
1.224
1.224
2.448
0
0.9
0
0
1.224
0
0.1
1.224
1.224
1.224
0.4
0.4
0
0
0.3
1.324
1.224
1.224
1.324
0
1.324
1.224
1.224
2.548
1.224
1.324
0
1.224
1.324
0.2
1.224
0.2
0.3
1.224
0
1.224
0
0
1.524
1.224
1.324
1.524
1.224
0
0
0
2.424
1.224
0
2.448
1.5
0.2
1.424
1.424
2.648
2.548
0.2
1.324
2.548
1.424
0.8
1.3
1.424
0
1.224
0.2
1.224
4.272
3.772
0
2.448
2.448
1.224
0.3
1.224
3.672
0
2.448
2.448
1.224
1.224
1.224
1.224
0
1.624
0.1
0
0
2.548
3.048
1.224
0
1.224
0.3
2.548
2.848
1.224
0
0
3.772
2.324
1.224
1.324
2.448
0
1.424
1.224
1.224
2.448
2.548
1.224
1.324
1.224
2.448
2.448
2.448
1.324
2.548
0.2
1.724
2.548
0
1.424
0.1
1.324
1.224
1.224
0
1.224
2.448
1.424
1.924
1.324
1.224
1.324
2.548
1.324
2.648
1.324
1.424
1.224
0.3
2.648
1.224
1.324
2.124
1.224
2.648
2.448
1.224
1.224
2.448
1.524
2.448
1.224
1.224
1.224
1.324
1.324
0
1.224
1.424
0.1
1.224
0.2
1.224
0.1
2.948
1.224
1.224
1.224
0.3
2.548
0
0.1
2.724
0.4
1.224
1.824
2.124
0
2.548
2.848
1.724
1.424
1.224
0.2
1.424
1.224
0
1.224
0.2
1.524
0
2.448
2.648
1.324
1.224
1.224
1.224
2.548
2.448
0
0
1.224
1.324
5.648
2.448
0
1.624
0.1
1.224
0
1.224
2.548
1.624
1.224
0
1.224
2.948
2.648
1.224
2.448
2.548
1.324
2.748
2.548
0
1.2
1.224
1.224
1.224
1.224
2.748
1.524
1.324
1.224
1.224
2.548
2.748
3.048
2.448
0
2.648
1.224
1.424
1.224
1.324
1.424
1.224
1.424
1.324
1.224
1.224
3.448
2.748
1.324
1.224
1.224
0
2.448
1.424
1.224
0
1.224
2.848
1.224
0
1.224
1.224
0
0
0.2
2.448
1.524
1.224
2.548
3.672
1.224
0.1
1.224
1.224
1.224
0
1.224
1.224
1.224
2.124
1.724
1.224
1.424
0
0
1.224
2.548
1.224
1.424
1.624
1.224
2.548
0
0.4
0
1.224
1.224
1.224
0
2.448
1.224
1.224
1.224
0
2.448
1.324
1.624
1.324
1.224
1.224
1.224
1.324
1.524
0.1
0.1
0.6
0
0.1
2.824
2.848
3.672
1.224
0.2
0.1
1.224
1.224
1.524
2.648
5.572
0
0
1.424
1.424
1.324
1.224
1.224
2.448
1.324
0
1.224
1.324
2.548
1.324
0
3.524
2.448
1.224
0.2
1.224
1.224
0
1.224
1.224
0.4
1.424
2.448
1.624
2.448
1.224
0.1
2.848
0.1
3.972
1.224
0
1.324
0
1.224
3.872
1.224
2.448
1.224
2.448
2.448
1.324
0
2.448
1.424
2.748
2.748
1.224
2.548
1.724
1.224
2.448
1.224
1.324
2.648
1.324
0
2.648
0
1.324
1.524
1.224
0.1
1.224
0.2
1.224
2.448
2.448
2.548
1.224
1.224
2.448
0.2
0
1.224
1.424
1.224
2.448
1.224
2.548
1.224
0
1.224
1.224
2.848
1.224
1.224
0
2.548
1.324
0
1.224
1.224
0.1
1.224
2.548
1.224
0.4
1.224
0.1
2.448
1.224
2.448
1.224
2.448
3.424
1.324
3.972
0
1.324
1.624
1.424
2.648
2.448
1.224
2.448
0
1.324
1.324
1.324
1.324
2.448
1.324
2.548
1.1
7.572
0.2
0
0.1
2.448
1.224
1.224
1.224
1.224
1.224
1.324
1.324
1.524
3.772
1.224
1.224
1.224
1.224
2.448
2.648
2.448
0
2.448
2.448
2.448
1.324
1.224
2.448
1.224
1.524
1.224
1.324
1.624
1.724
2.548
1.224
1.324
0
3.672
0
1.324
1.824
2.448
1.224
1.324
1.324
1.224
0
1.424
1.224
2.848
2.548
1.224
3.748
2.548
2.448
2.548
1.324
1.224
1.224
2.448
1.224
1.224
2.648
2.448
0
2.448
0
0
1.224
1.324
3.672
0
0
1.624
2.448
1.224
2.448
0
1.224
0
1.224
0.1
0
1.224
2.848
2.548
1.224
2.448
1.224
1.224
1.224
1.324
1.224
2.848
2.448
0
3.772
4.448
0
0
1.224
1.324
2.448
1.524
1.224
1.524
1.624
1.224
2.748
0.1
3.672
2.448
2.448
2.448
2.448
1.324
2.848
1.924
1.324
0
2.548
1.224
1.324
1.324
1.324
1.324
2.448
1.224
1.324
1.224
2.548
2.648
2.448
0
0
1.224
1.224
0
0
1.324
1.224
1.224
0
1.224
0
0
1.924
1.324
1.224
1.224
0
1.224
2.448
0
3.248
2.548
1.424
2.648
1.224
0.1
1.424
1.224
2.548
3.248
1.424
2.448
1.224
2.448
2.748
2.548
3.872
1.324
3.448
2.448
1.324
0
2.548
2.448
1.724
2.548
2.648
2.448
1.224
1.224
1.224
2.548
1.224
2.448
1.224
2.448
2.848
2.448
2.648
2.024
1.224
3.248
0
0
1.224
1.224
1.224
1.524
1.724
2.448
2.648
2.548
1.624
1.224
1.224
1.224
1.224
1.424
1.224
1.324
1.324
3.872
5.772
2.848
1.224
1.224
1.224
1.324
1.224
1.224
0
2.648
0
2.448
2.648
1.224
1.224
2.848
2.448
2.748
1.624
1.224
1.224
2.648
1.324
1.224
2.448
3.948
2.648
0.7
2.448
1.224
1.224
0.2
1.724
2.548
0
1.224
0
0.8
0.1
0.5
0
3.672
1.224
1.524
2.448
0.4
0
0.2
1.324
1.324
0.4
1.624
0
1.224
1.424
1.224
1.324
1.224
1.224
1.824
1.224
1.924
2.748
1.224
0
1.824
0
1.224
0.1
1.224
1.224
1.324
1.824
0.3
0.2
1.324
1.224
0.1
1.224
1.224
1.224
1.224
4.624
0
1.324
1.324
1.224
0.5
1.224
0.2
0
3.748
2.548
0.1
0
1.224
1.224
3.672
4.772
4.172
3.048
1.424
2.548
2.548
1.324
2.648
1.224
2.548
2.548
4.048
2.448
3.148
1.324
4.272
3.672
2.548
2.124
5.172
2.648
2.648
1.224
1.224
4.172
4.872
5.172
2.448
2.448
3.872
2.748
2.448
3.948
2.548
2.848
1.224
2.848
1.224
3.848
1.624
2.448
3.772
2.748
1.524
1.224
1.324
1.324
1.324
1.524
5.272
3.672
2.748
1.224
3.348
2.648
3.872
2.748
1.324
1.324
2.748
3.648
2.648
2.448
3.048
2.748
2.548
3.348
1.424
2.448
4.872
2.848
2.448
2.448
2.448
2.748
2.448
2.848
2.548
1.424
1.224
1.324
2.448
2.448
2.548
2.448
2.448
2.848
1.324
3.672
1.424
2.448
2.648
2.848
2.648
3.672
2.948
3.448
2.948
2.448
2.924
2.448
2.448
2.748
4.972
3.048
3.448
2.748
2.024
2.548
1.224
2.448
1.224
1.324
2.848
2.648
2.648
2.448
3.772
2.448
2.848
2.748
1.324
3.672
2.448
2.448
2.648
2.224
2.448
3.248
1.224
3.048
1.724
2.324
5.672
3.348
5.248
5.796
2.948
4.072
3.024
2.448
2.548
2.948
1.324
3.248
2.448
1.324
1.524
2.748
3.548
2.448
2.448
2.548
4.672
2.848
3.148
3.748
1.324
4.872
3.148
2.448
2.448
1.624
3.672
2.448
2.448
2.448
2.548
1.224
2.448
2.448
2.848
3.848
2.548
3.148
3.972
2.748
4.372
1.824
1.224
1.224
2.448
2.824
2.124
2.448
1.224
1.424
1.224
2.548
2.548
1.324
3.248
4.472
2.448
1.624
2.548
2.948
2.948
3.772
1.224
4.472
2.648
2.624
2.324
2.448
3.672
2.548
1.224
2.848
5.972
2.548
3.672
2.648
2.548
2.648
2.648
2.748
4.048
4.572
4.448
3.672
2.648
3.772
1.324
2.448
2.648
1.224
2.648
2.448
2.648
3.148
1.324
2.548
2.448
3.448
2.448
2.548
4.072
1.824
3.772
2.224
2.648
1.324
1.224
2.448
5.972
1.824
2.448
2.448
3.672
1.424
2.548
2.448
3.548
2.848
2.548
2.448
2.848
2.448
2.448
2.748
2.448
2.548
2.548
2.448
3.348
4.748
3.048
2.548
2.448
1.224
5.572
4.172
2.448
1.624
2.448
3.672
2.748
2.448
1.824
1.224
2.448
4.072
2.548
2.548
1.424
3.872
2.948
1.224
1.324
1.224
3.672
1.224
1.224
4.272
2.548
2.848
2.548
2.448
2.448
2.448
2.548
2.848
1.424
3.148
2.448
3.148
1.224
2.448
1.424
2.548
3.772
3.772
2.548
2.448
2.448
3.672
3.772
2.448
2.648
14.496
1.324
1.224
3.048
3.972
1.424
3.772
1.324
2.448
3.448
1.224
1.624
2.448
2.948
2.748
3.448
5.172
5.472
2.448
4.372
2.748
3.848
1.324
6.496
2.848
2.648
2.448
4.248
3.448
4.548
1.224
2.448
4.672
2.448
2.948
2.448
2.448
2.648
2.448
1.324
2.648
1.224
1.824
1.324
2.748
1.224
2.648
3.772
2.448
2.448
3.772
3.672
2.448
2.548
5.272
5.572
5.348
1.824
4.272
1.224
1.324
3.148
1.524
1.724
3.972
2.448
4.172
1.224
2.648
4.172
1.424
3.672
2.448
1.624
1.524
3.672
1.724
2.548
2.448
1.524
1.724
2.648
3.548
3.248
2.648
2.448
2.448
3.972
1.324
2.748
4.172
4.372
2.548
2.448
2.448
2.448
3.148
2.548
1.224
2.848
2.648
1.224
3.672
1.224
3.672
1.424
2.448
1.824
1.724
2.548
2.548
2.748
2.448
1.224
2.548
1.624
2.548
3.648
4.072
1.224
2.748
2.548
2.448
2.648
2.448
2.448
2.948
1.424
1.524
1.224
1.224
2.548
2.448
2.424
2.448
1.224
2.748
2.324
2.648
2.448
3.148
2.748
2.448
2.448
3.672
1.624
2.548
2.448
1.224
2.548
5.472
2.448
2.648
2.548
1.224
3.772
2.848
2.648
2.548
4.372
2.448
1.224
3.672
4.172
2.748
2.648
2.548
2.548
3.872
1.424
2.548
2.548
1.324
2.648
2.448
2.648
2.848
2.448
3.448
3.748
2.648
5.172
1.524
2.448
2.548
2.448
1.524
2.648
2.448
3.772
1.224
2.548
1.424
1.224
2.124
3.748
3.872
2.448
4.548
2.848
4.672
2.948
2.448
1.224
2.548
1.424
3.548
5.496
3.148
3.148
2.548
1.224
2.548
3.048
2.548
2.848
2.648
2.448
2.648
3.248
4.472
3.448
5.872
2.548
4.772
3.448
3.672
3.772
1.324
6.196
2.448
1.224
2.648
2.448
3.672
3.672
2.448
2.948
1.324
1.224
2.448
2.448
1.224
2.448
2.448
3.772
2.948
4.348
1.524
1.524
1.324
1.924
3.848
3.672
1.424
1.324
4.572
2.648
1.424
4.072
3.148
3.872
3.148
1.624
2.848
1.524
2.024
6.496
3.248
1.424
2.948
1.524
3.248
3.772
2.548
2.648
1.424
3.048
3.972
2.748
1.524
2.748
1.224
1.224
2.548
3.672
2.548
2.548
3.448
2.948
3.772
2.448
3.924
4.172
3.772
2.948
2.448
2.324
3.948
2.524
2.448
5.072
2.448
1.224
3.048
2.448
1.724
2.948
1.224
2.648
1.224
4.072
3.148
5.172
3.772
2.648
2.548
1.224
4.472
2.448
6.872
2.448
2.848
2.448
3.972
2.748
3.048
2.448
3.048
3.448
3.348
2.848
1.424
2.548
1.424
2.748
2.448
2.548
6.772
3.248
2.448
2.548
2.448
3.672
3.772
2.648
5.872
3.672
2.848
4.072
3.948
2.448
2.448
2.448
4.272
4.248
2.448
2.648
3.872
3.548
2.448
2.748
2.548
2.948
1.424
2.448
2.448
4.048
4.948
2.848
4.572
3.948
3.048
3.748
1.424
4.148
1.224
4.248
3.772
7.096
2.548
2.548
1.224
2.448
1.224
3.048
1.224
1.424
1.324
1.624
1.524
1.224
2.448
1.224
2.024
0
0.9
0
2.548
1.224
0
0
1.224
1.224
0.3
1.324
1.224
1.424
0
1.224
2.548
0
1.224
2.324
0
1.224
0
2.224
1.424
2.824
1.924
1.224
2.224
2.648
2.448
1.224
1.224
1.224
0
0.1
1.224
1.324
0
1.224
1.424
1.224
0
1.224
2.648
0.2
0
2.448
1.324
1.324
1.224
1.324
1.424
0
1.224
1.224
1.324
1.924
2.448
2.548
1.324
1.224
1.224
1.224
0
3.448
2.448
2.448
2.648
1.224
0
1.224
0
2.448
2.448
1.424
2.448
1.224
2.648
2.548
1.424
2.448
1.224
2.648
0.3
2.448
0
1.224
1.224
1.224
0.4
3.724
1.424
1.524
2.124
2.024
1.724
