1.424
0.5
1.6
0.3
0.2
1.324
1.324
1.224
2.548
1.224
3.048
1.224
1.624
1.924
2.024
0
0
0
0
0
0
0.3
0
0
1.624
0
0.1
0
0
0
0.1
0.2
2.224
1.224
0.3
1.424
1.224
1.324
0.1
1.824
1.324
1.2
0
0.1
0
0
0.4
0.5
1.324
1.724
0
0
1.724
0
0.3
0
1.224
0.3
1.424
0.8
0.9
0.1
0
0.6
0.3
1.524
0
0.1
0.2
1
1.924
1.824
1.324
1.224
1.6
1.924
0
0.5
0.1
1.224
0.4
0
0.1
0
0
0
0
0
0
0.9
1.324
0.1
0.1
0
0
1.724
1.424
1.324
0
0.1
0
0.9
0.4
1.424
0
1.424
1.224
1.5
0
1.324
2.024
0
1.324
0
0
0
1.524
0
1.324
1.424
1.6
0
0.1
2.124
0.2
1.324
1.424
0
0
0.5
1.324
0
0.6
0.1
0.4
0.7
0.2
0.1
0.2
0.3
1.324
0
0
0.6
0
0
0
0.1
1.324
0.1
0
1.424
1.424
1.224
2.424
1.524
0.2
0.2
1.724
0.3
1.224
0.2
1.224
0
0.1
0
0
1.524
0
1.2
1.224
1.824
0.1
1.324
0
0.5
0
0
0.1
1.924
1.424
1
1.224
1.224
1.424
1.924
1.924
1.324
1.324
1.224
1.624
2.748
2.948
1.824
1.224
1.724
1.224
2.548
1.224
0.2
1.424
0
0
0.4
2.524
0
1.324
1.224
0
1.224
0
1.424
0.2
0
1.224
1.1
1.224
0.9
0
0
0
0
1.1
0.1
0
0.1
0
0
0.1
1.224
0.1
0
0
0
0
0
1.7
0
0
0.4
0
0.3
0.3
0
0.1
0.1
0
0
0
0.6
0
0
0.1
0
0
0
0
0.1
0.1
0.1
0.1
1.224
1.224
0.3
0
1.224
0.3
0
1.224
0
1.224
1.324
1.224
0
0.8
0
0
0.1
1.324
1.224
0
0
0.5
0
0.2
1.324
0
0
0.1
0
0
0
0
0.5
0
0
0
0
0.1
1.224
0.3
1.424
0.1
0.3
0
0
0.2
1.224
0
1.224
0.2
0
0.2
0
0
0
1.224
0
0
0
1.324
0.1
1.424
0.6
0.1
1.224
0
0
0.1
0
0.5
0
0
0.1
0.1
0
0
0
2.224
1.224
0
1.224
1.4
0
1.724
0.3
1.324
0.1
0.5
1.224
1.224
1.324
0.8
1.4
0
0
1.224
0
0
2.848
2.548
0
1.224
1.224
0
0.1
0
1.224
0
0
0
0
0.2
0.1
0
0
0.4
0
0
0
0.1
0.7
0
0
0
0.2
0.1
1.624
1.424
0.1
0
1.224
0.5
0
0.5
1.224
0
1.824
1.224
0
0
0.1
1.224
0
0
1.324
0
0
0
0
1.3
0.6
1.324
0
0.1
0
1.524
0
0
0
0.1
0
0.3
0.4
1.324
0.1
0
1.224
0.3
0.2
0
1.224
0.1
0.3
0.1
0.2
1.324
1.724
0.2
1.224
0
0.2
0
1.224
0.1
0
0
0
0
0
0
0
0
0.2
0
1.224
0.1
0
0
0.4
0
0
0
0.3
0.1
0
0.1
1.4
0.4
0
0.3
1.924
0
1.324
0.4
0.1
0.3
0
0.1
0.6
0
0
1.224
0.3
0
0
0
1.324
0.1
0
1.224
0
0.1
0.2
0.1
0
0
0
1.1
0
0
0.1
0.3
1.324
0
0
0.1
0.5
0
0
1.224
0.2
0
0
0
0
0
1.324
0.1
0
0.9
0
1.224
0
0
0.3
0.2
0
0.2
1.224
0
0.3
0.4
1.224
0
0.1
1.224
1.324
0
1.224
0.2
0
0.3
1.324
0
0.2
0.5
0.5
0
1.224
1.324
0.2
0.2
0
1.324
0.1
0
0.1
0.1
0
0
1.224
0
0
0.3
1.224
1.524
0.3
1.424
1.224
0
0
0
0
0
0
0
0
0.1
1.824
0.1
0
0
0
0.1
0.1
0
1.224
0
0.1
0.1
0.1
0
0.3
0
1.224
0
0.2
0
0
1.224
0.1
0.2
0
0.1
0.1
0.1
0
0
0
1.224
0
0.4
0
0
0.6
0.1
0
1.724
0.1
1.224
0
0.1
0.1
0
0
0
0.2
1.824
0
0.1
0
1.224
0
0
0.1
0.1
0.2
0
0.1
0.2
0.2
1.224
0
0.4
1.224
1.324
0.2
0
0.1
0
1.224
1.524
0.1
0.2
0
0.4
0.1
0
0
0.5
0.1
1.824
0.2
0.1
0
0
0
1.324
1.224
0
0
0.1
0
0.3
0
0
0.1
1.324
0
1.224
1.324
0.5
1.224
0
0.1
0
0.2
0
0.1
0.2
0
0
0.2
0.1
0
0
0.2
0
0
0
1.224
0
0.1
0
0
0.1
0.2
0.1
1.224
0
1.224
0
0
0
1.324
0.1
0.3
0
0
0
0.1
0
0
1.224
1.324
0
0
0
0
1.4
0
0.4
0.1
0
0.2
0
0
1.3
0.2
1.524
0
0.3
0.1
0.1
0
0.1
0
1.324
0
1.224
0.4
0.2
0
0
0
0
1
3.124
0.2
0
0.4
0
0
1.224
0
0
0
0.1
0
0.4
1.424
1.224
0
0
1.224
0
0.4
0.1
0.1
1.224
1.224
0
1.324
0
0.1
0
0.1
1.224
0.3
0
0.2
0
0
0.1
0
1.224
0
0.1
0.4
0.3
1.224
0
0
0
0
0.2
1.224
0.1
0.1
1.224
0.6
0
0
0
0
0
0.1
0
0.1
0
0.1
0
0.2
0.1
0.1
0
1.224
1.224
1.324
0
0
0
0
1.224
0
0
1.224
0
1.224
0
0
0
0.4
0
0
0
0.1
1.224
0
0
0
0.3
0.1
0
1.224
0.9
0
0
0
0
1.224
0.1
0
0.1
1.524
1.224
0.6
0
1.224
0
1.224
0
0.1
0
0.2
2.024
1.224
0
0
0
0
0
0
0.1
1.424
0
1.524
0.1
1.224
0.1
0
0
0
0.1
0
0
0.1
0
1.224
1.224
0.2
0
0
0.1
0.5
0.2
0.1
1.224
0
0
1.224
0
1.724
0.1
1.424
0.4
0.1
0.4
1.224
0
0.6
0.8
0.1
0
0
0
1.324
0
1.924
0.1
0.8
0.1
0.2
0.2
0
0
0.5
0
0.1
0.1
0.1
0
0
0.2
0
0
0
0.1
0.3
0
0.1
0.4
0
0.5
0
0.1
1.224
1.224
0.1
0.2
0.7
0.2
0.4
0
0.4
0
0
0
0
0.2
0
0
0.2
1.224
3.248
1.324
0.1
0.2
0.1
0.2
0.1
0
0
0.1
0
0
0.3
0
0
0.2
0
0.3
0.1
1.224
1.224
0.2
0.2
0
0
0.9
0.1
0.1
1.224
0
0
0.2
0.2
0.1
0
0
0
0.9
0
0.4
0
1.224
0.1
0.5
0
0.2
0.1
0.2
0.1
1.424
0.3
0.1
0
1.224
0
1.324
1.324
0
1.224
0.6
0.1
1.624
1.324
1.224
0
0.1
0
1.224
0
0
0
1.224
0.5
0
0.2
0
1.324
0.3
0
0
0
0.2
3
0
0
1.324
0
1
0
0
0
2.324
1.224
0.1
0
1.224
0.1
1.224
5.048
2.748
3.148
1.224
2.548
2.448
1.324
2.548
1.624
1.324
1.324
4.148
1.324
1.924
1.324
2.648
2.448
1.224
1.624
1.624
1.324
1.324
1.524
1.224
1.624
3.048
3.148
1.224
1.224
2.648
2.548
2.548
2.724
1.524
1.524
1.224
1.324
1.224
1.924
1.524
1.224
1.224
3.548
1.524
1.324
1.524
1.424
1.424
1.624
3.248
2.448
1.224
1.224
2.024
1.224
2.648
1.224
1.324
1.224
1.424
4.448
1.224
1.224
1.524
1.524
1.224
1.424
1.824
1.324
2.848
2.648
1.424
1.224
2.648
2.848
2.548
1.424
1.524
1.224
1.224
1.324
1.424
2.448
1.224
1.224
1.224
3.448
1.224
2.448
1.324
2.848
1.324
1.324
1.224
2.548
1.724
2.224
2.848
1.224
2.224
2.448
2.448
1.524
4.048
1.524
1.924
1.424
2.224
2.748
1.224
1.224
1.324
1.424
2.748
2.448
1.224
1.324
2.648
2.448
1.524
1.324
1.224
2.548
1.224
2.448
1.324
2.124
1.224
3.748
1.224
1.424
1.224
1.624
3.148
2.024
2.224
2.748
1.224
2.548
2.324
1.224
2.548
1.624
1.224
1.524
1.224
1.524
1.324
2.848
4.148
2.448
2.448
1.524
4.148
1.324
1.424
2.224
1.324
1.824
1.324
1.224
1.224
1.324
2.648
1.224
2.548
2.448
1.424
1.424
1.324
1.324
1.424
1.624
1.224
3.448
2.848
2.548
2.948
1.924
1.224
1.224
1.424
2.424
1.924
2.548
1.224
1.524
1.224
1.224
1.324
1.724
1.724
1.424
2.448
1.324
2.448
2.748
3.048
2.548
1.224
3.048
2.648
1.824
1.824
1.224
2.448
1.224
1.324
1.224
2.848
1.224
1.224
1.324
2.548
1.424
1.324
1.424
2.024
4.148
2.024
2.748
1.424
2.748
1.724
1.224
2.548
1.324
1.424
1.224
1.324
1.324
1.224
2.548
2.448
2.748
2.548
2.548
3.348
2.024
2.548
2.424
1.224
1.724
1.224
1.224
4.048
1.524
2.548
2.548
1.224
1.424
1.224
1.224
1.724
2.748
1.524
2.448
1.324
2.548
1.224
2.648
1.324
1.324
1.224
1.324
1.524
5.048
1.624
2.448
2.448
1.324
3.648
2.748
1.224
1.524
1.224
2.448
1.324
2.848
1.524
1.324
2.648
2.548
1.324
2.448
1.624
2.648
3.548
1.324
1.224
1.524
1.324
1.224
1.224
2.124
1.424
1.424
1.224
2.548
1.224
1.224
1.224
1.724
1.424
4.048
1.224
2.948
1.224
1.224
1.224
1.324
2.948
1.224
2.548
1.224
1.224
1.324
2.448
1.224
2.948
3.448
1.224
1.424
1.524
2.748
1.324
2.548
1.424
1.324
10.248
1.224
1.324
1.224
1.224
2.748
2.324
3.348
3.248
2.448
2.848
3.148
3.948
1.224
3.548
2.948
1.324
1.224
4.348
1.724
5.648
1.424
2.448
1.624
1.224
3.148
2.548
1.224
1.424
2.548
1.224
1.224
1.224
1.224
1.424
2.748
1.224
1.224
2.448
3.148
2.448
2.448
2.448
1.224
2.448
3.248
3.248
2.424
1.824
2.848
1.224
1.224
2.124
1.224
1.724
1.424
1.324
1.424
1.224
1.424
2.548
1.524
2.548
1.224
1.924
1.324
2.548
1.924
2.448
1.224
2.024
2.024
1.324
4.048
1.924
2.648
1.324
1.224
3.148
1.424
1.424
1.424
2.948
1.324
1.224
1.224
2.448
1.724
1.324
1.224
1.324
2.748
1.424
2.448
1.324
2.448
1.224
2.448
1.724
1.724
1.224
2.448
2.548
1.224
1.224
1.324
1.224
1.224
2.848
2.748
1.624
2.848
1.324
2.548
2.448
1.224
2.448
1.524
1.324
1.524
1.324
1.224
2.448
1.224
2.224
2.548
1.224
1.524
2.224
1.224
2.448
3.248
1.324
2.548
1.224
1.224
1.224
2.548
2.448
1.224
1.324
3.848
1.224
2.748
1.224
1.224
1.224
2.848
1.224
1.324
1.624
1.224
1.224
2.548
3.048
1.324
1.224
2.448
1.324
1.424
1.224
2.548
1.224
1.324
2.448
1.224
1.324
2.748
1.224
3.548
2.124
2.748
2.848
1.324
1.224
1.224
2.648
1.424
1.424
1.224
2.648
1.224
1.224
1.824
1.324
1.424
2.924
2.648
2.548
4.148
1.624
1.324
2.848
1.224
1.224
2.448
1.524
1.824
3.648
1.924
1.424
1.224
1.224
2.748
2.848
2.448
1.524
2.848
2.448
2.748
2.748
3.048
2.224
5.348
1.624
2.948
1.824
1.224
2.448
1.224
2.748
1.224
1.224
2.448
2.748
1.324
1.224
2.448
1.524
1.224
1.224
1.524
1.224
1.324
1.224
2.548
1.324
2.848
4.448
1.324
1.424
1.424
1.424
2.024
1.324
1.224
1.224
2.024
1.224
1.424
1.324
1.924
2.648
2.548
1.324
2.948
1.424
1.624
3.048
3.848
1.424
1.424
1.224
3.048
1.424
2.648
1.224
1.424
1.624
3.048
1.524
1.424
2.748
1.224
1.224
1.624
2.448
2.548
1.324
3.048
1.624
2.648
1.424
3.824
2.548
2.748
2.748
1.524
2.224
2.324
2.224
2.448
2.748
1.224
1.224
2.124
2.648
1.324
2.948
1.424
1.724
1.424
2.648
1.724
1.824
2.448
1.324
1.224
1.324
4.348
2.448
3.548
1.224
2.448
1.224
1.624
1.624
1.824
2.448
1.824
1.924
4.448
1.324
1.524
1.224
1.624
1.424
2.448
2.448
3.348
1.624
2.548
2.948
2.548
2.448
2.448
1.524
4.048
2.648
1.224
3.148
2.948
2.548
2.448
1.224
2.848
2.324
1.224
2.548
2.848
3.148
1.224
2.548
1.524
2.448
1.324
1.224
2.448
2.224
1.824
1.424
2.948
2.024
1.524
1.624
1.324
2.024
1.324
1.624
1.224
3.248
1.224
1.524
1.224
1.224
1.224
1.924
1.224
1.324
1.224
0.1
1.524
1.324
1.224
1.624
1.824
0
1.3
0.1
1.324
1.224
0
0
0
1.224
0
0.2
0.1
0.3
0
0
1.424
0.1
1.224
1.4
0
0
0
0.6
0
2.224
0.5
1.224
2.524
0.1
0.1
1.224
0
0
0.1
0.3
0
1.324
0
0
1.424
0
0
0
0
0.2
0.3
0
0.4
0
0
0
0
0
1.324
0.3
1.224
0.9
0
0.1
1.324
0
0
0
0.1
0.9
1.224
1.724
1.524
1.224
0
0
0.1
0
0
0.2
0.2
1.324
1.324
0.1
0
0
0
0
0
0
0
0
1.224
1.224
0.1
3.424
1.324
1.224
2.424
0.5
1.524
