0.9
0.6
2.924
0.1
1.324
3.16
1.324
1.224
1.324
1.224
1.424
2.548
1.424
1.724
1.824
0.1
0
0
0
0
3.26
3.36
0
0
0.1
0.1
0.2
0.1
1.424
0
0
1.224
1.1
0
0.2
0.4
0
0.2
0.1
0.4
0
4.76
0
0
0.1
1.224
0.4
0.4
0
1.224
1.224
0
1.924
0
0
0.1
0.1
0.2
0
1.824
0.8
0.5
0.1
0.4
2.536
0.2
0
0.2
1.624
0.7
0.5
1.624
0.4
2.036
4.86
0.5
0
0.1
0
0
1.624
0
1.224
0.1
0
0
0
0
0
0.5
0
0.1
0.1
0
0
1.224
1.224
0
0
0
0
0.4
0.3
0
0
0
0
0.9
0.2
0
0.5
0
0
1.224
0.1
2.036
0.2
0.3
0
0.2
2.2
0
0.1
0.7
0.1
0
0
1.324
0
1.824
0.5
0.1
0.3
0
3.26
0.6
1.424
1.424
1.724
0.6
0.2
0.2
0
1.824
0
0
1.524
0.1
0
0
1.224
0
0.3
0
0.7
0.7
0.1
0.3
0.3
0.2
0.3
0
0
0
0.2
0
0
0
0
2.1
0
0.4
1.224
0
1.224
1.724
0
0
3.16
0.4
0.7
1.924
1.224
2.548
1.424
3.448
2.948
2.448
1.324
2.548
1.924
2.648
1.324
2.948
2.448
3.148
2.448
1.224
0
0.2
2.136
0
0
0.1
1.7
0
0
1.424
1.224
0
1.224
0.3
0.8
0
1.836
1.6
0
2.236
0
1.836
0
1.424
2.224
1.324
1.224
1.324
1.224
1.224
2.124
1.224
1.624
1.224
1.224
1.836
1.224
0
2.924
3.06
1.836
1.324
1.836
1.524
3.26
0.1
0
0
0
0
1.224
0.7
0
0.3
0.1
0
0.1
1.224
1.836
0.2
1.224
1.424
1.324
0
0.1
0.3
1.224
0.1
0.4
1.224
0
1.224
0
0.1
0.2
1.224
0.2
0
1.224
0
1.224
0
0
0
1.924
1.224
1.224
0
1.224
1.324
1.224
3.16
3.16
1.224
0
0.7
0
0
0.1
0
0
0
0.1
0
0.1
0.2
0.1
0
0.3
0.2
0
0.4
0
0
1.424
0
0
1.224
0
1.224
0.1
1.224
0
0
0.3
0.2
0.2
0
0
0
0
0
0.7
0.1
0
3.06
3.06
0
0
0
1.6
0
0
1.224
1.7
0
0.3
1.624
1.224
1.424
0.3
0
1.224
0
0.8
1.8
0.2
1.936
0
0.4
0.1
2.848
2.748
0
1.224
1.224
1.224
0.1
0
1.224
1.836
1.224
1.224
1.224
0.1
1.224
0
0
0.4
0.1
0
0.1
1.324
1.724
0
0
0
0.2
1.224
1.424
0.3
0
0.1
1.424
1.2
0
0.1
2.448
1.836
0.4
0
0
1.224
3.16
0
1.224
1.324
3.06
1.224
1.224
1.224
1.224
0.7
1.424
0.2
1.836
0.2
0.1
0.2
0
0.2
0
3.06
3.16
1.424
0.8
0.2
1.424
1.836
1.224
1.324
1.324
0.1
0
1.324
0.3
1.324
0.1
0
0.5
1.224
0.2
1.224
2.136
0
0
0.1
3.06
0
1.224
1.424
3.06
0.2
1.836
0
1.624
0
0
2.136
0
0
2.024
1.424
1.324
1.224
0.4
1.424
0
0.2
2.424
2.536
0
1.624
0.4
0
0.3
1.524
1.424
0.1
1.836
0.3
0
1.324
0
0
0.1
0
0
1.224
0
0.1
1.224
0
0
3.16
1.424
0.1
1.836
0.1
1.324
1.624
1.224
1.836
1.324
0.2
0
0
1.324
3.26
0.6
0
0
0
1.424
1.224
3.06
1.224
1.224
1.836
1.324
1.224
0
1
1.324
0
1.224
0
1.224
1.524
1.224
1.936
0
1.224
1.324
1.624
1.224
0
1.324
0
0
1.324
0.2
0.3
1.324
0.1
0.1
0.1
1.424
1.624
3.16
1.224
0
0
0
1.324
1.424
0
1.936
1.224
1.424
1.324
0
0.2
0
0
0
0.2
3.16
1.936
1.424
3.26
1.324
1.224
0
1.224
0
1.224
1.836
0
1.224
1.224
1
1.224
0
1.224
0
0
3.06
1.224
0
0
1.424
1.424
1.224
1.836
0.2
0
0
1.224
1.224
1.936
1.224
0.2
0
0
0
1.224
0
2.236
1.324
0
0
0
0.1
1.424
2.036
0
0.3
0.1
0.1
0.9
1.424
1.224
0
0
0.1
1.224
0
0.2
1.424
1.624
0
0.1
1.224
0
3.16
1.224
0.2
3.06
0
0
1.224
0.3
1.324
1.836
0
1.424
0
0
0.4
0
1.224
0
0
0
0.1
1.324
1.224
3.16
1.324
0
0
1.924
0
1.524
3.16
1.836
1.224
0
0
1.224
0
1.224
1.224
1.424
1.224
1.424
0
1.224
1.324
1.324
1.424
0
0.1
2.436
0
1.224
0.1
1.224
1.224
1.324
0.2
1.324
1.836
0
0.1
1.324
0
0
0.5
1.224
1.224
1.224
1.324
0
0
1.224
2.036
0.1
1.424
3.06
0
1.224
0.1
1.224
0
0
0
0.1
1.624
1.324
0
0.3
1.324
1.224
0
0
0
1.836
0
1.424
0
2.936
1.224
0.2
1.224
0
3.06
1.224
3.16
2.024
0.2
1.224
0
1.424
0.3
1.224
1.324
1.224
1.224
1.224
0
0.2
1.324
0.5
1.224
1.224
1.224
1.224
1.4
1.824
0.1
0.4
0.4
1.224
1.224
0
1.224
3.06
0
3.06
1.836
1.324
1.524
0
0
0
0
1.224
1.324
1.224
0.2
1.224
1.324
1.224
0.1
0
3.06
1.224
0.1
0
0.5
0.1
3.06
1.324
0
0.1
0.2
1.224
1.836
0.4
0.5
3.16
0
3.06
1.224
1.224
1.836
0.1
0
1.324
1.224
0
1.324
1.224
1.224
1.324
0
0
1.224
1.224
1.324
0
3.06
1.224
1.836
3.06
0
0
0
0
1.324
0
0
1.424
3.06
0.1
3.06
0
0
0
0
0
0
0
1.424
1.224
1.224
1.224
0
1.836
0
1.324
0
1.424
1.224
0
1.324
1.824
0.1
0
1.224
1.224
3.16
1.324
0
1.424
0.2
0
1.324
0
1.224
1.324
0.1
1.424
3.06
1.224
1.824
1.1
0.2
0.1
3.16
0
1.224
1.224
1.936
1.324
1.424
0
0.1
0
1.224
1.324
1.224
0
0
0.1
0
0
0
1.224
0
0
0.3
0
0
0.1
0.4
1.324
1.324
0
0.3
0.1
1.224
0
1.724
1.224
0.2
3.36
3.06
1.936
1.836
0
1.524
1.724
1.224
1.224
0
1.324
3.06
1.324
1.424
0
1.824
1.524
1.524
0.1
1.424
1.224
0.9
1.424
1.324
1.424
3.06
3.06
3.06
1.324
1.224
1.224
1.224
1.224
1.424
1.324
1.224
0.5
0
1.524
0
0
0
0.2
0
0.4
3.46
1.224
3.26
1.224
0.8
0
0
3.06
1.224
3.16
1.836
2.036
1.936
2.448
3.048
4.484
3.06
3.06
3.06
0
3.06
1.224
0
1.224
0
1.224
1.324
1.424
1.224
1.424
1.224
1.624
1.224
0
0
1.624
0.2
0
1.324
2.224
1.624
2.136
1.224
0
1.224
0.1
1.324
1.524
0
3.06
0
1.7
1.936
0.5
0.1
1.224
1.224
1.724
1.224
0.1
0
1.836
1.324
0.1
0.7
1.224
0
0
1.324
0
0
0
0
0.6
1.224
0.5
1.424
0
0
1.424
0
1.224
0.1
1.224
1.224
0.1
0.8
0.1
0
1.224
0.1
0.2
0
1.224
1.224
1.424
3.824
0
1.224
0.1
1.224
0.8
0
0
0
2.124
1.224
0.2
0
1.836
1.224
2.448
3.948
2.648
2.224
1.924
1.424
3.06
1.224
1.224
1.324
1.324
2.548
3.324
2.548
2.548
1.424
2.848
2.548
2.448
2.224
3.448
2.648
2.448
1.324
1.324
2.848
2.848
2.748
1.324
2.448
2.648
1.424
3.06
4.048
2.848
2.648
1.224
2.748
1.424
3.148
1.424
2.548
2.748
1.924
3.16
1.324
1.324
1.224
1.524
1.624
3.248
2.448
2.548
1.224
3.948
2.748
2.448
2.448
1.224
1.624
2.548
2.524
4.284
2.448
3.048
2.648
2.448
3.248
1.424
2.448
2.648
1.424
2.548
1.224
1.424
1.624
1.324
2.448
4.884
1.224
1.324
1.524
2.448
1.224
2.648
1.224
2.448
1.424
1.324
2.448
1.324
1.524
2.648
1.424
2.848
2.448
2.948
3.548
1.724
2.448
2.824
1.224
1.324
2.848
4.648
2.748
1.924
2.748
1.924
1.724
1.224
1.224
1.224
1.224
1.624
1.324
2.548
2.448
2.548
1.324
2.748
2.448
1.424
2.448
2.448
1.224
2.748
2.224
2.448
2.224
1.224
2.648
1.324
1.824
3.048
3.048
2.848
2.648
2.548
2.448
2.624
2.448
1.224
3.248
1.324
2.948
2.448
1.524
1.624
1.524
2.624
1.224
1.224
2.648
3.048
2.648
2.748
4.248
1.224
3.448
1.624
2.448
2.448
1.224
4.384
2.448
1.224
1.324
4.584
1.224
2.448
2.548
2.648
2.948
2.448
2.024
2.648
1.724
2.848
1.624
1.224
1.324
2.548
2.224
1.724
1.224
1.224
3.26
1.424
2.448
2.648
1.524
3.448
3.048
1.224
1.524
1.424
1.724
2.024
2.648
1.324
3.248
1.324
4.06
1.724
1.224
2.648
2.448
1.224
2.548
3.248
2.548
2.448
2.548
1.524
2.848
2.548
2.548
3.348
3.348
3.148
2.648
4.584
2.548
1.224
2.448
3.16
1.224
2.448
2.448
2.448
1.824
1.224
1.624
1.324
1.824
1.224
1.324
3.448
2.124
2.548
2.424
2.548
3.66
1.224
2.448
5.048
1.524
1.224
1.224
2.448
1.324
2.448
2.448
3.348
1.424
2.448
1.224
2.848
1.224
2.448
1.624
1.224
2.448
2.448
2.448
2.748
3.624
2.548
1.424
1.324
1.224
3.348
2.748
2.548
1.324
2.448
4.284
1.524
1.724
1.724
1.224
1.424
4.484
2.848
1.224
1.524
2.548
2.324
1.224
1.224
1.224
2.448
1.224
1.224
2.848
2.448
3.048
2.448
1.324
1.224
2.448
2.548
2.748
3.26
2.824
2.548
2.724
1.224
2.448
1.424
2.648
1.324
2.448
1.224
2.448
2.448
2.548
2.448
2.448
1.224
3.448
1.224
1.424
3.548
2.548
1.624
2.448
1.724
1.224
2.324
1.324
3.26
1.224
2.748
1.524
12.184
3.148
2.948
1.224
2.548
1.724
2.324
1.224
2.748
3.96
2.548
2.448
2.124
2.848
2.924
1.224
1.224
3.048
2.448
2.024
1.324
2.448
2.548
1.224
1.224
2.548
3.06
1.424
1.524
1.424
1.224
2.748
2.548
1.624
1.224
2.448
2.448
2.448
3.06
2.748
4.748
3.348
2.224
2.648
1.224
1.324
3.748
1.824
1.324
2.648
2.548
2.648
1.224
4.484
2.548
1.424
2.448
1.224
1.524
1.524
2.448
3.76
1.324
2.648
1.624
1.524
2.648
1.924
3.248
1.624
2.448
2.448
3.448
1.224
2.648
2.548
2.448
2.448
1.324
2.448
1.224
4.348
4.584
3.06
3.048
1.324
1.424
2.548
1.324
2.448
1.224
1.224
1.724
1.924
2.548
1.224
1.524
2.448
1.224
2.648
1.324
2.448
1.924
2.948
1.224
1.624
2.648
1.524
1.224
2.548
1.324
2.548
1.424
1.324
1.324
1.224
1.224
2.448
1.824
1.224
1.224
3.148
1.724
2.548
1.224
2.324
2.548
1.324
2.448
2.448
1.224
1.224
1.224
1.224
2.448
5.384
2.448
1.224
2.548
1.224
2.748
1.724
2.448
2.748
2.848
2.448
1.224
2.448
3.248
2.648
1.324
1.524
2.448
2.548
1.224
1.324
1.224
1.424
1.224
2.448
2.548
1.924
2.448
2.824
4.048
1.824
2.548
1.224
4.284
2.448
1.424
1.324
4.484
2.448
2.548
1.324
2.748
1.424
1.324
1.624
3.348
4.484
1.224
2.924
2.448
2.648
1.724
2.448
1.224
1.424
1.224
3.148
3.048
3.148
3.148
2.448
1.224
1.324
2.124
1.224
2.548
1.524
1.224
1.324
2.024
2.648
3.548
4.448
2.648
2.848
2.948
2.448
2.548
1.224
2.648
1.324
1.324
1.324
1.224
2.448
2.448
1.224
2.848
1.424
1.324
2.448
2.448
1.324
2.448
1.224
2.548
1.724
3.824
1.324
1.424
1.324
1.624
4.148
2.448
1.224
1.224
3.448
2.448
1.224
2.448
2.948
4.584
1.524
3.16
1.724
1.224
1.724
2.748
2.424
1.524
1.624
1.324
2.024
2.548
1.224
2.548
1.424
2.948
4.684
2.648
1.424
3.36
1.324
1.224
2.748
2.448
1.324
2.448
1.724
3.148
2.548
4.484
3.824
3.548
2.848
1.424
1.424
2.824
2.924
2.324
1.224
5.084
2.448
1.224
2.848
1.424
1.524
1.624
1.424
2.948
3.26
2.848
3.348
3.748
2.448
2.548
2.448
3.06
3.648
1.224
3.148
2.448
1.424
2.548
2.748
2.548
3.048
1.224
2.648
3.048
2.424
2.648
1.424
2.548
1.324
2.748
3.06
1.324
3.248
2.848
1.324
1.424
1.224
2.448
2.448
2.648
3.148
2.448
2.748
5.184
2.624
3.06
1.224
2.648
2.848
3.348
1.224
1.324
2.948
2.124
1.224
1.524
2.648
1.924
1.624
2.448
1.224
3.648
3.448
2.748
3.048
2.948
2.748
3.048
1.224
3.448
1.224
4.584
2.548
3.048
2.448
2.548
1.224
4.384
1.224
2.748
3.16
0.2
0
0.1
0.5
0.1
1.224
0.3
0.5
0
1.8
0
1.324
0
0
0
0.1
0
1.836
0.2
1.224
0.1
0
0
1.224
2.036
0
4.036
0.1
1.224
1.836
2.224
1.324
0.4
2.124
0
1.5
1.424
3.06
0
1.224
1.224
0.2
0.3
0
1.936
1.936
0
0.2
0
1.836
1.836
1.324
0.1
0.1
1.224
0.2
1.424
0
0.1
0
0.1
0
0.1
0
0.5
1.224
1.224
0.1
0
1.224
1.224
0
2.224
0
1.524
1.424
0
0.1
1.224
0
1.224
1.224
1.324
1.424
0
0.1
1.324
1.424
1.224
0
1.224
0.1
1.224
1.836
1.224
0
1.324
0.3
1.5
0.1
0
1.2
0.8
0.7
