3.76
0.7
2.1
0.4
0.2
0
0.2
0
0.2
0
0.3
0
0.1
0.7
0.9
0.1
0
0
0
0.1
0
0.3
0.1
0
0.2
0
1.524
0.3
0
0.1
0.1
0.1
2.3
0.2
2.036
2.736
2.236
2.136
1.936
2.536
2.436
4.96
1.836
1.836
2.036
1.836
3.86
2.036
2.136
2.636
2.036
1.836
3.036
1.936
1.936
2.036
2.136
1.936
2.236
3.036
3.636
2.236
1.836
3.436
3.76
2.136
2.036
1.836
2.236
3.736
2.536
3.136
2.636
2.136
5.36
3.036
1.836
2.036
1.836
1.936
2.736
2.036
1.836
1.936
1.936
1.836
1.836
1.836
1.836
3.336
2.036
1.936
3.26
1.836
1.836
2.436
2.336
1.836
1.936
1.836
1.936
4.636
3.336
2.136
3.06
2.036
3.06
4.036
1.936
2.436
3.96
3.16
2.136
1.936
1.836
2.436
3.66
2.136
2.036
2.036
4.836
1.836
2.136
2.536
1.836
2.136
2.336
1.936
1.836
2.436
4.06
1.936
2.336
2.036
3.66
3.236
1.836
2.036
2.436
15.296
2.236
2.136
3.672
2.736
1.836
1.836
1.936
2.336
2.136
1.936
1.836
2.536
2.436
3.36
2.936
3.636
3.56
2.236
5.16
2.036
2.236
1.936
2.036
3.06
3.56
1.836
1.836
2.036
3.16
5.536
2.136
3.736
3.06
2.036
3.26
2.536
2.036
1.836
2.036
2.536
2.336
2.736
1.936
1.836
3.86
2.936
2.536
1.936
1.836
1.836
2.336
2.136
2.236
2.936
2.036
2.136
1.836
3.26
0
0.6
0.4
0
1.224
0.4
4.436
0
0
0.3
0.4
0.1
0
2.636
0.4
0
1.836
4.024
1.936
2.324
0
1.836
0
0.1
1.3
0
0.1
0.4
0
0
0.3
0
0.1
0
0
0
0.1
0
3.8
0.1
1.224
0.4
0
1.5
0.3
0
1.224
0
1.324
0
0
0.9
0
0.1
0
0
0
0.1
0
0.2
0.1
0.2
0.1
0
0.2
0.3
0
0
0.3
0
0
0
1.836
0.4
0.2
0
0.5
0
0
1.936
1.324
1.224
1.224
0
0.2
0
0
0.1
0.1
0.1
0
0.1
0
0
0
1.2
0
1.224
0
1.324
0.2
1.224
0.1
1.424
0.2
0.3
0.3
0
0.4
0.9
0.1
0.4
0.2
0
0.3
0
0
0.1
0
1.424
0
1.324
1.424
0.2
2.024
1.724
0.8
0
0
0
0.1
0
1.1
0.1
0
0.3
0.1
0
0.2
0
3.724
0
1.224
0
2
1.324
0.7
2.036
0.2
0.4
1.724
1.224
1.324
1.524
1.2
4.324
0.1
0.1
0
3.26
0.1
0.7
0.3
0
0
0
0
0.3
0
0
0.2
0
0
0
0.2
0
0
0
1.3
0.1
0.1
0
0.1
1.1
0
0
0
2.236
0
0.5
0.6
0
0
0
1.6
0
0.2
0.1
0.1
0.7
0
0
0
0.2
0
0.2
0.2
0
0
0
2.436
0
1.6
0.2
0
1.936
0.2
0.2
2.436
0.1
1.324
0
0.1
0.2
0.1
0.5
1.224
0.2
0
0
0.7
0.4
0
1.424
0.1
0.3
0.5
0.4
2.036
2.224
0.3
1.224
0.1
1.424
0
1.224
0
0
0
0
0.6
0.3
0.1
0
0
0.5
0
1.836
0.6
0
1.324
1
0.2
0
0
0.8
0.1
0.2
0.4
1.8
1.524
0
0.8
0.9
0
0.3
0.4
0.7
0.8
0
0.2
0.3
0
0
1.836
0.3
0.2
0
0
0
0.1
0
0
0
0.2
0.1
1.836
1.836
0
0.2
1
0
0.3
0.1
0.6
1.224
0.1
0.2
0.1
0.9
0.1
0
0
0.2
0.2
0
0
0.2
0.3
0.2
0
0
3.424
0.1
0
1.836
0
0.2
1.1
0
1.836
0.1
0
0.5
0.7
0
1.836
0.1
1.324
0.3
0.2
0.6
0.7
0
0.2
0.3
0.2
0.3
0.8
0.5
0.1
1.936
1.836
0
0.5
0.4
0.2
0.1
0
0.5
0
1.836
0
0.1
0
0
1.824
0
0.7
0.5
0
0
0
0
0
0.1
0
0.1
0.1
0
0
1.6
0.5
0
0
0
0.1
0
0
0
0
0
0.1
0
3.06
0.9
0
0
0.2
0.1
1.936
0
0
0
0
0
0
0.2
1.624
0.2
0
0
1.836
0.3
1
0
0.1
1.1
0
0
2.5
0.1
0
0.1
0.1
2.136
0
0
0.5
0.3
0.6
0.1
0.1
0.2
1.936
0.3
0.1
0
0.1
0.1
0
0
0
0.1
0.2
0
1.724
0
1.324
0.4
0
0.1
1.224
0
1.836
0.6
0.3
0
0.3
0
0
0.1
0.9
0
0.5
0.1
0.4
0
0
0
0.1
0
0
0.2
0.1
0
0.4
0
0
0.1
0.5
0.3
0
0
0.5
0
0.1
0
0
0.1
0
0.1
0.1
0
0
0
0
0.4
0
0.1
0
0
0
0.1
0
0.2
1.224
2.036
0
0.3
0.3
0
0
0
0
0
0
1.224
0
0.1
0.1
0
0.1
0
0
0
1.836
0
0
0
0
0
2.724
0
0.1
0
0
0.1
0
0
0.8
0
1.424
0
0.5
1.624
0
0.1
0
0
0.2
0
0.2
0.3
0.4
0
0
0.1
0.1
2
2
0.1
1.724
0.1
0.1
0
0
0
0
0
0.3
0.3
0.3
0.9
1.836
0
0
0
0
0
0
0
0
0
0.2
2.336
0
0.2
0
0.2
0
0
0.6
0.3
0.2
0
0.5
0.1
1.524
0
0.1
1.2
0.3
1.324
0
0
0
0.1
1.424
1.836
0.4
0.1
1.224
1.624
0
0.1
0.2
0.1
0
0
0
0.1
0.1
0.2
0
0.1
0
0
0
1.224
0
0.1
0
1.936
0.4
0
0
0
0
0
0
0
0.1
0
0
0.5
0.1
0.1
0
0.1
1.836
0.1
0
0
0.2
0.2
0
0.1
0.9
1.324
0.1
0
0
0.2
0.2
0
0.3
0.9
1.224
0.8
1.224
1.324
1.424
0.1
0
0.2
0
0.7
0.9
0
0.1
0
0
0
0.1
0.2
0.2
0
0.1
1.724
0.1
0
0.6
0
0.3
0
0
0
0
0
0.3
1.836
1.936
0
0.1
0.1
0.3
0.8
0.3
0.2
0
0.2
0
0
0
2.636
0.1
0.6
1.224
0
0.2
1.836
0
0.4
1.2
0.2
0
0
0.1
0.1
0
2.924
0.2
0.6
0.2
2.436
0.1
0.3
0
0.4
0.2
0
0
0.1
0
0
0
1.936
0
0
0
0.1
0.1
0.3
1.4
0.1
0.2
0.1
1.836
3.06
0
0.2
0.2
1.2
0.2
0.4
0
0.7
0
0
0
0
0.2
0
0.6
0.3
0
0.5
1.524
0
0.2
0.1
0.4
1.836
0
1.224
0.1
0
0
0.1
0.2
0
0
0.2
0.3
0.1
0
0
0.3
0.5
0
0.1
1.3
0.2
0.9
0
0
0
0.4
0.6
0.3
0.1
0.1
0
1.1
1.836
2.124
2.136
0.1
0.1
0.7
0
0.3
0
1.324
0.1
0.2
0.9
0.4
0
0
0.1
0
0.2
0.2
0
1.5
0.2
0.7
0.1
1.224
1.224
0.4
0
0
0
0
0.2
0.2
0.6
1.524
0.2
0.1
0
0
0
0
0.1
0.2
3.5
1.424
0
1.424
0.1
1.2
0.1
0.3
1.224
1.7
0.2
0.2
0
1.836
0
0
1.3
0.2
1.5
1.524
0.2
0
0.3
0.3
0.2
0
0
1.3
0
0.4
0.1
1.924
0.1
0
0.6
1
0.4
0
0
1.324
0.1
0.1
0.2
0
0
0.1
0.6
1.324
2.4
0.3
0
0
0.3
1.424
1.2
0.7
0
0
0.3
0.1
0
0.1
1.324
1.224
0.4
0.3
0
0.1
0
0.8
0.1
0.1
0
0.1
1.624
0.5
1.824
0.1
0
0.5
0.2
0.1
0.1
0.5
0.1
0.4
0.1
0
0
1.424
0.3
0.2
0.1
1.424
0.2
0
1.324
0.1
1.224
0.1
0
0
0.7
0.1
0
1.524
0.4
0.2
0.1
0.3
1.524
0.9
1
2.124
0
1.6
1.836
1.324
0.3
1.1
0.2
0.2
0.3
1.7
0.4
0
0
0.2
1.424
1.424
0.7
0.1
0
0
0
0.3
0.2
0.1
0
0
1.224
0.3
2.224
0
1.7
0
0.4
0.2
0.2
0.6
0.3
0.4
0.2
0.2
0.4
2.4
0
0.1
1.524
1.224
0.6
0.1
0
0.1
0.2
2.024
0.4
0
0.1
0.5
1.224
0.4
0.9
0
0.4
0.1
0
0
1.524
0.3
0
0
0
0.3
0.1
0.1
0
0.1
0.2
0.1
0.7
0.4
0.8
0.6
0.6
0
0
0
2.3
0.5
0
0
0.1
0.1
0.1
0.1
0.4
0.3
0.8
0.1
1.424
0.2
0.1
0.4
1.324
0
0.3
0
1.1
1
0
0.1
0
0.2
1.324
0.8
0
0
0.2
0.2
0.2
0
0.2
0.7
0.1
0.3
0.3
1.224
0.4
0
0
2.036
0
0
0
0
0.4
1.324
0.6
1.836
3.636
0
2.436
0.4
0.3
0.1
0.7
0.1
1.524
0
0
1.5
0.5
0
1.224
1.224
0.2
0.1
0
0.2
0.2
0.2
0
0.4
2.036
0
0.8
0.1
0.1
0
0
0.2
1.3
0.3
0.3
0.1
0
1
0.4
0.1
0.4
0
0
0.2
0.9
0.6
0
2.036
0
0
0
0.3
0.1
0.5
0.2
0.1
0.1
0
1.224
0.1
0
0.2
0.1
0
1.424
0
0.1
0.2
0.3
0.1
0.3
0.4
1.8
0.1
0
0
0
0.1
0.2
0
0
0
0.1
0
0
0.3
0.9
0.2
0
0.4
0.2
0
0.2
0.1
0
0.3
0
0.4
0
0.1
1.324
0.6
0.6
1.724
0
0.1
1.936
0.7
0
0.2
0.8
0.6
0
1.2
0.6
1.6
0
1.224
1.524
0
0.9
0.1
0
0.7
0
0
0
0
1.224
0
1.324
1.224
0.2
0.1
0.5
0
0
0
0
0
0.5
2.4
0.6
0.1
0.4
1.424
0.1
0.5
0.6
0.4
0
0.3
0
0
0.5
0.2
0.1
0.2
0.1
2.124
1.224
0
0.1
2.136
0.1
1
1.524
0.1
1.924
0.5
0.4
0.1
0
0.8
0
0
0.2
0.2
0
0
0
0
1.3
1.324
0.1
0.2
0.1
1.324
0.1
0
0
0
0.2
0.8
0.9
0
0.1
0.3
1.224
0.1
0
0
0
3.324
0.2
0.1
0.4
0.1
0.1
0
0
0.1
0.1
0.4
0
0.2
0
0
0
3.124
1.424
0.1
0.5
0.3
0.1
1.224
0.1
0.1
0.3
0
0
0
0
0
0
0.4
1.5
0.1
0.1
0
0
0
0.2
0.1
0.5
0.2
0
1.224
0
0.6
0.4
0
0.2
0
0.2
1.224
0
0.1
0
1.724
0
0.1
0.6
0
1
3
0.4
0.5
0
0.1
0.1
0.2
0.1
1.324
0
0
0.1
0.1
0.2
0
0.5
0.9
0.3
0
0.8
0.3
0.3
0.7
0.1
0
0
0
0.3
0.4
0.4
0.1
0
1.224
0
1.524
1.224
0.4
2.036
0
0.4
0.8
0.3
1.1
2.124
0
0.6
0.1
0
0.2
0
0.2
0
0
0.3
0
0
0
0
0.2
0
0.1
0
0
1.224
0
0
0.4
0.3
1.8
0.4
1
0
1
1.9
0.1
1.224
0
2
0
0.1
0.1
0.5
0.2
0.1
0
0.3
0
0.3
0.8
0.4
0.4
0.2
0.2
1.4
0
0
0.1
0.2
0.5
0.2
1.324
0.4
0.5
0.2
0
0.2
0
0
0
0.5
0.6
0
1.224
3.1
0.6
0
1.524
0.1
0.8
1.7
1.3
1.224
0.9
0
0
0.3
0.5
1.724
1.1
0.2
0.3
0.1
0.2
0.6
3.324
0
0.2
0
0.1
0.2
0
2.124
1.324
0.4
0
0.9
0.2
0.3
0
0.1
0.9
0.7
0.3
0.3
0.1
0.4
0.4
1.324
0.2
1.3
0.6
0.1
0.2
0.1
0.3
0.1
1.324
1.2
0.1
0.1
0.7
1.5
1.324
0
0
0.2
0.6
0
0.1
0.4
1.4
0
1.424
0.1
1.724
0.1
0.1
0.1
1.5
0.7
0.1
0.4
0.6
2.036
2.636
3.06
2.436
1.836
2.536
0
0.5
0.1
0.2
0
0
0
3.46
0
0.2
0.1
0.1
1.1
0.1
0
0
0.9
0
3.524
0
0
0
0
0
0.1
1.224
0
0.3
1.224
0
1.224
0
0.2
0
0
2.3
0.1
0
1.836
0.9
0.7
1.8
0.6
0
4.024
0.6
0
1.836
0
0
0.1
0.3
0
0
0.2
0
0.2
0
1.836
0
0
0.3
0.1
0
0.6
0.2
0.1
0.1
0
0.2
0.2
1.324
1.324
0.5
0.1
0
1.324
0
0
1.224
1.224
0.7
1.324
2.136
0.5
0
1.224
0
0
0.1
0
0.1
0
1.624
1.624
0.1
0
0
0
0.3
0.2
0
0
0
0
0
0.3
5.224
1.624
0.1
1.2
1.2
1
