1.324
0.1
2.224
0
1.224
1.324
1.224
1.224
2.648
1.224
2.648
2.448
1.524
1.324
1.824
0.1
0
0
0
0
1.324
1.624
0
0
1.424
0
0
0.1
1.324
0
0
1.224
2.524
1.224
0.5
1.324
1.324
1.324
0
1.624
1.324
2.224
0
0
0.1
1.224
0
0.2
1.724
2.848
1.224
0.1
3.148
0
0.2
0
1.324
0.4
1.524
1.624
0.9
0.5
0
0.6
0.3
1.324
0
0.2
1.424
0.7
1.724
2.748
1.424
1.324
2.124
1.624
0
0.1
0
1.224
1.824
0
1.324
0.1
0
0
0
0
0.1
0.5
1.224
0
0.2
0.1
0
2.648
2.448
1.324
0
0
0.1
1
0.4
1.224
0.1
1.324
1.224
1.2
0
1.324
1.624
0
1.224
1.224
0.3
0.5
1.224
0.1
1.224
1.224
1.4
0
0.1
1.924
0
1.224
1.624
1.324
0
1.624
1.524
0.1
0.1
0.1
1.624
0.8
1.324
1.224
1.424
0.6
1.224
0.1
0
1.824
0.1
0
1.324
0.1
1.624
0
1.224
1.324
1.424
1.224
2.224
2.324
0
0.4
1.824
0.2
1.424
0
1.224
0
0.2
0
0
1.424
0.1
0.8
1.324
2.124
1.224
1.324
1.224
1.824
0.1
0
1.224
2.224
2.024
3.424
1.224
2.448
1.424
2.948
3.248
2.648
1.624
2.448
1.824
3.672
3.048
3.148
2.648
3.148
2.548
2.448
1.224
0
1.524
0
0
0
2.924
0
1.324
2.848
1.224
1.224
1.224
1.324
0.2
0
1.224
1.5
1.224
0.5
0
0
0
1.224
1.924
1.324
1.224
1.324
1.224
1.224
1.324
2.448
1.324
1.224
1.224
0
1.224
0
2.424
1.224
0
1.224
0
1.624
1.624
0
0
0.1
0
0
1.224
0.6
0
0
0
0
0.1
1.224
0
0
1.324
1.424
1.224
1.224
1.224
0.1
1.224
1.224
0.6
1.224
1.224
1.224
1.224
1.224
1.224
1.324
0.5
0
1.224
0.1
2.448
1.224
0
0
1.624
1.224
1.324
1.324
1.424
1.324
1.324
1.224
1.224
1.224
0
0.4
0
0
0
0
0.1
1.224
0.1
1.324
0.2
0.2
0
0
0.2
1.424
0
1.224
0.2
0
1.324
0
0
1.224
1.224
1.224
0
1.324
1.224
0.1
1.324
0.6
0.1
1.324
0
0
0
0
0
0
0
1.424
1.324
0
0
0
1.924
1.224
0
2.448
0.9
0
1.524
1.724
2.448
1.224
0.2
1.224
2.448
1.224
0.8
1.5
0
0
1.224
0.3
0
3.772
3.672
0
2.448
2.548
1.224
0.1
0
2.448
0
1.224
1.224
1.224
0
1.224
0
0
0.8
0
0
0.1
1.324
1.624
0
0.1
0
0.1
1.224
2.648
1.324
0
0
2.548
0.5
0
0.3
2.448
0
1.324
1.224
0
1.224
1.324
1.224
1.424
1.224
2.448
1.224
1.224
1.324
1.224
0.7
1.424
1.324
0
0.1
0.2
1.224
0
0
0
1.224
1.224
1.424
0.7
1.224
1.324
0.1
2.448
1.324
1.224
0.1
1.224
1.424
0
1.524
0
1.224
1.624
1.324
1.324
1.224
0.1
0
1.324
0
1.224
0
1.224
1.324
1.224
0.1
0
0
1.224
0
1.324
0.1
0
0
2.024
1.224
1.224
1.324
0.4
1.324
0
0.1
2.024
0.4
0
1.724
1.824
0
1.324
1.424
1.524
0.3
0
0.2
0.4
1.324
0
1.224
0.2
0.1
0
1.224
1.224
0.1
1.224
1.224
0
1.224
1.224
0
0
0
1.224
2.824
1.224
0.1
1.524
0.3
1.324
0
1.224
1.224
0.3
0
0
1.224
1.324
1.224
1.224
1.224
1.324
0.5
2.448
1.224
0
0.8
1.324
1.224
1.224
0
1.424
1.324
1.224
0.1
1.224
1.224
1.424
1.424
2.448
0
1.224
1.224
1.524
1.224
1.424
0.2
1.224
0.4
1.324
0.1
1.224
1.624
1.324
1.224
1.224
1.224
0.1
1.224
1.224
1.224
0.2
1.224
1.524
1.224
0.1
0
1.324
0
0
0
2.448
1.424
1.324
2.448
2.448
1.224
0
1.224
0
1.224
0
0
1.224
1.324
1.924
1.324
0
1.224
0
0.2
1.224
1.224
1.224
0.1
1.224
1.324
1.224
0
0.7
0
1.224
1.224
1.424
0
1.224
1.324
0
0
0
1.324
0
0
1.324
0
0
1.224
0.1
1.924
0
0.1
0.7
0
0
2.024
1.524
2.448
0
0
0
1.224
0
0.2
1.324
3.848
0
0
1.324
1.224
1.224
1.224
0.1
1.224
0
0
1.224
0.2
1.424
1.224
0
2.024
1.224
1.324
0.3
0
1.224
0
1.224
1.224
0.1
1.324
1.224
1.224
1.224
0
0.1
1.624
0
2.948
1.224
0.2
1.224
0
0
2.548
1.224
1.224
1.224
1.224
1.224
1.524
0
1.224
1.224
2.548
1.624
1.224
1.224
0.1
1.224
1.224
0
1.224
1.324
1.224
0.1
1.224
0
0
0.2
1.224
0.1
0
0.1
1.224
1.224
1.224
2.548
0
0.1
1.224
0.2
0
1.424
1.324
1.224
1.224
1.224
1.224
0
0
1.224
0.1
1.324
1.224
0
0.1
1.224
1.324
0.1
1.224
1.224
0
0
1.224
0
0.6
1.224
0
1.324
0
1.224
1.324
1.224
2.824
0.1
2.548
0
1.324
0
1.224
1.224
1.224
1.224
2.648
0
1.224
1.424
0.2
1.224
1.224
1.224
1.224
1.3
5.248
0.3
0
0.1
1.224
1.224
1.224
1.224
1.224
0
1.424
0
1.524
2.748
1.224
0
0
1.224
1.224
1.324
1.324
0
2.448
2.548
1.224
1.424
0
1.224
1.324
0.3
1.224
0.3
0.2
1.324
1.224
0
0.1
0
2.548
0
0.2
0.2
1.424
1.224
1.224
1.224
1.224
0
0.2
1.224
1.424
1.224
1.224
1.524
1.324
1.224
1.224
0
0
1.224
1.224
1.524
0
1.324
1.224
0
1.224
0.1
0
1.224
1.324
2.548
0
0
1.224
1.224
1.224
1.224
0
1.224
0
1.224
0
0
0
1.624
1.224
1.224
1.224
0.1
1.224
0
1.324
0
1.424
1.224
0
2.448
2.224
0
0
1.224
1.424
2.448
1.324
0.1
1.324
1.724
1.224
1.624
0.1
2.448
1.224
1.224
1.524
1.324
1.324
1.424
2.024
1.224
0
1.224
0
1.324
1.224
0.1
1.324
2.548
0.1
1.324
0.1
2.448
1.324
1.224
0
0.1
0
0
0
0
1.224
1.224
1.324
0.2
0
0
0
0.2
1.224
1.224
1.224
0
0
2.448
0
2.948
1.224
1.224
1.424
1.224
0.1
1.224
0
1.424
1.824
1.224
1.224
0
1.224
2.748
1.224
3.148
0
1.624
1.424
1.724
0.1
1.224
1.224
0.3
1.324
1.324
1.224
1.224
1.224
1.224
1.424
1.224
1.224
1.224
1.524
1.424
1.224
1.224
0.2
0
1.524
0
0.1
1.224
1.224
0
0
1.924
1.224
1.224
1.224
0.2
0
0
1.224
1.224
1.424
0.1
0.2
0.2
2.448
5.472
2.548
1.224
1.324
1.224
0.1
1.324
1.224
0
1.224
0
1.224
1.724
1.224
1.224
1.324
1.224
1.224
1.324
1.224
1.224
1.524
0.2
0
1.224
2.124
1.524
0.4
2.448
0
1.224
0.1
1.724
1.224
0
1.224
0
0.4
0
0.1
0.1
2.448
1.224
1.424
1.324
0.3
0.1
0.2
1.324
1.624
0.2
1.424
0
1.224
1.224
1.224
1.224
0
1.224
0.3
1.424
1.724
3.048
1.224
0
1.524
0.1
1.324
0
1.224
1.224
1.324
0.5
0.2
0.1
1.224
1.224
0.1
0
1.224
1.424
1.224
3.724
0
1.224
1.524
1.224
0.5
0
0.1
0
3.648
2.748
0.1
0
1.224
1.324
2.448
4.872
4.672
3.448
1.424
2.848
2.548
1.224
2.748
1.824
1.424
2.648
3.848
2.548
2.948
1.324
3.772
3.672
2.648
3.324
3.248
2.548
2.648
1.324
1.324
3.248
5.372
5.372
1.224
2.448
3.772
2.748
2.448
4.048
3.048
2.848
1.224
2.648
1.224
2.748
2.024
2.448
2.448
3.148
1.524
1.524
1.424
1.324
1.424
1.624
5.172
3.672
2.648
1.224
3.648
2.548
3.872
2.448
1.424
1.424
2.548
3.748
2.448
2.448
2.848
2.848
2.648
3.048
1.324
2.548
5.072
2.648
2.648
1.224
2.448
3.148
2.548
2.448
2.448
1.224
1.224
1.724
2.748
2.448
2.648
1.224
2.448
2.848
1.224
3.772
1.224
2.948
2.648
1.324
3.048
3.872
2.848
3.548
2.648
2.448
3.024
2.548
2.448
2.848
4.972
3.648
2.324
3.048
2.124
2.448
1.324
1.224
1.224
1.224
2.948
2.748
2.548
2.448
3.672
2.548
3.648
2.748
1.324
3.772
2.448
2.448
2.648
1.924
2.548
2.748
1.224
2.948
1.424
2.124
5.272
2.948
4.048
4.372
2.548
3.772
2.924
2.448
2.448
2.748
1.424
2.648
2.448
1.324
1.424
3.048
3.648
2.548
2.648
2.448
4.572
2.748
2.648
3.848
1.224
3.448
1.324
2.448
2.448
1.324
4.172
2.448
2.548
2.448
2.448
1.424
2.448
2.448
2.648
2.948
2.648
3.148
3.872
2.548
4.172
1.824
1.224
1.324
2.548
2.524
1.724
2.448
1.224
1.424
1.224
2.648
2.948
1.824
3.048
3.248
2.448
1.324
3.348
2.648
3.248
3.872
1.224
4.272
2.448
2.424
1.824
1.224
3.972
2.448
1.224
2.448
6.472
2.448
2.448
2.648
2.648
2.548
2.548
2.448
3.348
4.372
3.948
3.772
2.548
3.672
1.524
2.448
2.548
1.324
2.648
2.448
2.748
1.524
1.224
2.848
2.648
3.348
2.548
2.548
4.672
2.624
3.672
1.824
2.848
1.424
1.224
2.448
5.572
1.424
2.448
2.448
2.548
1.224
2.648
2.448
3.048
2.648
2.648
2.548
2.648
2.448
2.448
2.648
1.224
2.548
2.648
2.448
3.748
4.548
2.748
2.748
2.548
1.524
8.272
4.472
2.548
1.524
2.448
3.672
1.424
2.748
1.524
1.324
2.848
3.972
2.548
2.548
1.424
3.772
3.348
1.524
1.324
1.224
2.548
1.224
1.224
3.048
2.548
2.748
2.448
2.548
1.224
2.548
2.548
3.048
1.324
3.148
2.648
3.148
1.324
2.448
1.324
2.548
2.748
2.448
2.448
2.448
2.448
2.548
3.772
2.448
2.648
5.172
1.324
1.324
3.048
4.672
1.424
4.272
1.524
1.224
3.348
1.324
1.324
1.224
2.848
2.648
3.148
12.172
5.372
2.448
4.072
2.648
3.748
1.224
5.172
2.748
2.748
2.448
4.048
3.048
4.448
1.324
2.448
3.148
2.448
2.948
2.648
2.448
2.748
2.448
1.224
2.548
1.324
1.224
1.324
2.748
1.224
2.448
3.872
2.948
2.448
3.672
3.672
2.448
2.448
5.572
5.072
4.448
1.824
4.172
1.224
1.224
3.248
1.524
1.924
2.448
2.548
2.848
1.224
2.848
3.872
1.424
3.772
1.324
1.424
1.524
3.672
1.524
2.848
2.448
2.424
1.324
2.448
3.448
3.148
2.848
2.448
2.448
4.272
1.324
2.748
2.848
4.872
2.448
1.324
2.448
2.448
3.748
2.448
1.324
3.048
3.148
1.624
3.772
1.224
3.672
1.424
2.448
2.124
2.224
2.548
2.748
2.748
2.448
1.224
2.448
1.224
2.448
3.548
5.072
1.524
2.648
2.748
2.548
2.548
2.448
2.448
3.248
1.824
1.624
1.224
1.224
2.648
2.448
1.824
2.548
1.324
2.848
2.224
2.448
2.448
3.448
2.448
2.548
2.448
2.448
1.524
2.448
2.448
1.424
3.148
5.572
2.648
2.448
2.448
1.324
2.548
2.748
2.448
2.748
3.148
2.448
1.224
3.772
3.872
2.848
1.324
2.448
2.448
2.848
1.224
2.648
1.324
1.524
2.548
2.448
2.448
3.448
2.448
3.948
3.848
2.648
5.172
1.624
2.448
2.648
2.548
1.324
2.648
2.648
3.672
1.224
2.548
1.424
1.324
1.524
3.548
3.872
2.648
3.848
2.648
2.948
3.548
2.548
1.224
2.548
1.324
3.448
4.372
3.048
2.948
2.648
1.324
2.548
3.248
2.448
2.548
2.648
2.448
2.948
3.148
4.772
3.548
5.972
2.848
5.572
3.448
2.448
3.772
1.224
5.372
1.224
1.324
2.748
2.448
2.448
2.448
2.448
2.948
1.424
1.224
2.548
2.548
1.224
2.448
2.548
2.648
2.748
4.548
1.524
1.424
1.324
1.724
3.248
2.548
1.224
1.624
3.148
2.548
1.224
2.548
3.048
4.172
3.148
1.224
3.348
1.424
1.824
4.872
3.648
1.524
1.524
1.424
3.248
2.548
2.648
2.448
1.224
3.148
4.372
2.748
1.424
2.648
1.224
1.224
2.548
3.672
2.648
2.548
3.648
3.448
4.072
2.648
3.724
4.172
3.872
2.948
1.324
1.924
2.924
2.324
2.448
4.572
2.648
1.224
2.848
2.648
1.324
3.048
1.324
2.548
1.424
3.972
3.348
3.948
3.672
2.648
2.548
1.224
4.572
2.548
4.972
2.548
2.948
2.648
2.848
2.548
2.848
2.448
2.748
3.148
3.348
2.548
1.424
2.548
1.624
2.548
2.548
2.448
5.472
2.648
2.448
2.548
2.548
3.672
3.972
2.948
5.272
3.772
2.748
4.372
3.248
2.448
2.448
2.448
4.372
2.948
1.224
2.848
3.772
3.548
1.224
2.548
2.848
2.648
1.424
2.648
2.448
3.048
3.648
2.648
4.472
3.348
2.848
2.848
1.224
3.748
1.224
3.048
2.548
5.072
2.448
2.748
1.224
2.448
1.224
2.848
1.324
1.424
1.224
0.1
1.724
1.324
2.448
1.324
1.324
0
1.5
0.1
2.548
1.224
0
0
0
1.224
0
0.2
1.224
0
0
0
2.548
0
1.224
1
0
1.224
0
1.524
1.424
1.924
1.824
1.224
1.924
1.324
1.324
1.224
1.224
1.324
0.1
0.1
0
1.324
0
0
1.424
0
0.1
0.1
1.224
0.2
0.2
1.224
0.1
1.324
0
0
0
0.1
1.224
0
1.224
0.7
1.224
1.224
1.324
0
1.224
1.224
0
1.824
1.224
2.748
2.748
1.224
0
1.224
0
1.224
1.224
1.224
1.324
1.324
1.424
1.324
1.224
1.224
0
1.324
0.1
1.224
0
1.224
1.224
1.324
0.2
3.324
1.524
1.724
2.324
0.6
1.924
