2.848
0.2
2.124
0
1.324
1.324
1.424
1.224
2.548
1.224
2.548
2.548
1.224
1.524
1.224
0
0
0
0
0
1.324
1.324
0
0
1.524
0
1.224
0.1
1.324
0
0
1.224
1.924
1.224
0
1.524
1.224
1.424
0.1
1.624
1.324
3.648
0
0
0
1.224
1.224
0.4
1.424
2.648
1.324
0
2.848
0
0.2
0.1
1.324
0.1
1.324
1.724
0.6
0.4
0.1
0.4
1.624
1.424
0
0.1
1.524
0.7
1.724
2.948
1.524
1.324
3.148
1.624
0
0.1
0
1.224
1.824
0
1.224
0
0
0
0
0
0
0.8
1.224
0
1.324
0.1
0
2.748
2.448
1.224
0
0
0
0.2
0.3
1.224
1.224
1.324
2.448
0.8
0
1.324
2.648
1.224
1.224
1.224
0.1
0.2
2.548
0.1
1.224
1.224
1
0
0
1.624
0
1.224
1.424
1.324
0
1.924
2.448
0
0
0.1
2.748
0.4
1.224
1.324
1.424
1.724
1.224
0.1
0
1.724
0
0
1.324
0.2
1.424
0.1
1.224
1.224
1.224
2.448
1.724
1.724
1.324
0.2
2.648
0
1.424
0
1.224
1.224
1.324
0
0
1.224
1.324
1.6
1.224
1.424
2.448
1.224
2.548
1.624
0
0
1.224
1.624
1.624
3.024
1.224
2.448
2.548
3.148
2.748
2.448
1.224
2.448
1.624
3.872
2.748
2.748
2.448
3.048
2.548
3.672
1.224
0.1
1.424
0.1
1.224
0
2.124
0
1.224
2.748
1.224
1.224
1.224
1.424
0.1
0
1.224
2.524
1.224
1.724
0
0
0
1.224
2.224
1.224
1.224
1.224
1.224
1.224
1.724
2.448
1.324
1.224
1.324
0
1.224
0
2.824
1.224
1.224
1.524
0
1.524
1.524
0
1.224
0.1
1.224
0
1.224
0.6
0
0
0.1
0
0
1.224
0
0
1.224
1.424
1.324
1.224
1.224
0.2
1.224
1.224
0.2
1.224
1.224
1.224
1.224
1.224
1.224
1.224
0.6
0
1.224
0.1
3.672
2.448
1.224
0
1.824
1.224
1.224
1.324
1.224
1.424
1.224
1.224
1.224
1.224
0
0.3
0
1.224
0
1.224
0
2.448
0
2.548
0.1
0.1
0
0
0.2
1.324
0
1.224
0
0
1.224
0
0
1.424
1.224
2.448
0
2.548
2.448
0
2.448
1.324
0.1
1.224
0
0
0
0
0.4
0
0
1.424
1.324
0
0
0
2.948
1.224
1.224
2.448
1.2
1.224
1.424
1.524
2.448
1.324
1.324
2.448
3.672
2.448
0.8
1.824
0
0
1.224
1.424
0
3.772
3.772
0
2.448
2.448
1.224
0
0
2.448
0
1.224
1.324
1.224
0
1.224
0
0
0.2
0.1
0
0
1.324
1.824
0
0
0
0.1
1.224
2.648
1.324
0
0
2.448
0.5
0
0.3
2.448
0
1.324
1.224
0
1.224
1.224
1.224
1.324
1.224
2.448
1.224
1.224
1.524
1.324
0.4
1.724
1.324
0
0.1
0.1
1.424
0
1.224
0
1.224
1.224
1.524
0.5
2.448
1.424
0
2.448
1.524
1.224
0
2.548
1.224
0
1.524
0.1
1.324
2.748
1.224
2.448
1.224
1.224
0
2.448
0.1
1.224
0
1.224
1.324
1.224
0
0
0
1.224
0
1.224
0.1
0
1.224
1.524
1.324
1.424
1.224
0.2
1.224
0
0.1
2.424
1.424
0
1.424
1.324
0
1.224
1.924
1.624
0.1
0
0.1
0.2
1.224
0
1.224
0.1
0.1
0
1.224
1.424
0.1
1.224
1.224
0
1.224
1.224
0.1
0
0
1.224
2.724
1.224
0.2
1.324
0.3
2.448
0
1.224
1.224
0.4
0
0
1.224
1.624
1.224
1.224
1.224
1.224
0.1
2.448
1.224
0
2.124
1.224
1.224
1.224
0
1.324
1.724
1.224
0.1
1.224
1.324
1.524
1.524
2.448
0
1.324
2.448
1.224
1.224
1.324
0.2
1.224
0
1.424
0
1.224
1.624
1.224
1.224
1.324
1.224
0
1.224
1.324
1.224
0.1
1.224
1.524
1.324
0
0
1.324
0.1
0
1.224
2.448
1.524
1.224
2.448
2.448
1.224
0.1
1.224
0
1.224
0
0
1.224
1.224
1.324
1.324
0
1.224
0
0.1
1.224
1.224
1.224
0
1.524
1.224
1.324
1.224
0.4
0
1.224
1.224
1.224
0
1.224
1.224
0
0.1
0
1.224
0
1.324
1.224
0
0
1.224
0
1.524
0
0
0.5
0
0
1.724
1.424
2.448
0
0
0
1.224
0
0
1.324
3.248
0
0
1.224
1.324
1.224
1.224
0
1.224
0
0
1.224
0.1
1.324
1.224
0
3.048
1.224
2.448
0.6
0
1.324
1.224
1.224
1.324
0.2
1.224
1.224
1.424
1.224
0
0.1
1.524
0.1
2.648
1.224
0
1.224
0
0
2.548
1.224
1.224
1.224
1.224
1.224
1.524
0
1.224
1.524
2.648
1.324
1.224
1.424
0.2
1.224
1.324
0.1
1.224
1.324
1.224
0.1
1.324
0
0
0.1
1.224
0.2
0
0.2
1.224
1.224
1.224
2.448
0
0.1
2.448
0.2
0.1
1.224
1.324
1.224
1.424
1.224
1.324
0
0
2.448
0.1
1.524
1.224
0
0.1
1.224
1.224
0
1.224
1.224
0
0
1.224
0
1.724
1.224
0.1
1.224
0
1.224
1.224
1.224
2.324
0
3.772
0
1.524
1.224
1.224
1.324
1.224
1.224
2.448
0
1.224
1.424
0.1
1.224
1.224
1.224
1.224
0.8
5.248
0
1.224
0.1
1.324
1.224
1.224
1.224
1.224
0
1.224
0
1.424
2.448
1.224
0
0
1.224
1.324
1.324
1.224
0.1
2.448
2.448
1.224
1.224
0
1.224
1.224
0.2
1.224
0.2
0.1
1.324
1.324
0
0
0
3.672
0
0
0.4
1.324
2.448
1.224
1.224
1.224
0
1.224
1.224
1.424
1.324
2.448
2.548
1.324
1.224
1.324
0.1
0
1.224
1.224
1.624
0
1.424
1.224
0.1
1.224
0.1
0
2.448
1.324
2.548
0
0
1.324
1.224
1.224
1.224
0
1.224
0.1
1.224
0
0
0
1.524
1.224
1.224
1.224
0
1.224
0
1.224
0
1.324
1.224
0
2.448
2.424
1.424
0
1.224
1.224
2.448
1.324
0
1.424
1.524
2.448
1.324
1.324
3.672
2.448
1.224
1.224
1.224
1.324
1.824
2.024
1.324
0
1.224
0.1
1.224
1.224
0.2
1.424
2.548
0
2.648
0
2.448
1.624
1.224
0
0.1
0
0
0
0
1.224
1.224
1.224
0.1
0
0
0.1
0.4
1.324
1.324
1.224
0.1
0
2.448
0
3.348
1.224
1.324
2.548
1.224
0.2
1.224
0
1.424
2.024
1.224
1.224
0
1.324
2.448
1.224
4.172
0
1.424
1.324
1.624
0
1.424
1.224
0.5
1.224
1.324
1.224
1.224
1.224
1.224
1.424
1.224
1.224
1.224
1.524
1.524
1.224
1.424
0.1
0
1.524
0
0.1
2.448
1.224
0
0.2
1.524
1.224
1.224
1.224
0.6
0
0
1.224
1.324
1.524
0
0
0.2
2.448
5.572
3.972
1.224
1.324
1.224
0.1
1.224
1.224
1.224
1.324
0
1.224
1.424
1.224
1.224
1.424
1.324
1.224
1.324
1.324
1.224
1.424
0.1
0
1.224
1.724
1.324
0.1
2.448
0
1.224
0.3
1.624
1.224
0
1.224
0
0.7
0
1.424
0.1
2.448
1.224
1.524
1.224
0.1
0
1.224
1.324
1.224
0.2
1.224
0
1.224
1.224
1.224
1.224
0
1.224
0.2
1.224
1.724
2.848
2.448
1.224
1.524
0
1.224
0
1.224
1.224
1.224
0.2
1.324
0
1.224
1.224
0.1
0
1.224
1.224
1.224
3.724
1.324
1.224
2.648
1.224
0.4
0.1
0.1
1.224
3.548
2.648
0
0
1.224
1.224
2.448
5.072
4.172
3.248
2.548
2.648
2.648
1.224
2.448
1.824
1.224
2.548
3.448
2.548
3.048
1.224
4.996
3.672
2.448
1.824
3.148
2.548
2.548
1.324
2.448
2.848
4.572
5.272
1.224
2.448
3.672
2.748
3.672
3.848
2.548
2.648
1.224
2.748
2.448
2.848
1.324
2.448
2.448
2.848
1.424
1.224
1.224
2.548
2.548
1.424
5.872
3.672
2.548
1.224
3.148
2.448
3.672
2.548
1.224
2.448
2.648
4.972
2.448
2.448
3.048
2.848
2.548
2.748
1.524
2.448
4.672
2.648
2.448
1.224
3.672
2.448
2.448
2.548
3.772
1.224
1.224
2.648
2.448
3.672
2.548
1.224
2.448
2.748
1.224
3.672
2.448
2.448
2.448
1.424
2.448
4.896
2.648
2.748
3.672
2.448
3.224
2.448
3.672
3.148
4.872
2.948
1.924
2.748
1.824
2.548
1.224
1.224
1.224
2.448
3.872
2.448
2.648
2.448
3.772
2.448
3.148
2.648
1.224
3.672
2.448
3.672
2.548
2.948
2.448
3.048
1.224
3.048
1.324
1.524
5.872
3.048
4.548
4.272
2.548
3.672
2.324
2.448
2.448
3.772
2.548
2.848
2.448
1.424
1.424
2.748
4.572
2.548
2.548
2.548
4.372
3.772
2.648
2.948
1.224
3.148
1.624
2.448
2.448
2.448
3.672
2.448
2.448
2.448
2.448
1.324
2.448
2.448
2.448
3.048
2.548
2.748
3.872
2.748
3.772
1.424
1.224
1.224
2.448
2.724
2.024
2.548
1.224
1.424
1.224
2.448
2.848
1.424
2.748
3.248
2.448
2.748
2.548
2.648
3.148
5.196
1.224
4.272
2.548
1.824
1.624
1.224
4.072
2.448
1.224
3.672
5.272
2.448
2.448
2.548
2.548
2.648
2.448
2.648
3.548
4.172
4.848
3.672
3.872
3.772
1.324
2.448
2.448
1.224
2.548
2.448
2.548
1.524
2.448
2.848
2.548
2.848
2.448
2.648
4.372
2.324
3.672
1.924
2.548
2.648
1.224
2.448
5.372
1.224
2.448
3.672
3.772
1.424
2.448
2.448
2.848
2.748
2.448
2.448
2.748
2.448
2.448
2.548
1.224
2.448
2.448
2.448
3.248
3.948
2.748
2.648
2.448
1.224
5.072
4.272
2.448
1.724
2.448
3.772
1.324
2.848
1.724
1.224
2.548
3.772
2.448
2.448
1.424
4.072
3.248
1.224
1.324
1.324
2.448
2.448
1.224
2.848
2.448
2.748
2.548
3.772
1.224
2.448
2.548
2.848
1.424
2.848
2.648
3.148
1.424
2.448
1.224
2.648
2.448
2.448
2.448
2.448
2.448
2.448
3.672
2.448
2.548
5.472
1.324
1.224
2.648
4.372
1.324
4.072
1.324
1.224
3.248
1.224
1.224
1.224
2.648
3.872
2.948
5.372
11.296
2.448
3.872
2.648
3.748
1.224
5.072
3.048
2.448
2.448
4.448
2.948
3.748
1.224
3.672
4.272
2.448
2.748
2.448
2.448
2.748
2.448
1.224
2.548
1.224
2.448
1.324
4.172
2.448
2.448
3.972
2.648
2.448
3.672
3.672
2.448
2.848
5.472
5.072
4.148
1.524
3.972
2.448
1.224
2.748
1.324
1.524
2.448
2.448
2.748
1.324
2.548
3.772
1.424
3.672
1.224
3.148
2.548
3.672
1.524
2.548
2.548
1.824
2.448
2.448
4.672
3.048
2.448
2.448
2.448
4.372
1.224
2.448
2.648
4.672
2.448
1.224
2.448
2.448
3.148
3.972
1.224
2.748
2.648
2.648
3.672
1.224
3.672
1.424
2.448
1.524
1.524
2.448
2.448
2.748
3.672
1.224
2.548
1.324
2.448
3.972
4.272
1.324
2.648
2.648
2.448
2.548
2.448
2.448
2.648
1.424
1.424
1.224
1.224
2.448
2.448
3.148
3.672
1.224
2.548
1.924
2.448
3.672
2.748
2.548
2.448
2.448
2.448
1.324
2.548
2.448
1.224
2.648
4.672
2.448
2.448
2.448
1.224
2.548
2.548
2.448
2.548
2.648
2.448
2.448
3.672
3.972
2.448
1.424
2.448
2.448
2.848
2.448
2.448
1.224
1.324
3.972
2.448
2.548
2.948
2.448
4.248
3.448
2.648
5.772
1.324
2.548
2.548
2.548
1.224
3.772
2.448
3.672
1.224
2.448
1.624
1.224
1.524
3.148
3.772
2.448
3.348
2.648
2.748
2.948
2.448
1.224
2.448
1.424
3.048
4.472
2.748
2.548
2.548
2.548
2.848
4.072
3.672
2.648
2.548
2.448
2.548
2.948
4.472
3.148
6.596
2.548
4.872
3.348
2.448
3.672
1.324
4.972
1.224
1.224
2.548
2.448
2.448
2.448
2.448
2.748
1.324
1.324
2.448
2.448
2.548
2.448
2.448
2.548
2.648
4.248
1.224
1.324
1.324
1.724
3.448
2.548
2.448
1.324
3.448
2.548
1.324
2.648
3.048
3.672
3.048
1.224
2.748
1.324
1.524
4.872
3.448
1.324
1.424
1.324
2.948
2.548
2.448
2.548
1.224
2.748
3.772
3.872
1.224
2.648
1.224
1.224
2.548
3.672
2.548
2.548
2.948
3.048
3.672
3.672
3.424
3.772
3.672
3.672
1.224
1.624
2.324
1.724
3.672
4.572
2.448
1.224
2.848
2.848
2.848
2.648
1.224
2.548
1.224
3.872
2.748
4.772
3.672
2.548
2.548
1.224
4.272
2.548
6.396
3.672
2.748
2.448
2.748
2.548
3.048
2.448
2.848
3.148
3.148
2.648
1.224
2.448
1.324
2.848
3.672
2.448
5.372
2.748
2.448
2.648
2.548
3.672
3.772
3.772
5.372
3.772
2.548
3.972
2.848
3.672
2.448
2.448
4.272
3.148
1.224
2.448
3.872
3.348
1.224
3.972
2.548
3.772
1.424
2.648
2.648
3.548
3.348
2.648
4.372
2.848
2.848
3.148
2.448
3.248
1.224
3.348
2.448
5.472
2.448
2.548
1.224
2.448
1.224
3.972
1.224
1.324
1.224
0
1.424
1.324
2.448
1.224
1.424
0
1.824
0
2.448
1.224
0
0
0
2.548
0
0.1
2.448
0.1
1.224
0
2.548
0
1.224
1.3
0
1.224
0
1.424
1.424
1.624
1.724
1.224
2.948
1.524
1.324
1.224
1.224
1.224
0
0
0
1.224
0
0
1.324
0
0
0
1.224
0
0
1.224
0.1
1.224
0
0
0
0.1
1.224
1.224
2.448
0.6
1.224
1.324
2.448
0
1.224
2.448
1.224
1.824
2.448
2.448
2.648
1.224
1.224
1.224
0.1
1.224
1.224
1.224
1.324
2.448
2.648
1.324
1.224
1.224
0
1.424
0.5
1.224
0
1.224
1.224
1.224
0.1
4.048
2.548
1.424
1.724
0.7
1.424
