1.624
0.1
0.3
1.836
0
1.224
1.324
1.224
2.548
1.224
2.548
1.224
1.224
1.424
1.424
0
0
0
0.1
0
0.2
0.3
0
0
3.16
0.1
0
0.1
0
0.1
0
0
1.424
1.224
0.2
1.224
1.224
1.224
0
1.424
1.224
0.6
0
0
0.1
0
0
0.2
1.324
1.324
0
0
1.424
0.1
0.1
0
1.224
0.2
1.224
0.1
0.4
0.1
0.1
0.2
0.2
1.224
0
0
0
0.3
1.224
1.524
1.324
1.224
0.4
1.324
0
0.2
0
1.324
0.1
0.2
0
0.1
0
0
0
0
0
0.3
1.224
0
0
0
0
1.424
1.424
1.224
0
0
0.1
0.2
0.2
1.224
1.836
1.224
1.224
0
0
1.224
1.724
0
1.224
0
0
0
1.224
0
1.224
1.324
0.4
0.1
0
1.324
0.1
1.224
1.224
0
0
0.2
1.324
0.1
0
0
0
0.2
0
0.1
0
1.936
1.224
0
1.836
0.2
0
0
0.2
0
1.224
0
0
1.224
1.224
1.224
1.224
1.324
0
0.1
1.424
0.1
1.224
0
1.224
0
0
0.1
0.1
1.224
0
0.8
1.224
1.424
0
1.224
0
0.2
0
0
0
1.624
1.324
0.1
1.224
1.224
1.224
1.524
1.324
1.224
1.224
1.224
1.324
2.448
2.748
1.524
1.224
1.224
1.224
2.548
1.224
0.2
1.424
0
0
0
3.16
0
1.224
1.224
0.1
1.224
0
3.06
0.3
0
3.06
0.6
3.06
0.1
0
1.836
0
0
0.3
0
0
0
0
0
0
1.224
0.2
0
0
1.836
1.836
0
0.4
0
0
0
1.836
0
1.836
0
0
0.2
0
0
0
2.236
0
0
0
0
0
0
0
0
0
0
1.836
1.224
1.324
0.1
0
1.224
0.1
0
1.224
0
3.06
1.224
1.224
0
0
0
0
0
1.324
1.224
0
0
0.3
0
0
1.324
0
0
0.2
0
0
0
0
0.1
0
0
0
0
0
1.224
0
1.324
0
0.2
0
0
0
1.224
0
1.224
1.936
0
0.1
0
0
0.1
1.224
0
0
0
1.224
0
1.224
0
0
1.424
0
0
0
0
0.2
0
0
1.836
2.036
0
0
0
1.324
1.224
0
1.224
0.4
0
1.224
3.972
1.224
1.836
0.1
1.224
1.224
1.324
0.1
0.8
0
1.936
1.224
0
0
2.448
2.448
0
1.224
1.224
0
0
1.836
1.224
1.836
0
0
0
1.836
1.836
0
0
0.1
0
0
0.1
0.1
0.1
0
0
0
1.836
0
1.224
1.324
1.836
0
1.324
1.936
0
1.936
1.224
0
1.424
1.224
0
0
1.836
1.224
0.2
0
1.224
0
0
3.772
0
0.4
0.1
1.224
1.836
0
0
3.26
0
0.1
0
0
0.1
0.2
0.7
1.324
1.836
0
1.224
1.836
2.036
1.836
1.224
1.836
1.836
1.936
0
3.06
1.424
0
1.424
1.836
0
0
1.224
0
1.836
0
0
2.136
0
0
0
0
0
0
3.06
0
0.1
1.936
2.036
0.1
0
0
1.836
1.836
0
0.1
0.4
0.2
0
0.2
1.524
0
3.06
0.1
0.1
0.1
0
0.1
0
0
0
3.06
0.1
0
0
0
3.06
0
0
1.224
0
1.836
1.836
1.836
1.836
0
0
0.2
0
0.1
0
1.936
1.224
1.836
0
1.936
2.336
0
0
1.224
0
0
0
0
1.836
0
1.224
1.836
0
0.1
0
1.224
3.672
0
0
2.236
0
1.836
1.224
0
0
0.1
1.224
1.836
0
1.224
1.224
0
1.324
0
0
0
1.624
1.836
0.2
2.336
0.1
0
3.06
3.06
0
1.836
0.1
1.224
1.836
0
0
0
1.936
0.2
1.224
0
0
0
1.224
1.324
1.836
1.224
1.224
0
0.2
0
1.836
0
0
0
0
0
1.524
0
0
0
0
0.1
0
0
1.224
0
1.836
0.1
0
1.836
1.936
0
1.224
0.1
0
1.836
0
1.224
0
0
0
0
0
0.1
0
0
0
3.06
0
1.836
0
0
1.936
0
1.836
1.624
0.1
1.224
0
1.836
1.836
1.836
0
1.836
1.936
1.324
1.836
1.936
1.936
4.896
1.836
0
0
1.836
0
1.836
1.836
0
1.936
1.224
0
2.036
1.224
1.224
1.836
0
1.836
0
1.224
3.06
1.836
0
0
0
1.836
0
0
0.2
1.836
1.424
1.836
0
0
0
1.836
1.224
1.224
0
0
0
0
1.836
0
0
0.1
3.16
0
3.06
3.06
0.1
1.224
1.936
0
0
0
1.836
0
0.1
1.836
0
0
0
1.836
0
0.1
0
0
0
3.06
0
0
0
1.836
0
0.1
1.836
1.224
1.836
1.224
0
0
0
1.324
0
0.1
0
0.1
0
0
1.836
0
3.06
3.06
0
0
1.836
0
0.3
0
1.836
1.836
0
1.836
0
1.836
2.036
0.2
1.224
1.836
0.1
0.1
0
0
0
1.836
3.06
0
1.224
1.836
0.1
0
0
0
0
0.4
1.924
0
0
0.4
0.1
0
1.224
0
0
0.1
0.1
0
0.1
1.224
3.06
0
0
1.224
0
0
0
0
3.06
3.06
0
3.06
0
1.836
0
0
1.224
0
0
0
1.936
0
0.1
1.836
1.224
0
0.4
0.1
0
1.224
1.836
0
0
0
0.1
3.06
2.136
0
1.224
0.1
1.836
1.836
0
0
0
0
0
0.2
0
0
1.836
1.836
0
0
0
1.224
1.224
1.224
0
1.836
1.836
1.836
1.424
1.836
0
1.224
0
1.224
1.836
0
0
0.2
0.1
0
0
0
3.06
0
0
0
0
0
1.936
1.324
0.3
0
0
0
0
1.324
0.1
0
0
1.424
1.224
0.2
0.1
1.224
0
1.224
0
1.836
0
1.936
3.46
3.06
0
1.836
0
1.836
0
0
0
3.06
0
1.224
0
3.06
0.1
0
0.1
1.836
0.1
0
0
0
0
3.06
3.06
1.836
0
0
0.1
0.2
1.836
0
1.224
0
1.836
1.224
0
3.46
0
1.324
0.1
0
0
3.06
0
1.936
2.036
0
0
1.836
0
1.324
0
1.524
0
0.1
0.1
1.836
0
2.136
0
0.2
0
0.1
0
0
0
0
1.836
1.836
0
0
1.836
1.936
1.836
0.2
0.1
0
0.1
0
1.836
3.06
3.06
0
1.836
0
1.936
0.1
0
0.2
0
0
1.836
0
1.836
0
0
0.1
1.224
2.748
1.224
0
0
0
0
1.836
1.836
0
0.1
0
0
0
0
0
0.1
0.1
0
0
3.06
3.06
0
1.836
0
0
0.1
0.2
2.136
1.224
0.1
0
0
0
1.936
0
0
1.836
0.4
1.836
0.2
0
1.224
1.836
0.1
0
0
0
0.1
0
1.324
0.1
0
0
1.224
0
1.224
1.224
0
1.224
0.2
0
1.424
1.224
1.224
0
0.2
0
1.224
0.1
0
0
1.224
0.2
0
1.936
0.1
1.224
0.1
0
0
0
0
0.7
0
0
1.324
0
0.2
0
0
0
1.624
1.524
0
1.836
3.06
0
1.224
3.448
2.448
2.748
1.324
2.448
2.648
1.224
2.448
1.224
1.324
1.224
3.148
1.324
1.324
1.324
2.648
2.448
1.224
1.324
1.624
1.424
1.224
1.224
1.224
1.224
2.848
3.348
1.324
1.224
2.448
2.648
2.448
1.824
1.424
1.324
1.224
1.424
3.06
1.624
1.224
1.224
1.224
3.048
1.224
1.224
1.324
1.224
1.224
1.324
2.648
2.448
1.224
1.224
1.424
1.224
2.448
1.224
1.224
1.224
1.224
2.848
1.324
1.224
1.224
1.324
1.324
1.224
1.324
1.224
2.648
2.548
1.324
1.224
2.548
2.548
2.448
1.324
1.324
1.224
1.224
1.224
1.224
2.448
1.224
1.224
1.224
2.448
1.224
2.448
1.224
2.748
1.224
1.224
1.224
2.548
1.624
1.424
2.448
1.224
1.724
4.284
2.448
1.224
3.548
1.224
1.424
1.224
1.724
2.548
1.224
1.224
1.224
3.16
2.448
2.548
1.224
1.224
2.448
2.448
1.224
1.224
1.324
2.448
1.224
2.448
1.324
1.524
1.224
2.948
1.224
1.224
1.224
1.324
2.848
1.224
1.924
2.448
1.224
2.448
1.524
1.224
2.448
1.324
1.224
1.224
1.224
1.324
1.524
2.548
3.248
2.448
2.448
1.324
3.048
1.424
1.224
1.324
1.224
1.324
1.424
1.224
1.224
1.224
2.448
1.224
2.448
2.448
1.324
1.324
1.224
1.224
1.224
1.624
1.224
2.548
2.448
2.448
2.848
1.424
1.224
1.224
1.324
1.724
1.724
2.448
1.224
1.324
1.224
1.324
1.324
1.224
1.524
1.324
2.448
1.324
2.648
2.548
2.948
2.448
1.224
2.648
2.448
1.324
1.224
1.224
2.648
1.224
1.224
1.224
2.848
1.224
1.224
1.424
2.548
1.424
1.224
1.324
1.424
3.048
1.624
2.548
1.324
2.448
1.224
1.224
4.284
1.224
1.224
1.224
1.324
1.524
1.224
2.448
4.384
4.684
2.448
4.284
2.948
1.724
2.448
2.224
1.224
1.524
1.224
1.224
3.248
1.324
2.548
2.448
1.324
1.224
1.224
1.224
1.524
2.448
1.224
2.448
1.324
4.484
1.224
2.448
1.224
1.224
1.224
1.224
1.324
3.548
1.324
2.548
2.448
1.224
2.648
2.848
1.224
1.524
1.224
2.448
1.324
2.548
1.524
1.224
4.284
2.648
1.424
2.448
1.324
2.448
3.148
1.224
1.224
1.324
1.224
1.224
1.224
1.524
1.424
1.324
1.224
2.548
1.224
1.224
1.224
1.324
1.224
2.948
1.224
3.048
1.224
1.224
1.224
1.224
2.548
1.224
2.648
1.224
1.224
1.224
2.448
1.324
2.448
2.748
1.224
1.424
1.624
2.548
1.224
2.548
1.224
1.224
3.148
1.224
3.06
1.224
1.424
2.748
1.724
2.648
2.648
2.448
2.448
9.02
2.748
1.224
2.848
2.748
1.224
1.224
3.148
1.624
3.048
1.324
2.448
1.224
1.324
2.648
2.548
1.224
1.324
2.448
1.224
1.224
1.224
1.324
1.624
2.548
1.224
1.224
2.448
2.548
2.448
2.448
2.448
1.224
2.548
2.448
3.648
1.724
1.524
2.648
1.224
1.224
1.724
1.424
1.324
1.324
1.324
1.524
1.224
1.324
2.648
1.424
2.548
1.224
1.224
1.324
2.448
1.524
4.284
1.224
1.724
1.324
1.224
3.048
1.424
2.448
1.224
1.224
2.548
1.224
1.224
1.224
2.748
1.224
1.324
1.224
2.448
1.424
1.224
1.224
1.424
2.448
1.424
2.448
1.224
2.448
1.224
2.448
1.324
1.724
1.224
2.448
2.448
1.224
1.224
1.324
1.424
1.224
2.648
2.648
1.224
2.548
1.224
2.448
2.448
1.224
2.448
1.224
1.224
1.324
1.224
1.224
2.448
1.224
1.324
2.448
1.224
1.324
1.424
1.224
2.448
2.748
1.224
2.448
1.224
1.324
3.06
2.448
2.448
1.224
1.224
2.848
1.324
2.448
1.324
1.224
1.224
2.648
1.224
1.324
1.424
1.224
1.224
2.448
2.748
1.324
1.224
2.448
1.224
1.624
1.224
2.448
1.224
1.324
2.548
1.224
1.324
2.648
1.224
3.248
1.524
2.748
2.648
1.324
1.224
1.224
2.448
1.224
1.224
1.224
2.448
1.224
1.324
1.324
1.224
1.224
1.624
2.448
2.448
3.148
1.224
1.224
2.748
1.224
1.224
2.448
1.224
1.424
2.748
1.724
1.224
1.224
1.224
2.548
2.548
2.448
1.524
4.484
2.448
2.548
2.748
2.548
1.524
3.148
1.324
2.548
1.624
1.224
2.448
1.224
2.548
1.224
1.224
2.448
2.448
1.224
1.224
2.448
1.424
1.224
1.224
1.424
1.224
1.324
1.324
2.448
1.224
2.648
3.548
1.424
1.224
1.224
1.224
1.424
1.224
1.224
1.224
1.524
1.224
3.06
1.224
1.224
2.548
2.448
1.224
2.548
1.424
1.524
3.148
3.048
1.524
1.424
1.224
3.148
1.224
2.448
1.224
1.324
1.224
2.648
1.224
1.224
2.548
1.224
1.224
1.624
2.448
2.448
1.224
2.548
1.424
2.548
1.224
2.224
2.448
2.448
2.448
1.224
1.824
1.424
1.824
2.448
2.448
1.224
1.224
1.624
2.448
1.224
2.448
1.324
3.26
1.324
2.448
1.224
1.724
2.548
1.224
1.224
1.224
3.348
2.448
3.048
1.224
2.548
1.224
1.224
1.324
1.524
2.448
1.324
1.424
3.448
1.324
1.324
1.224
1.224
1.324
2.448
2.448
3.148
1.424
2.448
2.548
2.448
2.448
2.448
1.224
3.048
2.448
1.324
2.448
2.948
2.448
2.448
1.224
2.648
1.624
1.224
2.448
2.448
3.248
1.224
2.648
1.224
2.448
1.224
1.224
2.448
2.024
1.724
1.224
2.548
1.424
1.724
1.324
1.424
1.524
1.224
1.524
1.224
2.848
3.06
1.224
1.224
1.224
1.224
1.224
1.224
1.224
1.224
0.1
1.624
1.224
1.224
1.324
1.224
0
0.8
0
1.224
1.224
0
0
1.836
1.224
0
0.1
1.836
0.1
0
0
3.06
0.1
1.224
0.4
0
0
3.672
0.2
1.836
1.624
0
1.224
1.624
0
0
3.16
0
1.836
1.836
1.836
0
1.324
0
0
1.224
0
3.672
0
0
0
0
0
0.3
1.836
0
0
0
0
1.224
0
1.224
0.1
0
0
1.324
0
0
0
0
2.236
1.224
3.06
1.424
1.224
0
0
1.836
0
0
0.1
1.836
1.324
1.324
0.1
0
0
0
0.2
0
0
1.836
0
1.224
1.224
0.1
1.624
1.224
1.224
1.724
0
1.424
