1.724
0.3
3.048
1.324
2.548
1.324
1.324
2.448
2.548
1.224
2.748
2.448
1.324
1.324
1.524
0
0
1.224
1.224
1.324
1.224
1.424
1.224
1.224
1.224
1.224
1.224
1.424
2.448
1.224
1.224
1.224
1.924
2.448
0.2
1.424
1.224
1.224
0.3
1.724
1.424
1.724
0
0
0.1
1.324
0
0.4
1.724
2.848
1.224
0.1
3.048
0
0.2
1.324
1.524
0.3
1.224
1.724
0.7
0.1
0
1.524
0.2
1.624
0.1
0.1
1.324
0.3
1.624
3.148
1.424
1.224
2.324
1.524
1.224
0.2
0.1
1.224
2.748
0
1.224
0
0
0
0
0
1.224
1.624
1.224
1.224
0.1
0.2
0
2.848
2.548
1.224
2.448
1.224
0
0.3
0.2
1.224
1.224
1.224
1.224
1
0
2.448
1.924
0
1.224
1.224
0.1
0.1
1.224
1.524
1.224
1.224
0.9
0
1.224
1.424
0.2
2.448
1.324
1.324
1.224
1.524
1.324
0.1
0
1.324
1.524
0.9
1.424
1.224
1.524
0.2
1.224
1.324
0
2.024
0
0
1.224
0
1.424
0
1.224
1.324
1.324
1.224
1.624
1.724
0.1
0.1
1.324
0
1.524
0
1.224
0
0
0.2
1.224
1.224
0.1
3.124
1.324
1.524
1.324
1.324
1.224
2.948
0
1.224
1.224
1.724
1.724
4.448
1.224
3.672
1.224
4.072
3.348
2.548
1.424
3.672
1.524
3.772
2.748
3.348
2.548
2.748
2.748
2.648
1.224
1.324
1.224
1.224
0
0.2
1.724
0
1.224
2.648
2.548
2.448
2.548
1.224
1.324
0
1.224
1
1.224
0.3
0
0
0
3.672
2.424
3.672
2.448
1.324
1.224
1.224
2.548
2.448
2.548
2.448
1.224
0
2.548
0
3.948
1.224
0
1.224
0
1.624
1.224
0
0
1.324
1.224
2.448
1.324
0.5
0
0
0
0
1.224
1.224
0
0
2.448
1.224
2.548
1.224
1.224
0.1
3.772
1.224
0
3.672
1.224
2.448
1.224
1.224
1.224
2.648
0.2
0.1
2.448
1.324
2.548
1.324
1.224
1.224
4.272
3.672
2.548
1.224
2.448
2.448
1.324
1.224
1.224
3.672
0
0.3
0
0
2.448
0.1
0
1.224
1.224
1.424
0.1
0.3
0
0
0.4
1.324
1.224
1.324
1.424
0
1.224
1.224
1.224
2.548
1.224
1.224
0
1.324
1.224
0
1.424
0.2
0.1
1.324
0
2.448
0
0
1.724
1.224
2.448
1.424
1.224
0
1.224
0
1.424
1.224
0
2.448
1.724
0
1.324
1.724
3.672
2.448
0.1
1.224
2.448
1.324
0.8
1.1
1.224
0
1.224
0.1
1.224
3.672
3.672
0
2.448
2.548
1.224
0
1.224
4.896
0
2.448
2.448
1.224
1.224
1.224
1.324
0
2.648
0
0
0.1
2.548
2.748
2.448
0
1.224
0
3.772
2.548
1.324
0
0
3.672
1.924
1.224
1.324
2.448
0
1.324
1.224
1.224
2.448
2.448
1.224
2.648
2.548
2.448
3.672
3.672
1.324
2.448
0.4
1.424
2.648
0
1.524
0.2
1.324
1.224
1.224
0
1.224
2.548
2.548
1.924
1.224
1.224
1.224
2.748
1.624
2.548
1.224
1.224
1.224
0.3
2.648
1.324
1.224
1.424
1.424
2.648
2.448
1.224
1.224
2.448
1.324
2.448
2.448
1.224
1.224
1.224
1.324
0
1.224
1.424
0.1
1.324
0.2
2.448
0
2.848
1.324
1.224
1.224
0.1
2.548
0
0.2
1.824
0.1
1.224
2.024
3.248
0
2.548
2.648
1.324
1.324
1.224
0
1.524
1.224
0
1.224
0.3
1.224
0
2.448
2.448
1.324
1.224
1.224
2.448
2.448
2.648
0.1
0
1.224
1.224
4.772
2.448
0.1
1.624
0.1
1.224
0
2.448
2.448
1.624
1.224
0
1.224
2.548
2.448
1.224
3.672
2.448
1.324
2.548
2.448
0
0.7
1.224
1.224
1.224
1.224
3.672
1.724
2.548
1.324
1.224
2.548
2.748
3.148
2.448
0
3.672
1.224
1.324
1.224
1.424
1.424
2.448
1.324
1.224
1.224
1.324
3.048
2.648
1.224
1.224
1.224
0
2.448
1.224
1.224
0.1
1.224
2.748
1.224
0.1
1.324
1.324
0.1
0
0
2.548
1.224
1.324
2.448
3.672
1.224
0
1.224
1.224
1.224
0
1.224
1.224
1.224
1.324
1.524
1.224
1.324
0
0
2.448
3.872
1.224
1.324
1.224
1.224
2.448
0
0.1
0
1.224
1.224
1.324
0
2.448
1.224
1.224
1.324
0
2.448
1.224
1.324
1.224
1.224
1.224
1.224
1.224
1.224
0
0
0.9
0.1
0
1.624
2.748
3.672
1.224
0
0
1.224
1.224
1.224
2.748
6.196
0
0
1.324
1.224
1.224
1.324
1.224
2.448
2.548
0
1.324
1.224
2.448
1.224
1.224
2.024
3.672
1.224
0.4
1.224
1.324
0
1.224
1.224
0.1
1.324
2.448
1.424
2.448
1.224
0.1
2.648
0
3.972
1.224
0
1.324
1.224
1.224
4.072
1.224
2.448
1.224
2.548
2.448
1.524
0
2.448
1.224
2.648
2.548
1.224
2.448
2.748
1.224
2.548
1.224
1.324
2.548
1.224
0
3.772
0
1.324
2.748
1.224
0
1.324
1.424
1.224
2.448
2.448
3.672
1.224
1.324
2.448
0.1
0
2.748
1.224
1.224
2.648
1.224
2.448
2.548
0
1.324
1.224
2.748
1.224
2.448
0
2.448
1.324
0.1
1.224
1.224
1.324
2.448
2.448
2.548
0.6
1.224
0
2.648
1.224
2.448
1.224
2.448
2.124
1.224
3.672
0
1.424
1.424
1.424
3.772
2.448
1.224
3.872
0
1.224
1.224
1.424
2.548
2.448
1.324
2.448
0.8
7.496
0.1
0
0.2
2.448
1.224
1.224
1.224
1.224
1.224
1.224
1.224
1.224
3.772
1.224
1.224
2.448
1.224
2.448
2.548
2.448
0
2.548
2.548
2.448
1.424
2.448
2.448
1.224
1.324
1.224
1.424
1.224
1.524
2.648
2.448
1.224
0.1
3.672
0
1.324
1.424
2.548
1.224
1.224
1.424
2.448
0
1.224
1.224
2.648
2.548
1.224
3.872
2.448
2.448
2.448
2.448
1.224
1.224
2.448
1.424
1.324
2.448
2.448
0.1
2.448
0
0.1
1.224
2.548
3.672
0
0
1.324
2.448
1.324
2.448
0
1.224
0.1
1.224
0
0
1.224
4.372
2.548
1.224
3.672
1.224
1.224
2.548
1.424
1.224
3.672
3.772
0
3.872
4.872
0
0
2.448
1.224
2.448
1.424
1.224
1.324
1.524
1.224
2.748
0
3.672
2.448
2.448
2.548
2.548
1.224
2.948
2.224
1.224
0
2.548
1.224
1.324
1.224
1.324
1.224
2.448
2.448
1.324
1.324
3.672
2.948
2.448
0
0
1.224
1.224
0
0
2.448
1.224
1.224
0.1
1.324
0
0.1
1.724
1.324
1.224
1.224
0.2
1.224
2.448
0
3.148
2.448
1.424
2.548
1.224
0
1.324
1.224
2.648
3.048
1.224
2.448
1.224
2.648
2.448
3.772
4.572
2.548
3.148
3.972
2.848
0
2.548
2.448
1.524
3.672
2.548
2.548
1.324
1.224
1.224
2.648
1.224
2.548
1.224
2.548
2.748
2.448
2.548
1.224
1.224
4.372
0
0
1.224
1.224
1.224
1.524
1.224
2.548
2.548
3.672
1.324
1.224
1.224
1.324
1.224
1.224
1.324
1.324
1.824
3.672
5.272
3.048
1.224
1.324
1.224
1.224
1.224
1.224
0
2.548
0
2.448
2.848
1.224
1.224
2.948
3.672
2.448
1.224
1.224
1.224
2.448
1.324
1.224
2.448
3.348
2.548
0.2
2.448
1.224
1.224
0.2
1.924
2.548
0
1.224
0
0.7
0
0.4
0.1
4.896
1.324
1.624
3.672
0.2
0
0.3
1.324
1.224
0.3
1.324
1.224
1.224
1.224
1.224
1.224
1.324
1.224
1.724
1.224
2.224
2.648
1.224
0
2.748
0
1.224
0
1.224
1.224
1.324
1.524
0.1
0.1
1.224
1.224
0
2.448
1.224
1.324
1.224
3.724
0
1.224
1.224
1.224
0.4
2.448
0
0
3.248
2.648
0
0
1.224
1.224
4.996
4.972
4.472
3.348
1.324
2.448
2.548
1.324
2.548
1.424
2.448
2.648
3.348
3.672
2.848
1.224
4.172
3.772
2.648
1.824
4.972
2.448
2.748
1.224
1.224
5.096
4.772
6.696
2.448
2.548
3.772
2.648
2.448
4.248
2.848
2.748
1.224
2.948
1.324
3.248
1.724
2.548
4.996
2.748
1.324
1.324
2.548
1.324
1.224
1.424
5.172
4.896
3.772
1.224
3.448
2.448
3.772
2.648
1.224
1.324
2.448
3.348
3.772
2.448
3.048
2.848
2.448
2.848
1.524
2.448
4.472
2.748
2.548
2.448
2.648
2.648
2.448
2.548
2.548
1.324
1.224
1.324
2.548
2.448
2.448
2.648
3.672
2.748
2.548
3.672
1.224
2.548
2.448
2.548
2.648
3.772
2.848
3.648
2.748
2.448
2.724
2.448
2.448
2.948
4.472
2.948
4.572
2.848
2.224
2.448
1.224
2.448
1.224
1.424
2.548
2.448
3.772
2.448
3.772
2.448
2.948
2.448
1.224
3.672
2.448
2.448
2.648
1.624
2.448
3.248
2.448
2.948
1.524
1.724
6.696
2.948
4.972
7.22
2.648
3.872
3.048
2.548
2.448
2.948
1.224
2.648
3.672
1.224
1.524
2.748
3.248
2.448
2.548
2.448
4.572
3.972
2.548
3.648
2.548
5.596
4.272
2.448
2.448
1.524
3.672
2.448
2.448
2.448
2.448
1.224
3.772
2.448
3.772
3.048
2.548
2.748
4.996
2.748
3.972
1.524
1.224
1.224
2.448
1.924
1.424
2.448
1.224
1.324
1.224
2.548
3.972
1.324
3.872
4.572
3.672
1.424
2.548
2.748
2.748
3.772
1.224
4.072
2.448
1.624
1.524
2.448
4.072
2.448
1.224
2.448
5.372
2.448
3.672
2.448
2.548
2.448
2.448
2.448
3.548
4.272
4.048
3.872
2.548
3.872
1.324
2.448
2.448
1.224
3.672
2.448
2.648
4.072
1.224
2.648
2.548
3.148
2.548
2.548
4.272
1.924
3.772
2.024
2.448
1.524
1.224
2.448
5.772
1.424
2.448
2.448
3.672
1.424
2.648
2.448
3.648
2.548
2.648
2.448
2.648
2.648
2.448
2.648
2.448
2.748
2.448
2.448
3.148
3.448
2.848
2.548
2.548
1.224
5.272
4.272
2.448
1.524
2.448
3.672
2.548
2.648
1.624
1.224
2.548
3.872
2.548
2.448
1.324
4.072
2.848
1.424
1.224
1.324
3.772
1.224
1.224
5.296
3.972
2.848
2.448
2.548
2.448
2.548
2.448
2.948
1.424
3.148
2.448
3.348
1.324
2.448
1.224
2.448
3.872
3.672
2.448
2.448
2.448
4.896
3.672
3.772
2.548
6.496
1.224
1.224
4.272
5.296
1.324
3.872
1.424
2.448
3.548
2.648
1.324
3.672
2.848
2.548
2.748
5.172
5.072
2.448
5.196
2.848
3.548
1.224
13.02
2.548
2.848
2.448
3.548
3.248
3.648
1.224
2.448
3.872
2.548
3.148
2.448
2.448
2.548
2.448
1.424
2.448
1.224
1.424
1.324
2.948
1.224
3.772
3.772
2.548
2.448
4.896
4.996
2.448
2.648
6.196
5.572
5.048
1.824
3.972
1.224
1.524
3.248
2.548
3.048
5.296
2.448
5.096
1.224
2.648
4.372
1.324
3.772
2.548
1.624
1.224
3.672
1.824
2.548
2.548
1.724
1.724
3.672
3.248
3.348
2.648
2.448
2.548
5.296
1.324
2.648
4.072
4.572
2.648
2.548
2.548
2.448
4.372
2.548
1.224
2.548
2.648
1.224
4.896
1.224
3.672
1.224
2.448
1.724
2.024
3.872
2.448
2.648
2.448
1.224
2.448
1.224
3.672
3.048
4.072
1.224
2.448
2.848
2.548
2.548
3.672
2.448
4.372
1.524
1.424
1.224
2.548
2.548
3.672
1.524
2.448
1.224
2.548
2.024
2.448
2.448
3.148
3.772
2.448
2.448
3.772
1.324
2.548
2.448
2.548
3.972
4.772
2.448
3.672
3.672
1.224
3.772
2.648
2.448
3.872
5.496
2.448
1.224
3.772
3.872
2.448
2.548
2.548
2.448
4.372
1.224
2.448
3.972
1.324
2.448
2.448
2.548
2.748
2.448
3.248
3.848
2.448
4.772
1.324
2.548
2.448
3.872
1.224
2.448
3.772
3.672
1.224
2.548
1.524
1.224
1.424
3.148
3.872
2.448
3.648
2.548
3.972
3.048
2.448
1.224
2.448
1.224
3.348
5.496
2.748
2.748
2.448
1.224
2.548
2.948
2.548
2.748
2.548
2.448
2.548
2.748
4.472
3.248
5.472
2.748
4.372
3.548
3.672
3.772
1.224
7.62
2.548
1.224
2.548
2.448
3.772
4.896
2.448
2.848
1.324
1.224
3.772
3.672
1.324
2.448
2.448
3.872
2.848
3.948
1.524
1.324
1.324
1.824
3.948
4.996
1.224
1.324
4.572
2.548
1.324
4.996
3.348
3.772
2.848
1.324
2.948
1.324
1.324
6.296
3.048
1.424
2.548
1.224
3.848
5.296
2.548
4.072
1.324
3.448
3.972
2.848
1.324
2.648
1.324
1.224
2.648
3.672
2.548
2.648
3.348
2.748
3.872
2.448
2.624
3.772
3.672
2.648
2.448
2.124
4.872
2.024
2.448
6.196
3.772
2.448
2.848
2.548
1.324
3.048
1.424
2.648
1.324
3.872
3.148
4.572
3.672
4.272
2.448
1.224
4.072
2.448
4.872
2.448
2.548
3.772
3.972
4.072
2.648
2.448
2.848
2.848
3.248
2.948
1.524
2.448
1.324
2.648
2.448
2.448
5.672
3.048
2.548
2.548
2.548
3.672
3.672
3.772
4.972
3.772
3.872
3.972
3.248
2.548
2.448
3.772
4.372
3.848
3.772
2.448
4.172
3.448
2.448
2.748
2.548
2.748
2.548
2.648
2.448
4.672
4.048
2.748
4.372
3.248
2.848
2.848
1.324
3.748
2.448
2.948
4.996
7.42
2.448
2.948
1.224
2.448
1.224
3.348
1.224
1.224
1.224
1.424
1.824
1.324
2.448
1.224
1.324
0
0.8
0.1
2.548
1.224
0
0
1.224
1.224
0
1.424
1.224
1.324
0
1.324
2.548
0.1
1.224
2.124
0
1.224
0
1.924
1.424
2.124
1.724
1.224
1.724
2.648
2.448
1.224
1.224
1.324
0
0.1
1.224
1.324
0
1.224
1.324
1.224
0
1.324
2.548
0.2
0
3.672
1.624
1.224
1.224
2.448
1.324
0.1
1.224
1.224
2.548
1.924
2.448
2.448
1.324
1.224
1.224
1.224
0
3.248
3.772
2.448
2.748
1.224
0
1.224
0
2.548
2.448
1.224
2.448
1.324
2.548
2.548
1.324
2.448
1.324
3.872
1.324
2.448
0
2.448
1.224
1.224
0.2
1.824
1.224
1.524
1.724
1.624
1.624
