1.824
1.424
0.4
1.324
0.1
3.46
2.448
2.448
2.648
2.448
3.972
1.424
1.224
2.748
3.048
1.224
0
1.224
1.224
1.224
1.936
2.036
0
1.224
2.448
1.224
1.324
0.1
1.224
0
1.224
0
1.724
1.224
0.1
1.524
1.224
1.324
0
1.624
1.224
3.136
0
0
0
0.1
0.3
0.2
1.424
1.424
0.1
0
1.424
0.1
0.1
0
1.224
0.2
1.424
0.3
0.5
0
0.1
2.024
2.036
1.524
0
0.2
0.1
0.5
1.524
1.424
1.624
3.16
2.736
2.948
0
1.424
0
1.224
0
0
0
0
0
0
0
0
0
1.624
1.224
0
0
0
0
1.324
1.424
1.224
1.224
1.324
0
0.6
0.4
1.224
0
1.224
1.224
0.6
0
1.224
1.324
0
1.224
0
0
1.936
1.324
0
1.224
1.324
1.3
0
1.324
1.524
0
1.224
1.224
0.1
0
0.4
1.524
0
0.2
0
2.036
0.4
0.1
0.1
0
0.8
2.648
1.224
0
0.4
0
0
0.2
0.1
1.224
0
0
1.324
1.324
1.324
1.524
1.424
0.1
0.2
1.424
0.1
1.224
0
1.224
0
0.1
0
0
1.224
0
2.324
1.224
1.724
0
1.224
0
0.5
0
0
1.836
1.424
1.624
0.4
2.448
1.224
1.524
1.524
1.624
1.224
1.424
1.224
2.948
2.648
2.548
1.724
1.324
1.624
1.224
2.548
1.224
0
3.16
0
0
0.2
1.524
0
1.224
1.324
0.2
1.224
0
1.324
1.524
0
3.06
1.1
1.224
3.76
0
1.836
0
0
0.4
0
0.1
0.2
0
0
0.2
1.324
1.424
1.224
0
1.836
0
0
1.2
1.936
1.836
0.2
1.836
0.4
1.936
0
0
0
1.224
0
0
1.524
0
0
0.1
0
0
0
1.836
0.1
1.324
0
0.1
1.224
2.448
0.3
0
1.224
1.624
0
1.224
0
1.224
1.324
1.324
0
0.6
0
0
0
1.224
1.224
0
0
0.2
1.224
0
1.424
0.2
0.1
0.1
1.836
1.836
0
0
0.1
1.224
0
0
0
0
1.224
1.224
1.324
0
1.524
1.324
0
0
1.924
1.224
1.224
0.2
0
0.1
1.224
1.224
0
1.224
0
1.224
0.2
1.224
1.324
1.524
0.1
0.3
1.224
0
0
1.224
0
1.824
1.224
0
3.06
3.06
0
0
1.224
1.824
2.548
0
1.224
0.8
0
1.424
0.2
1.224
0
0.1
1.224
1.224
1.424
0.8
1
1.424
1.836
1.224
0
1.224
2.548
2.448
1.224
1.224
1.224
0
1.224
0
1.224
3.06
0
0.1
0
0.1
1.224
1.224
0
0.2
1.224
1.324
1.224
1.224
1.524
0
0
1.224
0.1
0
1.324
1.324
0
1.224
2.448
1.724
0
1.324
1.224
1.836
1.324
1.224
1.224
0
1.836
1.224
0.1
0
3.06
0
0
0
0
1.824
0.1
1.224
1.836
1.224
0
1.324
1.224
0
0
1.836
3.16
0.2
2.224
1.224
0
3.06
1.224
0.4
0.2
1.224
1.224
0
0.1
0.3
1.224
1.224
1.424
0.1
2.448
1.224
3.06
1.224
1.224
1.424
1.836
0
0
0
1.836
1.324
1.836
1.224
0.2
0.1
1.224
3.26
0
0
1.724
0.1
0.1
0
0.3
1.424
0
0.1
0.3
2.436
1.224
0.5
1.524
0.1
1.324
1.424
0.1
1.324
1.836
0.1
0.1
0
1.224
1.224
0.1
1.324
0
0
2.648
1.224
0
1.224
0
1.836
0
0
1.836
1.224
0.1
0.3
0.2
3.06
0
0.1
1.224
1.224
0
1.836
0.3
1.224
0
1.224
0.2
0
1.836
0
0.1
3.16
1.324
1.224
0
0.5
0
1.224
0
1.224
0
0.2
0
1.836
1.224
0
0.5
0.7
1.224
0
0
1.324
1.224
0
1.424
1.524
0
1.224
1.324
1.224
0.3
0.2
3.06
0
1.224
1.224
1.224
0
0
1.224
1.836
0
0.1
0
0.1
1.424
1.224
0.1
0
0.1
3.06
3.06
0.1
3.06
2.448
1.224
1.224
0
1.424
0
1.836
0
0
0
1.724
0
0
0
1.224
0
1.836
0
1.224
1.224
0
1.324
1.224
1.836
0.2
0
1.224
0
0
1.836
0
1.224
1.324
1.224
1.224
0
1.224
3.26
0
1.224
1.224
1.224
0
0.1
3.06
1.324
0.5
0
0
1.524
1.424
1.224
1.624
0.1
0.1
0
1.224
1.624
0.1
1.324
0
1.224
0
1.224
1.836
0.1
0.1
1.836
0.1
0
0
1.224
0
4.384
0
0.2
1.224
1.224
0.1
1.224
1.324
0
1.224
1.224
0.1
0.3
0
3.26
0
1.224
1.224
0.4
0
1.324
1.836
1.836
0
0
0
1.224
1.224
0
0
0
0
1.224
0
1.224
1.424
2.748
0
1.224
2.648
1.936
1.224
0
1.224
0
1.224
0
1.524
0.1
1.836
0
0
0
0.1
1.324
0.1
0
0
0
1.224
1.224
0
0
1.936
0.1
0.3
1.936
1.224
1.324
1.224
0
1.224
0
1.224
1.224
0.4
1.224
1.224
1.224
0
0
0
1.224
1.224
1.836
0
1.224
0
4.06
0
0.1
0
1.224
1.836
0
1.836
0
1.324
1.224
0
0.2
0.1
0.1
0
1.224
0
1.224
0
1.224
0
0.2
0
0
0
0
2.024
1.424
1.324
0
1.824
0
0
1.224
0
1.836
1.224
1.836
1.836
0.1
1.324
1.224
1.224
0
1.224
0.1
1.324
0
0
2.448
2.448
0.1
1.424
0
1.836
0
1.424
1.224
1.524
0.1
1.936
0.1
1.224
0.1
0
1.224
1.836
0.4
0.7
3.06
1.224
3.06
0
0
1.936
0
1.224
1.224
0
1.224
0.1
0
1.224
0
1.224
0
0
0
0.2
1.224
1.836
1.224
1.836
1.836
1.224
0
1.224
1.224
2.548
0
0.1
0
1.836
2.648
1.836
1.224
1.324
1.224
1.224
0
0
1.224
0.2
0
0
0
0
3.06
1.224
0
0
0.1
0
0
1.224
0.2
0
0
0
0
3.06
0
1.224
0.4
1.424
1.224
0.2
0
1.224
0
2.448
0.1
1.836
0
0.5
1.824
1.224
0
1.836
1.224
0
0
1.836
0.4
1.324
0
1.224
1.224
1.224
0.3
1.224
0.1
0
1.424
0
1.224
0
0.1
1.224
1.324
0
0
0
0.1
1.424
0
0
1.224
1.224
0
1.224
0
1.424
1.224
1.324
2.036
1.836
3.26
3.06
1.224
1.424
1.424
0
0
1.224
0.1
3.06
0
1.624
0
1.324
0.2
0.3
0.1
1.324
0
1.424
0
1.324
1.324
1.836
1.836
1.836
0.1
0
0
0
0
0
0
0
0.2
0.1
0
0
0
1.224
2.448
1.224
0
2.136
1.224
3.16
0
1.924
1.324
0
1.836
0
1.936
3.06
3.16
3.16
1.224
2.748
3.06
1.836
1.836
1.836
0.1
1.836
0
0
0.1
0
0
0.1
0.1
0
0
0.1
0.1
0
1.224
1.224
0.1
0.1
0
0.1
0.5
0.1
2.036
2.448
1.224
0
0
0.2
0.1
0
1.836
0
1.924
1.936
0.2
0.2
1.224
0.1
0.2
0
0
0
1.936
0.2
1.224
0.1
0.1
0
1.224
0
1.224
1.224
1.224
1.224
2.124
0
1.424
1.324
1.224
0
0.3
0
2.548
1.324
0
0.1
2.548
1.524
0.1
0.1
0
2.448
1.524
0
0
0
0
2
0
0.1
1.224
0.1
1.924
0
1.524
0
1.924
1.224
0
1.224
3.06
0
1.224
2.548
2.548
3.348
1.324
2.548
5.508
1.224
2.748
1.524
1.224
1.324
2.848
1.424
1.324
2.748
2.648
3.772
1.224
1.424
1.324
1.424
1.224
2.648
1.424
1.324
2.548
2.648
2.448
1.224
2.448
4.072
4.384
1.924
2.748
1.224
1.224
1.524
2.448
1.724
2.324
1.224
1.224
2.748
3.16
1.324
1.324
1.424
1.224
1.724
2.648
2.448
1.224
2.448
1.724
1.624
2.448
1.224
1.224
1.224
1.424
2.648
3.06
1.224
1.724
1.324
1.224
1.224
1.324
1.224
2.848
2.648
1.224
1.224
2.648
3.872
3.972
1.324
3.06
1.224
1.224
1.424
1.224
2.448
1.324
1.224
1.224
3.248
1.224
2.448
1.224
2.548
1.224
2.548
1.224
2.448
1.624
1.624
2.948
1.224
1.824
2.548
2.548
1.424
2.848
1.424
1.524
1.424
4.248
2.648
2.648
2.448
2.548
1.324
2.648
4.372
1.324
1.224
3.672
3.672
1.524
1.224
1.324
2.548
1.224
2.448
1.424
4.048
1.224
2.748
2.648
1.524
1.224
1.424
2.648
1.424
1.524
2.548
1.224
2.648
2.224
1.224
2.548
1.224
1.224
1.524
1.224
1.324
1.424
2.448
2.948
2.548
2.448
1.424
2.648
1.224
1.324
1.624
1.224
1.524
1.324
1.324
1.224
1.224
4.384
1.224
2.448
2.448
3.16
2.848
1.224
1.424
1.324
1.424
1.424
2.848
2.748
2.648
2.648
3.348
2.448
2.748
1.224
2.324
3.948
3.672
1.224
3.46
2.448
1.224
1.224
1.324
1.524
1.724
2.448
1.224
2.548
2.648
2.648
2.548
1.224
2.548
2.448
3.76
1.724
1.224
2.448
1.224
1.224
1.324
2.948
1.224
1.224
1.524
2.548
1.524
1.224
1.524
1.524
2.548
1.624
2.648
3.06
2.648
1.424
1.224
5.508
2.648
1.324
1.224
1.424
1.424
1.224
2.848
2.548
2.848
2.448
2.548
4.272
3.348
3.672
1.524
1.224
3.86
1.224
1.224
3.448
2.848
3.772
2.448
1.224
1.424
1.224
1.224
1.224
2.448
1.324
2.548
1.524
2.448
1.224
2.948
2.448
1.224
1.224
1.224
1.324
3.348
1.324
2.748
2.748
1.224
2.948
2.548
1.324
1.624
1.224
4.284
1.224
2.748
1.324
2.548
2.448
4.384
1.224
3.772
2.748
2.648
2.748
1.424
2.648
2.648
1.224
1.224
1.224
1.324
1.324
1.724
1.224
2.648
1.224
1.224
1.324
1.524
3.26
2.948
1.224
3.448
1.324
1.224
1.224
1.224
2.648
2.448
2.648
1.224
1.224
1.224
2.448
1.224
2.548
2.848
2.648
1.224
1.624
2.548
1.224
2.548
1.224
1.224
2.948
1.224
3.16
1.224
1.524
4.172
3.96
2.748
3.048
2.448
2.648
2.748
2.648
1.224
2.548
10.408
1.224
1.224
2.948
1.324
2.848
2.548
2.448
1.624
1.224
4.272
2.448
1.224
1.224
2.448
1.224
1.224
3.06
1.424
2.748
2.548
1.224
1.324
2.448
2.648
2.448
2.448
2.448
1.224
5.908
2.648
5.472
1.324
1.824
4.272
1.224
1.324
2.024
1.724
1.324
1.224
1.324
1.424
2.448
3.16
2.648
2.848
2.448
1.424
1.624
1.224
2.448
3.56
2.448
1.424
2.224
1.324
1.224
2.648
1.324
2.748
1.224
1.224
2.748
1.224
1.224
1.324
2.648
1.224
1.324
1.224
2.448
2.024
3.16
3.16
1.524
2.748
1.524
2.448
1.524
2.448
1.224
2.548
1.324
1.724
1.324
2.448
4.172
1.224
1.224
1.324
1.424
1.224
2.848
2.748
1.224
3.048
1.224
2.548
2.448
1.324
2.648
1.624
1.424
1.324
2.748
1.324
3.672
1.224
1.824
2.448
1.224
1.424
3.448
1.224
2.448
2.548
1.224
2.548
1.224
1.224
1.224
3.972
3.672
1.224
1.424
6.708
1.224
2.448
1.224
1.324
1.324
2.748
1.224
1.224
1.324
1.224
1.224
3.772
2.948
1.324
2.548
2.448
1.224
1.724
1.324
2.648
1.324
1.224
2.648
1.224
1.224
3.048
1.224
2.948
2.624
4.272
2.848
2.648
3.06
1.224
2.948
2.548
3.06
1.324
2.448
2.548
1.324
2.948
1.224
1.524
1.324
5.908
2.548
2.748
1.424
1.324
3.048
1.224
2.448
2.648
1.224
1.524
2.548
1.324
1.424
1.324
1.224
2.448
2.748
2.448
1.224
2.948
3.672
2.748
3.448
2.748
1.524
2.848
1.224
2.648
1.324
1.224
2.548
1.324
2.648
2.548
2.448
2.748
2.448
1.224
1.224
2.448
1.324
1.324
2.448
1.224
1.224
1.224
1.224
2.448
1.624
2.748
3.648
1.324
1.324
2.448
1.924
1.624
1.224
1.224
1.324
1.924
1.224
1.424
1.224
1.524
4.684
2.648
3.46
2.648
1.224
2.648
2.448
3.048
3.248
3.448
1.324
3.248
1.224
2.448
1.324
2.948
1.324
5.708
1.324
1.224
6.208
2.548
2.448
1.224
2.448
2.448
1.224
2.548
1.524
2.548
3.06
4.848
2.548
2.548
2.548
2.648
1.624
1.824
3.648
2.448
4.484
1.224
1.224
2.748
2.648
1.424
2.948
1.224
1.324
3.16
2.548
1.424
2.024
2.448
1.324
1.224
3.06
2.948
2.648
2.648
1.224
2.648
1.224
1.424
1.224
1.424
2.448
1.224
1.524
4.172
1.324
1.224
1.224
1.424
1.224
4.484
2.548
2.848
1.624
2.448
2.548
2.448
2.648
2.448
1.324
2.748
2.548
1.224
4.384
3.048
4.384
2.448
1.224
2.648
1.524
1.424
2.448
2.648
4.872
1.224
2.448
1.224
2.548
1.224
1.224
2.548
1.724
1.424
1.224
2.548
1.624
1.324
1.424
1.224
1.624
1.224
3.06
1.224
2.548
1.224
1.224
1.224
3.06
2.448
1.524
4.284
1.524
1.224
1.524
3.748
1.224
1.324
2.648
1.824
0
0.8
1.324
1.224
1.224
0
0
1.224
1.324
2.036
1.424
0
1.224
0
1.324
1.224
3.06
1.224
4.06
0.1
0
1.836
1.524
0
1.824
0.4
1.224
2.324
0.2
3.06
1.224
0.1
0
1.224
1.224
0
3.06
1.836
1.224
1.324
1.224
1.836
1.836
0
0.1
1.324
0
1.324
0.1
0.1
0
1.224
0
1.224
0
1.224
1.424
0
0
1.224
0
1.224
0
0
1.524
1.224
1.424
1.224
1.224
0
0
0
0
0.1
0.2
0.1
1.424
1.524
0
0
0.1
1.224
0
0.1
1.224
3.06
0
1.224
1.224
0.1
3.024
1.224
1.224
1.624
1.324
1.524
