2.524
0.5
1.8
0.7
0.4
1.524
1.224
1.224
2.848
1.224
3.048
1.224
1.524
1.824
2.524
0
0
0
0
0
0
0.2
0
0
1.624
0.1
0
0.6
0.2
0.1
0
0.2
3.824
1.224
0.3
2.024
1.324
1.224
0
2.224
1.324
2.2
0.1
0.1
0
0
0.6
0.9
2.224
1.824
0
0
2.224
0
0.1
0
1.424
0.4
1.424
0.8
2
0.9
0
1.2
0.6
1.624
0
0.3
0.2
1.9
2.024
2.024
1.924
1.224
2.2
1.624
0
0.5
0
1.224
1.1
0.2
0.1
0
0
0
0
0
0
1.3
1.224
0.2
0.2
0
0
1.824
1.424
1.224
0
0
0
0.9
0.9
1.324
0
1.424
1.324
1.3
0.2
1.524
1.924
0
1.224
0.1
0.2
0.2
1.324
0
1.324
1.224
2.7
0
0
2.824
0.3
1.224
1.624
0
0
1.4
2.024
0.1
0
0.2
0.4
0.7
0.8
0.4
0.5
1.2
1.424
0.5
0
0.9
0
0
0.2
0.5
1.324
0
0
1.524
1.324
1.424
2.524
1.824
0.2
0.3
2.324
0.1
1.524
0
1.224
0
0
0
0.1
1.424
0
4.2
1.324
2.024
0
1.324
0.1
0.8
0
0
0
2.424
2.424
1.3
1.324
1.224
2.124
2.224
2.624
1.524
1.324
1.324
1.524
2.848
3.048
2.224
1.624
2.124
1.224
2.648
1.224
0.4
1.324
0.1
0
0.3
3.324
0
1.224
2.024
0.4
1.324
0
1.324
0.4
0
1.224
2.6
1.224
1
0
0
0
0.1
1.9
0
0
0.3
0
0
0.6
1.324
0.5
0
0
0
0
0
3
0.2
0
0.6
0
0.6
0.7
0
0.1
0.1
0
0
0
1.3
0
0
0.1
0
0.1
0
0
0.5
0
0.5
0.2
1.224
1.324
0.9
0
1.224
0.5
0
1.224
0
1.224
1.424
1.224
0.1
1
0
0
0
1.224
1.224
0
0
1.3
0
0.3
1.324
0
0.2
0.2
0
0
0
0
0.6
0
0
0
0
0.1
1.224
0.1
1.224
0.3
0.2
0
0
0.4
1.724
0
1.624
0.3
0
0.3
0
0
0.2
1.224
0
0
0.4
1.224
0.2
2.024
0.4
0.4
1.324
0
0
0
0
1.3
0
0.1
0.4
0.3
0
0
0
3.024
1.224
0.1
1.224
1.8
0.1
1.924
0.4
1.624
0.4
0.8
1.424
1.724
1.324
2.1
3.5
0
0.1
1.224
0.2
0
3.148
2.648
0
1.224
1.224
0.1
0
0
1.224
0
0
0
0.1
0.1
0.1
0
0
0.7
0
0.1
0.3
0.1
0.5
0
0
0
0.2
0.1
2.024
1.524
0
0
1.324
1.6
0
0.6
1.324
0
1.824
1.224
0.1
0
0.1
1.224
0.7
0
1.224
0
0
0.7
0.1
1.4
0.6
1.224
0
0.1
0.4
1.524
0
0.1
0
0.1
0.2
0.6
1.9
1.224
0.3
0.2
1.224
1
0.5
0.1
1.424
0.2
0.5
0.4
0.3
1.424
1.924
0.1
1.524
0.1
0.3
0
1.324
0.1
0
0
0.1
0.4
0.3
0
0
0
0.3
0
1.424
0.1
0.1
0
1.2
0.3
0.1
0
0.5
0.2
0
0.2
2.2
0.5
0
1.1
2.624
0
1.424
0.8
0.6
0.4
0
0.2
0.6
0
0
1.224
0.2
0
0
0
1.624
0.2
0.1
1.224
0
0.1
0.1
0
0
0
0.2
2.2
0
0.1
0.2
0.7
1.224
0.1
0
0.2
0.6
0
0.1
1.224
0.4
0
0
0
0.3
0.3
1.224
0
0
1.6
0.1
1.224
0
0
0.4
1.1
0
0.2
1.224
0
0.9
1.2
1.224
0
0.1
1.224
1.424
0
1.624
0.3
0
0.1
1.524
0.3
0.8
1.3
0.7
0.1
1.324
1.224
0
0
0.1
1.224
0.4
0
0.4
0
0
0.4
1.324
0
0
0.1
1.324
1.524
0.4
1.424
1.224
0
0.1
0
0
0.2
0
0
0
0.1
2.424
0.7
0
0.1
0
0
0.1
0
1.324
0.1
0.3
0.1
0.1
0
0.7
0.2
1.224
0.1
0.1
0
0
1.324
0.1
0.1
0
0.1
0.3
0.2
0.1
0
0
1.224
0
0.7
0.1
0
1
0
0
3.924
0.4
1.224
0
0
0
0.1
0
0.1
0.2
2.724
0
0.1
0.3
1.424
0.2
0.1
0
0
0.1
0
0
0.2
0.1
1.224
0
0.8
1.224
1.224
0.5
0
0.4
0
1.224
1.324
0.4
0
0
0.3
0
0
0.1
0.4
0
2.024
0.2
0.1
0
0
0
1.324
1.224
0
0
0.1
0.1
0.7
0
0
0.4
1.924
0.7
1.224
1.224
0.5
1.224
0
0
0.1
0.4
0
0
0.7
0
0
0.2
0
0.3
0
0.5
0
0
0.1
1.424
0.1
0.2
0.1
0.2
0.2
0.8
0.5
1.224
0
1.224
0
0
0
1.424
0.1
0.5
0
0
0
0
0.1
0
1.224
1.224
0
0
0
0
1.9
0
0.2
0.1
0
0.1
0.1
0
0.8
0.4
1.324
0.1
0.4
0.2
0.2
0.2
0
0
1.324
0
1.224
0.3
0.6
0
0
0.1
0
2.3
4.024
0
0
0.8
0
0
1.224
0.1
0
0
0.5
0.1
0.5
1.524
1.224
0
0
1.224
0
0.3
0
0
1.324
1.224
0.1
1.624
0
0
0
0.5
1.224
0.5
0.5
0.3
0.4
0.1
0.3
0
1.324
0
0.4
1.4
0.2
1.224
0
0.1
0
0
0.3
1.224
0.4
0
1.224
1.3
0
0
0.1
0.1
0
0
0
0.3
0
0.2
0
0.1
0
0.1
0
1.224
1.224
1.424
0
0
0.3
0.1
1.324
0
0.1
1.224
0
1.224
0.1
0
0
0.8
0.3
0
0
0
1.224
0.1
0.2
0
0.5
0
0
1.224
1.8
0.1
0
0
0
1.324
0.4
0.1
0.4
2.124
1.224
1.5
0.2
1.324
0
1.224
0
0
0.1
0.8
2.724
1.524
0
0
0
0.1
0.2
0.3
0.4
1.224
0
1.724
0.2
1.224
0.4
0
0
0.1
0.1
0
0
0
0.3
1.224
1.424
0.1
0.1
0
0.2
1.2
0.4
0
1.224
0
0
1.224
0
2.124
0
1.724
0.4
0
0.4
1.224
0
0.6
0.8
0.2
0
0
0
1.424
0
2.524
0.2
1
0.2
0.5
0.1
0.5
0
0.9
0.1
0.1
0.3
0.1
0
0
0.5
0
0
0
0.4
0.5
0
0.4
0.6
0
0.5
0
0.1
1.224
1.424
0.1
0.2
0.7
0.1
0.6
0
1.1
0
0
0
0
0.2
0
0.3
0.8
1.224
3.548
1.724
0.2
0.4
0.2
0.7
0
0
0
0
0
0
0.2
0.1
0.1
0
0.2
0
0.1
1.324
1.224
0.3
0.2
0
0.1
2.5
0.5
1
1.224
0.1
0
0.3
0.6
0.2
0
0
0
2.2
0
0.8
0
1.224
0
0.7
0
0.5
0.2
0.1
0.2
1.324
0.6
0.3
0
1.424
0.1
1.224
1.324
0.1
1.224
0.6
0.1
1.924
1.724
1.224
0
0.7
0
1.224
0.1
0
0
1.224
0.9
0.3
0
0.1
1.224
0.3
0
0
0.1
0.3
4.4
0.2
0.1
1.524
0.1
0.8
0.1
0.4
0.1
3.224
1.224
0
0
1.224
0.2
1.324
5.148
2.848
4.548
1.624
2.648
2.648
1.224
2.948
1.424
1.324
1.424
5.348
1.424
2.024
1.424
3.348
2.548
1.324
2.424
2.524
1.324
1.824
1.424
1.224
2.024
3.348
3.448
1.224
1.224
2.748
3.348
2.448
5.224
1.924
1.424
1.324
2.124
1.424
3.324
1.724
1.224
1.424
3.848
1.424
1.224
1.524
1.324
1.324
2.024
3.448
2.448
1.224
1.224
3.224
1.324
2.948
1.224
1.324
1.524
1.324
4.148
1.424
1.224
2.324
1.724
1.424
2.024
1.624
1.224
2.848
3.248
1.524
1.224
2.648
2.648
2.448
1.824
1.524
1.224
1.224
1.524
1.424
2.448
1.524
1.224
1.224
4.848
1.224
2.448
1.324
3.248
1.624
1.524
1.424
2.448
2.524
3.124
2.848
1.224
3.524
2.448
2.448
1.724
5.148
1.924
2.424
1.824
2.424
2.948
1.324
1.224
1.224
1.324
3.248
2.848
1.324
1.224
2.648
2.548
2.024
1.424
1.224
2.548
1.224
2.448
1.724
2.224
1.224
3.248
1.424
2.124
1.324
1.724
3.848
2.424
2.524
2.948
1.324
2.748
3.424
1.524
2.448
1.924
1.424
2.224
1.224
1.424
2.024
3.548
4.848
2.648
2.748
1.424
3.648
1.424
1.924
3.024
1.224
2.424
1.724
1.224
1.224
1.424
2.748
1.224
2.448
2.548
1.424
1.524
1.324
1.224
1.724
2.224
1.324
3.948
3.048
2.848
3.748
1.524
1.224
1.424
1.224
4.224
2.824
2.448
1.224
1.424
1.424
1.424
1.524
1.624
2.324
2.124
2.448
1.524
2.548
3.048
3.348
2.548
1.224
3.648
2.448
3.024
2.324
1.224
2.948
1.224
1.224
1.424
4.148
1.424
1.224
1.524
2.848
1.424
1.324
1.424
3.224
3.448
2.624
2.948
1.324
2.848
1.624
1.224
2.548
1.324
1.524
1.224
1.424
2.524
1.224
2.748
2.448
3.648
2.448
2.648
3.748
3.024
2.548
2.924
1.324
2.224
1.224
1.224
7.848
1.324
2.648
2.448
1.324
1.324
1.324
1.224
2.324
3.048
2.024
2.448
1.824
2.648
1.224
2.648
1.224
1.324
1.224
1.224
1.824
6.748
1.824
2.748
2.748
1.224
4.248
3.148
1.324
1.824
1.324
2.548
1.524
3.048
2.224
1.424
2.548
2.648
1.524
2.648
1.424
3.048
3.448
1.324
1.324
1.424
1.224
1.224
1.224
2.324
1.524
1.624
1.324
2.648
1.324
1.324
1.424
1.624
1.324
4.048
1.424
3.248
1.524
1.224
1.324
1.424
2.748
1.324
2.548
1.224
1.324
1.524
2.448
1.324
3.348
4.248
1.424
1.424
1.624
2.948
1.624
2.648
1.724
1.224
4.348
1.424
1.224
1.224
1.824
2.948
2.124
4.048
4.448
2.448
3.148
3.148
5.048
1.224
3.548
2.948
1.424
1.224
16.748
2.224
5.248
1.324
2.548
2.324
1.424
3.148
2.448
1.224
1.824
2.448
1.424
1.224
1.224
1.624
1.824
3.048
1.224
1.524
2.548
2.848
2.448
2.548
2.648
1.324
2.648
3.648
5.348
2.724
2.724
2.948
1.224
1.324
2.824
1.524
1.924
1.424
1.424
1.924
1.324
1.724
2.948
1.624
2.848
1.224
2.224
1.324
2.548
2.124
2.648
1.424
2.524
1.824
1.424
4.248
2.524
2.648
1.324
1.224
4.048
1.324
1.424
1.524
2.948
1.324
1.224
1.224
2.448
2.624
1.624
1.324
2.124
2.648
1.624
2.448
1.224
2.448
1.324
2.448
2.024
2.424
1.424
2.448
2.848
1.224
1.324
1.524
1.324
1.224
5.048
3.148
1.424
2.948
1.324
2.848
2.448
1.324
2.448
2.524
1.524
1.824
1.224
1.424
2.548
1.224
3.024
2.448
1.324
1.824
3.124
1.324
2.448
4.348
1.224
2.448
1.224
1.324
1.324
2.648
2.448
1.324
1.924
5.348
1.324
2.748
1.324
1.224
1.324
2.548
1.224
1.424
2.024
1.224
1.224
2.548
3.648
1.724
1.224
2.548
1.224
1.824
1.324
2.648
1.224
1.424
2.548
1.224
1.524
3.148
1.224
7.348
4.824
3.248
3.248
1.324
1.224
1.224
3.048
1.424
1.324
1.224
2.748
1.224
1.424
1.924
1.224
1.724
3.224
2.748
2.548
5.548
1.524
2.224
3.148
1.224
1.224
2.448
1.424
2.324
4.048
2.424
1.524
1.224
1.324
2.748
3.248
2.448
1.924
2.548
2.448
2.748
3.848
3.048
3.024
7.648
1.324
3.048
1.824
1.224
2.448
1.224
3.348
1.424
1.224
2.848
2.548
1.224
1.224
2.448
2.224
1.524
1.324
1.424
1.224
1.424
1.224
2.548
1.524
4.448
7.448
1.724
1.524
1.224
2.224
3.724
1.324
1.424
1.624
2.824
1.224
1.224
1.524
2.424
2.748
3.348
1.724
3.048
1.724
1.724
4.048
4.548
1.924
1.624
1.224
4.848
1.224
2.548
1.224
1.524
2.224
3.048
1.724
1.424
3.048
1.324
1.224
1.424
2.448
2.648
1.724
3.348
2.224
2.748
1.424
5.524
2.848
2.848
2.648
1.224
2.824
4.024
2.924
2.448
3.848
1.324
1.224
2.424
2.948
1.424
3.548
1.524
1.824
1.524
2.848
2.624
4.424
2.748
1.324
1.224
1.224
4.648
2.548
4.148
1.324
2.848
1.224
1.524
1.424
2.524
2.448
1.724
2.424
4.248
1.824
1.824
1.424
1.924
1.524
2.448
2.448
4.548
2.024
2.548
3.048
2.648
2.548
2.548
1.724
4.448
2.748
2.024
4.148
3.548
2.548
2.548
1.424
3.148
2.824
1.224
2.448
2.948
3.548
1.224
2.948
1.324
3.348
1.524
1.724
2.648
2.424
2.724
1.724
3.548
2.624
1.724
2.724
1.324
3.024
1.224
2.124
1.324
3.748
1.324
1.724
1.224
1.224
1.224
1.624
1.224
1.324
1.324
0.2
1.724
1.324
1.224
1.224
1.924
0
2.2
0
1.224
1.224
0
0
0.1
1.424
0
0.6
0
0.1
0
0
1.324
0
1.224
2.3
0.1
0
0
1.2
0.7
3.224
1
1.224
3.424
0.6
0.1
1.224
0
0
0.2
0.4
0
1.224
0.1
0
1.324
0
0
0
0
0.1
0.2
0.2
0.4
0.4
0
0.1
0
0
1.224
0.1
1.324
0.9
0.1
0.1
1.424
0
0
0
0
1.4
1.224
1.424
1.824
1.224
0
0
0.1
0
0
0.1
0.3
1.424
1.624
0
0.2
0
0
0.4
0.4
0.1
0
0
1.224
1.224
0.2
4.824
1.424
1.524
2.924
1
1.824
