0.5
0.5
2.224
0.3
1.424
1.224
1.324
1.224
1.324
1.224
1.224
2.648
1.724
1.724
1.724
0
1.836
0
0
0
1.224
1.324
0
0
0
0
0
0.2
1.324
0
0
1.224
1.3
0
0.2
0.3
0
0
2.136
0.4
0.1
2.224
0
1.836
1.936
2.244
0.1
0.5
0.2
1.524
1.324
0
2.024
1.936
0.1
0
0
0.4
0.1
2.744
1.2
0.3
2.036
0.8
0.7
0.2
0.1
0.1
2.544
0.7
0.3
1.924
0.2
0
3.024
0.5
0
1.12
0
0
1.624
0.1
1.224
0.2
1.836
0
0
1.836
0
0.8
0.1
0
0
0.1
0
2.644
2.344
0.1
0.1
0
2.036
0.7
0.4
0
0
0
0
0.6
0.1
0
0.4
0
0
1.224
2.036
1.62
0
0
0.1
0.1
1.3
2.036
0.1
0.4
0.1
0
1.836
1.224
0
3.144
0.3
1.936
0.2
0
1.524
0.6
2.344
2.244
1.624
0.6
0.1
0
0
1.624
0
2.956
2.444
0.1
0
0.1
1.224
0.1
0
0
2.136
0.1
0.1
0.1
0.4
0
0.2
0.1
0
0
0.1
2.036
0.1
0.2
0.1
1.7
0.1
0.6
2.244
0.1
2.244
1.724
2.856
0
1.224
0.4
0.3
2.324
1.224
2.448
1.624
3.348
3.748
2.748
1.224
2.448
1.424
2.648
1.224
2.848
2.448
3.048
2.448
1.324
0
0.3
0.1
0.1
0
0.2
0.7
1.836
0
1.524
1.324
0.1
1.224
0.1
0.2
1.836
0
2.2
0
0.5
1.836
0
0.1
1.224
2.424
1.324
1.224
1.424
1.224
1.224
1.524
1.224
1.324
1.224
1.324
0
1.224
1.836
3.324
1.224
1.836
1.624
0
1.624
1.524
2.956
1.836
0
0
0
1.224
0.4
0.1
1.836
1.936
2.856
0
1.224
0
0
1.224
1.224
1.224
0
0.1
3.056
1.224
0
0.3
1.224
0
1.224
0
0
0
1.324
0.3
0
1.324
0.1
1.224
0
0
0
2.224
1.224
1.224
0.1
1.224
1.224
1.324
1.224
1.224
1.224
0
0.4
0
1.836
0
0.1
0
0.1
0
0.2
1.936
0.3
0.1
1.836
0.4
0.5
0
0.2
0.1
1.836
1.224
0
0
1.324
0
1.224
0
1.224
0
0.1
0.4
0.4
0.3
0
0
0
0
0
0.4
0.1
0
1.424
1.324
0
0
0
0.7
0
0
1.324
1.3
2.04
0.3
1.924
1.324
1.424
0.3
0
1.324
0.3
1.2
1.6
0
0
0
0.1
0
2.748
2.648
0
1.224
1.224
1.324
0
0.1
1.224
0.1
1.224
1.224
1.224
0.1
1.324
0
0
1
0
0
0.3
1.224
1.424
0.1
0
0
0.1
1.224
1.324
0.2
0
0
1.224
0.8
0
0.3
2.448
0
0.1
0
0
1.224
1.224
0
1.424
1.224
1.224
1.324
1.224
2.024
1.324
1
1.624
0
0
0
0
0.1
0
0
0.1
1.224
1.324
1.424
1.1
0.2
1.224
0
1.224
1.724
1.224
0
0.1
1.224
0.3
1.724
0.3
0
0.1
1.324
0.3
1.224
0.2
0
0
0.1
1.224
0
1.224
1.324
1.224
0
0
0
3.26
1.836
0
0.2
0
0
1.624
1.324
1.224
1.224
0.2
1.524
1.936
0.3
2.324
0.6
0
3.56
0.7
1.836
0.1
1.524
1.224
0.1
0
1.936
0.3
3.06
0
0
0.1
0.1
1.836
1.224
0.1
0
1.224
0
0
1.324
1.224
0
0
0
1.224
2.024
1.224
0.3
4.18
0.3
0
0.1
1.224
1.224
0.6
0.1
0
0
1.324
1.224
1.224
1.224
1.224
0.3
3.06
1.324
0
0.9
1.224
0
1.224
0
1.724
1.824
1.224
0
0
1.224
1.324
1.624
1.224
0
1.324
0
0.2
1.224
0
0
1.224
0.1
0.3
0.1
1.224
1.924
1.424
3.06
0
0
0.1
1.324
1.324
0.1
0
1.224
1.324
1.224
0
0.1
0
0
0
0
1.224
0.2
1.424
1.424
1.224
1.224
0.3
1.224
0
1.224
0
0
1.224
1.224
0.7
1.324
0
3.06
0
1.936
1.224
1.224
0
0
1.324
1.224
1.224
0
0.2
0
0
1.224
1.324
0
1.224
0
0
0.1
0
1.324
0
0.4
1.224
0
0
0
0.2
1.824
0
0
0.4
1.936
0
1.1
1.624
1.224
0
0
0.2
1.324
0
0
1.324
1.824
0
0
1.224
0
1.524
3.06
0
1.224
0
0
1.224
0
1.424
0
0
1.924
0
0
0.3
0
1.324
0
0
0
0
1.224
1.224
1.324
1.224
0
0.1
2.024
0
1.524
1.224
0
1.324
0
0
1.224
0
1.224
3.16
1.324
1.324
1.224
1.836
1.224
1.324
1.224
1.424
0
0.1
0.3
0
1.424
0
1.224
1.224
1.224
0
1.524
0
0
0.1
1.224
0.2
0
0.3
3.06
1.224
1.224
1.224
0
0.2
1.224
0.2
0
1.324
1.424
0
1.224
0
1.224
0
0
0.1
0
1.724
1.224
0
0.2
1.324
3.06
0.1
0
0
0
0
1.224
0
0.7
1.224
0
1.224
0
1.224
3.06
1.224
1.724
0.2
1.524
0.1
3.46
0.2
3.06
1.524
1.224
1.224
1.424
0
0.1
1.224
0.2
1.224
1.224
1.224
1.224
1
3.024
0
0.4
0.1
1.324
1.224
0
1.224
1.224
0
1.324
0.1
1.524
1.624
0
0
0
0
1.324
1.224
1.224
0
1.224
1.224
1.524
0.1
0
1.224
1.224
0.3
0.1
0.5
0.1
1.324
1.324
0
0.1
0
1.224
0
0.1
0.7
1.224
0
1.224
1.324
1.224
0
0.2
0
1.424
1.324
0
2.024
1.224
1.224
1.224
0
0.1
1.224
1.224
1.224
0
1.324
1.224
0.2
1.224
0.1
1.836
0
0
1.324
0
0
1.224
1.224
0
1.224
0
0
0
0
0
0
0
1.524
1.224
1.224
1.224
0
0
0
1.324
0
1.424
1.224
0
1.324
3.024
0.1
0
1.224
1.324
1.224
1.324
0
3.16
0.3
0
1.724
0.1
1.224
1.224
0
3.26
1.224
1.224
2.024
0.7
0
0
1.224
0
1.424
1.324
0.1
1.324
1.224
0.1
0.3
0
1.224
1.324
1.224
0
0
0
0
0
0
1.224
0
0
0.1
0
0
0.1
0.6
1.424
3.06
0
0.2
0
3.06
0
1.824
1.224
0.2
1.424
1.324
0
0
0
1.624
1.724
1.324
1.224
0
1.224
1.224
1.224
1.824
0
1.824
1.524
1.324
1.836
1.524
1.224
0.7
1.224
1.224
1.324
1.224
1.224
1.224
1.324
1.224
2.244
3.06
1.224
1.324
1.224
1.324
0.3
0
1.724
0
0
0
0
0
0.1
1.424
1.324
1.424
1.224
0.2
0
0
1.224
1.224
1.424
0
0.2
0.1
2.448
3.348
2.848
1.224
1.224
1.224
0.1
1.224
1.224
0
1.324
1.936
1.224
1.324
1.224
3.16
1.324
1.324
1.524
1.524
0.1
0
1.424
2.036
0
3.16
3.76
3.26
0.5
1.224
0
1.224
0
1.624
3.16
0
1.224
0
0.6
0
0.4
0.1
1.224
1.224
3.26
1.224
0.1
0
0.1
1.324
1.02
0.3
1.424
0
0
3.06
0
0
0.1
0
1
1.224
0.3
1.524
0
0
1.724
0
1.224
0
1.224
1.224
0.1
0.2
0.1
0.3
1.224
0
0.1
0
1.224
1.324
1.324
4.024
0
1.224
0
1.224
0.8
0.1
0
0
1.824
1.524
0
0.1
0
1.524
2.448
3.048
2.648
2.224
1.224
1.324
1.224
1.224
1.324
1.324
1.324
2.548
3.244
2.648
2.748
1.224
2.548
2.448
2.548
1.324
3.248
2.648
2.548
1.224
1.324
2.548
2.948
2.948
1.224
2.548
2.548
1.524
1.224
3.248
2.548
2.448
1.224
2.448
1.224
3.848
1.324
2.448
2.548
1.424
1.324
1.324
1.224
1.224
2.344
1.624
2.848
2.448
2.448
1.224
3.048
2.448
2.548
2.648
1.324
1.524
2.548
1.424
2.648
2.548
2.848
3.668
2.648
2.648
1.924
2.448
2.848
1.724
2.448
1.224
1.324
1.324
1.224
2.548
2.648
2.244
1.224
1.224
2.548
1.224
2.548
1.224
2.448
1.424
1.224
2.448
1.224
1.624
2.448
1.424
2.848
2.548
3.048
3.148
1.524
2.448
2.824
1.224
1.224
2.748
3.348
4.584
1.724
2.448
2.024
1.224
1.224
1.224
1.224
1.224
1.624
1.224
2.448
2.448
2.448
1.224
2.848
2.448
1.224
4.284
2.448
1.224
2.648
1.624
2.448
2.224
1.324
3.048
1.424
1.624
3.148
3.248
3.248
2.548
2.448
2.448
2.524
2.448
1.224
2.648
1.324
3.048
2.548
1.324
1.724
1.424
1.824
1.324
1.424
2.448
2.948
2.448
2.648
3.448
1.224
2.648
1.524
2.448
2.448
1.224
2.448
2.448
1.224
1.224
2.548
1.224
2.448
2.548
2.448
3.548
2.448
1.524
2.648
1.624
2.548
1.224
1.224
1.224
2.448
3.124
1.524
1.224
1.224
1.324
1.224
2.548
2.748
1.424
2.748
2.848
1.224
1.324
1.224
1.524
1.624
2.548
1.224
2.748
1.324
1.424
2.024
1.224
2.848
2.448
1.224
2.548
3.348
2.448
2.448
2.548
1.224
2.448
2.448
2.448
3.448
2.948
3.448
2.748
2.448
2.748
1.224
2.448
1.324
1.224
2.548
2.448
2.648
1.424
1.224
1.324
1.224
1.824
1.224
1.524
2.948
1.624
2.448
1.924
2.448
2.024
1.224
2.448
3.648
1.424
1.224
1.224
2.448
1.324
2.648
2.448
4.148
1.324
2.748
1.224
2.648
1.324
2.448
1.524
1.224
2.648
2.448
2.448
2.648
2.024
3.048
1.224
1.224
1.324
3.548
3.048
2.548
1.324
2.448
2.448
1.224
1.324
1.324
1.224
1.224
2.648
2.648
1.224
1.424
2.548
1.724
1.324
1.224
1.324
2.548
1.224
1.324
2.548
2.448
2.648
2.448
1.424
1.224
2.448
2.448
2.548
1.324
1.524
2.548
1.424
1.324
2.448
1.224
2.548
1.224
2.548
1.324
3.468
2.448
2.548
2.448
2.448
1.324
3.448
1.224
1.224
2.848
2.648
1.524
2.548
1.224
1.224
1.724
1.324
1.424
1.224
2.648
1.324
2.848
3.048
2.948
1.224
2.848
1.624
1.824
1.224
3.248
1.324
2.548
2.448
2.224
12.824
2.124
1.224
1.224
2.648
2.448
1.524
2.344
2.448
2.748
1.224
1.324
2.548
1.224
1.524
1.524
1.424
1.224
2.448
2.448
1.324
1.224
2.548
2.448
2.448
1.224
3.048
3.848
3.248
1.424
2.548
1.224
1.324
3.048
1.324
1.724
2.548
2.448
2.548
1.224
3.568
2.548
1.224
2.448
1.224
1.624
1.324
2.448
1.624
1.324
2.648
1.624
1.724
2.548
1.524
2.748
1.524
2.448
2.548
2.848
1.224
2.448
2.848
3.148
2.548
1.324
2.448
1.224
2.848
2.648
1.224
2.748
1.224
1.224
2.448
1.324
2.448
1.224
1.224
2.024
1.824
2.648
2.344
1.424
2.448
1.224
2.648
1.224
2.448
1.924
2.948
1.224
1.324
2.648
1.224
1.224
2.548
2.244
2.848
1.424
1.224
1.224
1.224
1.224
2.448
2.124
1.224
1.224
2.848
2.424
2.448
1.224
1.524
2.448
1.324
2.448
2.448
1.424
1.224
1.224
1.224
2.548
4.048
2.448
1.224
2.448
1.224
2.448
1.224
2.448
2.648
2.648
2.448
1.224
2.448
2.848
2.448
1.324
1.224
2.448
2.748
1.324
1.224
1.224
1.324
1.324
2.448
2.448
1.224
2.448
2.124
4.248
1.424
2.848
1.224
2.548
2.448
1.524
1.224
2.548
2.448
2.548
1.224
2.548
1.324
1.224
1.724
2.948
2.648
1.224
1.924
4.068
2.948
1.524
2.448
1.224
1.224
1.324
3.148
2.948
2.848
2.648
2.448
1.324
1.224
1.524
1.224
5.088
1.224
1.224
1.324
1.324
2.548
3.148
3.148
2.448
2.748
3.148
2.448
2.548
2.344
2.648
1.224
1.224
1.424
1.224
2.448
2.448
1.224
2.748
1.324
1.224
2.448
2.448
1.224
2.448
1.324
2.548
1.624
2.224
1.324
1.424
1.324
1.624
3.248
2.548
1.324
1.224
3.848
2.548
1.224
2.648
3.248
2.748
1.424
1.224
1.624
1.524
1.524
3.548
1.924
1.324
1.524
1.524
2.124
2.548
1.224
2.448
1.224
3.048
2.848
2.648
1.424
1.324
1.224
1.224
2.748
2.448
1.224
2.448
1.524
4.368
2.448
2.448
3.024
2.648
2.448
1.424
1.224
1.724
2.324
2.124
1.224
3.148
2.448
1.224
2.648
1.324
1.424
1.624
1.524
2.948
2.344
2.448
3.048
4.148
2.448
2.548
2.448
1.224
2.948
1.224
3.148
2.448
1.424
2.448
2.848
2.448
3.048
1.224
2.648
3.148
1.824
2.448
1.424
4.688
1.224
2.448
1.224
1.224
3.648
2.848
1.324
1.224
1.224
2.448
2.448
2.448
3.348
2.448
2.548
2.848
1.824
1.224
1.224
2.548
2.948
3.448
1.324
1.324
2.648
2.224
1.224
1.324
2.548
1.824
1.324
2.548
1.224
3.648
2.948
2.948
3.248
2.948
2.648
3.448
1.224
3.448
1.224
3.448
2.448
3.148
2.448
2.448
1.224
2.448
1.224
2.748
1.224
0.1
0
0
0.2
0.1
1.224
0.1
0.6
0
1.6
0.2
3.36
0
0
1.02
0
0
0.1
0.3
1.324
0.1
0
0
1.324
0
0
1.1
0
1.224
0
1.424
1.724
0.7
1.824
1.836
1.4
1.424
1.224
0
4.08
1.324
0
0.1
0
0
0
0.1
0.1
0
0.1
0.1
1.224
2.036
0.2
1.324
0.1
1.424
0
0.2
0
0
1.836
0.1
0
0.4
1.324
1.324
0.1
0
1.224
1.324
0
1.424
0
1.224
1.524
1.936
0
1.224
0.1
1.224
1.224
1.324
1.224
0
0.1
1.324
3.06
1.224
1.836
1.424
0.1
1.224
0
1.224
0
1.324
2.036
1.6
0.1
0.1
0.4
0.7
0.1
