2.024
0.3
1.9
1.1
0
1.624
1.424
1.224
2.748
1.224
3.048
1.224
1.824
2.924
2.424
0
0
0
0
0
0.2
0.3
0
0
1.624
0
0.4
0
0
0.1
0
0
4.324
1.324
0.5
2.024
1.224
1.424
0.2
2.724
1.524
2.6
0
0
0.2
0
0.5
0.6
2.024
2.124
0
0.2
2.624
0.1
0.1
0
1.224
0.3
1.624
1.2
2.7
0.8
0.1
1.2
0.6
1.524
0.1
0.1
0.7
1.7
2.924
1.824
1.824
1.224
3.8
2.624
0
0.3
0.1
1.224
1
0
0.3
0.1
0
0.1
0
0
0.1
1.6
1.224
0
0.3
0
0
2.324
1.524
1.224
0
0.1
0.2
1.7
1.3
1.424
0
1.524
1.224
2.6
0
1.724
2.024
0
1.424
0
0.4
0.3
1.524
0.2
1.524
1.324
4.5
0.1
0.1
2.524
0.2
1.424
1.824
0
0
0.4
1.524
0.3
0.5
0.2
0.9
1.1
0.4
0.2
0.7
1.6
1.324
0.2
0.1
0.9
0
0.4
0.1
0.1
1.624
0
0
1.424
1.724
1.324
4.124
2.624
0.8
0.4
2.124
0.3
1.424
0.2
1.224
0
0.3
0.2
0
1.324
0.1
3.4
1.324
2.924
0.1
1.524
0.2
1.3
0
0.1
0.1
3.424
2.424
2.5
1.424
1.224
2.324
2.324
2.524
1.424
1.424
1.324
1.724
2.748
3.148
2.524
1.524
2.024
1.224
2.948
1.224
1
1.524
0
0
0.4
4.324
0
1.324
1.724
0.1
1.324
0.1
1.624
0.8
0
1.224
2.8
1.224
1
0
0
0
0
1.8
0.1
0
0.1
0
0
0.4
1.224
0.4
0
0.1
0
0
0
3.3
0
0
0.4
0
1.1
1
0
0
0
0
0
0
1.8
0
0
0
0
0.1
0
0
0.5
0.2
0.2
0.1
1.224
1.224
0.5
0
1.224
1.1
0
1.324
0
1.224
1.524
1.224
0
1
0
0
0.1
1.424
1.224
0
0
0.9
0
0.1
1.424
0.1
0.1
0.3
0
0
0
0
1.9
0
0
0
0.1
0.8
1.224
0
1.624
0.4
0.5
0
0
1
1.724
0.1
1.224
0.3
0
0.4
0
0
0
1.224
0.1
0
0.1
1.324
0.1
1.724
1
0.8
1.224
0
0
0.1
0
1.7
0
0.2
0.5
0.1
0
0.1
0
2.724
1.224
0
1.324
2.3
0.1
1.924
0.7
1.824
0.4
0.6
1.224
1.624
1.424
1.6
3.6
0.1
0
1.224
0.2
0.1
3.548
3.548
0
1.324
1.224
0
0.1
0.1
1.224
0
0
0
0.1
0
0.1
0
0
1
0
0.1
0.1
0.2
1
0
0.1
0
0.3
0.1
2.324
1.424
0.1
0
1.224
2.6
0
0.7
1.324
0
1.824
1.224
0
0.1
0.1
1.224
0.1
0
1.224
0
0
0.3
0
2
0.6
1.424
0
0.2
0.2
1.824
0
0
0.1
0
0.3
0.8
1.5
1.224
0
0
1.224
0.7
0.5
0
1.824
0.2
0.4
0.3
0.3
1.224
1.824
0.1
1.324
0
0.5
0.1
1.224
0.2
0
0
0.1
0.4
0.1
0.1
0
0
0.3
0
1.224
0.7
0
0
1.3
0.4
0.1
0.1
0.9
0.3
0.2
0.4
1.9
0.7
0
1
2.724
0
1.624
0.6
0.6
0.5
0
0.3
0.7
0
0
1.224
0.3
0.3
0
0
1.824
0
0
1.224
0
0.1
0.3
0.2
0
0
0
2.7
0
0.4
0.3
0.3
1.224
0
0
0.2
1.1
0.1
0
1.224
0.2
0.1
0
0
0
0
1.424
0
0
1.8
0.1
1.224
0.1
0.1
0.6
1.4
0
0.2
1.224
0
0.9
0.7
1.224
0
0.4
1.324
1.724
0.1
1.524
0.1
0
0.2
1.524
0.2
0.4
0.9
0.9
0
1.324
1.324
0.4
0.1
0.4
1.224
0.3
0
0.3
0
0.1
0.2
1.424
0
0
0.3
1.324
2.024
0.6
1.324
1.224
0
0.2
0
0
0
0
0
0
0.1
2.824
0.5
0
0
0
0
0.3
0
1.424
0.1
0.2
0
0.3
0.1
0.8
0
1.224
0
0.4
0.1
0
1.324
0.1
0.5
0
0.1
0.3
0.6
0.3
0
0
1.224
0
1.3
0.1
0
0.6
0
0.1
3.524
0.4
1.224
0
0.2
0.3
0
0
0.4
0.4
2.424
0
0.2
0.2
1.424
0.1
0.1
0.3
0.1
0
0.1
0.1
0.2
0.3
1.324
0
1
1.224
1.224
0.6
0.1
0.6
0
1.224
1.524
0.6
0.5
0
0.4
0.1
0
0.1
0.7
0.2
1.524
0
0.1
0
0
0.1
1.324
1.224
0
0
0.1
0
0.4
0.1
0
0.1
1.724
0.7
1.324
1.324
1
1.224
0
0
0
0.3
0.1
0.2
0.5
0
0
0
0.1
0.3
0
0.2
0
0
0
1.224
0.1
0.5
0
0.5
0.3
0.7
0.2
1.224
0
1.224
0
0.2
0
1.224
0
0.3
0
0
0.1
0
0
0
1.224
1.524
0
0.1
0
0
2.2
0
0.2
0.1
0
0.2
0
0
1.6
0.6
1.324
0.1
0.3
0.2
0.1
0.1
0.3
0.1
1.224
0
1.324
0.2
0.4
0
0
0
0
2.7
5.224
0.6
0.3
0.9
0.1
0
1.224
0.1
0
0
0.1
0.1
0.4
1.724
1.224
0
0
1.224
0
0.4
0.1
0
1.324
1.324
0.2
1.624
0
0.3
0
0.7
1.224
0.8
0.5
0.4
0
0.1
0.5
0.1
1.424
0
0.2
1.6
0.4
1.224
0
0.1
0
0
0.4
1.224
0.5
0
1.224
0.9
0
0
0.1
0
0
0.2
0.1
0.4
0
0.4
0.1
0.2
0
0.1
0
1.224
1.324
1.524
0
0
0.1
0.1
1.424
0
0
1.324
0
1.224
0.1
0
0
1.1
0.1
0
0
0.2
1.224
0.1
0
0
0.5
0.1
0
1.324
1
0.1
0.1
0
0.1
1.324
0.4
0.1
0.4
2.424
1.224
0.9
0
1.224
0
1.224
0
0.1
0
0.7
2.624
1.424
0.1
0
0
0.1
0.1
0
0.3
1.324
0.1
1.224
0
1.224
0.3
0
0.3
0.1
0.2
0
0
0
0.1
1.224
1.224
0
0
0
0.5
0.9
0.6
0.1
1.224
0.2
0.1
1.224
0
1.924
0
1.724
0.5
0
0.1
1.324
0
0.7
1.6
0.3
0
0
0
1.524
0
2.424
0.1
1.9
0.3
0.8
0.3
0
0
0.8
0
0
0.1
0.1
0
0
0.4
0
0
0
0.1
0.7
0.1
0.3
1.1
0.1
0.7
0
0.3
1.224
1.224
0
0.3
0.9
0.4
0.6
0
0.5
0.1
0
0
0
0.5
0
0.3
0.4
1.224
3.848
1.524
0
0.2
0
0.2
0.1
0.1
0
0
0
0
0.3
0.1
0.1
0.3
0.1
0.6
0.1
1.224
1.324
0.4
0.3
0
0.1
1.1
0.7
0.8
1.224
0.1
0
0.6
0.8
0.1
0
0
0
2
0
1.5
0.4
1.224
0.2
0.5
0
0.3
0.2
0.5
0.3
1.424
0.6
0.6
0
1.224
0
1.324
1.324
0.1
1.224
2
0.4
2.624
1.724
1.224
0
0.6
0
1.224
0
0
0
1.224
1
0.3
0
0.1
1.224
0.3
0
0
0.1
0.3
4.7
0
0
1.724
0
1.5
0
0.1
0
3.524
1.324
0.2
0
1.224
0.1
1.324
6.548
2.948
4.448
1.624
2.648
2.448
1.424
3.048
1.924
1.424
1.424
6.248
1.224
2.024
1.424
2.948
2.448
1.324
2.924
2.524
1.424
1.324
1.224
1.524
2.024
3.348
3.348
1.324
1.324
2.648
2.848
2.548
4.124
2.024
1.524
1.324
1.924
1.324
2.724
1.624
1.224
1.224
3.148
1.724
1.324
1.324
1.324
1.424
2.324
3.948
2.448
1.424
1.224
3.324
1.724
2.848
1.224
1.324
1.524
1.824
4.948
1.324
1.224
2.224
1.324
1.424
1.724
1.424
1.324
3.448
2.648
1.224
1.224
3.048
3.048
2.648
1.424
1.624
1.424
1.224
1.224
1.424
2.448
1.324
1.424
1.224
4.748
1.324
2.548
1.524
3.448
1.424
1.424
1.524
2.748
2.324
3.124
3.148
1.224
4.524
2.448
2.548
1.724
5.948
1.724
1.924
1.824
3.724
2.648
1.224
1.224
1.524
1.524
2.948
3.048
1.324
1.224
2.848
2.448
2.424
1.424
1.324
2.548
1.224
2.448
1.724
1.924
1.324
4.148
1.324
1.824
1.424
1.524
3.648
2.024
2.824
2.848
1.224
2.548
4.624
1.424
2.548
2.124
1.524
2.224
1.224
1.624
1.624
3.548
6.148
3.148
2.548
1.424
4.548
1.524
2.124
3.524
1.224
3.124
1.624
1.224
1.224
1.824
2.648
1.224
2.748
2.448
1.424
1.524
1.224
1.324
1.624
2.124
1.324
4.348
3.248
2.948
3.648
1.924
1.224
1.424
1.224
3.624
2.924
2.448
1.224
1.924
1.324
1.324
1.924
1.924
2.724
2.724
2.448
1.724
2.848
3.148
3.848
2.848
1.224
3.548
2.648
2.924
2.424
1.224
2.548
1.324
1.224
1.724
4.648
1.224
1.224
1.824
2.548
1.724
1.324
1.324
2.724
4.648
2.724
2.848
1.524
2.948
1.424
1.224
2.748
1.224
1.324
1.224
1.424
1.924
1.324
3.248
2.548
3.848
2.548
2.848
4.148
2.624
2.548
2.724
1.424
1.924
1.224
1.224
5.748
2.324
2.548
2.448
1.324
1.424
1.324
1.224
2.024
2.848
1.624
2.448
1.524
2.648
1.224
2.748
1.224
1.324
1.324
1.224
1.824
7.548
1.924
3.248
2.648
1.324
4.648
2.948
1.224
2.124
1.224
2.448
1.524
3.448
2.024
1.324
2.448
3.048
1.824
2.648
1.224
3.048
4.448
1.724
1.524
1.524
1.524
1.224
1.224
2.324
1.524
1.524
1.224
2.748
1.224
1.424
1.324
2.224
1.724
5.148
1.524
3.448
1.324
1.224
1.424
1.324
2.948
1.324
2.748
1.224
1.224
1.424
2.648
1.224
2.848
4.548
1.324
1.624
1.724
2.948
1.624
2.748
1.524
1.224
5.648
1.324
1.324
1.224
1.624
2.748
2.924
4.448
3.748
2.448
3.048
3.048
7.248
1.324
3.648
2.848
1.924
1.224
5.248
2.124
18.748
1.324
2.648
1.724
1.224
3.748
2.548
1.224
2.924
2.648
1.724
1.224
1.224
1.524
1.724
2.648
1.224
1.624
2.648
3.148
2.448
2.448
2.448
1.324
2.648
3.948
5.848
3.124
2.324
3.348
1.224
1.224
2.524
2.024
2.124
1.424
1.424
1.624
1.224
1.724
2.948
1.224
2.448
1.224
2.324
1.424
2.648
2.424
2.648
1.524
3.224
1.924
1.524
4.948
2.024
2.848
1.324
1.324
3.748
1.424
1.624
2.024
2.948
1.324
1.224
1.224
2.548
2.524
1.424
1.324
1.924
2.548
1.624
2.448
1.224
2.448
1.324
2.548
2.524
2.524
1.424
2.648
2.748
1.224
1.224
1.524
1.224
1.324
4.348
2.948
1.724
3.148
1.424
3.148
2.648
1.224
2.548
1.724
1.524
1.224
1.424
1.224
2.448
1.224
3.924
2.448
1.224
1.624
3.424
1.224
2.448
4.148
1.524
2.848
1.224
1.224
1.424
2.648
2.448
1.424
2.024
5.548
1.424
2.748
1.224
1.224
1.224
2.948
1.424
1.724
2.124
1.224
1.224
2.548
3.848
1.624
1.424
2.448
1.324
1.724
1.424
2.548
1.424
1.324
2.648
1.224
1.724
3.148
1.224
4.348
3.524
3.248
2.748
1.924
1.224
1.224
2.748
1.324
1.524
1.324
2.548
1.224
1.224
2.124
1.224
2.324
3.724
2.748
2.548
8.448
1.824
1.924
3.648
1.324
1.224
2.548
1.624
2.024
3.048
2.524
1.624
1.324
1.224
2.748
3.348
2.448
2.024
3.048
2.448
2.748
3.748
3.048
3.224
7.048
1.324
3.548
1.724
1.224
2.448
1.224
3.048
1.424
1.224
3.448
2.848
1.324
1.224
2.548
1.724
1.324
1.224
1.624
1.224
1.224
1.224
2.548
1.524
3.448
6.948
1.924
2.024
1.424
1.824
3.324
1.224
1.224
1.624
3.324
1.224
1.424
1.224
2.024
2.748
3.348
1.824
2.948
1.424
1.824
3.648
5.648
2.224
1.624
1.324
4.348
1.224
3.048
1.224
1.224
1.524
3.348
1.924
2.324
2.948
1.324
1.224
1.624
2.448
2.948
1.324
4.148
2.224
2.548
1.424
7.124
2.648
2.948
3.048
1.224
2.824
5.024
3.624
2.448
3.548
1.324
1.224
2.624
2.548
1.324
4.048
1.624
2.024
1.624
2.848
2.924
4.524
2.448
1.224
1.224
1.224
4.848
2.648
5.048
1.224
2.848
1.424
1.824
1.524
2.424
2.548
2.024
2.824
5.348
1.824
1.724
1.224
2.124
1.924
2.448
2.748
4.848
2.024
2.648
3.148
2.748
2.748
2.648
1.724
4.648
2.648
1.524
3.948
4.148
2.548
2.548
1.324
3.548
2.724
1.224
2.948
3.248
4.648
1.324
2.748
1.524
3.248
1.424
1.324
2.548
3.024
2.924
1.624
3.348
1.924
1.624
2.224
1.424
3.224
1.324
2.124
1.324
3.248
1.324
1.624
1.224
1.224
1.224
1.724
1.224
1.524
1.224
0.1
2.024
1.324
1.324
1.724
2.224
0
2.7
0.4
1.324
1.224
0
0
0
1.224
0.1
0.5
0.3
0.3
0
0
1.424
0.1
1.224
3.4
0.2
0
0
1.1
0.9
3.424
0.8
1.224
2.724
0.5
0.3
1.524
0
0
0
0.2
0
1.324
0
0
1.924
0
0.1
0
0.3
0.5
0.3
0.2
0.3
0.2
0
0
0
0
1.324
0.2
1.324
1.5
0
0
1.324
0
0.1
0
0
2.3
1.224
1.824
2.024
1.324
0
0
0.3
0
0
0.1
0.5
1.424
1.624
0.2
0
0
0
0
0.2
0
0
0
1.224
1.324
0.3
6.424
1.824
1.624
3.324
1.4
2.424
