1.724
0.3
2.948
1.524
3.672
1.424
1.324
2.448
1.324
1.224
1.424
2.448
2.848
1.324
1.524
0
1.224
1.324
1.224
1.324
1.224
1.324
1.324
1.224
0
1.224
2.448
1.324
2.548
1.224
1.224
1.224
1
0
1.324
0
0
0
0.2
0.2
0.1
3.148
0
0
0.1
1.224
1.324
1.624
0.2
1.324
1.224
0
1.424
1.224
0
1.224
1.324
1.324
0.2
1.524
1.824
1.524
0.1
1.424
1.424
0.1
1.324
1.324
1.224
1.624
0
2.648
1.524
0
3.248
0.1
1.224
0.2
1.324
0
2.848
1.224
1.224
1.224
0
1.224
1.224
0
1.224
2.448
0
1.224
2.448
1.224
1.224
1.224
1.224
1.224
1.224
1.224
0
1.524
1.424
0
2.448
0.1
1.324
0.5
1.224
0.1
2.648
2.448
0
2.548
0
0.3
1.224
2.448
0
0
2.124
0
1.224
1.624
1.324
0.1
0
1.224
0.1
2.948
1.524
0.1
1.424
0
2.648
0.4
1.324
2.548
1.324
1.524
0
2.548
1.224
1.524
1.224
1.324
1.324
1.224
0
1.224
1.224
0
0
1.224
0.5
0.1
2.648
0.2
1.424
0.1
0.1
1.424
0
2.448
1.224
1.424
1.224
1.224
1.224
2.424
1.224
1.424
3.672
0.2
3.672
2.548
1.224
1.224
1.224
0.1
0.2
3.148
1.224
4.996
2.448
5.496
3.048
3.672
2.648
4.896
1.524
2.548
1.324
4.072
3.672
2.948
2.548
2.548
0
1.324
1.224
1.224
1.224
1.224
0.8
1.224
0
1.224
2.648
1.224
2.448
0
1.424
1.224
0
3.148
0.1
2.848
0
1.224
1.224
2.448
1.524
2.648
2.448
1.224
1.224
1.224
2.648
2.448
2.448
2.448
2.448
0
2.448
0.1
5.272
1.224
1.224
1.424
0
1.524
1.524
0
2.448
1.224
2.548
2.448
1.224
0.2
0
1.224
1.224
1.224
1.224
1.224
1.224
1.224
2.448
1.324
2.448
1.224
0
0.2
2.448
1.224
0.1
2.548
0
2.448
0
0
0
2.448
1.624
0
2.448
1.224
3.772
2.448
3.672
1.224
3.672
2.448
3.672
0
1.324
1.224
2.648
1.224
1.224
2.448
1.224
1.524
0
1.224
1.224
1.224
1.224
1.224
1.224
2.548
0.2
0
0
1.324
1.324
1.424
1.224
1.224
2.648
1.324
2.448
1.224
1.224
2.548
0
2.548
0
2.448
1.224
0.1
1.324
1.324
1.524
0
1.224
1.224
0
1.224
1.524
2.448
1.224
1.524
1.324
1.224
0
0
2.124
0
2.448
1.224
1.924
2.548
0
1.324
1.224
2.448
1.424
2.448
2.448
2.448
1.524
3.648
1.224
0
0
2.548
1.224
3.672
2.548
0
1.224
1.224
2.448
0
1.324
2.448
0.1
2.448
2.448
1.324
1.224
1.224
1.224
1.224
3.048
0
0
0
2.448
2.548
1.224
1.224
1.224
0.1
2.448
1.524
0
0
0
2.548
1.624
2.448
1.324
2.448
0
0.1
0
1.224
2.448
2.548
0
2.748
2.448
1.224
3.672
3.672
1.224
2.548
0.7
1.324
2.448
0.1
1.224
1.224
0.2
1.224
3.672
1.224
1.224
2.448
1.524
1.624
1.324
1.424
1.224
2.448
1.324
2.548
2.448
2.448
1.324
0
2.848
1.424
0.1
3.048
1.324
2.548
2.448
2.548
2.448
2.548
1.224
2.448
2.448
2.448
1.324
1.324
1.224
0
1.224
2.448
1.224
0
0
2.448
1.224
2.548
1.324
2.648
1.224
0
2.448
1.224
0
2.124
1.424
1.224
1.524
0.5
0
1.224
2.548
1.624
1.324
2.448
0.1
1.324
2.448
0
0
0
1.324
0
3.672
1.224
1.224
2.448
0
2.448
2.548
3.772
0
0
1.224
1.324
2.848
2.548
0
2.648
0.1
1.224
0.1
2.448
2.448
1.324
1.224
1.224
0
3.672
2.448
1.324
2.448
3.672
1.324
1.324
2.448
1.224
2.848
1.224
1.224
1.224
1.224
2.448
2.548
2.448
1.224
0
2.448
2.548
2.648
1.224
0
3.772
1.224
0.2
1.224
0.2
1.524
2.448
2.548
0
1.324
1.524
2.648
2.448
2.448
0
0
0
2.448
1.324
0
0
1.224
2.748
1.224
0
2.548
0
1.224
1.224
2.448
1.224
1.224
1.324
1.224
2.448
1.224
0
2.448
1.224
1.224
0
1.224
1.224
1.224
0.5
1.324
1.224
2.448
0
0
1.224
2.448
0
1.224
1.224
1.224
2.448
2.448
0.2
0
1.224
1.224
1.324
0
2.448
1.224
1.224
2.448
0
2.448
1.324
2.648
1.224
1.224
1.224
0
2.448
1.324
1.224
0
0.2
0
0
0.9
2.548
2.448
1.224
0
0.2
2.548
1.224
1.324
2.648
2.748
0
0
2.448
0
1.224
2.548
1.324
2.448
1.224
0
1.224
1.324
2.548
0.1
1.224
2.648
1.224
1.224
0.4
1.224
1.324
2.548
0
0.1
0
1.424
2.448
1.324
2.548
1.224
0
2.648
0
2.448
1.224
1.324
2.448
0
1.224
3.772
0
2.448
1.224
2.448
2.448
2.648
0
3.672
1.224
1.424
2.648
0
1.224
1.424
0
2.448
1.224
1.224
3.672
1.224
0.1
2.448
0
1.224
2.448
1.324
0.1
2.448
0.3
2.448
2.448
2.448
1.324
1.224
2.648
4.996
0
0
1.424
1.324
0
2.548
1.324
2.548
1.224
1.224
1.224
1.224
2.848
1.324
1.224
0
2.648
1.224
1.224
0
0
0
1.224
2.448
1.224
1.724
1.224
0.1
2.448
1.224
2.448
2.448
2.448
1.724
1.224
3.672
1.224
1.224
3.972
1.324
2.448
2.448
2.448
1.224
1.224
0
1.424
2.448
2.448
2.548
1.224
3.672
0.6
2.848
0.1
1.224
1.224
3.672
2.448
0
1.224
1.224
1.224
1.224
2.448
1.424
2.448
0
2.448
1.224
0
2.448
2.548
2.548
0
1.324
1.224
2.448
0.1
2.448
2.448
1.224
1.324
1.224
1.224
1.524
1.224
2.448
1.224
2.648
0
3.672
1.224
1.324
2.748
2.448
1.224
1.224
1.224
1.224
0
3.872
1.224
2.648
2.448
1.224
3.772
2.648
2.548
2.548
1.224
1.324
1.224
2.448
1.424
1.224
3.672
2.448
0
3.672
0.1
0
1.224
0
2.548
1.224
1.324
2.448
2.448
0
2.448
0.1
0
0
0
0
1.224
1.224
3.248
2.448
2.448
3.772
1.224
0
2.448
2.448
2.448
2.648
2.448
0
2.548
3.972
2.448
0
1.224
1.224
1.324
1.324
1.224
1.624
0.1
1.224
4.072
2.548
3.672
4.896
1.224
3.672
2.448
1.324
2.548
1.424
0.1
0
2.548
1.224
1.224
1.324
1.224
1.224
1.224
1.224
1.624
1.224
1.224
2.448
2.448
0
0
1.224
2.548
0
1.224
2.548
0
0
0
2.448
1.224
1.324
1.424
2.648
1.224
1.224
0
1.224
1.224
1.224
1.324
3.672
0.2
3.772
1.224
0.2
1.324
1.224
2.648
2.648
1.224
3.672
1.224
3.672
1.224
3.872
3.772
2.448
4.072
3.672
1.724
1.224
2.448
3.672
3.148
3.772
2.548
2.548
1.224
1.224
1.224
2.548
1.224
3.672
1.224
2.448
2.548
2.448
2.548
2.648
2.548
3.772
1.224
0
1.224
0
1.224
1.324
2.648
2.448
2.548
2.448
2.948
1.224
2.448
1.224
1.324
1.324
2.448
2.448
2.548
3.672
2.848
3.972
1.324
2.648
2.448
2.548
1.224
1.224
2.448
3.672
1.224
2.448
2.748
1.224
1.224
2.448
2.548
2.748
2.548
0
0
3.772
1.424
1.224
2.448
3.048
2.448
0.3
1.224
1.224
1.224
1.424
2.448
2.448
1.224
2.548
0
0.8
0
2.648
0
2.448
1.224
2.748
2.448
0.2
0
1.224
1.224
0
1.224
1.324
1.324
0
1.324
0
0
1.324
0
2.648
1.224
0.4
1.224
1.224
2.448
1.824
1.224
2.448
0
1.224
1.224
0
1.424
2.448
0
1.324
0
0
1.224
1.224
1.324
1.224
2.524
1.424
1.324
1.324
1.224
0.3
1.224
0.3
1.224
1.524
1.624
1.224
0
0
2.548
3.672
2.748
2.748
1.624
2.548
1.224
1.224
2.448
1.424
2.448
2.548
2.548
1.424
2.548
2.648
1.324
5.396
2.548
2.548
3.148
4.572
3.772
3.972
1.324
3.872
5.796
2.648
2.748
3.672
2.448
2.448
1.624
2.648
3.548
2.748
2.648
2.448
2.848
2.448
3.148
2.848
2.448
4.896
1.524
2.648
2.448
2.648
2.448
2.548
2.548
2.848
2.448
3.872
1.224
4.672
2.448
2.548
2.448
2.448
3.672
3.672
2.548
2.448
2.448
2.648
2.648
2.548
4.172
2.748
2.448
2.548
1.224
2.448
2.448
2.648
2.548
2.648
2.648
3.872
1.224
2.448
2.748
3.772
3.672
2.548
3.672
2.448
1.224
2.448
2.448
3.772
1.724
2.648
2.648
2.948
3.672
2.648
3.448
2.648
2.448
1.624
1.224
2.448
2.648
2.948
4.072
4.772
3.872
2.024
2.448
1.324
2.448
1.424
2.448
2.648
1.524
2.548
2.448
2.548
1.224
2.948
2.748
2.548
2.448
3.672
3.672
2.548
3.248
2.448
1.524
1.224
2.748
2.448
2.648
2.648
2.648
3.872
3.672
2.548
2.548
3.248
2.648
1.224
4.172
3.672
2.748
2.548
2.548
2.648
1.324
2.748
2.548
1.424
2.548
2.948
3.772
2.748
3.648
1.224
6.396
2.848
2.448
2.448
2.448
2.548
2.448
1.324
1.224
2.448
1.424
2.448
3.672
3.772
4.272
2.648
1.524
3.672
2.548
2.848
1.324
1.224
1.324
2.448
3.748
1.824
1.224
2.448
2.648
1.324
3.772
2.648
2.448
2.648
4.472
1.224
3.672
1.324
2.848
2.548
3.772
2.448
2.748
1.224
2.024
3.048
3.672
2.648
2.448
2.448
3.972
3.248
2.448
3.672
3.772
1.224
2.548
3.672
2.648
2.848
3.872
2.948
2.748
3.972
3.972
2.448
2.448
1.424
1.224
2.548
2.448
2.648
2.648
3.672
1.424
1.224
1.624
1.224
1.324
2.848
2.024
2.448
2.748
2.448
4.072
2.448
2.448
4.148
1.424
1.224
3.672
4.896
2.448
3.772
2.448
3.972
1.224
3.872
2.448
2.648
1.224
2.448
1.224
3.672
2.448
2.548
3.772
2.648
1.924
3.772
1.224
1.424
2.448
3.448
2.648
2.448
2.748
2.448
2.448
3.772
1.424
2.648
1.224
1.424
2.548
2.548
1.324
1.524
2.648
1.724
2.448
1.424
1.324
3.672
2.448
2.448
5.696
2.448
2.748
2.548
2.548
3.672
2.548
2.648
2.848
1.324
1.624
2.548
1.524
2.548
3.672
2.448
2.448
2.848
3.672
1.224
2.448
2.448
4.896
2.448
2.448
2.548
4.672
1.324
2.448
4.072
2.548
2.448
2.548
2.648
2.448
1.624
2.448
1.224
3.672
2.848
2.548
3.048
3.148
4.272
2.448
2.548
1.224
1.424
1.224
3.872
1.624
3.972
2.448
2.324
2.648
1.724
1.224
2.548
10.92
3.672
1.524
1.224
2.448
2.448
1.324
1.224
2.448
2.448
2.648
1.224
3.872
2.448
2.748
2.448
1.824
1.224
2.448
2.448
2.448
1.324
2.648
3.448
3.148
2.848
2.648
2.448
2.548
4.272
1.724
1.324
3.672
2.548
5.696
1.224
2.648
2.848
1.224
2.648
2.448
3.972
2.548
2.448
1.724
1.324
3.772
2.848
3.972
3.872
3.872
3.448
1.424
2.448
2.448
4.272
2.448
3.772
3.872
2.648
2.548
3.772
2.448
2.448
3.348
3.772
1.224
2.648
2.548
3.772
2.448
2.448
2.448
2.648
1.224
1.224
1.824
2.548
1.224
1.324
3.672
1.224
2.448
2.548
3.672
2.748
2.748
2.648
1.324
2.548
1.324
1.224
2.548
1.424
4.072
2.748
2.748
1.324
1.224
1.224
2.448
3.972
2.448
2.448
2.948
1.524
3.872
3.672
1.324
2.548
1.324
2.448
3.672
1.224
1.424
1.224
1.324
3.672
3.048
2.548
1.324
2.448
2.448
3.772
1.624
2.648
3.772
5.696
2.448
3.772
2.448
2.748
4.072
2.648
1.324
3.672
3.772
2.448
1.224
3.872
2.448
3.672
2.448
2.548
1.824
2.448
3.048
3.248
1.424
2.848
1.324
2.448
2.448
1.524
1.324
5.196
2.548
2.448
1.224
2.648
1.624
2.448
2.748
3.972
2.748
1.224
1.624
2.748
5.096
1.624
2.448
1.224
1.324
1.224
3.972
4.996
3.772
3.972
2.448
2.548
1.224
3.248
2.448
2.548
1.324
1.224
1.324
1.824
2.548
4.472
4.672
2.648
2.948
3.872
4.896
2.448
1.224
3.972
2.448
1.224
1.324
1.224
3.772
4.896
1.224
3.448
2.748
2.448
2.548
3.672
3.672
2.448
1.224
4.072
2.548
4.048
2.748
2.448
1.224
3.148
3.448
4.896
3.672
2.448
4.072
2.548
1.224
3.872
3.048
2.748
1.324
1.224
1.924
1.324
1.824
4.372
1.724
1.624
2.848
1.224
1.824
3.672
1.424
2.548
1.324
2.648
2.648
3.772
2.548
1.424
1.224
1.224
2.448
2.448
1.324
2.648
1.624
2.548
2.448
3.772
2.824
2.948
2.548
2.548
2.448
2.648
3.548
2.424
2.448
2.748
2.548
1.224
2.848
2.548
3.672
1.524
1.524
2.848
1.224
2.448
2.848
7.02
2.548
2.648
2.448
2.648
2.648
1.324
3.972
3.672
1.324
2.548
3.972
2.448
2.748
1.224
2.448
3.972
1.624
2.748
2.748
2.448
2.448
3.872
2.448
1.224
3.048
2.948
1.224
1.224
1.324
2.548
3.672
5.096
4.272
2.448
3.972
2.448
1.324
2.548
1.224
3.672
2.648
2.748
3.672
1.224
2.548
1.924
2.448
2.548
2.548
3.872
2.548
2.648
1.224
2.648
4.172
3.672
2.548
3.972
2.948
3.048
2.448
2.948
1.224
3.972
3.672
4.172
2.448
2.548
2.448
2.448
1.224
4.172
2.448
1.224
0
1.424
0.5
0
1.224
0
0.4
1.224
2.224
0
1.224
0
1.224
1.224
1.224
1.224
0.1
1.524
2.548
1.224
2.448
1.224
1.224
0
0
1.924
0.2
2.448
0
1.624
1.324
2.024
1.624
1.224
2.224
2.448
2.448
0
1.224
1.224
0.1
0.1
2.448
1.224
0
1.224
0
2.448
0
1.224
2.448
0
0
2.448
2.448
1.224
1.324
1.324
1.224
1.224
0.1
2.448
1.224
2.648
2.448
2.448
1.224
2.448
1.224
2.448
1.224
2.648
2.548
1.224
1.224
0
2.448
2.448
0
2.448
3.672
1.424
2.448
1.324
2.448
2.548
2.448
3.672
2.448
3.872
1.524
2.448
1.224
2.448
0
2.448
0
1.924
1.224
0.1
0.4
1.624
0.2
