2.036
1.324
1.324
2.648
2.548
0
1.224
2.448
0
1.224
1.224
0
1.224
1.424
1.324
1.224
1.224
2.448
2.548
2.448
0
0
1.224
2.448
1.424
2.448
2.448
1.224
2.448
1.224
2.448
0
0.6
0
3.06
2.136
1.836
1.836
1.936
1.836
1.836
2.136
1.836
1.836
1.936
1.836
2.036
3.26
2.036
2.036
1.836
1.836
2.036
3.06
1.836
3.26
3.06
3.06
1.836
2.036
3.56
3.06
1.836
4.384
2.136
1.836
3.16
3.06
1.836
3.16
1.936
3.06
3.06
1.836
2.336
3.06
3.06
3.16
3.06
1.836
3.36
3.26
1.936
3.16
1.836
3.06
3.06
1.836
3.06
5.808
1.836
3.16
3.06
3.06
3.06
1.836
1.936
3.06
4.284
4.284
1.836
3.46
3.16
1.936
3.06
1.836
1.836
2.436
3.06
1.836
3.26
3.06
1.836
3.06
1.936
1.836
1.836
4.284
1.836
1.836
3.76
1.836
4.284
3.36
3.16
1.836
1.836
1.836
1.836
3.16
2.036
1.836
3.06
1.936
2.036
2.036
1.836
3.16
1.836
2.136
3.16
7.308
3.06
1.836
3.06
3.06
1.836
3.06
1.836
3.06
1.836
1.836
1.836
1.836
2.136
1.836
3.36
1.836
1.836
1.836
1.936
3.06
1.836
3.06
1.836
3.06
3.06
3.06
1.836
5.184
3.06
3.16
3.06
1.936
3.06
3.16
3.06
3.06
1.836
1.836
1.936
3.26
3.06
4.284
2.036
4.584
2.136
3.06
3.06
4.384
3.06
1.836
1.936
3.36
3.16
1.936
1.836
1.836
0
1.224
1.324
1.224
0
1.224
0.6
1.224
0
0.1
1.224
1.324
1.224
0.2
2.648
1.224
0
1.524
0
2.648
0
1.224
1.224
1.224
0.2
1.224
1.224
0.2
0
0
1.524
1.224
2.648
2.448
1.224
0
1.324
0.1
2.948
0
0
0
0
0.1
0
0.2
1.224
1.224
2.448
2.448
0
1.524
0
1.324
1.224
1.224
1.324
0
1.224
1.324
2.448
0.2
1.224
1.224
1.224
0
1.224
1.224
1.224
1.224
0
1.224
0
0.1
0
1.224
1.324
0
1.224
3.06
1.324
1.224
2.448
1.224
2.548
2.448
2.448
0
0
0.1
1.424
0
0
1.224
1.224
1.324
1.224
0
1.224
0
1.324
0
2.448
1.224
0.2
1.224
1.224
1.224
1.324
1.424
2.448
1.324
2.448
1.224
1.224
2.448
2.448
1.224
0
0
1.224
0.1
0
1.224
0
0
1.324
0
1.324
1.224
1.224
1.224
2.648
3.672
1.224
1.424
1.224
1.224
0
1.224
0.3
1.224
1.224
0
1.624
1.224
0.3
0
0
1.224
0
1.324
0
1.224
1.524
1.924
2.448
0
0
3.16
2.448
1.324
0
1.224
0
0
1.224
1.224
1.224
1.224
1.224
1.324
1.224
0
1.224
1.224
2.448
1.224
2.448
1.224
1.224
1.224
2.548
2.448
1.224
1.224
2.448
0
1.224
0
0
0
1.224
2.448
2.948
2.448
2.448
0
0
0
0
2.448
1.224
1.224
0
1.324
1.224
0
2.448
2.448
0.1
1.224
1.724
0.1
2.448
0
2.448
1.424
0
2.448
2.448
1.224
0.1
2.448
0
2.448
0
0.2
2.448
1.224
0.1
1.324
3.672
1.224
0
0.1
1.424
2.448
0
1.624
0
2.448
2.448
2.548
3.672
1.224
2.548
1.224
2.448
1.224
0.1
0.1
2.448
0
2.448
1.324
1.224
0
1.224
2.448
0
2.648
0.1
1.224
0
0.1
2.648
1.224
0.1
0.3
0.1
2.448
0.1
0.1
0
1.224
2.448
0.2
2.448
2.448
0.1
1.224
1.224
1.224
0
0
2.448
0
2.448
2.548
2.548
1.224
0
2.448
1.224
2.548
0
0
2.448
0
1.424
1.224
1.224
1.224
0.1
0
1.224
1.224
1.324
1.224
2.448
1.224
0
2.648
1.224
0.1
1.224
2.448
2.548
0
2.548
1.224
1.524
0
1.224
0
2.448
1.324
1.324
1.224
1.224
0
1.224
1.224
1.524
0
0
2.448
0.1
0.1
0
0
2.448
1.224
3.672
0
2.448
0.1
1.724
2.548
1.224
0
0
1.224
1.224
0
0
0
0
1.424
0
0
3.772
0.1
1.224
1.224
1.224
0
1.324
0
0
2.448
1.224
1.424
1.224
2.448
0
0
1.224
0
0
0.1
0
1.224
1.224
1.224
0
0
1.224
0.1
2.448
0
1.224
2.448
1.224
0.1
0
1.224
0
0
0
1.224
1.224
2.448
3.872
1.224
1.324
2.448
2.648
0
2.548
2.448
0
2.548
0
2.448
1.224
0.2
0
0
0.4
2.548
1.224
2.448
0
0
1.224
2.448
2.448
1.224
1.224
0
1.324
1.224
0.1
0
1.224
1.224
1.224
1.224
0
0
2.448
1.224
1.224
1.224
0.1
1.224
0
0.1
2.448
1.224
1.324
0
0
0
0.1
1.224
1.224
1.324
2.448
1.224
1.324
0
1.424
0
1.224
1.224
0.1
1.224
2.548
0
1.224
0
1.224
1.224
2.548
0
3.672
1.224
1.424
1.224
0.1
2.448
1.224
0
1.224
2.448
0
3.672
0.1
1.224
1.224
0
1.224
2.448
0
0
3.672
0
1.224
1.224
1.224
0
2.448
2.448
2.448
0
0
0.1
0
0
2.448
1.224
1.224
2.448
1.224
0
2.548
1.324
1.224
2.448
1.224
1.224
0
1.224
0
0
0
1.224
2.548
1.224
1.324
0
0
1.224
2.448
1.224
1.224
1.224
0.1
2.448
1.424
1.224
0.1
2.548
0
1.224
2.448
1.224
0
1.224
0
0.1
2.548
1.224
1.224
0.1
2.448
1.624
1.324
1.224
0
2.448
2.548
1.224
0
0
0
2.448
0
2.448
0
1.424
0
3.672
1.224
0
1.224
2.448
1.224
0
1.224
1.324
1.224
0
2.448
1.224
0
2.448
1.224
2.648
1.324
0.1
1.324
2.448
2.448
0
1.224
1.224
1.224
2.548
2.448
0
1.224
0
0
0
2.448
1.224
2.548
1.224
0
1.324
1.224
2.448
1.224
2.448
1.224
0
1.224
0.1
2.448
2.448
2.448
0
2.448
1.224
0
0
0
2.448
1.224
1.224
1.224
1.224
1.224
1.224
1.224
0
1.224
0
0.1
1.224
2.448
1.324
1.224
1.224
2.548
1.224
0
3.672
1.224
2.448
1.324
1.224
0
1.224
2.648
1.224
0
0
0
0.1
0
2.448
0
0.2
0
2.648
1.224
1.224
2.448
2.448
2.448
1.224
0
1.524
1.324
0.1
0
1.224
2.448
0
0
1.224
0
0
1.224
0
2.448
0.1
1.224
2.448
0
0
2.448
2.448
1.224
1.224
1.524
0
0.1
0
2.448
1.224
1.224
2.548
1.224
0
1.224
1.224
1.224
0
1.224
0.1
3.672
0.2
1.224
0
1.224
1.224
2.448
2.648
2.448
0.1
2.448
2.448
2.448
0
2.548
1.424
2.548
3.872
2.748
0.1
1.224
2.448
2.448
3.672
2.548
2.448
2.448
0
0
0
1.224
0.1
2.548
0
1.224
1.224
1.224
1.224
2.548
2.448
2.648
1.224
0
0.1
1.224
2.448
1.324
1.324
2.448
2.448
1.224
3.972
2.448
2.448
0.1
0
0.1
3.672
3.972
3.672
1.224
0
0.1
0
1.224
1.224
2.548
0
0
1.224
2.548
1.224
1.224
1.324
0
0
1.224
1.224
1.224
1.224
0
0
2.448
1.424
1.224
1.224
1.724
1.224
0.1
1.224
2.448
0
1.324
1.224
1.224
1.224
1.224
0
1.324
0
1.324
1.836
1.224
0
1.324
1.224
0
0.1
0
0
0
1.524
0
1.224
0
0
0
0
2.448
0
3.972
0
0
0
0
1.224
0
1.224
2.448
1.224
0
0
1.224
2.548
1.324
0
0
1.224
1.224
1.224
0
0
0.1
0.7
0
0
0.1
0.1
1.624
1.224
1.224
0.1
0.2
0
1.224
1.224
0
1.324
1.224
0.2
0
0.2
0.1
0.1
1.224
1.224
0
1.224
1.224
0
0.1
0
0.1
1.224
1.224
1.324
0
1.324
1.424
1.224
1.224
1.224
1.224
2.548
0.1
0.1
3.672
0
0.1
1.324
0
0.3
1.324
0
1.224
0
1.224
0.2
1.224
0.1
2.448
0
1.324
1.224
1.224
0
0.1
1.224
0.1
0
1.224
1.224
1.324
0
0
0
1.224
1.324
1.324
0
0.1
0
0.1
0
0.1
1.424
1.324
0
0
0
0
1.224
0
2.548
2.548
0
0
0
1.324
0
1.224
1.224
0
2.548
0
0
1.224
0
1.324
0
0
2.448
0
0
0.1
0
0.1
0
0.1
0
0
0
0.3
1.424
2.448
1.224
1.424
1.324
1.224
2.448
1.224
0.2
0
1.224
0
0
1.224
1.224
0.1
0.1
1.224
0
1.224
1.224
0.1
1.324
0
0.1
1.224
0.1
1.224
1.224
0.2
0
1.224
1.224
0.1
0.1
1.424
0
0
0
1.224
0.1
0
1.224
1.224
0
0
1.224
0
0
0
0
0
0
0
2.448
1.224
0
0
0.1
0
0
0
0
0
1.224
0
1.324
1.224
1.224
0
0.2
1.424
1.224
0.1
1.224
1.224
1.224
0
1.324
1.324
1.224
1.224
1.224
1.224
1.324
0.1
1.224
0
1.424
0
1.224
0
1.324
1.324
0
1.224
0
0
0
1.224
2.448
0
0
1.224
0
0.2
0
1.224
1.224
0
0
1.224
0
0.3
1.224
0.1
0
0.1
1.424
1.224
0
1.224
1.224
0
0
0
1.424
1.224
0.1
0
0.1
0
0
1.524
1.524
1.224
1.524
0
1.324
1.224
0
0.2
1.224
1.224
1.224
1.224
1.324
1.224
0
1.224
0
1.224
1.224
0.1
0
0
0.1
3.672
0
0
1.224
0
0.2
1.224
0
0
1.224
0
0.1
0
1.324
0
0
2.448
0
1.424
1.224
0
0
0.1
1.224
1.224
0
0.1
1.224
1.224
1.224
1.224
0
1.224
2.548
0
0.2
0
0.1
2.448
0
0.1
0.1
0
0
0
0
1.224
1.224
1.224
0.1
1.424
2.448
0
0
0
2.448
0
0
1.224
1.424
1.224
1.224
1.224
0
1.224
0.1
1.324
1.224
0
1.224
0.1
2.448
0
1.224
0.2
0.1
0.1
1.224
0
0
0.2
0
1.324
1.224
1.224
0
0.5
0
0.2
1.224
0
2.548
1.224
1.424
0
0
0.1
0
0
0
1.224
0
1.224
1.224
0
0.1
0
0.1
0
0
0.1
0
1.224
0.1
1.524
0.1
1.224
1.224
0
1.224
1.224
0.1
0.1
1.324
0
2.448
1.224
0.1
0.2
1.224
0.1
1.324
1.224
0
0
0.1
0
1.224
1.424
1.324
1.224
1.324
0.1
0.1
0
0
1.224
1.224
1.224
1.224
0
0
2.448
0
1.224
0
0
0
0.3
1.224
1.224
0
1.224
0
1.224
0
0
0.2
0
0
1.224
0
0
0.1
1.224
1.224
0.3
0.3
1.224
0
0.1
0
0
0
0
1.424
1.224
1.224
1.224
0
1.224
0
1.424
0
1.224
0.1
1.424
1.224
1.224
0.1
0
0
0
1.224
0
1.224
1.224
0
1.424
1.424
0
0
0
1.224
1.224
0
0
1.424
2.448
0
1.224
1.224
0.4
1.324
2.448
0
1.224
1.424
0
0.1
2.548
1.224
1.224
0
0.1
0.2
0
1.324
0.4
1.324
0
1.224
0
0
0
1.224
1.224
0.1
0
1.224
0.1
1.224
1.224
1.224
1.324
1.224
0
0.2
0.1
2.448
0
0
1.224
0
0
1.324
2.548
1.324
1.324
0
0
0
0.1
0
0.1
0
1.224
0
0.1
0
1.424
0.3
0
0
1.224
2.448
0
0
1.224
2.448
1.224
0
0
1.224
2.448
0
0.2
1.224
2.448
0
1.224
1.224
0
0
1.424
1.224
1.424
1.224
1.424
1.224
1.224
0.3
2.448
1.224
1.224
1.624
0
0
1.324
0.1
0
0.1
0
0
0
1.224
1.424
0.3
1.224
2.548
0
0.5
1.324
0
0.1
1.224
0.1
1.324
0
1.224
1.224
1.224
1.224
0
0
0
0.1
0
0.1
0
0.1
1.924
0
0
0
2.448
1.324
1.324
1.424
0
0.3
0.1
0
1.324
1.224
1.324
0.3
0
0
0
0.1
0.2
3.048
0
0.1
0
1.224
0
0
0.1
0
0
0
1.424
0
0.1
0
0
1.324
1.324
0
1.324
0.1
1.224
1.224
0
0
0.1
0
0
0
0
0
1.324
1.224
1.624
0
1.224
0
0.5
0
0
1.324
0.1
0.1
2.448
0.1
0.1
1.324
1.224
0
0
1.424
1.224
0
0
0.2
1.524
1.224
0
1.324
1.836
2.036
1.836
2.036
1.836
3.06
1.224
1.424
0
0
1.224
0
1.224
1.836
2.448
1.224
0.1
2.448
1.424
0
0
1.224
0.2
1.224
0.7
1.224
0
0
1.224
1.224
2.448
0.1
0
2.548
0
2.448
1.224
2.448
0
1.224
0
2.948
0
1.224
0
1.424
0.1
1.524
0.4
1.224
0.3
1.324
2.448
0
0
0
1.224
1.224
2.448
1.224
0
2.448
0
3.672
0
1.224
1.224
0
1.224
1.224
3.672
0
1.224
1.224
2.448
1.224
0
1.224
0
3.972
1.224
1.224
0
2.448
1.224
0
0
2.748
1.224
0
0.2
0
1.324
1.224
0
1.224
2.448
0
1.224
0.1
1.424
1.224
1.324
2.448
3.672
2.548
1.224
2.448
2.448
1.224
0
1.224
0.1
0.6
0
0
0.1
2.448
0
