1.224
1.324
0.3
1.324
0
3.06
2.748
2.448
2.548
2.448
3.872
1.324
1.324
2.448
2.848
1.224
0
1.224
1.224
1.224
1.836
1.836
0
1.224
2.548
1.224
1.224
0.1
1.224
0
1.224
0
1.824
1.224
0.1
1.224
1.224
1.224
0
1.324
1.224
2.436
0
0
0
0
0
0.4
1.224
1.324
0
0
1.224
0
0
0
1.224
0
1.224
0.2
0.2
0.3
0
1.424
1.936
1.524
0
0.1
0
0.4
1.324
1.224
1.324
3.06
2.336
2.548
0
1.224
0
1.224
0.3
0.1
0
0
0
0
0
0
0
1.524
1.224
0
0
0
0
1.224
1.324
1.224
1.224
1.224
0
0
0.1
1.224
0
1.224
1.224
0.2
0
1.224
1.324
0.1
1.224
0
0
1.936
1.224
0
1.224
1.224
0.8
0
1.224
1.524
0
1.224
1.224
0
0
0.1
1.324
0
0
0
1.836
0
0.1
0
0.1
0
2.448
1.224
0
0
0
0
0.2
0
1.224
0
0
1.224
1.224
1.224
1.224
1.224
0
0
1.524
0.1
1.224
0
1.324
0
0.1
0
0.1
1.224
0
2.124
1.224
1.524
0
1.224
0
0.1
0.1
0
1.836
1.424
1.324
0
2.548
1.224
1.224
1.424
1.424
1.324
1.224
1.224
2.848
2.448
2.448
1.424
1.324
1.224
1.224
2.448
1.224
0
3.06
0
0
0.1
1.624
0
1.224
1.424
0.2
1.224
0
1.224
1.324
0
3.06
0.6
1.224
3.26
0
1.836
0
0
0.3
0.1
0
0.1
0
0
0.1
1.224
1.324
1.224
0
1.836
0
0
0.5
1.836
1.836
0.1
1.836
0.2
1.836
0
0
0
1.224
0
0
1.624
0
0
0.1
0
0
0
1.836
0
1.224
0
0.2
1.224
2.548
0.2
0
1.224
1.324
0.1
1.224
0
1.224
1.224
1.224
0
0.2
0
0
0
1.224
1.224
0
0
0.3
1.224
0.2
1.224
0
0
0
1.836
1.836
0
0
0.1
1.224
0
0
0
0
1.224
1.224
1.224
0
1.324
1.224
0
0
1.224
1.224
1.324
0.1
0
0
1.224
1.224
0
1.224
0
1.224
0.1
1.224
1.224
1.324
0
0.2
1.224
0
0
1.224
0
1.824
1.224
0
3.06
3.16
0
0
1.224
1.824
2.448
0
1.224
0.4
0
1.524
0.3
1.224
0.2
0.2
1.224
1.224
1.324
0.1
0.7
1.224
1.836
1.224
0
1.224
2.548
2.448
1.224
1.224
1.224
0.1
1.224
0
1.224
3.16
0
0.1
0
0
1.224
1.224
0
0.1
1.224
1.224
1.224
1.324
1.424
0
0
1.224
0
0
1.424
1.324
0.1
1.224
2.448
1.624
0
1.324
1.224
1.836
1.324
1.224
1.224
0
1.836
1.224
0.2
0
3.06
0
0
0
0
1.424
0
1.324
1.836
1.224
0.1
1.224
1.224
0
0
1.836
3.16
0.1
1.324
1.324
0
3.06
1.224
0.4
0.2
1.224
1.224
0
0
0.1
1.524
1.224
1.524
0
2.448
1.224
3.16
1.224
1.224
1.424
1.836
0
0
0.1
1.836
1.224
1.936
1.224
0.2
0
1.224
3.06
0
0
1.324
0.2
0.1
0
0.1
1.424
0
0
0.2
2.236
1.224
0
1.524
0
1.224
1.924
0
1.324
1.836
0
0
0
1.224
1.224
0
1.324
0
0
2.548
1.324
0
1.224
0
2.036
0
0
1.836
1.324
0
0.1
0.1
3.06
0
0
1.224
1.224
0
1.936
0.1
1.224
0
1.224
0.2
0
1.836
0
0.2
3.06
1.224
1.224
0
0.7
0
1.224
0
1.324
0
0.2
0
1.836
1.224
0
0.1
0.1
1.224
0
0
1.224
1.224
0
1.324
1.324
0
1.224
1.224
1.224
0.1
0
3.06
0
1.224
1.224
1.224
0
0.1
1.224
1.836
0
0.2
0
0.1
1.524
1.224
0.1
0
0
3.06
3.16
0.4
3.06
2.448
1.224
1.224
0
1.324
0
1.836
0
0
0
1.424
0
0
0
1.224
0
1.936
0
1.224
1.224
0
1.224
1.324
1.836
0
0
1.224
0
0
1.836
0
1.224
1.224
1.324
1.224
0
1.224
3.36
0
1.224
1.224
1.224
0
0.1
3.16
1.224
0.5
0
0
1.824
1.524
1.224
1.224
0
0
0
1.224
1.324
0.1
1.324
0
1.224
0
1.324
1.836
0
0
1.936
0.1
0
0
1.224
0
4.284
0
0.2
1.224
1.224
0.2
1.224
1.224
0
1.224
1.224
0.1
0.1
0
3.06
0
1.224
1.524
0.4
0
1.424
1.836
1.836
0
0
0
1.224
1.224
0
0.2
0
0
1.324
0
1.224
1.324
2.748
0
1.224
2.548
1.836
1.224
0
1.224
0
1.424
0
1.324
0
1.836
0
0
0
0.1
1.324
0
0
0
0
1.324
1.224
0
0
1.836
0.1
0
1.936
1.224
1.424
1.224
0
1.224
0
1.224
1.224
0.2
1.224
1.224
1.224
0
0
0
1.224
1.324
1.836
0
1.224
0
3.46
0.1
0.1
0
1.224
1.836
0
1.836
0.2
1.324
1.224
0
0.1
0
0
0
1.224
0
1.224
0
1.224
0
0.1
0
0
0
0
1.724
1.324
1.224
0
1.524
0
0
1.224
0
1.836
1.224
1.936
1.836
0
1.324
1.224
1.224
0
1.224
0.1
1.224
0
0
2.548
2.448
0
1.224
0
1.936
0
1.324
1.224
1.424
0.1
1.836
0.2
1.224
0
0
1.224
1.836
0.2
0.1
3.06
1.224
3.06
0
0
1.836
0.2
1.224
1.224
0
1.224
0
0
1.224
0
1.224
0
0
0
0
1.224
1.836
1.224
1.836
1.836
1.224
0
1.224
1.324
2.448
0
0
0
1.936
2.448
1.836
1.224
1.224
1.224
1.224
0
0
1.224
0
0
0
0
0
3.06
1.224
0
0
0.1
0.1
0
1.224
0.1
0
0
0
0
3.06
0
1.224
0.2
1.324
1.224
0.2
0
1.424
0
2.448
0
1.836
0
0.4
1.424
1.224
0
1.836
1.224
0
0
1.936
0.2
1.224
0
1.424
1.224
1.224
0.1
1.224
0
0
1.224
0
1.224
0
0
1.224
1.324
0
0
0
0
1.424
0
0
1.224
1.524
0
1.224
0
1.524
1.224
1.524
1.936
1.836
3.06
3.26
1.224
1.224
1.324
0
0
1.224
0.1
3.06
0
1.624
0
1.324
0
0.2
0
1.324
0
1.424
0
1.224
1.324
1.836
1.836
1.836
0.2
0
0
0
0.1
0.1
0
0.2
0.1
0
0
0
0
1.224
2.448
1.224
0
1.936
1.324
3.06
0
1.524
1.224
0
1.836
0
1.836
3.06
3.16
3.16
1.224
2.648
3.06
1.936
1.936
1.836
0.1
1.836
0
0
0
0
0
0.1
0
0
0
0.1
0
0
1.224
1.224
0
0
0
0
0
0
2.036
2.548
1.224
0
0.1
0.1
0
0
1.836
0
1.524
1.836
0.4
0
1.224
0.1
0.1
0
0
0
1.936
0.1
1.224
0.2
0.1
0
1.224
0
1.224
1.224
1.224
1.224
1.524
0.1
1.424
1.424
1.324
0
0.1
0
2.448
1.224
0.1
0
2.448
1.724
0
0
0
2.448
1.324
0
0
0
0
0.8
0
0.1
1.224
0
1.424
0
1.424
0
1.424
1.224
0
1.224
3.06
0
1.224
2.648
2.448
2.848
1.224
2.448
5.508
1.224
2.448
1.224
1.224
1.224
2.648
1.224
1.424
2.448
2.448
3.672
1.224
1.224
1.524
1.224
1.324
2.448
1.224
1.324
2.548
2.648
2.448
1.224
2.448
3.772
4.284
1.324
2.548
1.224
1.224
1.324
2.448
1.324
1.324
1.224
1.224
2.748
3.16
1.224
1.224
1.224
1.224
1.324
2.648
2.448
1.224
2.448
1.524
1.224
2.448
1.224
1.224
1.224
1.224
2.648
3.16
1.224
1.524
1.324
1.424
1.324
1.424
1.224
2.548
2.548
1.224
1.224
2.448
3.772
3.672
1.324
3.06
1.324
1.224
1.224
1.324
2.448
1.224
1.224
1.224
2.548
1.224
2.448
1.324
2.648
1.224
2.448
1.324
2.448
1.424
1.424
2.448
1.224
1.624
2.448
2.448
1.324
2.648
1.224
1.324
1.224
2.748
2.648
2.448
2.448
2.548
1.224
2.548
3.772
1.324
1.224
3.672
3.672
1.424
1.224
1.224
2.448
1.224
2.448
1.224
2.948
1.224
2.648
2.448
1.324
1.224
1.324
2.448
1.324
1.424
2.548
1.224
2.448
1.824
1.224
2.448
1.224
1.224
1.224
1.224
1.324
1.224
2.548
2.548
2.448
2.448
1.424
2.448
1.324
1.324
1.424
1.224
1.324
1.224
1.224
1.224
1.224
4.384
1.224
2.448
2.448
3.16
2.448
1.224
1.224
1.224
1.424
1.424
2.548
2.448
2.548
2.548
2.648
2.448
2.648
1.224
1.824
2.848
3.672
1.224
3.06
2.448
1.424
1.224
1.324
1.224
1.324
2.448
1.224
2.448
2.448
2.448
2.548
1.224
2.648
2.448
3.26
1.524
1.224
2.448
1.224
1.224
1.324
2.648
1.224
1.224
1.524
2.448
1.324
1.224
1.224
1.424
2.448
1.324
2.648
3.16
2.548
1.224
1.224
5.608
2.448
1.224
1.224
1.224
1.724
1.224
2.548
2.448
2.448
2.448
2.448
4.072
2.848
3.672
1.424
1.224
3.56
1.224
1.224
2.848
2.448
3.672
2.448
1.224
1.224
1.224
1.224
1.324
2.448
1.224
2.548
1.424
2.448
1.224
2.748
2.448
1.224
1.224
1.224
1.324
2.548
1.224
2.448
2.448
1.224
2.548
2.548
1.224
1.324
1.224
4.284
1.224
2.548
1.224
2.448
2.448
4.284
1.324
3.672
2.848
2.548
2.548
1.224
2.548
2.648
1.224
1.324
1.224
1.224
1.224
1.224
1.224
2.448
1.224
1.224
1.224
1.224
3.26
2.548
1.224
2.748
1.224
1.224
1.224
1.224
2.648
2.448
2.448
1.224
1.224
1.224
2.448
1.324
2.548
2.548
2.448
1.224
1.224
2.448
1.224
2.448
1.324
1.224
2.448
1.224
3.16
1.224
1.324
3.672
3.06
2.448
2.848
2.448
2.448
2.548
2.748
1.224
2.648
5.908
1.224
1.224
2.648
1.224
2.648
2.548
2.448
1.324
1.324
3.772
2.448
1.224
1.224
2.448
1.424
1.224
3.06
1.224
2.548
2.448
1.224
1.224
2.548
2.448
2.448
2.448
2.448
1.224
7.808
2.648
4.572
1.424
1.224
3.772
1.224
1.224
1.324
1.324
1.324
1.324
1.224
1.524
2.448
3.16
2.548
2.548
2.448
1.224
1.424
1.224
2.448
3.36
2.448
1.224
1.624
1.224
1.324
2.648
1.324
2.448
1.224
1.224
2.448
1.224
1.224
1.224
2.648
1.324
1.224
1.224
2.448
1.324
3.16
3.06
1.224
2.548
1.224
2.448
1.224
2.448
1.324
2.448
1.424
1.524
1.224
2.448
3.772
1.224
1.224
1.224
1.224
1.224
2.548
2.448
1.224
2.548
1.324
2.448
2.448
1.224
2.448
1.324
1.224
1.224
2.448
1.224
3.672
1.224
1.724
2.448
1.224
1.324
2.648
1.224
2.448
2.548
1.324
2.448
1.224
1.324
1.524
3.672
3.672
1.224
1.224
5.508
1.224
2.448
1.324
1.224
1.224
2.448
1.224
1.224
1.224
1.224
1.324
3.772
2.648
1.424
2.548
2.448
1.224
1.424
1.224
2.448
1.224
1.224
2.448
1.224
1.224
2.548
1.224
2.948
1.524
3.672
2.648
2.448
3.06
1.324
2.548
2.548
3.16
1.224
2.448
2.448
1.224
2.648
1.224
1.324
1.224
5.508
2.448
2.648
1.224
1.424
2.448
1.224
2.448
2.448
1.324
1.324
2.548
1.224
1.324
1.224
1.224
2.448
2.448
2.448
1.424
2.548
3.672
2.548
2.548
2.548
1.624
2.848
1.224
2.448
1.224
1.224
2.448
1.324
2.748
2.448
2.448
2.448
2.448
1.224
1.224
2.448
1.224
1.224
2.448
1.324
1.224
1.224
1.224
2.448
1.224
2.548
3.048
1.324
1.224
2.448
1.224
1.524
1.224
1.224
1.224
1.424
1.224
1.224
1.324
1.224
4.284
2.648
3.16
2.448
1.424
2.448
2.548
2.548
2.448
2.948
1.324
2.648
1.224
2.448
1.224
2.548
1.324
5.608
1.324
1.224
5.608
2.448
2.448
1.324
2.448
2.448
1.324
2.548
1.224
2.448
3.06
3.348
2.548
2.448
2.448
2.448
1.224
1.724
2.948
2.448
4.584
1.224
1.224
2.448
2.448
1.224
2.748
1.224
1.424
3.16
2.448
1.324
2.124
2.548
1.224
1.224
3.16
2.448
2.448
2.648
1.324
2.548
1.224
1.224
1.224
1.224
2.448
1.224
1.224
3.772
1.424
1.224
1.224
1.324
1.224
4.284
2.448
2.548
1.424
2.448
2.448
2.448
2.448
2.448
1.224
2.448
2.448
1.224
4.284
2.548
4.284
2.448
1.224
2.448
1.324
1.324
2.448
2.548
4.272
1.224
2.548
1.224
2.448
1.224
1.224
2.448
1.524
1.324
1.224
2.548
1.224
1.324
1.524
1.224
1.424
1.224
3.16
1.224
2.448
1.224
1.224
1.224
3.06
2.448
1.224
4.284
1.324
1.324
1.324
2.648
1.324
1.224
2.648
1.524
0
0.6
1.224
1.224
1.224
0
0
1.224
1.224
2.136
1.324
0.1
1.224
0
1.224
1.224
3.06
1.224
3.96
0
0
1.836
1.524
0.1
1.624
0.2
1.224
2.024
0.1
3.06
1.224
0
0
1.224
1.224
0
3.06
1.836
1.224
1.324
1.224
1.836
1.836
0
0
1.424
0
1.224
0
0
0
1.324
0
1.224
0
1.224
1.324
0
0
1.324
0
1.224
0
0
1.524
1.224
1.224
1.424
1.224
0
0
0
0
0
0.1
0
1.224
1.524
0
0
0
1.224
0
0
1.224
3.06
0
1.224
1.224
0.2
1.424
1.224
1.324
1.324
1.524
1.324
