1.424
0.4
2.724
0.1
1.324
1.324
1.224
1.224
2.448
1.224
2.848
2.448
1.324
1.724
1.324
0
0
0
0
0.1
2.548
2.548
0.1
0
1.624
0.1
0
1.524
2.448
1.224
0
1.224
2.024
2.448
0
1.524
1.224
1.224
0.2
1.324
1.224
2.224
0
0
0.1
1.324
0.1
0.3
1.624
3.772
1.324
0
4.372
0
0
0
1.324
0
1.324
1.624
0.7
0.3
0.2
0.3
0.2
1.324
0
0.3
1.324
0.6
1.424
2.948
1.624
1.324
2.324
1.524
1.224
0.3
0
1.224
1.724
0
1.224
0.1
0
0
0
0
0
0.5
1.224
0
0.1
0.1
0
2.548
2.548
1.224
1.224
0
0
0.4
0.2
1.224
0
1.324
1.224
1.2
0
2.548
1.524
0
1.224
1.224
0
0.3
1.324
0.2
1.324
1.324
1.6
0.1
0
1.724
0
2.448
1.324
1.224
1.324
1.624
1.324
0
0
1.224
1.424
0.5
1.324
1.224
1.424
0.5
1.324
0.1
0
1.824
0
0.1
1.324
0.3
1.324
0
1.224
1.224
1.224
1.324
1.724
1.324
0.3
0.3
1.424
0.2
1.324
0.1
1.224
0
0.4
0.2
0
1.224
0
1.1
1.224
1.624
1.224
1.324
1.224
1.624
0.2
1.224
2.548
1.924
1.424
4.248
1.224
2.448
1.224
2.648
2.948
2.548
1.324
2.448
1.524
3.872
2.648
3.048
2.648
2.848
2.548
2.548
1.224
0.3
1.324
0
0
1.324
2.424
0
1.324
2.548
1.424
1.424
1.224
1.524
0.2
0
1.224
1.6
1.224
0.2
0
1.224
0
2.548
1.824
2.448
1.324
1.324
1.224
1.224
1.524
2.448
1.324
1.224
1.224
0
1.224
0
2.324
1.324
1.224
1.324
0
1.624
1.524
0
0
0.1
1.224
1.224
1.224
0.3
1.224
0
1.224
0
0
1.224
0
0.2
1.224
1.424
2.448
1.224
1.224
0.2
2.548
1.224
0.3
2.448
2.448
2.448
1.224
1.324
2.448
1.224
0.5
1.224
1.224
1.324
2.548
1.224
0
1.224
2.748
2.448
1.224
1.224
2.448
2.548
2.548
2.448
2.448
2.448
0
0.3
0
0
1.224
0
0
1.324
0
1.324
0.1
0.1
0
0
0.1
1.224
0
1.324
0.2
0
1.224
0
0
1.324
1.224
1.324
0
1.224
1.224
0
1.424
0.1
0.1
1.224
0
1.224
0.1
0
0.5
0
1.224
1.624
1.324
0
1.324
0
1.824
1.224
0
2.448
1.824
0
1.424
1.324
3.672
1.224
0.1
1.224
2.548
1.324
0.8
1.1
0
0
1.224
0.1
0
3.972
3.872
0
2.548
2.448
1.324
0
0
3.672
0
1.224
1.224
1.224
1.224
1.224
0
0
1.424
0.2
0
0.1
1.224
1.824
1.224
0
0
0.2
2.448
2.648
1.324
0
0
2.448
0.8
0
0.1
2.448
0
2.648
1.224
0
1.224
1.324
1.224
2.448
2.448
3.672
2.448
2.448
2.748
1.224
0.6
1.324
1.324
1.224
1.324
0
1.324
0
0
0
2.448
1.324
2.448
0.3
1.224
2.548
0
2.548
2.748
1.324
0.1
1.224
1.224
0.1
2.648
0
1.224
1.324
1.224
1.224
1.224
0
0
1.224
0
1.224
1.224
1.224
2.548
1.224
0
0
0
1.224
0
2.448
1.224
1.224
0
1.524
1.324
1.224
1.224
0.6
1.324
0
0.2
2.024
0.3
0
1.524
2.848
0
1.224
1.424
1.224
0
0
0
0.2
1.324
0
1.224
0.3
0
0
1.224
1.224
0
1.224
1.224
1.224
1.424
1.224
1.324
1.224
0
2.448
5.372
1.224
0
1.224
0.3
1.224
0
2.448
1.224
0.2
0
1.224
1.224
1.524
1.324
1.224
2.448
1.324
0.1
2.448
1.224
0
0.9
1.324
1.224
2.448
0
3.672
1.624
2.548
1.224
1.224
1.224
1.424
1.424
2.448
0
2.648
1.224
1.224
1.224
1.224
0
2.448
0.1
2.448
0
1.324
1.624
1.224
2.448
1.324
2.448
0
1.324
1.224
1.224
0.1
1.224
1.324
1.224
0
0.1
1.224
0
0
0
2.548
2.748
1.324
3.672
2.448
1.224
0
1.224
0
1.224
1.224
0
2.448
1.224
1.724
1.224
0
1.224
0
0
2.448
2.548
1.324
0
1.224
1.324
1.324
0
1.324
0
1.224
1.224
1.224
1.224
1.224
1.224
0
1.224
0
1.224
0
0.1
1.224
0
0
1.224
0
2.848
0
0
1.524
0
0
1.824
1.324
2.448
0
0.1
0.2
1.224
0
0.1
2.548
4.772
0
0
1.524
2.448
1.424
1.224
1.324
1.224
1.324
0
2.448
0.1
2.548
1.224
1.224
1.824
2.448
1.224
0.3
0
1.324
0
1.224
1.224
0.3
2.548
2.448
2.548
2.448
0
0.1
1.624
0
4.072
1.224
1.224
1.224
1.224
0
2.448
1.224
1.224
2.548
1.224
1.224
1.324
0.1
1.224
1.624
2.548
1.424
1.224
1.324
1.224
1.224
2.648
0
2.448
1.324
1.224
0.1
2.448
0
0
1.224
1.224
0.2
0
1.224
2.448
1.224
2.448
3.672
0.1
0
1.224
1.324
0.2
2.648
1.424
1.224
1.224
1.224
1.224
1.224
0
1.224
0
1.724
1.324
1.224
0.1
1.224
1.224
0
1.224
1.224
1.224
2.448
1.224
1.224
0.8
1.224
0.1
2.448
0
1.224
1.224
1.224
1.824
0.1
2.548
1.224
1.324
0.2
1.224
2.648
1.324
1.224
3.672
0
1.224
2.448
0.2
2.448
1.224
1.224
1.224
0.8
7.072
0
0
0.4
2.448
1.224
1.224
1.224
2.448
0
2.448
0.1
1.324
2.448
1.224
0
1.224
1.224
1.224
2.448
1.324
0
2.548
2.548
1.224
1.224
1.224
1.224
1.224
1.324
1.224
0.3
0
2.548
2.548
1.224
0.2
0
2.548
1.224
0.3
0.2
1.224
1.224
1.224
1.224
2.448
0
0.2
1.224
1.324
1.224
1.224
2.548
1.224
1.224
2.748
1.224
0
1.224
1.224
2.748
0
1.324
1.224
1.224
1.224
0
0
1.224
2.448
2.648
0
0
1.424
1.224
1.224
1.224
0
1.224
0
1.224
0
0
0
2.748
1.224
1.224
2.448
0
1.224
1.224
1.324
0
2.448
2.448
0
3.772
3.248
0.1
0
2.448
2.448
3.672
1.324
0
1.224
1.724
2.448
1.424
0.1
2.448
1.224
1.224
1.224
1.224
1.224
2.848
1.824
2.548
0
1.224
0
2.448
1.224
0.1
1.424
3.672
1.324
1.224
0
3.672
2.648
1.224
1.324
0.1
0.1
0
0
0
2.448
2.448
2.448
0
0
0
0
0.2
1.324
1.224
1.224
0.2
0
2.448
0
3.148
1.224
1.224
1.224
2.448
0.1
1.324
0
1.424
1.724
1.324
2.448
0
1.224
3.672
2.448
3.148
1.224
1.724
2.548
3.872
0
1.324
1.224
0.5
2.448
1.224
1.224
2.448
2.448
2.448
2.748
2.448
1.224
1.224
2.848
2.748
2.448
1.224
0.4
0
2.648
0
0.1
1.224
1.324
0
0
2.548
1.324
1.224
2.448
0.4
0
0
1.224
2.448
1.424
0
0.2
0.1
2.448
5.372
3.872
2.448
2.448
2.448
0.1
2.448
2.448
0
2.548
0
2.448
2.748
2.448
2.448
2.548
2.448
2.448
1.324
2.448
2.448
2.748
0
0
1.324
1.924
1.724
1.524
3.672
0
2.448
0
1.524
1.224
0
2.448
0
0.5
1.224
0.4
0
3.672
1.224
1.224
2.448
0.2
0
0.1
1.224
1.224
0.3
1.324
1.224
1.224
1.324
2.448
2.448
0
1.224
0.2
1.324
1.724
2.948
1.324
0
2.548
0
1.224
0
1.324
1.224
1.224
0.2
0
0
1.324
1.324
0.2
1.224
1.224
1.224
1.224
3.624
0
1.224
1.324
1.224
0.6
2.448
0.1
0
3.348
2.548
0
0
1.224
1.224
3.672
4.672
3.972
3.048
1.324
2.548
2.448
1.224
2.448
1.624
1.324
2.848
3.248
3.772
3.048
1.224
4.172
4.896
2.548
2.124
3.048
2.448
2.448
1.324
1.224
3.772
4.772
6.396
1.224
2.448
3.672
2.548
2.448
3.648
2.848
2.448
1.224
2.548
1.224
3.148
1.524
2.548
3.672
2.848
1.324
1.324
2.448
1.224
1.424
1.324
5.272
6.12
3.672
1.224
3.548
2.448
3.672
2.548
1.324
1.324
2.548
3.248
3.872
2.448
2.748
2.648
2.748
2.548
1.324
2.648
4.872
2.448
2.448
1.224
2.548
2.548
2.448
2.848
3.872
1.324
1.224
1.424
2.748
2.448
2.448
1.224
3.672
2.948
2.448
3.872
1.424
2.848
2.548
1.224
2.448
3.672
2.748
3.448
2.648
2.448
2.424
2.448
2.448
3.048
4.372
3.048
2.948
2.648
2.224
2.448
1.224
1.224
1.224
1.224
2.548
2.548
3.672
2.448
3.772
2.548
3.148
2.648
1.224
4.996
2.448
2.448
2.548
1.524
2.448
2.948
2.548
3.148
1.524
1.624
6.096
4.172
5.272
5.596
2.548
3.872
3.048
2.548
2.448
3.772
1.324
2.648
3.672
1.224
1.224
2.948
3.048
2.448
2.548
2.548
4.172
3.872
2.548
3.748
2.448
4.172
2.748
2.448
2.448
1.324
3.772
2.448
2.448
2.448
2.648
1.424
3.772
2.448
3.672
2.948
2.648
2.948
5.396
2.548
3.672
1.324
1.224
1.224
2.448
2.024
1.424
2.448
1.224
1.524
1.324
2.548
3.872
1.524
3.972
2.948
3.672
1.424
2.548
2.548
2.648
3.772
1.224
3.972
2.448
1.624
1.524
1.224
3.972
3.672
1.224
2.548
5.972
2.448
2.448
2.748
2.548
2.448
2.448
2.448
2.948
4.072
4.448
3.972
2.448
3.772
1.324
2.448
2.448
1.324
3.772
2.448
2.448
2.548
1.224
2.748
2.448
2.748
2.448
2.548
4.572
1.924
4.996
1.924
2.648
1.324
1.224
2.448
4.872
1.424
2.448
2.448
2.548
1.224
2.548
3.672
4.372
2.448
2.548
2.448
2.648
2.548
2.448
2.748
1.224
2.548
2.548
2.448
3.248
3.548
2.748
2.648
2.448
1.324
4.872
4.272
2.448
1.524
2.448
3.672
1.224
2.748
1.424
1.224
2.648
3.772
2.448
2.448
1.624
4.172
2.948
1.224
1.424
1.424
3.672
1.324
1.224
3.772
3.872
2.548
2.548
2.648
1.224
2.448
2.448
2.648
1.324
2.848
2.548
3.048
1.324
2.448
1.224
2.448
2.448
2.448
2.448
2.448
2.448
3.672
3.672
3.672
2.748
5.272
1.224
1.224
3.772
5.696
1.324
4.172
1.424
1.224
3.248
2.548
1.324
2.448
2.648
2.548
2.748
5.572
5.472
2.448
5.196
2.448
3.248
1.224
6.196
2.648
3.772
2.448
3.648
3.048
3.948
1.224
2.448
2.648
3.672
3.348
2.448
2.448
2.748
2.448
1.224
2.548
1.224
2.548
1.224
2.448
1.224
3.672
3.672
2.748
2.448
4.896
6.12
2.548
2.648
12.22
4.972
4.348
1.324
3.872
1.224
1.324
2.648
2.648
2.648
3.872
2.548
3.872
1.224
2.748
3.972
1.224
3.672
1.224
1.624
1.324
3.672
1.524
2.548
2.548
1.924
1.224
3.772
2.948
3.148
2.648
2.448
2.448
5.496
1.224
2.548
2.748
4.372
2.548
1.324
2.448
2.448
4.072
3.872
1.224
2.748
2.848
1.324
4.896
1.224
3.672
1.324
2.548
1.324
1.824
3.772
2.448
2.848
2.448
1.224
2.548
1.224
3.672
3.248
4.272
1.424
2.548
2.648
2.548
2.448
3.672
2.448
3.972
1.424
1.524
1.224
2.448
2.448
3.672
1.624
2.648
1.224
2.948
1.824
2.448
2.448
2.648
3.672
2.448
2.448
2.448
1.624
2.448
2.448
2.448
3.972
4.672
2.448
3.672
3.672
1.224
2.448
2.548
2.448
3.672
4.172
2.448
1.224
3.672
3.872
2.648
1.324
2.448
2.448
2.748
1.224
2.448
2.448
1.224
2.548
2.448
2.648
2.848
2.448
3.048
3.248
2.748
4.972
1.424
3.672
2.648
3.772
1.524
2.448
3.672
3.672
1.224
2.448
1.324
1.324
1.324
3.348
3.772
2.548
2.848
2.648
2.848
3.048
2.448
1.224
2.548
1.424
2.948
4.172
2.748
2.448
2.448
1.324
2.748
2.948
2.448
2.648
2.548
2.448
2.548
2.848
4.872
3.748
4.772
2.848
6.396
3.348
2.448
3.672
1.224
6.196
1.224
1.224
2.448
2.448
2.448
3.672
2.448
2.548
1.324
1.224
3.772
3.672
1.324
2.448
2.448
2.748
2.648
3.548
1.324
1.324
1.324
1.424
2.948
3.772
1.224
1.324
4.272
2.548
1.224
3.872
3.048
3.772
2.848
1.224
2.648
1.524
1.224
4.472
3.148
1.424
1.424
1.424
2.948
3.772
2.448
3.672
1.224
2.648
3.972
2.748
1.224
2.748
1.224
1.224
2.548
3.672
2.548
2.548
2.848
3.448
3.772
3.672
3.124
3.772
3.672
2.748
1.224
1.724
3.648
1.624
2.448
5.896
3.772
2.448
2.648
2.648
1.424
2.948
1.224
2.548
1.324
3.972
2.948
3.248
3.672
3.872
2.548
1.224
4.172
2.448
4.472
2.548
2.548
3.672
2.948
3.672
2.848
2.448
2.648
4.272
2.948
2.548
1.224
2.648
1.424
2.548
2.448
2.448
6.896
4.072
2.448
2.648
2.448
3.672
3.772
3.772
5.172
3.872
3.772
3.972
3.348
2.448
2.448
3.672
4.172
2.948
2.448
2.448
3.972
3.448
1.224
2.448
2.748
2.548
2.548
2.648
2.448
4.372
3.348
2.648
4.472
3.448
2.748
3.048
1.224
3.248
2.448
4.172
3.672
5.996
2.548
2.448
1.224
3.772
1.324
3.972
1.224
1.324
1.324
0.1
1.524
1.224
2.448
1.624
1.624
0
0.7
0.2
3.672
1.224
0
0
0
1.224
0.2
0.2
2.448
0.1
0
0.1
3.772
0.1
1.224
1.2
1.324
1.224
1.224
1.524
1.424
2.024
1.524
1.224
1.924
2.748
1.324
1.224
1.224
1.224
0
0
0
1.224
1.224
0
1.424
0
1.324
0
2.448
0.1
1.424
2.448
1.324
1.224
0
1.324
1.324
0.1
2.448
0
2.448
1.624
1.224
2.748
1.324
0
1.224
1.224
0
1.524
2.448
3.772
2.648
1.324
0
2.448
0
2.548
2.448
1.224
1.424
1.324
1.324
2.448
1.324
2.448
0
2.448
1.224
1.224
0
2.448
1.224
1.224
0.1
2.724
1.324
1.424
2.948
0.4
2.748
