3.324
2.624
7.324
2.124
1.524
2.324
3.248
2.448
2.648
2.448
4.572
2.448
1.624
4.948
4.648
1.224
0
1.224
1.224
1.624
1.624
1.724
0
1.224
2.948
1.224
1.924
1.2
2.548
0
1.424
1.424
6.224
1.324
0.8
2.824
1.424
1.424
0.1
2.524
1.624
6.124
0.1
0
0.1
1.324
0.8
0.6
2.224
3.648
1.224
0.1
5.248
0.1
0.1
0
1.624
0.3
1.424
3.324
3.4
0.9
0.3
3.424
1.5
2.024
0.1
0.5
1.824
4.2
3.224
4.148
2.124
1.724
7.424
4.748
0
1.824
0.1
1.224
3.524
0.1
1.324
0.2
0
0
0.1
0
0
3.924
1.224
0.2
0.1
0.1
0
3.648
3.548
1.224
1.624
1.424
0.3
2.4
1.1
1.224
0
1.324
1.324
3.9
0
1.624
2.524
0
1.224
1.324
0.3
1.4
1.324
0.3
1.324
1.424
7.9
0.2
1.624
3.424
0.5
1.224
1.724
1.524
0
3.424
2.124
0.2
0.4
0
2.324
2.5
1.624
1.624
2.324
2.4
2.648
1.524
0.1
2.424
0.1
0
1.824
0.8
1.924
0.2
1.224
1.724
1.524
1.624
3.424
2.524
0.5
0.6
3.424
0.5
1.624
0
1.224
0
0.6
0.1
0.1
1.324
0.1
8.724
1.324
2.924
1.324
1.624
1.224
3.924
0.3
0
1.324
3.224
2.824
3.124
2.748
2.848
1.824
4.848
4.648
2.748
1.424
2.648
4.148
4.172
2.648
4.648
2.648
3.648
2.548
2.648
1.224
0.5
2.124
0
0
0.8
6.624
0
1.324
4.148
1.824
1.524
1.224
2.224
2.924
0
1.224
6.9
1.424
4.424
0
0
0
1.324
5.724
1.224
1.224
2.124
1.224
1.224
2.124
2.548
3.248
2.448
1.224
0
1.224
0
9.124
1.524
0
1.824
0
3.324
2.024
0
0
0.1
1.324
0
1.324
5.224
0.1
0.4
0.1
0
0
1.224
0
0.7
2.648
1.924
1.424
1.224
2.748
1.4
1.324
1.324
2.224
1.224
1.224
1.224
1.224
1.824
1.324
1.224
1.5
0.1
1.224
0
2.748
1.224
0
0
2.924
2.448
1.824
1.424
1.524
1.324
1.424
1.224
1.224
1.224
0
2.2
1.224
0
0.1
0.1
0.3
1.224
1.424
1.224
0.7
2.624
1.624
0
0.8
2.424
1.224
1.924
0.9
0
1.524
1.224
1.224
1.724
1.224
1.324
1.224
1.424
1.324
1.424
2.124
0.8
0.8
1.424
0
0
1.324
0
5.024
1.424
0
3.548
2.648
0
0
1.324
4.624
2.548
0
2.448
4.9
0.4
1.724
3.024
2.948
1.824
1.1
1.424
2.848
1.624
2.9
7
1.524
0.5
1.224
0.4
1.324
4.872
4.072
1.324
2.648
2.448
1.324
1.424
0
2.448
1.624
1.424
1.224
1.224
0.1
2.648
1.224
0
1.9
1.224
1.524
1.524
2.948
5.748
0
0
1.224
0.6
1.524
3.448
1.524
0.4
1.324
3.972
6.624
0.1
2.224
2.448
0
2.524
1.224
1.224
1.224
1.524
1.224
1.724
1.324
2.448
1.324
1.224
2.224
1.224
5.024
2.224
1.424
0
1.724
0.7
2.124
1.224
0.1
0.1
1.324
2.848
2.124
5.324
1.524
1.724
1.424
2.648
3.124
2.424
1.324
1.624
1.624
0.8
2.124
1.424
1.324
2.824
1.724
2.748
2.448
1.924
1.324
1.524
1.524
1.324
0
1.224
2.124
1.424
1.724
0.1
1.224
2.324
0
1.424
2.524
0
0.1
5.448
2.124
1.324
1.224
1.5
3.048
0.1
0.7
6.524
1.8
1.224
4.224
3.724
0
1.524
4.248
2.424
2.024
0
0.4
0.7
1.224
1.324
1.224
0.8
1.424
0
1.224
3.348
1.724
1.224
1.224
0
1.624
1.724
0.4
0.1
1.224
1.424
2.624
1.324
1.324
2.024
1.2
1.224
1.424
1.224
1.424
2.7
1.324
0
1.224
1.824
1.624
1.324
1.324
1.624
1.924
2.648
2.548
0.1
3.4
1.224
1.224
1.324
1.224
2.324
3.624
1.324
0
1.224
1.524
2.324
3.324
2.448
0
1.824
1.324
1.724
1.324
1.924
1.724
1.324
1.424
1.824
1.524
1.924
3.724
3.448
1.324
1.524
1.224
1.724
1.424
1.624
1.324
0.1
1.224
2.024
1.324
0.3
1.924
1.424
0
0
0.3
2.548
2.724
2.924
2.648
3.872
2.448
1.724
1.224
1.424
1.424
0
0
1.224
1.224
3.924
1.624
0
1.324
1.224
0.1
1.324
1.224
1.424
1.324
1.524
2.648
2.648
0.2
1.1
0.1
1.224
1.324
1.324
0.1
1.224
1.324
1.224
1.424
1.224
1.324
1.424
2.124
1.524
1.324
1.224
1.224
0.5
3.424
1.324
1.324
2.7
0
0.1
5.224
3.548
2.548
1.224
0.4
0.4
1.424
1.224
1.924
2.224
3.648
0.1
1.524
1.724
1.424
1.724
1.424
0.5
1.324
0
0.1
1.224
1.624
1.824
2.548
0
2.524
1.224
1.224
1.4
1.324
2.848
0
1.224
1.424
0.6
1.524
1.324
3.048
1.524
1.224
1.624
3.024
0.1
3.448
1.524
0.2
1.224
0
0.2
2.648
1.224
1.224
1.424
1.524
1.424
3.248
0.1
2.448
4.048
4.872
1.924
1.224
2.548
1.7
1.224
1.324
1.324
1.224
3.148
1.224
2.124
1.624
0.1
0
0.3
1.324
0.5
1.424
0.5
1.224
1.224
1.224
2.748
1.324
0.5
1.324
0.8
0.3
2.224
1.924
1.224
2.748
1.324
1.424
1.224
0
1.324
1.324
2.224
2.648
1.324
1.424
1.524
1.424
0
1.224
1.324
0
0.1
2.448
0.1
6.024
1.324
0.8
1.624
1.324
1.324
1.224
1.324
2.124
2.324
2.648
0.5
2.324
0.6
1.424
1.724
2.648
1.224
2.748
0
1.624
1.324
1.2
1.224
1.224
1.324
1.324
6.724
5.248
1.724
0.1
3.224
1.324
1.224
1.324
1.224
1.324
1.324
1.524
0.1
2.524
2.748
1.224
1.224
0
1.224
1.224
2.748
1.424
0
3.872
3.772
1.224
1.724
0
1.324
1.324
2.224
1.224
2.424
1.5
1.724
1.524
1.424
0.6
0.2
2.448
0
1.1
2.4
2.648
1.224
2.448
1.424
1.224
0
0.6
1.224
3.248
1.324
1.224
2.324
1.224
2.448
1.724
1.224
0
1.324
1.324
1.724
1.224
1.524
2.548
0.2
1.324
1.724
0
1.224
1.224
3.772
0
0.2
1.524
1.324
2.848
1.424
1.424
1.224
1.424
1.224
0.1
0
1.224
2.224
1.524
1.224
1.224
0
1.224
1.224
1.324
0
1.824
1.324
0
2.548
3.624
0.2
0.3
1.224
1.724
3.048
1.924
1.324
2.024
2.924
1.224
3.224
0.1
2.748
1.324
2.648
1.324
1.224
1.324
3.824
4.924
1.324
0.1
1.424
1.224
1.424
1.224
0.3
1.924
2.548
0
1.624
1.424
2.448
2.324
2.448
0.5
0
1.424
0
1.324
0
1.324
1.324
1.424
0.2
0.1
0.1
0.4
4.124
2.024
1.324
1.224
1.924
0.1
2.448
0
3.848
2.548
2.424
1.824
1.524
1.824
1.324
1.224
3.448
4.848
1.624
1.224
1.324
1.224
3.248
1.424
5.448
0.1
5.548
2.024
2.324
0.1
2.948
1.224
3.024
1.424
2.848
2.748
1.324
1.324
1.224
1.824
1.424
1.324
1.224
1.424
2.024
1.224
1.424
2
0
2.324
0
0
1.224
2.548
1.324
0.6
2.724
2.748
2.848
1.224
3.724
1.324
0
1.324
1.424
1.824
1.324
2.224
2.024
2.548
5.572
2.848
1.624
1.524
1.324
0.3
1.324
1.324
0
1.524
0
1.424
2.224
1.724
1.324
1.324
1.524
2.424
1.924
1.224
1.224
2.524
0.6
0
1.624
5.124
2.724
1.9
3.772
1.324
1.224
0.7
2.824
1.724
0
1.224
0
5.224
0.1
2.3
0.3
2.648
1.524
2.724
1.224
0.5
0.1
0.3
1.924
1.424
1
1.924
0
1.224
1.424
1.224
1.424
1.224
1.224
3.724
1.424
2.324
3.048
1.324
0
2.124
0
2.448
1.224
1.324
1.324
2.848
2.324
0.7
0.3
1.324
2.448
1.824
0
1.224
1.324
1.524
10.224
0.3
1.624
1.924
1.524
5.524
0.4
1.724
0.1
5.348
3.548
0.2
1.224
1.224
1.324
2.448
7.072
4.072
5.648
1.524
2.748
3.772
1.424
3.448
2.224
1.224
2.648
4.548
2.648
3.248
2.748
4.772
4.996
2.848
2.524
4.548
2.648
2.848
3.148
1.624
2.848
4.372
4.572
2.448
2.448
3.872
4.872
2.448
7.848
4.972
2.848
1.224
3.248
2.648
6.948
2.024
2.648
2.448
3.448
1.724
1.224
1.324
1.424
1.824
2.524
5.272
3.772
2.448
2.448
4.548
2.748
3.772
2.648
1.224
1.524
2.648
4.048
2.948
2.448
4.348
3.248
2.648
2.948
2.024
2.648
4.672
3.048
2.748
1.224
2.648
4.572
4.472
2.848
3.248
1.624
1.224
1.224
2.748
2.448
2.648
1.524
2.448
3.348
1.224
3.672
1.424
2.848
2.948
2.748
3.648
3.872
3.748
4.748
3.748
2.448
6.024
2.448
2.548
3.148
5.972
3.348
2.224
2.748
7.648
3.248
2.448
2.548
3.348
1.424
3.648
5.072
2.848
2.548
5.196
3.672
3.148
3.348
1.324
4.072
2.448
2.448
3.548
7.048
2.448
5.248
2.448
3.348
1.624
2.124
4.572
3.848
4.348
4.372
3.248
4.372
6.724
2.648
2.548
3.048
1.224
3.248
2.448
1.424
1.824
3.048
4.848
2.648
2.548
2.548
4.772
2.748
2.648
4.748
1.224
3.948
1.924
2.448
2.448
1.724
4.372
2.448
2.448
2.548
2.948
3.048
2.448
2.648
2.448
4.348
3.348
4.048
4.972
3.448
4.472
4.448
2.548
2.448
2.448
6.524
7.648
3.872
1.224
2.624
2.648
2.948
2.848
1.724
3.948
4.148
2.548
1.524
2.848
3.148
2.948
4.072
1.424
4.372
2.448
3.724
4.824
1.224
4.172
2.448
1.424
2.548
5.672
2.448
2.448
2.648
2.948
2.848
2.448
2.848
4.148
4.872
3.648
4.072
3.048
4.372
1.524
2.448
4.372
2.548
2.548
2.448
2.748
2.724
1.224
2.948
2.548
3.948
2.448
2.548
9.096
7.248
5.296
2.424
2.948
3.824
1.224
2.448
8.072
3.248
3.872
2.548
2.648
1.324
2.748
2.548
3.348
2.848
2.648
2.448
3.548
2.948
2.448
3.348
2.548
2.548
2.648
2.548
3.448
5.248
2.948
2.748
2.548
1.224
5.872
4.472
2.848
3.224
2.748
3.772
1.324
3.548
2.324
2.448
2.648
3.872
2.748
3.972
3.748
5.072
3.248
1.424
2.848
3.248
2.548
1.324
1.324
3.448
2.848
3.548
2.548
3.248
1.224
2.748
2.448
2.648
1.724
4.048
2.448
5.448
1.324
2.448
1.324
2.548
3.148
3.872
2.748
2.448
2.448
2.448
3.772
2.448
3.348
5.572
2.748
1.424
3.448
4.272
1.524
4.072
1.724
1.224
3.248
1.324
1.624
1.224
3.748
4.072
4.748
5.072
5.072
2.448
4.172
3.648
3.848
1.324
5.572
5.472
2.548
2.448
5.348
3.848
5.848
2.548
2.548
3.448
2.648
6.272
2.548
2.448
3.348
2.448
1.524
2.648
1.224
1.424
3.248
3.448
1.224
2.648
4.072
2.748
2.448
3.672
3.872
2.648
4.572
4.972
29.996
4.648
2.224
6.896
1.224
1.424
3.448
2.324
1.724
2.548
2.848
3.148
2.548
3.048
4.872
3.348
3.972
1.324
3.424
1.324
3.672
3.824
2.848
3.048
6.324
2.224
2.748
3.448
3.248
3.048
2.448
2.448
4.972
1.224
2.548
3.848
4.572
2.548
1.724
2.548
2.448
5.148
3.248
1.624
2.948
2.648
1.524
3.672
1.524
3.672
1.324
2.848
3.524
4.124
2.448
2.448
4.172
2.448
1.424
2.948
1.424
2.448
5.748
4.172
1.324
2.648
2.748
2.548
2.648
2.548
2.548
3.648
1.524
1.424
2.648
1.224
3.872
2.448
4.424
2.448
1.224
3.748
6.148
2.648
2.448
3.148
2.948
2.648
2.448
2.648
1.824
4.172
3.672
1.324
3.048
11.696
2.548
2.648
2.548
1.224
2.448
2.848
2.848
3.148
3.248
2.448
1.224
5.096
5.972
2.748
2.548
2.548
2.548
3.648
1.224
2.548
1.524
1.424
2.848
2.448
3.148
3.148
2.448
5.648
8.148
4.672
4.672
2.848
2.748
2.648
2.648
2.648
2.848
2.648
3.772
2.648
2.448
3.748
1.224
2.524
4.048
5.496
2.448
5.148
3.348
3.148
3.748
2.648
2.448
2.448
1.524
4.048
5.172
3.248
3.548
2.448
1.224
2.648
2.948
2.648
3.648
2.748
3.672
2.848
4.248
4.472
4.348
7.172
2.748
4.672
3.148
2.548
3.772
1.324
4.672
2.448
2.448
2.748
2.648
2.548
2.448
2.448
3.048
1.424
2.548
2.448
2.548
1.424
2.448
2.548
2.948
2.848
8.848
1.624
2.024
2.748
2.324
6.948
2.648
1.224
1.624
6.248
2.648
1.624
2.848
4.048
4.272
3.548
2.724
3.048
1.324
3.048
5.672
4.648
4.848
3.448
1.324
6.348
2.648
2.448
2.748
2.948
3.648
6.296
2.748
1.424
4.572
2.548
2.448
2.548
3.872
2.548
2.648
3.248
3.448
3.772
2.748
16.048
4.572
3.972
2.848
2.948
3.624
5.024
8.748
2.448
5.272
2.648
1.224
6.172
2.948
2.124
4.148
1.524
4.048
2.224
3.872
3.648
9.248
3.872
3.148
2.448
1.224
5.072
2.548
5.172
2.548
2.748
2.448
3.248
2.948
3.548
2.448
3.148
4.448
5.572
2.948
1.724
2.548
2.124
2.748
2.448
2.448
6.572
4.548
2.548
2.948
2.448
3.772
4.072
2.848
5.572
3.872
2.648
4.772
5.648
2.448
2.648
2.448
4.872
4.348
1.524
2.848
4.972
8.372
1.224
2.948
2.748
2.948
1.224
2.648
2.648
6.248
4.948
2.748
5.172
3.648
3.548
4.448
1.424
4.448
1.224
3.748
2.848
4.572
2.648
2.748
1.324
2.548
2.448
4.548
2.448
1.624
1.424
1.624
5.848
1.524
2.548
2.748
3.624
0
5.4
1.624
2.548
1.224
0
0
1.224
1.324
0.2
2.024
1.524
1.424
0
1.324
2.748
1.524
1.224
8.624
0.2
1.224
0
6.048
2.924
5.324
3.224
1.224
6.024
2.224
2.448
1.324
1.424
1.224
1.524
1.824
0
1.424
0.4
1.224
1.924
1.224
0.1
0.1
1.324
0.8
2.324
1.224
1.824
1.924
0.1
0
1.224
0.1
1.324
0.1
1.224
2.524
1.224
1.224
1.724
0
2.548
1.224
0.2
5.148
1.224
3.048
3.648
1.224
0
1.224
0.2
1.324
1.424
1.724
2.124
1.724
2.224
1.624
1.524
1.324
1.324
1.924
0.4
2.448
1.224
1.424
1.224
1.224
0.6
8.924
1.624
1.724
3.824
3.524
2.924
