2.336
0.2
2.324
0.1
1.424
0.1
0.1
0
0.2
0
0.2
1.224
0.1
0.1
0.7
0
0
0
0
0
1.224
1.324
0
0
0
0
0
0
1.324
0
0
1.224
1.1
0
1.836
2.036
1.836
1.836
1.936
2.436
2.036
4.06
1.836
1.936
1.936
3.16
2.236
2.236
2.236
3.46
3.16
1.936
3.56
1.836
1.936
1.936
2.136
2.036
2.036
3.46
3.036
2.436
1.836
2.236
2.336
2.036
1.936
2.136
3.36
2.336
2.536
3.26
1.936
1.936
4.26
2.636
1.836
2.036
1.836
1.836
3.36
1.936
3.06
1.836
1.836
1.836
1.836
1.836
1.836
2.236
1.836
2.036
1.936
1.836
1.836
3.16
3.16
1.836
1.936
1.836
1.836
2.436
1.936
1.936
1.936
2.136
1.836
2.436
1.936
2.136
2.436
1.836
1.936
3.06
1.836
1.836
2.036
2.036
1.936
2.036
3.036
1.836
2.036
2.136
1.836
2.036
2.236
3.16
1.836
3.66
2.236
2.036
2.136
1.936
3.36
1.936
3.16
3.26
3.66
2.736
1.836
1.836
1.836
8.66
1.836
1.836
3.06
1.936
2.136
1.936
3.06
1.936
2.336
1.936
2.436
2.436
2.036
2.036
1.936
2.036
1.936
1.836
1.936
1.836
2.036
1.936
1.836
2.036
1.836
3.236
1.836
2.336
3.06
1.936
3.16
3.56
1.936
1.836
3.16
2.436
2.036
4.06
1.936
3.06
2.036
3.36
3.66
3.06
2.136
3.06
2.036
3.46
1.836
3.56
3.26
3.36
3.36
2.036
0
0.1
0.1
0
0
0.2
0.8
0
0.1
1.524
1.324
0
1.224
0
0.4
0
0
1.1
0.1
0.4
0
0
0
1.224
1.924
1.324
1.224
1.224
1.224
1.224
1.424
1.224
1.324
1.224
1.224
0
1.324
0
3.024
1.224
0
1.624
0
1.624
1.224
0
0
0
0
0
1.224
0.3
0
0.1
0
0
0
1.224
0
0.1
1.224
1.224
1.224
0
0
0.2
1.224
0
0.2
1.224
0
1.224
0
0.1
0
1.224
0.6
0
1.224
1.836
1.224
0.1
0
0
1.524
1.224
1.324
0
1.324
1.324
1.324
1.224
1.224
1.224
0
0.9
0
0
0
0
0
0
0
0
0.1
0.1
0
0
0.2
0.2
0
0.1
0.1
0
1.324
0
0
1.224
0
1.324
0
1.324
0.1
0.1
0.2
0.3
0.3
0
0
0
0
0
0.6
0
0
1.424
1.424
0
0
0
0.8
0
0.1
1.224
0.6
0
0.1
1.524
1.424
1.224
0.3
0
1.224
0
0.7
1.2
0
0.1
0
2.036
0
1.624
1.924
0
1.224
1.224
1.324
0
0
1.224
0.1
1.224
1.224
1.224
0.1
1.324
0
0
0.3
0
0
0.2
1.224
1.724
0
0
0
0
1.224
1.324
0.1
0
0
1.224
0.6
0
0.1
1.224
0
0
0
0
1.224
1.224
0
1.424
1.224
1.224
1.224
1.224
1.624
1.224
0.5
1.224
0.1
0
0.2
0.1
0
0
0
0
1.224
1.224
1.324
0.3
0.1
1.224
0.1
1.224
1.324
1.324
0
0.1
1.324
0
1.524
0
0
0.5
1.424
0
1.224
0
0
0.2
0.1
1.224
0
1.224
1.224
1.224
0
0
0
1.324
0
0
0
0
0
1.524
1.224
1.224
1.224
0.1
1.324
0
0
2.324
0.2
0
1.424
0.2
0
0
1.424
1.424
0
0
0.2
0.1
1.224
0
0
0
0.1
0
1.324
0
0.1
1.224
0
0
1.324
1.224
0.1
0
0
1.324
2.224
1.224
0
1.224
0.2
0
0
1.224
1.224
0.2
0
0
0
1.324
1.324
1.224
1.224
1.224
0
1.224
1.224
0
1.1
1.224
0
1.224
0
1.324
1.724
1.224
0
0
1.224
1.324
1.324
1.224
0
1.224
0
0
1.324
0.1
0.1
1.224
0.1
0
0.1
1.424
1.424
1.424
1.224
0
0
0
1.324
1.324
0
0
1.224
1.324
1.224
0.1
0.1
0
0
0
0.1
1.224
0.3
1.224
1.224
1.224
1.224
0
1.224
0
1.224
0
0
1.224
1.224
0.8
1.224
0
1.224
0
0
1.224
1.224
0
0
1.224
1.224
1.224
0
0.1
0
0
1.224
1.224
0
1.224
0
0.1
0
0
1.224
0
0
1.424
0
0
0
0
1.424
0
0
0.2
0
0
0.6
1.224
1.224
0
0
0
1.224
0
0
1.424
1.724
0
0
1.224
0
1.224
1.224
0
1.224
0.1
0
1.324
0
1.224
0
0
1.624
0
0
0.2
0
1.324
0
0
0
0.3
1.424
1.224
1.324
1.224
0
0
1.524
0
1.424
1.224
0
1.224
0
0
1.224
0
1.224
1.224
1.224
1.224
1.324
0
1.224
1.324
1.324
1.624
0
0
0.3
0
1.224
0
1.324
1.324
1.224
0
1.224
0
0
0.1
1.224
0
0
0.1
1.224
1.224
1.224
1.224
0
0.1
1.224
0.1
0
1.324
1.224
0
1.224
0
1.224
0
0
0.2
0
1.224
1.224
0
0.2
1.224
1.224
0
0
0
0
0
1.224
0
0.6
1.224
0.2
1.324
0
1.224
1.224
1.224
1.524
0
1.324
0
1.424
0
1.224
1.324
1.224
1.224
1.224
0
0.1
1.224
0.1
1.224
1.224
1.224
1.224
0.6
2.824
0.2
0.2
0.2
1.224
1.224
0
1.224
1.224
0
1.224
0
1.224
1.324
0
0
0
0
1.224
1.224
1.224
0
1.224
1.224
1.324
0.1
0
1.224
1.224
0.1
0
0.3
0
1.324
1.224
0
0
0.1
1.324
0
0.1
0.3
1.224
0
1.224
1.324
1.224
0
0
0
1.224
1.224
0
1.324
1.224
1.224
1.324
0
0
1.224
1.224
1.324
0
1.324
1.324
0
1.224
0
0
0
0
1.224
0
0
1.324
1.224
0.1
1.224
0
0
0
0
0
0
0
1.224
1.224
1.224
1.224
0
0
0
1.224
0
1.324
1.324
0
1.224
1.524
0.1
0
1.224
1.224
1.224
1.224
0
1.224
0.4
0
1.524
0
1.224
1.224
0
1.224
1.224
1.224
1.424
0.2
0
0
1.224
0
1.224
1.224
0
1.224
1.224
0
0.3
0
1.224
1.424
1.224
0.1
0
0.1
0
0
0
1.224
0
0
0
0.1
0
0
0.4
1.224
1.224
0
0
0
1.224
0
1.824
1.324
0.1
1.424
1.224
0.2
0
0
1.424
1.724
1.224
1.224
0.1
1.324
1.424
1.224
2.624
0
2.224
1.324
1.424
0
1.424
1.224
0.3
1.224
1.224
1.224
1.224
1.224
1.224
1.224
1.224
1.224
1.224
1.224
1.324
1.224
1.324
0.5
0
1.524
0
0
0
0.1
0
0.1
1.624
1.324
1.224
1.224
0.1
0
0
1.224
1.224
1.324
0
0
0.1
1.324
2.124
1.424
1.224
1.224
1.224
0.1
1.224
1.224
0
1.324
0
1.224
1.324
1.224
1.224
1.524
1.324
1.224
1.324
0
0
1.324
0
0
1.224
2.024
1.324
0.1
1.224
0
1.224
0.3
1.424
1.224
0
1.224
0
0.6
0
0.2
1.836
1.224
1.224
1.624
1.324
0.2
0
0
1.424
0
0.6
1.424
0.1
0
1.324
0
0
0
0
0.6
1.324
0.5
1.624
0
0
1.624
0
0
0
1.224
1.224
0
0.1
0.1
0.1
1.324
0
0
0
1.224
1.324
1.324
3.024
0
1.224
0.1
1.224
0.8
0
0
0
1.924
1.324
0.1
0
0
1.324
1.224
1.924
1.824
0.3
0.1
0.1
0
0
0.1
0.5
0.1
1.424
0.7
1.424
1.724
0
1.824
1.224
1.224
0.5
1.824
1.224
1.524
0.2
0.2
1.324
1.524
1.624
0
1.224
1.324
0.4
0
1.724
1.524
1.424
0
1.424
0
1.824
0.2
1.224
1.224
0.1
0.3
0.1
0
0.2
0
0
1.524
1.224
1.224
0
2.524
1.524
1.224
1.324
0
0.2
1.324
0.3
1.224
1.224
1.724
1.324
1.224
1.724
0.2
1.324
1.724
0.3
1.324
0
0.5
0.2
0
1.424
1.424
0
0
0.1
1.224
0
1.424
0
1.224
1.2
0
1.324
0.1
0.5
1.424
0
1.224
1.324
1.824
2.224
0.3
1.224
1.1
0
0
1.424
1.424
1.724
0.5
1.424
0.4
0.1
0.1
0
0
0
0.2
0.2
1.324
1.224
1.224
0
1.724
1.324
0
1.224
1.224
0
1.224
0.5
1.324
0.5
0.1
1.324
0.4
0.4
1.624
1.424
1.524
1.424
1.524
1.224
0.8
1.324
0
1.324
0
1.624
1.324
0.1
0.4
0
0.6
0.2
0.1
1.324
1.624
1.624
1.524
2.124
0
1.724
0.6
1.224
1.224
0.2
1.424
1.224
0
0
1.324
0.2
1.424
1.224
1.524
1.324
1.524
0.2
1.524
0.3
1.624
0.3
0
0
1.224
1.3
0.2
0
0
0.1
0
1.324
1.324
0.4
1.524
2.124
0
0.1
0.1
0.1
0.3
1.224
0
1.524
0
0.6
0.9
0
1.724
1.224
0
1.424
1.924
1.224
1.224
1.224
0.1
1.624
1.224
1.224
1.724
1.424
1.624
1.424
1.424
1.424
0.1
1.224
0
0
1.224
1.224
1.224
0.5
0
0.3
0
0.4
0.1
0.1
1.524
0.7
1.224
0
1.224
0.5
0
1.224
2.524
0.2
0
0
1.224
0.1
1.524
1.224
1.924
0.2
1.224
0
1.224
0.2
1.224
0.4
0
1.524
1.324
1.224
1.524
0.6
1.524
0.2
0
0.1
1.624
1.624
1.424
0.4
1.224
1.224
0.1
0.2
0.9
0.1
0.2
1.624
1.324
0.1
0.2
1.324
0.5
0
0
0.1
1.224
0
0
1.524
1.224
1.424
1.224
0.1
0
1.324
1.224
1.524
0
0.3
1.524
0.3
0.3
1.224
0
1.224
0
1.224
0
1.224
1.224
1.224
1.224
1.324
0.1
1.624
0
0
1.424
1.624
0.2
1.324
0
0
0.6
0.2
0.1
0
1.324
0.1
1.824
1.824
1.724
0
1.724
0.2
0.3
0
2.024
0.4
1.624
1.224
0.9
1.624
0.9
0
0
1.524
1.324
0.3
0
1.224
1.824
0
0
1.224
0.1
0.1
0.3
0.2
0
1.424
1.224
0.3
0
1.324
1.224
1.324
0
1.824
2.424
2.124
0.4
1.824
0
0.2
2.024
0.4
0.2
1.424
1.324
1.224
0
1.324
1.624
0.1
1.324
0
0.4
0
1.224
0.3
0.1
1.624
0.4
0.5
1.324
0.4
1.524
0.1
1.224
1.224
2.224
0.1
1.424
1.524
1.524
1.324
0.2
1.424
0
1.324
1.224
0
1.724
0.1
0
1.224
0
1.224
0.1
0
0.4
0.5
1.324
0
0
1.224
0
1.324
0
1.224
0.7
1.624
0.1
0.1
1.524
0
0
1.324
0
1.524
0.3
0.3
0
0.1
0
1.224
0.9
0
0
1.824
0.6
1.224
0
0.2
1.324
0
1.224
1.224
0.2
0.1
0
0
1.624
2.424
1.224
0
1.224
0
1.324
0.5
1.224
1.424
1.424
1.224
0
1.324
1.724
1.424
0.1
0.1
1.224
1.324
0
0
0.1
0.1
0.4
1.224
1.224
0.3
1.224
0.7
2.424
0.3
1.424
0.1
1.524
1.224
0
0.1
1.324
1.324
1.324
0
1.324
0.2
0
0.3
1.624
1.424
0
0.2
1.324
1.524
0.1
1.224
0
0.2
0.2
1.724
1.624
1.324
1.824
1.224
0.1
0.1
0.3
0
1.624
0
0
0.2
0.4
1.424
2.024
1.924
1.424
1.624
1.624
1.224
1.224
0
1.424
0.2
0
0.2
0
1.224
1.224
0
1.424
0
0
1.324
1.224
0
1.224
0.1
1.324
0.3
1.4
0.3
0.3
0.3
0.2
2.124
1.224
0.1
0.1
2.124
1.324
0.1
1.224
1.624
1.324
0.1
0.3
0.2
0.1
0.1
1.524
0.4
0.4
0.4
0
0.8
1.324
0.1
1.424
0.1
1.424
1.324
1.724
0.1
0.3
0
0.1
1.324
1.224
0
1.224
0.3
1.424
1.224
1.224
1.3
1.424
1.324
0.3
0
0.8
1.3
0.6
0
1.624
1.324
0
1.624
0.2
0.1
0.4
0
1.424
0
1.524
1.624
2.324
1.224
1.324
1.224
0.1
1.424
0
1.324
1.224
0.2
1.224
1.524
1.424
1.724
0
1.724
1.924
0.4
1.524
0.2
1.224
0.3
1.224
0
0.1
2.624
1.424
0
0
0
1.224
1.224
1.724
2.024
1.224
1.324
2.124
0.8
0
0
1.224
2.224
2.024
0
0.1
1.424
0.8
0
0.2
1.524
0.3
0.3
1.324
0.1
1.924
1.724
1.524
1.724
1.624
3.56
3.96
1.936
3.76
1.836
3.06
1.224
1.624
1.324
1.324
0
1.224
0
3.46
0
0
0.1
0.1
0.7
0
1.224
0.2
0.5
0
1.1
0
1.324
0
0
0
0
0
0
0
1.224
0.3
0
0
1.224
0
0
0.8
0
1.224
0
1.624
1.724
1.3
1.724
0
0.7
1.224
1.224
0
1.224
1.224
0.1
0.2
0
0
0
0
0.1
0
0
0
1.224
0
0
1.224
0
1.324
0
0
0
0
0
0
0
0.4
1.224
1.324
0.3
0
1.224
1.224
0
1.624
0
1.224
1.424
0
0
1.224
0.1
1.224
1.224
1.224
1.324
0.1
0.1
1.224
1.324
1.224
0
1.324
0
1.224
0
1.224
0
0
0
1.8
0
0
0.5
1
0.2
