0.1
0
0.5
0
0.1
1.224
1.424
3.06
1.224
1.224
1.324
1.224
1.424
1.424
1.724
1.836
0
0
0
0
0.1
0
0
0
0.2
0
0.1
0.2
0
0
1.836
0
0.8
1.324
0.2
1.836
1.836
0.1
0
0.2
0
0.7
1.836
0
0
0
0.1
0.2
0.2
0.4
0
0.1
0.2
0
0
1.936
0
0.1
0
0.4
0.6
0
0
0.2
0.3
0
0.1
0
0.2
0.5
0.3
0.5
0.1
0
0.8
0.3
3.06
0.1
0
0
0.7
0.2
0
0.1
0
0
0
0
0
0.1
0
0
0.1
0
0
1.936
2.036
0
1.224
1.836
0.1
0.4
0.4
0
1.836
0.1
0
1
0
1.224
0.4
0
0.1
0
0.1
0.2
0.1
0
0.1
0.1
0.9
0
0
0.3
0.1
1.224
0.1
0
1.224
0.3
0.2
0
0.2
1.224
0.1
0.3
0.5
0
0.1
0.4
0.1
0.1
0
0.2
0
0
0.2
0.1
0.2
0
0
0
0
0
0.5
0.3
0.1
0.2
0.3
0
0.3
0.1
0
0
0
0
1.936
0
0
1.4
0
0.4
0
0
0.2
2.136
0
1.324
0
0.1
0.4
1.624
1.324
1.224
1.324
1.324
1.524
1.324
1.324
1.224
1.424
1.224
1.324
2.024
1.324
1.724
1.324
1.324
0
0.1
0
1.936
0
0
0.5
0
0
0.2
0
0
0
0.1
0.1
0
0
1.3
0
0.3
0
0
0
1.224
0.5
1.224
0
0.2
0
0
0
0
0.1
0
0
0
0
0
0.9
0
0
0.2
0
0.2
0.2
0
0
0
1.224
3.06
0
0.2
0
0
0
0
0
0
0
0
0
0
0
0
0
0.3
1.224
0
0.1
1.224
0
0
0
0
0
0
0.3
0
0
1.324
0
0
1.836
1.224
1.424
1.224
0.1
0.1
1.224
1.224
0.1
0
0
1.224
0
0.4
0
0
1.224
0.2
0.1
0
0
0.1
0.1
0.2
0
0
0.1
0
0
0.3
0.1
0
0
0
0
0
0
0.1
1.836
0
0
0
0.1
0.2
0.3
0.1
0
1.224
0
0
0.4
1.836
1.224
0
0.1
0
1.224
0
0.5
0
0
0.1
3.66
0
0.3
0.3
1.324
0.3
1.936
0
0.1
0.1
0.5
0.8
0
0
1.836
0
0
1.524
1.324
1.836
0
0
0
0
0
1.224
0
0
0
0
0
0
0
0
1.624
0
0
0
0.3
0.4
3.06
0
1.836
0
1.324
0.4
0
0
0
0
0.5
0
0.1
1.224
0
0.1
0
0
0
0
0
1.324
1.224
0
1.224
1.224
0.3
0
0.6
0.3
0.1
0
0
0
0.1
0
0
0
0
0
1.624
0.6
0
0.1
0
0
0.3
0
0.1
0
0
0
0.3
0.1
0.1
0.6
0.2
0
0
0.1
0
0
0
0
3.06
0
0.1
0.1
0
0
0
0
0
0
0
1.224
0
0.1
0.3
0
0.1
0.2
0
0
0.2
0.4
0.4
0
0.5
2.024
0
0.1
0.6
0.5
0.2
0
0
0.1
0
0
0
0
0.2
0
0
0.2
1.836
0
0
1.224
0
0
0
0
0
0
1.624
0
0.1
0.4
0.1
0
0
1.324
0
0.2
0
0
0
0.1
0
0
1.224
0
0.1
0
0
0
0.4
0
0
0
0
1.324
0.3
1.224
0.1
0
0
0.2
0.2
0.1
0
1.324
0
0.1
0
0.4
0.2
1.224
0.3
0.1
1.836
0.1
0.4
0.2
0
0
0
0
0
0
0.1
0.1
0
0.6
0
0
0.1
0
0
0
0
0
0.3
0.1
0
0
0
0.1
0
0
0
0
0
0
0
0.4
0
0
0
0
0.2
1.224
1.224
0.1
0.1
0.1
0
0.1
0
0.2
0
0
0
0.2
0
0
0
0
0.1
0
0.1
0
0.4
0
1.836
1.836
0
0
0.3
0.1
0
0.5
0
0
0.7
0.1
1.836
0
0
0
0
0
0
0.2
1.524
0
1.836
0
0
0
0
0
0
3.06
0
0
0.2
0
0
1.224
0.2
1.224
0
0.1
0
0.2
0
0
0
0.1
0.2
0
0
0
0
0.1
0.5
0
0.4
0
0
0
1.224
0
0.1
0
0
0.1
0
0
0
0
0
0
0.4
0.3
0
0
3.06
0
0
0
0.1
0.1
0
0.3
1.324
0
0.1
1.324
0.1
0
0
3.16
0
0
0
1.224
1.836
0
0
0
0
1.224
0.2
0
0
0
0
1.224
0
0
0.1
0
0
1.224
0
0
0
0
0
0
3.06
1.224
0
1.224
0.3
0
0.1
0
0
0
0.1
0
0.4
1.936
0.1
0
0.4
0
0
1.224
0
0
1.224
0
0
0
0.2
1.224
0
0
0
0.7
2.424
0.1
0
0.3
0.1
0
0
0
0
0
0
0
0.3
0.2
0
0
1.224
0
0
0.1
0
0
0
0
1.836
0.1
1.224
0
0.1
0.3
1.836
0.3
0.2
0
0
1.224
0.1
0
0
0
2.036
0.5
0.1
0.1
0
0
3.06
0
0.3
0
0.2
0.1
0
1.524
0
0
0
1.224
0
0
0
0.1
0
0
0
0.1
0
0
0
0
1.224
0
0
0
0.2
0
1.836
0
0
0
0
0
0
0
0
1.424
0
0
1.224
0
0
1.224
0
0
1.524
1.224
0
0
1.624
0
0
1.224
0
0
0.1
0
0.2
0.2
0
0.4
0.1
0
0
0.1
0.1
0
0
0.2
0.6
0
0
0
0
0.1
0
0.1
0.1
0
3.06
0.1
0.2
1.324
1.936
0
1.836
0
0
0
0
0
1.224
0
0
0
0
0
0
0.1
0
0
0
0.1
0
0
0
0.4
0
0.1
0
0
0
0
0
0.2
0.3
0.1
0
0
1.836
0.1
1.224
0.7
1.324
0.3
1.424
1.324
0.1
0.1
0
0
1.224
0
1.836
0
0
0
0
0
0
0
0
0
0
0.1
0.5
0
1.424
0
0
0
0
0
0.1
0
0.1
0.3
1.424
0.4
0
0
0
0
0.1
0
0.2
0.1
1.224
1.624
1.224
0
0
0
0.2
0
0
0
0
0
0.1
0.3
0
0
0.1
1.224
1.936
0.1
0.1
0
0.3
0.4
1.836
0.1
0.7
0.3
0.3
0
0
0
0
0.1
0
0
0
1.836
0.5
0
0.6
0.1
1.224
0
0.4
1.224
2.036
1.836
0.1
0.3
0.1
0.3
0.1
1.324
0
0
0
0
0.1
0.1
0.6
0
0.5
0
0
0
1.424
0
3.06
0
0
0
0
0.3
0.2
0
0
0
0
1.224
0
0.1
0.2
1.8
0
0
0.2
0
0.4
1.324
0
0
0.6
0
0
0
0
0
2.448
1.824
1.524
1.824
1.224
1.424
1.224
1.224
1.324
1.324
1.224
1.324
1.724
2.448
1.624
1.224
1.224
1.224
1.224
1.524
1.624
1.224
1.424
1.224
1.224
2.648
1.724
2.748
1.224
1.224
1.224
1.324
1.224
1.724
1.524
1.324
1.224
1.524
1.224
1.624
1.324
1.224
2.448
1.524
1.424
1.324
2.548
1.224
1.224
1.324
1.424
2.448
2.448
1.224
1.424
1.224
1.424
1.224
1.324
1.324
1.324
1.624
2.448
1.324
1.524
1.224
1.324
1.424
1.224
1.224
1.824
1.424
1.324
1.224
1.224
1.324
1.224
1.324
1.224
1.324
1.224
1.224
1.224
1.224
1.324
1.324
2.448
1.624
2.648
1.224
1.324
1.624
1.424
1.624
1.224
1.324
1.424
1.524
1.224
1.224
2.124
1.224
1.224
1.424
1.724
1.424
2.548
1.524
1.924
1.224
1.324
1.224
1.424
1.224
1.224
1.524
2.448
1.224
1.224
1.224
1.424
1.224
1.224
1.224
1.224
1.224
1.424
1.524
1.224
1.724
2.448
1.324
1.424
1.524
2.848
1.424
2.748
2.448
1.324
1.224
3.348
1.324
1.324
1.324
1.224
1.524
2.548
1.224
1.524
1.524
1.924
1.324
1.424
1.224
1.424
2.548
1.324
1.624
2.448
2.648
3.048
1.224
1.224
1.424
1.324
1.224
1.224
1.224
1.324
1.224
2.448
1.224
2.448
1.424
1.324
1.824
2.748
1.324
1.524
1.424
1.224
3.06
1.224
2.524
1.824
1.224
1.224
1.424
1.224
1.324
2.548
1.524
3.048
1.924
2.448
1.224
1.424
1.524
1.524
1.324
1.224
1.324
1.224
1.724
1.724
1.224
1.224
1.224
1.224
1.424
1.524
1.224
1.224
1.324
1.224
1.424
1.324
1.324
1.624
1.524
1.624
1.324
1.224
1.324
1.524
1.224
1.324
1.224
2.448
1.324
1.424
2.848
1.224
1.224
1.224
1.624
1.224
1.224
1.424
1.824
1.224
1.724
1.424
1.424
1.224
1.224
2.024
1.224
1.224
1.224
3.06
1.324
1.324
1.224
1.424
1.324
1.224
1.224
1.324
1.224
1.224
1.524
1.224
1.324
1.224
1.224
1.524
1.524
1.424
1.524
1.224
1.524
2.224
1.424
1.324
1.524
1.224
1.224
1.324
1.524
1.624
3.06
1.224
1.324
1.324
1.224
1.324
1.524
1.624
1.224
1.224
1.224
1.324
1.224
1.224
2.748
2.448
1.524
1.224
1.224
1.224
1.224
1.224
1.424
1.424
1.524
1.424
1.424
1.224
1.224
1.324
1.224
1.624
1.224
1.224
1.224
1.224
2.548
1.224
2.448
1.324
1.724
1.224
1.224
2.448
2.448
1.324
1.324
1.224
1.224
1.724
2.448
1.324
4.284
1.424
1.324
1.324
1.924
1.524
1.224
2.648
1.324
1.624
1.424
3.048
1.324
1.424
1.224
1.924
1.724
2.124
1.224
1.224
1.324
1.224
1.224
1.224
1.224
2.024
1.224
1.424
1.224
1.224
1.324
1.324
1.224
1.224
2.448
1.324
1.424
1.224
2.448
2.448
1.324
1.324
2.648
1.724
1.824
1.224
1.424
1.224
1.424
1.324
4.584
8.584
2.548
1.224
2.448
1.224
1.324
1.324
1.324
1.224
3.16
1.624
1.224
1.224
1.424
1.324
1.324
1.624
1.224
2.548
1.524
1.524
1.324
1.224
1.224
3.048
1.224
1.224
1.824
1.324
1.224
1.324
1.324
1.224
2.648
1.324
1.224
1.224
1.424
1.324
2.548
1.224
1.224
1.224
1.224
1.324
1.524
2.448
1.324
1.224
1.224
1.224
1.324
1.224
2.448
1.724
1.424
1.324
1.224
1.524
1.424
1.224
2.548
1.224
2.648
1.324
1.524
1.224
2.448
1.224
2.448
1.424
1.324
1.224
1.424
1.824
1.224
1.224
1.524
2.548
1.224
1.224
1.324
1.224
1.224
1.224
2.448
2.548
2.024
1.324
2.548
2.448
1.224
1.224
1.424
1.224
2.648
2.648
1.224
1.224
1.224
1.524
1.524
1.224
1.324
1.224
1.524
1.224
1.224
2.748
1.424
1.224
1.224
1.224
1.324
1.224
1.724
3.86
1.224
1.324
1.224
1.224
1.224
3.148
1.224
1.224
2.448
1.224
1.224
1.224
1.324
1.424
1.524
1.824
1.224
1.324
1.824
1.524
1.624
1.624
1.224
1.224
1.324
1.224
1.424
1.424
1.324
1.324
1.224
1.224
1.324
1.324
1.224
1.424
1.324
1.224
1.324
1.624
1.724
1.624
1.924
1.324
1.324
1.524
1.224
1.324
1.224
2.548
1.224
1.224
1.324
1.224
1.224
2.448
1.224
1.324
1.224
1.224
2.448
2.448
3.06
1.324
1.324
1.224
1.524
1.824
1.424
1.524
1.224
1.424
1.924
2.448
1.224
1.224
2.024
1.224
1.224
2.548
1.424
1.224
1.324
1.324
1.324
1.324
1.324
1.324
1.324
1.324
1.524
1.324
1.824
2.448
1.324
2.448
3.06
1.524
1.424
1.224
1.524
1.324
1.224
1.324
3.16
1.224
1.224
1.224
1.424
1.424
1.324
1.224
2.424
1.224
1.224
1.424
1.224
1.524
3.248
1.824
1.224
2.548
2.448
2.448
1.424
1.424
1.224
1.724
1.424
1.524
1.324
1.224
1.624
1.624
1.224
2.548
1.224
1.324
1.424
1.324
1.724
1.224
1.324
2.448
1.524
2.448
1.324
1.224
1.324
1.424
1.724
1.324
1.224
1.224
1.424
1.324
1.224
1.224
1.924
1.824
1.224
1.424
1.324
1.324
1.224
2.448
1.624
1.224
2.648
1.624
1.424
1.224
1.224
2.548
1.424
1.624
2.448
1.224
1.324
1.924
3.06
1.324
1.324
1.824
2.548
1.324
1.224
2.748
1.624
1.224
1.624
1.524
1.624
1.524
1.224
1.924
4.284
1.524
2.548
2.748
1.224
1.224
1.224
1.224
1.224
1.324
1.224
0.2
0
0
0.1
0
0
0.1
0.4
0
0.8
0.1
0.1
0
0
0
0
0
0
0
0
0
0
0
0
0
0
0.9
1.936
0
0
0.5
0.5
0.4
0.6
0
0.5
0.1
0
0
0
0
0
0.1
3.672
0
0
0
0.1
0
0
0
0.2
0.2
0
1.224
0.2
0
0.1
3.06
0
0.1
0
0
1.224
0.4
0
0
0.1
1.836
0
0
0
0.5
1.224
0.2
0.3
0.1
0
0
0.1
0.1
0.1
0.1
0
0
0.1
0.1
0
0
0
1.224
1.424
0
0
1.224
0
1.224
0.3
1.4
0.1
0.2
0.3
0.2
0.1
