0.4
0.1
2.448
1.324
3.772
1.224
1.324
2.448
1.224
1.224
1.324
2.448
2.548
1.324
1.624
0
1.224
1.224
1.324
1.324
1.324
1.324
1.224
1.224
0
1.224
1.224
1.224
2.448
1.224
1.224
1.224
0.3
1.224
1.224
0
0
0
0
0.1
0
1.424
0
0
0
1.224
0
1.424
0.1
1.324
1.224
0
1.324
1.224
0
1.224
1.224
1.324
0.1
1.424
1.424
1.324
0
1.624
0.2
0.2
1.224
1.224
1.224
1.424
0
2.448
1.324
0
1.524
0.1
2.448
0
1.224
0.1
2.548
1.324
1.224
1.224
0
1.224
1.224
0
1.224
2.548
0
1.224
1.224
1.224
1.224
1.224
1.224
1.224
2.448
1.224
0
1.424
1.424
0
1.224
0
0
0.1
1.224
1.224
1.524
1.224
0
2.448
0
0
0
2.548
0
0
1.824
0
1.224
1.224
1.224
1.224
0
1.224
1.224
2.748
0.1
0
1.224
1.224
1.324
0.2
1.324
2.548
1.224
0
0
2.448
1.224
1.224
1.224
1.324
1.224
1.224
0
1.224
1.224
0
0
0
0
0.1
1.224
0
0
0
0.1
1.224
0
1.224
0
1.224
1.224
1.224
0
1.424
1.224
1.224
2.448
0.1
2.448
2.448
1.224
2.448
1.224
0.2
0.2
3.772
1.224
4.996
1.224
5.196
2.448
3.872
2.648
4.896
1.424
2.448
1.224
3.972
3.672
2.648
2.448
1.224
0
1.324
1.224
1.224
0
1.224
0.2
1.224
0
1.224
2.548
1.224
2.448
0
1.324
1.224
0
1.624
0
1.424
0
1.224
1.224
3.672
1.224
3.672
2.448
1.224
1.224
1.224
2.448
2.448
2.448
2.448
2.448
0
2.448
0
4.372
1.224
0
1.324
0
1.624
1.224
0
1.224
1.224
2.448
3.672
1.224
0
0
1.224
1.224
1.224
1.224
1.224
1.224
1.224
2.448
1.224
2.448
1.224
0
0
3.672
1.224
0.1
3.672
0
2.448
0
0
0
2.448
1.424
0
2.448
2.448
2.448
1.224
2.448
2.448
4.996
3.672
3.672
0
2.448
2.448
2.548
1.224
1.224
3.672
1.224
1.424
0
0
2.448
0
1.224
0
1.324
1.224
0.1
0.1
0
1.224
1.224
1.324
1.224
1.324
2.548
1.224
2.448
1.224
1.224
2.548
0
1.224
0
1.224
0
0.1
0
0
1.224
0
1.224
2.548
0
1.224
1.524
2.448
2.448
1.224
1.224
1.224
1.224
0
0.1
0
1.224
1.224
2.848
1.324
0.2
1.224
2.448
2.448
0.1
1.324
1.224
1.224
1.624
1.724
1.224
0
0
1.324
1.224
3.672
2.448
0
1.224
1.224
2.448
0
1.224
3.672
0
2.448
2.448
1.224
1.224
1.224
1.224
1.224
3.672
0
0
0
2.448
2.448
2.448
1.224
1.224
0
3.672
1.524
0
0
0
2.448
1.524
2.448
1.224
2.448
0
0
0
1.224
2.448
2.448
0
3.672
3.672
1.224
4.896
4.896
1.224
2.448
0.1
1.224
2.448
0
1.224
1.224
0.1
1.224
2.448
1.224
1.224
2.448
2.548
1.524
0.1
1.224
1.224
2.448
1.224
2.448
2.448
1.224
1.224
0
2.548
1.324
0
1.324
1.324
1.324
2.448
1.224
2.448
1.224
1.224
2.448
3.672
2.448
1.324
1.224
1.224
0
1.224
2.548
1.224
0
0.1
3.672
0
2.548
1.224
2.548
1.224
0
2.548
1.224
0
1.724
0.1
1.224
1.224
1.324
0
1.224
2.548
1.324
1.524
2.448
0
1.224
2.448
0
0
0
1.224
0
3.672
1.324
1.224
2.448
0
3.672
2.448
3.672
0
0
1.224
1.224
3.772
2.448
0.1
2.548
0.1
0
0
3.672
2.448
1.424
1.224
1.224
0
3.772
2.448
1.224
3.672
3.672
1.224
1.224
2.448
1.224
1.424
1.224
1.224
1.224
1.224
3.672
2.448
3.672
1.224
0
2.448
2.548
2.548
1.224
0
4.896
0
0
1.224
0
1.224
3.672
2.448
0.1
1.324
1.224
2.548
2.448
2.448
0
0
0
2.448
1.224
0
0
1.224
2.448
1.224
0
2.548
0
1.224
1.224
1.224
1.224
1.424
1.324
1.224
2.448
1.224
0
2.448
1.224
1.224
0
1.224
1.224
1.224
0.3
1.324
1.224
2.448
0
0
2.448
3.672
0
1.224
1.224
1.224
2.448
1.224
0
0
1.224
1.224
1.224
0
2.448
1.224
1.224
2.448
0
2.448
1.224
1.224
1.224
1.224
1.224
0
2.548
1.224
1.324
0
0.1
0
0
0.3
2.548
2.448
1.324
0
0.1
2.448
1.224
1.424
2.448
3.772
0
0
2.448
0
1.224
2.448
1.324
2.448
2.448
0
1.224
1.224
2.448
0
2.448
1.324
2.448
0
0.1
1.224
1.324
1.224
0
0
0
1.224
2.448
1.224
2.448
1.224
0.1
2.648
0
2.448
1.224
1.224
2.448
1.224
1.224
3.672
0
2.448
1.224
2.448
2.448
2.448
0
3.672
1.224
1.224
2.448
0
1.224
2.448
0
2.448
1.224
1.224
3.672
1.324
0.2
3.772
0
1.224
3.672
1.224
0.1
2.448
1.224
2.448
2.448
2.448
2.448
1.224
2.448
3.672
0
0
2.448
1.224
0
2.648
1.224
2.448
2.448
1.224
0
1.224
2.648
1.224
2.548
0
2.548
1.224
1.224
0
0
1.224
2.448
2.448
2.448
0.4
1.224
0
2.448
1.224
2.448
2.448
2.448
1.224
1.324
2.448
1.224
1.224
2.648
1.224
3.672
2.448
2.448
2.448
1.224
0
1.224
2.448
3.672
2.548
1.224
3.672
0.4
3.972
0
0
1.324
3.672
2.448
0
1.224
1.224
1.224
1.224
2.448
1.224
2.448
0
2.448
2.448
0
2.448
2.448
2.448
0
1.324
1.224
2.448
0
3.672
2.448
1.224
1.324
1.224
1.224
1.324
1.224
2.448
2.448
2.448
0
2.448
1.224
1.224
2.548
2.448
0
1.224
1.224
2.448
0
2.848
1.224
2.448
2.448
0
3.672
2.448
2.448
2.548
2.448
1.224
1.224
2.448
1.424
1.224
3.672
2.448
0
3.672
0
0
0
1.224
2.448
1.224
1.324
2.448
2.448
0
2.448
0
0
0.1
0
0
1.224
1.224
4.072
2.448
2.448
4.896
1.224
0
3.672
2.448
2.448
3.772
3.672
0
2.448
4.996
1.224
0
2.448
1.324
1.224
1.224
1.224
1.524
0
0
3.772
1.224
2.548
3.672
1.224
3.672
2.448
1.224
2.548
1.524
0
0
2.448
1.224
1.224
1.324
1.324
1.324
1.224
2.448
0.1
1.224
2.448
2.448
2.448
0
0
1.224
2.448
0
1.224
3.672
0
0
0
2.448
1.224
1.424
1.324
2.448
1.224
1.224
0
1.224
1.224
1.224
1.524
3.672
0.1
2.448
1.224
0.1
1.224
1.224
2.448
2.448
1.224
3.672
1.224
3.672
1.224
4.896
2.548
3.672
3.672
4.896
2.448
1.224
2.548
3.672
2.748
4.896
2.448
2.548
1.224
1.224
1.224
2.448
1.224
3.672
1.224
2.448
2.648
2.448
2.448
2.448
2.448
4.896
1.224
0
0
0
1.224
1.224
2.548
2.648
2.448
3.672
2.748
1.224
2.448
1.224
1.324
1.224
2.448
2.448
2.448
3.672
2.648
2.548
1.224
2.448
2.448
2.548
1.224
1.224
1.224
3.672
1.224
2.448
2.548
1.224
1.224
2.448
3.672
2.448
2.448
0
0
3.672
1.224
1.224
2.448
2.648
2.548
0
1.224
1.324
1.224
1.324
2.448
2.448
1.224
2.448
0
0.3
0
1.424
0
3.672
1.224
2.448
3.672
0
0
0
1.224
0
1.324
1.224
2.448
0
1.224
0
0
1.224
0
2.748
1.224
0.2
1.224
0
1.224
2.448
1.224
2.448
0
1.224
1.224
0
1.224
1.224
0.1
1.224
0
0.1
2.448
1.224
1.224
1.224
2.024
0
1.224
0.1
1.224
0.2
2.448
0
0
1.324
1.224
1.224
0
0
2.448
4.896
3.048
2.548
1.524
1.224
1.224
1.224
2.448
1.424
2.448
2.548
2.448
1.524
3.672
2.548
1.224
3.872
2.448
2.548
2.848
3.972
3.672
3.872
1.324
2.448
6.92
2.848
4.072
3.672
2.548
2.448
1.324
1.224
2.648
2.548
2.448
2.448
2.648
1.224
2.748
2.548
2.448
6.12
1.424
2.648
2.448
3.672
1.324
1.224
2.548
2.648
3.672
4.896
1.224
4.172
2.448
2.548
2.548
2.448
2.448
3.772
1.424
3.672
2.448
2.648
2.548
2.448
4.072
2.548
2.448
2.548
1.324
2.448
2.448
1.224
2.448
2.448
2.448
2.548
1.224
2.448
1.324
3.672
2.448
2.448
3.672
3.672
1.324
3.672
2.448
2.448
1.624
2.548
2.548
2.748
2.448
2.548
3.048
1.224
2.448
1.524
1.224
1.224
2.548
2.748
4.072
5.896
3.672
1.424
2.448
1.224
2.448
1.224
1.324
1.324
1.324
3.672
2.448
2.448
1.224
2.748
2.448
2.448
2.448
3.672
2.448
2.648
1.524
2.448
1.424
2.448
2.548
2.448
2.648
3.672
2.548
5.196
4.896
2.448
2.548
4.272
2.448
1.224
2.548
2.448
2.448
3.672
2.448
2.548
1.224
1.424
2.448
1.224
2.448
2.648
3.772
2.648
2.948
2.448
6.82
3.872
2.448
2.448
1.224
2.548
2.448
1.224
1.224
2.448
1.224
3.672
3.672
4.996
4.072
2.448
1.624
5.096
2.448
2.648
1.324
1.224
1.224
2.448
2.948
1.424
1.224
2.448
2.448
1.224
3.672
3.672
2.448
3.972
4.172
2.448
2.448
1.324
2.548
2.648
2.548
2.448
2.748
1.224
1.624
2.648
3.672
2.448
2.448
2.448
2.548
2.948
2.448
3.672
3.672
1.224
2.548
3.672
2.548
2.548
3.972
2.648
2.548
2.548
3.772
2.448
2.448
1.224
1.224
3.672
2.448
2.448
3.972
2.448
1.324
1.224
1.624
1.224
1.224
2.548
1.524
2.448
2.748
2.448
2.548
2.448
2.448
3.348
1.224
1.324
2.448
3.672
2.548
3.772
2.448
3.972
1.224
3.872
2.448
2.748
1.324
2.448
1.624
3.672
2.448
2.448
3.672
2.648
1.824
3.672
1.224
1.224
2.448
2.948
2.648
2.448
2.548
2.448
2.448
3.672
1.424
2.648
1.224
1.224
2.548
2.548
1.324
1.424
2.448
1.724
2.448
1.224
1.424
3.672
1.224
2.448
6.62
3.672
2.448
2.548
1.224
3.672
2.448
2.548
2.548
1.224
1.424
2.548
1.524
2.448
3.672
2.548
2.448
2.748
3.672
1.324
2.448
2.448
6.12
2.448
3.672
2.548
4.172
1.224
2.548
4.896
3.772
2.448
2.448
2.648
2.448
1.424
3.672
1.324
4.896
2.748
1.224
2.648
2.848
2.748
2.448
3.872
1.524
1.324
1.224
5.096
1.424
3.672
2.448
1.924
2.548
1.624
1.224
1.224
5.696
3.672
1.324
1.224
2.448
2.448
1.224
1.224
2.448
2.448
1.224
1.324
2.648
1.224
3.672
2.548
1.424
1.224
3.672
3.672
2.448
1.524
3.872
3.148
2.648
2.748
2.448
1.224
2.548
3.972
2.648
2.448
4.896
2.448
8.42
1.224
2.548
2.448
1.224
2.448
2.448
2.548
1.324
2.448
1.424
1.324
3.672
2.648
2.748
4.896
2.748
3.148
1.224
2.448
2.448
5.196
2.448
3.772
3.672
2.648
2.448
3.672
2.448
2.448
4.172
2.448
1.224
2.448
2.448
2.648
3.672
2.448
2.448
2.548
1.224
1.224
1.424
3.772
1.224
1.324
2.448
1.224
2.448
2.548
4.896
1.424
2.548
2.548
1.324
2.648
1.224
1.224
3.672
1.224
5.096
2.648
2.448
1.224
2.448
1.224
3.672
2.648
1.224
2.448
2.748
1.624
3.672
2.448
1.424
3.772
1.224
2.448
3.672
1.224
1.324
1.224
2.448
4.896
2.548
2.548
2.448
3.672
2.448
3.672
1.224
2.448
4.996
6.82
2.448
2.448
2.448
2.448
3.972
2.448
1.224
3.672
4.172
1.224
1.224
4.896
2.448
2.448
2.448
2.448
1.424
2.448
3.048
3.148
1.224
2.548
1.324
2.448
2.448
2.548
1.324
3.772
3.672
2.448
1.224
2.448
1.324
2.448
2.448
4.172
2.448
1.224
1.624
2.448
4.996
1.324
2.448
1.224
1.224
1.224
3.972
4.996
3.772
3.772
2.448
1.224
1.224
1.524
1.224
2.448
1.324
1.224
1.324
1.624
2.548
4.072
3.248
2.448
2.548
3.672
4.896
2.448
1.224
4.896
2.448
1.224
1.224
1.224
3.672
6.12
1.224
2.848
2.848
2.448
3.672
4.896
2.548
2.448
1.224
3.672
2.548
3.048
2.448
2.448
1.224
2.848
3.048
6.12
2.448
2.448
3.972
2.448
1.224
4.996
2.548
2.548
1.324
1.224
1.224
1.224
1.524
3.872
1.324
1.324
2.648
1.224
1.824
4.896
1.324
3.672
1.224
2.648
2.548
2.448
2.448
1.224
1.224
1.224
2.548
2.448
1.224
2.448
1.224
2.548
2.448
2.548
2.424
2.548
2.648
1.324
2.448
2.648
4.272
1.924
1.224
3.872
3.672
2.448
2.548
2.448
2.448
1.424
1.224
2.548
1.324
2.448
2.448
5.596
2.448
3.772
2.448
2.448
2.948
1.224
2.648
2.448
1.324
3.672
3.772
3.772
2.448
1.224
2.448
3.972
1.824
2.448
2.448
2.448
2.548
3.672
1.224
1.224
2.548
2.548
1.224
1.224
1.224
2.448
3.672
5.096
4.072
2.548
4.996
2.448
1.324
1.224
1.224
5.096
2.448
2.748
4.896
1.224
2.548
1.524
2.448
1.324
2.448
2.548
3.772
2.448
1.224
3.872
3.972
3.672
2.448
3.972
2.648
2.848
1.324
2.748
2.448
3.772
4.896
5.196
2.448
2.448
2.448
2.448
1.224
2.448
2.448
1.224
0
1.224
0.1
0
1.224
0.1
0
1.224
0.3
0
1.224
0
1.224
1.224
1.224
0.1
0
1.424
1.224
1.224
1.224
1.224
1.224
0
0
1.824
0.1
2.448
0
1.424
1.324
1.524
1.524
1.224
0.4
2.448
2.448
0
1.224
1.224
0
0
2.448
1.224
0
1.224
0
2.448
0
1.224
2.448
0
0
3.672
2.448
1.224
1.324
2.448
1.224
1.224
0
1.224
1.224
2.448
2.448
2.448
0
2.448
1.224
1.224
0
2.448
2.448
1.224
1.224
0
1.224
2.448
0
2.448
3.672
1.224
2.448
0
1.324
2.548
2.448
3.672
2.448
4.896
2.648
2.448
1.224
3.672
0
2.448
0
0.1
0
0
0.2
1.524
0
