0
0.2
1.924
0.2
1.424
3.06
1.224
1.224
1.324
1.224
1.224
2.548
1.224
1.624
1.324
0
0
0
0
0
3.16
3.06
0.1
0
0
0
0.1
0.1
1.324
0
0
1.224
0.5
0
0.1
0.1
0.1
0.1
0
0.2
0
3.86
0
0
0
2.244
0
0.3
0.2
1.424
1.224
0
1.324
0.1
0
0
0
0.3
0.2
2.444
0.2
0.2
0
0.1
2.236
0.1
0.1
0.1
2.444
0.4
0.1
1.624
0.2
1.836
3.66
0.3
0
1.22
0
0
1.324
0
1.424
0
0
0
0
0
0
0.6
0
0
0.1
0
0
2.644
2.344
0
0
0
0
0.5
0.2
0.1
0
0
0
0.3
0.2
0.1
0.3
0
0.1
1.324
0
2.956
0
0.1
0
0
1.4
0
0
0.2
0.2
0.1
0.3
1.224
0.1
1.824
0.1
0
0.1
0
3.06
0.2
2.244
1.424
1.224
0.5
0
0.1
0
1.324
0
0.1
2.344
0.2
0.2
0
1.224
0.1
0.1
0
0.1
0.2
0
0.1
0.3
0
0.1
0
0.1
0
0.1
0
0
0.2
0
1.9
0
0.6
1.224
0.1
1.224
1.524
0
0
3.16
0.1
0
1.424
1.224
2.548
1.424
3.148
3.048
2.448
1.324
2.448
1.324
2.648
1.324
2.848
2.448
2.548
2.548
1.224
0
0.5
1.936
0
0
0
0.8
0
0
1.324
1.424
0
1.224
0.4
0.6
0
1.836
1.4
0
2.436
0
1.836
0
1.424
1.624
1.224
1.324
1.524
1.224
1.224
1.724
1.224
1.324
1.224
1.224
1.836
1.324
0.1
2.624
3.06
1.836
1.424
1.836
2.124
3.26
0.1
0
0.1
0.1
0
1.224
0.5
0
0
0
0
0
1.224
1.836
0
1.224
1.524
1.224
0
0
0
1.224
0
0.2
1.224
0
1.224
0
0.1
0
1.224
0.3
0
1.224
0
1.224
0
0
0
1.424
1.224
1.424
0
1.324
1.324
1.524
3.06
3.06
1.224
0
0.3
0
0
0.1
0
0.1
0
0
0.2
0.2
0.2
0
0
0.1
0.2
0
0.4
0
0
1.224
0
0
1.324
0
1.224
0
1.524
0
0
0
0
0.1
0
0
0
0
0
0.5
0
0
3.26
3.16
0
0
0
0.6
0
0
1.324
0.9
1.12
0
1.424
1.224
1.324
0.2
0.1
1.224
0
0.5
0.9
0
1.836
0
0.2
0
2.648
2.448
0
1.224
1.224
1.224
0
0
1.224
1.836
1.224
1.224
1.224
0
1.224
0.1
0
0.7
0
0
0.2
1.424
1.824
0
0
0
0
1.224
1.624
0
0
0
1.224
0.9
0
0
2.448
1.836
0.2
0
0
1.324
3.06
0
1.324
1.324
3.06
1.324
1.324
1.424
1.224
0.9
1.324
0
1.836
0.1
0.1
0.1
0
0.1
0.2
3.16
3.06
1.324
0.3
0
1.324
1.936
1.324
1.324
1.424
0
0.2
1.224
0.1
1.524
0.2
0
0
1.224
0.1
1.324
2.036
0.1
0
0
3.06
0
1.224
1.224
3.16
0.1
1.936
0
1.424
0
0
2.036
0.1
0
1.424
1.324
1.224
1.224
0.2
1.224
0
0
2.024
2.336
0
1.824
0.4
0
0
1.624
1.424
0.2
1.836
0.1
0.2
1.224
0
0
0.1
0.1
0
1.324
0.1
0
1.224
0
0
3.16
1.424
0
1.836
0
1.224
1.424
1.224
1.836
1.424
0.3
0
0
1.224
3.06
0.5
0
0
0
1.524
1.224
3.06
1.324
1.224
1.936
1.224
1.224
0
0.7
1.224
0
1.224
0
1.324
1.624
1.224
1.836
0.1
1.224
1.624
1.724
1.324
0
1.224
0.1
0
1.224
0
0.4
1.224
0
0
0
1.324
1.724
3.36
1.224
0
0
0.1
1.224
1.524
0
2.036
1.324
1.424
1.224
0.1
0
0.2
0
0
0.1
3.06
2.036
1.224
3.16
1.224
1.224
0.1
1.224
0
1.524
1.936
0
1.224
1.224
0.6
1.424
0
1.424
0
0
3.06
1.224
0.1
0.1
1.224
1.324
1.224
1.836
0.2
0
0
1.224
1.324
1.836
1.224
0
0
0.1
0
1.324
0
2.136
1.324
0.1
0
0
0.1
1.624
1.836
0
0.3
0.1
0
1.1
1.424
1.224
0
0
0.1
1.324
0
0.2
1.524
1.524
0
0
1.224
0.1
3.06
1.224
0.1
3.06
0.1
0
1.224
0
1.224
1.836
0
1.224
0
0.1
0.1
0
1.424
0
0
0.1
0.1
1.324
1.224
3.36
1.324
0
0.2
1.724
0
1.724
3.06
1.836
1.224
0.1
0
1.324
0
1.224
1.224
1.324
1.224
1.624
0
1.224
1.724
1.524
1.624
0.1
0
2.136
0
1.224
0
1.224
1.224
1.324
0
1.224
1.936
0
0.2
1.224
0.1
0
0.2
1.224
1.224
1.224
1.224
0
0.1
1.324
1.836
0
1.624
3.06
0
1.224
0
1.324
0.1
0
0
0
1.424
1.224
0
0
1.324
1.424
0
0
0
1.836
0
1.324
0
2.036
1.324
0.1
1.224
0
3.06
1.224
3.06
1.424
0.1
1.224
0
1.524
0
1.224
1.424
1.224
1.224
1.524
0
0.3
1.324
0.3
1.224
1.224
1.324
1.224
1
1.824
0.2
0
0
1.224
1.224
0
1.324
3.16
0
3.16
1.836
1.424
1.524
0
0
0
0
1.224
1.324
1.324
0
1.324
1.224
1.424
0
0
3.16
1.224
0
0
0.3
0
3.16
1.424
0
0.1
0
1.324
1.836
0.1
0.2
3.16
0
3.06
1.224
1.224
1.836
0.1
0
1.324
1.224
0
1.424
1.224
1.224
1.224
0.1
0
1.224
1.224
1.724
0
3.16
1.324
1.936
3.06
0
0
0
0
1.224
0
0
1.324
3.06
0
3.26
0
0
0.1
0
0.1
0
0
1.224
1.224
1.224
1.224
0
1.836
0.1
1.224
0
1.324
1.224
0
1.424
1.624
0
0
1.224
1.224
3.16
1.224
0
1.524
0.1
0
1.724
0.1
1.224
1.224
0.1
1.324
3.06
1.224
1.524
0.2
0.1
0
3.06
0
1.324
1.324
1.836
1.224
1.224
0
0
0
1.224
1.324
1.224
0.2
0
0.2
0
0
0
1.324
0
0.1
0
0
0
0
0.6
1.524
1.324
0
0.1
0
1.224
0
1.424
1.224
0.2
3.26
3.06
1.936
1.936
0
1.424
1.624
1.224
1.224
0.1
1.224
3.06
1.224
1.624
0
1.624
1.324
1.524
0.1
1.224
1.224
0.5
1.324
1.224
1.324
3.06
3.06
3.06
1.324
1.324
1.424
1.224
1.324
1.524
1.324
1.624
0.3
0
1.224
0
0
0
0.1
0
0
3.26
1.524
3.26
1.224
0.6
0
0
3.06
1.224
3.16
1.836
2.136
1.836
2.448
2.748
4.284
3.16
3.16
3.16
0.2
3.06
1.224
0
1.224
0
1.324
1.424
1.324
1.224
1.224
1.224
1.624
1.324
0
0
1.524
0.3
0
1.324
2.424
1.224
1.936
1.224
0.1
1.224
0.1
1.724
1.224
0
3.06
0
1
1.836
0.2
0.1
1.324
1.324
1.624
1.224
0.1
0
2.036
1.224
1.02
0
1.424
0
0
1.224
0.1
0.1
0
0
0.6
1.224
0
1.224
0
0
1.624
0
1.224
0
1.224
1.224
0
0
0.2
0.1
1.224
0
0
0
1.324
1.324
1.524
3.324
0
1.324
0.1
1.424
0.5
0.5
0.1
0
1.424
1.324
0.1
0.1
1.836
1.224
2.448
2.948
2.648
1.624
1.224
1.224
3.06
1.224
1.324
1.324
1.224
2.548
2.844
2.748
2.448
1.324
2.748
2.448
2.448
1.324
3.048
2.548
2.448
1.224
1.224
2.448
2.748
2.548
1.224
2.448
2.448
1.324
3.06
3.448
2.648
2.448
1.224
2.948
1.324
2.848
1.424
2.448
2.548
1.324
3.16
1.224
1.324
1.224
2.344
1.424
2.448
2.448
2.448
1.224
2.948
2.448
2.548
2.448
1.224
1.424
2.448
1.524
4.384
2.548
2.648
3.668
2.648
2.448
1.524
2.648
2.548
1.224
2.548
1.224
1.224
1.224
1.224
2.548
4.584
2.444
1.224
1.224
2.448
1.224
2.548
1.224
2.448
1.524
1.324
2.448
1.224
1.324
2.748
1.324
2.548
2.648
2.848
3.148
1.224
2.448
2.024
1.224
1.224
2.648
3.048
2.648
1.324
2.448
1.524
1.324
1.224
1.324
1.324
1.224
1.624
1.524
2.448
2.448
2.448
1.224
2.548
2.648
1.224
2.648
2.448
1.224
2.648
1.724
2.448
1.824
1.224
2.448
1.224
1.324
2.448
2.648
2.648
2.448
2.448
2.448
2.124
2.448
1.224
2.748
1.224
2.448
2.448
1.224
1.224
1.524
1.424
1.224
1.224
2.448
2.548
2.448
2.448
3.148
1.224
2.748
1.224
2.448
2.448
1.224
4.284
2.448
1.224
1.324
4.384
1.224
2.448
2.448
2.448
2.448
2.548
1.524
2.748
1.324
2.448
1.324
1.224
1.224
2.448
2.024
1.624
1.224
1.224
3.06
1.224
2.548
2.548
1.224
2.548
2.748
1.224
1.224
1.224
1.324
1.424
2.448
1.324
2.648
1.224
3.16
1.524
1.224
2.448
2.448
1.224
2.548
2.748
2.548
2.448
2.748
1.224
2.448
2.448
2.648
2.648
2.448
2.648
2.448
4.484
2.448
1.324
2.448
3.16
1.224
2.448
2.448
2.548
1.424
1.224
1.324
1.224
1.724
1.224
1.224
3.148
1.924
2.448
1.624
2.548
3.16
1.224
2.448
2.748
1.224
1.224
1.224
2.448
1.324
2.648
2.448
2.548
1.224
2.548
1.224
2.548
1.424
2.448
1.324
1.224
2.448
2.548
2.448
2.448
1.624
2.748
1.224
1.224
1.224
2.648
2.448
2.548
1.324
2.448
4.284
1.324
1.524
1.624
1.224
1.424
4.384
2.748
1.224
1.424
2.548
1.324
1.224
1.224
1.324
2.448
1.224
1.224
2.648
2.548
2.748
2.448
1.224
1.324
2.448
2.448
2.448
3.06
1.324
2.448
1.624
1.424
2.448
1.224
2.448
1.424
2.448
1.224
3.468
2.448
2.448
2.448
2.448
1.224
2.648
1.324
1.224
2.548
2.448
1.324
2.548
1.224
1.224
1.424
1.224
3.06
1.224
2.948
1.224
4.484
2.848
2.548
1.224
2.448
1.324
1.424
1.224
2.648
3.16
2.548
2.448
1.724
3.568
1.724
1.224
1.224
2.648
2.448
1.924
2.244
2.548
2.548
1.224
1.424
2.448
3.06
1.324
1.224
1.224
1.224
2.748
2.448
1.224
1.224
2.448
2.548
2.648
3.16
2.748
3.048
2.448
1.424
2.548
1.224
1.424
2.648
1.424
1.324
2.548
2.548
2.548
1.224
9.504
2.448
1.224
2.448
1.224
1.524
1.324
2.448
3.36
1.224
2.448
1.524
1.224
2.548
1.824
2.748
1.324
2.448
2.448
2.548
1.324
2.448
2.648
2.548
2.448
1.324
2.448
1.224
3.148
4.584
3.06
2.748
1.424
1.224
2.448
1.224
2.448
1.224
1.324
1.624
1.824
2.448
2.244
1.224
2.448
1.224
2.448
1.224
2.448
1.624
2.648
1.224
1.324
2.548
1.224
1.224
2.448
2.244
2.548
1.324
1.524
1.224
1.324
1.224
2.448
1.524
1.324
1.324
2.548
1.424
2.448
1.224
1.424
2.448
1.324
2.448
2.448
1.424
1.324
1.224
1.224
2.748
4.584
2.448
1.224
2.448
1.224
2.448
1.324
2.448
2.548
2.448
2.448
1.224
2.548
2.448
2.548
1.224
1.224
2.448
2.848
1.224
1.224
1.224
1.224
1.224
2.448
2.548
1.324
2.448
1.624
3.748
1.424
2.648
1.424
4.284
2.448
1.324
1.224
4.284
2.448
2.448
1.224
2.548
1.324
1.224
1.224
2.548
4.284
1.224
1.624
3.668
2.448
1.424
2.448
1.224
1.224
1.324
2.848
2.548
2.448
2.548
2.448
1.324
1.224
1.324
1.224
3.568
1.324
1.224
1.424
1.324
2.448
2.948
2.748
2.648
2.548
2.548
2.448
2.448
2.244
2.548
1.224
1.224
1.324
1.324
2.448
2.448
1.324
2.548
1.224
1.224
2.548
2.448
1.224
2.448
1.224
2.548
1.424
2.424
1.324
1.324
1.224
1.424
3.248
2.548
1.224
1.224
2.948
2.448
1.224
2.548
2.848
4.384
1.224
3.26
1.324
1.424
1.324
2.848
1.424
1.324
1.324
1.524
1.824
2.448
1.324
2.448
1.224
2.648
4.284
2.448
1.324
3.16
1.224
1.224
2.448
2.448
1.424
2.548
1.424
2.748
2.448
4.384
2.924
2.648
2.448
1.424
1.224
1.824
2.324
2.024
1.224
4.484
2.448
1.224
2.448
1.224
1.324
1.524
1.324
2.548
4.18
2.448
2.648
3.648
2.448
2.548
2.448
3.16
2.548
1.224
2.548
2.448
1.224
2.448
2.648
2.448
2.448
1.224
2.548
2.448
1.424
2.648
1.424
3.468
1.324
2.548
3.06
1.224
2.848
2.448
1.224
1.224
1.224
2.448
2.648
2.548
2.948
2.448
2.548
4.384
1.824
3.06
1.224
2.448
2.848
2.648
1.224
1.224
2.548
1.424
1.224
1.324
2.448
1.524
1.324
2.748
1.224
3.048
2.648
2.548
2.648
2.748
2.748
2.848
1.224
2.648
1.224
4.484
2.548
2.748
2.448
2.448
1.224
4.284
1.324
2.748
3.06
0.2
0
0.1
0.3
0
1.224
0.2
0.3
0
1
0.1
1.224
0
0
0
0
0
2.036
0
1.324
0.1
0
0
1.224
1.936
0
2.436
0
1.224
1.836
1.224
1.324
0.7
2.024
0
0.7
1.424
3.06
0
1.224
1.224
0
0.4
0
1.836
1.836
0
0.1
0
1.836
1.836
1.224
0.1
0.1
1.224
0
1.324
0
0
0
0
0
0
0
0.3
1.224
1.224
0.1
0
1.224
1.224
0
1.524
0
1.424
1.524
0
0
1.224
0
1.324
1.224
1.324
1.324
0
0.2
1.324
1.324
1.324
0
1.324
0
1.324
1.836
1.424
0
1.224
0.1
1.2
0.3
0.2
0.6
0.3
0.3
