1.924
0.1
1.7
0.7
1.324
1.224
1.424
1.224
1.224
1.224
1.324
1.224
2.548
3.024
2.124
0
1.224
0
0
0
0
0
0
0
0.2
0.1
1.624
0.3
0
0.1
0.1
0.1
3.8
0
1.324
0.9
0.1
0
0.2
0.5
0.1
2.924
0
0
0.1
0
1.824
1.524
0.3
0.8
0.1
0
0.6
1.224
0.2
0
1.424
1.224
0.1
1.3
4.924
2.224
0.1
1.2
2.824
0.5
1.224
1.224
0
3.824
0.2
2.424
1.224
0
4.724
1.3
1.224
0.5
1.324
0
1.9
1.324
0
1.224
0.1
1.324
1.324
0
0
2.924
0
0
2.648
1.224
1.224
0.5
0.3
1.324
0.1
0
0.1
2.424
3.024
0
1.224
0.1
1.324
1.4
1.624
0.2
2.848
2.448
0.1
1.424
0.1
0.5
1.424
1.324
0
0.1
6.024
0
0.1
2.324
1.524
0
0
0
0
1.924
1.924
0.1
1.424
0
1.724
0.6
0.2
1.424
0.2
2.124
0
1.224
1.224
0.4
1.224
1.324
0
1.624
0.2
1.324
0.1
0.4
0.1
1.324
0.8
0.8
3.248
0
2.524
0.1
0.3
1.324
0
2.448
1.624
1.324
0.1
1.324
1.624
3.8
1.424
2.024
2.548
0.4
2.548
0.5
1.424
1.424
0.2
0.4
0.2
2.024
1.424
2.648
4.148
3.348
1.824
2.448
2.748
2.448
1.924
1.424
1.524
3.348
2.748
1.524
1.224
2.748
0
1.5
1.624
0
1.224
1.424
2
1.224
0
0.6
0.4
0.1
0
0.1
0.3
1.224
0
8.248
0.1
4.148
0
1.224
1.224
0
1.3
0.1
0
0.2
0
0
0.5
1.224
0.2
0
1.524
0
0
0.1
4.524
0
1.224
0.4
0
0.9
0.3
0
2.448
0
2.448
1.324
0
1
0
1.524
1.324
1.224
0.1
0
1.324
2.924
0
0.3
0.1
1.224
0.1
0.1
0
1.224
1.1
0
0
0
0
0.3
0
0.1
4.124
0.1
0
1.324
2.448
2.448
2.448
1.224
1.824
0
1.624
0.1
0.1
0.2
1.424
0.1
0
0
1.224
3.824
0
1.224
0
1.724
1.624
1.424
0
2.448
0.5
0.6
0.4
1.224
2.124
1.624
0
1.724
1.524
1.224
1.324
0
0
0.4
0
1.524
0
1.324
1.324
0
2.324
2.324
2.024
0.1
1.224
0.1
0
1.224
1.8
1.324
0
0.5
0.3
1.224
0.1
0.1
4.324
0
2.448
0.1
4.624
2.648
1.2
0.5
0.4
0.1
3.124
2.748
1.424
2.848
3.424
7.148
0
0.1
0
2.448
0
3.248
1.624
0
0
0
1.224
0.1
0.1
0
0
0
0
0
0
0.1
0.1
1.324
2.924
0
0
0.1
0.3
1.4
0
1.224
0
0.5
0.1
0.3
0
0
0
0
1.9
1.424
0.5
1.324
0
0.3
0
0
0.1
0.1
0
1.324
1.324
0.1
1.424
1.324
0.4
0.2
1.5
0.5
1.224
0.1
0.3
1.324
0.2
0
2.848
1.324
0.1
0.3
0.3
0.5
1.424
0.2
0
1.324
0.2
0.3
1.224
3.448
0.1
0.2
0.5
0.2
0.1
4.348
0.4
1.224
0
1.424
1.224
1.624
0.2
0
1.224
1.224
0.3
0.1
0.1
0.1
0
1.524
1.324
0.1
0.3
1.324
1.224
0.8
0.1
1.324
0
0.5
0
1.524
0.2
2.9
2.224
0
0.7
3.7
0
0.4
0.9
0.5
1
1.224
0.8
0.6
1.324
0
0
0.6
0.1
0.2
1.324
0.6
0.3
1.224
0
1.224
0
1.224
0.1
0
0
0
0.7
0
0
1.524
0.2
1.224
0.1
1.224
0
0.6
0
1.324
0
1.424
0
0
0.1
1.424
0.1
0
0.1
1.224
5.848
0
1.224
0
0
0.6
2.124
1.224
0.1
0
0
0.2
0.9
0
0.1
1.324
1.224
0.4
0
0.6
0.3
1.324
1.924
0.4
0
0.4
0.8
0.5
1.424
0
0
0.2
0.3
0.1
0.1
0.2
0
0.7
0
0.1
1.524
0.3
1.224
1.224
3.348
0
1.524
0.4
0.3
0
0
0.2
1.224
0
0.1
0
0
0
0.1
2.8
0.5
0
1.424
0
0.1
0.1
0.1
0.1
0
0
0.1
0
2.448
0.9
0
1.224
0
0.2
0.2
0
1.324
0
1.424
0
0
0.3
1.924
0.1
0.1
0
0
1.224
0.8
1.224
0
1
0.1
0
2.3
0.2
0
0.2
0.2
0.3
1.324
0
0.2
0.3
0.4
0
0.1
1.324
0
0.1
1.224
0
0
0.3
0.1
0
0.1
0.1
0
1.224
1.624
0
1.524
0.4
0
0.3
2.448
0
0
0.4
0.4
0
0.4
0.3
0
0.1
0.6
0.1
0.4
0.1
1.224
1.224
0
0
1.424
0
0
0
0.2
0.1
2.124
0
1.224
0.2
0.3
0.6
0.1
0.1
0.5
0
0.1
0
0
1.324
0
0.2
0.3
0.1
0
1.424
0.1
0.2
1.224
0.5
1.224
0.1
0
0.2
0
1.324
2.448
0.4
0.2
0.4
0.3
0.1
0.1
1.324
0.1
0.1
1.224
1.224
0
0.2
0
0
0.1
0.1
0.3
1.224
0
0
0
0
0
0.1
4.024
0.1
0.1
0.3
0
0.2
1.224
0.1
0.8
0.1
1.424
1.524
0.6
2.748
0
0.3
0
1.224
0
1.224
0
0.2
1.624
1.224
0.1
0
1.224
3.6
2
0.1
1.624
1.224
1.224
1.224
0
0.2
0.1
0
0
1.224
0.6
0.2
0
1.224
0
0
0
0.1
0
0
0.1
0.1
0.1
0
1.224
0
0.2
0.4
1.324
0.1
1.6
0.5
0.4
0
1.324
0
1.424
1.424
0.3
4.524
0.2
1.224
0
0.1
0
0
3.448
1.224
0.1
0.2
1.224
1.324
0
0
0.3
0
0
0
0
0.2
0.1
1.424
0
0.2
1.324
0
0.1
1.224
0.2
0.2
1.224
1.224
1.324
0
0
0.1
0
0
0.1
0
0
1.324
0
0.1
0.2
1.324
1.224
0
0
1.324
1.424
1.224
0.5
0
0
0.1
2.024
2.748
0.3
0.1
0.1
0.1
0.3
0
0.4
0.6
1.224
2.524
2.548
1.424
2.448
0.1
1.324
0
0.1
1
2.524
0
0.2
0.1
0
0.2
0
0
0
0.2
0.1
2.124
0
0
0.3
0
0.2
0.1
0
1.224
0
1.224
1.324
0.2
0.1
0.2
1.524
1.324
1.224
0.8
1.524
0.3
1.224
0.3
0
0
1.224
0.3
1.224
0.2
1.624
0
0.3
1.324
0
0.6
1.1
0.1
1.224
0
1.324
0.2
1.224
3.824
1.224
2.624
1.524
0.5
1.424
0.1
1.224
1.724
1.324
0.2
0
0
0
0
0.2
0
1.524
0.1
0.2
0.3
0
0.2
4.124
1.224
1.624
1.224
0
1.224
0
0
0
1.424
0.3
0.6
0
1.724
0
1.224
0
0
0.2
1.224
1.724
1.724
1.324
1.724
2.548
0
1.524
1.424
1.224
0
0
2.448
1.224
1.224
0
0.6
0.1
0
0.2
0.1
0.4
1.524
0
0
1.824
0.3
0
0
1.1
0.1
0.4
0
0
0
1.424
1.824
0.3
1.224
1.224
0
1.3
0
6.148
0
0
0
2.024
0.1
0.8
0.1
1.324
0.1
0.1
2.724
0.4
1.224
0
0
0
0
0
0
4.124
0.1
0.2
0.2
1.224
2.548
0.3
1.224
2.448
0
0
0.1
0
1
3.648
0.5
0
0
0.1
0
0
0.3
0.2
3.7
1.424
0.1
1.624
0.1
1.5
0
0.1
1.324
0.6
0
1.724
0
0
1.224
1.224
2.024
1.224
1.924
2.648
1.224
1.224
2.548
1.324
2.548
1.324
1.524
2.024
1.424
1.924
1.224
3.872
1.424
1.424
2.748
1.724
2.548
2.548
1.224
4.172
2.548
1.524
1.524
2.448
1.224
1.324
1.224
2.448
2.924
1.324
1.424
2.448
1.624
2.448
1.824
2.548
1.324
2.648
1.224
2.848
2.448
2.648
2.448
2.548
4.748
1.624
1.224
2.648
1.224
3.748
1.324
1.224
1.224
2.548
3.872
2.948
3.048
1.424
1.224
2.224
1.524
1.224
2.748
3.148
1.324
1.424
1.424
1.224
1.224
2.548
2.648
2.548
1.424
2.848
1.524
2.448
2.448
2.548
3.672
1.324
2.448
1.224
1.424
2.448
1.324
3.672
1.624
1.324
1.324
1.224
2.448
1.524
1.824
2.948
1.224
3.024
1.324
2.448
1.524
1.824
2.548
2.648
2.448
2.824
2.748
1.224
1.224
1.524
2.548
3.048
1.524
1.424
1.224
1.224
1.324
1.824
1.224
2.448
1.224
2.448
3.672
1.224
3.748
1.224
2.124
1.224
1.624
2.448
2.448
1.624
1.524
2.948
1.224
1.224
1.224
7.148
1.324
1.324
2.648
3.672
1.424
1.224
2.748
2.748
1.524
3.448
2.648
1.224
1.524
1.524
2.448
1.324
2.124
1.224
3.148
1.324
1.224
1.224
2.748
1.424
1.224
1.224
1.224
1.424
1.224
1.224
2.548
2.448
2.948
1.324
2.124
2.748
3.148
1.924
1.524
1.224
1.324
1.324
5.548
1.924
1.224
2.448
2.848
1.224
2.448
1.624
2.448
1.824
1.724
1.224
3.972
1.324
2.648
2.648
2.548
2.448
1.224
1.224
1.824
4.448
2.448
1.424
1.224
2.448
2.548
1.824
1.224
1.224
2.448
1.424
1.224
2.448
1.424
1.524
2.748
2.124
1.524
2.548
2.648
2.448
1.224
1.224
1.224
1.424
1.224
1.624
1.624
3.772
1.324
1.324
1.724
1.224
1.224
2.524
1.824
1.524
2.748
1.324
4.172
2.448
1.224
2.424
1.324
1.324
3.672
2.448
2.548
2.448
1.224
2.948
1.324
2.448
2.448
1.424
1.324
1.224
2.224
2.548
1.324
1.224
2.448
1.524
1.924
2.548
1.324
1.324
2.448
1.324
1.424
1.424
2.548
1.324
1.224
2.848
1.524
2.548
1.324
1.324
1.324
1.324
1.324
1.324
1.324
1.724
2.448
1.224
1.324
1.224
2.448
2.448
2.948
1.424
1.524
1.324
2.848
2.448
1.224
1.324
1.424
1.324
1.924
1.324
1.724
2.548
2.448
2.448
1.424
1.424
1.224
1.224
1.224
1.224
2.448
1.224
1.224
3.048
1.624
1.424
2.648
2.648
1.424
2.748
1.224
2.648
1.324
1.924
2.548
1.424
2.448
1.424
2.448
1.524
1.424
3.148
2.448
1.324
1.224
1.624
1.424
1.624
1.624
2.448
1.224
2.224
1.624
2.324
1.424
2.548
3.972
2.548
1.824
1.324
1.224
1.924
1.324
1.424
1.324
2.448
2.448
1.324
3.972
2.448
1.324
1.524
1.524
1.224
1.224
1.324
1.224
1.424
1.624
3.424
2.024
2.648
1.824
2.548
2.648
2.548
1.624
1.624
1.224
1.524
2.548
1.224
1.524
1.524
1.324
1.324
1.324
14.772
2.448
1.224
1.524
1.524
2.648
3.148
3.972
2.448
4.172
1.824
1.724
1.224
1.224
3.148
2.548
2.448
1.824
1.624
1.224
2.548
1.224
2.448
1.724
2.548
1.224
1.324
2.548
3.872
1.224
2.448
1.224
2.448
1.324
1.924
1.724
1.224
1.224
1.324
2.448
1.324
1.524
2.448
2.448
4.448
1.324
2.548
1.624
1.224
1.224
1.224
1.224
1.224
2.748
2.448
2.448
1.324
1.224
1.424
1.224
7.272
2.548
2.448
1.924
2.324
2.548
3.672
1.424
1.424
1.624
1.224
1.224
1.324
1.324
1.224
1.224
2.448
2.724
1.224
1.424
1.224
2.548
1.224
1.424
1.324
2.648
2.648
1.224
3.872
1.224
1.724
2.748
1.324
1.224
2.448
1.324
2.448
1.324
2.548
2.448
3.672
1.224
1.424
1.724
1.224
2.848
2.924
1.624
1.524
1.524
1.224
1.424
1.224
1.224
3.772
1.224
1.324
1.224
1.324
1.424
2.448
3.348
2.948
1.224
1.324
1.624
1.624
2.748
1.224
1.324
1.224
1.324
1.624
2.848
2.748
2.748
2.648
1.224
2.448
1.224
2.948
2.448
1.824
1.424
1.224
1.624
1.624
1.324
3.048
3.748
1.224
1.524
2.648
2.448
1.324
1.224
1.224
1.224
1.224
1.724
1.324
1.224
2.448
1.224
1.424
2.448
2.448
1.324
2.448
3.672
1.224
1.224
1.524
2.648
4.748
2.448
4.048
1.424
2.848
3.124
2.448
3.772
2.648
2.324
1.224
1.424
1.224
1.624
1.724
1.224
1.324
1.324
1.224
1.824
2.024
1.724
1.724
1.624
1.424
2.324
1.224
1.224
1.324
1.324
1.824
1.724
2.448
2.648
1.324
1.224
1.224
1.424
1.324
1.424
1.424
1.524
2.424
1.224
2.548
3.724
1.424
1.224
2.548
1.224
3.248
2.524
2.724
2.448
1.324
1.324
1.224
1.624
2.548
4.472
1.824
1.324
1.524
1.624
1.224
1.724
6.272
1.224
1.424
1.224
2.448
1.524
1.424
3.048
2.548
1.424
1.224
2.424
1.224
1.624
1.224
1.424
2.748
1.924
1.424
2.648
1.224
3.348
3.048
2.548
1.424
1.924
1.624
1.324
1.524
1.524
1.224
2.448
4.072
2.948
1.324
2.648
1.324
2.224
2.448
1.324
2.648
1.524
2.524
2.448
1.424
1.624
1.724
1.224
2.748
1.524
4.572
2.648
1.824
1.224
2.724
2.848
2.648
1.524
2.548
1.824
1.824
2.548
2.124
1.324
2.848
1.224
1.924
1.224
1.424
2.448
1.224
1.224
3.448
2.448
1.224
0.1
0.1
0.5
0.3
0
0.1
2.6
1.224
5.824
0.2
0
0
1.324
1.224
0
1.524
0.1
0.4
1.224
0.5
2.448
0
0.1
0
0
4.2
0
1.224
0
0.8
0.4
4.724
1.5
1.224
4.024
0.3
0.1
0
0.1
0
0
0.3
1.224
1.424
0
0
0.5
1.224
0.1
0.1
0
0.1
0
0
1.424
0.3
0
0.2
0
1.324
0
1.524
1.224
1.724
0.1
0.2
1.424
1.224
0
1.224
1.824
1.4
1.324
0.3
0.6
0.1
2.448
1.224
0
0
1.224
0.8
0.2
1.624
1.624
0.3
1.324
1.224
1.424
1.724
1.624
0
1.224
1.424
0
2.448
0.5
5.724
1.324
0
0.9
2.1
0.2
