0.5
0.6
1
0.5
0
3.66
1.424
1.324
1.224
1.224
1.624
1.224
1.624
1.724
1.624
0.1
0
0
0
0.1
1.836
1.836
0.1
0
0.2
0
0
0.2
0.2
0
0.1
0
1
0
0.2
0.4
0
0.1
0.3
0.5
0.2
2.536
0
0.1
0.1
0
0
0.4
0.5
0.2
0
0
0.5
0.2
0
0.1
0
0.1
0.3
0.3
0.4
0.1
0.1
1.1
2.036
0.3
0.1
0.3
0
0.6
0.6
0.1
0.2
1.936
2.936
0.8
0
0.5
0
0
0.7
0
0
0.1
0
0
0
0
0.1
0.7
0
0
0.1
0
0
0.1
0
0
0.1
0
0.2
0.5
0.4
0.1
0
0
0
0.9
0.1
0
0.2
0
0
0
0
1.836
0.1
0
0
0.1
1.8
0
0
0.7
0
0
0.3
0.1
0.2
0.4
0.4
0.1
0.1
0.1
1.936
0.6
0.3
0.1
0.2
0.1
0
0.1
0
0.3
0.1
0.1
0
0
0
0
0.1
0
0.1
0
1
0.2
0
0.2
0.5
0.2
0.2
0
0
0
0.1
0.1
0.1
0
0
1.7
0
0.5
0
0.2
0
0.6
0
0
1.836
0.5
0.2
0.5
1.224
1.224
1.324
1.324
1.724
1.324
1.424
1.324
1.924
1.624
1.324
1.524
1.224
1.624
1.324
1.324
0
0.5
1.936
0
0
0.1
1.4
0
0
0.5
0.2
0.1
0
0.1
1.3
0
1.836
1.4
0.2
2.836
0
1.836
0
0.2
0.6
0.1
0
0
0
0
0.3
0
0.3
0
0
1.836
0
0
1.6
2.036
1.836
0.5
1.836
0.5
2.336
0
0
0
0.1
0
0
1.6
0.1
0.2
0
0
0.1
0
1.936
0.1
0
0.1
0
0
0.1
0.1
0
0
0.6
0
0
0
0
0
0
0
0.8
0
0
0
0.5
0
0
0
0.7
0
0.1
0.1
0
0
0.2
1.836
1.936
0
0
0.4
0.1
0
0
0
0
0
0.2
0
0.4
0.5
0.2
0
0.2
0.3
0.1
0.1
0.4
0
0
0
0
0
0
0
0
0.1
0
0.1
0.3
0.4
0.2
0.1
0
0.1
0
0
1.3
0
0
2.436
1.936
0
0
0
0.8
0
0
0
1.4
0
0.3
0.3
0
0.3
0.4
0.1
0
0.1
0.9
0.8
0.2
1.936
0
0
0
1.624
1.624
0
0
0
0
0.2
0.2
0
1.836
0
0
0.1
0.1
0
0
0
0.5
0
0
0.2
0.4
0.4
0
0
0
0.4
0
0.2
0.1
0.1
0
0
1.4
0
0.3
1.324
1.836
0.3
0
0.1
0
1.836
0
0.2
0
1.936
0.1
0
0.3
0
1.2
0.1
0.4
1.836
0.2
0.1
0.1
0
0
0
1.836
1.836
0.3
1.5
0.1
0.2
1.836
0.4
0.4
0.4
0
0.1
0.3
0.5
0.5
0.3
0
0.5
0.1
0.2
0
1.836
0.1
0.1
0.1
1.936
0
0.1
0.2
1.836
0.1
1.936
0
0.1
0
0
2.336
0
0
0.5
0.2
0.1
0.1
0.4
0.5
0.2
0.3
0.2
2.036
0
0.5
1.1
0
0
0.5
0.1
0.5
1.836
0.1
0.2
0
0
0
0
0
0
0
0.1
0.4
0.1
0
0
1.836
0.1
0
1.836
0
0
0.3
0
1.836
0.3
0.3
0
0
0.1
1.836
0.6
0
0
0
0.2
0.1
1.936
0
0.1
1.936
0
0.1
0
0.8
0
0
0
0
0.3
0.3
0.1
1.936
0
0.1
0.2
0.4
0
0.1
0.1
0.1
0
0
0
0.5
0
0
0.2
0.5
0.1
0.5
2.136
0
0
0
0.2
0
0
0
1.936
0
0.2
0
0.1
0.4
0.1
0
0
0.2
1.836
2.136
0.1
1.936
0.1
0
0
0
0.1
0
1.836
0
0
0
0.4
0.3
0
0
0
0
1.836
0
0
0.1
0
0
0.1
1.836
0.3
0
0
0
0.2
1.836
0
0
0
0
0
0
0.2
2.136
0.1
0
0
0
0
0.8
1.836
0.2
1.2
0
0.2
1.2
0.6
0
0.1
0.1
0
0.1
0
0.1
0.1
0.2
0
0
0
0
2.036
0
0.3
1.936
0
0.1
0
0.2
0.3
1.836
0
0.1
0
0
0.3
0.1
0.2
0
0
0
0.1
0
0
2.136
0
0
0.3
0.3
0
0.3
1.936
1.836
0.1
0
0.2
0.1
0
0
0.1
0
0
0.1
0
0
0.5
0.6
0.4
0
0
2.136
0
0
0
0.1
0.4
0
0.2
0.2
1.836
0
0
0
0.4
0
0.1
0
0
0
0.3
0.1
0.2
0
2.036
0
0.6
1.936
0
0
0
0
0.1
0
0
0.1
0.4
0
0
0
0.1
0
0
0
0
1.836
0
0
0
2.636
0
0.3
0
0.1
1.836
0
1.836
0.5
0.6
0
0.2
0.2
0.1
0.1
0.2
0
0
0.1
0
0
0.3
0
0
0.2
0
0
2
0.6
0.2
0.2
1.1
0.1
0
0
0
1.836
0
1.936
2.036
0.3
0.2
0
0
0
0
0
0.2
0
0
0.1
0
0
0.2
0
1.836
0
0
0.1
0.7
0.4
2.036
0.1
0
0.4
0
0
1.936
1
0.3
1.936
0
1.836
0.1
0
1.836
0.2
0
0.4
0
0
0.3
0.1
0
0
0
0
0.1
0
0.1
0
2.036
0
1.936
1.836
0.1
0
0
0
0
0
0
0
1.936
0.2
1.836
0.1
0
0.2
0
0
0
0
0.1
0
0
0
0
1.836
0
0.2
0
0.3
0
0
0
0.6
0
0
0
0
2.136
0.2
0
0.3
0.2
0
0.5
0
0
0
0.1
0
1.836
0
0.4
0.9
0
0
1.836
0
0.1
0.3
1.936
0.2
0
0
0.1
0
0
0.3
0
0
0
0.2
0
0
0.1
0
0
0.1
0.2
0
0
0
0.5
0.3
0
0
0.5
0
0
0
0.5
0
0.3
1.936
1.836
2.236
1.836
0
0.4
0.7
0.1
0
0
0
2.236
0
0.7
0
0.7
0.3
0.2
0
0.2
0
0.2
0.1
0.1
0.1
1.836
1.836
1.836
0
0
0
0
0.1
0.1
0
0
0.3
0
0.6
0
0
0
0.1
0
0.5
2.136
0.1
1.936
0
0.4
0.2
0
1.836
0.1
1.936
1.836
2.036
1.936
1.324
1.524
3.16
1.936
1.936
1.836
0.3
1.836
0.1
0
0.1
0
0.1
0.2
0
0
0.1
0
0.3
0.3
0
0
0
0.2
0
0.2
0.5
0.1
2.236
0.1
0
0
0
0.3
0.2
0
1.836
0
1.4
1.936
0.1
0.1
0
0
0.3
0
0.6
0.2
2.136
0.1
0.1
0.1
0.1
0.1
0
0
0
0
0.1
0
0.7
0
0.5
0.1
0
0
0.2
0
1.224
0
0
0
0.1
0.4
0.1
0.4
0.1
0.1
0.2
0
0
0
0
1.9
0
0
0.1
0.2
1.6
0.1
0.1
0
0.5
0.3
0.2
0.2
1.836
0.1
1.324
1.824
1.324
2.224
1.424
1.224
3.06
1.224
1.424
1.324
1.224
1.324
1.724
1.224
1.424
1.524
1.224
1.324
1.224
1.624
2.024
1.224
1.324
1.824
1.224
1.424
1.524
1.524
1.324
1.224
1.224
2.024
3.06
1.924
1.824
1.224
1.224
1.224
1.224
1.824
1.424
1.224
1.224
1.624
3.16
1.224
1.224
1.424
1.224
1.524
1.424
1.224
1.224
1.224
2.124
1.224
1.424
1.224
1.424
1.324
1.324
1.524
3.06
1.224
1.324
1.224
1.324
1.324
1.524
1.224
1.424
1.324
1.324
1.224
1.224
2.524
1.724
1.324
3.26
1.424
1.224
1.224
1.224
1.224
1.224
1.224
1.324
1.624
1.224
1.224
1.324
1.524
1.324
1.324
1.624
1.324
1.524
2.024
1.324
1.224
2.624
1.224
1.224
1.524
1.824
1.524
1.624
1.524
3.824
1.324
1.324
1.224
1.724
1.324
1.624
2.024
1.424
1.324
1.424
1.224
1.524
1.424
1.224
1.324
1.224
1.224
1.324
3.324
1.224
1.724
1.224
1.324
1.224
1.524
1.524
1.824
1.624
1.424
1.324
1.224
3.024
1.324
1.224
1.424
1.224
1.424
1.224
1.324
1.424
1.324
2.124
1.324
1.224
1.224
1.524
1.424
1.424
2.124
1.224
1.924
1.224
1.224
1.224
1.424
3.46
1.224
1.224
1.324
3.26
1.624
1.424
1.324
1.224
1.624
1.324
1.724
1.324
1.424
1.524
2.724
1.324
1.324
1.324
2.724
3.424
1.324
1.224
4.26
1.324
1.324
1.324
1.424
1.724
1.724
1.224
1.324
1.324
1.624
1.424
1.424
1.224
1.524
1.224
3.56
2.124
1.224
1.324
1.224
1.224
1.324
1.524
1.424
1.224
1.224
1.324
1.524
1.224
1.324
2.024
1.524
1.224
1.524
3.26
1.424
1.224
1.324
3.16
1.424
1.224
1.224
1.224
1.424
1.324
1.324
1.224
1.624
1.224
1.324
3.324
3.624
1.224
1.924
1.224
3.46
1.224
1.224
2.424
1.524
1.224
1.224
1.224
1.324
1.424
1.224
1.724
1.324
1.324
1.224
1.524
1.224
1.224
1.224
1.224
1.224
1.224
1.224
1.524
1.824
1.324
1.324
1.324
1.224
1.724
1.224
1.224
2.024
1.224
3.06
1.224
1.324
1.424
1.224
1.324
3.16
1.424
1.324
1.924
1.724
1.424
1.224
1.224
1.924
1.224
1.224
1.224
1.624
1.424
1.524
1.224
1.224
1.224
1.424
1.224
1.224
3.26
1.724
1.224
1.524
1.224
1.224
1.224
1.224
1.724
1.324
1.224
1.324
1.224
1.224
1.224
1.224
1.424
1.724
1.324
1.624
1.824
1.224
1.224
1.224
1.224
1.224
1.924
1.224
3.26
1.224
1.424
1.624
3.76
1.524
1.524
1.224
1.224
1.524
1.924
1.224
1.824
3.56
1.324
1.324
2.124
1.624
2.424
1.424
1.224
1.724
1.224
2.624
1.324
1.224
1.224
1.224
1.424
1.224
3.06
1.324
1.424
1.324
1.224
1.324
1.224
1.624
1.224
1.224
1.224
1.224
3.36
1.524
3.824
1.724
1.424
2.724
1.224
1.324
1.624
1.324
1.424
1.324
1.224
1.424
1.224
3.36
1.424
1.624
1.224
1.224
1.524
1.224
1.224
10.26
1.324
1.324
3.124
1.424
1.324
1.524
1.924
1.224
1.224
1.224
1.424
1.224
1.224
1.324
1.224
1.224
1.224
1.224
1.224
1.624
3.16
3.16
1.424
1.224
1.224
1.224
1.624
1.224
1.224
1.224
1.524
1.724
1.224
1.324
2.024
1.224
1.224
1.324
1.324
1.224
1.724
1.324
1.224
1.224
1.424
1.324
1.324
1.224
1.324
1.524
1.224
1.324
1.524
1.224
1.424
1.224
1.724
1.224
1.224
1.824
2.924
1.224
1.224
1.424
1.224
1.324
1.224
1.324
1.424
1.324
1.224
1.224
1.424
5.56
1.324
1.324
1.224
1.224
1.224
1.424
1.424
1.224
1.324
1.224
1.224
1.324
1.624
1.324
1.324
1.324
1.224
1.224
1.224
1.224
1.424
1.224
1.324
1.324
1.224
1.324
1.224
2.024
1.924
1.724
1.324
1.524
3.06
1.224
1.324
1.524
3.06
1.324
1.324
1.224
1.324
2.224
1.224
1.624
1.624
3.16
1.224
1.924
1.424
1.524
1.624
1.224
1.224
1.224
1.424
1.524
1.424
1.424
1.324
1.224
1.224
1.324
1.424
1.424
1.824
1.524
1.224
1.224
1.824
1.424
1.924
1.924
1.324
1.424
1.824
1.324
1.224
1.224
1.624
1.224
1.324
1.224
1.224
1.224
1.224
1.224
1.324
1.324
1.224
1.224
1.224
1.224
1.224
1.324
1.224
1.324
2.624
1.424
1.224
1.524
1.524
1.724
1.224
1.224
1.224
2.224
1.224
1.424
1.324
1.524
3.16
1.524
3.36
1.524
1.224
1.324
1.824
1.924
2.424
1.924
1.324
1.824
1.324
1.324
1.224
1.424
1.324
3.96
1.224
1.224
3.66
1.424
1.224
1.324
1.224
1.324
1.224
1.424
1.324
1.324
3.06
5.224
1.224
1.324
1.324
1.524
1.524
2.624
4.324
1.224
3.26
1.224
1.224
2.424
1.224
1.224
1.724
1.224
1.824
3.66
1.224
1.524
2.524
1.224
1.224
1.224
3.26
1.824
1.224
1.524
1.324
1.424
1.324
1.324
1.324
1.824
1.224
1.324
1.824
1.924
1.324
1.424
1.324
1.624
1.624
3.06
1.224
2.124
1.324
1.224
1.324
1.224
1.224
1.224
1.324
1.624
1.224
1.324
3.56
1.924
3.16
1.224
1.324
1.424
1.824
1.224
1.324
1.424
2.824
1.224
1.524
1.224
1.524
1.224
1.224
1.224
2.024
1.924
1.224
1.624
1.724
1.724
1.524
1.224
2.124
1.324
3.36
1.324
1.324
1.224
1.224
1.224
3.26
1.224
1.724
3.06
0.3
0
0.6
1.2
0
0
0.6
0.5
0
1.2
0.3
0
0
0
0
0
0
1.936
0.4
0.3
0
0
0
0.2
2.036
0
3.336
0.1
0
1.836
2.4
0.3
1
0.5
0
0.6
0.2
1.936
0
0
0
0
0.1
0
1.836
1.936
0
0.2
0.1
2.036
1.836
0.1
0.1
0.5
0.2
0.5
0.1
0
0
0.1
0.1
0
0.1
0
0.8
0
0
0.1
0
0.1
0
0
0.9
0
0.2
0.2
0
0
0
0
0.1
0
0.1
0
0.1
0.5
0.2
0.1
0
0
0
0.1
0
1.836
0
0
1.224
0
2
0.2
0.1
0.8
0.7
0.3
