2.948
0.2
0.6
0.3
1.324
1.524
1.324
1.224
2.448
1.224
2.648
1.324
2.448
1.524
1.524
0
1.224
0
0.1
0
0.1
0
0
0
1.324
0
1.324
0.2
0
0
0
0.1
2.524
1.224
1.324
1.524
1.324
1.224
0
2.024
1.224
2.224
0
0
0
0
1.424
1.524
1.824
1.624
0.1
0
2.324
1.224
0
0
2.548
1.524
1.624
0.9
1.924
1.624
0
0.4
1.624
1.324
1.224
1.324
0.1
2.124
1.824
2.848
2.448
1.224
3.024
2.024
1.224
0.3
1.224
1.324
0.5
1.224
0.1
1.224
0
1.224
1.224
0
0.1
2.024
1.324
0.1
2.548
1.224
1.224
1.724
1.224
2.548
0
0
0
1.824
1.624
1.224
1.224
1.224
2.448
1.4
1.224
1.324
4.472
2.548
1.224
1.224
0
0.1
2.548
1.424
1.224
1.424
2.724
0
0
2.948
1.324
1.324
1.524
0.1
0
1.324
2.648
0
1.424
0
1.424
0.6
0.2
1.324
0.3
1.924
1.224
1.324
1.224
0.4
1.224
1.224
0
1.224
1.224
1.324
0
1.224
1.424
2.548
2.224
2.124
2.648
0.3
2.848
0.1
1.224
1.324
1.324
2.448
1.424
1.224
0.1
2.548
1.224
1.7
2.448
3.048
2.548
1.224
2.548
0.8
1.224
1.224
0
2.224
1.724
2.124
1.324
2.448
2.948
3.148
2.024
2.548
2.648
2.448
1.524
2.448
2.648
2.948
2.448
1.724
1.324
4.272
1.224
0.1
2.948
0
1.224
1.424
2.224
1.224
1.224
1.924
0.2
1.224
0.1
1.424
0.1
1.224
1.224
3.748
1.224
2.848
0
1.224
1.224
0
1.1
0
0
0.2
0
0
0.4
2.448
0.1
0
1.224
0
0
0.1
2.624
0.1
1.224
0
0
0.3
0.1
0
2.548
0
2.448
1.224
0
0.9
0
1.224
1.324
1.224
0
0
1.224
1.324
0
0.3
0
2.448
1.224
0.2
0
2.448
0.3
0
1.324
0
1.224
1.224
1.224
0.1
1.424
0
0
1.324
3.772
3.672
2.448
1.224
1.724
0
1.324
1.224
0
0.1
1.424
0
0
0
1.224
1.824
0
1.224
0
1.324
1.424
2.448
0.1
3.972
0
0.3
0
1.224
1.524
2.548
0
2.548
1.524
1.224
1.224
0
0
0.1
1.224
1.224
0
1.224
2.548
0.2
2.548
1.724
1.324
1.224
1.224
0
0
1.224
0.4
1.224
0
0
0.2
1.224
0.1
0.1
3.648
1.224
2.448
1.224
2.324
2.548
1.724
0
1.424
0.2
1.824
3.672
2.548
3.972
2.024
3.348
0
0
1.224
2.648
0
4.172
2.648
0
1.224
1.224
1.224
0
0
1.224
0
0.1
0
0
0.1
0
0
1.224
1.624
0
0
0
0.2
0.8
0
1.224
0
0.1
0
1.324
1.324
0
0
1.224
0.9
1.224
0.3
1.224
0
1.524
1.224
0
0
0
1.224
1.524
1.224
1.224
1.224
1.224
0.1
0
1.1
0.4
2.448
0
0.1
1.524
1.224
0
2.448
1.224
0
0.3
0.3
0.3
2.548
0.1
0
2.448
0.4
0.1
1.324
3.672
0.1
0.1
0.1
0.1
1.324
4.172
0.1
2.648
0
1.424
1.324
2.448
0.1
0
1.224
1.224
0.3
0.1
0
0
0
1.424
1.224
1.324
0
1.224
1.224
0.3
0.2
1.224
0
0.3
0.1
1.324
0.2
1.2
1.724
0
0.2
1.524
0
1.324
0.3
0.6
0.4
1.224
0
0.3
1.224
0
1.224
0.1
0.1
0
1.224
1.224
0.2
1.224
1.224
1.224
0
1.324
0
0
0
0.1
1
0
0.3
1.324
0.1
2.448
0
1.224
0.2
0.5
0
1.224
1.224
1.624
0.1
0
0
1.324
0.1
1.224
0
1.224
3.148
0
2.448
0
0
0.2
1.724
1.224
0
1.224
0.1
0.4
0.5
1.224
0
1.324
2.448
1.324
0
1.424
0.2
1.224
1.324
1.324
0
0.1
0.6
0
1.224
1.424
1.224
0
0
0.1
1.224
0.1
0
0.3
0
0.1
1.424
1.524
1.224
1.224
2.648
1.224
2.448
0
1.324
1.324
0
0
1.224
0
0.1
0
0
0
0
2.024
0.1
0
1.224
0
0
0
0
1.424
0
0.1
0.1
0
2.448
0.3
0.1
2.448
0
0
0
0
2.448
0
1.324
0
0.1
0
1.324
0.3
0
0
1.224
1.324
0.3
1.224
0
0.5
0.1
0.1
2.624
0
1.224
0.1
0
0.1
1.224
0
0
0.2
1.524
0
0.1
1.324
1.224
0
1.224
0.1
0
0
0
0
0
0
1.224
1.224
2.024
1.224
2.448
0.2
0
0
2.448
1.224
1.324
0.1
0
0
0.1
0
0
0
1.2
0
1.324
0
1.224
1.224
0
0
2.448
1.224
0
0
0.1
0
1.324
0
1.224
0.2
1.324
0.2
1.224
1.324
0.6
1.224
0
0
0
1.224
0
0
0.1
0
0
1.424
0
0
1.324
0.3
1.224
0
0
1.324
0
1.224
2.448
0.5
0
0.3
0.2
1.224
0
2.448
0.1
0
1.224
2.448
0
0.2
0
0.1
0
0.1
0.2
1.224
1.224
1.224
0
0
0
0.1
2.224
0
0
0.1
0
0
1.224
0
0.5
0
2.748
1.224
0.2
2.748
0
0.2
0
1.224
1.224
1.224
1.224
0.1
1.724
1.224
0.1
0
1.324
1.2
3.124
0.1
1.324
1.324
1.224
1.224
1.224
0
0
0
0.1
1.224
0.2
1.324
1.224
1.224
0
1.224
0
0
0
0
1.224
1.224
0
1.224
1.224
0
0
0.1
2.448
0
0.2
0.1
0.2
0
1.424
0
2.448
1.224
0.2
1.824
0
2.448
0.1
0
0
0
2.448
2.448
0.2
0
2.448
1.924
0
0
0
0
0
0
0
0.2
0
1.224
0
0.1
1.224
0
0
2.448
1.224
1.224
1.224
1.324
1.424
0
1.324
0
0
1.324
0
1.224
0
1.224
0
0.4
0.1
1.224
1.224
0.1
1.224
1.324
1.324
1.224
0.2
0
0
1.224
2.024
2.448
0
0
0
1.224
0.1
0
0.2
1.524
2.448
2.024
2.548
2.448
2.448
1.224
1.224
0
0
0.2
3.248
1.424
0.1
0
0.1
0
0
0.1
0
1.224
0
2.748
0
1.224
0.1
0
0
0
0
1.224
0
1.324
1.224
1.324
1.324
0
1.224
1.224
1.424
0.4
1.424
0
2.448
0.1
0
1.224
1.224
1.624
1.224
1.424
1.524
0
0.1
2.548
0
0.2
0.7
0.2
1.224
0
1.224
1.424
1.224
3.048
1.224
2.124
1.424
0.2
1.324
0.4
1.224
2.024
1.224
0.1
0.1
0
0
0
0.2
0
1.224
0
0.1
0.1
0.1
0.4
1.624
1.224
1.724
1.224
0.1
2.548
1.224
0
0
1.624
0.1
0.1
0
1.824
0
1.224
0
0.1
0.3
1.224
1.324
1.424
1.224
3.148
2.648
0
1.224
1.224
1.324
0
0
2.448
1.324
1.224
0
0.3
0
0.1
0
0
0.4
1.424
1.224
1.224
1.524
0.2
0
0.1
0.9
0.5
0.2
1.224
0.1
0
1.224
1.624
0.1
1.224
1.224
0
0.5
0
2.748
0.2
1.224
0.2
1.724
0
0.3
0
1.524
0.1
1.424
1.324
0.2
1.224
1.324
0
1.324
1.224
0.1
1.224
1.924
0
2.024
1.524
2.448
2.448
0.2
1.224
2.548
0
0
0
1.324
0.5
2.548
0.2
0
1.224
0.1
0
0
0.1
0.2
3.1
1.224
0
2.648
0.1
0.3
0.1
0
1.324
2.424
1.324
1.424
0
1.224
1.224
1.324
4.548
2.848
3.148
2.748
2.748
2.448
2.448
2.548
2.548
1.424
1.324
5.648
1.324
1.324
1.324
4.996
2.548
1.224
3.048
2.324
2.548
2.548
1.324
4.172
2.848
2.748
2.748
2.448
1.224
2.448
2.748
3.672
3.224
1.224
1.324
2.548
1.724
2.648
1.824
2.948
1.224
2.448
3.648
2.648
2.448
2.448
2.648
2.648
2.648
2.848
2.448
2.748
1.224
3.148
1.424
2.848
1.224
2.448
4.072
2.648
5.772
1.324
1.324
1.724
1.424
1.224
3.048
2.648
1.324
3.448
3.048
1.424
1.224
4.072
4.072
3.672
1.324
2.448
1.324
2.448
2.748
2.448
4.896
1.224
2.548
1.224
3.648
2.548
2.448
3.772
3.048
1.424
1.324
1.224
3.872
2.024
2.024
4.172
1.224
3.024
2.448
3.772
1.324
5.648
2.748
3.048
2.548
1.824
3.972
1.324
1.224
1.224
2.648
3.872
2.648
1.324
1.224
2.648
2.448
1.624
1.324
2.448
2.548
2.448
4.896
1.524
2.748
1.224
2.948
1.224
1.524
2.548
2.848
3.348
1.724
3.048
2.848
1.324
2.548
3.248
1.324
2.648
2.948
3.872
1.724
1.224
2.448
2.548
2.948
5.672
4.172
2.448
1.424
4.148
2.748
1.424
2.224
1.224
2.848
1.524
1.224
1.224
2.548
2.548
1.224
2.448
2.448
1.224
1.324
1.224
2.448
2.448
2.848
1.324
3.548
3.872
3.772
3.348
1.524
1.224
1.324
1.324
3.648
1.624
2.448
2.548
2.648
1.224
2.448
1.624
2.948
2.024
2.024
2.448
3.872
2.848
3.872
4.872
3.772
2.448
3.048
2.548
2.024
3.348
2.448
2.548
1.224
2.448
2.448
3.348
1.224
1.224
2.848
2.448
1.424
2.448
1.224
2.024
4.872
1.524
2.648
2.648
3.772
2.748
1.224
2.648
1.324
1.424
1.224
1.224
2.024
3.672
2.948
2.448
3.248
2.448
2.648
3.548
2.324
2.448
3.948
1.224
4.172
2.448
1.224
4.648
1.524
2.548
4.896
2.648
2.648
2.448
1.224
3.048
2.748
2.648
3.772
1.424
2.548
1.224
2.548
2.448
1.424
1.324
2.448
2.024
6.148
2.748
2.848
2.548
2.448
3.448
2.848
1.424
2.848
1.224
2.448
2.648
2.948
3.148
1.324
2.548
2.848
1.324
2.448
1.224
2.748
3.948
2.548
1.224
1.324
1.324
2.448
2.448
2.848
1.324
1.424
1.224
3.772
2.548
1.224
1.424
1.424
1.324
4.048
1.224
3.348
2.648
2.448
2.648
1.424
2.548
1.324
2.648
1.224
1.224
2.648
2.448
1.224
3.972
3.548
1.424
2.648
2.848
2.948
2.948
2.548
2.648
1.224
4.048
2.448
1.324
2.448
1.724
3.872
1.924
3.448
4.672
3.672
2.848
3.048
4.148
1.224
3.248
2.648
3.048
1.224
4.248
1.524
4.948
1.324
3.772
3.872
2.448
3.348
2.548
1.224
2.124
2.448
1.224
1.224
2.448
2.648
1.524
5.196
2.448
1.324
2.448
2.648
2.448
2.448
2.448
1.224
2.648
2.948
3.448
2.324
2.648
2.748
2.448
2.548
3.148
1.524
1.524
1.524
1.324
2.748
1.224
1.824
2.648
1.524
2.448
1.324
4.172
2.548
2.548
1.524
2.448
2.448
2.948
4.072
2.548
12.896
2.024
2.548
1.224
1.224
4.372
2.548
2.448
1.424
2.748
1.224
2.448
1.224
3.672
2.424
2.448
1.224
1.624
3.872
3.972
2.448
2.448
2.448
2.448
2.548
1.824
1.624
1.324
2.448
2.748
2.448
1.224
1.324
2.648
2.448
4.772
2.748
2.448
2.548
1.224
2.948
2.548
1.324
2.448
2.748
2.648
2.748
1.224
1.224
2.648
1.224
4.372
3.672
2.548
1.724
2.024
2.548
4.896
3.648
1.424
2.548
1.224
1.224
1.324
2.548
2.448
1.224
2.748
4.348
1.224
2.748
1.224
2.448
1.424
2.948
1.324
2.448
2.848
1.224
3.672
2.548
3.048
2.548
1.324
2.548
2.448
1.924
2.548
2.448
2.448
2.648
4.996
1.224
1.224
3.048
1.224
5.272
2.324
2.548
2.648
1.624
1.224
1.324
2.848
1.324
3.772
1.224
2.448
1.224
1.324
1.524
2.448
2.848
4.748
2.448
2.448
4.448
1.424
2.848
3.048
1.224
1.224
2.548
1.224
2.748
4.372
3.148
2.748
1.224
2.548
2.648
3.972
3.672
1.824
2.648
2.448
2.648
2.848
2.848
3.248
6.172
1.624
3.148
2.748
2.448
2.548
1.224
3.048
1.324
1.324
2.948
2.648
1.224
2.448
2.448
1.424
2.648
2.548
1.324
2.448
3.772
1.224
2.448
1.524
3.872
6.072
2.748
2.648
1.224
2.948
2.424
2.448
3.672
2.448
2.124
1.224
1.224
1.324
2.024
2.548
2.548
1.324
3.048
1.224
1.324
3.148
4.448
1.624
1.524
1.324
3.548
1.324
2.748
1.224
1.324
1.424
2.548
2.948
2.948
2.548
1.324
1.224
1.424
2.548
2.748
1.224
3.148
1.724
2.448
2.448
3.724
2.848
2.848
4.172
1.324
3.648
2.624
2.024
3.672
2.948
1.224
1.224
1.624
3.872
4.072
3.248
1.424
1.424
1.624
2.748
2.024
4.472
2.448
1.224
1.224
2.448
4.448
2.448
5.272
2.548
2.848
1.324
1.224
1.424
2.224
2.448
1.824
3.248
4.448
1.324
2.548
1.224
2.748
3.048
3.672
2.648
3.548
1.424
2.448
2.548
2.448
2.548
3.772
3.772
5.072
2.648
2.748
3.148
3.348
3.772
2.448
2.548
3.148
2.024
2.548
2.648
2.648
2.948
1.324
3.772
1.324
4.996
2.548
1.424
2.448
2.624
2.848
2.748
2.648
3.448
1.424
1.824
2.648
2.224
1.224
2.948
1.324
2.948
1.224
1.424
2.448
1.224
1.224
2.648
2.548
2.748
1.224
0.1
1.924
1.224
1.324
1.224
1.524
1.224
2.524
0
1.224
1.224
1.224
1.224
0
2.548
0.1
0.2
1.224
0.1
2.448
0
1.224
0
1.224
0.9
0
1.224
0
0.5
0.1
3.048
0.3
2.448
3.248
0.3
0
1.324
0
0
0.1
0.2
1.224
2.448
0
0
1.424
1.224
0.1
0
0
0.2
0
0
1.524
0
0
0
0.1
1.224
1.224
1.224
2.648
1.924
0
0
2.548
1.224
0
1.224
1.224
0.9
2.448
1.524
1.724
1.224
2.448
1.224
0.2
0
1.224
0.1
0.1
2.648
2.848
0
1.224
1.224
1.224
1.424
1.324
0
1.224
1.224
1.224
2.448
0
5.048
2.748
1.924
1.924
0.6
1.924
