1.836
0
1.724
0
1.224
0.1
0
0
0
0
0
1.224
0
0.1
0.1
0
0
0
0
0
1.324
1.324
0
0
0
0.1
0
0.1
1.224
0
0
1.224
0.2
0
1.936
1.836
1.836
1.836
1.836
2.236
1.836
3.56
1.836
1.936
1.936
4.08
1.936
2.036
1.836
3.16
3.06
1.836
3.46
1.936
1.836
1.836
1.836
1.836
1.836
4.48
2.436
1.936
1.936
2.036
1.836
2.036
1.936
1.936
4.18
1.936
1.836
3.36
1.936
1.836
3.86
2.136
1.836
3.156
1.836
1.836
3.26
1.836
3.16
1.936
1.836
1.836
1.836
1.836
1.836
2.236
1.836
1.836
1.936
1.836
1.836
4.08
4.18
1.836
1.936
1.936
1.936
2.136
2.036
1.836
1.836
1.836
1.836
2.136
1.936
1.836
2.036
1.836
1.836
3.06
1.836
2.856
1.836
1.836
1.836
1.836
2.436
1.936
1.836
1.936
1.936
1.836
1.936
3.16
1.836
3.46
1.936
2.036
2.036
1.836
3.06
1.936
4.08
3.06
3.16
1.936
1.836
1.836
1.836
3.06
1.836
1.836
6.38
1.936
1.936
1.836
3.06
1.836
1.836
1.836
1.936
2.036
1.936
1.936
2.136
1.936
1.936
1.836
1.836
1.836
1.836
1.936
1.836
1.836
1.836
2.736
1.836
2.036
3.06
1.836
3.06
3.26
1.836
1.836
3.26
1.836
2.036
3.16
1.836
3.06
2.036
3.16
3.56
3.16
1.936
3.06
1.936
3.06
1.836
3.46
3.06
3.16
3.06
1.936
0
0.1
0.1
0
0
0.2
0.3
0
0
1.324
1.224
0
1.224
0
0.1
0
0
0.8
0
0
0
0
0
1.224
1.624
1.224
1.224
1.224
1.224
1.224
1.324
1.224
1.224
1.224
1.224
0
1.224
0
1.824
1.224
0
1.224
0
1.324
1.624
0
0
0
0
0
1.224
0.1
0
0
0
0
0
1.224
0
0.1
1.224
1.324
1.324
0
0.1
0
1.224
0
0.4
1.224
0
1.224
0
0
0
1.224
0.3
0
1.224
1.836
1.224
0
0
0
1.324
1.224
1.224
0
1.224
1.224
1.224
1.324
1.224
1.224
0
0.4
0
0
0
0
0.1
0
0
0
0.1
0.2
0
0
0.1
0
0.1
0.1
0.1
0
1.224
0
0
1.224
0
1.224
0
1.324
0
0
0.1
0.1
0.1
0
0
0
0
0
0.1
0
0
1.224
1.224
0
0
0
0.8
0
0
1.224
0.3
1.02
0
1.624
1.224
1.224
0.2
0
1.224
0
0.2
0.5
0
0
0.1
1.836
0
1.224
1.224
0
1.224
1.224
1.224
0
0
1.224
0
1.224
1.224
1.224
0
1.224
0
0
0.1
0
0
0
1.224
1.424
0
0
0
0.1
1.324
1.324
0
0
0
1.224
0.6
0
0
1.224
0
0.3
0
0
1.324
1.224
0
1.424
1.224
1.224
1.224
1.224
1.424
1.224
0.5
1.224
0.1
0
0
0
0.2
0
0
0
1.224
1.224
1.424
0.2
0
1.224
0
1.224
1.424
1.424
0
0
1.224
0
1.224
0.1
0
0.1
1.224
0
1.224
0
0
0
0.1
1.324
0
1.224
1.424
1.224
0.1
0
0
1.324
0
0
0.2
0
0
1.324
1.224
1.224
1.224
0
1.224
0.1
0.2
1.824
0.2
0
1.424
0.1
0
0
1.324
1.224
0
0
0.1
0
1.224
0
0
0
0.1
0
1.224
0
0
1.224
0
0
1.224
1.324
0
0
0
1.224
1.224
1.324
0
1.324
0
0
0
1.224
1.224
0.2
0
0
0
1.224
1.224
1.224
1.224
1.324
0
1.324
1.224
0
0.2
1.224
0
1.224
0
1.324
1.424
1.224
0
0
1.224
1.424
1.324
1.224
0
1.224
0
0
1.224
0.3
0.1
1.324
0.1
0.1
0
1.224
1.324
1.224
1.224
0
0
0
1.224
1.224
0
0
1.224
1.424
1.224
0
0
0.1
0
0
0
1.224
0.2
1.424
1.224
1.224
1.224
0.1
1.224
0.1
1.324
0
0
1.224
1.224
0.4
1.324
0
1.324
0
0
1.224
1.224
0
0.1
1.224
1.324
1.224
0
0.1
0
0
1.224
1.324
0
1.224
0
0
0
0
1.224
0
0.3
1.224
0
0
0
0.2
1.424
0
0
0.2
0
0
0.3
1.324
1.224
0
0
0.1
1.224
0
0.1
1.224
1.324
0
0
1.224
0
1.324
1.224
0
1.224
0
0
1.224
0.1
1.224
0
0
1.324
0
0
0
0
1.324
0.1
0
0
0
1.224
1.224
1.224
1.224
0
0.2
1.724
0
1.324
1.224
0.1
1.224
0
0
1.224
0
1.224
1.224
1.224
1.224
1.324
0
1.224
1.324
1.424
1.224
0
0
0.1
0
1.224
0.1
1.224
1.224
1.224
0
1.224
0.1
0.1
0.1
1.224
0
0
0
1.224
1.224
1.224
1.224
0
0
1.224
0.1
0.1
1.224
1.324
0
1.224
0
1.224
0
0
0
0
1.324
1.224
0
0
1.224
1.324
0
0
0
0.1
0
1.224
0
0.2
1.224
0.1
1.224
0
1.224
1.224
1.224
1.324
0
1.224
0
1.424
0
1.224
1.224
1.224
1.224
1.224
0
0.1
1.224
0.2
1.224
1.224
1.224
1.224
0.1
1.324
0
0
0
1.224
1.224
0
1.224
1.224
0
1.324
0
1.524
1.224
0
0
0
0
1.224
1.224
1.224
0
1.224
1.224
1.224
0
0
1.224
1.224
0.1
0
0
0
1.224
1.224
0
0.1
0
1.224
0
0.1
0.3
1.224
0
1.224
1.224
1.224
0
0.1
0
1.224
1.224
0
1.224
1.224
1.224
1.224
0
0.1
1.224
1.224
1.324
0
1.224
1.224
0
1.224
0
0
0
0
1.224
0
0
1.224
1.324
0
1.224
0
0
0
0
0
0
0
1.224
1.224
1.224
1.224
0
0
0
1.224
0
1.224
1.224
0
1.224
1.424
0
0
1.224
1.224
1.224
1.324
0
1.324
0.3
0
1.224
0.1
1.224
1.224
0
1.224
1.224
1.224
1.424
0.4
0
0
1.224
0
1.324
1.224
0
1.324
1.224
0
0
0
1.224
1.324
1.224
0
0
0
0
0
0
1.224
0
0
0
0.1
0
0
0.1
1.324
1.324
0
0
0
1.224
0
1.424
1.224
0
1.224
1.224
0
0
0
1.324
1.424
1.224
1.224
0
1.324
1.224
1.224
1.524
0
1.624
1.424
1.424
0
1.224
1.224
0.2
1.324
1.224
1.224
1.224
1.324
1.224
1.224
1.224
1.224
1.224
1.224
1.224
1.224
1.224
0.2
0
1.224
0
0
0
0
0
0.1
1.324
1.324
1.324
1.224
0.3
0
0
1.224
1.224
1.224
0
0.1
0.1
1.224
1.524
1.324
1.224
1.324
1.224
0
1.224
1.224
0
1.424
0
1.224
1.324
1.224
1.224
1.324
1.224
1.324
1.324
0
0
1.224
0.2
0
1.324
1.424
1.224
0.1
1.224
0
1.224
0.1
1.224
1.224
0
1.224
0
0
0
0.1
1.836
1.224
1.224
1.424
1.224
0.2
0
0
1.424
1.02
0.1
1.224
0
0
1.324
0
0
0
0
0.4
1.324
0
1.224
0
0
1.224
0
0
0
1.224
1.224
0
0.2
0.1
0
1.324
0
0.1
0
1.324
1.224
1.224
2.424
0.1
1.224
0
1.224
0.2
0.1
0.1
0.1
1.424
1.224
0
0
0
1.324
1.224
1.324
1.424
0.4
0
0
0.1
0
0
0.1
0
1.324
1.22
1.324
1.324
0
1.424
1.224
1.324
0
1.424
1.224
1.224
0
0
1.224
1.224
1.324
0.1
1.224
1.224
0.1
0
1.524
1.224
1.224
0
1.324
0
1.524
0
1.224
1.224
0.4
0
0
0
0.1
1.22
0.2
1.224
1.324
1.224
0
1.524
1.224
1.224
1.324
0
0
1.224
0.1
1.224
1.224
1.424
2.344
1.424
1.324
0
1.224
1.424
0
1.224
0
0
0
0.1
1.424
1.424
1.22
0
0.1
1.224
0
1.324
0
1.224
0.1
0
1.224
0
0.1
1.424
0
1.324
1.224
1.724
1.424
0.3
1.224
0.5
0
0.1
1.324
1.324
1.224
0
1.224
0.2
0.1
0
0
0.1
0
0
0
1.424
1.224
1.224
0
1.224
1.524
0
1.224
1.224
0
1.324
0.4
1.224
0.5
0
1.324
0.1
0.1
1.324
1.224
1.424
1.224
1.324
1.224
0.3
1.224
0
1.324
0
1.324
1.224
0
0.1
0
0
0
0
1.424
1.224
1.224
1.324
1.424
0
1.324
0
1.224
1.224
0.1
1.224
1.224
0
0.1
1.324
0
1.224
1.224
1.224
1.424
1.524
0.1
1.224
0.3
1.224
0.1
0
0
1.224
0.6
0.3
0
0
0
0
1.424
1.224
0
1.524
1.424
0
0
0
0
0.1
1.224
0.1
1.324
0
0.1
0.3
0
1.224
1.224
0
1.224
1.524
1.224
1.224
1.624
0
1.224
1.224
1.224
1.524
1.324
1.524
1.324
1.224
1.224
0
1.224
0.1
0
1.224
1.324
1.324
0
0
0
0
0.3
0
0
1.324
0.1
1.224
0.1
1.424
0.2
0
1.224
1.524
0
0
0
1.224
0
1.424
1.224
1.524
0
1.224
0
1.324
0
1.224
0.1
0
1.224
1.224
1.324
1.224
0.2
1.424
0
0
0
1.224
1.324
1.224
0
1.224
1.224
0
0
0
0
0.2
1.224
1.424
0
0.2
1.224
0
0
0
0
1.324
0
0
1.224
1.224
1.524
1.224
0
0
1.224
1.224
1.424
0
0.1
1.224
0.3
0
1.224
0.1
1.224
0
1.324
0
2.244
1.224
1.224
1.224
1.224
0.1
1.324
0.1
0
1.324
1.324
0
1.224
0
0
0
0
0.1
0
1.224
0
1.524
1.324
1.324
0
1.224
0.2
0.1
0
1.224
0.2
1.224
1.224
0.2
2.444
0.1
0
0
1.324
1.224
0.1
1.02
1.324
1.324
0
0.1
1.224
0
0.2
0.1
0
0
1.324
1.324
0
0
1.224
1.224
1.324
0.2
1.324
1.824
1.224
0
1.224
0
0
1.224
0.2
0.2
1.324
1.324
1.224
0
2.344
1.224
0.1
1.224
0
0
0.1
1.224
0
0
1.224
0.2
0
1.324
0
1.424
0
1.224
1.224
1.424
0
1.224
1.324
1.424
1.224
0
1.224
0
1.524
1.524
0
1.224
0
0
1.224
0
1.224
0
0
0.3
0.5
1.224
1.02
0
1.224
0
1.224
0
1.224
0.5
1.324
0
0
1.224
0
0
1.224
1.02
1.224
0.1
0.2
0
0
0
1.224
0.4
0
0
1.424
0.3
1.324
0
0.3
1.224
0.1
1.224
1.224
0
0
0
0
1.224
1.624
1.224
0
1.324
0
1.224
0
1.224
1.424
1.324
1.224
0
1.224
1.324
1.324
0.1
0
1.224
1.324
0
0
0
0
0.1
1.224
1.424
0.1
1.224
0.2
1.924
0.1
1.424
0
1.224
1.224
0.3
0
1.224
1.224
1.224
0
1.224
0.1
0
0
1.224
1.224
0
0.1
2.444
1.424
0.2
1.224
0
0
0
1.324
1.324
1.324
1.224
1.224
0
0
0
0
2.344
0
0
0
0.1
1.324
1.424
1.524
1.324
1.324
1.324
1.224
1.324
1.02
1.224
0
0
0.1
0
1.224
1.224
0
1.324
0
0
1.224
1.224
0.1
1.224
0
1.224
0
0.5
0.1
0
0
0.2
1.424
1.224
0
0
1.724
1.324
0.1
1.224
1.324
1.324
0.2
0
0
0.2
0
1.324
0.1
0
0.3
0.1
0.1
1.224
0
1.224
0
1.424
1.224
1.224
0
0.2
0
0
1.324
1.224
0
1.224
0.1
1.324
1.324
1.224
0.9
1.224
1.424
0
0.1
0.2
0.4
0.1
0
1.424
1.224
0
1.324
0.1
0
0.3
0.2
1.424
1.12
1.224
1.324
1.824
1.224
1.424
1.224
0
1.324
0
1.324
1.224
0
1.324
1.424
1.224
1.224
0
1.224
1.224
0.1
1.324
0
2.444
0
1.224
0
0
1.524
1.524
0
0
0
1.224
1.224
1.224
1.324
1.224
1.224
1.624
0.5
0
0.1
1.324
1.324
1.324
0
0
1.324
0.3
0
0.1
1.224
0
0
1.224
0
1.724
1.324
1.324
1.324
1.324
3.36
3.36
1.936
3.26
1.836
3.16
1.224
1.324
1.324
1.224
0.1
1.224
0
3.46
0
0
0
0
0.3
0
1.224
0
0.1
0
0.9
0
1.224
0
0
0
0
0
0.1
0
1.224
0
0
0
1.224
0
0
0.9
0
1.224
0
1.224
1.424
0.5
1.324
0
0.5
1.524
1.224
0
1.224
1.224
0
0
0
0
0.1
0
0.1
0
0
0
1.224
0.1
0
1.224
0
1.324
0
0
0
0
0
0
0
0.1
1.224
1.224
0
0
1.224
1.224
0.1
1.324
0.1
1.324
1.324
0
0
1.224
0.1
1.224
1.324
1.324
1.224
0
0
1.224
1.224
1.224
0.1
1.324
0.1
1.224
0
1.324
0
0
0.1
0.7
0.1
0
0.1
0.1
0.2
