1.324
0
1.624
0.1
1.324
3.16
1.224
1.224
1.324
1.224
1.224
2.548
1.224
1.224
1.524
0
0
0
0
0
4.284
4.284
0.1
0
0
0
1.224
1.324
2.448
1.224
0
1.224
0.4
0
0
0.2
0
0
0
0
0.1
4.684
0
0
0
1.224
1.224
0.4
0.1
2.648
1.224
0
2.648
0
0
0
0.1
0
0
1.524
0.4
0
0
0.2
3.46
0.2
0
0
1.224
0.4
0
1.524
0
1.836
4.784
0.1
0
0.2
0
0
1.424
0
1.224
0
0
0
0
0
0
0.1
0
0
1.224
0
0
1.224
1.224
0
0
0
0
0
0
0
1.224
0
1.224
0.1
0
0.1
1.424
1.224
0
1.224
0.1
1.936
1.324
0.2
0
0
0.4
0
0
0.1
0
0
0
1.224
0.1
1.524
1.324
0
0.1
0
4.284
0
1.524
1.224
1.224
1.324
0.1
0
0
1.224
0
0
1.524
0.2
0
0
1.224
0
0
1.224
0
0.2
1.324
0
1.424
0.1
0
0
0
1.224
1.324
0
0
0
1.224
0.7
0
0.2
2.448
0
2.448
1.424
0
0
4.384
0.1
0.3
1.624
1.224
2.548
2.648
2.748
2.648
2.448
1.424
2.448
1.224
2.648
1.224
2.648
2.448
2.548
2.448
2.548
0
0
1.836
0
1.224
1.224
0.4
0
0
1.224
1.224
0
1.224
0
0.2
0
1.836
2.224
0
3.16
0
3.06
0
1.224
1.524
1.224
1.324
1.424
1.224
1.324
1.424
1.224
1.224
1.224
1.224
1.836
1.224
0
1.624
3.06
4.284
1.324
1.836
1.224
3.16
0
1.224
0.1
1.224
0
1.224
0.2
1.224
0
1.324
0
0
1.224
1.836
0
1.224
1.324
2.448
0
0
0.1
1.224
0
0.1
1.224
1.224
2.448
0
0
1.224
1.324
0.2
1.224
1.224
0
2.448
1.224
1.224
0
1.324
1.224
1.224
0
1.224
1.224
2.448
4.284
4.284
1.224
0
0.1
0
1.224
0.1
1.224
0
1.224
0
1.324
0
0
0
0
0
0
0
0.1
0.1
0
1.224
0
0
1.224
0
2.448
0
2.448
1.224
0
1.424
1.224
0
0
0
0
0
0
0.3
0
0
3.06
3.06
0
0
0
1.624
0
1.224
1.224
0.4
1.224
0.1
1.324
1.224
1.224
1.224
1.224
2.448
1.224
0.5
1.924
0
1.836
0
1.224
0
2.448
2.548
0
1.224
1.224
1.224
0
0
1.224
1.936
1.224
1.224
1.224
1.224
1.224
0
0
0.1
0
0
0.1
1.424
1.424
0
0
0
0
1.324
1.224
0
0
0
1.224
0.4
0
0
2.448
1.836
1.324
0
0
1.224
3.16
0
1.324
1.224
4.284
1.224
1.224
2.548
1.224
0.3
1.324
0
3.06
1.324
0
0.2
0
1.224
0
4.284
3.06
1.224
0.2
1.324
2.448
1.836
1.224
2.648
1.224
0
1.224
1.224
0.4
2.548
0
0
1.324
1.224
1.224
1.224
3.06
0
1.224
0
3.06
0
1.224
2.548
3.06
0.1
1.836
0
1.424
0
1.224
3.06
0
1.224
1.424
1.324
1.224
1.224
0
1.424
0
0.1
1.424
3.06
0
1.424
0.3
0
0.1
1.324
1.324
0
1.836
0.1
0
1.224
0
0
0.1
0
0
1.224
0
0
1.224
0
0
3.06
1.224
1.324
3.06
0
2.448
2.648
1.224
1.836
1.224
0
1.224
0
1.224
3.06
0.4
0
1.224
0
1.324
1.224
3.06
1.224
1.324
1.836
1.224
1.224
0
1.524
1.224
0
2.448
0
2.448
1.624
1.224
3.06
0
1.224
1.324
1.224
1.224
0
1.224
1.224
0
1.224
0.2
0
1.224
0
1.224
0
1.224
1.524
3.36
2.448
0
1.224
0
1.224
1.224
0
1.836
1.224
1.424
1.224
0
0
0
0
0
1.224
3.06
3.26
1.524
4.284
1.224
1.224
0.1
1.224
0
1.224
3.06
0
2.448
1.224
0.5
1.224
0
1.224
0
0
3.06
1.224
0
0
1.224
1.424
1.224
3.06
1.324
0
0
1.224
1.324
3.06
1.224
0
0
1.324
0
1.224
0
3.16
1.224
0
0
0
0
2.448
1.836
0
1.524
0.1
0
0.8
1.324
1.224
0
0.1
0.1
1.324
0
0
2.548
1.224
0
0.1
1.224
1.224
3.16
1.224
1.224
3.06
0.1
0
2.448
0
2.448
1.836
0
2.448
0
1.224
0
0
1.224
1.224
0
0
0
2.448
2.448
4.284
2.448
0
0.1
1.424
0
2.448
3.16
3.06
1.224
0
0
1.224
0
1.224
2.548
1.224
1.224
1.224
0
1.224
1.324
1.524
1.224
0
0
1.936
0
2.448
0.2
2.448
1.224
1.224
0
1.224
1.836
0
0
1.224
0
0
0
2.448
1.224
2.448
1.224
0
0
2.448
3.06
0
1.224
3.06
0
1.224
0
1.224
0
0
1.324
0
1.224
1.224
0
0.1
1.224
1.224
0
0
0
1.836
1.224
1.224
0
3.36
1.224
0.1
2.448
0
3.06
1.224
3.06
1.224
0
2.448
1.324
1.224
1.224
1.224
1.324
1.224
1.224
1.224
0
0
2.448
0.1
1.224
1.224
1.224
1.224
0.4
1.424
0
1.424
0
2.448
1.224
0
1.224
4.284
0
4.384
1.836
1.224
1.224
0
0
0
0
1.224
2.448
1.324
0
1.224
1.224
1.224
0
0
3.06
1.224
1.324
0
0
0
4.284
2.548
0
0.1
0
2.448
3.06
0
0.3
3.06
1.224
3.06
1.224
1.224
1.836
1.424
0
1.224
1.224
1.224
2.448
1.224
1.224
2.548
0
0.1
1.224
1.224
2.448
0
3.06
1.224
3.06
3.06
0
0
1.224
0
1.224
0
0
1.224
3.06
0
3.06
0
0
0
0
0
0
0
1.224
1.324
1.224
1.224
0
1.836
0
1.224
0
1.224
1.224
0
2.448
1.424
1.224
0
1.224
2.548
4.284
1.224
0
1.324
0.3
2.448
1.224
1.224
2.448
2.448
0
1.224
3.06
1.224
2.948
0.4
1.224
0
3.06
0
2.648
1.324
1.836
1.224
2.448
0
1.224
0
1.224
2.548
1.224
1.424
0
0
0
0
0
1.224
1.224
1.224
0.1
0
0
0
0.1
1.324
1.224
0
0.1
0
1.224
0
1.624
1.224
0.1
4.284
4.384
1.936
1.836
0
1.324
1.424
1.224
2.448
0
1.224
4.284
1.224
2.848
0
1.524
1.224
2.448
0
1.224
1.224
0
1.324
1.224
1.224
4.284
4.284
4.284
2.448
2.448
1.224
1.224
2.448
2.448
2.448
1.224
0.3
0
1.324
0
0
1.224
0
0
0.1
4.284
1.224
3.16
1.224
0.2
0
0
3.06
2.448
3.16
1.836
2.036
1.836
2.448
2.448
6.732
4.284
4.284
4.284
0
4.284
2.448
1.224
2.448
0
2.448
2.648
2.448
2.448
2.448
1.224
2.648
1.424
1.224
1.224
2.448
0.1
0
1.224
1.524
1.224
3.26
2.448
0
2.448
0
1.224
1.324
0
4.284
0
0.3
3.06
1.624
0
1.224
1.224
1.424
1.224
0
0
3.16
1.324
0
0.1
1.224
0
0
1.224
1.224
1.324
0.1
0
0.3
1.324
0.4
1.424
1.224
1.224
1.224
0
1.224
0
1.224
1.224
0
0
1.224
0
1.224
0
0
0
1.224
1.324
1.224
1.724
1.224
1.424
1.224
1.224
0.2
1.224
0
1.224
1.524
1.224
0
0
1.836
1.224
2.448
2.848
2.448
1.524
2.448
1.224
3.16
1.224
1.324
1.424
1.324
2.548
1.324
2.548
2.548
1.224
3.672
3.772
2.448
1.224
2.748
2.448
2.648
1.224
2.448
2.448
2.548
2.648
1.224
2.448
2.548
1.324
4.284
2.948
2.448
2.448
1.224
2.648
2.448
3.148
1.224
2.448
2.448
1.224
3.26
1.224
1.224
2.448
2.648
1.224
2.648
3.672
2.448
1.224
2.748
2.448
2.448
2.448
1.224
2.448
2.448
2.648
4.384
2.448
2.848
2.648
2.548
2.648
1.424
2.448
2.548
1.224
2.548
1.224
2.548
1.224
1.224
2.748
7.132
1.524
1.224
2.448
2.448
2.448
2.648
1.224
2.448
1.424
1.224
2.448
2.448
1.324
2.748
1.324
2.948
3.672
2.748
2.748
2.448
2.448
1.724
1.224
2.448
2.548
2.448
2.548
1.324
2.548
1.324
1.324
1.224
1.224
1.224
2.448
2.548
1.324
2.448
2.448
2.448
1.224
2.748
2.548
1.224
3.672
2.448
2.448
2.448
2.448
2.448
1.424
1.224
2.548
1.324
1.324
2.548
3.772
2.548
2.448
2.548
2.548
1.524
2.548
1.224
5.096
2.448
2.448
2.448
1.224
1.424
1.324
2.448
1.324
1.224
2.548
2.448
3.772
2.548
2.748
1.224
2.948
1.224
2.448
2.448
2.548
4.284
2.448
1.224
1.224
4.484
1.324
2.448
2.448
2.548
2.648
2.648
1.624
2.448
1.224
2.448
1.224
1.224
1.224
2.448
2.024
1.324
1.224
1.224
3.06
1.324
2.448
2.448
1.324
2.648
2.748
1.224
2.448
1.224
1.224
1.224
3.672
1.224
2.448
1.224
3.56
1.524
1.224
2.548
3.672
1.324
3.672
2.648
2.548
2.548
2.648
1.324
2.548
2.448
2.448
2.748
2.448
2.748
2.548
5.608
2.448
1.324
2.448
3.06
1.224
2.448
2.448
2.448
1.324
2.448
1.324
1.224
1.224
1.224
1.224
2.648
1.424
3.672
1.324
2.448
4.284
1.224
2.448
3.148
1.224
1.224
2.448
3.672
1.324
2.648
3.772
4.072
1.324
2.448
1.224
2.448
1.224
2.448
1.324
1.224
2.448
2.448
2.548
2.548
1.224
2.548
1.224
1.224
1.224
2.448
2.548
2.448
1.224
2.548
4.284
1.224
1.224
1.524
1.224
1.324
4.284
2.448
1.224
1.324
2.448
1.224
1.224
1.224
1.324
3.672
2.448
1.224
2.548
2.548
2.548
2.448
2.448
1.224
2.448
2.548
2.548
3.06
1.524
2.448
1.524
1.324
2.448
1.224
2.448
1.224
2.448
1.224
2.448
2.448
2.448
2.448
2.448
1.324
2.548
1.224
1.224
2.648
2.448
1.424
2.448
1.224
1.224
1.324
1.324
3.26
1.224
2.548
2.548
4.584
2.448
3.972
1.224
2.548
1.224
1.424
1.224
2.548
3.16
3.672
2.448
1.624
2.648
1.424
1.224
2.448
3.772
3.672
1.324
1.324
2.448
2.448
1.224
1.224
2.548
3.06
3.772
1.224
2.448
2.448
2.648
2.448
1.224
1.224
2.448
3.772
2.648
3.16
3.872
3.248
2.448
1.224
2.448
2.448
1.224
2.448
1.624
1.324
2.548
2.448
2.448
1.324
4.584
2.448
1.424
2.448
1.224
2.548
2.448
2.448
3.16
1.224
2.448
1.324
2.548
2.448
2.448
2.448
1.324
2.448
2.448
2.748
1.224
2.448
2.748
2.448
2.548
1.224
2.548
1.224
2.848
9.032
3.06
2.448
1.224
2.448
2.448
1.224
2.448
1.224
1.224
1.424
1.224
2.448
1.224
1.224
3.672
1.324
2.448
1.224
2.448
2.448
2.448
1.424
1.324
2.548
1.324
1.324
2.448
1.224
2.748
1.224
1.324
1.224
1.224
1.224
2.448
2.748
2.548
1.224
2.448
1.424
2.448
2.448
1.424
2.448
1.224
2.448
2.448
1.324
1.324
1.224
1.224
2.448
4.984
2.448
1.224
2.448
1.224
2.448
1.624
2.448
2.448
2.548
2.448
2.448
2.448
2.648
2.748
1.224
1.324
2.448
2.648
2.448
1.224
1.324
1.224
2.448
2.448
2.648
1.324
2.448
1.724
3.348
1.324
2.748
1.224
5.608
2.448
1.424
1.224
5.508
2.448
2.548
1.224
2.448
1.324
1.224
1.324
2.448
4.384
1.224
1.424
2.448
2.648
1.224
2.448
1.224
1.224
1.324
2.548
2.648
2.648
2.548
2.448
2.448
1.224
2.648
2.448
2.548
1.324
1.224
1.224
1.424
2.548
2.748
3.972
2.448
3.872
2.448
2.448
2.448
1.224
2.448
1.224
1.224
1.224
1.224
2.448
2.448
1.224
2.548
1.224
1.324
2.448
2.448
2.448
2.448
1.224
2.448
1.324
2.024
1.324
1.424
1.224
1.424
2.748
2.448
2.448
1.324
3.772
2.548
1.324
2.648
2.448
4.384
1.524
3.06
1.324
1.224
1.324
2.548
1.224
1.324
1.224
1.524
1.624
2.448
1.224
2.448
1.324
2.848
4.384
3.772
1.224
3.26
1.224
1.224
2.548
2.448
1.224
2.448
1.324
2.648
2.448
6.732
2.324
2.548
2.548
2.448
1.224
1.624
1.624
1.624
2.448
4.384
2.448
1.224
2.548
1.324
2.448
1.324
1.324
2.448
3.26
2.548
2.748
4.172
2.648
2.448
2.448
3.06
2.548
1.324
3.772
3.672
1.224
2.448
2.448
2.448
2.548
1.224
2.548
3.672
1.224
2.848
1.224
2.448
1.224
2.448
4.284
1.224
4.072
3.772
1.224
1.224
1.224
2.448
2.548
3.672
2.848
2.448
2.548
4.684
1.524
4.284
1.224
2.548
2.648
2.548
1.224
1.224
2.448
1.624
1.224
2.548
2.448
2.748
1.324
2.448
1.224
2.948
2.748
2.448
2.548
2.648
2.748
2.948
2.448
2.648
1.224
5.708
2.448
2.648
2.448
2.648
1.224
5.508
1.324
5.096
3.06
0
0
0
0.1
0
1.224
0
0.2
0
1.824
0.1
2.448
0
0
0
0
1.224
1.836
0
3.672
0
1.224
0.1
2.448
1.836
0
2.136
1.324
1.224
3.06
1.424
1.324
0.4
1.324
0
2.024
2.548
3.06
0
1.224
1.224
0
0
0
1.836
3.06
0
0
0
3.06
1.836
2.448
0
1.224
1.224
1.224
1.324
0
0
1.224
0
1.224
1.224
1.224
1.324
1.224
2.448
1.324
0
1.224
2.448
1.224
1.424
1.324
2.448
1.224
0
1.224
2.448
0
2.448
2.548
1.224
1.224
1.224
1.224
2.448
1.224
2.448
0
1.224
0.1
1.224
1.836
1.224
0
1.224
0.1
1.624
1.224
0
1.424
0.2
1.224
