0.4
1.824
2.6
2.324
0.4
1.324
2.848
2.448
1.224
2.448
2.948
1.324
1.424
14.548
3.748
1.324
0
1.224
1.324
1.524
0.3
0.3
0
1.224
1.824
1.424
1.724
0.6
1.224
0.1
1.224
0
4
0.1
0.2
0.7
0
0
0
0.5
0
1
0.1
0.1
0.1
0
0.4
0.5
0.3
0.3
0
0.1
0.3
0.2
0
0
0.1
0.1
0
1.2
2.3
0.5
0
2.324
1.1
0.5
0.1
0
0.2
2.5
1.3
0.9
0
0.1
2.8
2.024
0.2
1.424
0.3
0
1.3
0.1
0
0
0
0
0
0
0
2.324
0
0.1
0.1
0
0
0.5
0.2
0.2
1.324
1.424
0.1
0.7
0.7
0
0
0
0
1.5
0.1
0.1
0.2
0.3
0.1
0.2
0
0.4
0
0.2
0
0
4.2
0.2
1.424
0.5
0.3
0
0.3
0.1
0.1
0.5
0.3
0.2
0.2
0
0.3
0.9
0.3
0.2
0.5
0.7
1.324
1.424
0
0.1
0
0.1
0.1
0.1
0
0.2
0.1
0.2
0.1
0.1
0.6
0.8
0.5
0.1
1
0.2
0.2
0
0
0.1
0.2
0
0
0.1
0.3
4.624
0.3
0.9
0
0.2
0.3
1
0
0.2
0.3
0.4
0.1
0.4
2.548
1.324
2.224
1.624
1.624
1.324
1.424
1.224
3.048
1.424
1.324
2.024
1.424
1.924
1.324
1.624
0
1.7
0.7
0
0
0.7
2.1
0
0.1
0.3
0.5
0.1
0
0.1
2.524
0
0
4.7
0
3.824
0
0
0
0.3
2.7
0.1
0
0.6
0
0
0.6
0
1.424
1.224
0
0
0.2
0
4.2
0
0
0.2
0
0.9
0.5
0
0.1
0.1
1.224
0
0.1
3.224
0
0.1
0
0
0.1
0
0
1.3
1.624
0.2
0
0
1.624
0.5
0
0
3.624
0
0.1
0
0
0.5
0.1
0.2
2.3
0.1
0.1
0
0.1
0
0
0.1
0.3
1.224
0.4
0.1
0.1
0
0.2
0.1
0
0
0
3.1
1.224
0
0.1
0.4
0.5
0.1
2.024
0
0.3
1.824
1.524
0
0.7
0.6
1.324
0.2
0.3
0
0.1
1.224
1.324
0.1
0
0.2
1.324
0.2
0
1.524
0.4
0.6
0.6
0.1
0.1
0.1
1.524
0
3.424
1.424
0.2
1.824
1.324
0
0
1.424
1.5
1.424
0
0
3.3
0.2
0.5
0.6
0.3
0.3
0.9
0.2
0.1
0
1.8
3.4
1.224
0
0
0.2
1.324
1.824
1.424
1.324
0.1
0
0
1.524
0
0
1.324
0.1
0
0
0.2
1.224
1.324
0
2
1.324
1.224
1.524
1.824
2.924
0.1
0
1.224
0.2
0.3
1.4
0.2
0.1
1.524
1.324
3.924
0.1
1.724
1.524
0
0
0
1.224
0
0.3
0
0.3
0.2
0
0.1
0
0.7
0
3.424
0.4
0.1
0
1.424
0.2
0.1
1.224
0.1
0.1
0.1
1.424
0.4
2.224
0.1
0.1
1.224
0.1
0.9
0.9
1.324
0.8
0.1
0.2
0.8
1.824
0
0.9
0.6
1.424
1.224
1.624
1.224
0.2
1.524
0
0
0
0.6
0.3
1.624
0
1.224
0.4
0.2
0
2.124
0.1
0
2.824
0.4
0.2
0
1.2
1.624
0.3
0.2
2.8
1.3
1.224
1.3
2.2
0.2
0.2
1.824
0.5
2.624
0
0.4
0.5
0.1
1.224
0
0.1
1.624
0.1
0.1
2.424
1.524
0
0
0
0.3
0.1
0.3
0
1.324
0
1
0.1
1.424
0.5
0.3
0
1.424
0
0
0.8
1.224
0
0
0.2
0.3
0
0.1
0
1.324
0.1
1.324
0
1.6
0
0
0
1.324
0.9
1.1
0
0
0
0
0.5
1
0.1
0
0.3
0
0.1
0
0.2
2.024
0.1
1.524
0.1
1.624
0.3
0.7
2.324
0
0
0.1
1.624
0.4
0.5
0
0.1
0.1
0.7
0.1
0
1.724
0
0
0
0.3
0
0.2
0.9
0.2
1.624
1.224
1.824
0
1.324
0.1
0
0.1
0
0
1.8
0.9
0
0.1
1.324
0
0.1
0
0.3
1.224
0
1.424
1.424
0
1.2
0.1
0
0.2
0.1
0.2
0
0
1.224
1.624
1.224
0
1.724
2.124
0.3
1.424
1.224
0
0.3
1.7
1.324
1.324
1.4
0
0.2
2
1.624
0
1.424
0.2
0.2
0.1
1.224
1.824
0.2
0.5
0.1
1.424
0
0.1
0.3
0
0.2
0.1
0.3
0
0
1.724
0.4
1.224
0
0.6
0
0.1
0.5
1.224
1.524
0
0
0.1
0.7
0.5
0.1
1.524
0.2
1.224
1.524
2.1
0
0.4
0
0.1
0.1
0
0.2
0.2
0
0.1
0.1
0.1
0.3
2.224
0
1.224
1.924
2.124
0.6
0.1
1.724
0.8
0
0
1.224
0
1.624
0.2
1.624
0.3
0
0
0.1
0
0.3
1.224
0.4
0
0.1
0
0.2
1.524
0.4
0
0.9
0.4
0.5
0.7
0.1
1.224
0
0.1
1.424
0
0
1.224
0.6
1.424
1.324
1.624
0.5
0.2
0.1
0
0
0.1
0.1
1.224
0
3.824
0.2
0.1
0.1
1.324
0.1
0
0.1
0.3
1.424
0.2
0.1
0.3
0.5
0
0.2
1.324
0.1
0.3
0
0.1
0.2
0.4
0.1
0.1
0.1
0
5.724
1.3
1.524
0.2
1.924
0.1
0
0
0.1
0
1.224
0.4
0
0.8
0.8
0
1.224
0
0
0.1
1.424
0.2
0
1.324
1.424
0.6
0
0.1
0.2
0
1.724
0
1.924
2.5
0.3
0
1.324
0.5
0
0.1
0
0.5
1.9
1.724
0
1.224
0
0.1
0
0.8
0
1.624
0.2
0
0.6
0
1.224
0
1.224
0
0.1
0
0.3
1.324
0.2
1.224
0.1
0.1
1.224
0
0
0
1.524
0
0
0.2
0
1.224
0.1
1.224
0
1.724
0
0.1
0.1
1.324
0.6
0.2
0
0.1
0
0
1.524
0.2
0.1
0.7
0.3
0
0.2
1.3
0.2
0.1
0.1
0
0.3
0.6
1.224
0.4
0.1
0
1
0.1
0
0
1.224
0.1
0.1
0.2
1.2
1.9
0
0.1
0
1.224
0.2
0.1
0
0.3
0
0
0.3
1.224
0.1
0.2
1.224
0.4
0
1.424
0.1
1.224
0
0.3
0
0.1
0.1
0.1
0.1
0.3
3.224
0.4
0.3
0
1.624
0
0
0
0.4
1.224
0.1
0.7
0.1
1.524
0.1
1.224
2.124
2.324
0.1
0
1.224
0
0.4
0.1
2.6
0.1
2.624
0.3
0.6
0.1
1.324
0
2.124
0.2
1.224
1.424
0
0.1
0
0
0
0.2
0
0.1
0
0
0.3
3.1
0
0.6
0
0.1
0
1.424
1.524
0.2
0.8
1.324
1.624
0
2.324
1.324
0
0
0
0.4
1.224
1.824
1.524
1.224
2.424
1.324
0.1
0.2
0.1
0.7
0.1
0
0
0
0.2
0
0.9
0.4
0.1
0.2
0.1
1.3
0.4
0
0
0.9
0.4
0
0.1
2
0.7
0.4
1.424
1.224
0
0.9
0.8
0.1
0.1
0
0
3.724
0
1.6
0.1
0
0.1
0.8
0.1
0.8
0
0.3
0.1
0.1
1.2
0.2
0
0.1
0.1
0
0.1
1.324
0
6.424
0.2
0.3
0
0
0.1
0.2
0
2.448
1.224
0
0
1.224
2.624
0.5
0.6
0
1.424
1.624
0
0
0
0.3
4.6
0.1
0.3
0.2
0.1
4.124
0.1
1.524
0.2
1.3
0.3
0.6
1.224
0
0
1.224
2.024
1.224
2.124
1.324
1.424
2.448
1.324
1.324
1.624
1.224
1.424
1.724
1.524
1.824
2.748
1.424
2.648
1.224
1.724
1.724
1.324
1.324
2.748
1.724
1.424
1.424
1.524
2.448
1.224
1.424
2.948
1.224
2.724
3.048
1.224
1.224
1.624
2.448
1.924
1.524
1.224
1.224
1.524
1.424
1.324
1.324
1.224
1.624
2.524
1.724
1.324
1.424
2.448
2.124
1.324
1.224
1.324
1.224
1.224
1.424
1.724
1.624
1.224
1.724
1.224
1.224
1.424
1.424
1.224
1.424
1.524
1.224
1.224
1.324
2.848
2.848
1.424
1.424
1.524
1.224
1.524
1.524
1.224
1.424
1.224
1.224
1.724
1.424
1.224
1.224
1.224
1.424
2.448
1.424
1.324
1.624
2.024
2.224
1.224
3.024
1.224
1.224
1.524
1.424
1.624
1.524
1.224
5.048
1.824
2.448
2.548
2.548
1.224
1.724
2.948
1.224
1.224
2.548
2.448
1.524
1.624
1.224
1.224
1.224
1.224
1.324
4.248
1.224
2.024
2.448
1.524
1.224
1.424
1.524
1.624
2.124
1.424
1.524
1.324
5.924
1.424
1.324
1.424
1.224
1.724
1.324
1.424
1.224
1.524
1.724
1.324
1.224
1.324
1.624
1.224
1.324
2.524
1.224
1.424
1.624
1.324
1.224
1.324
1.324
1.224
1.224
1.224
1.424
2.748
1.224
1.524
1.324
1.424
1.324
2.124
1.924
1.524
1.524
2.948
2.448
2.648
1.224
4.124
4.348
2.548
1.324
1.924
2.448
1.224
1.424
1.324
2.024
1.624
1.224
1.524
1.324
1.324
1.424
1.224
1.324
1.624
1.224
1.624
3.224
1.224
1.224
1.224
1.224
1.424
1.624
1.224
1.324
1.324
1.224
1.624
1.224
1.324
1.524
1.524
1.824
1.324
1.424
1.224
1.424
1.224
2.748
2.448
1.224
1.224
1.224
1.624
1.324
1.324
1.324
1.824
1.224
1.524
3.448
3.248
2.448
2.124
1.524
1.624
1.224
1.224
2.924
2.848
2.548
1.324
1.324
1.224
1.324
1.224
1.424
1.324
1.424
1.224
1.524
1.324
1.224
1.724
2.548
1.324
1.224
1.224
1.524
2.424
1.624
1.424
1.324
1.224
1.624
1.224
1.424
1.524
1.224
1.424
1.724
1.424
1.424
2.448
1.224
1.224
1.424
2.548
2.948
1.524
1.624
1.224
2.748
2.648
1.324
1.224
1.324
1.424
1.224
1.424
1.224
1.324
1.224
1.224
1.224
1.524
1.824
1.524
1.424
1.724
1.224
1.224
1.224
1.324
1.524
2.448
1.224
1.224
1.224
1.324
1.224
1.224
1.224
1.624
2.648
1.224
1.624
1.324
1.424
1.224
1.524
1.424
1.924
1.324
1.224
1.224
1.624
2.548
1.724
1.324
1.524
1.224
1.424
1.424
1.524
1.424
1.324
2.748
1.324
1.224
1.824
1.724
2.924
2.448
1.424
1.324
1.224
3.248
1.224
1.324
1.624
1.324
1.424
1.324
1.224
1.324
2.848
1.324
1.324
1.324
1.324
1.624
1.224
1.224
1.224
1.224
2.448
1.724
4.948
1.624
1.624
3.048
1.324
1.324
1.324
1.924
1.424
1.224
1.324
1.324
2.448
1.624
1.724
2.548
1.224
1.224
3.024
1.224
1.224
1.724
1.324
1.324
2.024
1.724
1.224
1.524
1.924
1.524
1.224
1.224
1.824
1.224
1.224
2.224
1.424
1.324
1.424
1.224
1.324
1.924
1.224
1.224
1.524
1.324
1.224
1.324
1.424
1.224
1.324
1.324
1.824
2.224
1.224
1.224
2.848
1.224
1.324
1.224
1.224
1.224
2.324
1.224
1.324
1.524
1.224
1.224
1.324
1.324
1.224
1.524
1.324
1.424
2.548
1.324
2.548
1.324
3.924
1.524
1.324
1.824
3.948
1.424
1.224
1.524
1.324
1.524
1.224
1.224
1.424
2.648
2.448
1.324
1.424
3.948
1.224
1.224
1.224
1.224
1.324
1.424
1.524
1.424
1.324
1.224
1.224
2.548
1.724
1.624
2.548
1.224
1.324
1.524
1.224
1.224
1.324
1.224
1.324
1.224
1.424
1.524
1.224
1.724
2.124
2.748
1.624
2.648
1.224
1.324
1.224
2.448
1.324
1.224
1.324
2.448
1.224
2.748
1.324
1.924
1.324
2.448
1.224
2.224
1.924
1.524
1.724
1.224
2.448
1.224
1.624
1.724
2.024
1.224
1.524
1.224
1.224
1.224
1.524
1.224
1.624
1.324
2.448
1.324
1.524
1.324
2.024
2.024
1.424
1.524
1.524
1.224
1.224
1.324
1.324
2.448
2.548
1.524
1.224
1.324
1.224
1.224
1.224
1.424
2.448
1.224
1.224
1.224
1.224
1.224
1.924
1.424
2.824
1.424
2.124
2.648
1.424
3.024
1.224
1.424
1.324
2.624
1.324
1.224
1.424
1.724
1.424
1.424
1.324
1.324
1.424
2.548
1.624
1.924
3.248
3.148
1.324
2.324
1.324
1.324
1.324
2.548
1.424
2.948
1.224
1.524
2.648
2.548
2.448
1.724
1.324
1.224
1.224
1.224
1.724
1.224
1.424
5.548
1.324
1.324
1.224
2.848
1.824
3.024
3.648
1.224
1.424
1.324
1.224
3.448
1.624
2.124
1.724
1.624
2.024
1.524
1.424
1.424
3.824
1.224
1.424
1.224
1.224
1.824
1.324
1.824
1.324
1.224
1.224
2.124
1.324
1.724
1.224
1.424
2.024
2.848
1.524
1.224
1.324
2.624
1.324
1.224
1.324
2.124
2.224
1.324
1.824
1.324
1.324
1.324
1.324
1.724
1.224
1.524
1.724
1.624
1.224
1.224
1.324
1.424
2.324
1.224
1.324
1.624
3.748
1.224
1.424
1.324
1.724
1.324
1.524
1.224
2.424
1.624
1.324
1.924
1.624
2.024
2.124
1.324
1.924
1.224
1.824
1.324
1.724
1.224
1.224
1.224
1.224
2.548
2.024
2.548
0
0
1.424
2.224
0
0
1.624
2.2
0
2.7
1.724
0
0
0
0
1.224
0
0.3
2.024
0
2.624
0
1.224
0.2
1.624
0
6.224
0.3
0
0
2.724
0.7
3
1.7
0
2
0.6
1.424
0.1
0.1
0
1.224
1.524
0.1
0
0.1
1.224
0.2
1.224
0.1
0
0.1
0.4
1.624
0.1
1.724
0.5
0
0.3
1.324
0.1
0.1
0.1
0.2
1.824
0
0
0.1
0
1.324
0
0.7
2.224
0.1
0.5
0.7
0
0
0
0
0
0.1
0.4
0.1
0.2
0.4
0.3
0.1
0
1.324
0.4
0
1.324
1.224
0.2
0
1.224
0.4
4
0.3
0.1
1.1
4.724
0.7
