0.4
0.3
1.2
0.3
0.1
1.324
1.324
1.224
1.324
1.224
1.324
1.324
1.324
1.824
2.224
0
0
0
0
0.1
0.1
0.1
0
0
0.2
0
0
0.2
0
0.1
0
0
1.8
0.2
0.3
0.3
0.1
0
0.1
0.3
0.1
1.8
0
0.1
0
0.1
0.1
0.5
0.4
0.2
0.1
0.1
1.2
0
1.12
0
0.3
0
0.1
1.8
1.8
0.5
0.1
0.8
0.5
0.1
0.4
0.1
0.3
1.2
0.5
0.4
0.2
0.1
2
1.1
0
0.1
0
0
0.8
0
0.3
0
0.1
0
0
0
0
0.8
0.2
0.2
0.2
0.2
0
0.1
0.4
0
0.2
0
0.1
0.6
0.8
0.1
0
0
0
1.7
0.1
0
0.3
0.1
0
0
0.1
0.9
0.1
0.1
0
0
2.5
0.1
0.1
0.5
0
0
0.2
0
0.2
0.8
0
0.1
0.2
0
0.3
0.7
0
0.1
1.2
0.8
0
0
0
0.4
0.1
0
0.3
0.3
0.2
0
0
0
0
0.1
0.7
0.7
0.2
0.1
0.7
0.1
0.1
0
0.1
0
0.3
0.1
0.1
0
0.1
2.3
0
0.5
0
0.1
0.1
1.92
0
0
1.22
0.5
0.7
0.7
1.324
1.224
1.524
2.324
2.724
1.424
1.524
1.224
1.624
1.324
1.524
2.724
1.324
1.624
1.224
1.324
0
0.2
0.2
0
0
0.3
1.3
0
0
0.6
0.6
0
0.1
0.2
0.4
0
0.1
2.3
0
0.9
0
0
0
0.2
1.5
0.1
0
0.6
0
0.1
0.4
0
0.4
0
0
0
0.1
0
2.4
0.2
0
0.6
0
0.4
0.5
0
0
0
0
0
0.1
1.3
0
0.1
0
0
0.1
0
0
0.5
0
0
0.2
0
0
0.4
0
0
0.8
0
0.1
0
0
0.2
0
0.2
0.4
0
0.1
0.2
0
0.1
0
0
0.7
0
0.3
0
0
0
0
0.1
0
0
0
0.8
0
0
0.1
0.1
0.1
0
0.1
0
0.5
0.3
0.2
0
0.4
0.3
0.1
0.3
0.2
0
0
0
0
0
0
0
0
0.2
0
0.2
0.3
0.5
0.1
0
0
0.1
0
0
0.9
0
0
0.8
0.1
0
0
0
1.3
0
0
0
1.1
0
0.3
0.7
0.1
0.1
0.7
0
0.1
0
1
2.2
0
0
0
0.1
0
1.424
1.624
0
0
0
0
0.1
0
0
0
0
0
0.1
0.1
0.2
0
0
1.1
0
0.1
0.3
0.2
1.2
0.1
0
0
0.1
0
0.5
0.1
0
0
0
1.5
0
0.1
1.224
0
0.5
0
0
0
0.3
0
0.6
0.1
0.1
0.1
0
0.5
0
1.5
0.3
0.1
0
0.2
0.2
0.2
0
0
0.1
0.1
0.2
0.3
0.6
0
0.1
0.1
0
0.7
0
0
0.1
0.2
0.3
0.5
0.1
0
0.3
0.3
0.3
0
0.1
0
0
0.1
0.1
0
0
0.4
0.1
0
0
0
0.5
0
0
0.5
0
0.1
0.7
0.2
0
0.1
0.7
0.1
0.1
0.1
1.2
0.9
0
0.9
0.9
0
0.4
0.5
0.5
0.2
0
0.3
0.2
0
0
0
0.2
0
0
0
0.1
0.2
0
0
0
0.2
0.3
0.2
0
0
0.1
0.9
0
0.1
0.3
0.4
0
0.2
0.2
0
1.1
0.1
0
0
0.1
0.1
0
0
0.1
0.1
0.2
0.1
0.1
1.6
0.1
0
0
0
0.4
0.9
0
0
0
0
0.5
0.6
0
0
0.2
0
0.3
0.2
0.1
0.3
0
0.4
0.1
0.2
0.2
0.7
0.2
0.2
0
0
0.3
0.2
0.1
0.1
0.3
0
0.6
0.2
0.1
0.2
0.1
0.1
0
0.2
0
0.3
0.6
0.1
0
0
0.1
0
0
0
0
0.1
0
0.1
0.9
0.4
0.1
0.1
0
0
0
0
0
0.1
0
0.2
0
0
0.3
0
0
0.1
0.3
0
0
0.1
0
0.2
0
0.1
0.1
0.5
0.2
0
0
0
0.3
1.1
0
0
0.7
0
0
1.5
0.5
0
0
0.1
0
0.1
0
0.2
0.4
0.2
0
0.1
0.1
0
0.3
0
0
0.2
0
0
0
0
0
0
0
0.3
0
0
0.7
0
0.2
0
0
0.1
0.3
0.2
0
0.4
0.1
0
0.1
0.7
0
0.8
0.3
0
0.1
0
0.1
0.1
0
0
0
0
0.1
0.3
0
0
0
0.6
0.2
0
0.1
0.8
0
0
0
0
0.1
0
0.2
0.5
0.1
0
0.2
0
0.3
0.1
0
0
0
0
0.1
0
0.3
0
0.7
0
0.2
0.2
0
0.1
0.1
0
0
0
0
0
0.2
0.1
0
0.1
0.1
0.1
0.1
0
0.1
0
0.1
0
0.2
1.3
0
0.1
0
0
0
0
0.1
0.3
0.1
0.5
0.3
0.4
0
0.2
0.1
0.1
0
0.3
0
0.1
0
0.3
0
0.1
0.1
0
2
1.4
0.1
0.2
0.4
0
0
0
0
0
0
0.3
0
0.4
0.1
0
0
0
0
0
0.2
0.2
0
0
0
0.1
0
0
0
0
0.3
0
0.3
0.7
0.1
0.4
0
0.3
0.1
0.1
0
0.2
0.9
0.2
0.1
0
0.1
0
0
0.3
0
0.4
0.1
0
0.4
0
0
0.2
0
0
0.1
0
0.3
0.1
0.1
0
0
0
0.1
0.1
0
0
0.1
0
0
0.2
0.1
0.2
0
0
0
0
0
0
0
0
0.4
0
0
0.1
0
0
0
0.1
0
0.2
0.1
0
0
1.2
0
0.2
0
0.2
0.1
0.4
0
0.4
0.4
0
0.9
0
0.1
0
0
0.1
0.1
0.1
0.8
1.5
0
0
0
0
0
0.1
0.1
0.1
0.1
0
0.5
0.1
0.2
0.4
0
0.3
0
0
0
0.1
0
0
0
0.1
0.1
0
0
0.1
1
0.2
0.2
0
0.3
0
0
0
0.2
0
0.3
0.3
0.1
0
0
0
0.4
1
0.2
0
0
0
0.2
0
1.4
0.1
0.8
0.4
0.3
0.1
0
0
0.6
0.3
0.1
0.1
0.1
0.1
0
0.1
0
0.1
0
0
0.3
0.2
0
0.8
0
0.4
0
0
0
0
0.1
0.6
0.5
0.2
0.3
0.1
0.6
0
0
0
0
0.1
0
0.5
0.4
1.324
2.024
1.424
0.1
0.2
0
0.2
0.2
0
0
0.1
0
0
0.4
0
0
0.1
0.2
0.5
0.2
0
0.1
0.4
0.5
0
0.1
1.3
0.1
0.4
0
0.1
0
0.1
0.2
0.3
0
0
0
1.4
0
0.4
0.1
0
0.4
1
0.1
0.6
0
0.1
1.52
0.1
0.4
0.6
0
0
0.1
0
0
0.1
0
1.4
0.1
0.4
0.2
0
0.1
0.4
0
1.224
0
0
0
0
0.4
0.2
0.2
0.1
0
0
0
0.1
0.1
0.1
3.6
0
0.2
0.2
0.3
1
0.2
0.1
0
1.1
0
0.2
0
0
0
1.224
2.124
1.424
2.224
1.424
1.224
1.224
1.524
1.424
1.624
1.224
2.244
2.024
1.424
1.924
1.324
1.724
1.324
1.224
1.624
2.024
1.424
1.424
1.224
1.424
1.224
1.524
1.524
1.224
1.224
1.224
1.324
1.224
2.624
1.324
1.424
1.224
1.524
1.224
3.224
1.324
1.224
1.324
1.324
1.324
1.424
1.324
1.324
1.324
1.724
1.724
1.224
1.424
1.224
1.624
1.224
1.224
1.324
1.224
1.324
1.324
1.724
1.524
1.324
2.024
1.624
1.324
1.624
1.824
1.424
1.424
1.724
1.224
1.224
1.224
1.324
1.324
1.424
1.524
1.324
1.224
1.324
1.224
1.224
1.224
1.224
1.224
1.524
1.324
1.224
1.224
1.324
2.744
1.224
1.524
1.324
1.924
1.524
1.624
1.224
3.244
1.224
1.224
1.624
1.624
1.724
2.024
1.324
2.524
1.424
1.224
1.224
1.324
1.324
1.424
1.424
1.424
1.224
1.224
1.224
1.824
2.544
1.224
1.224
1.224
1.224
1.524
1.724
1.224
1.924
1.224
1.224
1.224
1.724
2.024
1.924
1.424
1.624
1.324
1.524
3.524
1.524
1.224
1.424
1.324
1.924
1.224
1.424
1.224
1.624
1.824
1.524
1.224
1.224
1.624
1.324
1.224
1.724
1.224
1.824
1.624
1.224
1.224
1.424
1.324
1.224
1.224
1.324
2.344
1.224
1.224
1.424
1.224
1.924
1.424
1.424
1.524
1.524
1.424
1.424
1.224
1.224
1.224
3.124
1.924
1.224
2.244
1.424
1.224
1.624
1.424
1.724
1.424
2.524
1.224
1.424
1.524
1.424
1.424
1.324
1.324
1.424
1.324
1.924
2.724
1.224
1.324
1.224
1.324
1.224
1.724
2.344
1.224
1.324
1.224
1.324
1.224
1.324
1.724
1.624
1.824
1.524
1.324
1.324
1.224
1.224
1.324
1.224
1.424
1.224
1.424
1.924
1.324
1.424
1.224
1.924
1.224
1.224
2.324
2.024
1.424
1.624
2.024
1.624
1.224
2.244
2.324
1.324
1.224
1.324
1.224
1.224
1.324
1.224
1.424
1.224
1.324
1.324
1.424
1.224
1.224
1.824
1.224
1.224
1.424
1.224
1.824
2.824
1.824
1.224
1.224
1.224
2.124
1.524
1.324
1.324
1.224
1.224
1.424
1.224
1.824
1.224
1.224
1.324
1.524
1.224
1.424
1.324
1.524
1.224
1.224
1.424
1.324
1.224
1.324
1.424
1.424
1.524
1.324
1.224
1.224
1.324
1.324
1.324
1.424
1.724
1.424
1.924
1.224
1.224
1.224
1.224
1.324
1.224
1.224
1.224
1.224
1.224
1.224
1.224
1.524
1.824
1.224
1.424
1.424
1.324
1.224
1.224
1.524
1.424
1.724
1.224
1.324
1.224
1.524
1.424
1.724
2.124
1.524
1.224
1.324
1.324
1.524
2.344
1.724
1.324
1.424
1.224
2.024
2.024
2.524
1.224
1.224
1.224
1.224
1.724
1.224
1.424
1.724
1.324
2.444
1.324
1.224
1.424
1.424
1.224
1.224
1.424
2.344
1.324
1.224
1.224
1.324
1.424
1.424
1.324
3.524
1.524
1.424
1.224
1.224
1.224
1.624
1.724
1.324
1.524
1.324
1.224
1.224
1.624
1.624
1.424
1.424
1.224
1.924
1.224
1.224
1.524
1.324
1.424
1.724
1.424
1.224
1.824
1.824
1.324
1.224
1.224
1.724
1.224
1.324
1.824
1.924
1.324
1.224
1.224
1.224
2.024
1.424
1.324
1.324
1.324
1.324
1.224
1.224
1.224
1.224
1.324
10.844
3.544
1.224
1.224
1.624
1.224
2.244
1.324
1.224
1.224
2.524
1.624
1.224
1.324
1.424
1.224
1.524
1.224
1.224
1.524
1.224
1.324
1.224
1.224
1.324
1.224
2.124
1.224
1.224
1.824
1.824
1.224
1.224
1.624
1.324
1.324
1.224
1.424
1.324
1.224
1.224
1.224
1.324
2.724
1.224
1.224
1.224
1.224
1.324
1.224
1.324
1.424
1.324
1.224
1.324
1.424
1.524
1.524
1.224
1.224
1.324
1.624
1.224
1.224
1.424
1.324
1.424
1.224
1.324
1.524
1.224
2.024
2.724
1.324
1.824
1.224
1.324
1.224
1.324
1.324
1.224
1.224
1.224
1.224
1.224
1.424
1.324
1.524
1.724
1.224
1.224
2.124
1.724
2.024
1.624
1.324
1.224
1.224
2.444
1.924
2.024
1.624
1.724
1.224
1.224
1.324
1.324
1.324
2.944
1.424
1.224
1.424
1.424
1.524
1.524
2.424
1.224
1.624
1.424
1.224
1.424
2.244
1.424
1.324
1.224
1.524
1.224
1.224
1.224
1.224
1.224
1.324
1.224
1.224
1.224
1.224
1.224
1.224
1.424
1.524
2.624
1.424
1.624
1.324
1.724
2.924
1.424
1.324
1.324
3.224
1.324
1.224
1.624
1.824
1.324
1.224
1.324
1.324
2.444
1.424
1.824
1.924
1.424
1.524
2.344
1.924
1.524
1.224
1.324
1.324
1.624
1.624
1.224
1.324
1.424
1.224
1.224
1.624
1.324
2.344
1.224
1.624
1.524
1.224
1.524
4.224
1.324
1.224
1.324
1.324
1.924
2.524
3.124
1.224
1.724
1.224
1.224
1.524
1.424
1.424
1.724
2.644
1.524
1.424
1.424
1.624
3.424
1.224
1.524
1.224
2.344
1.724
1.224
1.624
1.324
1.324
1.424
1.924
1.524
1.424
1.224
1.224
1.724
1.524
1.424
1.424
2.344
1.824
1.524
1.224
1.424
2.024
2.124
1.224
1.424
1.324
1.224
1.324
1.424
1.924
1.224
1.324
2.444
1.924
1.224
1.324
1.224
1.624
2.424
1.324
1.624
1.624
1.924
1.224
1.324
1.324
1.524
1.424
1.224
1.324
3.324
1.924
1.424
2.744
1.824
1.924
2.624
1.324
2.024
1.224
1.524
1.424
1.524
1.224
1.324
1.224
1.324
1.224
1.924
1.224
0.1
0.1
0.1
0.6
0
0
0
0.6
0
2.8
0.1
0
0
0
0
0
0
0
0.5
0.1
0.2
0
0
0.1
0
0
2.7
0.1
0
0
0.7
0.6
1.7
0.6
0
1.1
0.5
0
0.1
0.1
0.1
0.2
0.3
0
0.1
0.2
0
0.2
0
0
0.1
0
0.7
0.2
0
0.3
0.2
0
0.1
0
0.3
0
0
0
0.6
0
0
0
0
0.1
0
0.3
0.9
0.1
0.4
0.5
0.1
0
0
0.4
0
0
0.5
0
0.1
0.1
0
0.1
0
0
0.2
0.1
0
0
0.1
0
1.224
0.3
2.8
0.3
0.1
1.3
1
0.8
