0.9
1
2.3
0.7
0.1
1.324
1.424
1.224
1.524
1.224
1.324
1.524
1.224
2.224
1.924
0
0
0
0
0
0.3
0.6
0
0
0.1
0
0.3
0.4
0.1
0
0
0
2.2
0.1
0.3
0.3
0
0
0.1
0.7
0.2
2.2
0
0.2
0.2
0.1
0.2
0.7
0.6
0.4
0
0.2
0.9
0.1
1.02
0.1
0.1
0.2
0.1
1
1.9
1
0.1
0.8
0.7
0.3
0
0.1
0.4
1.3
0.3
0.6
0.4
0.2
2.5
0.7
0
0.2
0
0
0.6
0.1
0
0.2
0
0
0
0
0
1.2
0
0.3
0.2
0.1
0
0.3
1.2
0.1
0.1
0
0.2
1.2
0.5
0.1
0
0
0
1.8
0.5
0.2
0.8
0
0.1
0
0.1
0.4
0.1
0.3
0
0
2.6
0.2
0.1
0.8
0.1
0
0.2
0.1
0.1
1.2
0.6
0.4
0.2
0
0.4
0.6
0.2
0.2
0.5
0.9
0.2
0.2
0
0.5
0
0.1
0.5
0.5
0.2
0.1
0
0.2
0.1
0.2
1.6
1
0.3
0.3
1
0.4
0.2
0
0.2
0
0.2
0.2
0
0
0
3.7
0.1
1.1
0
0.4
0
3.12
0
0
1.12
1.1
0.5
0.8
1.324
1.324
1.824
2.424
2.524
1.824
1.424
1.224
1.724
1.424
1.524
2.624
1.324
1.924
1.324
1.624
0.1
0.4
0.2
0
0
0.4
2.3
0
0
0.3
0.2
0
0
0.5
0.6
0
0
2.7
0
0.6
0
0
0
0
1.8
0
0
0.3
0
0
0.5
0
0.5
0
0
0.1
0
0.1
3.1
0
0
0.4
0
1.1
0.2
0.1
0
0
0.1
0
0
1
0
0
0
0
0
0.1
0
0.3
0
0.4
0.1
0
0.3
0.3
0
0
0.5
0
0
0
0
0.3
0.1
0.1
0.9
0
0
0.1
0.1
0
0
0
0.5
0
0.3
0.1
0
0
0.1
0
0
0
0
0.9
0
0
0
0.1
0.1
0
0
0.3
0.2
0.3
0
0
0.2
0.3
0
0.7
0.2
0
0.1
0
0
0.1
0
0.1
0
0.1
0
0
0.4
0.4
0.2
0
0
0.1
0.1
0
1.2
0
0
0.3
0
0
0
0.1
1.7
0
0
0
1.8
0
0.6
0.6
0.1
0.1
1.2
0
0.1
0
1.2
3.1
0.1
0.2
0
0.1
0.1
1.524
1.724
0
0
0
0
0.1
0
0
0.1
0
0
0.1
0
0.1
0.1
0
0.6
0
0
0.2
0.3
1
0
0
0
0.3
0
0.2
0.1
0
0
0.1
1.5
0
0.4
1.224
0
0.4
0
0
0
0.1
0
0.4
0.1
0
0
0
0.4
0
1.4
0.2
0.2
0
0.1
0.1
0.2
0
0
0
0
0.1
0.4
0.8
0
0.2
0
0
0.2
0.3
0
0
0.1
0.2
0.6
0.2
0
0.5
0.3
0.3
0
0.3
0.1
0.1
0.1
0
0
0
0.6
0
0
0
0
0.3
0
0
0.2
0
0
0.7
0.4
0
0
0.3
0
0
0.1
1.8
1.3
0
1.2
1
0
0.2
0.7
0.7
0.3
0
0
0.3
0.1
0
0
0.2
0
0
0
0.1
0.1
0
0
0
0.1
0.2
0.1
0.1
0
0.1
0.3
0.2
0
0.3
0.7
0
0.1
0.1
0
1.2
0
0
0
0.4
0
0.1
0
0.1
0.1
0
0.1
0
1.2
0.1
0
0
0
0.6
0.8
0
0
0
0.1
0.5
0.9
0
0
0
0.1
0.2
0.1
0.2
0.3
0
0
0.3
0.1
0.4
0.9
0.8
0
0
0
0
0.2
0.3
0
0.2
0
0.7
0.2
0.1
0.2
0.2
0.1
0
0.2
0
0.2
0.3
0
0.1
0
0
0
0.1
0.2
0
0
0
0.1
0.6
0.5
0
0
0
0
0.2
0
0.1
0.1
0
0
0
0
0.3
0.1
0
0.1
0
0
0
0.2
0
0.1
0
0
0
0.7
0.2
0.1
0
0.1
0.4
0.7
0
0
0.8
0
0
2
0.1
0
0.1
0
0.2
0.3
0
0.4
0.3
0
0
0
0
0.1
0.1
0
0.2
0.1
0
0
0
0
0.1
0
0
0.5
0
0
0.3
0
0.1
0
0
0
0.2
0.1
0
0.1
0.1
0
0.2
0.9
0
0.8
0
0.2
0
0
0
0.1
0
0
0
0
0.3
0.2
0
0
0.4
0.6
0.2
0
0.2
0.6
0
0.1
0
0.1
0.1
0.1
0.1
0.3
0
0.1
0.2
0
0.2
0
0.2
0
0
0
0.1
0
0.3
0
0.2
0.1
0.4
0.1
0
0.1
0.1
0
0
0
0
0
0.5
0
0
0.1
0.2
0.1
0
0
0
0.2
0
0.1
0.1
1.4
0
0.2
0
0
0
0.1
0
0.3
0.4
0
0
0.7
0.6
0.1
0.2
0
0
0.1
0
0.1
0
0.6
0
0.1
0
0
2.3
1.5
0.2
0.1
0.6
0.1
0
0
0
0
0
0.2
0.1
0.3
0.1
0
0
0
0
0
0
0
0
0.2
0
0.1
0.2
0
0.1
0
0.3
0
0.4
0.2
0
0
0.1
0.4
0.1
0.2
0
0.5
1
0
0.2
0
0
0
0
0.1
0
0.3
0
0
0.4
0
0
0
0
0
0
0
0.3
0
0
0
0
0
0.3
0
0
0.1
0
0
0
0.2
0
0.1
0.1
0
0
0.2
0
0
0
0
0.6
0.1
0
0
0
0
0.1
0
0
0.2
0.2
0
0
1
0
0
0
0.2
0.4
0.3
0
0.6
0.2
0
1.1
0.2
0
0
0
0.2
0
0.1
0.7
1.4
0
0
0.2
0
0
0.3
0.1
0
0.1
0
0.3
0
0.3
0.1
0
0.2
0
0.2
0
0.1
0
0.1
0.1
0
0.1
0.1
0
0.3
1.1
0.2
0.3
0
0.1
0
0
0
1
0
0.4
0.3
0
0
0.1
0
0.4
0.6
0.1
0
0
0.1
0.5
0.2
1.2
0
0.9
0.4
0.8
0.2
0.2
0
0.9
0.2
0.1
0.3
0
0.1
0
0
0.1
0.1
0
0
0.2
0
0.3
0.5
0
0.3
0
0
0
0
0.2
0.1
0.6
0
0.2
0
0.9
0.1
0
0
0.2
0.4
0
0.4
0.1
1.324
1.924
1.524
0
0.1
0
0.2
0
0
0
0.4
0
0
0.2
0.1
0.1
0
0.1
0.4
0.1
0
0.1
0.6
0.4
0
0.2
1.2
0.8
0.5
0.2
0
0
0.2
0.5
0.4
0
0
0
1.8
0
0.8
0.3
0.2
0.1
0.5
0
0.4
0.1
0.2
1.82
0.1
0.8
0.8
0
0.1
0
0
0
0
0
1
0.1
0.3
0.4
0
0
0.6
0
1.224
0
0.1
0
0.1
0.3
0.4
0.1
0.1
0
0.2
0
0
0
0.4
4.2
0.1
0
0.2
0.1
1.8
0.2
0.1
0.1
1.4
0.4
0.3
0.1
0
0.1
1.224
2.324
1.524
2.424
1.424
1.624
1.224
1.324
1.324
1.524
1.224
2.544
2.024
1.324
1.724
1.324
1.624
1.324
1.224
1.724
2.024
1.324
1.324
1.324
1.424
1.324
1.424
1.824
1.224
1.224
1.224
1.424
1.224
3.324
1.424
1.324
1.224
1.724
1.324
3.424
1.624
1.224
1.424
1.724
1.724
1.324
1.224
1.324
1.624
1.624
1.824
1.224
1.324
1.224
1.824
1.224
1.424
1.324
1.224
1.524
1.324
1.724
1.524
1.224
2.024
1.524
1.724
1.324
1.824
1.324
1.924
1.424
1.224
1.224
1.424
1.624
1.424
1.824
1.524
1.424
1.224
1.324
1.224
1.224
1.224
1.224
1.224
1.724
1.224
1.224
1.224
1.524
2.844
1.424
2.024
1.624
1.824
1.624
1.624
1.224
4.044
1.324
1.224
1.624
2.024
1.324
1.824
1.424
2.924
1.724
1.224
1.224
1.324
1.524
2.124
1.724
1.324
1.224
1.224
1.324
1.324
2.844
1.324
1.224
1.224
1.224
1.724
2.324
1.224
3.324
1.324
1.824
1.324
2.024
1.824
1.524
2.224
1.524
1.924
1.524
3.324
1.224
1.224
1.424
1.324
1.624
1.224
1.424
1.324
1.724
1.924
1.424
1.224
1.424
1.924
1.324
1.324
2.024
1.224
2.124
1.524
1.224
1.224
1.224
1.224
1.224
1.224
1.324
2.544
1.324
1.224
1.424
1.224
2.224
1.924
1.524
1.624
1.524
1.624
1.624
1.224
1.224
1.224
3.424
2.224
1.224
2.444
1.224
1.324
2.024
1.324
1.324
1.724
1.524
1.224
1.324
1.324
1.624
1.924
1.224
1.324
1.324
1.324
1.724
2.324
1.224
1.624
1.224
1.324
1.324
1.824
2.444
1.224
1.724
1.324
1.424
1.224
1.524
2.024
1.224
1.424
1.324
1.324
1.324
1.324
1.224
1.324
1.224
1.324
1.224
1.524
1.624
1.224
1.424
1.224
2.024
1.224
1.524
2.024
2.124
1.224
2.124
2.124
1.524
1.224
2.244
2.824
1.524
1.224
1.224
1.324
1.224
1.224
1.224
1.924
1.424
1.324
1.324
1.624
1.524
1.224
1.524
1.224
1.324
1.324
1.224
1.924
2.124
1.724
1.324
1.224
1.224
2.024
1.424
1.224
1.624
1.224
1.224
1.424
2.424
1.624
1.224
1.424
1.424
1.324
1.224
1.924
1.424
1.724
1.324
1.324
1.424
1.324
1.224
1.224
1.724
1.424
1.824
1.324
1.524
1.224
1.224
1.224
1.424
1.524
1.524
1.224
1.824
1.324
1.224
1.224
1.324
1.424
1.324
1.324
1.224
1.224
1.224
1.224
1.324
1.624
1.724
1.224
1.324
1.624
1.624
1.224
1.424
1.324
1.324
1.724
1.224
1.224
1.224
1.624
1.424
1.924
2.224
1.524
1.224
1.424
1.724
1.624
2.244
2.024
1.724
1.624
1.224
2.424
1.824
2.524
1.324
1.324
1.824
1.424
1.524
1.224
1.324
1.324
1.324
2.444
1.624
1.224
1.224
1.524
1.424
1.224
1.624
2.444
1.624
1.224
1.224
1.424
1.324
1.524
1.824
4.124
2.124
1.424
1.424
1.224
1.224
1.724
1.824
1.524
1.524
1.224
1.424
1.224
1.824
1.424
1.424
1.424
1.324
1.724
1.324
1.224
1.724
1.724
1.324
2.524
1.724
1.224
1.624
1.524
1.224
1.224
1.224
1.524
1.224
1.324
1.524
1.824
1.224
1.324
1.224
1.224
2.024
1.224
1.324
1.424
1.324
1.524
1.224
1.224
1.224
1.224
1.524
3.544
12.444
1.524
1.224
1.424
1.224
2.444
1.324
1.224
1.224
3.424
1.324
1.224
1.324
1.324
1.224
1.424
1.224
1.224
1.624
1.524
1.324
1.224
1.424
1.424
1.224
2.824
1.224
1.224
1.824
2.224
1.224
1.224
1.824
1.224
1.324
1.224
1.324
1.324
1.224
1.224
1.224
1.424
3.324
1.324
1.324
1.324
1.224
1.424
1.224
1.224
1.524
1.824
1.224
1.224
1.224
2.324
1.524
1.324
1.224
1.324
2.024
1.324
1.224
1.424
1.324
1.324
1.224
1.724
2.024
1.224
2.124
3.224
1.524
2.024
1.324
1.224
1.224
1.324
1.224
1.224
1.424
1.324
1.224
1.224
1.524
1.324
1.624
1.824
1.524
1.224
1.824
1.824
2.224
2.124
1.224
1.224
1.224
2.644
1.924
2.124
1.624
1.624
1.424
1.324
1.424
2.124
1.324
2.544
1.424
1.224
1.424
1.724
2.024
1.524
2.424
1.524
1.324
1.524
1.224
1.224
2.544
1.324
1.224
1.224
1.524
1.224
1.224
1.224
1.224
1.624
1.324
1.224
1.424
1.224
1.424
1.224
1.224
1.324
1.724
4.924
1.224
1.424
1.324
1.624
3.224
1.224
1.224
1.224
3.524
1.424
1.324
1.424
1.424
1.424
1.424
1.524
1.624
2.544
1.424
1.724
1.824
1.624
1.724
2.344
2.924
1.324
1.224
1.324
1.224
1.924
1.624
1.324
1.524
1.424
1.324
1.224
1.924
1.224
2.344
1.324
1.724
1.624
1.324
1.224
4.424
1.424
1.324
1.524
1.224
1.924
2.624
2.424
1.224
2.324
1.324
1.224
1.924
1.524
1.824
1.824
2.344
1.424
1.524
1.324
1.424
3.524
1.724
1.524
1.224
2.344
1.824
1.224
1.924
1.424
1.224
1.524
1.524
1.324
1.524
1.224
1.424
1.824
1.724
1.724
1.524
2.644
1.624
1.324
1.224
1.424
2.624
2.424
1.324
1.524
1.424
1.224
1.524
1.524
2.324
1.224
1.424
2.944
3.524
1.324
1.224
1.224
1.524
2.524
1.224
1.624
1.924
2.724
1.224
1.624
1.324
1.624
1.324
1.324
1.324
3.424
2.024
1.524
2.844
2.024
2.224
2.224
1.424
2.524
1.324
1.624
1.324
1.624
1.424
1.324
1.224
1.224
1.224
1.924
1.224
0.3
0.1
0.2
0.9
0
0
0.3
0.6
0
3
0.2
0
0
0
0
0.1
0
0.3
0.1
0
0.1
0
0
0
0
0
2.7
0
0
0
1.1
0.8
1.6
0.5
0
1.7
0.3
0
0.1
0
0
0
0.1
0
0
0
0
0.4
0
0.1
0
0
0.4
0.4
0
0.3
0.2
0
0
0
0
0
0.1
0
0.2
0
0
0.1
0
0
0
0
0.6
0
0.4
0.3
0.1
0
0
0.2
0.2
0
0.1
0
0.1
0.6
0
0.1
0
0
0.3
0.2
0
0
0.1
0
1.224
0.4
2.9
0.4
0.2
1.2
1.1
0.7
