4.048
0.7
2.2
0.9
0.3
1.524
1.224
1.224
2.848
1.224
2.748
1.324
1.524
2.324
2.424
0
0.1
0
0
0
0.1
0.4
0.1
0
1.424
0.1
1.624
0.5
0
0.2
0.3
0.2
5.224
1.424
0.2
2.324
1.524
1.324
0.2
2.024
1.424
3.824
0
0.1
0.1
0
2.624
0.6
1.624
1.824
0.3
0.1
2.624
0.1
0.1
0
1.824
0.1
1.424
1.7
3.5
1.5
0
2.4
2.924
1.824
0.1
0.3
0.5
2.5
2.024
2.224
1.824
1.324
5.024
3.124
0
0.4
0
1.224
1.3
0.1
0
0.2
0
0
0.1
0
0
2.1
1.424
0.3
1.624
0
0
2.024
1.824
1.324
0.1
0.1
0.1
2
2.3
1.224
1.224
1.324
2.648
2.3
0.1
1.624
3.948
1.224
1.224
0.1
0.2
0.5
2.648
0.4
1.324
1.324
4.4
0.1
0.2
2.724
0.2
1.324
1.524
0
0.1
0.9
3.248
0.2
0.2
0.2
1.424
1.1
0.1
0.1
0.7
3.324
1.524
0.3
0
0.7
0
0
0.5
0.7
1.924
0.1
0
1.624
1.824
2.648
3.224
2.724
2.324
0.5
4.248
0.2
1.624
0.1
1.324
1.224
2.424
0
0
1.424
1.524
4.8
1.524
3.024
1.324
1.424
1.424
1
0.1
0
0.1
2.424
1.824
1
1.224
1.424
3.648
2.524
3.424
1.524
1.524
1.224
1.624
2.748
2.948
2.624
1.824
1.924
1.224
4.372
1.224
1.4
1.824
0
1.224
0.5
4.524
0
1.324
2.124
0.3
1.424
0.1
1.624
0.6
0
1.224
5.924
1.224
2.724
0
0
0
0
1.1
0
0
0.4
0
0
0.8
1.224
0.3
0
0.1
0.1
0.2
0
4.4
0.1
1.224
0.5
0
1.1
0.7
0.1
1.224
0.1
1.224
0
0
1.4
0
0.2
0.1
0
0.2
0
0
0.4
0
0.5
0.2
1.224
1.624
0.6
0
1.224
0.3
0
1.524
0
1.224
1.424
1.524
0.1
1.1
0.1
0
0
2.548
2.448
1.224
0
0.7
0
0.5
1.224
0.1
0
0
0.1
0
0
0
1.6
0
1.224
0
1.424
0.4
2.448
0.1
2.548
0.5
0.9
0.3
0
0.8
2.224
0
2.024
0.4
0
0.2
0
0
0.1
1.224
1.324
0
1.724
2.548
0.2
3.248
2.624
0.7
1.324
0
0.1
0
0
2.5
0.1
0.2
0.9
0.1
0
0.1
0
5.548
1.224
1.224
1.324
3
1.424
2.224
0.8
1.324
0.4
2.424
2.648
2.448
3.048
2.5
6.124
0.1
0.1
1.324
1.524
0.1
2.848
3.048
0
1.224
1.224
0
0.1
0
1.224
0
0
0
0
0
0.1
0
0
1.6
0
0
0.2
0.1
1.4
0
0
0
0
0
2.224
1.324
0.1
0
1.524
2.3
0
0.4
1.324
0
1.724
1.224
0
0.1
0.3
1.224
0.3
0
1.224
0
0
0.6
0
1.6
0.5
1.324
0
0.3
0.3
1.224
0
1.324
0.4
0.1
0.5
0.5
1.5
2.448
0.4
0.1
1.324
1.1
0.3
0.1
2.948
0.2
0.2
0.8
0.4
1.224
3.448
0.5
2.848
0
1.624
0
2.548
0
0
0
0.1
0.4
0.2
0.1
0
0
0.6
0.1
1.324
0.6
0
1.324
0.7
0.5
0.1
0.1
1.3
0.1
0.1
0.3
3.2
2.824
0
0.8
3.624
0.1
1.924
0.6
0.9
1.1
0
0.2
0.4
0.1
0
1.224
0.3
0.3
0.1
0
1.724
0.5
0
1.224
0
0.2
0.3
0
0
0
0.1
1.2
0.1
0.2
0.4
1.2
2.448
0
0.3
0
1.3
0
0.1
1.224
0.6
0
0
0
0.2
0.1
1.224
0
0
3.624
0.1
1.224
0
0
0.4
1.3
0
0
1.224
0
0.6
0.5
1.324
0
0.4
2.448
2.024
0.2
1.724
0.6
0.1
0.3
1.524
0.1
0.4
1.1
0.8
0
1.324
1.224
0
0
0.2
1.324
0
0
0.9
0
0.2
0.4
1.424
0
0
1.424
1.324
2.024
0.2
1.524
1.224
0
0
0
0
0.1
0.1
0
0
0.2
3.524
0.7
0
0
0
0
0.1
0
1.324
0
0
0.1
0.1
1.224
0.8
0.2
1.224
0.1
0.2
0
0
1.424
0
0.6
0
0
0.1
1.724
0.2
0
0
1.324
0.3
1.3
0.1
0.1
1.5
0.2
0.1
3.824
0.4
1.324
0.1
0.2
0.3
0
0
0.3
0.4
2.024
0
0
0.4
1.324
0.1
0.2
0
0.1
0.1
0.1
0.1
0.2
0
1.224
0
2.124
1.224
2.448
0.5
0.1
0.7
1.424
1.224
1.324
0.6
0.2
0
0.4
0.1
0
0.1
1.3
0
2.124
0
0.1
0
0
0.1
1.524
1.224
0
0.1
0.2
0.2
0.8
0
0
0.3
1.724
0.7
1.324
1.224
0.6
1.224
0
0
0
0.3
0.1
0.5
0.3
0
0
0.2
0
0.3
0
0.7
0
0
0.2
1.224
0
0.2
1.224
0.6
0.3
0.5
0.4
1.224
0
1.424
0
0
0
2.448
0
0.5
0
0
0
0.3
0.3
0
1.224
1.324
0
0.1
0
0.1
4.124
0
0.2
0.1
0
0.1
0.2
0.1
1.1
0.3
2.648
0.2
0.9
1.924
0.1
0.2
0
0
1.524
0
1.524
0.5
0.3
0.1
0.2
0
0.1
3.2
3.624
0.5
1.624
0.6
0
0
1.324
0
0
0
0.1
0.3
0.8
1.624
1.224
0
0
1.224
0
0.2
0.1
0
1.324
1.224
0
1.624
0
0
0
0.8
1.224
0.2
0.8
0.6
0.3
0
0.2
0.1
2.948
0
0.3
2.1
0.5
2.548
0
0
0.1
0
1.724
1.224
0.3
0.1
2.448
1.824
0
0
0.3
0
0
0.1
0
0.3
0.1
0.3
0
0.5
0
0.1
0
2.448
1.324
1.624
0
0.1
0.3
0
1.224
0.3
0
1.224
0.2
1.224
0
0
0
0.4
0.1
0
0.1
0
1.224
0
0.1
0
0.3
0.1
0
1.424
1.4
1.424
0.2
0
0.1
1.524
0.4
0
1
1.924
2.448
1.3
1.524
2.748
1.224
1.224
0
0
0
0.9
3.024
1.324
0
0.1
0
0
0.1
0
0
1.224
0
3.148
0.2
1.224
0.3
0
0.2
0.2
0
0
0
0
0.2
1.424
1.224
0.2
0
0
0.3
1.1
0.2
0.1
1.224
0.3
0.2
1.224
0
1.724
0
2.024
1.924
0
0
1.324
0
0.5
1.4
0.1
0
0
0.1
1.824
0.1
4.848
0.1
1.8
0.5
0.7
0.1
0.4
0
0.7
0.4
0.1
0.3
0
0
0
0.2
0.2
0.2
0
0
0.5
0
0.2
1.2
0
0.2
0.1
0.3
2.448
1.224
0.1
0.4
0.8
0.4
0.6
0
1
0.1
0
0
0.1
0.5
0
0.7
0.4
1.224
3.048
2.748
0.1
0.1
0
0.5
0
0
1.224
0.3
0
0
0.7
0.1
0.1
0
0.1
0.6
0.1
1.224
1.324
0.4
0.5
0
0.1
1.9
0.4
0.9
1.424
0
0
0.2
1
0.4
0
0
0
1.7
0
3.224
0.2
1.324
0.1
0.6
0.1
0.4
0.1
1.324
0.2
1.424
1.3
0.4
0
1.524
0.2
1.224
1.324
0.1
1.224
2.4
0.4
1.724
1.924
2.448
1.224
0.7
0
1.224
0
0.1
0.1
1.424
0.3
2.124
0.4
0.2
1.224
0.1
0
0
0.2
0.5
6.6
1.224
0.1
2.748
0.3
2.1
0.1
0.4
1.524
3.124
1.324
0
0
1.224
0.2
1.224
4.548
2.848
4.148
2.548
2.948
2.648
1.524
2.748
1.224
1.224
1.324
4.248
1.424
1.824
1.224
4.372
2.448
1.224
1.524
2.024
1.624
1.324
1.424
2.848
1.724
3.048
3.048
1.224
1.224
2.448
2.648
3.672
3.924
1.724
1.224
1.224
1.824
2.648
3.024
1.424
1.224
1.224
2.748
1.524
1.224
1.324
2.648
2.648
3.024
2.748
2.448
1.324
1.224
2.524
1.224
2.748
1.224
1.224
2.948
1.324
4.672
1.324
1.224
2.024
1.424
1.324
1.524
2.124
1.324
2.648
2.748
1.224
1.224
4.172
2.848
2.548
1.524
2.748
1.524
1.324
2.648
1.324
3.672
1.324
1.224
1.224
3.148
1.224
2.448
2.648
3.148
1.524
1.624
1.524
3.972
1.724
1.924
4.572
1.224
3.724
2.448
3.972
1.424
4.248
1.424
2.224
1.424
3.724
2.748
1.224
1.224
1.524
2.648
4.872
2.748
1.424
1.224
2.648
2.448
1.724
1.524
1.224
2.548
1.224
3.672
1.624
3.448
1.224
4.148
1.324
1.824
1.524
1.624
2.948
1.424
2.524
2.548
1.424
2.648
5.524
1.224
2.448
2.748
2.448
1.724
1.224
1.424
1.224
2.848
4.672
2.848
2.448
1.224
3.348
2.648
1.824
2.424
1.224
1.724
2.224
1.224
1.224
2.948
2.548
1.224
2.548
2.548
1.324
1.324
1.324
1.424
1.324
2.224
1.424
3.048
3.248
3.448
2.948
1.624
1.224
1.324
1.324
5.024
2.324
2.448
1.224
1.824
1.324
1.624
1.724
1.724
2.224
2.124
2.448
2.748
2.748
2.648
3.148
3.872
1.324
2.648
2.548
2.324
3.124
1.224
2.648
1.224
1.224
2.648
3.148
1.224
1.224
1.524
2.448
1.524
1.224
1.424
2.324
3.148
1.724
2.448
2.448
2.848
1.224
1.224
2.648
1.424
1.524
1.224
1.224
2.024
2.448
2.848
2.448
4.548
2.448
2.748
3.948
2.424
2.448
1.824
1.624
3.648
1.224
1.224
4.148
1.424
2.548
3.672
2.648
1.224
1.224
1.224
1.924
2.748
1.624
2.448
1.624
3.148
1.224
3.448
1.324
1.324
1.324
1.224
1.524
4.748
1.724
2.648
2.548
1.324
3.548
2.648
1.324
1.324
1.224
2.448
1.324
3.148
1.724
1.224
2.848
2.848
1.524
2.448
1.724
2.648
3.148
1.324
1.424
1.624
1.324
2.548
1.324
1.524
1.524
1.624
1.224
4.072
1.224
1.424
1.524
1.524
1.324
3.048
1.424
3.648
1.224
1.224
1.224
1.324
2.948
1.624
2.448
1.224
1.224
1.324
2.448
1.224
2.648
3.648
1.524
1.424
1.824
2.648
1.324
2.548
1.524
1.324
2.848
1.524
1.624
1.224
1.624
3.972
1.924
3.548
3.972
2.448
2.848
2.648
3.948
1.224
3.048
2.848
1.924
1.224
5.048
1.924
4.348
1.224
3.772
2.748
1.324
3.148
2.648
1.224
2.624
2.448
1.324
1.324
1.224
2.848
1.424
4.072
2.448
1.424
2.648
2.648
2.448
2.448
2.748
1.224
2.548
3.248
5.748
2.424
1.424
2.848
2.548
1.424
2.124
1.924
1.724
1.824
1.224
1.424
1.224
1.624
2.848
1.424
2.648
1.224
4.448
2.648
2.548
1.724
2.648
1.324
2.424
3.148
1.524
4.772
1.824
2.948
1.324
1.224
3.148
1.324
1.324
1.724
2.748
1.224
1.324
1.224
2.448
2.024
2.448
1.224
1.424
2.548
2.748
2.548
1.224
2.448
1.324
2.748
2.524
3.424
1.324
2.548
2.648
2.448
1.324
1.324
1.224
1.224
18.372
3.248
1.224
2.748
1.324
2.648
2.548
1.324
2.448
1.824
1.224
1.324
1.224
1.624
2.848
1.224
5.548
3.772
1.224
1.924
2.824
1.224
3.672
3.048
1.424
2.648
1.224
1.424
1.424
2.548
2.448
1.224
1.724
5.448
1.224
2.448
1.224
1.224
1.324
2.548
1.324
1.624
1.524
1.224
2.448
2.448
3.448
1.524
1.324
2.648
1.224
1.924
2.548
2.448
1.324
1.224
3.872
1.224
1.224
3.148
1.224
3.748
3.924
2.948
2.648
1.724
1.224
1.224
2.548
1.524
2.648
1.224
2.548
1.224
1.224
1.724
1.424
2.124
1.824
2.448
2.448
4.148
1.624
1.824
3.248
1.224
1.224
2.548
1.424
2.124
3.148
1.624
1.624
1.224
2.448
2.548
4.372
3.772
1.924
2.548
2.448
2.748
2.948
2.748
2.024
5.772
1.424
2.548
1.324
1.224
2.548
1.324
2.748
1.224
1.224
3.248
2.448
1.224
1.224
2.448
1.724
1.324
1.324
1.224
1.224
2.548
1.224
2.548
1.624
2.448
5.048
1.624
2.424
1.424
1.724
3.824
1.224
2.548
1.324
3.724
1.324
1.424
1.724
1.524
2.648
2.748
1.624
2.748
1.324
1.524
3.048
3.248
1.824
1.624
1.324
4.948
1.524
2.448
1.324
1.224
1.824
3.148
2.748
1.724
2.448
1.324
1.224
1.324
2.448
2.548
1.324
3.148
1.824
2.648
2.648
4.624
2.848
2.548
4.172
1.324
2.424
3.224
2.524
3.672
3.448
1.224
1.224
1.724
2.848
3.148
3.348
1.624
2.124
1.624
2.748
2.324
6.448
2.648
1.424
1.224
1.224
3.248
2.448
4.572
2.548
2.648
1.224
2.324
1.424
1.924
2.448
1.424
2.224
3.248
1.624
1.824
1.624
1.724
1.724
3.672
2.548
3.848
2.424
2.548
3.148
2.648
2.448
2.748
2.748
3.948
2.448
1.524
3.048
5.048
3.672
2.548
1.324
2.848
3.024
1.224
2.848
3.448
3.748
1.324
3.972
1.424
4.472
1.324
1.424
2.648
3.624
2.324
1.524
3.148
2.224
1.924
2.624
2.648
2.824
1.324
2.024
1.424
2.948
1.324
1.224
1.424
1.224
1.324
3.148
1.224
1.224
1.424
0.1
2.024
1.324
1.224
1.324
2.924
0
6.124
0.1
1.324
1.224
0.1
0
0.2
2.548
0
0.1
1.324
0.3
1.224
0.1
1.324
0
1.224
4
0.1
0
0
1.2
0.9
4.924
1
1.224
5.548
1
0
1.424
0.1
0
0
0.2
0
1.224
0
0
1.424
0
0.1
0
0
0.3
0.2
0
0.3
0.2
0
0.4
0
0.2
1.324
1.524
2.448
0.8
0.1
0
2.548
0
0
1.224
1.224
2
2.548
1.824
1.824
1.324
1.324
0
0.1
0
0.1
0.7
0.2
3.048
2.648
0.1
0.4
0
0.1
0.2
0.3
0
0
0
1.224
1.324
0.4
9.348
2.948
1.524
3.024
1.7
2.424
