0.4
0.3
1.924
0
2.548
1.224
1.224
1.224
1.324
1.224
1.424
2.448
3.048
1.524
1.524
0
1.224
0
0
0
1.224
1.524
0
0
0.1
0.1
0.1
0
1.324
0
0
1.324
0.9
1.224
1.424
0.3
0.1
0
0.2
0.1
0.1
2.124
0
0
0
1.324
0.1
1.824
0
1.424
1.224
0
1.324
1.324
0.1
0
1.324
1.324
0
1.624
2.124
1.524
0
0.5
0.1
0.3
1.224
1.224
1.424
1.524
0
2.748
1.724
0
1.724
0
2.548
0.1
1.224
0
1.824
1.324
1.324
1.224
0
1.224
1.224
0
0
1.524
0
0.2
1.224
1.224
1.224
1.424
1.524
1.224
1.224
0
0.1
1.824
1.524
0
0
0
0
0.8
1.224
1.324
1.324
1.224
0
2.448
0.1
0
0.1
1.324
0
0
2.124
0
0
1.924
1.224
1.224
0
1.224
1.324
2.848
0.2
0.1
1.324
1.224
1.224
0.7
1.624
2.448
1.424
0.1
0.1
1.424
1.224
1.524
1.224
1.224
1.224
1.324
0
1.224
1.324
0
0.3
0
0.4
0.1
1.224
0.1
0.5
0
0
1.224
0
1.224
0.1
1.224
0
1.224
0
1.4
1.224
1.524
2.448
0.1
2.448
2.124
1.224
2.448
1.224
0.5
0.4
4.172
1.224
3.772
1.324
4.272
3.348
3.672
2.648
3.672
1.324
2.548
1.724
4.072
3.872
3.048
2.548
1.324
0
0.1
1.424
0
0
1.324
0.6
1.224
0.1
1.524
1.424
0
1.224
0
0.2
1.224
0
2.724
0
1.424
0
1.224
1.224
2.548
2.024
2.548
1.224
1.424
1.224
1.224
1.524
2.448
1.224
1.224
2.448
0
1.224
0
4.148
1.424
0
2.424
0
1.724
1.324
0.1
1.224
0
2.448
2.448
1.224
0.3
0
1.224
1.224
1.224
0
1.224
1.224
1.224
1.224
1.424
1.224
1.224
0
0.4
2.448
1.224
0.2
2.448
0
1.224
0
0.2
0.1
1.224
1.424
0
1.324
2.448
2.448
1.224
1.224
2.448
3.972
2.448
2.448
0
2.448
2.448
2.648
1.224
1.224
2.448
1.224
1.324
0
0
1.224
0.1
1.224
0
0
1.324
0.1
0.2
0
1.224
1.324
1.724
0.1
1.324
1.324
1.224
2.448
0
0
1.224
0
1.224
0
1.424
0
0
0.3
0
1.424
0
1.224
1.224
0
1.224
0.5
1.224
1.324
1.424
1.324
1.224
1.224
0
0.6
0
1.224
1.224
3.148
1.324
0.2
1.424
2.448
1.324
0.1
1.224
1.224
1.324
2.024
2.424
0.1
0.3
0
1.224
0
3.872
2.548
0
1.224
1.224
2.448
0
0.1
2.448
0
1.224
1.224
1.324
0
1.324
0
1.224
3.048
0
0
0.1
1.324
1.524
1.224
1.224
0
0
2.448
1.324
0
0
0
1.224
0.4
1.224
0
2.448
0
0
0
0
1.224
1.324
0
4.072
3.672
1.224
3.672
3.672
1.424
1.324
0.7
1.624
1.224
0
0
1.324
0
0
1.224
1.324
1.224
1.224
2.748
0.3
0
1.224
0
2.648
1.724
1.524
1.324
1.224
1.224
0.2
1.324
0.2
0
1.524
1.324
0.1
1.224
0.1
1.224
0
0.1
1.224
2.448
2.448
1.424
1.224
0.2
0
0
2.748
1.224
0.1
0.2
2.448
0
1.624
1.524
2.448
1.224
0.1
1.224
1.224
0.1
2.024
0.3
0
1.724
1.324
0
0.1
1.624
1.324
0
1.224
0
0.1
2.448
0
0
0.1
0.1
0
2.448
0.2
0
2.448
0
2.448
1.424
2.548
0.1
0
0
1.224
3.148
1.224
0
2.648
0.2
0
0.1
3.672
1.224
0.4
0
1.224
0
2.648
1.224
1.224
2.548
2.448
0.1
1.324
1.224
1.224
1.824
1.424
1.224
1.224
0
2.748
2.748
3.672
0
0
1.224
1.524
1.724
1.224
0
3.672
0.1
0.1
1.224
0.1
0.1
3.772
1.324
0
0.1
1.524
1.624
1.424
2.448
0
0
0
1.224
1.224
0.1
0.1
1.224
1.924
1.224
0
1.324
0
1.224
1.224
1.224
1.224
1.424
1.624
1.324
1.224
1.224
0.1
2.448
0
1.224
0
0.2
1.224
1.224
0.6
1.224
0
2.448
0
0.1
2.448
2.548
0
0
1.324
1.324
1.224
1.224
0.2
0
1.224
1.324
1.224
0
1.224
1.224
0
1.324
0
1.224
0
0.2
1.524
0
0
0
1.324
1.424
1.224
0.1
0.4
0
0
0.4
1.324
1.224
0
0
0.1
2.548
0
0
1.324
2.748
0
0.1
2.548
0
1.224
2.448
0
1.224
1.224
0.1
1.224
0
1.224
0
2.448
1.424
1.224
0
0.4
0
1.424
1.224
0
0
0.2
1.324
1.224
1.324
1.224
0
0.1
1.524
0
1.524
1.324
1.324
2.548
1.224
0.1
2.748
0
1.224
1.324
1.324
1.424
2.648
0
2.448
1.424
1.624
1.524
0.1
0
1.224
0
1.324
0
1.224
2.548
1.224
0
2.448
0.1
0
2.448
1.224
0.1
1.224
1.524
2.448
1.224
1.224
2.448
0.1
1.224
2.548
0
0
2.648
1.224
0
1.224
1.224
1.224
1.224
1.224
0
0
1.924
1.324
1.224
0.1
1.224
1.224
1.324
0
0
1.224
1.224
1.224
1.424
0.8
1.224
0.2
1.324
0
1.224
2.448
1.224
1.524
0.1
1.424
1.324
1.324
1.324
1.424
2.548
1.224
2.448
2.448
1.224
0
1.324
1.324
3.672
1.224
1.424
2.448
0.6
3.148
0
0
1.424
2.648
2.448
0
1.224
1.224
0
1.224
1.324
1.424
1.324
0
1.224
1.224
0
1.224
1.224
1.224
0
1.224
1.324
1.324
0.2
2.448
1.224
1.224
0.1
1.224
0.3
0.2
1.424
1.324
1.224
1.424
0
1.224
1.224
0.1
1.724
1.324
0
1.224
1.224
2.448
0
1.224
1.224
1.424
1.324
0
2.648
1.324
1.224
1.424
1.224
0
1.224
1.224
1.324
0
2.448
1.224
0
2.448
0
0
0
1.224
1.224
1.224
1.224
2.648
1.224
0
1.224
0
0
0
0
0
1.224
0
2.848
1.324
2.448
3.672
0
0
2.448
2.548
1.224
2.848
2.448
0
1.224
4.572
1.224
0
2.448
1.424
1.424
1.324
0.1
1.624
0.6
0
3.248
1.224
1.224
2.448
0
2.548
1.224
1.424
1.424
1.824
0.1
0
1.224
0
1.324
1.224
0
1.324
1.224
1.224
0.1
0.1
2.648
1.324
1.224
0
0.1
0
1.224
0
1.324
3.672
0
0.1
0.1
1.324
1.224
1.224
0.3
2.448
1.224
1.224
0.2
0
1.224
1.224
1.724
2.448
0.4
1.324
1.224
0.2
1.224
0
1.424
1.424
1.324
2.448
0
2.548
1.224
3.672
1.824
2.448
2.948
4.072
2.648
1.224
1.224
2.448
2.024
3.972
1.224
1.224
1.224
1.224
1.224
1.324
1.224
2.448
1.224
1.324
1.424
1.224
1.324
1.224
1.224
3.872
1.224
0.2
0
0
0
0
2.548
1.324
1.224
2.448
1.724
0
1.224
1.324
1.324
1.424
1.224
1.324
1.524
2.448
3.248
2.448
1.324
2.448
2.448
1.424
1.324
1.224
1.224
2.648
1.224
1.324
1.624
1.324
1.224
1.424
2.548
1.424
2.548
0
0
2.548
0.1
0
1.424
2.124
1.524
0.3
1.224
0
1.224
1.424
2.648
1.224
1.224
2.448
0
0.6
0
1.524
0.1
2.448
1.224
2.648
2.448
0
0
0.3
1.424
0
1.424
1.724
2.548
0
1.224
0
0
0.1
0
1.324
1.324
0.5
1.324
0
1.224
3.348
1.224
2.448
0
1.224
1.224
0
0.1
1.224
0.1
1.224
0
0
1.224
1.224
1.224
1.224
2.924
0
1.324
0.1
1.324
0.2
1.324
0
0
2.424
1.524
1.224
0.1
0
2.548
3.672
3.148
2.448
1.824
1.424
1.424
1.324
2.548
1.424
2.648
1.324
2.448
1.624
3.972
2.848
1.224
4.072
2.548
2.548
2.648
2.848
3.972
3.872
1.324
2.448
5.296
2.948
3.972
2.448
2.448
2.548
1.424
1.224
3.248
2.648
2.548
2.548
2.748
1.224
3.548
2.648
2.548
4.996
1.524
2.848
2.548
3.772
1.324
1.324
2.648
2.648
3.672
5.096
1.224
4.472
2.548
2.548
2.548
2.448
2.548
3.672
1.524
3.772
2.548
2.948
2.848
2.548
4.172
2.548
2.448
2.648
1.524
2.648
1.224
1.224
2.648
2.548
2.648
2.748
1.224
2.448
1.324
3.672
2.448
2.548
2.748
3.672
1.324
3.672
2.448
2.448
1.524
2.548
1.424
2.948
2.448
2.848
3.348
1.824
2.448
2.224
1.224
1.224
2.548
2.648
3.872
4.172
3.672
1.424
2.548
1.224
1.224
1.224
1.424
1.724
1.224
3.772
2.548
2.448
1.224
2.748
2.548
2.448
2.548
3.672
2.448
2.848
2.224
2.448
1.424
2.448
3.048
2.548
2.648
4.172
2.848
5.196
3.672
2.548
2.748
4.772
2.548
1.224
2.848
2.548
2.848
3.872
2.448
2.648
1.424
1.724
2.548
1.224
2.448
2.948
3.772
2.548
3.048
2.448
6.096
2.848
2.548
2.448
1.324
2.448
2.448
1.324
1.224
2.748
1.324
3.672
3.772
4.996
4.472
2.448
1.624
4.996
2.648
2.748
1.424
1.224
1.324
2.448
3.948
1.724
1.224
2.448
2.448
1.224
3.772
3.872
2.548
4.372
3.248
2.448
2.448
1.324
2.448
2.648
2.448
2.448
2.848
1.224
1.524
3.448
2.448
2.648
2.448
2.448
2.448
2.948
2.448
2.548
3.972
1.224
2.648
3.772
2.548
3.148
3.672
3.248
2.548
2.648
3.872
2.548
2.448
1.424
1.224
3.672
2.448
2.548
2.948
2.448
1.424
1.224
2.224
1.224
1.424
2.748
1.724
2.448
2.648
2.648
2.848
2.448
2.448
3.648
1.224
1.224
2.448
2.448
2.448
3.772
2.448
4.072
1.524
3.772
2.448
2.548
1.424
2.448
1.724
2.448
2.548
2.548
3.672
2.648
1.724
3.872
1.224
1.224
2.548
3.148
2.848
2.548
2.748
2.548
2.448
2.548
1.324
3.148
1.224
1.324
2.448
2.648
1.324
1.324
2.548
1.324
2.448
1.224
1.324
2.448
1.224
2.548
5.396
3.972
3.048
2.448
1.324
2.448
2.648
2.648
2.648
1.224
1.424
2.448
1.324
2.548
3.672
2.548
2.548
1.424
2.448
1.224
2.448
2.548
4.996
2.448
3.672
2.448
2.948
1.324
2.448
5.096
3.872
2.648
2.448
2.648
1.224
1.524
3.872
1.224
3.672
3.048
1.424
2.548
3.248
2.648
2.448
3.972
1.224
1.724
1.324
4.372
1.624
4.372
2.448
2.524
2.848
1.724
1.224
1.224
4.072
3.672
1.524
1.224
2.448
2.548
1.324
1.224
2.448
2.548
1.324
1.324
2.548
1.224
4.272
2.448
1.524
1.224
3.772
3.772
2.448
1.324
3.972
3.648
3.048
2.648
2.448
1.224
2.648
3.872
3.048
2.648
3.872
2.448
5.096
1.324
2.548
2.948
1.324
2.548
1.324
2.748
1.324
2.548
1.524
1.424
3.772
2.848
2.548
4.996
2.748
3.148
1.224
2.448
2.448
5.196
2.448
3.772
2.548
2.448
2.748
2.548
2.448
2.448
4.472
2.748
1.324
2.748
2.548
2.748
3.872
2.548
2.448
2.648
1.224
1.524
1.624
4.072
1.224
1.624
2.448
1.324
2.448
2.448
4.896
1.824
2.548
2.548
1.424
2.548
1.324
1.524
3.772
1.224
10.396
2.848
2.548
1.224
2.748
1.224
3.772
3.148
1.224
2.448
3.348
1.624
3.672
2.448
1.624
3.672
1.224
2.448
2.448
1.324
1.324
1.224
2.448
4.996
3.048
2.448
2.448
3.672
2.448
2.648
1.424
2.448
5.196
5.196
2.448
2.448
2.448
2.748
4.072
1.324
1.224
3.772
3.148
1.424
1.324
3.772
2.448
2.448
2.448
2.548
1.624
2.448
3.348
3.748
1.324
2.548
1.324
2.448
2.448
2.548
1.224
3.772
3.772
2.448
1.224
2.448
1.224
2.448
2.448
4.272
2.648
1.224
1.824
2.648
3.972
1.524
2.448
1.224
1.224
1.224
4.172
4.472
3.872
3.772
2.448
1.224
1.324
1.624
1.224
2.448
1.224
1.224
1.324
1.924
2.448
4.172
3.448
2.548
2.848
3.872
3.672
2.448
1.224
3.672
1.324
1.224
1.224
1.224
2.548
4.896
1.324
2.648
2.448
2.548
3.672
4.896
2.448
2.448
1.224
2.648
2.948
3.848
2.548
2.648
1.224
3.148
3.448
4.896
2.548
2.548
3.248
2.448
1.424
4.072
2.948
2.748
1.624
1.724
1.424
1.524
1.624
3.348
1.524
1.424
1.424
1.324
2.124
3.972
1.324
3.872
1.324
2.948
2.648
2.948
2.648
1.324
1.424
1.224
2.448
2.448
1.224
2.548
1.424
2.748
2.548
2.448
2.524
2.448
2.548
1.524
1.224
3.248
3.748
1.724
1.224
4.272
3.772
2.448
2.648
2.548
2.548
1.524
1.324
2.448
1.324
2.548
2.748
5.972
2.448
4.172
2.448
2.448
3.148
1.324
2.748
2.548
1.224
3.872
2.548
3.672
2.848
1.224
2.548
3.872
1.624
2.648
2.548
2.548
2.448
3.872
1.224
1.224
3.148
2.748
1.224
1.324
1.324
2.448
3.672
5.096
4.072
2.448
5.096
3.148
1.524
1.324
1.324
5.096
2.548
2.948
3.672
1.324
2.548
2.224
1.224
1.324
2.448
2.648
3.672
2.648
1.224
4.472
3.872
3.672
3.048
4.072
2.648
2.948
1.324
3.148
2.448
3.772
3.872
3.972
2.448
2.648
2.448
2.448
1.224
2.948
2.448
1.324
0
0
0.5
0.1
1.324
0
0.1
1.224
0.8
0
1.224
0
1.224
1.224
0
0
0.1
0.2
1.224
0
1.224
0
1.324
0
0
0.9
0
2.448
0
1.724
1.324
2.024
2.124
1.224
1.2
1.224
1.324
0.1
1.224
1.224
0
0
1.224
1.324
0
0
0
1.224
0
0
1.424
0
0
2.448
1.324
1.324
0
1.324
0.1
1.224
0
0
1.324
1.524
1.224
1.424
0
1.224
1.224
1.224
0
1.424
1.324
1.224
1.524
0
1.224
2.448
0
1.324
2.448
1.624
1.324
0
0
1.324
2.648
2.548
1.224
3.872
2.548
1.224
1.224
3.772
0
2.448
0.2
0.9
0
0
0.5
0.3
0.2
