2.624
0.2
2.7
0.8
1.624
1.224
1.524
1.324
1.524
1.224
1.324
1.424
2.948
3.924
3.424
0
1.224
0
0
0.4
0.2
0.6
0
0
0.5
0
2.024
0.5
0.2
0.2
0
0
6.2
0.2
1.424
1.5
0.1
0
0.1
0.6
0.1
4.424
0
0.6
0.3
0.1
2.224
1.524
0.8
0.5
0.1
0
0.7
1.324
0.1
0.1
1.324
1.424
0.1
2.1
7.424
3.324
0.2
2.6
2.724
1
1.324
1.424
0.5
6.124
0.9
2.324
1.624
0.1
8.024
1.7
1.424
0.3
1.424
0
1.9
1.424
0.1
1.424
0.3
1.324
1.324
0
0
3.824
0
0.2
2.748
1.324
1.224
1
0.4
1.324
0.1
0.1
0.2
3.024
3.324
0
1.224
0.1
1.224
2.8
1.424
0.6
3.448
2.648
0.1
1.524
0.3
0.7
1.524
1.424
0
0.1
9.724
0
0.3
1.924
1.824
0
0.3
0
0
2.424
2.324
0.3
1.524
0.1
1.824
1.1
0.4
1.424
0.1
3.124
0.2
1.424
1.224
0.9
1.324
1.324
0.4
1.624
0.5
1.424
0.2
0.1
0.1
1.524
1.6
1.8
3.548
0.2
4.324
0.1
0.4
1.324
0.2
2.648
1.824
1.424
0.1
1.424
1.824
6.5
1.224
2.524
2.548
0.3
2.548
1
1.424
1.324
0.1
0.8
0.6
2.524
1.624
2.548
5.148
3.948
2.824
2.748
2.748
2.548
1.924
1.524
1.324
3.348
3.248
1.824
1.224
3.448
0
1.2
1.824
0
1.224
1.524
2.9
1.224
0
0.5
0.4
0.1
0
0.7
0.8
1.224
0
12.248
0.1
5.948
0
1.224
1.224
0
2.8
0.2
0.1
0.7
0
0
1.4
1.224
0.6
0
1.524
0
0.1
0
8.024
0.2
1.224
0.9
0
1.8
0.9
0
2.648
0
2.648
1.224
0.1
2.4
0.1
1.924
1.224
1.224
0.1
0
1.224
3.324
0.2
0.3
0
1.224
0.1
1.4
0
1.224
1.6
0
0.1
0
0
0.3
0
0.1
4.524
0
0
1.424
2.448
2.448
2.448
1.324
1.824
0
1.724
0
0
0
1.424
0.1
0
0
1.224
5.324
0.1
1.324
0.1
1.624
1.524
1.224
0.4
2.648
0.5
0.8
0.4
1.224
2.624
1.724
0.2
1.724
1.524
1.224
1.324
0
0.1
0
0
1.424
0
1.824
1.324
0.2
3.024
2.324
2.224
0
1.224
0.2
0
1.224
3.8
1.524
0.2
0.7
0
1.224
0
0
6.724
0
2.548
0.1
6.724
2.548
2
0.5
0.1
0.4
3.824
2.648
1.324
3.248
5.124
11.948
0.1
0.5
0
2.848
0.2
2.948
1.824
0
0
0
1.224
0
0.1
0
0
0
0
0.1
0
0.1
0
1.324
3.724
0
0
0.1
0.4
1.6
0
1.224
0
0.2
0.5
0.7
0.1
0.1
0
0.1
4.1
1.324
1
1.224
0.1
0.7
0
0
0.1
0
0
2.124
1.424
0
1.224
1.224
0.8
0.1
2.9
1.1
1.424
0.1
0.2
1.724
0.1
0.1
2.848
1.824
0.1
0.3
0.7
1.2
1.724
0.2
0.1
1.224
0.7
1
1.224
3.848
0.2
0.5
0.3
0.6
0.1
5.448
0.5
1.624
0.1
1.524
1.224
2.024
0.2
0.1
1.224
1.324
0.3
0
0.1
0
0
2.324
1.324
0.2
0.6
1.324
1.424
1.4
0.2
1.324
0.1
0.8
0.1
1.424
0.7
5.1
2.924
0.1
1.3
4.3
0
0.5
0.9
0.7
2.2
1.224
0.7
0.7
1.424
0
0
0.3
0.4
0.1
1.224
0.9
0.3
1.224
0.1
1.224
0
1.424
0.1
0
0
0
1.1
0.1
0
2.024
0.4
1.324
0.1
1.324
0.1
1.3
0
1.224
0.1
1.324
0.1
0
0.1
1.524
0.1
0.1
0.1
1.224
8.048
0.3
1.224
0
0
1.3
3.124
1.224
0.1
0
0
0.7
1.2
0
0
1.524
1.324
0.5
0
0.8
1.1
1.224
1.424
0.2
0.1
0.1
1.5
1.1
1.224
0
0
0.3
0.3
0.2
0
0.3
0
0.8
0
0.3
1.424
0.3
1.224
1.224
3.448
0
1.524
0.5
0
0.2
0
0.2
1.224
0.2
0.1
0
0.1
0
0.1
4
0.8
0
1.224
0
0.2
0.1
0
0.1
0.2
0.1
0
0.2
2.448
0.8
0
1.224
0.1
0.2
0.1
0
1.324
0.1
1.424
0
0.1
0.4
2.224
0.1
0
0
0.1
1.424
1.1
1.324
0.2
1.7
0.3
0.1
3.4
0.2
0
0
0.2
0.5
1.324
0
0.5
0.6
0.6
0
0
1.324
0.1
0.2
1.224
0
0
0.4
0.1
0.1
0.5
0.3
0
1.224
1.524
0.1
1.324
0.5
0
0.2
2.448
0.1
0.1
0.7
0.2
0
0.1
0.1
0
0.2
1.9
0.3
1
0.1
1.224
1.224
0
0.1
1.824
0
0
0.1
0.2
0
1.924
0
1.224
0.4
1
0.6
0
0.3
1.2
0
0.3
0.1
0.2
2.124
0
0.6
0.6
0
0
1.224
0.2
0.1
1.224
0.6
1.224
0
0
0.3
0
2.024
2.448
0.5
0.1
0.4
0.6
0.1
0.1
1.224
0
0.3
1.224
1.624
0
0.4
0.3
0
0.2
0.3
0.3
1.324
0
0.2
0.1
0
0
0.1
6.424
0.2
0.3
0.2
0
0.2
1.224
0.2
0.6
0.2
1.524
1.324
0.7
3.348
0
0.5
0.2
1.224
0.2
1.224
0
0.4
1.924
1.324
0.1
0
1.324
5.9
2
0.5
2.024
1.624
1.324
1.224
0
0.1
0
0
0.1
1.224
1
0.5
0
1.224
0
0
0
0.2
0
0
0.1
0.1
0.3
0.3
1.224
0.1
0.1
0.9
1.224
0.7
2
0.3
0.2
0.2
1.724
0.2
1.524
1.324
0.7
6.124
0.2
1.424
0
0.2
0
0
3.848
1.224
0.4
0
1.224
1.924
0
0
0.2
0
0.1
0.1
0
0.1
0.1
1.524
0
0
1.224
0
0.2
1.224
0.2
0.3
1.224
1.224
1.624
0.1
0
0.2
0.1
0
0
0
0
1.624
0.1
0.3
0.1
1.224
1.224
0
0
1.224
1.224
1.224
0.7
0.2
0.1
0
2.624
2.848
0.1
0.2
0.3
0
0.3
0.2
1
0.3
1.324
3.124
2.548
1.524
2.548
0.1
1.324
0
0.3
1
3.424
0.1
0.1
0.1
0
0
0
0
0
0.1
0.1
2.524
0
0.1
0.6
0
0.3
0
0
1.224
0
1.224
1.324
0
0.1
0.2
1.324
1.424
1.424
1.4
1.724
0.2
1.224
0.1
0.1
0
1.224
0.6
1.324
1
1.724
0.1
0.2
1.524
0.1
1.4
1.4
0.4
1.224
0.1
1.224
0.4
1.324
5.124
1.224
3.824
1.724
1
1.424
0.2
1.224
2.524
1.424
0
0.2
0
0
0
0.2
0.1
1.224
0
0.1
0.2
0.1
0.3
5.724
1.224
1.424
1.324
0.3
1.224
0
0
0.1
1.924
0.2
0.5
0.1
2.224
0
1.224
0.2
0
0.4
1.224
2.124
1.824
1.424
2.124
2.948
0.2
1.424
1.424
1.924
0.1
0.1
2.448
1.524
1.324
0
1
0.2
0.2
0.4
0.1
1.4
2.024
0
0
1.924
0.9
0
0.4
2.6
0.7
1.3
0
0
0
1.724
2.324
0.3
1.324
1.224
0
2.3
0
6.148
0.3
0
0.1
2.824
0.1
1.6
0
1.724
0.1
0.1
3.724
0.7
1.224
0
0
0
0.1
0.2
0
6.124
0.3
0.8
0.3
1.424
2.648
0.4
1.324
2.448
0
0
0
0
1.1
3.448
0.7
0
0.1
0.2
0
0.1
0
0.4
6.4
1.824
0.3
1.824
0.3
1.4
0
0.1
1.424
2.6
0.2
1.824
0.2
0
1.424
1.224
2.824
1.624
2.624
2.548
1.624
1.224
2.548
1.424
3.048
1.224
1.424
2.424
1.624
1.924
1.324
4.172
1.324
1.224
2.948
2.124
2.648
2.648
1.324
4.072
2.948
1.424
1.724
2.448
1.224
1.424
1.424
2.548
3.324
1.424
1.324
2.448
2.024
2.548
3.324
2.548
1.224
2.548
1.824
3.348
2.748
2.648
2.648
2.748
5.548
2.024
1.224
2.548
1.224
4.148
1.424
1.324
1.224
2.448
3.872
3.148
3.348
1.324
1.224
3.024
1.624
1.524
2.748
3.648
1.324
1.824
1.524
1.224
1.224
2.648
2.848
2.648
1.624
2.648
1.524
2.448
2.748
2.648
3.672
1.224
2.448
1.224
2.124
2.448
1.224
3.872
1.924
1.324
1.424
1.424
2.648
2.124
2.224
3.748
1.224
4.124
1.224
2.448
1.624
1.924
2.848
2.948
2.548
4.024
3.448
1.324
1.224
1.624
2.448
3.848
1.924
1.324
1.324
1.224
1.224
1.924
1.524
2.548
1.224
2.448
3.672
1.324
3.848
1.224
2.224
1.324
2.024
2.648
3.248
2.124
1.824
3.048
1.224
1.324
1.224
10.448
1.324
1.224
2.748
3.772
2.124
1.424
2.548
2.948
1.624
3.148
2.748
1.324
1.224
2.024
2.548
1.424
2.824
1.224
3.648
1.824
1.324
1.224
2.548
1.224
1.224
1.324
1.224
1.224
1.324
1.324
2.648
2.648
3.148
1.424
2.824
3.248
3.748
1.824
1.424
1.224
1.424
1.324
8.648
2.324
1.324
2.548
2.848
1.224
2.848
1.824
3.148
1.924
2.424
1.324
4.272
1.424
2.848
3.248
2.648
2.448
1.224
1.324
2.224
6.548
2.448
1.524
1.224
2.648
2.848
2.324
1.224
1.424
2.848
1.424
1.924
2.448
1.324
2.224
2.948
1.724
1.324
2.448
2.748
2.548
1.224
1.824
1.324
1.324
1.224
1.324
2.624
3.872
1.324
1.424
2.024
1.224
1.524
2.324
2.124
1.324
3.048
1.524
5.272
2.448
1.224
3.524
1.424
1.224
3.772
2.548
2.648
2.548
1.224
3.448
1.724
2.548
2.448
1.424
1.224
1.224
3.724
2.448
1.324
1.224
2.448
1.824
2.924
3.148
1.424
1.324
2.448
2.524
1.424
1.624
2.948
1.424
1.324
2.648
2.024
2.948
1.224
1.424
1.624
1.624
1.424
1.924
1.724
1.724
2.748
1.324
1.224
1.224
2.448
2.548
2.748
1.224
1.624
1.224
2.948
2.548
1.524
1.424
1.824
1.424
1.724
1.324
1.924
2.548
2.448
2.448
1.524
1.624
1.324
1.324
1.224
1.424
2.548
1.224
1.224
2.748
2.424
1.524
2.448
2.848
1.424
2.648
1.224
2.748
1.224
2.224
2.848
1.224
2.448
1.924
2.848
1.824
1.824
3.148
2.448
1.724
1.324
2.524
1.224
1.524
1.824
3.048
1.224
3.024
2.124
3.924
1.324
2.648
3.972
2.448
1.824
1.324
1.224
2.824
1.324
1.424
1.224
2.548
2.548
1.424
3.872
2.448
1.524
1.424
1.524
1.224
1.224
1.224
1.224
1.724
1.624
4.424
2.324
2.848
1.624
2.748
2.648
3.148
2.424
1.424
1.424
1.824
2.648
1.224
1.524
1.424
1.324
1.224
1.324
7.272
2.448
1.324
1.724
1.424
2.648
4.148
4.572
2.848
4.372
1.824
2.124
1.224
1.224
3.648
2.448
2.548
2.524
1.824
1.324
2.848
1.224
2.448
1.824
2.748
1.324
1.324
2.748
4.172
1.324
2.648
1.224
2.548
1.424
2.124
2.824
1.324
1.324
1.524
2.448
1.224
1.224
2.648
2.448
5.548
1.824
2.548
1.524
1.524
1.424
1.624
1.224
1.224
3.148
2.448
2.548
1.324
1.224
1.524
1.324
22.372
2.748
2.548
2.524
3.124
2.648
3.672
1.824
1.624
1.524
1.224
1.224
1.624
1.324
1.224
1.324
2.548
3.424
1.224
1.424
1.324
2.548
1.224
1.524
1.324
3.148
3.548
1.224
3.972
1.324
2.024
3.248
1.324
1.224
2.648
1.424
2.548
1.424
2.648
2.448
3.772
1.224
1.924
2.424
1.224
3.848
4.024
1.524
1.824
1.524
1.324
1.524
1.324
1.624
3.972
1.224
1.224
1.224
1.224
1.724
2.548
4.148
3.548
1.224
1.324
2.424
1.924
3.448
2.024
1.324
1.224
1.324
1.324
3.448
3.448
2.648
2.848
1.224
2.448
1.224
3.048
2.548
2.224
1.224
1.224
1.324
1.724
1.924
3.748
4.148
1.424
1.824
2.648
2.448
1.324
1.324
1.624
1.224
1.224
1.824
1.224
1.424
2.448
1.324
1.724
2.448
2.448
1.424
2.448
3.772
1.224
1.224
1.724
2.948
5.648
2.648
4.748
1.624
3.048
3.924
2.548
3.672
2.748
3.924
1.324
1.424
1.624
1.624
1.324
1.524
1.324
1.424
1.724
1.724
2.224
1.924
1.824
2.024
1.524
3.624
1.324
1.324
1.524
1.224
1.924
1.524
2.648
2.848
1.224
1.424
1.224
1.724
1.224
1.324
1.324
2.124
2.324
1.224
2.448
6.024
1.424
1.324
2.548
1.224
3.748
3.424
2.924
2.448
2.524
1.324
1.224
2.324
3.048
4.672
1.924
1.724
1.824
1.424
1.424
1.824
9.772
1.424
1.524
1.224
2.548
1.324
1.324
3.448
2.548
1.624
1.324
2.124
1.324
2.124
1.224
1.524
3.548
2.024
1.624
3.448
1.624
4.348
3.048
2.548
1.324
2.424
2.024
1.224
1.824
1.424
1.224
2.648
4.072
3.848
1.324
2.548
2.124
2.724
2.448
1.424
2.548
2.324
3.624
2.548
1.524
2.024
2.624
1.224
2.548
1.424
5.172
2.548
1.524
1.324
2.824
3.448
2.848
1.924
3.148
1.624
2.524
2.548
2.324
1.224
2.848
1.324
2.124
1.324
1.324
2.448
1.224
1.224
3.348
2.448
1.324
0.2
0.1
0.6
0.4
0
0.4
4.4
1.224
7.724
0.4
0.3
0
1.424
1.224
0
1.324
0.3
0.3
1.324
0.6
2.448
0.1
0.4
0
0
7
0.2
1.224
0
1.8
0.8
8.024
2.6
1.224
6.924
0.4
0.3
0.4
0
0
0
0.6
1.224
1.424
0.2
0
0.4
1.224
0.2
0
0.2
0.6
0.7
0.3
1.824
0.4
0
0.6
0.1
1.424
0
1.724
1.624
1.924
0
0.1
1.524
1.224
0
1.324
1.624
2.1
1.224
0.5
1.2
0
2.448
1.224
0
0.3
1.224
1
0.1
1.424
1.524
0.3
1.224
1.224
1.324
1.724
1.424
0
1.224
1.424
0
2.448
0.6
8.724
2.024
0.3
1.6
3.9
1.3
