0.6
1.524
2.1
1.424
0.1
2.224
2.848
2.448
1.324
2.448
3.748
1.424
1.624
3.948
3.748
1.224
0
1.224
1.224
1.324
0.1
0.4
0
1.224
1.424
1.224
1.324
0
1.224
0
1.224
0
2.9
0
0.2
0.6
0.1
0.1
0.2
1.5
0
1.9
0.1
0
0.1
0
0.6
0.4
1.2
0.8
0
0
1
0
0.1
0
0.2
0
0.4
0.6
1.9
0.4
0.2
2.324
0.7
0.4
0.1
0.4
0.1
1.5
1.2
0.2
0.3
0.2
2.6
2.424
0
1.624
0
0
0.8
0.1
0
0.1
0
0.1
0.1
0
0
2.424
0.2
0
0.1
0
0
0.3
0.4
0
1.424
1.224
0.3
0.7
0.7
0.1
0
0
0
1.5
0
0.4
0.3
0
0
0
0.4
0.4
0.1
0.1
0.1
0
4
0.1
1.524
1.2
0.2
0
0.3
0
0
0.3
0.4
0.2
0.5
0.3
0.6
1.2
0.2
0.2
0.1
0.3
1.224
1.424
0.1
0.6
0
0.3
0.3
0
0
0.1
0
0
0.1
0
2
0.7
0.3
0.4
0.6
0.3
0.1
0.1
0
0
0.1
0.2
0
0.1
0.2
4.024
0.1
0.9
0
0.1
0.1
1
0.2
0
0.1
0.9
0.4
1.2
2.448
1.424
2.024
1.924
2.224
1.424
2.024
1.424
3.348
1.424
1.324
1.324
1.524
1.924
1.424
1.524
0
0.6
0.3
0
0
0
1.6
0
0
1.1
0
0.1
0
0.5
1.824
0
0
2.9
0.1
2.824
0
0
0
0
1
0
0.1
0.3
0
0.1
0.1
0
1.624
1.224
0
0.1
0.1
0
3.1
0
0
0.2
0.1
0.9
0.5
0.2
0
0
1.224
0
0
2.524
0
0.1
0.3
0
0.1
0.1
0
0.9
1.324
0.2
0
0
1.324
0.1
0
0
1.924
0
0
0
0
0.2
0.1
0.1
1.4
0
0
0
0
0
0
0
0.3
1.224
0.2
0.1
0.1
0.1
0
0
0.1
0
0
1.3
1.224
0
0
0.2
0.7
0
1.424
0.2
0.3
1.924
1.524
0
1.2
0.6
1.324
0.2
0.3
0
0.1
1.224
1.224
0.1
0
0.1
1.224
0.2
0
1.624
0.3
1
0.6
0
0
0
1.324
0
2.824
1.424
0
1.524
1.324
0
0
1.224
1.1
1.224
0
0.1
2.7
0.2
0.3
0.9
0.4
0
0.6
0.1
0.2
0.5
1.7
2.9
1.424
0.1
0
0.2
1.324
1.524
1.624
1.224
0
0
0
1.324
0
0
1.524
0.2
0.1
0
0.1
1.224
1.224
0
0.9
1.324
1.224
1.324
1.324
2.324
0
0
1.224
0.3
0.2
0.9
0.1
0.4
1.224
1.324
2.924
0.1
1.924
1.224
0
0.7
0
1.224
0
0
0
0.4
0.1
0
0
0
0.3
0
3.124
0.5
0
0
1.324
0
0.3
1.224
0.2
0.1
0.1
1.324
0.4
2.824
0.1
0.1
1.324
0.2
0.8
0.3
1.524
0.5
0
0.6
0
1.824
0
0.7
0.3
1.224
1.224
1.324
1.324
0.2
1.224
0.1
0
0
0.2
0.2
1.324
0
1.224
0.4
0
0.1
1.624
0
0.1
2.524
0
0.2
0.2
0.2
1.524
0
0.2
2
0.5
1.224
0.6
1.4
0
0.1
1.824
0.4
1.824
0
0.1
0.4
0
1.224
0
0.2
1.324
0
0
1.424
1.324
0
0
0
0
0.1
0.2
0
1.224
0
0.5
0.1
1.324
0.3
0.4
0
1.324
0
0.1
0.8
1.224
0
0
0.2
0.1
0
0
0.1
1.824
0
1.224
0.1
1.3
0
0
0
1.224
0.2
0.7
0
0
0
0
0.5
0.8
0
0
0.1
0
0.4
0
0.3
1.624
0
1.524
0
1.524
0
0.3
1.524
0
0.1
0
1.724
0.1
0.2
0
0.1
0
0.5
0
0
1.224
0.2
0.1
0
0.2
0
0.5
0.2
0.1
1.224
1.224
1.324
0
1.324
0
0
0
0
0.1
1.9
0.3
0
0
1.224
0
0
0
0.1
1.324
0.1
1.424
1.224
0
0.7
0
0
0
0.2
0.1
0
0
1.224
1.324
1.224
0
1.724
1.324
0.1
1.224
1.224
0
0.2
1
1.224
1.524
1.2
0.1
0.1
1.9
1.424
0
1.424
0.2
0.1
0.1
1.224
1.624
0.1
0.3
0
1.424
0
0.2
0.2
0.1
0.2
0
0.1
0
0
1.624
0
1.224
0
0.8
0
0
0.4
1.224
1.524
0
0
0.1
0
0
0
1.424
0.1
1.224
1.324
1.1
0.1
0.8
0
0.2
0
0
0
0.2
0
0
0.2
0.1
0
1.724
0
1.224
1.624
1.724
0.6
0
1.524
0.7
0
0
1.224
0
1.624
0
1.824
0.3
0.2
0
0.2
0
0.4
1.224
0.3
0
0
0
0.1
1.324
0.1
0
0.4
0
0.3
0.3
0.1
1.424
0
0
1.224
0
0
1.324
0.3
1.424
1.224
1.324
0.1
0.1
0
0
0
0
0
1.224
0.1
2.424
0
0.2
0.1
1.224
0.1
0
0
0.4
1.424
0.1
0.4
0.3
0.2
0.1
0
1.324
0
0.2
0
0.2
0.3
0.3
0.1
0.1
0
0
3.424
1.6
1.724
0.3
2.124
0
0
0
0.1
0.1
1.224
0.1
0
0.6
0.3
0
1.224
0
0
0.1
1.424
0
0
1.424
1.324
0.1
0.1
0
0.1
0
1.524
0.1
2.124
0.7
0.1
0.2
1.324
0.1
0
0.1
0
0.5
1.6
1.424
0.1
1.224
0.1
0
0
1
0
1.424
0
0
0.5
0
1.224
0.1
1.224
0
0
0
0.2
1.224
0.3
1.224
0
0
1.424
0
0
0
1.624
0
0.1
0.1
0
1.224
0.1
1.224
0
1.524
0
0.1
0.1
1.424
0.3
0.1
0
0.2
0
0
1.224
0.2
0
0.3
0
0
0
0.9
0
0.1
0
0.2
0.2
0.2
1.324
0.2
0.5
0
0.4
0
0
0.1
1.324
0.1
0
0.2
0.8
1.6
0.1
0
0
1.224
0.1
0
0.2
0
0.1
0.1
0.4
1.224
0
0
1.224
0.1
0
1.324
0.1
1.324
0.1
0.1
0
0
0.2
0
0
0.1
2.224
0.3
0
0
1.524
0
0
0
0.6
1.224
0.4
0.5
0
1.824
0.1
1.224
2.124
2.324
0.1
0
1.224
0.1
0.1
0
1.4
0
1.724
0.2
0.3
0.1
1.224
0
1.324
0
1.224
1.524
0
0
0
0.1
0
0
0
0.1
0.4
0
0.1
1.2
0
0.5
0
0.1
0
1.224
1.224
0.3
0.7
1.524
1.724
0
1.824
1.224
0
0
0
0
1.224
1.624
1.324
1.224
1.624
1.524
0.2
0
0
0.1
0.1
0
0
0.2
0
0
0.4
0.1
0
0.3
0.3
0.7
0.2
0
0.1
0.1
0.3
0
0
1.4
0.6
0.6
1.224
1.224
0
0.1
0.6
0.3
0.1
0
0
3.224
0
1.3
0.1
0
0.1
0.6
0
0.5
0
0.1
0.2
0.2
0.6
0.4
0
0.1
0
0
0
1.424
0
3.324
0.1
1
0.2
0
0.1
0.5
0
2.548
1.324
0
0
1.324
1.624
0.2
0.4
0
1.224
1.524
0
0
0.1
0
3.3
0.1
0.1
0
0.1
3.324
0
1.624
0
1.2
0.3
0.1
1.224
0
0.1
1.224
2.524
1.824
3.124
1.324
1.224
2.448
1.224
1.424
1.824
1.324
1.524
2.824
1.224
1.724
3.048
1.424
2.448
1.224
2.124
1.824
1.324
1.424
2.948
1.524
1.524
1.824
1.624
2.448
1.224
1.324
3.248
1.224
2.724
3.148
1.224
1.324
1.624
2.548
2.324
1.924
1.224
1.224
1.424
1.424
1.224
1.324
1.224
1.424
2.324
2.024
1.324
1.224
2.448
2.824
1.424
1.724
1.224
1.524
1.524
1.624
2.424
1.224
1.224
1.624
1.524
1.424
1.724
1.724
1.224
1.524
1.924
1.424
1.224
1.324
3.548
2.748
1.524
1.524
1.524
1.224
1.224
1.624
1.224
1.324
1.224
1.224
2.224
1.324
1.224
1.224
1.624
1.324
2.548
1.424
1.424
1.924
2.524
1.824
1.224
2.924
1.324
1.324
1.724
2.624
2.224
1.824
1.624
5.448
1.424
2.848
2.548
3.248
1.224
1.324
2.848
1.224
1.324
2.948
2.448
2.124
1.324
1.324
1.324
1.324
1.224
1.424
4.948
1.224
2.424
2.648
1.524
1.424
1.724
1.524
1.824
2.524
1.424
1.524
1.524
4.624
1.324
1.424
1.424
1.324
1.524
1.324
1.324
1.524
1.624
3.324
1.524
1.224
1.324
2.124
1.224
1.624
2.724
1.224
2.024
1.524
1.224
1.224
1.324
1.724
1.224
1.324
1.224
1.424
3.148
1.224
1.524
1.324
2.024
1.524
2.224
2.124
1.624
1.924
3.648
2.648
2.848
1.324
3.524
5.348
2.448
1.224
3.424
2.448
1.524
1.624
1.624
2.124
1.724
1.224
1.324
1.424
1.424
1.924
1.324
1.224
1.824
1.324
2.724
2.624
1.224
1.624
1.324
1.224
1.424
2.324
1.224
1.224
1.524
1.524
1.524
1.224
1.424
1.824
1.724
1.824
1.524
1.424
1.524
1.624
1.324
3.048
2.548
1.324
1.224
1.524
1.524
1.324
1.524
1.324
2.024
1.324
1.324
6.248
6.248
2.548
1.924
1.324
2.224
1.224
1.224
3.924
3.348
2.748
1.224
1.224
1.624
1.324
1.324
2.124
1.424
1.624
1.324
1.524
1.524
1.224
1.624
2.448
1.324
1.224
1.224
1.624
2.924
1.424
1.324
1.324
1.224
1.924
1.424
1.524
2.224
1.224
1.224
1.324
1.924
1.424
2.748
1.324
1.324
1.524
2.748
3.348
2.124
1.924
1.524
2.848
2.648
1.224
1.224
1.224
1.824
1.424
1.524
1.224
1.224
1.224
1.224
1.424
1.724
1.524
2.324
1.424
1.624
1.324
1.224
1.224
1.424
1.824
2.548
1.224
1.224
1.224
1.224
1.324
1.224
1.424
2.324
2.648
1.724
1.624
1.724
1.424
1.424
1.324
1.224
2.224
1.324
1.224
1.224
1.624
3.248
1.724
2.224
1.924
1.224
1.624
1.424
2.724
1.324
2.024
3.448
1.424
1.224
3.124
2.424
3.424
2.648
1.224
1.524
1.224
4.048
1.224
1.324
1.724
1.324
1.424
1.224
1.324
1.424
3.348
1.524
1.324
1.224
1.424
1.524
1.224
1.224
1.224
1.424
2.648
1.824
6.148
1.724
1.524
3.948
1.224
1.224
1.624
1.824
1.824
1.324
1.524
1.624
2.448
1.424
1.324
3.148
1.224
1.324
2.324
1.224
1.224
2.924
1.424
1.824
5.224
1.724
1.224
2.024
1.824
1.524
1.224
1.324
1.924
1.324
1.224
1.924
1.524
1.224
1.624
1.424
1.224
1.824
1.424
1.524
1.624
1.724
1.424
1.224
1.424
1.224
1.224
1.324
1.824
2.224
1.324
1.324
3.048
1.224
1.224
1.424
1.324
1.224
2.824
1.924
1.224
1.524
1.624
1.324
1.524
1.324
1.224
1.624
1.424
1.624
2.648
1.224
2.748
1.224
3.124
1.224
1.224
1.824
14.748
1.224
1.224
2.024
1.624
1.424
1.224
1.224
1.724
3.048
2.448
1.224
1.824
6.848
1.324
1.424
1.224
1.424
1.224
1.524
1.224
1.524
1.624
1.224
1.224
2.848
2.124
1.624
2.648
1.224
1.224
1.924
1.324
1.424
1.824
1.224
1.424
1.224
1.324
1.624
1.224
2.824
2.524
2.748
1.424
2.648
1.424
1.224
1.524
3.448
1.224
1.324
1.224
2.448
1.324
3.848
1.224
2.224
2.124
2.748
1.324
2.724
1.824
1.424
2.024
1.224
2.448
1.424
1.624
1.924
1.924
1.924
1.724
1.324
1.224
1.224
1.524
1.224
1.424
1.624
2.448
1.724
2.224
1.824
2.424
3.124
1.524
1.424
1.324
1.224
1.224
1.424
1.724
2.548
2.648
1.624
1.424
1.224
1.224
1.324
1.724
1.424
2.448
1.224
1.224
1.524
1.224
1.524
1.424
1.424
3.524
1.624
1.724
2.648
1.924
2.624
1.224
1.224
1.524
1.924
1.224
1.424
1.524
1.724
2.224
1.624
1.524
1.524
1.524
2.848
1.524
2.524
4.948
3.548
1.524
2.524
1.424
1.224
1.224
2.548
1.424
4.248
1.624
1.424
3.248
2.548
2.548
1.524
1.324
1.224
1.224
2.124
1.824
1.324
1.524
9.448
1.524
1.324
1.624
3.048
1.924
2.924
6.548
1.224
2.024
1.324
1.224
5.448
1.424
1.424
2.024
1.424
2.224
1.724
1.424
1.924
3.824
1.324
1.324
1.224
1.524
2.324
1.624
2.024
1.224
1.324
1.324
2.324
1.324
1.624
1.224
1.324
2.024
4.048
1.524
1.424
1.324
2.624
1.324
1.324
1.324
2.424
1.724
1.224
1.524
1.224
1.424
1.324
1.424
2.524
1.224
1.524
2.224
1.824
1.224
1.224
1.524
1.724
2.724
1.224
1.524
1.824
4.448
1.224
1.324
1.324
1.624
1.224
1.424
1.224
2.624
1.924
1.424
2.124
1.524
1.824
2.224
1.324
2.724
1.224
1.624
1.324
1.524
1.424
1.224
1.324
1.224
2.448
1.724
2.448
0.2
0.1
1.424
2.124
0.2
0.1
1.524
1.1
0
1.8
1.624
0
0
0
0
1.224
0
0.4
1.924
0.1
1.424
0
1.424
0.1
1.424
0
3.624
0.3
0
0
3.024
0.4
1.9
0.9
0
1.3
0.1
1.224
0.1
0.1
0
1.224
1.524
0
0.2
0.1
1.324
0.2
1.224
0.1
0.1
0.2
0.3
1.924
0
1.524
0.1
0.1
0
1.224
0
0
0.2
0.1
1.724
0.1
0
0.2
0
1.324
0
0.1
2.324
0
0.2
0.7
0
0
0
0
0
0.1
0.3
0.3
0.2
0.4
0.1
0.1
0
1.324
0
0
1.224
1.224
0.1
0
1.224
0.4
3.9
0
0.1
1.4
2.724
0.9
