2.324
2.124
4.624
1.924
1.524
3.66
2.648
2.448
2.748
2.448
4.972
2.548
1.824
3.948
4.248
1.424
0
1.224
1.224
1.624
3.36
3.36
0.1
1.224
2.848
1.324
1.524
0.7
2.548
0.1
1.224
1.224
4.424
1.224
0.6
2.324
1.324
1.424
0.3
2.724
1.324
6.56
0.1
0
0.4
1.524
0.7
0.9
2.324
3.748
1.324
0
3.848
0
0.1
0
1.224
0.2
1.524
2.124
2.8
0.9
0.1
3.724
3.036
2.224
0.1
0.3
1.324
2.5
2.624
3.948
1.724
3.26
6.96
4.648
0
1.724
0
1.224
2.424
0
1.324
0
0
0
0
0
0
3.224
1.424
0
0.4
0.1
0
2.948
2.648
1.224
1.524
1.324
0.2
1.4
1.3
1.424
0.1
1.224
1.224
3.8
0
1.424
1.924
0
1.324
1.224
0.3
2.536
1.624
0.2
1.224
1.324
5.8
0
1.424
3.424
0.3
1.224
1.624
1.424
0.1
2.324
2.024
0.2
0.4
0.3
4.26
1.8
1.824
1.424
2.024
1.5
2.848
1.424
0
2.424
0
0
1.624
0.4
1.524
0.1
1.224
1.524
1.424
1.624
3.324
2.524
0.5
1
2.524
0.5
1.524
0.1
1.224
0
0.5
0.1
0
1.324
0
6.524
1.324
2.724
1.224
1.724
1.424
2.724
0
0.1
3.16
3.324
2.724
3.024
2.448
2.648
2.024
3.248
3.848
2.848
1.524
2.548
3.548
4.072
2.648
4.048
3.048
3.548
2.448
3.048
1.224
0.5
3.86
0
0
0.2
4.424
0
1.424
3.648
1.724
1.224
1.224
1.824
2.524
0
3.06
4.5
1.424
5.46
0
1.936
0
1.424
3.324
1.324
1.224
2.024
1.224
1.224
2.124
2.448
2.948
2.448
1.324
1.836
1.324
0.3
6.224
3.16
1.836
1.824
1.936
2.324
3.96
0.2
0
0.1
1.324
0
1.224
3.324
0.1
0.1
0
0
0
1.224
1.836
0.4
2.648
1.824
1.324
1.224
2.848
0.5
1.324
1.224
2.124
1.224
1.324
1.224
1.224
1.824
1.324
1.324
1.7
0.1
1.224
0.2
2.548
1.224
0
0
2.124
2.448
1.524
1.424
1.324
1.424
1.424
3.26
3.06
1.224
0
1
1.224
0
0
0
0.6
1.324
1.624
1.424
0.4
2.224
1.724
0
0.4
2.024
1.424
1.624
0.3
0
1.624
1.224
1.224
1.224
1.224
1.324
1.324
1.524
1.424
1.624
1.824
1.3
0.9
1.224
0.1
0
1.324
0
3.324
1.424
0
5.284
4.484
0
0
1.224
3.624
2.448
0
2.548
3.5
0.3
2.124
2.324
2.848
1.424
1.7
1.324
2.748
1.624
2.4
4.7
1.624
2.236
1.224
0.3
1.324
4.772
4.672
1.224
2.448
2.448
1.224
1.424
0.2
2.448
3.36
1.324
1.224
1.224
0.2
2.548
1.324
0.1
1.1
1.224
1.324
1.424
2.548
3.748
0
0
1.224
0.6
1.524
3.248
1.624
0.1
1.324
3.772
4.224
0
2.024
2.448
1.836
2.024
1.224
1.224
1.224
3.26
1.224
1.724
1.224
4.284
1.224
1.224
2.024
1.224
3.924
2.324
1.624
1.836
1.524
0.4
1.724
1.224
0.1
0.1
3.26
4.684
1.624
3.624
1.424
1.524
3.06
2.448
2.324
1.824
1.424
1.524
1.524
0.5
1.824
1.524
1.324
2.624
1.424
2.548
2.448
3.46
1.424
1.324
1.524
3.26
0
1.224
1.624
3.16
1.424
1.836
1.224
1.724
0
1.424
3.66
0
0.1
4.548
1.424
1.324
1.224
1.1
2.948
0.2
0.4
3.724
2.636
1.224
2.924
3.024
0
1.424
4.148
1.924
2.024
1.836
0.4
0.6
1.324
1.224
1.224
0.5
1.524
0
1.224
2.948
1.424
1.224
1.224
0
3.26
1.524
0.2
1.836
1.324
1.224
2.324
1.324
3.36
1.824
0.8
1.224
1.324
1.224
3.26
1.7
1.324
0
1.224
1.424
1.524
3.06
1.324
1.424
3.46
2.448
2.648
0
2.8
1.324
1.224
1.224
1.224
2.024
2.824
1.224
1.836
1.224
1.224
2.224
2.624
2.448
0
1.424
1.224
2.324
1.324
1.624
1.724
1.324
1.724
1.324
1.624
1.524
1.824
5.284
1.224
1.324
1.224
1.524
1.524
1.324
1.224
2.036
1.324
1.824
1.324
0
2.024
1.324
0
0
0.3
4.384
3.56
2.224
4.584
3.872
2.448
1.624
1.224
1.424
1.324
1.836
0
1.224
1.324
3.024
1.924
0
1.224
1.224
0
3.16
1.224
1.524
1.424
1.224
2.648
2.648
1.836
0.9
0
1.224
1.324
1.424
1.836
1.224
1.324
1.324
1.424
1.224
1.324
1.624
3.56
1.424
1.424
1.224
1.224
0.2
3.024
3.06
1.624
2.1
0
0
3.324
3.148
2.448
1.324
0.1
0.5
1.424
1.224
1.724
1.624
3.148
0
1.324
1.324
1.324
3.56
1.324
0.3
3.16
0.2
0
1.224
1.524
1.324
4.384
0
2.424
1.224
1.324
0.5
1.324
3.048
0
1.224
1.424
0.2
1.324
1.224
5.084
1.224
1.224
1.524
3.024
0.1
3.448
3.26
1.836
1.224
0
0.1
2.448
1.224
1.224
1.324
1.524
1.424
3.248
0
2.448
3.648
4.072
1.324
1.224
2.548
2.536
1.224
1.224
1.324
1.324
2.948
1.224
1.624
1.524
1.836
0
0.1
1.324
0.5
1.224
0.4
1.224
1.224
1.324
2.648
1.324
0.4
1.224
1.936
0.2
2.124
3.66
1.224
2.448
1.224
1.224
1.424
0
1.224
1.424
1.424
2.648
1.224
1.524
1.424
1.224
0.1
1.224
1.224
1.836
0.1
2.648
0
4.96
1.224
0.2
1.324
1.324
3.26
1.224
3.06
1.824
1.824
2.748
0.1
2.124
0.3
1.424
1.624
2.548
1.224
2.748
0
1.424
1.224
0.3
1.324
1.524
1.224
1.324
4.824
5.648
1.624
0.2
2.924
1.224
1.224
1.224
1.324
3.06
1.324
3.46
1.936
2.324
2.748
1.224
1.224
0
1.224
1.224
2.548
1.424
0
3.972
3.772
1.324
1.424
0
3.06
1.324
2.424
1.324
2.724
1
3.76
1.324
1.324
0.3
0.1
2.648
1.836
0.8
2.4
4.584
1.224
4.384
1.424
1.324
1.836
0.5
1.224
2.848
1.224
1.224
1.824
1.324
2.548
1.324
1.224
0
1.224
1.224
1.624
1.324
3.26
2.548
1.936
3.06
1.724
0
1.224
1.224
4.172
0
0.1
1.224
3.16
2.648
3.06
1.224
1.224
1.324
1.224
0.1
0
1.324
1.624
1.524
1.224
1.224
0.1
3.06
1.324
1.224
0
2.024
1.224
0
2.448
1.924
0.2
0.1
1.224
1.424
4.684
1.724
1.324
1.824
2.224
1.224
2.424
0
2.448
1.224
2.548
1.324
3.06
1.324
2.624
4.024
1.424
0
3.06
1.324
1.424
1.424
2.036
1.524
2.548
0.1
1.624
1.224
2.448
1.624
2.448
0.1
0
1.724
0.2
1.324
0.1
1.424
1.224
1.324
0.1
0
0
0.1
2.724
1.924
1.324
1.224
1.924
0
2.448
0
3.348
2.448
1.724
4.16
3.26
3.76
3.06
1.224
3.448
3.848
1.324
1.224
1.324
1.224
4.784
1.224
3.948
0
4.248
1.724
2.024
0.2
2.648
1.224
2.024
1.524
2.548
2.848
3.16
3.26
3.06
1.324
1.324
1.324
1.224
1.324
1.824
1.324
1.424
1.1
0
1.724
0
0.1
1.224
2.548
1.224
0.7
4.26
2.948
4.784
1.224
2.324
1.424
0
3.16
1.724
3.26
3.06
3.56
3.46
2.548
4.672
4.584
3.26
3.16
3.26
0.3
3.16
1.324
0
1.424
0
1.324
2.124
1.324
1.324
1.324
1.424
2.124
1.524
1.224
1.224
1.324
0.6
0
1.524
3.824
1.924
3.236
3.872
1.324
1.224
0.2
2.024
1.424
0
3.06
0
4.124
1.936
1.7
0.3
2.548
1.424
2.324
1.324
0.6
0.3
2.036
1.524
1.324
1.2
1.724
0
1.324
1.224
1.224
1.624
1.324
1.224
4.024
1.524
2.224
3.448
1.224
0
1.724
0
2.548
1.224
1.224
1.324
2.648
2.124
0.9
0
1.624
2.548
1.924
0
1.224
1.624
1.524
7.524
0
1.524
1.724
1.524
4.124
0.5
1.624
0.3
5.548
2.848
0.4
1.224
3.06
1.424
2.448
5.672
4.572
5.048
1.624
2.748
5.608
1.324
3.148
1.924
1.524
2.748
4.448
2.648
3.148
2.848
4.072
5.196
2.648
2.624
3.348
2.748
2.648
2.848
1.524
2.648
4.072
4.772
2.648
2.448
3.772
4.872
4.284
5.548
4.372
2.748
1.224
2.748
2.648
4.748
2.424
2.548
2.548
3.248
3.46
1.224
1.224
1.324
1.324
2.024
4.672
3.672
2.648
2.448
4.448
2.548
3.872
2.648
1.424
1.524
2.648
3.548
4.484
2.548
3.548
2.448
2.448
2.948
2.224
2.548
4.772
2.948
2.648
1.224
2.848
4.972
4.072
3.048
4.584
1.824
1.224
1.324
2.748
2.448
2.648
1.324
2.448
3.948
1.324
3.672
1.424
3.148
2.948
2.548
3.048
3.872
3.248
4.248
3.248
2.448
4.424
2.448
2.548
3.148
6.072
3.448
2.324
2.948
6.948
2.948
2.648
2.548
3.248
1.624
3.448
4.872
2.648
2.548
5.396
3.772
3.448
2.548
1.324
3.772
2.448
2.448
2.948
5.148
2.448
4.048
2.648
3.048
1.524
1.824
4.572
3.748
4.248
4.572
2.648
4.072
5.324
2.448
2.648
3.048
1.224
3.248
2.448
1.424
1.624
3.048
4.348
2.748
2.448
2.648
4.672
2.648
2.848
4.148
1.224
3.548
1.624
2.448
2.448
1.724
6.508
2.448
2.448
2.448
4.484
3.248
2.548
2.548
2.448
3.648
2.748
4.248
4.272
3.248
4.972
4.048
2.548
2.748
2.448
5.224
6.048
3.772
1.324
5.26
2.748
2.448
2.748
1.724
3.848
3.748
2.448
1.424
2.548
2.648
3.048
3.872
1.224
4.072
2.848
5.36
3.524
1.224
4.072
2.448
1.424
2.548
5.072
2.448
2.448
2.748
2.848
2.948
2.548
2.848
3.948
4.472
3.548
4.072
4.484
4.072
1.824
2.448
5.808
2.748
2.548
2.448
2.648
2.324
1.324
3.148
2.448
3.848
2.448
2.748
9.596
6.548
4.996
2.324
2.848
4.86
1.224
2.448
7.572
3.448
3.872
2.548
2.748
1.324
2.548
2.448
2.948
2.648
2.948
2.448
3.048
2.748
2.448
3.248
2.448
2.548
2.648
2.448
2.948
5.948
3.048
2.648
2.448
1.324
5.772
4.172
2.448
2.924
2.448
5.508
1.324
3.548
1.824
2.548
2.648
5.808
2.848
3.872
3.348
4.672
3.248
1.324
2.748
3.048
2.548
1.224
1.224
2.948
2.848
2.748
2.448
2.748
1.224
2.848
2.448
2.548
3.66
4.048
2.948
3.748
1.324
2.448
1.324
2.748
3.348
3.972
2.748
2.448
2.448
2.648
3.772
2.448
3.048
5.472
2.948
1.724
3.448
4.372
1.724
4.072
1.424
1.224
3.848
1.324
3.16
1.224
2.848
4.272
5.384
5.572
4.672
2.448
4.072
2.848
4.248
1.424
4.772
6.708
2.948
2.448
5.348
4.048
5.548
2.748
2.448
3.048
2.548
5.272
2.448
2.548
3.948
2.548
1.324
2.748
3.26
1.524
3.548
3.048
1.224
2.748
4.172
3.248
2.448
3.672
3.772
2.548
5.508
4.672
11.696
4.548
1.924
7.196
1.224
1.324
3.448
2.124
2.024
2.548
2.748
2.548
2.548
4.584
4.472
3.248
3.672
1.224
2.724
1.224
3.672
5.56
2.748
2.548
6.824
1.924
2.548
4.348
3.148
3.048
2.448
2.448
4.972
1.224
2.548
2.948
4.172
2.548
1.624
2.448
2.448
3.648
4.984
3.46
3.048
2.848
1.424
3.672
1.424
3.672
1.224
2.848
2.724
3.324
2.448
2.548
4.672
2.448
1.424
2.948
1.324
2.448
5.448
4.172
1.424
2.548
2.648
2.448
2.748
2.448
2.548
3.048
1.524
1.624
2.548
1.424
4.072
2.448
3.424
2.548
1.224
3.048
6.848
2.648
2.448
3.548
3.048
2.648
2.448
2.448
1.624
4.272
3.672
1.224
3.248
25.832
2.448
2.748
2.548
1.224
2.648
2.848
2.648
3.148
3.048
2.448
1.224
5.196
5.272
2.848
2.548
2.648
2.548
3.148
1.224
2.548
1.424
1.424
2.748
2.448
3.048
2.948
2.448
4.748
6.048
4.772
4.272
3.048
4.284
2.648
2.748
2.848
4.584
2.648
3.772
2.548
2.548
3.948
1.224
1.924
3.748
7.232
2.448
4.648
3.048
3.548
3.748
2.448
2.448
2.448
1.624
3.348
4.372
3.148
2.848
2.548
1.224
2.648
2.948
2.448
2.848
3.448
3.672
3.148
4.148
4.472
4.048
6.372
2.648
4.172
3.048
2.548
3.972
1.324
4.672
2.448
2.548
3.148
2.648
2.548
2.448
2.548
2.648
1.424
2.648
2.548
2.548
1.324
2.448
2.748
2.948
3.148
7.248
1.724
1.924
2.648
1.824
4.848
2.448
1.224
1.524
5.048
2.448
1.324
3.048
3.248
6.208
3.048
3.86
3.148
1.324
2.748
4.672
4.248
5.648
3.848
1.524
5.148
2.648
2.548
2.648
2.748
3.748
8.432
2.748
1.624
6.008
2.848
2.448
2.748
3.672
2.448
2.448
3.448
3.648
3.772
4.384
12.348
4.072
3.772
3.148
2.748
2.724
4.324
9.048
2.448
6.508
2.448
1.224
7.172
2.848
1.924
3.848
1.624
3.548
3.56
3.872
3.648
6.648
3.872
3.048
2.448
3.16
4.972
2.548
5.072
2.648
2.748
2.548
2.948
2.648
3.348
2.448
3.048
3.448
5.472
3.148
1.624
2.648
2.024
3.048
4.284
2.448
5.672
4.348
2.548
3.148
2.548
3.672
3.772
2.648
5.472
3.872
2.948
6.508
4.548
4.384
2.548
2.648
4.572
4.348
1.324
2.748
4.572
7.372
1.224
2.748
2.748
3.148
1.424
2.748
2.548
4.448
4.548
2.848
4.872
3.048
3.448
3.948
1.224
4.448
1.324
5.284
2.848
5.172
2.548
2.648
1.224
4.384
2.448
3.448
4.384
1.424
1.224
2.124
4.848
1.224
2.448
2.848
2.724
0
4.1
1.624
2.448
1.224
0
0
1.324
1.224
2.036
1.824
1.324
1.424
0
1.224
2.548
3.46
1.224
7.26
0.1
1.224
1.836
4.948
2.224
3.924
2.524
1.224
3.624
2.124
4.284
1.324
1.324
1.324
1.424
1.924
0
3.26
1.836
1.224
1.424
1.224
1.936
1.936
1.324
0.3
1.924
1.224
2.024
1.824
0
0
1.324
0
1.224
0.1
1.224
2.424
1.224
1.224
1.424
0
2.648
1.224
0
3.948
1.224
2.948
3.148
1.324
0
1.224
0.3
1.224
1.424
1.524
1.524
1.524
2.524
1.424
1.224
1.224
1.324
1.324
0.1
2.448
3.06
1.324
1.224
1.224
0.2
7.324
1.324
1.524
3.624
3.624
2.424
