0.5
0
2.648
1.424
3.772
1.224
1.324
2.448
1.324
1.224
1.324
2.448
2.448
1.324
1.424
0
1.224
1.224
1.224
1.224
1.224
1.424
1.224
1.224
0
1.224
1.224
1.224
2.448
1.224
1.224
1.224
0.4
1.224
1.324
0.6
0.1
0.1
0
0.3
0.1
1.924
0
0
0.1
1.224
0.2
1.324
0.5
1.324
1.224
0
1.624
1.224
0.1
1.224
1.224
1.324
0.1
1.424
1.924
1.424
0
1.624
0.3
0
1.224
1.224
1.324
1.824
0.3
2.748
1.324
0
1.924
0.4
2.448
0.1
1.224
0
3.048
1.424
1.224
1.224
0
1.224
1.224
0
1.224
2.748
0
1.424
1.224
1.324
1.224
1.424
1.224
1.324
2.448
1.224
0
1.624
1.524
0.2
1.224
0
0
0.5
1.424
1.324
1.824
1.324
0
2.548
0.1
0
0.1
2.448
0.2
0.1
2.324
0
1.224
1.524
1.224
1.224
0.2
1.224
1.224
2.748
0.1
0
1.224
1.224
1.324
0.5
1.524
2.548
1.224
0.2
0.1
2.448
1.324
1.424
1.324
1.224
1.324
1.224
0.1
1.224
1.224
0
0.2
0.1
0.5
0.1
1.224
0
0
0.2
0.1
1.224
0.1
1.224
0
1.224
1.424
1.224
0
2.524
1.224
1.724
2.448
0.1
2.448
2.648
1.224
2.448
1.324
0.2
0.3
4.172
1.224
4.896
1.524
5.396
2.948
3.772
2.748
4.896
1.324
2.448
1.324
3.872
3.772
2.748
2.448
1.224
0
1.324
1.224
1.224
0
1.224
1
1.224
0
1.324
2.748
1.324
2.448
0.2
1.224
1.224
0
1.824
0
1.524
0
1.224
1.224
3.672
1.524
3.772
2.448
1.224
1.224
1.224
2.648
2.448
2.448
2.448
2.448
0
2.448
0
4.772
1.324
0
1.224
0
1.524
1.324
0
1.324
1.224
2.448
3.672
1.324
0.2
0
1.224
1.224
1.224
1.224
1.224
1.224
1.224
2.448
1.224
2.448
1.224
0
0.1
3.672
1.224
0
3.672
0
2.448
0
0.1
0
2.448
1.524
0
2.448
2.448
2.448
1.224
2.448
2.448
5.396
3.672
3.872
0
2.448
2.448
2.448
1.224
1.224
3.672
1.224
1.724
0
0
2.448
0
1.324
0
1.224
1.324
0
0.1
0
1.224
1.524
1.324
1.224
1.224
2.548
1.224
2.448
1.224
1.224
2.448
0
1.224
0
1.224
0
0
0.1
0.2
1.224
0
1.224
2.448
0
1.224
1.324
2.448
2.448
1.224
1.224
1.224
1.224
0
0.3
0
1.224
1.224
3.348
1.224
0.1
1.324
2.448
2.548
0
1.224
1.224
1.224
1.724
2.124
1.224
0
0
1.324
1.224
3.672
2.648
0
1.224
1.224
2.448
0.1
1.224
3.672
0
2.448
2.448
1.224
1.224
1.224
1.224
1.224
3.772
0
0
0
2.448
2.648
2.448
1.224
1.224
0.1
3.672
1.324
0
0
0
2.548
1.524
2.448
1.224
2.548
0
0.2
0
1.224
2.448
2.448
0
3.672
3.672
1.224
4.896
4.896
1.324
2.448
0.5
1.324
2.448
0
1.224
1.224
0.2
1.224
2.448
1.224
1.224
2.448
2.648
1.424
0
1.324
1.224
2.448
1.324
2.648
2.448
1.224
1.324
0
2.648
1.224
0
1.424
1.324
1.324
2.448
1.324
2.448
1.224
1.224
2.448
3.672
2.448
1.324
1.224
1.224
0
1.224
2.648
1.224
0
0
3.672
0
2.648
1.224
2.448
1.324
0.1
2.448
1.224
0.2
2.124
0.2
1.224
1.624
1.524
0
1.224
2.448
1.424
1.424
2.448
0
1.324
2.448
0
0
0.1
1.224
0
3.672
1.224
1.224
2.448
0
3.672
2.448
3.772
0
0
1.224
1.224
4.172
2.448
0.2
2.648
0.1
0.1
0
3.672
2.448
1.424
1.224
1.224
0.1
3.772
2.448
1.224
3.672
3.672
1.224
1.224
2.448
1.224
1.924
1.324
1.224
1.324
1.224
3.972
2.748
3.672
1.324
0
2.448
2.648
2.648
1.224
0
4.996
0
0
1.224
0.1
1.324
3.672
2.448
0.1
1.224
1.224
2.848
2.448
2.448
0
0
0.1
2.448
1.324
0
0
1.224
2.548
1.224
0
2.448
0
1.224
1.224
1.224
1.224
1.424
1.224
1.224
2.448
1.224
0
2.448
1.224
1.224
0
1.224
1.224
1.224
0.6
1.224
1.224
2.548
0
0.1
2.448
3.672
0
1.224
1.224
1.224
2.448
1.324
0.1
0
1.224
1.324
1.324
0
2.448
1.224
1.224
2.448
0
2.548
1.224
1.324
1.224
1.224
1.224
0
2.448
1.324
1.224
0
0.1
0
0
0.7
2.448
2.448
1.224
0
0
2.448
1.224
1.324
2.648
3.972
0
0.1
2.548
0
1.224
2.448
1.324
2.448
2.648
0
1.224
1.224
2.548
0
2.448
1.424
2.448
0
0.2
1.224
1.224
1.224
0
0
0.2
1.224
2.448
1.224
2.448
1.224
0
2.748
0.1
2.448
1.224
1.324
2.448
1.224
1.224
3.672
0
2.448
1.224
2.448
2.448
2.548
0
3.672
1.224
1.324
2.648
0
1.224
2.448
0
2.548
1.224
1.224
3.672
1.224
0.1
3.672
0
1.224
3.672
1.224
0.1
2.448
1.224
2.448
2.448
2.448
2.448
1.224
2.448
3.672
0
0.1
2.548
1.524
0
2.448
1.224
2.448
2.448
1.224
0.1
1.224
2.848
1.224
2.448
0
2.548
1.224
1.224
0
0
1.224
2.448
2.448
2.448
0.2
1.224
0.1
2.448
1.324
2.448
2.448
2.448
1.624
1.224
2.448
1.224
1.224
2.648
1.224
3.672
2.448
2.448
2.448
1.224
0
1.324
2.448
3.772
2.448
1.224
3.672
0.6
4.672
0
0
1.224
3.672
2.448
0
1.224
1.224
1.224
1.224
2.448
1.224
2.548
0
2.448
2.448
0
2.448
2.548
2.448
0
1.224
1.324
2.448
0
3.672
2.448
1.224
1.224
1.224
1.224
1.224
1.224
2.448
2.448
2.548
0
2.448
1.224
1.324
2.848
2.448
0
1.324
1.324
2.448
0
2.548
1.224
2.448
2.448
0
3.972
2.448
2.448
2.448
2.448
1.224
1.224
2.548
1.324
1.224
3.672
2.448
0
3.672
0
0
0
1.224
2.448
1.224
1.324
2.448
2.448
0
2.448
0
0
0
0
0
1.224
1.224
4.872
2.448
2.448
4.896
1.224
0
3.672
2.448
2.448
3.872
3.672
0
2.448
5.596
1.224
0
2.448
1.224
1.224
1.224
1.224
1.424
0
0.1
3.772
1.224
2.448
3.772
1.224
3.772
2.448
1.224
2.448
1.724
0
0
2.548
1.224
1.224
1.224
1.224
1.224
1.224
2.448
0.1
1.224
2.448
2.448
2.448
0.1
0
1.224
2.448
0
1.224
3.672
0
0
0.1
2.448
1.224
1.324
1.324
2.448
1.224
1.224
0
1.224
1.224
1.224
1.324
3.672
0.2
2.548
1.224
0.2
1.324
1.224
2.548
2.648
1.224
3.672
1.224
3.672
1.224
5.096
3.048
3.672
3.972
4.996
2.548
1.324
2.448
3.672
2.748
4.996
2.448
2.448
1.224
1.224
1.224
2.448
1.224
3.672
1.224
2.448
2.648
2.448
2.548
2.548
2.448
5.296
1.224
0
0
0
1.224
1.224
2.748
2.448
2.448
3.672
2.648
1.224
2.448
1.224
1.224
1.224
2.448
2.648
2.448
3.872
2.548
3.048
1.224
2.448
2.448
2.548
1.324
1.224
1.224
3.772
1.224
2.448
2.448
1.224
1.224
2.548
3.772
2.748
2.648
0
0
3.672
1.224
1.224
2.448
2.448
2.448
0.2
1.224
1.224
1.224
1.324
2.548
2.448
1.224
2.448
0
0.1
0
1.624
0.1
3.672
1.224
2.448
3.672
0
0
0
1.224
0.1
1.524
1.224
2.448
0.1
1.224
0
0
1.324
0
3.048
1.324
0.6
1.224
0
1.224
2.648
1.324
2.448
0
1.224
1.224
0
1.224
1.224
0
1.324
0
0.1
2.448
1.224
1.224
1.224
2.324
0.1
1.224
0
1.224
0.3
2.448
0
0
1.724
1.224
1.224
0
0
2.448
4.896
3.148
2.948
1.324
1.424
1.224
1.224
2.448
1.624
2.448
2.848
2.448
1.824
3.772
2.548
1.224
3.972
2.448
2.548
3.648
4.472
3.772
3.872
1.324
2.448
7.42
3.148
4.272
3.672
2.448
2.548
1.324
1.324
2.948
2.548
2.648
2.448
2.748
1.224
3.048
2.448
2.448
6.22
1.824
2.548
2.648
3.872
1.424
1.224
2.648
2.548
3.672
4.996
1.224
4.472
2.648
2.448
2.548
2.448
2.648
3.672
1.224
3.672
2.448
2.748
2.448
2.448
4.272
2.948
2.448
2.748
1.324
2.448
2.448
1.424
2.548
2.448
2.448
2.648
1.224
2.448
1.524
3.672
2.448
2.448
3.672
3.672
1.524
3.672
2.448
2.448
1.724
2.448
2.648
2.648
2.448
2.548
2.848
1.424
2.448
2.224
1.324
1.224
2.748
3.048
3.872
6.296
3.972
1.624
2.548
1.224
2.448
1.324
1.224
1.224
1.224
3.672
2.448
2.448
1.224
3.048
2.448
2.548
2.448
3.672
2.448
2.448
1.324
2.448
1.424
2.448
2.548
2.448
2.648
3.972
2.748
5.396
5.196
2.548
2.648
4.272
2.448
1.224
2.848
2.548
2.748
3.772
2.548
3.148
1.624
1.624
2.448
1.324
2.448
2.948
3.772
2.448
3.548
2.448
7.32
4.272
2.448
2.448
1.324
2.448
2.448
1.224
1.224
2.448
1.224
3.672
3.772
4.896
4.172
2.448
1.624
5.096
2.648
2.948
1.224
1.224
1.324
2.448
3.248
1.424
1.224
2.448
2.448
1.324
3.772
3.972
2.748
4.272
3.972
2.448
2.548
1.324
2.948
2.848
2.648
2.448
2.848
1.424
1.424
2.848
3.672
2.748
2.448
2.448
2.448
3.048
2.448
3.772
3.872
1.324
2.648
3.672
2.448
2.848
3.972
3.048
2.648
2.648
3.872
2.448
2.448
1.524
1.224
3.672
2.448
2.648
3.972
2.448
1.624
1.324
1.624
1.324
1.324
2.448
1.524
2.548
2.448
2.448
2.648
2.448
2.448
4.048
1.324
1.324
2.448
3.672
2.448
3.772
2.448
4.572
1.424
3.872
2.548
2.748
1.324
2.448
1.324
3.672
2.448
2.448
3.672
2.748
2.124
3.772
1.324
1.224
2.448
3.448
2.748
2.448
2.648
2.448
2.448
3.872
1.424
2.648
1.224
1.424
2.548
2.448
1.224
1.324
2.548
1.924
2.648
1.424
1.224
3.772
1.224
2.448
6.92
3.672
2.648
2.448
1.424
3.672
2.548
2.548
2.748
1.324
1.524
2.448
1.524
2.448
3.672
2.448
2.548
3.048
3.672
1.224
2.448
2.448
6.22
2.448
3.672
2.648
4.372
1.324
2.548
5.096
3.772
2.648
2.748
2.648
2.448
1.624
3.772
1.224
4.896
2.648
1.324
2.848
3.148
2.648
2.448
3.772
1.424
1.624
1.224
5.496
1.324
3.772
2.448
2.024
2.648
2.124
1.224
1.224
5.696
3.672
1.324
1.224
2.448
2.748
1.224
1.224
2.448
2.448
1.324
1.624
2.548
1.224
3.772
2.548
1.624
1.224
3.672
3.672
2.448
1.224
4.172
3.248
3.148
2.748
2.448
1.224
2.648
4.172
2.848
2.648
4.996
2.548
6.82
1.224
2.448
2.648
1.324
2.548
2.448
2.648
1.224
2.448
1.324
1.424
3.772
2.748
2.648
4.896
2.848
3.348
1.424
2.448
2.448
5.296
2.448
3.872
3.972
2.648
2.448
3.772
2.448
2.448
4.072
2.548
1.324
2.648
2.748
2.548
3.672
2.448
2.448
2.448
1.224
1.324
1.824
3.772
1.324
1.324
2.448
1.224
2.448
2.648
4.896
1.524
2.948
2.448
1.224
2.648
1.324
1.424
3.672
1.224
5.196
2.748
2.448
1.324
2.448
1.224
3.672
3.548
1.224
2.448
2.948
1.624
3.672
2.448
1.524
3.672
1.224
2.448
3.672
1.224
1.424
1.224
2.448
5.096
3.048
2.448
2.448
3.672
2.448
3.772
1.524
2.448
4.996
10.52
2.448
2.448
2.548
2.848
3.772
2.448
1.324
3.672
4.072
1.224
1.324
5.196
2.548
2.548
2.448
2.648
2.224
2.448
3.448
3.348
1.224
2.748
1.524
2.448
2.448
2.548
1.524
3.672
3.672
2.448
1.224
2.648
1.224
2.648
2.948
4.072
2.548
1.224
1.724
2.448
5.596
1.724
2.448
1.224
1.224
1.224
4.072
5.196
3.872
3.772
2.448
1.224
1.224
1.724
1.224
2.448
1.224
1.224
1.324
1.524
2.648
4.372
3.848
2.548
2.848
4.072
4.896
2.448
1.224
5.396
2.448
1.224
1.324
1.224
3.672
6.12
1.224
2.948
2.748
2.448
3.672
4.896
2.448
2.448
1.224
3.872
2.648
3.648
2.448
2.548
1.224
3.048
3.148
6.12
2.448
2.548
4.472
2.448
1.324
4.896
2.948
2.448
1.424
1.224
1.524
1.224
1.824
4.372
1.724
1.324
2.648
1.324
1.724
4.896
1.224
3.772
1.224
2.648
2.648
2.548
2.448
1.424
1.324
1.224
2.548
2.448
1.224
2.448
1.724
2.748
2.448
2.548
2.224
2.648
2.548
1.324
2.448
3.048
4.272
1.824
1.224
4.072
3.672
2.448
2.548
2.648
2.648
1.424
1.224
2.448
1.324
2.548
3.148
5.996
2.448
3.772
2.448
2.448
2.948
1.324
2.948
2.548
1.424
3.672
3.872
3.772
2.848
1.224
2.648
3.972
1.924
2.548
2.448
2.548
2.448
3.672
1.224
1.324
3.148
2.548
1.324
1.224
1.324
2.448
3.672
5.096
4.272
2.448
5.096
2.748
1.724
1.224
1.224
4.996
2.748
3.248
4.896
1.424
2.648
1.624
2.448
1.424
2.848
2.748
3.772
2.448
1.224
4.472
4.472
3.772
2.848
4.272
2.548
3.148
1.324
2.948
2.448
3.772
4.996
5.596
2.448
2.448
2.448
2.448
1.224
2.648
2.548
1.224
0.1
1.224
0.4
0
1.224
0
0.4
1.224
1
0.1
1.224
0
1.224
1.224
1.224
0
0.1
1.224
1.224
1.324
1.224
1.224
1.224
0
0
1.924
0.1
2.448
0
1.324
1.424
1.724
1.424
1.224
0.9
2.448
2.448
0
1.224
1.224
0
0
2.448
1.224
0
1.224
0
2.448
0
1.224
2.448
0
0
3.672
2.448
1.224
1.324
2.448
1.324
1.224
0
1.224
1.224
2.748
2.448
2.448
0
2.448
1.224
1.224
0
2.648
2.448
1.224
1.324
0
1.224
2.448
0
2.548
3.672
1.224
2.548
0.1
1.224
2.448
2.448
3.672
2.448
5.096
2.648
2.448
1.224
3.672
0
2.548
0.2
1.3
0
0.1
0.4
1.624
0.1
