3.76
0.4
1.7
0.7
0
0.4
0
0
1.224
0
1.524
0
0.2
0.6
0.7
0.1
1.836
0
0
0.1
0
0.3
0.1
0
1.524
0
0.3
0.2
0.2
0
0.1
0
4.224
1.224
2.336
3.66
3.26
3.36
4.172
5.46
3.36
3.336
1.836
3.872
4.272
1.936
2.336
2.136
4.56
3.76
1.936
2.036
4.16
3.772
1.936
1.936
3.16
1.936
3.36
2.636
3.436
2.336
3.772
2.636
2.436
3.36
1.836
1.836
2.236
3.436
5.26
3.36
3.26
3.36
4.636
4.26
1.836
2.536
1.936
3.06
2.936
1.836
1.836
2.236
3.772
1.936
2.036
3.672
1.936
3.236
3.06
1.936
2.036
1.836
1.836
3.66
3.26
3.06
1.936
1.936
3.872
4.136
2.536
3.16
1.836
3.26
3.06
3.336
1.936
3.76
3.76
1.836
3.06
1.836
3.872
2.036
3.16
2.036
3.36
3.16
4.536
3.972
1.936
4.26
1.836
3.16
5.896
1.936
1.936
2.036
3.36
3.972
2.036
2.036
2.836
2.536
2.136
2.036
2.436
2.936
3.06
2.136
1.836
2.436
1.836
3.972
1.936
1.836
3.56
1.936
1.836
3.16
3.56
3.16
14.996
4.26
2.136
2.036
4.26
2.336
3.16
1.936
3.06
1.836
2.036
4.172
1.836
3.06
1.936
4.136
3.16
4.76
1.936
3.56
2.036
2.436
3.872
1.836
2.036
4.36
4.16
3.936
2.136
1.936
2.936
2.336
2.736
1.936
2.036
1.836
2.336
3.26
3.36
3.136
1.936
2.436
1.836
3.16
1.224
0.6
1.424
0
0
0.2
3.124
1.836
1.224
2.124
0
1.324
0
1.424
0.4
1.936
1.224
2
1.224
1.1
1.836
0
0
0.2
1.1
0.1
0.1
0.2
0
0
0.6
1.224
0.4
0
0.2
0.1
0
1.936
3.2
0
1.836
0
0
1.1
0.7
1.936
1.936
0
0.1
0
0.2
1
0
1.936
1.836
1.836
0.1
0
0
0.4
0.2
0.1
0.1
1.224
1.224
1.936
0
1.224
0.4
0
1.224
0
1.224
1.624
1.324
0
1.2
0
0
2.036
1.224
1.224
0
0.1
0.4
0
0.1
1.324
0
0.1
0.2
0.1
0.1
0
0
1.9
0
1.836
0
0.1
0.6
1.224
0.3
1.324
2.236
0.6
0.1
1.836
1
1.624
0
1.324
0.3
1.936
0.3
0
0
0.1
1.224
0.1
0
0.2
1.224
0.1
1.524
1
0.4
1.224
0
0.1
0.1
0
0.6
0
0
0.2
0
0
0
0
2.024
1.224
0
1.224
1.7
0.1
2.024
0.3
1.524
0.1
0.8
1.224
1.624
1.324
1.5
2.1
0.1
0
1.224
2.036
0.1
1.724
1.924
0
1.224
1.224
0
0.1
0
1.224
0
0.1
0
0
0
0
0
0
0.7
0
0.1
0.2
0.3
1.3
0
0
0
0.1
0.3
1.724
1.324
0.1
0
1.324
1.6
0
0.5
0
0
1.424
1.224
0
0.2
0
1.224
0.2
0
1.424
0
0
0.3
0
1.7
0.3
1.424
0
0
0.1
1.324
0
0
0
0
0.2
0.3
0.5
1.224
0
0
1.324
0.5
0.3
0.1
1.524
0
0.2
0.2
0.2
1.224
1.524
0.2
1.424
0
0.1
0
1.224
0.1
0
0
0
0.6
0.1
0
0
0
2.236
1.936
1.324
0.5
0.1
0
1
0.2
0.1
0.1
0.5
0
2.036
0.4
2.3
0.1
0
2.336
2.024
1.936
1.324
0.4
0.2
0.4
0
1.936
0.8
1.836
0
1.224
0.3
0.3
1.936
0
1.224
0.1
0
1.224
0
0
0.3
0.1
0
0
0.1
1.2
0
0.1
2.136
0.4
1.224
0.1
0
0.1
0.3
0
0
1.224
0.2
0.3
0
0
0.1
0
3.26
0
0
1
0
1.224
0
0
0.7
0.5
0
0.2
1.224
0
0.1
0.6
1.224
0.1
0.4
1.424
1.724
0
1.424
0.3
0
0.6
1.524
0.1
0.2
0.7
0.3
1.936
1.224
1.224
0.1
0
0
1.324
0.1
0
0.4
0.1
0
0
1.424
0.1
0
0.4
1.224
1.524
0
1.224
1.324
0
0.1
0
0
0
0
0
0
0
2.424
0.5
0
2.036
0
1.936
0
0.1
1.324
0
0.1
0.1
0
0
0.4
0.1
1.224
0
0.3
0
0
1.224
0.1
0.2
0
0
0.1
0.5
0
0
0
1.224
0
1.3
0
0.2
1.4
1.936
0
2.724
0.2
1.224
0.1
0.2
0.2
0.1
0
0.1
0.1
1.824
0
0
0
1.524
0.2
1.936
0
0
0
0
0
0.2
0.2
1.224
0
0.7
1.224
1.224
0.3
0
0.3
0
1.224
1.224
0.2
0.3
0
0.2
0
0
0
1.1
0.1
1.524
0
0.1
0.1
0
0.1
1.424
1.224
0
1.836
0.1
0
0.3
1.836
0
0.3
1.524
0.3
1.224
1.324
0.4
1.224
0
0
0
0.3
0
0.1
0.1
0
0
0
0
0.3
0
0.1
1.836
0
0
1.424
0.1
0.3
0.1
0.5
0
0.2
0.7
1.224
0
1.224
0
0
0.1
1.224
0
0.3
0.2
0
0
0.1
2.136
0
1.224
1.224
0
0
0
0.1
1.3
0
0.3
0
0
0.1
1.936
0
0.7
0.3
1.224
0.4
2.336
0.1
2.036
0
0
0
1.224
0
1.224
0.2
0.2
0.1
0.1
0.2
0.1
1.5
2.924
0.4
0
0.4
0
0
1.224
0
0
0
0
0
0.8
1.724
1.224
0
0
1.224
0
0.1
0.1
0
1.424
1.224
0.2
1.524
0
0
0
0.5
1.224
0.8
0.4
0
0.1
0
0.6
0
1.324
0
0.1
0.9
0.4
1.324
0
0.1
0
0.1
0.2
1.224
0.6
0.1
1.224
0.6
0.1
0
0.2
0
0
0
0
0
0
0.4
0
0.1
0.1
0
1.836
1.224
1.224
1.624
0
0
0.1
0
1.224
0
0
1.224
0.1
1.224
0
0
0
0.6
0
0
0
0
1.224
0
0.1
0
0
0
0
1.324
0.7
0
0.1
0
0
1.324
0.2
0.2
2.336
1.924
1.224
0.8
0
1.224
0
1.224
1.936
0
0
0.4
2.424
1.324
0
0
0.1
0
0.2
0.1
0
1.324
0.1
1.324
0.2
1.224
0.1
0
0.2
0
0
0
0
0.1
0.2
1.224
1.324
0
0
0
0.3
0.6
0.2
2.036
1.224
0.1
0.1
3.16
0
1.624
0
1.424
0.2
0
0
1.324
0
0.9
1
0.1
0
0
0
1.324
0
3.224
0
1
0.1
0.6
2.236
0.4
0
0.3
0.2
0.3
0.1
0
0
0
0.2
0
0
1.836
0
0.3
0
0.1
0.6
0.2
0.5
0
0
1.224
1.224
0
0
1.3
0.3
0.3
0
0.2
0
0
0.3
0.1
0.2
0
0
0.2
0.1
2.024
0.2
0
0.2
0.1
0.4
0
0
0
0.2
1.936
0.1
0.6
0.1
1.836
0.1
0
0.4
0.3
1.324
1.224
0.3
2.436
0
1.936
2.936
2.336
0.8
1.324
0
0
0.2
0.8
2.136
0
0
0
1.5
0
0.6
2.036
1.324
0
3.336
0.1
0.3
0.2
0.3
0.2
1.624
0.1
0.6
0
1.224
1.836
1.224
1.224
0.2
1.224
1.2
0
1.724
1.624
1.224
0
0.4
0
0
0
0
0
1.224
0.5
0.1
0.3
0.1
1.224
0.3
0
0
0.1
0.3
3.6
0
0.1
1.324
0
1.3
0.1
0.2
0
2.524
1.324
0.2
0
1.224
0.1
0
2.424
1.624
2.224
0.1
1.524
1.224
0
1.424
0.5
0
0.2
2.624
0
0.8
0.3
1.224
1.224
0
0.9
0.5
0.1
0.1
0.1
0.1
0.5
1.424
1.424
0
0
1.324
1.624
1.224
1.3
0.5
0.2
0
0.4
0
1.1
0.5
0.1
0.2
1.324
0.2
0.1
0
0
0.2
0.6
1.924
1.224
0
0
1.1
0.1
1.724
0.1
0.1
0.1
0.2
2.324
0
0
0.3
0.2
0.1
0.5
0.2
0
1.524
1.924
0
0
1.324
1.924
1.224
0.3
0
0.1
0.1
0.1
0.1
1.224
0.1
0.2
0
2.024
0
1.224
0
1.524
0.1
0.2
0.2
1.424
0.4
0.7
1.924
0
1.8
1.224
1.224
0.2
2.624
2.036
0.8
0.1
2
1.424
0
0
0.3
0.1
1.324
1.424
0.1
0
1.324
1.224
0.2
0.2
0.1
3.36
0
1.224
0.2
1
0
1.624
0.1
0.3
0.2
0.6
1.824
0.5
0.7
1.324
0.1
1.324
2.1
0
1.224
0.2
0.1
0.4
0
0.2
0.2
1.624
2.224
1.324
1.224
0
1.724
0
0.1
1.1
0.1
0.8
0.6
0
0
0.3
1.424
0
1.324
1.224
0.1
0.4
0
0.1
0.1
0.5
0
2.624
1.524
1.424
1.424
0.8
0
0.2
0
1.7
1.1
1.224
0
0.5
0.1
0.1
0.4
0.2
1.4
0.8
1.224
0.2
1.324
1.524
1.524
1.224
0
1.424
1.324
0.8
1.1
0
1.324
0.1
0.1
0
1.924
0
0
0.2
1.524
0.3
0
0.1
0.8
1.724
0.2
1.524
0.2
1.524
0.1
0
1.524
0
0.3
0
0.1
0.5
0
1.924
1.224
1.524
1.224
1.224
1.724
0.9
1.324
0.4
0.1
0.5
0
0
2.224
0.2
1.324
1.224
0.3
0
0
0.1
0.1
1.424
0
1.224
0.3
1.324
0
1.324
0
0.1
0.1
0
0.4
3.224
0.1
1.824
1.324
0.1
2.224
1.524
0.1
0.6
0
1.324
0.2
1.424
0.4
0
1.324
1.324
0.3
1.324
0.2
1.524
1.624
0
0
0.2
0.1
0
0.1
0.5
0.1
0.3
0.1
1.324
0
0
0.2
0.9
0.2
1.824
0.2
1.524
0
0
0
0.3
1.424
0
1.224
0
0
0.1
1.324
0
1.524
2.224
0.1
0
0.5
1.624
0.2
1.424
0.2
0
2.424
0.1
0.1
0
0.6
1.424
0.7
2.224
1.724
1.224
1.424
1.224
2.324
0
1.624
1.524
0.3
0
2.524
2.136
4.124
0.1
1.224
0.5
0
1.824
1.524
0
1.2
1.324
0
0
0
0.2
0.3
1.324
0
0.1
1.624
1.624
1.224
1.224
1.324
0
1.224
1.724
3.424
1.1
0.1
1.824
0
0
0.5
0.5
0.5
0.2
0
0
0
0.1
1.424
0.3
1.524
0.1
0.8
0.1
1.224
1
1.224
0.4
1.2
0.4
0.1
2.224
0.7
1.524
0.1
0
1.624
0.1
0.1
0.9
1.424
0
0.1
0
1.224
0.6
0
0
0.2
1.824
0.3
1.324
0.2
1.224
0
1.424
0.7
1.6
0.1
1.424
1.424
0
0
0.4
0.3
0
3.224
1.624
0
1.424
0
1.224
1.324
0
1.324
0.4
0.6
0.3
0.2
0
1.324
0
1.6
1.324
0
0.6
2
0
1.224
1.624
0.3
1.624
0
0
0.1
1.224
1.224
0
0.2
3.324
0.1
1.324
0
0
0.1
1.424
0.1
0.2
0.5
0
0
1.324
2.424
0.3
0.1
1.524
0
0.4
0
1.324
0.2
0.2
1.424
0
0
1.624
0
1.524
1.4
1.424
1.624
0.3
0.2
0.1
1.324
0.1
0.2
0.2
1.224
0
0
0.4
0
1.2
0.3
1.324
1.224
2.524
0.4
0.3
1.824
0
0
1.224
0.2
0.4
2.024
0.4
0.6
0
0
1.224
1.624
1.224
0.5
1.324
1.224
1.524
2.124
1.324
0.9
2.924
0.1
1.624
0.4
0
1.224
0
1.424
0
0
1.424
1.324
0
0
1.224
0.4
0.2
0
0.1
0
0
0
1.424
0.2
1.324
2.624
0.2
0.2
0.1
0.3
1.7
0
0
0.1
1.1
0
0.1
0.1
0.2
1.224
1.224
0.3
1.424
0.1
0.2
1.424
1.924
0.4
0.7
0.1
2.624
0.3
1.224
0.1
0.2
0
1.624
0.2
0.8
1.424
0
0
0.3
1.224
1.224
0.1
2.024
0.2
1.424
0.1
3
1.324
1.324
1.524
0.3
0.8
1.4
1.1
1.224
1.924
0.2
0
0.9
1.624
0.3
2.324
0
0.6
0.3
1.524
0.5
1.4
1.224
0.1
0
0
1.824
1.224
2.124
0.1
1.524
0.2
0.9
0.1
0.3
1.224
0.1
1.3
2.224
0
0
0.2
0.8
0.1
1.324
1.324
2.224
0.6
1.224
1.524
1.324
1.224
1.324
0.2
2.724
1.324
0.2
2.324
1.824
1.224
1.224
0
1.824
1.2
0
1.324
1.824
2.424
0
1.324
0.1
1.824
0.2
0
1.224
1.1
0.9
0
1.824
0.4
2.336
2.936
1.836
3.636
1.936
2.136
0.1
1.624
0.1
0.1
0
0.1
0
2.536
0
1.224
1.224
0.1
2.124
1.324
1.224
1.424
2.324
0
1.8
0.1
3.06
1.224
0
0
0
1.224
0.1
0
0.5
0.1
0
0
1.424
0.2
1.224
2.1
0.1
0
0
1.1
0.6
2.524
0.4
3.06
2.224
0.4
0
1.224
1.936
0
0
0.4
0
1.224
0
0
1.624
0
0
0
0
2.736
0.5
0.1
0.6
0.1
0
0
0.1
0
3.06
0.3
1.224
1
0.1
0.1
1.224
0
0
0.1
0
1.7
1.224
1.624
1.824
3.06
0.1
0
0.1
0
0
0.3
0.3
1.424
1.324
0.1
2.036
0
1.836
0.1
0
0
0
0
1.224
0.2
2.436
5.624
1.624
1.424
2.024
1.1
1.724
