0.5
0
2.948
1.324
2.548
1.224
1.224
2.448
1.324
1.224
1.424
2.548
1.424
1.524
1.424
0
0
1.224
1.324
1.224
1.424
1.324
1.224
1.224
0
1.224
1.224
1.324
2.648
1.224
1.224
1.224
0.9
0
0.1
0
0
0
0
0.5
0
2.424
0
0.1
0
1.224
0.1
0.3
0.1
1.424
1.324
0.1
1.424
0
0
1.224
0.1
0.1
0
2.124
0.2
0.2
0
1.924
0.5
0
0
0
1.224
0.3
0.4
1.824
0.3
0
2.124
0.2
0
0.1
0
0.1
2.948
0
1.224
0
0
0
0
0
1.224
1.624
0
1.224
0.1
0.1
0
1.424
1.324
0
1.324
1.224
0
0.4
0.3
0
1.224
0
0
0.6
0.1
0
0.4
0.1
0
1.224
0.1
0
0.1
1.324
0
0
0.8
0
1.424
0.3
0.2
0
0.4
1.224
0.1
2.024
0.2
0.1
0.1
0
1.624
0.8
1.424
1.324
1.524
0.2
0
1.424
0
1.324
0
0
1.324
0.1
0.5
0
1.224
0.1
0
0
0.4
0.2
0
0.2
0.2
0.1
0.1
0
0.1
0
0.1
0
1.224
0
0
2.124
0
0.5
1.224
0.3
1.324
3.048
0
0
1.324
0.4
0.1
1.924
1.224
3.772
1.424
3.972
3.348
2.448
1.224
3.672
1.424
2.548
1.324
3.248
2.548
2.848
2.448
1.224
0
1.524
0.2
1.224
0
0.3
1.1
0
0.1
1.424
2.448
1.324
2.548
0.3
1.424
0
0
1.2
0
0.3
0
0
0
2.448
1.424
2.448
2.448
1.324
1.224
1.324
2.448
1.224
2.448
2.448
1.224
0
2.448
0
3.848
1.224
0
1.324
0
1.624
1.424
0.1
0
1.224
0
1.224
1.224
0.1
0
0
0
0
1.324
1.224
0
0
2.448
1.224
2.448
0
0
0.2
2.448
0
0.3
2.448
0
2.448
0
0.4
0
2.648
0.1
0
2.448
0
1.224
0
1.224
0
2.948
2.448
2.448
0
1.224
1.224
1.324
1.224
1.224
2.448
0
0.2
0
0
1.224
0.2
0.1
0
1.224
0.2
0.1
0.3
0
0
0.2
0.2
1.324
0.5
1.324
0
1.324
1.224
1.224
2.648
0
1.224
0
1.224
0
0
0.1
0.1
0.3
0
0
1.324
0
0
1.424
1.224
1.224
1.324
1.224
0
0
0
0.3
0
0
1.224
1
0
0.1
1.624
1.224
2.548
0
0.1
1.324
0
0.3
0.6
1.224
0.1
0
0
1.224
2.448
2.448
0
1.224
1.224
1.224
0
1.224
2.448
0
2.448
2.448
1.324
1.424
1.224
1.324
0
1.424
0
0
0
2.448
2.948
1.224
0
1.224
0
2.448
1.324
0.1
0
0
2.448
1.924
1.224
1.224
2.448
0.1
0.2
0
1.224
2.448
2.548
0
1.324
1.224
1.224
2.448
2.448
1.524
2.448
0.6
1.324
1.224
0
1.224
0.1
0.1
1.224
1.324
0
1.224
2.448
1.824
1.824
0
1.224
1.224
1.224
1.324
2.648
1.224
0
1.224
0.2
2.648
1.324
0
0.1
1.424
1.324
2.448
1.224
1.224
1.224
1.424
2.448
1.224
1.224
1.524
1.224
1.224
0
1.224
1.424
0
0
0
1.224
0
2.648
1.324
1.224
1.224
0.2
2.448
0
0.1
1.824
0.3
1.224
1.324
0.3
0
1.324
2.748
1.424
1.424
1.224
0
1.224
1.224
0
0
0.5
1.224
0
2.448
1.224
1.324
1.224
0
1.224
2.548
2.548
0.1
0.1
1.224
1.224
2.948
2.448
0.1
1.224
0.1
0
0
1.224
2.448
1.824
1.224
0
0
2.548
2.448
1.224
2.448
2.548
1.324
1.224
2.448
0
0.6
1.224
0
1.224
1.224
2.548
2.024
1.224
1.224
0
2.548
2.448
2.648
1.224
0
2.548
0
0.2
1.224
0.1
1.424
1.224
1.224
0
1.224
1.524
3.148
2.548
1.224
0
0
0
2.448
1.224
0.1
0
1.224
2.848
1.224
0.1
1.324
0.1
0
0
0
1.224
0.1
1.324
1.324
2.448
1.224
0
1.224
1.224
1.224
0
1.224
1.224
1.224
0.3
1.224
1.224
1.224
0
0
1.224
2.448
0
1.224
1.224
1.424
2.448
0
0.1
0.1
0
1.324
1.224
0
2.448
0
1.224
1.224
0
2.548
1.224
1.424
1.224
1.224
1.224
0
1.324
1.524
0
0
0.4
0.1
0
0.7
2.548
2.448
1.224
0
0
1.224
1.224
1.424
2.448
2.748
0
0
1.224
0.1
1.324
1.324
1.324
2.548
1.224
0
1.224
1.224
2.448
0
0
1.524
1.224
0
0.3
1.224
1.424
0
0
0.1
0.2
1.424
2.448
1.324
2.448
1.224
0.1
2.648
0
2.848
1.224
0
1.224
0
1.224
2.648
0
2.448
1.324
2.548
2.448
1.224
0
2.448
1.224
1.324
2.548
0
1.224
1.324
0
2.548
1.224
1.224
2.448
1.324
0.3
2.548
0
1.224
1.224
1.224
0
1.224
0.3
1.224
2.448
2.448
1.324
1.224
1.224
2.448
0
0
1.324
1.324
0
2.548
0
2.448
1.224
0
0
1.224
2.948
1.224
1.324
0
2.548
1.224
0
0
0
0
1.224
2.448
1.324
0.4
1.224
0.1
2.448
1.224
2.548
1.224
2.448
1.324
1.424
2.448
0
1.524
1.224
1.424
2.448
2.448
1.224
1.424
0
0
1.224
1.424
1.324
2.448
1.224
2.448
0.6
3.348
0.1
0.1
0.3
2.548
1.224
0
1.224
1.224
1.224
1.224
1.224
1.224
2.548
0
1.224
1.224
0
2.448
2.448
2.448
0
1.224
1.224
2.648
0
1.224
2.648
1.224
1.324
0
1.224
1.424
1.224
2.448
1.224
1.524
0
2.448
0
1.224
1.324
2.448
0
1.224
1.324
1.224
0
1.324
0
2.448
2.548
0
2.548
2.448
2.448
2.448
1.324
1.224
1.224
2.448
1.724
1.224
2.448
2.448
0
2.448
0.1
0
0
0
2.548
0
0.1
1.324
2.448
0.1
2.448
0
0
0.1
0
0
0
1.224
2.748
2.448
1.224
2.448
1.224
0
1.224
1.324
1.224
2.648
2.448
0
2.648
2.948
0
0
1.224
1.324
1.324
1.224
1.224
1.324
0.2
0
2.948
0
2.448
2.448
1.224
2.448
2.548
1.224
2.648
0.8
0
0
2.448
1.224
1.324
1.324
1.424
1.424
1.224
1.224
0
1.224
1.324
2.848
2.448
0.2
0
1.224
1.224
0
0
1.324
0.2
0.1
0
1.224
0
0.2
1.524
1.224
1.324
0
0.2
1.224
1.224
0
1.724
2.448
0.4
2.548
1.224
0.2
0.1
1.224
2.448
2.548
1.424
2.448
1.224
2.448
1.224
2.448
2.848
1.324
2.848
2.648
1.524
0.1
2.648
2.448
1.524
2.648
2.448
2.548
1.224
1.224
1.224
2.448
1.224
2.548
1.224
2.448
2.648
2.448
2.548
1.324
1.224
2.648
0
0
0
0
1.224
1.424
1.324
2.648
2.548
2.448
2.124
1.224
1.224
1.224
1.324
1.224
1.224
1.624
1.424
3.672
2.948
2.448
1.324
1.224
1.224
1.424
1.224
1.224
0
2.548
0.1
2.448
2.548
1.224
1.324
2.548
2.548
2.548
1.224
0
0
2.448
1.224
1.224
2.448
3.048
2.548
0.1
1.224
1.324
1.224
0.2
1.324
2.448
0
1.224
0
0.5
0
0.5
0.3
2.448
1.224
1.424
2.448
0.2
0
0.2
1.424
0
0.1
1.324
0
0
1.324
0
0
1.324
0
1.724
1.424
0.5
1.324
0
0
1.624
0
1.224
0
1.224
1.224
0
1.624
0
0.3
1.224
0
0
1.224
1.224
1.224
1.424
3.824
0
1.324
0
1.224
0.3
1.224
0.1
0
1.724
1.224
0
0
0
1.224
3.672
3.748
2.848
2.124
1.424
1.224
1.224
1.224
1.524
1.324
2.648
2.448
1.824
2.448
2.648
1.324
2.848
2.548
2.648
1.424
4.672
2.548
2.548
1.324
1.224
4.072
2.648
2.648
2.448
2.448
2.548
1.324
1.224
3.648
2.548
2.548
1.224
2.748
1.224
3.048
1.224
2.448
3.672
1.424
1.324
1.224
1.224
1.324
1.524
1.224
2.748
2.448
2.648
1.224
3.048
2.548
2.748
2.448
1.224
1.424
2.648
1.624
2.548
2.448
2.848
2.648
2.648
2.948
1.724
2.548
2.548
1.524
2.548
2.448
1.324
1.324
1.224
2.548
2.648
1.224
1.224
1.424
2.448
1.224
2.748
2.648
2.448
1.424
1.224
2.448
1.224
1.424
2.448
2.748
2.948
2.548
2.648
2.848
1.224
2.448
1.624
1.224
1.224
2.748
2.848
2.548
3.148
2.548
1.624
1.424
1.224
2.448
1.324
1.524
1.724
1.424
2.448
2.448
2.448
1.224
2.748
2.548
1.324
2.648
2.448
1.224
2.848
1.524
2.448
2.024
1.224
2.948
1.224
1.524
2.548
2.548
2.548
3.772
2.548
2.748
1.924
2.448
1.224
2.848
1.324
2.548
2.448
1.324
1.624
1.324
1.724
1.324
1.224
2.448
2.548
2.648
2.448
2.848
1.224
3.872
2.948
2.448
2.448
1.324
2.548
2.448
1.224
1.224
2.448
1.324
2.448
2.548
2.448
2.748
2.448
1.924
2.848
1.424
2.748
1.524
1.224
1.224
2.448
2.024
1.824
1.224
1.224
1.424
1.224
2.648
2.648
1.424
2.648
3.872
1.224
1.424
1.224
1.324
1.424
2.448
1.224
2.748
1.224
1.524
1.524
2.448
2.548
2.448
1.224
2.448
2.848
2.448
3.672
2.648
1.224
2.448
2.648
2.648
3.048
2.648
2.748
2.448
2.448
2.548
1.324
2.448
1.224
1.224
2.548
2.448
2.648
3.048
1.224
1.424
1.224
1.824
1.224
1.224
3.048
1.724
2.448
1.524
2.748
1.424
1.224
2.448
3.648
1.224
1.224
1.224
3.672
1.224
2.548
2.448
2.948
1.324
2.548
1.324
2.648
1.324
2.448
1.524
2.448
2.548
2.448
2.448
2.648
2.324
2.648
1.224
1.224
1.224
2.848
2.748
2.648
1.424
2.448
2.448
2.548
1.524
1.724
1.224
1.324
2.548
2.548
1.224
1.524
2.648
1.624
1.424
1.324
1.424
3.772
1.224
1.224
4.072
2.448
3.248
2.448
1.524
2.448
2.548
2.648
2.448
1.324
1.524
2.448
1.724
1.224
2.448
1.224
2.448
2.648
3.672
1.324
2.448
2.448
3.772
2.548
2.448
1.324
3.872
1.224
1.224
3.048
2.448
1.224
2.648
1.524
2.448
1.424
1.324
1.224
2.448
2.848
1.324
2.548
2.848
2.848
1.224
2.548
1.624
1.924
1.224
4.372
1.724
2.848
2.448
1.824
2.748
1.724
1.224
1.224
3.772
2.448
1.424
1.224
2.448
2.648
1.224
1.424
2.448
1.224
1.424
1.524
1.424
1.224
2.648
2.648
1.224
1.224
2.448
2.448
2.548
1.424
2.748
3.648
2.948
1.324
2.648
1.224
1.324
2.648
2.024
1.524
4.072
2.448
4.172
1.224
2.848
2.848
1.424
2.548
2.548
1.324
1.224
2.448
1.224
1.224
2.848
1.624
1.424
2.448
1.924
3.048
1.224
2.448
2.448
2.748
1.224
2.648
3.772
2.448
2.548
2.648
2.448
1.224
3.348
2.648
1.224
2.748
1.324
1.524
2.448
1.224
2.448
1.224
1.424
1.624
2.024
2.448
1.224
1.524
2.448
1.324
2.548
1.624
2.448
1.924
2.548
1.324
1.424
2.548
1.224
1.224
2.548
1.224
3.148
1.424
1.224
1.224
1.224
1.224
2.448
1.424
1.224
1.224
2.748
1.924
2.448
1.224
1.524
2.648
1.224
2.448
3.772
1.424
1.424
1.224
1.224
2.548
3.148
2.448
1.224
2.448
1.224
3.772
1.324
2.448
2.448
4.072
2.448
1.224
2.448
3.048
2.548
2.448
1.224
2.448
8.572
1.324
1.324
2.448
1.224
1.324
2.448
2.448
1.924
2.448
2.224
3.848
1.324
2.648
1.324
2.448
2.448
1.624
1.324
2.548
2.448
2.548
1.224
2.448
1.424
1.224
1.724
2.848
2.548
1.224
1.424
2.648
3.872
1.524
2.448
1.224
1.224
1.224
2.948
4.072
2.748
2.948
2.648
1.224
1.224
1.524
1.224
2.548
1.224
1.224
1.224
1.724
2.548
3.048
3.048
2.548
2.548
2.748
3.672
2.448
1.224
3.772
2.448
1.224
1.224
1.224
3.672
3.672
1.224
2.648
1.324
1.224
2.548
2.448
1.424
2.448
1.224
3.972
1.324
2.524
1.324
1.224
1.324
1.724
3.948
3.672
1.224
1.324
4.972
2.548
1.224
3.972
2.748
2.648
1.324
1.324
1.224
1.324
1.324
4.072
1.424
1.524
2.648
1.224
2.224
3.772
1.224
2.448
1.224
2.748
2.648
2.648
1.324
1.324
1.224
1.224
2.548
2.448
1.224
2.548
1.524
2.848
2.548
2.448
2.824
2.548
2.448
1.424
2.548
1.724
3.348
1.924
1.224
3.048
2.448
1.224
2.748
1.324
1.524
1.424
1.324
2.648
1.524
3.048
2.948
4.772
2.448
2.548
2.448
1.224
3.048
1.224
2.648
2.548
1.324
2.548
3.972
2.448
2.548
1.224
2.548
2.848
1.624
2.648
1.324
2.548
1.224
2.548
1.224
1.224
3.348
3.348
1.224
1.324
1.224
2.448
2.648
2.648
2.748
2.448
2.848
3.048
2.324
1.224
1.224
2.548
2.748
3.048
2.448
1.324
2.648
1.824
2.448
1.324
2.448
1.424
1.224
2.548
1.324
3.548
2.648
2.448
2.848
2.748
2.748
3.048
1.324
2.648
1.224
2.648
3.772
3.872
2.448
2.448
1.224
2.448
1.324
2.648
1.224
0.1
0
1.224
0.4
0.1
1.224
0.1
0.1
0
1.3
0.1
1.224
0
0
0
1.324
0
0
1.424
1.224
1.224
0
1.224
1.224
0
0
1.524
0.1
1.224
0
1.524
1.324
0.4
1.524
0
0.6
2.648
2.448
0
1.324
1.224
0
0.1
1.224
0
0
1.224
0.2
1.224
0
1.224
2.548
0.1
0.1
2.448
1.224
1.224
1.324
1.224
1.224
0
0
1.224
0.1
1.424
2.448
2.548
0
1.224
1.224
1.224
0.1
2.448
1.224
1.324
1.324
0
0
1.224
0
2.448
2.448
1.324
2.448
0.2
1.324
2.448
1.224
2.448
1.224
2.548
0.2
2.448
0
1.224
0
1.224
0.2
1
0.1
0.1
0.4
1.424
0.5
