2.224
0.4
1.8
0.1
1.424
1.424
1.424
1.224
2.748
1.224
2.948
1.224
2.948
1.724
2.424
0
1.224
0
0
0.1
0.1
0.3
0
0
1.324
0
0.1
0.3
0.2
0
0
0.2
3.024
1.224
1.424
1.624
1.524
1.324
0.2
1.724
1.224
1.9
0
0.1
0.1
0.1
0.2
1.924
1.624
1.724
0
0.1
2.324
1.324
0.3
0
2.548
1.524
1.524
0.7
2.724
1.624
0
0.8
0.7
1.524
1.224
1.324
0.1
2.724
1.924
3.248
3.048
1.224
1.7
1.924
1.224
0.1
1.224
1.224
0.8
1.224
0
1.224
0
1.224
1.224
0
0
2.324
1.224
0.1
1.224
1.224
1.224
1.324
1.524
2.648
0.1
0
0.1
1.824
1.724
1.224
0.1
1.424
1.224
1.1
1.324
1.324
3.448
1.424
1.224
1.424
0.3
0.4
1.224
1.224
1.224
1.424
3.924
0
0
3.448
1.424
1.224
1.424
0.2
0.1
2.024
2.124
0.2
1.524
0
0.7
1
0.3
1.424
0.5
1
1.324
1.324
1.224
0.7
1.224
1.324
0.2
1.524
1.324
1.224
0
1.324
1.224
1.324
1.524
1.724
1.224
0.2
2.524
0.2
1.324
1.224
1.424
1.224
0.3
1.324
0.1
2.448
0
3.5
2.448
3.448
1.224
1.424
1.224
0.8
1.224
1.224
0.1
2.224
2.624
2.824
1.224
2.748
1.924
3.148
1.824
2.748
2.748
2.548
1.524
2.848
2.648
3.248
2.848
2.124
1.224
2.848
1.224
0.3
2.548
0.1
0
1.524
3.024
1.224
1.324
2.124
0.3
1.224
0
1.624
0.5
1.224
1.224
3.724
1.324
2.124
0
1.224
1.224
0.1
1.9
0
0
0.3
0
0
0.5
2.448
0.1
0
1.224
0
0.1
0
3.924
0
0
0.4
0
0.9
0.5
0
1.324
0.1
1.224
1.224
0
1.1
0
1.324
1.324
1.224
0.1
0
1.224
1.524
0
0.3
0.2
2.448
1.224
0.4
0
2.448
0.4
0
1.224
0
1.224
1.424
1.224
0.1
1.924
0
0
1.224
2.448
2.448
1.224
1.224
2.424
0
1.524
1.524
0
0.1
1.224
0
0
0
1.224
1.924
0
0
0
0
1.524
1.224
0
2.448
0.1
0.1
0.2
1.224
1.724
2.848
0
2.748
1.324
1.224
1.224
0
0
0.1
1.224
0
0
0.1
1.224
0.1
2.124
0.1
1.324
1.224
1.224
0
0
1.224
1.5
1.324
0
0.1
0
1.224
0
0
3.124
1.224
1.224
1.324
3.224
1.324
1.624
0.3
1.424
0.2
0.5
2.548
1.624
2.748
2.424
4.124
0
0
1.224
1.324
0
4.072
2.648
0
1.224
1.224
1.224
0
0
1.224
0
0
0
0
0.2
0.1
0.1
1.224
1.924
0.1
0.1
0
0.3
1
0
1.224
0
0.1
0.1
1.524
1.524
0.2
0
1.224
1
1.224
0.3
1.224
0
1.624
1.224
0
0
0.1
1.224
1.924
1.324
1.224
1.224
1.224
0.2
0
1.7
0.2
2.548
0
0.3
1.324
1.524
0
1.324
1.424
0
0
0.4
1.2
1.624
0
0.1
2.448
0.4
0.3
1.224
2.648
0.4
0.4
0.3
0.4
1.324
3.148
0.2
1.324
0
0.1
1.224
1.324
0
0.1
1.224
1.224
0.1
0.1
0
0
0
1.724
1.224
1.224
0.1
1.224
0.2
1
0.5
1.424
0
0.3
0.1
1.324
0.1
1.3
0.5
0
0.7
2.524
0
1.324
0.6
0.2
0.4
1.224
0
0.4
1.224
0
1.224
0.2
0
0
1.224
1.424
0.2
1.224
1.224
1.224
0.2
1.324
0.1
0
0
0.2
1.8
0.1
0.1
1.524
0.2
1.224
0
1.224
0
0.5
0
1.224
1.324
1.424
0.1
0
0
1.424
0.4
1.324
0
1.224
3.224
0.1
2.448
0
0
0.4
2.024
1.224
0.2
1.224
0
0.6
0.6
1.224
0
1.224
1.224
1.624
0.1
1.524
0.3
1.224
1.224
1.524
0.3
0.2
1.1
0.6
1.224
1.324
1.224
0.1
0
0
1.224
0.1
0
0.3
0
0.2
1.524
1.324
1.224
1.224
1.624
1.324
2.848
0.4
1.324
1.224
0
0.1
1.224
0.1
0.2
0
0
0
0.1
2.424
0.3
0
1.324
0
0.2
0
0
1.224
0
0.2
0.3
0
1.224
0.4
0.1
2.448
0.1
0.2
0
0
2.648
0
1.424
0
0.2
0.1
0.2
0.2
0
0
1.224
1.324
0.5
1.424
0
0.8
0
0.1
2.624
0.5
1.224
0.1
0.1
0
1.224
0
0.2
0.6
2.424
0
0
1.524
1.224
0.2
1.424
0.2
0.1
0.1
0.1
0.1
0.1
0.2
1.224
1.224
0.6
1.224
1.224
0.7
0
0.2
1.224
1.224
1.324
0.4
0.1
0
0.1
0
0
0.2
0.4
0
1.624
0
1.224
1.224
0
0
2.448
1.224
0
0.1
0
0.1
1.524
0
1.224
0.2
1.824
0.4
1.224
1.324
0.2
1.224
0.1
0.1
0
1.424
0
0.2
0.2
0
0
1.324
0
0.2
1.224
0.4
1.224
0
0
1.424
0
1.524
1.324
0.2
0.1
0.5
0.5
1.224
0.1
2.448
0
0
1.224
1.224
0.1
0.4
0
0
0.2
0
0.1
1.224
1.224
1.224
0
0
0.1
0
1.4
0
0.3
0.1
0
0
1.224
0
1.1
0.4
1.224
1.424
0.2
1.524
0.1
0.2
0
1.224
1.224
1.224
1.424
0.1
1.624
1.224
0.1
0
1.224
2.1
3.824
0
0.2
1.924
1.324
1.224
1.224
0
0
0.1
0.2
1.224
0.5
1.624
1.224
1.224
0
1.224
0
0.3
0
0
1.224
1.224
0.1
1.424
1.224
0
0
0.3
2.448
0.3
0.4
0.2
0
0.1
1.424
0
1.324
1.224
0.3
1.824
0
1.224
0
0
0
0
1.624
2.448
0.4
0
1.224
0.5
0
0
0
0
0
0
0
0.2
0
1.324
0
0.1
1.224
0.1
0
1.224
1.224
1.324
1.224
1.224
1.324
0.1
1.424
0.1
0
1.224
0.2
1.224
0
1.224
0
0.5
0.1
1.224
1.224
0
1.224
1.224
1.424
1.224
0.1
0
0
1.224
2.624
1.224
0
0
0.1
1.224
0
0
0.3
1.624
1.224
2.124
1.224
1.324
1.224
1.224
1.224
0.1
0
0.4
3.048
1.224
0
0.1
0
0
0.3
0.4
0.1
1.224
0
1.524
0.1
1.224
0.2
0
0
0.1
0.2
1.224
0
1.224
1.324
1.224
1.224
0
1.224
1.224
1.524
0.4
1.524
0
2.448
0.1
0
1.224
1.224
2.124
1.224
1.624
0.1
0
0.4
2.448
0
0.4
0.8
0.1
1.224
0
1.224
1.224
1.224
2.124
1.424
2.024
1.324
0.5
1.324
0.3
1.224
2.024
1.424
0.1
0.1
0
0
0
0.2
0
1.224
0
0.3
0.3
0.1
0.1
2.124
1.224
1.624
1.224
0.2
1.224
1.224
0
0.1
1.724
0.1
0.3
0
2.424
0
1.224
0
0.1
0.2
1.224
1.624
1.724
1.224
3.248
1.424
0.1
1.424
1.324
1.324
0
0
1.224
1.224
1.224
0
0.3
0
0.1
0.2
0
0.4
1.324
1.324
1.224
1.824
0.1
0
0.1
1.6
0.7
0.3
1.224
0
0
1.324
1.424
0
1.224
1.224
0
1.1
0
2.324
0.1
1.224
0
1.524
0.1
0.4
0
0
0.2
1.424
1.924
0.1
1.224
1.424
0.1
1.224
1.224
0.1
1.224
2.124
0.1
2.124
2.124
1.224
1.224
0.3
1.224
2.448
0.1
0
0.1
1.324
0.6
1.424
0.1
0.3
1.224
0.4
0
0
0
0.2
3.7
0.1
0.2
1.324
0
1
0.1
0.1
0.1
2.924
1.424
1.224
0
1.224
1.324
1.224
5.448
2.948
4.648
1.424
2.648
2.648
2.548
3.148
2.848
1.324
1.324
4.848
1.424
1.724
1.324
4.172
2.548
1.324
3.348
2.824
2.848
2.748
1.424
2.848
3.248
2.748
3.248
2.448
1.224
2.548
3.348
2.548
4.524
1.924
1.624
2.548
1.424
1.224
2.924
2.748
1.224
2.548
4.548
2.448
2.448
2.748
1.224
1.424
2.948
3.848
2.448
2.548
1.224
4.348
1.424
2.848
1.224
2.648
3.048
2.448
4.348
1.324
1.224
2.224
1.524
1.224
2.948
3.148
1.224
3.448
3.148
1.524
1.224
2.648
3.972
3.872
1.624
1.824
1.224
2.448
1.324
2.648
3.672
1.624
2.448
1.224
3.948
2.448
2.448
2.448
2.748
1.424
1.424
1.524
2.448
2.224
2.524
2.748
1.224
4.124
2.548
2.448
1.524
4.748
2.648
3.448
2.748
2.024
4.172
1.224
1.224
1.424
1.224
3.048
2.648
1.324
1.224
2.548
2.548
1.924
1.224
2.548
2.448
2.448
3.672
1.824
2.324
1.224
3.448
1.324
1.824
2.548
3.148
3.748
2.024
4.048
2.748
1.224
2.748
4.548
1.224
2.548
1.824
2.548
1.624
1.224
2.748
3.248
3.248
4.348
3.872
2.448
1.224
3.748
1.424
1.824
2.924
1.224
4.148
2.024
1.224
1.224
1.224
2.648
1.224
2.548
2.548
1.324
1.424
1.324
2.448
2.648
3.348
1.324
3.348
3.972
3.972
4.448
1.524
1.224
1.324
1.424
4.748
2.924
2.448
2.448
2.848
1.324
2.448
1.424
2.948
2.424
2.024
2.448
2.648
2.648
3.972
4.772
2.848
2.548
3.548
2.648
2.624
3.848
2.448
3.048
1.224
2.548
1.424
4.148
1.324
1.224
2.548
2.648
1.424
2.648
1.324
2.924
4.572
2.224
2.948
1.424
4.172
2.748
1.224
2.648
1.324
1.424
1.224
1.424
2.024
2.548
2.848
2.448
3.248
2.648
2.648
3.848
3.624
2.548
3.948
1.224
3.248
2.448
1.224
8.048
1.324
2.548
3.672
1.224
2.548
2.648
1.224
3.448
2.948
3.348
3.872
1.624
2.648
1.224
3.048
2.448
1.424
1.224
2.448
1.724
6.148
3.348
2.748
2.548
2.448
4.348
3.448
1.324
3.048
1.324
2.448
2.648
2.848
3.248
1.224
2.548
2.648
1.524
2.548
1.924
2.948
3.548
2.748
1.224
1.524
1.324
1.224
2.548
3.548
1.424
1.824
1.224
2.648
2.548
1.324
1.424
1.624
1.324
3.948
1.624
3.648
2.648
2.448
2.448
1.524
2.648
1.324
2.648
1.224
1.224
2.648
2.448
1.224
4.372
3.448
1.224
2.748
3.248
2.848
2.748
2.748
2.948
1.224
3.548
2.548
1.324
2.448
1.624
2.848
2.824
3.948
4.248
3.672
3.048
3.248
4.948
1.224
3.248
2.948
2.748
1.224
7.348
2.124
4.348
1.224
2.448
3.048
2.448
3.248
2.448
1.224
1.724
2.548
1.324
1.224
2.548
1.424
1.624
4.072
1.224
1.324
2.548
2.748
2.448
2.448
2.648
1.224
2.948
3.048
5.648
2.524
3.548
3.048
1.324
2.548
3.648
1.424
1.724
1.424
1.524
3.048
1.324
1.624
2.748
1.624
2.548
1.324
2.848
1.224
2.448
2.024
2.648
2.548
3.748
2.648
2.648
5.272
2.224
2.648
1.424
1.324
4.672
2.448
2.648
1.824
3.248
1.324
2.648
1.224
3.672
2.724
1.724
1.324
2.124
3.972
2.548
2.448
2.448
2.448
2.448
2.648
2.024
2.124
1.224
2.648
2.848
1.224
1.224
1.424
2.648
2.448
3.748
2.748
2.748
2.948
1.424
2.748
2.548
1.224
2.448
3.348
2.848
2.748
1.324
1.424
2.448
1.224
3.848
2.448
2.448
1.924
2.824
2.548
3.672
3.548
1.424
2.448
1.224
1.224
1.324
2.648
2.448
1.224
2.848
4.748
1.424
2.748
1.224
2.548
1.424
2.948
1.224
2.648
3.448
1.224
2.448
2.648
3.448
3.048
1.224
2.448
2.448
2.224
1.324
2.548
2.548
2.448
3.772
1.224
1.324
3.248
1.224
15.872
4.324
3.448
3.448
1.324
1.324
1.324
3.048
1.424
2.448
1.224
2.548
1.224
1.424
1.824
2.548
2.948
3.848
2.848
2.548
4.648
1.424
3.048
3.048
1.224
1.224
2.448
1.324
3.848
5.372
3.448
3.148
1.324
1.224
2.948
3.348
2.448
1.824
2.848
2.448
2.648
3.348
2.948
3.748
7.548
1.524
3.348
3.548
2.548
2.548
1.224
3.148
1.224
1.224
2.648
2.648
1.224
2.448
2.548
2.124
2.648
2.548
1.224
2.448
2.748
1.224
2.648
1.524
4.772
9.072
2.648
2.748
1.224
3.148
3.324
2.548
2.548
2.748
2.624
1.224
1.224
1.724
2.424
2.748
3.848
1.524
3.248
1.324
1.824
3.748
4.348
1.724
1.824
1.324
3.748
1.224
2.448
1.224
1.724
2.024
2.948
1.624
2.848
3.248
1.324
1.224
1.224
2.448
2.548
1.624
3.148
1.624
2.648
1.624
4.924
2.948
3.148
2.548
1.224
3.648
4.124
2.524
2.448
3.548
1.224
1.224
2.424
4.372
2.648
2.848
1.324
2.024
1.424
2.748
2.724
5.548
2.448
1.224
1.224
2.548
4.548
2.548
4.048
1.424
2.648
1.324
1.524
1.424
2.424
2.448
1.624
3.248
3.848
1.724
2.848
1.224
2.948
2.648
2.448
2.548
3.548
1.624
2.448
2.948
2.648
2.548
3.772
2.748
5.272
2.648
2.748
3.648
3.548
2.448
2.448
2.548
2.948
2.224
2.448
2.648
2.648
3.948
1.224
2.848
1.524
3.872
2.848
1.424
2.648
2.524
3.648
2.648
3.348
2.948
1.624
2.224
1.324
2.424
1.224
3.348
1.324
3.148
1.224
1.424
2.548
1.224
1.224
1.424
2.448
2.548
1.324
0.2
2.324
1.424
1.224
1.224
2.324
1.224
2.8
0
1.324
1.224
1.224
1.224
0
1.224
0.1
0.3
0
0.3
1.224
0
1.324
0
1.224
2
0
1.224
0
1.3
0.2
4.448
0.3
2.448
3.224
0.5
0.1
1.324
0
0
0.2
0.2
1.224
2.548
0.1
0
1.524
1.224
0
0
0.1
0.1
0.2
0.2
1.424
0.2
0
0
0.1
1.324
1.224
0
1.224
1.824
0.1
0
1.624
1.224
0
0
0.1
1.1
1.224
1.624
1.724
1.324
1.224
1.224
0.2
0
1.224
0
0.3
1.424
1.224
0.1
1.224
1.224
1.224
1.424
1.324
0
1.224
1.224
1.224
2.448
0.2
3.424
1.824
1.424
2.224
1
1.724
