1.7
0.5
4.524
0.4
1.724
1.824
1.624
3.06
2.024
1.224
1.624
2.648
1.624
2.124
2.824
1.836
0.1
0
0
0.3
1.324
1.424
0
0
0.3
0
0.2
0.5
1.424
0.2
1.836
1.324
3.9
0.1
0.5
2.536
2.236
0
0.4
1.1
0.5
3.724
1.836
0
0.2
1.224
0.3
1.1
0.9
2.024
1.324
0.2
2.724
0.1
0.1
2.036
0.3
0.4
0.3
2.324
3.1
0.8
0.1
1.6
1.2
0.8
0.2
0.5
1.924
2.1
1.4
2.424
0.8
0.2
4.924
2
1.836
0.2
0
0
2.224
0.2
1.224
0.3
0.1
0
0
0
0
1.4
0.1
0.3
0.1
0
0
3.46
4.16
0.1
0.3
1.836
0.2
2
1.2
0
1.936
0.1
0
2.1
0.5
0.4
1
0.1
0
1.424
0.2
1
0.4
0.3
0.1
0.1
4.7
0.1
0.1
1.4
0.2
0
0.2
1.524
0.2
3.124
1.5
0.3
0.5
0.2
1.824
1.5
1.924
1.424
1.824
3
0.3
0.4
0
2.424
0
0.1
1.924
0.4
0.3
0.1
1.224
0.5
0.5
0.1
1.4
1.5
0.5
0.4
2.1
0.4
0.8
0
0.1
0
0.4
0.2
1.936
0.1
0.1
5.7
0
1.3
1.324
0.3
1.224
5.46
0
0
1.324
1.5
1
2.424
1.224
2.648
2.124
4.848
4.948
2.748
1.624
2.448
1.924
3.248
2.424
5.048
2.748
3.248
2.648
1.324
0
0.9
0.9
1.836
0
0.6
3.8
0
0.3
2.724
2.024
0.2
1.224
0.9
0.9
0
0
5.8
0.2
1.5
0
0
0
1.224
2.824
1.324
1.324
1.924
1.224
1.324
1.924
1.324
1.724
1.224
1.224
0
1.424
0
8.424
1.424
0
2.424
0
2.924
1.424
0.2
0
0.1
0.2
1.836
1.324
2
0.1
0.2
0.1
0
0
1.224
0
0.3
1.424
1.724
1.324
0
0.1
0.4
1.224
0.1
0.6
1.224
0.1
1.224
0
0.2
0
1.424
1.3
0
1.224
0.1
1.224
0
1.836
0
1.924
1.224
1.724
0.2
1.324
1.624
1.724
1.224
1.224
1.224
0
1.3
0.1
0
0
0
0.2
0
0
0.1
0.3
0.4
0.3
0
0.7
1.2
0
0.7
0.3
0
1.424
0
0.1
1.324
0
1.324
1.836
1.424
0.2
0.2
1.5
0.5
0.9
0
0
0.2
0.1
0
2.8
2.036
0.1
1.824
1.224
0
0
0
3.9
0
0
1.224
5.536
0.1
1.3
1.924
1.424
1.524
2.636
0.1
1.424
0.6
3
6.1
0
0.1
1.836
0.2
0.2
3.448
2.848
1.836
1.224
1.224
1.224
0.2
0
1.224
0.1
1.224
1.224
1.424
0.1
1.324
0.1
0
1.7
0.2
0.1
0.2
1.424
2.824
1.836
0.1
1.836
0.2
1.424
1.724
0.3
0.1
0
1.224
3.7
0
0.7
2.748
0.1
0.8
0
0.1
1.324
1.424
0
1.524
1.324
1.224
1.324
1.224
2.224
1.324
2.4
1.824
0.2
0.1
0.2
0.4
0.6
0
0.1
0.2
1.324
1.424
1.724
1.8
0.1
1.324
0
1.224
2.524
1.724
0
0.1
1.424
0.8
2.024
0.3
0.1
1.8
1.424
0.5
1.324
0.4
0.1
0.1
0.1
1.224
1.836
1.324
1.824
1.324
0
0
0
2.124
0
0.2
0.6
0
0.1
3.124
1.724
1.324
1.424
1.3
1.624
0
0.7
4.724
1.8
0.1
2.524
2
0
0.4
2.424
2.524
0.6
0
0.4
0.5
1.524
0.1
0
0.6
0.7
0
1.324
0.3
2.336
1.324
0
0
1.524
1.324
0.2
0
0
1.424
3.224
1.424
0.2
1.824
0.6
0
0.1
1.324
1.324
1.7
0
0
0.1
1.924
1.524
1.224
1.224
1.524
0.3
1.424
1.424
0
3
1.424
0
1.224
0
1.824
3.124
1.224
0
0
1.224
2.324
2.324
1.224
0.1
1.424
0
0.6
1.324
0.7
0.7
1.224
0.3
0.5
2.436
2.024
2.224
1.824
1.424
0.1
0
0.3
1.424
1.624
0.2
0.2
1.324
2.124
1.224
0.1
0.4
0.3
0
0
0.4
1.224
0.8
2.324
1.424
1.224
1.224
0.2
1.224
0.3
1.324
0.1
0.1
1.224
1.224
3
1.924
0
1.224
0
0.3
1.224
1.224
0.2
0
1.224
1.424
1.324
0
1
0.1
0
1.324
1.424
0
1.224
0.1
0.1
0.2
0
1.424
0.3
1.1
1.424
1.836
1.836
0
0.3
2.424
0.2
0.2
1.4
0.2
0.1
4.3
1.724
3.06
0.1
0.1
0.2
1.424
0
0.3
1.624
2.624
0.1
1.936
1.624
0.2
1.324
1.224
0
1.324
2.336
0.2
1.224
0.2
1.324
0.1
0
1.924
0
0
0.6
0
1.624
0
0
0
0.6
1.824
1.224
1.424
1.224
0
0.5
2.824
0.1
2.124
1.424
0.1
1.224
0
0.1
1.424
0
1.224
1.324
1.224
1.424
1.724
0
1.224
1.824
1.724
1.924
0
0.2
2.636
0
1.324
0
1.324
1.424
1.324
0.4
1.724
0.1
0
0.2
1.224
0.2
0
2.736
1.224
1.224
1.224
1.324
1.836
0.3
1.324
0.2
0.3
2.224
1.524
0
1.424
0
1.224
0.1
0
0.1
0
1.824
1.224
0.1
0.3
1.324
1.524
0
0
0
1.836
0.1
1.324
0.2
2.7
1.324
0.8
1.324
0.1
1.424
1.424
1.224
2.324
2.136
1.624
0.1
2.224
0.3
1.424
1.724
1.224
1.324
1.324
0
0.3
1.324
0.8
1.224
1.224
1.324
1.224
3.7
4.124
0.4
0.6
0.7
1.324
1.224
0
1.324
1.224
0
1.424
0.1
2.424
1.924
0
0
0
0
1.224
1.224
1.224
0
1.324
1.224
3.56
0.6
0
1.224
1.324
0.6
1.836
0.5
0.7
1.624
1.624
0
0.2
0.1
1.524
0
2.236
2.1
1.424
0
1.224
1.224
3.16
0.1
0.3
0
1.624
1.424
0
1.924
1.224
1.324
1.424
0
0
1.224
1.224
1.524
0.1
1.524
1.324
0
1.224
0.3
0
0
0
1.524
0
0.2
1.624
1.324
1.836
1.324
0.3
0.1
0
0
0
0
0.1
2.224
1.424
1.224
1.424
0
0
0
1.224
0
1.824
1.424
0
1.324
3.424
0
0
1.224
1.424
1.224
1.424
0
2.124
1.3
0
2.724
0
1.324
1.424
0.1
1.324
1.324
1.224
2.424
1.7
0
0
1.224
0.1
1.524
1.724
0.3
1.324
1.324
1.836
0.4
0.3
1.224
4.16
1.224
2.336
0
0.1
0
0
0
1.424
0
0.2
0.2
0.1
0
0.1
1.1
1.424
1.324
0
0
0
1.224
0
2.724
1.224
1
1.524
1.224
0.4
0
0.1
1.524
2.524
1.724
1.224
0.1
3.06
1.624
1.224
3.424
0.1
2.824
1.824
2.424
0.3
1.424
1.224
1.2
1.424
1.324
3.36
1.324
1.224
1.224
1.624
1.224
1.224
1.224
1.524
1.624
1.224
1.524
1.3
0.1
1.624
0
0.1
0
0.1
0
0.4
2.124
1.424
1.624
1.224
2.1
0
0
1.324
1.424
1.524
0
0.7
0.7
2.648
3.748
3.048
1.324
1.524
1.424
0.5
1.324
1.224
0
1.324
0
1.224
1.624
1.424
1.424
1.524
1.324
3.96
1.724
0
0.1
1.824
0.4
1.836
1.324
3.724
2.124
1
1.224
0
1.224
0.7
2.724
1.624
0
1.224
1.836
3.2
0
1.5
0.3
1.324
1.224
2.624
1.324
2.536
1.936
0.4
1.524
0.4
0.8
2.024
0.1
0.2
1.424
0
0.1
0.1
0
2.2
1.524
1
1.924
0
0
2.924
0
3.06
0
1.224
1.424
0.2
1
0.4
0.3
1.324
0.1
0.4
0
1.224
1.224
1.724
7.924
0
1.224
0.4
1.324
2.4
0.3
0.2
0
3.524
1.524
0.2
0
0
1.524
2.448
5.248
2.548
4.624
1.224
2.224
1.324
1.524
2.024
1.924
1.424
2.748
3.024
2.748
3.148
1.224
4.348
2.548
2.648
1.724
4.048
2.948
2.748
1.424
1.624
2.848
3.148
3.048
1.224
2.448
2.648
1.924
1.324
7.948
2.848
2.848
1.224
3.548
1.524
6.148
2.024
2.548
2.848
2.424
1.624
1.324
1.324
1.324
1.524
2.124
2.948
2.548
2.448
1.224
4.548
2.848
2.948
2.748
1.324
1.524
2.648
1.824
2.548
2.548
4.148
3.248
2.448
3.448
2.324
2.548
2.948
1.924
2.748
1.224
1.424
1.324
1.424
2.748
3.248
1.324
1.324
1.324
2.548
1.224
2.648
1.224
2.448
3.124
1.324
2.448
1.524
2.024
2.848
1.624
3.248
2.548
3.648
4.648
2.524
2.448
3.924
1.324
1.424
2.648
4.848
3.048
2.124
2.748
3.324
1.724
1.324
1.224
1.624
1.524
2.524
2.024
2.848
2.448
2.648
1.224
2.948
2.548
1.324
2.548
2.448
1.224
3.248
3.324
2.548
4.224
1.324
2.948
1.624
1.824
3.148
3.348
3.348
2.648
2.648
2.648
5.724
2.748
1.224
2.948
1.224
3.248
2.648
1.324
2.424
2.624
2.724
1.524
1.424
2.748
3.048
2.548
2.648
4.448
1.224
3.948
1.724
2.448
2.448
1.824
2.848
2.448
1.224
1.224
2.748
1.524
2.648
2.548
2.648
3.248
2.948
3.024
3.348
1.924
4.048
1.524
1.224
3.06
2.548
5.924
2.824
1.224
1.324
1.724
1.324
2.948
2.848
1.924
3.248
4.248
1.224
1.224
1.324
1.424
2.124
2.848
1.224
3.048
1.324
3.424
3.624
1.224
3.148
2.448
1.224
2.748
4.148
2.648
2.548
3.148
1.524
2.848
2.648
2.948
4.348
2.948
3.348
3.048
2.748
3.248
1.724
2.448
1.624
1.224
2.648
2.448
2.748
2.224
1.224
1.924
1.324
3.724
1.324
1.424
4.148
2.924
2.748
2.524
2.548
2.024
1.224
2.448
7.148
1.824
1.324
1.324
4.384
1.324
2.748
2.448
3.448
1.324
2.748
1.324
3.148
1.624
2.448
2.524
1.324
2.548
2.548
2.548
3.048
4.524
3.048
1.724
1.324
1.324
3.548
3.648
2.548
2.024
2.548
2.548
1.424
2.424
3.124
3.16
1.524
2.748
2.848
1.224
2.024
2.948
1.824
1.424
1.624
1.324
2.648
1.224
1.224
3.048
2.548
3.348
2.748
1.624
1.324
2.748
2.748
2.948
1.324
2.524
2.848
4.024
1.424
2.448
1.324
2.648
1.624
2.448
1.524
2.448
2.548
2.548
2.548
2.548
2.124
3.748
1.424
1.324
2.848
3.248
1.624
2.548
1.624
1.224
2.124
1.424
1.524
3.06
3.648
1.524
4.048
3.848
3.448
1.224
3.148
1.524
3.024
1.324
3.848
2.624
2.748
2.448
4.824
4.248
3.524
1.224
1.224
3.248
2.548
2.224
1.524
2.448
3.148
1.224
1.224
2.548
1.324
1.524
1.524
1.424
1.224
3.048
2.448
1.424
1.224
2.448
2.548
2.548
1.524
3.248
8.148
3.748
2.224
3.048
1.324
1.424
3.648
4.16
3.86
2.848
3.148
3.148
1.324
3.748
3.848
1.524
2.548
3.26
2.924
1.224
2.448
1.924
1.824
2.948
3.124
2.024
2.748
2.324
3.248
1.924
2.448
2.448
4.248
1.224
3.048
3.248
2.948
2.648
1.524
2.648
1.324
5.648
3.348
1.224
2.848
1.424
1.924
2.548
1.324
2.448
1.224
1.624
2.724
3.224
2.748
1.324
1.624
2.448
1.324
3.148
1.424
2.448
3.924
3.048
1.424
1.624
2.748
1.624
1.324
2.448
1.324
3.748
1.524
1.424
1.524
1.624
1.324
2.448
4.024
1.324
1.224
3.948
2.524
2.648
1.224
2.124
2.448
1.224
2.448
2.548
1.424
1.424
1.224
1.424
3.248
6.048
2.548
1.424
2.548
1.224
2.848
1.724
2.448
3.548
3.348
2.448
1.324
2.648
5.148
3.248
1.424
1.524
2.548
3.848
1.324
1.324
1.324
1.624
1.624
2.448
2.848
2.224
2.448
4.324
23.484
1.524
2.948
1.424
2.648
2.648
2.024
1.424
2.548
2.448
2.548
1.324
2.648
1.724
1.424
2.024
3.848
2.948
1.324
3.624
3.248
3.048
2.424
2.548
1.224
1.224
1.424
3.348
3.148
3.248
2.848
2.548
1.224
1.624
2.124
1.324
3.048
1.724
1.224
1.524
3.324
2.848
3.848
6.348
2.748
3.048
3.248
2.448
2.648
1.224
2.748
1.224
1.224
1.424
1.324
2.448
2.448
1.324
2.948
1.424
1.224
2.548
2.448
3.06
2.448
1.224
3.048
2.024
8.124
1.924
2.024
1.224
3.024
6.748
2.648
1.224
1.624
6.048
2.648
1.324
2.848
3.848
2.848
1.924
1.624
1.724
1.324
1.624
4.248
2.524
2.324
2.324
1.424
5.724
2.848
1.224
2.548
3.26
3.548
2.948
2.848
1.324
1.624
1.224
1.224
4.384
2.448
1.224
2.748
2.624
3.048
2.748
2.548
8.424
2.548
2.748
1.724
1.324
3.324
4.924
4.124
1.224
3.948
2.448
1.224
3.448
2.024
1.824
2.724
1.524
3.148
1.924
2.948
3.748
7.948
2.548
2.648
2.448
1.224
3.448
1.224
3.948
2.448
1.424
2.548
3.448
2.848
3.248
1.224
2.648
3.348
3.024
3.748
1.624
2.548
1.824
3.348
1.324
1.324
4.648
4.148
1.324
1.824
1.324
2.648
2.948
3.048
4.148
2.648
3.148
3.848
4.524
1.224
1.424
2.648
3.548
4.048
1.424
1.524
3.448
3.924
3.06
1.624
2.848
2.424
1.624
3.148
1.324
5.548
4.148
2.748
3.348
3.348
3.248
4.148
1.324
4.048
3.26
3.248
2.648
3.448
2.548
3.048
1.224
2.448
1.224
3.648
1.224
0.3
0.1
0.5
1.6
0.3
1.224
0.2
1.3
0
5
0.3
1.524
0
0
0
0
0.1
0.1
0.5
1.324
0.3
0
0
1.324
0
0
3.5
1.936
1.224
0
3.124
1.924
2.9
3.124
0
3.7
2.024
1.324
0.2
1.224
1.224
0
0.4
3.672
0.2
0.1
0
0.2
0
0.1
0.1
1.424
0.4
0.9
1.324
0.4
1.624
0
1.936
0.1
0.1
0
0.3
0
1.1
1.224
1.224
0.4
1.836
1.224
1.224
0
3.024
0.1
1.724
2.024
0
0.1
1.224
0.1
1.224
1.224
1.424
1.824
0.7
0.1
1.424
1.324
1.224
0.1
1.824
0.6
1.224
0
1.324
0
1.324
0.5
5.9
0.4
0.2
1.3
1.9
0.7
