3.36
0.1
0.5
0.4
1.324
0.1
0
0
0
0
0.1
0
1.224
0.5
0.7
0
1.224
0
0
0
0.2
0.1
0
0
0.3
0.1
1.424
0
0
0.1
0.1
0
0.8
0.1
3.16
2.236
1.936
1.836
1.936
1.936
1.836
3.56
1.836
1.936
1.936
1.836
3.36
3.06
2.036
2.036
1.936
1.836
2.036
3.06
1.836
1.936
3.16
3.16
1.836
2.136
4.26
3.26
1.836
2.536
3.86
1.936
3.16
3.06
1.836
3.86
2.136
3.36
3.36
1.836
3.96
2.736
3.06
1.836
3.06
1.836
2.036
3.26
1.836
3.06
1.836
3.16
3.06
1.836
1.836
3.56
1.836
1.836
4.384
3.06
3.06
2.136
1.836
3.06
1.936
1.836
1.936
3.56
3.96
1.836
3.06
1.836
3.16
2.336
3.06
1.836
4.584
4.284
1.836
3.06
1.936
2.136
3.06
3.06
1.836
1.836
4.36
1.836
1.836
3.16
3.16
1.836
1.836
1.836
1.836
3.26
3.26
1.936
3.26
1.936
3.16
2.136
1.836
3.06
2.036
3.56
1.936
3.36
3.06
2.036
3.06
3.16
1.936
3.36
1.836
3.06
1.836
1.836
1.936
3.16
2.136
2.336
7.784
1.936
3.86
1.836
1.836
3.16
1.836
4.284
3.36
3.16
1.836
3.06
3.06
3.336
3.16
3.36
4.284
1.836
4.284
2.036
3.16
3.06
1.936
2.136
2.036
3.36
1.836
3.06
3.66
3.46
1.936
3.06
3.06
3.06
2.036
1.836
1.836
3.26
3.26
1.936
1.836
3.06
0
0.3
1.324
0
1.224
1.324
0.3
1.224
0
0
0.1
0
0
0.1
0.1
1.224
0
3.948
0
2.648
0
1.224
1.224
0
0.3
0.1
0
0.1
0
0
0.1
1.224
0.1
0
1.324
0.1
0.2
0
1.924
0
1.224
0
0
0.3
0.2
0
2.448
0
2.448
1.224
0
0.7
0
1.224
1.224
1.224
0.1
0
1.224
1.324
0.1
0
0
1.224
0.1
0.1
0
1.224
0.2
0.1
0
0
0
0
0
0
1.724
0
0
3.06
2.548
2.448
2.448
1.224
1.424
0
1.224
0
0
0
1.224
0
0
0.1
1.224
2.124
0.1
1.224
0.1
1.324
1.424
1.224
0
2.448
0.2
0.1
0
1.224
1.424
1.424
0
1.224
1.324
1.224
1.324
0
0.1
0.1
0
1.324
0
1.224
1.224
0
1.424
1.524
1.424
0
1.224
0
0
1.224
0.1
1.324
0
0.4
0
1.224
0.1
0
2.024
0
2.448
0.1
1.724
2.548
0.3
0.1
0.1
0
1.524
2.448
1.224
2.548
2.224
4.248
0
0
0
4.584
0
1.424
0.3
0
0.1
0
1.224
0
0
0
0.1
0
0
0
0
0
0
1.224
1.524
0
0
0
0.1
0.4
0
1.224
0
0.1
0
0.3
0.1
0
0
0
0.9
1.224
0.2
0
0
0
0
0
0.1
0
0
1.324
1.224
0
1.224
1.224
0.2
0
0.8
0.2
1.224
0
0.1
1.324
0
0
2.448
1.224
0
0.1
0.1
0.4
1.224
0.1
0
1.224
0.2
0.2
1.224
2.548
0.1
0
0.2
0.1
0
3.048
0.1
1.224
0
1.324
1.224
1.224
0
0
1.224
1.224
0
0
0
0
0
1.424
1.224
0
0.1
1.324
1.224
0.4
0.1
1.324
0
0.1
0.1
1.224
0.1
0.6
1.724
0
0.3
0.7
0
0
0.1
0.1
0.1
1.224
0
0.2
1.224
0
0
0
0
0
1.224
0.3
0.3
1.224
0
1.224
0
1.224
0
0
0
0
0.2
0
0
1.224
0.1
1.224
0
1.224
0.1
0.5
0
1.224
0
1.224
0
0
0
1.224
0.1
0.1
0
1.224
3.548
0
1.224
0
0
0
1.624
1.224
0.1
0
0
0.1
0.1
0.1
0
1.324
1.224
0.2
0.1
0.4
0.4
1.224
1.324
0.2
0
0
0.4
0.3
1.224
0
0
0
0
0
0
0.1
0
0
0
0.1
1.424
0.1
1.224
1.224
2.448
0
1.324
0
0.1
0.1
0
0
1.224
0
0.1
0
0
0
0
0.5
0
0
1.224
0
0
0.1
0
0.1
0
0
0
0
2.448
0.2
0
1.224
0
0
0
0
1.324
0
1.424
0
0
0.1
1.424
0.1
0
0
0
1.324
0.2
1.224
0.1
0.2
0
0
0.5
0
0
0
0
0.2
1.224
0
0.3
0
0
0
0
1.324
0
0
1.224
0
0.1
0
0
0
0
0.2
0
1.224
1.224
0
1.224
0
0
0.1
2.648
0
0
0.2
0.2
0
0.1
0.1
0
0
0.4
0
0
0
1.224
1.224
0
0
1.224
0
0
0
0
0
1.424
0
1.224
0.1
0.1
0.2
0
0
0.3
0
0
0
0
1.224
0
0.1
0
0
0
1.224
0
0.1
1.224
0
1.224
0
0
0
0
1.524
2.448
0.1
0
0
0.1
0
0.1
1.324
0
0
1.224
1.224
0
0.1
0.2
0
0
0
0
1.224
0
0.1
0
0
0
0
2.224
0
0
0.1
0
0.1
1.224
0.1
0.2
0
1.224
1.224
0.1
2.548
0.1
0
0
1.224
0
1.224
0
0.1
1.324
1.224
0
0
1.224
1.2
0.2
0.1
1.624
1.524
1.224
1.224
0
0.1
0
0
0
1.324
0.2
0.4
0
1.224
0
0
0
0
0.1
0
0.1
0
0.1
0.1
1.224
0
0
0.3
1.224
0.1
0.5
0.2
0.2
0
1.224
0
1.324
1.224
0
2.024
0.1
1.224
0
0.1
0
0
3.048
1.224
0
0
1.224
1.324
0
0
0
0
0.1
0
0
0.1
0
1.324
0
0.1
1.224
0
0
1.224
0
0.1
1.224
1.224
1.224
0
0
0.1
0
0
0
0
0
1.224
0
0.1
0
1.224
1.224
0
0
1.224
1.224
1.224
0.1
0
0
0
1.524
2.448
0
0
0
0
0.1
0
0.2
0.4
1.224
1.624
2.448
1.324
2.448
0
1.224
0
0
0.1
1.424
0
0
0.1
0
0
0
0
0
0
0
1.324
0.1
0
0.2
0
0.1
0.1
0
1.224
0
1.224
1.424
0
0
0
1.224
1.224
1.224
0.3
1.324
0
1.224
0.1
0
0
1.224
0
1.224
0.2
1.424
0.1
0.1
1.224
0
0
0.6
0.1
1.224
0
1.224
0.1
1.324
1.924
1.224
1.624
1.324
0.1
1.224
0.1
1.224
1.324
1.324
0
0.1
0.1
0
0
0
0.1
1.224
0
0.1
0.1
0
0.1
1.924
1.224
1.624
1.224
0
1.224
0
0
0.1
1.524
0.1
0.2
0
1.624
0
1.224
0
0
0
1.324
1.324
1.524
0
0.1
1.324
0
1.424
1.224
1.324
0
0.1
2.448
1.324
1.224
0
0.2
0
0
0
0
0.1
1.224
0
0
1.424
0.1
0
0.1
0.3
0.1
0.1
0.3
0
0
1.324
1.624
0
1.224
1.224
0
0.3
0
3.448
1.836
0.1
0.1
1.324
0
0.2
0
1.324
0
0.1
1.824
0.2
1.224
0
0
0
0
0
0
1.724
0
0.4
0
1.224
2.448
0
1.224
1.224
0
0
0
0
0.4
2.748
0
0
0
0
0
0
0.2
0
1.4
1.324
0
1.424
0.2
0.3
0
0.2
1.224
0.2
0.1
1.224
0
0
1.224
0
0.1
0.1
0.3
1.324
0.1
0
1.224
0
1.224
0
0.1
0.1
0
0.1
0
2.748
0
0
1.424
0.2
1.224
1.224
0
2.748
1.224
0.1
0.1
1.224
0
0
0
1.224
0.5
0
0
1.224
0.1
1.324
0.2
1.224
0
1.224
0.1
1.324
1.224
1.324
1.224
1.224
1.524
0.1
0
1.224
0
1.424
0.1
0
0
1.324
2.548
1.524
1.424
0
0
0
0
0
1.224
1.424
0
0.1
0
0
0
1.624
1.224
1.224
0.1
1.224
0.1
1.224
1.224
1.224
2.448
0
1.224
0
0.1
1.224
0
2.648
0.2
0
0
0.1
1.224
0
0.1
1.624
0
0.3
0
1.224
0
0.3
1.324
1.324
1.224
0.4
1.224
0
0
0
1.224
1.724
0
0
0
0
0
0.3
0
1.224
0
1.224
2.448
0
1.624
0
0.3
0
0
1.324
1.224
0.1
0.1
1.224
0
0
0
2.124
0
0
1.224
2.448
0.1
0
1.224
1.224
0.3
1.224
1.224
0.1
0.1
0.2
1.224
0.1
0.2
0
1.324
0.1
0
0
1.324
0.1
0
0
0
0.1
0.2
0
1.224
1.324
1.324
0.1
0.2
1.424
1.224
0.1
0
0
0
0
2.024
0.2
0
1.224
1.224
0
1.224
0.3
1.324
0
0.1
0
2.448
0
1.424
1.224
1.224
1.224
0
0
0.2
1.724
1.224
0
0
1.224
1.224
0.1
0
0
1.224
0.1
0.2
1.224
0.1
0.2
1.224
0.1
0.1
1.224
1.424
1.224
0
0.2
0.1
0.1
0
0
0.2
2.448
0.2
0
0.2
0
0
0.6
0.1
0
1.224
0
2.648
1.224
0
0.4
0.1
0
2.448
1.224
1.224
1.224
0
1.324
0
1.224
1.224
0
0.1
0
0.2
1.224
0
0
1.324
0
0.3
1.224
0.2
0.1
1.224
0
0
0
1.224
0
0
1.324
0
1.324
0
0
0.2
0
0
0.1
0.1
0.2
1.224
0.1
0
0
1.224
1.224
1.324
0
0.1
0
1.224
1.224
0
0
0.1
0
0.2
0
0.3
1.224
1.224
1.224
0
0.1
0
0
0
0
1.224
0
0
1.324
0.4
0
1.224
1.224
0
1.224
0
1.324
0
0.2
1.224
0.2
1.224
0
1.224
0.1
0
1.324
1.224
0.2
0
0.4
0
0.1
0.1
1.424
0
0.2
0.1
0.8
0
1.224
2.648
1.224
0.3
0
0
0.4
0
0.1
0
1.224
1.224
0.2
2.448
1.224
0
0.1
0.3
0
0
0.2
0
0
0.3
0.5
0.1
1.224
0.1
1.224
1.224
1.224
0.2
0.1
0
0.1
1.224
0
0
0
0
0
0
3.248
1.224
0
0
0
1.324
1.224
2.448
1.224
2.648
0.1
0
0.1
0
1.324
1.224
1.224
0.1
0.1
0
1.324
0
1.224
0.1
1.324
0
0
1.224
2.448
0
1.224
0
1.224
0.1
0.2
0.3
0
0
0.1
1.224
0
0.1
1.224
1.224
2.324
0
1.224
0.3
0
0
0
0
0
1.224
1.224
1.324
0
0
0
0
3.548
1.324
1.224
0
0.3
1.224
2.448
0.1
0.1
0.2
0
0
0
0.1
0
0
1.424
0.5
0
0
0
1.224
0
0.2
0
1.224
1.224
0
2.548
0
0.3
1.224
0
0
1.224
0
1.224
0
1.224
1.224
2.548
0
0
0.5
0
1.224
0.5
0.2
0.2
0
0
0
0
0.1
2.448
0.1
0
0
0
0.1
1.224
1.324
1.224
0
0.1
0.2
0.2
1.224
0
0
0
0.1
0.2
1.324
1.424
1.324
1.424
0
1.224
0
1.624
1.224
0.1
0.1
0
0.1
0.2
0.1
1.424
1.424
0.1
0
1.224
1.224
0
0
0
0
0
0.1
0
0
1.224
0
0.1
1.224
1.224
0
1.224
2.448
0
0
0.1
1.324
1.424
1.424
1.824
0
1.324
0.4
1.224
2.448
1.224
0.8
0
0
0
0.2
0
0
0
0
0
0.3
0.1
0.1
0.1
0.4
0
0.4
0
0.1
0
0
0.1
0.1
1.224
1.624
0.2
0
0
0
0
0
0
0.2
0.2
0
1.324
0.9
0
0
1.424
0
1.424
0.3
0.5
1.224
0.1
0
0
0.1
1.224
3.048
0.2
0.1
0
0
0
0.1
3.248
0
0.1
0
1.324
0
0.2
1.324
1.224
0
0
0.2
0
0
0.1
0
1.324
0.1
0
1.324
0.1
1.224
1.224
1.224
0.3
0.2
0.1
0.1
0
0.1
0
1.324
2.448
1.624
0
1.224
0.1
0.4
1.224
0
1.224
0.2
0.1
1.224
0.2
0.2
0.1
0
1.224
0
2.848
1.224
0
0
0.5
1.524
1.324
0.3
1.324
1.936
1.936
3.06
2.136
1.836
3.16
0.2
0.2
0
0
1.224
0
0
3.16
1.224
1.224
0
0
0.1
0
0
0.1
0.7
1.224
2.224
0
0.1
0
1.224
1.224
0
1.224
0.2
0.1
1.224
0.1
2.448
0
0
0
0
0.9
0.2
1.224
0
0.6
0.2
2.024
0.1
1.224
1.824
0.1
0.2
0
0
0
0
0.1
1.224
1.224
0.1
0
0.1
1.224
0
0
0
0.1
0.2
0.1
1.224
0.1
0
0
0.1
1.324
0
1.224
1.224
1.424
0
0
1.324
1.224
0
1.224
1.324
0.4
1.224
0.2
0.1
0
2.448
1.224
0
0
1.224
0.1
0
1.424
1.624
0
1.324
1.224
1.224
1.724
1.224
0
1.224
1.224
0
1.224
0
3.324
1.224
0.1
0.3
0.7
0.2
