1.224
0.2
1.424
0.1
2.548
3.06
1.324
1.224
1.224
1.224
1.224
2.448
2.648
1.324
1.324
0
1.224
0.1
0
0
3.06
3.06
0
0
0.1
0
1.224
0
1.224
0
0
1.224
0.2
0
1.224
0
0.1
0
0
0
0
4.384
0
0
0
1.324
1.224
1.324
0.1
1.424
1.224
0
1.224
1.224
0
0
1.224
1.224
0
1.224
1.424
1.224
0
0
3.26
0
1.224
1.224
1.324
1.324
0
2.448
1.224
1.836
4.684
0.1
1.224
0
1.224
0
1.324
1.224
1.224
1.224
0
1.224
1.224
0
0
1.424
0
0
2.648
1.224
1.224
1.324
1.224
1.224
0
0
0
1.324
1.424
0
1.224
0
1.224
0.2
1.224
0
2.448
2.448
0
2.448
0
1.836
1.224
1.224
0
0
1.424
0
0
1.324
1.224
0
0
1.224
0
2.548
1.224
0
1.224
0
4.284
0.1
1.224
2.448
1.224
1.324
0
1.224
1.224
1.324
1.224
1.224
1.224
1.224
0
1.224
1.224
0.1
0.1
1.224
0.2
0.2
2.448
0
1.424
0.1
0
1.224
0
2.448
1.224
1.324
0
1.224
1.224
0.1
1.224
1.224
3.672
0
3.672
1.224
1.224
1.224
3.06
0.4
0.2
2.648
1.224
3.672
2.448
3.872
2.448
3.672
2.448
3.672
1.424
2.648
1.324
3.772
3.772
2.448
2.448
2.448
0
0.1
3.06
0
1.224
1.224
0.2
1.224
0.1
1.224
1.324
0
1.224
0
0
1.224
1.836
2.648
0
4.484
0
3.06
1.224
1.224
1.324
1.224
1.224
1.224
1.224
1.224
1.424
2.448
1.224
1.224
2.448
1.836
1.224
0
2.848
3.06
3.06
1.324
1.836
1.224
3.06
0
2.448
0
2.448
1.224
1.224
0.1
0
1.224
1.324
1.224
0.1
1.224
3.06
1.324
1.224
1.324
1.224
1.224
0
0
1.224
1.224
0
1.224
0
1.224
0
0
0
1.224
1.324
0
1.224
1.224
3.672
2.448
2.448
1.224
2.648
1.224
2.448
0
1.224
1.224
2.548
3.06
3.06
1.224
1.224
1.224
0
1.224
0
1.224
1.224
1.224
0.1
2.448
0
0
0
1.224
1.224
1.224
0
1.324
1.224
1.324
2.448
0
0
1.224
0
2.448
0
2.448
1.224
0
1.224
1.324
1.224
0
1.224
0
0
1.224
0
1.224
0
3.06
3.06
1.224
0
0
1.224
0
2.448
1.224
1.524
2.448
0
1.224
1.224
1.324
1.224
2.448
2.448
2.448
1.224
2.748
0
1.836
0
2.448
0
3.672
2.448
0
1.224
1.224
2.448
0
0
1.224
1.836
1.224
1.224
1.224
0
1.224
0
1.224
1.324
0
0
0
1.224
1.324
0
1.224
0
0
1.224
1.224
0
0
0
1.324
0.1
1.224
0
2.448
1.836
0
0
0
1.224
3.06
0
2.448
2.448
3.06
2.448
2.448
1.224
1.224
0.1
1.324
1.224
1.836
0
1.224
0
0
2.448
1.224
3.06
3.06
1.224
0
1.324
1.224
1.836
2.448
1.224
1.224
1.224
2.448
1.224
0
1.224
0.1
0
2.548
1.224
1.224
1.224
3.06
1.224
1.224
0.1
3.06
1.224
2.448
1.224
3.06
0
1.836
0
2.548
1.224
0
1.836
1.224
1.224
1.324
1.224
2.448
1.224
0.1
1.224
1.224
0
1.524
3.06
0
1.224
0.1
0
0.1
1.324
1.224
0
3.06
0
0.1
2.448
0
0
0.1
0
0
2.448
0
0
2.448
0
1.224
3.06
2.448
0
1.836
0
1.224
1.424
1.224
1.836
2.448
0
1.224
0
2.448
3.06
0
0
1.224
0
2.448
1.324
3.06
1.324
2.448
1.836
1.224
1.224
1.224
2.548
1.224
1.224
1.224
0
1.224
2.548
2.448
1.836
0
1.224
1.224
1.224
1.224
0
2.448
1.224
0
1.324
0.1
0
2.448
1.224
0
0
1.224
1.324
3.06
2.448
0
0
0
1.224
1.224
0
1.836
1.224
1.224
1.224
0
1.224
0
1.224
1.224
2.448
3.06
3.16
1.224
3.16
1.224
1.224
0
2.448
0
1.224
1.836
0
1.224
1.224
0.1
1.224
0
2.448
0
0
3.06
1.224
0
0
1.224
1.224
1.224
4.284
0
0
1.224
1.324
1.224
1.836
1.224
1.224
0
1.224
0
1.224
0
3.06
1.224
0
0
0
1.224
1.224
3.06
0
0.1
0
0
0.2
1.224
1.224
0
0
0.1
2.448
0
0
1.224
1.324
0
0
2.448
0
3.06
2.448
0
3.06
0
0
1.224
0
1.224
1.836
1.224
2.448
0
1.224
0.2
0
1.224
2.448
0
0
0.1
1.324
1.224
3.06
1.224
0
0
1.324
0
1.224
3.06
3.06
2.448
0
0
2.448
0
1.224
1.224
1.324
1.324
2.448
0
2.448
1.324
1.224
1.224
0
0
2.036
0
1.224
0
1.224
2.448
1.224
0
1.224
1.836
0
1.224
1.324
0
1.224
0.2
2.448
1.224
1.224
1.224
0
1.224
3.672
1.836
0
1.224
3.06
0
1.224
1.224
1.224
0
1.224
1.324
0
1.324
1.224
0
0
1.224
1.224
1.224
0
0
1.836
0
1.224
0
3.46
1.224
0
1.224
0
3.06
2.448
3.06
1.224
0
2.448
1.224
1.324
2.448
1.224
1.224
1.224
2.448
1.224
1.224
0
1.224
1.224
2.448
1.224
1.224
2.448
0.2
1.324
0
1.224
1.224
2.448
2.448
0
1.224
3.06
0
3.06
3.06
1.324
1.224
0
1.224
0
0
1.224
1.224
1.224
0
1.224
1.224
1.224
0
1.224
3.06
1.224
0.2
1.224
0
0.2
3.06
1.224
0
1.224
0
2.448
3.06
0
1.324
3.06
1.224
3.06
1.324
1.224
1.836
2.448
1.224
1.224
1.224
1.224
2.548
1.224
1.224
1.224
0
0.1
1.224
1.224
1.224
0
4.284
1.224
1.836
4.284
0
0
1.224
0
1.224
1.224
1.224
2.548
3.06
0
3.06
0
0
0
0
0
1.224
0
1.324
1.224
2.448
2.448
0.1
1.836
1.224
2.448
1.224
1.224
1.224
0
1.224
2.448
2.448
0
1.224
1.324
3.06
1.224
0
1.324
0.1
1.224
2.648
2.448
2.448
3.672
0
2.448
3.06
1.224
1.324
1.424
0
0
3.06
0
1.224
1.224
1.836
1.224
1.224
0
1.224
0
1.224
1.224
1.224
0
0
0
1.224
0
1.224
2.448
0
0
0
1.224
1.224
1.224
0.1
2.548
1.224
1.224
0
0
1.224
1.224
1.324
2.448
0.1
4.284
3.06
1.836
3.06
0
1.224
1.324
1.224
2.448
0
2.448
3.06
2.548
2.448
1.224
2.448
2.448
1.224
1.224
1.224
2.448
1.324
2.548
1.224
1.324
3.06
3.06
3.06
1.224
1.224
2.448
1.224
1.224
1.224
1.224
1.324
1.224
1.224
2.548
1.224
0
1.224
0
0
0
4.284
1.224
3.16
1.224
1.324
0
1.224
3.06
1.324
3.06
3.06
3.06
3.06
2.548
2.548
5.508
3.06
4.284
4.284
1.324
3.06
1.224
2.448
2.448
1.224
1.224
1.324
1.224
1.224
1.224
1.224
1.324
2.448
0
0
2.448
0
0
1.324
1.424
1.224
1.836
1.224
0
1.224
1.324
2.448
1.224
1.224
4.284
0
0.2
1.836
2.648
0
1.224
1.224
2.548
1.224
0.1
0
3.16
1.224
0.2
1.324
1.224
1.224
0
1.224
0
0.1
0
0
1.324
1.224
0.2
1.324
1.224
2.448
1.324
1.224
2.448
0
1.224
1.224
0
0
2.448
0
1.224
0
0
0
1.224
1.224
1.324
1.624
1.324
1.224
1.224
1.224
0
0.1
0
1.224
1.524
1.224
1.224
0
1.836
2.448
2.448
2.648
2.448
1.424
2.448
1.224
3.06
2.448
1.324
2.548
1.224
2.548
1.324
2.448
2.548
1.224
4.896
2.448
2.548
2.448
2.848
3.672
3.772
1.224
3.772
3.772
2.448
2.448
2.448
2.448
2.448
1.224
4.284
2.748
2.448
2.448
2.448
2.648
2.448
2.648
2.448
2.548
3.672
1.524
4.484
2.448
2.548
2.448
2.448
2.448
2.548
2.448
3.772
1.224
3.772
2.448
2.548
2.548
2.448
3.672
3.672
2.448
4.384
2.448
2.848
2.548
2.448
3.772
2.448
2.448
2.648
1.424
2.448
1.224
2.448
2.448
2.448
2.548
5.508
1.224
2.448
2.548
3.672
3.672
2.648
2.448
2.448
1.224
2.448
2.448
3.772
1.224
2.548
1.224
2.448
3.672
2.648
2.748
2.548
2.448
1.524
1.224
2.448
2.548
2.848
3.672
2.748
3.672
1.324
2.448
1.224
1.224
1.324
2.448
2.548
1.224
2.448
2.548
2.548
1.224
2.548
2.448
2.448
2.448
3.672
3.672
2.448
2.448
2.448
1.524
1.224
2.648
2.448
2.448
2.448
2.448
3.772
2.448
2.448
2.448
2.648
2.448
1.224
3.772
3.672
2.448
2.448
2.548
2.448
1.324
2.548
2.448
1.224
2.448
2.548
3.772
2.448
2.648
1.224
3.872
1.324
2.448
2.448
2.448
4.384
2.448
1.224
1.224
4.384
1.224
2.448
3.672
3.772
3.872
2.448
1.324
3.672
2.648
2.448
1.224
1.224
1.224
2.448
2.748
1.224
1.224
2.448
4.284
1.224
3.672
2.448
2.448
2.548
2.448
1.224
3.672
1.224
2.448
2.448
3.672
2.448
2.548
1.324
3.46
2.548
2.448
2.448
2.448
2.448
3.772
2.448
2.448
2.448
3.872
1.224
2.448
3.672
2.448
2.448
3.672
2.448
2.448
5.708
3.672
2.648
2.448
3.06
1.224
2.448
2.448
2.448
1.224
3.672
1.324
1.224
1.624
1.224
1.224
2.548
1.324
2.548
2.648
2.448
5.608
2.448
2.448
2.648
1.224
1.224
3.672
3.672
2.448
3.672
2.448
3.672
1.324
3.672
2.448
2.648
1.224
2.448
1.224
2.448
2.448
2.448
3.672
2.648
1.724
3.672
1.224
1.224
2.448
2.548
2.648
2.448
2.648
2.448
4.284
2.448
1.324
2.448
1.224
1.324
4.384
2.548
1.224
1.324
2.448
1.224
2.448
1.224
1.224
2.448
2.448
2.448
3.672
2.448
2.548
2.448
2.448
2.448
2.448
2.448
2.548
3.06
1.324
2.448
1.624
2.448
3.672
2.448
2.448
1.224
2.448
1.224
2.448
2.448
3.672
2.448
2.448
2.448
2.648
1.224
2.448
3.872
2.448
2.448
2.448
2.448
1.224
1.424
2.548
3.06
2.448
2.448
2.448
4.484
2.648
3.772
2.448
2.448
1.224
1.324
1.224
2.448
3.06
3.672
2.448
1.324
2.548
1.524
1.324
2.648
5.196
3.772
1.224
1.324
2.448
2.548
1.224
1.224
2.548
4.284
2.448
1.224
3.772
2.448
2.448
2.448
1.224
1.224
2.448
2.448
2.448
3.16
2.448
2.848
2.648
2.548
2.448
2.448
2.448
3.772
1.224
1.224
2.448
2.448
3.772
1.224
4.284
2.448
1.224
2.448
1.224
3.772
2.448
2.548
3.06
1.224
3.872
2.648
3.972
3.672
3.772
2.548
1.224
2.448
2.448
3.772
2.448
3.772
2.448
2.648
2.448
2.448
2.448
2.448
2.548
5.508
3.06
2.448
2.448
3.672
2.548
2.448
2.448
2.548
1.224
1.224
1.224
2.448
1.324
1.224
3.672
1.324
2.648
2.448
3.672
2.648
2.648
2.448
1.324
2.448
1.224
1.224
2.548
1.224
3.772
2.448
2.448
1.224
1.224
1.224
2.448
3.972
2.448
2.448
2.548
1.224
3.672
3.672
1.424
2.648
1.224
2.448
2.448
1.324
1.224
1.224
1.224
3.672
4.584
2.448
1.324
2.448
2.448
2.448
1.324
2.448
3.672
3.672
2.448
3.672
2.448
2.748
3.672
1.224
1.224
3.672
2.548
2.448
1.224
2.448
2.448
3.672
2.448
2.448
1.424
2.448
2.448
2.548
1.224
2.548
1.224
4.284
2.548
1.224
1.224
8.032
2.448
2.548
1.224
2.448
1.224
2.448
2.648
3.772
4.284
1.224
1.424
2.548
3.672
1.524
2.448
1.224
1.224
1.224
3.772
3.772
3.972
3.872
2.448
2.448
1.224
2.648
2.448
2.448
1.224
1.224
1.224
1.224
2.648
3.872
3.772
2.448
2.548
3.772
3.672
2.448
1.224
2.448
1.224
1.224
1.224
1.224
2.448
3.672
1.224
2.448
2.448
2.448
2.548
3.672
3.672
2.448
1.224
2.448
2.548
2.748
2.448
2.448
1.224
2.448
2.648
3.672
3.672
2.448
2.848
2.448
1.224
2.548
2.548
4.384
1.324
3.26
1.324
1.324
1.224
2.548
1.424
1.324
1.224
1.224
1.524
2.448
1.224
2.448
1.224
2.548
4.284
3.772
2.448
3.16
1.224
1.224
2.548
2.448
1.224
2.448
1.424
2.548
2.448
5.508
1.424
2.448
2.548
2.448
1.224
2.748
1.524
1.224
2.448
4.384
2.448
1.224
2.548
2.448
3.672
1.524
1.224
2.648
3.16
2.448
2.848
5.096
2.448
2.548
2.448
4.284
2.548
1.224
3.672
3.672
1.324
2.448
2.448
2.448
2.448
1.224
2.648
3.672
1.524
2.448
2.448
2.448
2.648
3.672
4.284
1.224
2.548
2.648
1.224
1.224
1.224
2.448
3.672
4.896
3.772
2.548
3.772
4.384
1.224
4.284
1.224
3.672
2.548
2.448
2.448
1.324
2.648
1.624
1.224
2.448
2.448
3.672
2.448
2.448
1.224
2.448
3.772
3.672
2.548
3.672
2.548
2.648
2.448
2.648
1.224
5.508
2.548
2.548
2.548
2.548
2.448
4.284
1.224
3.772
4.284
1.224
0
0
0
0
1.224
0
0.1
1.224
1.324
0
1.324
0
1.224
1.224
0
1.224
1.836
0
2.448
0
2.448
0
1.224
1.836
0
2.036
0
2.448
1.836
1.424
1.224
1.224
1.224
1.224
1.224
1.224
3.06
0
1.224
1.224
0
0
1.224
3.06
1.836
0
0
1.224
1.836
1.836
1.224
0
0
1.224
1.224
1.324
0
0.1
0
1.224
0
1.224
1.324
1.224
1.224
1.224
1.224
1.224
1.224
2.448
1.224
1.224
1.224
1.324
1.324
0
2.448
2.448
0
1.224
2.448
1.324
1.224
1.224
1.224
1.224
2.448
2.448
1.224
2.448
1.224
1.224
3.06
2.448
0
2.548
0.1
1.424
1.224
0.1
0.1
0
0
