0.2
1.324
0.6
1.424
0.2
1.524
2.748
2.448
1.324
2.448
2.948
1.324
1.324
2.748
2.948
1.224
0
1.224
1.224
1.424
0
0.1
0.1
1.224
1.324
1.424
1.324
0.3
1.224
0
1.224
0
0.6
0
0.1
0.1
0.1
0
0.1
0.2
0
0.7
0
0
0.1
0
0.3
0.4
0.1
0.2
0
0
0.4
0
0
0
0
0
0.1
0.1
0.5
0.1
0.1
2.124
0.1
0.3
0
0
0
0.5
0
0.2
0.1
0
0.9
1.724
0
1.324
0
0
0.2
0
0
0.1
0
0
0
0
0.1
2.224
0
0
0.1
0
0
0
0.1
0
1.424
1.324
0.1
0.4
0.1
0.1
0
0
0
0.5
0
0
0.3
0
0
0
0
0
0
0
0
0
1.6
0
1.224
0.6
0.2
0
0
0
0.1
0
0.2
0.1
0
0.1
0.1
0.4
0.1
0
0.1
0.2
1.224
1.224
0
0.2
0
0
0.1
0
0.1
0
0
0.1
0
0
0.4
0.3
0.1
0.1
0.5
0
0
0
0
0
0.1
0
0.1
0
0
2.824
0
0.5
0
0
0
0.4
0.1
0
0
0.4
0.2
0.2
2.448
1.324
1.424
1.224
1.224
1.224
1.424
1.324
3.048
1.424
1.224
1.324
1.224
1.324
1.224
1.424
0
0.2
0.3
0
0
0.2
0.4
0
0
0.3
0.4
0
0
0
1.424
0
0
0.7
0
1.924
0
0
0
0
0.3
0.1
0
0
0
0.1
0.1
0
1.324
1.224
0
0
0
0
0.7
0
0
0.3
0
0.1
0.2
0
0
0
1.324
0
0
1.924
0
0.1
0.1
0
0
0
0
0.1
1.424
0
0
0
1.224
0.2
0
0
1.824
0
0
0
0
0
0
0.1
0.4
0
0
0.1
0
0
0
0.1
0.2
1.224
0
0
0.1
0
0.1
0
0
0
0
0.2
1.224
0
0
0.2
0.1
0
1.324
0.1
0.1
1.624
1.324
0
0
0.1
1.324
0.1
0.1
0
0
1.224
1.224
0.1
0
0
1.224
0
0
1.624
0
0.4
0.3
0.1
0
0
1.224
0
1.524
1.224
0
1.424
1.224
0
0
1.224
0.7
1.224
0
0
0.8
0
0
0.1
0.1
0
0.3
0
0.1
0.1
0.5
1
1.324
0
0
0.1
1.224
1.324
1.324
1.224
0
0
0.1
1.224
0
0
1.224
0
0.1
0
0.1
1.224
1.224
0
0.2
1.224
1.224
1.524
1.424
1.724
0
0
1.224
0.1
0
0.4
0.1
0.1
1.224
1.224
2.524
0
1.424
1.224
0
0
0
1.224
0
0
0
0.2
0
0
0
0
0.2
0
1.924
0
0
0
1.324
0
0
1.224
0
0
0
1.224
0.1
1.724
0
0.1
1.224
0
0.4
0.1
1.224
0.1
0
0.3
0.3
1.224
0.1
0.4
0
1.324
1.224
1.224
1.324
0
1.224
0
0
0
0
0
1.224
0
1.224
0.3
0
0.1
1.624
0
0
1.624
0.2
0.2
0
0.1
1.524
0
0
0.4
0.2
1.224
0.3
0.4
0
0
1.524
0
1.624
0
0
0.2
0
1.224
0
0.1
1.324
0
0
1.324
1.424
0
0
0
0
0
0.1
0
1.224
0
0.1
0.1
1.224
0.1
0.1
0.1
1.224
0
0
0.3
1.224
0
0
0.1
0
0
0
0
1.224
0
1.224
0
0.6
0
0
0
1.224
0
0.2
0
0
0
0
0.2
0.3
0
0
0
0
0
0
0.2
1.424
0
1.324
0.1
1.324
0.1
0.2
1.324
0
0
0
1.524
0
0.1
0
0.1
0
0.1
0
0.1
1.524
0.1
0.1
0
0
0
0.1
0.2
0
1.224
1.224
1.224
0
1.324
0
0
0
0
0
0.2
0
0
0
1.224
0
0
0
0.1
1.224
0
1.324
1.224
0
0.2
0
0
0
0.1
0
0
0
1.324
1.324
1.224
0
1.324
1.424
0
1.324
1.224
0
0
0.3
1.224
1.224
0.4
0.1
0.1
0.3
1.324
0
1.224
0.1
0.1
0.1
1.224
1.324
0.1
0
0
1.224
0
0.1
0.1
0.1
0
0
0
0
0
1.324
0
1.324
0
0.1
0
0
0.2
1.224
1.224
0
0
0
0.1
0
0
1.324
0
1.224
1.224
0.1
0
0.1
0
0.1
0
0
0.1
0
0
0
0
0
0
1.224
0
1.224
1.324
1.524
0.2
0
1.324
0
0
0
1.224
0
1.224
0
1.624
0.2
0
0
0
0
0.2
1.224
0
0
0
0
0.1
1.224
0
0
0
0
0.1
0
0
1.424
0
0
1.224
0
0
1.324
0
1.224
1.224
1.324
0.1
0
0
0
0
0
0
1.224
0
2.124
0
0.1
0
1.224
0
0.1
0
0.1
1.524
0.1
0
0.2
0.1
0.1
0.1
1.224
0
0
0
0.1
0.2
0.1
0
0.1
0
0
2.524
0.4
1.524
0.2
1.824
0
0
0
0
0
1.324
0
0
0.1
0
0
1.224
0
0
0.1
1.324
0
0
1.224
1.224
0
0
0
0
0
1.324
0
1.224
0.1
0.1
0
1.224
0.1
0
0.1
0
0.3
0.8
1.224
0
1.224
0
0
0
0.1
0
1.424
0
0
0.3
0.1
1.224
0
1.224
0.1
0
0
0.1
1.224
0
1.224
0
0
1.224
0
0
0
1.424
0
0
0
0
1.224
0
1.224
0.1
1.324
0
0
0
1.324
0.2
0
0
0.1
0
0
1.224
0
0
0.1
0
0
0
0.4
0
0
0
0.1
0
0.1
1.224
0.2
0.2
0
0.3
0
0
0
1.224
0
0
0
0.6
0.4
0.1
0
0
1.224
0.1
0
0.1
0
0
0
0
1.224
0
0
1.224
0.2
0
1.424
0
1.224
0.1
0.1
0
0.1
0
0
0.1
0.2
1.724
0.1
0.1
0
1.424
0
0
0
0.3
1.224
0.1
0.1
0
1.224
0
1.224
1.424
1.724
0.1
0
1.224
0.1
0.2
0
0.2
0
1.624
0.1
0.2
0.1
1.424
0
1.324
0
1.224
1.524
0
0
0
0.1
0
0
0
0.1
0.2
0
0.3
0.2
0.1
0.3
0
0
0
1.224
1.224
0
0.3
1.324
1.424
0
1.724
1.224
0
0
0.1
0
1.224
1.324
1.224
1.224
1.324
1.424
0
0
0
0
0
0
0
0
0
0.1
0
0.1
0
0
0
0.2
0.1
0
0
0.4
0.2
0
0
0.2
0.1
0.1
1.224
1.224
0
0
0.3
0
0
0
0
2.624
0
0.2
0
0
0
0.2
0
0.1
0
0
0.1
0.1
0
0.2
0
0
0
0
0
1.424
0
1.524
0.1
0.8
0.2
0
0.1
0.1
0
2.448
1.224
0
0
1.524
1.824
0.1
0.2
0
1.224
1.624
0
0
0
0
1.2
0
0
0
0
2.324
0
1.624
0.1
0.5
0.1
0.2
1.224
0
0
1.224
1.824
1.424
2.024
1.224
1.224
2.448
1.224
1.424
1.324
1.324
1.224
1.724
1.224
1.424
2.548
1.324
2.548
1.224
1.224
1.524
1.324
1.224
2.548
1.324
1.224
1.324
1.324
2.548
1.224
1.324
3.148
1.224
1.924
2.748
1.324
1.224
1.324
2.448
1.824
1.624
1.224
1.224
1.524
1.224
1.224
1.224
1.324
1.224
1.724
1.424
1.224
1.224
2.448
1.624
1.224
1.224
1.224
1.324
1.224
1.324
1.724
1.224
1.224
1.624
1.224
1.224
1.424
1.524
1.224
1.424
1.224
1.224
1.224
1.524
3.048
2.748
1.324
1.224
1.224
1.224
1.224
1.424
1.224
1.524
1.224
1.224
1.524
1.224
1.224
1.224
1.424
1.224
2.548
1.324
1.224
1.424
1.524
1.324
1.224
1.824
1.224
1.224
1.324
1.524
1.624
1.524
1.624
4.648
1.224
2.548
2.448
2.948
1.224
1.324
3.148
1.224
1.324
2.748
2.448
1.524
1.324
1.224
1.224
1.224
1.224
1.424
3.748
1.224
1.924
2.548
1.324
1.224
1.424
1.324
1.524
1.724
1.324
1.224
1.224
1.724
1.224
1.224
1.324
1.224
1.424
1.224
1.224
1.324
1.324
1.624
1.524
1.324
1.324
1.424
1.224
1.224
1.724
1.224
1.324
1.424
1.224
1.224
1.524
1.524
1.224
1.224
1.224
1.224
3.048
1.224
1.224
1.224
1.324
1.324
1.624
1.224
1.524
1.424
3.248
2.548
2.748
1.224
2.424
3.948
2.548
1.224
2.224
2.748
1.224
1.424
1.424
1.524
1.624
1.224
1.324
1.424
1.324
1.424
1.324
1.224
1.524
1.224
1.824
1.824
1.224
1.524
1.224
1.224
1.324
1.424
1.224
1.224
1.224
1.224
1.424
1.224
1.324
1.424
1.424
1.224
1.224
1.224
1.424
1.224
1.224
2.548
2.648
1.324
1.224
1.224
1.624
1.424
1.424
1.224
1.224
1.224
1.324
3.548
3.348
2.448
1.324
1.224
1.724
1.224
1.224
2.324
2.848
2.548
1.224
1.224
1.624
1.324
1.224
1.324
1.324
1.524
1.224
1.324
1.324
1.224
1.424
2.448
1.324
1.224
1.324
1.324
1.724
1.324
1.324
1.224
1.224
1.524
1.224
1.324
1.524
1.224
1.224
1.224
1.524
1.524
2.548
1.624
1.324
1.424
2.548
2.848
1.724
1.424
1.224
2.948
2.648
1.224
1.224
1.224
1.324
1.524
1.424
1.224
1.224
1.224
1.224
1.224
1.224
1.424
1.524
1.224
1.424
1.324
1.224
1.224
1.224
1.524
2.648
1.324
1.224
1.224
1.224
1.224
1.224
1.324
1.424
2.548
1.324
1.424
1.224
1.224
1.224
1.224
1.324
1.824
1.224
1.224
1.224
1.224
2.948
1.424
1.424
1.624
1.224
1.324
1.324
1.724
1.224
1.524
2.948
1.324
1.224
1.924
1.324
2.124
2.548
1.224
1.624
1.224
3.148
1.324
1.224
1.424
1.224
1.224
1.224
1.224
1.324
2.448
1.424
1.224
1.224
1.424
1.324
1.224
1.324
1.224
1.224
2.648
1.324
3.748
1.424
1.224
3.548
1.224
1.224
1.324
1.324
1.324
1.224
1.324
1.324
2.448
1.324
1.224
2.948
1.224
1.224
1.424
1.224
1.224
2.224
1.324
1.224
2.224
1.324
1.224
1.524
1.324
1.324
1.324
1.224
1.524
1.224
1.224
1.424
1.624
1.324
1.324
1.224
1.224
1.324
1.324
1.224
1.324
1.224
1.224
1.224
1.324
1.224
1.224
1.224
1.424
1.524
1.224
1.224
2.848
1.224
1.224
1.324
1.324
1.224
1.724
1.324
1.324
1.324
1.324
1.224
1.224
1.324
1.424
1.224
1.524
1.324
2.548
1.324
2.548
1.224
1.724
1.224
1.224
1.424
3.848
1.224
1.224
1.324
1.224
1.324
1.224
1.224
1.324
2.748
2.448
1.224
1.324
3.948
1.224
1.324
1.224
1.224
1.224
1.324
1.224
1.424
1.224
1.224
1.224
2.548
1.724
1.424
2.548
1.224
1.224
1.424
1.224
1.224
1.424
1.324
1.424
1.224
1.224
1.524
1.224
1.824
1.724
2.848
1.524
2.748
1.324
1.224
1.324
2.648
1.224
1.324
1.424
2.548
1.324
7.048
1.224
1.424
1.524
2.748
1.224
1.524
1.424
1.224
1.324
1.224
2.448
1.224
1.224
1.424
1.324
1.224
1.224
1.224
1.324
1.424
1.324
1.224
1.224
1.424
2.448
1.524
1.924
1.424
1.724
1.824
1.324
1.224
1.224
1.324
1.224
1.324
1.524
2.448
2.548
1.324
1.324
1.224
1.224
1.224
1.424
1.324
2.448
1.224
1.224
1.324
1.224
1.324
1.424
1.324
2.024
1.424
1.324
2.648
1.324
1.724
1.324
1.224
1.324
1.724
1.224
1.324
1.224
1.624
1.524
1.424
1.324
1.524
1.224
2.448
1.724
1.924
3.248
3.248
1.324
1.824
1.424
1.324
1.224
2.548
1.224
2.948
1.424
1.224
2.848
2.548
2.448
1.224
1.224
1.424
1.224
1.324
1.224
1.324
1.224
4.648
1.324
1.224
1.224
2.748
1.424
2.024
4.048
1.224
1.524
1.224
1.224
3.448
1.324
1.224
1.424
1.224
1.724
1.424
1.424
1.424
2.024
1.224
1.224
1.224
1.324
1.524
1.224
1.324
1.224
1.324
1.324
1.324
1.224
1.524
1.224
1.324
1.624
2.848
1.324
1.324
1.224
1.424
1.224
1.224
1.224
1.724
1.324
1.224
1.324
1.224
1.324
1.324
1.324
1.424
1.224
1.424
1.724
1.524
1.224
1.224
1.324
1.424
1.524
1.224
1.224
1.324
3.148
1.224
1.324
1.324
1.524
1.324
1.324
1.424
1.624
1.624
1.224
1.424
1.324
1.624
1.824
1.224
1.424
1.224
1.324
1.324
1.224
1.224
1.224
1.224
1.224
2.448
1.424
2.448
0
0
1.724
1.824
0
0
1.524
0.2
0
0.6
1.224
0
0
0
0
1.224
0.1
0
1.324
0.1
1.224
0
1.324
0
1.224
0
2.524
0
0
0
2.124
0.1
0.5
0.2
0
0.6
0
1.224
0
0
0
1.224
1.224
0
0
0
1.224
0.1
1.224
0.1
0
0
0.3
1.324
0
1.224
0
0
0
1.324
0
0
0
0
1.624
0
0
0
0
1.224
0
0
1.524
0
0.1
0.2
0
0
0
0.3
0
0
0
0.1
0.2
0.2
0
0
0
1.224
0.1
0
1.224
1.224
0
0
1.224
0.1
1.5
0.1
0
0.5
1.424
0.2
