5.184
0.2
1.2
0.6
0.1
0
0.2
0
1.424
0
1.424
0
0.2
1
1.1
0
0
0
0
0.1
0
0.2
0
0
1.624
0.1
1.624
0.2
0
0.1
0
0.1
3.724
1.324
2.336
3.66
3.36
3.26
1.936
3.46
3.36
4.96
1.836
1.936
1.836
1.836
3.86
1.836
3.26
3.36
1.836
1.836
3.46
1.936
1.836
1.836
3.26
1.836
3.06
2.536
3.636
2.736
1.836
3.336
3.56
3.86
1.936
1.836
1.936
4.336
3.56
3.66
3.46
3.36
5.76
5.26
1.836
2.036
1.836
3.06
2.336
1.836
1.836
1.936
1.936
1.836
1.836
1.836
1.836
2.936
3.26
1.936
3.46
1.836
1.836
3.66
3.46
3.06
1.936
1.936
1.936
3.236
2.736
3.06
3.06
3.16
4.584
3.336
2.136
3.36
4.684
3.26
3.16
1.836
1.836
2.436
4.584
2.136
3.16
3.16
4.936
1.936
1.936
3.96
2.136
3.06
3.26
1.836
1.836
2.436
5.284
1.836
1.936
1.836
3.26
2.636
2.036
1.936
2.336
5.16
3.56
1.836
1.836
1.936
1.836
1.836
2.136
2.436
3.36
1.836
1.836
3.56
3.26
4.384
4.26
4.36
3.86
2.136
14.484
2.036
3.56
1.936
3.26
3.06
3.56
1.836
1.836
3.16
3.36
5.636
3.26
4.46
3.16
3.36
3.06
2.736
1.936
1.836
1.936
3.56
3.66
2.436
1.936
1.936
4.76
2.736
2.736
1.836
1.836
1.936
2.436
3.26
3.46
2.336
1.936
2.236
1.836
4.484
1.224
0.6
1.724
0
1.224
0.3
2.924
0
1.324
1.824
0.5
1.424
0
1.724
0.5
0
1.224
5.424
1.224
2.824
0
0
0
0.2
1.5
0
0.2
0.4
0
0
0.8
1.224
0.1
0
0
0.2
0.2
0
3.1
0.1
1.224
0.9
0
1.1
0.7
0
1.224
0.1
1.324
0
0
1.1
0
0.1
0
0
0
0
0
0.7
0.1
0.4
0
1.224
1.224
0.7
0
1.224
0.7
0.2
1.224
0
1.224
1.624
1.224
0
1.2
0
0
1.836
2.548
2.448
1.224
0
0.4
0
0.4
1.224
0
0
0.1
0
0.1
0
0
1.1
0.1
1.224
0.1
1.424
0.2
2.448
0.1
2.548
0.2
0.1
0.3
0
0.8
1.524
0
1.924
0
0
0.3
0
0
0.1
1.224
1.324
0
1.724
2.448
0.2
3.748
1.724
1.1
1.324
0
0
0.1
0
1.5
0
0
0.4
0
0
0.2
0
6.348
1.224
1.224
1.324
2.6
1.324
2.624
0.2
1.424
0.3
2.724
2.648
2.648
2.748
1.7
5.724
0.1
0.4
1.224
3.06
0.1
1.624
1.624
0
1.324
1.224
0
0.1
0.1
1.224
0
0
0
0
0
0
0.1
0
1.3
0
0.2
0.1
0.2
1.1
0
0
0
0.2
0
1.524
1.324
0.1
0
1.224
2.2
0
0.7
0
0
1.624
1.224
0
0
0
1.224
0.4
0.2
1.324
0
0
0.6
0
2.1
0.8
1.324
0
0.2
0.4
1.324
0
1.324
0.3
0
0.1
0
1
2.648
0.1
0
1.224
1
0.4
0
2.948
0.5
0.1
0.6
0.3
1.224
4.248
0.1
2.648
0.1
1.524
0
2.548
0.1
0.1
0
0
0.3
0
0
0
0
0.5
0
1.224
0.3
0
1.424
1
0
0
0
0.8
0
0.1
0.4
1.7
2.024
0
0.9
3.224
0
1.324
0.1
0.5
0.8
0
0.2
0.5
0
0
1.224
0.2
0.2
0
0
1.624
0.2
0
1.224
0
0.1
0.1
0.1
0
0
0.1
0.7
0
0.2
0.2
0.8
2.448
0
0
0.1
1
0.1
0.1
1.324
0.4
0
0
0.1
0
0.1
1.324
0
0
3.824
0.2
1.224
0
0
0.6
1.2
0
0
1.224
0
0.3
0.6
1.224
0.1
0.1
2.548
1.624
0
1.824
0.5
0
0.1
1.824
0
0.1
0.7
0.4
0.1
1.224
1.224
0.2
0
0.3
1.324
0.2
0
0.8
0
0.2
0
1.424
0
0
1.424
1.224
1.724
0.3
1.224
1.324
0
0
0
0.2
0.1
0
0
0
0
3.324
0.2
0
0.1
0
0.2
0.1
0
1.224
0
0.2
0.1
0.2
1.224
0.7
0
1.224
0
0
0.1
0
1.324
0.1
0.1
0
0.1
0.1
1.824
0.2
0
0
1.324
0.2
1
0.1
0.2
0.8
0.1
0.1
3.224
0.2
1.224
0.1
0
0.3
0.3
0
0
0.3
1.824
0
0
0
1.224
0.1
0.1
0
0
0.1
0.1
0
0
0.4
1.224
0
1.824
1.424
2.548
0.5
0
0.1
1.324
1.324
1.224
0.3
0.2
0
0
0
0
0.2
0.7
0.1
1.724
0
0.1
0
0
0
1.224
1.224
0
0
0
0
0.2
0
0
0.3
1.724
0.3
1.324
1.324
0.8
1.224
0.2
0
0
0.2
0
0.3
0.5
0
0
0.1
0
0.3
0
0
0
0
0
1.324
0
0.5
1.224
0.4
0
0.2
0.4
1.224
0.1
1.324
0
0
0
2.448
0
0.1
0.1
0
0.1
0.3
0
0.1
1.224
1.224
0
0
0
0
3.724
0.1
0.2
0.1
0
0.1
0.1
0
0.4
0.1
2.548
0.1
0.6
1.724
0
0.2
0
0
1.324
0
1.524
0.2
0.1
0
0
0
0
3.9
2.824
0.2
1.624
0.6
0.2
0
1.224
0
0
0.1
0.2
0.1
0.6
1.624
1.224
0
0
1.224
0
0.2
0.1
0.1
1.324
1.224
0.2
1.424
0
0
0
0.1
1.224
0.4
0.7
0
0.2
0.1
0.2
0.1
2.548
0.1
0.4
2.3
0.1
2.648
0
0.1
0
0.1
1.924
1.224
0.3
0
2.448
1.524
0
0
0.3
0.1
0
0.1
0
0.1
0.1
0.1
0
0.1
0
0.1
0
2.448
1.224
1.424
0
0
0.2
0
1.224
0.1
0
1.224
0.1
1.224
0
0.1
0
0
0
0
0
0.1
1.224
0.1
0.1
0
0.3
0.1
0.1
1.424
0.8
1.324
0
0.1
0.2
1.324
0.3
0
0.4
1.924
2.448
0.8
1.324
2.448
1.224
1.224
0.1
0
0.1
1.1
2.024
1.324
0.1
0
0
0
0.3
0.3
0
1.224
0.2
3.148
0.1
1.324
0.5
0
0.3
0
0.3
0
0
0
0
1.324
1.224
0.3
0
0.1
0.1
0.6
0.2
0.3
1.224
0.1
0
1.224
0
1.524
0
1.724
1.524
0
0.1
1.224
0
0.4
1
0.4
0
0
0
1.424
0
3.848
0
0.9
0.2
0.7
0.1
0.2
0
0.5
0.1
0
0
0.1
0
0
0.2
0
0
0
0.1
0.1
0
0.2
1.7
0
0.4
0
0
2.448
1.224
0
0.3
0.7
0.2
0.4
0
1
0
0
0
0
0.1
0.1
0.7
0.5
0
1.624
1.224
0.1
0.2
0.1
0.6
0
0.1
1.224
0.1
0
0
0.4
0.3
0.1
0.4
0.1
0.6
0.3
1.224
1.224
0.6
0.7
0
0.4
1.7
0.3
0.8
1.424
0
0
0.1
0.9
0.4
0
0
0
1.5
0
2.324
1.936
1.324
0
0.3
0.1
1
0.1
1.424
0.2
1.524
1.5
0.2
0
1.224
0
1.224
1.224
0
1.224
1.8
0.2
2.024
1.224
2.448
1.324
0.4
0
0
0
0.1
0
1.324
0.6
2.024
0.3
0.1
1.224
0.2
0
0.1
0.3
0.5
3
1.724
0.1
2.548
0.1
1.2
0
0.1
1.624
2.724
1.524
0.2
0
1.224
0
0
1.924
1.224
2.324
1.324
1.424
1.224
0.3
1.824
0.4
0
0.2
2.124
0.1
0.1
0.1
3.048
1.224
0
0.7
0.5
0.1
0.1
0.1
1.424
0
1.424
1.324
0
0
1.224
1.324
2.448
2.8
0.1
0.3
0
0.4
1.224
1.2
0.3
0
0
1.724
0.3
0
0.1
1.224
1.224
0.4
1.424
1.224
0.2
0
0.6
0
1.524
0
0.1
1.524
0
2.748
0
0
0.9
0.1
0.1
0.1
0.8
0
1.424
1.524
0
0
2.648
1.324
1.424
0.3
1.524
0.2
0
1.324
0.3
2.448
0.2
0
0
1.724
0
1.224
1.324
1.324
0.2
0.4
0.2
2.548
0.6
0.6
3.148
0
0.8
1.224
2.648
0.1
2.124
0
0.2
0.1
1.6
1.724
0
0
0.1
1.324
3.548
1.624
0.1
0
1.224
1.224
0.1
0.2
0
1.224
0
2.448
0.3
2.224
0
2.524
0
0.2
0.1
0.1
1.824
0.4
0.3
1.324
0
1.424
3.2
0
1.224
1.424
1.324
0
0
0
0.1
1.324
2.748
1.424
1.324
0
1.424
1.324
0.1
0.6
0
0.2
0.4
0
0
1.424
1.524
0
1.224
1.224
0.1
0.2
0
0.1
0.2
0.4
0.3
1.424
1.524
2.224
1.624
0.4
0
0.1
0.1
3.8
0.7
1.224
0
0.2
0.2
0
0.3
0.5
0
0.3
1.224
1.724
1.324
1.424
1.224
2.548
0
1.224
1.324
0.8
1.7
0
1.324
0
0.1
1.324
1.424
0.1
0
0.3
1.424
0
0.2
0.1
0.3
1.224
0.4
1.424
1.324
1.524
0.1
0
1.724
0.1
0
0
0
0.7
1.324
1.524
1.224
2.024
1.224
1.324
2.224
0.4
1.224
0.4
0.2
2.324
0
0
2.024
0
1.224
2.448
1.224
0.2
0
0
0.1
1.324
0
1.324
0.1
1.624
0
2.424
0.1
0.1
0
0
0.5
2.124
0.2
1.324
1.424
0
1.624
1.524
0.1
0.3
0
1.224
0
2.024
0.6
0
1.424
1.224
0.1
1.224
0.3
1.224
1.624
0.1
0.1
0.1
0
1.224
0
0.3
0
0.2
0.1
2.848
0
0
0.2
0.2
0.3
1.824
0
2.224
0
0
0
0.1
1.324
0.2
1.324
0
0
0.1
1.224
0
1.324
1.524
0.1
0
0.3
1.324
0.1
1.324
0
0
1.724
0
0.2
0
0.3
2.648
0.3
1.824
2.648
1.224
1.424
1.424
1.724
0
1.324
1.424
0.3
0
2.324
0.4
2.124
0.1
2.448
1.424
0
1.524
1.324
0
0.6
1.324
0.1
0
0
1.424
0
2.548
1.324
0.2
1.424
1.524
1.224
1.324
1.224
0
1.524
1.424
3.424
0.6
0
1.424
1.224
0.1
0.5
0.9
0.3
0.2
0
0
0.1
0.3
1.424
0.3
1.224
0.1
2.524
1.224
1.224
0.5
1.524
0
1.1
1.524
0.2
2.848
0.2
1.724
0
0
1.824
0.1
0
0.4
1.624
0
0.1
0
1.224
0.6
1.424
0
0.2
1.424
1.524
1.424
0
1.224
0
1.424
0.7
1
0.1
1.324
1.324
1.224
0
0.1
0
0
4.248
1.324
0
1.524
0
1.224
1.424
0
1.224
0.5
0.3
0.1
0.1
0.1
1.324
0
4.324
2.548
0
0.9
0.6
0
2.448
1.624
0.1
1.224
0
0
0
1.224
1.224
0
0.2
2.524
0.1
1.424
0
0
0
1.224
0.1
0.3
0
0
1.324
1.224
1.624
0.4
0
1.524
0
0.2
1.324
1.224
0
0.1
2.548
0
0
1.524
0
2.524
2.1
1.624
1.324
0.2
0
0
1.324
0
1.424
0
1.324
0.1
0
0.5
0
0.6
0.5
1.324
1.224
1.624
0
0.2
1.624
0
0
1.324
0.1
0.4
1.624
0.3
0.2
0.1
1.224
1.324
2.948
2.448
0.1
1.324
1.224
1.524
1.324
1.424
0.5
3.148
0.2
1.424
0.1
0
1.224
0
1.224
0
0
1.324
1.324
0
0
1.224
0.1
0.1
0
0
0
1.224
0
1.224
0.3
1.424
3.324
0.2
0.7
0.2
0.4
1.4
0.1
1.324
0.1
0.9
0
0.2
0.1
0.2
1.224
1.224
0.2
1.424
0
0.2
1.724
1.724
0.2
0.8
0.1
2.724
0.1
1.224
0.1
0
0.4
1.224
1.324
0.3
1.324
0
0
0.2
1.224
1.224
0.1
1.524
0.6
1.224
1.424
3.1
1.424
1.424
2.548
0
1.1
1.1
0.8
2.448
1.524
0
0
0.6
1.424
1.624
2.524
0.3
0.4
0.3
1.324
0.3
3.924
1.224
0.2
0
0.1
1.524
1.324
2.748
1.324
1.624
0.1
0.2
0.4
0.2
1.224
0.4
0.3
1.824
0.1
0.6
0.2
1
0.3
2.548
1.224
1.924
0
1.224
1.624
1.224
1.324
1.424
1.424
2.024
1.424
0.1
1.524
2.624
2.448
1.224
0.1
1.524
0.4
0
1.524
1.524
2.224
0
2.548
0
3.548
0.1
0.1
1.324
1.2
0.4
0.2
1.524
0.1
2.036
2.436
3.06
2.136
1.836
1.936
0.4
1.524
0.1
0.2
0
0
0
3.46
0
1.824
1.324
0.2
1.824
1.424
1.224
1.424
3.424
0
5.124
0.2
1.224
1.224
0.1
0
0
2.548
0.1
0.4
1.324
0.2
1.224
0.1
1.424
0
1.224
3.4
0.1
0
0
1.1
0.8
4.424
1.1
1.224
6.348
0.3
0.1
1.324
0
0
0
0.1
0
1.224
0.2
0
1.824
0
0.2
0
0.2
0.1
0.6
0.1
0.4
0.2
0.1
0.2
0.1
0.3
1.224
1.524
2.448
0.5
0
0.1
2.548
0
0
1.224
1.524
1
2.448
2.124
1.724
1.224
1.224
0
0.1
0.1
0
0.5
0.1
2.548
2.648
0.3
0
0
0
0.3
0.2
0
0
0.1
1.224
0
0.1
6.448
2.848
1.824
1.924
1
2.024
