1.524
0.3
3.448
1.324
3.772
1.224
1.224
2.448
2.548
1.224
2.548
2.448
2.748
2.024
1.624
0
1.224
1.224
1.224
1.224
1.224
1.424
1.224
1.224
1.424
1.424
1.224
1.324
2.448
1.224
1.224
1.424
2.024
1.224
1.424
1.424
1.224
1.424
0.3
1.724
1.224
2.124
0.1
0
0.1
1.324
0
1.724
1.424
2.848
1.224
0
3.048
1.224
0.1
1.324
2.448
1.324
1.224
1.924
1.624
1.524
0.1
2.024
0.3
1.224
1.324
1.224
1.424
1.924
1.824
4.072
2.648
1.324
2.224
1.524
1.224
0.3
1.224
1.224
2.748
1.224
1.224
1.324
0
1.224
1.224
0
1.224
3.148
1.224
1.424
1.224
1.224
1.224
2.748
2.448
2.448
1.224
1.224
0.1
1.624
1.724
1.224
1.224
1.324
1.224
0.8
1.424
1.224
2.648
1.224
1.224
2.448
0.1
0
1.224
2.448
1.224
1.324
2.424
0
1.224
2.848
1.224
1.224
1.324
1.224
0
3.048
1.524
0.1
1.424
0
1.624
0.8
1.524
2.448
1.524
0.4
1.224
2.548
1.224
1.624
1.224
1.224
1.324
1.224
1.624
1.324
1.324
1.224
1.324
1.224
2.024
1.524
1.424
0
1.624
0.1
1.324
1.224
1.224
1.224
0.3
1.224
1.224
2.548
0
2.924
2.448
2.948
2.448
1.324
2.448
3.148
1.224
1.224
1.224
1.624
1.824
3.448
1.224
4.896
1.424
5.496
3.148
3.872
2.448
4.896
1.324
4.072
2.648
4.172
3.872
3.648
2.448
2.548
1.224
1.324
3.048
1.224
0
1.224
2.224
1.224
1.324
2.848
2.548
2.448
2.448
1.424
1.324
1.224
1.224
2.424
1.224
1.724
0
1.224
1.224
2.648
2.324
2.448
2.448
1.224
1.224
1.224
2.748
3.672
2.448
2.448
2.548
0
2.448
0
5.472
1.224
0
1.524
0
1.524
1.524
0.1
1.224
1.324
1.224
2.448
1.224
0.4
0
1.324
1.224
1.224
1.224
1.224
1.224
1.424
2.448
1.524
2.448
2.448
1.224
0.2
2.448
2.448
0.2
2.448
1.224
2.448
1.224
1.324
1.224
2.448
1.824
0
2.448
1.324
3.672
2.448
2.448
1.224
4.472
2.448
3.672
1.224
1.324
1.224
2.448
1.224
1.224
2.448
1.224
1.724
0
0
1.224
0
1.224
1.224
1.224
2.448
0.1
0
0
1.224
1.224
2.548
1.224
2.448
2.548
1.224
2.448
1.224
1.224
2.448
1.224
1.224
0
1.324
1.224
0
1.424
0.3
1.324
1.224
1.224
1.224
0
1.224
1.824
2.448
1.224
1.324
1.424
1.224
0
0.1
1.624
1.224
1.224
2.448
1.924
1.224
1.424
1.524
2.448
2.548
0.3
2.548
2.448
2.548
1.824
2.724
1.224
0.1
1.324
1.524
1.224
4.896
3.772
0
2.448
2.448
2.448
0
1.224
3.672
0
2.448
2.448
1.224
1.324
1.324
1.224
1.224
2.748
0.1
0
0
2.548
2.748
1.224
1.224
1.224
0
2.448
2.748
1.324
0.1
0
3.672
2.024
2.448
1.324
2.448
0
1.424
1.224
1.224
2.548
2.548
1.224
2.648
2.448
2.448
3.672
3.672
1.424
2.448
0.8
1.424
3.672
0
1.224
1.224
1.224
1.224
2.448
1.324
1.224
2.448
1.324
1.424
1.324
1.224
1.224
3.672
1.524
2.548
2.648
2.548
1.324
0
2.448
1.324
1.224
2.848
1.324
2.548
2.448
1.224
2.448
2.448
1.224
2.448
2.448
2.448
1.424
1.324
1.224
0
1.224
2.548
1.224
1.224
0
2.448
0
2.848
1.224
2.648
1.224
0.2
2.448
1.324
0
2.124
0.5
1.224
1.824
1.824
0
2.648
2.648
1.324
1.424
2.448
0.3
1.524
2.448
0
1.224
0.2
1.224
0
3.672
2.548
1.224
2.448
1.224
2.448
2.548
3.672
0
0
1.224
1.324
3.148
2.448
0
2.648
0.1
1.224
0.1
2.448
2.448
1.624
1.224
1.224
1.224
3.972
2.448
1.224
2.448
3.672
1.224
2.548
2.448
1.224
1.824
1.324
2.448
1.224
1.224
2.648
2.648
2.448
1.224
1.224
2.448
2.848
2.848
2.448
0
3.672
1.224
1.424
1.224
1.224
1.324
2.548
2.748
1.224
1.224
1.324
3.148
2.448
2.448
1.324
1.224
0
2.648
1.224
1.224
0.1
1.224
2.548
1.224
0
2.548
1.224
1.324
1.224
1.324
2.448
2.548
1.324
2.448
3.772
1.224
0.2
2.448
1.224
1.324
0
1.324
1.224
1.224
1.924
1.424
1.224
2.548
0
0.1
1.224
2.448
1.224
1.324
1.224
1.224
2.448
1.224
0.1
0
2.448
1.224
1.224
0
2.448
2.448
1.224
2.448
0
2.648
1.324
1.324
1.224
1.224
1.224
1.224
2.648
1.524
1.224
0
0.4
0.1
0
1.724
2.548
3.672
1.324
0
0
2.448
1.224
1.624
2.548
3.972
0
0
2.548
1.224
1.324
2.448
1.324
2.448
1.324
0
1.224
1.224
2.448
1.224
1.224
1.424
2.448
1.224
0.2
1.224
1.224
1.224
1.224
1.224
0.1
1.324
2.448
1.324
2.448
1.224
0
2.548
0
4.172
1.324
1.224
2.448
0
1.224
4.996
1.224
2.448
1.224
2.448
2.448
2.548
0
3.672
1.424
2.748
2.648
1.224
2.648
1.424
1.224
2.448
1.224
1.224
3.672
1.224
0.1
2.448
0
1.324
2.748
1.224
0.3
2.448
0.2
2.448
2.448
2.448
2.548
1.224
2.548
3.672
0
0
1.424
1.224
1.224
2.448
2.448
2.448
1.224
1.224
1.324
1.224
2.848
1.224
1.224
0.1
2.448
1.224
1.224
1.224
1.224
0.1
1.224
2.448
1.224
0.7
1.224
0.1
2.448
1.224
2.448
2.448
2.448
1.624
1.224
3.872
1.324
1.324
2.748
1.324
2.448
2.448
2.448
2.648
1.224
1.224
1.324
2.748
2.448
2.548
1.224
3.672
1.1
4.872
0
0
1.324
3.672
2.448
1.224
1.224
1.224
1.224
1.324
2.548
1.624
3.972
1.224
2.448
1.224
1.224
2.448
2.448
2.448
0
2.448
2.448
2.448
1.324
2.448
2.448
1.224
1.224
2.448
1.424
1.724
1.324
2.448
1.224
2.948
0
3.672
1.224
1.224
2.948
2.448
1.224
1.224
1.224
1.224
0
2.748
2.448
2.648
2.448
1.224
2.948
2.448
2.448
2.648
1.224
1.224
1.224
2.448
1.524
1.224
3.672
2.448
0
3.672
0
0
1.224
1.224
3.772
1.224
1.224
2.648
2.448
1.224
2.448
0
1.224
0
1.224
0
1.224
1.224
2.948
2.448
2.448
3.672
1.224
1.224
2.548
2.448
2.448
2.548
2.448
0
3.672
4.572
1.224
0
1.224
1.224
2.448
1.324
1.224
1.524
1.524
1.224
4.172
1.224
3.672
3.672
2.448
3.672
2.448
1.324
2.748
3.548
1.324
0
2.448
1.224
1.224
1.224
1.224
1.224
2.548
1.224
1.624
1.224
2.548
2.548
2.448
0
0.1
1.224
2.448
0.1
1.224
2.448
1.224
1.224
0.2
2.548
1.224
1.324
1.524
2.548
1.224
2.448
0.3
1.224
2.448
1.224
3.048
3.672
1.624
2.448
1.224
0.1
2.448
1.224
2.548
2.948
1.224
3.672
1.224
3.672
2.448
3.772
4.872
2.448
4.472
3.872
1.424
1.324
2.448
3.672
2.748
3.672
2.548
2.448
1.224
1.224
1.224
2.548
1.224
3.672
1.224
2.548
2.548
2.548
2.448
2.948
2.448
3.972
1.224
0.1
1.224
1.224
1.224
1.224
2.848
2.448
2.448
2.448
2.648
1.224
2.448
1.224
1.224
1.424
2.448
2.648
2.648
3.672
4.672
2.748
1.224
2.448
2.448
2.648
1.224
1.224
1.224
3.772
1.224
2.448
2.648
1.224
1.224
2.548
2.448
2.548
2.448
1.224
1.224
4.372
1.624
1.224
2.448
3.148
2.848
0.1
2.448
1.224
1.224
1.224
2.548
2.748
1.224
2.448
0
0.2
0
2.024
0
3.672
1.324
2.748
2.548
0.1
0.1
0
1.624
1.224
1.724
1.224
1.224
1.224
1.324
1.224
1.224
1.224
1.224
2.948
1.424
1.624
2.748
1.224
1.324
1.324
1.224
2.448
0
1.224
1.224
1.224
1.524
1.324
0
1.224
1.224
0
1.224
1.224
1.324
1.324
3.724
0
1.224
1.324
1.324
0.8
1.224
0.1
0
3.348
2.548
1.324
0.1
1.224
2.648
3.672
5.472
4.072
2.848
1.324
2.648
2.548
2.548
2.548
2.748
2.648
2.548
3.548
2.748
2.948
1.324
5.296
3.872
2.548
2.748
4.172
3.672
4.172
1.324
2.448
5.096
4.172
4.272
3.672
2.448
3.772
2.648
2.448
3.448
2.748
2.648
2.448
2.648
1.324
3.248
2.648
2.548
4.896
2.848
2.648
2.548
2.448
1.224
1.424
2.748
4.672
3.672
3.772
1.224
4.172
2.448
3.772
2.548
2.448
2.448
3.772
3.648
2.748
2.448
3.048
2.948
2.448
4.272
2.748
2.448
4.272
2.748
2.648
2.448
2.648
3.872
3.672
2.448
2.748
1.224
2.548
1.224
3.772
3.672
2.648
3.772
2.448
3.248
2.448
3.672
2.448
2.648
2.748
2.648
2.548
3.672
2.948
3.148
2.548
2.448
4.224
2.448
2.448
2.748
4.672
4.072
4.372
3.772
1.724
3.772
1.224
2.448
1.324
1.224
2.648
2.448
2.448
2.448
3.672
2.448
2.648
2.648
2.448
3.672
3.672
3.672
2.848
1.624
2.448
3.348
1.224
2.648
2.448
3.448
4.572
3.448
4.672
5.096
2.748
3.972
3.348
2.548
2.448
2.748
2.448
2.848
2.448
2.448
2.548
2.648
3.048
3.672
2.448
2.548
3.972
2.648
2.448
3.048
1.224
5.696
2.548
2.448
2.448
1.324
3.672
2.448
2.448
2.448
2.848
1.224
2.448
3.772
3.872
4.572
2.548
2.848
5.096
3.672
3.872
1.224
1.224
1.224
2.548
3.548
1.424
2.448
2.548
2.648
1.224
3.772
2.548
2.748
2.948
4.072
2.448
2.648
2.648
3.772
3.972
3.772
2.548
4.872
2.448
1.624
3.048
3.672
3.672
2.448
2.448
2.548
4.372
2.448
3.672
3.672
2.548
2.548
3.872
2.548
3.548
5.196
3.048
3.672
2.648
4.996
2.748
2.448
2.448
1.224
2.648
2.448
2.448
2.648
2.548
2.448
2.448
3.048
2.548
2.448
4.172
1.924
3.772
2.648
2.848
2.948
2.448
2.448
5.772
1.424
2.448
3.672
3.672
2.548
3.672
2.448
4.772
2.548
4.072
3.672
2.548
2.648
2.448
2.648
3.672
2.548
2.448
3.672
3.148
3.648
4.672
2.648
2.448
2.548
4.572
4.472
2.448
2.548
2.448
3.672
3.972
2.648
3.048
1.224
2.448
3.872
2.648
2.448
1.324
3.672
2.748
2.448
1.324
1.224
3.672
1.224
2.448
5.196
2.748
2.748
2.448
2.548
3.672
2.648
2.748
2.848
1.424
2.548
2.548
3.148
2.448
3.672
2.448
2.748
3.772
3.672
2.548
2.448
2.448
4.996
3.672
2.448
3.972
5.496
1.224
2.548
3.772
3.672
2.648
3.772
2.548
2.548
3.648
2.448
1.324
3.672
2.448
2.548
3.048
4.372
4.472
3.672
3.872
2.748
2.948
1.224
5.496
2.548
3.672
2.448
4.048
2.948
3.048
1.224
2.548
4.996
3.772
2.648
2.448
2.548
2.448
2.448
1.324
2.648
2.448
1.324
1.224
3.772
1.224
2.648
3.772
2.648
2.448
3.672
3.772
2.548
2.548
4.172
5.172
3.448
2.848
3.872
1.224
2.548
4.072
1.424
1.424
3.672
2.448
4.996
1.224
2.548
3.772
1.224
3.872
2.448
2.748
1.224
3.672
1.424
2.448
3.672
2.848
2.848
3.872
4.372
3.148
2.548
2.548
2.448
5.296
2.548
3.872
3.872
4.372
2.448
3.672
2.448
3.672
2.848
2.648
1.224
2.548
3.772
2.748
3.672
2.448
3.672
2.548
2.448
2.024
2.124
2.448
2.448
2.648
2.448
1.324
2.748
2.548
3.672
3.148
3.972
2.548
2.548
2.548
2.648
2.448
2.448
2.448
4.472
2.448
2.548
1.224
1.224
2.548
2.448
3.448
2.548
2.448
2.648
1.924
3.672
3.672
3.048
2.548
2.448
2.448
3.672
1.224
2.448
2.448
1.224
3.772
4.372
2.448
2.548
2.448
2.448
3.872
2.548
2.648
3.772
5.196
2.448
2.448
3.672
3.872
3.772
2.548
2.448
3.672
4.072
1.224
2.548
3.772
2.548
3.672
2.448
2.548
2.548
2.448
5.372
3.148
2.548
4.772
1.224
2.448
2.548
2.748
1.224
3.772
2.548
3.772
1.224
2.448
1.324
2.648
2.748
4.672
3.772
2.548
3.248
2.748
5.196
2.548
2.448
1.224
2.448
1.424
5.572
12.32
3.872
3.872
2.448
1.224
2.448
2.848
2.448
2.948
2.548
2.448
2.748
2.848
4.072
4.072
4.372
3.048
3.972
4.272
4.896
3.672
1.324
5.196
2.448
1.224
2.548
2.448
3.672
4.896
2.448
3.048
2.548
2.448
2.448
3.672
2.448
2.548
2.448
3.672
3.972
5.472
2.448
2.548
1.524
3.048
3.648
4.896
2.548
2.448
4.272
2.548
1.324
3.772
3.748
3.972
2.948
1.424
2.648
1.624
1.524
5.996
3.048
1.424
2.748
1.224
3.148
3.672
2.448
2.548
1.424
3.348
3.872
2.448
2.648
2.648
1.224
1.224
2.848
3.772
2.448
2.648
2.848
2.848
3.772
2.548
2.624
3.672
3.772
2.548
2.548
2.848
3.448
1.424
2.448
4.672
2.448
1.224
3.048
3.772
2.748
2.548
1.324
2.648
1.424
3.872
2.848
6.496
3.672
2.448
2.448
2.448
4.272
2.448
4.072
2.448
2.648
2.548
3.972
2.648
3.248
2.448
2.448
4.572
3.348
2.548
2.648
2.548
2.848
3.772
2.448
2.448
4.972
3.048
2.448
2.648
2.448
3.672
4.996
3.972
5.896
3.772
3.772
4.172
2.948
2.448
2.448
3.772
3.772
3.148
3.672
2.448
3.672
2.948
2.448
2.548
2.648
3.872
2.748
2.648
2.448
3.048
4.672
3.672
5.872
4.372
3.248
2.948
1.224
3.948
1.224
3.872
3.772
5.396
2.448
2.548
2.448
2.448
1.224
2.948
2.448
2.448
1.224
1.324
1.324
1.324
2.448
1.224
1.424
1.224
1.3
0
2.448
1.224
1.224
1.224
1.224
1.224
0.2
1.224
1.224
1.324
1.224
1.224
2.548
0
1.224
2.224
0
2.448
0
1.424
1.324
3.648
1.424
2.448
2.224
2.448
2.548
1.224
1.224
1.224
0.2
0.2
2.448
2.548
0
1.324
1.224
2.448
0
1.324
2.448
0.3
0
2.448
2.548
1.224
1.224
1.324
1.224
1.324
1.224
1.324
1.224
2.848
2.448
2.548
1.324
2.448
1.224
1.224
0.1
2.748
2.448
2.648
2.848
1.224
1.324
2.448
0
2.448
3.672
1.324
2.448
1.324
2.548
2.448
2.648
3.672
2.448
3.772
1.424
2.448
1.224
2.448
1.224
2.448
0.3
2.024
1.524
1.324
1.724
1.924
1.424
