3.448
0
0.7
0
0.1
1.224
1.224
1.224
2.948
1.224
2.548
1.224
1.424
1.524
1.224
0
0
0
0
0
0.1
0
0
0
1.224
0
1.324
0
0
0
0
0
2.124
1.224
0.1
1.224
1.324
1.224
0.1
1.424
1.324
2.024
0
0
0.2
0
1.324
0.2
1.224
1.424
0
0
1.624
0
0.1
0
1.424
0
1.224
0.2
0.4
0.3
0
0.3
1.724
1.524
0
0
0.1
0.6
1.224
1.424
1.824
1.324
2.224
1.824
0
0.1
0
1.224
0.5
0
0
0.1
0
0
0
0
0
0.3
1.224
0.1
1.324
0.1
0
1.224
1.224
1.324
0
0
0
0.3
0.5
1.224
1.224
1.324
2.648
0.6
0.1
1.424
2.948
1.224
1.224
0
0.1
0
2.448
0.2
1.224
1.324
1.1
0
0
1.624
0
1.224
1.224
0.1
0
0.2
2.848
0
0
0
1.324
0.2
0.2
0
0.5
1.524
1.324
0.1
0
0.3
0.1
0
0
0.3
1.324
0
0
1.424
1.324
2.448
1.624
1.624
1.624
0.2
2.948
0.3
1.424
0
1.324
1.224
1.324
0
0
1.224
1.224
1.1
1.324
1.924
1.224
1.424
1.224
0.5
0
0
0
1.924
1.524
0.6
1.224
1.224
2.848
1.724
1.224
1.224
1.324
1.224
1.324
2.648
3.048
2.024
1.424
1.524
1.224
3.772
1.224
0.3
1.224
0
1.224
0.4
2.124
0
1.324
1.424
0
1.224
0
1.424
0
0
1.224
1.924
1.224
1.424
0
0
0.1
0
0.6
0
0
0
0
0
0.1
1.224
0.1
0
0
0
0
0
1.1
0.2
1.224
0.3
0
0.5
0.1
0.1
1.224
0
1.224
0
0
0.7
0
0.1
0
0
0
0
0
0.1
0
0
0
1.224
1.224
0.1
0
1.224
0
0.1
1.224
0
1.224
1.224
1.224
0.1
0.5
0
0.1
0.1
2.448
2.448
1.224
0
0.2
0
0.1
1.224
0.1
0.1
0.2
0
0
0
0
0.4
0
1.224
0
1.424
0.2
2.448
0
2.448
0.2
0
0
0
0
1.424
0
1.424
0
0
0.1
0
0
0.1
1.224
1.224
0
1.224
2.448
0.1
2.748
1.424
0.2
1.324
0
0.1
0
0
0.2
0
0
0.2
0
0
0
0
3.048
1.224
1.224
1.224
0.6
1.324
1.624
0.3
1.324
0.2
1.224
2.548
2.448
2.548
0.6
2.324
0
0
1.224
1.424
0
2.448
2.548
0
1.224
1.224
0
0
0.1
1.224
0.1
0
0
0.1
0
0
0
0
0.2
0
0
0
0
0.4
0
0
0
0
0
1.724
1.324
0
0
1.224
0.5
0
0
1.224
0
1.224
1.224
0
0
0
1.224
0.1
0
1.224
0.1
0
0.1
0
0.5
0
1.324
0
0.1
0.2
1.224
0
1.224
0.1
0
0.1
0.1
0.3
2.448
0.3
0
1.224
0.3
0
0.1
2.448
0
0.1
0.2
0.1
1.224
2.848
0.3
2.548
0
1.424
0
2.548
0
0
0
0
0
0
0
0
0
0.2
0
1.224
0
0
1.224
0.3
0
0
0
0.2
0
0
0.1
0.6
1.624
0
0.2
1.524
0
1.224
0.1
0.1
0
0
0
0.2
0
0
1.224
0
0
0
0
1.224
0.1
0
1.224
0
0
0
0
0
0
0
0.5
0
0.1
0
0.2
2.548
0
0
0.1
0.3
0.1
0.1
1.324
0.4
0
0
0
0
0
1.224
0
0
1.624
0.1
1.224
0
0
0.2
0.2
0
0
1.224
0
0.1
0.2
1.224
0
0
2.448
1.424
0
1.324
0
0
0
1.424
0.2
0.3
0.1
0.5
0
1.224
1.224
0
0
0
1.224
0
0
0
0.2
0
0
1.324
0
0
1.324
1.324
1.324
0.2
1.324
1.224
0
0
0
0
0
0
0
0
0
1.524
0
0
0
0
0
0
0
1.324
0.1
0.1
0
0
1.224
0.4
0
1.224
0
0
0
0
1.224
0
0
0
0
0
1.424
0
0
0
1.224
0.2
0.3
0.1
0
0.4
0
0
2.124
0.1
1.224
0
0
0
0
0
0.3
0.2
1.524
0
0
0
1.224
0
0
0
0.1
0.1
0
0
0
0.1
1.224
0
1.324
1.224
2.448
0
0
0.3
1.324
1.224
1.224
0.1
0.2
0
0
0
0
0
0.4
0
1.524
0
0.1
0
0
0
1.224
1.224
0
0
0
0
0.4
0
0
0
1.324
0.2
1.224
1.224
0.4
1.224
0
0.1
0.1
0
0.2
0
0.2
0
0.1
0.2
0.1
0.3
0
0.1
0
0
0
1.224
0.1
0
1.224
0.1
0
0
0
1.224
0
1.224
0
0
0
2.448
0
0.3
0
0
0
0
0.1
0.1
1.224
1.224
0.1
0
0.1
0
1.624
0
0
0
0
0
0
0
0.3
0
2.448
0
0.1
1.524
0.1
0.2
0
0
1.324
0
1.424
0.1
0.3
0
0
0
0
0.9
2.524
0.1
1.624
0.1
0.1
0
1.224
0
0
0
0
0
0
1.324
1.224
0
0
1.224
0.1
0.1
0.1
0.1
1.224
1.224
0.2
1.224
0
0.1
0
0
1.324
0.2
0.1
0
0.1
0
0.1
0
2.448
0
0
0.2
0.1
2.448
0
0
0
0
1.424
1.224
0.1
0
2.448
1.324
0
0
0.1
0
0.1
0
0
0.3
0
0
0
0.1
0
0
0
2.448
1.224
1.324
0
0
0.2
0
1.324
0
0
1.224
0
1.224
0
0
0
0.3
0
0.1
0
0
1.224
0
0
0
0.1
0
0
1.224
0.6
1.224
0
0
0.2
1.324
0
0
0.2
1.524
2.448
0.4
1.324
2.448
1.224
1.224
0.2
0
0
0.4
1.524
1.324
0
0
0
0
0.1
0
0.1
1.324
0
2.548
0
1.224
0
0
0
0
0
0
0
0
0.1
1.224
1.224
0.2
0
0
0.1
0.4
0.2
0.1
1.224
0.4
0
1.224
0
2.024
0
1.624
1.624
0
0.1
1.224
0
0
0.6
0
0
0
0.1
1.324
0.1
2.748
0
0.7
0.3
0.3
0
0.2
0
0.6
0
0
0
0
0
0
0
0
0
0
0
0.2
0
0
0.2
0
0.1
0
0
2.448
1.224
0
0.2
0
0.2
0.1
0
0.2
0
0
0
0
0
0
0.1
0
1.224
2.848
2.748
0.1
0
0
0
0
0
1.224
0
0
0
0.1
0
0.1
0
0
0.4
0
1.224
1.224
0.1
0.2
0
0.1
0.6
0.4
0.2
1.224
0
0
0
0.3
0
0
0
0
0.4
0
1.624
0.1
1.224
0
0.1
0
0.2
0
1.224
0
1.524
0.3
0.1
0
1.224
0.1
1.224
1.224
0.1
1.224
0.1
0
1.724
1.324
2.448
1.224
0.3
0.1
1.224
0
0
0.1
1.224
0.3
1.424
0
0
1.224
0.1
0
0
0.3
0.1
1.5
1.324
0
2.548
0.1
0.6
0
0.1
1.424
1.724
1.324
0
0.1
1.224
0
1.224
2.748
2.748
3.848
2.948
2.648
2.548
1.224
2.648
1.324
1.224
1.424
3.248
1.324
1.224
1.224
4.072
2.448
1.224
1.724
1.624
1.324
1.324
1.224
2.648
1.824
2.848
2.848
1.224
1.224
2.548
2.548
3.772
3.124
1.424
1.424
1.224
1.424
2.448
1.924
1.324
1.224
1.224
2.948
1.424
1.424
1.324
2.548
2.448
1.224
2.948
2.448
1.224
1.224
2.024
1.324
2.648
1.224
1.224
2.748
1.324
3.972
1.224
1.224
1.924
1.324
1.224
1.524
1.324
1.224
2.648
2.548
1.224
1.224
3.972
2.548
2.448
1.424
2.648
1.324
1.324
2.548
1.324
3.672
1.424
1.224
1.224
2.548
1.224
2.448
2.548
2.848
1.424
1.324
1.424
3.672
1.524
1.924
3.772
1.224
1.924
2.548
3.672
1.324
3.048
1.524
1.824
1.324
1.624
2.648
1.224
1.224
1.224
2.548
3.972
2.748
1.224
1.224
2.448
2.448
1.824
1.324
1.224
2.448
1.224
3.672
1.424
2.748
1.224
3.248
1.224
1.724
1.324
1.324
3.048
1.424
1.424
2.648
1.224
2.448
1.924
1.224
2.448
2.648
2.548
1.624
1.224
1.524
1.524
2.648
3.972
2.548
2.648
1.224
2.648
2.848
1.424
2.124
1.224
2.024
1.424
1.224
1.224
2.448
2.548
1.224
2.548
2.448
1.424
1.424
1.324
1.224
1.424
1.424
1.224
2.848
2.548
2.648
2.748
1.224
1.224
1.324
1.224
2.324
1.324
2.448
1.324
1.224
1.324
1.224
1.424
1.424
1.824
1.724
2.448
2.548
2.648
2.948
3.048
3.972
1.224
2.548
2.548
1.424
1.724
1.224
2.748
1.224
1.424
2.648
3.148
1.324
1.224
1.524
2.548
1.324
1.324
1.224
1.424
2.548
1.624
2.448
2.448
2.548
1.524
1.224
2.548
1.224
1.224
1.224
1.324
1.324
2.648
2.948
2.548
2.948
2.548
2.548
2.848
1.524
2.548
1.624
1.224
2.548
1.224
1.224
3.848
1.224
2.448
3.672
2.448
1.224
1.324
1.224
1.624
2.548
1.524
2.548
1.324
2.548
1.224
2.748
1.224
1.224
1.424
1.224
1.524
3.648
1.424
2.648
2.648
1.324
3.048
2.548
1.224
1.224
1.224
2.448
1.424
2.948
1.724
1.224
2.548
2.648
1.424
2.448
1.624
2.548
2.748
1.324
1.224
1.224
1.224
2.448
1.324
1.424
1.224
1.724
1.224
4.072
1.224
1.224
1.324
1.324
1.324
2.848
1.324
2.748
1.424
1.224
1.224
1.424
2.748
1.224
2.548
1.224
1.224
1.224
2.448
1.224
2.548
3.048
1.224
1.224
1.624
2.748
1.224
2.548
1.324
1.224
2.848
1.224
1.224
1.224
1.424
3.772
2.124
3.248
4.072
2.448
2.548
2.548
3.148
1.224
2.948
2.748
1.424
1.224
3.248
1.524
3.348
1.424
3.772
3.248
1.224
2.648
2.548
1.224
1.424
2.448
1.324
1.224
1.224
2.648
1.324
3.872
2.448
1.324
2.548
3.348
2.448
2.448
2.448
1.224
2.448
2.948
2.948
1.924
1.524
2.548
2.548
1.224
1.624
1.224
1.324
1.324
1.324
1.524
1.324
1.324
3.148
1.324
2.548
1.224
2.948
2.748
2.448
1.424
2.848
1.224
1.424
2.848
1.524
3.972
2.024
2.648
1.324
1.224
2.948
1.324
1.424
1.224
2.648
1.224
1.324
1.224
2.448
1.924
2.648
1.224
1.524
2.548
2.548
2.448
1.224
2.448
1.224
2.648
1.324
2.124
1.224
2.548
2.548
2.448
1.224
1.424
1.324
1.224
4.372
2.948
1.424
2.648
1.324
2.648
2.548
1.224
2.448
1.624
1.624
1.424
1.224
1.324
2.448
1.224
3.048
3.672
1.224
1.624
1.524
1.224
3.672
2.848
1.224
2.448
1.224
1.224
1.224
2.548
2.448
1.224
1.224
2.948
1.324
2.448
1.224
1.224
1.324
2.548
1.224
1.324
1.724
1.224
2.548
2.448
2.848
1.224
1.324
2.548
1.224
1.524
2.648
2.548
1.224
1.324
3.672
1.224
1.224
3.348
1.224
3.348
2.124
2.748
2.748
1.324
1.224
1.224
2.448
1.224
2.648
1.224
2.548
1.224
1.224
1.324
1.324
1.624
1.524
2.548
2.448
3.148
1.224
1.524
2.848
1.224
1.224
2.548
1.524
1.524
2.848
1.324
1.624
1.324
2.448
2.548
8.772
3.772
1.324
2.448
2.448
2.448
3.048
2.648
1.724
4.672
1.424
2.848
1.424
1.224
2.548
1.224
2.748
1.224
1.224
2.548
2.448
1.224
1.224
2.448
1.724
1.724
1.324
1.324
1.224
2.448
1.224
2.448
1.324
2.448
4.448
1.324
1.424
1.324
1.824
1.824
1.224
2.448
1.424
2.224
1.224
1.224
1.224
1.424
2.448
2.748
1.224
3.448
1.424
1.824
2.748
2.848
1.224
1.324
1.224
3.448
1.224
2.448
1.324
1.324
1.624
2.648
2.848
1.524
2.748
1.324
1.224
1.324
2.448
2.448
1.424
3.148
1.524
2.448
2.548
2.924
2.448
2.848
3.672
1.224
1.624
2.024
1.624
3.672
2.948
1.224
1.224
1.224
2.748
2.648
2.948
1.324
1.624
1.224
2.748
1.724
3.748
2.648
1.224
1.224
1.324
3.048
2.748
4.072
2.448
2.548
1.324
1.424
1.424
1.424
2.448
1.324
1.324
2.648
1.524
1.224
1.224
1.324
1.424
3.672
2.548
3.648
1.624
2.448
2.548
2.548
2.448
2.448
2.748
3.248
2.448
1.424
2.748
3.248
3.672
2.448
1.224
2.648
1.724
1.224
2.548
2.548
3.248
1.224
3.972
1.324
3.972
1.224
1.424
2.448
1.924
1.724
1.424
3.048
1.524
1.524
1.424
2.548
2.024
1.224
1.224
1.224
3.048
1.224
1.224
1.224
1.224
1.224
2.548
1.224
1.224
1.424
0
1.724
1.224
1.224
1.224
1.624
0
2.824
0
1.224
1.224
0
0
0.1
2.548
0.1
0.3
1.224
0.2
1.224
0
1.224
0
1.224
0.4
0
0
0
0.3
0.2
1.724
0.5
1.224
3.448
0
0
1.224
0
0.1
0
0.1
0
1.224
0
0.1
1.324
0
0
0.1
0
0
0.1
0
0.1
0
0
0.1
0
0.1
1.224
1.224
2.448
0.1
0.1
0
2.548
0
0
1.224
1.224
0.4
2.448
1.224
1.224
1.224
1.324
0
0
0
0
0
0
2.548
2.448
0
0.1
0
0
0
0.1
0
0
0
1.224
1.224
0.1
3.648
2.548
1.324
1.524
0.1
1.324
