0.4
0.2
2.424
0.3
1.324
1.324
1.324
1.224
1.224
1.224
1.224
2.448
1.224
1.624
1.724
0
0
0
0
0
1.224
1.224
0
0
0.1
0
0.2
0.1
1.224
0
0
1.224
1.3
0.1
0.1
0.3
0
0
0.1
0.4
0.1
2.024
0
0.3
0.1
2.244
0.2
0.8
0.1
1.324
1.224
0
1.524
0.2
1.02
0
0
0
0.2
3.044
0.6
0.3
0.2
0.7
0.5
0.3
0
0
2.544
1.1
0.3
1.224
0
0.2
2.424
0.2
0
1.42
0
0
1.524
0
1.224
0.2
0
0
0
0
0
0.5
0
0.1
0.1
0
0
2.744
2.244
0
0
0
0.2
0.3
0.6
0
0
0
0
0.6
0
0
0.5
0.1
0
1.224
0
1.22
0
0
0
0
1.5
0.1
0
0.5
0
0
0.1
1.324
0.1
2.444
0
0.1
0
0
1.224
0.5
2.444
2.344
1.524
0.4
0.1
0.1
0
1.624
0
1.02
2.344
0.4
0.2
0.1
1.224
0.2
0.3
0.2
0.5
0.3
0.1
0.2
0.1
0.1
0
0
0
0
0.3
0.2
0
0
0.1
1.5
0.2
0.3
2.244
0
2.344
2.644
1.02
0
2.244
0.2
0
1.924
1.224
2.448
1.724
2.748
3.048
2.548
1.524
2.448
1.224
2.648
1.524
2.848
2.548
2.648
2.448
1.624
0
0.3
0.2
0
0
0.2
0.8
0
0
1.424
1.224
0
1.324
0.2
0.4
0
0.1
1
0
0.4
0
0
0
1.324
2.524
1.224
1.224
1.224
1.224
1.224
1.624
1.224
1.524
1.224
1.224
0
1.324
0
2.724
1.424
0
1.424
0
1.624
1.324
1.02
0
0.1
0
0
1.224
0.4
0
0.1
0
1.02
0
1.324
0
0.1
1.324
1.224
1.224
0
0.1
1.52
1.324
0
0
1.324
0
1.224
0
0
0
1.424
0.1
0
1.224
0.1
1.324
0
0
0
1.424
1.224
1.424
0
1.224
1.224
1.224
1.224
1.224
1.224
0
0.7
0
0.1
0
0.1
0.1
0
0
0
0
0.1
0
0
0.2
0.2
0
0.2
0.3
0
1.424
0
0
1.324
0
1.224
0
1.524
0
0.1
0.4
0.4
0.1
0
0
0.1
0
0
0.5
0
0
1.524
1.424
0
0
0
0.8
0
0.1
1.224
0.9
2.04
0.2
1.524
1.524
1.224
0.4
0
1.424
0.2
0.7
1.4
0
0
0
0
0
2.848
2.648
0
1.324
1.224
1.224
0
0
1.324
0
1.224
1.224
1.324
0
1.224
0
0
0.7
0
0
0.2
1.424
2.124
0
0
0
0.1
1.224
2.124
0
0
0
1.224
1.6
0
0.4
2.448
0
0.1
0
0
1.324
1.224
0
1.424
1.224
1.324
1.224
1.224
1.424
1.224
0.8
1.724
0
0
0.1
0
0.1
0
0
0
1.224
1.424
1.224
0.1
0
1.424
0
1.324
1.624
1.324
0
0
1.224
0.2
1.324
0.4
0
0.3
1.724
0.1
1.224
0.2
0
0
0.2
1.224
0
1.324
1.524
1.224
0
0
0
1.224
0
0
0.2
0
0.1
1.424
1.324
1.324
1.224
0.4
1.424
0.2
0.4
2.424
0.6
0
2.024
0.8
0
0
1.324
1.524
0.2
0
0.4
0.1
1.324
0
0
0.1
0
0
1.224
0.1
0
1.224
0
0
1.224
1.524
0
0
0
1.324
1.824
1.224
0
2.444
0.3
0
0
1.324
1.224
0.1
0
0
0
1.324
1.224
1.324
1.224
1.424
0
1.224
1.224
0.1
0.9
1.224
0
1.224
0
1.724
1.924
1.224
0
0
1.224
1.524
1.824
1.224
0
1.424
0
0
1.224
0.4
0.1
1.224
0
0
0.1
1.324
2.224
1.624
1.324
0
0
0
1.224
1.224
0
0
1.224
1.624
1.324
0
0.1
0
0
0
0.2
1.324
0.3
1.424
1.524
1.224
1.224
0.1
1.224
0
1.224
0
0
1.224
1.324
0.6
1.424
0
1.224
0
0
1.324
1.224
0
0
1.524
1.224
1.324
0
0.2
0
0
1.224
1.224
0.1
1.224
0
0
0.1
0
1.224
0.1
0.2
1.424
0
0
0
0.1
2.024
0
0
0.4
0.2
0
0.9
1.524
1.224
0
0
0.1
1.324
0
0
1.224
1.624
0
0
1.324
0.2
1.224
1.224
0
1.224
0
0.1
1.324
0
1.524
0
0
1.424
0
0
0.2
0
1.524
0
0
0
0.3
1.224
1.224
1.424
1.324
0
0.2
1.724
0.1
1.324
1.224
0
1.224
0
0.1
1.324
0
1.224
1.224
1.424
1.224
1.324
0
1.224
1.424
1.524
1.424
0
0
0.3
0
1.224
0
1.224
1.224
1.224
0
1.424
0
0
0.1
1.224
0
0
0.3
1.224
1.224
1.224
1.324
0
0.1
1.224
0.4
0
1.624
1.424
0
1.224
0
1.224
0
0
0.1
0
1.224
1.224
0
0
1.324
1.424
0
0
0
0
0
1.224
0.1
0.7
1.324
0
1.324
0
1.324
1.224
1.224
1.624
0
1.324
0.3
1.724
0.3
1.224
1.324
1.224
1.224
1.424
0
0.1
1.424
0.1
1.224
1.224
1.224
1.224
1.1
2.924
0
0
0.3
1.224
1.224
0
1.324
1.224
0
1.424
0.1
1.724
1.324
0
0
0
0
1.224
1.224
1.224
0
1.224
1.224
1.324
0
0
1.224
1.424
0.1
0
0.1
0.3
1.324
1.324
0
0.1
0.1
1.224
0
0.1
0.3
1.224
0.1
1.224
1.224
1.224
0
0.1
0
1.424
1.324
0
1.524
1.224
1.224
1.224
0
0
1.224
1.224
1.324
0.1
1.524
1.224
0
1.224
0
0.1
0
0
1.324
0
0
1.524
1.224
0.1
1.224
0
0
0
0
0
0
0
1.324
1.224
1.324
1.224
0
0
0
1.224
0
1.424
1.224
0
1.224
1.924
0
0.1
1.224
1.324
1.224
1.324
0
1.524
0.5
0
1.824
0
1.224
1.224
0.1
1.224
1.224
1.224
2.024
0.2
0
0
1.324
0
1.224
1.324
0
1.324
1.224
0
0.4
0
1.224
1.224
1.224
0
0
0
0
0
0
1.224
0
0
0
0
0
0
0.6
1.324
1.224
0
0.1
0
1.224
0
1.624
1.224
0.3
1.324
1.224
0
0
0
1.724
2.124
1.224
1.224
0
1.224
1.324
1.224
2.124
0.1
2.824
1.324
1.424
0.1
1.224
1.224
0.4
1.224
1.524
1.224
1.224
1.224
1.224
1.424
1.224
2.344
1.224
1.424
1.324
1.224
1.324
0.3
0
1.624
0
0
0
0
0.1
0
1.824
1.424
1.324
1.224
0.4
0
0
1.224
1.324
1.324
0
0.1
0.1
2.448
2.948
2.648
1.224
1.324
1.224
0.2
1.324
1.224
0
1.324
0
1.324
1.624
1.324
1.324
1.324
1.224
1.424
1.424
0.1
0
1.424
0.3
0
1.324
2.224
1.724
0.1
1.224
0
1.224
0.1
1.424
1.324
0
1.224
0
0.6
0
0.2
0
1.224
1.224
1.424
1.224
0.2
0
0
2.344
1.12
0.6
1.324
0
0
1.324
0
0
0.1
0
0.8
1.224
0.4
1.324
0
0
1.424
0
1.224
0
1.224
1.224
0
0.1
0.2
0.2
1.224
0
0
0
1.224
1.224
1.224
3.824
0.1
1.224
0.1
1.224
0.5
0.1
0
0
2.424
1.224
0.2
0.1
0
1.224
2.448
3.448
2.448
1.924
1.424
1.424
1.224
1.324
1.224
1.424
1.324
3.468
3.044
2.448
3.448
1.224
2.548
2.448
2.548
1.524
2.848
2.648
2.648
1.224
1.324
2.448
2.548
2.948
1.224
2.448
2.548
1.524
1.224
3.248
2.648
2.548
1.224
2.448
1.224
3.448
1.224
2.448
2.448
1.524
1.324
1.324
1.324
1.224
2.344
1.524
2.648
2.448
2.648
1.224
2.948
2.448
2.448
2.448
1.224
1.324
2.648
1.624
2.548
2.448
2.748
3.568
2.648
2.448
1.524
2.548
2.848
1.424
2.548
1.224
1.424
1.424
1.324
2.448
2.648
2.344
1.224
1.224
2.448
1.224
2.448
1.224
2.448
1.424
1.224
2.448
1.324
1.724
3.568
1.224
2.448
2.548
2.748
3.048
1.224
2.448
3.244
1.224
1.224
2.448
3.548
2.448
1.424
2.648
2.224
1.424
1.224
1.224
1.324
1.224
1.324
1.424
2.448
2.448
2.448
1.224
2.948
3.568
1.224
2.448
2.448
1.224
2.448
1.924
2.448
1.924
1.224
2.548
1.224
1.524
2.848
2.648
2.948
2.548
2.548
2.448
2.724
2.648
1.224
2.448
1.224
3.148
2.448
1.224
1.424
1.224
1.624
1.524
1.324
2.448
2.848
2.648
2.648
3.048
1.224
2.648
1.424
2.448
2.448
1.424
2.548
2.448
1.224
1.224
3.468
1.224
2.448
2.448
2.648
2.948
2.448
1.824
2.748
1.524
2.848
1.324
1.224
1.324
2.448
2.124
1.824
1.224
2.244
1.324
1.324
2.548
2.648
1.524
2.848
2.948
1.224
1.524
1.424
1.524
1.824
2.448
1.224
2.748
1.324
1.324
2.124
1.224
2.648
2.548
1.224
2.548
2.748
3.468
2.448
2.548
1.224
2.648
2.448
2.648
3.148
2.648
2.948
2.648
2.548
2.448
1.324
2.448
1.624
1.224
2.548
2.448
2.648
1.724
1.324
1.324
1.224
1.624
1.224
1.324
2.948
1.724
2.648
1.324
2.448
1.624
1.224
3.468
3.148
1.324
1.224
1.224
2.448
1.224
2.448
2.448
3.648
1.224
2.548
1.224
2.448
1.224
2.448
1.324
1.224
2.548
2.448
2.448
2.748
1.824
2.948
1.424
1.224
1.324
2.848
2.748
2.448
1.324
2.448
2.448
1.424
1.224
1.524
1.324
1.224
2.548
2.548
1.224
1.324
2.648
1.624
1.224
1.324
1.324
2.648
1.224
1.224
2.548
2.448
2.648
2.448
1.224
1.224
2.548
2.448
2.648
1.324
1.524
2.448
1.724
1.324
2.448
1.224
2.448
1.324
2.448
1.224
3.468
2.448
2.548
2.448
2.448
1.424
2.848
1.224
1.324
2.448
2.548
1.324
2.548
1.224
1.224
1.524
1.324
1.324
1.224
2.648
1.224
2.548
2.548
2.648
1.224
2.948
1.524
2.024
2.244
2.748
1.224
2.648
2.448
1.924
5.088
2.024
1.224
1.224
2.548
2.448
1.724
2.344
2.448
3.048
1.224
2.344
2.448
1.224
1.324
1.424
1.224
1.224
2.448
3.568
1.324
1.224
2.448
2.548
2.448
1.424
2.648
3.648
2.948
1.424
2.448
1.424
1.224
2.548
1.524
1.424
2.748
2.448
2.448
1.224
3.568
2.548
1.324
2.548
1.224
1.824
1.224
2.448
1.824
1.324
2.648
1.824
1.424
2.648
1.824
2.748
1.224
2.548
2.448
3.148
1.224
2.448
2.748
2.748
2.448
1.324
2.548
1.224
2.948
2.548
1.224
2.548
1.424
1.224
2.448
1.224
2.448
1.224
1.524
2.944
2.544
2.448
2.244
1.624
2.448
2.244
2.448
1.224
2.548
1.924
2.648
1.224
1.224
2.648
1.324
1.224
2.448
2.244
2.448
1.424
1.324
1.324
1.224
1.224
2.448
2.224
1.424
1.324
2.748
1.424
2.448
1.224
1.524
2.448
1.424
2.448
2.548
1.324
1.224
1.224
1.324
2.548
2.848
2.548
1.224
2.448
1.224
2.448
1.224
2.448
2.448
2.448
2.448
1.224
2.448
2.848
2.648
1.324
1.224
2.448
2.548
1.224
1.324
1.224
1.324
1.424
2.448
2.448
1.224
2.448
1.824
3.048
1.424
2.748
1.224
2.448
2.448
1.224
1.224
2.448
2.548
2.448
1.224
2.448
1.224
1.324
1.624
2.948
2.448
1.224
1.724
3.668
3.548
1.424
2.548
1.224
1.224
2.244
2.548
2.948
2.848
2.448
2.448
1.224
1.224
1.324
1.224
11.108
1.324
1.224
1.324
1.524
2.748
2.848
3.048
2.548
2.648
2.748
2.448
2.548
3.264
2.648
1.224
1.224
1.324
1.224
2.448
2.448
1.224
2.548
1.224
1.224
2.448
2.448
1.224
2.548
1.224
2.548
1.624
2.424
1.524
1.324
1.224
1.324
3.648
2.548
1.224
1.324
3.348
2.448
1.324
2.648
2.948
2.548
1.424
1.324
1.324
2.444
1.324
2.748
1.824
1.724
1.524
2.244
1.624
2.448
1.224
2.448
1.224
2.748
2.548
2.648
1.624
1.424
1.324
1.224
2.548
2.448
2.344
2.648
1.524
3.768
2.448
2.548
2.524
2.548
2.448
1.424
1.224
1.624
1.924
1.724
1.224
2.648
2.448
1.224
2.848
1.224
1.524
1.524
2.244
3.148
2.244
2.548
2.648
3.348
2.448
2.448
2.448
2.244
2.848
1.224
2.848
2.548
1.324
2.548
2.748
2.648
2.948
1.224
2.448
3.248
2.024
2.548
1.224
5.608
1.524
2.448
1.224
1.224
4.048
2.648
1.324
1.324
1.324
2.448
2.448
2.548
2.948
2.648
2.448
3.568
1.524
1.224
1.324
2.448
2.848
3.848
1.224
1.324
2.748
1.824
1.224
1.524
2.548
1.724
1.324
2.548
1.224
3.048
2.848
2.848
3.668
3.348
2.748
3.148
1.224
2.948
1.224
2.748
2.548
2.948
2.448
2.548
1.224
2.448
1.224
2.748
1.224
0.1
0
0.1
0.1
0.1
1.224
0
0.5
0
1.2
0
1.224
0
0
1.02
0
0
0.1
0
1.624
0
0
0
1.324
0
0
1
0
1.224
0
1.924
1.624
1.3
1.424
0
0.8
1.524
1.224
0
2.244
1.224
0
0.2
0
0
0
0
0.1
0
0
0.1
1.324
0.1
0.1
1.424
0.2
1.524
0
0.1
0
0
0
0
0.2
0.4
1.224
1.224
0
0
1.224
1.224
0
1.724
0
1.324
1.524
0.1
0
1.224
0.1
1.424
1.224
1.524
1.524
0.3
0.1
1.424
1.224
1.224
0
1.524
0.1
1.224
0
1.224
0
1.224
0.1
1.6
0.1
0.1
0.9
0.6
0.6
