1.624
0
0
0.1
0
1.224
1.224
1.224
2.448
1.224
2.648
1.324
1.324
1.324
1.724
0
0
0
0
0.1
0
0
0
0
1.324
0
0
0
0
0
0
0
1.824
1.224
0.2
1.324
1.224
1.224
0
1.324
1.324
0.5
0
0
0
0
0.1
0.1
1.324
1.424
0
0.1
1.324
0
0
0
1.224
0
1.424
0.1
0
0
0
0.3
0.1
1.324
0
0
0.1
0.2
1.524
1.324
1.324
1.224
0.1
1.424
0
0.1
0
1.224
0.1
0
0.1
0
0
0
0
0
0
0.2
1.224
0.1
0.1
0
0
1.324
1.424
1.224
0
0
0
0.1
0.1
1.224
0
1.224
1.224
0.5
0
1.224
1.224
0
1.224
0
0.1
0.1
1.224
0
1.224
1.424
0.4
0
0
1.324
0
1.224
1.224
0.1
0
0.1
1.324
0.1
0.1
0
0.1
0.2
0.1
0
0
2.036
1.324
0
1.836
0
0
0.1
0
0
1.224
0
0
1.324
1.324
1.224
1.324
1.324
0.1
0
1.324
0.1
1.224
0
1.224
0
0
0
0
1.224
0
0.3
1.224
1.424
0
1.224
0
0
0
0
0.1
1.524
1.524
0.4
1.224
1.224
1.324
1.324
1.324
1.224
1.324
1.224
1.324
2.548
2.548
1.424
1.324
1.324
1.224
2.548
1.224
0
1.324
0
0
0
3.46
0
1.224
1.224
0
1.224
0
3.16
0.2
0
3.06
0.5
3.06
0.1
0
1.836
0
0
0.2
0
0
0
0
0
0
1.224
0
0
0
0
0.1
0
0.3
0
0
0.1
0
0.2
0.1
0
0
0
0
0
0
0.4
0
0
0.1
0
0
0
0
0
0
0
0
1.224
1.224
0.1
0
1.224
0
0
1.224
0
3.06
1.224
1.224
0
0.1
0
0
0
1.224
1.224
0
0
0.3
0
0
1.224
0
0
0
0
0
0
0
0
0
0
0
0
0.1
1.224
0
1.224
0
0
0
0
0
1.424
0
1.324
0.1
0
0
0
0
0
1.224
0
0
0
1.224
0
1.424
0
0
1.224
0
0
0
0
0.1
0
0
0.2
0.1
0
0
0
1.524
1.224
0
1.224
0.5
0
1.324
1.836
1.224
0
0.2
1.224
1.224
1.324
0.2
0.1
0
0.1
1.224
0
0
2.448
2.548
0
1.224
1.224
0
0
0
1.224
0
0
0.1
0
0
0.1
0
0
0
0
0.1
0
0
0.3
0
0
0
1.836
0
1.224
1.424
0.1
0
1.224
0.1
0
0
1.224
0
1.424
1.224
0
0
0
1.224
0.1
0
1.224
0
0
1.836
0
0.3
0.1
1.224
1.836
0
0
3.16
0
0
0
0
0
0
0.2
1.224
0
0
1.224
0.1
0
0
1.224
0
0
0.1
0
3.06
1.224
0
1.224
0
0
0
1.224
0
0
0
0
0.1
0
0
0
0
0
0
3.06
0
0
0
0.2
0
0.1
0
0.1
0.2
0
0.1
0.1
0.1
0
0
1.324
0
1.224
0
0
0.1
0
0.2
0
0
0
3.06
0.1
0
0
0
1.324
0
0
1.224
0
0
0
1.836
1.836
0
0
0.1
0
0.1
0.1
0
1.224
0
0
0
0.4
0.1
0
1.224
0.1
0
0
0
0.1
0.1
1.224
0
0
0
0
1.224
1.836
0
0.1
0.4
0
1.836
1.224
0
0
0.1
1.224
1.836
0
1.224
1.224
0
1.224
0.1
0
0
1.224
0
0.1
0
0.1
0
3.06
3.06
0
0.1
0.1
1.224
0.1
0
0.2
0
1.836
0
1.224
0.1
0
0.1
1.224
1.224
0.1
1.224
1.224
0
0.1
0
0
0
0
0
0
0
1.224
0
0
0
0
0
0
0
1.224
0
0
0
0
1.836
0
0
1.224
0
0
1.836
0
1.224
0
0
0
0
0
0.1
0
0
0
3.06
0
0.2
0
0.1
0.1
0
0
1.524
0
1.224
0
0
1.836
0
0
0
0.2
1.224
0
0
0
3.06
0
0
0
0
0.1
0
0
0
0
1.224
0
0.1
1.224
1.224
0
0
0
0
1.224
3.16
0.1
0
0
0
0
0
0
0.2
0
1.224
0
0
0
0
0
1.224
1.224
0
0
0
0
0
0
0
0
1.424
0.1
1.224
1.324
0.1
1.224
0
0
0
0.1
0
0
0
0
0
0
0
0
0
0.1
0
0
0
1.224
0
0
0
1.936
0.1
0.2
0
1.224
0
1.224
0
0
0
1.224
0
0.1
0
0
0
0
0
0
3.06
1.224
0
0.1
0
0
0.2
0
0.1
0
0
0
0
0
0.1
0.1
1.224
0.1
0.1
0
0
0
0.1
0
1.224
0
1.224
0
0
0
0
0
0
0.4
1.424
0
0
0.2
0
0
1.224
0
0
0
0.1
0
0.1
1.224
3.06
0
0
1.224
0.1
0
0
0
1.224
1.224
0
3.16
0
0
0
0
1.224
0
0.1
0
0
0
0
0
1.224
0
0
0.2
0
1.224
0
0
0
0
0.1
3.06
0.1
0
1.224
0
0
0
0
0
0
0
0
0.1
0
0
0
0
0
0.1
0
1.224
1.224
1.224
0
1.836
0
0
1.324
0
0
1.224
0
1.224
0
0
0
0
0
0
0
0
3.06
0
0
0
0.1
0
0.1
1.224
0
0
0
0
0.1
1.224
0
0
0.1
1.324
1.224
0.1
0
1.224
0
1.224
0
0
0
0.2
1.424
1.224
0
0.1
0
0
0.1
0
0.1
1.224
0
1.224
0
1.224
0
0
0.1
0
0
0
0
0
0
3.06
3.06
0.1
0
0
0
0
0
0.1
1.224
0.1
0
1.224
0
3.26
0
1.224
0
0
0.1
3.06
0
0
0
0
0
0
0.1
1.224
0
1.324
0
0.3
0.1
1.936
0.1
0
0
0.1
0
0
0
0
0
0
0
1.836
0
0
0
0
0
0.1
0.1
0
0
0
1.836
3.06
1.224
0
0
0.2
0
0.1
0
0.1
0
0
0
0
0
0
0
0
1.224
2.548
1.224
0
0
0
0
1.836
0
0
0
0
0
0
0
0
0.2
0
0.1
0
1.224
1.224
0
0.1
0
0
0.1
0.1
0.1
1.224
0.1
0
0
0
0
0
0
0
0.2
1.836
0
0
1.224
0
0
0
0
0.1
0
0.1
1.224
0
0
0
1.224
0
1.324
1.324
0
1.224
0.1
0
1.224
1.424
1.224
0
0.1
0
1.224
0
0
0.1
1.224
0
0
0
0
1.224
0
0
0
0
0
0.9
0
0
1.224
0
0.2
0
0
0
1.524
1.224
0
0
3.06
0
1.224
2.748
2.548
2.648
1.224
2.548
2.448
1.224
2.548
1.224
1.224
1.424
2.848
1.324
1.324
1.224
2.548
2.548
1.224
1.324
1.224
1.424
1.324
1.324
1.224
1.224
2.548
2.648
1.224
1.224
2.448
2.648
2.448
1.524
1.324
1.324
1.224
1.224
1.224
1.424
1.524
1.324
1.224
2.748
1.224
1.224
1.324
1.224
1.224
1.324
2.548
2.448
1.224
1.224
1.424
1.324
2.548
1.224
1.224
1.224
1.324
2.948
1.224
1.224
1.324
1.224
1.224
1.224
1.224
1.224
2.748
2.448
1.324
1.224
2.548
2.448
2.448
1.224
1.324
1.224
1.224
1.224
1.224
2.448
1.324
1.224
1.224
2.848
1.324
2.448
1.224
2.448
1.324
1.224
1.224
2.448
1.424
1.424
2.448
1.224
1.624
4.284
2.548
1.224
2.948
1.424
1.324
1.224
1.524
2.548
1.224
1.224
1.224
1.224
2.548
2.648
1.224
1.224
2.448
2.448
1.324
1.324
1.224
2.448
1.224
2.448
1.324
1.824
1.224
2.548
1.324
1.324
1.224
1.424
2.648
1.224
1.524
2.448
1.224
2.648
1.624
1.224
2.448
1.224
1.224
1.324
1.224
1.224
1.224
2.648
3.148
2.448
2.448
1.324
2.648
1.224
1.324
1.324
1.224
1.424
1.324
1.224
1.224
1.224
2.548
1.224
2.548
2.448
1.324
1.224
1.224
1.224
1.224
1.224
1.224
2.748
2.548
2.448
2.548
1.424
1.224
1.324
1.324
1.424
1.824
2.448
1.224
1.224
1.224
1.224
1.224
1.224
1.324
1.524
2.448
1.224
2.548
2.648
2.748
2.448
1.224
2.548
2.448
1.524
1.524
1.224
2.648
1.224
1.224
1.224
2.548
1.224
1.224
1.224
2.548
1.224
1.224
1.224
1.324
2.548
1.424
2.448
1.224
2.448
1.324
1.224
4.284
1.324
1.324
1.224
1.224
1.624
1.224
2.548
4.384
4.284
2.548
4.284
3.148
1.724
2.448
1.424
1.224
1.224
1.224
1.224
2.848
1.324
2.448
2.448
1.224
1.224
1.324
1.224
1.424
2.448
1.524
2.448
1.224
4.384
1.224
2.548
1.224
1.324
1.224
1.224
1.324
3.048
1.324
2.748
2.448
1.224
2.848
2.648
1.224
1.224
1.224
2.448
1.224
2.448
1.224
1.224
4.284
2.548
1.224
2.548
1.424
2.448
2.648
1.324
1.224
1.224
1.224
1.224
1.224
1.224
1.324
1.224
1.224
2.448
1.224
1.324
1.224
1.324
1.224
2.748
1.224
2.948
1.224
1.224
1.224
1.224
2.548
1.224
2.448
1.224
1.224
1.224
2.448
1.224
2.448
2.648
1.324
1.324
1.424
2.448
1.324
2.448
1.224
1.224
2.848
1.224
1.224
1.224
1.324
2.448
1.524
2.648
2.548
2.448
2.448
4.484
2.848
1.224
2.548
2.948
1.224
1.224
2.548
1.224
3.048
1.224
2.448
1.324
1.224
2.848
2.448
1.224
1.324
2.548
1.224
1.224
1.224
1.224
1.224
2.448
1.224
1.224
2.448
2.648
2.448
2.448
2.548
1.224
2.548
2.548
2.748
1.524
1.324
2.548
1.224
1.224
1.324
1.424
1.324
1.224
1.224
1.324
1.224
1.324
2.648
1.324
2.448
1.224
1.424
1.224
2.448
1.524
4.384
1.224
1.724
1.224
1.224
2.648
1.224
2.648
1.224
1.224
2.448
1.324
1.224
1.224
2.648
1.224
1.224
1.224
2.448
1.324
1.324
1.324
1.224
2.448
1.224
2.448
1.224
2.448
1.224
2.448
1.424
1.424
1.224
2.548
2.448
1.224
1.224
1.424
1.324
1.224
2.548
2.548
1.224
2.448
1.224
2.548
2.448
1.224
2.548
1.224
1.324
1.224
1.224
1.324
2.448
1.224
1.224
2.448
1.224
1.324
1.624
1.224
2.448
2.748
1.224
2.448
1.224
1.224
1.324
2.448
2.448
1.224
1.324
3.448
1.324
2.448
1.224
1.224
1.424
2.748
1.224
1.224
1.224
1.224
1.224
2.548
2.648
1.224
1.224
2.448
1.224
1.224
1.224
2.448
1.224
1.224
2.448
1.224
1.224
2.648
1.224
2.848
1.724
2.648
2.748
1.324
1.224
1.224
2.548
1.324
1.224
1.224
2.448
1.224
1.324
1.424
1.224
1.224
1.524
2.548
2.448
3.148
1.224
1.424
2.548
1.224
1.224
2.448
1.424
1.424
2.548
1.524
1.224
1.224
1.224
2.548
2.448
2.448
1.324
6.384
2.448
3.348
2.648
2.648
1.324
2.748
1.324
2.548
1.324
1.224
2.448
1.324
2.548
1.224
1.224
2.448
2.648
1.224
1.224
2.448
1.424
1.224
1.224
1.424
1.224
1.224
1.224
2.448
1.324
2.548
2.848
1.324
1.224
1.224
1.324
1.424
1.224
1.224
1.324
1.324
1.224
1.224
1.224
1.424
2.548
2.548
1.224
2.448
1.324
1.324
2.448
2.748
1.624
1.324
1.324
2.748
1.224
2.648
1.324
1.224
1.224
2.548
1.224
1.224
2.548
1.224
1.224
1.424
2.448
2.448
1.224
2.448
1.224
2.448
1.324
2.424
2.648
2.448
2.448
1.224
1.224
1.624
1.824
2.448
2.548
1.224
1.224
1.324
2.448
1.224
2.548
1.424
1.224
1.224
2.448
1.324
1.524
2.548
1.224
1.224
1.324
3.148
2.448
2.648
1.224
2.748
1.224
1.224
1.224
1.424
2.448
1.324
1.224
2.648
1.424
1.224
1.224
1.324
1.224
2.448
2.448
2.748
1.424
2.448
2.548
2.448
2.448
2.448
1.324
2.848
2.448
1.324
2.448
2.848
2.448
2.448
1.224
2.548
1.224
1.224
2.448
2.448
2.948
1.224
2.448
1.224
2.448
1.324
1.224
2.548
1.524
1.224
1.224
2.448
1.524
1.424
1.224
1.324
1.724
1.324
1.324
1.324
2.448
1.224
1.224
1.224
1.224
1.224
1.224
1.224
1.224
1.224
0
1.524
1.224
1.224
1.224
1.224
0
0.4
0.1
1.224
1.224
0
0
0
1.224
0
0.1
0
0
0
0
1.224
0
1.224
0.4
0
0
1.836
0.3
0
1.324
0.2
1.224
1.524
0.1
0
3.06
0
0
0
0
0
1.224
0
0
1.424
0
1.836
0
0.2
0
0
0
0
0
0
0
0
0
1.224
0.1
1.224
0
0
0
1.224
0
0.1
0
0
0
1.224
3.16
1.324
1.224
0
0
0.1
0
0.1
0
0
1.324
1.224
0.1
0
0
0
0
0
0
0
0
1.224
1.224
0
1.924
1.224
1.424
1.324
0.2
1.324
