1.324
0.3
1.924
0.1
1.224
1.224
1.324
1.224
2.448
1.224
2.548
2.548
1.324
1.324
1.524
0
0
0
0
0
1.424
1.524
0
0
1.224
0
0
0.1
1.224
0
0
1.224
2.124
1.224
0
1.224
1.224
1.324
0
1.524
1.324
1.824
0
0.1
0
1.224
0
0.1
1.524
2.648
1.224
0.1
2.948
0
0
0
1.224
0.2
1.324
1.424
0.5
0.3
0.1
0.1
0.2
1.224
0
0.2
1.324
0.7
1.424
2.648
1.424
1.224
1.824
1.624
0
0
0
1.224
1.524
0
1.224
0
0
0
0
0
0
0.3
1.224
0.1
0.2
0
0
2.448
2.548
1.224
0
0
0
0.3
0.2
1.224
0
1.224
1.224
1.1
0.2
1.324
1.624
0
1.224
1.224
0.2
0.2
1.324
0
1.224
1.324
1.1
0
0
1.424
0.1
1.224
1.324
1.224
0.1
1.624
1.324
0.1
0.1
0.2
1.724
0.3
1.324
1.224
1.224
0.3
1.324
0
0
1.424
0
0
1.324
0.1
1.424
0
1.224
1.324
1.224
1.224
1.324
1.624
0.1
0.2
1.424
0
1.224
0
1.324
0
0
0
0
1.324
0
0.7
1.224
1.424
1.324
1.224
1.224
1.824
0
0
1.324
1.724
1.424
2.124
1.224
2.448
1.324
2.748
2.548
2.548
1.324
2.448
1.624
3.972
2.448
2.548
2.448
2.848
2.448
2.748
1.224
0.2
1.224
0
0
0.2
1.524
0
1.224
2.648
1.224
1.224
1.224
1.324
0.2
0
1.224
1
1.324
0.5
0
0
0
1.224
1.724
1.224
1.224
1.224
1.224
1.224
1.324
2.448
1.224
1.224
1.224
0
1.324
0
2.224
1.324
0
1.424
0.1
1.424
1.224
0.2
0
0
0
0
1.224
0.1
0
0.1
0
0
0
1.324
0
0.1
1.224
1.424
1.224
1.224
1.224
0.1
1.324
1.224
0.1
1.224
1.224
1.224
1.224
1.324
1.224
1.224
0.3
0
1.224
0
2.648
1.224
0
0
1.424
1.224
1.224
1.224
1.224
1.224
1.224
1.224
1.224
1.224
0
0.2
0
0
0
0
0
1.224
0
1.224
0.1
0.1
0
0
0.1
1.224
0
1.324
0.2
0
1.224
0
0
1.224
1.224
1.224
0
1.224
1.324
0
1.524
0.2
0.1
1.324
0
0
0
0
0.4
0
0
1.224
1.224
0
0
0
2.024
1.224
0
2.448
0.4
0
1.424
1.624
2.448
1.224
0.2
1.224
2.548
1.324
0.4
0.9
0
0
1.224
0
0
3.772
3.672
0
2.448
2.448
1.224
0
0
2.448
0
1.224
1.224
1.324
0.1
1.224
0
0
0.4
0.1
0
0
1.224
1.424
0
0
0
0
1.224
2.548
1.224
0
0
2.448
0.5
0
0
2.448
0
1.424
1.224
0
1.224
1.224
1.224
1.224
1.224
2.448
1.224
1.224
1.324
1.224
0.2
1.524
1.224
0
0
0
1.424
0
0.1
0.1
1.324
1.224
1.424
0.3
1.224
1.224
0
2.448
1.224
1.224
0
1.324
1.224
0
1.224
0
1.324
1.424
1.224
1.424
1.224
0
0
1.324
0.1
1.224
0
1.224
1.324
1.224
0
0
0
1.224
0
1.224
0.1
0
0
1.624
1.224
1.224
1.224
0
1.224
0
0.1
1.724
0.1
0
1.624
1.924
0
1.224
1.224
1.224
0
0
0
0.1
1.224
0
1.224
0.2
0
0
1.224
1.224
0
1.224
1.224
0
1.224
1.224
0
0
0
1.224
1.724
1.224
0
1.324
0.1
1.224
0
1.224
1.224
0
0
0
1.224
1.324
1.224
1.224
1.224
1.324
0
2.448
1.224
0
0.8
1.224
1.224
1.224
0
1.224
1.524
1.324
0.1
1.224
1.224
1.324
1.424
2.448
0
1.224
1.224
1.224
1.324
1.524
0
1.224
0.1
1.224
0
1.424
1.424
1.224
1.224
1.224
1.224
0
1.224
1.224
1.224
0.1
1.224
1.224
1.224
0
0.1
1.224
0.1
0
0
2.548
1.224
1.324
2.448
2.448
1.224
0
1.224
0.1
1.224
0
0
1.224
1.224
1.724
1.224
0
1.224
0
0
1.224
1.224
1.224
0
1.224
1.224
1.224
0
0
0
1.224
1.224
1.324
0
1.224
1.324
0.1
0
0
1.324
0.1
0
1.224
0
0
1.224
0
1.424
0
0
0.3
0
0
1.924
1.224
2.448
0.1
0
0
1.224
0
0
1.324
2.948
0
0
1.224
1.224
1.424
1.224
0.2
1.224
0
0
1.224
0.1
1.224
1.224
0
1.424
1.224
1.224
0
0
1.224
0
1.224
1.224
0.1
1.224
1.224
1.324
1.224
0
0
1.524
0
2.648
1.224
0
1.224
0
0
2.448
1.224
1.224
1.324
1.324
1.224
1.224
0
1.224
1.324
2.548
1.224
1.224
1.324
0
1.224
1.224
0
1.224
1.224
1.224
0.1
1.224
0
0
0
1.224
0
0
0.1
1.224
1.224
1.224
2.448
0
0
1.224
0.1
0
1.324
1.224
1.224
1.224
1.224
1.224
0
0
1.324
0.1
1.824
1.224
0
0.2
1.224
1.224
0
1.224
1.224
0
0
1.224
0.2
0.7
1.224
0
1.224
0
1.224
1.224
1.224
1.524
0.1
2.548
0.1
1.224
0
1.224
1.224
1.224
1.224
2.448
0
1.224
1.224
0.2
1.224
1.324
1.224
1.224
0.3
3.748
0.1
0
0.1
1.224
1.224
1.224
1.324
1.224
0
1.224
0
1.224
2.448
1.224
0
0
1.224
1.224
1.324
1.224
0
2.448
2.448
1.224
1.224
0
1.224
1.224
0.2
1.224
0.1
0.1
1.324
1.224
0
0.2
0
2.548
0
0.1
0.1
1.224
1.224
1.224
1.324
1.224
0
0.2
1.224
1.324
1.224
1.224
1.424
1.224
1.224
1.224
0
0
1.224
1.224
1.224
0
1.224
1.224
0.1
1.224
0
0
1.224
1.224
2.548
0
0.1
1.224
1.224
1.324
1.224
0
1.224
0
1.224
0
0.1
0
1.424
1.224
1.224
1.224
0
1.224
0
1.324
0
1.224
1.224
0
2.448
1.324
0
0
1.224
1.324
2.448
1.324
0
1.224
1.524
1.224
1.324
0
2.448
1.224
1.324
1.224
1.224
1.324
1.324
1.924
1.224
0
1.224
0
1.224
1.224
0
1.324
2.448
0
1.424
0
2.448
1.224
1.224
0
0
0.1
0
0.1
0
1.224
1.224
1.224
0
0
0
0
0.1
1.224
1.224
1.224
0.1
0
2.448
0
2.748
1.224
1.424
1.224
1.224
0.1
1.224
0
1.324
1.524
1.324
1.224
0.1
1.224
2.448
1.324
2.748
0
1.324
1.424
1.424
0.1
1.224
1.224
0.1
1.224
1.224
1.224
1.224
1.224
1.224
1.324
1.224
1.224
1.224
1.324
1.324
1.224
1.424
0.4
0
1.324
0
0
1.224
1.224
0
0.1
1.424
1.224
1.224
1.224
0.1
0
0
1.224
1.324
1.424
0
0.1
0
2.448
4.972
2.548
1.224
1.224
1.224
0.1
1.324
1.224
0
1.224
0
1.224
1.424
1.224
1.324
1.224
1.324
1.224
1.324
1.224
1.224
1.224
0.1
0
1.324
1.524
1.624
0.2
2.448
0
1.224
0.2
1.324
1.324
0
1.224
0
0.1
0
0
0
2.448
1.224
1.324
1.224
0.2
0
0
1.324
1.224
0.2
1.324
0
1.224
1.224
1.224
1.324
0
1.224
0.1
1.224
1.424
2.648
1.224
0
1.424
0
1.224
0
1.224
1.324
1.324
0.1
0.2
0
1.224
1.324
0
0
1.224
1.224
1.324
3.324
0
1.224
1.324
1.324
0.4
0
0
0
3.148
2.548
0.1
0
1.224
1.224
2.448
4.272
3.972
2.448
1.224
2.448
2.448
1.224
2.748
1.324
1.224
2.748
2.848
2.648
2.748
1.224
3.672
3.672
2.548
1.624
2.748
2.448
2.448
1.324
1.324
2.648
4.372
4.572
1.224
2.448
3.672
2.748
2.448
3.148
2.548
2.648
1.224
2.548
1.224
2.848
1.424
2.448
2.448
2.748
1.524
1.324
1.424
1.224
1.324
1.424
4.572
3.672
2.448
1.224
2.848
2.548
3.872
2.448
1.324
1.324
2.648
2.748
2.548
2.448
2.948
2.548
2.748
2.548
1.424
2.448
5.472
2.648
2.448
1.224
2.448
2.448
2.448
2.648
2.448
1.224
1.224
1.224
2.648
2.448
2.448
1.224
2.448
2.848
1.224
3.672
1.324
2.548
2.448
1.324
2.548
3.672
2.548
2.748
2.448
2.448
2.124
2.448
2.448
2.848
4.172
2.748
1.524
2.648
2.024
2.448
1.224
1.224
1.224
1.224
2.548
2.548
2.448
2.548
3.772
2.448
2.748
2.848
1.224
3.672
2.448
2.448
2.548
1.524
2.448
2.848
1.224
2.948
1.324
1.424
4.472
2.548
3.448
3.972
2.748
3.772
1.524
2.448
2.448
2.548
1.224
2.548
2.448
1.224
1.324
2.748
3.148
2.548
2.448
2.448
3.972
2.448
2.448
2.848
1.224
2.848
1.424
2.448
2.448
1.224
3.672
2.448
2.448
2.448
2.448
1.224
2.548
2.548
2.448
2.748
2.548
2.448
3.772
2.648
4.272
1.524
1.224
1.224
2.448
1.724
1.524
2.448
1.224
1.524
1.224
2.648
2.448
1.224
2.748
2.748
2.448
1.324
2.648
2.548
2.548
3.672
1.224
4.072
2.448
1.724
1.424
1.224
3.872
2.448
1.324
2.648
4.772
2.548
2.448
2.648
2.448
2.548
2.448
2.448
2.648
3.772
3.248
3.672
2.548
3.672
1.324
2.448
2.448
1.324
2.548
2.448
2.448
1.524
1.224
2.448
2.448
2.648
2.448
2.448
3.972
1.624
3.672
1.624
2.848
1.524
1.224
2.448
5.172
1.324
2.448
2.548
2.448
1.224
2.448
2.448
2.848
2.548
2.548
2.448
2.748
2.448
2.448
2.448
1.224
2.448
2.448
2.448
4.248
3.148
2.748
2.548
2.448
1.224
4.472
4.472
2.448
1.324
2.448
3.672
1.224
2.648
1.224
1.224
2.448
3.672
2.448
2.448
1.524
3.872
2.548
1.224
1.224
1.224
2.448
1.224
1.224
2.848
2.748
2.648
2.648
2.448
1.224
2.448
2.448
2.548
1.324
2.848
2.548
2.848
1.224
2.448
1.224
2.548
2.548
2.448
2.448
2.448
2.448
2.448
3.672
2.448
2.548
4.472
1.324
1.324
2.748
3.772
1.224
3.772
1.224
1.224
3.048
1.224
1.224
1.224
2.548
2.548
2.648
4.772
4.472
2.448
3.972
2.548
2.948
1.224
4.472
2.748
2.548
2.448
3.048
2.548
3.048
1.224
2.448
2.548
2.448
3.248
2.448
2.548
2.548
2.548
1.424
2.548
1.224
1.224
1.224
2.548
1.224
2.648
3.772
2.648
2.448
3.672
3.672
2.548
2.548
4.872
4.472
3.148
1.524
3.872
1.224
1.224
2.748
1.224
1.724
2.448
2.548
2.548
1.224
2.448
3.772
1.224
3.672
1.224
1.324
1.224
3.772
1.424
2.548
2.548
1.924
1.424
2.548
2.848
2.548
2.548
2.448
2.448
3.872
1.224
2.548
2.548
4.872
2.448
1.224
2.448
2.448
2.548
2.548
1.224
2.448
2.448
1.224
3.672
1.224
3.672
1.324
2.448
1.524
2.024
2.448
2.448
2.448
2.448
1.224
2.548
1.224
2.448
2.748
3.772
1.224
2.548
2.448
2.448
2.448
2.448
2.448
2.448
1.324
1.324
1.224
1.224
2.448
2.448
1.924
2.448
1.224
2.748
1.824
2.448
2.448
2.648
2.548
2.448
2.448
2.448
1.424
2.448
2.448
1.224
2.548
4.472
2.448
2.648
2.448
1.224
2.448
2.548
2.448
2.448
2.648
2.448
1.224
3.672
3.772
2.648
1.224
2.448
2.448
2.548
1.224
2.448
1.224
1.224
2.548
2.448
2.448
2.648
2.448
2.948
2.848
2.448
4.872
1.324
2.548
2.548
2.448
1.324
2.648
2.448
3.672
1.224
2.448
1.424
1.324
1.324
3.148
3.772
2.448
3.048
2.548
2.748
2.848
2.448
1.224
2.448
1.224
2.648
4.072
2.548
2.748
2.548
1.224
2.448
2.648
2.448
2.748
2.648
2.448
2.548
2.648
7.672
2.848
4.472
2.548
4.272
3.148
2.448
3.672
1.224
4.372
1.224
1.224
2.548
2.448
2.448
2.448
2.448
2.548
1.224
1.224
2.448
2.448
1.324
2.448
2.448
2.448
2.448
3.548
1.524
1.224
1.224
1.224
2.848
2.448
1.224
1.324
2.648
2.648
1.324
2.648
2.448
3.772
2.448
1.324
2.648
1.424
1.224
3.772
2.948
1.424
1.324
1.324
3.048
2.448
2.448
2.648
1.324
2.748
3.972
2.548
1.224
2.748
1.224
1.224
2.448
3.672
2.448
2.548
2.848
2.948
3.772
2.448
2.424
3.972
3.672
2.748
1.224
1.324
1.724
1.624
2.448
3.972
2.448
1.224
2.748
2.448
1.424
2.548
1.224
2.548
1.324
3.972
2.848
3.048
3.772
2.448
2.548
1.324
4.372
2.448
4.272
2.448
2.648
2.448
2.448
2.448
2.648
2.448
2.648
2.848
2.548
2.548
1.224
2.548
1.424
2.548
2.448
2.448
4.472
2.948
2.448
2.548
2.448
3.872
3.772
2.448
4.472
3.772
2.448
3.772
2.948
2.448
2.448
2.548
3.972
2.948
1.224
2.548
3.872
2.848
1.224
2.648
2.448
2.548
1.324
2.448
2.448
2.748
2.948
2.648
4.072
2.848
2.948
2.748
1.224
2.948
1.224
3.048
2.448
4.172
2.548
2.448
1.224
2.448
1.224
2.548
1.224
1.224
1.224
0
1.524
1.224
2.448
1.324
1.524
0
0.9
0
2.448
1.224
0
0
0
1.224
0.1
0.2
1.224
0.1
0
0
2.448
0.1
1.224
1.2
0
1.224
0
1.524
1.224
1.824
1.524
1.224
1.824
1.424
1.224
1.224
1.224
1.224
0
0
0
1.324
0
0
1.324
0
0
0
1.224
0
0.1
1.224
0
1.324
0
0
0
0
1.224
0.1
1.324
0.3
1.224
1.224
1.224
0
1.324
1.224
0
1.424
1.224
2.548
2.448
1.224
0
1.224
0.1
1.224
1.224
1.224
1.424
1.324
1.324
1.224
1.324
1.224
0
1.224
0.1
1.224
0
1.224
1.224
1.224
0.1
1.824
1.224
1.324
1.624
0.3
1.524
