0.8
0.4
3.624
0.2
2.548
1.324
1.624
1.224
1.324
1.224
1.524
2.448
2.948
2.024
2.424
0
1.224
0.1
0
0.1
1.424
1.224
0
0
0.1
0
0.1
0.4
1.324
0.1
0
1.324
1.4
0
1.524
0.5
0.3
0.2
0.2
0.6
0
2.524
0
0.2
0
1.224
0.2
1.824
0.2
1.524
1.224
0.1
1.824
1.224
0.1
0
1.224
1.424
0.2
1.624
2.724
1.524
0
0.6
0.8
0.1
1.224
1.224
1.424
3.424
0.5
3.148
1.224
0.3
3.024
0.5
1.224
0.4
1.224
0
2.924
1.324
1.224
1.224
0
1.224
1.224
0
0
2.424
0
0.1
1.424
1.224
1.224
1.524
1.624
1.324
0.1
0.1
0
2.124
1.824
0.1
0
0.1
0
1.1
1.224
0.1
1.924
1.224
0.1
2.448
0.2
0.3
0.1
1.224
0.1
0.1
4.724
0
0
1.724
1.324
0.1
0.5
1.324
0
3.448
0.6
0
1.524
0.2
1.624
0.6
1.724
2.548
1.524
1.1
0
1.424
1.224
2.024
1.224
1.224
1.424
1.324
0.1
1.224
1.224
0.1
0.1
0
0.9
1
1.424
0.1
0.5
0.1
0.1
1.324
0.1
1.324
0.3
1.324
0.1
1.224
0
3.1
1.224
2.024
2.548
0.3
2.548
1.724
1.324
1.224
1.324
0.7
0.5
4.148
1.324
3.972
2.124
4.272
4.048
3.872
2.648
3.672
1.424
2.748
1.524
4.372
3.872
2.548
2.548
1.324
0
0.8
1.424
0
0
1.524
1.7
1.224
0.1
1.624
1.324
0.3
1.224
0.4
0.7
1.224
0
3.424
0
2.324
0
1.224
1.224
1.324
2.624
1.324
1.224
1.424
1.224
1.324
2.324
2.448
1.424
1.224
2.448
0.1
1.224
0.1
5.148
1.224
0
1.524
0
2.124
1.524
0
1.224
0
1.224
1.224
1.324
1.5
0
1.324
1.324
1.224
0.1
1.224
1.224
1.624
1.324
1.424
1.524
1.224
0.1
0.3
1.224
1.224
0.9
1.224
0
1.224
0
0
0.1
1.424
2.024
0
1.224
1.224
2.448
1.224
1.224
1.224
2.848
1.224
2.648
0
1.224
1.324
2.448
1.324
1.224
1.224
1.224
2.324
0
0
0
0.1
1.324
0
0
1.324
0.5
0.1
0
1.224
1.824
1.524
0
1.624
1.224
1.324
2.448
0
0
1.324
0
1.324
0
1.324
0
0.1
0
0.1
1.424
0
1.224
0.2
0
1.224
1
1.224
0
1.824
1.324
1.224
0.1
0
1.1
0
1.224
1.324
3.124
1.324
0.3
1.624
1.524
1.524
0.2
1.524
1.424
1.324
3.124
4.024
0
0
0.1
1.524
0
4.372
2.448
0
1.424
1.224
2.448
0.1
0
1.224
0.1
1.224
1.224
1.224
0.1
1.224
0
1.224
1.824
0
0
0.1
1.324
2.224
0
1.224
0
0.2
1.324
1.624
0.1
0.1
0
1.324
1.8
1.224
0.5
2.448
0
0.3
0
0
1.324
1.224
0
2.548
2.548
1.224
2.448
2.448
1.524
1.324
1.4
1.524
1.424
0
0
1.224
0.3
0
1.224
1.424
1.324
1.324
1.324
0.7
0
1.724
0.1
2.648
1.424
1.424
1.224
1.324
1.424
0.4
1.424
0.7
0
1.524
1.524
0.1
1.224
0.2
1.324
0
0.1
1.224
1.224
2.448
1.524
1.224
0.1
0.1
0
3.148
1.224
0
0.3
1.324
0.1
2.024
1.224
2.448
1.424
0.4
1.624
1.324
0
2.824
0.6
0
1.924
1.2
0
0.3
2.024
1.824
0.1
1.224
0.1
0.5
2.448
0
0
0
0.3
0
2.548
0
0.2
2.448
0
1.224
1.324
2.548
0.1
0
0.1
1.224
2.524
1.224
0
2.848
0.3
0
0.1
2.448
1.324
0.9
0
1.224
0
2.748
1.324
1.224
1.224
2.448
0
1.224
1.324
1.324
2.424
1.324
1.224
1.324
0.1
1.624
3.348
2.448
0
0.1
1.224
1.624
2.124
1.224
0
2.648
0
0
1.224
0.3
0.4
2.448
1.324
0
0.2
1.224
2.024
1.624
2.548
0.1
0
0
1.224
1.524
0
0.1
1.224
1.724
1.324
0
1.524
0.2
1.224
1.224
1.324
1.224
1.724
1.524
1.324
1.224
1.224
0.1
2.448
0
1.424
0.1
0
1.224
1.324
1.5
1.424
0
2.548
0
0.1
1.224
1.324
0
0
1.324
1.324
1.224
1.324
0.2
0
1.224
1.224
1.524
0.1
1.224
1.224
0.1
1.524
0
1.324
0.2
0.3
1.324
0
0
0
1.324
1.524
1.324
0
0.4
0
0.1
2.4
1.624
1.224
0
0.1
0
2.448
0
0.3
1.324
2.124
0
0
2.648
0.2
1.324
2.548
0
1.224
0
0
1.224
0.3
1.524
0
1.224
1.624
0
0
0.6
0
1.524
1.224
0
0
0.2
1.524
1.224
1.224
1.324
0
0.3
2.524
0.1
1.624
1.324
1.224
2.448
0
0
2.548
0
1.224
1.424
1.324
1.224
2.948
0.1
2.448
1.624
1.524
1.724
0
0
0.5
0
1.324
0
1.224
2.748
1.324
0.3
1.824
0.1
0
1.324
1.224
0.3
1.224
0.6
2.448
1.224
1.224
1.224
0
1.624
2.448
0.3
0
1.624
1.524
0
1.224
1.224
1.224
0
1.224
0
0.1
1.424
1.424
0
0.1
1.624
1.324
1.224
0
0
0.1
0
1.224
0.1
1.5
1.324
0.4
1.224
0
1.224
2.448
1.224
1.924
0.1
1.324
1.224
1.724
1.424
1.224
1.324
1.324
2.448
1.224
1.224
0.3
1.524
1.324
2.448
1.324
1.224
2.448
2.3
3.324
0.2
0.2
1.924
2.548
2.448
0
1.224
1.224
0
1.324
1.224
1.924
1.824
0
1.224
0
0
1.224
1.224
1.224
0
1.424
1.324
1.324
0
1.224
1.324
1.324
0.4
1.224
0.4
0.3
1.324
1.324
0
1.324
0
1.224
1.224
0.2
2.324
1.324
0
1.324
1.224
1.224
0
1.624
1.224
1.224
1.324
0
1.624
1.224
1.224
1.524
0
0.1
1.224
1.324
1.324
0
2.448
1.424
0
2.448
0.1
0
0
0.1
1.224
1.224
1.224
2.748
1.224
0.1
1.324
0
0
0
0
0
1.324
0
2.024
1.224
2.448
2.448
0
0
1.224
2.448
1.224
1.424
1.224
0
1.224
3.348
1.224
0
1.224
1.324
1.224
1.224
0
1.424
0.1
0
3.448
1.324
1.224
2.448
0
2.548
1.224
1.324
1.924
2.124
0.1
0
1.224
0
1.324
1.324
0
1.424
1.224
0.1
0
0.1
1.224
1.324
1.224
0.1
0
0.1
1.224
0
1.324
2.548
0
0
0.1
1.224
1.224
1.424
0.9
2.748
1.224
1.224
0.2
0
1.224
1.224
1.924
2.548
0.5
1.424
1.224
0.3
1.224
0
1.924
2.524
1.224
2.448
0.2
2.448
1.324
2.548
2.024
1.424
3.448
2.748
1.824
1.524
1.524
2.448
1.924
2.448
1.224
1.424
1.424
1.224
1.224
1.424
1.324
2.448
1.224
1.524
1.724
1.224
1.624
1.724
1.224
3.048
1.224
0
0
0.1
0.1
0.3
3.248
1.624
1.524
1.224
1.924
0
1.224
1.224
1.224
1.324
1.224
2.024
1.524
2.448
3.448
2.848
1.324
2.648
2.448
1.724
1.224
1.224
1.224
2.448
1.224
1.224
1.524
1.224
1.224
1.424
1.224
1.624
2.748
0
0.1
3.048
0.4
0
1.424
2.924
1.724
0.5
1.324
0
1.224
1.524
3.048
1.324
1.324
2.448
0
2.2
0
1.524
0
1.224
1.224
3.148
1.224
0.6
0
0
1.524
0.2
2.224
1.224
1.324
0
1.224
0
0.1
0.1
0
2.324
1.224
0.9
1.324
0
1.224
1.924
1.224
2.448
0.1
1.224
1.224
0.1
0.5
1.224
0.3
1.324
0
0.1
0
1.224
1.424
1.324
4.924
0
1.324
0
1.224
1.6
0.1
0.2
0.1
2.824
1.324
1.224
0
0
2.448
2.548
4.248
2.848
2.224
1.424
1.324
1.324
2.548
1.324
2.848
1.624
2.448
2.324
2.548
3.048
1.524
4.272
2.448
2.848
3.348
3.748
3.872
3.872
1.324
2.648
4.572
2.948
2.848
2.448
2.648
2.648
1.624
1.224
4.848
2.748
2.948
2.448
2.648
1.324
3.348
2.648
2.448
3.972
1.924
2.648
2.548
2.748
1.524
1.324
3.248
3.348
2.448
3.772
1.224
11.872
2.448
2.448
2.548
2.548
2.748
4.072
2.424
2.448
2.448
3.648
2.548
2.548
4.372
2.848
2.448
3.148
1.424
2.548
1.224
1.424
2.948
2.448
2.548
2.548
1.424
2.448
1.524
4.372
2.448
2.548
2.648
2.448
2.224
2.448
2.448
2.548
2.324
2.648
1.424
2.648
2.448
2.648
10.248
1.724
2.448
3.124
1.224
1.224
2.848
3.748
4.172
3.548
3.772
2.224
2.648
1.224
1.224
1.424
1.424
1.524
1.624
2.548
2.448
2.748
1.324
2.948
2.548
2.548
2.448
3.772
2.448
2.648
2.424
2.548
2.124
1.324
2.648
2.748
2.948
3.248
3.348
4.372
2.948
2.548
2.448
4.348
2.648
1.224
2.748
2.448
3.148
2.648
2.748
2.948
1.524
2.724
2.448
1.224
2.548
3.648
2.548
2.848
9.448
1.324
4.772
2.024
2.448
2.448
1.224
2.648
2.448
1.224
1.224
2.548
1.224
2.448
3.772
4.272
4.072
2.648
1.824
4.672
2.948
3.148
1.524
1.224
1.524
2.548
5.248
2.024
1.224
2.448
2.748
1.324
3.672
2.848
2.848
3.048
3.148
1.224
2.948
1.724
2.748
2.648
2.548
2.448
3.048
1.224
2.024
3.748
2.448
2.648
2.548
2.548
2.748
4.148
2.448
2.448
3.872
1.424
2.848
3.772
2.648
3.548
4.472
3.448
2.848
2.448
3.872
2.548
2.548
1.224
1.324
2.648
2.548
2.548
2.724
2.648
1.424
1.224
2.324
1.324
1.524
3.648
2.024
2.448
3.548
2.448
2.948
2.448
2.448
4.148
1.424
1.224
2.448
2.648
2.648
3.972
2.448
4.272
1.624
4.772
2.448
2.948
1.324
2.448
1.524
2.448
2.548
2.448
3.672
2.948
3.224
3.772
1.424
1.324
2.448
3.648
3.048
2.648
3.048
2.548
2.448
2.748
1.724
3.248
1.224
1.424
2.548
2.648
1.324
1.324
2.648
1.824
2.548
1.424
1.424
2.448
1.224
2.448
4.572
2.848
2.848
2.448
1.224
2.448
2.448
2.648
2.948
1.224
2.224
2.848
2.024
2.448
3.672
2.448
2.748
1.524
2.448
1.224
2.448
2.448
3.672
2.448
2.448
2.848
3.448
1.224
2.448
4.472
2.948
2.748
2.748
3.448
1.224
2.224
2.748
1.524
2.448
3.148
1.424
3.548
3.548
3.148
2.448
2.848
1.524
2.924
1.224
3.248
1.524
3.972
2.448
3.024
3.148
3.224
1.324
1.224
4.472
3.672
1.724
1.324
2.448
3.248
1.224
1.424
2.448
2.448
1.524
1.424
2.748
1.324
2.748
2.548
1.624
1.224
2.448
2.448
2.448
1.624
3.748
4.348
3.848
3.348
2.848
1.224
2.648
4.672
1.924
1.624
2.448
2.748
4.072
1.224
2.948
3.148
1.324
2.648
1.224
3.048
1.324
2.448
1.924
1.424
3.772
3.348
2.848
3.872
3.248
3.248
1.324
2.548
2.548
6.072
2.548
3.772
2.948
2.848
2.548
2.648
2.448
2.448
3.848
2.748
1.324
2.848
2.748
2.548
2.448
2.548
2.448
2.448
1.224
1.524
1.524
2.748
1.224
1.224
2.448
1.224
2.648
2.548
3.672
2.024
2.748
2.548
1.524
2.748
1.324
1.224
2.648
1.224
4.172
2.948
2.648
1.224
1.424
1.224
2.448
3.748
1.324
2.448
3.248
2.424
3.872
2.448
1.624
2.648
1.424
2.448
2.448
1.224
1.224
1.224
1.224
3.872
4.048
2.548
1.424
2.448
2.448
2.548
2.024
2.848
4.572
4.372
2.448
2.448
2.548
2.848
4.272
1.424
1.424
3.672
3.048
1.224
1.224
2.748
2.448
2.448
2.448
2.648
1.924
2.448
3.748
3.848
1.624
2.648
1.724
2.448
2.548
1.524
1.324
3.872
2.548
2.448
1.224
2.448
1.724
2.448
2.748
4.772
2.648
1.224
2.224
2.448
3.972
1.924
2.448
1.224
1.224
1.324
4.072
4.072
3.972
4.372
2.548
1.224
1.324
1.724
1.224
2.848
1.324
1.224
1.524
2.124
2.848
14.772
4.348
2.948
3.248
3.972
3.672
2.548
1.224
3.248
1.224
1.224
1.324
1.224
2.448
3.672
1.224
2.948
2.748
2.448
2.448
3.672
2.448
2.448
1.224
2.848
2.948
5.548
2.748
2.748
1.324
2.948
5.448
3.772
2.548
2.548
4.048
2.448
1.224
2.648
2.848
2.548
1.324
1.324
1.824
1.224
1.924
3.048
2.024
1.824
1.724
1.224
2.724
2.648
1.524
2.448
1.224
2.748
3.048
2.648
2.748
1.624
1.324
1.224
2.948
2.448
1.324
2.648
1.824
2.948
2.648
2.448
5.724
2.748
2.548
1.324
1.324
3.248
9.324
3.224
1.224
3.048
2.448
1.224
3.148
2.848
2.748
1.724
1.624
2.748
1.524
3.048
3.848
6.772
2.448
2.648
2.448
2.448
3.248
1.224
3.748
2.548
1.224
2.548
2.948
2.748
2.448
1.224
2.748
4.572
2.024
3.348
2.948
2.748
2.648
4.072
1.224
1.324
3.548
2.948
1.224
1.324
1.324
2.448
3.772
4.172
5.072
2.748
4.672
2.948
2.024
1.324
1.224
4.072
3.048
3.748
2.448
1.224
2.548
2.324
1.224
1.424
2.748
3.348
2.648
2.948
1.424
3.648
4.772
3.772
3.048
4.672
2.648
3.248
1.324
3.048
1.224
4.772
2.448
2.848
2.448
2.548
2.448
2.548
1.224
3.048
2.448
1.324
0.1
0
0.5
0.3
1.224
0.4
0.3
1.224
2.3
0
1.324
0
1.324
1.224
0
0
0
0.1
1.224
0.2
1.224
0
1.324
0.1
0
2.1
0.2
2.448
0
2.424
1.524
2.724
1.924
1.224
1.4
1.824
1.324
0
1.224
1.224
0.2
0.5
1.224
1.224
0.1
0.1
0.2
1.224
0
0
1.224
0
0.4
1.224
1.624
1.624
0
0.1
0.1
1.224
0
0.2
0.1
2.524
1.224
1.424
0.1
1.224
1.224
1.224
0.1
2.924
0
1.324
1.724
0
1.224
2.448
0.2
1.224
2.448
1.224
1.424
0.1
0.3
1.224
2.448
2.448
1.224
2.848
1.624
1.224
1.224
2.448
0
2.748
0.3
3.7
0.1
0
0.5
0.7
0
