3.448
0.6
3.224
0.4
1.224
1.724
1.524
1.224
2.748
1.224
2.848
2.548
1.724
2.024
2.524
0.1
0
0
0.1
0
1.424
1.624
0
0
1.524
0
1.324
0.3
1.324
0.1
0
1.324
4.024
1.324
0.3
1.824
1.324
1.324
0.1
1.824
1.324
4.148
0.1
0.1
0.1
1.224
1.624
1
1.724
3.248
1.224
0
3.948
0
0.3
0
1.224
0.2
1.624
2.124
1.9
0.8
0
1.5
2.124
1.824
0
0
1.524
0.8
2.324
3.348
1.724
1.224
4.748
2.324
0
0.4
0.1
1.324
1.524
0
1.324
0.1
0
0
0.1
0
0
1.2
1.224
0.1
1.424
0
0
2.748
2.848
1.524
0.1
0
0
1.4
1.1
1.324
1.224
1.424
2.448
2.2
0
1.424
3.548
1.324
1.324
1.324
0.3
0.2
2.648
0.1
1.524
1.324
3.8
0
0.2
2.524
0.2
1.324
1.424
1.324
0
2.224
3.148
0.1
0.2
0.1
2.948
0.9
1.324
1.324
1.524
2.124
1.324
0.3
0
1.924
0
0
1.524
0.1
1.424
0.1
1.224
1.524
1.324
2.448
2.924
2.124
1.424
0.5
3.148
0.2
1.524
0
1.224
1.224
1.724
0
0.2
1.424
1.224
3.8
1.224
2.324
2.648
1.224
2.448
2.224
0
0
1.424
2.224
2.524
3.424
1.324
2.648
3.048
3.848
3.748
2.848
1.724
2.448
1.724
4.072
2.948
3.648
2.848
3.448
2.448
3.872
1.224
0.6
1.524
0
1.224
0.5
2.924
0
1.224
3.148
1.624
1.424
1.224
1.324
0.5
0
1.224
4.224
1.224
2.524
0
0
0
1.224
2.724
1.224
1.224
1.624
1.224
1.224
1.524
2.448
1.524
1.224
1.224
0
1.324
0
4.124
1.224
1.224
1.624
0
2.124
1.824
0.2
1.424
0.2
1.224
0
1.324
1.8
0
0.3
0.1
0
0
1.224
0
0.4
1.524
1.424
1.424
1.224
1.424
0.4
1.224
1.224
0.7
1.224
1.224
1.224
1.224
1.324
1.224
1.224
1.1
0
1.224
0.1
3.672
2.548
1.224
0
1.924
1.224
1.424
1.324
1.324
1.324
1.224
1.224
1.224
1.224
0
1
0
1.224
0
1.324
0.1
2.448
0.3
2.448
0
0.3
0.1
0
0.6
1.724
0.1
1.324
0.3
0
1.624
0
0
1.424
1.224
2.448
0.1
2.448
2.448
0.1
2.848
2.124
0.6
1.224
0
0
0.1
0
2
0.2
0.1
1.724
1.324
0
0
0
3.948
1.224
1.224
2.548
2.8
1.524
2.024
1.924
2.748
1.624
1.924
2.448
3.972
2.548
1.5
4.324
0
0.1
1.224
1.324
0
4.272
4.072
0
2.548
2.448
1.324
0.1
0.1
2.448
0
1.224
1.224
1.324
0
1.224
0
0
0.7
0
0
0.1
1.324
1.824
0
0
0
0.1
1.324
3.248
1.424
0
0.1
2.448
1.5
0
0.3
2.448
0
1.624
1.224
0
1.224
1.224
1.224
1.724
1.224
2.448
1.224
1.224
1.524
1.224
1.4
1.624
1.324
0
0
0.4
1.424
0
1.324
0.1
1.224
1.324
1.924
1.2
2.448
1.424
0
2.548
1.824
1.524
0
2.748
1.524
0.1
1.524
0.1
1.224
3.448
1.624
2.548
1.224
1.624
0
2.548
0.1
1.224
0
1.324
1.424
1.224
0.2
0
0
1.924
0.1
1.224
0.3
0.1
1.224
2.324
1.724
1.224
1.324
0.9
1.324
0
0
2.924
1.524
0
1.924
3.124
0
1.524
1.824
1.824
0.4
0
0.1
0.3
1.224
0
1.224
0.4
0.2
0
1.224
1.424
0.1
1.224
1.224
0
1.324
1.324
0.1
0
0.1
1.324
3.324
1.224
0.1
1.424
0.5
2.448
0
1.224
1.424
0.7
0
0
1.224
1.324
1.224
1.224
1.224
1.224
0.1
2.548
1.224
0
3.024
1.324
1.224
1.324
0
1.724
2.224
1.224
0.2
1.224
1.224
2.224
2.124
2.448
0
1.424
2.448
1.524
1.224
1.524
0.2
1.224
0.3
1.424
0.2
1.524
1.824
1.624
1.224
1.224
1.224
0.2
1.224
1.224
1.424
0.2
1.224
1.724
1.224
0
0.2
1.224
0
0
1.824
2.548
1.624
1.524
2.648
2.548
1.224
0
1.224
0
1.424
0
0
1.224
1.324
2.824
1.724
0
1.424
0
0
1.224
1.324
1.224
0.1
1.224
1.324
1.324
1.324
0.8
0
1.224
1.324
1.424
0
1.224
1.324
0
0
0
1.424
0.2
1.324
1.424
0
0
1.224
0
2.224
0.2
0
0.8
0
0
3.824
1.624
2.448
0
0.1
0
1.224
0
0.2
1.424
3.448
0
0
1.324
1.324
1.224
1.224
0.1
1.224
0.1
0
1.224
0.2
1.524
1.224
0
3.448
1.224
2.448
0.6
0
1.324
1.224
1.224
1.224
0.2
1.624
1.224
1.624
1.324
0
0.1
1.924
0.1
3.148
1.224
0.2
1.324
0
0.1
2.748
1.224
1.224
1.324
1.224
1.224
1.924
0.1
1.224
1.424
2.748
1.324
1.224
1.324
0.7
1.224
1.224
0
1.324
1.524
1.324
0.2
1.624
0
0
0.1
1.324
0.2
0
0.3
1.224
1.224
1.324
2.448
0
0.2
2.448
0.4
0.2
1.624
1.524
1.224
1.424
1.324
1.224
0
0
2.448
0.1
1.924
1.224
0.1
0
1.324
1.324
0
1.224
1.324
0
0
1.424
0.1
3.224
1.324
0.2
1.224
0
1.324
1.224
1.224
2.424
0.2
3.672
0.1
1.224
1.324
1.324
1.424
1.224
1.224
2.548
0
1.524
1.324
0.3
1.324
1.224
1.324
1.224
2.4
5.148
0.3
1.524
0.5
1.224
1.224
1.224
1.324
1.224
0
1.324
0.1
2.024
2.548
1.224
0
0
1.224
1.224
1.524
1.324
0.1
2.448
2.448
1.324
1.624
0
1.224
1.224
0.5
1.224
0.4
0.1
1.424
1.224
0.1
0
0
3.672
0
0.5
0.9
1.524
2.448
1.224
1.324
1.224
0
1.324
1.224
1.424
1.324
2.448
3.348
1.324
1.224
1.324
0
0
1.324
1.324
1.424
0
1.324
1.224
0.1
1.224
0
0
2.448
1.224
2.548
0
0
1.324
1.324
1.224
1.224
0
1.224
0.1
1.224
0
0.1
0
2.124
1.324
1.224
1.224
0.1
1.224
0
1.424
0
1.424
1.324
0
2.548
3.424
1.324
0
1.224
1.224
2.448
1.524
0
1.724
2.224
2.548
1.824
1.224
3.772
2.548
1.224
1.224
1.224
1.224
1.524
2.624
1.224
0
1.224
0
1.324
1.324
0.2
1.324
2.448
0
2.948
0.1
2.448
1.724
1.224
0.3
0.1
0
0
0
0
1.324
1.224
1.224
0
0
0
0.5
0.8
1.624
1.224
1.224
0.2
0
2.448
0
3.448
1.224
1.924
2.948
1.224
0.3
1.224
0
1.624
2.524
1.324
1.224
0
1.224
2.848
1.224
4.672
0.2
2.124
1.424
1.924
0.1
1.524
1.224
1.1
1.624
1.424
1.324
1.224
1.224
1.224
1.624
1.224
1.224
1.224
1.524
1.624
1.324
1.424
0.9
0
1.924
0
0.1
2.448
1.224
0
0.1
1.424
1.324
1.524
1.224
1.4
0
0
1.224
1.224
1.424
0
0.2
0.4
2.548
4.672
4.672
1.324
1.424
1.224
0.4
1.224
1.324
1.224
1.324
0
1.224
1.524
1.224
1.324
1.624
1.224
1.824
1.224
1.224
1.224
1.724
0.3
0
1.524
2.524
1.624
0.5
2.548
0.1
1.224
0.3
1.524
1.424
0
1.224
0
2.1
0
2.324
0.1
2.448
1.424
2.024
1.224
0.3
0.2
1.324
1.524
1.524
0.8
1.624
0
1.424
1.324
1.224
1.224
0.1
1.224
1.8
1.424
2.924
3.048
2.448
1.224
1.424
0
1.224
0.1
1.224
1.324
1.324
0.8
1.324
0.2
1.224
1.324
0.3
0
1.224
1.224
1.324
5.624
1.324
1.324
2.848
1.324
1.2
0.2
0.2
1.324
4.448
2.648
0.1
0.1
1.224
1.324
2.548
8.172
4.072
4.448
2.948
2.748
2.748
1.224
2.748
1.624
1.624
2.648
6.048
2.448
3.448
1.224
5.696
3.672
2.548
2.824
4.648
2.548
2.748
1.324
2.848
3.448
4.572
4.872
1.324
2.448
4.072
3.648
3.672
5.948
3.148
2.848
1.324
3.148
2.448
3.648
1.624
2.448
2.748
3.748
1.524
1.424
1.424
2.548
2.448
2.024
5.172
3.672
2.648
1.224
5.048
2.448
3.972
2.448
1.324
2.848
2.548
6.072
2.448
2.548
3.448
3.048
2.648
4.148
1.624
2.548
4.472
3.448
2.648
1.224
3.872
2.848
2.548
2.848
4.072
1.324
1.324
2.848
2.748
3.672
2.648
1.224
2.448
4.648
1.424
3.672
2.648
3.748
2.748
1.524
2.748
4.996
3.348
4.448
4.472
2.448
3.224
2.448
3.672
2.948
7.372
3.148
3.324
2.848
2.724
2.648
1.224
1.224
1.324
2.748
4.472
2.948
2.648
2.448
3.772
2.648
3.548
2.648
1.324
3.772
2.448
3.672
3.048
3.848
2.448
3.548
1.224
3.548
1.324
2.124
4.972
3.148
4.048
4.172
2.648
3.872
3.924
2.748
2.548
4.372
2.548
3.048
2.548
1.924
2.224
3.748
6.872
2.848
2.648
2.448
6.072
4.272
2.948
5.248
1.324
4.348
2.224
2.448
2.448
2.748
4.072
2.448
2.448
2.448
2.448
1.624
2.648
2.548
2.548
3.248
2.548
3.848
3.972
2.848
5.872
2.324
1.224
1.424
2.448
4.024
2.924
2.448
1.224
1.624
1.424
2.848
3.048
1.824
4.148
3.448
2.448
2.748
2.748
3.448
3.848
4.996
1.224
4.872
2.448
3.024
2.924
1.224
4.272
2.448
1.224
3.672
5.572
2.448
2.448
2.948
2.748
2.548
2.548
2.448
4.048
6.172
3.648
4.572
4.072
4.172
1.724
2.448
2.848
1.224
2.548
2.448
2.948
2.324
2.448
2.948
2.548
3.048
2.448
2.548
5.372
3.524
3.772
2.724
2.948
2.748
1.224
2.448
9.672
1.724
2.648
3.772
3.772
1.324
2.548
2.448
3.848
2.848
3.148
2.448
2.748
2.648
2.448
2.848
1.224
2.648
2.748
2.448
2.948
7.648
3.148
2.748
2.648
1.324
6.272
4.772
2.548
1.924
2.548
3.672
1.624
2.948
2.424
1.324
2.548
3.972
2.748
2.548
1.524
4.072
4.248
1.424
1.324
1.524
2.648
2.448
1.324
4.348
2.548
2.948
2.448
3.972
1.324
2.548
2.748
3.048
1.224
5.248
2.748
3.548
1.524
2.448
1.324
2.748
2.948
2.448
2.848
2.448
2.448
2.548
3.772
2.448
3.448
5.872
1.324
1.524
3.448
4.472
1.724
4.372
1.724
1.224
5.348
1.524
1.424
1.224
2.848
4.172
4.448
5.972
6.596
2.448
4.372
3.148
5.148
1.224
5.472
2.848
2.948
2.448
7.648
3.148
7.048
1.324
3.772
4.672
2.448
3.848
2.548
2.548
3.148
2.448
1.224
2.548
1.224
2.748
1.724
4.172
2.448
2.448
3.872
2.948
2.448
3.772
3.772
2.448
2.848
4.772
7.172
3.948
2.424
4.672
2.448
1.324
4.448
1.524
1.924
2.748
2.948
3.248
1.324
2.748
4.472
1.924
3.972
1.324
3.748
2.648
3.672
1.924
2.548
2.948
2.624
2.748
2.648
6.172
3.748
3.148
2.548
2.548
5.272
1.324
2.548
3.348
4.372
2.548
1.424
2.448
2.448
3.548
3.972
1.424
2.748
3.048
2.848
3.672
1.324
3.672
1.424
2.648
2.424
2.424
2.448
2.448
2.848
3.672
1.324
3.048
1.424
2.448
5.772
4.572
1.524
3.048
2.748
2.948
2.448
2.548
2.448
3.448
1.724
1.824
1.424
1.324
2.648
2.448
4.148
3.772
1.224
3.048
3.124
2.448
3.672
4.148
2.548
2.548
2.448
2.448
1.224
2.948
2.448
1.324
3.148
6.372
2.448
2.748
2.448
1.324
2.648
2.948
2.448
3.048
3.848
2.448
2.448
3.872
4.872
2.748
1.624
2.548
2.448
3.048
2.448
2.548
1.424
1.524
3.772
2.448
2.448
3.648
2.448
7.548
6.348
3.348
4.572
1.524
2.448
2.448
2.948
1.724
3.772
2.448
3.972
1.224
2.548
1.824
1.424
1.824
5.748
3.972
2.648
5.948
2.848
3.048
3.148
2.548
1.224
2.548
1.624
3.248
4.372
3.848
3.048
2.448
2.548
2.948
4.672
3.672
3.048
2.748
2.448
3.048
3.648
4.472
4.348
20.196
2.548
5.072
3.248
2.448
3.672
1.224
4.472
1.324
1.224
3.148
2.648
2.448
2.448
2.548
3.248
1.624
1.324
2.548
2.448
2.948
2.448
2.748
2.748
3.248
7.648
1.524
1.524
1.224
2.224
4.548
2.648
2.448
1.724
4.248
2.448
1.224
2.748
3.748
4.072
3.648
1.624
3.548
1.624
2.024
5.072
5.248
1.924
1.524
1.224
4.548
2.748
2.648
2.548
1.724
3.048
4.372
4.372
1.524
3.148
1.324
1.224
2.948
3.672
2.648
2.648
3.548
3.048
3.872
3.972
5.824
4.372
4.072
4.072
1.524
3.624
4.224
3.324
3.672
4.772
2.448
1.224
3.248
3.048
2.648
3.648
1.324
2.848
1.524
4.272
4.548
7.272
3.772
2.748
2.448
1.224
6.072
2.648
6.996
3.672
2.648
2.548
3.048
3.048
3.548
2.448
3.048
3.748
5.048
3.048
1.824
2.648
1.724
2.948
3.672
2.548
5.772
3.448
2.548
2.948
2.748
3.972
3.672
3.872
5.972
3.772
3.248
5.172
3.648
3.772
2.548
2.548
4.472
3.848
1.324
2.748
4.372
4.048
1.224
4.172
3.148
4.272
1.924
2.448
2.448
4.048
3.948
2.948
4.272
3.648
3.148
3.448
2.748
4.148
1.324
3.548
2.748
4.472
2.548
2.848
1.224
2.448
1.224
4.372
1.324
1.424
1.224
0.1
2.224
1.324
2.448
1.324
2.324
0
4.024
0.1
2.448
1.224
0
0
0
2.448
0.1
0.4
2.548
0.1
1.224
0.1
2.448
0.1
1.224
3.4
0.1
1.224
0
2.324
1.824
3.224
2.024
1.224
4.148
1.724
1.324
1.224
1.224
1.224
0
0.3
0
1.324
0.2
0
1.524
0
0
0
1.324
0
0.1
1.424
0.6
1.424
0
0
0
0.2
1.224
1.424
2.548
1.1
1.324
1.224
2.748
0
1.224
2.448
1.224
3.024
2.448
2.648
2.748
1.224
1.324
1.224
0
1.224
1.224
1.224
1.624
2.748
2.848
1.324
1.324
1.224
0
1.424
0.3
1.224
0
1.224
1.224
1.324
0.4
6.148
2.648
1.324
2.724
1.7
2.224
