0.2
0.3
2.024
0.1
2.548
1.224
1.224
1.224
1.324
1.224
1.224
2.448
2.548
1.524
1.324
0
1.224
0
0
0
1.224
1.424
0
0
0.1
0
0
0.2
1.324
0
0
1.224
0.4
0
1.324
0.1
0
0.1
0.1
0.2
0.1
2.024
0
0
0.1
1.224
0
1.324
0.4
1.324
1.224
0.3
1.524
1.424
0.1
0
1.224
1.324
0
1.524
1.424
1.324
0.2
0.3
0
0
1.324
1.424
1.224
1.524
0.2
2.648
1.224
0.1
1.624
0.1
1.224
0.1
1.224
0
1.324
1.224
1.224
1.324
0
1.224
1.224
0
0
1.424
0
0
1.424
1.224
1.224
1.224
1.224
1.224
0
0
0.1
1.324
1.424
0
0
0.1
0
0.5
1.224
0.1
1.524
1.224
0
2.448
0
0.2
0
1.324
0
0.1
1.524
0.1
0
1.324
1.324
0
0.2
1.324
0
2.448
0.2
0.2
1.324
0.1
1.324
0.6
1.224
2.448
1.424
0.1
0
1.224
1.224
1.624
1.224
1.324
1.324
1.224
0.1
1.324
1.224
0
0
0
0.4
0.1
1.224
0.2
0.1
0
0.1
1.224
0
1.224
0
1.424
0
1.224
0
1
1.224
1.324
2.448
0.1
2.448
1.524
1.224
1.224
1.224
0.2
0.2
3.448
1.224
3.672
1.524
3.772
2.548
3.772
2.448
3.672
1.324
2.448
1.324
4.172
3.672
3.048
2.548
1.224
0
0.1
1.324
0
0
1.324
0.4
1.224
0
1.224
1.224
0
1.224
0
0.2
1.224
0
1.824
0
1.524
0
1.224
1.224
1.424
1.524
1.224
1.224
1.224
1.224
1.224
1.424
2.448
1.324
1.224
2.448
0
1.224
0
3.248
1.324
0
1.224
0
1.324
1.224
0
1.224
0.1
1.224
1.224
1.224
0.3
0
1.224
1.324
1.224
0
1.224
1.224
1.324
1.224
1.424
1.224
1.224
0.1
0.1
1.224
1.224
0
1.224
0
1.224
0
0.1
0
1.224
1.424
0
1.224
1.224
2.548
1.224
1.224
1.224
3.348
1.224
2.548
0
1.224
1.224
2.548
1.224
1.224
1.224
1.224
1.324
0
0
0
0
1.224
0.1
0
1.224
0.1
0.1
0
1.224
1.424
1.324
0
1.224
1.224
1.224
2.548
0
0
1.224
0
1.224
0
1.224
0
0
0.1
0.1
1.324
0
1.224
0
0
1.224
0.2
1.224
0
1.624
1.324
1.224
0
0
0.5
0
1.224
1.224
1.824
1.224
0.1
1.224
1.224
1.424
0.1
1.224
1.324
1.224
1.424
1.924
0.1
0
0
1.224
0
3.872
2.448
0
1.224
1.224
2.448
0
0
1.224
0
1.224
1.224
1.224
0.1
1.224
0
1.224
1.424
0
0
0.1
1.224
1.324
0.1
1.224
0
0.2
1.224
1.224
0
0
0
1.224
0.6
1.224
0.1
2.448
0
0.1
0
0
1.224
1.224
0
2.448
2.448
1.224
2.448
2.448
1.324
1.224
0.3
1.324
1.424
0
0
1.224
0.1
0
1.224
1.324
1.224
1.224
1.424
0.7
0
1.224
0
2.448
1.224
1.224
1.224
1.424
1.224
0
1.324
0.1
0
1.324
1.224
0.1
1.224
0
1.224
0
0
1.224
1.224
2.448
1.224
1.324
0.1
0
0
2.748
1.224
0
0.1
1.224
0
1.324
1.224
2.548
1.224
0
1.324
1.224
0.1
1.524
0.1
0
1.424
0.1
0
0
1.424
1.224
0
1.224
0.1
0
2.448
0
0
0
0
0
2.448
0.1
0.1
2.448
0
1.224
1.224
2.448
0
0
0
1.324
2.124
1.224
0
2.548
0
0
0
2.448
1.224
0
0
1.224
0
2.448
1.324
1.224
1.224
2.548
0.1
1.224
1.224
1.224
1.724
1.224
1.224
1.224
0
1.324
2.448
2.548
0.1
0
1.224
1.424
1.324
1.224
0
2.448
0
0.1
1.324
0.1
0.3
2.448
1.324
0
0
1.324
1.824
1.224
2.448
0.1
0
0.1
1.324
1.224
0.1
0
1.224
1.224
1.224
0
1.224
0
1.324
1.224
1.224
1.224
1.324
1.224
1.224
1.324
1.224
0.1
2.448
0
1.224
0
0
1.224
1.224
0.3
1.224
0
2.448
0
0
1.224
1.224
0.1
0
1.224
1.224
1.224
1.224
0.1
0
1.224
1.224
1.324
0
1.224
1.224
0
1.224
0
1.424
0
0.2
1.224
0
0
0
1.224
1.324
1.224
0
0.2
0
0
0.3
1.424
1.224
0
0
0.1
2.448
0
0
1.224
1.924
0
0
2.448
0
1.324
2.448
0
1.224
0.1
0
1.224
0
1.224
0
1.224
1.624
0
0
0.1
0
1.224
1.224
0
0
0
1.224
1.224
1.224
1.224
0
0
1.424
0
1.424
1.224
1.224
2.448
0
0
2.448
0
1.224
1.324
1.224
1.224
2.448
0
2.448
1.424
1.224
1.324
0
0.1
0.3
0
1.224
0
1.224
2.448
1.224
0
1.324
0
0
1.224
1.224
0
1.224
0
2.448
1.224
1.224
1.324
0
1.324
2.448
0
0
1.224
1.224
0
1.224
1.224
1.224
0
1.224
0
0
1.324
1.224
0
0
1.224
1.324
1.224
0
0
0
0
1.224
0
0.3
1.224
0
1.224
0.1
1.224
2.448
1.224
1.824
0.1
1.224
1.224
1.324
1.324
1.224
1.224
1.224
2.448
1.224
1.224
0
1.224
1.224
2.448
1.224
1.224
2.448
0.3
3.124
0
0
1.324
2.448
2.448
0
1.224
1.224
0
1.224
1.224
1.324
1.224
0
1.224
0
0
1.224
1.324
1.224
0
1.224
1.224
1.324
0.1
1.224
1.224
1.224
0
1.224
0.2
0
1.224
1.224
0
1.324
0
1.224
1.224
0.2
1.424
1.224
0
1.224
1.224
1.224
0
1.224
1.224
1.224
1.224
0
1.524
1.224
1.224
1.224
0
0
1.224
1.224
1.224
0
2.548
1.224
0
2.448
0
0.1
0
0
1.324
1.224
1.224
2.448
1.224
0
1.224
0
0
0.1
0
0
1.224
0
1.724
1.224
2.448
2.448
0
0
1.324
2.548
1.224
1.324
1.224
0
1.224
3.048
1.324
0
1.224
1.224
1.224
1.324
0
1.324
0.3
0
2.748
1.224
1.224
2.448
0
2.448
1.224
1.224
1.224
1.724
0
0
1.224
0
1.224
1.224
0
1.224
1.224
0.1
0.2
0
1.224
1.324
1.224
0.1
0
0
1.224
0
1.224
2.448
0
0.1
0
1.224
1.224
1.224
0.1
2.448
1.224
1.224
0.1
0
1.224
1.224
1.424
2.448
0.1
1.224
1.224
0.1
1.224
0
1.324
1.424
1.224
2.448
0
2.448
1.324
2.448
1.424
1.224
2.748
2.448
1.424
1.324
1.224
2.448
1.324
2.448
1.224
1.224
1.224
1.224
1.224
1.324
1.224
2.448
1.224
1.424
1.324
1.224
1.224
1.424
1.224
2.948
1.224
0
0
0
0
0.1
2.448
1.224
1.224
1.224
1.524
0.1
1.224
1.224
1.224
1.324
1.224
1.224
1.224
2.448
3.748
2.548
1.224
2.448
2.448
1.324
1.224
1.224
1.224
2.448
1.224
1.224
1.324
1.224
1.224
1.424
1.224
1.324
2.648
0
0
2.548
0
0
1.324
1.424
1.424
0.3
1.224
0
1.224
1.424
2.548
1.224
1.224
2.448
0
0.3
0.1
1.324
0
1.224
1.224
2.648
1.224
0
0
0.1
1.624
0
1.224
1.324
1.224
0
1.324
0
0
0.1
0
1.424
1.224
0.1
1.224
0
1.224
1.224
1.224
2.448
0
1.224
1.224
0
0.2
1.324
0
1.224
0
0
0
1.224
1.224
1.224
2.524
0
1.224
0
1.224
0.4
0
0.1
0
1.624
1.424
1.324
0
0
2.448
2.448
3.148
2.848
1.624
1.324
1.224
1.224
2.448
1.224
2.548
1.324
2.548
1.524
2.448
2.648
1.324
3.672
2.448
2.448
2.748
2.748
3.672
3.672
1.224
2.448
3.872
3.348
3.548
2.448
2.448
2.548
1.324
1.224
3.248
2.548
2.648
2.448
2.548
1.224
2.848
2.548
2.448
3.672
1.624
2.548
2.448
2.748
1.224
1.224
2.448
3.948
2.448
3.672
1.224
4.272
2.448
2.548
2.548
2.548
2.448
3.772
1.424
2.548
2.448
2.848
2.448
2.548
3.772
2.748
2.448
3.748
1.424
2.548
1.224
1.324
2.648
2.548
2.448
2.648
1.324
2.448
1.324
3.672
2.448
2.548
2.448
2.448
1.524
2.448
2.448
2.448
1.424
2.448
1.224
2.648
2.448
2.548
2.848
1.324
2.448
1.924
1.224
1.224
2.748
2.848
3.672
3.048
3.772
1.824
2.548
1.224
1.224
1.324
1.224
1.424
1.324
2.448
2.448
2.448
1.224
2.648
2.548
2.448
2.448
3.672
2.448
2.548
1.524
2.448
1.724
1.224
2.848
2.548
3.148
3.648
2.848
5.272
2.848
2.448
2.448
3.148
2.448
1.224
2.648
2.448
2.748
2.448
2.448
2.548
1.424
1.824
2.548
1.224
2.448
2.848
2.548
2.448
3.148
1.224
3.772
1.424
2.448
2.448
1.224
2.448
2.448
1.224
1.224
2.548
1.224
2.448
3.672
3.872
4.072
2.448
1.324
3.672
2.648
2.748
1.324
1.224
1.224
2.548
2.648
1.724
1.224
2.448
2.948
1.224
3.772
2.448
2.448
3.048
2.648
1.224
2.448
1.324
2.648
2.748
2.548
2.448
2.848
1.324
1.524
2.548
2.448
2.648
2.448
2.448
2.548
3.848
2.448
2.448
3.672
1.224
2.648
3.672
2.448
2.748
3.972
3.848
2.548
2.548
3.772
2.448
2.448
1.224
1.224
2.548
2.448
2.548
1.324
2.448
1.224
1.224
1.824
1.224
1.224
3.148
1.924
2.448
3.048
2.448
2.548
2.448
2.448
3.648
1.324
1.224
2.448
2.448
2.448
3.672
2.448
4.072
1.524
3.772
2.448
2.548
1.324
2.448
1.224
2.448
2.448
2.548
3.672
3.248
1.824
4.272
1.224
1.224
2.448
3.348
3.648
2.648
2.548
2.448
2.448
2.548
1.324
2.448
1.224
1.224
2.448
2.548
1.224
1.424
2.548
1.324
2.548
1.224
1.324
2.448
1.224
2.548
4.072
2.548
2.648
2.548
1.224
2.448
2.448
2.448
2.648
1.324
1.824
2.448
1.724
2.448
3.672
2.448
2.448
1.424
2.448
1.224
2.448
2.448
3.672
2.448
2.448
2.448
3.448
1.224
2.548
3.772
2.548
2.548
2.548
2.748
1.224
1.824
2.548
1.324
2.448
2.448
1.224
2.948
3.448
3.348
2.448
2.648
1.624
1.824
1.224
3.548
1.324
3.772
2.448
1.824
3.148
1.724
1.224
1.224
3.872
3.772
1.624
1.224
2.448
2.648
1.224
1.224
2.448
2.448
1.324
1.424
2.648
1.224
2.448
2.548
1.424
1.224
2.448
2.548
2.448
1.224
3.348
3.148
3.748
2.648
2.848
1.224
2.448
3.972
1.224
1.524
2.548
2.548
3.672
1.224
2.548
2.748
1.224
2.548
1.224
2.648
1.324
2.548
1.824
1.224
3.672
2.748
2.648
3.672
2.748
2.748
1.424
2.548
2.448
3.972
2.448
3.772
2.548
3.148
2.448
2.448
2.448
2.448
2.748
2.448
1.224
2.548
2.548
2.448
2.448
2.448
2.448
2.448
1.324
1.424
1.524
2.448
1.224
1.424
2.448
1.224
2.448
2.548
3.672
1.324
2.648
2.448
1.324
2.448
1.224
1.324
2.448
1.224
3.872
2.548
2.548
1.224
1.224
1.224
2.448
2.648
1.224
2.448
2.748
1.324
3.672
2.448
1.324
2.448
1.224
2.448
2.448
1.324
1.224
1.224
1.224
3.672
3.048
2.448
1.224
2.448
2.448
2.448
1.424
2.448
3.772
4.072
2.448
2.448
2.448
2.548
3.772
1.324
1.224
3.672
2.748
1.224
1.224
2.548
2.448
2.548
2.448
2.548
1.224
2.448
3.548
3.248
1.324
4.048
1.324
2.448
2.448
1.324
1.224
3.772
2.448
2.648
1.224
2.448
1.224
2.448
2.548
4.172
2.448
1.224
1.924
2.448
3.972
1.524
2.448
1.224
1.224
1.424
4.272
4.272
4.072
3.672
2.448
1.224
1.424
1.424
1.224
2.748
1.324
1.224
1.224
1.224
3.148
3.972
3.248
2.648
3.248
7.572
3.672
2.448
1.224
3.348
1.224
1.224
1.324
1.224
2.448
3.672
1.224
2.748
2.548
2.448
2.448
3.672
2.448
2.448
1.224
2.448
2.748
3.848
2.548
2.448
1.224
2.548
3.248
3.672
2.448
2.448
2.748
2.548
1.224
2.448
2.848
2.748
1.524
1.224
1.624
1.424
1.324
3.148
1.824
1.324
1.324
1.424
1.924
2.448
1.224
2.548
1.324
2.548
2.548
2.548
2.448
1.324
1.224
1.224
2.548
2.448
1.224
2.648
1.624
3.148
2.548
2.448
2.324
2.448
2.548
1.324
1.224
3.348
2.224
1.724
1.224
3.048
2.448
1.224
2.648
2.648
2.648
1.324
1.224
2.648
1.224
2.548
2.748
3.872
2.448
2.548
2.448
2.548
2.948
1.224
3.348
2.448
1.324
2.548
2.448
2.548
2.648
1.224
2.648
3.972
1.624
2.648
2.648
2.548
2.548
3.772
1.224
1.224
3.848
2.648
1.224
1.224
1.424
2.448
3.672
3.672
4.372
2.548
3.772
2.948
1.324
1.224
1.224
3.672
2.748
2.848
2.448
1.224
2.548
1.824
1.224
1.324
2.448
2.648
2.648
2.448
1.224
2.648
4.472
3.772
2.948
3.672
2.648
2.948
1.224
2.748
1.224
4.172
2.548
3.348
2.448
2.448
2.448
2.548
1.224
2.548
2.448
1.324
0
0
0.1
0
1.224
0.2
0.2
1.224
0.4
0.1
1.224
0
1.224
1.224
0
0
0
0.3
1.224
0.1
1.224
0
1.224
0.1
0
0.2
0
2.448
0
1.524
1.224
1.724
1.424
1.224
0.4
1.224
1.224
0
1.224
1.224
0
0
1.224
1.224
0
0
0.1
1.224
0
0
1.324
0
0.1
1.224
1.324
1.224
0
0
0
1.324
0
0
0
1.724
1.224
1.224
0
1.224
1.224
1.224
0
1.524
0
1.224
1.224
0.1
1.224
2.448
0
1.224
2.448
1.224
1.324
0
0.1
1.224
2.548
2.448
1.224
2.748
1.224
1.224
1.224
2.448
0
2.448
0.1
0.3
0
0
0.3
0.2
0.4
