1.324
0
3.048
1.324
2.448
1.324
1.324
2.448
2.548
1.224
2.648
2.548
1.324
1.324
1.324
0
0
1.224
1.224
1.224
1.224
1.424
1.224
1.224
1.224
1.224
1.324
1.224
2.448
1.224
1.224
1.224
1.524
2.448
0.1
1.424
1.224
1.324
0.1
1.424
1.224
1.624
0
0.2
0.2
1.324
0
0.3
1.524
2.648
1.224
0
2.848
0.1
0.2
1.224
1.224
0.1
1.224
1.524
0.3
0.3
0
1.724
0
1.324
0
0.1
1.224
0.4
1.424
2.648
1.324
1.224
2.024
1.324
1.224
0.1
0
1.224
2.948
0
1.224
0
0
0
0
0
1.224
1.624
1.224
1.224
0.1
0.1
0
2.448
2.548
1.224
2.448
1.224
0
0.1
0.4
1.224
1.224
1.224
1.224
0.6
0
2.448
1.224
0
1.224
1.324
0.1
0.1
1.224
1.224
1.224
1.224
0.5
0
1.224
1.424
0
2.448
1.424
1.224
1.224
1.224
1.324
0
0.1
1.324
1.424
0.5
1.224
1.224
1.324
0.2
1.224
1.224
0
1.424
0
0.1
1.224
0.1
1.324
0
1.224
1.224
1.324
1.324
1.424
1.424
0
0
1.224
0
1.224
0
1.224
0
0.1
0.1
1.224
1.224
0.1
2.024
1.224
1.424
1.224
1.224
1.224
2.748
0.1
1.224
1.224
1.424
1.324
3.848
1.324
3.672
1.524
3.872
2.948
2.548
1.424
3.672
1.624
3.672
2.548
2.548
2.548
2.948
2.448
2.448
1.224
1.324
1.324
1.224
0
0.1
1.824
0
1.224
2.648
2.648
2.448
2.448
1.224
1.324
0
1.224
0.7
1.224
0.2
0
0
0
3.672
1.724
3.672
2.448
1.224
1.224
1.224
2.448
2.448
2.548
2.448
1.224
0
2.448
0
3.148
1.224
0
1.324
0
1.524
1.224
0
0
1.324
1.224
2.448
1.224
0.2
0
0.1
0.1
0
1.224
1.224
0
0
2.448
1.324
2.448
1.224
1.224
0.4
3.672
1.224
0
3.672
1.224
2.448
1.224
1.224
1.224
2.548
0.1
0
2.448
1.224
2.448
1.224
1.224
1.224
4.072
3.672
2.548
1.224
2.548
2.448
1.224
1.224
1.224
3.672
0
0.2
0
0
2.448
0
0
1.224
1.224
1.224
0.2
0
0
0
0
1.224
1.224
1.224
1.424
0
1.224
1.224
1.224
2.448
1.224
1.224
0
1.424
1.224
0
1.424
0
0.1
1.224
0
2.448
0
0
1.524
1.224
2.448
1.324
1.324
0
1.224
0
1.624
1.224
0.1
2.448
1.624
0
1.224
1.324
3.772
2.448
0.1
1.224
2.448
1.324
0.4
0.5
1.224
0
1.224
0
1.224
3.672
3.672
0
2.448
2.548
1.324
0.1
1.224
4.896
0
2.448
2.548
1.224
1.224
1.224
1.224
0
2.648
0
0
0
2.448
2.448
2.448
0
1.224
0
3.772
2.648
1.324
0
0
3.672
1.824
1.224
1.224
2.448
0
1.424
1.224
1.224
2.448
2.448
1.224
2.648
2.448
2.448
3.672
3.672
1.224
2.448
0.1
1.324
2.448
0
1.324
0
1.224
1.224
1.224
0
1.224
2.548
2.448
1.624
1.224
1.224
1.224
2.448
1.524
2.448
1.224
1.324
1.224
0
2.448
1.224
1.224
1.224
1.224
2.448
2.448
1.324
1.224
2.448
1.224
2.448
2.448
1.224
1.224
1.224
1.224
0
1.224
1.324
0
1.324
0
2.448
0
2.748
1.324
1.324
1.224
0.2
2.448
0
0.1
1.624
0.3
1.224
1.524
2.748
0
2.448
2.548
1.324
1.224
1.224
0.1
1.524
1.224
0
1.224
0.2
1.224
0
2.448
2.648
1.224
1.224
1.224
2.448
2.548
2.448
0
0
1.224
1.224
4.472
2.448
0.1
1.424
0.1
1.224
0
2.548
2.448
1.424
1.224
0
1.224
2.548
2.448
1.224
3.672
2.648
1.224
2.448
2.548
0
0.7
1.224
1.224
1.224
1.224
3.772
1.424
2.448
1.224
1.224
2.448
2.748
2.648
2.448
0
3.672
1.224
1.224
1.224
1.324
1.324
2.448
1.324
1.224
1.224
1.224
2.748
2.448
1.224
1.324
1.224
0
2.548
1.224
1.224
0
1.224
2.648
1.224
0.2
1.324
1.224
0.1
0
0
2.448
1.224
1.224
2.448
3.672
1.224
0
1.224
1.224
1.224
0
1.224
1.224
1.224
1.524
1.224
1.224
1.224
0
0
2.448
3.672
1.224
1.224
1.224
1.224
2.448
0
0.2
0
1.224
1.224
1.224
0
2.448
1.224
1.224
1.224
0
2.548
1.224
1.224
1.224
1.224
1.224
1.224
1.324
1.424
0
0
0.5
0
0
1.724
2.548
3.672
1.224
0
0.1
1.224
1.224
1.224
2.648
5.796
0
0
1.424
1.224
1.224
1.224
1.224
2.448
2.448
0
1.224
1.224
2.448
1.324
1.224
1.724
3.672
1.224
0.1
1.224
1.324
0
1.224
1.224
0.1
1.224
2.448
1.324
2.448
1.224
0
2.748
0
3.872
1.224
0
1.224
1.224
1.224
3.672
1.224
2.448
1.224
2.448
2.448
1.224
0
2.448
1.324
2.448
2.548
1.224
2.548
2.648
1.224
2.448
1.224
1.224
2.448
1.224
0
3.672
0
1.224
2.548
1.224
0
1.324
1.224
1.224
2.448
2.448
3.772
1.224
1.224
2.448
0.1
0
2.548
1.324
1.224
2.448
1.224
2.448
2.448
0
1.324
1.224
2.448
1.224
2.448
0
2.448
1.224
0.1
1.224
1.224
1.224
2.448
2.448
2.448
0.3
1.224
0.1
2.548
1.224
2.448
1.224
2.448
1.924
1.224
3.772
0
1.224
1.324
1.224
3.672
2.448
1.224
3.872
0
1.224
1.224
1.424
2.448
2.448
1.224
2.448
0.4
6.396
0.1
0
0.1
2.448
1.224
1.224
1.224
1.224
1.224
1.224
1.224
1.224
3.672
1.224
1.224
2.448
1.224
2.548
2.448
2.448
0
2.448
2.448
2.448
1.224
2.448
2.448
1.224
1.324
1.224
1.324
1.224
1.324
2.548
2.448
1.224
0
3.672
0
1.224
1.224
2.448
1.224
1.224
1.224
2.448
0
1.324
1.224
2.548
2.548
1.224
3.872
2.448
2.448
2.448
2.448
1.224
1.224
2.448
1.324
1.224
2.548
2.448
0
2.448
0
0
1.224
2.548
3.772
0
0
1.224
2.448
1.224
2.448
0
1.224
0
1.224
0
0
1.224
3.772
2.448
1.224
3.672
1.224
1.224
2.448
1.224
1.224
3.772
3.672
0
3.672
3.972
0
0
2.448
1.224
2.448
1.224
1.224
1.624
1.424
1.224
2.548
0
3.672
2.448
2.448
2.548
2.548
1.424
2.648
1.524
1.224
0
2.448
1.224
1.224
1.224
1.224
1.224
2.448
2.448
1.224
1.224
3.672
2.548
2.448
0
0
1.224
1.224
0
0
2.448
1.224
1.224
0.1
1.324
0
0
1.424
1.224
1.224
1.224
0.1
1.224
2.448
0
2.548
2.448
1.324
2.548
1.224
0.1
1.224
1.224
2.448
2.848
1.224
2.448
1.224
2.548
2.548
3.672
4.072
2.448
2.648
3.672
2.748
0.1
2.448
2.448
1.424
3.672
2.448
2.448
1.224
1.224
1.224
2.648
1.224
2.448
1.224
2.548
2.648
2.448
2.448
1.324
1.224
3.872
0
0
1.224
1.224
1.224
1.224
1.324
2.448
2.448
3.672
1.424
1.224
1.224
1.224
1.224
1.324
1.324
1.424
1.424
3.672
4.772
2.648
1.224
1.224
1.224
1.224
1.224
1.224
0
2.448
0
2.448
2.648
1.224
1.224
2.548
3.672
2.448
1.224
1.224
1.224
2.648
1.224
1.224
2.448
3.048
2.448
0
2.448
1.224
1.224
0.2
1.424
2.448
0
1.224
0
0.3
0
0.2
0.1
4.896
1.324
1.324
3.672
0
0
0.2
1.224
1.224
0.3
1.224
1.224
1.224
1.224
1.224
1.324
1.224
1.224
1.224
1.224
1.824
2.548
1.324
0
2.648
0
1.224
0
1.324
1.224
1.324
1.624
0.1
0
1.324
1.224
0
2.448
1.224
1.324
1.224
2.524
0
1.324
1.224
1.224
0
2.548
0
0
3.648
2.448
0
0
1.224
1.224
4.996
3.972
3.972
2.648
1.324
2.448
2.548
1.224
2.548
1.324
2.448
2.448
2.948
3.672
2.548
1.324
3.672
3.672
2.448
1.724
4.372
2.548
2.448
1.224
1.224
5.296
4.872
6.196
2.448
2.448
3.672
2.448
2.448
3.348
2.648
2.648
1.224
2.548
1.224
2.848
1.724
2.448
4.896
2.748
1.324
1.224
2.448
1.324
1.224
1.324
4.772
4.896
3.672
1.224
3.348
2.448
3.672
2.548
1.324
1.224
2.648
2.948
3.772
2.448
2.748
2.448
2.548
2.648
1.424
2.448
4.772
2.648
2.448
2.448
2.448
2.448
2.448
2.548
2.448
1.324
1.224
1.324
2.548
2.448
2.448
2.448
3.672
2.748
2.448
3.672
1.324
2.548
2.548
2.448
2.448
3.672
2.648
3.348
2.748
2.448
2.524
2.448
2.448
2.648
4.372
2.748
4.072
2.648
2.124
2.448
1.224
2.448
1.224
1.324
2.448
2.548
3.772
2.448
3.872
2.448
3.148
2.548
1.324
3.672
2.448
2.448
2.448
1.624
2.448
2.748
2.448
2.748
1.324
1.624
6.096
2.848
5.072
7.12
2.548
3.772
2.848
2.548
2.448
2.648
1.224
2.848
3.672
1.224
1.224
2.648
2.848
2.448
2.548
2.448
4.072
3.672
2.548
3.148
2.448
5.096
3.772
2.448
2.448
1.224
3.672
2.448
2.448
2.448
2.448
1.224
3.672
2.448
3.672
2.748
2.548
2.448
4.896
2.448
3.872
1.424
1.224
1.224
2.448
1.724
1.324
2.448
1.224
1.824
1.224
2.448
3.972
1.324
3.972
3.872
3.672
1.224
2.748
2.648
2.448
3.872
1.224
4.172
2.448
1.724
1.424
2.448
3.972
2.448
1.224
2.448
5.272
2.448
3.672
2.548
2.648
2.448
2.448
2.548
2.748
3.872
3.848
3.872
2.448
3.672
1.324
2.448
2.448
1.224
3.772
2.448
2.548
3.872
1.324
2.548
2.448
2.748
2.448
2.448
4.172
1.624
3.772
1.724
2.548
1.524
1.224
2.448
4.972
1.324
2.448
2.448
3.672
1.224
2.448
2.448
2.848
2.548
2.548
2.448
2.648
2.448
2.448
2.448
2.448
2.448
2.448
2.448
3.148
3.148
2.648
2.448
2.548
1.224
5.072
4.172
2.448
1.524
2.448
3.672
2.448
2.448
1.324
1.224
2.548
3.672
2.548
2.448
1.424
4.072
2.548
1.224
1.224
1.224
3.672
1.324
1.224
5.096
3.972
2.548
2.448
2.548
2.448
2.548
2.448
2.648
1.324
2.948
2.548
2.648
1.324
2.448
1.224
2.648
3.872
3.672
2.448
2.448
2.448
4.896
3.672
3.672
2.648
6.196
1.224
1.224
3.972
5.096
1.324
3.772
1.424
2.448
2.748
2.548
1.324
3.672
2.648
2.548
2.648
5.372
4.972
2.448
5.096
2.548
3.148
1.224
7.62
2.648
2.548
2.448
3.348
2.648
3.048
1.224
2.448
3.972
2.448
2.748
2.448
2.448
2.448
2.448
1.224
2.548
1.224
1.324
1.324
2.448
1.224
3.672
3.772
2.548
2.448
4.896
4.896
2.448
2.748
6.196
4.672
4.248
1.524
3.872
1.224
1.324
2.448
2.448
2.548
4.896
2.448
4.896
1.224
2.548
3.872
1.224
3.672
2.448
1.224
1.324
3.672
1.624
2.648
2.448
1.724
1.324
3.672
3.048
2.948
2.548
2.448
2.448
5.296
1.224
2.448
3.772
4.272
2.548
2.448
2.448
2.448
4.072
2.448
1.224
2.648
2.648
1.224
4.896
1.224
3.672
1.224
2.448
1.424
1.324
3.672
2.448
2.448
2.448
1.224
2.448
1.224
3.672
2.748
4.172
1.224
2.448
2.448
2.548
2.548
3.672
2.448
3.672
1.324
1.324
1.224
2.448
2.548
3.672
1.624
2.448
1.224
2.548
1.724
2.548
2.448
2.748
3.672
2.448
2.448
3.672
1.424
2.448
2.448
2.548
3.772
4.672
2.448
3.672
3.772
1.224
3.672
2.648
2.548
3.872
5.396
2.448
1.224
3.772
3.772
2.648
2.548
2.548
2.448
3.772
1.224
2.448
3.772
1.324
2.548
2.448
2.648
2.648
2.448
3.148
2.748
2.548
4.772
1.324
2.448
2.548
3.772
1.224
2.448
3.772
3.672
1.224
2.448
1.524
1.224
1.224
2.948
3.672
2.448
2.848
2.548
3.972
3.048
2.448
1.224
2.448
1.224
3.048
5.196
2.648
2.648
2.448
1.224
2.448
2.748
2.448
2.648
2.548
2.448
2.548
2.648
4.372
3.248
4.472
2.448
4.572
3.348
3.672
3.772
1.324
10.12
2.448
1.224
2.448
2.448
3.672
4.896
2.448
2.548
1.424
1.224
3.672
3.672
1.224
2.448
2.448
3.772
2.448
3.548
1.524
1.324
1.224
1.424
2.948
4.896
1.224
1.224
3.972
2.548
1.224
5.096
2.648
3.672
2.548
1.224
2.848
1.424
1.324
5.496
2.748
1.324
2.648
1.324
2.548
4.896
2.548
3.772
1.324
3.048
3.772
2.548
1.224
2.448
1.324
1.224
2.448
3.672
2.548
2.548
2.948
3.048
3.672
2.448
2.824
3.772
3.672
2.448
2.448
1.324
4.872
1.524
2.448
5.496
3.672
2.448
2.648
2.448
1.324
2.648
1.324
2.648
1.324
3.872
2.848
4.172
3.672
3.772
2.548
1.224
4.172
2.448
4.372
2.448
2.448
3.772
3.772
3.772
2.748
2.448
2.648
2.848
2.648
2.648
1.324
2.448
1.224
2.548
2.448
2.448
5.072
2.848
2.448
2.448
2.548
3.672
3.772
3.672
4.172
3.672
3.772
3.972
2.848
2.548
2.448
3.772
4.172
2.748
3.772
2.548
3.972
2.948
2.448
2.548
2.448
2.748
2.448
2.548
2.448
3.872
3.548
2.548
4.172
2.748
2.648
2.948
1.224
2.848
2.448
2.848
4.896
7.22
2.448
2.648
1.224
2.448
1.224
2.648
1.224
1.224
1.224
1.424
1.324
1.224
2.448
1.224
1.524
0
0.6
0
2.448
1.224
0
0
1.224
1.224
0
1.324
1.224
1.224
0
1.324
2.548
0
1.224
1.824
0
1.224
0
1.324
1.324
1.724
1.424
1.224
1.524
2.548
2.448
1.224
1.224
1.324
0
0
1.224
1.224
0
1.224
1.224
1.224
0
1.324
2.448
0.1
0.1
3.672
1.224
1.324
1.224
2.448
1.224
0
1.224
1.224
2.448
1.524
2.448
2.448
1.224
1.224
1.224
1.224
0
2.748
3.672
2.448
2.448
1.224
0
1.224
0
2.448
2.448
1.224
2.548
1.324
2.548
2.448
1.224
2.448
1.224
3.672
1.224
2.448
0
2.448
1.224
1.224
0
1.624
1.224
1.224
1.724
1.424
1.424
