2.924
1.2
2.9
0.7
1.624
1.424
1.724
1.224
2.948
1.224
3.048
1.324
3.048
2.824
3.224
0
1.224
0
0
0.1
0.5
0.5
0.1
0
1.524
0.1
0.4
0.6
0.3
0.2
0
0.1
5.624
1.324
1.524
1.924
1.324
1.324
0.5
2.724
1.324
4.1
0
0.1
0.2
0.1
0.1
2.424
2.524
1.824
0
0.1
2.724
1.324
0.1
0
2.648
1.724
1.524
1.9
5.324
2.524
0.1
2.5
1.4
1.824
1.524
1.524
0.8
4.624
2.024
3.648
3.348
1.524
4.6
2.924
1.224
0.7
1.224
1.224
2
1.224
0.2
1.324
0.1
1.224
1.224
0
0
3.424
1.224
0.4
1.424
1.424
1.224
2.024
2.424
2.548
0.2
0.1
0.2
2.524
2.524
1.224
0
1.324
1.224
2.5
1.824
1.424
3.648
1.424
1.324
1.424
0.3
1.5
1.624
1.724
1.224
1.324
6.724
0
0.1
3.748
1.824
1.324
1.524
0.3
0.3
3.124
3.124
0.3
1.524
0.4
0.7
1.4
0.9
1.624
0.9
1.8
1.524
1.424
1.224
1.4
1.224
1.224
0.5
1.824
1.224
1.324
0
1.724
1.524
1.624
2.624
2.724
1.424
0.4
3.324
0.2
1.624
1.324
1.424
1.224
0.8
1.424
0
2.548
0
7.7
2.748
4.248
1.324
1.624
1.424
2.7
1.424
1.224
0.3
2.624
2.524
3.424
1.424
2.548
2.524
4.948
4.324
2.948
2.948
2.548
2.724
3.248
3.448
5.548
3.048
2.524
1.324
2.848
1.224
1.1
2.748
0
0
2.024
5.124
1.224
1.324
2.824
0.8
1.424
0.1
1.724
1.7
1.224
1.224
7.624
1.324
2.624
0
1.224
1.224
0.2
2.3
0.4
0.1
0.8
0
0.1
1.2
2.548
0.8
0
1.224
0.1
0
0
7.824
0.5
0
1.5
0.1
1.7
0.5
0.2
1.224
0.3
1.324
1.224
0.2
2.5
0
1.524
1.324
1.224
0
0
1.224
1.724
0.3
0.5
0.2
2.448
1.224
0.5
0
2.548
0.9
0
1.424
0
1.224
1.824
1.224
0
2.824
0.1
0
1.324
2.748
2.448
1.224
1.224
2.324
0
1.924
1.424
0.1
0.1
1.424
0
0
0
1.224
3.124
0
0
0.1
0
1.524
1.324
0.1
2.548
0.4
0.5
0
1.224
2.224
3.248
0
3.148
1.524
1.224
1.624
0
0
0.3
1.224
0.2
0
0.3
1.424
0.2
2.324
0.9
2.024
1.324
1.224
0.3
0
1.224
2.9
1.224
0.1
1.3
0.5
1.224
0.1
0
4.724
1.224
1.224
1.224
4.924
1.324
2.224
0.9
1.724
0.5
0.9
2.448
1.624
3.048
4.024
7.724
0
0.2
1.224
1.524
0.1
4.472
2.848
0
1.224
1.224
1.324
0.1
0.2
1.224
0
0
0
0.2
0.1
0.2
0.3
1.224
3.424
0.1
0.1
0.5
0.7
1.5
0
1.224
0
0.3
0
2.224
1.424
0.3
0
1.324
4
1.224
0.7
1.324
0.1
1.824
1.224
0
0
0.3
1.224
2.124
1.424
1.224
1.224
1.224
0.4
0.2
3
1.1
2.648
0.1
0.2
1.424
1.724
0
1.624
1.624
0.2
0.3
0.6
2.7
1.824
0.5
0
2.548
1
0.7
1.224
2.848
0.3
0.7
0.8
0.5
1.324
4.548
0.3
1.824
0
0.2
1.424
1.524
0.4
0.1
1.224
1.224
0.7
0.3
0.2
0
0
1.824
1.224
1.324
0.8
1.224
0.2
2
0.9
1.424
0
0.7
0.4
1.524
0.3
4.6
1.5
0
1.6
3.124
0
1.524
1
1.1
0.5
1.224
0.5
1
1.324
0
1.224
0.2
0.3
0
1.224
2.024
0.7
1.224
1.324
1.224
0.5
1.324
0.3
0.1
0
0.2
2.3
0
0.1
1.624
0.8
1.224
0
1.424
0.1
2.7
0.1
1.224
1.224
2.124
0.4
0.1
0
1.724
0.5
1.624
0.1
1.224
4.324
0.1
2.448
0
0.1
0.5
3.624
1.224
0.2
1.224
0
1.1
1.9
1.224
0.1
1.524
1.324
1.524
0.2
2.124
0.7
1.324
1.624
1.724
0.4
1.1
1.9
0.8
1.224
1.224
1.224
0.2
0.3
0.3
1.224
0.7
0
0.8
0.2
0.3
1.824
1.724
1.424
1.224
1.824
1.324
2.648
1.1
1.324
1.324
0
0.3
1.224
0.1
0.2
0.1
0.1
0
0.1
4.424
0.6
0
1.324
0
0.1
0
0.1
1.524
0.2
0
0.5
0.1
1.224
0.5
0
2.448
0.2
0.2
0.1
0
2.648
0.1
1.524
0
0.3
0.1
0.8
0.6
0
0
1.324
1.624
1
1.324
0.1
1
0.2
0.1
6.324
0.8
1.224
0
0.1
0.6
1.324
0
0.4
0.9
2.724
0
0
1.624
1.224
0.4
1.224
0.4
0.2
0.4
0.2
0.1
0.2
0.3
1.224
1.224
0.9
1.324
1.224
0.9
0
0.4
1.224
1.224
1.524
0.7
0.4
0
0.4
0.2
0
0.6
2
0.2
2.524
0
1.324
1.224
0
0.1
2.648
1.224
0
0.2
0.3
0.2
1.824
0
1.224
0.6
2.324
1
1.224
1.524
0.8
1.224
0.3
0.1
0
1.524
0.2
0.4
0.6
0
0
1.424
0.1
0.5
1.224
0.8
1.224
0
0
1.624
0.1
1.524
1.424
0.3
0.3
0.7
0.7
1.324
0.1
2.448
0
0.1
1.224
1.324
0.3
0.8
0
0
0.1
0.6
0.1
1.224
1.224
1.324
0
0.2
0.3
0.1
3.8
0
0.3
0.3
0
0
1.224
0
1.6
0.6
1.524
1.524
0.9
1.724
0.1
0.7
0.1
1.224
1.524
1.224
1.924
0.7
1.924
1.224
0.2
0.1
1.324
4.8
5.624
0.5
0.5
3.124
1.524
1.224
1.224
0.2
0
0.1
0.2
1.224
0.9
1.424
1.224
1.224
0
1.224
0
0.6
0.1
0.1
1.524
1.324
0.3
1.624
1.224
0
0
0.4
2.448
0.6
1.2
0.4
0.6
0.2
1.724
0.1
1.524
1.224
1.1
3.424
0
1.324
0.1
0.3
0.1
0
1.724
2.448
0.8
0.1
1.224
1.1
0
0
0.3
0.1
0
0.1
0
0.6
0.1
1.424
0
0
1.224
0.3
0
1.224
1.524
1.524
1.224
1.324
1.524
0.2
1.724
0.2
0.1
1.324
0.1
1.224
0.1
1.324
0
1.3
0.5
1.324
1.424
0.2
1.224
1.524
1.424
1.224
0.5
0
0.1
1.224
4.424
1.324
0
0
0.3
1.424
0.8
0
0.8
2.724
1.224
3.524
1.424
1.324
1.224
1.424
1.424
0.1
0.4
1.6
4.548
1.524
0.1
0
0
0.2
0.3
0.2
0.4
1.324
0.1
1.824
0.2
1.224
0.6
0
0.1
0.1
0.3
1.224
0.1
1.324
1.324
1.324
1.324
0.5
1.724
1.224
1.524
1.2
1.924
0.4
2.448
0.8
0
1.224
1.224
2.524
1.224
2.624
0.7
0
0.7
2.548
0
1
1.7
0.4
1.224
0
1.424
2.124
1.324
4.024
1.224
3.124
2.424
1.1
1.624
0.5
1.224
3.024
1.924
0.3
0.4
0
0
0
0.3
0.2
1.324
0
0.4
0.7
0.2
0.4
3.124
1.224
2.524
1.224
0.4
1.224
1.524
0.1
0.4
2.124
0.4
0.3
0.1
3.424
0
1.224
0.3
0.3
0.6
1.224
2.024
1.724
1.324
4.648
2.224
0.2
1.424
1.324
1.924
0.1
0.1
1.224
1.724
1.224
0.2
0.7
0.3
0.1
0.3
0.3
1.3
1.424
1.224
1.224
2.224
0.5
0
0.4
2.8
1.5
1.2
1.324
0.1
0
1.724
1.924
0.5
1.224
1.224
0
3.7
0
2.824
0.4
1.424
0
2.324
0
0.3
0.3
0.5
0.6
1.524
2.024
0.7
1.324
1.324
0.3
1.224
1.224
0.2
1.224
3.024
0.2
2.924
1.924
1.324
1.224
1.9
1.224
2.448
0
0.2
0.2
1.424
1.1
1.824
0.3
0.3
1.224
0.6
0
0.2
0.4
0.6
8.7
0.1
0.3
1.924
0.5
3
0.6
0.2
0
3.824
1.824
1.524
0.1
1.224
1.424
1.224
6.348
3.548
6.048
1.524
2.748
2.648
2.748
2.548
2.948
1.324
1.824
4.648
1.924
2.124
1.424
5.172
2.648
1.424
3.448
3.324
3.148
3.048
1.424
2.748
3.548
3.448
3.348
2.548
1.324
2.748
3.648
2.448
7.224
2.224
2.024
2.548
2.924
1.524
4.824
3.048
1.424
2.848
4.048
2.948
2.548
2.848
1.324
1.424
3.248
4.048
2.448
2.748
1.224
5.948
1.424
2.748
1.224
2.548
2.648
2.848
5.248
1.524
1.324
3.624
2.024
1.524
3.448
4.048
1.524
3.748
3.148
1.624
1.224
2.848
4.672
4.172
2.224
2.024
1.924
2.548
1.624
2.748
3.672
1.724
2.548
1.224
4.948
2.548
2.448
2.648
3.448
2.324
1.724
1.724
2.648
3.024
4.424
3.248
1.224
6.224
2.448
2.448
1.524
5.048
2.948
4.748
3.248
4.824
4.472
1.224
1.224
1.824
1.424
3.548
3.548
1.624
1.324
2.648
2.648
2.024
1.624
2.648
2.548
2.448
3.672
2.124
3.524
1.224
5.148
1.224
2.524
2.848
3.648
3.348
2.724
3.848
2.748
1.624
2.748
6.948
1.424
2.648
2.124
2.548
2.424
1.324
3.248
3.348
4.048
5.848
3.972
2.548
1.724
3.548
1.624
1.824
5.124
1.324
5.048
2.324
1.224
1.224
1.424
2.848
1.224
2.448
2.548
2.024
1.724
1.324
2.548
2.748
3.848
1.924
4.148
4.272
5.272
5.648
2.024
1.224
1.524
1.424
8.148
4.024
2.548
2.448
3.548
1.324
2.748
1.924
3.248
2.324
3.124
2.448
2.748
3.048
4.272
4.772
3.048
2.648
3.748
2.548
3.624
5.048
2.448
3.648
1.224
2.848
1.724
4.448
1.424
1.224
3.148
2.848
1.924
2.648
1.824
3.324
4.872
2.624
3.548
1.924
4.672
3.048
1.224
2.848
1.224
1.424
1.324
2.124
2.724
2.648
3.048
2.748
4.848
2.448
2.948
5.048
3.824
2.648
4.248
1.624
4.248
2.448
1.224
12.248
1.724
2.648
3.672
1.324
3.048
2.948
1.224
3.848
3.048
3.248
3.772
2.324
2.848
1.224
3.748
2.548
1.324
1.424
2.448
2.224
6.848
3.548
2.748
2.648
2.548
4.248
3.848
1.624
3.648
1.324
2.648
3.048
4.248
4.048
1.224
2.548
2.548
1.724
2.648
2.024
3.148
3.548
2.548
1.624
1.924
1.424
1.324
2.548
4.348
1.624
2.524
1.224
3.048
2.448
1.524
1.524
2.124
1.624
4.248
1.724
5.748
2.448
2.448
2.548
1.624
2.848
1.324
2.748
1.224
1.424
2.548
2.448
1.224
4.772
4.348
1.624
2.848
4.048
3.248
2.848
2.948
3.148
1.224
4.448
2.548
1.524
2.448
2.424
3.148
3.824
4.548
4.248
3.672
3.248
3.548
5.048
1.324
3.948
3.648
3.348
1.224
7.448
2.224
6.948
1.224
2.548
4.048
2.748
3.748
2.648
1.524
1.824
2.448
1.424
1.424
2.448
1.824
1.824
4.572
1.224
2.224
2.748
3.048
2.448
2.448
2.648
1.524
3.048
3.548
8.848
3.724
4.848
4.048
1.224
2.548
5.448
2.424
1.824
1.624
1.924
3.048
1.324
2.424
4.448
1.424
2.748
1.224
4.748
1.424
2.548
2.624
2.748
2.548
5.048
3.348
3.348
6.072
3.024
2.848
1.424
1.424
5.672
2.448
2.548
1.524
3.348
1.324
2.748
1.324
3.672
5.224
2.024
1.324
2.124
4.172
3.148
2.448
2.648
2.448
2.448
3.248
2.624
4.924
1.324
2.448
3.048
1.224
1.424
1.624
2.848
2.448
5.048
3.248
2.648
3.048
1.424
2.548
2.448
1.424
2.448
3.848
3.048
3.148
1.524
1.624
2.548
1.224
5.648
2.548
2.548
3.524
3.524
2.648
3.672
3.748
1.624
2.448
1.224
1.224
1.724
2.548
2.448
1.224
3.048
7.248
1.324
3.148
1.324
2.548
1.324
3.648
1.424
3.448
3.648
1.224
2.448
2.648
4.248
2.848
1.324
2.548
2.448
2.524
1.424
2.448
2.548
2.648
3.772
1.224
1.924
3.248
1.224
9.072
8.124
3.148
3.748
1.824
1.324
1.324
2.948
1.724
2.748
1.324
2.848
1.324
1.524
2.024
2.748
3.448
4.648
2.848
2.548
6.148
1.524
3.148
4.848
1.224
1.224
2.448
1.824
4.348
5.472
3.048
3.348
1.424
1.224
2.748
4.448
2.448
2.424
2.848
2.448
3.048
4.348
3.548
5.548
7.648
1.924
3.448
3.848
2.448
2.548
1.224
3.548
1.224
1.324
3.248
2.448
1.224
2.448
2.548
2.424
2.748
2.548
1.324
2.448
2.748
1.224
2.648
1.924
5.872
28.472
2.848
2.948
1.324
4.748
7.524
2.548
2.648
2.648
4.924
1.224
1.424
1.824
3.024
2.948
3.348
2.124
3.548
1.624
2.324
4.348
4.448
2.824
2.124
1.324
6.748
1.724
2.548
1.524
1.524
2.924
3.148
1.524
2.648
3.148
1.324
1.224
1.724
2.548
2.648
2.024
3.948
2.524
2.748
1.524
9.124
3.348
2.748
2.848
1.324
5.348
5.424
4.424
2.448
4.148
1.324
1.224
3.324
4.672
3.648
4.448
1.524
2.324
1.624
3.148
3.024
9.948
2.848
1.724
1.224
2.448
5.048
2.448
4.648
1.324
2.748
1.324
1.924
1.924
2.724
2.448
2.324
4.448
4.148
3.024
3.048
1.424
3.548
3.148
2.448
2.548
5.348
3.024
2.548
3.248
2.548
2.648
3.872
3.048
6.372
2.948
3.048
4.048
5.748
2.548
2.448
2.748
3.748
3.824
2.448
2.748
3.548
5.648
1.324
3.048
1.824
4.472
3.048
1.924
2.748
4.624
5.348
3.048
4.048
4.348
2.524
3.524
1.424
3.824
1.324
4.248
1.624
3.948
1.424
1.924
2.448
1.224
1.324
2.724
2.448
2.848
1.424
0.7
2.624
1.824
1.224
1.824
2.724
1.224
6.6
0.5
1.424
1.224
1.224
1.224
0.2
1.324
0.1
1.1
0
0.2
1.224
0
1.224
0
1.224
5.1
0.1
1.224
0
2.3
0.9
7.348
1.9
2.448
6.224
0.5
0.2
1.224
0
0
0.3
0.5
1.224
2.648
0.1
0
2.124
1.224
0
0.1
0.3
0.1
0.9
0.2
1.724
0.7
0
0.4
0
1.324
1.224
0.3
1.324
2.224
0
0.1
1.624
1.224
0.2
0
0.3
2
1.424
2.124
2.624
1.324
1.324
1.224
0.2
0.4
1.224
0.5
0.2
1.824
1.924
0.3
1.524
1.224
1.324
2.024
2.324
0
1.224
1.524
1.224
2.648
0.3
6.924
2.024
1.624
3.224
2.2
2.524
