1.4
0.1
4.224
0.8
1.724
1.424
1.824
1.224
1.324
1.224
1.724
2.448
1.924
3.024
3.024
0
0
0
0
0
1.324
1.524
0
0
0.4
0.1
0
0.3
1.624
0
0.1
1.324
4.2
0.1
0.4
0.8
0.1
0.1
0.2
1.3
0.2
4.224
0
0
0.1
1.224
0.5
1.1
0.7
1.724
1.424
0
2.424
0
0.1
0.3
0.3
0.2
0
3.024
3.4
1.2
0.2
2
1.3
0.4
0.1
0.1
1.624
3.6
1.2
2.224
0.5
0.5
5.624
2.4
0
0.8
0.1
0
3.324
0
1.224
0.1
0
0
0
0
0
2.3
0
0.3
0.2
0.1
0
1.924
2.024
0
0.3
0.1
0.1
1.8
0.7
0.2
0
0.2
0
2.7
0
0.4
0.9
0.1
0.1
1.324
0.1
1.3
0.1
0.4
0.1
0.3
4.6
0.1
0.1
1.5
0.4
0.2
0.4
1.324
0.1
3.024
1.3
0.1
0.2
0.1
1.724
1.3
1.824
1.724
1.924
1.9
0.3
0.3
0
2.124
0
0
1.424
0.4
0.9
0.1
1.224
0.3
0.5
0.1
1.7
1.2
0.4
0.4
1.4
0.2
0.1
0.1
0.2
0
0.8
0.1
0.1
0.1
0
5.1
0.3
1.4
1.324
0.4
1.624
3.224
0
0
1.424
1.5
0.7
2.524
1.324
2.748
2.624
4.048
5.348
2.748
1.524
2.548
1.724
3.348
1.824
5.248
2.548
3.448
2.448
1.524
0
0.8
0.4
0
0
0.6
2.7
0
0.1
2.224
1.624
0.2
1.324
0.4
1.1
0
0
5.3
0.1
2.1
0
0
0
1.324
3.524
1.524
1.224
1.824
1.224
1.224
2.624
1.224
1.824
1.224
1.424
0
1.324
0.1
8.124
1.224
0
2.524
0
2.924
1.624
0.1
0
0
0.1
0
1.424
2.4
0
0.3
0.2
0
0.2
1.224
0
0.8
1.524
1.724
1.424
0
0.2
1
1.324
0.1
1
1.224
0
1.224
0
0.2
0.2
1.324
1.3
0
1.224
0.1
1.224
0
0
0
1.924
1.224
1.824
0
1.224
1.424
1.324
1.424
1.224
1.224
0
2.3
0
0
0.2
0
0.1
0
0.2
0
0.7
0.5
0.1
0
0.8
0.6
0
0.8
0.3
0
1.624
0
0
1.524
0
1.224
0
1.424
0
0.2
0.8
0.4
0.6
0.1
0
0.4
0.1
0
2.1
0.1
0.1
1.624
1.524
0
0
0
3.2
0.2
0
1.224
3.5
0.3
0.7
1.724
1.424
1.724
1.1
0.1
1.324
0.2
2.3
5.3
0
0.1
0
0.1
0.2
3.248
2.548
0.1
1.224
1.224
1.224
0
0
1.224
0.1
1.224
1.224
1.424
0.2
1.424
0
0
2.7
0
0
0.3
1.824
3.724
0
0
0
0.2
1.424
2.824
0.2
0.1
0.1
1.224
3.4
0
0.6
2.548
0
0.7
0
0
1.324
1.524
0
2.424
1.424
1.224
1.224
1.224
2.024
1.324
2.1
2.624
0.1
0
0.4
0.5
0.3
0.1
0.2
0.4
1.224
1.424
2.124
1
0
1.424
0
1.324
2.024
1.824
0.1
0.1
1.424
0.9
1.924
1.1
0
1.2
1.424
0.7
1.324
0.2
0.1
0.2
0.2
1.224
0
1.224
1.724
1.324
0.1
0
0
1.924
0.1
0
0.5
0
0
2.724
1.424
1.224
1.324
0.7
1.624
0.1
0.2
5.324
1
0.1
2.924
1.9
0
0.3
1.724
2.624
0.7
0
0.4
1.3
1.424
0
0
0.8
0.4
0
1.224
0.3
0.6
1.224
0
0
1.424
1.624
0.1
0.1
0
1.424
2.324
1.324
0
2.124
0.4
0
0.1
1.424
1.324
1.8
0
0
0
1.924
1.424
1.224
1.224
1.524
0
1.524
1.424
0
2.4
1.324
0
1.224
0
2.424
2.924
1.324
0.1
0.1
1.224
2.024
2.824
1.324
0
1.624
0.1
0.1
1.224
0.7
0.6
1.224
0.3
0.1
0.3
1.824
2.224
2.024
1.324
0.2
0
0.1
1.424
1.624
0.1
0.2
1.224
2.424
1.424
0.1
0.4
0.2
0
0
0.7
1.324
0.3
1.724
1.624
1.224
1.224
0.3
1.224
0.1
1.224
0.2
0.1
1.224
1.324
2.6
2.424
0
1.424
0
0.1
1.324
1.324
0
0
1.324
1.524
1.224
0
0.9
0.2
0
1.524
1.524
0.1
1.224
0.1
0
0.3
0
1.524
0.3
1.1
1.524
0.1
0
0.1
0.1
2.224
0.2
0
1.3
0.1
0.2
3.4
1.824
1.224
0.1
0.1
0
1.324
0
0.3
1.624
2.024
0.1
0
1.324
0.2
1.324
1.424
0.1
1.324
0
0.1
1.324
0.3
1.524
0
0
1.724
0
0.1
0.5
0
1.524
0
0
0.1
0.2
1.424
1.224
1.624
1.524
0
0.2
3.324
0.2
1.424
1.224
0.3
1.324
0
0.2
1.724
0
1.224
1.324
1.324
1.524
2.124
0
1.224
1.624
1.824
2.424
0
0.2
1.5
0
1.224
0
1.224
1.724
1.324
0.7
1.624
0
0
0.2
1.224
0.1
0.1
0.7
1.224
1.224
1.224
1.524
0.1
1
1.324
0.3
0.1
2.324
1.724
0
1.224
0.1
1.224
0.2
0
0.1
0.2
2.124
1.624
0
0
1.624
1.924
0
0
0
0
0
1.424
0.1
2.4
1.324
0.3
1.224
0
1.224
1.324
1.224
1.924
0.2
1.624
0.1
2.124
0.4
1.624
1.424
1.224
1.324
1.524
0
0.4
1.724
0.4
1.324
1.324
1.524
1.324
4.6
4.124
0.2
0.4
0.5
1.324
1.224
0
1.324
1.224
0
1.424
0.1
2.524
2.024
0
0
0
0
1.224
1.524
1.224
0.1
1.424
1.324
1.624
0
0
1.324
1.224
0.5
0
0.5
0.5
1.524
1.524
0
0.3
0.1
1.424
0
0.3
2.3
1.324
0.2
1.224
1.424
1.324
0
0.7
0
1.824
1.324
0
2.124
1.324
1.224
1.324
0.1
0
1.224
1.224
1.624
0.1
1.224
1.224
0.2
1.224
0.1
0.1
0
0
1.624
0
0
1.624
1.224
0.1
1.224
0.2
0
0.1
0
0
0.1
0.1
1.724
1.324
1.324
1.224
0
0
0.1
1.424
0
2.024
1.324
0.1
1.424
3.324
0.1
0
1.224
1.424
1.424
1.724
0.1
1.924
0.8
0
2.924
0.1
1.324
1.224
0.1
1.524
1.224
1.624
2.124
1.8
0
0
1.324
0
1.224
1.624
0
1.224
1.224
0
0.7
0.3
1.524
1.924
1.224
0.1
0
0.1
0.1
0
0
1.824
0.1
0
0.1
0.1
0
0
0.9
1.324
1.524
0
0.4
0
1.224
0
1.924
1.324
0.9
1.824
1.224
0.3
0
0.1
1.524
2.624
1.524
1.224
0
1.524
1.624
1.224
3.324
0.3
3.824
1.624
2.024
0.6
1.724
1.224
1.7
1.924
1.424
1.524
1.324
1.324
1.224
1.424
1.424
1.424
1.224
1.524
1.724
1.224
1.524
1.3
0
1.824
0
0.1
0
0.2
0.1
0.5
2.224
1.524
1.624
1.324
1.2
0
0
1.324
1.224
1.624
0
0.7
0.4
2.648
4.048
3.448
1.324
1.524
1.224
0.6
1.224
1.224
0
1.324
0
1.224
2.124
1.424
1.524
1.524
1.324
2.624
1.924
0
0
1.924
0.5
0
1.324
4.224
1.824
0.5
1.224
0
1.224
0.4
2.524
1.624
0.1
1.224
0
3.7
0
1.6
0.3
1.224
1.424
2.824
1.324
0.3
0.2
0.1
1.424
0.2
0.8
1.624
0.1
0.1
1.324
0
0
0
0
2.8
1.524
0.6
1.524
0
0
3.324
0
1.224
0
1.224
1.224
0.2
1.3
0.4
1
1.324
0.2
0.2
0
1.324
1.324
1.524
8.524
0.1
1.524
0.1
1.324
2.1
0
0.3
0
3.624
1.524
0
0
0
1.524
2.448
4.448
3.048
3.624
1.324
1.624
1.324
1.324
1.224
1.724
1.624
2.748
2.724
3.048
3.248
1.324
3.348
2.748
2.448
1.824
4.048
2.948
3.048
1.324
1.524
3.348
3.048
3.048
1.224
2.448
2.548
1.524
1.224
7.148
2.848
3.048
1.224
3.848
1.524
5.248
1.524
2.648
2.748
2.124
1.424
1.224
1.524
1.224
1.424
2.024
3.448
2.548
2.848
1.224
5.748
2.448
2.548
2.648
1.224
1.724
2.648
2.324
2.548
2.448
4.748
3.348
2.448
3.248
2.624
2.548
2.848
1.724
2.548
1.224
1.324
1.624
1.324
2.548
2.848
1.324
1.224
1.624
2.648
1.224
2.748
1.424
2.448
1.924
1.424
2.448
1.324
2.024
2.948
1.524
3.048
2.748
3.348
5.048
1.824
2.448
4.424
1.224
1.224
2.748
4.048
3.048
2.524
3.048
3.524
1.824
1.324
1.224
1.724
1.624
1.724
1.524
2.748
2.548
2.648
1.324
3.148
2.748
1.324
2.648
2.448
1.224
3.248
2.824
2.448
3.424
1.324
2.748
1.524
1.724
3.248
3.648
3.448
2.948
2.748
2.748
6.124
2.948
1.424
3.048
1.324
3.748
2.548
1.624
1.924
1.824
2.624
1.724
1.224
2.548
3.348
2.748
2.548
5.548
1.324
3.748
3.124
2.448
2.448
1.724
2.648
2.448
1.224
1.324
2.648
1.424
2.448
2.648
2.548
3.548
3.048
3.024
3.748
2.124
3.448
1.724
1.224
1.324
2.548
6.424
3.224
1.224
1.324
1.724
1.424
2.648
3.348
1.724
3.548
4.348
1.324
1.524
1.424
1.724
1.624
2.848
1.224
3.248
1.524
3.024
3.524
1.224
3.248
2.448
1.324
2.848
3.648
2.548
2.448
2.848
1.524
2.748
2.648
2.948
3.548
3.148
3.448
2.548
2.748
2.848
1.524
2.448
1.624
1.324
2.648
2.448
3.048
3.124
1.424
1.424
1.424
2.624
1.224
1.424
4.048
2.224
2.448
1.524
2.848
2.124
1.224
2.448
6.048
1.624
1.424
1.224
2.448
1.724
2.448
2.448
3.748
1.624
3.248
1.324
2.948
1.724
2.448
2.424
1.324
2.748
2.448
2.548
3.048
3.424
3.148
1.724
1.324
1.224
3.248
3.048
2.548
1.824
2.648
2.548
2.024
2.224
2.924
1.224
1.524
2.648
3.148
1.424
1.624
3.148
1.724
1.324
1.624
1.324
2.548
1.324
1.224
3.548
2.548
3.048
2.848
1.824
1.224
2.848
2.848
2.848
1.524
2.524
2.948
2.624
1.224
2.448
1.224
2.648
1.524
2.548
1.224
2.448
2.448
2.548
2.448
2.448
1.724
3.848
1.324
1.324
3.348
2.748
1.524
2.548
2.324
1.324
2.024
1.824
1.424
1.224
4.148
1.424
4.148
3.248
3.448
1.224
3.248
1.424
2.824
1.324
3.948
1.624
3.548
2.448
3.724
3.248
3.324
1.224
1.324
3.448
2.448
1.624
1.224
2.448
3.748
1.224
1.224
2.548
1.224
1.424
1.624
1.624
1.324
3.448
2.448
1.524
1.224
2.448
2.748
2.448
1.524
2.948
6.948
3.748
2.024
3.048
1.324
1.824
3.648
2.724
1.924
3.048
2.848
3.048
1.224
3.248
3.348
1.524
2.548
1.324
3.124
1.224
2.448
1.724
1.424
2.948
2.424
1.824
3.048
2.424
3.548
1.524
2.448
2.448
4.648
1.224
2.648
3.548
2.948
2.448
1.324
2.448
1.324
5.848
2.748
1.324
3.048
1.324
1.824
2.548
1.324
2.448
1.324
1.324
2.924
3.224
2.748
1.224
1.524
2.448
1.524
2.748
1.424
2.448
3.824
2.648
1.624
1.624
2.648
1.324
1.324
2.848
1.224
3.448
1.324
1.324
1.424
1.524
1.324
2.448
3.924
1.224
1.224
5.148
2.624
2.748
1.224
1.924
2.948
1.524
2.448
2.648
1.324
1.424
1.224
1.224
2.748
4.848
2.548
1.224
2.448
1.224
2.748
1.624
2.648
2.748
3.148
2.448
1.224
2.548
4.048
3.148
1.524
1.524
2.548
3.948
1.224
1.224
1.324
1.524
1.324
2.448
2.948
2.224
2.448
3.324
6.748
1.924
3.148
1.524
2.648
2.548
1.624
1.524
2.648
2.548
2.648
1.224
2.848
1.724
1.424
2.224
3.248
2.448
1.224
2.524
3.148
3.748
2.224
2.448
1.224
1.324
1.724
3.548
3.648
2.848
3.548
2.648
1.224
1.524
1.824
1.224
3.648
1.424
1.224
1.524
2.624
2.848
5.448
4.548
2.548
3.048
3.248
2.448
2.648
1.224
2.948
1.224
1.424
1.624
1.224
2.548
2.448
1.324
3.248
1.424
1.224
2.648
2.448
1.224
2.448
1.224
3.148
1.824
7.524
1.624
2.124
1.324
2.224
20.948
2.548
1.324
1.224
6.548
2.448
1.424
2.848
4.048
2.548
1.824
1.724
2.024
1.524
1.624
3.748
2.124
2.624
1.824
1.224
4.424
2.848
1.324
2.748
1.324
3.748
3.148
2.948
1.924
1.724
1.324
1.224
2.948
2.548
1.224
2.948
2.324
3.148
2.548
2.548
7.124
2.948
2.548
1.824
1.224
2.524
5.724
3.024
1.224
3.448
2.448
1.224
3.448
1.824
2.024
2.424
1.424
2.948
1.724
2.848
3.548
8.048
2.648
3.048
2.448
1.324
3.148
1.324
3.448
2.648
1.524
2.548
3.448
2.848
3.148
1.224
2.948
4.048
2.024
3.448
1.424
2.748
1.724
2.948
1.224
1.424
4.648
3.548
1.224
1.624
1.324
2.448
2.748
2.748
3.848
2.648
3.648
3.648
4.324
1.224
1.224
2.948
2.948
5.348
1.424
1.424
2.848
3.124
1.224
1.624
2.648
2.324
1.524
2.748
1.524
5.648
3.848
2.648
3.748
4.048
3.348
4.048
1.224
3.948
1.224
3.448
2.748
3.448
2.548
2.848
1.324
2.448
1.224
3.348
1.324
0.3
0
0.4
1.5
0.2
1.224
0.1
1.5
0
4.7
0.1
1.624
0
0
0
0
0.1
0
0.7
1.324
0.1
0
0
1.324
0.1
0
4.2
0.2
1.224
0
3.224
2.024
3.2
2.724
0
2.9
2.424
1.224
0.2
1.224
1.224
0.1
0.6
0
0
0.3
0
0.2
0.1
0.1
0.2
1.324
0.4
0.4
1.224
0.4
1.524
0
0.3
0.3
0.2
0
0.4
0.1
0.9
1.224
1.224
0.3
0
1.224
1.324
0.1
2.624
0
1.624
1.924
0
0
1.224
0
1.224
1.324
1.624
1.324
0.2
0.5
1.324
1.624
1.224
0
1.824
0.8
1.324
0
1.424
0
1.324
0.6
4.8
0.2
0.2
1.4
1.8
1
