1
1
5.348
1.624
3.148
1.424
1.524
2.548
1.724
1.224
1.424
2.548
1.924
2.624
2.324
0.2
0
1.224
1.224
1.524
2.948
2.748
1.224
1.224
0.4
1.224
1.624
2.748
3.872
2.548
1.224
1.324
2.6
0.2
0.2
1.1
0.2
0.1
0.1
1.3
0.4
3.924
0
0.3
0.3
1.224
0.7
0.7
0.6
2.748
1.324
0.1
3.948
0
0.3
1.224
0.1
0.1
0.1
2.924
2.6
0.5
0.1
2.724
1.3
0.3
0.3
0
2.024
1.9
1.1
2.124
0.4
0.2
4.324
1.5
0
0.6
0.1
0
4.348
0.1
1.424
0.3
0.1
0
0
0
1.324
3.224
0.1
1.424
0.4
0.3
0
2.024
1.724
0
1.524
1.224
0.1
1.3
1.2
0.2
1.224
0.2
0
2.3
0.4
0.3
0.8
0
0.2
1.324
0.1
0.8
0.2
1.524
0.3
0.1
4.4
0.1
1.324
1.8
0.2
0.1
0.6
1.224
0.1
2.724
0.9
0.2
0.4
0.1
1.524
1.2
1.524
1.724
2.224
2
0.3
1.624
0
2.124
0
0
1.724
0.3
0.5
0.2
1.324
0.1
0.3
0.2
1.1
1.9
0.8
0.6
0.9
0.2
0.3
0
0.1
0
0.3
0.1
1.324
0.2
0.1
5.324
0
1.1
1.324
0.4
1.424
3.948
0.1
0
2.748
1.2
0.6
2.124
1.324
3.772
1.824
5.172
4.048
2.648
1.624
3.872
2.024
2.948
1.324
5.048
2.848
2.848
2.448
1.324
0
2.324
0.6
1.224
0
1.424
2.9
0
0.2
2.024
2.948
1.224
2.648
0.7
2.024
0
0
3.7
0.2
1.8
0
1.224
0
2.748
3.824
2.548
2.448
1.824
1.224
1.224
3.148
1.224
3.348
2.448
1.224
0
2.648
0
7.348
1.524
1.224
2.724
0
2.924
1.724
0.1
0
1.224
0
1.224
1.324
1.6
1.324
0.2
1.324
0
1.324
1.224
0
0.4
2.548
1.524
3.872
0
0.1
1.2
2.448
0
1.4
2.448
1.224
3.672
0
0.5
1.424
2.648
1.1
1.224
2.448
0.2
1.224
0
1.224
0
2.848
2.448
2.848
0.3
1.324
1.224
2.848
2.448
2.448
2.448
0
1.5
0
0.1
1.224
0.2
0.5
0.1
1.624
0.2
1
0.7
0.3
0
0.5
0.7
1.424
0.9
1.324
0
1.324
1.224
1.224
2.748
0
1.324
0
1.724
0.1
0.2
1.1
0.5
0.6
0
0.1
1.424
0.1
0
3.324
1.224
1.324
1.924
1.424
0
0
0
2
0
0
1.224
2.4
0
1.1
1.924
1.624
3.348
0.5
0.3
1.424
0.3
2.2
4.4
1.324
0
0.1
0.1
1.224
3.348
2.648
0
1.224
1.224
1.224
0
1.224
2.448
0.1
2.448
2.448
1.324
2.548
1.424
1.224
0
3.024
0
0
0
2.548
4.148
1.324
0
1.224
0.4
2.448
2.024
0.1
0.2
0
2.448
4.024
1.324
2.324
2.548
0.1
1.924
0
1.224
2.748
2.648
0
2.124
1.324
2.448
2.448
2.448
3.548
2.548
1.9
2.124
1.524
1.224
2.548
0.3
0.4
1.224
1.224
0.1
2.748
2.648
1.824
3.224
0.1
2.648
1.224
1.224
3.148
2.848
1.324
0.1
1.224
0.2
4.372
1.224
0.1
0.5
1.524
1.724
2.448
1.824
1.224
1.424
1.824
2.548
1.224
1.224
2.948
1.624
1.224
0
1.224
2.124
0
1.224
1.424
1.224
0
3.348
1.324
1.424
1.324
0.7
2.848
0
0.5
4.424
1.3
1.224
2.624
1.1
0
1.524
3.148
2.524
1.724
1.224
0.4
2.124
1.224
0
0
0.6
1.524
0.1
2.448
1.424
1.624
1.224
0
1.224
2.748
2.648
1.524
1.324
1.224
2.448
4.572
2.548
0.3
1.724
0.8
0
0
1.424
2.548
3.124
1.224
1.224
0
2.948
2.748
1.224
2.548
2.548
1.224
1.224
2.548
0
1.7
1.324
0
2.448
1.224
4.272
2.724
1.324
2.548
0
2.448
3.148
3.848
1.324
0.1
2.748
0.1
0.1
1.224
0.4
1.624
1.424
1.224
1.424
1.624
1.724
3.648
3.548
2.448
0.1
1.224
0.1
2.848
1.624
0
0.1
1.224
3.748
1.424
0
1.524
0.3
0
0
0.3
1.224
1.824
1.624
2.648
2.448
1.224
0.2
1.224
1.224
1.324
1.224
1.424
2.448
1.224
1.7
1.724
1.224
1.224
0
0.3
1.224
2.448
0.2
1.324
1.224
1.224
2.548
0
1.624
0
0
1.424
1.624
1.324
2.448
0.1
1.224
2.748
0
2.548
1.224
2.124
1.424
1.324
1.224
0
1.424
3.848
0
0.1
2.224
0.2
0.1
2.1
2.848
2.448
1.424
0.1
0.5
1.424
1.224
2.124
4.272
3.048
0.1
0.1
1.524
1.224
1.724
1.224
2.548
2.548
1.224
0.1
2.548
1.524
3.972
0
0
1.524
1.224
0
0.6
1.224
1.724
0.1
0
0
0.6
2.948
3.672
2.648
3.872
1.224
0.3
4.348
0
4.572
1.324
1.324
1.224
0.1
1.324
2.648
0
2.448
2.648
2.748
2.948
1.824
0
2.448
1.624
2.024
2.948
0
1.224
2.024
0
4.072
1.224
2.548
2.848
1.524
0.2
3.048
0
1.224
1.424
1.224
0.3
1.224
0.6
2.448
2.448
3.672
1.524
1.324
1.524
2.548
1.624
0.2
1.824
1.424
0
2.548
0.1
2.448
1.324
0
0.1
1.424
3.448
1.324
1.324
0
2.748
1.624
0.1
0
0
0
2.548
2.448
1.424
2.2
1.324
0.1
3.772
1.224
2.448
1.424
2.548
1.724
1.324
3.048
1.324
2.524
1.724
1.424
2.848
2.448
1.224
1.524
0
0.1
2.848
1.824
1.424
2.648
1.424
2.448
2.5
4.948
0.4
0.2
0.4
3.872
1.224
0
1.224
2.448
1.224
2.648
1.324
2.124
2.948
0
1.224
1.224
0
2.448
3.772
2.648
0
1.224
1.324
2.548
0.2
1.324
2.548
1.424
2.948
0
2.224
1.724
2.748
3.972
1.224
1.824
0
2.748
1.224
1.724
2.824
2.548
0.2
1.324
1.324
1.324
0
1.824
0
2.848
2.548
0
2.648
2.448
2.548
3.872
1.324
1.324
1.224
2.448
2.948
1.224
2.748
2.448
1.224
2.448
0.2
0.2
0
0.3
2.448
0
0
1.724
2.548
0.2
2.548
0
0.1
0.1
0
0.1
0
1.224
3.248
2.548
1.224
2.548
1.224
0
1.224
1.224
1.224
3.048
2.548
0
3.772
4.048
0
0.1
1.324
2.648
2.848
1.824
1.224
2.224
0.6
1.224
4.348
0
2.748
2.548
1.224
2.748
2.448
1.524
4.572
1.7
1.324
0.2
2.448
1.224
2.448
1.324
1.324
1.224
2.548
1.224
0.6
1.424
1.424
4.072
2.448
1.524
0
1.324
1.224
0
0.1
1.424
1.424
1.424
0.2
1.224
0
0
2.424
1.524
1.424
0
0.2
1.224
1.224
0
2.224
2.448
0.8
2.748
2.448
0.1
0.2
1.224
3.148
4.048
1.424
3.672
1.224
2.848
2.748
2.448
4.048
1.424
4.048
3.548
3.648
0.6
2.848
2.448
3.624
3.048
2.648
2.548
2.548
2.448
2.448
3.872
2.748
2.548
1.224
3.772
4.172
3.672
2.748
2.224
1.224
3.248
0
0.1
0
0.1
1.424
1.624
3.448
2.848
3.048
2.548
2.624
1.324
1.224
1.424
2.548
1.624
1.224
1.924
1.524
3.672
3.348
4.572
2.648
2.748
2.548
1.924
2.548
2.448
0
4.172
0.1
3.772
4.272
2.548
2.748
3.972
2.548
4.572
1.724
1.224
1.224
4.072
2.424
1.224
2.548
5.548
3.548
2.024
2.648
1.224
2.448
0.5
2.024
3.048
0.1
2.448
0
2
1.224
1.3
0.1
2.548
1.324
2.524
2.448
0.5
0.1
0.3
1.524
0.2
1
1.624
0.1
0
1.324
1.224
1.224
1.424
0.1
3.124
1.424
0.8
1.624
0.1
0
2.524
0
1.324
0
1.224
1.324
0
2.424
0.4
0.2
1.324
0
0.1
1.224
1.424
1.424
1.624
7.924
0
1.424
0.1
1.824
1.4
2.848
0.2
0.1
3.324
1.524
0
0.1
0
1.324
3.672
3.948
3.348
3.524
1.424
1.624
1.324
1.324
1.624
1.624
2.448
2.648
2.924
3.148
3.248
1.224
3.148
3.672
2.448
1.924
5.072
2.748
2.648
1.524
1.724
4.272
2.748
2.748
2.448
2.448
2.448
1.424
1.324
6.248
2.648
2.648
1.224
3.148
1.324
4.948
1.724
2.548
3.672
2.024
1.624
1.224
1.424
1.324
1.624
2.224
2.848
3.672
2.848
1.224
4.148
2.548
2.548
2.548
1.224
1.824
2.948
1.424
2.748
2.548
3.948
2.948
2.648
3.148
2.224
2.548
2.748
1.724
2.448
2.448
1.324
1.824
1.324
2.548
3.772
1.424
1.224
1.524
2.548
1.224
2.748
2.548
2.448
1.724
1.224
2.448
1.224
1.924
2.648
3.048
2.848
2.548
3.448
4.148
1.624
2.448
4.224
1.224
1.324
2.848
3.948
2.948
3.048
2.848
3.224
1.824
1.324
2.448
1.424
1.424
2.524
1.824
2.548
2.548
2.448
1.224
3.248
2.748
1.224
3.772
2.448
1.224
3.048
2.824
2.448
3.824
1.224
3.348
1.424
1.524
2.948
4.372
2.948
4.072
2.648
2.648
3.724
2.548
1.324
3.872
1.324
3.848
2.548
1.524
1.824
1.524
2.524
1.624
1.424
2.548
3.248
2.648
2.448
4.348
1.224
5.072
3.248
2.448
2.448
1.324
2.448
2.448
1.224
1.324
2.548
1.324
2.448
2.548
2.548
3.348
2.748
2.424
2.948
1.824
3.248
1.624
1.224
1.224
2.448
4.124
2.024
1.224
1.324
1.324
1.424
2.548
2.948
1.224
3.948
5.372
1.224
1.524
1.224
1.924
1.424
2.648
1.324
2.948
1.524
2.124
2.824
2.448
3.148
3.672
1.324
2.648
3.448
2.448
3.672
3.148
1.324
2.648
2.448
2.748
3.448
2.948
2.948
2.948
2.648
3.148
1.624
2.448
1.524
1.424
2.448
2.448
2.848
3.248
1.324
1.524
1.224
2.624
1.224
1.224
3.848
2.324
3.672
2.224
2.748
2.024
1.224
2.448
4.648
1.524
1.224
1.224
3.672
1.524
2.648
3.672
4.972
1.624
2.848
1.224
2.848
1.624
2.448
1.724
2.448
2.648
2.448
2.448
2.748
3.024
3.048
1.324
1.324
1.424
3.748
2.548
2.648
1.724
2.548
2.448
2.848
2.324
2.624
1.224
1.224
2.548
2.648
1.224
1.724
2.648
1.924
1.224
1.424
1.424
5.096
1.224
1.224
3.872
2.448
4.048
2.648
1.624
2.448
2.948
2.548
2.948
1.524
1.624
2.648
2.724
1.324
2.448
1.224
2.648
2.548
3.672
1.424
2.448
2.648
3.772
2.548
2.448
1.624
4.572
1.424
1.324
2.948
2.748
1.424
2.548
1.624
2.548
2.024
1.324
1.224
2.448
3.148
1.524
3.448
3.148
3.448
1.224
2.848
1.524
1.824
1.224
4.572
1.924
4.372
2.448
2.824
3.848
3.324
1.324
1.324
4.072
3.672
1.524
1.324
2.548
3.048
1.224
1.324
2.448
1.224
2.648
1.324
1.524
1.224
2.848
2.448
1.624
1.224
2.448
3.872
2.648
1.424
4.272
6.248
3.548
1.824
2.948
1.224
1.524
3.148
2.224
2.024
3.972
2.648
3.972
1.224
2.948
3.348
1.524
2.648
2.448
2.324
1.224
2.448
2.224
1.224
2.848
2.524
1.624
2.848
2.124
3.648
1.524
2.448
2.448
3.648
1.224
2.648
3.972
2.548
2.448
2.648
2.448
1.224
4.548
3.772
1.324
2.648
1.324
1.424
2.548
1.524
2.448
1.324
1.524
3.224
3.524
2.548
1.324
1.524
2.448
1.324
2.948
1.424
2.448
3.724
2.748
1.324
1.424
2.648
1.424
1.224
2.548
1.224
3.248
1.424
1.424
1.224
1.424
1.324
2.448
3.924
1.324
1.224
3.948
1.924
2.548
1.224
1.724
2.548
1.424
2.448
3.772
1.324
1.224
1.224
1.224
3.048
5.048
2.448
1.424
2.448
1.224
3.672
1.424
2.648
3.148
4.472
2.448
1.224
2.448
3.948
2.748
2.448
1.424
2.548
4.972
1.224
1.324
2.448
1.424
1.324
2.448
2.948
2.224
2.448
2.624
6.048
1.824
2.748
1.624
3.772
2.448
1.924
1.724
2.848
2.448
2.548
1.324
2.548
1.724
1.324
2.024
2.848
2.448
1.224
2.224
3.448
4.372
2.124
2.448
1.224
1.224
1.324
3.448
4.272
2.748
2.948
2.648
1.224
1.524
2.224
1.224
3.348
1.324
1.224
1.424
2.024
2.648
4.048
4.248
2.748
4.072
2.748
3.672
2.748
1.224
3.972
2.448
1.324
1.624
1.324
3.672
3.672
1.324
2.848
1.524
1.224
2.648
2.448
1.424
2.548
1.324
3.972
1.624
4.924
1.524
2.224
1.624
2.224
6.548
3.772
1.224
1.224
20.496
2.448
1.224
4.072
3.348
2.548
1.724
1.524
1.624
1.724
1.824
5.272
2.224
1.824
3.448
1.224
3.824
4.072
1.224
2.648
1.224
3.448
2.748
3.148
1.424
1.524
1.324
1.224
2.948
2.448
1.224
2.748
2.124
3.248
2.548
3.672
6.424
2.748
2.748
1.524
2.548
2.424
5.248
2.724
1.224
3.248
2.448
1.224
2.948
2.024
1.624
2.424
1.524
2.848
1.524
2.948
3.148
8.972
2.648
3.148
2.448
1.224
2.848
1.224
3.048
2.548
1.324
2.648
4.872
2.748
3.048
1.224
2.748
4.372
2.324
2.648
1.424
2.748
1.724
3.148
1.224
1.524
5.172
4.972
1.424
1.424
1.324
2.448
2.648
2.548
3.648
2.448
2.848
3.448
3.924
1.224
1.224
2.448
3.348
4.348
2.648
1.324
3.448
3.024
2.448
1.424
2.648
2.424
1.224
2.948
1.424
6.148
3.948
2.548
3.548
3.748
3.148
4.148
1.424
3.548
1.224
4.272
3.872
4.272
2.448
2.448
1.324
3.772
1.224
4.272
1.224
0.2
0
1.624
0.9
0.3
1.224
0.3
1.2
0
3.5
0.4
2.848
0
0
0
1.324
0
0
1.924
2.448
1.424
0
1.224
2.548
0.1
0
4.424
1.424
1.224
1.224
3.124
1.924
2.2
3.224
0
2.9
4.372
2.448
0.2
1.224
1.324
0.1
0.8
1.324
0
1.224
1.224
0.4
1.324
1.224
1.324
3.972
0.7
1.624
2.448
2.848
1.524
1.324
1.524
2.548
0.1
1.324
1.424
0.1
3.648
2.448
3.772
0.4
1.224
1.224
1.224
0.1
4.248
1.424
2.848
2.024
0
0
2.448
0.2
4.072
3.672
1.724
2.648
0.2
1.524
3.872
1.424
3.672
1.224
3.048
1.1
2.448
0
1.424
0
1.224
0.8
4.6
0.3
0.1
2.824
2.524
2.024
