1.224
0.2
1.824
0
1.224
3.36
1.324
1.224
2.548
1.224
2.648
2.448
1.424
1.424
1.424
0
0
0
0
0
3.06
3.26
0
0
1.224
0
0
0.1
1.324
0
0
1.224
1.524
1.224
0
1.224
1.224
1.224
0
1.524
1.224
3.56
0
0
0
1.224
0
0
1.224
2.548
1.224
0
2.548
0
0
0
1.224
0
1.424
1.324
0.1
0
0
0.4
1.936
1.224
0
0.1
1.224
0.2
1.224
2.648
1.224
3.16
3.26
1.424
0
0.3
0
1.224
1.324
0
1.224
0
0
0
0
0
0
0.2
1.224
0
0.2
0
0
2.448
2.448
1.224
0
0
0
0.2
0.1
1.324
0
1.224
1.224
0.5
0
1.224
1.224
0
1.224
1.224
0.1
1.836
1.224
0
1.224
1.224
0.3
0
0
1.724
0
1.224
1.324
1.224
0
1.324
1.224
0
0.1
0
3.06
0.2
1.224
1.224
1.324
0.2
1.224
0
0
1.324
0
0
1.324
0
1.224
0
1.324
1.224
1.324
1.224
1.224
1.324
0
0
1.224
0
1.324
0
1.224
0
0
0
0
1.224
0
0.2
1.224
1.424
1.224
1.224
1.224
1.224
0
0
3.06
1.524
1.224
1.524
1.224
2.448
1.324
2.748
2.548
2.448
1.424
2.448
1.424
3.772
2.448
2.548
2.548
2.548
2.448
2.448
1.224
0
3.16
0
0
0.1
1.624
0
1.224
2.548
1.424
1.224
1.224
1.224
0.1
0
3.06
0.2
1.224
1.936
0
1.836
0
1.224
1.524
1.224
1.224
1.224
1.224
1.224
1.224
2.448
1.224
1.224
1.224
1.836
1.224
0
1.824
3.06
1.836
1.324
1.836
1.524
3.06
0
0
0
0
0
1.224
0.2
0
0
0.1
0
0
1.224
1.836
0
1.224
1.224
1.224
1.224
1.224
0
1.224
1.224
0.1
1.224
1.224
1.224
1.224
1.324
1.324
1.224
0
0
1.224
0
2.548
1.224
0
0
1.324
1.224
1.324
1.324
1.324
1.224
1.224
3.16
3.06
1.224
0
0.1
0
0
0
0
0
1.324
0
1.224
0
0
0
0
0
1.224
0.1
1.324
0
0
1.224
0
0
1.224
1.224
1.224
0
1.224
1.224
0
1.224
0
0
1.324
0
0
0
0
0.1
0
0
3.16
3.06
0
0
0
1.224
1.224
0
2.448
0.3
0
1.224
1.424
2.448
1.324
0
1.224
2.448
1.224
0.1
0.5
0.1
1.936
1.224
0.1
0
3.772
3.672
0
2.448
2.448
1.224
0
0
2.448
1.936
1.224
1.224
1.224
0
1.224
0
0
0.2
0
0
0
1.324
1.624
0
0
0
0.1
1.224
2.448
1.224
0
0
2.448
0.3
0
0
2.448
1.836
1.224
1.224
0
1.224
3.06
1.224
1.324
1.324
4.284
1.224
1.224
1.424
1.224
0.3
1.224
1.224
1.836
0
0
1.224
0
0
0
3.06
3.06
1.324
0.2
1.324
1.224
1.836
2.448
1.424
1.324
0
1.224
1.224
0
1.324
0
1.224
1.224
1.224
1.224
1.224
1.936
0
1.224
0
3.16
0
1.224
1.224
3.16
0
1.836
0
1.424
0
1.224
2.136
0
0
1.424
1.224
1.224
1.224
0
1.324
0
0
1.424
1.836
0
1.724
1.324
0
1.224
1.224
1.324
0
1.836
0
0.2
1.224
0
1.224
0
0
0
1.224
1.224
0
1.224
1.224
0
3.06
1.324
0
1.836
0
1.224
1.324
1.324
1.836
1.324
0.1
1.224
0
1.224
3.06
0.1
0
0
1.224
1.224
1.224
3.06
1.324
1.224
2.036
2.448
1.224
0
0.1
1.224
1.224
1.224
0
1.324
1.524
1.224
1.836
1.224
1.224
1.424
1.424
2.448
0
1.224
1.224
1.224
1.224
1.224
0
1.224
0
1.324
0
1.224
1.324
3.06
1.224
1.224
1.224
0
1.324
1.224
1.224
1.836
1.224
1.224
1.224
0
0.1
1.224
0
0
0
4.284
3.06
1.324
4.284
2.448
1.224
0
1.224
0
1.324
1.836
0.1
1.224
1.224
1.324
1.324
0
1.224
0
0
3.06
1.224
1.224
0
1.224
1.224
1.224
1.836
0.2
0
1.224
1.224
1.324
1.836
1.224
1.224
0
0
0
1.224
0
1.836
1.224
0
0
1.224
0
1.324
1.836
0.1
0.2
0
0
1.424
1.324
2.448
0
0
0.1
1.224
0
0.1
1.224
2.548
0
0
1.224
1.224
3.06
1.324
0
3.06
0
0
1.224
0
1.224
3.16
0
1.324
1.224
1.324
0
0
1.424
0
1.224
1.224
0.1
1.224
1.224
3.06
1.324
0
0
1.424
0
2.648
3.06
1.836
1.224
0
0
2.448
1.224
1.224
1.324
1.224
1.224
1.424
0
1.224
1.324
2.648
1.224
1.224
1.224
1.836
1.224
1.224
0
1.224
1.224
1.224
0.1
1.224
1.836
0
0.2
1.224
0
0
0
1.224
1.224
1.224
2.448
0
0
1.224
1.836
0
1.524
3.16
1.224
1.324
1.224
1.324
0
0
1.324
0
1.324
1.324
0
0
1.324
1.224
0
1.224
1.224
1.836
0
1.224
0
1.936
1.324
0
1.324
0
3.06
1.224
3.06
1.424
0.1
2.448
0.2
1.524
0.1
1.224
1.324
1.224
1.224
2.448
0
1.224
1.424
0.1
1.224
1.224
1.224
1.224
0.3
2.648
0.2
0
0.1
1.224
1.224
1.224
1.224
3.06
0
3.26
1.836
1.624
2.448
1.224
0
0
1.224
1.224
1.224
1.224
0
2.448
2.448
1.224
1.224
0
3.06
1.224
0.1
1.224
0
0
3.06
1.224
0
0.2
0
2.448
1.836
0.1
0.2
3.16
1.224
3.06
1.224
1.224
1.836
0.1
1.224
1.224
1.224
1.224
1.424
1.224
1.224
1.324
0
0
1.224
1.224
1.224
0
3.06
1.224
1.836
3.06
0.1
0
1.224
1.224
2.548
0
0
1.224
3.16
1.224
3.06
0
1.224
0
1.224
0
0
0
1.424
1.324
1.224
1.224
0
3.06
0
1.224
0
1.424
1.224
0
2.448
1.424
0.1
0
1.224
1.324
4.384
1.224
0
1.324
1.524
1.224
1.424
0
2.448
1.224
1.224
1.324
3.06
1.224
1.424
1.524
1.224
0
3.06
0
1.224
1.224
1.836
1.324
2.548
0.1
1.224
0
2.448
1.224
1.224
0.1
0
0.1
0
0
0.1
1.424
1.224
1.224
0
0
0
0
0
1.324
1.224
1.224
0.1
0
2.448
0
2.548
1.224
1.424
3.16
3.06
1.936
3.06
0
1.324
1.324
1.324
1.224
0
1.224
4.384
1.224
2.648
0
1.324
1.224
1.224
0
1.224
1.224
0.1
1.224
1.224
1.224
3.06
3.16
3.06
1.224
1.224
1.224
1.224
1.224
1.224
1.224
1.224
0.1
0.1
1.424
0
0
1.224
1.224
0
0.1
3.46
1.424
3.16
1.224
0
0
0
3.06
1.224
3.06
1.836
1.836
1.936
2.448
3.872
4.284
3.16
3.16
3.06
0.1
3.06
1.224
0
1.224
0
1.224
1.524
1.324
1.224
1.324
1.224
1.324
1.324
1.224
1.224
1.324
0.2
0
1.224
1.424
1.224
2.136
2.448
0
1.224
0
1.324
1.224
0
3.06
0
0.3
1.836
0.3
0
2.448
1.224
1.224
1.224
0
0
1.936
1.224
1.224
0
1.224
0
1.224
1.224
1.224
1.224
0
1.224
0.3
1.224
1.324
2.648
1.224
0
1.224
0
1.224
0
1.224
1.224
1.224
0
0
0.1
1.324
1.224
0
0
1.224
1.224
1.324
1.724
0
1.224
1.224
1.224
0.1
0.1
0.1
0
2.648
2.548
0
0.1
3.06
1.224
2.448
4.072
3.972
2.848
1.224
2.448
4.284
1.224
2.448
1.424
1.224
2.548
2.748
2.448
2.548
1.424
3.772
3.672
2.548
1.424
2.548
2.448
2.548
1.224
1.324
2.448
3.772
3.972
1.224
2.448
3.672
2.748
4.284
2.648
2.548
2.448
1.224
2.548
1.224
2.548
1.524
2.548
2.448
2.548
3.16
1.224
1.224
1.224
1.324
1.224
3.672
3.672
2.448
1.224
2.748
2.548
3.772
2.448
1.424
1.424
2.448
2.548
4.384
2.448
2.448
2.548
2.448
2.448
1.324
2.448
3.872
2.748
2.448
1.224
2.548
2.448
2.648
2.448
4.384
1.324
1.224
1.224
2.448
2.448
2.548
1.324
2.448
2.548
1.224
3.672
1.224
2.548
2.548
1.224
2.648
3.672
2.448
2.648
2.548
2.448
1.824
2.548
2.448
2.448
4.272
2.648
1.424
2.748
1.724
2.548
1.424
1.224
1.424
1.224
2.548
2.648
2.448
2.548
3.672
2.448
2.548
2.548
1.224
3.672
2.448
2.448
2.448
1.824
2.448
3.148
1.324
2.548
1.224
1.224
3.772
2.548
2.548
3.772
2.548
3.772
1.824
2.548
2.448
2.548
1.224
2.548
2.448
1.224
1.224
2.448
2.448
2.548
2.448
2.448
3.772
2.448
2.548
2.648
1.224
2.648
1.224
2.448
2.448
1.224
5.608
2.448
2.448
2.448
4.484
1.524
2.448
2.448
2.548
2.648
2.548
2.548
3.772
2.548
3.872
1.424
1.224
1.224
2.448
1.424
1.824
2.448
1.224
3.36
1.324
2.448
2.448
1.324
2.548
2.448
2.448
1.224
2.448
2.448
2.548
3.672
1.224
3.972
2.448
3.86
1.424
1.224
3.772
2.448
1.224
2.548
3.872
2.448
2.448
2.448
2.448
2.448
2.448
2.448
2.748
3.872
2.648
3.772
4.384
3.672
1.224
2.448
4.284
1.224
2.448
2.448
2.548
1.324
1.224
2.448
2.448
2.548
2.448
2.448
4.272
1.524
3.772
1.324
2.548
3.36
1.224
2.448
4.072
1.324
2.448
2.448
2.448
1.224
2.448
2.548
2.448
2.448
2.548
2.548
2.448
2.448
2.448
2.448
1.224
2.448
2.448
2.448
2.548
2.448
2.448
2.448
2.448
1.224
4.072
3.972
2.548
1.224
2.448
5.508
1.224
2.648
1.324
1.324
2.548
5.508
2.448
2.748
1.424
3.972
2.648
1.324
1.424
1.224
2.448
1.224
1.224
2.548
2.548
2.648
2.448
2.448
1.224
2.448
2.448
2.448
3.16
2.548
2.448
2.548
1.224
2.448
1.224
2.448
2.448
2.448
2.448
2.448
2.448
2.448
3.672
2.448
2.448
3.872
1.224
1.324
2.448
3.672
1.224
3.772
1.224
1.224
2.648
1.224
3.06
1.224
2.448
2.648
4.584
4.172
3.672
2.448
3.872
2.548
2.848
1.224
3.772
4.684
2.548
2.448
2.748
2.748
2.748
1.224
2.548
2.748
2.548
2.648
2.448
2.448
2.448
2.448
1.224
2.548
3.16
1.324
1.324
2.548
1.224
2.448
3.672
2.448
2.448
3.672
3.672
2.548
4.284
3.772
4.272
2.548
1.224
4.172
1.224
1.224
2.548
1.324
1.224
2.448
2.448
2.548
1.224
4.384
3.672
1.324
3.672
1.224
1.724
1.224
3.672
3.16
2.448
2.548
2.024
1.424
2.448
2.548
2.748
2.448
2.448
2.448
3.672
1.224
2.448
2.548
3.872
2.448
1.324
2.548
2.448
2.548
4.384
3.16
2.548
2.448
1.324
3.672
1.224
3.672
1.224
2.548
1.324
1.424
2.548
2.448
2.548
2.448
1.324
2.548
1.324
2.448
2.648
3.872
1.224
2.548
2.448
2.448
2.548
2.548
2.548
2.748
1.224
1.224
1.324
1.224
2.448
2.448
1.324
2.448
1.224
2.648
2.224
2.448
2.448
2.548
2.448
2.548
2.448
2.448
1.324
2.548
2.448
1.224
2.648
6.208
2.448
2.548
2.448
1.224
2.548
2.548
2.448
2.548
2.448
2.448
1.224
3.672
3.772
2.548
1.224
2.448
2.448
2.648
1.224
2.448
1.424
1.224
2.448
2.448
2.448
2.548
2.448
2.748
2.848
2.548
3.672
1.224
4.384
2.548
2.548
1.324
4.384
2.548
3.672
1.224
2.548
1.524
1.224
1.324
2.648
5.808
2.448
2.848
2.648
2.448
2.548
2.448
1.224
2.448
1.224
2.448
3.972
2.548
2.548
2.448
1.224
2.448
2.448
2.448
2.548
2.548
2.448
2.548
2.848
3.772
2.548
4.072
2.548
3.772
2.748
2.448
3.672
1.224
3.672
1.324
1.224
2.448
2.448
2.448
2.448
2.448
2.748
1.224
1.224
2.448
2.448
1.224
2.448
2.548
2.648
2.548
2.948
1.524
1.324
1.224
1.324
2.548
2.448
1.224
1.224
2.548
2.448
1.224
2.448
2.448
7.808
2.648
3.36
2.648
1.224
1.324
3.872
2.548
1.624
1.424
1.224
2.548
2.448
2.548
2.448
1.224
2.448
5.708
2.448
1.224
4.484
1.424
1.224
2.448
3.672
2.448
2.448
2.648
2.548
3.772
4.284
2.124
3.872
3.672
2.448
1.224
1.524
1.524
2.124
2.448
5.608
2.448
1.224
2.948
2.448
1.424
2.548
1.224
2.648
3.26
3.672
2.448
2.948
3.772
2.448
2.448
3.16
3.872
2.448
3.672
2.448
2.548
2.448
2.448
2.448
2.748
2.448
2.448
2.448
2.948
2.548
1.324
2.448
1.224
2.448
4.284
2.448
3.672
2.548
2.448
2.448
2.448
3.772
3.672
2.448
3.672
3.672
2.548
5.908
2.748
4.284
2.548
2.448
3.672
2.848
1.224
2.448
3.772
2.648
1.224
2.448
2.448
2.448
1.324
2.448
2.448
2.848
2.448
2.448
3.972
2.648
2.648
2.548
1.224
2.748
1.224
4.284
2.448
3.672
2.448
2.448
1.224
4.284
1.224
2.748
3.06
1.224
1.224
0.1
1.424
1.324
2.448
1.324
1.224
0
0.2
0.2
2.448
1.224
0
0
0.1
1.224
1.936
0
1.224
0
0
0.1
2.448
1.936
1.224
1.936
0
1.224
1.836
1.424
1.324
1.424
1.324
1.224
1.424
1.224
3.06
1.224
1.224
1.224
0
0
0
3.36
1.836
0
1.324
0
1.836
1.836
1.324
0
0
1.224
0
1.224
0
0
0
0
1.224
0
1.224
0.1
1.224
1.324
1.224
0
1.224
1.224
0
1.424
1.224
2.448
2.448
1.324
0
1.224
0.1
1.224
1.324
1.224
1.224
1.224
1.224
1.224
1.224
1.224
0
1.324
0
1.224
1.836
1.224
1.224
1.224
0.2
1.824
1.224
1.224
1.524
0
1.324
