0.2
0.1
0.9
0.2
0
3.46
1.324
1.224
1.224
1.224
1.524
1.224
1.324
1.324
1.624
0
0
0
0
0
1.836
1.936
0
0
0.1
0
0
0.2
0
0
0
0
0.4
0
0
0.2
0.1
0
0
0.2
0
2.336
0
0
0.1
0.1
0.2
0.1
0.1
0.1
0
0
0
0.1
0
0
0
0
0
0
0.1
0
0
0.2
1.836
0.1
0
0.1
0
0.3
0.1
0.1
0.2
1.936
2.236
0.2
0
0
0
0
0.1
0
0
0.1
0
0
0
0
0
0.2
0
0
0
0
0
0
0
0
0
0
0
0
0.2
0
0
0
0
0.5
0.1
0
0.2
0
0
0
0
2.136
0.1
0.1
0
0
1
0
0
0.3
0
0
0
0
0
0.2
0
0
0.1
0
1.936
0.1
0.1
0
0
0
0.2
0
0
0.3
0
0
0
0
0.1
0
0.1
0.1
0.2
0.1
0.3
0.1
0
0.1
0.2
0.1
0
0
0
0
0
0
0
0
0
0.7
0
0.1
0
0
0
0.6
0
0
1.836
0.2
0.1
0.5
1.324
1.224
1.424
1.324
1.624
1.224
1.224
1.224
1.424
1.324
1.224
1.424
1.424
1.224
1.224
1.224
0
0
1.836
0
0
0.1
0.7
0
0
0.1
0.1
0
0
0.1
0.1
0
1.836
0.8
0.1
2.036
0
1.936
0
0
0.5
0
0
0.2
0
0
0.2
0
0.1
0
0
1.836
0
0.1
0.5
1.936
1.836
0
1.836
0.3
2.136
0
0
0.1
0
0
0
0.2
0
0
0
0
0
0.1
1.836
0
0
0.3
0
0
0
0.1
0
0
0.1
0
0
0
0
0.3
0.1
0
0.2
0
0
0
0
0
0
0
0.2
0
0.2
0.1
0.2
0
0.1
1.936
1.836
0
0
0.2
0
0
0
0
0
0
0
0.1
0
0.1
0.1
0
0.1
0.2
0
0.3
0.2
0
0.1
0
0
0
0
0
0
0
0
0
0.1
0.2
0.1
0
0
0
0
0
0.7
0
0
1.836
1.836
0
0
0
0.2
0
0
0
0.8
0.1
0.6
0.1
0.1
0.3
0
0
0
0
0.2
0.5
0.1
1.836
0
0
0
1.524
1.424
0
0
0
0
0
0
0
1.936
0
0
0
0
0
0
0.1
0
0
0
0
0
0.2
0
0
0
0.1
0
0.1
0
0.1
0
0
0.7
0
0
1.224
1.836
0.1
0
0
0
1.936
0
0.2
0.1
1.836
0
0
0
0
0.3
0.3
0.1
1.836
0.2
0.2
0
0
0
0
1.836
1.836
0.1
0.7
0.1
0
1.936
0
0.4
0.2
0
0
0
0.2
0.2
0
0
0
0.1
0.1
0
1.836
0
0
0.1
1.836
0
0
0
1.936
0.2
1.836
0
0.1
0.1
0
2.136
0
0.1
0.2
0.1
0
0
0
0
0
0
0.4
2.136
0
0.4
0.3
0.1
0
0.2
0.1
0
1.836
0
0.3
0.1
0
0
0
0
0
0.1
0.3
0
0
0
0
2.036
0
0
1.836
0
0
0.3
0
1.836
0.1
0.3
0
0
0
1.836
0.5
0
0
0
0
0.1
1.836
0
0
1.936
0
0
0.1
0.1
0
0
0
0
0.2
0.4
0
1.836
0
0.1
0.5
0.4
0
0
0
0.1
0
0
0.3
0.1
0
0
0.1
0
0.2
0.2
2.036
0
0
0
0
0
0.1
0.1
1.836
0
0.2
0.2
0
0.2
0
0
0
0
1.836
1.936
0.3
2.036
0.1
0
0
0
0
0
1.836
0.1
0
0
0.2
0.1
0
0
0
0
1.836
0
0
0
0.1
0.1
0.1
1.936
0.3
0
0
0
0
1.836
0
0
0
0.1
0
0
0.1
1.936
0.2
0
0
0
0
0
1.836
0
0.2
0
0.1
0.6
0.1
0
0
0.1
0.1
0
0
0
0.1
0
0.1
0
0
0
1.836
0.1
0
1.836
0
0
0
0.1
0.1
1.836
0
0.2
0
0
0.2
0.1
0.1
0
0
0
0
0.1
0
1.836
0
0
0.1
0.4
0
0.2
1.836
1.936
0
0
0
0.1
0
0
0.1
0
0.1
0.3
0
0
0.1
0.1
0.1
0
0
2.236
0
0
0
0
0
0
0
0.2
1.936
0
0
0
0
0
0.1
0
0
0
0.1
0
0
0
2.036
0.2
0.1
1.936
0
0.2
0
0
0
0
0
0.1
0.3
0.1
0
0
0
0
0
0
0
1.836
0
0.1
0.1
2.336
0
0.3
0
0
1.936
0
1.936
0
0.4
0
0
0.2
0
0
0.3
0
0
0
0
0.2
0
0
0
0
0
0
0.6
0.2
0.1
0
0.3
0
0
0
0
1.836
0
1.936
1.836
0.1
0
0
0
0
0
0
0
0
0
0
0.1
0
0
0
1.836
0
0.1
0
0.3
0
1.836
0
0
0.1
0.1
0
1.836
0.1
0.1
1.836
0.1
1.836
0
0
1.836
0
0
0
0
0
0.1
0
0
0.1
0
0
0
0
0.2
0
2.036
0.1
1.936
1.836
0
0
0
0
0
0
0
0
1.936
0
1.936
0
0
0
0
0
0
0
0
0.1
0
0
0
1.836
0
0
0
0.2
0
0
0
0.2
0
0
0
0
1.936
0
0
0.4
0.3
0
0.4
0
0.1
0
0
0
1.836
0
0.2
0.5
0
0
1.836
0
0.1
0.1
1.936
0.4
0
0
0
0.1
0.2
0
0
0
0
0
0
0
0
0
0
0
0
0
0
0
0.2
0
0.1
0
0
0
0
0
0.1
0
0.3
2.036
1.836
1.936
1.936
0
0.1
0.4
0.2
0
0.1
0
2.136
0
0.1
0
0.3
0.2
0.2
0
0.1
0
0.2
0
0
0
1.936
1.836
1.836
0.1
0.1
0
0
0.1
0.2
0
0.2
0
0
0
0
0
0
0
0
0.1
2.136
0
2.036
0.1
0.3
0.1
0
1.836
0
1.836
1.836
1.836
2.036
1.324
1.624
3.06
2.036
1.936
1.936
0.1
1.836
0
0
0
0
0
0.1
0.2
0.1
0
0.1
0
0
0
0
0
0.1
0
0.1
0.6
0.1
2.236
0
0
0
0
0.4
0
0
1.836
0
1
1.836
0.1
0.1
0
0.1
0.1
0
0.3
0
2.036
0
0
0.2
0.2
0
0
0
0
0
0.1
0
0.1
0
0
0.1
0
0
0.3
0
1.224
0
0
0
0
0.2
0.2
0
0
0
0
0
0
0
0
1.2
0
0.2
0
0.2
0.5
0.1
0
0
0.5
0
0
0.1
1.836
0
1.224
1.624
1.324
1.424
1.224
1.224
3.06
1.224
1.324
1.624
1.224
1.324
1.424
1.324
1.224
1.424
1.424
1.224
1.324
1.424
1.424
1.424
1.324
1.324
1.324
1.224
1.224
1.324
1.224
1.224
1.324
1.424
3.06
1.624
1.424
1.324
1.224
1.324
1.224
1.624
1.324
1.324
1.224
1.424
3.06
1.224
1.224
1.324
1.324
1.324
1.324
1.224
1.224
1.224
1.424
1.424
1.224
1.324
1.224
1.224
1.224
1.324
3.16
1.224
1.324
1.424
1.224
1.224
1.324
1.324
1.324
1.524
1.224
1.224
1.224
1.324
1.424
1.424
3.26
1.224
1.224
1.224
1.324
1.224
1.324
1.424
1.224
1.624
1.224
1.224
1.224
1.224
1.324
1.224
1.324
1.224
1.224
1.624
1.624
1.224
1.724
1.224
1.224
1.324
1.524
1.224
1.424
1.224
1.924
1.224
1.324
1.224
1.324
1.324
1.524
1.324
1.224
1.224
1.224
1.324
1.324
1.224
1.224
1.224
1.224
1.224
1.424
1.824
1.224
1.524
1.324
1.224
1.324
1.224
1.624
1.224
1.624
1.424
1.324
1.224
2.124
1.224
1.224
1.324
1.224
1.424
1.224
1.224
1.324
1.324
1.224
1.324
1.324
1.224
1.224
1.224
1.324
1.324
1.224
1.524
1.324
1.224
1.224
1.524
3.26
1.224
1.224
1.324
3.26
1.424
1.224
1.324
1.324
1.524
1.424
1.224
1.224
1.224
1.524
1.524
1.224
1.224
1.224
2.024
2.224
1.224
1.224
3.16
1.224
1.224
1.324
1.424
1.424
1.524
1.324
1.224
1.224
1.224
1.224
1.224
1.224
1.224
1.224
3.76
1.724
1.224
1.224
1.224
1.224
1.224
1.524
1.224
1.224
1.224
1.324
1.324
1.224
1.224
1.324
1.324
1.524
1.424
3.26
1.524
1.224
1.224
3.26
1.224
1.224
1.224
1.324
1.424
1.224
1.224
1.324
1.524
1.224
1.324
1.524
1.724
1.324
1.424
1.224
3.56
1.224
1.224
1.624
1.224
1.224
1.224
1.224
1.224
1.224
1.224
1.324
1.324
1.224
1.224
1.224
1.224
1.224
1.424
1.224
1.224
1.324
1.324
1.224
1.324
1.224
1.324
1.324
1.224
1.324
1.524
1.224
1.724
1.224
3.06
1.224
1.624
1.624
1.324
1.224
3.16
1.324
1.324
1.524
1.324
1.224
1.324
1.224
1.324
1.224
1.224
1.224
1.424
1.224
1.524
1.224
1.224
1.224
1.424
1.224
1.224
3.06
1.324
1.224
1.624
1.224
1.224
1.224
1.324
1.324
1.224
1.224
1.224
1.224
1.224
1.224
1.224
1.324
1.624
1.224
1.324
1.424
1.224
1.224
1.224
1.324
1.224
1.324
1.224
3.06
1.224
1.324
1.324
3.16
1.224
1.224
1.224
1.224
1.224
1.324
1.224
1.324
3.46
1.324
1.224
1.724
1.224
1.824
1.224
1.224
1.224
1.324
1.524
1.224
1.224
1.324
1.224
1.224
1.324
3.06
1.324
1.324
1.224
1.224
1.324
1.224
1.224
1.224
1.224
1.324
1.224
3.16
1.224
2.724
1.224
1.224
1.524
1.224
1.324
1.424
1.324
1.324
1.224
1.224
1.224
1.324
3.26
1.324
1.324
1.224
1.224
1.324
1.324
1.224
3.36
1.224
1.424
1.724
1.424
1.224
1.324
1.224
1.324
1.224
1.224
1.324
1.224
1.224
1.224
1.324
1.224
1.424
1.224
1.224
1.524
3.06
3.26
1.324
1.424
1.224
1.224
1.224
1.224
1.224
1.324
1.324
1.524
1.324
1.224
1.224
1.224
1.324
1.424
1.224
1.224
1.624
1.224
1.224
1.224
1.224
1.224
1.224
1.324
1.324
1.724
1.224
1.324
1.224
1.224
1.224
1.224
1.324
1.224
1.224
1.524
1.524
1.224
1.224
1.224
1.324
1.224
1.224
1.224
1.524
1.324
1.224
1.224
1.324
3.86
1.224
1.424
1.224
1.224
1.324
1.224
1.324
1.224
1.224
1.224
1.224
1.224
1.824
1.224
1.224
1.224
1.224
1.324
1.224
1.224
1.224
1.324
1.324
1.224
1.224
1.224
1.224
1.524
1.624
1.424
1.224
1.224
3.06
1.324
1.224
1.324
3.26
1.224
1.224
1.224
1.224
1.324
1.224
1.324
1.224
3.36
1.224
1.524
1.324
1.224
1.524
1.224
1.224
1.224
1.224
1.224
1.424
1.224
1.324
1.224
1.224
1.224
1.224
1.224
1.324
1.224
1.224
1.224
1.824
1.324
1.324
1.624
1.224
1.224
1.224
1.224
1.324
1.224
1.224
1.324
1.224
1.224
1.224
1.324
1.224
1.224
1.324
1.324
1.224
1.224
1.224
1.324
1.224
1.324
1.324
1.224
2.124
1.324
1.324
1.324
1.624
1.724
1.324
1.224
1.224
1.524
1.224
1.424
1.324
1.224
3.36
1.324
6.26
1.224
1.224
1.224
1.424
1.524
1.424
1.324
1.224
1.624
1.224
1.224
1.224
1.324
1.324
3.16
1.224
1.324
3.36
1.224
1.224
1.224
1.224
1.224
1.324
1.324
1.224
1.224
3.06
2.724
1.424
1.224
1.424
1.224
1.724
1.724
1.624
1.224
3.36
1.224
1.224
1.424
1.224
1.324
1.424
1.424
1.324
3.16
1.224
1.224
1.824
1.224
1.324
1.224
3.06
1.424
1.224
1.624
1.224
1.224
1.224
1.224
1.324
1.524
1.224
1.324
1.424
1.424
1.424
1.224
1.224
1.324
1.324
3.06
1.224
1.524
1.224
1.224
1.324
1.224
1.224
1.224
1.424
1.324
1.224
1.324
3.16
2.024
3.16
1.224
1.224
1.524
1.424
1.224
1.224
1.424
1.524
1.224
1.224
1.224
1.424
1.224
1.324
1.324
1.424
1.524
1.224
1.224
1.424
1.424
1.624
1.224
1.324
1.224
3.16
1.324
1.524
1.324
1.224
1.224
3.06
1.224
1.724
3.06
0.1
0
0.1
0.3
0.1
0.1
0.1
0
0
0.5
0
0
0
0
0
0
0
1.836
0.1
0.1
0
0
0
0
1.836
0
2.336
0
0
1.836
0.5
0.3
0.3
0.3
0
0.4
0.2
1.836
0
0.1
0
0
0.1
0
1.936
1.936
0
0
0
1.836
1.836
0
0
0
0
0.1
0.2
0
0
0
0.1
0
0
0
0.3
0
0.1
0.1
0
0
0
0
0.4
0
0.1
0.1
0
0
0
0
0
0.2
0.1
0.1
0.1
0.2
0
0.1
0.1
0
0
0.1
0
1.836
0
0
1.224
0.2
1
0.1
0.1
0.4
0
0.2
