3.16
0.1
0.2
0.2
0
0
0
0
0
0
0.1
0
0
0.2
0.1
0
0
0
0
0
0
0.1
0
0
0.1
0
1.224
0
0
0
0
0
0.4
0.1
2.036
2.036
1.836
1.836
1.936
1.936
1.836
3.66
1.836
1.936
1.836
1.836
3.16
1.836
1.936
1.836
1.836
1.936
2.036
1.936
1.936
1.836
1.836
1.836
1.936
2.036
2.236
2.036
1.836
3.136
3.26
1.936
1.836
1.836
1.836
2.136
1.936
2.136
2.036
1.936
4.26
2.536
1.836
1.936
1.836
1.836
1.936
1.836
1.836
1.836
1.836
1.836
1.936
1.836
1.836
2.036
1.936
2.036
3.16
1.836
1.836
1.836
2.036
1.836
1.836
1.836
2.136
1.936
2.236
1.836
3.06
1.836
3.06
2.336
1.836
1.836
3.36
3.16
1.836
1.836
1.836
2.136
3.26
1.836
1.836
1.836
3.036
1.836
1.836
1.836
1.836
1.836
1.836
1.936
1.936
1.836
3.16
1.936
1.936
1.936
3.16
2.136
1.836
1.936
2.136
3.56
1.836
1.836
1.836
2.036
1.836
1.836
1.836
2.036
1.836
1.836
1.836
1.836
2.036
3.16
2.036
2.336
3.36
1.836
3.56
1.836
1.836
1.836
1.836
3.06
5.96
1.936
1.836
1.836
3.16
3.236
2.036
2.136
3.06
1.836
3.06
2.136
1.936
1.836
1.836
1.936
1.836
2.036
1.836
2.136
3.16
1.936
2.636
2.036
2.036
1.836
2.236
1.936
2.136
2.036
1.836
2.036
1.836
3.06
0
0
0.2
0
1.224
0
0.5
0
0
0
0.1
0.1
0
0.3
0.1
0
0
2.324
0
1.824
0
0
0
0
0.1
0.1
0
0
0
0
0.1
0
0
0
0
0.1
0.1
0
0.7
0
1.224
0.4
0
0.1
0.3
0
1.224
0
1.224
0
0
0.4
0
0
0
0
0
0
0
0.2
0
0
0
0
0
0
0
0
0.1
0
0
0
0
0
0
0
0
0
0
1.836
1.324
1.224
1.224
0
0.2
0
0.2
0
0
0
0
0
0
0
0
0.2
0.1
1.224
0.1
1.224
0
1.224
0
1.324
0
0
0
0
0.2
0.2
0
0.3
0.1
0
0.2
0
0
0
0
1.224
0
1.224
1.224
0
1.424
1.524
0.3
0
0
0.1
0
0
0.6
0
0.1
0.1
0
0
0.1
0
1.624
0
1.224
0.1
0.5
1.224
0.2
0
0.1
0
1.224
1.224
1.224
1.424
0.7
2.124
0
0
0
3.06
0
0
0.1
0
0.2
0
0.1
0
0
0
0
0
0
0
0
0
0
0
0.3
0
0
0.1
0
0.4
0
0
0
0.1
0
0.4
0
0
0
0
0.6
0
0
0
0
0
0
0
0
0
0
0
0
0
0
0
0
0
0.6
0.1
0
0
0
0.1
0.2
0
1.324
0
0
0
0.2
0
1.224
0
0
0
0.1
0
0
1.324
0.2
0
0.1
0
0
1.424
0.3
1.224
0
1.324
0
1.224
0
0
0
0
0.1
0
0.1
0
0
0
0
0
0
0
1.224
0.1
0.1
0
0
0.3
0
0.1
0
0.5
1.524
0
0.2
0.5
0
0.2
0.2
0.2
0.2
0
0.1
0.1
0
0
0
0.1
0
0
0
0
0.2
0
0
0
0.1
0
0
0
0
0
0.4
0
0
0
0
1.224
0
0.1
0
0.3
0
0
0.1
0.1
0
0
0
0.1
0
0
0
0
2.124
0
0
0
0
0.1
0.2
0
0
0
0
0.1
0.2
0
0
0
1.224
0.1
0
0.4
0.2
0
0
0.1
0
0.1
0.3
0.2
0
0
0
0
0.1
0
0
0
0
0.1
0
0.1
0.1
0
0
0
1.324
0
0.1
0.3
0
0.1
0
0
0
0
0
0.1
0
0
0
0.8
0
0
0
0
0
0
0
0
0
0
0
0
1.224
0
0
0
0
0
0
0
0.1
0
0
0
0
0
1.424
0
0
0
0.1
0
0
0.1
0
0.2
0
0
0.5
0
0
0
0
0.2
0
0
0
0.2
0.1
0
0
0
0
0
0
0
0
0
0
0
0.1
0.2
0
0
1.424
0
1.324
0
0
0
1.224
0.1
0
0.1
0.1
0
0.1
0.1
0
0
0.2
0
0.1
0.1
0
0
0
0
0.1
0
0
0
0
0.1
0.2
0.1
0
0
0
0
0
0
0.1
0
0
0
0
0
0
0
0.1
0
0
0.1
0
0
0
0.1
0
0
0
0.1
0
0.1
1.224
0
0
0.2
0
0
0.1
0
0
0
0
1.224
0
0.1
0.1
0
0
0.1
0
0
0
0
0
0
0
0.1
2.024
0
0
0
0
0
0
0
0.3
0
1.324
0
0.1
1.324
0
0.1
0
0
0
0
0
0
0.2
0
0
0
0
0.7
0.6
0
1.424
0.1
0
0
0
0.1
0
0
0
0
0.2
0.1
0
0
0
0
0
0
0
0
0
0
0.1
0
0
0
0
0
0
0
0.4
0.1
0.2
0
0
0
1.324
0
0
0.7
0.1
1.224
0
0
0
0
1.224
0
0
0
1.224
1.424
0
0
0.2
0
0
0
0
0
0
0
0
0
0
0
0
1.224
0
0.1
0
0
0.1
0
0
0
0
0
0
0
0
0
0
0.1
0
0.1
0
0
0
0
0
0
0
0
0
0
0.3
1.324
0
0
0
0
0
0
0
0.2
1.224
0.1
1.224
1.224
1.224
0
0.1
0
0.1
0.1
0.3
0
0.1
0
0
0
0
0
0
0.1
0
1.324
0.1
0
0.2
0
0
0
0
0
0
0
0
0
0
0
0.1
0
0
0.1
0.1
0
0
0.1
0
0
0
0.4
0
0
1.224
0
0.1
0
0
0
0.2
0
0
0
0
0.1
0
1.824
0
0.5
0.1
0
0
0
0
0.1
0.1
0.1
0
0
0
0
0
0.1
0
0
0
0.1
0
0
0.2
0
0.1
0.1
0
1.224
0
0
0
0.2
0
0.1
0
0.2
0
0
0
0.2
0
0.1
0.2
0.1
0
0.1
1.224
0
0
0
0.4
0
0.1
1.224
0.1
0
0.1
0.3
0.1
0
0
0
0
0
0
0
0.2
0
0
0
0.2
0.1
0
0.2
0
0
0
0.1
0.1
0
0
0
0.2
0
1.424
1.836
0
0
0.2
0.1
0.2
0
1.324
0.1
0
0.4
0.1
0
0
0
0
0
0
0
0.3
0.2
0.2
0.1
1.324
1.324
0.2
0
0
0
0.1
0
0
0.4
1.324
0.1
0.1
0
0.1
0
0
0
0
1.2
1.224
0.1
1.324
0.1
0.3
0
0
1.324
0
0
0
0
0
0
0
0.3
0
0.4
1.224
0.1
0
0
0
0
0
0
0.2
0
0.1
0
1.324
0
0
0.1
0.2
0.1
0
0
1.224
0
0
0.1
0.1
0
0
0
1.224
0.5
0
0
0
0.1
1.224
0.3
0
0
0.1
0.2
0.1
0
0
1.224
1.224
0.3
0
0
0
0
0.3
0
0
0
0
1.224
0
1.224
0
0
0.4
0.1
0
0.1
0.1
0
0.2
0.1
0.1
0
1.324
0.2
0
0
1.324
0
0
1.224
0
1.224
0.1
0
0
0.2
0
0
1.424
0.1
0.1
0.1
0.1
1.324
0
0.4
1.524
0
0.6
0
1.224
0.1
0.1
0
0
0
0.4
0
0
0
0.2
1.224
1.624
0.2
0
0
0
0.1
0.1
0.1
0
0
0
1.224
0
1.324
0
0.8
0
0
0.1
0.2
0.1
0.2
0.1
0
0.1
0
0.5
0
0
1.424
1.224
0
0
0
0
0.1
1.624
0
0
0
0.3
1.324
0.2
0.2
0
0.2
0
0
0
1.224
0.1
0
0
0
0.1
0
0
0
0
0.2
0.1
0.3
0
0.1
0.3
0.1
0
0
0
0.5
0.3
0
0
0.2
0
0
0.1
0
0.1
0.1
0
1.424
0
0.1
0.3
1.424
0.1
0
0
0.1
0.1
0
0.1
0
0
1.224
0.1
0
0
0
0
0
0
0
0.2
0.1
0.1
0
1.224
0
0
0
0
0
0
0
0
0.2
1.224
0.2
0
0.5
0
0.2
0.2
0
0
0.1
0.1
1.324
0
0
0.4
0.1
0
1.224
1.224
0
0
0
0.2
0.1
0
0
0
0.3
0
0.4
0
0.1
0
0
0.1
0.4
0
0.1
0
0
0.1
0
0.1
0.2
0
0
0.1
0.1
0.4
0
0
0
0
0
0.1
0.2
0.3
0
0
0.1
0
1.324
0
0.2
0
0
0
1.224
0
0
0
0.1
0.1
0
0
0.3
0
0
0
0
0
0.1
0
0
0
0.1
0
0
0
0.2
0
0.1
0.1
0.1
0
0
0.1
0
0.1
0.1
0.3
0
0.1
1.324
0.2
0.2
1.324
0
0.1
0
0.1
0
0
0.1
0.1
0
0
0.1
0.3
0
1.324
1.224
0
0.2
0
0
0.1
0
0
0.1
0
1.324
0
1.324
1.224
0.1
0
0.1
0
0
0
0
0.1
0.4
0.6
0.2
0.1
0.1
1.224
0.1
0.2
0.2
0
0.2
0
0
0
0.1
0.2
0.1
0
0
1.624
1.224
0
0.1
0
0
0.2
1.224
0.2
1.424
0.1
0
0
0
0
0
0
0.1
0.1
0
0
0
0
0.2
1.324
0
0
0
1.324
0
0
0
0
0.1
0.3
0.2
0.1
0
0
1.224
0
0
0
0
2.424
0.1
0
0
0
0
0.1
0
0
0.1
0
0
0
0.1
0
0
1.824
1.224
0
0.1
0.1
0
1.224
0.1
0
0
0
0
0.1
0
0
0
0.1
0.5
0
0
0
0
0
0
0
0.1
0
0
1.224
0
0.2
0
0
0
0
0.1
1.224
0
0
0
1.324
0
0
0.2
0
0.3
0.4
0
0.1
0.1
0
0
0
0
1.224
0.1
0
0
0
0.1
0.1
0.1
0.2
0
0
0.2
0.2
0
0.2
0
0
0
0.1
0.1
0.3
0.2
0
0
1.224
0
1.324
1.224
0.3
0
0
0.2
0
0
0.3
1.724
0.1
0.1
0
0
0
0.1
0.1
0
0
0.1
0
0
0
0
0
0
0
0
0
1.224
0
0
0
0.1
0.8
0.1
0.3
0
0.2
0.8
0
1.324
0
0.3
0.1
0
0
0.3
0
0.1
0
0.1
0
0.2
0.5
0.2
0.3
0.1
0
0.7
0.1
0
0
0
0.1
0.3
1.324
0.1
0
0.1
0
0.1
0
0
0
0.2
0.1
0
1.224
0.6
0.1
0
1.224
0
0.4
0.2
0.2
1.224
0.1
0
0
0.3
0.2
1.224
0.1
0
0.3
0
0
0.2
2.024
0
0
0
0
0
0
1.424
1.224
0.1
0
0.1
0
0.3
0
0
0.5
0
0.1
0
0
0.1
0
1.224
0
0.3
0.3
0
0
0
0
0.1
1.224
0.2
0
0.1
0
0.4
1.224
0
0.1
0
0
0
0
0.3
0.1
0
1.324
0
1.424
0.2
0
0
0.3
0.1
0.2
0.2
0.1
2.036
2.036
3.06
2.036
1.836
2.136
0
0.1
0
0
0
0
0
3.26
0
0.1
0.1
0.2
0.1
0
0
0.1
0.3
0
2.224
0
0
0
0
0
0
1.224
0
0
1.224
0.1
1.224
0.1
0
0
0
1
0.1
0
0
0.1
0.1
0.6
0.1
0
1.624
0.2
0.1
0.1
0
0
0.1
0.1
0
0
0.1
0
0
0
0.1
0
0
0
0.1
0.1
0
0
0
0.2
0
0.2
0
1.224
1.224
0
0
0
1.224
0
0
1.224
1.324
0.1
1.324
0.3
0.2
0
1.224
0
0
0
0
0.1
0
1.324
1.424
0.1
0
0
0
0.2
0
0
0
0
0
0
0.2
2.324
1.324
0.1
0.2
0.3
0.2
