0.2
1.424
0.7
1.524
0
1.524
2.548
2.548
1.224
2.448
2.948
1.224
1.624
3.248
3.048
1.224
0
1.224
1.224
1.424
0
0.2
0
1.224
1.524
1.224
1.224
0
1.424
0.1
1.224
0
1.1
0
0.1
0.5
0.1
0.1
0
0.8
0
1.1
0.1
0
0
0
0
0.3
0.3
0.3
0
0
0
0
0.1
0
0
0
0.2
0.3
0.7
0.5
0.1
2.424
0.3
0.2
0
0.2
0.2
0.7
0.7
0.1
0.2
0.1
1
1.824
0
1.624
0
0
0.1
0
0
0
0
0
0.1
0
0
1.824
0
0
0.2
0
0
0.3
0.1
0
1.324
1.224
0.2
0.4
0.8
0
0
0
0
1.2
0
0.1
0
0
0
0
0.1
0.2
0.1
0.1
0
0
1.6
0
1.424
0.3
0.1
0
0.1
0
0
0.1
0.2
0.1
0.2
0.1
0.4
0.9
0.3
0
0
0.4
1.324
1.224
0
0.4
0
0.1
0
0.2
0
0
0
0.1
0.3
0
0.4
0.3
0.1
0.3
0.2
0.1
0
0
0
0
0.3
0
0
0
0
2.324
0.1
0.4
0
0.3
0
0.3
0.2
0
0
0.5
0.1
0.4
2.548
1.424
1.224
1.724
1.724
1.224
1.424
1.224
2.948
1.324
1.324
1.524
1.424
1.524
1.224
1.224
0
0.3
0.2
0
0
0.2
1.6
0
0.1
0.2
0.3
0
0
0.1
1.624
0
0
1.9
0.1
2.124
0
0
0
0
0.6
0
0
0.3
0
0
0.1
0
1.324
1.224
0
0
0
0.1
1.3
0.1
0
0.1
0
0.3
0.6
0.1
0
0
1.224
0
0
2.124
0.1
0
0.1
0
0.1
0
0
0.1
1.324
0.1
0
0
1.224
0.1
0.1
0
1.524
0
0
0
0
0.1
0.1
0
0.4
0
0
0
0.3
0
0
0
0.1
1.224
0
0.2
0.2
0
0.2
0
0
0
0
0.2
1.224
0
0
0
0.1
0
1.224
0
0
1.524
1.324
0
0.2
0.3
1.324
0.1
0.1
0
0
1.224
1.224
0.2
0
0
1.224
0
0.1
1.324
0.2
0.2
0.2
0
0
0
1.224
0
2.124
1.224
0
1.824
1.424
0
0
1.224
0.7
1.224
0
0.1
1
0.1
0.2
0.5
0.1
0
0.5
0.1
0.1
0
1.2
2.1
1.224
0.1
0
0.2
1.224
1.424
1.324
1.224
0
0
0
1.324
0
0
1.424
0
0
0
0.2
1.224
1.224
0
0.4
1.224
1.224
1.424
1.424
2.224
0
0
1.224
0.2
0
0.7
0.1
0
1.224
1.224
2.124
0
1.424
1.224
0
0.3
0
1.224
0
0.1
0
0.2
0.1
0
0
0
0.3
0
1.924
0.3
0.2
0.1
1.324
0.2
0.1
1.224
0
0
0
1.224
0.4
1.924
0.1
0
1.224
0
0.4
0.2
1.424
0.1
0
0.2
0.3
1.324
0
0.4
0.2
1.224
1.224
1.224
1.424
0.1
1.424
0
0
0
0.2
0.1
1.324
0
1.224
0.3
0
0
1.324
0
0
2.424
0
0
0
0.5
1.524
0
0.2
1.1
0.2
1.224
0.7
1
0
0.1
1.424
0.2
1.424
0
0.2
0
0.1
1.324
0
0.2
1.324
0
0
1.324
1.424
0
0
0
0.1
0
0.1
0
1.224
0.1
0.2
0
1.324
0.1
0.1
0
1.224
0
0
0.3
1.224
0
0
0.2
0.1
0
0.1
0
1.324
0
1.324
0.1
1.2
0
0
0
1.224
0.2
0.3
0
0
0
0
0.3
0.5
0
0
0
0.1
0.2
0
0.3
1.424
0
1.424
0
1.224
0
0.1
1.424
0
0
0
1.224
0
0
0
0.2
0
0.4
0
0
1.424
0
0
0
0.3
0.1
0.1
0.1
0
1.324
1.224
1.224
0
1.524
0.1
0
0
0
0
1
0.1
0
0
1.224
0
0
0
0.1
1.224
0
1.224
1.224
0
0.3
0.1
0
0.1
0.1
0.1
0
0
1.324
1.324
1.224
0
1.524
1.524
0.1
1.324
1.224
0
0.1
0.7
1.224
1.324
0.6
0
0.2
1
1.224
0
1.324
0
0.2
0
1.224
1.324
0.1
0.2
0
1.224
0.2
0
0
0.1
0.2
0
0
0
0
1.324
0
1.324
0
0.4
0
0
0.1
1.224
1.524
0
0
0.1
0.2
0
0
1.424
0.1
1.224
1.324
0.4
0
0.5
0
0.2
0
0
0
0.2
0
0
0.2
0.1
0.1
1.524
0
1.224
1.724
1.624
0.3
0
1.324
0.6
0
0
1.224
0
1.624
0
1.524
0
0.1
0
0.1
0
0.1
1.224
0
0
0
0
0.1
1.224
0.1
0
0.1
0.1
0.5
0.2
0
1.324
0
0
1.224
0
0
1.324
0.2
1.224
1.324
1.224
0.1
0.1
0
0
0
0
0
1.224
0
2.224
0
0.2
0.2
1.424
0.1
0
0.1
0
1.324
0.1
0.1
0.6
0
0
0.1
1.324
0
0.1
0
0
0.2
0.3
0
0
0
0
2.924
0.5
1.424
0
1.524
0
0
0
0
0
1.224
0
0
0.6
0
0
1.224
0
0
0
1.224
0
0
1.424
1.324
0
0
0
0
0
1.424
0.1
1.724
0.4
0.1
0.1
1.224
0.1
0
0.1
0
0.3
0.8
1.324
0.1
1.224
0
0
0
0.2
0
1.524
0
0
0.4
0
1.224
0.1
1.224
0.1
0
0
0
1.224
0
1.224
0
0
1.324
0
0
0
1.324
0
0
0
0
1.424
0
1.324
0
1.324
0
0
0
1.224
0.1
0.2
0
0
0
0
1.224
0
0
0.2
0
0
0
0.4
0
0
0
0.2
0.1
0.1
1.224
0
0.4
0
0.3
0
0
0
1.224
0
0
0.1
0.8
0.9
0
0
0
1.224
0
0.1
0.1
0
0
0
0
1.224
0
0
1.224
0.1
0
1.424
0.1
1.224
0
0.1
0
0.1
0
0
0
0.1
2.024
0.1
0
0
1.324
0
0
0
0.2
1.224
0.1
0.5
0
1.424
0.1
1.224
1.624
1.624
0.1
0
1.224
0
0.3
0
0.7
0
1.924
0
0.4
0
1.324
0
1.524
0.1
1.224
1.424
0
0.1
0
0
0
0
0
0
0.2
0
0
0.2
0.1
0.1
0
0
0
1.224
1.224
0.2
0.5
1.424
1.724
0
1.824
1.324
0
0
0.2
0.2
1.224
1.324
1.324
1.224
1.424
1.224
0
0.1
0
0.1
0
0
0
0.1
0
0.1
0.2
0.1
0
0.1
0.1
0.3
0.2
0
0.1
0.1
0.2
0
0
0.7
0.2
0.5
1.324
1.224
0
0.1
0.2
0.1
0.1
0
0
1.924
0
0.6
0.1
0
0.1
0.4
0
0.4
0
0.2
0
0
0
0.1
0
0
0
0
0.1
1.324
0
2.024
0
0.4
0
0
0.1
0.5
0
2.548
1.324
0
0
1.324
1.524
0.2
0
0.2
1.224
1.724
0
0
0
0
2.1
0
0
0
0.1
2.124
0.1
1.424
0
1.1
0.2
0.1
1.324
0
0
1.224
1.724
1.424
2.424
1.224
1.424
2.448
1.224
1.424
1.524
1.224
1.224
1.524
1.324
1.624
2.848
1.424
2.448
1.224
1.524
1.524
1.424
1.324
2.548
1.224
1.224
1.424
1.624
2.748
1.224
1.324
2.948
1.224
1.724
3.248
1.224
1.224
1.324
2.448
1.624
1.724
1.224
1.224
1.324
1.224
1.224
1.224
1.224
1.324
1.524
1.224
1.224
1.324
2.448
2.024
1.424
1.524
1.224
1.324
1.224
1.224
1.524
1.224
1.224
1.724
1.224
1.224
1.324
1.324
1.224
1.524
1.224
1.324
1.224
1.224
3.148
2.948
1.224
1.424
1.324
1.224
1.224
1.424
1.224
1.424
1.324
1.224
1.624
1.224
1.224
1.224
1.324
1.324
2.448
1.324
1.424
1.524
2.024
1.424
1.224
2.224
1.224
1.324
1.324
1.924
1.624
1.824
1.524
4.248
1.324
2.648
2.448
3.248
1.224
1.224
3.248
1.324
1.324
2.648
2.448
1.324
1.324
1.324
1.324
1.324
1.224
1.224
3.348
1.224
1.724
2.548
1.224
1.324
1.424
1.524
1.224
1.724
1.424
1.324
1.324
2.624
1.424
1.324
1.224
1.224
1.524
1.224
1.224
1.324
1.224
2.124
1.424
1.224
1.224
1.324
1.224
1.324
1.724
1.224
1.224
1.524
1.224
1.224
1.424
1.924
1.224
1.324
1.224
1.424
3.148
1.224
1.324
1.224
1.524
1.424
1.924
1.424
1.324
1.424
3.448
2.548
2.648
1.224
2.224
4.248
2.548
1.224
2.824
2.548
1.224
1.424
1.424
1.624
1.724
1.224
1.224
1.224
1.324
1.224
1.224
1.224
1.324
1.224
2.324
1.824
1.224
1.324
1.324
1.224
1.224
1.624
1.224
1.224
1.324
1.324
1.424
1.224
1.324
1.424
1.224
1.424
1.424
1.424
1.224
1.324
1.324
2.648
2.648
1.224
1.224
1.324
1.624
1.324
1.424
1.224
1.424
1.324
1.524
5.148
4.948
2.448
1.524
1.224
1.824
1.224
1.224
2.324
3.148
2.648
1.224
1.224
1.324
1.324
1.324
1.424
1.424
1.324
1.224
1.324
1.224
1.224
1.424
2.548
1.224
1.224
1.224
1.324
2.024
1.324
1.524
1.324
1.224
1.724
1.424
1.324
2.424
1.224
1.324
1.224
1.624
1.424
2.548
1.224
1.324
1.424
2.448
2.648
2.124
1.324
1.324
2.748
2.948
1.224
1.224
1.224
1.424
1.424
1.424
1.224
1.324
1.324
1.524
1.224
1.324
1.524
1.524
1.324
1.524
1.224
1.224
1.224
1.324
1.524
2.548
1.324
1.224
1.224
1.224
1.224
1.224
1.624
1.424
2.548
1.724
1.324
1.224
1.224
1.224
1.224
1.224
1.424
1.224
1.224
1.224
1.524
2.948
1.524
1.524
1.324
1.224
1.224
1.524
1.624
1.324
1.424
3.248
1.324
1.224
1.924
1.324
2.224
2.548
1.224
1.624
1.224
3.348
1.224
1.224
1.424
1.224
1.224
1.224
1.224
1.224
3.048
1.424
1.324
1.224
1.324
1.424
1.224
1.224
1.224
1.324
2.448
1.424
4.848
1.324
1.324
4.148
1.224
1.224
1.424
1.624
1.324
1.324
1.624
1.324
2.448
1.324
1.424
2.748
1.224
1.324
1.724
1.224
1.224
2.424
1.324
1.424
3.824
1.524
1.424
1.624
1.624
1.524
1.224
1.224
1.324
1.224
1.224
1.524
1.324
1.224
1.324
1.324
1.224
1.724
1.324
1.224
1.324
1.324
1.424
1.224
1.524
1.224
1.224
1.224
1.424
1.624
1.224
1.324
3.048
1.224
1.324
1.324
1.224
1.224
1.824
1.424
1.224
1.224
1.324
1.324
1.224
1.224
1.424
1.424
1.424
1.324
2.648
1.224
2.648
1.224
1.824
1.224
1.224
1.524
4.948
1.224
1.224
1.224
1.424
1.324
1.224
1.224
1.524
2.648
2.448
1.224
1.424
5.648
1.224
1.324
1.224
1.224
1.324
1.224
1.324
1.424
1.324
1.224
1.224
2.548
1.524
1.324
2.648
1.224
1.224
1.524
1.224
1.224
1.424
1.224
1.324
1.224
1.224
1.524
1.224
1.724
2.324
2.648
1.424
2.848
1.424
1.224
1.524
2.648
1.324
1.224
1.324
2.448
1.224
3.248
1.224
1.624
1.624
2.548
1.224
1.824
1.424
1.524
1.724
1.224
2.448
1.224
1.324
1.224
1.424
1.324
1.324
1.324
1.224
1.224
1.224
1.224
1.724
1.624
2.448
1.324
2.224
1.424
1.824
1.924
1.224
1.324
1.324
1.224
1.224
1.224
1.324
2.448
2.548
1.524
1.324
1.324
1.224
1.324
1.224
1.224
2.448
1.224
1.224
1.224
1.224
1.324
1.424
1.524
2.824
1.624
1.324
2.648
1.324
2.624
1.324
1.324
1.324
1.824
1.224
1.324
1.224
1.624
1.624
1.324
1.424
1.524
1.324
2.648
1.324
1.724
8.948
2.948
1.224
1.724
1.224
1.224
1.324
2.548
1.324
3.848
1.424
1.324
2.948
2.448
2.448
1.224
1.224
1.224
1.224
1.324
1.224
1.224
1.224
6.448
1.324
1.224
1.524
2.748
1.524
2.224
5.248
1.224
1.524
1.224
1.224
4.848
1.324
1.224
1.624
1.224
1.724
1.724
1.224
1.424
2.324
1.324
1.424
1.224
1.224
1.624
1.224
1.224
1.224
1.324
1.324
1.424
1.424
1.524
1.224
1.224
1.524
2.948
1.624
1.324
1.224
1.624
1.424
1.224
1.224
2.024
1.524
1.224
1.524
1.224
1.324
1.224
1.324
1.824
1.324
1.324
1.624
1.824
1.224
1.224
1.424
1.324
2.024
1.224
1.224
1.524
4.148
1.224
1.224
1.324
1.324
1.224
1.324
1.224
1.824
1.624
1.324
1.424
1.624
1.424
1.524
1.224
1.524
1.224
1.624
1.424
1.324
1.324
1.224
1.224
1.224
2.448
1.324
2.448
0
0
1.524
2.224
0.1
0
1.224
0.7
0
1.3
1.424
0
0
0
0
1.224
0
0
1.324
0
1.224
0
1.324
0
1.424
0
2.324
0.2
0
0
2.624
0.1
0.8
0.5
0
1
0.3
1.224
0
0.1
0
1.224
1.224
0
0
0.1
1.224
0
1.224
0.2
0
0.1
0.1
1.624
0
1.324
0.2
0
0
1.224
0
0
0
0
1.624
0
0
0.1
0
1.224
0
0
1.724
0
0.2
0.2
0
0
0
0
0
0.2
0.2
0.2
0.1
0.5
0
0
0
1.224
0.1
0
1.224
1.224
0
0
1.224
0.4
2.8
0
0.1
1.3
1.724
0.7
