1.424
1.224
1.924
1.424
1.224
3.26
2.748
2.448
2.448
2.448
3.872
2.648
1.324
2.948
2.648
1.224
0
1.224
1.224
1.224
3.06
3.06
0
1.224
2.548
1.224
1.224
0
2.448
0
1.224
1.224
1.524
1.224
0.2
1.524
1.224
1.324
0.1
1.724
1.224
3.66
0
0
0
1.224
0
0.4
1.524
2.448
1.224
0
2.648
0
0.1
0
1.224
0
1.324
1.624
0.6
0.2
0.1
2.024
2.136
1.224
0
0.1
1.224
0.2
1.424
2.748
1.324
3.06
3.76
2.548
0
1.424
0
1.224
1.324
0
1.224
0
0
0
0.1
0
0
1.724
1.324
0
0
0
0
2.548
2.448
1.224
1.224
1.224
0.1
0.4
0.7
1.324
0
1.224
1.224
1
0
1.224
1.424
0
1.224
1.224
0.1
1.936
1.224
0
1.224
1.324
1.3
0
1.424
1.824
0
1.224
1.424
1.224
0
1.324
1.524
0
0.2
0
3.36
1
1.224
1.224
1.324
0.2
2.548
1.324
0
1.324
0
0
1.224
0.1
1.224
0
1.224
1.324
1.324
1.224
1.624
1.524
0.1
0.2
1.224
0.3
1.324
0
1.224
0
0.3
0
0.1
1.224
0
2.224
1.224
1.624
1.224
1.424
1.224
1.424
0
0
3.06
1.524
1.624
1.524
2.448
2.648
1.324
2.648
2.548
2.548
1.324
2.448
2.748
3.772
2.648
2.748
2.648
2.648
2.448
2.448
1.224
0.2
3.06
0
0
0.1
2.324
0
1.224
2.448
1.324
1.224
1.224
1.424
1.724
0
3.06
1.3
1.324
3.66
0
1.836
0
1.324
1.624
1.224
1.224
1.324
1.224
1.324
1.624
2.448
2.548
2.448
1.224
1.836
1.224
0
2.424
3.16
1.836
1.324
1.836
1.524
3.26
0
0
0
1.224
0
1.224
1.924
0
0
0
0
0.1
1.224
1.836
0.1
2.448
1.624
1.324
1.224
2.448
0.1
1.224
1.224
1.324
1.224
1.224
1.224
1.224
1.324
1.224
1.224
0.4
0
1.224
0
2.748
1.224
0
0
1.324
2.448
1.224
1.324
1.224
1.324
1.224
3.06
3.06
1.224
0
0.6
1.224
0
0
0
0
1.224
1.424
1.224
0
1.424
1.324
0
0.2
1.424
1.224
1.224
0
0
1.224
1.224
1.224
1.224
1.224
1.324
1.224
1.224
1.224
1.224
1.424
0.4
0.2
1.224
0
0
1.224
0
1.924
1.224
0
4.484
4.284
0
0
1.224
1.624
2.448
0
2.448
0.9
0
1.224
1.424
2.448
1.324
0.4
1.324
2.448
1.424
0.4
1.5
1.224
1.936
1.224
0.2
1.224
3.672
3.672
1.224
2.448
2.448
1.224
1.224
0
2.448
3.06
1.224
1.224
1.324
0.2
2.448
1.224
0
0.5
1.224
1.224
1.324
2.448
2.948
0
0
1.224
0.3
1.224
2.648
1.224
0.1
1.224
3.672
1.924
0
1.424
2.448
1.836
1.424
1.224
1.224
1.224
3.16
1.224
1.224
1.224
4.284
1.224
1.224
1.224
1.224
1.924
1.324
1.224
1.836
1.324
0.1
1.724
1.224
0
0
3.06
4.284
1.524
2.024
1.324
1.324
3.06
2.448
1.324
1.224
1.224
1.324
1.224
0.2
1.324
1.324
1.324
1.724
1.424
2.448
2.448
3.06
1.224
1.324
1.224
3.16
0
1.224
1.224
3.06
1.324
1.836
1.224
1.324
0
1.224
3.16
0
0
2.948
1.224
1.224
1.324
0.3
2.648
0
0.2
1.924
2.236
1.224
1.424
1.924
0
1.224
2.648
1.324
1.424
1.836
0.1
0.2
1.224
1.224
1.224
0
1.224
0
1.224
2.448
1.624
1.224
1.224
0
3.06
1.224
0
1.836
1.224
1.224
1.524
1.224
3.06
1.224
0.1
1.224
1.224
1.224
3.06
0.2
1.224
0
1.224
1.324
1.424
3.06
1.224
1.324
3.36
2.448
2.448
0
0.8
1.224
1.224
1.224
1.224
1.324
1.324
1.224
1.836
1.224
1.224
1.224
1.224
2.448
0
1.224
1.224
1.424
1.224
1.424
1.524
1.224
1.424
1.224
1.324
1.424
1.524
4.384
1.224
1.224
1.224
1.224
1.224
1.424
1.224
1.836
1.224
1.424
1.224
0
1.324
1.224
0
0
0
4.284
3.26
1.224
4.284
3.772
2.448
1.224
1.224
1.324
1.224
1.836
0
1.224
1.324
2.024
1.424
0
1.224
1.224
0
3.06
1.224
1.224
1.224
1.224
2.648
2.448
1.836
0
0
1.224
1.224
1.324
1.836
1.224
1.224
1.224
1.224
1.224
1.224
1.524
3.26
1.224
1.324
1.224
1.224
0
1.524
3.16
1.424
0.4
0.1
0
1.824
2.748
2.448
1.324
0.1
0.1
1.224
1.224
1.424
1.224
2.648
0
1.324
1.224
1.224
3.06
1.224
0.3
3.06
0
0
1.224
1.324
1.324
4.284
0
1.324
1.224
1.224
0.1
1.224
2.448
0
1.224
1.224
0.1
1.224
1.224
4.284
1.224
1.224
1.324
1.324
0
2.948
3.06
1.836
1.224
0
0
2.448
1.224
1.224
1.224
1.224
1.224
2.748
0
2.448
2.648
3.872
1.324
1.224
2.548
2.236
1.224
1.224
1.224
1.224
2.448
1.224
1.524
1.324
1.836
0
0
1.224
0.2
1.224
0.1
1.224
1.224
1.224
2.548
1.224
0
1.224
1.936
0
1.424
3.06
1.224
2.448
1.224
1.224
1.224
0
1.224
1.324
1.524
2.448
1.224
1.324
1.224
1.224
0
1.224
1.224
1.836
0
2.448
0
3.86
1.224
0.1
1.224
1.324
3.06
1.224
3.06
1.424
1.324
2.548
0.1
1.224
0.1
1.324
1.324
2.448
1.224
2.548
0
1.424
1.424
0.2
1.224
1.224
1.224
1.224
2.424
2.948
1.424
0.1
1.624
1.224
1.224
1.224
1.224
3.06
1.224
3.06
1.836
1.624
2.448
1.224
1.224
0
1.224
1.224
2.448
1.224
0
3.672
3.672
1.224
1.224
0
3.06
1.224
1.324
1.324
1.524
0.6
3.06
1.324
1.224
0
0
2.448
1.836
0.3
0.8
4.284
1.224
4.284
1.324
1.224
1.836
0.5
1.224
2.548
1.424
1.224
1.224
1.224
2.448
1.324
1.224
0
1.224
1.224
1.224
1.224
3.06
2.448
1.836
3.06
1.324
0
1.224
1.224
3.672
0
0.1
1.224
3.06
2.548
3.06
1.224
1.224
1.324
1.224
0
0
1.224
1.224
1.224
1.224
1.324
0
3.06
1.224
1.224
0
1.424
1.224
0
2.448
1.624
0
0
1.224
1.424
4.284
1.324
1.224
1.224
1.424
1.224
1.424
0
2.448
1.224
2.448
1.324
3.06
1.224
1.424
1.924
1.224
0.1
3.06
1.224
1.224
1.324
1.936
1.224
2.448
0
1.324
1.224
2.448
1.224
2.448
0
0
1.224
0.1
1.224
0
1.224
1.324
1.324
0
0
0
0.1
1.924
1.224
1.224
1.224
1.224
0
2.448
0
3.048
2.448
1.224
3.16
3.06
3.46
3.16
1.224
2.548
2.848
1.224
1.224
1.224
1.224
4.384
1.224
2.648
0.1
2.648
1.324
1.524
0
2.448
1.224
1.424
1.424
2.448
2.448
3.06
3.16
3.06
1.224
1.224
1.224
1.224
1.224
1.324
1.224
1.224
0.5
0
1.324
0
0.1
1.224
2.448
1.224
0.2
3.26
2.548
4.584
1.224
1.524
1.324
0
3.06
1.324
3.16
3.06
3.16
3.06
2.548
3.772
4.384
3.06
3.06
3.06
0.1
3.06
1.224
0
1.224
0
1.324
1.324
1.324
1.224
1.224
1.324
1.224
1.224
1.224
1.224
1.324
0.1
0
1.224
1.624
1.424
1.936
3.672
1.224
1.224
0
1.224
1.224
0
3.06
0
1.924
1.836
0.3
0.1
2.448
1.224
1.424
1.224
0.2
0.1
1.936
1.224
1.424
0.2
1.324
0
1.224
1.224
1.224
1.224
1.224
1.224
1.624
1.224
1.324
2.548
1.224
0.1
1.324
0
2.448
1.224
1.224
1.324
2.448
1.624
0.2
0
1.224
2.548
1.524
0
1.224
1.224
1.224
2.524
0
1.224
1.324
1.224
2.124
0
1.224
0
2.848
2.548
0.1
1.224
3.06
1.224
2.448
4.472
3.772
3.148
1.224
2.648
5.508
1.224
2.448
1.224
1.224
2.448
2.748
2.448
2.548
2.748
3.772
4.896
2.548
1.424
2.448
2.448
2.448
2.648
1.224
2.548
3.772
3.872
2.648
2.448
3.672
3.672
4.284
2.948
4.072
2.448
1.224
2.448
2.448
3.048
1.224
2.448
2.448
2.648
3.06
1.224
1.324
1.224
1.424
1.424
3.972
3.672
2.448
2.448
2.948
2.448
3.872
2.448
1.324
1.424
2.548
2.748
4.284
2.448
2.748
2.748
2.448
2.648
1.424
2.448
3.972
2.448
2.548
1.224
2.448
3.772
3.772
2.548
4.484
1.224
1.224
1.224
2.648
2.448
2.548
1.224
2.448
2.448
1.224
3.672
1.224
2.548
2.448
2.448
2.648
3.672
2.548
2.848
2.648
2.448
2.324
2.448
2.448
2.648
4.072
2.748
1.324
2.548
3.648
2.448
2.448
2.448
2.748
1.224
2.548
4.172
2.448
2.448
4.996
3.672
2.648
2.548
1.224
3.672
2.448
2.448
2.448
3.148
2.448
2.848
2.448
2.448
1.324
1.324
3.872
2.548
2.948
3.872
2.548
3.672
2.124
2.448
2.448
2.548
1.224
2.548
2.448
1.224
1.424
2.648
2.748
2.448
2.448
2.448
3.872
2.448
2.648
2.848
1.224
2.548
1.224
2.448
2.448
1.224
5.808
2.448
2.548
2.548
4.484
2.548
2.548
2.448
2.448
2.848
2.548
2.648
3.772
2.548
3.872
3.248
2.548
2.448
2.448
1.924
3.548
3.672
1.224
4.06
2.448
2.548
2.548
1.224
2.748
2.548
2.448
1.224
2.648
2.448
2.848
3.772
1.224
3.772
2.548
3.76
1.524
1.224
3.672
2.448
1.224
2.448
3.972
2.448
2.448
2.548
2.548
2.548
2.448
2.548
2.648
3.872
2.548
3.672
4.384
3.672
1.424
2.448
5.608
2.548
2.448
2.448
2.448
1.224
1.224
2.548
2.548
2.748
2.448
2.448
6.796
3.848
4.896
1.324
2.448
3.26
1.224
2.448
4.172
2.948
3.772
2.448
2.448
1.224
2.548
2.448
2.848
2.548
2.648
2.448
2.648
2.448
2.448
2.448
2.448
2.448
2.448
2.448
2.648
3.048
2.548
2.548
2.448
1.324
4.072
3.672
2.548
1.824
2.448
5.508
1.224
2.548
1.324
2.448
2.448
5.508
2.648
3.772
2.748
4.072
2.748
1.224
2.548
2.748
2.448
1.224
1.224
2.748
2.548
2.948
2.448
2.448
1.224
2.448
2.548
2.448
3.26
2.748
2.448
2.748
1.224
2.448
1.224
2.448
2.648
3.672
2.448
2.448
2.448
2.448
3.672
2.448
2.448
3.972
2.548
1.624
2.548
3.772
1.224
3.872
1.224
1.224
3.048
1.224
3.06
1.224
2.548
3.972
4.684
4.372
3.772
2.448
3.772
2.648
2.948
1.224
3.972
5.708
2.448
2.448
3.048
2.848
3.348
2.448
2.448
2.648
2.448
4.672
2.548
2.448
2.748
2.448
1.224
2.548
3.06
1.224
2.848
2.748
1.224
2.448
3.672
2.648
2.448
3.672
3.672
2.448
5.608
3.972
6.296
2.648
1.424
5.996
1.224
1.224
2.548
1.424
1.424
2.548
2.448
2.548
2.448
4.284
3.772
2.848
3.672
1.224
1.724
1.324
3.672
3.96
2.548
2.648
2.424
1.424
2.448
2.548
2.848
2.448
2.448
2.448
3.972
1.224
2.448
2.448
3.672
2.448
1.324
2.448
2.448
2.548
4.384
3.06
2.548
2.448
1.324
3.672
1.324
3.672
1.224
2.448
1.624
1.624
2.448
2.448
3.972
2.448
1.224
2.448
1.224
2.448
3.148
3.872
1.224
2.548
2.448
2.448
2.448
2.448
2.448
2.648
1.224
1.224
2.548
1.224
3.672
2.448
1.524
2.448
1.224
2.748
4.248
2.448
2.448
3.048
2.448
2.548
2.448
2.448
1.424
3.872
3.672
1.224
2.748
8.432
2.448
2.448
2.448
1.224
2.448
2.448
2.448
2.548
2.648
2.448
1.224
4.896
3.772
2.448
2.448
2.448
2.448
2.648
1.324
2.448
1.224
1.224
2.548
2.448
2.448
2.648
2.448
2.948
2.948
3.772
3.772
2.648
4.284
2.448
2.448
2.748
4.284
2.448
3.672
2.448
2.448
2.948
1.224
1.424
2.448
6.732
2.448
2.748
2.448
2.848
2.848
2.448
2.448
2.448
1.224
2.648
3.872
2.648
2.548
2.448
1.224
2.448
2.648
2.448
2.548
2.548
3.672
2.548
3.048
3.972
3.048
4.372
2.448
3.872
2.548
2.448
3.672
1.324
3.772
2.448
2.448
2.548
2.448
2.448
2.448
2.448
2.448
1.224
2.448
2.448
2.448
1.224
2.448
2.548
2.448
2.648
3.148
1.524
1.224
2.548
1.424
3.148
2.448
1.224
1.224
2.748
2.448
1.224
2.648
2.448
5.708
2.548
3.16
2.548
1.224
2.648
3.772
2.548
3.848
2.948
1.524
3.048
2.448
2.448
2.548
2.448
2.548
11.132
2.648
1.424
6.008
2.448
2.448
2.648
3.672
2.448
2.448
2.948
2.448
3.672
4.484
5.448
3.872
3.772
2.448
2.548
1.324
2.224
4.848
2.448
5.708
2.448
1.224
5.472
2.448
1.224
2.648
1.224
2.648
3.26
3.772
2.748
3.248
3.672
2.448
2.448
3.06
3.972
2.448
3.772
2.448
2.448
2.448
2.548
2.548
2.548
2.448
2.448
2.448
4.172
2.548
1.424
2.448
1.624
2.448
4.284
2.448
4.072
2.548
2.448
2.448
2.448
3.672
3.772
2.648
4.272
3.672
2.548
5.908
2.748
4.284
2.448
2.448
3.772
2.848
1.224
2.448
3.872
4.772
1.224
2.548
2.548
2.748
1.224
2.648
2.448
2.548
2.648
2.448
4.072
2.648
2.548
2.748
1.224
2.948
1.224
4.384
2.548
3.872
2.448
2.448
1.224
4.284
2.448
2.548
4.284
1.224
1.224
1.524
2.948
1.224
2.448
2.548
1.424
0
0.8
1.324
2.448
1.224
0
0
1.224
1.224
1.936
1.724
1.224
1.424
0
1.224
2.448
3.16
1.224
4.66
0
1.224
1.836
3.048
1.324
1.924
1.424
1.224
2.224
1.324
4.284
1.324
1.224
1.224
1.224
1.324
0
3.06
1.836
1.224
1.324
1.224
1.836
1.836
1.224
0
1.524
1.224
1.324
1.324
0
0
1.224
0
1.224
0
1.224
1.524
1.224
1.224
1.424
0
2.448
1.224
0
2.848
1.224
2.648
2.648
1.224
0
1.224
0
1.224
1.224
1.424
1.224
1.424
1.524
1.324
1.224
1.224
1.224
1.324
0
2.448
3.06
1.224
1.224
1.224
0.1
2.424
1.224
1.324
1.724
1.624
1.524
