1.424
1.324
0.3
1.224
0
3.26
2.548
2.448
2.748
2.448
4.272
1.224
1.424
2.648
2.748
1.324
0
1.224
1.224
1.324
1.936
1.936
0
1.224
2.448
1.324
1.224
0.1
1.324
0
1.224
0
1.624
1.224
0.2
1.524
1.324
1.324
0
1.624
1.224
2.436
0
0
0
0
0.2
0.1
1.324
1.324
0
0
1.324
0
0
0
1.224
0.2
1.424
0
0.3
0
0.1
1.524
2.036
1.324
0.1
0.1
0.1
0.3
1.724
1.324
1.324
3.06
2.136
3.048
0
1.224
0
1.224
0.1
0
0
0
0
0
0
0
0
1.624
1.224
0
0.1
0
0
1.524
1.224
1.224
1.324
1.424
0
0.3
0.1
1.224
0
1.224
1.224
0.2
0
1.224
1.324
0
1.224
0
0.1
1.836
1.224
0.1
1.324
1.324
1
0
1.324
1.524
0
1.324
1.324
0
0
0.1
1.224
0.1
0.2
0
1.836
0.1
0
0.1
0
0.5
2.648
1.224
0.1
0.3
0
0.1
0.2
0
1.224
0
0
1.324
1.224
1.224
1.424
1.324
0.2
0
1.324
0.2
1.224
0
1.224
0
0
0.1
0
1.324
0
2.524
1.224
2.024
0.1
1.224
0
0.1
0
0
1.836
1.624
1.524
0.6
2.448
1.224
1.224
1.424
1.424
1.224
1.224
1.224
2.548
2.548
2.548
1.824
1.224
1.524
1.224
2.548
1.224
0.1
3.06
0
0
0.1
1.424
0
1.224
1.324
0.1
1.224
0
1.324
1.524
0
3.06
0.4
1.224
3.26
0
1.836
0
0
0.5
0
0
0
0
0
0.1
1.224
1.224
1.224
0
1.836
0
0
0.5
1.936
1.836
0.1
1.836
0.2
2.036
0
0
0.1
1.224
0
0
1.724
0
0
0
0
0.1
0
1.836
0
1.324
0.1
0.1
1.224
2.448
0.1
0
1.224
1.324
0
1.224
0
1.224
1.224
1.224
0
0.1
0
0
0
1.324
1.224
0
0
0.1
1.224
0
1.424
0
0
0
1.836
1.836
0
0
0.3
1.224
0
0
0
0.2
1.224
1.324
1.224
0
1.324
1.324
0.1
0.2
1.324
1.224
1.324
0.1
0
0
1.224
1.224
0.1
1.224
0
1.224
0.1
1.224
1.424
1.424
0.4
0.1
1.224
0.1
0
1.224
0
1.624
1.224
0
3.16
3.16
0
0
1.224
1.324
2.548
0
1.224
0.9
0
1.224
0.2
1.324
0.1
0
1.224
1.324
1.324
0.9
0.7
1.224
1.836
1.224
0
1.224
2.648
2.448
1.224
1.224
1.224
0
1.224
0
1.224
3.06
0
0
0
0.1
1.224
1.224
0
0.5
1.224
1.224
1.224
1.224
1.324
0
0
1.224
0.1
0
1.224
1.424
0
1.324
2.448
1.824
0
1.224
1.224
1.836
1.324
1.224
1.224
0
1.836
1.224
0.2
0
3.06
0
0
0.1
0
1.824
0.2
1.324
1.836
1.324
0
1.324
1.224
0
0
1.836
3.06
0
1.624
1.224
0
3.06
1.224
0.3
0
1.224
1.324
0
0.1
0.1
1.324
1.224
1.324
0
2.548
1.224
3.06
1.224
1.224
1.424
1.836
0
0
0
1.836
1.324
1.836
1.224
0.1
0
1.224
3.16
0
0
1.624
0
0
0
0.2
1.224
0
0.2
0.2
2.236
1.224
0.1
1.324
0
1.224
1.324
0
1.424
1.836
0.1
0
0
1.224
1.224
0
1.324
0
0
2.448
1.224
0
1.224
0
1.836
0
0
1.836
1.224
0.1
0.4
0.1
3.16
0
0
1.224
1.224
0.1
1.836
0.1
1.224
0
1.224
0
0
1.836
0
0.2
3.06
1.224
1.224
0
0.6
0
1.224
0
1.224
0
0.3
0
1.836
1.224
0
0.1
0.3
1.224
0
0
1.224
1.324
0.1
1.624
1.524
0
1.324
1.324
1.424
0.1
0.1
3.06
0
1.224
1.224
1.324
0
0
1.224
1.836
0
0.1
0
0
1.324
1.224
0
0
0
3.06
3.36
0.1
3.06
2.448
1.224
1.324
0
1.324
0
1.836
0
0
0
1.624
0
0
0
1.224
0
1.836
0
1.324
1.224
0
1.424
1.324
1.836
0
0.1
1.224
0
0
1.836
0
1.224
1.324
1.224
1.224
0
1.224
3.16
0.1
1.224
1.224
1.224
0
0.1
3.06
1.224
0.4
0
0
1.824
1.324
1.224
1.324
0
0
0
1.224
1.224
0.2
1.524
0
1.324
0
1.224
1.936
0
0
1.936
0
0
0
1.224
0
4.284
0
0.4
1.224
1.224
0
1.224
1.224
0
1.224
1.224
0.1
0
0
3.16
0
1.224
1.324
0.2
0
1.324
1.836
1.836
0
0
0
1.224
1.224
0
0.2
0
0
1.424
0
1.224
1.224
2.448
0.3
1.224
2.548
2.036
1.224
0
1.424
0
1.324
0
1.324
0.1
1.836
0
0.1
0
0
1.224
0.1
0
0
0
1.424
1.224
0.1
0
1.836
0
0
1.836
1.224
1.324
1.224
0
1.224
0
1.224
1.324
0.3
1.324
1.224
1.224
0
0
0
1.224
1.224
1.836
0
1.324
0
3.46
0
0.2
0
1.224
1.836
0
1.836
0.3
1.424
1.324
0.1
0.1
0
0
0
1.224
0
1.224
0
1.224
0
0
0
0
0
0
1.724
1.924
1.324
0
1.524
0
0
1.224
0
1.836
1.224
1.836
1.836
0
1.224
1.224
1.224
0
1.224
0
1.224
0
0
2.448
2.448
0
1.324
0
1.836
0
1.224
1.224
1.324
0.1
1.936
0
1.224
0
0
1.224
1.836
0
0.1
3.06
1.224
3.06
0.1
0
1.836
0.1
1.224
1.224
0
1.224
0.2
0
1.224
0
1.324
0.1
0
0
0
1.324
1.836
1.224
1.836
1.836
1.224
0
1.224
1.224
2.448
0
0
0
1.836
2.648
1.836
1.224
1.224
1.224
1.224
0
0
1.324
0.2
0
0
0
0
3.06
1.224
0
0
0.1
0
0
1.224
0
0
0
0
0.1
3.06
0
1.224
0
1.524
1.224
0
0
1.224
0
2.448
0
1.836
0
0.3
1.524
1.224
0
1.836
1.224
0
0
1.936
0.1
1.224
0
1.224
1.224
1.224
0
1.224
0
0
1.324
0
1.224
0
0
1.224
1.324
0
0
0
0
1.524
0.2
0.1
1.224
1.424
0
1.224
0
1.624
1.224
1.324
1.836
1.836
3.16
3.16
1.224
1.524
1.724
0
0
1.324
0.1
3.16
0
1.424
0.1
1.524
0.1
0
0
1.324
0
1.424
0.1
1.224
1.324
1.836
1.836
1.836
0
0
0
0
0
0
0
0
0.1
0
0.1
0
0
1.224
2.448
1.324
0
2.036
1.324
3.26
0
1.624
1.224
0
1.836
0
1.936
3.06
3.06
3.06
1.224
2.548
3.16
1.836
1.936
1.836
0
1.836
0
0
0
0
0
0
0
0
0.2
0
0
0
1.224
1.224
0.1
0.2
0
0.1
0.4
0.1
2.136
2.448
1.224
0
0
0.2
0.1
0
1.836
0
1.924
1.836
0.2
0.1
1.224
0
0.3
0
0.1
0
2.036
0.1
1.424
0.1
0.2
0
1.224
0
1.224
1.224
1.324
1.224
1.424
0
1.724
1.224
1.224
0
0.1
0
2.448
1.224
0
0
2.748
1.624
0
0
0
2.448
1.224
0
0
0
0
1.5
0
0
1.224
0
1.824
0.1
1.624
0
1.824
1.224
0.1
1.224
3.06
0
1.224
2.848
2.648
3.448
1.224
2.548
5.608
1.224
2.648
1.524
1.224
1.224
2.748
1.324
1.224
2.648
2.648
3.772
1.324
1.824
1.424
1.224
1.324
2.448
1.624
1.224
2.648
2.548
2.648
1.224
2.648
4.572
4.284
2.224
3.048
1.424
1.324
1.524
2.448
1.924
1.724
1.224
1.224
2.648
3.16
1.224
1.524
1.324
1.324
1.424
2.548
2.448
1.324
2.448
1.924
1.324
2.548
1.224
1.324
1.424
1.224
2.748
3.06
1.224
1.224
1.324
1.224
1.224
1.224
1.224
2.648
2.648
1.224
1.224
2.548
3.972
3.772
1.324
3.16
1.224
1.224
1.224
1.324
2.448
1.224
1.224
1.224
2.948
1.324
2.448
1.224
2.748
1.224
2.448
1.324
2.448
1.524
1.824
2.948
1.224
1.924
2.448
2.448
1.524
2.648
1.624
1.724
1.524
3.648
2.448
2.748
2.448
2.648
1.224
2.748
4.272
1.224
1.224
3.672
3.772
1.624
1.324
1.224
2.448
1.224
2.448
1.224
3.448
1.224
2.948
2.548
1.324
1.324
1.324
2.848
1.324
1.424
2.848
1.324
2.548
1.724
1.424
2.848
1.224
1.224
1.424
1.224
1.224
1.624
2.748
3.248
2.948
2.448
1.424
2.748
1.224
1.524
1.924
1.224
1.724
1.224
1.224
1.224
1.324
4.484
1.224
2.548
2.448
3.16
3.048
1.224
1.224
1.424
1.324
1.324
2.648
2.548
2.748
2.648
3.448
2.548
2.448
1.224
1.924
3.748
3.672
1.224
3.56
2.648
1.224
1.224
1.924
1.524
1.624
2.448
1.224
2.448
2.548
2.748
2.448
1.224
2.648
2.448
3.66
1.324
1.224
2.548
1.224
1.324
1.324
2.948
1.324
1.224
1.324
2.448
1.424
1.324
1.224
1.324
2.748
1.324
2.848
3.06
2.648
1.424
1.224
5.808
2.448
1.324
1.224
1.324
1.324
1.224
2.548
2.448
2.748
2.648
2.448
3.972
3.248
3.672
1.624
1.224
3.26
1.224
1.224
3.248
3.148
3.972
2.448
1.224
1.524
1.324
1.224
1.224
2.548
1.224
2.548
1.424
2.448
1.224
2.448
2.448
1.324
1.224
1.224
1.324
2.948
1.324
3.048
2.548
1.324
2.848
2.748
1.224
1.624
1.224
4.284
1.324
2.448
1.324
2.648
2.548
4.384
1.324
3.872
2.648
2.848
2.648
1.324
2.748
2.448
1.224
1.224
1.224
1.524
1.224
1.424
1.324
2.548
1.224
1.224
1.324
1.224
3.06
2.848
1.324
2.848
1.324
1.224
1.224
1.224
2.448
2.548
2.448
1.224
1.224
1.224
2.448
1.224
2.848
2.748
2.448
1.424
1.724
2.548
1.224
2.548
1.224
1.224
2.748
1.224
3.36
1.224
1.424
4.272
3.36
2.648
2.648
2.448
2.448
2.548
2.948
1.224
2.648
6.208
1.524
1.224
3.048
1.324
2.948
2.448
2.448
1.424
1.224
4.272
2.548
1.224
1.524
2.448
1.324
1.224
3.06
1.324
2.648
2.648
1.224
1.224
2.448
2.448
2.448
2.448
2.448
1.224
5.608
2.748
4.572
1.424
1.424
4.472
1.224
1.224
1.924
1.324
1.324
1.224
1.324
1.224
2.648
3.16
2.648
2.648
2.448
1.224
1.324
1.324
2.548
3.66
2.548
1.524
1.924
1.224
1.324
2.548
1.624
2.448
1.224
1.324
2.548
1.324
1.424
1.324
2.448
1.224
1.524
1.224
2.448
1.724
3.26
3.16
1.424
2.748
1.224
2.448
1.324
2.448
1.224
2.548
1.424
1.424
1.324
2.548
4.172
1.224
1.224
1.324
1.324
1.224
2.448
2.648
1.324
2.748
1.324
2.548
2.448
1.524
2.548
1.324
1.424
1.724
2.448
1.224
3.772
1.224
1.224
2.548
1.224
1.324
3.248
1.224
2.448
2.648
1.424
2.448
1.224
1.224
1.424
4.272
3.672
1.224
1.424
6.008
1.224
2.748
1.224
1.324
1.224
2.648
1.224
1.324
1.424
1.224
1.224
3.772
2.948
1.424
2.448
2.448
1.224
1.324
1.224
2.448
1.324
1.324
2.548
1.224
1.324
2.948
1.224
3.248
1.624
4.672
2.548
2.648
3.06
1.224
2.548
2.948
3.16
1.224
2.448
2.448
1.424
2.848
1.224
1.624
1.324
6.308
2.548
2.848
1.524
1.424
2.848
1.224
2.448
2.548
1.424
1.424
2.648
1.624
1.324
1.224
1.224
2.448
2.748
2.448
1.424
2.548
3.672
2.548
3.048
2.748
1.624
3.148
1.424
2.748
1.324
1.324
2.448
1.224
2.448
2.548
2.448
2.848
2.548
1.224
1.224
2.548
1.324
1.224
2.548
1.224
1.224
1.424
1.224
2.548
1.324
2.448
3.148
1.824
1.424
2.548
1.724
1.724
1.324
1.224
1.724
1.524
1.224
1.424
1.324
1.424
4.484
2.748
3.36
2.848
1.224
2.648
2.548
2.948
2.948
3.148
1.324
2.848
1.224
2.548
1.224
2.748
1.424
6.008
1.424
1.424
9.608
2.548
2.448
1.224
2.448
2.448
1.324
3.048
1.324
2.548
3.06
3.948
3.148
2.648
2.548
2.548
1.724
1.924
3.348
2.448
4.784
1.224
1.224
2.548
2.648
1.224
3.048
1.224
1.424
3.26
2.448
1.424
1.824
2.548
1.324
1.224
3.06
2.548
2.748
2.648
1.224
2.548
1.224
1.324
1.424
1.324
2.548
1.324
1.424
4.172
1.324
1.324
1.224
1.424
1.224
4.284
2.548
3.248
1.324
2.448
2.448
2.648
2.448
2.448
1.424
3.048
2.448
1.324
4.484
2.748
4.284
2.448
1.224
2.648
1.624
1.224
2.448
2.548
4.572
1.224
2.548
1.424
2.448
1.224
1.324
2.548
1.624
1.424
1.224
2.448
1.524
1.424
1.524
1.324
1.424
1.224
3.06
1.224
2.448
1.224
1.224
1.224
3.06
2.448
1.324
4.284
1.224
1.224
1.424
2.948
1.224
1.224
2.548
1.324
0
0.6
1.324
1.224
1.224
0
0
1.224
1.224
2.036
1.424
0
1.224
0
1.224
1.324
3.06
1.224
3.56
0
0
1.836
1.724
0.3
1.424
0.1
1.224
1.424
0.1
3.06
1.224
0
0
1.324
1.324
0
3.16
1.836
1.224
1.224
1.224
1.836
1.836
0
0
1.524
0
1.324
0
0.1
0
1.224
0
1.224
0
1.224
1.524
0
0
1.324
0
1.324
0
0
1.524
1.224
1.224
1.324
1.224
0
0
0
0
0.1
0
0.1
1.324
1.324
0
0
0
1.224
0
0
1.224
3.06
0
1.224
1.324
0
2.924
1.324
1.324
1.324
1.524
1.424
