0
0.1
1.624
0.1
1.324
1.224
1.224
3.06
1.324
1.224
1.324
2.548
1.224
1.724
1.424
1.836
0
0
0
0
1.324
1.224
0
0
0.1
0
0
0.1
1.224
0.1
1.836
1.224
0.3
0
0.1
1.936
1.836
0
0
0.1
0
1.624
1.836
0
0.1
1.224
0
0.4
0.1
1.224
1.224
0.1
1.424
0
0
1.836
0.1
0
0
1.324
0.3
0
0
0.3
0
0
0
0
1.324
0.4
0
1.324
0
0
1.724
0.2
1.836
0.1
0
0
1.324
0.1
1.224
0
0
0
0
0
0
0.1
0
0.1
0
0
0
3.16
3.06
0
0
1.836
0
0.2
0.1
0.1
1.836
0
0
0.3
0.1
0.1
0.1
0
0
1.224
0
0
0.1
0.3
0
0.1
0.7
0
0.1
0.2
0
0
0
1.224
0
1.324
0.2
0.1
0
0
1.324
0.2
1.224
1.224
1.324
0.2
0.1
0
0
1.324
0
0
1.324
0
0
0
1.224
0
0
0
0.3
0.1
0
0.1
0.2
0.3
0.1
0
0
0
0.1
0
1.836
0
0
0.6
0
0.2
1.224
0.1
1.324
3.46
0
0
1.224
0.1
0.1
1.424
1.324
2.448
1.324
2.748
2.648
2.648
1.324
2.448
1.224
2.448
1.224
2.748
2.548
2.448
2.448
1.224
0
0.1
0.1
1.836
0
0
0.2
0
0
1.224
1.324
0
1.224
0
0.1
0
0
0.8
0
0.4
0
0
0
1.224
1.624
1.224
1.224
1.324
1.224
1.224
1.224
1.224
1.224
1.224
1.224
0
1.224
0
1.824
1.224
0
1.224
0
1.424
1.324
0
0
0.1
0
1.836
1.224
0.4
0
0
0
0
0.1
1.224
0
0.1
1.224
1.224
1.224
0
0
0
1.224
0
0.1
1.224
0
1.224
0
0.1
0
1.224
0.1
0
1.224
0.1
1.224
0
1.836
0
1.224
1.224
1.224
0
1.224
1.224
1.224
1.224
1.224
1.224
0
0.3
0
0
0
0
0
0
0
0
0
0.1
0
0
0.2
0.1
0
0.1
0
0
1.224
0
0
1.224
0
1.224
1.836
1.224
0
0
0
0
0
0
0
0
0
0
0.3
1.836
0
1.224
1.224
0
0
0.1
0.2
0
0
1.224
2.336
0
0.2
1.324
1.224
1.224
1.936
0
1.224
0
0.2
0.3
0
0
1.836
0
0
2.448
2.548
1.836
1.224
1.224
1.224
0
0
1.224
0
1.224
1.224
1.224
1.02
1.224
0
0
0.1
0
0
0
1.224
1.324
1.836
0
1.836
0
1.224
1.224
0
0.1
0
1.224
0.3
0
0
2.448
0
0.1
0
0
1.224
1.324
0
1.524
1.224
1.224
1.224
1.224
1.224
1.224
0.3
1.324
0
0
0.1
0
0
0
0
0
1.224
1.224
1.224
0.1
0
1.224
0
1.224
1.324
1.224
0
0
1.224
0
1.324
0.1
0
0.1
1.224
0
1.224
0
0
0
0
1.224
1.836
1.224
1.224
1.224
0
0
0
1.324
0
0
0
0.1
0
1.324
1.224
1.224
1.224
0
1.224
0
0
1.724
0
0
1.524
0.1
0
0.2
1.224
1.324
0.2
0
0.1
0
1.224
0
0
0.1
0
0
1.224
0
1.936
1.224
0
0
1.324
1.224
0
0
0
1.224
1.424
1.224
0
1.324
0.1
0
0
1.224
1.224
0.1
1.02
0
0
1.324
1.224
1.224
1.224
1.224
0
1.224
1.224
0
0.2
1.224
0
1.224
0
1.324
1.424
1.224
0
0
1.224
1.224
1.424
1.224
0
1.224
0
0
1.224
0.2
0
1.324
0
0
1.936
1.324
1.424
1.224
1.224
0
0
0
1.324
1.324
0
0.1
1.224
1.424
1.224
0
0.1
0
0.1
0
0.1
1.224
0
1.224
1.224
1.324
1.224
0
1.224
0
1.324
0
0
1.224
1.224
0.2
1.224
0
1.224
0
0
1.224
1.224
0
0
1.224
1.224
1.224
0
0
0
0
1.224
1.324
0
1.224
0
0
0
0
1.224
0
0
1.224
1.836
1.836
0
0.1
1.224
0.1
0
0.1
0
0
0.5
1.224
3.06
0.1
0
0
1.224
0
0
1.224
1.324
0
1.836
1.224
0
1.224
1.224
0.1
1.224
1.936
0
1.224
0
1.224
0
0
1.324
0
0
0
0
1.224
0
0
0
0
1.324
1.224
1.224
1.224
0
0
1.724
0
1.224
1.224
0
1.224
0
0
1.224
0
1.224
1.224
1.324
1.224
1.224
0
1.224
1.324
1.224
1.224
0
0.2
1.836
0
1.224
0
1.224
1.224
1.224
0
1.224
0
0
0
1.224
0.1
0
2.036
1.224
1.224
1.224
1.424
1.836
0
1.224
0
0
1.324
1.224
0
1.224
0
1.224
0
0
0
0
1.324
1.224
0
0
1.324
1.324
0
0
0
1.836
0
1.224
0
0
1.224
0
1.224
0
1.224
1.224
1.324
1.424
2.036
1.224
0
1.324
0.2
1.224
1.324
1.224
1.224
1.224
0
0
1.224
0
1.224
1.224
1.224
1.224
0.4
1.724
0
0
0.1
1.224
1.224
0
1.224
1.224
0
1.324
0
1.424
1.424
0
0
0
0
1.224
1.224
1.224
0
1.224
1.224
3.06
0
0
1.224
1.224
0
1.836
0
0.1
1.224
1.224
0
0
0
1.224
0
1.836
0.2
1.224
0
1.224
1.224
3.06
0
0.2
0
1.224
1.224
0
1.224
1.224
1.224
1.224
0
0
1.224
1.224
1.324
0
1.224
1.224
0
1.224
0
0.1
0
0
1.224
0
0
1.224
1.224
1.836
1.224
0
0
0
0
0
0
0
1.424
1.224
1.224
1.224
0
0
0.1
1.224
0
1.324
1.224
0
1.224
1.624
0
0
1.224
1.324
1.224
1.324
0
1.224
0.3
0
1.424
0
1.224
1.224
0
1.324
1.224
1.224
1.324
0.3
0
0
1.224
0
1.224
1.224
0
1.224
1.224
1.836
0
0
1.224
3.16
1.224
1.836
0
0
0
0
0
1.224
0
0
0.1
0
0
0
0
1.224
1.224
0
0.1
0
1.224
0
1.624
1.224
0.1
1.224
1.224
0.1
0
0
1.224
1.224
1.224
1.224
0
3.06
1.224
1.224
1.624
0
1.424
1.224
1.324
0.1
1.224
1.224
0.2
1.224
1.324
3.16
1.224
1.224
1.224
1.224
1.224
1.224
1.224
1.224
1.224
1.224
1.324
0.3
0
1.224
0
0
0
0.1
0
0
1.424
1.224
1.224
1.224
0.1
0
0
1.224
1.224
1.224
0
0
0.1
2.448
2.948
2.448
1.224
1.224
1.224
0
1.224
1.224
0
1.224
0
1.224
1.224
1.224
1.224
1.224
1.324
3.16
1.324
0
0
1.324
0
1.836
1.324
1.724
1.224
0
1.224
0
1.224
0.1
1.424
1.324
0
1.224
1.836
0.1
0
0
0
1.224
1.224
1.624
1.324
1.836
1.936
0.1
1.324
0
0
1.324
0
0
1.224
0
0
0
0
0.3
1.224
0.1
1.324
0
0
1.324
0
3.06
0
1.224
1.224
0
0.2
0
0
1.224
0
0
0
1.224
1.224
1.324
2.324
0
1.224
0
1.224
0.4
0
0
0
1.624
1.324
0
0
0
1.224
2.448
2.848
2.548
1.524
1.324
1.224
1.324
1.224
1.224
1.224
1.324
2.548
1.524
2.548
2.848
1.224
2.548
2.448
2.548
1.224
2.648
2.448
2.648
1.324
1.224
2.548
2.648
2.548
1.224
2.548
2.448
1.324
1.224
2.948
2.448
2.548
1.224
3.148
1.224
2.648
1.224
2.448
2.448
1.324
1.224
1.324
1.224
1.224
1.224
1.424
2.548
2.448
2.548
1.224
2.748
2.448
2.448
2.548
1.224
1.324
2.648
1.624
2.648
2.448
2.748
2.448
2.548
2.448
1.324
2.448
2.448
1.424
2.448
1.224
1.324
1.224
1.224
2.648
2.548
1.324
1.224
1.224
2.548
1.224
2.748
1.224
2.448
1.524
1.224
2.448
1.224
1.424
2.448
1.224
2.648
2.448
2.748
2.748
1.324
2.448
1.824
1.224
1.224
2.648
2.748
2.648
1.324
2.548
1.424
1.324
1.224
1.224
1.224
1.224
1.224
1.224
2.448
2.448
2.448
1.224
2.748
2.548
1.224
2.448
2.448
1.224
2.448
1.324
2.448
1.724
1.224
2.548
1.424
1.424
2.648
2.448
2.648
2.448
2.648
2.648
1.624
2.448
1.224
2.548
1.224
2.548
2.448
1.424
1.224
1.224
1.524
1.224
1.224
2.648
2.548
2.548
2.448
2.748
1.224
2.948
1.224
2.448
2.448
1.224
2.448
2.448
1.224
1.224
2.648
1.224
2.448
2.448
2.548
2.748
2.748
1.524
2.548
1.224
2.648
1.224
1.224
3.06
2.448
1.524
1.224
1.224
1.424
1.224
1.224
2.648
2.548
1.324
2.548
2.648
1.224
1.324
1.224
1.224
1.224
2.448
1.224
2.548
1.324
1.424
1.324
1.224
2.548
2.448
1.424
2.448
2.648
2.448
2.448
2.648
1.224
2.648
2.448
2.448
2.548
2.648
2.548
2.548
2.448
2.448
1.324
2.448
1.224
1.224
2.448
2.448
2.448
1.624
1.224
1.424
1.224
1.424
1.224
1.224
2.648
1.224
2.448
1.424
2.548
1.324
1.224
2.448
2.848
1.224
1.224
1.224
4.384
1.224
2.548
2.448
2.748
1.424
2.448
1.224
2.548
1.224
2.448
1.324
1.224
2.548
2.448
2.448
2.448
1.624
2.548
1.224
1.224
1.224
2.748
2.548
2.448
1.224
2.448
2.448
1.524
1.424
1.424
3.06
1.224
2.448
2.548
1.224
1.424
2.448
1.224
1.224
1.224
1.224
2.448
1.224
1.224
2.748
2.448
2.548
2.448
1.224
1.224
2.448
2.448
2.648
1.424
1.324
2.548
1.524
1.224
2.448
1.224
2.448
1.224
2.448
1.324
2.448
2.448
2.548
2.448
2.548
1.224
2.548
1.224
1.224
2.548
2.548
1.224
2.448
1.424
1.224
1.624
1.224
1.424
3.06
2.448
1.624
2.748
2.548
2.548
1.224
2.448
1.624
1.424
1.224
2.648
1.224
2.548
2.448
1.424
2.748
1.624
1.324
1.224
2.448
2.548
1.424
1.224
2.448
2.548
1.224
1.324
2.548
1.224
1.424
1.424
1.224
1.224
2.548
2.448
1.224
1.224
2.448
2.448
2.448
1.324
2.548
2.548
2.648
1.324
2.448
1.224
1.224
3.148
3.36
3.16
2.648
2.648
2.548
1.224
2.448
2.448
1.224
2.548
3.06
1.424
1.324
2.448
1.324
1.224
2.548
1.324
1.224
2.448
1.424
2.748
1.324
2.448
2.448
2.948
1.224
2.448
2.548
2.548
2.448
1.224
2.448
1.224
2.748
2.548
1.224
2.548
1.224
1.424
2.548
1.224
2.448
1.224
1.224
1.624
1.924
2.548
1.224
1.224
2.448
1.524
2.748
1.224
2.448
1.324
2.548
1.324
1.324
2.548
1.224
1.224
2.448
1.224
2.448
1.324
1.224
1.224
1.224
1.224
2.448
1.724
1.224
1.224
2.648
1.524
2.448
1.224
1.424
2.448
1.324
2.448
2.548
1.324
1.224
1.224
1.224
2.448
2.748
2.448
1.224
2.548
1.224
2.448
1.324
2.448
2.548
2.548
2.448
1.224
2.448
2.648
2.748
1.224
1.324
2.548
2.548
1.324
1.224
1.224
1.324
1.224
2.448
2.548
1.324
2.448
1.224
4.384
1.224
2.548
1.224
2.448
2.448
1.324
1.224
2.548
2.548
2.548
1.224
2.448
1.224
1.224
1.424
2.648
2.448
1.224
1.524
2.548
2.648
1.424
2.448
1.224
1.324
1.424
2.748
2.848
2.448
2.548
2.548
1.224
1.224
1.324
1.224
2.548
1.424
1.224
1.324
1.324
2.448
2.948
2.948
2.448
2.548
2.548
2.448
2.448
1.324
2.448
1.224
1.224
1.424
1.224
2.448
2.448
1.224
2.548
1.224
1.224
2.548
2.448
3.06
2.548
1.224
2.548
1.224
1.724
1.224
1.224
1.224
1.424
2.948
2.548
1.224
1.224
2.948
2.448
1.224
2.448
2.648
2.448
1.224
1.224
1.224
1.524
1.224
2.948
1.324
1.224
1.224
1.324
1.524
2.548
1.224
2.548
3.06
2.448
2.648
2.448
1.324
1.224
1.224
1.224
7.704
2.448
1.224
2.448
1.424
2.548
2.548
2.548
2.124
2.448
2.448
1.224
1.224
1.924
1.624
1.424
1.224
2.648
2.448
1.224
2.648
1.424
1.324
1.424
1.224
2.448
1.424
2.448
2.548
2.848
2.648
2.748
2.448
1.324
2.748
1.224
2.648
2.448
1.224
2.448
2.648
2.448
2.648
1.224
2.448
2.548
1.324
2.548
1.324
2.448
1.224
2.448
1.224
1.224
2.948
2.648
1.324
1.224
1.224
2.448
2.448
2.448
3.048
2.548
2.448
2.648
1.724
1.224
1.224
2.548
2.548
2.648
1.224
1.224
2.548
1.324
3.06
1.324
2.548
1.424
1.324
2.448
1.224
3.348
2.748
2.448
2.648
2.548
2.648
2.748
1.324
2.648
3.16
2.648
2.448
2.848
2.448
2.448
1.224
2.448
1.224
2.548
1.224
0.1
0
0.1
0.2
0.1
1.224
0
0.1
0
0.5
0
1.224
0
0
0
0
0
0.2
0.1
1.224
0
0
0
1.224
0
0
0.7
1.836
1.224
0
1.324
1.224
0.2
1.524
0
0.5
1.424
1.224
0
1.224
1.224
0
0
3.672
0
0
0.1
0
0
0
0
1.224
0.1
0
1.224
0
1.424
0
1.836
0
0
0
0.1
0
0
1.224
1.224
0
1.836
1.224
1.224
0
1.324
0
1.324
1.224
0
0
1.224
0
1.224
1.224
1.224
1.224
0
0.3
1.224
1.224
1.224
0
1.424
0
1.224
0
1.224
0
1.224
0.1
0.8
0
0
0.2
0.2
0.1
