0.2
0.3
2.224
0.3
1.224
1.324
1.224
1.224
1.224
1.224
1.224
2.548
1.324
1.724
1.724
0
0
0
0.1
0
1.224
1.524
0
0
0
0.1
0
0
1.224
0
0
1.324
1.2
0
0.1
0.3
0
0
0.3
0.4
0
1.924
0
0.1
0.3
1.324
0.3
0.1
0.3
1.424
1.424
0
1.624
0.1
0
0
0
0.2
0.1
2.024
1.3
0.5
0.2
0.7
0.7
0.2
0.1
0.1
1.324
1.1
0.2
1.524
0.4
0
2.524
0.5
0
0.5
0.1
0
1.624
0
1.224
0.1
0.1
0
0
0
0
0.7
0.1
0.3
0.2
0
0
1.524
1.424
0
0
0
0.1
0.2
0.5
0
0
0.1
0
0.8
0.2
0.1
0.1
0
0
1.324
0.1
0.2
0
0.1
0.1
0
1.7
0
0.2
0.3
0.3
0
0.1
1.324
0
2.544
0.2
0.1
0
0.1
1.424
0.3
1.624
2.344
1.424
0.6
0
0.1
0
1.424
0
1.12
1.324
0.2
0
0
1.324
0
0.1
0.1
0.2
0.4
0.2
0.2
0.6
0
0.2
0
0
0
0.1
0.2
0
0.1
0.1
1.7
0.2
0.3
2.244
0.1
2.244
1.724
1.12
0.1
1.324
0.6
0
2.124
1.424
2.548
1.424
3.048
3.648
2.448
1.424
2.548
1.524
2.448
1.424
2.648
2.448
2.848
2.548
1.324
0
0.1
0
0
0
0.1
1.2
0
0
1.524
1.224
0.1
1.224
0
0.2
0
0
1.9
0
0.5
0
0
0
1.424
2.524
1.224
1.224
1.224
1.224
1.224
1.624
1.224
1.224
1.224
1.324
0
1.324
0
2.724
1.324
0
1.424
0
1.624
1.424
1.02
0
0.1
0
0.1
1.324
0.4
0
0.1
0.1
1.02
0
1.224
0
0.5
1.324
1.524
1.424
0
0.1
1.22
1.224
0
0.5
1.224
0
1.224
0
0.4
0.2
1.224
0.6
0
1.224
0.1
1.224
0
0
0
1.624
1.224
1.324
0
1.424
1.224
1.424
1.224
1.224
1.224
0
0.8
0
0
0.1
0.1
0.2
0
0
0.1
0.4
0.4
0.2
0
0.3
0.3
0
0.2
0.3
0
1.324
0
0
1.324
0
1.224
0
1.424
0
0.2
0.1
0.3
0.2
0
0
0
0.1
0
0.5
0.1
0
1.324
1.624
0
0
0
1
0
0
1.224
1.2
1.22
0
1.524
1.324
1.224
0.6
0.2
1.524
0.1
1
1.7
0
0
0
0.1
0
2.548
2.748
0
1.224
1.224
1.224
0.2
0.1
1.224
0.1
1.224
1.224
1.224
0
1.324
0
0
0.6
0
0
0
1.324
1.624
0
0
0
0.2
1.324
1.424
0.1
0
0
1.224
1
0
0.2
2.448
0
0.1
0
0
1.324
1.224
0
1.424
1.224
1.224
1.224
1.224
1.424
1.224
0.8
1.524
0.2
0
0
0.1
0
0
0.2
0.1
1.224
1.424
1.424
0.5
0
1.424
0
1.224
1.424
1.424
0
0
1.224
0
1.424
0.1
0
0.2
1.224
0
1.224
0.2
0
0
0.2
1.224
0
1.224
1.724
1.224
0.1
0
0
1.524
0
0
0.2
0.1
0.1
2.124
1.224
1.324
1.224
0.6
1.324
0.1
0.1
1.924
0.3
0
1.924
0.5
0
0.1
1.324
1.324
0.2
0
0.3
0.1
1.524
0
0
0.1
0
0
1.224
0
0.1
1.224
0
0
1.224
1.324
0
0
0
1.224
2.624
1.224
0
2.444
0.2
0
0
1.224
1.324
0.5
0
0
0
1.324
1.224
1.224
1.224
1.224
0.2
1.224
1.424
0
0.8
1.224
0
1.224
0
1.624
1.824
1.324
0
0
1.224
1.524
1.624
1.224
0
1.224
0
0
1.424
0.3
0
1.224
0.1
0.1
0
1.424
1.624
1.424
1.324
0.1
0
0
1.224
1.324
0.2
0.2
1.224
1.324
1.324
0
0
0.1
0
0
0.1
1.224
0.1
1.324
1.324
1.224
1.224
0.2
1.224
0
1.324
0
0
1.224
1.324
0.7
1.324
0
1.224
0
0.2
1.324
1.224
0
0.1
1.224
1.224
1.224
0
0.4
0.1
0
1.224
1.324
0
1.224
0.1
0
0.2
0
1.224
0
0.1
1.224
0
0
0
0
1.924
0.1
0
0.4
0
0
0.7
1.324
1.224
0
0.1
0
1.224
0
0.1
1.424
1.724
0
0.1
1.224
0
1.224
1.224
0
1.224
0
0
1.224
0.1
1.524
0
0
1.724
0
0
0
0
1.524
0
0
0
0
1.624
1.224
1.324
1.224
0
0
2.024
0
1.624
1.224
0.1
1.224
0
0.1
1.224
0
1.224
1.524
1.524
1.224
1.424
0
1.224
1.424
1.324
1.624
0.1
0
0.6
0
1.324
0
1.224
1.224
1.324
0.2
1.524
0
0.1
0.1
1.224
0.1
0
0
1.224
1.224
1.324
1.424
0
0.3
1.224
0
0
1.224
1.424
0.1
1.324
0
1.224
0
0
0
0
1.724
1.224
0
0.1
1.324
1.324
0
0
0
0
0
1.224
0.1
0.4
1.224
0.1
1.224
0
1.324
1.224
1.224
1.524
0
1.424
0.2
1.624
0.1
1.324
1.224
1.224
1.224
1.424
0
0
1.224
0.5
1.224
1.324
1.224
1.224
0.7
2.924
0
0.1
0.1
1.324
1.224
0
1.224
1.224
0
1.424
0
1.524
1.424
0
0
0
0
1.224
1.324
1.224
0
1.224
1.224
1.224
0
0
1.224
1.324
0.2
0
0.2
0.2
1.424
1.424
0
0.3
0.2
1.424
0
0.3
0.6
1.224
0
1.224
1.224
1.224
0
0
0
1.424
1.224
0
1.524
1.224
1.224
1.324
0
0
1.224
1.224
1.424
0
1.324
1.224
0
1.324
0
0
0
0
1.224
0
0
1.324
1.224
0
1.224
0
0
0
0
0
0
0
1.724
1.224
1.324
1.324
0
0
0
1.324
0
1.324
1.324
0
1.224
1.724
0
0.2
1.224
1.224
1.424
1.524
0
1.624
0.2
0
2.124
0
1.224
1.224
0
1.324
1.224
1.324
2.324
1.2
0
0
1.224
0
1.224
1.224
0
1.424
1.224
0
0.1
0
1.224
1.324
1.224
0.1
0
0
0
0
0
1.224
0
0
0.1
0.1
0
0.2
0.2
1.424
1.324
0
0
0
1.224
0
1.624
1.224
0.4
1.424
1.224
0.1
0
0
1.524
2.024
1.324
1.224
0
1.224
1.324
1.324
2.224
0
2.024
1.724
1.324
0.2
1.424
1.224
0.4
1.324
1.324
1.224
1.224
1.224
1.224
1.524
1.224
2.244
1.324
1.624
1.424
1.224
1.524
0.7
0
1.524
0
0
0
0
0
0
1.724
1.424
1.324
1.224
0.4
0
0
1.324
1.224
1.224
0
0.4
0.3
2.448
2.948
2.448
1.224
1.224
1.224
0
1.224
1.224
0
1.224
0
1.224
1.624
1.424
1.224
1.224
1.224
1.524
1.324
0
0
1.524
0.2
0
1.324
2.724
1.424
0.3
1.224
0
1.224
0.1
1.624
1.224
0
1.224
0
0.8
0
0.9
0.1
1.224
1.324
1.924
1.224
0.5
0.2
0.1
1.224
0
0.4
1.324
0
0
1.224
0
0
0
0
1.1
1.324
0.2
1.324
0
0
1.524
0
1.224
0
1.324
1.224
0
0.4
0.1
0.3
1.324
0
0
0
1.224
1.224
1.224
4.124
0
1.224
0.2
1.324
0.8
0.1
0
0
1.624
1.424
0.1
0
0
1.224
2.448
3.248
2.748
1.524
1.524
1.324
1.224
1.224
1.324
1.524
1.224
2.448
2.324
2.648
2.948
1.224
2.648
2.448
2.448
1.624
3.348
2.748
2.448
1.224
1.224
2.548
2.848
2.948
1.224
2.448
2.848
1.324
1.224
3.248
2.548
2.648
1.224
2.948
1.224
2.748
1.524
2.548
2.448
1.324
1.624
1.324
1.424
1.224
1.224
1.724
3.048
2.448
2.548
1.224
3.148
2.648
2.448
2.448
1.324
1.324
2.848
1.324
2.548
2.548
2.648
2.548
2.548
2.548
1.824
2.448
3.048
1.224
2.548
1.224
1.224
1.424
1.324
2.548
2.448
1.424
1.224
1.424
2.548
1.224
2.548
1.324
2.448
1.424
1.224
2.448
1.224
1.424
2.548
1.324
2.648
2.548
2.848
2.748
1.824
2.448
2.724
1.324
1.224
2.848
3.348
2.648
1.724
2.648
1.924
1.524
1.224
1.224
1.224
1.324
1.324
1.224
2.548
2.448
2.548
1.324
3.048
2.448
1.324
2.648
2.448
1.224
2.748
1.624
2.448
2.024
1.224
3.048
1.224
1.324
2.748
2.648
3.148
2.848
2.448
2.548
3.024
2.448
1.324
2.948
1.324
2.648
2.548
1.324
1.324
1.524
2.524
1.324
1.324
2.548
2.948
2.448
2.448
3.548
1.224
2.548
1.424
2.448
2.448
1.224
2.548
2.448
1.224
1.224
2.448
1.324
2.448
2.548
2.548
2.948
2.548
1.424
2.848
1.324
2.648
1.224
1.224
1.224
2.448
1.924
1.624
1.224
1.224
1.424
1.324
2.448
2.748
1.224
2.648
2.748
1.224
1.624
1.224
1.724
1.624
2.548
1.224
2.748
1.224
1.724
2.124
1.224
2.448
2.548
1.224
2.448
3.448
2.548
2.448
2.748
1.424
2.448
2.448
2.448
2.648
2.948
3.248
2.548
2.648
2.648
1.224
2.448
1.224
1.224
2.548
2.448
2.548
1.824
1.224
1.424
1.324
1.924
1.224
1.224
3.048
2.224
2.648
1.824
2.548
1.724
1.224
2.448
3.848
1.324
1.224
1.224
2.448
1.224
2.448
2.548
2.748
1.224
2.448
1.224
2.648
1.224
2.448
1.224
1.224
2.548
2.448
2.448
3.148
2.024
2.448
1.324
1.324
1.324
2.948
2.948
2.648
1.324
2.548
2.448
1.324
1.524
1.324
1.224
1.224
2.648
2.448
1.224
1.324
2.648
1.724
1.224
1.324
1.224
2.548
1.224
1.224
2.648
2.648
2.648
2.648
1.324
1.224
2.448
2.648
2.648
1.324
1.924
2.648
1.824
1.224
2.448
1.224
2.648
1.324
2.548
1.224
2.448
2.448
2.448
2.448
2.448
1.424
2.948
1.224
1.324
2.848
3.048
1.624
2.548
1.424
1.224
1.624
1.324
1.424
1.224
2.648
1.424
3.148
3.448
3.048
1.224
2.548
1.424
1.624
1.224
2.748
1.524
2.748
2.448
2.224
4.368
2.224
1.324
1.224
2.548
2.448
1.424
1.224
2.448
2.748
1.224
1.324
2.448
1.224
1.624
1.424
1.324
1.224
2.848
2.448
1.524
1.224
2.448
2.548
2.548
1.224
3.448
3.448
3.148
1.824
2.848
1.224
1.424
2.948
1.324
1.424
2.548
2.448
2.548
1.224
2.748
2.748
1.224
2.448
1.324
2.424
1.324
2.548
1.324
1.424
2.448
1.624
1.224
2.448
1.724
2.548
1.424
2.548
2.448
3.348
1.224
2.548
2.748
2.748
2.548
1.224
2.448
1.224
3.148
2.648
1.224
2.748
1.324
1.424
2.448
1.224
2.448
1.224
1.224
1.524
1.624
2.448
1.224
1.524
2.448
1.224
2.448
1.224
2.448
1.824
2.748
1.224
1.324
2.548
1.324
1.224
2.548
1.224
2.748
1.324
1.224
1.224
1.224
1.224
2.448
2.324
1.224
1.324
2.648
1.824
2.448
1.224
1.824
2.548
1.224
2.448
2.448
1.224
1.224
1.224
1.224
2.748
3.648
2.448
1.224
2.448
1.324
2.448
1.524
2.448
2.648
2.748
2.448
1.224
2.448
2.748
2.548
1.324
1.224
2.448
2.848
1.324
1.324
1.224
1.324
1.324
2.448
2.648
1.524
2.448
1.624
3.048
1.524
2.948
1.524
2.548
2.448
1.324
1.224
2.548
2.548
2.548
1.224
2.548
1.224
1.324
1.424
2.948
2.448
1.324
2.024
2.648
2.648
1.824
2.448
1.224
1.324
1.224
2.748
2.848
2.848
2.748
2.448
1.224
1.324
1.524
1.224
3.768
1.224
1.224
1.424
1.524
2.948
2.948
3.048
2.448
2.848
3.148
2.448
2.448
1.224
3.048
1.324
1.224
1.724
1.324
2.448
2.448
1.224
2.648
1.324
1.224
2.448
2.548
1.224
2.448
1.224
2.748
1.524
2.524
1.224
1.524
1.324
1.624
3.148
2.548
1.324
1.324
3.248
2.448
1.324
2.448
2.648
2.548
1.324
1.224
1.424
1.324
1.224
2.648
2.024
1.224
1.324
1.224
2.524
2.548
1.224
2.548
1.224
2.848
2.448
2.448
1.224
1.324
1.324
1.224
2.548
2.448
1.424
2.548
1.424
9.768
2.648
2.548
3.124
2.648
2.548
1.424
1.224
1.724
2.224
1.824
1.224
2.848
2.448
1.224
2.648
1.324
1.724
1.524
1.624
2.548
1.424
2.548
2.948
3.848
2.448
2.648
2.448
1.224
3.048
1.324
2.948
2.448
1.424
2.448
3.348
2.648
2.648
1.224
2.948
2.848
1.724
2.548
1.324
3.468
1.424
2.648
1.324
1.224
3.848
2.948
1.224
1.324
1.224
2.448
2.548
2.548
3.148
2.448
2.648
2.748
1.724
1.224
1.224
2.448
3.148
3.048
1.224
1.224
2.448
1.724
1.224
1.424
2.548
1.624
1.524
2.548
1.224
3.248
3.148
3.148
2.848
3.048
2.748
2.848
1.224
2.848
1.224
2.948
2.648
2.848
2.448
2.548
1.224
2.448
1.224
3.048
1.224
0
0
0.1
0.2
0
1.224
0
0.4
0
2.2
0
1.224
0
0
1.02
0.1
0
0
0.2
1.224
0.1
0
0
1.224
0
0
1.6
0.1
1.224
0
1.324
1.624
0.7
1.524
0
1.4
1.624
1.324
0
2.244
1.324
0
0
0
0
0
0
0.1
0
0
0.1
1.224
0.3
0
1.224
0.1
1.324
0
0
0
0.1
0
0.1
0
0.5
1.224
1.324
0
0
1.224
1.224
0
1.724
0
1.424
1.424
0
0
1.224
0
1.224
1.324
1.324
1.524
0.1
0.1
1.324
1.324
1.224
0
1.324
0.2
1.224
0
1.324
0
1.224
0
2.1
0.1
0.2
0.3
1
0.3
