1.224
0
1.624
0.1
1.324
3.06
1.324
1.224
1.224
1.224
1.224
2.448
1.224
1.424
1.324
0
0
0
0
0
4.284
4.284
0
0
0
0
1.224
1.224
2.448
1.224
0
1.224
0.1
0
0
0
0
0
0
0
0
4.484
0
0
0
1.224
1.424
0
0
2.448
1.224
0
2.448
0
0
0
0.1
0
0
1.424
0.1
0
0
0.1
3.16
0
0
0
1.224
0.3
0
1.224
0
1.836
4.684
0.1
0
0
0
0
1.524
0
1.224
0
0
0
0
0
0
0
0.1
0
1.224
0
0
1.324
1.224
0
0
0
0
0.1
0
0
1.224
0
1.224
0.1
0
0
1.324
1.224
0
1.224
0
2.036
1.224
0
0
0
0.7
0
0
0.2
0
0
0
1.224
0
1.324
1.224
0
0
0
4.384
0
1.324
1.324
1.224
1.224
0
0.1
0
1.224
0
0
1.224
0
0
0
1.224
0
0
1.224
0.1
0.2
1.324
0
1.424
0.1
0
0
0
1.224
1.224
0
0
0
1.224
0.4
0
0
2.448
0
2.448
1.324
0
0
4.284
0.1
0.1
1.224
1.224
2.448
2.648
2.448
2.448
2.448
1.224
2.548
1.424
2.448
1.224
2.648
2.548
2.648
2.448
2.448
0
0.1
1.836
0
1.224
1.224
0.2
0
0
1.224
1.224
0
1.224
0
0.1
0
1.836
1.524
0
3.16
0
3.06
0
1.224
1.424
1.224
1.224
1.324
1.224
1.324
1.224
1.224
1.324
1.224
1.224
1.836
1.324
0
1.624
3.06
4.284
1.324
1.836
1.424
3.06
0
1.224
0
1.224
0
1.224
0.5
1.224
0
1.224
0
0.1
1.224
1.836
0
1.224
1.224
2.448
0
0
0
1.224
0
0.1
1.224
1.224
2.448
0
0
1.224
1.224
0
1.224
1.224
0
2.448
1.224
1.224
0
1.224
1.224
1.324
0
1.224
1.224
2.448
4.284
4.284
1.224
0
0.2
0
1.224
0
1.224
0
1.224
0
1.224
0
0
0
0
0
0.1
0
0
0
0
1.224
0
0
1.224
0
2.448
0
2.448
1.224
0
1.324
1.424
0
0
0
0
0
0
0.1
0
0
3.16
3.06
0
0
0
1.324
0
1.224
1.224
0.1
1.224
0
1.224
1.224
1.224
1.224
1.224
2.448
1.324
0.1
1.524
0
1.836
0
1.224
0
2.448
2.448
0
1.224
1.224
1.224
0
0
1.224
1.836
1.224
1.224
1.224
1.224
1.224
0
0
0.2
0
0.1
0
1.224
1.424
0
0
0
0
1.224
1.324
0
0.1
0
1.224
0
0
0
2.448
1.836
1.224
0
0
1.224
3.16
0
1.224
1.224
4.284
1.224
1.224
2.448
1.224
0.6
1.224
0
3.06
1.424
0
0
0
1.224
0
4.284
3.06
1.324
0.1
1.224
2.548
1.836
1.224
2.548
1.224
0
1.424
1.224
0
2.548
0
0
1.224
1.224
1.224
1.224
3.06
0
1.224
0
3.06
0
1.224
2.448
3.06
0
1.836
0
1.224
0
1.224
3.16
0
1.224
1.224
1.224
1.224
1.324
0.2
1.224
0
0.1
1.324
3.16
0
1.324
0
0
0
1.224
1.324
0.2
1.836
0
0.1
1.224
0
0
0.1
0
0
1.224
0
0.2
1.224
0
0
3.06
1.324
1.224
3.06
0
2.448
2.648
1.224
1.836
1.224
0.1
1.224
0
1.224
3.06
0
0
1.224
0
1.324
1.224
3.06
1.224
1.224
1.836
1.224
1.224
0
1.424
1.224
0
2.448
0
2.448
1.324
1.224
3.06
0
1.224
1.224
1.324
1.224
0
1.224
1.224
0.1
1.224
0
0.1
1.224
0.1
1.224
0
1.224
1.224
3.06
2.448
0
1.224
0
1.324
1.324
0
1.836
1.224
1.224
1.224
0
0
0
0
0
1.224
3.06
3.16
1.224
4.384
1.224
1.224
0
1.224
0
1.324
3.06
0
2.448
1.224
0
1.224
0
1.324
0
0
3.06
1.224
0
0
1.324
1.224
1.224
3.06
1.324
0
0
1.224
1.324
3.06
1.224
0
0
1.324
0
1.224
0
3.16
1.224
0
0
0
0.1
2.448
1.836
0
1.224
0
0
0.3
1.224
1.224
0
0
0
1.224
0
0.1
2.548
1.224
0
0
1.224
1.224
3.06
1.324
1.224
3.06
0.1
0
2.448
0
2.448
1.836
0
2.448
0
1.224
0.1
0
1.224
1.324
0
0
0
2.448
2.448
4.384
2.448
0
0
1.324
0
2.448
3.06
3.06
1.224
0
0
1.224
0
1.224
2.448
1.224
1.224
1.224
0
1.224
1.224
1.224
1.224
0
0
1.836
0
2.448
0
2.448
1.224
1.224
0
1.224
1.836
0
0
1.224
0
0
0.1
2.448
1.224
2.448
1.224
0
0.1
2.448
3.16
0
1.324
3.06
0
1.224
0
1.224
0
0
1.224
0
1.324
1.224
0
0
1.224
1.224
0
0
0
1.836
1.224
1.224
0
3.06
1.224
0
2.448
0
3.06
1.224
3.06
1.324
0
2.448
1.224
1.224
1.224
1.224
1.324
1.224
1.224
1.324
0
0.1
2.548
0.1
1.224
1.224
1.224
1.224
0.4
1.224
0
1.224
0
2.448
1.224
0
1.224
4.284
0
4.284
1.836
1.224
1.424
0
0
0
0
1.224
2.648
1.224
0
1.224
1.224
1.224
0
0
3.06
1.224
1.224
0
0
0
4.284
2.548
0
0
0
2.448
3.06
0
0.1
3.06
1.224
3.06
1.224
1.224
1.836
1.224
0
1.224
1.324
1.224
2.548
1.224
1.224
2.448
0
0
1.224
1.224
2.448
0
3.06
1.224
3.06
3.06
0
0
1.224
0
1.224
0
0
1.224
3.06
0
3.06
0
0
0
0
0
0
0
1.324
1.224
1.224
1.324
0
1.836
0
1.224
0
1.224
1.224
0
2.448
1.524
1.224
0
1.224
2.448
4.284
1.224
0
1.224
0.2
2.448
1.224
1.224
2.448
2.448
0
1.224
3.06
1.224
2.548
0.3
1.224
0
3.16
0
2.448
1.224
1.936
1.224
2.448
0
1.224
0
1.224
2.448
1.224
1.224
0
0.1
0
0
0
1.224
1.224
1.224
0.1
0
0
0
0.2
1.224
1.224
0
0
0
1.224
0
1.224
1.224
0.2
4.284
4.284
1.936
1.836
0
1.224
1.224
1.224
2.448
0
1.224
4.284
1.324
2.648
0
1.224
1.224
2.548
0.1
1.224
1.224
0.1
1.224
1.224
1.224
4.284
4.284
4.284
2.448
2.448
1.224
1.224
2.448
2.548
2.448
1.224
0.3
0
1.224
0
0
1.224
0
0
0
4.284
1.224
3.06
1.224
0
0
0
3.06
2.448
3.06
1.836
1.836
1.936
2.448
2.448
6.832
4.284
4.484
4.484
0
4.284
2.448
1.224
2.448
0
2.448
2.648
2.448
2.548
2.448
1.324
2.448
1.224
1.224
1.224
2.448
0
0
1.224
1.324
1.324
3.16
2.448
0
2.448
0
1.324
1.224
0
4.284
0
0.3
3.06
1.224
0
1.224
1.224
1.224
1.224
0
0.1
3.06
1.324
0
0.1
1.324
0
0
1.224
1.224
1.224
0
0
0.1
1.224
0
1.224
1.224
1.224
1.224
0
1.224
0
1.224
1.224
0
0
1.324
0
1.224
0
0
0
1.224
1.224
1.224
1.524
1.224
1.224
1.224
1.224
0.2
1.224
0
1.224
1.424
1.224
0
0
1.836
1.224
2.448
2.748
2.448
1.324
2.448
1.224
3.06
1.224
1.324
1.324
1.224
2.648
1.324
2.448
2.548
1.224
3.772
3.672
2.448
1.324
2.448
2.448
2.448
1.324
2.448
2.648
2.448
2.448
1.224
2.448
2.448
1.224
4.284
2.748
2.548
2.548
1.224
2.448
2.448
2.548
1.324
2.448
2.448
1.324
3.16
1.224
1.224
2.448
2.448
1.424
2.448
3.672
2.448
1.224
2.648
2.448
2.448
2.448
1.224
2.448
2.448
2.548
4.284
2.448
2.448
2.448
2.448
2.548
1.424
2.448
2.448
1.324
2.448
1.224
2.448
1.224
1.224
2.548
6.932
1.224
1.224
2.448
2.448
2.448
2.548
1.224
2.448
1.224
1.224
2.448
2.448
1.224
2.448
1.224
2.548
3.672
2.548
2.548
2.548
2.448
1.524
1.224
2.448
2.648
2.448
2.548
1.224
2.448
1.224
1.224
1.224
1.224
1.224
2.448
2.548
1.224
2.448
2.448
2.448
1.224
2.448
2.548
1.224
3.672
2.448
2.448
2.548
2.648
2.448
1.524
1.224
2.448
1.324
1.224
2.448
3.672
2.448
2.448
2.448
2.548
1.624
2.448
1.224
4.896
2.448
2.448
2.448
1.324
1.324
1.324
2.648
1.224
1.224
2.548
2.648
3.672
2.448
2.448
1.224
2.548
1.324
2.448
2.448
2.448
4.284
2.448
1.224
1.224
4.384
1.224
2.448
2.448
2.448
2.548
2.448
1.324
2.548
1.224
2.448
1.224
1.224
1.224
2.448
1.724
1.224
1.224
1.224
3.06
1.224
2.548
2.448
1.324
2.548
2.548
1.224
2.448
1.424
1.224
1.224
3.672
1.224
2.648
1.324
3.26
1.324
1.224
2.448
3.672
1.324
3.672
2.448
2.548
2.448
2.448
1.324
2.448
2.448
2.448
2.548
2.548
2.548
2.548
5.808
2.448
1.224
2.448
3.06
1.224
2.448
2.448
2.448
1.324
2.548
1.324
1.224
1.224
1.224
1.224
2.448
1.424
3.772
1.224
2.548
4.284
1.224
2.448
2.548
1.224
1.224
2.448
3.672
1.224
2.448
3.672
3.772
1.224
2.448
1.224
2.448
1.224
2.448
1.224
1.224
2.448
2.548
2.448
2.448
1.524
2.548
1.224
1.224
1.224
2.748
2.448
2.448
1.224
2.448
4.284
1.224
1.224
1.224
1.224
1.224
4.284
2.448
1.224
1.324
2.548
1.324
1.224
1.224
1.224
3.772
2.448
1.224
2.548
2.448
2.648
2.448
2.448
1.224
2.448
2.548
2.448
3.16
1.424
2.448
1.424
1.224
2.448
1.224
2.448
1.224
2.448
1.224
2.448
2.448
2.448
2.448
2.448
1.224
2.448
1.224
1.324
2.448
2.448
1.224
2.448
1.424
1.224
1.424
1.224
3.06
1.224
2.448
2.448
4.484
2.648
3.672
1.224
2.448
1.224
1.324
1.224
2.448
3.06
3.772
2.448
1.424
2.448
1.424
1.224
2.448
3.772
3.672
1.324
1.224
2.448
2.548
1.224
1.324
2.448
3.06
3.672
1.224
2.448
2.448
2.448
2.448
1.324
1.224
2.448
3.672
2.448
3.06
3.672
2.748
2.448
1.224
2.448
2.448
1.224
2.448
1.224
1.224
2.448
2.548
2.548
1.224
4.384
2.448
1.224
2.448
1.224
2.548
2.448
2.448
3.06
1.224
2.448
1.324
2.548
2.448
2.448
2.548
1.324
2.448
2.448
2.648
1.224
2.448
2.548
2.448
2.448
1.224
2.448
1.224
2.448
6.732
3.06
2.548
1.224
2.448
2.448
1.224
2.448
1.224
1.224
1.524
1.224
2.448
1.224
1.224
3.672
1.224
2.448
1.224
2.448
2.648
2.448
1.224
1.224
2.448
1.224
1.224
2.448
1.224
2.448
1.324
1.224
1.324
1.224
1.224
2.448
2.448
2.448
1.224
2.548
1.524
2.448
2.448
1.424
2.448
1.324
2.448
2.448
1.224
1.224
1.224
1.224
2.448
4.384
2.448
1.224
2.448
1.224
2.448
1.224
2.448
2.448
2.548
2.448
2.448
2.448
2.548
2.448
1.324
1.224
2.448
2.448
2.548
1.224
1.224
1.224
2.448
2.448
2.448
1.224
2.448
1.624
2.548
1.224
2.448
1.224
5.508
2.448
1.224
1.224
5.508
2.448
2.548
1.224
2.448
1.224
1.224
1.324
2.548
4.284
1.224
1.424
2.448
2.548
1.424
2.548
1.224
1.224
1.324
2.648
2.548
2.548
2.448
2.548
2.448
1.224
2.548
2.448
2.548
1.324
1.224
1.324
1.224
2.448
2.448
3.972
2.548
3.672
2.448
2.448
2.448
1.224
2.448
1.224
1.224
1.224
1.224
2.448
2.448
1.224
2.548
1.224
1.224
2.448
2.448
2.448
2.448
1.224
2.648
1.224
1.524
1.224
1.224
1.224
1.224
2.548
2.448
2.448
1.324
3.672
2.448
1.224
2.448
2.448
4.284
1.224
3.06
1.224
1.324
1.324
2.548
1.424
1.224
1.324
1.224
1.224
2.448
1.224
2.448
1.224
2.448
4.484
3.672
1.224
3.06
1.224
1.224
2.548
2.448
1.324
2.448
1.424
2.548
2.448
7.932
1.524
2.448
2.548
2.448
1.224
1.324
1.324
1.524
2.448
4.284
2.448
1.224
2.448
1.224
2.448
1.324
1.224
2.548
3.06
2.448
2.648
3.772
2.448
2.448
2.448
3.06
2.548
1.224
3.672
3.672
1.224
2.448
2.448
2.448
2.448
1.224
2.548
3.872
1.424
2.448
1.224
2.448
1.324
2.448
4.284
1.224
3.772
3.772
1.224
1.224
1.224
2.448
2.448
3.772
2.448
2.448
2.448
4.384
1.224
4.284
1.224
2.448
2.548
2.448
1.224
1.324
2.448
1.224
1.224
2.448
2.448
2.548
1.224
2.548
1.224
2.748
2.448
2.448
2.448
2.548
2.648
2.448
2.448
2.548
1.224
5.508
2.548
2.448
2.448
2.448
1.224
5.508
1.224
4.896
3.06
0
0
0
0
0
1.224
0
0.2
0
1.824
0.1
2.448
0
0
0
0
1.224
1.836
0.1
3.672
0.1
1.224
0
2.448
1.936
0
2.336
1.224
1.224
3.06
1.224
1.224
0
1.224
0
1.524
2.448
3.06
0
1.224
1.224
0
0
0
1.836
3.06
0
0.1
0
3.06
1.836
2.448
0
1.224
1.224
1.224
1.224
0
0
1.224
0
1.224
1.224
1.224
1.224
1.224
2.448
1.224
0
1.224
2.448
1.224
1.424
1.224
2.448
1.424
0
1.224
2.448
0
2.448
2.448
1.324
1.224
1.324
1.224
2.548
1.224
2.448
0
1.224
0
1.224
1.836
1.224
0
1.224
0
1.624
1.224
0
1.324
0.5
1.324
