2.4
2.124
6.2
2.624
0.5
2.524
3.248
2.448
1.924
2.448
4.348
1.624
2.224
5.548
6.148
1.224
0
1.224
1.224
1.724
0.8
0.6
0.1
1.224
2.424
1.224
1.824
0.8
1.524
0.2
1.424
0.1
6.7
0.1
1.3
1.7
0.2
0.6
0.2
2.8
0.5
5.6
0
0.2
0.4
0
1.1
1.9
1.7
1.3
0
0.1
2.5
0.1
0.3
0.2
0.4
0.7
0.6
2.9
4.8
1.1
0.2
4.824
2
1.6
0.1
0.7
0.5
4.1
2.1
1.4
1.2
0.4
6.8
5.124
0
2.324
0
0
2.2
0.1
0.2
0.1
0.2
0
0.1
0
0.1
5.324
0.2
0.3
0.3
0.2
0
1.3
1.4
0.1
1.324
1.424
0.2
2.5
2.1
0.2
0
0
0
4.7
0.3
0.7
1.6
0
0.1
0
0.4
1.7
0.3
0.5
0.1
0.1
11.6
0.2
1.524
3.3
0.4
0
0.9
0.4
0
2.3
1.2
0.3
0.7
0.1
1.7
2.7
0.8
0.5
1.2
3.1
2.124
1.924
0.1
1.3
0.1
0.3
0.9
0.5
0.4
0.1
0.1
0.3
0.2
0.4
3
2
0.9
0.9
3.1
0.6
0.7
0
0
0
0.6
0.2
0.2
0.3
0.2
10.624
0.1
2.4
0.3
0.9
0.3
3.2
0.2
0.1
0
2.2
1.6
2.7
2.648
1.624
3.124
4.424
4.624
1.624
2.024
1.424
4.748
2.024
1.824
4.124
1.924
3.124
1.324
2.024
0
1.3
1
0
0
1.2
6.2
0
0.2
2.4
0.7
0.4
0
1.2
3.524
0
0
8.8
0.3
6.224
0
0.1
0
0.3
5
0.1
0.2
1.2
0
0.1
1.6
0.1
2.024
1.224
0
0
0.2
0.3
9.4
0.5
0
1.3
0
3.2
1.5
0.2
0.2
0.1
1.324
0
0
7.424
0.1
0.6
0.4
0
0.1
0
0.1
1.5
1.424
1.4
0.6
0
1.424
1.6
0.1
0
3.024
0
0.2
0
0
0.9
0.1
0.2
2.6
0.1
0.1
0.1
0.4
0
0
0
1.7
1.224
0.4
0.3
0.3
0.4
0.6
0.1
0.1
0
0
2.7
1.324
0
0.1
0.2
0.7
0
1.624
0.2
0.5
3.024
1.924
0
1.1
1.6
1.424
1.2
1.1
0
0.5
1.224
1.224
0.3
0
0
1.224
0.7
0.2
2.024
1.6
0.9
1.4
0.1
0
0.2
1.324
0
5.424
1.624
0
3.624
2.024
0
0
1.324
5.6
1.224
0
0.1
7
0.3
1.5
2
0.6
0.7
2
0.2
0.4
0.7
3.7
9.3
1.524
0.6
0
0.4
1.524
3.624
2.224
1.224
0.1
0.1
0
1.724
0.1
0
1.624
0.2
0.1
0
0.3
1.324
1.224
0.1
2.5
1.424
1.524
1.624
1.924
5.624
0
0
1.224
1
0.4
1.5
0.5
0.4
1.224
1.524
8.524
0.1
2.624
1.424
0
1.7
0
1.324
0
0.6
0
1
0.2
0.1
0.1
0
1.6
0
6.824
1.7
0.5
0
1.624
0.8
1.2
1.224
0.2
0.3
0.2
1.924
1.7
6.224
0.5
0.6
1.524
0.2
2
1.7
1.524
0.5
0.7
1.7
1.5
2.524
0.2
2.3
0.7
1.424
1.424
1.824
1.624
0.5
1.424
0.1
0
0
1.1
0.3
1.824
0.1
1.224
2
0
0.3
2.424
0
0.4
5.524
0.7
0.3
0.3
2.6
2.224
0.1
1.1
5.4
3
1.324
3.7
3.6
0
0.2
3.424
1.1
2.724
0
0.9
1.7
0.2
1.224
0
0.8
1.824
0
0
2.324
2.124
0.1
0
0
0.6
0.5
0.6
0
1.224
0.3
2.4
0.2
1.524
1.4
1.6
0
1.424
0.2
0.2
4.2
1.324
0
0
1.3
0.5
0.1
0
0.3
1.924
0.3
1.324
0.2
4.7
0.2
0
0.1
1.224
1.5
3.7
0
0.1
0
0.1
1.9
3.1
0
0.2
0.5
0.1
0.9
0.2
1
2.524
0
1.724
0.7
1.724
0.4
2.9
2.924
0.2
0.2
0
1.724
0.3
0.8
0.1
0.5
0
1.7
0.3
0.2
2.224
0.7
0.2
0
0.7
0.1
1.8
1.9
0.4
1.624
1.224
1.624
0
1.424
0.2
0
0
0
0.1
3.8
0.8
0
0.1
1.224
0
0.2
0.1
0.5
1.424
0.4
2.024
1.324
0.2
2.3
0.1
0
0.2
0.4
0.3
0
0.2
1.324
1.624
1.224
0
1.724
2.624
0.7
1.424
1.224
0.1
0.1
3.5
1.424
1.724
3.1
0.1
0.2
6.1
2.124
0.1
1.624
0.4
0.4
0.4
1.224
1.924
0.7
1.5
0.1
1.624
0.8
0.3
0.3
0.3
0.7
0.3
0.4
0.2
0.1
2.224
0.6
1.324
0
1.7
0
0
1.8
1.224
2.024
0.1
0
0.4
0.9
0.7
0
1.924
0.3
1.224
1.724
3.4
0.6
2
0.4
0.4
0
0
0.2
0.2
0
0
0.5
0.4
0.3
2.624
0.1
1.224
2.524
2.824
1.5
0
1.624
2.5
0
0.2
1.324
0
1.924
0.2
2.524
1.3
0.2
0
0.4
0.1
1
1.324
0.9
0
0
0.1
0.7
1.324
0.3
0.1
0.8
0.1
1.8
1.3
0.1
1.624
0.1
0
1.424
0
0
1.624
1.7
1.624
1.224
1.424
0.9
0.6
0.2
0.1
0
0
0.1
1.424
0
6.224
0.1
0.9
0.5
1.324
0.4
0
0.2
1.6
2.324
0.5
0.6
1.7
0.7
0.2
1.1
1.524
0.1
0.8
0
0.7
0.5
1.2
0
0.2
0.2
0.1
8.724
4.5
1.724
0.9
3.824
0.1
0
0.1
0
0.1
1.224
0.4
0.3
1.8
0.7
0
1.224
0
0
0.1
1.324
0.1
0
1.624
1.524
0.3
0.5
0
0.2
0
2.424
0.1
3.124
1.8
0.5
0.8
1.324
0.8
0.3
0.2
0.1
1.3
3.3
1.724
0.2
1.324
0.2
0
0.1
1
0
2.624
0.1
0
1
0.1
1.324
0.5
1.324
0.1
0.1
0.1
0.9
1.424
0.5
1.424
0.4
0.2
1.724
0
0
0
2.024
0
0.4
0.6
0
1.624
0.5
1.424
0.1
1.624
0
0.1
0.1
1.524
1.3
0.2
0
0.1
0.2
0
1.324
0.3
0
1.2
0
0.1
0.3
3
0.1
0.1
0
0.7
0.7
0.6
1.324
1.7
2.1
0.1
3
0.1
0.2
0.1
1.524
0.4
0.2
0.1
3.1
4.8
0.1
0.3
0.1
1.324
0.2
0.3
0.4
0.7
0.1
0.1
0.4
1.324
0.1
1.1
1.224
0.4
0
1.524
0.1
1.324
0.1
0.2
0.1
0.1
0.6
0.1
0
0.6
4.824
0.8
0.4
0
2.324
0
0
0
2
1.424
1.8
1.2
0.2
2.624
0.3
1.324
3.024
4.524
0.5
0
1.324
0.4
1
0
2.8
0.2
5.424
1.1
1.9
0.3
1.824
0
4.024
0.2
1.624
1.724
0.2
0.1
0
0.4
0.2
0.1
0
0.7
1.5
0.2
0.6
1.9
0
1.2
0
0.3
0
1.724
1.424
1.3
2.8
1.924
2.624
0
5.424
1.324
0
0.1
0.4
0.8
1.524
2.624
2.024
1.324
3.324
1.824
0.3
0.2
0.3
1.2
0
0.2
0
0.1
0.2
0.2
1.4
0.6
0.3
0.4
0.5
2
0.7
0
0.1
1.4
1
0
0.8
5.8
2.3
2.4
1.324
1.424
0
0.5
1.7
0.8
0.1
0
0
8.224
0.1
2
0.3
0
0.2
2
0
1.4
0.3
0.6
0.7
0.5
1.3
0.9
0
0
0.1
0.1
0.3
1.324
0
5.624
0.4
1.8
0.5
0.1
0
1.3
0
2.648
1.324
0
0.1
1.524
3.024
0.7
0.5
0.2
1.424
2.224
0
0
0.4
0.4
11.6
0.5
0.5
0.5
0.3
6.724
0.5
1.924
0.3
4.3
0.8
0.3
1.224
0
0.2
1.224
5.824
2.224
5.124
1.424
1.724
2.548
1.324
2.624
2.124
1.724
1.624
5.024
1.624
2.324
3.248
2.824
2.548
1.524
3.424
3.324
1.724
1.924
3.148
1.524
2.224
2.424
2.824
2.548
1.224
1.624
3.848
1.324
7.924
4.248
1.824
1.224
2.324
2.948
5.624
3.024
1.224
1.324
3.524
1.924
1.324
1.624
1.624
1.924
2.924
3.324
1.324
1.724
2.448
6.124
1.624
1.524
1.224
1.524
1.824
1.724
4.024
1.224
1.324
4.024
2.124
1.624
2.424
2.624
1.524
2.424
1.824
1.624
1.224
1.624
4.048
3.348
1.924
2.124
1.924
1.224
1.524
2.124
1.224
1.624
1.524
1.224
3.424
1.324
1.224
1.524
2.324
1.924
2.948
2.324
1.524
3.724
5.924
2.824
1.224
6.124
1.224
1.424
2.324
4.524
2.524
2.824
1.624
10.048
2.324
2.848
2.448
3.848
1.324
2.624
4.748
1.824
1.224
2.948
2.448
2.524
2.124
1.424
1.724
1.324
1.224
1.924
8.448
1.224
5.524
2.648
2.824
2.124
1.924
3.124
2.724
3.824
2.024
1.624
2.024
7.524
1.624
1.324
2.324
1.324
3.024
1.324
1.524
2.224
2.024
4.324
1.424
1.424
1.524
3.124
1.424
1.824
6.224
1.224
3.224
2.224
1.324
1.224
1.924
2.124
1.224
1.324
1.324
1.824
3.448
1.324
1.324
1.824
3.524
1.924
3.824
3.424
2.824
2.624
5.748
2.548
2.948
1.324
8.224
8.848
2.648
1.424
4.024
2.548
1.624
1.924
2.124
3.224
3.424
1.324
1.724
2.024
1.924
2.324
1.824
1.324
2.524
1.524
5.424
5.424
1.224
1.924
1.324
1.624
1.624
3.724
1.324
1.224
2.124
1.924
1.924
1.524
1.524
3.424
2.724
2.924
1.824
2.224
1.824
1.924
1.324
3.148
2.848
1.324
1.224
1.924
3.324
1.324
2.324
1.424
3.724
1.324
1.624
9.848
9.148
2.648
3.224
1.424
3.824
1.224
1.224
7.624
3.848
2.748
1.324
1.524
1.624
1.424
1.324
3.224
1.924
2.124
1.224
2.524
1.724
1.224
2.324
2.548
1.424
1.424
1.524
2.924
6.024
1.824
1.824
1.524
1.424
3.824
1.824
1.524
3.824
1.424
1.324
1.824
3.124
3.324
2.648
1.524
1.724
1.724
3.048
4.848
3.224
2.724
1.924
2.948
3.348
1.224
1.324
1.224
2.424
1.624
3.024
1.424
1.824
1.224
1.724
1.624
1.424
1.924
3.524
1.924
4.624
1.424
1.224
1.324
2.024
2.724
2.648
1.424
1.224
1.324
1.324
1.324
1.224
2.024
3.924
3.048
1.924
2.924
2.124
1.924
1.824
1.924
1.324
3.824
1.324
1.824
1.224
2.624
3.248
3.824
3.724
3.424
1.224
1.824
2.224
4.324
1.424
2.624
4.848
1.824
1.224
5.524
3.024
7.124
2.848
1.224
2.824
1.324
5.848
1.624
1.324
2.424
1.224
1.524
1.424
1.324
1.924
3.848
2.124
1.324
1.824
1.624
2.224
1.224
1.324
1.424
1.424
3.348
3.124
16.048
3.724
2.524
5.948
1.224
1.624
2.924
3.224
2.424
1.524
2.024
2.424
2.448
2.924
2.924
3.948
1.424
1.424
3.724
1.424
1.224
5.224
1.824
1.924
8.624
1.724
1.624
3.724
3.324
2.224
1.324
1.224
3.524
1.324
1.424
2.324
2.324
1.224
1.724
1.324
1.324
4.524
2.324
1.824
2.424
1.724
1.724
1.224
1.624
1.224
1.424
1.624
4.224
4.424
1.424
1.324
3.948
1.224
1.424
1.624
1.524
1.224
4.624
2.224
1.524
1.924
1.724
1.424
1.524
1.424
1.324
2.524
1.624
1.824
2.848
1.324
2.848
1.224
6.024
1.424
1.324
3.524
9.448
1.424
1.224
3.324
1.924
1.424
1.224
1.424
1.824
2.748
2.448
1.324
2.224
12.348
1.524
1.424
1.324
1.224
1.324
1.924
1.524
2.624
2.224
1.224
1.224
2.848
3.324
2.224
2.948
1.524
1.424
2.824
1.424
1.324
1.624
1.524
1.424
1.224
2.024
2.924
1.224
4.924
8.424
3.848
2.824
3.648
1.524
1.324
2.324
3.248
1.424
1.524
1.324
2.648
1.624
4.648
1.324
3.124
3.524
3.048
1.324
5.224
2.524
2.424
3.324
1.324
2.448
1.424
1.724
3.324
2.624
2.624
2.524
1.524
1.224
1.424
2.924
1.424
2.524
2.424
2.448
2.524
5.024
2.424
5.724
5.824
1.824
2.124
2.324
1.224
1.524
1.424
2.824
2.548
2.548
1.824
1.524
1.324
1.224
1.224
2.124
1.724
2.648
1.524
1.324
1.424
1.224
1.424
2.124
2.424
9.124
2.124
2.724
2.748
3.424
7.124
1.524
1.224
1.724
6.424
1.324
1.824
2.124
2.724
2.124
2.024
2.724
2.024
1.524
3.348
3.824
4.224
6.448
4.648
2.024
5.424
1.624
1.624
1.624
2.948
2.524
5.448
1.524
1.424
3.948
2.648
2.448
2.124
1.524
1.624
1.524
2.824
3.124
1.624
1.524
38.448
2.124
1.724
1.624
3.248
4.524
8.724
12.548
1.224
3.224
1.324
1.224
7.448
2.024
2.424
4.324
2.124
2.924
2.324
1.824
2.524
10.124
1.524
2.024
1.224
1.424
3.924
1.524
3.224
1.324
1.824
1.324
2.624
1.424
2.624
1.224
1.924
3.524
4.448
2.524
2.224
1.524
3.224
1.724
1.324
1.224
5.324
3.724
1.324
2.324
1.424
1.524
1.924
2.024
4.824
1.724
2.124
3.224
5.924
1.324
1.224
1.624
2.824
4.224
1.524
1.924
2.324
8.648
1.224
1.724
1.724
2.824
1.524
1.724
1.524
6.024
4.324
1.924
2.824
2.824
2.724
4.124
1.524
3.924
1.324
2.824
1.724
2.824
1.324
1.724
1.424
1.324
2.448
2.824
2.448
0.9
0.3
2.224
5.124
0.3
0.1
2.324
2.7
0
7.8
1.824
0.2
0
0
0
1.324
0.1
0.6
2.824
0.3
1.724
0
1.524
0.8
1.424
0
10.924
0.4
0
0
6.524
2.1
5.7
2.8
0
6.5
2
1.224
0.4
0.1
0.1
1.524
2.524
0
0.3
0.4
1.324
0.8
1.224
0.2
0.3
0.4
0.5
2.924
0
2.524
0.9
0.2
0.1
1.224
0.1
0
0.2
0.1
3.524
0
0.2
0.6
0
1.324
0
0.1
5.224
0.1
0.9
1.1
0.1
0
0
0.5
0.1
0.5
0.6
0.9
0.7
1.7
0.4
0.2
0.2
1.324
0.7
0.8
1.324
1.224
0.1
0
1.324
0.8
10.2
0.3
0.7
3.3
4.224
1.9
