1.524
0.2
1.824
0
1.324
1.224
1.324
1.224
2.448
1.224
2.548
2.448
1.624
1.324
1.524
0
0
0
0
0.1
1.224
1.224
0.1
0
1.224
0.1
0.1
0
1.224
0
0
1.224
1.524
1.224
0.1
1.224
1.324
1.224
0
1.624
1.224
1.724
0
0
0
1.224
0.2
0.2
1.324
2.548
1.324
0
2.848
0
0
0
1.324
0.1
1.424
1.224
0.4
0.3
0
0.1
0.2
1.324
0.1
0
1.324
0.3
1.624
2.648
1.424
1.224
1.524
1.524
0
0.1
0
1.224
1.324
0
1.224
0
0
0
0
0
0
0.4
1.224
0
0
0
0
2.548
2.648
1.224
0
0
0
0.3
0.2
1.224
0
1.324
1.224
0.2
0
1.324
1.424
0
1.324
1.224
0.2
0
1.224
0.1
1.224
1.324
0.4
0
0.1
1.424
0.1
1.424
1.524
1.224
0.1
1.724
1.224
0.1
0.1
0
1.324
0.2
1.224
1.424
1.424
0.6
1.224
0
0
1.424
0
0.1
1.224
0.1
1.224
0.1
1.224
1.424
1.324
1.224
1.324
1.524
0
0
1.424
0.1
1.224
0
1.224
0
0.1
0.1
0
1.324
0
0.4
1.224
1.524
1.224
1.224
1.324
1.324
0
0
1.324
1.524
1.324
1.424
1.224
2.548
1.224
2.748
2.748
2.448
1.224
2.448
1.424
3.872
2.448
2.948
2.448
2.848
2.448
2.448
1.224
0
1.224
0
0
0
1.424
0
1.224
2.448
1.224
1.224
1.224
1.224
0.4
0
1.224
0.6
1.224
0
0
0
0
1.324
1.524
1.224
1.324
1.324
1.224
1.224
1.324
2.448
1.324
1.224
1.224
0
1.224
0
1.824
1.224
0
1.324
0
1.324
1.324
0
0
0.2
0
0
1.224
0.1
0
0
0
0
0
1.224
0
0
1.224
1.324
1.224
1.224
1.224
0
1.224
1.224
0.1
1.224
1.224
1.224
1.224
1.324
1.224
1.224
0
0
1.224
0
2.448
1.224
0
0
1.424
1.224
1.324
1.224
1.224
1.224
1.224
1.224
1.224
1.224
0
0.3
0
0
0
0
0
1.224
0
1.224
0
0.1
0
0.1
0
1.424
0
1.424
0
0
1.224
0
0
1.224
1.224
1.224
0
1.224
1.224
0
1.424
0.1
0
1.224
0
0
0
0
0.1
0
0.1
1.324
1.224
0
0
0
1.424
1.224
0
2.448
0.7
0
1.324
1.224
2.548
1.524
0.1
1.224
2.548
1.224
0.1
0.6
0.1
0.1
1.224
0
0.1
3.872
3.672
0
2.448
2.448
1.224
0
0
2.448
0
1.224
1.224
1.224
0
1.224
0
0
0.1
0
0
0.1
1.224
1.324
0
0
0
0.1
1.224
2.448
1.324
0
0
2.448
0.4
0
0
2.448
0
1.324
1.224
0
1.224
1.224
1.224
1.324
1.224
2.448
1.224
1.224
1.224
1.224
0.2
1.224
1.224
0
0.1
0
1.224
0
0
0
1.224
1.224
1.424
0.1
1.224
1.224
0
2.448
1.324
1.224
0
1.324
1.224
0
1.324
0
1.224
1.224
1.224
1.524
1.224
0
0
1.324
0.1
1.224
0
1.224
1.224
1.224
0
0
0
1.224
0
1.224
0.1
0
0
1.424
1.424
1.224
1.224
0.1
1.324
0
0
1.624
0.2
0
1.524
1.324
0
1.324
1.424
1.324
0
0
0
0.1
1.224
0
1.224
0
0
0
1.224
1.224
0
1.224
1.224
0
1.224
1.224
0
0
0
1.224
1.324
1.224
0
1.324
0
1.224
0
1.224
1.224
0.1
0
0
1.224
1.224
1.224
1.224
1.224
1.324
0.1
2.548
1.224
0
0.4
1.224
1.224
1.224
0
1.224
1.424
1.224
0
1.224
1.224
1.224
1.224
2.448
0
1.224
1.224
1.224
1.324
1.324
0
1.224
0
1.324
0
1.424
1.424
1.224
1.224
1.224
1.224
0
1.224
1.324
1.224
0
1.224
1.624
1.224
0
0
1.224
0
0
0
2.448
1.324
1.324
2.448
2.448
1.224
0
1.224
0
1.224
0
0
1.224
1.224
1.524
1.224
0
1.224
0
0
1.224
1.224
1.224
0
1.224
1.324
1.224
0
0
0
1.224
1.224
1.224
0.1
1.224
1.324
0
0
0
1.224
0
0.2
1.224
0
0
1.224
0
1.324
0
0
0
0
0
1.624
1.324
2.448
0
0
0.2
1.224
0
0
1.324
2.648
0
0
1.224
1.224
1.224
1.224
0
1.324
0.1
0
1.224
0.2
1.324
1.224
0
1.424
1.224
1.224
0.1
0
1.224
0
1.224
1.224
0.1
1.224
1.224
1.224
1.324
0
0
1.424
0
2.548
1.224
0
1.224
0
0
2.448
1.224
1.224
1.324
1.324
1.224
1.324
0
1.224
1.324
2.548
1.424
1.224
1.224
0.2
1.224
1.224
0
1.224
1.224
1.224
0.2
1.224
0
0
0
1.224
0
0
0.1
1.224
1.224
1.224
2.548
0
0
1.224
0
0
1.324
1.224
1.224
1.224
1.324
1.224
0
0
1.224
0.1
1.624
1.224
0
0.2
1.224
1.224
0
1.224
1.224
0
0
1.224
0
0.5
1.224
0
1.224
0
1.224
1.224
1.224
1.524
0.1
2.448
0
1.224
0.1
1.224
1.324
1.224
1.224
2.448
0
1.324
1.324
0.2
1.224
1.224
1.224
1.224
0.5
2.648
0
0
0.2
1.224
1.224
1.224
1.224
1.224
0
1.224
0
1.324
2.448
1.224
0
0
1.224
1.224
1.224
1.324
0
2.448
2.448
1.224
1.324
0
1.224
1.224
0
1.224
0.1
0.1
1.224
1.224
0
0.1
0.1
2.448
0
0.2
0.1
1.224
1.224
1.224
1.224
1.224
0
0.1
1.224
1.224
1.224
1.224
1.324
1.224
1.224
1.224
0
0
1.224
1.224
1.324
0
1.224
1.224
0
1.224
0
0
1.224
1.224
2.448
0
0
1.324
1.224
1.224
1.224
0
1.224
0
1.224
0
0
0
1.224
1.224
1.224
1.224
0
1.224
0
1.224
0
1.224
1.224
0
2.548
1.324
0
0
1.224
1.224
2.448
1.224
0
1.224
1.424
1.224
1.224
0
2.448
1.324
1.324
1.324
1.224
1.224
1.424
1.424
1.224
0.1
1.324
0
1.224
1.224
0.2
1.324
2.448
0
1.424
0
2.448
1.224
1.224
0
0
0
0
0
0
1.224
1.224
1.324
0
0
0
0
0.2
1.224
1.224
1.224
0.2
0
2.448
0
2.448
1.224
1.324
1.324
1.224
0
1.424
0
1.224
1.224
1.224
1.224
0
1.224
2.448
1.324
2.648
0
1.524
1.324
1.324
0
1.524
1.224
0.1
1.324
1.224
1.224
1.224
1.224
1.224
1.224
1.224
1.224
1.224
1.224
1.224
1.224
1.224
0.1
0
1.424
0
0
1.224
1.224
0
0
1.324
1.224
1.224
1.224
0.2
0
0
1.224
1.224
1.224
0
0
0
2.448
3.772
2.448
1.224
1.224
1.224
0
1.224
1.224
0
1.224
0
1.224
1.224
1.324
1.224
1.224
1.224
1.324
1.224
1.224
1.224
1.424
0.1
0
1.224
1.724
1.424
0.1
2.448
0
1.224
0
1.324
1.324
0
1.224
0
0.4
0
0
0
2.448
1.224
1.724
1.224
0
0.1
0.2
1.224
1.224
0
1.324
0
1.224
1.224
1.224
1.324
0
1.224
0.3
1.224
1.524
2.648
1.224
0
1.224
0
1.224
0
1.224
1.224
1.224
0.3
0
0
1.224
1.224
0
0
1.224
1.224
1.224
2.224
0
1.224
1.224
1.224
0.1
0
0
0
2.848
2.448
0.3
0
1.224
1.224
2.448
3.872
3.872
3.048
1.524
2.548
2.448
1.224
2.548
1.324
1.324
2.548
2.748
2.448
2.448
1.224
3.772
3.672
2.548
1.924
2.948
2.448
2.548
1.224
1.424
2.648
3.772
3.972
1.224
2.448
3.772
2.748
2.448
2.948
2.648
2.748
1.324
2.548
1.324
3.048
1.624
2.548
2.548
2.448
1.424
1.224
1.324
1.224
1.324
1.224
3.872
3.672
2.548
1.224
2.848
2.448
3.672
2.448
1.324
1.624
2.448
2.448
2.548
2.448
2.648
2.648
2.548
2.848
1.324
2.448
3.772
2.548
2.448
1.224
2.448
2.648
2.448
2.548
2.748
1.224
1.224
1.524
2.448
2.448
2.448
1.224
2.448
2.548
1.224
3.672
1.224
2.548
2.648
1.224
2.648
3.772
2.448
3.048
2.748
2.448
1.624
2.448
2.448
2.648
3.872
2.648
1.624
2.548
1.524
2.748
1.224
1.224
1.224
1.224
2.748
2.648
2.448
2.548
3.672
2.548
2.548
2.548
1.424
3.672
2.448
2.448
2.548
1.724
2.448
2.648
1.224
2.648
1.224
1.424
3.972
2.448
2.748
3.672
2.648
3.872
1.324
2.448
2.548
2.748
1.224
2.548
2.448
1.324
1.424
2.448
2.748
2.748
2.448
2.448
3.772
2.548
2.748
2.948
1.224
2.748
1.224
2.448
2.448
1.224
3.672
2.448
2.548
2.548
2.448
1.324
2.448
2.448
2.448
2.648
2.648
2.748
3.672
2.748
3.972
1.624
1.224
1.224
2.448
1.524
1.624
2.448
1.224
1.224
1.224
2.448
2.648
1.424
2.748
2.548
2.448
1.324
2.548
2.548
2.548
3.772
1.224
3.772
2.548
1.624
1.224
1.224
3.872
2.448
1.224
2.548
3.972
2.548
2.448
2.448
2.648
2.448
2.448
2.448
2.648
3.772
2.548
3.972
2.448
3.772
1.224
2.448
2.648
1.224
2.548
2.448
2.448
1.624
1.224
2.448
2.548
2.648
2.548
2.448
3.872
1.424
3.672
1.524
2.448
1.424
1.224
2.448
4.372
1.324
2.448
2.448
2.448
1.324
2.648
2.448
2.548
2.448
2.548
2.448
2.548
2.548
2.448
2.548
1.224
2.448
2.448
2.448
2.648
2.848
2.548
2.548
2.548
1.224
3.972
3.872
2.548
1.324
2.448
3.672
1.424
2.748
1.324
1.224
2.548
3.672
2.548
2.548
1.424
3.772
2.848
1.324
1.224
1.324
2.448
1.224
1.224
2.848
2.448
2.648
2.548
2.548
1.224
2.448
2.548
2.448
1.224
2.648
2.548
2.648
1.224
2.448
1.224
2.448
2.448
2.448
2.448
2.448
2.448
2.548
3.672
2.448
2.548
4.172
1.224
1.224
2.848
3.672
1.424
3.672
1.524
1.224
2.548
1.224
1.324
1.224
2.448
2.448
3.548
4.172
3.772
2.448
3.772
2.448
2.548
1.224
3.772
2.548
2.848
2.448
2.848
2.648
2.648
1.224
2.448
2.948
2.448
2.648
2.448
2.448
2.648
2.448
1.324
2.448
1.224
1.324
1.324
2.748
1.224
2.448
3.672
2.648
2.448
3.672
3.672
2.548
2.548
3.772
4.572
2.848
1.524
3.672
1.224
1.324
2.848
1.324
1.224
2.448
2.648
2.548
1.324
2.648
3.672
1.324
3.672
1.224
1.424
1.224
3.672
1.224
2.448
2.448
1.324
1.324
2.548
2.848
2.648
2.648
2.448
2.548
3.872
1.224
2.548
2.548
3.772
2.448
1.324
2.448
2.448
3.048
2.548
1.224
2.848
2.648
1.224
3.672
1.224
3.672
1.224
2.448
1.324
1.424
2.448
2.548
2.548
2.448
1.224
2.548
1.224
2.448
2.848
3.972
1.224
2.448
2.448
2.548
2.448
2.448
2.448
2.448
1.324
1.524
1.224
1.224
2.448
2.448
1.424
2.548
1.224
2.548
1.524
2.448
2.448
2.548
2.448
2.448
2.448
2.448
1.424
2.448
2.448
1.224
2.548
4.072
2.448
2.548
2.448
1.324
2.548
2.848
2.448
2.548
2.648
2.448
1.224
3.772
4.072
2.548
1.224
2.448
2.448
2.548
1.224
2.448
1.424
1.524
2.448
2.448
2.448
2.748
2.448
2.948
2.548
2.648
4.072
1.224
2.548
2.448
2.548
1.424
2.448
2.448
3.672
1.324
2.748
1.324
1.224
1.324
2.548
4.172
2.448
2.648
2.448
2.648
2.748
2.448
1.224
2.548
1.424
2.748
3.672
2.548
2.748
2.448
1.224
2.448
2.448
2.548
2.548
2.648
2.448
2.748
2.748
3.972
2.748
4.372
2.448
3.772
2.448
2.448
3.672
1.224
3.772
1.224
1.224
2.648
2.548
2.448
2.448
2.548
2.548
1.224
1.324
2.448
2.448
1.424
2.448
2.548
2.448
2.448
3.348
1.424
1.224
1.224
1.424
2.948
2.548
1.224
1.524
2.748
2.448
1.224
2.548
2.648
3.872
2.548
1.424
2.748
1.224
1.524
3.872
2.848
1.324
1.224
1.324
2.848
2.548
2.548
2.548
1.324
2.548
3.872
2.548
1.224
3.148
1.224
1.224
2.448
3.672
2.448
2.548
2.948
2.648
3.772
2.448
2.124
6.572
3.672
2.448
1.324
1.624
1.824
1.524
2.448
3.772
2.448
1.224
2.448
2.648
1.424
2.648
1.324
2.548
1.224
3.772
2.648
2.848
3.772
2.548
2.448
1.224
3.772
2.448
3.672
2.448
2.648
2.448
2.448
2.548
2.548
2.448
2.748
2.648
2.648
2.648
1.424
2.448
1.524
2.548
2.448
2.448
4.072
2.448
2.448
2.548
2.448
3.672
3.672
2.648
3.872
3.672
2.648
3.872
2.848
2.448
2.448
2.648
3.672
2.448
1.224
2.448
3.872
2.548
1.224
2.448
2.448
2.548
1.424
2.448
2.648
2.548
2.548
2.548
3.872
2.648
2.548
3.348
1.224
2.948
1.224
2.548
2.548
3.772
2.448
2.448
1.224
2.448
1.324
2.648
1.324
1.224
1.224
0
1.524
1.224
2.448
1.324
1.224
0
0.6
0
2.448
1.224
0
0
0
1.224
0
0.2
1.224
0
0
0
2.448
0
1.224
0.3
0
1.224
0
1.324
1.324
1.624
1.324
1.224
1.924
1.224
1.224
1.224
1.224
1.224
0
0
0
1.224
0
0
1.224
0
0
0
1.224
0.1
0.1
1.224
0
1.224
0
0
0
0
1.224
0
1.224
0
1.224
1.224
1.224
0
1.224
1.224
0
1.424
1.224
2.448
2.448
1.224
0
1.224
0
1.224
1.224
1.224
1.224
1.224
1.224
1.224
1.224
1.224
0
1.224
0.1
1.224
0
1.224
1.224
1.224
0
2.124
1.324
1.224
1.624
0.3
1.524
