0.9
0.8
4.924
2.224
1.324
1.424
1.724
2.448
1.324
1.224
1.724
1.324
2.324
3.024
3.224
0
0
1.324
1.224
1.524
0.2
0.1
1.224
1.224
0.9
1.224
1.524
1.624
1.324
1.224
1.224
0.1
3.7
1.224
0.5
0.4
0.3
0.2
0.2
0.9
0.3
2.9
0.1
0.1
0
0
0.3
0.6
0.4
0.9
0
0.2
1
0.1
0.2
1.324
0.4
0.3
0.6
1.1
3.5
1.1
0.1
2.624
1.6
0.5
0.2
0
0.2
2.7
0.9
1.1
0.3
0.3
4.2
1.2
1.224
0.8
0
0
3.324
0
0.1
0.1
0
0
0
0
1.224
3.124
0.1
1.524
0.3
0
0
0.6
0.4
0.1
2.548
1.324
0.2
1.6
1.1
0.1
1.324
0.1
0
2.8
0.3
1.624
0.6
0
0.1
0.1
0.2
0.6
0.2
1.424
0
0
5.8
0
1.424
1.4
0.1
1.424
0.5
0.2
1.324
1.4
0.8
0
0.6
1.224
0.7
1.4
0.8
0.2
0.3
1.7
0.1
1.324
0
1.3
0
0.1
0.4
0.4
0.3
0
0
0.2
0.3
0.1
1.4
1.8
0.3
0.6
1.1
0.2
0.1
0.1
0.1
0
0.2
0.2
1.324
0
0.1
7.024
0
1.2
0
0.4
0.1
2.724
0.1
1.224
0.2
1.3
1.2
3.024
1.324
2.548
2.524
4.048
3.224
1.424
1.424
2.448
1.724
1.524
1.624
2.724
1.724
2.124
1.224
1.524
0
2.924
0.7
1.224
0
0.5
3.3
0
0.2
1
1.624
1.424
1.224
0.7
3.124
0
0
4.5
0.1
2.7
0
0
0
2.548
2.4
2.548
1.224
0.5
0
0.1
2.724
0
1.724
1.224
0.1
0.1
1.224
0.1
6.624
0.1
0
0.7
0
1.4
0.5
0
0
1.224
1.224
2.448
0.2
3
0
0.2
0.3
0
1.424
0
0.1
0.9
1.524
0.6
1.424
0
0.1
0.5
2.448
0
2
2.448
0.1
1.224
0
0.3
0.1
1.324
1.9
0
1.224
1.224
0.1
0
1.224
1.224
3.448
2.448
1.324
0.1
1.324
1.424
0.2
0.4
0
2.448
0
2.4
0
0
2.548
0.2
0.4
0
1.324
0.1
0.8
0.5
0.3
0.1
1.1
0.3
1.224
0.4
1.624
0.1
0.1
1.224
1.224
1.424
0
0.1
0
0.1
0
0.2
0.6
0.8
0.5
0
0
2.648
0.1
0
3.324
1.224
2.548
0.5
0.1
0
1.324
0
1.8
0.1
0
0.2
4.924
0.2
0.7
0.7
1.824
1.524
0.7
0.4
0.5
0.1
3
5.4
1.224
0.1
0.1
0.1
1.324
2.424
1.624
0
0
0
0
0.2
1.224
2.448
0
1.224
1.324
0.2
1.624
0
1.224
0.1
3.848
0.1
0
0.1
1.824
2.924
2.448
0
1.224
0.2
2.548
0.8
0.2
0
0
1.324
5.324
1.224
2.424
1.224
0
0.9
0
1.224
1.324
1.524
0
1.724
1.424
0
2.448
2.448
0.6
1.424
2.4
0.4
1.624
0
1.524
0.1
0.3
1.324
1.324
0.2
0
1.624
1.424
2.624
0
0.2
1.324
0.2
0.8
1.524
1.524
0.3
0.4
0.4
1.524
1.824
0
0.9
0.5
1.324
1.224
1.924
1.324
1.224
1.224
1.324
2.448
0.1
0.5
0.1
1.424
0
1.224
0.6
0
0.2
0.7
2.448
0.1
3.024
0.1
0.1
0.4
0.8
1.524
0.1
0.5
2.4
1
1.224
1.2
3.924
0
1.824
2.324
0.7
1.724
1.224
0.4
2.124
0
0.1
0
0.4
1.824
0
1.324
1.824
1.624
0
0
2.448
1.724
1.524
0.2
0
1.224
0
4.048
1.224
0
0.8
0.7
0
0.1
1.224
1.424
2.524
1.224
0
0
1.624
1.524
0
2.548
1.324
1.224
0.2
1.424
0.1
2.4
0.1
0
0
1.224
2.648
1.1
1.224
1.224
0.1
1.324
2.024
2.324
0
0.1
2.648
0.1
0.2
0
0.5
1.524
1.324
1.424
0.1
1.824
0
2.024
1.624
0.3
0.1
0
0.5
1.324
0.6
0.1
0.2
0
1.924
0
0
1.524
0.3
0.1
0
0.7
0
0.4
0.5
0.4
1.324
0
0.2
0
1.224
0.4
0.1
1.224
0
0.1
2.1
0.7
1.224
0.2
0
0.2
1.324
2.548
0
1.224
0.2
0.3
1.324
0.1
1
0
0
0.3
0.5
0.1
1.224
0
1.324
1.524
0
1.324
1.524
2.224
0.2
1.224
1.224
0
1.424
1.4
0
0.1
1.1
0
0.1
4.1
1.824
1.224
1.324
0.2
0.3
0
1.224
1.624
1.624
3.548
0
0.2
0.1
0.3
0.3
0.2
1.324
1.224
2.548
0
0
1.624
1.324
0
1.224
0.6
2.448
0
0.7
1.224
0.6
0
0
0.1
0.6
0.3
1.224
0.2
1.324
1.224
0.4
3.224
0
1.724
0.1
0.3
0
1.224
1.224
1.324
0
1.224
0.1
1.524
1.524
0.8
0
1.224
0.5
0.7
1.924
0.1
1.424
4.148
0
1.324
1.224
0.1
1.824
0.3
0.6
3.048
0.1
1.224
2.648
0
0.2
1.224
2.424
0
1.224
1.224
1.324
1.524
1.924
1.224
0.5
0.1
2.124
0.4
0
1.424
0.1
1.224
2.548
0
0
1.424
1.424
0.4
2.548
0.2
1.624
0.1
0
0
0
1.224
2.448
1.424
2.648
3.1
0
0.7
1.324
1.324
1.324
0.1
1.424
1
1.724
1.724
0.2
1
1.424
0.1
2.748
1.424
0
1.324
0
0.5
0.3
1.524
1.224
1.324
0.1
1.224
4.1
5.548
0.3
0.3
0.6
1.324
0
0
0.1
0
1.224
0.3
1.224
0.6
2.024
0
1.224
2.448
0
1.324
1.224
1.324
0
0.3
0.3
1.324
0.3
2.448
1.424
0.1
2.324
0
2.724
2.024
0.2
1.324
2.448
1.624
0
1.324
0.1
1.524
3.524
1.224
0.2
0.1
0
1.224
0
1.724
0
1.424
1.424
0
2.948
1.224
1.224
1.424
2.448
1.324
0
1.224
0.5
1.224
1.524
1.424
0
1.224
0.1
0
0
1.324
1.324
0
0
1
1.324
0.2
1.424
0.1
0
0
0
0
0.1
1.224
3.148
1.424
0
2.548
1.224
0
2.448
0.1
1.224
3.348
2.748
0
1.324
3.448
0
0
1.324
0.3
0.2
0
1.324
0.9
0.6
0
2.924
0.1
1.324
1.224
1.324
1.324
1.224
0
2.524
2.1
0.1
0.1
1.224
1.324
0
0.3
1.324
0.3
0.1
2.548
0.5
1.424
1.424
1.524
1.224
0.1
0
1.424
1.224
0
0.1
1.424
0.1
0.1
0.1
1.324
0.1
0.2
2.324
0.5
0.1
0
0.2
1.224
0
0
0.6
1.324
0.7
1.524
0
0.8
0.4
1.224
2.524
3.624
0.2
1.224
1.424
1.324
0.2
2.548
3.224
2.548
3.124
3.048
2.324
0.5
1.224
1.224
2.224
2.648
1.224
1.424
0.1
0.1
0
1.424
0.1
1.424
0
1.624
1.924
1.224
1.624
2.824
1.224
2.948
0
0
0
0.2
1.524
1.924
1.2
1.724
1.624
2.548
2.624
1.224
1.224
0
0.2
0.3
1.324
2.324
1.924
2.448
2.624
2.024
0.1
0.3
0
2.024
0
0
0
1.224
0
1.224
1.624
0.3
0
1.524
2.748
2.324
0.2
0
0.1
1.924
2.024
1.224
1.424
3.924
2.124
1.5
0.1
1.224
0
0.4
1
1.224
0.2
0
0
3.7
0
1.2
0.2
2.448
0.2
1.2
2.548
0.7
0.1
0.2
0.5
0.4
1.1
0.2
1.324
0
0.1
0.1
0.1
1.324
0
3.624
0
1.4
0.4
0
0
2.024
0
1.224
0.1
0
0.1
0
2.224
0.1
0.6
0.1
0
0.2
2.448
0
0.3
0.3
6.1
0.1
0.1
0.1
0.2
2.7
2.748
0.3
0.1
2.4
0.1
0.4
0
0
0
3.772
3.624
1.624
3.824
1.724
1.624
1.324
1.324
1.524
1.824
3.048
1.224
2.724
2.648
2.324
1.524
2.124
1.424
1.524
2.024
4.248
1.724
1.824
1.524
1.824
4.672
2.024
3.548
2.548
1.424
1.524
1.724
1.224
5.324
1.624
1.924
1.224
1.924
1.424
3.524
1.724
1.224
3.872
2.424
1.824
1.324
2.948
1.424
1.424
2.724
2.924
2.448
2.548
1.224
9.124
1.224
1.424
1.524
1.524
1.724
1.524
2.924
2.448
1.224
3.224
1.524
1.424
2.424
2.124
1.324
2.424
1.724
1.224
2.448
1.324
1.824
1.324
1.324
1.824
1.524
1.224
1.624
1.924
1.224
1.524
2.648
2.448
2.924
2.448
1.224
1.324
2.524
1.524
2.948
1.624
1.324
1.824
9.424
2.624
1.224
5.124
1.224
1.224
1.524
2.724
2.024
5.472
1.324
4.224
1.824
1.224
2.448
1.424
1.324
1.924
2.124
2.648
1.324
1.624
1.224
1.924
1.624
1.324
1.224
1.324
1.224
1.524
3.724
1.324
2.724
2.548
1.724
1.824
1.724
3.948
2.524
4.048
4.472
1.424
1.524
7.348
1.624
1.324
2.024
1.324
2.224
2.548
1.624
1.824
1.924
3.324
1.524
1.424
1.424
2.224
3.048
1.724
9.124
2.548
5.272
4.972
1.224
1.224
1.324
1.624
1.224
1.224
1.224
1.424
1.324
2.648
1.424
3.148
2.324
1.524
2.724
3.348
2.124
2.024
1.924
1.224
1.324
1.324
5.424
3.324
1.224
1.224
2.224
1.224
1.324
2.748
1.624
3.848
3.648
2.548
1.624
2.024
1.724
2.024
1.524
1.224
1.824
1.224
2.824
4.024
2.448
1.324
1.324
1.324
1.624
3.424
1.224
2.448
1.424
1.424
1.724
1.524
1.524
2.624
1.824
2.424
1.724
1.524
1.524
1.624
1.324
1.424
1.324
2.748
1.324
1.424
5.572
1.424
1.624
1.224
2.724
1.324
1.524
3.224
2.624
1.224
2.424
1.424
1.624
1.224
1.224
4.224
2.024
1.324
1.224
2.548
1.424
1.824
1.224
2.224
1.824
2.724
1.224
1.724
1.424
1.224
2.024
2.448
1.324
1.324
1.224
1.724
4.624
1.824
1.324
1.424
1.324
2.524
2.024
1.424
2.324
1.324
1.224
3.048
2.224
2.424
1.224
1.524
1.424
1.624
1.524
1.724
1.624
2.424
1.324
1.224
1.324
2.648
1.224
1.324
4.672
2.848
1.824
1.224
1.324
2.548
1.324
1.724
1.624
1.224
2.524
1.824
2.924
1.224
1.224
1.424
1.824
2.948
2.448
1.324
1.224
1.224
3.872
1.224
2.448
1.824
3.948
1.324
1.524
3.648
3.048
1.924
1.624
2.324
2.548
2.324
2.948
1.824
3.672
2.224
1.424
2.924
2.924
2.324
1.224
2.948
1.424
3.524
1.224
4.872
1.824
1.824
1.224
4.024
2.324
5.024
1.424
1.324
3.548
1.224
2.824
1.224
1.224
2.424
1.224
1.424
1.224
1.324
1.924
1.524
1.624
1.324
3.248
1.424
1.924
1.224
2.448
2.648
1.324
1.724
3.648
5.024
3.224
2.624
1.724
1.324
1.524
2.924
3.648
3.248
3.672
1.624
4.272
1.224
2.324
2.024
1.324
1.424
2.448
2.524
1.524
1.224
2.624
1.524
1.624
2.424
1.724
2.848
2.624
2.124
1.524
1.424
1.324
5.248
1.424
1.524
3.448
1.724
1.224
2.648
1.324
1.224
5.348
1.624
1.224
2.224
1.424
1.524
2.448
1.224
1.224
1.224
1.224
2.524
2.624
2.648
1.324
1.324
1.224
1.324
1.324
1.524
2.448
3.224
1.524
1.524
1.624
1.524
1.924
1.424
2.748
1.224
3.748
2.024
1.524
1.224
2.748
1.224
2.448
3.424
1.224
1.224
3.224
2.924
1.524
1.224
2.124
2.748
1.524
1.224
2.448
1.324
1.324
1.224
2.548
3.248
4.324
1.324
2.748
2.548
1.224
2.948
2.324
1.624
3.748
4.272
1.224
1.324
1.424
2.024
2.024
2.748
1.324
1.324
3.348
1.224
1.324
3.872
1.424
1.324
1.224
1.724
1.624
1.224
4.124
4.924
2.124
1.824
1.824
1.324
1.224
3.148
1.324
1.524
2.548
1.324
1.224
1.424
2.024
1.224
2.324
2.824
1.524
1.224
3.424
1.424
3.248
2.324
1.224
1.224
1.324
1.324
2.324
3.448
1.624
2.324
1.324
1.224
1.624
2.024
1.324
1.924
1.624
1.224
1.724
2.524
1.724
9.324
4.224
1.624
2.324
2.224
2.448
1.324
1.324
4.872
2.548
1.224
1.724
1.424
2.448
3.672
1.224
1.924
1.424
1.224
2.548
2.448
1.224
1.224
1.224
2.848
1.924
5.424
1.824
1.724
1.424
2.324
5.724
3.772
1.324
1.324
5.248
1.224
1.324
3.872
2.224
1.524
2.024
1.724
1.724
1.524
2.024
3.548
2.724
2.224
3.448
1.224
3.924
3.972
1.824
2.448
1.224
1.724
2.224
1.524
1.724
1.924
1.324
1.224
1.624
1.224
1.424
1.524
2.324
2.224
1.424
1.324
8.724
1.824
1.424
1.524
2.548
2.124
22.772
3.524
1.224
2.748
2.448
2.448
2.324
1.424
1.724
2.224
1.724
1.824
1.824
2.224
2.624
7.048
1.224
2.848
1.224
1.224
2.424
1.224
2.524
1.224
1.524
2.648
3.048
2.948
1.724
1.224
1.524
2.024
2.324
2.624
2.024
1.324
1.924
1.824
1.224
1.324
3.124
2.224
1.424
1.624
1.624
1.324
1.624
3.148
2.524
1.624
3.748
2.524
2.724
1.324
1.524
2.948
2.324
3.224
3.672
1.524
2.124
3.424
2.448
1.824
1.824
2.324
2.848
1.724
1.424
4.848
3.324
1.524
2.324
2.424
1.824
3.424
1.324
2.524
2.448
2.424
4.172
4.572
1.224
1.324
1.324
1.324
1.224
1.824
1.224
0.3
0.1
1.224
0.8
0.2
0.1
0.7
1.5
0
4.6
0.1
0.2
0
0
0
1.224
0
0.1
1.524
0
1.624
0
1.224
0.3
0.1
0
6.024
0.5
0
0
1.9
0.4
3.2
1.5
0
2.8
1.624
1.424
0.3
0.1
0
0.3
0.6
1.224
0
0.2
1.224
0.4
1.224
0.2
1.224
1.224
0.4
0.7
2.548
1.824
0.5
1.224
2.548
1.324
0.2
0
1.424
1.324
3.024
1.224
1.324
0.5
1.224
0
0
0
3.224
2.448
0.6
1
0
0
0
0.5
1.224
1.224
0.5
1.624
0
1.924
1.224
0.1
1.324
1.224
2.748
1.524
1.224
0
1.224
0
1.424
0.8
6.3
0.2
0.2
1.7
3.424
0.9
