1.3
2.024
2.8
1.824
0.4
2.124
3.048
2.448
1.224
2.448
3.348
1.324
1.624
3.648
3.548
1.424
0
1.224
1.224
1.424
0.1
0.4
0
1.224
1.324
1.324
1.224
0.5
1.324
0.1
1.224
0
2.5
0
0.7
0.7
0.1
0.1
0.1
1.3
0.1
2.6
0
0
0
0
0.2
0.6
0.7
0.8
0
0
1.2
0
0
0
0.1
0.2
0.2
1.2
2.4
0.7
0.1
3.824
0.6
0.2
0
0.6
0.1
2.1
1.6
0.9
0.5
0.2
3
2.524
0
1.724
0
0
0.8
0
0.1
0
0.1
0
0
0
0.2
2.624
0
0
0.2
0
0
0.5
0.7
0
1.524
1.324
0.2
1.4
1.1
0
0
0
0
2.1
0
0
0.5
0
0
0
0.2
0.9
0
0.3
0.2
0.3
4.9
0
1.624
1.6
0.1
0
0.6
0.1
0
0.7
0.7
0
0.2
0.1
0.7
1.3
0.7
0.2
0.3
1.3
1.424
1.424
0
0.6
0.1
0
0.1
0.4
0
0
0
0.2
0.3
0
1.1
0.6
0.5
0.6
0.8
0.2
0.2
0
0
0
0.2
0
0.1
0.1
0
6.124
0
1.2
0.1
0.5
0
1
0.1
0
0
1
0.5
1.4
2.548
1.424
2.024
2.324
2.524
1.524
1.424
1.224
3.948
1.324
1.424
2.024
1.424
1.824
1.324
1.324
0
0
0.3
0
0
0.4
2.7
0
0
0.8
0.4
0
0
0.5
2.424
0
0
3.8
0.2
2.924
0
0
0
0.1
1.8
0
0.1
0.6
0
0
0.6
0
1.624
1.224
0
0
0
0
4
0.1
0
0.3
0
1.1
0.6
0.1
0
0
1.224
0
0
4.324
0
0.1
0.1
0
0
0
0
0.3
1.224
0.3
0
0
1.224
0.1
0.1
0
1.524
0
0
0
0
0.2
0.1
0
1
0
0
0.1
0.5
0
0
0
0.6
1.224
0.4
0.2
0.1
0
0.1
0
0.1
0
0
0.7
1.224
0
0
0.1
0.1
0
1.524
0
0.1
2.324
1.524
0
0.3
0.8
1.324
0.2
0.3
0
0.1
1.224
1.224
0
0
0.1
1.224
0.1
0
1.924
0.4
0.7
0.5
0.1
0
0
1.224
0
3.024
1.324
0
2.224
1.724
0
0.1
1.224
1.8
1.224
0
0
2.8
0
0.2
0.8
0
0.3
0.9
0.1
0
0.3
1.5
3.8
1.424
0.2
0
0.2
1.224
1.424
1.924
1.224
0
0
0
1.424
0.1
0
1.424
0
0
0
0.1
1.424
1.224
0
1.1
1.324
1.324
1.424
1.424
2.424
0
0
1.224
0.8
0
0.5
0.2
0.1
1.224
1.524
4.024
0
1.724
1.324
0
0.4
0
1.324
0
0.1
0
0.4
0
0
0.1
0
0.9
0
3.824
0.5
0.3
0
1.324
0.3
0.7
1.224
0.1
0
0
1.524
0.7
3.824
0.3
0.3
1.224
0.2
0.5
0.5
1.224
0.1
0.4
0.6
0.7
1.524
0.1
1.5
0.3
1.324
1.224
1.524
1.324
0.2
1.324
0.1
0
0
0.5
0.1
1.524
0.1
1.224
0.5
0
0
1.724
0
0.2
3.024
0.3
0
0
0.8
1.524
0.1
0.4
1.8
1
1.224
1.5
1.9
0
0.1
2.824
0.4
2.324
0
0.3
0.4
0.1
1.224
0
0.4
1.524
0
0.1
1.524
1.524
0.1
0
0
0.1
0.3
0.2
0
1.224
0
1.1
0.2
1.324
0.4
0.5
0
1.424
0
0
1.7
1.324
0
0
0.8
0.2
0.1
0
0.1
1.624
0.1
1.324
0
2.1
0.1
0
0.1
1.224
0.4
1.2
0
0
0
0.1
0.3
0.8
0
0
0.2
0
0.4
0
0.5
2.024
0
1.824
0.3
1.424
0.4
0.9
1.724
0
0.1
0
1.324
0
0.4
0
0.1
0
0.5
0
0
2.024
0.2
0
0
0
0.1
0.8
0.3
0
1.424
1.224
1.324
0
1.624
0.1
0
0
0
0.1
1.3
0.3
0
0
1.224
0
0
0
0.2
1.424
0.1
1.524
1.324
0.1
0.8
0
0
0
0.1
0
0
0.1
1.324
1.224
1.224
0
1.724
1.524
0.3
1.324
1.224
0
0
2.1
1.224
1.724
1.8
0
0
2.5
1.924
0
1.324
0.3
0.1
0.1
1.224
1.624
0.2
0.7
0
1.424
0
0.1
0.2
0.1
0.3
0
0.1
0
0
1.624
0.2
1.324
0
0.5
0
0.1
0.6
1.324
1.524
0
0
0.2
0.1
0.2
0
1.824
0
1.224
1.624
1.2
0.2
1
0.2
0.2
0
0
0.1
0.1
0
0
0.4
0
0.1
1.724
0
1.224
2.024
2.224
0.7
0
1.324
0.8
0
0
1.224
0
1.424
0
2.024
0.4
0
0
0
0
0.4
1.224
0.3
0
0
0
0.3
1.224
0.2
0
0.3
0.1
0.6
0.3
0
1.624
0
0.1
1.324
0
0.1
1.324
0.7
1.424
1.224
1.324
0.2
0.1
0
0
0.1
0
0.1
1.224
0
3.424
0
0.4
0
1.324
0.1
0
0
0.9
1.624
0.2
0.3
0.5
0.5
0
0.5
1.324
0
0.2
0
0.1
0.4
0.1
0
0.2
0
0
4.324
2.3
1.724
0.4
2.924
0.1
0
0
0
0
1.424
0.1
0
0.6
0.1
0
1.224
0
0
0
1.424
0
0
1.324
1.224
0
0.2
0
0
0
1.724
0.1
2.424
1.1
0.4
0.5
1.224
0.3
0
0
0
0.8
1
1.424
0
1.324
0.1
0
0
0.4
0
1.624
0.1
0
0.5
0
1.224
0.1
1.224
0
0
0.1
0.3
1.224
0
1.524
0.1
0
1.424
0
0
0.1
1.524
0
0.2
0.1
0
1.424
0
1.324
0.1
1.524
0
0.1
0
1.224
0.5
0.1
0
0
0
0
1.224
0.2
0
0.7
0
0
0
1.4
0
0.1
0
0.3
0.2
0.4
1.324
0.2
0.7
0
1.2
0
0.1
0
1.324
0
0
0.1
1.4
2.3
0
0.1
0
1.224
0.2
0
0.1
0.3
0
0.1
0.2
1.224
0
0.5
1.224
0.3
0
1.424
0.1
1.224
0.1
0.1
0.1
0.1
0.1
0
0
0.2
2.624
0.3
0.2
0
1.924
0
0
0
0.7
1.224
0.8
0.4
0.1
1.724
0.2
1.224
1.624
2.624
0.3
0
1.424
0
0.4
0
1.3
0
2.424
0.4
0.6
0.1
1.524
0
2.124
0.1
1.324
1.324
0
0
0
0.1
0.1
0
0
0.1
0.6
0
0.2
0.9
0
0.5
0
0.1
0
1.324
1.224
0.4
0.6
1.524
1.524
0
2.924
1.424
0
0
0.1
0.1
1.224
1.424
1.624
1.224
2.124
1.324
0.2
0
0.1
0.3
0.1
0.1
0
0.2
0
0.2
0.5
0.3
0
0
0.1
0.4
0.4
0
0
0.7
0.3
0
0.3
1.8
0.6
1.3
1.424
1.324
0
0.2
0.6
0.2
0
0
0
4.324
0.1
1.1
0.2
0.1
0.1
0.4
0
0.9
0
0.1
0.3
0.1
0.4
0.3
0
0
0
0
0.3
1.324
0
2.624
0
0.9
0.2
0
0
0.4
0
2.448
1.224
0
0.1
1.424
2.324
0.1
0
0.2
1.224
1.624
0
0
0
0.1
4.6
0.3
0.3
0.2
0.2
2.924
0.4
1.624
0
1.4
0.4
0.2
1.224
0
0.2
1.224
3.224
1.524
3.224
1.324
1.324
2.548
1.224
1.824
1.724
1.324
1.224
2.224
1.324
1.824
3.148
1.924
2.548
1.324
2.324
2.324
1.424
1.624
2.848
1.524
1.624
1.624
1.924
2.648
1.224
1.324
2.948
1.224
3.724
3.648
1.524
1.224
1.724
2.448
2.824
2.124
1.224
1.224
1.824
1.624
1.324
1.224
1.324
1.524
2.424
1.824
1.224
1.324
2.448
3.224
1.424
1.324
1.224
1.424
1.724
1.324
2.524
1.324
1.324
1.724
1.224
1.424
1.524
1.724
1.224
1.724
1.624
1.424
1.224
1.524
4.148
3.048
1.324
1.824
1.724
1.224
1.324
1.424
1.224
1.324
1.324
1.224
1.824
1.224
1.224
1.324
1.724
1.524
2.448
1.824
1.424
1.824
2.924
1.724
1.224
3.724
1.224
1.424
1.724
2.824
2.024
2.124
1.624
6.748
1.424
2.548
2.548
3.048
1.224
1.924
4.048
1.424
1.224
2.948
2.448
1.824
1.924
1.324
1.424
1.224
1.224
1.624
5.448
1.224
2.824
2.448
1.524
1.324
1.524
2.224
2.024
2.424
1.824
1.524
1.324
4.524
1.324
1.324
1.524
1.224
1.524
1.324
1.524
1.424
1.624
2.824
1.524
1.324
1.424
2.324
1.224
1.424
3.024
1.224
2.024
1.324
1.324
1.224
1.724
1.924
1.224
1.224
1.224
1.324
2.948
1.224
1.224
1.224
1.524
1.724
2.224
1.624
2.024
2.024
4.148
2.548
3.048
1.424
4.424
6.248
2.448
1.324
2.924
2.548
1.724
1.424
1.924
2.224
2.124
1.224
1.424
1.524
1.824
1.824
1.724
1.224
1.524
1.324
3.324
2.624
1.224
1.524
1.224
1.324
1.424
2.424
1.324
1.224
1.524
1.524
1.824
1.224
1.424
2.424
2.224
2.124
1.624
1.524
1.824
1.524
1.224
2.648
2.548
1.224
1.224
1.624
2.224
1.324
1.624
1.224
2.024
1.224
1.324
7.748
7.048
2.648
2.324
1.424
3.024
1.224
1.224
4.024
3.148
2.448
1.324
1.224
1.224
1.324
1.324
2.224
1.524
1.624
1.224
1.824
1.424
1.224
1.624
2.548
1.424
1.324
1.224
1.324
3.124
1.724
1.624
1.324
1.324
2.824
1.624
1.224
2.224
1.224
1.324
1.424
1.724
1.724
2.448
1.324
1.224
1.424
2.648
3.548
2.024
1.824
1.424
2.748
3.448
1.324
1.224
1.224
1.924
1.624
2.024
1.324
1.324
1.224
1.324
1.324
1.424
1.324
2.524
1.424
2.424
1.324
1.224
1.224
1.424
2.124
2.448
1.224
1.224
1.324
1.224
1.224
1.224
1.624
2.524
3.048
2.024
1.724
1.224
1.424
1.424
1.524
1.224
2.224
1.324
1.424
1.224
1.624
2.848
2.324
2.324
1.724
1.224
1.524
1.824
2.524
1.424
2.024
3.648
1.524
1.224
2.924
2.124
3.624
2.548
1.324
2.424
1.224
4.648
1.324
1.224
1.424
1.324
1.424
1.224
1.324
1.524
3.248
1.724
1.224
1.424
1.524
1.924
1.224
1.224
1.224
1.424
2.948
1.624
8.748
2.124
1.424
4.948
1.224
1.424
1.724
2.424
1.824
1.424
1.724
1.924
2.448
2.024
1.924
3.048
1.324
1.224
2.724
1.224
1.224
4.324
1.424
1.524
6.124
1.524
1.224
2.024
1.924
1.524
1.324
1.224
2.124
1.224
1.224
1.824
1.724
1.224
1.624
1.324
1.224
1.924
1.624
1.524
1.524
1.324
1.524
1.224
1.624
1.224
1.224
1.324
3.124
2.424
1.324
1.424
3.248
1.224
1.224
1.224
1.524
1.224
2.524
1.724
1.224
1.524
1.424
1.424
1.424
1.224
1.324
1.724
1.424
1.424
2.648
1.224
2.648
1.224
2.924
1.224
1.224
1.824
6.548
1.224
1.224
1.724
1.524
1.224
1.224
1.424
1.724
2.948
2.448
1.224
1.724
9.048
1.324
1.324
1.224
1.224
1.324
1.624
1.324
1.724
1.824
1.224
1.224
2.548
2.124
1.724
2.548
1.324
1.324
1.924
1.324
1.324
1.524
1.224
1.324
1.224
1.224
1.724
1.224
2.524
4.124
2.948
1.524
3.048
1.324
1.224
1.824
2.848
1.224
1.324
1.224
2.548
1.324
4.048
1.224
1.624
2.224
2.648
1.224
2.424
1.824
1.924
2.224
1.424
2.448
1.324
1.424
1.524
1.424
1.824
1.724
1.324
1.224
1.324
1.624
1.424
1.724
1.824
2.448
1.924
2.824
1.624
3.224
3.324
1.424
1.724
1.724
1.224
1.224
1.324
1.524
2.448
2.448
1.624
1.224
1.224
1.224
1.224
1.524
1.324
2.448
1.224
1.324
1.324
1.224
1.424
1.424
1.724
4.424
1.824
1.624
2.648
2.024
3.024
1.424
1.324
1.324
2.724
1.324
1.224
1.324
2.224
2.124
1.724
1.624
1.824
1.424
2.848
2.224
2.224
5.248
4.148
1.724
2.924
1.224
1.424
1.324
2.548
1.424
4.848
1.524
1.524
3.348
2.648
2.448
1.424
1.224
1.524
1.524
1.924
1.824
1.224
1.524
12.548
1.524
1.324
1.424
2.748
2.424
3.524
17.648
1.224
2.124
1.324
1.224
5.648
1.324
1.724
2.324
1.324
1.924
1.724
1.324
2.324
4.624
1.324
1.424
1.224
1.324
2.224
1.324
2.424
1.224
1.524
1.324
1.924
1.224
1.724
1.224
1.424
2.324
4.448
2.024
1.624
1.224
1.924
1.424
1.224
1.324
2.224
1.924
1.324
1.324
1.324
1.324
1.324
1.424
2.624
1.324
1.424
1.824
2.824
1.224
1.224
1.424
1.824
2.724
1.224
1.424
1.524
5.248
1.224
1.624
1.324
1.924
1.324
1.524
1.324
2.924
2.424
1.624
1.824
1.624
1.724
2.724
1.324
2.524
1.224
1.924
1.424
1.924
1.224
1.224
1.324
1.324
2.448
2.024
2.448
0.3
0.1
2.124
3.624
0.1
0
1.624
1
0
3
1.624
0
0
0
0
1.224
0
0.5
2.324
0.1
1.524
0
1.424
0.2
1.524
0
4.924
0.1
0
0
4.124
1
2.1
1
0
2.1
0.7
1.224
0
0.1
0
1.324
1.624
0
0.4
0.2
1.224
0.3
1.224
0.1
0
0
0.1
1.824
0
1.624
0.1
0.1
0
1.324
0.1
0
0.1
0
2.224
0
0
0.1
0
1.324
0
0
2.224
0
0.4
0.3
0
0
0
0.3
0.1
0.1
0.2
0.2
0.3
1.5
0.2
0
0
1.224
0.2
0.2
1.224
1.224
0
0
1.324
0.1
4.5
0.1
0.2
1.7
2.224
1
