2.324
0.1
2.624
0.2
1.324
3.26
1.424
1.224
2.748
1.224
2.548
2.448
1.324
1.424
1.824
0
0
0
0
0.2
3.16
3.26
0
0
1.424
0
0
0.2
1.324
0
0
1.224
2.524
2.448
0.1
1.924
1.324
1.224
0.1
1.624
1.224
4.16
0
0
0.1
1.224
0.1
1
1.624
2.748
1.224
0.1
3.348
0
0
0.1
1.324
0
1.224
1.624
1.1
0.2
0.2
0.2
1.936
1.524
0
0.1
1.524
0.9
1.624
3.048
1.824
3.16
4.46
1.624
1.224
0.1
0.1
1.224
1.624
0.1
1.224
0.1
0
0
0
0
0
0.5
1.224
0.2
0.2
0
0
2.648
2.748
1.224
1.324
0.1
0.1
0.4
0.3
1.224
0
1.224
1.224
0.8
0
2.448
1.924
0
1.224
1.224
0
1.836
1.224
0.2
1.224
1.224
1.2
0.1
0.2
1.324
0
2.448
1.524
1.224
1.224
1.724
1.624
0.2
0.3
1.424
3.26
0.2
1.424
1.324
1.624
0.9
1.224
0.3
0
1.624
0
0.1
1.424
0.1
1.424
0
1.224
1.324
1.224
1.224
1.924
1.624
0.1
0.1
1.524
0
1.724
0.1
1.224
0
0.1
0.1
0
1.224
0
2.3
1.224
2.224
1.324
1.424
1.324
1.624
0
1.224
3.06
1.924
1.824
4.548
1.324
2.448
1.724
3.148
2.948
2.548
1.224
2.548
1.624
3.672
2.548
3.148
2.548
3.048
2.548
2.648
1.224
0.1
3.46
0
0
0.1
2.124
0
1.324
2.948
1.424
1.224
1.224
1.524
0.1
0
3.06
1.4
1.224
2.436
0
1.836
0
2.548
2.124
2.548
1.224
1.324
1.224
1.224
2.024
2.448
1.324
1.224
1.324
1.836
1.324
0
3.024
3.16
1.836
1.424
1.836
1.624
3.46
0.1
0
0
1.224
1.224
1.324
0.7
0.1
0.1
0
0
0
1.224
1.836
0
1.324
1.524
1.324
1.224
1.224
0.4
2.448
1.224
0
2.448
1.224
1.224
1.224
1.324
1.224
1.324
0.2
0
1.224
1.324
2.448
1.224
0
1.224
3.148
2.448
1.324
1.224
2.448
2.548
1.424
3.06
3.16
2.448
0
0.3
0
0
1.224
0
0
1.324
0
1.324
0.2
0.1
0
0
0.1
1.524
0
1.224
0.1
0
1.224
0
0
1.324
1.224
1.224
0
1.424
1.224
0
1.424
0.3
0
1.224
0
1.224
0
0
0.7
0
1.224
3.26
3.16
0
1.224
0
2.424
1.224
0
2.448
2.124
0.1
1.424
1.424
3.672
1.424
0.1
1.324
2.548
1.324
1.2
2
0.1
1.836
1.224
0.2
0.1
3.972
3.872
0
2.448
2.448
1.224
0.1
0
3.772
1.836
1.224
1.224
1.224
0.1
1.224
0
0
1.524
0.1
0
0
1.324
1.424
1.224
0
0
0.3
2.548
2.748
1.624
0
0.1
2.548
1.2
0
0.1
2.448
1.836
1.424
1.224
0
1.224
3.06
1.224
2.748
2.548
4.284
2.448
2.448
1.824
1.224
1.3
1.624
1.424
1.836
0.4
0.2
1.424
0
0.1
0
3.06
3.16
2.748
0.7
1.224
1.224
1.836
2.448
1.624
1.424
0.1
1.324
1.224
0.3
1.524
0.1
1.224
1.524
1.224
1.224
1.224
2.136
0
1.224
0.3
3.06
1.224
1.224
1.324
3.16
0.2
1.836
0
1.324
0
1.224
1.936
1.224
0
1.824
1.324
1.324
1.224
0.5
1.324
0
0.2
2.424
2.436
0
1.624
2.848
0
1.224
1.524
1.524
0.1
1.836
0.2
0.3
1.224
0
1.224
0.1
0
0
1.224
1.424
0.3
1.224
1.224
1.224
3.26
1.324
0.1
1.836
0
1.424
3.848
1.224
1.836
1.624
0.2
1.324
0.1
2.448
3.06
0.4
0
0
1.224
1.824
1.224
3.06
2.448
1.224
1.836
2.548
1.324
0
1.3
1.424
1.224
1.224
0
2.448
1.524
2.548
1.836
1.224
1.324
1.724
1.924
2.448
0
2.448
1.324
1.324
1.324
1.524
0.4
2.448
0.2
1.324
0
1.424
2.124
3.36
1.224
1.224
1.224
0
1.424
1.324
1.224
1.836
1.224
1.424
1.224
0
0.1
1.224
0
0
0.2
4.384
3.26
1.524
4.284
2.448
1.224
0.3
1.224
0
1.224
1.836
0
1.224
1.224
1.524
1.524
0
1.224
0
0
4.384
2.448
1.324
0.1
1.324
1.324
1.224
1.836
0.3
0.2
1.224
1.224
1.224
1.936
1.224
1.224
0
0
0
1.224
0
2.436
1.324
0
0
1.224
0.1
1.624
1.936
0
0.8
0
0
2.324
1.324
2.448
0
0
0.2
1.324
0
0.1
1.324
4.472
0
0
1.324
1.224
3.16
1.224
0
3.06
1.224
0
1.224
0.1
1.224
3.06
1.224
2.024
2.448
1.224
0.5
0
1.424
0
1.224
1.324
0.3
1.524
1.224
3.06
1.324
0
0
1.724
0
3.048
3.06
1.836
1.224
1.324
0.1
2.548
1.224
1.224
1.324
1.224
1.324
1.524
0
1.224
1.224
2.548
1.324
1.224
1.224
3.36
1.224
1.224
0.1
1.324
1.324
1.224
0.1
2.548
1.936
0.1
1.324
1.224
0.2
0
1.224
1.224
1.224
1.224
3.772
0
0.1
1.224
1.936
0
2.548
3.16
1.224
1.324
1.224
1.224
1.224
0
1.224
0
1.224
1.224
1.224
0
1.324
1.424
0
1.224
1.324
3.16
1.224
1.224
1.224
2.236
1.324
0.1
1.324
0
3.06
1.224
3.06
1.824
0.1
2.548
0
1.424
0.3
1.324
2.648
1.224
1.224
3.672
0
1.224
1.224
0.5
2.448
1.224
1.224
1.224
0.8
5.772
0.2
0
0.2
1.224
1.224
1.224
1.224
3.06
0
3.16
1.836
1.524
2.448
1.224
0
1.224
1.224
1.224
1.224
1.224
0
2.548
2.448
1.224
1.524
1.224
3.06
1.224
0.1
1.224
0.3
0
3.16
1.224
1.224
0.1
0.1
2.448
1.836
0.2
0.5
3.06
1.224
3.06
1.324
2.448
1.836
0.1
1.224
1.224
1.224
1.224
2.748
1.224
1.224
1.324
1.324
0
1.224
1.224
1.224
0.1
3.16
1.224
1.836
3.06
0
0
1.224
2.448
2.748
0
0
1.524
3.06
1.224
3.06
0
1.324
0
1.224
0.1
0
0
2.848
1.224
1.224
2.448
0
3.06
1.224
1.324
0
2.548
2.448
0
2.448
3.248
0.1
0
2.448
1.224
4.284
1.224
0
1.524
1.824
1.224
1.824
0
2.448
1.324
1.324
1.224
3.06
1.324
1.924
1.724
1.324
0
3.16
0
1.324
1.224
1.836
1.324
2.448
1.324
1.424
0
3.772
1.424
1.224
0.1
0.1
0
0
0
0
2.448
1.224
1.324
0.1
0.1
0
0
0.2
1.324
1.424
1.224
0.2
0
2.448
0
3.248
1.224
1.624
3.06
3.06
1.836
3.06
0
1.524
1.324
1.424
1.224
0.1
1.224
4.384
2.448
3.348
1.324
1.724
2.648
2.648
0
1.524
1.224
0.6
2.448
1.324
1.224
3.06
3.06
3.06
1.624
1.324
1.324
1.224
1.524
1.324
1.224
1.424
0.3
0
2.848
0
0.2
1.224
1.224
0.1
0.2
3.26
1.224
3.26
2.448
0.3
0
0
3.06
1.224
3.06
1.836
2.036
2.036
2.448
4.872
4.584
3.06
3.16
3.06
0.1
3.06
1.224
0
1.324
0
1.224
1.324
1.324
1.224
1.324
2.448
1.224
1.524
1.224
1.224
1.324
0.5
0
1.324
2.524
1.324
2.036
2.448
0
1.224
0
1.424
1.524
0
3.06
0
0.9
1.836
0.7
0.2
3.672
1.224
1.524
2.448
0.1
0
1.936
1.824
1.224
0.6
1.324
1.224
1.224
1.324
1.224
1.224
0.1
1.224
0.6
1.424
1.824
2.748
1.224
0
2.948
0
1.224
0
1.224
1.224
1.424
0.6
0
0
1.224
1.224
0.3
1.224
1.224
1.224
1.324
4.424
0
1.224
1.224
1.324
0.5
1.224
0.2
0
3.948
2.548
0
0.1
3.06
1.224
3.672
4.472
4.372
3.648
1.424
2.648
4.484
1.224
2.548
1.324
1.224
2.648
2.848
3.672
2.648
1.324
4.172
3.672
2.548
1.724
3.348
2.448
2.648
1.324
1.224
3.972
4.172
5.596
1.224
2.448
3.772
2.948
4.384
4.148
2.748
2.748
1.224
2.548
1.524
3.448
1.424
2.448
3.672
2.548
3.26
1.224
2.548
1.324
1.424
1.524
4.772
4.996
3.772
1.224
3.148
2.548
3.672
2.548
1.324
1.424
2.748
3.148
5.608
2.448
2.848
2.848
2.548
2.748
1.224
2.448
4.272
2.748
2.448
1.224
2.648
2.948
2.548
2.448
4.484
1.224
1.224
1.424
2.448
2.448
2.448
1.424
3.672
2.648
2.448
3.672
1.224
2.948
2.948
1.524
2.748
3.672
2.748
3.048
2.748
2.448
2.824
2.448
2.448
2.448
4.572
2.848
3.148
2.748
2.024
2.548
1.224
1.224
1.224
1.324
2.548
2.548
3.772
2.448
3.672
2.448
3.048
2.648
1.224
3.772
2.448
2.448
2.948
1.824
2.448
3.148
2.548
2.648
1.324
2.024
6.196
3.148
4.772
5.196
2.948
3.772
3.548
2.448
2.448
2.848
1.424
2.748
3.772
1.224
1.424
2.848
3.248
2.648
2.448
2.448
3.872
3.872
2.648
3.148
2.448
4.672
2.948
2.448
2.448
1.424
5.608
2.448
2.548
2.448
4.384
1.424
3.772
2.448
3.772
3.148
2.648
2.848
4.996
2.448
4.072
1.824
1.224
1.224
2.448
2.224
2.024
2.548
1.224
3.46
1.224
2.548
4.072
1.524
4.072
3.248
3.672
1.424
2.448
2.648
3.048
3.872
1.324
4.272
2.448
3.46
1.624
1.224
3.872
2.448
1.324
2.548
5.672
2.448
2.448
2.648
2.748
2.448
2.548
2.548
4.048
3.972
3.348
3.872
4.284
4.072
1.424
2.448
4.584
1.224
3.872
2.448
2.548
3.048
1.224
2.748
2.448
3.448
2.448
2.548
4.572
2.024
3.672
1.824
3.048
3.56
1.224
2.448
5.572
1.224
2.448
2.448
2.448
1.524
2.548
2.448
2.948
2.548
2.748
2.448
2.648
2.548
2.448
2.848
1.224
2.548
2.548
2.548
3.148
3.148
2.748
2.548
2.548
1.224
4.972
4.472
2.448
1.824
2.448
5.508
1.324
2.748
1.724
1.224
2.548
5.608
2.448
2.448
1.324
3.872
2.848
1.424
1.324
1.224
2.448
1.224
1.224
4.172
3.772
2.848
2.548
2.548
1.224
2.548
2.548
2.648
3.36
2.748
2.548
3.148
1.324
2.448
1.224
2.448
2.548
2.448
2.548
2.448
2.448
3.672
3.672
3.772
2.848
5.072
1.224
1.224
4.172
5.096
1.324
3.972
1.424
1.324
2.748
2.448
3.06
2.448
2.748
2.848
5.084
4.572
4.572
2.448
5.196
2.448
3.548
1.224
6.196
4.484
2.948
2.448
3.848
3.148
3.548
1.324
2.548
2.748
2.448
2.948
2.548
2.448
2.948
2.548
1.324
2.748
3.06
1.524
1.524
2.748
1.224
3.772
3.672
2.548
2.448
4.996
4.996
2.448
4.584
5.896
5.272
3.848
1.824
4.172
1.224
1.324
3.148
2.948
2.548
3.972
2.548
3.872
1.324
4.484
3.872
1.324
3.872
1.324
1.324
1.324
3.772
3.26
2.748
2.648
1.924
1.724
3.772
2.948
3.148
2.648
2.648
2.448
5.496
1.224
2.548
2.648
4.172
2.648
1.324
2.548
2.448
3.972
4.384
3.06
2.648
2.548
1.524
4.896
1.424
3.672
1.224
2.548
1.724
2.324
3.772
2.448
2.548
2.448
1.224
2.448
1.324
3.672
3.448
4.172
1.524
2.448
2.548
2.548
2.548
3.672
2.448
4.272
1.324
1.324
1.224
2.448
2.548
3.672
2.524
2.448
1.224
2.948
2.024
2.448
2.448
2.548
3.672
2.448
2.448
2.448
1.224
2.648
2.448
2.448
3.972
6.508
2.448
3.872
3.672
1.224
2.648
2.548
2.548
3.772
4.072
2.448
1.224
3.672
4.072
2.648
1.324
2.448
2.448
3.048
1.224
2.448
2.648
1.324
2.648
2.448
2.548
3.048
2.448
3.548
3.948
2.848
4.772
1.224
4.384
2.548
3.772
1.324
4.384
3.672
3.772
1.424
2.448
1.524
1.224
1.924
2.748
5.708
2.448
3.448
3.048
2.748
2.648
2.448
1.224
2.548
1.324
2.648
4.672
2.948
2.948
2.448
1.224
2.448
2.948
2.548
2.648
2.548
2.448
2.748
3.248
3.972
3.048
4.772
2.548
4.072
3.048
2.448
3.772
1.324
5.496
1.324
1.324
2.548
2.448
2.648
3.672
2.448
2.448
1.324
1.424
3.772
3.672
1.224
2.448
2.448
2.448
2.848
4.148
1.224
1.524
1.324
1.724
3.448
3.672
1.224
1.424
3.248
2.748
1.324
3.772
3.048
5.608
3.048
3.36
2.948
1.324
1.624
4.372
3.348
1.524
1.524
1.424
3.548
3.772
2.448
3.872
1.324
2.748
5.708
2.748
1.324
4.784
1.224
1.224
2.648
3.772
2.548
2.648
2.848
2.848
3.672
4.284
3.224
3.772
3.772
2.548
1.424
1.924
2.748
2.124
2.448
14.132
3.772
2.448
2.648
2.648
1.524
3.148
1.724
2.848
3.36
3.772
2.948
3.548
3.672
3.772
2.548
3.06
4.072
2.548
4.772
2.448
2.648
3.772
2.748
3.772
2.848
2.448
2.448
2.748
3.048
2.648
1.424
2.648
1.224
2.548
4.284
2.748
4.772
3.148
2.548
2.548
2.548
3.672
3.872
3.772
5.472
3.772
3.872
5.908
3.348
4.284
2.448
3.672
4.072
3.648
2.548
2.648
4.172
3.548
1.224
2.648
2.448
2.548
2.748
2.448
2.648
4.772
3.548
2.648
4.272
2.948
2.748
3.548
1.424
2.948
2.448
4.684
3.872
5.896
2.448
2.548
1.224
4.284
1.224
2.948
3.06
1.324
1.324
0.2
2.024
1.324
2.448
1.424
1.824
0
1.3
0.2
2.548
1.224
0
0
0
1.224
1.836
0.5
1.224
0.1
0
0.1
2.548
1.836
1.224
3.736
0
1.224
1.836
1.724
1.524
2.124
1.924
1.224
2.424
1.424
3.16
1.224
1.224
1.224
0
0.1
0
3.06
1.836
0
1.424
0
1.936
1.836
1.324
0.3
0.1
2.448
0.1
1.224
0.1
1.224
0.1
0
1.224
0
2.448
0.3
1.224
1.224
1.224
0
1.324
1.224
0
1.624
2.448
2.648
2.948
1.324
0
1.224
0.2
1.224
1.224
1.224
1.424
1.324
1.324
1.224
1.324
1.224
0.1
2.648
1.424
1.224
1.836
2.448
1.224
1.324
0.2
2.724
1.324
1.424
1.724
0.5
1.224
