0.2
1.824
2.224
1.524
1.424
1.724
2.848
2.448
1.224
2.448
3.348
2.548
1.224
3.448
3.448
1.224
0
1.224
1.224
1.424
1.224
1.224
0.1
1.224
1.324
1.224
1.224
0.1
2.548
0
1.224
1.224
1.2
0
0.3
0.2
0
0.1
0
0.7
0
1.924
0
0
0
1.324
0
0.3
0.8
1.424
1.224
0.1
1.424
0
0.3
0
0
0
0.1
1.924
1
0.5
0
2.324
0.5
0.1
0
0.3
1.224
0.7
0.3
1.424
0.3
0.1
2.324
2.124
0
1.724
0
0
1.324
0
1.224
0
0
0
0.1
0
0
1.924
0.1
0
0.1
0
0
1.624
1.324
0
1.324
1.224
0.1
0.5
0.4
0.1
0.1
0
0
1.5
0
0.2
0.2
0
0
1.224
0.2
0.5
0.1
0.3
0
0
2
0
1.424
0.7
0.1
0
0.2
1.224
0
1.424
0.2
0.1
0
0.1
1.624
0.9
1.324
1.224
1.424
0.3
1.224
1.324
0
1.624
0
0
1.324
0
0
0.1
1.224
0
0.1
0
0.9
0.4
0.1
0.3
0.6
0.2
0
0
0
0
0.3
0
0
0
0
3.224
0
0.5
1.224
0.2
1.224
1.924
0
0
1.224
0.7
0.2
1.624
2.448
2.548
1.324
2.848
2.648
2.548
1.424
2.648
3.648
2.548
1.324
2.948
2.548
2.848
2.448
1.424
0
0.2
0.2
0
0
0.1
1.4
0
0
1.724
1.424
0
1.224
0.1
2.224
0
0
2
0.2
3.124
0
0
0
1.224
2.124
1.224
1.324
1.524
1.224
1.224
1.224
1.224
2.548
2.448
1.324
0
1.224
0
3.524
1.424
0
1.524
0
1.524
1.524
0
0
0
1.224
0
1.224
2.824
0
0.1
0.1
0
0
1.224
0
0.3
2.548
1.324
1.224
0
1.224
0.3
1.224
0
1.924
1.224
0
1.224
0
0
0
1.224
1.1
0
1.224
0
1.724
0
0
0
1.724
2.448
1.324
0
1.324
1.324
1.324
1.224
1.224
1.224
0
0.8
1.224
0
0
0
0.2
0
1.324
0
0
1.324
1.324
0
0.2
0.2
1.224
0.1
0.2
0
1.324
1.224
1.224
1.224
0
1.324
1.224
1.224
0.1
1.224
0.3
0.2
0.1
0.1
0
0
1.224
0
2.324
1.324
0
3.048
2.648
0
0
1.324
1.3
1.224
0
1.224
1.5
0
0.3
1.824
1.224
1.224
0.6
0.1
1.224
0.1
1
2.4
1.224
0.1
0
0.2
1.224
2.548
2.548
1.224
1.324
1.224
1.224
1.324
0
1.224
1.424
1.424
1.224
1.224
0.2
2.448
1.224
0
0.4
1.224
1.224
1.324
2.648
3.048
0
0
1.224
0.3
1.324
1.424
0
0.1
1.224
2.448
2.324
0.1
1.424
2.448
0
0.2
0
1.224
1.224
1.224
0
1.324
1.324
1.224
1.224
1.224
1.224
1.224
2.324
1.724
0.3
0
1.324
0
0.4
1.224
0
0.1
1.224
2.448
1.524
2.824
0.1
1.424
1.224
1.224
1.824
2.024
1.324
0.2
1.424
0.2
1.524
1.524
0.1
0.8
1.324
1.324
2.448
1.224
1.324
0.1
1.424
1.324
0
1.224
1.524
1.324
1.324
0.1
1.224
1.424
0
0.2
1.324
0
0.1
3.248
1.524
1.224
1.324
0.5
2.648
0
0
2.124
0.2
1.224
2.124
1.1
0
0.2
2.648
1.224
1.724
0
0.1
0.2
1.324
1.224
0
0.3
1.224
0
1.224
1.624
1.424
1.224
0
0
1.224
1.224
0.2
0
1.224
1.224
1.824
1.224
1.324
1.224
0.1
0
1.224
1.224
1.224
0.3
1.224
0
0
1.424
1.524
1.324
1.224
1.224
1.424
1.224
2.548
0
1.2
1.224
0
1.224
1.224
1.424
1.924
1.224
0
0
1.224
1.424
1.724
1.224
0
1.224
0
0.4
1.224
0
1.724
1.224
1.224
0.1
1.424
1.324
1.524
2.648
1.224
0
0
1.224
1.224
1.324
0
0.1
1.224
1.324
1.224
0
1.624
0
0
0
0.1
1.224
0.2
1.424
1.224
2.648
2.448
1.524
1.224
1.324
1.224
0
0
1.224
1.224
0.8
1.324
0
1.224
1.224
0
1.224
1.224
0.2
1.224
1.324
2.548
2.448
0
0.1
0
0
1.224
1.224
0
1.224
0
1.424
1.224
1.224
1.224
1.624
1.324
1.224
1.224
1.224
0
0
2.024
1.224
1.424
0.8
0
0
0.6
2.648
1.224
1.424
0.1
0.1
1.224
1.224
1.324
1.424
1.424
0
1.324
1.224
0.1
1.224
1.424
0.4
1.224
0
0
1.224
1.224
1.224
1.324
0
1.624
0
0
0.4
1.224
2.648
0
0
0.1
0.1
1.324
1.224
2.648
1.324
1.224
1.324
1.524
0.1
1.624
1.224
0
1.224
0
0
1.224
0
1.224
1.324
1.224
1.224
2.548
0.1
2.448
3.148
2.948
1.424
0
1.524
0.6
0
1.224
1.324
1.224
2.748
1.224
1.524
1.324
0
0
0.1
1.224
0.3
1.224
0.1
1.224
1.224
1.224
1.424
1.224
0.2
1.224
0
0
1.424
1.324
0
2.448
0
1.224
1.224
0
0.1
1.324
1.524
2.448
1.224
1.324
1.524
1.324
0
0
0
0
0
2.448
0
2.324
1.224
0.4
1.324
1.324
1.324
1.224
1.224
1.224
1.224
1.324
0.2
1.824
0.1
1.324
1.324
2.548
1.224
1.224
0
0
1.424
0.2
1.224
1.224
1.224
1.224
3.124
2.324
1.324
0.1
2.324
1.224
1.224
0
1.224
1.224
1.224
1.224
0
1.724
1.224
0
1.224
0
0
1.224
2.548
1.224
0
2.548
2.448
1.224
0
0
1.224
1.224
1.424
0.1
1.924
0.9
1.424
1.524
1.224
0.2
0
1.224
0
0.2
1
2.548
0
2.448
1.224
1.224
0
0.5
0
2.748
1.224
0
1.724
1.224
2.448
1.324
1.224
0
1.224
1.224
1.324
1.224
1.224
2.448
0
1.224
1.424
0
0
0
2.448
0
0.1
1.424
1.224
1.224
1.224
1.224
0
1.324
0
0
0.1
1.224
1.324
1.224
1.224
1.224
0
0
1.324
1.324
0
1.424
1.224
0
1.224
1.924
0.1
0.2
1.224
1.324
1.524
1.524
1.224
1.224
0.6
0
1.824
0
1.224
1.224
1.224
1.224
1.224
1.324
1.824
0.8
0.1
0
1.224
1.224
1.224
1.224
0.1
1.224
1.324
0.1
0.1
1.224
1.224
1.524
2.448
0.1
0
1.424
0.1
1.324
0.1
1.324
0
0.2
0.1
0
0
0.1
2.124
1.224
1.224
0
1.324
0
1.224
0
1.724
2.548
0.1
1.424
1.324
1.824
0
1.224
3.048
3.348
1.324
1.224
1.224
1.224
1.424
1.224
1.924
0
2.948
1.224
1.424
0
2.448
1.224
1.524
1.224
2.448
2.648
1.224
1.224
1.224
1.224
1.224
1.224
1.224
1.224
1.424
1.224
1.324
0.7
0.1
1.424
0
0.1
0
1.224
1.224
0.5
1.724
2.748
2.748
1.224
1.924
1.324
0
1.224
1.324
1.224
1.224
1.424
1.324
2.548
2.848
2.448
1.224
1.324
1.324
0.3
1.224
1.324
0
1.324
0
1.324
1.524
1.324
1.224
1.224
1.324
1.524
1.324
0
0
1.524
0.1
0
1.424
2.224
1.224
0.3
2.448
1.224
1.224
0.2
1.324
1.424
0
1.224
0
2.624
0
0.5
0.1
1.224
1.224
1.524
1.324
0.6
0.1
0
1.224
0
0.5
1.324
0
0
1.224
0
0
1.224
0
2.224
1.224
0.2
1.324
0
0.1
1.424
0
2.448
1.224
1.224
1.224
1.324
1.524
0.1
0.1
1.324
1.224
1.724
0
1.224
1.324
1.324
3.524
0.2
1.524
0
1.224
2.324
0
1.324
0.1
2.224
1.524
0.1
1.224
0
1.224
2.448
3.948
2.648
2.124
1.224
1.524
2.448
1.224
1.424
1.324
1.224
2.548
2.324
2.448
2.748
2.948
2.648
3.772
2.448
1.324
2.748
2.648
2.448
2.848
1.224
2.448
2.548
2.748
2.548
2.448
2.448
2.948
1.224
3.748
4.472
2.548
1.224
2.648
2.448
3.348
1.424
2.448
2.448
1.424
1.224
1.224
1.224
1.224
1.324
1.724
2.648
2.448
2.448
2.448
3.248
2.448
2.548
2.548
1.424
1.224
2.448
1.824
2.548
2.448
2.748
2.548
2.548
2.648
1.324
2.448
2.748
1.224
2.648
1.224
1.324
2.848
2.948
2.648
2.548
1.224
1.224
1.224
2.548
1.224
2.748
1.224
2.448
1.624
1.224
2.448
1.324
1.324
2.448
2.448
2.548
2.448
2.448
3.148
1.624
2.448
2.324
1.224
1.224
2.748
3.048
3.048
1.424
3.048
4.548
1.624
2.448
2.448
3.048
1.224
1.324
2.948
2.548
2.548
4.172
2.448
2.648
2.748
1.324
2.448
2.448
1.224
2.448
3.748
2.448
2.124
2.548
2.648
1.524
1.424
2.648
2.748
3.048
2.748
2.648
2.448
2.824
2.448
1.324
2.448
1.224
2.748
2.448
1.224
1.324
1.424
2.024
1.424
1.224
2.548
2.748
2.448
2.448
3.748
1.224
2.748
1.324
2.448
2.448
1.324
2.948
2.448
1.224
1.224
2.548
2.848
2.448
2.448
2.448
2.848
2.648
2.124
2.748
1.224
2.848
3.648
2.548
2.448
2.448
2.524
4.448
2.648
1.324
3.124
2.448
2.648
2.548
1.524
2.748
2.848
1.224
1.224
1.324
1.424
1.424
2.448
1.224
2.648
1.324
2.724
1.724
1.224
2.548
2.448
1.224
2.548
2.848
2.448
2.448
2.448
1.324
2.648
2.448
2.648
2.948
2.748
2.548
2.548
2.548
2.548
1.524
2.448
2.648
2.448
2.448
2.448
2.548
1.524
1.224
1.324
1.224
1.724
1.224
1.424
6.672
5.248
3.672
1.724
2.448
1.924
1.224
2.448
3.748
3.248
2.648
1.224
2.448
1.424
2.548
2.448
3.048
1.424
2.848
1.224
2.848
1.224
2.448
1.524
2.548
2.448
2.448
2.448
2.448
2.424
2.648
1.424
1.224
1.224
2.548
2.448
2.548
1.924
2.448
2.548
1.324
1.324
1.524
2.448
1.424
2.548
2.648
2.648
2.748
3.548
1.424
1.224
2.748
2.848
2.448
1.224
1.224
2.548
2.648
2.548
2.448
1.324
1.224
2.548
2.448
2.548
1.624
1.824
2.548
1.824
1.224
2.448
1.224
2.548
1.324
3.772
1.224
2.448
2.448
2.548
2.448
2.448
1.324
3.048
2.448
1.724
2.448
2.548
1.424
2.548
1.324
1.224
2.124
1.224
1.224
1.224
2.748
2.848
2.848
2.848
2.848
1.224
2.548
1.624
1.724
1.324
2.848
2.748
2.448
2.448
2.424
2.648
2.624
2.448
1.224
2.848
2.448
3.848
1.224
2.448
2.648
1.224
1.224
2.448
1.324
1.224
2.848
1.424
1.224
2.548
2.648
1.324
1.224
2.448
2.448
2.548
2.448
2.648
6.172
2.648
1.424
5.472
1.224
1.224
2.648
1.824
1.424
2.448
2.648
2.548
2.448
2.448
2.648
3.048
2.448
1.224
1.624
1.224
2.448
2.424
1.324
2.448
3.724
1.524
2.548
1.624
2.548
1.424
2.448
2.448
2.848
1.224
2.448
2.648
2.448
2.448
1.224
2.448
1.224
2.848
2.548
1.324
2.648
1.324
1.524
2.448
1.424
2.448
1.224
1.224
1.524
1.924
2.448
1.324
2.848
2.448
1.224
2.548
1.224
2.448
1.724
2.648
1.224
1.324
2.648
1.324
1.324
2.448
1.324
2.648
1.324
1.224
2.648
1.224
2.448
2.448
2.324
1.224
1.224
2.948
5.448
2.448
1.224
1.524
2.748
1.324
2.448
2.448
1.424
2.648
2.448
1.224
2.748
7.172
2.548
1.324
2.448
1.224
2.448
1.224
2.548
2.648
2.548
2.448
1.224
3.772
2.848
2.748
2.448
1.224
2.448
2.748
1.324
1.224
1.224
1.224
1.324
2.448
2.548
1.624
2.448
2.424
3.448
2.848
2.748
2.748
2.448
2.448
1.424
2.648
2.548
2.448
2.448
2.448
2.448
3.448
1.224
1.824
3.048
4.072
1.224
2.024
2.648
2.848
1.924
2.448
2.448
1.224
1.224
2.748
3.048
2.748
2.548
2.448
1.224
1.224
1.224
1.324
2.848
1.324
2.448
1.324
2.224
2.748
3.148
3.248
2.448
2.448
2.648
2.448
2.448
1.324
2.648
2.448
2.548
1.324
1.224
2.448
2.448
1.324
2.548
1.324
2.448
2.448
2.448
1.224
2.448
1.224
2.548
1.624
3.324
1.424
1.424
2.548
1.424
3.448
2.548
1.224
1.324
2.948
2.448
1.224
2.748
2.748
2.948
1.224
1.424
1.324
1.324
2.648
2.648
1.724
4.848
3.348
1.424
1.924
2.448
1.224
2.448
2.448
2.548
5.472
2.448
1.424
2.548
2.448
2.448
2.648
2.448
1.224
2.448
1.624
2.648
2.448
2.448
7.448
2.448
2.548
1.424
2.548
1.724
2.324
5.648
1.224
2.648
2.448
1.224
11.172
1.424
1.224
1.624
1.324
3.348
1.524
2.548
2.548
3.748
2.448
2.448
2.448
1.324
2.948
1.224
2.748
2.448
1.524
2.548
2.848
2.648
3.048
1.224
2.548
3.048
3.148
2.748
1.424
2.548
1.924
2.648
1.224
1.224
3.048
2.748
1.224
1.424
1.224
2.548
2.548
2.648
3.148
2.448
2.548
3.448
1.524
1.224
1.224
2.448
2.648
3.448
1.224
1.224
2.848
4.148
1.224
1.224
2.548
1.424
1.224
2.648
1.224
3.148
2.948
2.548
2.848
2.548
2.748
2.948
1.224
3.248
1.224
2.648
2.548
2.548
2.548
2.448
1.324
2.448
2.448
2.648
2.448
0.1
0
1.824
2.024
0.1
1.224
1.324
0.8
0
1.3
1.224
1.224
0
0
0
1.224
0
0.2
1.624
1.224
1.424
0
1.224
1.324
1.524
0
2.724
0
1.224
0
3.948
1.324
1.5
1.724
0
0.9
1.424
2.448
0
1.324
1.224
1.224
1.324
0
0.1
0
1.224
0.1
1.224
0
0
1.224
0.2
1.924
1.224
1.624
1.324
0.1
0
1.224
0.1
0
0.1
0.1
1.624
1.224
1.224
0.1
0
2.448
1.224
0.1
3.248
0
1.424
1.324
0.1
0
1.224
0
1.224
1.324
1.324
1.224
0.1
0.3
1.224
1.224
1.224
1.224
1.324
0
2.448
1.224
1.324
0
1.224
0.1
1.4
0.2
0.1
1
2.224
0.3
