0.4
0
2.024
2.536
1.224
1.524
1.524
1.224
1.224
1.224
1.424
2.448
1.424
2.024
1.724
0
0
0
0
0.1
1.224
1.424
0.1
0
1.936
0
0
0.3
1.224
0
0.1
1.224
0.8
0
0.3
0.1
0
0
0.1
0.2
0
1.824
0
0
0.1
1.224
0.4
0.3
0.2
1.224
1.224
0.1
1.624
0
0
0
0
0.1
0
2.224
0.7
0.3
0
0.6
0.3
0
0
0
1.624
0.3
0.2
1.724
0.5
0.2
2.524
0.5
0
0
0
0
1.624
0
1.224
0
0
0
0
0
0.1
0.7
0
0
0
0
0
1.224
1.224
0
0.1
0
0
0.2
0.4
0
1.836
0
0
0.7
0
0.1
0.4
0
0
1.224
0
0.7
0
0
0
0
1.5
0
0
0.3
0
0
0.1
1.224
0.1
1.524
0.1
0.1
0.3
0
1.524
0.5
1.324
1.224
1.424
0.3
0
0
0
1.424
0
0.1
1.424
0.1
0
0.1
1.224
0
0.1
0
0.6
0.2
0
0
0.4
0.1
0
0
0
0
0.3
0
0
0.1
0
1.6
0
0.2
1.324
0
1.224
1.824
0.2
0
1.324
0.2
0.1
1.624
1.224
2.448
1.324
2.848
3.248
2.448
1.324
2.448
1.524
2.748
1.324
2.748
2.548
2.648
2.448
1.424
0
0.5
0.3
0
0
0.5
1.2
0
0
1.424
1.324
0
1.224
0.2
0.6
0
0
1.4
0
0.5
0
0
0
1.224
1.924
1.524
1.324
1.324
1.224
1.324
1.324
1.224
1.524
1.224
1.324
1.836
3.26
0
2.924
1.224
0
1.324
1.836
1.824
3.46
0
0
0
0.1
0
1.324
3.236
0.1
0
0
0
0
1.224
0
0
1.424
1.224
3.16
0
0.2
0
1.224
0
0.2
1.224
0
1.224
0
0.2
0
1.224
0.2
0
1.324
0
1.224
0
0
0
1.524
1.224
1.424
0.1
1.224
1.224
1.624
1.224
1.324
1.224
0
0.4
0
0
0
0
0.2
0
0
0
0.1
0
0
0
0.1
0.2
0.1
0
2.536
0
1.224
0
0
1.424
0
1.324
0
1.324
0
0.1
0
0.1
0.1
0
0
0
0
0
0.8
0
0
3.26
3.36
0
0
0
0.8
0
0
1.224
1
0
0.2
3.86
1.324
3.46
0.4
0
1.324
0.2
0.8
2
0
1.936
0
0.2
0
2.648
2.648
0.1
1.224
1.224
1.324
0.1
1.936
1.224
1.936
1.224
1.224
1.224
1.836
3.06
0
0
0.5
0.1
0
0.2
1.424
1.924
0
0
0
0.1
1.224
1.924
0.3
2.036
0
1.324
3.036
0
2.136
2.548
0
0.1
0
0
1.224
3.06
0
1.424
1.224
1.224
1.224
1.224
3.86
1.224
1.3
1.424
0.2
0
0.2
0.1
0.1
0
0.3
0
1.224
1.424
1.624
1
0.1
3.06
0
1.324
3.96
3.56
2.036
0.1
3.36
2.136
3.76
0.6
0
0.6
1.224
0.1
3.06
0.2
0.1
0.1
0.1
3.06
0
1.224
3.36
1.324
0.1
0.2
0
1.224
0
0
0.3
0
2.036
3.56
1.724
1.424
1.324
2.436
3.06
0
0.4
2.524
0.4
0
1.624
0.9
0
2.136
1.424
1.224
0.3
0
0
0.4
1.224
0
0
0.1
0.2
0
1.224
2.036
0.1
1.224
0
0
3.26
3.26
0
0
0.1
1.224
1.724
1.224
0
1.424
2.336
0
1.936
1.324
3.06
2.436
0
0
0
1.424
1.224
1.224
1.224
3.36
0
1.324
3.26
0
0.7
1.324
0
3.06
0.1
1.324
4.16
1.224
0
0
1.224
1.524
1.624
1.224
0
1.224
0
0.1
1.224
0.2
0.3
1.324
0
0.2
1.936
1.324
3.46
1.824
1.224
0
0
0.2
3.16
1.324
0
2.036
1.224
1.524
1.224
0
0.3
0.2
0.1
0
0
1.324
0.3
3.56
1.424
1.224
1.224
0.2
1.224
1.836
1.224
0
0
1.224
1.224
0.6
1.424
0
1.224
0
0
1.224
1.224
0.3
0
3.06
1.524
1.324
0
2.336
0
0
1.424
1.324
0
1.224
0
0
0.2
0
1.224
0.2
0.6
1.324
0
0
0
0.3
4.06
0.2
0
2.536
0.1
1.936
0.6
1.524
1.224
0
1.936
0.2
3.16
0
2.236
3.36
1.624
1.836
1.836
3.06
2.136
3.56
1.224
0
3.06
0
1.936
3.06
0.3
3.16
0
0
3.26
0
0
2.436
0.1
3.36
0
0
0
1.936
1.324
1.224
1.324
3.16
0
0
1.524
1.936
1.524
3.16
0.1
1.224
0
1.836
1.324
0
1.224
1.424
1.324
1.224
3.26
0
1.224
1.324
3.66
1.524
1.836
1.836
0.8
0
3.16
0
1.224
1.424
3.06
0
1.624
1.836
0
0.2
1.324
1.936
0
0.1
1.224
1.224
1.224
3.46
0
0.1
1.424
0.1
0
1.324
3.66
0
3.06
0
1.224
0
0
0
0
1.424
1.224
0
0
1.324
3.16
0
0
1.836
0
0
3.06
0
0.8
1.324
2.236
3.26
0
3.16
1.224
3.06
3.46
0.3
1.224
2.136
1.424
0.1
1.324
1.324
1.224
3.16
3.16
0
0.3
3.46
0.4
1.224
1.324
1.224
1.324
1.2
2.524
0.5
0
0.3
1.324
1.224
0
1.224
1.324
0.1
1.424
0
1.424
1.324
0
0
0
0
1.224
1.224
1.224
0
3.16
3.06
1.424
0.1
0
3.16
1.224
0.1
0
0.4
0.4
1.324
3.16
0
0.4
1.836
1.224
0
0.1
1
1.424
0
3.06
1.224
1.224
0
0.2
0
3.46
1.324
0
1.324
3.16
3.06
1.524
0
0
1.224
1.224
1.524
0.1
1.524
3.06
2.036
1.224
0.1
0
0
0
1.424
0
0
3.46
3.06
0.1
3.06
0
0.1
0.1
0
1.836
0
0
1.424
1.424
1.224
1.224
0
0
0.1
1.424
0
1.324
1.224
1.836
1.324
1.524
0
0
1.224
1.224
1.624
1.424
0
1.424
0.2
0
1.924
0.1
1.224
1.224
0
1.224
3.06
1.224
3.76
2.836
1.836
0
3.16
0
3.16
1.324
0.1
1.324
3.26
0.1
0.4
0
3.06
1.624
1.224
0.3
1.836
0
0
0
0
1.224
0
0
2.036
0
0
0.1
0.8
3.06
1.424
0
0.3
1.836
1.224
0
1.524
1.324
0.5
1.524
1.324
0.1
0.1
0
3.26
3.76
1.224
1.224
1.836
1.224
1.524
1.224
1.824
0
2.124
1.324
1.524
0
3.06
1.224
0.4
1.324
1.224
1.424
1.324
1.224
1.224
3.16
1.324
1.224
1.224
3.06
3.46
3.06
1.424
0.2
0
1.424
0
0
0
1.836
0
2.036
1.824
3.26
1.824
1.224
0.7
0.1
0
3.06
1.424
3.06
0
0.3
0.1
2.448
2.648
2.648
1.224
1.324
1.224
0.3
1.224
3.16
0
1.224
0
1.324
1.924
1.224
1.324
1.324
1.424
1.524
1.424
1.936
1.836
1.424
1.836
0
1.324
1.924
1.524
2.236
1.324
0
1.224
0.3
1.724
3.46
0
1.224
1.836
0.9
0
0.6
0
1.224
3.06
1.624
1.224
0.2
0
0
1.424
0
0.4
1.424
0.1
0
1.324
0
0
0
0.1
1.1
1.324
0.3
1.224
0.1
0.1
1.324
0
1.224
0
1.324
1.224
0.1
0.2
0
2.136
1.324
0
0.1
0
1.224
1.224
1.224
3.524
0.1
1.324
0
1.324
1.2
0
0.2
0
2.024
1.224
0.1
1.936
0
1.224
2.448
3.248
2.448
1.824
1.424
1.324
1.324
1.324
1.324
1.424
1.224
2.448
1.724
2.548
2.648
1.324
2.548
2.448
2.448
1.424
2.948
2.548
2.548
1.224
1.324
2.448
2.448
2.848
1.224
2.448
2.548
1.624
1.224
3.148
2.748
2.648
1.224
2.948
3.06
3.448
1.224
2.448
2.448
1.624
1.424
1.324
1.224
1.224
1.224
1.624
2.648
2.448
2.448
1.224
2.948
2.448
2.448
2.548
1.324
1.324
2.448
1.524
2.448
2.448
2.948
2.548
2.448
2.548
1.324
2.448
2.748
1.324
2.448
1.224
1.524
1.324
1.424
2.648
2.548
1.524
1.224
1.224
2.448
1.224
2.548
1.224
2.448
1.324
1.224
2.448
1.424
1.424
2.648
1.224
2.948
2.448
3.048
2.548
1.424
2.448
2.224
1.224
1.224
2.748
3.048
2.748
1.424
2.448
2.124
1.424
1.224
1.224
1.324
3.06
1.324
1.624
2.448
2.448
2.448
1.224
3.048
2.548
1.224
2.448
2.448
1.224
2.548
1.824
2.448
1.824
1.224
2.748
1.324
1.324
2.448
2.948
2.448
2.548
2.448
2.448
2.724
2.448
1.224
2.748
1.224
2.448
2.448
1.324
1.624
1.224
1.524
1.224
1.224
2.448
2.848
2.648
2.448
3.148
1.224
2.748
1.324
2.448
2.448
1.424
2.548
2.448
1.224
1.224
2.648
1.324
2.448
2.448
2.548
2.748
2.548
1.424
2.548
1.324
2.748
1.324
1.224
1.424
2.448
2.924
2.324
1.224
1.224
1.424
1.324
2.448
2.648
1.224
2.748
2.848
1.224
1.324
1.224
1.224
1.624
2.748
1.224
2.448
1.424
1.524
1.624
1.224
2.748
2.448
1.224
2.748
2.548
2.448
2.448
2.548
1.324
2.548
2.448
2.648
2.848
2.648
2.748
2.548
2.548
2.448
1.324
2.448
1.424
1.224
2.448
2.548
2.448
1.624
1.324
1.524
1.224
1.524
1.224
1.324
3.148
2.224
2.448
1.524
2.548
1.824
1.224
2.448
3.548
1.524
1.324
1.224
2.448
1.224
2.648
2.448
2.548
1.324
2.648
1.224
2.848
1.224
2.448
1.324
1.224
2.448
2.448
2.448
2.648
1.824
2.448
1.324
1.324
1.224
2.748
2.648
2.548
1.524
2.448
2.448
1.424
1.324
1.224
1.224
1.224
2.548
2.748
1.324
1.524
2.748
1.624
1.224
1.524
1.524
2.448
1.324
1.224
2.448
2.548
2.648
2.548
1.224
1.224
2.448
2.448
2.648
1.524
1.524
2.448
2.024
1.324
2.448
1.224
2.548
1.224
2.548
1.224
2.448
2.448
2.448
2.448
2.448
1.224
2.648
1.224
1.224
2.648
2.448
1.224
2.448
1.224
1.224
1.724
1.224
3.26
1.224
2.448
1.324
2.948
2.548
2.548
1.224
2.548
3.26
1.724
1.224
2.648
1.324
2.448
2.448
1.824
2.948
2.024
1.424
1.324
2.848
2.448
1.624
1.224
2.448
2.848
1.224
1.324
2.448
1.224
1.224
1.424
1.424
1.224
2.448
2.648
1.324
1.224
2.448
2.448
2.448
1.424
2.548
4.048
2.548
1.624
2.848
1.224
1.324
2.948
1.424
1.524
2.548
2.448
2.548
1.224
2.548
2.448
1.624
2.448
1.324
1.524
1.224
2.448
1.824
1.324
2.548
2.324
1.624
2.448
1.424
2.848
1.424
2.448
2.448
2.948
1.224
2.648
2.848
2.648
2.448
1.324
2.448
1.324
2.648
2.448
1.224
2.748
1.424
1.424
2.448
1.224
2.448
1.224
1.224
1.524
1.424
2.448
1.224
1.524
2.448
1.224
2.448
1.224
2.448
2.124
2.748
1.224
1.224
2.548
1.224
1.224
2.448
1.324
2.448
1.324
1.224
1.324
1.224
1.224
2.448
1.824
1.324
1.224
2.848
2.224
2.448
1.224
1.324
2.448
1.224
2.448
2.448
3.16
1.224
1.224
1.224
2.448
3.548
2.548
1.224
2.448
1.224
2.448
1.324
2.448
2.648
2.448
2.448
1.224
2.448
2.848
2.848
1.224
1.224
2.448
2.648
1.224
1.224
1.324
1.224
1.224
2.448
2.448
1.324
2.448
2.024
3.148
1.524
2.648
1.224
2.648
2.448
1.224
1.324
2.648
2.548
2.548
1.224
2.548
1.724
1.224
1.724
2.548
2.448
1.224
1.724
2.648
2.548
1.524
2.448
1.224
1.224
1.324
2.548
2.648
2.648
2.448
2.448
1.224
1.224
1.624
1.324
3.148
1.224
1.224
1.224
1.424
2.548
2.748
2.848
2.448
2.548
2.648
2.548
2.448
1.224
2.648
1.224
1.224
1.324
1.224
2.448
2.448
1.224
2.448
1.224
1.224
2.548
2.448
1.324
2.548
1.224
2.548
1.424
2.324
1.424
1.424
1.224
1.224
2.948
2.448
1.224
1.224
2.848
2.448
3.06
2.548
2.848
2.648
1.524
1.324
1.424
1.324
1.324
2.848
1.624
1.724
1.524
1.324
1.624
2.448
1.324
2.448
1.224
3.048
2.648
2.548
1.224
1.424
1.324
1.224
2.448
2.548
1.324
2.448
1.524
2.548
2.448
2.548
2.924
2.548
2.548
1.324
1.424
1.624
1.824
1.924
1.224
2.848
2.448
1.224
3.348
1.424
1.324
1.424
1.424
10.184
1.424
2.448
2.548
3.948
2.448
2.448
2.448
1.324
2.848
1.224
2.548
2.448
1.224
2.448
2.448
2.748
2.648
1.224
2.648
2.948
1.524
2.448
1.324
2.548
1.624
2.548
1.224
1.224
3.248
2.848
1.224
1.324
1.224
2.448
2.448
2.548
2.748
2.448
2.748
2.648
1.524
1.224
1.324
2.448
2.448
3.048
1.324
1.224
2.748
2.224
1.224
1.324
2.448
1.424
1.224
2.548
1.224
2.948
2.648
2.648
2.748
2.648
3.248
2.748
1.224
2.648
1.224
2.648
2.448
2.648
4.384
2.448
1.224
2.448
1.224
2.548
1.224
0.1
0.1
0
0.2
0.1
1.224
0.1
0.6
0
1.1
0.1
1.324
0
0
0
1.836
0
0
0.2
3.26
0
0
0.1
3.26
0.1
0
2.3
0.1
1.224
1.836
2.624
3.36
1
1.624
0
0.8
1.424
1.224
0
1.224
3.06
2.036
2.036
0
0
0
0
0.1
0
1.836
0.1
1.424
0.2
0.5
1.224
0.1
3.06
0.1
0.1
0.1
0
0
0
0
0.5
1.224
1.224
0.2
0
1.324
1.224
0.1
3.96
0
1.424
1.624
0.1
0
1.224
2.036
1.324
1.224
1.424
3.06
0.1
0
1.524
1.224
1.224
0
1.424
0.2
1.224
1.836
1.224
0
1.224
0.1
1.1
0
0
0.6
0.8
0.3
