0.1
0.2
0.5
0.2
0
3.26
1.324
1.224
1.224
1.224
1.324
1.224
1.324
1.524
1.524
0
0
0
0
0
1.836
2.036
0
0
0
0
0
0.1
0
0
0
0
0.6
0
0.2
0
0
0
0.1
0.4
0
2.536
0
0
0.1
1.02
0
0
0.1
0.3
0
0
0
0
0
0
0
0
0
1.12
0.2
0
0
0.6
1.936
0.1
0
0.2
1.22
0.4
0.3
0.2
0
1.836
2.336
0.4
0
1.02
0
0
0.1
0
0.1
0
0
0
0
0
0
0.6
0
0
0.2
0
0
1.02
1.12
0
0
0
0
0.1
0.2
0
0
0
0
0.4
0
0
0.1
0
0
0
0
3.156
0.1
0
0
0
0.3
0
0
0.1
0
0
0.1
0
0
0.1
0
0
0
0
1.836
0.3
1.02
0
0
0.1
0
0
0
0
0
0
1.12
0.2
0.2
0
0
0
0.1
0
0.3
0.4
0
0.1
0.3
0.2
0.2
0
0
0
0
0
0
0
0
0.7
0
0.1
0
0
0
0.3
0
0
1.836
0.2
0.1
0.3
1.224
1.224
1.324
1.524
1.324
1.224
1.224
1.224
1.424
1.224
1.224
1.324
1.324
1.324
1.224
1.224
0
0.1
2.136
0
0
0.1
0.4
0
0
0.2
0.1
0
0
0
0.2
0
1.836
0.9
0
1.936
0
1.836
0
0.1
0.3
0
0
0
0
0
0
0
0.1
0
0
1.836
0
0
0.7
1.936
1.836
0
1.836
0.1
2.036
0
0
0
0
0
0
0.4
0
0
0
0
0.1
0
1.936
0
0
0.1
0.1
0
0
0.2
0
0
0.3
0
0
0
0
0
0.1
0
0.1
0
0
0
0
0
0
0
0.2
0
0.1
0
0
0
0.1
1.836
1.936
0
0
0.2
0
0
0
0
0
0
0.1
0
0
0
0.1
0
0.2
0
0
0.2
0.4
0
0
0
0
0
0
0
0
0
0
0
0.1
0.1
0.2
0
0
0
0
0
0.2
0
0
1.936
1.936
0
0
0.1
0.3
0
0
0
0.8
1.12
0.2
0.3
0
0
0
0
0
0
0.5
0.9
0
1.936
0
0
0
1.524
1.424
0
0
0
0
0
0
0
1.836
0
0
0
0.1
0
0
0
0.3
0
0
0.1
0.2
0.5
0
0
0
0.1
0.1
0.1
0.1
0
0
0
0.6
0
0.1
1.224
1.836
0.3
0
0
0
1.836
0
0.2
0
1.936
0
0
0
0
0.3
0.1
0.2
1.836
0
0.1
0.3
0
0
0.1
1.836
1.836
0.3
0.3
0
0
1.836
0
0.3
0.1
0
0.1
0.2
0
0
0.1
0
0.1
0
0
0
1.936
0
0
0.1
1.836
0
0
0.1
1.836
0
1.936
0.1
0
0
0
1.936
0
0
0.4
0.1
0
0
0.3
0
0.1
0.1
0.6
1.936
0
0.1
0.5
0
0.1
0.1
0.2
0.1
1.836
0
0
0
0.1
0
0.2
0
0
0
0
0.1
0
0
0
1.836
0
0.1
1.836
0
0.1
0.1
0
1.836
0
0.4
0
0
0
1.936
0.3
0
0
0
0.2
0
1.836
0
0.1
1.836
0
0
0
0.2
0
0
0
0
0.2
0.3
0
1.836
0
0
0.1
0
0
0.1
0.1
0.1
0
0
0
0.1
0
0
0.2
0
0
0.1
1.936
0
0
0
0.1
0
0
0
1.836
0
0.1
0
0
0.1
0
0
0
0.1
1.836
2.036
0
1.836
0.1
0
0
0
0.1
0
1.836
0
0
0
0.3
0.1
0
0
0
0
1.836
0
0
0
0
0
0.1
1.836
0.4
0.1
0
0
0
1.836
0
0
0.1
0.1
0
0
0
1.836
0.1
0
0
0
0.1
0.2
1.836
0
0.4
0
0
0.4
0.2
0
0.3
0
0
0
0
0.1
0
0
0
0.1
0.1
0
1.836
0
0.1
1.836
0
0
0
0.1
0
1.836
0
0
0
0
0.3
0.1
0.1
0
0
0
0
0.1
0
1.836
0
0
0.1
0.4
0
0.1
1.836
1.836
0
0
0
0
0
0
0.1
0.1
0
0
0
0
0.1
0.4
0.2
0
0.1
1.936
0
0
0
0
0.2
0
0
0
1.936
0
0
0
0.1
0
0
0
0
0
0.2
0
0
0
1.936
0
0
1.836
0
0
0
0
0
0
0
0
0.2
0
0.1
0
0
0.2
0.1
0
0
1.836
0
0
0
2.336
0
0.1
0.2
0.1
1.836
0
1.836
0
0.2
0
0.1
0
0.1
0
0.1
0
0
0
0
0
0
0.2
0
0
0
0
0.4
0.2
0.2
0
0.2
0
0
0
0
1.836
0
1.936
1.836
0.2
0.3
0
0
0
0
0
0
0
0
0
0
0
0
0
1.836
0
0.1
0
0.2
0.1
1.836
0.3
0
0.1
0
0
1.936
0
0.3
1.936
0
1.836
0.1
0
1.836
0.1
0
0.1
0.1
0
0.1
0
0
0
0
0
0
0
0
0
1.936
0
1.836
1.836
0
0
0
0
0
0
0
0
1.836
0.2
1.836
0.1
0
0
0
0
0
0
0
0
0
0
0
1.836
0.1
0.2
0
0
0
0.1
0
0.3
0
0
0
0
2.036
0.1
0
0
0.1
0
0.1
0
0
0
0
0
1.836
0
0.5
0.3
0
0
1.836
0
0
0.1
1.936
0
0
0
0.1
0
0
0.3
0
0.2
0
0.1
0
0
0
0
0
0
0.3
0
0
0
0.3
0
0
0
0
0
0
0
0.1
0
0.1
1.836
1.836
1.936
1.936
0
0.1
0
0.1
0
0
0
1.936
0
0.5
0
0.3
0
0.1
0
0
0
0
0.1
0
0.1
1.836
1.836
1.836
0.1
0
0
0
0.1
0
0
0
0.2
0
0.1
0
0
0
0
0
0.2
1.936
0
1.936
0
0.2
0.1
0
1.836
0
2.036
1.836
2.036
1.836
1.224
1.324
3.06
1.836
1.836
1.836
0.2
1.836
0.1
0
0
0
0
0.1
0
0
0
0
0
0.1
0
0
0.2
0.2
0
0
0.4
0.2
2.136
0
0
0
0.1
0.2
0.1
0
1.836
0
0.2
1.836
0.3
0
0
0
0.2
0
0
0
1.836
0.1
1.02
0
0
0
0
0
0
0
0
0
0.4
0
0.1
0.1
0
0
0.2
0
1.224
0
0
0
0.1
0.2
0
0
0
0
0.1
0
0
0
0.1
1.1
0
0.1
0
0
0.4
0
0
0
0.2
0
0.1
0
1.836
0
1.224
1.524
1.324
1.924
1.224
1.324
3.06
1.224
1.224
1.224
1.224
1.324
2.444
1.324
1.224
1.224
1.424
1.224
1.324
1.324
1.424
1.224
1.424
1.224
1.224
1.224
1.324
1.424
1.224
1.224
1.224
1.424
3.06
1.624
1.324
1.224
1.224
1.324
1.224
1.224
1.324
1.224
1.224
1.324
3.16
1.224
1.224
1.224
2.344
1.324
1.224
1.324
1.324
1.224
1.624
1.224
1.224
1.224
1.224
1.324
1.224
1.524
3.16
1.224
1.524
2.444
1.324
1.224
1.424
1.224
1.524
1.324
1.224
1.224
1.324
1.524
1.424
1.424
3.26
2.444
1.224
1.224
1.224
1.224
1.324
1.224
1.224
1.324
1.224
1.224
1.224
1.224
1.324
1.224
1.324
1.224
1.424
1.524
1.224
1.224
1.424
1.224
1.224
1.224
1.524
1.324
1.524
1.324
1.924
1.524
1.324
1.224
1.324
1.224
1.224
1.324
1.324
1.224
1.324
1.224
1.224
1.324
1.224
1.324
1.224
1.224
1.324
1.524
1.224
1.524
1.224
1.224
1.324
1.324
1.224
1.224
1.324
1.324
1.324
1.324
1.924
1.324
1.324
1.224
1.324
1.224
1.224
1.324
1.324
1.224
1.324
1.224
1.224
1.224
1.324
1.224
1.324
1.624
1.224
1.224
1.324
1.224
1.224
1.324
3.26
1.224
1.224
1.224
3.26
1.324
1.224
1.224
1.324
1.724
1.424
1.424
1.324
1.224
1.324
1.624
1.224
1.224
1.224
2.024
1.924
1.224
1.324
3.26
1.324
1.424
1.424
1.324
1.224
1.324
1.224
1.224
1.224
1.324
1.324
1.224
1.224
1.324
1.224
3.26
1.324
1.224
1.224
1.224
1.224
1.224
1.324
1.224
1.224
1.324
1.224
1.424
1.324
1.224
1.424
1.324
1.424
1.224
3.06
1.224
1.324
1.224
3.26
1.224
1.324
1.224
1.424
1.224
1.324
1.224
1.224
1.324
1.224
1.224
1.724
1.724
1.324
1.424
1.424
3.16
1.224
1.224
1.724
1.324
1.324
1.224
1.224
1.324
1.324
1.224
1.324
1.224
1.224
1.224
1.224
1.324
1.224
1.224
1.224
1.224
1.224
1.224
1.224
1.424
1.224
1.324
1.224
1.224
1.424
1.324
1.224
1.924
1.324
3.06
1.324
1.324
1.224
1.224
1.224
3.06
1.324
1.324
1.424
1.524
1.324
1.224
1.224
1.324
1.224
1.224
1.224
1.424
1.424
1.224
1.224
1.324
1.224
1.224
1.224
1.224
3.16
1.524
1.224
1.524
1.224
1.224
1.224
1.224
1.424
1.224
1.224
2.244
1.324
1.224
1.224
1.224
1.424
1.224
1.224
1.424
1.324
1.324
1.224
1.224
1.224
1.224
1.424
1.224
3.16
1.224
1.324
1.424
3.26
1.424
1.224
1.224
1.224
1.324
1.424
1.224
1.324
3.16
1.524
1.224
1.524
2.344
1.624
1.324
1.324
1.224
1.324
1.324
2.244
1.224
1.324
1.224
1.324
1.224
3.06
1.224
1.324
1.224
1.224
1.224
1.224
1.224
1.224
1.224
1.224
1.224
3.16
1.324
2.224
1.224
1.424
1.624
1.224
1.224
1.224
1.224
1.324
1.224
1.324
1.324
1.224
4.18
1.424
1.224
1.324
1.324
1.624
1.224
1.224
3.66
1.224
1.324
1.724
1.424
1.224
1.624
1.324
1.224
1.224
1.224
1.424
1.224
1.324
1.324
1.324
1.224
1.324
1.224
1.224
1.724
3.26
3.06
1.224
1.224
1.324
1.224
1.224
1.224
1.224
1.324
1.424
1.524
1.224
2.244
1.224
1.224
1.324
1.224
1.224
1.224
1.624
1.224
1.324
1.324
1.224
1.224
1.224
1.324
2.244
1.324
1.224
1.224
1.224
1.224
1.224
1.224
1.424
1.224
1.224
1.324
1.724
1.224
1.224
1.324
1.424
1.224
1.224
1.224
1.424
1.224
1.224
1.224
1.224
3.56
1.224
1.324
1.224
1.224
1.224
1.224
1.224
1.224
1.324
1.224
1.224
1.324
1.424
1.324
1.324
1.424
1.224
1.524
1.224
1.224
1.324
1.224
1.224
1.224
1.324
1.324
1.224
1.424
1.924
1.424
1.324
1.324
3.06
1.224
1.224
1.224
3.16
1.224
1.324
1.224
1.224
1.424
1.224
1.324
1.324
3.06
1.224
1.424
2.344
1.224
1.524
1.224
1.224
1.224
1.424
1.324
1.424
1.424
1.424
1.224
1.224
1.224
1.224
1.224
2.244
1.224
1.224
1.224
1.924
1.324
1.524
1.524
1.224
1.324
1.224
1.224
1.224
2.244
1.324
1.224
1.224
1.324
1.224
1.224
1.224
1.224
1.224
1.224
1.224
1.224
1.224
1.224
1.224
1.224
1.324
1.324
1.624
1.324
1.324
1.224
1.324
1.724
1.224
1.224
1.224
1.524
1.224
1.524
1.224
1.324
3.26
1.324
3.16
1.224
1.424
1.424
1.324
1.224
1.724
1.524
1.324
1.424
1.324
1.224
1.224
1.424
1.324
3.26
1.224
1.224
3.26
1.324
1.224
1.424
1.224
1.224
1.324
1.324
1.424
1.224
3.06
2.324
1.224
1.224
1.424
1.324
1.324
1.824
1.724
1.224
3.36
1.224
1.224
1.524
1.224
1.224
1.424
1.324
1.424
6.88
1.224
1.224
1.624
1.224
1.224
1.224
3.16
1.224
1.324
1.224
1.224
1.224
1.324
1.224
1.324
1.324
1.224
1.324
1.224
1.424
1.224
1.224
2.244
1.324
1.224
3.06
1.224
1.424
1.624
1.224
1.224
1.224
1.224
1.324
1.324
1.424
1.224
1.224
3.26
1.624
3.06
1.224
1.324
1.224
1.224
1.224
1.224
1.224
1.624
1.224
1.224
1.224
1.224
1.224
1.224
1.224
1.624
1.424
1.224
1.424
1.224
1.324
1.424
1.224
1.324
1.224
3.06
1.324
1.224
1.224
1.224
1.224
3.06
1.224
1.424
3.06
0.1
0
0.1
0.4
0
0
0.2
0.2
0
0.9
0.1
0
0
0
0
0.2
0
2.036
0.1
0.1
0
0
0
0.1
1.836
0
2.236
0.1
0
1.836
0.3
0
0.1
0.2
0
0.3
0.1
1.836
0
0
0
0
0
0
1.836
1.836
0
0.2
0
1.936
1.836
0
0.3
0.1
0.1
0
0.1
0
0
0
0
0
0
0
0
0
0
0
0
0
0
0
0.1
0
0.1
0.2
0
0
0
0
0
0.1
0
0.2
0.1
0.1
0
0
0
0.1
0.1
0
0
1.836
0
0
1.224
0
0.9
0
0.1
0.4
0.2
0.1
