2.624
0.9
6.848
2.424
4.072
1.724
1.724
2.548
1.824
1.224
1.924
2.548
3.248
3.824
3.324
0
1.224
1.224
1.324
1.524
1.924
1.824
1.224
1.224
0.4
1.224
3.048
2.224
2.648
1.424
1.324
1.324
5.9
0.1
1.524
1.7
0.2
0
0.3
1.3
0.3
7.448
0
0.4
0.2
1.324
1.924
2.324
0.7
1.524
1.524
0.1
3.224
1.424
0.2
1.324
1.324
1.524
0.1
2.624
7.024
3.124
0.3
3.124
3.124
1
1.424
1.724
1.924
4.424
0.9
3.948
2.324
0.1
8.348
2.3
1.324
0.4
1.224
0.1
4.848
1.324
1.524
1.524
0.2
1.224
1.324
0
1.224
5.148
0
1.724
2.448
1.324
1.224
2.024
1.824
1.224
1.424
1.224
0.3
2.924
3.424
0
2.548
0.1
1.224
3.1
1.824
0.1
3.648
2.448
0.1
2.548
0.4
1.8
1.324
2.548
0.1
0
9.624
0.1
1.324
3.124
1.924
0
0.4
1.224
0.1
4.548
2.624
0.3
1.624
0.1
3.548
1.4
1.824
2.648
1.724
3.324
0.3
3.048
1.324
2.324
1.224
1.224
1.824
1.724
0
1.224
1.324
0.2
0.5
1.524
1.4
1.5
3.248
0.3
3.924
0.2
0.5
1.224
0.2
2.548
2.024
1.324
1.224
1.324
1.624
10.424
1.324
2.224
3.872
0.4
3.872
5.148
1.524
1.224
1.324
2.1
0.6
3.748
1.324
5.096
4.048
7.596
5.148
4.572
2.948
5.196
2.124
3.448
1.824
6.272
4.172
3.448
2.448
2.848
0
2.524
1.424
1.224
1.224
1.624
3.2
1.224
0
2.724
2.948
1.424
2.448
0.5
3.224
1.324
0
10.948
0.1
6.148
0
1.224
1.224
2.848
4.724
2.648
2.448
2.024
1.224
1.224
3.648
2.548
2.848
2.448
2.648
0.1
2.548
0.1
13.072
1.624
1.224
3.324
0.1
4.224
1.924
0.4
2.648
1.324
2.548
2.448
1.324
3.3
0.1
1.724
1.424
1.224
1.324
1.224
1.224
2.924
2.448
2.024
2.548
1.224
0.3
1.5
2.448
1.224
1.4
2.548
0
2.448
0
0.6
0.1
2.748
3.224
0.1
2.648
1.524
3.772
2.448
3.672
1.224
4.972
2.448
4.772
0.1
1.324
1.224
2.748
1.224
1.324
2.448
1.224
3.624
0
1.324
1.324
1.324
1.524
1.324
1.724
2.748
0.3
0.5
0.1
1.224
2.124
2.324
1.524
2.124
2.748
1.324
2.748
1.224
1.224
2.748
0
2.648
0
3.148
1.324
0.1
3.024
1.624
2.324
0.1
1.224
1.424
0.1
1.224
5.924
2.548
1.324
2.324
1.424
1.224
0
0
6.024
0
2.448
1.324
6.224
2.748
1.8
2.824
1.724
3.248
3.124
2.648
3.148
2.948
5.124
11.548
1.324
0.4
0
2.848
1.224
4.872
3.348
0
1.224
1.224
2.548
0.2
1.224
2.448
0.2
2.448
2.548
1.324
1.524
1.424
1.324
1.224
5.248
0.1
0.1
0.8
2.648
4.648
1.324
1.224
1.224
0.4
2.848
2.524
0.1
0
0
2.948
5.624
2.448
2.324
2.448
0.1
0.8
0
1.224
2.648
2.848
0
3.548
2.548
1.224
3.772
3.672
2.024
2.648
3.3
2.424
2.648
0
1.224
2.624
0.4
1.324
4.372
1.624
1.524
2.948
2.124
3.424
1.824
1.724
1.324
2.548
2.824
3.548
2.648
3.048
1.824
0.8
3.448
2.424
0
4.648
1.924
3.348
2.448
2.948
2.548
2.748
1.624
2.448
2.448
2.448
1.824
1.224
1.824
0
1.224
4.548
1.224
0.1
0.9
2.548
1.324
4.348
1.824
2.848
1.424
1.8
3.248
1.324
0.6
6.524
2.924
1.224
3.424
4.9
0.1
1.824
4.148
2.024
2.124
2.448
0.9
2.224
2.548
0
0
0.4
1.924
0.1
3.772
2.224
1.624
2.448
0
2.448
3.148
3.972
0.1
0.1
1.224
1.324
3.948
2.448
0.3
3.448
1.3
1.224
0.3
2.648
2.548
4.124
1.324
1.224
0.1
4.672
2.648
1.224
2.448
4.272
1.524
1.324
2.548
1.224
7.948
1.224
1.224
1.324
1.324
3.948
5.348
2.448
1.224
0
2.548
3.948
4.448
1.324
0
3.872
1.224
0.5
1.224
0.8
2.224
2.648
2.748
0.4
1.824
1.724
4.248
4.348
2.548
0.1
0
0.2
2.648
1.824
0.2
0.4
1.324
3.848
1.324
0.3
3.048
0.6
1.424
1.224
2.848
1.224
2.124
2.624
1.924
2.648
1.224
0.3
2.448
1.324
1.424
0
1.224
1.224
1.324
4
1.524
1.224
2.448
0
0
1.524
2.448
0.2
1.224
1.424
1.724
2.648
2.548
1
0
1.224
1.224
1.624
0.1
2.448
1.324
1.224
2.748
0
2.648
1.624
3.948
1.724
1.224
1.224
0
2.948
2.624
1.324
0.3
1.7
0.2
0.2
5.3
3.048
2.548
1.324
0.2
0.2
2.648
1.224
1.924
3.348
3.248
0
0.1
2.748
0.4
1.624
2.448
1.624
2.548
1.224
0.1
1.224
1.624
2.748
0
1.224
3.048
1.324
1.224
0.8
1.224
1.824
2.448
0
0
0.9
1.624
2.448
1.324
2.848
1.224
0.3
4.648
0.1
3.648
1.424
1.524
2.548
0
1.424
4.072
0
2.448
1.324
2.948
2.648
3.948
0
3.672
2.024
2.124
3.848
0.1
1.524
2.624
0
2.748
1.224
1.224
3.972
1.424
0.2
3.048
0.2
1.224
2.748
1.324
0.6
2.448
1
2.448
2.448
2.548
1.624
1.424
3.248
5.096
0.1
0.2
1.924
1.824
0.1
2.548
1.324
2.548
1.324
1.324
1.224
1.524
3.448
1.324
1.324
0.3
2.848
1.924
1.324
0
0.1
0.1
1.324
2.648
1.324
6.824
1.424
0.7
2.748
1.324
2.648
2.548
2.648
2.324
1.724
3.972
1.324
2.224
4.572
1.424
2.848
2.548
2.448
1.524
1.224
0.6
2.024
3.448
2.448
2.748
1.524
3.772
6.7
4.448
0.3
1.924
3.224
3.872
2.448
0.1
1.424
1.224
1.324
1.724
2.548
3.124
3.348
0
2.448
1.224
0
2.548
2.548
2.448
0.1
1.424
1.324
3.148
0.2
2.448
2.648
1.324
2.524
1.224
2.624
2.724
1.324
2.848
1.224
3.148
0
4.172
1.224
2.024
6.548
2.748
1.324
1.324
1.324
1.324
0
4.872
1.224
3.048
2.748
1.224
4.472
2.548
2.448
2.848
1.224
1.224
1.224
2.548
1.824
1.324
4.072
2.548
0.1
3.672
0.4
0.1
1.224
0.2
2.648
1.224
1.224
2.648
2.548
0.3
2.748
0.1
0
0.4
0
0.1
1.324
1.324
3.148
2.648
2.448
3.672
1.324
0
2.548
2.548
2.448
2.848
2.448
0
2.648
6.672
2.948
0
1.224
1.524
1.924
2.124
1.324
2.624
1
1.224
5.172
2.448
4.072
4.896
1.324
3.672
2.448
1.624
4.548
3.724
0.1
0.1
2.548
1.224
1.324
1.624
1.224
1.624
1.324
1.324
2.424
1.524
1.224
3.248
2.448
0.3
0.1
1.524
2.548
0.1
1.324
2.748
0.3
0.3
0.3
2.548
1.324
1.824
3.324
2.748
1.624
1.224
0.9
1.424
1.224
1.224
2.424
3.772
1.5
4.372
1.324
0.4
1.524
1.224
2.948
4.748
1.524
3.672
1.324
3.772
1.424
3.772
7.372
2.748
7.572
4.772
2.524
1.424
2.948
3.672
4.848
4.272
2.548
2.848
1.324
1.224
1.224
2.648
1.424
3.772
1.224
2.748
3.348
2.448
3.348
5.048
2.548
4.772
1.324
0.1
1.224
0.2
1.224
1.624
3.548
2.948
3.348
2.448
4.448
1.324
2.448
1.324
1.324
1.824
2.448
3.948
2.948
3.872
3.648
4.772
1.724
2.648
2.548
2.948
1.324
1.224
2.448
4.172
1.224
2.548
3.748
1.424
1.424
3.348
2.548
4.248
3.348
0
0
4.472
2.124
1.224
2.748
6.048
3.848
1.4
1.324
1.424
1.224
1.924
3.448
3.048
1.324
2.448
0
3.4
0
5.448
0.4
2.548
1.424
3.448
2.548
1.8
0.3
1.724
1.424
0.3
3.024
2.224
1.324
0.1
1.224
0
0.1
1.324
0
7.048
1.424
1.4
2.024
1.424
2.548
2.824
1.224
2.448
0
1.424
1.224
0.2
2.424
3.148
0.7
1.324
0
0.3
1.224
1.324
1.224
1.624
10.024
1.624
1.724
1.624
1.824
3.3
1.424
0
1.224
4.524
1.824
1.724
0.1
0
2.548
3.672
5.048
3.048
4.024
2.548
1.424
1.424
2.948
1.824
3.348
2.648
2.848
2.724
2.748
2.848
1.424
6.396
2.648
2.748
3.348
5.372
4.272
3.972
1.724
3.972
5.696
3.348
3.448
3.672
2.448
2.748
1.724
2.548
8.348
3.448
2.848
2.548
3.348
2.548
6.248
2.948
2.648
5.196
2.224
3.148
2.548
2.548
2.548
2.548
4.348
2.948
2.548
3.872
1.224
7.472
2.548
2.648
2.448
2.648
4.072
4.272
4.148
2.848
2.448
4.848
3.548
3.048
4.072
4.148
2.648
2.948
1.924
2.648
2.448
2.548
3.048
2.948
3.348
4.172
1.724
2.548
2.648
4.272
3.672
2.948
3.872
2.448
2.724
2.448
2.448
3.772
1.924
2.948
2.748
3.548
3.672
4.548
5.548
3.148
2.448
5.324
1.324
2.448
2.748
4.648
4.872
5.172
4.072
4.124
3.248
1.324
2.548
1.524
3.048
4.048
2.124
2.748
2.448
2.448
1.224
3.548
2.948
2.448
2.748
3.672
3.672
3.248
5.348
2.448
4.224
1.224
3.948
2.648
3.348
3.148
3.648
4.572
3.972
2.648
2.748
9.348
2.648
1.324
4.172
3.672
3.448
2.548
2.848
3.448
1.824
4.048
2.648
1.224
2.548
3.048
4.072
2.748
5.748
1.224
6.396
3.548
2.448
2.448
2.748
2.848
2.448
1.324
1.324
3.248
1.524
2.448
3.972
4.072
5.072
3.048
2.324
4.572
3.448
3.548
1.624
1.324
1.424
2.548
9.748
3.524
1.324
2.648
3.148
1.324
4.172
2.748
2.748
3.248
5.372
1.324
3.872
1.524
2.648
2.848
3.972
2.648
3.348
1.324
2.824
6.048
3.672
3.448
2.548
3.048
4.072
3.848
2.548
3.672
4.772
1.624
2.748
3.672
2.648
3.848
4.472
3.548
3.148
3.972
4.272
2.648
2.448
1.624
1.324
2.648
2.448
3.248
3.848
3.972
1.824
1.424
3.724
1.424
1.524
4.848
4.024
2.848
3.148
3.048
5.272
2.448
2.448
7.648
2.124
1.224
3.772
5.096
2.748
4.072
2.448
5.272
1.624
4.172
2.548
3.548
1.524
2.448
2.824
3.672
2.648
2.548
3.772
3.148
4.024
4.472
1.724
1.224
2.548
3.648
3.048
2.848
3.448
2.648
2.548
3.872
2.724
3.748
1.324
1.324
2.748
3.448
1.424
2.024
3.248
2.124
2.448
1.824
1.924
3.772
2.548
2.548
6.196
2.848
3.848
2.548
3.148
3.672
2.948
2.648
2.848
1.824
2.024
2.748
3.324
2.548
3.672
2.448
3.148
3.148
3.672
1.424
2.448
2.548
4.896
2.448
2.448
3.248
5.172
1.324
2.548
4.472
3.248
2.548
2.748
2.848
2.448
1.824
2.648
1.624
3.672
3.348
3.048
3.748
3.948
4.772
2.448
2.748
1.724
2.424
1.324
4.572
2.024
4.572
2.448
4.424
4.148
4.524
1.224
2.548
7.02
3.872
2.424
1.424
2.848
3.348
1.224
1.624
2.748
2.648
2.548
1.824
4.072
2.548
3.248
2.448
1.624
1.224
2.448
2.748
2.648
2.124
3.248
9.248
4.348
3.248
3.548
2.548
2.548
4.972
1.924
1.624
3.972
2.748
5.596
1.224
3.648
3.748
1.524
2.548
2.548
6.272
2.548
2.448
2.524
1.824
3.972
4.848
4.472
4.072
4.472
3.548
1.724
2.448
2.548
5.272
2.548
3.872
4.472
3.248
2.648
4.172
2.448
2.448
4.048
4.172
1.524
2.748
2.748
3.872
2.448
2.748
2.448
2.548
1.424
3.424
3.524
2.648
1.224
1.724
3.672
1.324
3.048
2.548
3.772
6.448
2.848
2.648
1.424
2.748
1.324
1.424
2.748
1.224
5.972
2.848
2.748
1.424
1.524
1.624
2.448
9.772
2.548
2.448
4.048
3.824
4.072
3.672
1.724
2.848
1.424
2.448
3.672
1.724
1.424
1.224
1.224
4.272
6.648
2.548
1.524
2.548
2.548
3.772
1.524
2.848
4.972
5.996
2.448
3.672
2.748
4.348
4.872
2.448
1.324
3.872
4.772
2.648
1.424
3.772
2.448
3.772
2.448
3.248
2.524
2.448
5.548
7.948
2.024
3.448
1.924
2.648
2.748
1.524
1.524
5.096
2.748
2.548
1.224
2.648
2.024
2.548
3.948
4.672
2.948
1.224
3.024
2.948
6.196
1.924
2.448
1.224
1.224
1.824
5.072
6.496
4.372
4.172
2.648
2.448
1.624
3.748
2.548
3.348
1.524
1.224
1.824
2.224
3.048
6.772
7.272
2.848
3.048
3.872
4.896
2.548
1.324
4.172
2.448
1.324
1.824
1.324
3.672
4.896
1.424
3.248
2.648
2.448
2.448
3.772
3.872
2.448
1.224
4.672
3.148
9.948
2.948
3.848
1.524
4.648
8.048
4.896
3.672
2.648
8.972
2.648
1.624
4.372
4.248
2.948
1.624
1.824
1.624
1.924
2.124
6.372
2.324
2.324
3.348
1.524
5.224
3.972
1.324
2.848
1.424
3.948
3.248
4.172
3.448
1.824
1.324
1.224
2.848
2.448
1.324
2.748
1.824
3.848
2.748
3.772
10.124
2.848
2.648
2.748
2.748
4.548
7.048
4.624
2.448
3.548
2.548
1.224
3.748
3.348
4.872
3.024
1.824
3.948
1.624
2.748
3.548
31.22
2.648
3.148
2.448
2.648
3.248
1.324
4.772
3.772
1.424
2.448
5.072
2.948
3.448
1.224
3.048
4.772
2.424
3.448
3.248
2.848
3.848
4.072
2.448
1.324
5.048
3.748
1.424
1.624
1.424
2.548
3.872
5.496
5.272
2.648
4.372
3.948
4.524
2.548
1.424
3.872
3.348
4.648
3.772
1.624
3.148
4.524
2.448
2.748
3.048
4.472
2.548
3.148
1.624
6.448
5.572
3.972
3.748
4.972
3.648
4.348
2.748
4.848
1.224
4.872
3.972
4.772
2.548
2.948
2.448
2.448
1.224
4.572
2.448
1.424
0.1
1.524
1.2
0.5
1.224
0.4
2.4
1.224
8.124
0.5
1.624
0
1.224
1.224
1.224
1.224
0.5
2.524
2.548
1.524
2.448
1.324
1.524
0.1
0
9.724
0.2
2.448
0
3.624
2.224
7.224
3.824
1.224
7.124
3.748
2.548
0.1
1.324
1.224
0.2
0.5
2.448
1.524
0.3
1.324
0.4
2.548
0
1.224
2.948
0.7
0.4
2.548
2.848
1.824
1.224
1.724
1.324
1.424
0
2.848
1.324
4.048
2.548
2.548
1.624
2.448
1.424
2.548
1.524
4.348
2.548
1.824
3.024
0
2.548
2.448
0.1
2.848
3.672
2.124
2.648
1.424
3.348
2.848
2.948
3.672
2.548
4.172
1.924
2.448
1.224
2.748
0
2.548
0.8
8.324
1.924
0.3
1.7
4.224
1.2
