4.036
2.524
6.824
4.248
1.924
0.7
1.824
2.448
0.5
1.224
2.224
0.4
0.5
4.624
5.124
1.324
0
2.448
2.448
3.048
0.7
1.6
1.224
2.448
2.224
2.748
3.148
2.624
2.948
1.524
2.548
0
8.1
0.2
2.636
4.036
2.236
2.136
2.036
2.736
2.236
9.136
1.836
2.236
2.136
1.936
2.736
3.236
3.036
3.036
2.036
1.936
3.536
2.236
2.236
3.26
2.336
1.836
2.136
5.036
8.236
4.636
2.236
9.184
4.936
2.836
2.236
2.136
2.536
8.636
2.836
5.536
3.336
1.936
10.936
6.56
1.936
4.06
1.936
1.936
5.56
2.036
2.036
2.336
2.136
1.836
1.936
1.836
3.16
8.084
2.236
3.36
2.436
2.036
1.836
2.736
3.136
1.836
4.484
4.484
2.236
4.236
4.436
1.936
3.06
1.836
1.936
5.536
2.336
2.336
3.036
1.836
1.836
1.836
2.136
3.536
2.336
3.66
2.036
2.036
14.736
2.036
4.584
4.036
2.336
1.936
2.236
2.036
1.936
3.636
3.436
2.536
2.136
2.236
2.836
3.136
2.236
2.436
2.836
5.536
3.76
5.184
1.836
3.236
1.836
1.936
2.736
2.836
1.936
1.836
1.936
2.136
2.436
2.036
4.136
3.036
3.336
2.736
5.636
2.136
2.036
1.936
1.936
1.836
3.236
2.236
3.16
1.936
2.136
37.684
2.236
4.436
2.036
2.236
2.036
5.36
2.136
1.836
1.936
2.836
3.036
4.436
3.36
3.76
4.536
5.66
5.236
2.336
2.236
3.26
4.06
2.536
2.536
4.836
2.336
3.436
2.036
2.736
0.1
2.824
1.2
1.324
0
1.1
6.4
0.1
0.1
1.7
2.424
1.624
1.324
1
4.948
0
0
12.4
0.5
5.924
0
0
0
1.624
4.6
1.524
1.324
1.2
0
0.1
2.524
0
3.548
2.448
0.1
0.2
1.724
0.2
11.624
0.2
0
1.5
0.1
2.6
1
0.2
0.2
1.324
1.424
1.224
0.1
6.424
0
0.3
0.3
0
1.424
0.1
0
1.9
2.948
0.9
1.324
0
1.624
1.5
1.224
0
3.424
1.424
0.1
1.224
0
0.9
0
1.524
3.5
0.1
1.424
2.036
0.2
0
1.224
0
2.824
2.448
2.024
0.3
0.2
0.1
0.2
0.1
0
1.224
0
3.5
1.424
0.1
1.524
0.3
0.4
0.2
2.948
0.2
0.8
2.324
2.024
0
1.1
1.6
2.548
1.1
2.024
0
0.5
2.448
2.548
1.824
0
0.2
1.224
0.8
0.3
1.724
2.3
1.1
1.6
0
0.2
1.424
1.324
0
9.248
2.548
1.424
3.224
1.624
0
0.2
1.324
6.9
1.324
0.1
0.1
7.7
0.6
2.4
1.4
0.6
1.724
3.1
0.3
0.4
0.8
5.4
12.5
2.648
0.3
0
2.236
2.548
2.2
0.6
1.424
0.1
0
0.1
1.524
1.324
1.324
1.624
1.224
1.324
0
1.624
1.224
2.548
0
3.324
1.324
1.224
1.824
3.348
6.048
1.324
0
2.448
0.7
1.424
1.9
0.3
0.3
1.424
2.948
10.648
1.424
3.948
0.1
0.2
0.4
0
2.448
1.424
2.024
0
0.7
0.1
0
1.224
1.224
1.2
1.224
8.024
1.9
1.824
0.2
3.148
0.9
0.8
2.448
1.624
0.4
0.4
3.248
1.1
5.848
0.5
0.7
2.748
0.3
2.6
2.824
2.448
0.9
0.3
1.2
3.124
3.748
0.2
3.4
0.9
3.348
2.548
3.548
2.548
1.324
3.148
1.424
1.224
0
1
0.6
3.148
0
2.548
1.8
0.2
0.2
2.124
1.324
0.3
6.248
1.2
0.3
0.3
2.4
3.148
0.2
1
6
2.8
2.448
2.1
5.7
0
1.824
5.248
2
4.848
1.224
1.2
2.424
0
1.224
0
0.4
3.148
0.1
1.224
3.648
3.548
0
0.1
1.224
2.024
1.624
0.1
0
2.448
0.2
4.324
1.524
1.424
0.6
1.7
0
1.324
0.4
1.624
4.024
2.448
0
0.2
2.424
1.524
0
1.224
1.824
2.648
0.2
2.548
0
6.6
0.4
0
0
2.548
2.624
4
0
1.324
0
1.424
2.824
2.724
0.2
0
1.524
0.2
1
0.2
1.3
4.348
0.1
2.848
0.5
3.448
0.7
3.524
4.148
0.2
0.2
0
1.924
1.424
1
0.1
0.3
0
3.424
0
0.3
4.248
0.5
0.1
0
1
0
1.3
1.9
0.4
2.748
1.224
1.624
0
2.648
0.4
0
1.224
0
0.1
5.1
0.8
1.224
0
1.224
0.1
0.2
1.324
0.3
2.748
0.6
2.124
2.748
0
1.5
0.1
0
0.1
0.1
0.1
1.224
0.1
2.648
3.148
1.224
1.424
2.848
4.748
0.9
2.648
2.448
0.1
1.724
1.6
1.624
1.524
3
0.6
0.2
7.4
3.448
1.324
2.748
0.2
0.9
0.1
2.448
3.448
2.124
3.124
0
1.324
0.5
0.4
0.5
0.2
1.524
1.424
1.724
0.2
0.1
3.548
1.424
1.224
0
0.9
1.324
0.1
2.2
2.448
2.024
0.2
0
0.2
1.4
0.4
1.224
1.724
1.524
2.448
2.024
4.824
0.3
2.524
0.2
0.4
0
0.1
1.424
1.524
0
1.324
0.1
2.024
1.624
3.024
0
2.448
2.624
2.424
2.524
0
3.048
2.924
0
1.524
2.548
0.3
3.148
0.2
1.924
2.024
0
1.424
1.424
0.4
0.5
2.448
1.2
0
1.224
1.324
0.4
2.548
2.124
1.424
0.6
0
0.8
0.7
0
2.948
0.1
1.424
2.548
0
0.2
2.848
2.324
1.424
2.448
1.524
1.924
0.8
0.1
0
0.2
0.2
1.324
2.548
1.424
9.224
0.2
0.9
1.324
2.448
1.424
0.1
1.424
1.6
3.148
2.024
0.3
2.1
2.224
0.1
1.724
2.548
0.1
0.9
0
0.2
0.9
2.524
0
1.224
0.2
1.224
10.624
5.524
2.024
0.8
3.124
1.724
0
0.1
0.3
0
2.548
0.5
1.424
1.7
2.324
0
2.448
1.224
0
1.424
2.748
1.324
0.1
1.324
1.324
1.724
0.6
1.224
1.524
0.2
3.548
0
3.948
3.824
0.4
1.924
2.448
1.724
0
1.724
0
2.124
6.924
3.148
0.1
1.224
0.3
0.2
0
2.524
0
3.048
1.524
0
2.424
1.224
2.448
2.024
2.748
1.324
0
1.224
0.5
2.548
1.524
2.548
0.2
1.224
1.524
0.3
0
0.1
2.948
0
0.2
1.2
1.424
1.424
1.624
1.324
0.2
1.624
0
0.1
0.3
2.548
2.524
1.524
0
1.424
1.224
0
2.848
0
1.324
1.924
1.424
0.1
1.424
4.424
0.2
0.3
0
0.1
0.3
0.2
2.648
1.6
1.3
0.1
3.024
0.2
1.424
1.224
2.648
1.524
1.424
0.3
4.024
4.5
0.2
0.1
1.224
2.448
0.3
0.1
1.324
0.5
0.1
1.424
1.4
2.848
0.3
2.724
2.448
0.3
0.1
2.948
1.324
1.224
0
0.4
0.3
0.2
0.3
1.524
0.1
0.7
6.248
1.1
0.2
0
2.224
1.324
0
0
2.2
2.448
2.2
2.324
0.3
1.824
0.3
2.448
4.348
6.148
0.6
1.224
2.548
1.424
1.1
1.424
6.024
1.224
6.648
2.424
1
0.5
3.148
1.224
4.648
1.724
2.648
2.848
0.2
0.1
0
1.624
0.2
1.524
0
1.724
2.424
1.424
2.324
5.924
1.224
2.524
0.1
0.1
0
1.624
2.848
1.824
2.3
3.048
3.448
1.424
6.248
2.648
1.224
0.3
0
0.8
2.648
4.148
3.948
1.424
1.9
1.3
0.3
0.5
0.1
2.924
0.2
0.1
0
1.624
0.1
1.524
2.924
0.3
0.3
2.024
1.524
2.724
0.8
0.1
0.1
2.824
2.124
1.224
2.024
6.124
3.024
1.8
1.424
2.548
0
0.9
1.8
1.724
0
0.1
0
6.424
0
4.5
2.236
1.424
0.3
2.2
1.324
2.3
0.2
0.8
1
0.2
3.7
0.5
0.1
0
0
0
0.1
2.748
0
8.148
0.1
1.9
0.2
0.1
0
1.3
0
1.224
1.224
0.2
0.1
1.524
5.348
1.6
0.9
0.2
1.224
1.524
1.324
0.2
0.4
1.1
13.4
0.7
0.7
0.7
0.5
6.824
2.024
2.224
0.2
3.8
0.6
0.9
1.424
0
0.1
1.224
3.6
0.4
3.5
0.5
1
1.624
0
0.9
0.6
1.424
0.4
2.7
0.6
1
1.624
1.3
1.424
0.1
1.1
3.224
0.2
0.2
1.624
0.6
1.724
0.7
1.2
2.548
0
0.3
2.224
0.2
6
2.024
0.3
0
1
1.524
3.3
0.9
0.2
1.524
1.3
0.5
0.1
0.3
0.1
0.4
2.7
1.3
0
0.2
1.224
2.6
0.2
0.1
0.2
0.1
0.6
0.3
1.6
0.4
0.1
3.1
1
0.4
1
2.5
0.2
0.9
0.5
0.5
1.224
0.4
2.524
1.524
0.8
0.4
0.7
0
0.4
0.2
0
0.3
1.524
0
2
0.1
0
0.3
1.4
1
2.748
0.9
0.5
1
3.3
1.8
0
4.7
0.1
0.2
0.5
1.8
0.7
2.124
0.4
7.024
1.3
1.324
2.648
1.824
0.4
1.5
2.624
0.5
0
1.324
1.324
1.1
0.7
0
0.2
0
0
0.7
5.224
0.1
3
1.224
1
0.4
1.4
1.7
1.5
1.7
2.224
0.5
0.1
9.3
0.2
0.2
0.7
0.2
0.9
0.1
0.5
0.7
1
2.5
0.7
0.1
0.1
1.6
0.7
0.4
3.3
0
3.224
2.224
0
0
0.4
0.4
0
0
0.1
0.9
1.824
0.1
0.3
0.2
1.6
1.3
1.4
0.9
1.7
1.6
2.324
1.324
1.624
0
9.4
4.424
1.224
0.1
1
1.424
0.3
0.8
0.6
1.6
3.424
0
0.7
0.3
1
1.1
0.7
0.2
0.9
0.1
2.2
5.4
1.224
0.8
0
0.2
0.2
2.7
0.3
1.224
0.6
0.2
0.4
0.1
0.4
1.9
1.1
1.6
0.4
0.5
0.5
0.2
0
2.024
1.224
0
0.1
0.9
2.624
0.4
0.6
0.2
2.5
0.1
0.6
5.324
4.124
1.624
2
0.6
2.3
0
0
4.6
1.924
1.524
0
1.324
0.1
0.2
0
2.4
0.3
0.5
0.1
0.8
0.4
0
2
2.548
0.1
0.2
0
1
3.1
1.2
0.5
0.1
0
1.3
1
0.5
1.7
0.2
0
1.824
1.8
1.8
1.324
0.4
0.3
0.8
1.524
2.524
0.8
0.8
0.3
1.624
2.024
1.324
0.1
0.1
2.424
0.6
1.2
0.1
0.8
1.324
0.3
0.2
0.9
0.5
2
0.3
2.9
0.2
0
0
0.3
2.224
2.748
0.2
0
0
1.524
0.2
0
0.7
3.124
1.424
0.2
1.4
0.5
0.3
0.4
0.5
1.224
1.2
0.3
0.6
1.224
0.9
1.924
2.1
0.8
1.6
0
0.5
0.8
1.7
0.1
3.124
2.324
0.9
0
4.2
1.7
3.4
1.624
0.3
2.424
0.1
3.524
0.2
0.2
2
0
0.2
0.5
0
0.4
2.324
0.2
0
0.9
0
0.5
0
0
0.3
0.1
2.124
1.1
8.724
1.6
0.6
2.624
0.1
0.2
1.3
1.5
1.4
1.824
0.6
1.424
1.224
1.9
1.7
2.024
0.5
1.424
3.8
0.2
0
1.7
1
0.5
3.4
1
0
1.7
0.7
0.7
0.2
0
2.2
0.1
0.1
2.424
1.3
0.1
1.724
0
0
2
0.7
0
0.5
0.4
0.5
0
0.4
0
0
0.3
2.3
3.7
0.4
0.2
1.924
0
0
0.3
0.1
0
4.8
0.9
0.2
0.6
0.3
0.3
0.2
0.3
0.1
1.4
0.3
0.6
1.524
0.2
1.524
0
6.5
0.1
0
2.2
4.024
0.2
0
1
0.7
0.3
0
1.424
0.2
1.524
1.224
0.1
0.8
6.524
0
0.1
0
0
1.624
0.3
0.3
1.3
2.524
0
0.3
1.424
2
0.7
2.548
0.2
0
2.124
0.1
0
1.524
0.1
0.4
0
0.4
0.9
0
3.5
5.7
2.524
1.4
2.224
0.1
0.2
0.7
1.724
0.1
0.3
0.1
1.224
0
2.824
0.1
0.9
1.3
1.524
0.2
2.5
0.9
2.424
1.6
0.1
1.224
0
0.9
1.7
2.924
0.9
0.9
0.3
0
0.4
1.1
0.3
1.5
0.3
1.224
0.9
1.9
0.7
3.1
3.8
0.5
0.5
1
1.324
0.1
0.3
2.024
2.548
1.324
0.6
0.1
1.224
1.224
0.1
0.8
0.2
1.224
0
0
0.1
0
0
2.124
1
7.7
0.7
1.7
1.624
1.8
5.1
1.324
0.1
0.2
5.324
0.2
0.3
1.724
1.7
0.2
1.3
0.7
0.4
0.3
1.724
3.224
2
2.324
4.548
0.4
4.9
1.524
0.4
0.2
1.524
1.6
2.224
0.4
0.6
2.524
1.324
1.224
0.6
0.1
0.4
0.5
1.6
1.7
0.1
0.4
10.624
0.4
0.2
0.4
3.048
3.4
7.024
6.124
0
2.3
0.2
0
3.224
0.7
2
1.4
0.6
1.6
0.7
0.6
1.4
10.424
0.4
0.8
0
0.2
1.4
0.1
2.1
0.1
0.1
0.1
2.724
0.3
1
0.1
0.6
1.6
3.024
1.4
0.6
0.4
2
0.8
0
0.1
3.3
2
0.3
0.9
0.4
0.1
0.4
0.3
2.7
0.3
0.7
1.2
4.2
0.1
0.2
0.3
0.4
3.3
1.224
0.1
1.7
4.924
1.324
0.9
0.4
2
0.7
0.5
0.2
3.6
2.7
0.7
1
2.1
3.336
4.836
2.136
4.136
1.936
3.236
1.624
2.924
0.1
0.4
0
0
1.424
3.236
1.224
0.3
0.2
3.348
4.424
0
0
2.124
4.4
0
11.3
1.824
0.2
0
0
0
2.548
0.2
0.7
4.048
0.2
2.848
0
2.748
0.7
1.324
0
13.948
0.3
0
0
5.324
1.6
9.6
3.1
0
7.8
2.624
2.848
0.4
0
0
1.324
2.124
1.324
0.1
0.3
2.448
0.9
2.448
0.1
1.324
1.524
0.9
2.724
1.224
3.448
1
1.324
1.424
2.448
0.3
0.1
1.724
0.2
4.548
1.324
1.424
0.5
1.224
1.424
0
0.5
5.848
1.324
1.1
2.1
0.1
0
0
0.8
1.624
1.324
1.1
2.024
0.6
2.624
1.824
0.3
1.224
2.548
2.124
0.7
2.548
1.224
0.5
0
0.1
1
11
0.5
0.4
2.5
7.748
2.1
