1.624
0.4
2.124
0.1
1.324
1.224
1.224
1.224
2.448
1.224
2.648
2.448
1.424
1.824
1.724
0
0
0
0.1
0
1.324
1.424
0
0
1.424
0
0
0
1.324
0
0
1.324
2.624
1.224
0.2
1.424
1.224
1.224
0
1.624
1.224
2.324
0
0
0
1.224
0.1
0.3
1.524
2.948
1.224
0.1
3.748
0
0.2
0
1.224
0.1
1.224
1.724
0.7
0.1
0
0.4
0
1.324
0
0.3
1.324
0.4
1.524
2.748
1.524
1.424
2.424
1.524
0
0.1
0
1.324
1.924
0
1.224
0
0
0
0
0
0
0.6
1.224
0
0.2
0
0
2.848
2.648
1.324
0
0.1
0
0.2
0.1
1.224
0
1.324
1.224
1
0
1.224
1.824
0
1.224
1.224
0.2
0.3
1.224
0.1
1.224
1.424
1.5
0
0.1
2.124
0.1
1.324
1.324
1.324
0
1.724
1.524
0.2
0
0.1
1.524
0.6
1.324
1.224
1.424
0.2
1.224
0
0
1.424
0.1
0.1
1.324
0
1.324
0
1.224
1.224
1.224
1.324
1.824
1.524
0
0.2
1.524
0.2
1.224
0
1.224
0
0
0
0
1.324
0
1.4
1.224
1.624
1.324
1.324
1.224
1.824
0
0
1.424
2.224
1.724
2.024
1.224
2.448
1.524
2.748
2.748
2.648
1.524
2.448
1.724
3.772
2.848
2.848
2.448
3.048
2.448
2.848
1.224
0
1.424
0
0
0.3
2.224
0
1.224
2.948
1.424
1.224
1.224
1.424
0.3
0
1.224
0.7
1.224
0.4
0
0
0
1.224
1.924
1.224
1.324
1.324
1.224
1.224
1.324
2.448
1.524
1.224
1.224
0.1
1.324
0
2.424
1.224
0
1.624
0
1.524
1.424
0
0.1
0.2
0
0
1.224
0.9
0
0
0.1
0
0
1.324
0
0.1
1.224
1.224
1.224
1.224
1.324
0.4
1.224
1.224
0.1
1.224
1.224
1.224
1.224
1.324
1.224
1.224
0.6
0
1.224
0
2.648
1.224
0
0
1.624
1.224
1.324
1.324
1.224
1.224
1.224
1.224
1.224
1.224
0
0.3
0
0
0
0.1
0.2
1.224
0
1.224
0.1
0.2
0.1
0
0.1
1.424
0
1.324
0.4
0
1.224
0
0
1.324
1.224
1.224
0
1.224
1.224
0.1
1.524
0.1
0
1.324
0
0.1
0
0
0.4
0
0
1.324
1.424
0
0
0
1.724
1.224
0
2.548
0.9
0.1
1.424
1.824
2.448
1.324
0.2
1.224
2.448
1.424
0.7
0.8
0
0
1.224
0
0
3.672
3.972
0
2.448
2.448
1.224
0
0
2.448
0
1.224
1.224
1.224
0.1
1.324
0
0
0.3
0
0.1
0
1.224
1.724
0
0
0
0
1.224
2.548
1.424
0.1
0
2.448
0.7
0
0
2.448
0.1
1.524
1.224
0
1.324
1.324
1.224
1.424
1.224
2.448
1.224
1.224
1.224
1.224
0.7
1.524
1.224
0
0
0
1.524
0
0
0
1.224
1.224
1.224
0.6
1.324
1.424
0
2.448
1.624
1.324
0
1.224
1.224
0.2
1.424
0.1
1.224
1.524
1.224
1.324
1.224
0.1
0
1.224
0
1.224
0
1.224
1.524
1.324
0.1
0
0
1.524
0
1.224
0
0
0
2.124
1.324
1.224
1.224
0.2
1.324
0
0.2
2.224
0.4
0
1.524
1.624
0
1.324
1.524
1.424
0.1
0
0.1
0.3
1.224
0
1.224
0.2
0
0.1
1.224
1.324
0.1
1.224
1.224
0
1.324
1.224
0.1
0
0
1.324
2.324
1.224
0.1
1.224
0.2
1.324
0
1.224
1.224
0.1
0
0
1.224
1.324
1.224
1.224
1.224
1.224
0
2.448
1.224
0
0.4
1.324
1.224
1.224
0
1.224
1.624
1.224
0
1.224
1.224
1.524
1.524
2.448
0
1.324
1.224
1.324
1.224
1.324
0
1.224
0.1
1.424
0
1.424
1.624
1.424
1.324
1.224
1.324
0
1.324
1.224
1.324
0
1.224
1.324
1.324
0
0.2
1.224
0.1
0
0.2
2.548
1.424
1.424
2.548
2.448
1.224
0
1.224
0
1.224
0
0
1.224
1.224
2.324
1.324
0
1.224
0
0
1.224
1.224
1.324
0.1
1.224
1.224
1.224
0
0.3
0
1.224
1.224
1.224
0
1.224
1.224
0
0
0
1.224
0
0
1.224
0
0
1.224
0
1.724
0.1
0.1
0.6
0
0
2.124
1.424
2.448
0.2
0.1
0.1
1.224
0
0
1.324
3.248
0
0.1
1.424
1.224
1.324
1.424
0.3
1.224
0.1
0
1.224
0
1.224
1.224
0
1.924
1.224
1.224
0.3
0
1.424
0
1.224
1.324
0.2
1.224
1.224
1.424
1.224
0
0
1.924
0
2.548
1.224
0.1
1.224
0
0
2.448
1.224
1.224
1.224
1.224
1.224
1.324
0
1.224
1.324
2.848
1.724
1.224
1.224
0.2
1.224
1.224
0
1.224
1.224
1.224
0
1.524
0
0
0.1
1.224
0
0
0
1.224
1.224
1.324
2.548
0
0
1.224
0.3
0.4
1.424
1.424
1.224
1.324
1.224
1.224
0
0
1.324
0
1.624
1.224
0.1
0
1.224
1.224
0
1.224
1.224
0
0
1.224
0.1
0.3
1.224
0.3
1.224
0
1.424
1.224
1.224
2.124
0.4
2.448
0.2
1.324
0
1.224
1.224
1.224
1.224
2.448
0
1.224
1.224
0.2
1.224
1.224
1.324
1.224
1.1
3.848
0.1
0.1
0.5
1.224
1.224
1.224
1.224
1.224
0
1.224
0
1.524
2.548
1.224
0
0
1.224
1.224
1.324
1.224
0
2.448
2.448
1.224
1.224
0
1.324
1.224
0
1.224
0.4
0.1
1.424
1.324
0
0.1
0
2.448
0
0.3
0.3
1.324
1.224
1.224
1.224
1.224
0.1
0.1
1.224
1.424
1.224
1.224
1.524
1.224
1.224
1.224
0
0
1.224
1.224
1.324
0
1.324
1.224
0.1
1.224
0
0
1.224
1.224
2.448
0
0.1
1.224
1.224
1.324
1.224
0
1.224
0.1
1.224
0.1
0
0
1.424
1.424
1.224
1.224
0.1
1.224
0
1.224
0
1.424
1.224
0
2.448
1.724
0
0
1.224
1.224
2.448
1.324
0
1.424
1.824
1.224
1.524
0
2.448
1.224
1.224
1.224
1.324
1.324
1.624
2.124
1.324
0
1.224
0
1.324
1.224
0.1
1.324
2.448
0
1.524
0
2.448
1.624
1.224
0
0
0.1
0
0
0
1.324
1.224
1.224
0.1
0
0
0.5
0.4
1.224
1.324
1.224
0
0
2.548
0
2.848
1.224
1.324
1.324
1.224
0.4
1.224
0
1.624
1.724
1.424
1.224
0
1.224
2.548
1.224
2.848
0
1.424
1.324
1.424
0.1
1.424
1.224
0.4
1.224
1.224
1.324
1.224
1.224
1.224
1.324
1.224
1.224
1.224
1.324
1.424
1.224
1.324
0.5
0
1.724
0
0.2
1.224
1.224
0
0.3
1.724
1.224
1.524
1.224
0.8
0
0
1.224
1.224
1.324
0
0.1
0.2
2.448
4.672
2.548
1.224
1.224
1.224
0.1
1.324
1.224
0
1.324
0
1.224
1.324
1.324
1.224
1.224
1.224
1.524
1.224
1.324
1.224
1.424
0.1
0
1.224
2.224
1.524
0.2
2.548
0.1
1.224
0.2
1.424
1.324
0
1.224
0
0.8
0
0.3
0
2.448
1.324
1.524
1.224
0.2
0.1
0
1.324
1.324
0
1.324
0
1.324
1.224
1.224
1.324
0
1.224
0.7
1.224
1.624
2.748
1.224
0
1.424
0.1
1.224
0
1.224
1.224
1.224
0.4
0
0.3
1.424
1.324
0.2
0
1.224
1.224
1.324
3.224
0
1.224
1.224
1.224
0.5
0
0
0.1
3.648
2.548
0
0
1.224
1.224
2.448
6.072
3.772
3.048
1.424
2.448
2.448
1.224
2.648
1.624
1.324
2.648
5.248
2.448
2.748
1.324
3.872
3.672
2.448
2.024
2.948
2.648
2.548
1.524
1.424
2.848
4.172
4.272
1.224
2.448
3.772
2.648
2.448
3.948
2.948
2.648
1.324
2.848
1.324
3.448
1.724
2.548
2.448
4.048
1.424
1.424
1.224
1.324
1.224
1.424
4.272
3.672
2.548
1.224
3.248
2.648
3.872
2.448
1.424
1.324
2.548
4.348
2.648
2.448
2.648
2.648
2.548
2.648
1.324
2.448
4.172
2.748
2.748
1.224
2.648
2.448
2.548
2.548
2.748
1.224
1.224
1.324
2.448
2.448
2.648
1.224
2.448
3.348
1.224
3.672
1.224
2.648
2.548
1.224
2.548
3.672
3.248
3.148
2.548
2.448
3.324
2.448
2.448
2.448
6.472
2.648
1.724
2.448
1.924
2.448
1.224
1.224
1.224
1.324
2.548
2.448
2.448
2.448
3.672
2.448
2.648
2.448
1.224
3.772
2.448
2.448
2.948
2.124
2.448
3.348
1.324
2.848
1.324
1.624
4.272
3.048
3.448
3.872
2.548
3.972
1.624
2.448
2.448
2.648
1.424
2.848
2.448
1.524
1.324
2.648
4.448
2.448
2.448
2.648
5.272
2.748
2.948
3.448
1.224
3.348
1.424
2.448
2.448
1.324
3.672
2.448
2.548
2.448
2.548
1.224
2.548
2.448
2.648
2.948
2.648
3.148
3.972
2.548
4.272
1.424
1.224
1.324
2.548
2.324
2.224
2.448
1.224
1.324
1.224
2.648
2.448
1.324
3.048
2.748
2.448
1.224
2.848
2.548
3.348
3.872
1.324
4.572
2.448
1.724
1.924
1.224
3.772
2.548
1.224
2.548
4.272
2.448
2.448
2.748
2.548
2.448
2.448
2.548
3.048
4.772
3.048
3.772
2.748
3.772
1.324
2.448
2.548
1.424
2.748
2.448
2.648
1.524
1.224
2.948
2.548
3.048
2.548
2.548
4.772
2.424
3.672
2.524
2.548
1.724
1.224
2.448
6.072
1.424
2.548
2.448
2.448
1.224
2.548
2.448
3.348
2.648
2.748
2.448
2.848
2.548
2.448
2.548
1.224
2.548
2.448
2.448
3.048
5.748
2.848
2.548
2.648
1.224
4.672
3.972
2.548
1.324
2.448
3.672
1.424
2.648
1.724
1.224
2.548
4.072
2.448
2.448
1.524
3.772
4.048
1.524
1.224
1.324
2.748
1.224
1.224
3.148
2.848
2.548
2.548
2.448
1.224
2.448
2.548
2.648
1.224
4.048
2.448
3.048
1.224
2.448
1.424
2.548
2.548
2.548
2.748
2.448
2.448
2.648
3.672
2.448
2.648
4.472
1.324
1.424
2.748
3.872
1.424
3.672
1.424
1.224
4.348
1.324
1.224
1.224
2.748
2.848
3.648
4.572
4.272
2.448
3.872
3.348
4.448
1.224
4.072
2.948
2.748
2.448
4.648
2.948
4.848
1.324
2.448
2.648
2.448
3.248
2.448
2.448
2.848
2.548
1.324
2.448
1.224
1.224
1.524
2.648
1.224
2.448
3.972
2.748
2.448
3.672
3.672
2.548
2.448
4.172
5.072
3.348
1.724
3.772
1.224
1.324
2.848
1.224
1.424
2.648
2.448
2.948
1.224
2.548
3.672
1.424
3.672
1.324
1.524
1.324
3.772
1.824
2.548
2.748
2.524
1.224
2.548
4.448
3.248
2.648
2.448
2.448
4.272
1.224
2.548
2.748
4.172
2.448
1.224
2.448
2.448
3.048
2.548
1.224
2.748
2.648
1.424
3.672
1.324
3.672
1.224
2.548
1.724
1.824
2.548
2.748
2.548
2.448
1.224
2.748
1.324
2.548
3.248
3.872
1.324
2.848
2.448
2.648
2.548
2.448
2.448
3.148
1.424
1.324
1.324
1.324
2.548
2.448
1.324
2.548
1.324
2.648
2.324
2.448
2.448
3.848
2.548
2.448
2.448
2.448
1.424
2.548
2.448
1.224
2.548
4.972
2.548
2.448
2.448
1.224
2.448
2.748
2.448
2.448
2.948
2.448
1.224
3.672
4.372
2.648
1.324
2.448
2.448
3.048
1.324
2.648
1.224
1.224
2.648
2.448
2.548
2.848
2.448
4.548
3.448
2.748
3.972
1.624
2.448
2.448
2.548
1.524
2.548
2.448
3.772
1.224
2.448
1.524
1.224
1.624
3.948
3.672
2.448
4.848
2.548
2.748
3.048
2.448
1.224
2.448
1.424
2.848
4.272
3.548
2.648
2.448
1.224
2.648
3.048
2.448
2.848
3.148
2.448
2.648
2.948
4.372
3.248
6.072
2.648
4.172
2.948
2.448
3.672
1.224
4.172
1.324
1.224
2.648
2.548
2.448
2.448
2.448
2.848
1.424
1.224
2.448
2.448
1.324
2.448
2.448
2.448
2.948
5.048
1.524
1.324
1.224
1.524
3.148
2.448
1.224
1.324
2.848
2.448
1.324
2.448
3.548
3.872
2.848
1.424
2.748
1.624
1.624
4.172
4.148
1.624
1.424
1.324
3.048
2.448
2.548
2.448
1.324
2.748
3.972
2.648
1.524
2.548
1.224
1.224
2.748
3.672
2.548
2.448
2.948
3.048
3.672
2.548
3.924
3.772
4.172
2.648
1.324
2.024
2.424
2.224
2.448
4.072
2.448
1.224
2.948
2.548
1.224
3.148
1.424
2.848
1.224
3.672
2.948
3.248
3.672
2.448
2.448
1.324
10.772
2.448
5.472
2.448
2.548
2.448
2.648
2.648
3.148
2.448
2.948
3.348
3.748
2.448
1.324
2.548
1.524
2.648
2.548
2.448
4.772
3.148
2.448
2.648
2.448
3.672
3.772
2.648
4.872
3.972
2.448
4.572
2.948
2.448
2.448
2.548
3.972
3.248
1.224
2.648
3.772
3.348
1.324
2.648
2.548
2.648
1.324
2.448
2.548
3.248
3.248
2.748
3.972
3.148
2.748
2.948
1.424
3.348
1.324
3.148
2.548
4.172
2.448
2.548
1.224
2.448
1.224
2.548
1.224
1.224
1.224
0
1.624
1.224
2.448
1.424
1.524
0
1.2
0
2.448
1.224
0
0
0
1.224
0
0.6
1.424
0.2
0
0
2.448
0.2
1.224
1.5
0
1.224
0
2.124
1.324
1.824
1.424
1.224
2.024
1.424
1.224
1.224
1.224
1.224
0
0
0
1.424
0
0
1.524
0
0
0
1.224
0
0.1
1.224
0.2
1.324
0
0
0
0.1
1.324
0.1
1.224
0.4
1.224
1.224
1.324
0
1.224
1.224
0
1.824
1.224
2.748
2.548
1.224
0
1.224
0.1
1.224
1.224
1.224
1.424
1.424
1.324
1.224
1.324
1.224
0
1.224
0
1.224
0
1.224
1.224
1.224
0
2.524
1.324
1.424
2.024
0.7
1.624
