3.048
0.4
2.424
0.2
1.524
1.224
1.324
1.224
2.448
1.224
2.448
2.448
1.324
1.824
1.524
0.1
0
0
0
0.1
1.224
1.524
0
0
1.224
0
1.424
0.2
1.324
0
0
1.224
2.924
1.224
0.2
1.424
1.324
1.324
0.1
1.924
1.224
3.348
0
0
0.2
1.424
1.524
0.5
1.324
3.048
1.224
0.3
3.548
0.1
0.1
0.1
1.224
0.2
1.424
1.624
0.8
0.5
0.1
0.7
1.524
1.524
0.1
0
1.224
1.2
1.724
2.848
1.424
1.324
3.548
1.624
0
0.2
0.1
1.224
2.124
0.2
1.224
0.1
0
0
0
0
0.1
0.6
1.224
0.2
1.224
0
0
2.848
2.648
1.224
0
0
0.1
0.6
0.4
1.224
1.324
1.324
2.448
0.8
0
1.224
3.148
1.324
1.224
1.224
0.2
0.4
2.548
0.3
1.324
1.524
1.7
0.1
0
1.724
0.1
1.324
1.524
1.224
0
1.424
2.648
0.1
0.1
0
2.748
0.7
1.424
1.224
1.524
2.124
1.224
0.1
0.1
1.324
0
0
1.324
0.1
1.224
0.2
1.224
1.324
1.324
2.648
2.124
1.624
1.324
0.2
2.748
0.1
1.624
0.1
1.224
1.224
1.424
0.2
0
1.224
1.224
2.1
1.224
2.424
2.548
1.324
2.448
2.024
0
0
1.424
1.924
2.124
3.324
1.424
2.548
3.048
2.948
3.548
2.548
1.524
2.448
1.824
3.872
2.848
3.448
2.548
2.848
2.548
4.472
1.224
0.2
1.624
0
1.224
0.2
3.424
0
1.224
3.148
1.224
1.224
1.224
1.424
0.1
0
1.224
3.024
1.224
1.624
0
0
0
1.224
2.424
1.224
1.224
1.624
1.224
1.224
1.624
2.448
1.224
1.224
1.224
0
1.324
0
3.524
1.224
1.224
1.424
0
2.024
1.524
0
1.224
0.1
1.224
0
1.224
0.4
0
0.1
0
0
0.1
1.324
0
0.2
1.224
1.324
1.224
1.224
1.324
0.2
1.224
1.224
0.6
1.224
1.224
1.224
1.224
1.224
1.324
1.224
0.5
0
1.224
0
3.672
2.448
1.224
0
1.824
1.224
1.524
1.224
1.224
1.224
1.224
1.324
1.224
1.224
0
0.6
0
1.224
0
1.224
0.1
2.448
0
2.648
0.2
0.3
0
0
0.1
1.424
0
1.424
0.4
0
1.224
0
0
1.224
1.224
2.448
0
2.448
2.448
0.1
2.448
1.524
0.3
1.324
0
0
0
0
0.6
0
0
1.524
1.424
0
0
0
3.148
1.224
1.224
2.548
1.3
1.424
1.424
1.424
2.548
1.524
1.224
2.548
3.772
2.748
0.9
2.924
0
0
1.224
1.424
0
3.972
3.772
0
2.448
2.448
1.224
0.1
0.1
2.448
0
1.224
1.224
1.224
0
1.224
0
0
0.3
0.1
0
0
1.324
1.624
0
0
0
0.1
1.324
2.648
1.424
0
0
2.448
0.8
0
0.3
2.448
0
1.624
1.224
0
1.224
1.224
1.224
1.224
1.224
2.448
1.224
1.224
1.424
1.324
0.8
1.624
1.324
0
0.1
0
1.424
0
1.224
0
1.224
1.224
1.524
0.4
2.448
1.224
0
2.448
1.424
1.724
0
2.548
1.424
0.3
1.424
0.1
1.324
3.148
1.324
2.548
1.224
1.224
0
2.448
0
1.224
0
1.224
1.524
1.324
0.1
0
0
1.524
0
1.324
0.3
0
1.324
1.524
1.224
1.224
1.224
0.4
1.224
0
0
2.524
1.824
0
1.724
1.724
0
1.224
1.824
1.724
0.1
0
0.1
0.4
1.224
0
1.224
0
0.1
0
1.224
1.324
0.2
1.224
1.224
0
1.224
1.224
0.1
0
0
1.224
3.224
1.224
0.2
1.424
0.1
2.448
0
1.224
1.424
0.6
0
0
1.224
1.324
1.224
1.224
1.224
1.224
0
2.448
1.224
0
2.124
1.224
1.224
1.324
0
1.624
1.924
1.224
0.1
1.224
1.224
1.324
1.524
2.448
0.1
1.324
2.448
1.424
1.224
1.324
0.2
1.224
0.3
1.324
0
1.324
1.824
1.424
1.324
1.324
1.224
0
1.324
1.424
1.224
0.1
1.224
1.424
1.224
0
0.1
1.224
0.1
0
1.324
2.448
1.724
1.424
2.448
2.448
1.224
0.2
1.224
0
1.224
0
0
1.224
1.224
2.024
1.524
0
1.224
0
0
1.324
1.224
1.224
0.2
1.424
1.224
1.324
1.324
0.3
0
1.224
1.224
1.224
0
1.224
1.224
0
0
0
1.224
0.1
1.324
1.224
0
0
1.224
0.1
1.624
0.1
0.1
0.8
0
0
2.624
1.524
2.448
0
0
0.1
1.224
0
0.1
1.324
4.448
0
0.1
1.224
1.424
1.524
1.224
0
1.224
0.1
0
1.224
0.1
1.324
1.224
0
4.248
1.324
2.448
0.6
0
1.224
1.224
1.224
1.224
0.2
1.424
1.224
1.524
1.224
0
0
1.524
0.2
2.648
1.224
0
1.224
0
0
2.548
1.224
1.224
1.224
1.224
1.324
1.324
0
1.224
1.324
2.848
1.424
1.224
1.324
0.3
1.224
1.224
0.1
1.324
1.424
1.224
0
1.324
0
0.1
0.3
1.224
0.2
0
0.1
1.224
1.224
1.224
2.548
0
0.1
2.448
0.5
0.1
1.224
1.324
1.224
1.224
1.224
1.224
0
0
2.448
0
1.624
1.224
0
0.2
1.424
1.324
0
1.224
1.324
0.1
0
1.224
0.1
1.424
1.224
0.1
1.224
0
1.224
1.224
1.224
3.324
0.2
3.772
0.2
1.424
1.324
1.224
1.524
1.224
1.224
2.448
0
1.224
1.224
0.4
1.224
1.224
1.224
1.224
1
5.248
0.3
1.224
0.2
1.224
1.224
1.224
1.224
1.224
0
1.224
0
1.424
2.848
1.224
0
0
1.224
1.224
1.324
1.224
0
2.448
2.448
1.224
1.324
0
1.324
1.224
0.2
1.224
0.1
0.4
1.624
1.224
0.1
0.2
0.1
3.672
0
0
0.4
1.424
2.448
1.224
1.224
1.224
0
1.224
1.224
1.624
1.324
2.448
3.448
1.324
1.224
1.224
0
0
1.324
1.324
1.224
0
1.224
1.224
0.1
1.224
0
0.1
2.448
1.324
2.548
0
0
1.324
1.224
1.224
1.224
0
1.224
0
1.224
0.1
0
0
1.624
1.324
1.224
1.224
0
1.224
0
1.224
0
1.624
1.224
0
2.448
2.324
1.324
0
1.224
1.224
2.548
1.324
0
1.424
1.524
2.448
1.324
1.224
3.672
2.448
1.224
1.224
1.224
1.224
1.324
1.824
1.324
0
1.224
0
1.224
1.224
0
1.424
2.448
0.1
2.448
0.1
2.448
1.424
1.224
0
0
0
0
0
0
1.324
1.224
1.224
0
0.1
0
0.1
0.1
1.424
1.224
1.224
0
0
2.448
0
3.048
1.224
1.424
2.548
1.224
0
1.224
0
1.524
2.124
1.324
1.224
0
1.224
2.648
1.224
4.272
0
1.824
1.324
1.624
0.1
1.224
1.224
0.3
1.324
1.324
1.224
1.224
1.224
1.224
1.224
1.224
1.224
1.224
1.224
1.424
1.324
1.524
0.7
0
1.624
0
0
2.448
1.224
0
0.2
1.524
1.224
1.224
1.224
0.3
0
0
1.224
1.224
1.424
0
0.3
0.2
2.448
5.372
3.772
1.224
1.224
1.224
0
1.224
1.324
1.224
1.224
0
1.224
1.524
1.224
1.224
1.324
1.324
1.424
1.324
1.224
1.224
1.424
0.1
0
1.324
1.924
1.424
0.3
2.448
0
1.224
0.1
1.524
1.324
0
1.224
0
0.9
0
1.924
0.1
2.448
1.224
1.324
1.324
0.3
0
1.624
1.424
1.224
0.3
1.324
0
1.224
1.224
1.224
1.224
0
1.224
0.8
1.224
1.624
2.848
2.448
1.224
1.724
0
1.224
0
1.224
1.224
1.324
0.7
1.424
0.2
1.224
1.224
0.1
0
1.224
1.224
1.224
3.124
1.224
1.324
2.748
1.224
0.6
0
0.1
1.224
3.448
2.548
0
0
1.224
1.224
2.448
5.272
3.872
3.648
2.748
2.748
2.548
1.224
2.448
1.324
1.324
2.448
4.448
2.648
2.748
1.224
5.096
3.672
2.448
1.924
3.348
2.448
2.448
1.324
2.548
2.748
4.272
4.572
1.224
2.448
3.772
2.648
3.672
3.948
2.648
2.548
1.324
2.948
2.448
3.048
1.424
2.448
2.548
3.348
1.324
1.224
1.324
2.448
2.448
1.324
5.172
3.672
2.648
1.224
3.348
2.648
3.672
2.448
1.424
2.648
2.748
5.272
2.548
2.448
2.948
2.548
2.548
2.748
1.524
2.448
4.672
2.748
2.548
1.224
3.672
2.648
2.548
2.548
3.972
1.424
1.224
2.448
2.448
3.672
2.448
1.324
2.448
3.448
1.224
3.672
2.548
2.848
2.648
1.524
2.548
4.996
2.948
3.548
3.872
2.448
3.424
2.448
3.772
2.748
5.372
2.748
1.624
2.548
1.724
2.448
1.224
1.224
1.324
2.548
4.272
2.648
2.548
2.448
3.672
2.448
2.748
2.548
1.224
3.772
2.448
3.672
2.748
2.948
2.448
3.348
1.224
2.848
1.424
1.824
5.972
2.948
5.048
4.372
2.748
3.772
2.424
2.448
2.548
4.072
2.548
2.948
2.448
1.424
1.324
2.548
5.272
2.748
2.448
2.648
5.072
3.972
2.848
3.748
1.224
3.248
1.424
2.448
2.448
2.648
3.772
2.448
2.448
2.448
2.448
1.224
2.448
2.548
2.548
2.748
2.748
3.148
3.972
3.248
4.172
1.424
1.224
1.224
2.548
2.224
1.424
2.448
1.224
1.324
1.224
2.448
2.648
1.324
3.148
3.248
2.448
2.748
2.548
2.648
3.348
4.896
1.224
4.472
2.548
2.124
2.024
1.224
3.672
2.448
1.224
3.872
5.472
2.448
2.448
2.548
2.648
2.748
2.448
2.448
3.348
5.172
4.548
3.672
3.872
4.072
1.324
2.448
2.748
1.224
2.648
2.448
2.748
1.424
2.448
2.548
2.548
3.048
2.448
2.648
4.072
2.224
3.772
2.324
2.548
2.848
1.224
2.448
5.872
1.524
2.448
3.672
3.672
1.324
2.648
2.448
3.248
2.648
2.648
2.448
2.448
2.548
2.448
2.648
1.224
2.448
2.448
2.448
3.448
4.648
3.048
2.648
2.548
1.224
5.472
4.372
2.448
1.624
2.448
3.672
1.224
2.848
1.724
1.224
2.548
3.972
2.448
2.448
1.224
3.872
3.048
1.324
1.324
1.324
2.548
2.448
1.224
3.248
2.548
2.548
2.448
3.672
1.224
2.548
2.548
3.048
1.224
3.548
2.648
3.048
1.324
2.448
1.324
2.548
2.648
2.548
2.648
2.448
2.448
2.648
3.672
2.448
2.748
6.872
1.424
1.424
2.648
4.072
1.324
3.872
1.724
1.224
3.548
1.224
1.424
1.224
2.748
3.872
3.148
4.972
6.396
2.448
3.872
3.048
4.348
1.224
4.872
2.648
2.548
2.448
4.148
3.148
5.048
1.224
3.672
3.972
2.448
3.148
2.448
2.448
3.048
2.548
1.224
2.548
1.324
2.648
1.724
3.972
2.448
2.548
3.972
2.648
2.448
3.672
3.672
2.448
2.648
4.472
5.172
4.648
1.524
3.972
2.548
1.324
2.948
1.424
1.724
2.748
2.448
2.648
1.224
2.548
4.172
1.224
3.672
1.324
3.048
2.548
3.772
1.524
2.548
2.548
1.524
2.548
2.548
5.272
3.048
2.648
2.448
2.448
4.172
1.224
2.448
2.548
4.772
2.548
1.224
2.448
2.448
3.648
3.772
1.324
2.548
2.648
2.648
3.672
1.224
3.672
1.324
2.448
1.624
1.924
2.548
2.648
2.648
3.672
1.224
2.448
1.324
2.448
4.572
4.072
1.324
2.648
2.648
2.848
2.748
2.448
2.448
2.748
1.324
1.324
1.224
1.224
2.548
2.448
3.448
3.772
1.324
2.648
2.024
2.448
3.672
3.048
2.448
2.648
2.448
2.448
1.324
2.448
2.448
1.324
2.648
5.072
2.548
2.548
2.448
1.324
2.648
2.748
2.548
2.548
2.948
2.448
2.448
3.772
4.472
2.548
1.324
2.448
2.448
2.648
2.548
2.548
1.224
1.324
3.972
2.448
2.548
3.148
2.448
4.048
3.948
2.548
4.872
1.624
2.448
2.448
2.548
1.324
3.672
2.448
3.672
1.224
2.448
1.324
1.224
1.724
3.448
3.972
2.548
4.848
2.648
2.948
2.948
2.448
1.224
2.548
1.324
2.648
4.072
3.048
2.648
2.448
2.448
2.648
4.072
3.772
2.848
2.648
2.448
2.448
3.048
4.272
3.748
6.996
2.548
4.572
3.348
2.448
3.672
1.224
4.372
1.324
1.224
2.848
2.448
2.448
2.448
2.448
2.948
1.224
1.224
2.548
2.448
2.448
2.448
2.448
2.648
2.848
4.648
1.324
1.624
1.224
1.624
3.448
2.448
2.548
1.324
3.048
2.548
1.324
2.648
3.048
3.672
3.348
1.624
2.648
1.324
1.524
4.472
4.148
1.224
1.524
1.224
3.648
2.548
2.448
2.548
1.224
2.648
3.772
3.972
1.724
2.648
1.224
1.224
2.648
3.672
2.548
2.648
3.148
2.948
3.772
3.672
3.224
3.672
3.972
3.772
1.224
2.524
2.524
2.424
3.672
4.772
2.548
1.224
2.748
2.548
2.648
3.048
1.324
2.548
1.224
3.772
3.648
4.772
3.672
2.748
2.448
1.324
5.472
2.648
13.296
3.672
2.548
2.448
2.848
2.748
3.048
2.448
3.148
3.348
4.048
3.048
1.224
2.548
1.524
2.748
3.772
2.448
6.072
3.448
2.448
2.548
2.448
3.672
3.772
3.772
5.972
3.772
2.548
4.472
3.348
3.672
2.448
2.448
4.572
3.748
1.224
2.648
3.872
3.448
1.324
4.072
2.748
4.272
1.324
2.448
2.548
3.548
4.348
2.948
3.872
3.448
2.948
2.948
2.748
4.148
1.224
4.048
2.448
5.972
2.448
2.448
1.224
2.448
1.224
4.072
1.224
1.424
1.324
0.2
1.624
1.224
2.548
1.224
1.524
0
2.624
0.1
2.448
1.224
0
0
0
2.448
0.1
0.3
2.548
0.2
1.224
0
2.648
0
1.224
1.5
0.1
1.224
0
1.724
1.524
2.024
1.924
1.224
3.048
1.624
1.224
1.324
1.224
1.224
0.1
0
0
1.224
0
0
1.624
0
0
0
1.224
0
0
1.324
0.3
1.324
0
0
0
0
1.224
1.224
2.448
0.5
1.224
1.224
2.448
0
1.224
2.448
1.224
2.524
2.448
2.548
2.748
1.224
1.224
1.224
0.1
1.224
1.224
1.224
1.224
2.548
2.848
1.224
1.324
1.224
0
1.524
0.2
1.224
0
1.224
1.224
1.224
0.1
4.748
2.748
1.324
1.724
0.6
1.724
