0.8
0.1
1.824
0
2.448
1.424
1.224
1.224
1.224
1.224
1.324
2.448
2.448
2.024
1.824
0
1.224
0
0
0.1
2.548
2.648
0.1
0
0.2
0.1
0.1
1.224
2.448
1.224
0
1.224
1.1
0
1.424
0.5
0
0.3
0
0.2
0
2.024
0
0.2
0.1
1.324
0.4
1.724
0.2
2.548
1.324
0.1
2.948
1.324
0
0.1
1.324
1.324
0.1
2.124
2.424
1.524
0
1.1
0.5
0.3
1.424
1.324
1.524
2.524
0.9
2.848
1.324
0.2
3.124
0.5
1.224
0.1
1.224
0
2.224
1.224
1.224
1.324
0
1.224
1.224
0
0
2.024
0.1
0
1.224
1.224
1.224
1.524
1.424
1.224
0
0
0.1
1.724
1.624
0
0
0.1
0
1.2
1.324
0.1
1.824
1.324
0
2.448
0
0.1
0.1
1.224
0.3
0.1
3.324
0
0
1.824
1.224
0.1
0.1
1.224
0
2.948
0
0
1.324
0.1
1.824
1.1
1.424
2.548
1.524
0.9
0
1.324
1.224
1.924
1.224
1.324
1.224
1.224
0.6
1.424
1.224
0
0.1
0.2
1.3
0.3
1.324
0.1
0.3
0
0
1.324
0.1
1.224
0.5
1.224
0
1.224
0
1.6
1.224
2.224
2.448
0.2
2.548
2.124
1.224
1.224
2.448
0.3
0.4
2.948
1.324
3.772
1.624
3.972
3.148
3.772
2.548
3.672
1.824
2.548
1.324
4.172
3.872
3.648
2.448
1.424
0
0.2
1.424
0
0
2.448
1.3
1.224
0
1.524
1.224
0
1.224
0.2
0.4
1.224
0
2.924
0
2.124
0
2.448
1.224
1.224
2.024
1.224
1.224
1.224
1.224
1.224
1.324
2.448
1.424
1.224
2.548
0
1.224
0
4.048
1.224
1.224
1.324
0
2.124
1.524
0
1.224
0
1.324
1.224
1.224
0.5
1.224
1.224
2.448
1.224
0
1.224
1.224
1.624
1.224
1.224
2.448
1.224
0
0.3
1.324
1.224
0.5
1.224
1.224
2.448
0
0.3
1.224
1.224
1.924
1.224
1.224
1.324
2.448
1.224
1.224
1.224
2.848
1.224
2.548
0
1.224
1.224
3.772
2.448
2.448
1.224
1.224
2.424
0
0
0
0
1.424
0
0.3
1.224
0.3
0.6
0.2
1.224
1.724
1.624
0
1.324
1.324
1.224
2.448
0
0
1.224
0
1.224
0
1.324
0
0.2
0.2
0.4
1.624
0.2
1.224
0
0.1
1.224
0.7
1.224
0
1.524
1.224
1.224
0
0
0.7
0
1.324
1.224
2.624
1.324
0.2
1.424
1.424
1.324
0.4
1.224
1.224
1.524
2.124
3.524
0
0
0
1.324
0
3.872
2.848
0
1.324
1.224
2.548
0
0
1.224
0
1.224
1.224
1.224
1.224
1.224
0
1.224
1.424
0
0
0.3
1.324
2.124
0
1.224
0
0.2
1.224
1.624
0
0.1
0
1.224
1
1.224
0
2.548
0
1.524
0
0.1
1.224
1.224
0
2.748
2.448
2.448
2.448
2.448
2.748
1.224
0.4
1.824
1.224
1.224
1.224
1.324
0.3
0
1.224
1.224
2.448
1.224
1.324
0.4
0.2
2.648
0
2.448
2.648
1.324
1.224
1.524
1.424
0.2
2.448
0.2
0.2
1.524
1.524
0.1
1.224
0.1
1.224
0.1
0
1.224
1.224
2.448
2.748
1.324
0
0
0
2.448
1.224
1.224
1.424
1.224
0
1.724
1.324
2.548
1.224
0.6
1.424
1.324
0.1
2.124
0.3
0
1.724
1
0
0
1.324
1.424
0.3
1.224
0.3
0.3
2.448
0
0
0.4
0
0
2.448
0.1
0.1
2.548
0.1
1.224
1.224
2.648
1.324
1.224
0
2.448
3.948
1.324
0
2.748
0.1
0
0
2.448
1.224
0.8
0
2.448
0
2.748
1.224
1.224
1.224
2.448
0
1.224
1.224
1.224
1.724
1.224
1.224
2.448
0
2.648
3.148
2.448
1.224
0
1.224
1.524
1.624
1.224
0
2.548
0
0.1
1.224
0.3
0.3
2.448
1.324
1.324
0.1
1.424
1.924
1.424
3.672
0
1.224
0
1.424
1.324
0
0.1
1.224
1.624
1.224
0.2
1.324
0
1.324
1.224
1.824
1.324
2.648
1.624
2.648
1.224
1.224
0
2.448
0
1.324
1.224
0
2.448
1.224
0.9
1.524
0
2.448
0
0
1.224
1.224
0.1
0.1
1.224
1.224
1.324
1.224
1.424
0.1
1.224
1.224
1.224
1.324
1.224
1.224
0
2.448
0
1.324
0.1
0.2
1.224
0
0
0
1.224
3.148
1.224
0
1.624
0
0
1
1.224
1.224
0
0
0.2
2.548
0
0.1
2.648
1.824
0
0.1
2.548
1.424
1.324
2.548
1.324
1.224
0
0.2
2.548
0.1
2.448
0
1.224
2.124
0.1
0
0.2
0
1.324
1.224
0
0.3
0.1
2.548
2.448
2.548
2.448
0
0
2.224
0
2.748
1.424
2.448
2.448
0
0
2.448
0
1.224
2.448
1.224
1.224
2.748
0.1
2.448
1.524
1.224
1.624
0
0
0
0
2.448
0
2.548
2.548
1.224
0.3
1.324
0
0
1.324
1.224
0.1
1.224
0.3
3.672
1.224
2.448
1.224
0
1.324
2.448
1.724
0
1.424
1.524
0.1
1.324
1.224
1.224
0
1.224
0.1
0
1.224
1.224
0
0
1.224
1.224
1.224
0
0.1
0
1.224
1.224
0
0.8
1.224
0.1
2.448
0
1.224
2.448
1.224
2.324
0
1.224
2.648
1.524
1.524
1.224
1.424
1.224
2.448
1.224
1.224
0.1
2.548
1.524
2.448
1.324
1.224
2.448
1.2
3.024
0
0.3
1.524
3.672
2.448
0
1.224
2.448
0
2.448
1.224
1.624
1.324
0
1.224
0
0
1.224
2.548
1.224
0
1.224
1.224
1.224
0.1
1.224
1.224
1.224
1.424
1.224
0.2
0.6
2.648
2.448
0
1.624
0
1.224
2.448
0.2
2.024
1.424
0
1.224
1.224
1.224
0
1.424
1.224
1.224
1.324
0
2.024
1.224
1.224
2.648
0
0
1.224
1.224
2.548
0
2.548
1.224
1.224
2.448
0.1
0
0
0
1.324
1.224
1.224
2.548
1.224
0
1.224
0.1
0
0.1
0
0
1.224
0
1.424
1.224
2.448
2.448
0
0
1.224
2.548
1.224
1.524
1.224
0
2.448
4.048
1.224
0
1.224
2.548
2.448
1.424
0
1.424
0.5
1.224
2.748
1.324
1.224
2.448
0
2.448
1.224
1.224
3.148
2.024
1.324
0.1
1.224
0
2.548
1.324
0.1
1.424
2.548
0
0.2
0.1
1.224
2.648
1.224
1.424
0
0
1.224
0.1
1.224
2.448
1.224
1.224
0
1.224
1.324
1.524
0.6
2.548
1.224
1.224
0
0
1.224
1.224
1.624
2.448
0.2
1.424
2.448
0.1
1.224
0
1.824
2.124
1.324
3.672
0
2.448
2.548
2.448
2.224
1.224
4.048
2.648
2.748
1.324
1.324
2.448
1.424
2.448
1.224
1.324
2.448
2.448
2.448
2.448
2.448
2.448
1.224
2.448
2.548
2.448
1.324
2.324
1.324
2.848
1.224
0.3
0
0.1
0
0
4.272
1.224
1.424
1.224
1.624
0
1.224
1.224
2.548
1.524
1.224
1.224
1.524
2.448
3.548
3.872
2.448
3.672
3.672
1.524
2.448
2.448
1.224
3.772
1.224
2.448
3.048
2.448
2.548
2.548
1.224
2.748
2.648
1.324
1.224
3.872
0.5
0
1.324
2.124
1.524
1.324
2.448
0
2.448
1.424
2.748
1.424
1.224
3.672
0
0.4
1.224
2.124
0.1
1.224
1.224
2.948
1.224
0.5
0.2
0.1
1.324
0.2
1.724
1.624
1.224
0
1.224
1.224
1.224
0
0
1.724
1.224
0.5
1.424
0
1.224
1.324
1.224
2.448
0
1.224
1.224
0
0.6
1.424
0.1
1.324
0
0
0
1.224
1.224
1.524
3.924
0.1
1.324
0.2
1.324
1.2
1.224
0
0
2.024
1.524
1.424
0
0
2.548
2.548
4.148
2.548
1.824
1.424
1.424
1.324
2.448
1.224
2.748
1.324
2.448
2.424
2.448
2.948
1.224
3.972
3.672
2.448
2.848
3.148
3.672
3.772
1.224
2.448
4.272
2.948
2.648
2.448
2.448
2.548
1.524
1.224
3.748
2.848
2.748
2.448
2.748
1.224
3.648
2.648
2.548
3.672
1.724
2.648
2.648
2.448
1.424
1.324
2.848
3.348
3.672
3.672
1.224
4.672
2.548
2.448
2.448
2.548
2.648
3.972
1.724
2.548
2.448
3.048
2.448
2.548
4.072
2.948
2.448
3.148
1.624
2.548
1.224
1.324
2.948
2.548
2.548
3.772
1.224
2.448
1.424
3.672
2.448
2.548
2.448
2.448
2.024
2.448
2.448
2.648
1.624
2.548
1.424
2.648
2.648
2.548
3.448
1.624
2.448
2.924
1.224
1.224
2.748
3.648
4.072
2.748
3.872
2.524
2.448
1.224
1.324
1.324
1.324
1.524
1.424
2.548
2.448
2.548
1.224
2.848
2.448
2.548
3.672
3.672
2.448
2.848
1.924
2.448
1.624
1.224
2.848
2.648
3.248
2.948
4.772
4.872
2.748
2.448
2.548
3.948
2.548
1.224
3.972
2.548
2.948
2.448
2.548
2.648
1.224
2.224
2.448
1.324
2.648
3.348
2.548
2.848
3.248
1.224
3.972
1.524
2.448
2.448
1.424
2.448
2.448
1.224
1.224
2.448
1.224
2.448
3.772
3.772
4.572
2.448
1.824
4.072
2.848
3.048
1.524
1.224
1.224
2.448
3.648
1.724
1.224
2.448
2.648
1.224
3.672
2.748
2.748
3.648
2.948
1.224
2.648
1.524
2.748
3.148
2.648
2.548
3.248
1.324
1.624
3.348
2.448
2.648
3.672
2.448
2.648
2.948
2.548
2.448
3.772
1.524
2.748
3.672
2.548
3.248
4.272
3.048
2.648
2.548
3.872
2.448
2.448
1.424
1.224
2.448
2.448
2.548
1.724
2.548
1.624
1.224
1.724
1.224
1.424
3.148
1.924
3.872
3.148
2.748
2.548
2.448
2.448
4.148
1.824
1.224
2.548
2.448
2.548
3.772
3.672
5.996
1.624
3.772
2.448
2.848
1.324
2.448
1.624
2.448
2.548
2.448
3.672
2.748
2.424
3.872
1.524
1.324
2.448
3.148
2.948
2.448
2.548
2.548
2.548
2.748
1.224
2.548
1.224
1.224
2.448
2.548
1.224
1.324
2.648
2.024
2.648
1.224
1.324
3.672
1.224
2.448
3.972
2.448
2.648
2.648
1.424
2.448
2.548
2.548
2.848
1.324
1.824
2.448
1.924
2.648
3.672
2.448
2.548
1.424
2.548
1.324
2.448
2.448
3.672
2.548
2.448
2.648
3.448
1.224
2.748
4.172
2.648
2.548
2.548
2.748
1.224
1.924
2.448
1.424
2.448
2.448
1.224
3.048
3.148
3.148
2.448
2.648
1.424
2.524
1.224
2.848
1.524
5.196
2.448
2.424
3.148
2.824
1.224
1.224
3.972
4.896
2.024
1.324
2.548
2.848
1.224
1.324
2.448
2.448
2.748
1.324
2.848
1.224
2.448
2.848
1.524
1.224
2.548
3.772
2.448
1.224
4.272
4.448
3.348
2.948
2.548
1.424
2.448
4.572
1.224
1.424
2.548
2.548
3.972
1.224
2.448
2.548
1.324
2.448
1.224
2.748
1.224
2.448
1.824
1.324
3.872
3.248
2.948
3.772
3.248
2.848
1.524
2.448
2.448
4.172
2.548
3.772
2.848
3.048
2.448
2.448
2.448
2.448
2.848
3.672
1.224
2.848
2.648
2.448
2.448
2.448
2.448
2.448
1.224
1.724
1.824
2.448
1.224
1.324
2.448
1.224
2.548
2.548
3.672
2.224
2.748
2.448
1.524
2.548
1.424
1.324
2.448
1.224
3.872
2.948
2.448
1.224
1.224
1.324
2.448
3.548
1.424
2.548
2.648
2.024
3.672
2.448
1.724
2.548
1.324
2.448
2.448
1.224
1.224
1.224
1.224
3.872
3.448
2.448
1.224
2.448
2.448
2.448
1.424
2.648
3.672
3.972
2.448
2.448
2.448
3.348
3.972
1.424
1.224
3.672
2.848
1.224
1.224
2.448
2.548
2.848
2.448
2.448
1.424
2.448
3.248
3.348
1.224
2.848
1.424
3.672
2.448
1.424
1.424
3.672
2.548
2.548
1.224
2.448
1.624
2.448
2.948
5.072
2.548
1.224
2.524
2.848
4.272
1.624
2.448
1.224
1.224
1.224
4.472
4.572
4.272
3.872
2.448
1.324
1.224
1.324
1.224
3.248
1.224
1.224
1.324
1.924
2.848
4.572
3.748
2.648
4.272
3.972
3.672
2.448
1.224
2.848
1.324
1.224
1.324
1.224
2.448
3.672
1.224
2.848
2.448
2.448
2.448
3.672
2.548
2.448
1.324
2.748
2.648
4.448
2.648
3.048
1.324
2.548
4.048
3.772
2.548
2.448
4.372
2.448
1.224
2.448
3.748
2.448
1.724
1.424
1.424
1.224
1.324
3.348
2.624
1.524
1.324
1.224
1.924
2.548
1.324
2.448
1.224
2.748
2.448
2.648
2.648
1.424
1.324
1.224
2.548
2.448
1.524
2.448
2.024
2.848
2.548
3.872
3.524
2.648
2.748
1.424
1.224
3.148
2.024
2.324
1.224
2.748
2.448
1.224
3.048
2.648
2.748
1.224
1.424
2.948
1.224
2.748
3.148
4.772
2.448
2.548
2.448
2.448
3.348
1.224
3.348
2.448
1.324
2.448
2.848
2.748
2.948
1.224
2.848
12.396
1.824
2.548
2.748
2.548
3.048
4.072
1.224
1.224
5.272
4.272
1.224
1.624
1.224
2.448
3.772
3.772
4.472
2.548
3.872
3.148
2.124
1.324
1.224
3.672
3.048
3.448
2.448
1.324
2.948
2.024
1.224
1.424
2.948
3.248
2.648
2.548
1.224
2.848
4.472
3.872
3.148
5.172
2.948
2.948
1.324
3.348
1.224
5.796
2.448
2.848
2.448
2.448
2.548
3.672
1.224
4.572
2.448
1.224
0.1
0
0.3
0.1
1.224
0
0.3
1.224
1.4
0
2.448
0
1.224
1.224
0
0
0.1
0.1
2.648
0
1.224
0
2.448
0.1
0
1.9
1.224
2.448
1.224
2.324
1.624
2.524
1.324
1.224
0.8
2.548
1.224
0.1
1.224
1.224
0.1
0.2
1.224
1.224
1.224
0
0.2
1.224
1.424
0
2.448
0.2
1.424
1.224
2.648
1.324
0
0.1
1.224
1.324
1.224
0.1
0
2.848
1.224
2.448
0
1.224
1.224
1.324
0
1.924
0
2.548
1.724
0
1.224
3.672
0
2.448
3.672
1.224
1.224
0
0.2
2.548
2.448
3.672
1.224
2.648
1.224
1.224
1.224
2.448
0
2.448
0.2
1.6
0.4
0.1
2.124
1.5
1.924
