0.1
0.3
0.7
0.4
1.224
1.424
1.324
1.224
1.224
1.224
1.524
1.224
2.548
2.624
2.824
0
1.224
0
0
0
0
0
0
0
0.4
0.2
0.1
0
0
0.1
0
0
2
0
1.424
0.6
0
0.1
0
0.1
0
0.5
0
0
0
0.1
0.2
1.324
0.1
0.1
0.1
0.1
0.1
1.324
0
0
1.224
1.324
0.1
0.2
3.224
1.724
0
1
0.6
0.2
1.324
1.224
0.1
2.924
0.2
1.624
1.224
0
2.2
0.7
1.224
0
1.224
0
0.4
1.324
0
1.324
0
1.224
1.224
0
0
2.624
0.2
0
1.224
1.224
1.224
0.1
0.2
1.224
0
0
0.1
1.524
2.024
0
0
0
0
0.6
1.224
0.2
1.224
1.424
0
1.224
0.1
0.3
0
1.324
0
0
3.224
0
0
1.524
1.224
0
0.1
0
0
1.424
0.4
0.1
1.224
0
0.3
0.3
0.1
1.224
0.2
0.4
0.1
1.224
1.224
0.3
1.224
1.324
0
1.224
0
1.424
0
0.2
0.1
0
0.8
0.3
1.224
0
1
0
0
1.224
0
1.224
0.1
1.224
0.1
1.324
0.3
2
1.224
1.324
1.324
0
1.324
0.5
1.324
1.224
0
0.2
0.2
1.424
1.324
2.448
2.324
2.748
1.324
2.548
2.548
2.448
1.524
1.324
1.424
2.748
2.548
1.524
1.324
1.324
0
0.7
1.324
0
0
1.224
0.4
1.224
0.1
0.2
0
0
0
0.2
0.3
1.224
0
3.924
0
3.124
0
1.224
1.224
0
1.1
0
0
0
0
0.1
0.1
1.224
0
0
1.324
0
0
0
3.024
0
0
0
0
0.5
0.1
0
1.224
0
1.324
1.224
0
0.9
0
1.324
1.224
1.224
0.1
0
1.224
1.824
0.1
0.2
0
1.224
0.3
0
0
1.224
1
0
0
0
0
0
0
0
2.524
0
0
1.224
1.224
1.224
1.224
1.324
1.424
0
1.424
0
0
0
1.224
0
0
0
1.224
2.924
0
0
0
0
1.324
0
0.5
1.224
0
0.3
0.3
1.224
1.624
1.324
0
1.324
1.324
1.224
1.324
0
0
0.2
0
0.1
0
0.1
0
0.3
0.3
0.3
1.524
0
1.224
0
0.1
1.224
1.2
1.524
0
0.3
0.1
1.224
0
0
1.3
0
1.224
0
2.924
1.624
0.8
0.1
0
0
0.8
1.324
0.1
1.324
2.524
4.724
0
0
0
1.324
0
2.848
1.524
0
0.1
0
1.224
0.1
0
0
0.2
0.1
0
0
0
0
0
1.224
2.324
0
0
0.3
0.1
0.5
0
1.224
0
0.3
0.1
0
0.2
0.1
0
0
1.3
1.224
0.4
1.324
0
0.2
0
0
0.1
0
0
1.324
1.224
0
1.224
1.224
0.1
0
1
0.3
1.224
0
0.1
1.324
0.1
0
1.224
1.224
0
0
0.2
0.3
0.1
0.1
0.2
1.224
0.2
0.2
1.224
1.824
0
0
0.1
0
0
2.324
0.2
0.1
0
0
1.224
0.2
0
0
1.224
1.224
0.1
0
0
0
0
1.424
1.324
0
0.5
1.224
0
1
0.1
1.224
0.1
0.1
0
1.324
0.2
1.2
0.4
0
0.4
1.3
0.1
0.1
0.3
0
0.7
1.224
0.2
0.4
1.224
0
0
0.1
0
0
1.224
0.5
0.2
1.224
0
1.224
0
1.324
0.1
0
0
0
0.1
0
0.1
1.424
0.4
0
0.1
1.324
0
0.3
0
1.224
0
1.424
0
0
0
1.224
0.2
0.2
0
1.324
2.124
0
1.224
0
0
0.2
1.324
1.224
0
0
0
0
0.4
0
0.1
1.224
0
0.2
0
0.1
0
1.224
1.224
0.2
0.2
0.3
0.2
0.3
1.224
0
0
0.2
0.1
0.1
0.1
0
0
0.1
0
0
1.624
0.1
1.224
1.224
1.824
0
1.324
0.2
0.3
0.1
0
0
1.224
0
0
0
0
0
0
0.9
0.2
0
1.224
0
0
0
0
0.1
0
0.2
0
0
1.324
0.2
0
1.224
0
0.2
0.1
0
1.224
0
1.224
0
0
0.5
0.2
0
0
0
0.1
1.324
0.4
1.324
0
0.2
0.1
0
0.9
0.2
0
0.2
0
0.2
1.324
0
0.2
0
0.1
0
0
1.224
0
0
1.224
0.1
0
0.1
0
0
0.2
0.1
0
1.224
0.1
0
0
0.1
0
0
1.224
0
0.1
0.2
0
0
0.1
0
0
0.1
0.1
0
0.1
0
1.224
1.224
0
0
1.324
0
0
0
0
0
1.224
0
1.224
0.1
0.2
0.1
0
0.1
0.3
0
0
0
0
1.324
0
0.4
0
0
0
1.224
0
0
1.224
0.2
1.224
0
0
0
0
1.424
1.224
0.3
0
0.2
0.2
0
0.1
1.224
0
0
1.224
0.1
0
0
0.1
0
0
0.1
0.1
1.324
0.1
0
0
0
0
0
1.4
0
0
0
0
0.1
1.224
0
0.1
0.2
0.1
1.224
0
1.424
0
0.1
0
1.224
0.1
1.224
0.2
0.3
1.224
1.224
0
0
1.224
1.4
0.4
0
0.3
1.624
1.224
1.224
0
0
0
0
0.1
1.224
0.1
0.2
0
1.224
0
0
0
0.1
0.1
0
0
0.1
0
0
1.224
0.1
0
0.2
1.224
0.2
1.3
0
0.1
0.2
1.224
0
0
1.224
0.4
3.224
0
0
0
0.1
0.1
0
1.824
1.224
0.1
0
0
0.1
0
0
0.1
0
0
0.1
0
0.1
0
1.324
0
0
1.224
0
0
0
0
0
1.224
1.324
1.524
0
0
0
0
0
0.1
0
0.1
1.324
0
0
0
1.224
1.324
0
0
1.224
1.224
1.224
0.2
0
0
0
1.224
1.324
0.1
0
0
0
0.2
0
0.2
0.1
0
1.824
1.224
0.2
1.224
0
1.324
0
0
0.3
1.724
0
0.2
0
0
0
0.1
0
0.1
0
0.1
0.5
0.2
0
0
0
0.2
0
0.1
1.224
0
1.324
1.224
0.2
0
0.1
1.224
1.424
1.224
0.5
1.424
0.1
1.224
0.1
0
0
1.224
0.3
1.324
0
0.1
0
0.5
1.324
0
0.4
0.1
0.1
1.224
0
1.224
0.3
1.224
0.9
1.324
1.524
1.224
0.3
1.324
0.1
1.224
1.324
1.224
0.1
0.1
0
0
0
0
0
1.324
0
0.1
0.1
0
0.3
2.924
1.324
1.424
1.224
0.2
0
0
0.1
0.1
1.424
0
0.3
0
1.524
0
1.224
0
0
0
1.224
1.424
1.224
1.224
1.224
1.324
0
1.324
1.224
1.624
0
0
1.224
1.224
1.224
0
0.4
0
0
0.1
0.1
0.4
1.224
0
0
1.424
0.2
0
0.1
0.8
0.2
0.5
0
0
0
1.524
1.424
0.1
1.224
1.224
0
1
0
2.024
0
0
0
1.524
0.1
0.6
0.1
0.2
0.1
0
2.224
0.2
1.224
0
0
0
0.1
0
0
3.524
0
0.1
0
0
1.324
0.1
1.224
2.448
0
0
0
0
0.4
1.424
0.1
0
0
0.2
0
0
0
0.1
1.5
0.1
0
0.1
0
1.5
0.1
0
0.1
0.7
0.1
1.824
0
0
1.224
1.224
1.524
1.224
1.824
1.224
1.324
1.224
2.548
1.424
2.748
1.224
1.224
1.424
1.224
1.324
1.224
2.448
1.324
1.224
2.848
1.724
2.648
2.648
1.424
2.648
2.448
1.224
1.224
2.448
1.224
1.324
1.424
1.224
1.924
1.324
1.224
2.448
1.624
1.224
1.724
2.648
1.324
2.548
1.524
2.648
2.448
2.448
1.324
1.324
3.448
1.524
1.224
2.448
1.224
2.548
1.324
1.224
1.224
2.448
2.648
2.448
1.324
1.324
1.224
1.824
1.224
1.324
2.748
2.848
1.224
1.524
1.324
1.324
1.224
1.224
2.548
2.448
1.224
1.224
1.224
2.448
1.324
2.448
2.448
1.324
2.448
1.224
1.724
2.548
1.224
2.548
1.324
1.324
1.324
1.224
1.224
1.624
1.424
1.924
1.224
1.824
1.224
1.224
1.324
1.324
2.648
2.648
2.448
2.124
2.448
1.224
1.224
1.324
1.224
1.324
1.424
1.324
1.224
1.224
1.224
1.524
1.224
2.448
1.424
2.448
2.448
1.224
2.024
1.324
1.524
1.224
1.424
2.448
2.648
1.324
1.424
2.648
1.224
1.324
1.224
5.448
1.424
1.224
1.324
2.448
1.424
1.224
2.448
2.648
1.424
1.724
2.548
1.324
1.224
1.324
1.224
1.424
1.624
1.224
2.648
1.224
1.224
1.224
1.324
1.424
1.224
1.324
1.224
1.224
1.424
1.224
2.448
2.648
2.548
1.424
1.624
2.748
2.748
1.524
1.724
1.224
1.324
1.324
4.348
2.024
1.224
2.448
2.748
1.324
2.448
1.224
2.548
1.624
1.524
1.324
2.648
1.524
2.548
2.548
1.224
2.448
1.224
1.424
1.424
4.048
2.448
1.324
1.224
2.448
1.724
1.424
1.224
1.224
2.548
1.224
1.424
2.448
1.224
1.324
2.648
1.224
1.424
1.324
2.448
2.548
1.224
1.324
1.224
1.224
1.224
1.224
1.424
2.448
1.224
1.224
1.324
1.324
1.324
2.124
2.024
1.324
2.648
1.324
3.048
2.448
1.224
2.124
1.524
1.224
2.448
1.224
2.448
2.548
1.224
2.548
1.324
2.548
2.448
1.324
1.224
1.224
2.324
2.448
1.324
1.324
2.448
1.324
1.924
2.648
1.424
1.324
2.448
1.424
1.324
1.524
2.848
1.224
1.324
2.748
1.224
2.648
1.324
1.224
1.224
1.424
1.224
1.324
1.424
1.524
2.648
1.424
1.324
1.224
1.224
2.448
2.448
1.224
1.224
1.224
1.224
2.448
1.224
1.324
1.324
1.324
1.424
1.624
1.424
2.448
2.448
2.448
1.324
1.324
1.224
1.324
1.224
1.224
2.448
1.224
1.224
2.448
1.424
1.224
2.448
2.448
1.324
2.748
1.224
2.448
1.324
1.624
2.548
1.324
2.448
1.424
1.324
1.324
1.624
1.324
2.448
1.324
1.224
1.424
1.224
1.324
1.424
2.548
1.224
1.924
1.224
2.124
1.424
1.424
2.448
2.448
2.024
1.224
1.224
1.724
1.224
1.324
1.224
2.448
1.324
1.424
2.448
1.224
1.224
1.224
1.524
1.224
1.224
1.224
1.324
1.324
1.424
2.124
1.224
2.748
1.524
1.224
2.548
2.548
1.724
1.424
1.224
1.224
2.548
1.224
1.324
1.224
1.624
1.224
1.224
3.348
1.324
1.224
1.624
1.224
2.548
3.248
2.748
2.548
2.748
1.424
1.424
1.224
1.224
3.048
2.448
2.548
1.624
1.424
1.224
2.648
1.324
2.448
1.624
1.224
1.224
1.224
2.448
2.548
1.224
2.548
1.224
2.448
1.224
1.824
1.624
1.224
1.324
1.624
1.224
1.224
1.224
2.548
2.448
1.724
1.424
2.448
1.624
1.324
1.224
1.324
1.224
1.324
2.448
2.548
2.548
1.324
1.224
1.324
1.224
4.348
1.224
2.548
1.524
2.624
2.448
2.448
1.524
1.224
1.324
1.224
1.224
1.424
1.224
1.224
1.224
2.748
2.024
1.324
1.224
1.224
2.448
1.224
1.324
1.424
2.548
2.448
1.224
2.448
1.324
1.524
2.648
1.224
1.224
2.448
1.224
1.224
1.224
2.648
2.448
2.448
1.224
1.224
1.424
1.224
2.948
1.824
1.524
1.324
1.424
1.224
1.224
1.224
1.424
2.648
1.224
1.224
1.324
1.224
1.424
2.448
3.048
2.448
1.324
1.324
1.424
1.224
2.748
1.724
1.224
1.224
1.224
1.324
2.548
2.848
2.748
2.648
1.224
1.224
1.324
1.324
1.224
1.524
1.324
1.224
1.224
1.324
1.424
2.648
1.724
1.324
1.324
2.548
2.448
1.224
1.224
1.224
1.224
1.224
1.224
1.324
1.224
2.448
1.224
1.324
2.448
2.448
1.324
2.448
2.448
1.224
1.324
1.524
2.848
3.548
2.548
3.048
1.424
2.748
1.724
2.448
2.548
2.548
1.724
1.224
1.424
1.224
1.524
1.224
1.524
1.324
1.224
1.324
1.224
1.424
1.524
1.624
1.824
1.324
1.824
1.324
1.224
1.324
1.424
1.224
1.624
1.324
2.648
1.424
1.224
1.324
1.224
1.324
1.224
1.224
1.624
1.424
1.224
1.324
3.224
1.524
1.324
1.524
1.424
2.748
1.924
1.924
1.224
1.224
1.324
1.224
1.924
2.548
2.748
1.724
1.424
1.624
1.324
1.324
1.824
3.848
1.224
1.424
1.224
2.548
1.524
1.224
1.524
1.224
1.324
1.224
1.524
1.224
1.324
1.224
1.324
3.048
1.624
1.224
2.548
1.324
8.348
2.548
1.224
1.224
1.824
1.724
1.324
1.424
1.424
1.324
2.648
2.748
2.948
1.224
2.448
1.524
1.724
1.224
1.224
2.448
1.524
1.924
2.448
1.224
1.224
1.824
1.224
1.224
1.224
2.748
2.448
1.324
1.224
1.724
2.548
2.548
1.324
2.648
1.524
1.624
1.224
1.724
1.224
2.648
1.324
1.424
1.324
1.324
2.448
1.224
1.224
1.324
2.448
1.224
0.1
0
0.2
0.1
0
0.3
1.1
1.224
2.2
0.1
0
0
1.224
1.224
0
0
0
0.2
0
0.6
1.224
0
0.1
0
0
2.5
0
1.224
0
0.8
0.2
3.824
0.8
1.224
1.2
0.1
0
0
0
0
0
0.1
1.224
1.324
0
0
0
1.224
0
0
0
0.3
0.1
0.1
1.324
0.2
0
0.1
0
1.524
0
0.1
0.1
1.224
0.1
0
0
1.224
0
0
0.2
1
0
0.2
0.6
0
1.224
1.224
0
0
1.224
0.3
0.3
0
0.4
0
1.324
1.224
1.224
1.424
1.224
0
1.224
1.424
0
2.448
0.1
1.9
0
0.3
0.3
1
0.5
