3.86
0.3
2
0.2
1.524
0
0.2
0
1.324
0
1.424
0
1.324
0.9
0.4
0
1.224
0
0
0.1
0
0.2
0
0
1.724
0
0.3
0.3
0
0
0.1
0
3.124
1.224
3.16
3.56
3.26
3.36
1.936
3.96
3.36
3.236
1.936
1.936
1.836
1.836
2.636
3.36
3.76
3.66
1.936
1.936
3.96
3.06
2.036
1.936
4.584
3.06
3.56
2.336
4.16
3.86
1.936
2.636
2.336
3.96
3.16
3.06
2.236
4.56
4.76
5.684
4.684
3.06
4.436
4.56
3.06
2.036
3.26
3.16
2.536
3.06
1.836
3.26
1.836
3.06
3.06
1.836
1.836
4.56
3.26
1.936
3.26
3.06
3.06
3.66
3.36
4.584
2.036
2.136
1.936
5.56
3.56
3.26
1.836
3.26
3.16
2.836
3.16
3.46
4.984
3.46
3.26
3.16
1.936
1.836
3.56
3.16
3.26
3.36
5.46
1.936
2.236
5.584
3.36
3.36
3.46
1.836
1.836
3.36
3.56
1.936
3.36
1.836
2.336
2.536
2.036
3.26
2.336
3.736
3.46
3.16
3.06
2.336
3.06
3.16
2.036
3.16
3.76
3.26
1.836
3.26
3.66
3.16
4.76
4.26
3.36
2.136
4.46
2.236
3.36
3.16
3.36
3.06
2.136
3.26
1.936
4.684
1.836
4.436
4.284
13.384
3.16
3.26
3.16
2.836
3.16
3.06
1.936
3.46
3.56
3.96
2.036
3.16
2.936
3.56
2.736
3.06
3.26
3.06
2.336
3.56
3.16
3.86
3.06
2.236
1.936
3.36
1.224
0.3
3.348
0
0
1.524
3.824
1.224
1.224
1.724
0.1
1.324
0
1.424
0.3
1.224
1.224
3.324
1.224
2.124
0
1.224
1.224
0
0.8
0.1
0
0.1
0
0
0.5
2.448
0.1
0
1.324
0
0.1
0
3.524
0
0
0.4
0
0.9
0.2
0.1
1.224
0
1.324
1.224
0
0.7
0
1.224
1.224
1.224
0
0
1.224
1.524
0.1
0.2
0.1
2.448
1.324
0.4
0
2.448
0.5
0
1.224
0
1.224
1.724
1.224
0
2.024
0
0
3.16
2.448
2.448
1.224
1.224
1.724
0
1.424
1.224
0.1
0.2
1.424
0
0
0
1.224
2.424
0
0
0
0.1
1.524
1.324
0.2
2.848
0.3
0.3
0.1
1.324
1.724
3.048
0
2.848
1.324
1.224
1.424
0
0
0
1.224
0
0
0.5
1.224
0.2
1.924
1.2
1.924
1.324
1.224
0.1
0.2
1.224
0.6
1.224
0
0.6
0
1.224
0
0
2.424
1.324
1.224
1.224
2.824
1.424
1.524
0.5
1.424
0.1
0.4
2.648
1.324
2.648
3.324
3.724
0.1
0
1.224
3.26
0.1
2.648
1.724
0
1.224
1.224
1.224
0.3
0
1.224
0
0
0
0
0.1
0
0
1.224
1.924
0
0
0.2
0.2
1.1
0
1.224
0
0.2
0.1
1.524
1.224
0
0
1.324
1.3
1.224
0.1
0
0.1
1.324
1.224
0
0
0.2
1.224
1.524
1.324
1.224
1.324
1.224
0.5
0
1.5
0.2
2.648
0
0.1
1.324
1.324
0
1.324
1.224
0
0
0
0.5
1.224
0.1
0
2.448
0.3
0.5
1.324
2.548
0
0.2
0.5
0.1
1.224
2.748
0.2
1.424
0.1
0
1.224
1.224
0
0
1.224
1.224
0.3
0.2
0.1
0
0
1.324
1.224
1.224
0.4
1.224
0.2
0.7
0.2
1.224
0.2
0.2
0.2
1.224
0.3
2
0.7
0
0.5
1.924
0
1.424
0.5
0.6
0.4
1.224
0
0.3
1.224
0
1.224
0.3
0
0
1.224
1.324
0.1
1.224
1.224
1.224
0.2
1.224
0.1
0
0
0
0.6
0
0
1.624
0.2
1.224
0
1.224
0
0.6
0.1
1.224
1.424
1.624
0
0
0.2
1.224
0.1
1.424
0
1.224
2.724
0
2.448
0
0
0.2
1.724
1.224
0
1.324
0
0.2
0.4
1.224
0
1.224
1.324
1.524
0.1
1.724
0.3
1.224
1.424
1.324
0.1
0.3
0.3
0.2
1.224
1.324
1.224
0.1
0.2
0
1.324
0.3
0
0.4
0
0.1
1.324
1.224
1.224
1.224
1.424
1.224
2.548
0.3
1.224
1.224
0
0.1
1.224
0
0.1
0.1
0
0
0.2
2.324
0.4
0
1.224
0
0.1
0
0
1.324
0
0.1
0.2
0.1
1.224
0.3
0.1
2.448
0
0.2
0.1
0
2.548
0
1.224
0
0
0
0.3
0.2
0
0
1.324
1.324
0.7
1.424
0.1
0.8
0
0
2.824
0.2
1.224
0
0.1
0.3
1.224
0
0
0.3
1.624
0
0
1.324
1.524
0
1.224
0
0.1
0.1
0
0.1
0.1
0.1
1.224
1.224
0.6
1.224
1.424
0.5
0
0
1.224
1.324
1.324
0.3
0.4
0
0
0.1
0
0
0.7
0.2
1.424
0
1.424
1.224
0.1
0
2.748
1.224
0
0
0.2
0
1.724
0
1.224
0.2
1.724
0.2
1.224
1.324
0.4
1.224
0
0
0
1.324
0
0.2
0.2
0
0
1.424
0
0.1
1.224
0.3
1.224
0
0
1.324
0
1.624
1.224
0.3
0
0.3
0.2
1.224
0.1
2.448
0.1
0
1.224
1.224
0
0.4
0
0
0
0.3
0
1.224
1.224
1.324
0
0
0
0.1
1.3
0.1
0.1
0
0
0.1
1.324
0
0.4
0.1
1.524
1.324
0.3
1.424
0
0.1
0
1.224
1.324
1.224
1.224
0.2
1.624
1.224
0
0
1.224
1.3
2.624
0.1
0.2
1.424
1.224
1.224
1.224
0
0
0
0
1.324
0.3
1.524
1.224
1.224
0
1.224
0
0
0.3
0
1.224
1.224
0.1
1.324
1.224
0.2
0.1
0.2
2.448
0.4
0.3
0
0.1
0
1.424
0
1.224
1.224
0.4
1.924
0.2
1.224
0
0.1
0
0
1.724
2.448
0.2
0
1.224
0.4
0
0
0
0.1
0
0.2
0
0.2
0.1
1.424
0
0.1
1.224
0
0
1.224
1.224
1.424
1.224
1.224
1.224
0
1.224
0
0
1.224
0
1.224
0.1
1.224
0.1
0.2
0
1.224
1.224
0
1.224
1.324
1.224
1.224
0.5
0.1
0
1.224
2.224
1.324
0
0.1
0
1.424
0.3
0
0.1
1.824
1.224
2.024
1.424
1.224
1.224
1.324
1.424
0.2
0
0.5
3.048
1.324
0.2
0
0
0
0
0
0.1
1.324
0.2
1.424
0
1.224
0.3
0
0
0
0
1.224
0
1.224
1.324
1.224
1.324
0
1.324
1.224
1.324
0.3
1.324
0
2.448
0.3
0
1.224
1.224
1.524
1.224
1.224
0.4
0
0.1
2.548
0
0.2
1
0.2
1.224
0
1.324
1.624
1.324
2.124
1.424
1.724
1.724
0.2
1.424
0.1
1.224
1.424
1.324
0.1
0.1
0
0
0
0.1
0.1
1.324
0
0
0.2
0
0.3
2.024
1.224
1.524
1.224
0.1
1.224
1.224
0
0.1
2.024
0.1
0.3
0
1.424
0
1.224
0
0
0.1
1.224
1.624
1.524
0
1.624
0.1
0
1.424
1.224
1.724
0
0
1.224
1.224
1.224
0
0.1
0.1
0
0.1
0.1
0.4
1.524
1.224
1.224
1.324
0.8
0
0
1.4
0.2
0.4
1.224
0
0
1.224
1.424
0.1
1.224
1.224
0
1.4
0
2.324
2.136
1.424
0
1.624
0
0.2
0
0.3
0.1
1.424
2.124
0.2
1.224
1.324
0
1.224
1.324
0.1
1.224
2.324
0.2
1.824
1.524
1.224
1.324
0.2
1.224
1.224
0
0
0
1.324
0.7
2.124
0.1
0.2
1.224
0.1
0
0.1
0.1
0.2
3.2
0.1
0.1
1.424
0.1
0.9
0.1
0.2
0.2
2.324
1.324
1.224
0
1.224
1.224
0
1.824
1.424
2.424
0
1.824
1.224
1.224
1.624
1.524
0
0.1
2.724
0
0.3
0.1
2.648
1.224
0.1
2.224
0.4
1.624
1.424
0
1.624
1.424
1.424
1.624
1.224
0
1.324
1.624
1.424
1.4
0.3
0.4
1.224
0.4
0
0.6
1.724
0
1.224
1.424
1.324
1.324
1.524
0.2
0.3
1.424
1.524
1.224
1.224
0
1.524
0.1
1.424
0
1.224
2.024
1.524
1.924
0.2
0
0.4
0.2
0.1
1.324
1.324
0
1.524
1.524
0
0
1.424
3.148
2.648
0
0.1
0.1
1.224
0.1
1.224
2.448
0.2
1.224
0
1.624
1.224
1.224
1.324
1.524
0.2
0.3
0.1
1.624
0.4
0.5
2.024
0
1.6
1.324
1.524
0
2.024
1.324
1.324
1.424
1.9
2.648
0
0
0.3
0.3
1.624
1.624
0.2
0
1.224
1.224
0.2
0.2
1.224
1.224
1.224
2.448
0.2
1.2
0
2.324
0.2
0.4
1.424
1.324
1.824
0.3
1.724
1.524
0.3
1.324
3.124
0.1
1.424
0.5
1.324
0.2
0
1.324
1.524
1.824
2.124
2.848
1.324
0.1
1.924
0.2
0.4
0.9
0
1.624
0.3
0
0
0
1.224
0
1.424
1.224
0.3
0.1
0
1.324
1.524
1.724
0
2.024
2.948
3.348
1.424
0.6
0.1
0
0
2.724
1.2
1.224
1.224
1.424
0
1.324
0
1.824
0.9
0.3
1.224
1.224
1.324
2.948
2.748
1.324
1.224
1.524
1.224
1.1
2.524
1.224
1.224
0.1
1.424
0.2
1.824
0.1
0
1.324
1.524
0.4
1.224
0.3
0.6
2.548
0.3
1.524
0.1
2.648
1.424
0
1.624
0
0.1
0
0.1
0.7
1.224
1.624
1.224
2.024
1.324
1.824
2.024
0.6
1.324
1.624
0.2
1.624
1.224
0
2.724
0.6
1.324
2.448
0
1.324
1.324
0
1.924
1.424
1.324
2.648
0.1
1.624
0
2.024
1.224
0
0
1.224
0.2
2.624
1.524
2.024
1.324
1.424
1.824
1.524
0.1
1.524
0
1.224
1.324
2.024
1.924
0.1
1.324
1.424
0
1.424
0.3
1.524
2.124
1.324
0
0
0
0
1.224
1.224
0
0.4
0.2
1.624
1.224
0
0.3
0.6
0
1.724
0.1
1.824
1.424
1.224
1.224
0.2
1.624
0.1
1.224
0
0
1.224
1.224
0
2.748
2.024
0.2
1.324
1.724
1.524
1.324
1.524
1.624
0.1
1.824
1.324
0.1
1.224
0.3
1.524
0.4
2.124
1.424
2.448
1.324
1.424
1.524
0
1.524
1.724
1.724
0
2.024
0.6
2.924
0
1.224
1.424
1.224
1.924
1.524
0
0.8
1.424
0.2
0
1.224
0.1
0.2
2.548
0
0.1
1.424
1.724
1.224
1.224
1.224
0
1.524
1.624
2.924
0.8
1.424
1.824
0.1
1.424
1.624
0.2
0.4
0.2
0.1
1.224
0
0.6
1.524
0.3
1.324
0
2.024
0.1
1.324
0.5
1.324
1.624
1.824
1.824
1.224
3.048
0.4
1.324
0
0
2.948
1.224
1.524
0.2
1.424
0.1
1.224
0
2.448
1
0.2
0
0
2.548
1.324
1.324
1.324
1.224
1.224
1.224
0.5
1.1
0
1.224
1.224
0
0.1
0.2
1.224
1.324
3.024
1.324
1.424
1.524
0
1.624
1.424
0
1.324
1.524
1.624
1.624
0
0
1.324
0
2.524
1.324
1.324
0.4
0.9
1.224
2.448
1.424
0
1.324
0
0
0.1
1.424
1.224
0.1
1.624
2.724
0.1
1.624
0
1.224
0.1
1.524
0
1.524
1.724
0
1.224
1.224
2.224
1.224
0
1.524
1.224
0.5
0.1
1.324
1.324
1.424
2.648
0
0
1.524
0
3.448
1.3
1.424
1.624
0.2
0.1
0
1.624
0.5
1.224
0
1.324
0
0.1
0.5
1.424
1.824
1.424
1.624
1.324
1.424
0.4
1.724
2.024
0
0
1.424
0
1.524
2.948
1.324
1.424
0
0
1.224
1.924
1.224
0.3
1.424
1.224
1.824
1.824
1.424
2.024
2.324
0
1.424
1.324
1.224
1.224
0
1.424
0
0
1.824
1.224
0.1
1.224
1.324
0.1
1.224
1.224
0.2
1.224
1.224
0
1.324
0.2
2.748
4.248
1.624
1.724
0
1.824
1.4
1.324
1.224
1.424
1.1
0
0.2
0
0.4
1.424
1.824
0.1
1.524
0.2
0.3
1.524
2.124
0.4
0.6
0
2.124
0
1.424
0.1
0.1
0.5
1.624
0.1
1.824
2.024
0.1
0
0.2
1.224
1.224
0.1
2.124
0.3
1.424
0
2.4
1.524
1.424
1.424
0.1
1.724
1.2
1.2
1.224
2.224
0.1
0
0.5
2.648
1.824
2.224
0.2
0.2
0.1
1.324
0.5
2.224
1.324
0
0
1.224
1.624
1.224
2.424
0.1
1.624
0.1
0.6
0.1
0.5
1.324
0.2
2.224
2.124
0.6
1.624
0
1.324
1.524
1.224
1.224
2.324
0.5
1.324
1.924
1.324
1.224
2.648
1.324
2.948
1.224
1.424
2.224
3.024
1.324
1.224
1.224
1.324
0.7
1.224
1.624
1.624
2.724
0
1.424
0.1
3.048
1.324
0.1
1.324
1.1
2.024
1.224
1.824
1.524
2.236
2.136
1.836
2.536
1.836
3.06
0
1.524
0
0.3
1.224
0
0
2.336
1.224
3.048
1.424
0
2.024
1.424
1.324
1.324
2.324
1.224
2.6
0.2
1.324
1.224
1.224
1.224
0
1.224
0.1
0.2
0.1
0
1.224
0.1
1.424
0
1.224
1
0.1
1.224
0
0.8
0.1
3.948
0.6
2.448
2.524
0.2
0
1.324
0
0
0
0.4
1.224
2.448
0
0
1.824
1.224
0.2
0
0
0.5
0.1
0.1
1.324
0.1
0.1
0.1
0
1.224
1.224
0
1.224
1.724
0
0
1.224
1.224
0
0
0
1.3
1.224
1.524
1.624
1.324
1.224
1.224
0
0
1.224
0.4
0
1.424
1.624
0
1.224
1.224
1.224
1.324
1.324
0
1.224
1.324
1.224
1.324
0.1
6.024
1.824
1.524
2.124
0.8
1.724
