2.524
0.2
2.924
0.5
1.324
1.424
1.224
1.224
2.648
1.224
2.548
2.448
1.624
2.124
2.024
0
0
0
0
0.2
2.548
2.848
0
0
1.724
0.1
0.1
1.824
2.448
1.224
0
1.224
3.224
1.324
0.2
2.124
1.324
1.224
0.3
2.224
1.324
3.324
0.1
0.1
0.2
1.224
0.1
0.9
2.024
4.272
1.524
0.2
4.672
0.2
0.2
0
1.424
0.2
1.424
2.124
1.5
0.6
0.1
1.1
0.3
1.424
0.1
0.1
1.624
1.1
2.024
3.048
1.924
1.324
3.224
2.324
0
0.2
0
1.224
1.924
0.2
1.224
0.2
0
0
0
0
0
1
1.224
0.3
0.1
0.1
0
3.148
2.848
1.224
0
0
0.1
1.3
0.6
1.224
0
1.524
1.224
2
0.1
1.424
2.324
0
1.324
1.324
0
0.4
1.224
0.3
1.424
1.424
3.2
0.3
0
2.224
0.1
1.524
1.424
1.424
0
1.824
1.424
0.2
0.4
0.2
1.624
1.4
1.924
1.324
1.824
1.3
1.324
0.1
0
2.624
0
0.1
1.524
0.3
1.424
0.2
1.224
1.524
1.524
1.224
2.224
2.024
0.2
0.5
1.924
0.4
1.424
0.1
1.324
0
0.3
0.3
0
1.224
0.2
3.3
1.224
2.324
1.224
1.324
1.224
2.424
0
0
2.448
2.124
2.324
4.024
1.324
2.548
2.024
3.648
4.448
2.648
1.524
2.448
1.824
4.172
3.248
3.048
2.748
3.748
2.448
2.948
1.224
0
1.724
0
0
1.424
3.324
0
1.324
2.948
1.424
1.224
1.224
1.324
0.9
0
1.224
2
1.224
1
0
1.224
0
1.324
3.524
1.224
1.224
1.824
1.224
1.324
2.024
2.448
1.524
1.224
1.224
0
1.424
0.1
4.424
1.224
1.224
1.824
0
2.724
1.824
0.1
0
0.2
0
0
1.224
1.7
1.324
0.4
1.224
0
0.1
1.324
0
0.2
1.324
1.624
2.448
1.224
1.424
0.4
1.324
1.224
0.3
1.224
2.448
2.448
1.224
1.324
2.448
1.324
0.4
1.224
1.224
0.1
2.548
1.324
0
0
2.424
1.224
1.724
1.224
1.424
1.324
2.448
2.448
2.448
1.224
0
0.7
0
0
0
0.1
0
1.224
0
1.424
0.3
0.2
0
0.1
0.1
1.324
0
1.524
0.2
0
1.624
0
0
1.324
1.224
1.224
0
1.424
1.224
0.1
1.624
0.5
0.5
1.224
0
0
0.1
0
1.3
0
0.1
2.224
1.224
0
0
0
2.624
1.224
0
2.548
1.8
0.1
1.624
2.324
2.448
1.824
0.5
1.224
2.448
1.424
1.3
2.6
0
0.1
1.224
0.1
0
4.072
3.972
0
2.548
2.448
1.324
0.1
0.2
2.448
0.2
1.224
1.224
1.224
1.324
1.224
0
0
1.3
0.1
0
0.3
1.324
2.524
0
0
0
0.1
1.424
3.248
1.524
0.1
0
2.448
3
0
0.3
2.448
0.2
2.948
1.224
0
1.324
1.424
1.224
1.424
1.224
3.672
1.224
1.224
2.948
1.224
2
1.924
1.424
1.224
1.424
0.2
1.624
0.1
0.2
0.1
2.548
1.424
1.524
1.3
1.224
2.548
0
2.448
3.148
1.524
0.2
1.324
1.224
0.3
3.148
0.3
1.324
2.024
1.524
1.424
1.224
0.3
0.1
1.324
0
1.224
0
1.224
2.648
1.324
0.1
0
0
1.824
0
2.448
1.524
0
0.1
2.224
1.224
1.324
1.224
0.8
1.424
0.1
0.8
3.424
0.5
0
2.424
2.424
0
1.424
2.024
1.824
0.3
0
0.6
0.5
1.324
0
1.224
0.4
0.4
0
1.224
1.424
0.6
1.224
1.224
0
1.524
1.424
1.324
1.224
0
2.448
5.448
1.224
0
1.624
0.7
1.224
0
1.424
1.424
0.9
0
1.224
1.224
1.724
1.324
1.224
1.224
1.324
0
2.648
1.224
0
1.4
1.324
1.224
2.448
0
2.848
2.324
1.224
1.224
1.224
1.224
1.624
2.124
2.548
0
1.424
1.224
1.324
1.224
1.424
0.2
1.324
0.2
2.648
0.1
1.424
3.024
2.024
2.548
1.424
2.448
0
1.324
1.424
1.224
0.1
1.224
2.024
1.324
0.2
0.4
1.224
0.1
0
0.2
2.648
3.348
1.624
3.772
2.448
1.224
0.2
1.224
0
1.224
1.224
0
2.448
1.224
2.524
1.524
0
1.224
0
0
1.424
1.224
1.324
0.2
1.524
1.424
1.324
0
1.824
0
1.224
1.324
1.424
1.224
1.224
1.224
0
1.324
0
1.324
0.1
0.3
1.324
0
0
1.224
0.2
3.748
0.1
0
2.324
0.1
0
3.824
1.624
2.448
0
0.1
0
1.324
0
0.1
2.848
4.248
0
0
1.424
2.648
1.724
1.224
1.424
1.224
0.2
0.1
2.548
0.3
2.648
1.224
0
3.524
1.224
1.324
0.9
0
1.524
0
1.224
1.224
0.4
2.848
2.448
2.748
2.448
0
0
1.924
0.2
4.372
1.224
1.324
1.224
0
0
2.648
1.224
1.224
2.448
1.224
1.224
1.324
0.1
1.224
1.624
2.648
1.724
1.224
1.224
0.6
1.224
2.548
0.2
2.548
1.424
1.324
0.2
1.724
0
0.1
0.2
1.224
0.2
0
0.5
2.448
1.224
2.448
2.748
0
0.3
1.224
1.424
0.1
1.724
1.424
1.224
1.324
1.224
1.224
0.1
0
1.224
0.1
1.924
1.224
0
0
1.424
1.524
0
1.224
1.224
0.1
1.224
1.224
0.2
1.4
1.224
0.5
2.448
0
1.524
1.224
1.224
3.224
0.1
2.548
1.224
2.524
0.2
1.224
1.624
1.324
1.224
2.648
0
1.424
2.648
0.4
1.224
1.224
1.224
1.224
2.3
7.248
0.2
0.2
0.3
2.448
1.224
1.224
1.224
2.448
0
2.448
0.1
1.924
2.548
1.224
0
0
1.224
1.224
2.648
1.224
0.1
2.448
2.448
1.224
1.224
0
1.424
1.324
1.724
1.224
0.6
0.6
2.648
2.548
0
0.1
0.2
2.448
1.224
0.2
0.8
1.224
1.324
1.224
1.324
1.224
0
0.4
1.224
1.624
1.624
1.224
1.924
1.324
1.224
2.548
0
0.1
1.224
1.224
2.748
0
1.424
1.224
1.224
1.224
0
0.1
1.224
1.324
2.548
0
0
1.524
1.224
1.224
1.224
0
1.224
0
1.224
0.1
0
0
1.724
1.324
1.224
1.224
0
1.224
0
1.224
0
1.624
1.324
0
3.872
3.224
0
0
1.224
2.748
3.772
1.224
0
1.724
1.924
2.448
2.224
0
2.448
1.224
1.424
1.224
1.324
1.224
3.648
2.424
2.548
0
1.224
0
2.548
1.424
0.1
1.424
3.772
0
1.424
0.1
2.448
3.148
1.224
1.624
0
0.1
0
0
0
1.324
2.448
2.448
0.3
0.1
0
0.1
0.9
1.424
1.324
1.224
0.3
0
2.448
0
3.648
1.224
1.624
1.524
2.548
0.3
1.224
0
2.324
2.724
1.524
2.448
0
1.224
3.872
1.224
3.648
0.2
3.724
1.424
3.048
0.3
1.324
1.224
0.9
1.424
1.424
1.324
2.448
2.448
2.448
2.648
2.448
1.324
1.224
2.848
3.048
2.448
1.624
0.7
0
2.224
0
0
1.224
1.324
0
0.5
2.948
1.424
1.524
1.224
0.8
0
0
1.424
2.448
1.724
0
0.4
0.3
2.448
5.472
4.172
2.448
2.548
2.448
0.4
2.448
2.448
0
2.648
0
2.448
2.948
2.448
2.448
2.748
1.224
3.148
1.624
2.448
2.548
2.948
0.4
0
1.324
3.224
1.824
2.124
3.672
0
2.448
0.2
1.724
1.424
0.1
2.448
0
1.5
1.224
0.9
0.1
2.448
1.324
2.124
1.224
0.3
0
0.2
1.424
1.524
0.4
1.424
0
1.224
1.324
2.448
2.448
0
1.224
0.6
1.224
2.524
3.048
1.224
0
1.624
0
1.224
0
1.224
1.224
1.324
0.9
0.4
0.2
1.324
1.224
0.2
0
1.224
1.324
1.524
5.724
0
1.224
1.624
1.324
0.9
1.224
0
0
4.148
3.048
0.2
0.1
1.224
1.324
2.548
5.672
4.372
3.848
1.624
2.948
2.548
1.224
2.448
1.924
1.524
2.848
4.248
2.448
3.648
1.424
4.472
5.096
2.548
1.924
3.948
2.548
2.748
1.424
1.424
2.948
4.572
5.272
1.224
2.448
3.972
3.048
2.448
5.148
3.048
2.948
1.224
2.948
1.224
4.048
1.724
2.548
2.548
2.848
2.024
1.224
1.424
1.424
1.324
1.424
5.272
4.896
2.748
1.224
4.148
2.648
3.772
2.548
1.224
1.724
3.048
3.348
2.548
2.448
2.948
2.948
2.448
3.048
1.624
2.548
5.072
3.148
2.548
1.224
2.648
2.948
2.548
2.848
4.072
1.424
1.224
1.424
2.748
2.448
2.748
1.224
2.448
3.548
1.224
3.672
1.224
2.748
2.448
1.624
2.748
3.772
3.448
3.848
2.948
2.448
3.524
2.448
2.548
3.048
5.172
3.248
2.224
3.048
2.624
2.748
1.224
1.224
1.224
1.424
2.848
3.048
2.748
2.448
3.772
2.448
3.348
2.648
1.324
4.896
2.448
2.448
2.648
2.224
2.448
3.848
1.224
2.748
1.624
1.824
6.072
4.672
5.048
4.672
2.548
3.772
3.024
2.648
2.548
4.072
1.324
3.848
2.448
1.524
1.824
2.948
4.348
3.048
2.648
2.748
4.672
2.848
2.948
4.148
1.224
3.248
1.724
2.448
2.448
1.424
3.872
2.448
2.548
2.448
2.648
1.424
2.448
2.448
2.548
4.348
2.648
3.748
4.572
2.748
4.472
1.724
1.224
1.324
2.448
3.824
2.324
2.548
1.224
1.424
1.424
2.448
2.748
1.524
3.648
3.548
2.548
1.624
2.548
2.948
3.548
3.772
1.224
4.472
2.448
2.324
2.224
1.224
4.372
3.772
1.224
2.648
5.772
2.548
2.448
2.748
2.648
2.848
2.448
2.848
4.448
4.472
4.648
3.972
2.548
3.772
1.624
2.448
2.648
1.224
2.448
2.448
2.748
1.624
1.224
2.648
2.448
4.148
2.448
2.448
4.972
2.324
5.096
2.424
2.548
1.724
1.224
2.448
6.672
1.724
2.448
2.448
2.448
1.524
2.648
3.672
5.472
2.748
2.548
2.448
2.748
2.548
2.448
2.848
1.224
2.648
2.648
2.448
3.748
5.148
3.048
2.648
2.848
1.324
5.172
4.572
2.448
1.624
2.448
3.772
1.624
3.148
2.224
1.324
2.548
3.972
2.648
2.448
1.624
4.172
3.148
1.224
1.324
1.324
3.672
1.224
1.224
2.948
2.548
3.048
2.648
2.648
1.224
2.648
2.748
3.048
1.324
3.048
2.548
4.348
1.524
2.448
1.424
2.448
2.548
2.648
2.448
2.448
2.448
2.548
3.772
2.448
2.848
6.772
1.324
1.324
3.348
4.072
1.424
3.872
1.424
1.224
3.348
1.324
1.424
1.224
2.748
2.548
3.248
5.472
5.372
2.448
3.872
3.148
3.848
1.224
5.672
2.848
3.972
2.448
4.548
3.648
4.848
1.324
2.448
3.048
3.672
3.548
2.448
2.448
3.048
2.448
1.324
2.448
1.224
2.748
1.624
2.748
1.224
2.748
3.672
2.948
2.448
3.772
4.996
2.448
2.548
6.896
6.572
5.748
1.824
4.172
1.224
1.324
3.248
1.624
1.924
2.748
2.448
2.548
1.224
2.848
4.072
1.524
3.672
1.324
1.924
1.424
3.672
2.124
3.048
2.648
2.024
1.824
2.848
3.548
3.548
2.548
2.448
2.448
4.972
1.324
2.648
3.648
5.172
2.548
1.224
2.448
2.448
3.348
4.072
1.224
2.948
2.548
1.224
3.672
1.224
3.672
1.324
2.448
2.024
2.624
2.548
2.448
3.148
2.448
1.324
2.648
1.224
2.548
3.848
4.372
1.324
2.648
2.648
3.148
2.548
2.448
2.448
3.148
1.924
1.524
1.224
1.224
2.548
2.448
2.424
2.448
1.224
2.948
2.424
2.548
2.448
3.748
2.548
2.548
2.448
2.548
1.524
2.448
2.448
1.224
2.648
5.672
2.448
2.548
2.648
1.224
2.548
2.748
2.548
2.648
3.148
2.448
1.224
3.672
4.672
2.948
1.724
2.448
2.448
3.348
1.224
2.548
1.224
1.524
2.648
2.448
2.748
3.348
2.448
3.548
4.648
2.748
5.672
1.424
3.672
2.448
2.948
1.424
2.548
2.648
4.072
1.224
2.448
1.724
1.324
1.624
4.248
3.972
2.548
4.548
2.848
4.048
3.348
2.448
1.224
2.648
1.724
3.548
4.972
3.348
2.748
2.448
1.324
2.748
3.648
2.648
4.048
2.748
2.448
2.748
3.248
4.472
3.548
5.772
2.848
6.096
3.848
2.548
3.872
1.224
5.072
1.424
1.224
2.748
2.548
2.448
2.448
2.548
3.048
1.324
1.224
2.448
2.548
1.324
2.548
2.448
2.848
2.748
5.348
1.624
1.624
1.324
2.224
4.648
2.548
1.424
1.224
5.172
2.448
1.424
2.748
3.748
3.672
3.148
1.524
3.048
1.724
1.924
5.972
3.948
2.024
1.624
1.424
4.248
2.548
2.548
2.748
1.324
2.848
4.072
2.948
1.524
3.248
1.524
1.224
2.948
3.672
2.848
2.648
3.848
3.848
3.772
3.772
5.324
4.072
3.972
2.748
1.324
2.624
3.124
2.224
2.448
4.772
2.448
1.224
3.048
2.748
1.824
2.948
1.324
3.248
1.424
4.172
3.448
5.048
3.672
2.748
2.448
1.324
4.772
2.448
6.072
2.448
2.848
2.548
2.848
2.648
3.248
2.448
2.948
5.272
3.848
2.948
1.324
2.648
1.824
2.648
2.448
2.448
18.596
4.772
2.548
2.848
2.648
3.672
3.772
2.648
5.972
3.772
2.748
5.072
4.248
2.548
2.448
2.448
4.472
4.548
1.324
2.648
4.172
4.148
1.224
2.948
2.848
2.948
1.624
2.648
2.648
3.848
4.648
3.048
4.872
4.048
3.648
4.448
1.324
4.548
1.224
5.672
2.548
6.072
2.448
2.748
1.224
3.672
1.224
4.472
1.224
1.324
1.324
0
2.024
1.224
2.548
1.224
2.024
0
2.5
0.1
3.772
1.224
0
0
0
1.224
0
0.2
2.548
0
0
0
3.872
0
1.224
3.2
1.324
1.224
1.224
2.624
1.724
2.724
2.224
1.224
3.024
3.148
1.224
1.324
1.224
1.224
0.2
0.3
0
1.224
1.224
0.1
1.324
0
1.224
0.1
2.548
0.1
1.524
1.224
1.524
1.424
0
0.2
1.324
0.1
2.448
0
1.224
2.524
1.224
2.548
1.324
0
1.224
1.224
0
3.024
1.224
3.772
2.948
1.224
0
2.448
0.1
2.648
2.448
1.424
1.724
1.324
1.724
2.548
1.424
2.448
0
1.524
0.2
1.224
0
1.224
1.224
1.224
0.4
4.124
1.424
1.324
4.048
1.9
3.648
