2.424
0.5
2.124
0.4
2.848
1.324
1.224
1.224
2.748
1.224
2.848
2.448
2.848
1.724
2.024
0
1.224
0
0
0
1.324
1.424
0
0
1.624
0
0.1
0.1
1.224
0
0.1
1.224
3.124
1.224
1.324
2.324
1.324
1.524
0.1
2.424
1.424
3.424
0
0
0
1.224
0.2
2.024
2.524
2.848
1.424
0.1
3.848
1.224
0.1
0
2.748
1.424
1.224
1.924
2.424
1.724
0
0.6
0.6
1.324
1.324
1.324
1.424
2.124
2.224
4.072
2.948
1.324
3.624
2.324
1.224
0.2
1.224
1.324
2.024
1.324
1.324
1.224
0
1.224
1.224
0
0
2.324
1.324
0.3
1.524
1.224
1.224
2.948
2.548
2.648
0
0.1
0
2.224
1.924
1.324
0
1.324
1.324
1.8
1.324
1.424
3.248
1.224
1.224
2.448
0
0
1.424
1.624
1.324
1.524
3.724
0
0
3.448
1.324
1.424
1.424
1.424
0
3.248
1.424
0.2
1.324
0.1
1.924
0.8
1.624
2.448
1.724
1.2
1.424
1.624
1.224
2.024
1.224
1.224
1.324
1.324
1.324
1.324
1.224
1.424
1.524
1.224
2.724
2.224
1.624
0.4
2.024
0.5
1.424
1.424
1.224
1.224
0.2
1.424
0
2.848
0
2.7
2.448
2.948
2.448
1.624
2.748
1.924
1.324
1.224
1.224
2.524
2.524
5.248
1.324
3.772
1.724
4.972
3.548
3.772
2.448
3.772
1.624
3.972
2.848
4.772
3.772
2.948
2.648
3.048
1.224
0.4
2.648
0
0
1.324
2.824
1.224
1.224
3.048
1.224
1.524
1.224
1.624
1
1.224
1.224
4.024
1.224
2.024
0
1.224
1.224
1.224
2.224
1.224
1.224
1.324
1.224
1.324
1.724
3.672
1.224
1.224
2.448
0
1.324
0.1
4.848
1.324
0
1.424
0
1.924
1.824
0
1.224
0.1
1.224
1.224
1.224
1.1
0
1.324
1.224
1.224
0
1.324
1.224
1.424
1.324
1.524
1.324
2.448
1.424
0.2
1.224
2.448
0.3
1.324
1.224
1.224
1.224
1.524
1.224
1.424
2.424
0
1.324
1.424
3.872
2.448
1.224
1.224
3.148
1.224
2.648
1.224
1.224
1.324
2.548
1.224
1.324
1.224
1.224
2.224
0
0
0
0
1.324
1.224
0.1
2.548
0.1
0.3
0.1
1.224
1.624
2.948
0
2.448
1.324
1.224
2.548
0
0
1.324
1.224
1.524
0
1.224
1.424
0.1
1.624
1
1.424
1.224
1.424
0
0
1.224
0.5
1.224
0
1.624
1.324
1.224
0.2
0
2.924
1.224
1.224
2.548
3.024
1.524
1.824
1.624
2.548
1.424
0.6
2.448
2.648
2.848
2.724
3.724
0
0
1.324
1.524
0
5.396
3.772
0
2.448
2.448
2.448
0.2
0
2.448
0
1.224
1.224
1.224
0
1.324
0
1.224
2.124
0.1
0
0
1.324
1.824
0
1.224
0
0.2
1.324
2.648
1.524
0.1
0
2.548
1.4
1.224
0
2.448
0
1.424
1.224
0
1.324
1.224
1.224
2.748
2.448
2.448
2.448
2.448
1.424
1.324
1
1.824
2.648
0
0.2
1.424
1.424
0
1.324
1.224
1.324
1.424
1.524
0.6
1.324
1.224
0
3.772
1.424
1.324
1.224
2.548
1.324
0.8
1.924
0.1
1.224
2.848
1.324
1.324
1.224
0.2
1.224
1.324
0
1.324
1.224
2.448
1.524
1.424
0.1
0
0
2.648
1.224
1.324
0.3
1.224
0
1.624
1.324
2.548
1.424
0.3
1.324
1.424
0.1
3.324
0.7
0
1.924
2.424
0
1.224
1.524
1.324
0.1
1.224
0.1
0.4
2.448
0
1.224
0
0.3
0
2.448
1.424
0.2
2.448
1.224
1.224
1.224
2.748
0.1
0
0
1.224
3.924
1.224
0.2
2.748
0
1.224
0
2.448
1.224
0.5
0
1.224
1.224
2.648
1.224
1.224
1.224
2.448
0.2
2.548
1.224
1.224
2.624
1.224
2.448
1.224
0
1.624
3.048
2.448
0
1.224
1.224
1.424
1.924
2.448
0.2
2.448
1.224
1.824
1.324
1.724
0.1
2.548
1.824
1.424
0.2
1.224
2.224
1.924
2.448
1.324
1.324
0.1
1.224
1.524
1.224
0.1
1.224
1.624
1.224
0
1.224
1.324
1.424
1.224
1.624
2.448
2.748
1.524
2.548
2.448
1.224
0.1
2.448
0
1.324
0
0
1.224
1.324
2.424
1.724
0
2.548
0
0
1.324
1.224
1.224
0.2
1.324
1.324
1.324
1.224
0.5
0
2.448
1.224
1.424
0.1
1.224
2.448
0
1.424
0
1.224
0.1
0.4
1.324
0.1
0
1.324
1.424
1.624
1.224
0
0.9
0
0
3.024
1.224
2.448
0
0.1
0.2
2.448
0
0
1.324
4.048
0
0.1
2.448
1.424
1.224
2.448
0
1.224
0
0
1.224
0.2
1.324
1.224
1.224
2.924
1.224
1.224
0.2
0
1.724
1.324
1.224
1.424
0.2
1.424
1.224
1.624
1.224
0
0.1
1.924
0
2.748
1.224
1.324
2.448
0
0.1
3.772
1.224
1.224
1.224
1.324
1.424
2.748
0
2.448
1.524
2.748
1.724
1.324
1.224
0.4
1.224
1.224
0
1.324
2.748
1.224
0
1.324
0.1
0.2
1.424
1.324
0.1
1.224
0.3
2.448
1.224
1.224
2.548
0.1
1.624
2.448
0.1
0.2
1.724
1.324
1.224
1.224
2.448
1.224
0
1.224
1.424
0.1
1.424
1.324
0
0
1.424
1.524
1.324
1.324
1.224
0.2
0
1.224
0
1.4
1.224
0.2
1.224
0
1.424
2.448
1.224
3.224
0
2.748
1.324
1.324
1.224
1.424
1.324
1.224
2.448
2.648
1.224
1.224
1.224
1.424
2.448
1.224
1.224
2.448
1.4
7.048
0.2
0.2
1.724
2.448
2.448
1.224
1.224
1.224
0
1.324
1.424
1.424
2.448
1.224
1.224
0
1.224
1.224
1.224
1.424
0
2.448
2.448
1.224
1.424
1.224
1.324
1.224
0.5
2.448
0.3
0.4
1.524
1.224
0
1.324
0.1
2.548
1.224
0.1
1.924
1.424
1.224
1.224
1.224
1.224
0
1.724
2.448
1.524
1.224
1.224
1.624
1.224
1.224
1.324
0
0
1.224
1.224
1.324
0
2.748
1.224
0
2.548
0
0.1
1.224
1.224
2.748
1.224
1.224
2.548
1.224
1.224
1.424
0
1.224
0
1.224
0
1.224
0
1.724
1.224
2.448
2.448
0.1
1.224
1.224
2.548
1.224
1.524
1.224
0
2.548
3.948
1.324
0.1
1.224
1.324
2.448
1.224
0.1
1.424
2.024
1.224
3.448
1.224
2.448
2.448
1.224
2.548
1.224
1.224
1.824
3.148
1.324
0.1
1.324
0
1.424
1.324
0
1.424
2.448
0
1.524
0
2.448
1.424
1.224
0.4
0.1
0.1
1.224
0
1.224
2.748
1.224
1.324
0
1.324
1.224
1.224
0.8
2.748
1.424
2.448
0
0.1
2.448
1.224
3.548
2.448
1.824
1.324
1.224
0
2.448
0
1.924
2.124
1.324
2.448
0
2.448
2.748
2.448
3.448
1.324
3.748
3.048
1.724
1.324
1.424
2.448
1.624
2.448
1.324
1.424
1.224
1.224
1.224
1.324
1.224
2.548
1.224
1.524
1.524
1.224
1.724
2.324
1.224
3.148
1.224
0.3
1.224
1.224
0
0.1
3.148
1.624
1.424
1.224
1.524
0
1.224
1.324
1.224
1.324
1.224
1.724
1.424
2.448
5.172
2.848
1.224
2.548
2.448
1.324
1.224
1.224
1.224
2.648
1.224
1.224
1.424
1.224
1.224
1.424
1.324
1.524
2.648
1.224
1.324
2.548
0.2
0
1.424
2.124
1.324
0.7
2.448
0
1.224
1.424
2.948
1.424
1.224
2.448
0
1.3
0
1.624
0.1
2.648
1.224
3.048
1.224
0.3
0
0.3
1.824
1.324
1.824
1.324
1.224
1.224
1.224
1.224
1.324
0.2
1.224
2.024
1.224
2.424
2.848
1.224
1.224
1.424
1.224
2.448
0
1.224
1.224
1.324
0.4
1.424
0.2
1.324
1.224
0.2
0
1.224
1.324
1.324
4.224
0.2
1.324
1.424
1.224
0.9
0.1
0.1
0.2
3.848
2.748
1.424
0.1
1.224
2.748
2.448
5.572
4.372
3.348
1.324
2.948
2.548
2.448
2.448
2.548
1.324
2.448
3.648
2.548
3.248
1.324
5.196
3.772
2.448
3.248
3.448
3.772
3.772
1.224
2.548
3.872
4.672
4.872
2.448
2.448
4.072
2.848
2.448
5.448
2.748
2.648
2.448
3.248
1.324
3.948
2.548
2.448
3.672
3.048
2.748
2.548
2.648
1.324
1.324
3.148
5.872
3.672
3.772
1.224
4.872
2.548
4.172
2.548
2.548
2.548
3.672
3.748
2.548
2.448
2.748
2.748
2.548
4.172
2.648
2.448
4.772
3.348
2.648
1.224
2.648
4.072
3.672
2.748
2.848
1.324
2.448
1.324
3.772
3.672
2.548
2.548
2.448
3.348
2.548
3.672
2.648
2.748
2.648
1.324
2.548
3.772
3.348
3.548
2.948
2.448
3.424
2.448
2.448
2.848
5.372
4.772
3.248
3.972
1.824
3.772
1.224
1.224
1.224
1.324
2.948
2.848
2.548
2.448
3.672
2.448
3.248
2.648
2.448
3.772
3.672
3.672
2.748
1.624
2.448
3.448
1.224
2.948
2.448
2.748
5.472
2.848
5.772
4.372
2.748
3.772
4.148
2.548
2.548
2.648
2.448
2.948
2.448
2.748
2.748
2.948
4.148
3.972
2.548
2.548
4.872
2.648
2.848
3.948
1.224
4.272
1.624
2.448
2.448
1.424
3.872
2.448
2.448
2.448
2.448
1.324
2.448
3.672
3.772
4.472
2.648
3.548
5.396
3.972
4.272
1.424
1.224
1.424
2.448
3.848
1.324
2.448
2.448
2.548
1.424
3.872
3.248
2.948
3.048
3.348
2.448
2.848
2.548
4.172
4.672
3.972
2.448
4.372
2.748
2.124
2.948
2.448
4.172
2.448
2.448
2.548
5.972
2.548
2.548
4.072
2.648
2.848
3.672
2.648
3.748
5.996
4.048
3.772
2.648
4.996
2.548
2.448
2.948
1.324
2.848
2.448
2.548
1.624
2.448
2.948
2.448
3.448
2.448
2.548
4.972
2.424
3.672
3.748
2.748
3.048
2.448
2.448
6.272
1.424
2.648
3.672
2.448
2.748
3.672
2.448
4.372
2.648
3.772
3.772
2.848
2.648
2.448
2.748
2.448
2.548
2.448
3.672
3.248
4.948
4.272
2.748
2.648
2.548
5.972
4.872
2.648
2.748
2.448
3.772
2.748
2.848
3.448
1.224
2.448
4.072
2.448
2.448
1.424
3.872
3.148
2.448
1.324
1.224
2.548
1.324
2.448
4.072
2.848
2.948
2.448
2.648
2.448
2.548
2.548
3.048
1.524
3.148
2.648
3.248
2.548
3.672
2.448
2.448
2.748
2.548
2.548
2.448
2.448
3.672
3.672
2.448
3.872
5.872
1.324
2.548
4.172
4.072
3.048
3.872
2.648
1.224
4.048
2.448
1.424
2.448
2.648
2.848
3.148
5.272
5.372
3.672
4.572
3.048
4.548
1.224
4.972
2.748
4.172
2.448
4.448
3.348
4.648
1.224
2.448
4.272
3.772
3.248
2.448
2.448
2.848
2.448
1.224
2.748
2.448
1.324
1.624
4.272
1.224
2.648
3.872
2.848
2.448
3.672
3.772
2.448
2.448
5.172
5.572
4.348
2.948
4.072
1.324
2.448
4.672
2.024
1.624
2.548
2.448
4.072
1.224
2.948
4.072
1.324
3.772
1.324
2.948
1.324
3.772
1.624
2.948
3.772
3.548
2.948
4.172
5.072
3.748
3.148
2.448
2.448
5.596
2.448
3.772
2.748
4.772
2.548
2.548
2.448
3.672
3.348
2.848
1.324
2.548
3.772
2.848
3.672
2.448
3.672
2.448
2.448
1.924
2.324
2.448
2.548
2.648
2.448
1.224
2.648
2.448
3.672
3.948
4.572
2.448
2.648
2.648
2.648
2.548
2.448
2.548
4.072
2.648
2.848
1.224
1.224
2.648
2.448
3.848
2.548
2.548
2.948
2.524
3.672
3.672
3.348
2.648
2.448
2.448
2.448
1.324
2.448
2.448
1.224
4.272
5.472
2.548
2.648
2.448
2.448
2.648
2.848
2.548
3.872
4.272
2.448
2.548
3.672
4.572
4.072
1.324
2.648
3.672
2.748
1.224
2.548
2.448
2.448
3.872
2.448
2.548
3.048
2.448
5.272
4.148
2.948
5.272
1.224
2.448
2.548
2.648
1.424
3.772
2.448
3.672
1.224
2.448
1.424
2.448
2.848
4.772
3.872
2.448
4.948
2.748
4.672
3.248
2.548
1.224
2.448
1.524
4.272
5.896
4.372
4.172
2.448
1.224
2.548
3.248
2.648
2.948
2.848
2.448
2.748
3.048
4.472
5.072
5.972
2.548
4.872
4.372
3.672
3.672
1.324
4.172
1.224
1.224
2.748
2.448
2.548
3.672
2.448
2.848
2.648
2.448
2.448
3.672
2.448
2.448
2.448
2.648
4.072
6.372
2.848
2.648
1.424
3.148
3.848
3.872
2.648
2.448
3.648
2.548
1.224
2.648
3.448
3.672
3.148
1.324
3.148
1.524
1.624
4.772
3.648
1.824
1.324
1.424
4.248
2.648
2.448
2.648
1.224
2.948
4.272
2.648
3.148
3.048
1.224
1.224
3.048
3.772
2.648
2.448
3.348
3.148
3.772
2.448
4.824
3.872
3.772
2.748
1.224
3.548
2.524
2.624
2.448
5.472
2.448
1.224
3.148
3.972
2.648
3.348
1.524
2.748
1.424
4.072
3.548
5.272
3.772
2.748
2.548
2.548
4.872
2.548
5.972
2.648
2.648
2.448
3.248
2.848
3.748
2.448
2.948
4.472
3.148
2.748
2.548
2.548
2.948
3.872
2.448
2.448
5.972
3.448
2.448
2.448
2.448
3.772
5.896
3.772
15.996
3.672
3.972
4.472
3.448
2.448
2.448
3.672
4.372
4.048
2.448
2.548
3.872
3.448
1.224
2.748
2.848
3.872
2.548
2.448
2.648
4.548
6.572
4.372
4.272
5.072
2.948
3.748
1.524
3.848
1.224
6.272
2.448
5.372
2.448
2.548
2.448
2.448
1.224
2.948
2.448
2.448
1.224
0
1.724
1.324
2.448
1.324
2.124
1.224
2.3
0
2.448
1.224
1.224
1.224
0
1.224
0.2
0.2
1.324
0
1.224
0
2.548
0.1
1.224
2
0
2.448
0
2.024
1.424
4.248
1.924
2.448
2.424
1.724
1.424
1.224
1.224
1.224
0.1
0.2
1.224
2.448
0
0
1.424
1.224
0
0
1.324
0
0.2
1.224
1.324
1.524
0
0
0
1.224
1.324
0
1.324
1.624
1.224
1.324
1.224
1.224
1.224
1.224
0.2
1.524
1.224
2.448
2.948
1.224
1.224
2.448
0.1
1.224
2.448
1.224
1.224
1.324
1.924
1.324
2.548
2.448
1.224
2.648
1.424
1.224
1.224
2.448
1.224
2.448
0.3
5.224
1.524
1.524
2.024
1
1.524
