1.924
0.3
2.324
0.2
1.324
3.46
1.524
1.224
2.548
1.224
2.848
2.548
1.324
1.724
1.324
0
0
0
0
0
3.06
3.26
0
0
1.524
0
0
0.2
1.324
0
0
1.224
2.024
1.224
0
1.524
1.224
1.224
0.1
2.224
1.424
4.16
0.1
0
0
1.224
0.1
0.4
1.724
2.948
1.324
0.1
3.148
0
1.12
0
1.324
0.3
1.524
2.124
1.2
0.2
0
0.5
2.436
1.424
0
0.2
1.424
0.5
1.724
3.048
1.424
3.16
4.06
1.924
0
0.3
0
1.224
1.624
0
1.224
0
0
0
0
0
0
0.6
1.224
0
0.2
0
0
2.648
2.548
1.224
0.1
0
0.1
1
0.4
1.324
0.1
1.524
1.224
0.9
0
1.424
1.624
0
1.224
1.224
0
2.036
1.224
0.4
1.224
1.324
1.7
0
0.1
1.824
0
1.224
1.424
1.324
0
1.924
1.624
0.1
0.1
0
3.36
0.3
1.724
1.324
1.524
0.7
1.324
0
0
2.124
0
0
1.624
0.1
1.424
0.1
1.224
1.224
1.424
1.324
2.324
1.724
0.1
0.2
1.524
0.1
1.324
0
1.324
0
0
0
0
1.324
0
1.2
1.224
2.224
1.224
1.324
1.224
3.144
0.2
0
4.18
1.924
1.724
2.124
1.424
2.548
1.324
2.548
2.848
2.648
1.524
2.548
1.724
3.772
2.448
3.048
2.548
2.848
2.448
2.648
1.224
0.3
3.26
0
0
0.3
2.424
0
1.224
2.948
1.324
1.324
1.224
1.324
0
0
3.06
1.4
1.224
2.436
0
1.836
0
1.324
1.824
1.224
1.224
1.324
1.224
1.224
1.424
2.448
1.424
1.224
1.224
1.836
1.224
0
2.324
3.06
1.836
1.524
1.836
1.624
3.26
0.1
0
0
0
0
1.224
0.5
0
0.1
0
0
0.1
1.224
1.836
0.3
1.224
1.224
1.324
1.224
1.324
0.1
1.224
1.224
0.3
1.224
1.324
1.224
1.224
1.324
1.324
1.224
0.5
0
1.324
0
2.448
1.224
0
0
2.124
1.224
1.324
1.324
1.224
1.224
1.224
3.06
3.06
1.224
0
0.6
0
0
0
0.2
0.1
1.224
0
1.324
0
0
0
0
0.2
1.324
0
1.324
0.2
0
1.324
0
0
1.224
1.224
1.224
0
1.224
1.224
0
1.524
0.2
0
1.224
0
0
0
0
0.5
0
0.1
3.26
3.06
0
0
0
2.024
1.224
0
2.448
0.8
0
1.524
1.324
2.448
1.424
0.4
1.224
2.448
1.324
0.9
0.9
0
1.836
1.224
0.1
0
3.972
3.772
0
2.448
2.448
1.324
0.1
0
2.448
1.936
1.224
1.224
1.224
0
1.224
0
0
0.4
0
0
0.3
1.324
1.424
0
0
0
0.2
1.324
2.448
1.224
0
0
2.448
0.7
0
0.2
2.448
1.836
1.424
1.224
0
1.224
3.06
1.224
1.324
1.224
4.284
1.224
1.224
1.324
1.224
0.8
1.324
1.524
1.836
0
0
1.524
0
0
0.1
3.06
3.16
1.424
0.3
1.324
1.224
1.836
2.448
1.524
1.524
0.1
1.224
1.324
0.1
1.224
0.2
1.224
1.524
1.224
1.624
1.224
1.836
0
1.324
0.2
3.06
0
1.224
1.224
3.06
0
1.836
0
1.624
0
1.224
2.136
0
0
1.324
1.324
1.324
1.224
0.1
1.524
0
0.3
2.824
2.036
0
1.524
1.824
0
1.424
1.424
1.224
0
1.836
0.2
0.2
1.224
0
1.224
0.3
0
0
1.224
1.224
0
1.224
1.224
0
3.06
1.224
0
1.836
0
1.224
2.024
1.224
1.836
1.224
0
1.224
0
1.224
3.06
0.2
0
0
1.224
1.224
1.224
3.06
1.224
1.224
2.036
2.448
1.224
0
0.4
1.224
1.224
1.224
0
1.424
1.624
1.224
1.836
1.224
1.224
1.324
1.424
2.448
0
1.324
1.224
1.324
1.224
1.424
0.3
1.224
0
1.424
0
1.224
1.524
3.26
1.224
1.324
1.224
0
1.324
1.224
1.324
1.836
1.224
1.524
1.224
0
0.1
1.324
0
0
0.1
4.284
3.36
1.324
4.284
2.448
1.224
0.1
1.224
0
1.224
1.836
0
1.224
1.224
2.024
1.324
0
1.224
0
0
3.26
1.224
1.524
0
1.224
1.324
1.224
1.836
0.1
0
1.224
1.224
1.224
1.936
1.224
1.224
0.1
0
0
1.224
0
2.236
1.224
0
0
1.224
0.3
1.724
1.836
0
0.4
0.1
0
1.624
1.324
2.448
0
0
0.1
1.224
0
0
1.324
2.748
0
0
1.224
1.224
3.16
1.224
0
3.06
0
0
1.324
0.1
1.224
3.16
0
1.324
1.224
1.224
0
0
1.524
0
1.224
1.224
0
1.324
1.224
3.26
1.224
0
0.1
1.424
0
2.748
3.06
2.036
1.224
0
0
2.548
1.224
1.324
1.324
1.224
1.224
1.524
0
1.224
1.424
2.548
1.324
1.224
1.224
2.136
1.224
1.224
0
1.224
1.324
1.224
0.1
1.524
1.936
0
0
1.224
0
0
0.1
1.224
1.224
1.224
2.648
0
0.2
1.224
2.136
0.2
1.324
3.26
1.224
1.224
1.224
1.224
0
0
1.324
0.1
1.424
1.224
0
0.3
1.324
1.224
0
1.224
1.224
1.836
0
1.224
0
2.336
1.224
0.1
1.224
0
3.06
1.224
3.06
1.424
0.1
2.448
0
1.624
0
1.324
1.224
1.224
1.224
2.448
0
1.224
1.424
0.5
1.224
1.224
1.224
1.324
0.9
3.148
0
0.1
0
1.224
1.224
1.224
1.224
3.06
0
3.06
1.836
1.424
2.448
1.224
0
0
1.224
1.324
1.224
1.224
0
2.448
2.448
1.224
1.324
0
3.06
1.224
0.2
1.224
0.7
0.3
3.36
1.224
0
0.1
0
2.448
1.836
0.2
0.5
3.06
1.224
3.06
1.224
1.224
1.836
0.1
1.224
1.224
1.324
1.224
1.524
1.224
1.224
1.224
0
0
1.224
1.224
1.224
0
3.16
1.224
1.836
3.06
0
0
1.224
1.224
2.448
0
0.1
1.324
3.16
1.224
3.06
0
1.224
0
1.224
0
0
0
1.424
1.224
1.224
1.224
0
3.06
0
1.224
0.1
1.224
1.224
0
2.448
2.124
0
0
1.224
1.224
4.384
1.224
0
1.424
1.724
1.224
1.524
0
2.448
1.224
1.324
1.224
3.06
1.324
1.524
1.724
1.224
0.1
3.06
0
1.224
1.224
1.836
1.224
2.448
0
1.224
0.1
2.448
1.224
1.224
0.1
0
0.2
0
0
0.1
1.224
1.224
1.224
0
0.1
0
0.1
0.3
1.224
1.224
1.224
0
0
2.448
0
2.748
1.224
1.324
3.26
3.06
2.036
3.06
0
1.424
1.624
1.324
1.224
0
1.324
4.684
1.224
3.048
0.1
1.624
1.424
1.324
0.1
1.224
1.224
0.2
1.224
1.224
1.224
3.06
3.06
3.06
1.324
1.224
1.224
1.224
1.324
1.424
1.224
1.324
0.5
0
1.824
0
0.1
1.224
1.224
0
0
3.36
1.224
3.16
1.224
0.3
0
0
3.06
1.224
3.06
1.836
1.936
1.936
2.448
4.372
4.584
3.06
3.16
3.06
0.2
3.06
1.224
0
1.424
0
1.224
1.524
1.224
1.224
1.424
1.224
1.524
1.224
1.224
1.224
1.324
0
0
1.324
2.024
1.424
2.036
2.448
0
1.224
0.1
1.224
1.224
0
3.06
0
0.4
1.836
0.6
0.2
2.448
1.324
1.524
1.324
0.4
0
1.836
2.544
1.324
0
1.324
0
1.224
1.224
1.224
1.424
0.1
1.224
0.1
1.324
1.824
3.148
1.224
0
1.424
0
1.224
0
1.224
1.224
1.224
0.4
0
0.1
1.224
1.224
0
0
1.224
1.324
1.524
3.724
0.1
1.224
1.224
1.324
0.5
0
0.1
0
3.448
2.448
0.2
0
3.06
1.224
2.548
4.772
4.072
3.148
1.424
2.648
4.284
1.224
2.648
1.624
1.224
3.668
3.948
2.548
2.948
1.324
3.872
3.672
2.448
1.824
3.148
2.448
2.648
1.424
1.224
2.748
3.772
3.672
1.224
2.448
3.872
2.848
4.284
3.548
2.848
2.648
1.324
2.848
1.224
3.348
1.524
2.448
2.448
2.848
3.36
1.224
1.324
1.424
1.424
1.424
4.072
3.772
2.548
1.224
3.148
2.648
3.972
2.448
1.324
1.424
2.548
3.248
4.284
2.448
2.848
2.548
2.648
2.648
1.524
2.448
3.872
3.048
2.648
1.224
2.648
2.848
2.548
2.648
4.784
1.724
1.224
1.324
2.548
2.448
2.948
1.224
2.448
3.148
1.224
3.672
1.224
3.148
3.768
1.424
3.148
3.672
3.348
3.248
2.648
2.448
3.544
2.448
2.548
2.548
4.472
2.548
1.624
2.948
2.024
2.648
1.324
1.224
1.324
1.424
2.848
2.648
2.448
2.548
3.672
2.448
3.048
3.668
1.224
3.872
2.448
2.448
2.848
1.824
2.448
3.448
1.324
2.948
1.524
1.824
4.172
2.948
2.948
3.972
2.948
3.672
2.224
2.548
2.548
2.748
1.424
2.848
2.448
1.424
1.724
2.548
3.448
2.548
2.548
2.448
3.972
2.848
2.648
3.248
1.224
2.748
1.624
2.448
2.448
1.324
5.608
2.448
2.548
2.448
5.904
1.324
2.448
2.448
2.548
2.948
2.848
3.948
3.672
2.548
3.872
1.724
1.224
1.324
2.548
2.224
2.124
2.448
2.244
3.56
1.324
2.548
2.648
1.424
3.048
2.848
2.448
1.524
2.548
2.848
3.048
3.772
1.224
4.072
2.448
3.96
1.824
1.224
4.072
2.448
1.424
2.548
4.372
3.568
2.548
2.748
2.448
2.448
2.448
2.448
3.148
4.172
2.748
3.872
4.284
3.772
1.624
2.448
4.484
1.224
2.548
2.448
2.448
1.724
1.324
2.448
2.448
3.248
2.448
2.648
4.372
1.824
3.672
1.624
2.548
3.26
1.224
3.468
5.172
1.724
2.448
2.448
2.448
1.324
2.848
2.448
3.348
3.048
2.548
2.448
2.548
2.448
2.448
2.748
1.224
2.548
2.448
2.448
2.548
3.448
2.648
2.448
2.548
1.524
4.272
3.772
2.648
1.224
2.448
5.508
1.424
2.748
1.824
1.324
2.648
5.608
2.648
2.548
1.624
4.072
2.848
1.224
1.224
1.224
2.548
1.224
1.224
2.948
2.548
2.748
2.548
2.448
1.224
2.448
2.448
2.648
3.26
3.048
2.548
2.648
1.424
2.448
1.424
2.648
2.548
2.448
2.448
2.448
2.448
2.548
3.672
2.448
2.448
4.072
1.324
1.224
2.748
3.972
1.624
3.872
1.424
1.224
3.148
1.324
3.16
1.224
2.748
2.548
5.184
4.372
3.972
2.448
3.972
2.448
3.048
2.244
3.972
4.384
2.848
2.448
4.148
2.848
3.948
1.224
2.448
2.448
2.448
2.748
2.548
2.448
2.948
2.448
2.344
2.648
3.16
1.324
1.224
2.548
1.224
2.448
4.792
2.748
2.448
3.772
3.772
2.448
4.284
3.972
4.772
3.148
1.624
4.272
1.224
1.324
3.048
1.424
1.624
2.448
2.448
2.448
1.224
4.384
3.672
1.324
3.672
1.224
1.324
1.324
3.772
3.56
2.548
2.748
1.824
1.424
2.548
3.148
2.848
2.548
2.448
2.448
4.472
1.224
2.448
2.548
3.772
2.448
1.224
2.448
2.448
3.148
4.684
3.06
2.848
2.648
1.324
3.672
1.424
3.672
1.224
2.548
2.444
2.944
2.648
2.448
2.548
2.448
2.444
2.448
1.324
2.448
3.048
3.872
1.524
2.948
2.448
3.448
2.548
2.548
2.448
3.148
1.624
1.424
1.224
1.224
2.548
2.448
2.124
2.548
1.324
2.748
2.224
2.448
2.448
3.048
2.548
2.448
2.448
2.448
1.324
2.448
2.448
1.224
2.948
6.508
2.448
2.548
2.448
1.224
2.648
2.948
2.448
2.548
2.748
2.448
1.224
3.772
4.272
2.448
1.224
2.748
2.448
3.048
1.424
2.448
1.224
1.324
2.548
2.448
2.448
3.448
2.448
3.648
3.848
2.648
4.072
1.424
4.484
2.448
2.848
1.424
4.384
2.548
4.072
1.224
2.548
1.724
1.324
1.824
3.148
5.708
2.548
3.348
2.548
2.848
2.548
2.448
1.224
2.448
2.744
2.848
4.172
2.648
2.748
2.548
1.324
2.648
2.748
2.448
3.568
2.448
2.448
2.548
3.148
3.772
2.948
5.172
2.548
3.972
2.948
2.448
3.672
2.344
3.972
1.524
1.324
2.848
2.448
2.448
2.448
2.448
2.648
1.224
1.324
2.548
2.448
1.324
2.448
2.448
2.448
3.048
4.048
1.424
1.324
1.324
1.424
3.648
2.548
1.224
1.224
3.448
2.548
1.424
2.648
3.048
5.908
2.948
3.16
2.548
2.444
1.224
3.872
3.148
1.624
2.024
2.444
2.948
2.448
2.548
2.448
1.224
2.648
5.908
2.948
1.424
4.484
1.324
1.224
2.648
3.672
3.668
2.448
3.248
2.748
3.772
4.384
3.224
3.872
4.272
2.648
1.224
1.824
2.524
1.824
2.448
5.908
2.548
1.224
3.448
2.548
1.324
3.448
2.544
2.648
3.26
3.772
3.148
3.948
3.672
2.448
2.448
4.28
4.572
2.448
4.472
2.548
2.548
2.548
2.848
2.548
2.748
2.448
3.248
3.148
2.848
2.748
1.424
3.668
1.524
2.648
4.284
2.448
5.072
3.248
2.448
2.648
2.448
3.672
3.872
2.648
4.472
3.672
2.548
13.028
2.948
4.384
2.448
2.448
4.172
3.048
1.224
2.648
3.972
3.448
1.224
2.648
2.548
2.748
1.424
2.448
2.548
3.048
3.048
2.748
4.892
2.948
3.548
3.348
1.224
3.348
1.224
4.384
2.648
3.972
2.448
2.548
1.224
4.384
1.324
2.948
3.06
1.324
1.224
0.1
1.624
1.324
2.548
1.324
1.524
0
1.2
0
2.448
1.224
0
0
0
1.224
1.936
0.1
1.224
0
0
0
2.548
1.936
1.224
2.936
0.1
1.224
1.836
1.924
1.224
1.924
1.824
1.224
1.624
1.224
3.06
1.424
1.224
1.224
0
0.1
0
3.16
1.936
0
1.424
0
1.836
1.836
1.324
0.1
0.2
1.224
0.1
1.324
0
0.1
0
0
1.224
0
1.224
0.6
1.224
1.324
1.324
0
1.224
1.224
0
2.224
1.224
2.748
2.548
1.224
0
1.224
0
1.224
1.224
1.224
1.424
1.324
1.824
1.224
1.224
1.224
0.1
1.324
0
1.224
1.836
1.224
1.224
1.224
0.1
2.924
1.624
1.424
1.724
0.2
1.824
