2.624
0.8
2.7
0.6
0.5
1.424
1.424
1.224
2.648
1.224
2.548
1.224
1.424
1.624
2.524
0
0
0
0
0
0.2
0.4
0.2
0
1.424
0.1
0.2
0.2
0.2
0.2
0
0.1
3.724
1.324
0.4
1.624
1.324
1.324
0
1.824
1.524
2.7
0
0.1
0
0
0.3
1.1
2.024
1.424
0
0.1
2.224
0
0
0.1
1.724
0.1
1.424
0.8
2
1
0
1.1
0.6
1.924
0
0.3
0.6
1.8
1.924
2.124
1.824
1.424
3.4
2.524
0
0.4
0
1.324
0.6
0
0.1
0.1
0.1
0
0
0
0
1
1.524
0.3
0.2
0.1
0
1.524
1.624
1.224
0
0
0
1.2
0.7
1.324
0
1.224
1.324
1.9
0.6
1.424
2.124
0
1.224
0.1
0.1
0.1
1.424
0.7
1.224
1.324
3.8
0
0.1
2.324
0.2
1.224
1.324
0
0.1
1.3
1.824
0.2
0.4
0.1
1
0.9
0.4
0.2
0.5
1.5
1.424
0.5
0
0.8
0
0
0.5
0.8
1.824
0.2
0.1
1.624
1.624
1.324
1.824
1.924
0.4
0.4
2.624
0.2
1.724
0.1
1.224
0
0.4
0.1
0
1.224
0
4.2
1.424
3.024
0.2
1.524
0
1.2
0
0
0.2
2.024
1.524
0.7
1.324
1.224
1.924
2.824
3.724
1.424
1.424
1.324
1.624
2.848
2.948
2.924
1.624
1.424
1.224
2.948
1.224
0.4
1.624
0
0
0.7
3.924
0
1.524
2.224
0.5
1.524
0.1
1.924
0.8
0
1.224
4.2
1.324
1.1
0
0
0
0
2.4
0.1
0.1
0.4
0
0
0.8
1.224
0.4
0
0.1
0.1
0.1
0.1
4.9
0.4
0
0.8
0
1.3
0.3
0.1
0
0.2
0
0
0
1.8
0
0.1
0
0
0.1
0
0
0.3
0
0.6
0
1.224
1.224
0.6
0
1.224
0.4
0
1.224
0
1.224
1.824
1.524
0.1
0.7
0
0
0
1.324
1.224
0
0
0.3
0
0.5
1.424
0.1
0.1
0.3
0.1
0
0
0
0.9
0
0
0
0.1
0
1.224
0
1.224
0.1
0.3
0.1
0
0.2
2.124
0
2.924
0.2
0
0.4
0
0
0.1
1.224
0
0
0.2
1.224
0.1
1.924
0.3
0.9
1.324
0.2
0.2
0.1
0
2
0
0.1
0.6
0.1
0
0
0
4.024
1.224
0
1.224
2.5
0.2
2.424
0.5
1.324
0.4
0.8
1.324
1.224
1.624
1.3
3.9
0.1
0.2
1.224
0
0
3.048
2.648
0
1.224
1.224
0
0.1
0
1.224
0
0.1
0
0
0
0
0.1
0
1.7
0
0
0.2
0.3
1.1
0
0
0
0.1
0.1
1.724
1.524
0
0
1.424
2.4
0
0.5
1.324
0
1.524
1.224
0.1
0.2
0.2
1.224
0.6
0
1.224
0.1
0
0.2
0
1.4
0.4
1.524
0.1
0.4
0.4
1.724
0
0.2
0.1
0.1
0.1
0.5
1.8
1.224
0.1
0
1.224
0.7
0.4
0.1
1.324
0.2
0.8
1.2
0.6
1.324
2.724
0.1
1.624
0
0.6
0.1
1.424
0.2
0
0
0
0.4
0.2
0.1
0
0
0.6
0
1.224
0.4
0
0
1.2
0.5
0
0
0.6
0.4
0
0.2
2.4
1.7
0
0.7
2.524
0
1.324
0.5
1
0.1
0
0.1
0.5
0
0.1
1.224
0.5
0.2
0
0
1.924
0.3
0.1
1.224
0
0.3
0.5
0
0.1
0
0.1
0.7
0
0
0.4
0.8
1.224
0.1
0.2
0.1
1.5
0
0
1.324
1.1
0
0
0
0.1
0.1
1.324
0
0
2.6
0.1
1.224
0
0
0.3
1.4
0
0
1.224
0
0.5
0.8
1.224
0
0.1
1.424
1.424
0.1
1.624
0.5
0
0.1
1.624
0.1
0.8
1.2
0.4
0
1.224
1.224
0
0
0.4
1.324
0
0
0.7
0
0.2
0.3
1.524
0
0
0
1.324
2.024
0.7
1.424
1.424
0
0
0
0.1
0.1
0.1
0.1
0
0
2.324
0.3
0
0
0
0
0.1
0
1.224
0.1
0.1
0.5
0
0
0.7
0
1.224
0
0.1
0
0
1.224
0
0.4
0
0.1
0.2
0.7
0.4
0.1
0
1.324
0.2
0.8
0.2
0.1
1.1
0.1
0.1
5.024
0.2
1.224
0
0.1
0.4
0.4
0
0.3
0
1.724
0
0.1
0.2
1.224
0.3
0.1
0.1
0
0.3
0
0.1
0
0
1.224
0
0.4
1.324
1.224
0.9
0
0.1
0.1
1.224
1.224
0.3
0.3
0
0.2
0
0
0.3
1.5
0.1
1.924
0.1
0.1
0
0
0
1.624
1.224
0
0
0.2
0.1
0.3
0
0
0.4
1.824
0.7
1.224
1.324
0.3
1.224
0
0
0.1
0
0.1
0
0.4
0.1
0.1
0.2
0
0.2
0
0.6
0
0
0
1.524
0
0.1
0
0.5
0.1
0.6
0.5
1.224
0.3
1.324
0
0.1
0
1.224
0.1
0.7
0.1
0.1
0.1
0.3
0.1
0
1.224
1.424
0.1
0
0.2
0.2
2.5
0.1
0.3
0.1
0.1
0.2
0
0.2
0.4
0.6
1.524
0.1
0.5
0.2
0.1
0.4
0
0.1
1.524
0
1.524
0.2
0.6
0
0
0
0
3.3
2.924
0.3
0.2
1
0
0
1.224
0
0
0
0.1
0.1
0.8
1.424
1.224
0
0
1.224
0
0
0.1
0
1.324
1.324
0.2
1.424
0
0
0
0.8
1.224
0.2
0.6
0.3
0.2
0.1
0.4
0
1.424
0
0.6
1.1
0.1
1.524
0
0
0
0
0.5
1.224
0.1
0.2
1.224
0.4
0
0
0.2
0.1
0
0
0
0.2
0
0.1
0
0.1
0
0.2
0
1.224
1.224
1.224
0
0.1
0.2
0
1.424
0.1
0.2
1.324
0
1.224
0
0.1
0
0.4
0.2
0
0
0
1.224
0
0
0
0.2
0.1
0
1.424
1.1
0
0.2
0
0.1
1.424
0.2
0
0.3
2.524
1.224
0.7
0.1
1.324
0
1.224
0.1
0
0
0.9
1.924
1.324
0
0
0
0
0.3
0
0.2
1.424
0
1.824
0
1.224
0.7
0
0
0
0.3
0
0
0
0.3
1.424
1.224
0.3
0
0
0.1
0.9
0.3
0.1
1.224
0.4
0
1.224
0
2.024
0
1.924
0.6
0
0.1
1.424
0
0.4
1.1
0.7
0
0
0.2
1.624
0.1
2.324
0.4
1.9
1
0.6
0.1
0.3
0
1.3
0.3
0.1
0.3
0.1
0
0
0
0
0.2
0
0
0.5
0
0.5
0.8
0
0.6
0
0
1.324
1.624
0.1
0.2
0.9
0.1
0.4
0
1.7
0
0
0
0
0.2
0.1
0.9
0.4
1.224
2.948
1.524
0.2
0.1
0.1
0.5
0
0
0
0.1
0
0
0.4
0.1
0
0.2
0.3
0.6
0.4
1.224
1.224
0.4
0.8
0
0.3
2.3
0.3
1
1.224
0
0
0.3
0.9
0.2
0
0
0
1.5
0
1.5
0.4
1.324
0.2
0.6
0
0.5
0
0.6
0.1
1.424
1.1
0.3
0
1.324
0.1
1.224
1.224
0.1
1.224
1
0.2
2.524
1.624
1.224
0
0.7
0
1.224
0
0.1
0.2
1.424
1.1
0.3
0.1
0.4
1.224
0.1
0
0
0
0.2
5.4
0.1
0.2
1.824
0.1
1.2
0.1
0
0.1
3.624
1.424
0.1
0.1
1.224
0
1.324
4.648
3.048
4.348
1.424
2.548
2.748
1.224
2.748
1.724
1.424
1.524
4.048
1.324
1.624
1.324
3.148
2.648
1.524
2.124
1.724
1.624
1.324
1.424
1.224
1.324
2.948
2.948
1.324
1.224
2.648
2.948
2.448
4.124
1.524
1.624
1.224
1.624
1.524
3.324
1.624
1.324
1.424
2.848
1.424
1.324
1.224
1.524
1.524
1.724
2.748
2.548
1.324
1.224
2.124
1.424
2.448
1.324
1.324
1.924
1.324
3.248
1.524
1.224
1.924
1.724
1.324
1.424
1.924
1.424
2.948
2.448
1.224
1.224
2.748
2.748
2.548
1.424
1.724
1.424
1.224
1.324
1.224
2.448
1.424
1.324
1.224
2.948
1.224
2.548
1.324
2.748
1.424
1.724
1.924
2.748
2.124
2.124
3.448
1.224
2.624
2.548
2.748
1.524
3.548
1.524
1.824
1.424
2.624
2.748
1.224
1.324
1.324
1.724
3.648
2.948
1.424
1.324
2.448
2.448
1.824
1.324
1.224
2.548
1.224
2.448
1.624
3.124
1.224
5.148
1.224
1.724
1.624
1.424
3.148
1.924
1.724
2.748
1.324
2.748
4.024
1.424
2.448
1.624
1.324
1.324
1.224
1.424
1.624
2.748
3.248
2.548
2.448
1.224
2.948
1.724
1.324
2.024
1.224
2.224
2.124
1.224
1.224
1.324
2.748
1.224
2.448
2.448
1.424
1.324
1.224
1.224
1.224
1.824
1.724
2.948
3.248
3.448
2.848
1.624
1.224
1.224
1.224
3.524
2.624
2.448
1.424
1.324
1.424
1.324
1.424
1.824
2.024
2.024
2.448
1.424
2.748
2.748
2.948
2.848
1.224
2.648
2.548
2.324
2.824
1.224
3.048
1.224
1.424
1.524
3.248
1.324
1.224
1.424
2.648
1.524
1.324
1.524
2.124
2.948
1.924
2.748
1.324
2.748
1.224
1.224
2.748
1.224
1.224
1.224
1.324
1.824
1.224
2.948
2.548
4.348
2.448
2.848
3.648
2.124
2.648
1.724
1.424
1.924
1.224
1.224
4.448
1.224
2.548
2.448
1.224
1.424
1.424
1.224
1.824
2.648
1.324
2.548
1.924
2.848
1.224
3.648
1.224
1.424
1.324
1.224
1.824
4.048
1.624
2.748
2.648
1.224
3.148
2.748
1.324
1.824
1.324
2.448
1.324
3.248
2.224
1.324
2.748
2.948
1.324
2.448
1.624
2.848
3.148
1.424
1.424
1.524
1.324
1.224
1.224
1.324
1.324
1.924
1.324
2.848
1.224
1.424
1.424
1.624
1.424
3.048
1.424
4.348
1.424
1.224
1.224
1.524
2.648
1.624
2.548
1.224
1.324
1.224
2.548
1.224
2.648
3.948
1.524
1.224
1.824
2.848
1.324
2.548
1.624
1.324
2.948
1.624
1.324
1.224
1.824
2.748
2.624
3.248
2.848
2.448
2.448
2.948
3.448
1.224
3.248
3.048
2.124
1.224
3.548
1.824
4.148
1.224
2.448
1.324
1.224
3.048
2.548
1.224
1.724
2.448
1.224
1.324
1.224
1.524
1.624
2.548
1.224
1.724
2.448
2.848
2.448
2.448
2.548
1.324
2.548
3.348
5.648
2.524
1.324
3.148
1.324
1.324
1.824
1.924
1.424
1.724
2.024
1.324
1.324
1.824
2.748
1.424
2.448
1.224
2.224
1.424
2.448
1.924
2.948
1.624
2.024
1.924
1.424
3.348
1.824
2.548
1.224
1.224
3.048
1.224
1.324
1.224
2.548
1.224
1.324
1.224
2.448
2.824
1.524
1.324
1.624
2.648
1.224
2.448
1.224
2.448
1.324
2.548
1.924
3.524
1.324
2.548
2.648
1.224
1.524
1.424
1.424
1.224
5.048
2.848
1.424
2.548
1.324
2.648
2.548
1.324
2.548
1.524
1.424
1.424
1.224
1.524
2.748
1.224
2.724
2.548
1.224
2.324
1.824
1.224
2.448
2.748
1.424
2.648
1.224
1.424
1.524
2.548
2.448
1.224
1.524
4.548
1.224
2.448
1.224
1.224
1.524
2.648
1.324
1.724
1.724
1.224
1.224
2.448
4.048
1.624
1.224
2.648
1.424
2.324
1.224
2.448
1.424
1.424
2.548
1.224
1.524
3.448
1.224
3.548
4.524
2.748
2.748
1.324
1.324
1.224
3.048
1.424
1.224
1.424
2.448
1.224
1.424
1.524
1.524
1.724
1.724
2.648
2.448
3.748
1.524
1.724
3.648
1.224
1.224
2.548
1.424
1.624
2.948
1.724
1.624
1.424
1.224
2.448
3.248
2.648
1.524
2.848
2.448
2.748
3.648
2.948
2.024
3.648
1.224
2.848
1.324
1.324
2.548
1.224
2.848
1.224
1.224
2.748
2.448
1.224
1.224
2.548
1.424
1.324
1.224
1.424
1.224
1.224
1.224
2.448
1.524
2.448
5.748
1.524
1.824
1.424
2.424
4.324
1.524
1.224
1.524
3.924
1.224
1.324
1.524
1.724
2.748
2.648
2.024
2.948
1.324
1.824
3.848
3.448
1.824
2.224
1.424
4.248
1.424
2.548
1.424
1.324
1.824
2.748
1.524
1.324
2.748
1.524
1.224
1.724
2.448
2.548
1.324
3.048
1.724
2.648
1.224
5.924
2.848
2.448
2.748
1.224
2.924
2.724
2.824
2.448
3.348
1.324
1.224
1.524
2.748
2.024
3.348
1.324
1.524
1.624
2.648
1.624
4.524
2.648
1.524
1.224
1.324
2.948
2.448
3.348
1.224
2.748
1.424
1.824
1.824
1.624
2.448
1.424
2.124
2.948
1.824
1.624
1.324
1.724
1.924
2.448
2.648
4.248
2.224
2.648
2.948
2.648
2.448
2.748
1.724
3.448
2.548
1.324
2.948
15.648
2.548
2.448
1.424
2.948
2.024
1.324
2.848
2.848
4.048
1.224
2.948
1.424
3.048
1.324
1.224
2.548
4.324
2.524
1.524
3.048
1.924
1.624
1.824
1.424
2.024
1.224
1.924
1.324
3.048
1.324
1.324
1.324
1.224
1.424
1.824
1.224
1.524
1.424
0.2
2.224
1.324
1.324
1.524
2.424
0
4
0.2
1.524
1.224
0
0
0.3
1.324
0.1
0.4
0.1
0
0
0
1.424
0.1
1.224
3.8
0
0
0
0.9
0.8
4.324
1.4
1.224
4.524
1.1
0
1.324
0
0
0
0.3
0
1.224
0.1
0
1.724
0
0
0
0
0.1
0.3
0.1
0.2
0.4
0
0.2
0.2
0.1
1.324
0.1
1.324
0.8
0.1
0.1
1.324
0
0
0
0.1
1
1.224
1.724
2.324
1.224
0
0
0
0
0
0.4
0.1
1.424
1.924
0
0.1
0.1
0.1
0.2
0.5
0
0
0.1
1.224
1.224
0.2
6.224
1.824
1.624
2.124
1
1.724
