2.824
1.624
2.7
1.824
0.3
1.624
2.948
2.448
2.848
2.448
4.172
1.324
1.824
3.748
4.048
1.224
0
1.224
1.224
1.424
0.3
0.3
0.1
1.224
2.948
1.224
1.524
0.3
1.224
0.1
1.224
0
3.224
1.324
0.5
2.324
1.524
1.324
0.3
1.924
1.324
2.7
0
0
0.2
0.1
0.4
0.8
1.724
1.424
0.3
0
2.324
0
0.2
0.1
1.324
0.1
1.524
1.4
1.2
0.5
0.1
2.524
0.9
2.024
0.1
0.5
0.3
1.5
1.924
2.024
2.624
1.324
3.4
4.048
0
1.424
0.1
1.224
1.3
0
0
0
0
0
0
0
0
2.824
1.224
0.2
0.3
0.1
0
2.024
1.524
1.224
1.324
1.224
0.2
1.7
0.7
1.224
0
1.324
1.224
2.6
0
1.424
1.624
0.1
1.224
0
0
0.7
1.424
0.2
1.224
1.224
4.2
0
1.224
2.324
0.2
1.224
1.524
0.1
0
1
2.324
0.1
0.3
0
0.1
1.2
0.4
0.2
0.5
1.4
2.848
1.324
0.1
0.8
0
0
0.3
0.2
1.324
0.2
0
1.424
1.424
1.524
2.424
2.224
0.1
0.7
2.224
0.3
1.324
0.1
1.324
0
0.1
0.1
0.1
1.324
0
4.924
1.224
2.724
0
1.624
0.1
1.4
0
0
0.1
3.124
2.124
0.7
2.748
1.324
1.824
2.224
2.124
1.224
1.524
1.324
3.048
3.148
2.948
2.224
1.424
1.524
1.324
2.748
1.224
0.7
1.724
0.1
0
0.3
2.924
0
1.224
2.024
0.3
1.224
0
1.624
2.824
0
1.224
2.7
1.324
2.824
0
0
0
0.1
1.2
0.1
0
0.4
0
0
0.5
1.224
1.924
1.224
0.1
0
0.1
0
3.8
0.2
0
0.4
0
1
0.3
0.1
0
0
1.224
0
0
3.624
0
0
0
0
0.1
0
0.1
0.1
1.524
0.3
0.2
1.224
2.748
0.4
0
1.224
2.424
0.1
1.224
0
1.224
1.524
1.224
0
1
0
0
0
1.424
1.324
0
0
0.7
1.224
0.2
1.624
0
0
0.2
0
0
0
0
1.3
1.224
0
0.1
0
0.2
1.224
1.324
1.324
0.4
1.924
1.424
0
0.6
1.624
1.324
1.524
0.6
0
0.1
1.224
1.224
0.1
1.224
0.2
1.224
0.2
1.224
1.424
1.824
0.3
0.5
1.324
0
0.1
1.424
0
2.824
1.224
0
1.924
1.524
0
0
1.324
2.924
2.448
0
1.224
2.6
0.1
1.924
1.1
1.524
0.9
0.6
1.324
1.224
1.324
1.8
3.7
1.424
0.3
1.224
0
1.224
3.348
2.948
1.224
1.224
1.224
0
1.324
0.1
1.224
1.524
0.1
0
0.1
0.1
1.224
1.224
0
1.3
1.324
1.324
1.424
1.324
3.224
0
0
1.224
0.3
0.1
1.624
1.324
0.2
1.224
2.448
3.424
0
1.724
1.224
0
1.724
1.224
1.224
0
0.1
1.224
0.2
0
1.224
0
0
0.3
0
3.524
0.9
1.624
0.1
1.324
0.2
1.824
1.224
0.1
0.1
0
1.324
0.5
3.824
1.624
0.2
1.224
1.324
0.9
0.7
1.424
1.324
0
0.4
0.7
1.724
1.324
2.724
0.1
2.448
1.224
1.424
1.224
1.324
1.424
0.1
0
0
0.4
0.1
1.324
0
1.224
0.7
0
1.324
1.524
0.1
0.1
2.624
0.6
0
0.1
0.7
1.724
0
0.3
2.7
1.3
1.224
0.8
2.624
0
1.224
2.824
0.3
1.624
0
0.2
0.2
0.1
1.224
1.224
0.1
1.624
0
0
3.048
1.624
0
1.224
0
0.2
0.3
0
0
1.224
0
0.5
0
1.624
0.1
0.6
1.324
1.224
0.1
0.1
1.8
1.224
0
1.324
0.1
0.2
0
0
0.1
1.424
1.324
1.324
0
1.4
0.1
1.224
0
1.324
0.3
1.8
0
0
1.224
0
0.5
0.9
1.224
0.1
0
1.224
1.424
0.2
1.524
1.924
0
1.324
1.324
1.724
0.2
0.9
1.724
0
1.224
1.224
1.624
0.2
0
1.324
0.1
0.2
0.4
0.2
0
2.124
1.224
0
0
0.1
1.224
1.924
0.6
1.724
2.548
1.224
1.424
0
1.324
0
0
0
0
0
2.624
0.3
0
0.1
1.224
0
0
0
1.524
1.324
0.1
1.324
1.524
0
0.2
0
1.224
0.1
0
0.1
0
1.224
1.224
1.424
1.224
0
1.424
2.024
0
1.224
1.224
1.224
0.2
0.8
1.324
1.324
1.7
0.1
0.1
2.724
1.624
1.224
1.424
0.1
0.2
0.2
1.224
1.824
0.3
1.924
0
1.324
0
1.524
0.1
0
0.1
0.2
0.1
0.1
0
1.424
0
2.548
0
0.2
1.224
1.224
0.7
1.224
1.524
0
1.224
1.324
0.2
0.3
0
1.424
0.1
1.224
1.624
0.9
0
1.524
0
0
0
0
0
1.324
1.224
0
0
0.2
0.1
1.724
0
1.224
1.424
2.948
0.3
1.324
2.848
0.8
1.224
0.1
1.224
0.1
1.724
0
2.024
0.2
0.1
0
0.2
0
0.3
1.324
0.2
0
0
0
1.324
1.424
0.3
0
0.6
0.2
0.4
0.3
1.224
1.324
1.224
0
1.224
0
1.324
1.224
0.3
1.224
1.224
1.524
0.3
0.1
0
1.224
1.324
0
0
1.224
0
3.424
0
0.5
0
1.224
0.1
0
0
0.3
1.424
1.424
0.2
0.5
0
0.1
0.4
1.324
0
1.424
0
1.724
0.2
0.6
0
0
0
0.1
4.924
2.824
1.524
0.3
2.824
0.2
0
1.224
0
0
1.324
0.3
0.1
0.7
1.324
1.224
1.224
0
1.224
0
1.224
0
0
2.548
2.548
0.6
1.624
0
0.1
0
1.624
1.224
2.124
0.3
0.3
0
1.224
0.6
0
1.624
0.1
1
0.9
1.624
1.324
1.224
0.2
0
0
0.4
1.224
1.624
0.1
1.224
0.7
0
1.224
0
1.224
0
0
0
0.7
1.224
0.1
1.324
0.2
0
1.724
0
1.224
1.224
2.648
0
0
0.1
0
2.848
0
1.224
1.324
1.324
1.224
0
0.1
1.224
0.3
0.2
0
0
0.2
1.224
1.424
0.1
0
0.4
0.2
0
1.524
2.1
0
0.1
0
0.1
1.724
0.2
1.224
0.8
2.324
1.224
0.7
0
1.424
0
2.448
0
0
0.1
1.8
2.824
1.224
0
0
1.224
0.1
0.1
0.3
0.4
1.324
0
1.524
1.424
1.224
0.4
1.224
0.3
0
1.524
0
1.324
0
0
1.224
1.224
0.1
0.1
0
0
2.924
0.3
0.1
1.224
1.524
0
1.224
0
1.924
1.424
2.124
0.6
0
1.524
1.324
1.224
1.724
2.224
0
0
1.224
0.2
1.724
0
2.424
0
2.424
0.2
0.7
0.2
1.524
0
2.124
0.1
1.324
1.224
0
0
0
0.2
0
0
0
0
0.3
0
0.4
0.5
0
0.5
0
0
1.224
2.448
1.224
0.2
0.6
1.424
1.824
0
2.624
1.324
0
0.1
0.2
0.1
1.424
1.624
1.624
1.324
3.348
1.224
0.1
0.1
0
0.4
0
0
0
0.2
0.1
0.1
0.2
0.1
0.1
0.1
0.1
0.7
0.1
1.324
1.224
0.9
0.4
0
0.2
1.7
0.7
1.2
2.448
1.224
0
0.3
0.7
0.1
0
0
0
4.624
0.1
0.6
0.5
1.224
0.1
0.7
0
0.4
0.1
0.6
0.3
1.724
0.6
0.3
0.1
1.324
0
1.224
1.524
1.224
1.324
2.724
0.1
2.624
1.624
1.224
0
0.5
0
2.548
1.224
0
0
2.648
2.124
0.2
0.2
0
2.448
1.824
0
0
0.1
0.2
5.1
0.1
0.1
1.524
0
3.524
0.1
1.324
0
3.424
1.624
0.2
1.324
1.224
0.1
1.224
4.048
2.748
5.148
1.424
2.848
3.772
1.324
2.948
1.824
1.324
1.224
3.648
1.324
1.724
2.648
3.148
4.072
1.424
1.824
1.924
1.424
1.324
2.548
1.324
1.324
3.248
3.648
2.648
1.224
2.448
4.172
2.648
3.424
3.248
1.424
1.224
1.624
2.448
3.324
1.624
1.424
1.224
2.948
1.224
1.224
1.324
1.324
1.424
1.824
3.048
2.548
1.324
2.448
2.524
1.424
2.848
1.324
1.224
1.324
1.524
2.948
1.524
1.224
2.224
1.524
1.224
1.324
1.724
1.324
3.048
2.848
1.324
1.224
2.748
4.672
3.872
1.624
1.724
1.624
1.224
1.324
1.524
2.448
1.524
1.524
1.224
2.948
1.324
2.548
1.224
3.248
1.524
2.748
1.724
2.748
1.624
2.424
3.248
1.224
3.024
2.548
2.548
1.624
3.948
1.724
1.524
1.424
6.348
2.948
2.748
2.748
3.048
1.324
2.848
5.172
1.524
1.224
3.672
3.672
1.524
1.624
1.324
2.448
1.224
2.448
1.724
4.848
1.224
4.748
2.548
1.924
1.924
1.524
3.248
1.724
2.624
2.848
1.524
2.748
4.124
1.324
2.548
1.524
1.224
1.624
1.224
1.424
1.524
2.848
3.848
2.748
2.448
1.324
2.648
1.224
1.724
2.324
1.224
2.024
1.924
1.224
1.224
1.424
2.848
1.224
2.548
2.448
1.524
3.148
1.324
1.424
1.324
2.124
1.524
2.948
2.948
3.048
2.948
3.848
2.448
2.848
1.224
4.424
5.748
3.772
1.224
2.124
2.548
1.224
1.324
1.624
1.924
2.724
2.448
1.524
2.548
2.848
2.648
2.648
1.224
2.848
2.448
2.324
3.124
1.224
2.648
1.324
1.324
1.424
3.748
1.324
1.224
1.524
2.748
1.624
1.324
1.524
2.124
2.648
2.124
2.548
1.424
2.748
1.424
1.224
4.072
2.648
1.324
1.224
1.524
2.024
1.324
3.248
2.548
3.948
2.548
2.748
5.172
4.848
4.072
2.124
1.324
2.824
1.224
1.224
4.748
3.448
3.872
2.448
1.424
1.524
1.424
1.224
1.724
2.848
1.524
2.548
1.724
2.848
1.224
3.148
2.448
1.324
1.324
1.324
1.724
4.248
1.824
3.448
2.548
1.224
3.748
3.248
1.224
2.724
1.224
2.548
1.424
3.348
1.924
2.548
2.748
2.748
1.324
3.972
3.248
3.148
2.748
1.324
2.748
2.748
1.224
1.224
1.224
1.524
1.524
2.024
1.324
3.048
1.224
1.224
1.324
1.724
1.724
3.148
1.324
4.048
1.224
1.224
1.224
1.424
3.248
2.548
2.448
1.224
1.224
1.224
2.448
1.224
2.548
3.548
2.548
1.924
1.924
3.048
1.424
2.648
1.224
1.324
3.148
1.324
1.824
1.224
1.724
4.172
2.124
3.548
3.348
2.448
2.448
3.248
3.448
1.224
3.448
4.872
1.624
1.224
3.548
2.224
4.648
2.848
2.448
1.924
1.424
4.972
2.748
1.224
1.924
2.548
1.424
1.424
1.224
1.524
3.348
2.848
1.324
1.424
2.548
3.448
2.448
2.448
2.648
1.324
4.272
3.448
8.372
2.724
1.824
5.172
1.324
1.424
1.824
2.024
1.924
1.524
1.424
1.524
2.448
1.424
3.448
3.448
2.648
1.224
1.724
1.224
2.548
2.824
2.948
1.424
4.024
1.724
1.424
2.948
2.024
2.848
1.424
1.224
3.248
1.224
1.424
1.924
2.748
1.524
1.624
1.224
2.448
3.024
1.624
1.324
1.424
2.748
1.224
2.548
1.224
2.448
1.224
2.548
1.924
2.724
1.424
2.548
4.772
1.224
1.324
1.324
1.424
1.324
3.748
2.748
1.424
2.648
1.524
2.648
2.448
1.324
2.548
2.224
1.724
1.424
2.548
1.424
3.872
1.224
2.624
2.548
1.324
2.124
4.448
1.324
2.448
2.848
1.524
2.648
1.224
1.224
1.724
3.872
3.672
1.224
1.724
7.372
1.324
2.748
1.224
1.224
1.324
3.148
1.524
1.424
1.624
1.224
1.324
3.672
3.348
1.524
2.648
2.548
1.224
1.824
1.224
2.548
1.424
1.224
2.648
1.224
1.524
3.048
1.224
3.948
3.924
4.672
2.848
2.948
1.224
1.524
2.848
2.548
1.624
1.424
2.548
2.648
1.224
3.148
1.224
1.924
1.824
3.872
2.448
3.848
1.724
1.724
3.148
1.224
2.448
2.448
1.324
1.824
2.948
1.624
1.424
1.224
1.224
2.548
3.248
2.448
1.824
2.948
3.672
2.648
3.948
2.848
2.324
4.048
1.224
2.948
1.824
1.224
2.448
1.224
2.948
2.548
2.548
2.948
2.448
1.324
1.224
2.448
1.524
1.324
2.448
1.424
1.224
1.324
1.324
2.448
1.524
3.048
5.648
1.824
1.424
2.448
1.824
3.124
1.324
1.324
1.324
3.024
1.324
1.724
1.524
1.824
2.648
2.748
1.524
3.348
1.624
3.248
3.548
3.548
4.148
4.048
1.324
4.748
1.424
2.448
1.424
2.648
1.624
4.772
1.724
1.524
4.572
2.448
2.448
1.324
2.548
2.448
1.324
2.748
1.724
2.648
1.224
8.648
2.548
2.748
2.848
2.648
2.224
3.424
5.248
2.448
3.548
1.324
1.224
4.148
2.848
2.024
3.548
1.824
2.224
1.624
2.648
1.824
4.524
2.648
1.724
1.224
1.224
3.348
2.648
3.448
1.324
2.748
1.424
1.524
1.324
1.724
2.448
1.724
2.024
5.072
1.524
1.524
1.424
1.824
1.524
2.448
2.548
4.148
2.624
2.648
3.248
2.648
2.548
2.648
1.724
3.448
2.648
1.724
3.448
4.048
2.448
2.448
1.324
2.848
2.324
1.224
2.548
2.748
17.872
1.224
2.648
1.924
2.948
1.424
1.324
2.648
2.824
1.924
1.324
3.048
2.624
1.824
2.424
1.324
2.224
1.224
1.624
1.424
3.148
1.324
1.424
1.224
1.224
2.448
1.924
2.448
1.424
1.324
2.324
5.348
1.224
1.224
2.448
1.824
0
2.8
1.324
1.224
1.224
0
0
1.224
1.224
0.1
1.824
0.1
1.424
0
1.224
1.524
1.524
1.224
4.624
0.2
0
0
4.024
0.5
2.924
1.2
1.224
4.324
0.2
1.324
1.224
0
0
1.324
1.524
0
1.324
0
1.224
1.324
1.224
0.4
0
0
0.1
2.124
0
1.624
0.1
0.1
0
1.324
0.1
1.224
0
1.224
2.224
0
0.1
1.424
0
1.224
0
0
2.924
1.224
1.624
1.624
1.224
0
0
0.2
0
0.2
0.4
0.2
1.624
2.024
0
0
0.1
1.324
0.4
0.2
1.224
1.224
0.1
1.224
1.224
0.2
6.124
1.424
1.724
2.724
2.624
2.224
