2.648
0.2
0.8
0.3
1.224
1.324
1.224
1.224
2.848
1.224
2.448
1.424
2.748
1.724
1.424
0
1.224
0
0
0
0.1
0
0
0
1.324
0
1.324
0.1
0.2
0.1
0
0.1
2.524
1.224
1.424
1.524
1.324
1.224
0
1.224
1.424
1.624
0
0.1
0
0.1
1.824
1.424
1.324
1.524
0
0
1.824
1.224
0
0.1
2.448
1.224
1.224
0.2
2.524
1.624
0
0.8
1.724
1.624
1.324
1.324
0.1
2.224
1.624
2.948
2.648
1.324
1.924
2.024
1.224
0
1.224
1.224
0.2
1.324
0
1.224
0
1.224
1.224
0
0
1.424
1.224
0.1
2.648
1.224
1.224
1.224
1.324
2.448
0.1
0
0
1.924
1.724
1.324
1.224
1.224
2.448
0.5
1.424
1.324
3.872
2.648
1.224
1.224
0
0
2.648
1.324
1.324
1.324
3.024
0
0.2
2.848
1.224
1.224
1.224
0
0
1.724
2.848
0
1.324
0
1.424
0.6
0.2
1.224
0.1
1.724
1.624
1.424
1.224
0.3
1.224
1.224
0
1.324
1.224
1.324
0.1
1.324
1.224
2.548
1.824
1.724
2.848
0.1
3.548
0.1
1.724
1.224
1.224
2.448
1.424
1.224
0
2.448
1.324
2
2.548
3.048
2.448
1.324
2.448
0.4
1.324
1.224
0.1
1.324
1.424
1.824
1.224
2.448
3.148
2.648
2.024
2.648
2.648
2.448
1.324
2.548
2.548
2.948
2.648
1.724
1.224
3.872
1.224
0.1
2.748
0
1.224
1.324
2.324
1.224
1.224
1.424
0.1
1.224
0
1.324
0.1
1.224
1.224
4.848
1.224
2.648
0
1.224
1.224
0
0.5
0
0
0.1
0
0
0.4
2.448
0.2
0
1.224
0.1
0
0
2.724
0.1
1.224
0.2
0
0.5
0.1
0
2.448
0
2.448
1.224
0
0.7
0
1.224
1.224
1.224
0.1
0
1.224
1.324
0.2
0
0
2.448
1.224
0.3
0
2.448
0.6
0
1.224
0
1.224
1.224
1.324
0
1.924
0
0
1.224
3.672
3.672
2.448
1.224
1.324
0
1.324
1.224
0.1
0
1.224
0.1
0
0
1.224
1.724
0.1
1.224
0.2
1.324
1.624
2.448
0
3.772
0.4
0.3
0
1.224
1.524
2.848
0
2.748
1.424
1.224
1.224
0
0
0
1.224
1.224
0
1.624
2.448
0
3.148
1.724
1.624
1.224
1.224
0.1
0
1.224
0.6
1.224
0
0.3
0.2
1.224
0
0
3.448
1.224
2.548
1.224
2.224
2.448
1.524
0.4
1.424
0.1
1.524
3.672
2.548
4.072
2.024
4.248
0.1
0.1
1.224
2.448
0.1
4.072
2.648
0
1.224
1.224
1.224
0
0
1.224
0
0
0
0
0
0
0
1.224
1.924
0
0
0.2
0
0.4
0
1.324
0
0.2
0
1.724
1.224
0
0
1.224
1.4
1.224
0.3
1.224
0
1.324
1.224
0
0
0
1.224
1.324
1.224
1.224
1.224
1.224
0.2
0
0.4
0.6
2.448
0
0
1.324
1.324
0
2.448
1.324
0
0
0
0.1
2.548
0.1
0.1
2.548
0.5
0.1
1.224
3.872
0
0.1
0.2
0
1.324
4.372
0.1
2.448
0.1
1.424
1.224
2.448
0
0
1.224
1.324
0.3
0.2
0
0
0
1.524
1.224
1.224
0.2
1.224
1.224
0.4
0.1
1.324
0
0.2
0.2
1.224
0.1
0.9
2.024
0
0.1
2.124
0
1.224
0.1
0.4
0.2
1.224
0.3
0.1
1.224
0
1.224
0.1
0
0.1
1.224
1.324
0.1
1.224
1.224
1.224
0
1.224
0.1
0
0
0
0.5
0
0
1.524
0.2
2.448
0.1
1.324
0.2
0.3
0
1.224
1.324
1.424
0
0
0
1.324
0
1.224
0
1.224
3.548
0
2.448
0
0
0.2
1.424
1.324
0
1.224
0.1
0.4
0.3
1.224
0.1
1.424
2.448
1.424
0
1.724
0
1.224
1.424
1.224
0
0.1
0.3
0.2
1.224
1.224
1.224
0
0
0.2
1.224
0.2
0
0.3
0
0.1
1.224
1.424
1.224
1.224
2.548
1.224
2.648
0.2
1.324
1.324
0
0.1
1.224
0
0
0
0
0
0
2.124
0
0
1.224
0
0
0
0
1.324
0
0
0
0
2.448
0.3
0
2.448
0
0
0.1
0
2.548
0.1
1.224
0
0
0
1.624
0
0
0
1.324
1.224
0.3
1.324
0
0.4
0.1
0
2.124
0
1.224
0
0
0.3
1.524
0
0.1
0
1.624
0
0
1.224
1.324
0
1.224
0
0
0
0.1
0
0
0.1
1.224
1.224
1.324
1.224
2.548
0.2
0
0.2
2.448
1.324
1.224
0.2
0
0
0
0
0
0.1
0.3
0
1.324
0
1.224
1.424
0
0
2.548
1.224
0
0.1
0.1
0
1.224
0
1.224
0
1.324
0.2
1.224
1.324
0.3
1.224
0
0
0
1.224
0.1
0.2
0.2
0
0
1.224
0
0.1
1.224
0
1.224
0
0
1.224
0
1.324
2.448
0.3
0.1
0.2
0.1
1.224
0.1
2.548
0
0
1.224
2.648
0.1
0.1
0.1
0
0.2
0
0.1
1.224
1.224
1.224
0
0
0
0
1.824
0
0
0
0
0
1.224
0
0.4
0
2.448
1.224
0.4
2.448
0
0
0
1.224
1.224
1.224
1.424
0
1.624
1.324
0
0.1
1.224
1.1
2.024
0.2
1.424
1.224
1.324
1.224
1.224
0
0
0
0.1
1.324
0.2
1.424
1.224
1.224
0
1.224
0
0
0.1
0
1.224
1.224
0.1
1.224
1.224
0
0
0
2.448
0.2
0.4
0
0.1
0
1.224
0
2.648
1.224
0
2.124
0
2.448
0
0
0
0
2.848
2.448
0.1
0.2
2.448
1.424
0
0
0
0.1
0.1
0
0
0.1
0
1.324
0.1
0
1.224
0.1
0
2.448
1.324
1.224
1.224
1.224
1.324
0
1.224
0.1
0
1.224
0
1.224
0
1.224
0
0.2
0
1.224
1.224
0
1.224
1.324
1.324
1.224
0.5
0
0
1.324
1.924
2.448
0
0
0.2
1.224
0.2
0
0.4
1.524
2.448
1.724
2.448
2.448
2.448
1.324
1.424
0
0
0.2
2.948
1.224
0.2
0
0
0
0
0.1
0
1.224
0
2.748
0.1
1.324
0.1
0
0.1
0
0
1.224
0
1.224
1.224
1.224
1.224
0
1.224
1.224
1.224
0.4
1.424
0.1
2.448
0.2
0
1.224
1.224
1.624
1.224
1.324
1.324
0
0.1
2.448
0
0.1
0.2
0.1
1.224
0
1.224
1.524
1.224
3.448
1.224
1.824
1.324
0.1
1.324
0.1
1.224
1.724
1.324
0
0.1
0.1
0
0
0.1
0.1
1.224
0
0.1
0.2
0
0.3
1.824
1.224
1.424
1.224
0
2.448
1.324
0
0
1.524
0.1
0.3
0.1
1.624
0
1.224
0
0
0.1
1.324
1.424
1.524
1.224
2.648
2.548
0
1.524
1.324
1.324
0
0.1
2.448
1.224
1.224
0
0
0.2
0
0
0
0.3
1.324
1.324
1.224
1.424
0.2
0
0
0.8
0.1
0.1
1.324
0.1
0
1.424
1.624
0.1
1.224
1.224
0
0.8
0
3.348
0
1.224
0
1.524
0
0.1
0
1.324
0.2
1.324
1.724
0.3
1.324
1.224
0
1.224
1.224
0.2
1.224
2.024
0.2
1.424
1.324
2.448
2.548
0.2
1.224
2.448
0
0
0
1.224
0.4
2.848
0.1
0
1.224
0
0
0
0
0.1
2
1.224
0
2.548
0
0.5
0.2
0.1
1.324
2.324
1.224
1.324
0
1.224
1.324
1.324
2.848
2.548
2.948
2.648
2.648
2.448
2.448
2.448
2.548
1.324
1.224
2.948
1.424
1.524
1.324
5.196
2.548
1.224
2.848
1.424
2.448
2.448
1.224
3.672
2.748
2.748
2.648
2.448
1.224
2.548
2.448
3.672
2.024
1.424
1.224
2.448
1.324
2.548
1.724
2.648
1.224
2.648
2.548
2.648
2.548
2.448
2.548
2.548
2.748
2.748
2.448
2.448
1.224
3.548
1.324
2.548
1.224
2.448
3.972
2.648
3.672
1.324
1.324
1.724
1.324
1.224
2.748
3.048
1.324
2.648
2.548
1.224
1.224
3.672
3.872
3.672
1.324
2.648
1.224
2.448
2.448
2.448
4.896
1.324
2.548
1.324
2.648
2.448
2.448
3.772
2.848
1.324
1.224
1.524
3.772
1.224
2.124
4.172
1.224
2.024
2.448
3.672
1.324
3.148
2.648
2.648
2.648
1.824
4.072
1.224
1.224
1.224
2.648
4.272
2.848
1.424
1.224
2.448
2.448
1.624
1.224
2.448
2.448
2.448
4.896
1.424
2.748
1.324
3.148
1.224
1.424
2.748
2.748
2.748
1.224
2.848
2.648
1.224
2.548
3.248
1.324
2.448
2.548
3.672
1.324
1.324
2.648
2.748
2.648
4.072
3.772
2.548
1.224
2.548
2.448
1.224
1.924
1.224
2.648
1.424
1.224
1.224
2.948
2.448
1.224
2.448
2.548
1.324
1.324
1.224
2.448
2.448
2.748
1.224
2.848
4.172
3.972
2.748
1.324
1.224
1.224
1.224
3.948
1.624
2.448
2.448
2.548
1.324
2.548
1.324
2.648
2.124
1.724
2.448
3.872
2.448
4.072
3.772
3.772
2.448
2.548
2.448
1.624
3.148
2.448
2.548
1.224
2.448
2.548
2.548
1.324
1.324
2.548
2.648
1.324
2.448
1.224
1.324
3.772
1.924
2.648
2.548
3.972
2.448
1.324
2.548
1.224
1.224
1.224
1.224
1.424
3.672
2.648
2.448
2.748
2.448
2.548
2.748
1.424
2.448
2.548
1.224
4.072
2.448
1.224
3.048
1.324
2.448
4.896
2.448
2.548
2.548
1.224
2.948
2.448
2.448
3.672
1.424
2.948
1.224
2.848
2.448
1.324
1.224
2.448
1.324
2.748
2.448
2.548
2.548
2.548
2.948
2.648
1.224
2.548
1.224
2.448
2.648
2.948
3.048
1.224
2.448
2.448
1.324
2.448
1.424
2.548
2.648
2.448
1.224
1.324
1.224
2.448
2.448
2.548
1.324
1.224
1.324
3.772
2.448
1.324
1.224
1.224
1.224
2.748
1.424
2.848
2.548
2.448
2.448
1.324
2.548
1.224
2.548
1.324
1.224
2.548
2.448
1.224
3.772
2.948
1.224
2.448
2.448
2.448
2.748
2.448
2.548
1.224
2.448
2.748
1.424
2.448
1.424
3.772
1.924
2.648
3.772
3.672
2.548
2.448
2.748
1.224
2.748
2.548
2.548
1.324
3.348
1.824
3.248
1.224
3.672
3.872
2.448
2.648
2.548
1.224
1.724
2.548
1.224
1.324
2.448
2.648
1.224
4.896
2.448
1.524
2.548
2.448
2.448
2.448
2.548
1.224
2.448
2.548
2.948
1.724
2.648
2.548
2.548
2.648
2.648
1.624
1.824
1.324
1.424
2.548
1.224
1.524
2.648
1.324
2.548
1.224
4.572
2.448
2.448
1.524
2.448
2.548
3.048
3.972
2.448
4.996
1.524
2.848
1.324
1.224
4.472
2.448
2.548
1.324
2.648
1.324
2.548
1.224
3.672
1.724
2.748
1.224
1.324
3.872
3.672
2.548
2.448
2.448
2.548
2.448
1.524
1.624
1.324
2.448
2.548
2.448
1.224
1.224
2.448
2.448
4.472
2.548
2.448
2.448
1.424
2.648
2.548
1.224
2.448
2.648
2.648
2.548
1.224
1.224
2.548
1.224
5.172
3.872
2.548
1.424
1.624
2.448
4.896
2.548
1.224
2.648
1.224
1.224
1.324
2.448
2.448
1.324
2.548
3.148
1.324
2.448
1.224
2.448
1.224
2.548
1.224
2.748
2.748
1.224
3.672
2.548
2.648
2.548
1.424
2.548
2.448
1.424
2.548
2.448
2.548
2.448
4.996
1.324
1.324
2.648
1.224
3.872
2.424
2.648
2.648
1.524
1.224
1.224
2.648
1.324
3.672
1.324
2.448
1.224
1.324
1.524
2.448
2.748
2.648
2.448
2.448
2.648
1.524
2.848
2.648
1.224
1.224
2.548
1.224
2.948
3.872
2.548
2.548
1.324
2.448
2.448
3.972
3.672
1.724
2.448
2.448
2.548
2.648
2.548
3.348
4.272
1.224
2.548
2.648
2.448
2.448
1.324
2.748
1.224
1.224
2.648
2.448
1.224
2.448
2.448
1.424
2.648
2.448
1.224
2.448
3.672
1.224
2.448
1.224
3.872
4.472
2.548
2.948
1.224
2.548
2.324
2.448
3.672
2.448
2.424
1.224
1.224
1.324
1.224
2.448
2.548
1.424
2.548
1.224
1.324
2.748
2.648
1.324
1.424
1.424
3.548
1.324
2.548
1.224
1.224
1.624
2.748
2.448
2.548
2.448
1.324
1.224
1.424
2.448
2.548
1.324
2.848
1.624
2.448
2.548
2.824
2.548
2.548
3.772
1.224
2.648
2.324
1.924
3.672
2.548
1.224
1.224
1.424
3.772
3.672
2.948
1.324
1.424
1.224
2.648
1.524
4.472
2.548
1.324
1.224
2.448
2.648
2.448
4.272
2.548
2.548
1.224
1.624
1.424
1.424
2.448
1.224
3.248
2.748
1.424
3.048
1.324
2.748
2.648
3.672
2.448
2.948
1.424
2.448
2.448
2.448
2.448
3.672
3.772
3.872
2.548
2.448
2.748
3.048
3.772
2.448
2.448
2.948
1.924
2.448
2.548
2.748
2.948
1.224
3.972
1.424
10.296
2.448
1.524
2.448
2.024
2.848
2.548
2.748
3.048
1.424
1.424
2.548
1.824
1.224
2.648
1.524
2.848
1.224
1.224
2.448
1.224
1.224
2.748
2.448
2.748
1.324
0.1
1.424
1.224
1.224
1.324
2.224
1.224
2.324
0
1.224
1.224
1.224
1.224
0
2.448
0.1
0.2
1.324
0.1
2.448
0.1
1.224
0
1.224
1.2
0
1.224
0
0.4
0.1
3.548
0.5
2.448
3.748
0.2
0.1
1.324
0
0
0
0.1
1.224
2.448
0.1
0
1.224
1.224
0.2
0
0
0.1
0.1
0
1.324
0
0
0.1
0
1.424
1.224
1.324
2.448
1.424
0
0
2.648
1.224
0
1.224
1.324
0.7
2.448
1.624
1.324
1.224
2.448
1.224
0
0
1.224
0.3
0.3
2.548
2.848
0
1.424
1.224
1.224
1.424
1.524
0.1
1.224
1.324
1.224
2.548
0
4.248
2.548
1.224
1.324
0.4
1.524
