0.9
0.5
2.124
0.3
2.648
1.324
1.424
1.224
1.224
1.224
1.424
2.448
2.648
1.624
1.824
0
1.224
0.1
0
0
1.424
1.224
0
0
0.3
0
0.2
0.1
1.224
0
0
1.224
1.2
0
1.624
0.3
0
0
0.1
1
0.1
2.724
0
0
0
1.224
0.1
1.424
0.7
1.924
1.224
0.1
2.624
1.324
0
0.1
1.224
1.324
0
1.524
2.424
1.524
0
0.7
0.4
0.1
1.424
1.224
1.524
1.724
0.5
2.748
1.424
0
2.624
0.7
1.224
0.3
1.224
0
1.724
1.324
1.324
1.224
0
1.224
1.224
0
0
2.024
0
0
1.224
1.324
1.224
1.224
1.324
1.224
0
0
0
1.724
1.424
0
0.1
0.1
0
1.2
1.224
0
1.524
1.324
0
2.448
0.1
0.2
0
1.324
0.3
0.1
3.124
0
0.1
1.824
1.324
0.1
0.3
1.324
0
2.948
0.3
0
1.224
0.1
1.524
0.6
1.324
2.448
1.424
0.7
0.1
1.524
1.224
1.724
1.224
1.324
1.324
1.524
0.1
1.224
1.224
0.1
0
0
0.9
0.6
1.524
0.2
0.4
0
0.1
1.324
0
1.224
0.1
1.424
0
1.224
0.1
2.7
1.224
2.024
2.448
0
2.448
1.924
1.224
1.224
1.224
0.7
0.8
4.248
1.324
3.672
1.824
4.272
3.448
3.772
2.548
3.872
1.424
2.448
1.324
4.772
3.772
2.948
2.448
1.424
0
0.1
1.524
0
0
1.324
2.2
1.224
0
1.824
1.224
0.1
1.224
0.2
0.5
1.224
0
2.724
0
2.424
0
1.224
1.224
1.224
2.024
1.224
1.224
1.424
1.224
1.224
1.624
2.448
1.224
1.224
2.448
0
1.224
0.2
4.348
1.324
0
1.224
0
1.724
1.424
0
1.224
0.1
1.224
1.224
1.224
0.2
0
1.324
1.224
1.224
0.1
1.224
1.224
1.524
1.224
1.524
1.224
1.224
0.1
0.2
1.224
1.224
0
1.224
0
1.224
0
0.2
0
1.224
1.724
0
1.224
1.224
2.448
1.224
1.224
1.224
3.148
1.224
2.648
0
1.224
1.324
2.548
1.224
1.224
1.224
1.224
1.824
0
0
0
0
1.224
0
0
1.224
0.3
0
0.1
1.224
1.324
1.424
0
1.224
1.224
1.324
2.548
0
0
1.224
0
1.224
0
1.224
0
0.1
0
0.3
1.224
0.1
1.324
0
0
1.224
0.8
1.224
0
1.424
1.224
1.224
0
0
1
0
1.224
1.224
2.424
1.324
0.3
1.824
1.324
1.224
0.3
1.224
1.324
1.224
2.024
2.924
0
0.1
0
1.324
0
4.072
2.748
0
1.224
1.224
2.448
0.1
0
1.224
0
1.224
1.224
1.224
0
1.224
0
1.224
1.424
0
0
0.1
1.424
1.824
0
1.224
0
0.1
1.324
1.424
0
0
0
1.424
1
1.224
0.1
2.448
0
0.1
0
0
1.224
1.224
0
2.748
2.548
1.224
2.448
2.448
1.224
1.224
0.4
1.424
1.224
0
0.3
1.324
0.1
0
1.224
1.224
1.324
1.324
1.224
0.8
0
1.224
0
2.448
1.524
1.624
1.224
1.524
1.424
0.1
1.524
0
0
1.724
1.324
0.3
1.224
0.2
1.224
0
0
1.224
1.224
2.448
1.324
1.224
0
0
0
2.748
1.224
0.1
0.2
1.224
0
1.924
1.224
2.448
1.324
0.2
1.424
1.324
0.1
2.224
0.3
0
2.224
0.7
0
0.2
1.424
1.324
0.3
1.224
0.2
0.3
2.448
0
0
0.1
0.2
0
2.448
0.4
0
2.448
0
1.224
1.224
2.548
0
0
0
1.224
2.724
1.224
0
2.748
0.2
0
0.1
2.448
1.324
0.4
0
1.224
0
2.548
1.224
1.224
1.224
2.548
0.1
1.224
1.224
1.224
2.124
1.224
1.224
1.224
0
1.624
3.148
2.448
0
0
1.224
1.824
1.924
1.224
0
2.448
0
0.4
1.224
0.2
0.1
2.548
1.824
0.1
0
1.224
1.924
1.424
2.448
0.2
0
0
1.324
1.324
0
0
1.224
1.224
1.224
0.1
1.324
0.1
1.324
1.224
1.524
1.224
1.324
1.424
1.224
1.224
1.224
0
2.448
0
1.324
0
0
1.224
1.324
0.3
1.724
0
2.448
0
0
1.224
1.224
0
0
1.224
1.224
1.224
1.224
0.5
0
1.224
1.224
1.424
0
1.224
1.224
0
1.324
0
1.324
0.1
0.4
1.324
0.1
0
0.1
1.324
1.624
1.224
0
1.1
0
0
0.7
1.224
1.224
0
0
0
2.448
0
0.1
1.524
2.424
0
0
2.448
0
1.324
2.448
0
1.224
0.1
0
1.224
0
1.224
0
1.224
3.024
0
0.1
0.2
0
1.324
1.224
0
0
0.1
1.424
1.224
1.524
1.224
0
0
1.724
0
1.324
1.324
1.224
2.448
0
0
2.448
0
1.224
1.224
1.224
1.224
2.748
0
2.448
1.324
1.524
1.524
0
0
0.4
0
1.324
0
1.224
2.448
1.324
0.1
1.224
0
0
1.224
1.224
0.2
1.224
0.4
2.448
1.224
1.224
1.224
0
1.324
2.448
0
0
1.324
1.324
0
1.224
1.224
1.224
0
1.224
0
0
1.324
1.224
0
0.1
1.224
1.424
1.224
0
0
0
0
1.324
0
1
1.224
0.3
1.224
0
1.324
2.548
1.224
2.824
0.1
1.224
1.324
1.724
1.324
1.224
1.324
1.224
2.448
1.224
1.224
0.1
1.224
1.324
2.448
1.224
1.224
2.448
1.2
4.124
0.1
0
1.524
2.448
2.448
0
1.224
1.224
0
1.224
1.224
1.624
1.324
0
1.224
0
0
1.224
1.224
1.324
0
1.224
1.224
1.224
0
1.224
1.224
1.324
0.3
1.224
0.1
0.3
1.524
1.224
0
1.224
0
1.224
1.224
0.2
1.624
1.324
0
1.324
1.224
1.224
0
1.524
1.224
1.324
1.224
0
1.724
1.224
1.224
1.324
0
0.1
1.224
1.224
1.524
0
2.648
1.224
0
2.448
0
0.1
0
0
1.524
1.224
1.224
2.548
1.224
0.1
1.224
0
0
0
0
0
1.224
0
1.624
1.224
2.448
2.448
0
0
1.224
2.448
1.224
1.524
1.224
0
1.224
4.148
1.224
0
1.224
1.224
1.224
1.324
0
1.724
0.5
0
3.148
1.224
1.224
2.448
0
2.448
1.224
1.224
1.624
1.924
0
0
1.224
0
1.224
1.224
0
1.224
1.224
0
0.1
0
1.224
1.324
1.224
0
0
0.1
1.324
0
1.224
2.548
0
0.1
0
1.324
1.224
1.224
0.3
2.748
1.324
1.224
0.1
0
1.224
1.224
1.724
2.448
0.1
1.424
1.224
0.1
1.224
0
1.524
2.024
1.424
2.448
0
2.448
1.424
2.548
2.024
1.224
3.648
2.748
1.324
1.324
1.324
2.448
1.524
2.748
1.324
1.324
1.324
1.224
1.224
1.324
1.224
2.648
1.224
1.324
1.824
1.224
1.224
1.924
1.224
3.148
1.224
0
0
0.1
0
0.3
2.748
1.324
1.524
1.224
1.724
0
1.224
1.324
1.224
1.224
1.224
1.624
1.424
2.548
3.448
3.048
1.224
2.548
2.448
1.224
1.224
1.224
1.224
2.448
1.224
1.224
1.624
1.224
1.224
1.424
1.224
1.324
2.548
0
0
2.648
0.2
0
1.224
2.124
1.324
0.3
1.224
0
1.224
1.624
2.748
1.324
1.224
2.448
0
0.5
0
2.124
0.1
1.224
1.224
2.948
1.324
0
0
0.2
1.324
0.2
1.724
1.424
1.224
0
1.224
0
0
0
0
1.924
1.524
1.3
1.924
0
1.224
1.424
1.224
2.448
0
1.224
1.224
0.2
0.3
1.724
0.1
1.424
0
0.2
0
1.224
1.324
1.324
4.324
0
1.324
0.1
1.324
0.9
0.1
0.1
0.1
2.424
1.424
1.424
0
0
2.448
2.448
3.948
2.848
2.224
1.424
1.324
1.524
2.548
1.324
2.648
1.424
2.548
2.024
2.548
2.948
1.424
4.072
2.448
2.548
3.048
3.348
3.872
3.972
1.424
2.548
3.772
3.248
3.648
2.448
2.548
2.548
1.424
1.224
4.248
2.748
2.548
2.448
3.048
1.324
3.548
2.848
2.448
3.672
1.824
2.748
2.448
2.448
1.224
1.224
2.948
3.748
2.448
3.772
1.224
4.772
2.548
2.648
2.548
2.548
2.648
3.772
2.024
2.548
2.448
3.148
2.748
2.448
4.172
2.648
2.548
3.248
1.924
2.448
1.224
1.324
2.848
2.448
2.448
2.648
1.224
2.448
1.324
3.672
2.448
2.548
2.548
2.448
1.424
2.448
2.548
2.648
1.224
2.648
1.624
2.448
2.448
3.048
3.648
1.624
2.448
3.424
1.224
1.224
2.648
3.248
3.972
3.148
4.372
2.324
2.448
1.224
1.224
1.324
1.424
1.424
1.324
2.548
2.448
2.548
1.224
3.048
2.448
2.448
2.448
3.672
2.448
2.748
1.724
2.448
2.024
1.224
2.848
2.648
2.648
3.748
2.848
5.672
3.548
2.548
2.448
4.248
2.448
1.224
2.748
2.448
3.048
2.448
2.648
2.948
1.724
1.624
2.448
1.324
2.548
2.848
2.848
2.848
3.648
1.224
4.472
1.624
2.448
2.448
1.424
2.548
2.448
1.224
1.224
2.448
1.224
2.448
3.672
3.772
4.672
2.548
1.724
4.072
2.648
3.048
1.424
1.224
1.224
2.448
3.348
1.524
1.224
2.448
2.748
1.324
3.772
2.848
2.648
3.348
3.548
1.224
2.748
1.424
2.548
2.648
2.548
2.448
2.748
1.324
2.224
3.048
2.448
2.748
2.448
2.448
2.548
4.648
2.448
2.448
3.772
1.324
2.748
3.772
2.448
3.848
4.072
4.448
2.548
2.648
3.772
2.548
2.448
1.224
1.224
2.648
2.448
2.448
1.724
2.548
1.324
1.324
1.724
1.224
1.324
3.348
2.224
2.448
2.848
2.648
2.948
2.448
2.448
4.848
1.524
1.324
2.448
2.448
2.748
3.772
2.448
4.272
1.524
3.772
2.448
2.748
1.324
2.448
1.524
2.448
2.548
2.448
3.672
2.948
3.224
4.172
1.224
1.224
2.448
3.848
2.848
2.448
2.748
2.448
2.448
2.548
1.424
3.048
1.224
1.224
2.648
2.448
1.224
1.524
2.848
1.324
2.448
1.324
1.224
2.448
1.324
2.448
4.072
2.548
2.848
2.448
1.324
2.448
2.748
2.548
3.548
1.224
1.724
2.748
2.224
2.448
3.672
2.548
2.548
1.524
2.548
1.224
2.448
2.448
3.672
2.548
2.448
2.648
4.948
1.224
2.548
3.872
2.648
2.748
2.648
2.648
1.224
1.824
2.448
1.424
2.448
2.748
1.524
3.448
3.648
3.348
2.448
2.648
1.724
2.324
1.324
4.048
1.424
3.772
2.448
2.724
2.948
2.924
1.224
1.224
4.172
3.672
1.624
1.324
2.448
2.848
1.324
1.324
2.548
2.548
1.424
1.524
2.748
1.224
2.748
2.548
1.524
1.224
2.448
2.448
2.448
1.324
3.348
4.948
4.848
2.948
2.848
1.224
2.448
4.572
1.524
1.624
2.448
2.648
3.972
1.224
2.648
2.948
1.324
2.548
1.224
2.848
1.524
2.448
1.924
1.324
3.672
3.048
2.748
3.872
2.848
3.148
1.324
2.448
2.548
4.172
2.548
3.872
2.848
3.348
2.448
2.448
2.448
2.448
3.148
2.748
1.224
2.948
2.748
2.548
2.448
2.548
2.448
2.548
1.224
1.924
2.024
2.448
1.224
1.224
2.448
1.224
2.448
2.448
3.672
2.324
2.948
2.748
1.324
2.648
1.324
1.424
2.448
1.224
3.872
2.848
2.648
1.224
1.224
1.424
2.448
3.448
1.224
2.448
2.948
1.924
3.772
2.448
2.124
2.448
1.224
2.448
2.448
1.224
1.224
1.224
1.224
3.972
4.548
2.548
1.224
2.548
2.448
2.448
1.524
2.548
3.872
4.472
2.448
2.448
2.548
3.448
4.272
1.224
1.324
3.672
2.648
1.224
1.224
2.448
2.548
2.548
2.448
2.748
1.524
2.448
3.648
4.148
1.424
3.648
1.324
2.448
2.448
1.524
1.524
3.772
2.548
2.648
1.224
2.548
1.624
2.448
3.148
4.472
2.748
1.224
2.624
2.448
4.072
1.924
2.448
1.224
1.224
1.224
4.872
4.672
3.872
3.972
2.448
1.224
1.224
1.724
1.224
2.848
1.224
1.224
1.224
2.024
2.948
4.772
3.948
2.648
3.648
4.472
3.672
2.548
1.224
3.548
1.224
1.324
1.524
1.224
2.548
3.672
1.224
2.848
2.548
2.448
2.448
3.672
2.448
2.548
1.224
2.548
3.048
5.348
2.548
2.748
1.224
3.048
3.848
3.772
2.548
2.448
3.948
2.448
1.224
2.548
3.248
2.448
1.924
1.524
1.424
1.324
1.524
4.148
1.924
1.624
1.424
1.224
2.524
2.548
1.224
2.648
1.224
3.448
2.648
2.748
2.548
1.424
1.224
1.224
2.748
2.448
1.324
2.548
2.124
3.148
2.648
2.448
4.324
2.548
2.548
1.224
1.224
3.148
3.324
2.424
1.224
3.548
2.548
1.224
2.948
2.448
2.748
1.724
1.424
2.648
1.424
2.748
3.148
5.572
2.448
2.848
2.448
2.448
3.248
1.224
4.348
2.448
1.224
2.448
3.348
2.948
3.048
1.224
2.648
4.472
1.824
2.848
2.648
2.448
2.548
4.072
1.224
1.224
4.648
3.548
1.224
1.324
1.224
2.448
3.872
3.672
6.572
2.448
3.872
3.048
2.524
1.224
1.324
3.672
3.248
3.348
2.448
1.424
2.748
1.924
1.224
1.424
2.748
2.848
2.648
2.548
1.224
3.548
11.972
4.072
3.148
4.572
2.648
3.348
1.224
4.048
1.224
5.072
2.448
4.148
2.448
2.748
2.448
2.448
1.224
2.848
2.448
1.224
0
0
0.6
0.2
1.224
0.1
0.5
1.224
1.5
0
1.224
0
1.224
1.224
0
0
0.2
0.1
1.224
0.3
1.224
0
1.224
0
0
1.5
0
2.448
0
1.824
1.524
2.524
2.024
1.224
0.9
1.324
1.224
0
1.224
1.224
0
0
1.224
1.224
0
0
0
1.224
0
0
1.224
0.2
0.1
1.224
1.224
1.324
0
0
0
1.224
0
0.2
0.1
1.624
1.224
1.224
0
1.224
1.224
1.224
0
1.924
0
1.224
1.524
0
1.224
2.448
0
1.324
2.448
1.224
1.424
0.1
0.3
1.224
2.448
2.448
1.224
2.548
1.224
1.224
1.224
2.448
0
2.448
0
1.8
0.3
0.1
1
0.7
0.2
