1.624
0.1
1.924
0.1
1.324
1.224
1.324
1.224
2.448
1.224
2.448
2.548
1.424
1.924
1.324
0
0
0
0
0.1
1.224
1.424
0
0
1.324
0.1
0
0.1
1.224
0
0
1.324
2.124
1.424
0.1
1.324
1.224
1.324
0
1.624
1.224
1.824
0.1
0
0
1.224
0.1
0.5
1.524
2.948
1.224
0
3.048
0
1.02
0
1.324
0.1
1.224
1.724
0.5
0.2
0
0.6
0.4
1.324
0
0
1.324
0.7
1.724
2.848
1.524
1.224
2.124
1.724
0
0
0
1.224
1.624
0
1.224
0
0
0
0
0
0
0.4
1.324
0.2
0.1
0
0
2.548
2.448
1.224
0
0
0
0.4
0.2
1.224
0
1.224
1.224
0.9
0.1
1.224
1.424
0
1.224
1.224
0.1
0.1
1.324
0
1.224
1.224
1.4
0
0.1
1.824
0
1.224
1.524
1.324
0
1.524
1.424
0
0.1
0
1.424
0.7
1.424
1.224
1.224
0.4
1.224
0
0
1.724
0
0
1.324
0.3
1.724
0
1.224
1.224
1.324
1.324
1.824
1.524
0.3
0
1.524
0.1
1.224
0
1.224
0
0.2
0
0.1
1.224
0
1
1.224
1.824
1.224
1.324
1.224
2.844
0
0
2.244
1.624
1.824
1.924
1.224
2.448
1.224
3.048
3.148
2.748
1.224
2.448
1.424
4.072
2.548
3.148
2.448
3.448
2.448
2.448
1.224
0.2
1.324
0
0
0
2.124
0
1.224
2.548
1.324
1.224
1.224
1.324
0.1
0
1.224
1
1.224
0.4
0
0
0
1.424
1.824
1.224
1.224
1.324
1.224
1.224
1.324
2.448
1.324
1.224
1.224
0
1.224
0
2.524
1.224
0
1.324
0
1.524
1.324
0
0
0
0
0
1.224
0.3
0
0
0
0
0
1.224
0
0.1
1.224
1.224
1.224
1.224
1.224
0.2
1.224
1.224
0.1
1.224
1.224
1.224
1.224
1.324
1.224
1.224
0.5
0
1.224
0
2.448
1.224
0
0
1.924
1.224
1.424
1.224
1.324
1.224
1.224
1.224
1.224
1.224
0
0.4
0
0
0
0.2
0.1
1.324
0
1.224
0.1
0.1
0.1
0
0
1.524
0
1.524
0
0
1.224
0
0
1.224
1.224
1.224
0
1.424
1.224
0
1.324
0.2
0.2
1.224
0
0
0
0
0.4
0
0
1.424
1.324
0
0
0
1.624
1.224
0
2.448
0.7
0
1.324
1.424
2.548
1.224
0.2
1.224
2.448
1.324
0.3
1.1
0
0.1
1.224
0.1
0
3.672
3.672
0
2.448
2.548
1.224
0
0
2.448
0
1.224
1.224
1.224
0
1.224
0
0
0.4
0.2
0
0
1.224
1.824
0
0
0
0.2
1.224
2.848
1.324
0
0
2.448
0.5
0
0
2.448
0
1.224
1.224
0
1.224
1.224
1.224
1.424
1.224
2.448
1.224
1.224
1.724
1.224
0.6
1.324
1.224
0
0
0
1.224
0
0
0.1
1.224
1.324
1.224
0.1
1.224
1.224
0
2.448
1.424
1.324
0
1.324
1.224
0.1
1.424
0.2
1.224
1.224
1.324
1.224
1.224
0
0
1.224
0
1.224
0
1.224
1.224
1.224
0
0
0
1.224
0
1.324
0
0
0
1.624
1.224
1.224
1.224
0
1.224
0
0.1
2.024
0.4
0
1.324
1.624
0
1.424
1.424
1.424
0.1
0
0.1
0.2
1.224
0
1.224
0.3
0
0
1.224
1.224
0
1.224
1.224
0
1.224
1.224
0.1
0
0
1.224
1.824
1.224
0
1.424
0.1
1.224
0
1.424
1.224
0.6
0
0
1.224
1.324
1.324
1.224
1.224
1.224
0.1
2.448
1.224
0
0.7
1.324
1.224
1.224
0
1.424
1.424
1.224
0
1.224
1.224
1.224
1.224
2.448
0
1.324
1.224
1.224
1.224
1.224
0.1
1.224
0.1
1.224
0
1.524
1.724
1.324
1.224
1.224
1.224
0
1.324
1.324
1.324
0.1
1.224
1.324
1.224
0
0.1
1.224
0
0
0.1
2.448
1.424
1.224
2.448
2.448
1.224
0
1.224
0
1.224
0
0
1.224
1.224
2.124
1.424
0
1.224
0
0
1.224
1.224
1.224
0
1.224
1.224
1.224
0
0.2
0
1.224
1.224
1.224
0
1.224
1.324
0
0
0
1.324
0.1
0
1.324
0
0
1.224
0.1
1.524
0
0
0.1
0
0
1.724
1.324
2.448
0
0.1
0.2
1.224
0
0.2
1.424
2.648
0
0
1.324
1.224
1.424
1.224
0
1.224
0
0
1.224
0
1.224
1.224
0
1.424
1.224
1.224
0.3
0
1.224
0
1.224
1.324
0.2
1.224
1.224
1.224
1.224
0
0
1.424
0
2.648
1.224
0
1.224
0
0
2.548
1.224
1.224
1.224
1.324
1.224
1.424
0
1.224
1.224
2.848
1.424
1.224
1.424
0.2
1.224
1.224
0
1.224
1.224
1.224
0.1
1.324
0
0
0.1
1.424
0.3
0
0.1
1.224
1.224
1.224
2.448
0
0.2
1.224
0
0
1.224
1.224
1.224
1.224
1.224
1.224
0
0
1.224
0
1.624
1.224
0
0.2
1.224
1.324
0
1.224
1.224
0
0
1.224
0
0.6
1.224
0
1.324
0
1.224
1.224
1.224
1.824
0
2.548
0
1.524
0.3
1.224
1.224
1.224
1.224
2.748
0
1.424
1.224
0.2
1.224
1.224
1.224
1.224
1
3.948
0
0.3
0.1
1.224
1.224
1.224
1.224
1.224
0
1.324
0
1.324
2.748
1.224
0
0
1.224
1.224
1.224
1.224
0
2.448
2.448
1.224
1.224
0
1.224
1.224
0
1.224
0
0.3
1.224
1.324
0
0.2
0.1
2.548
0
0.1
0.4
1.324
1.324
1.224
1.224
1.224
0
0.3
1.224
1.324
1.224
1.224
1.724
1.224
1.224
1.324
0
0
1.224
1.224
1.224
0
1.224
1.224
0
1.224
0
0
1.224
1.224
2.648
0
0
1.424
1.224
1.224
1.224
0
1.224
0
1.224
0
0
0
1.324
1.224
1.224
1.224
0
1.224
0
1.224
0
1.424
1.224
0
2.548
2.424
0.1
0
1.224
1.324
2.448
1.224
0
1.224
1.424
1.224
1.824
0
2.448
1.224
1.224
1.324
1.324
1.324
1.524
1.624
1.224
0
1.224
0
1.224
1.224
0.1
1.224
2.448
0.1
1.524
0
2.548
1.224
1.224
0
0.1
0
0
0
0
1.224
1.224
1.224
0
0.1
0
0
0
1.324
1.324
1.224
0.2
0
2.448
0
2.948
1.224
1.224
1.324
1.224
0
1.224
0
1.324
1.424
1.324
1.224
0
1.224
2.448
1.324
2.848
0.1
1.824
1.524
1.724
0
1.224
1.224
0.2
1.224
1.224
1.224
1.224
1.224
1.224
1.324
1.224
1.224
1.224
1.324
1.324
1.324
1.324
0.5
0
1.824
0
0.2
1.224
1.224
0
0
1.624
1.224
1.224
1.224
0.1
0
0
1.224
1.224
1.424
0.1
0.3
0.1
2.448
4.472
2.748
1.224
1.224
1.224
0.1
1.224
1.224
0
1.324
0
1.224
1.324
1.324
1.224
1.324
1.224
1.724
1.324
1.224
1.224
1.524
0
0
1.224
1.624
1.524
0.1
2.448
0
1.224
0
1.324
1.224
0
1.224
0
0.2
0
0.7
0
2.448
1.324
1.324
1.224
0
0.1
0.1
2.444
1.324
0.3
1.324
0
1.224
1.224
1.224
1.224
0
1.224
0.6
1.224
1.624
2.748
1.224
0.1
1.424
0
1.224
0
1.224
1.224
1.224
0.2
0
0.1
1.224
1.224
0.1
0
1.224
1.224
1.224
3.224
0
1.324
1.324
1.324
0.4
0.1
0
0
3.148
2.648
0.1
0
1.224
1.224
2.448
4.572
4.072
3.348
1.424
2.548
2.448
1.324
2.448
1.324
1.224
3.668
3.048
2.648
2.748
1.324
4.072
3.672
2.448
1.724
3.148
2.448
2.948
1.224
1.224
2.848
4.372
4.272
1.224
2.448
3.872
2.548
2.448
3.748
2.448
2.648
1.224
2.548
1.224
3.248
1.424
2.448
2.448
2.748
1.324
1.324
1.224
1.224
1.324
1.424
4.472
3.672
2.448
1.224
2.948
2.548
3.772
2.548
1.224
1.524
2.648
2.948
2.448
2.448
2.948
2.648
2.548
2.748
1.524
2.448
4.372
2.748
2.548
1.224
2.548
2.548
2.448
2.648
2.448
1.424
1.224
1.224
2.648
2.448
2.648
1.224
2.448
2.948
1.224
3.672
1.324
2.448
3.468
1.224
2.448
3.672
2.548
3.048
2.648
2.448
4.744
2.448
2.448
2.748
4.372
2.648
1.724
2.548
2.024
2.648
1.224
1.224
1.324
1.224
2.648
2.448
2.548
2.448
3.772
2.448
2.548
3.468
1.324
3.772
2.448
2.448
2.648
1.424
2.448
3.148
1.224
2.948
1.424
1.924
4.072
3.448
3.248
3.772
2.648
3.772
2.024
2.448
2.448
2.648
1.224
2.748
2.448
1.324
1.324
2.848
3.148
2.548
2.448
2.548
3.872
2.648
2.648
3.048
1.224
3.048
1.624
2.448
2.448
1.224
3.672
2.448
2.448
2.448
3.668
1.224
2.448
2.448
2.548
3.448
2.448
2.748
4.072
2.548
4.372
1.224
1.224
1.224
2.448
2.224
1.524
2.448
2.244
1.324
1.224
2.648
2.548
1.224
2.748
2.648
2.448
1.424
2.648
2.648
2.448
3.872
1.224
5.072
2.448
1.624
1.624
1.224
3.772
2.448
1.224
2.548
4.272
3.468
2.448
2.448
2.448
2.448
2.448
2.548
4.348
3.972
3.248
3.872
2.448
3.972
1.224
2.448
2.448
1.224
2.648
2.448
2.448
1.524
1.224
2.448
2.448
2.948
2.448
2.448
4.272
1.524
3.672
1.624
2.948
1.324
1.224
3.468
4.872
1.424
2.448
2.448
2.548
1.324
2.448
2.448
3.348
2.648
2.648
2.448
2.648
2.748
2.448
2.648
1.224
2.448
2.548
2.448
2.748
3.248
3.148
2.448
2.448
1.224
4.372
3.972
2.448
1.324
2.448
3.672
1.524
2.848
1.824
1.224
2.448
3.672
2.948
2.448
1.324
3.872
2.448
1.224
1.324
1.224
2.448
1.224
1.224
2.648
2.848
2.748
2.448
2.648
1.224
2.548
2.448
2.548
1.324
2.448
2.548
2.748
1.224
2.448
1.324
2.648
2.548
2.448
2.448
2.448
2.448
2.448
3.672
2.448
2.748
4.572
1.224
1.324
2.748
3.872
1.424
3.772
1.224
1.224
2.948
1.224
1.224
1.224
2.448
2.548
3.048
4.472
4.372
2.448
4.072
2.548
2.848
2.244
4.372
2.548
2.648
2.448
3.548
3.248
3.348
1.224
2.448
2.548
2.448
2.548
2.448
2.548
2.548
2.448
2.344
2.548
1.224
1.324
1.224
2.648
1.224
2.848
4.792
2.648
2.448
3.672
3.672
2.548
2.548
4.472
5.172
3.648
1.624
3.872
1.224
1.224
2.948
1.424
1.624
2.448
2.448
2.448
1.224
2.648
4.072
1.224
3.772
1.224
1.524
1.224
3.672
1.624
2.448
2.648
1.524
1.424
2.548
2.648
2.948
2.448
2.448
2.448
3.772
1.224
2.648
2.548
4.072
2.548
1.324
2.448
2.448
3.048
2.548
1.224
2.748
2.648
1.524
3.672
1.224
3.672
1.324
2.548
2.744
2.844
2.448
2.448
2.548
2.448
2.244
2.648
1.224
2.448
3.148
3.872
1.324
2.548
2.448
2.548
2.548
2.448
2.448
3.048
1.324
1.324
1.224
1.324
2.448
2.448
1.924
2.448
1.224
2.748
2.124
2.548
2.448
3.048
2.448
2.448
2.448
2.548
1.424
2.448
2.448
1.324
2.548
4.872
2.448
2.448
2.548
1.224
2.448
2.748
2.448
2.648
2.848
2.448
1.224
3.672
4.072
2.448
1.324
2.448
2.448
2.848
1.324
2.448
1.224
1.324
2.448
2.448
2.648
2.648
2.448
3.348
3.348
2.648
4.372
1.424
2.448
2.548
2.548
1.324
2.548
2.548
3.672
1.224
2.548
1.424
1.424
1.424
3.048
3.672
2.448
3.048
2.548
2.848
2.448
2.448
1.224
2.448
2.344
3.848
5.872
2.548
2.848
2.448
1.224
2.448
3.048
2.448
3.668
2.448
2.448
2.548
2.848
4.072
3.048
4.272
2.548
4.072
2.948
2.448
3.872
2.344
4.172
1.224
1.224
2.848
2.448
2.448
2.448
2.448
2.548
1.224
1.224
2.448
2.448
1.224
2.448
2.548
2.448
2.648
4.048
1.324
1.324
1.224
1.424
3.748
2.448
1.324
1.324
3.548
2.448
1.224
2.748
3.348
3.972
2.848
1.224
2.748
2.344
1.524
4.072
3.148
1.424
1.324
2.344
3.048
2.548
2.448
2.548
1.224
3.148
4.072
2.548
1.224
2.448
1.224
1.224
2.648
3.672
3.468
2.448
3.048
2.848
3.772
2.448
2.824
3.872
3.772
2.648
1.324
1.724
2.324
1.824
2.448
4.272
2.448
1.224
2.848
2.548
1.624
2.748
2.344
2.748
1.424
3.872
2.648
3.748
3.672
2.548
2.448
2.244
3.972
2.548
3.872
2.548
2.648
2.548
2.548
2.448
2.948
2.448
2.448
3.148
2.848
2.648
1.424
3.668
1.324
2.448
2.448
2.548
4.872
3.448
2.448
2.548
2.548
3.672
3.772
2.548
4.272
3.672
2.448
4.892
3.048
2.448
2.448
2.448
3.672
3.248
1.224
2.448
3.972
3.048
1.224
2.548
2.648
2.748
1.324
2.648
2.448
3.348
3.148
2.548
9.992
3.348
2.848
3.448
1.324
3.748
1.224
2.748
2.548
3.872
2.448
2.748
1.224
2.448
1.224
2.648
1.224
1.224
1.224
0
1.324
1.324
2.448
1.324
1.624
0
1
0.1
2.448
1.224
0
0
0
1.224
0.2
0
1.224
0.1
0
0
2.548
0
1.224
0.8
0
1.224
0
1.324
1.324
1.924
1.324
1.224
2.224
1.424
1.324
1.224
1.224
1.224
0
0.1
0
1.324
0
0.1
1.424
0
0
0.1
1.224
0.1
0
1.324
0
1.224
0
0
0
0
1.224
0
1.224
0.3
1.224
1.224
1.324
0
1.224
1.224
0.1
1.624
1.324
2.548
2.948
1.324
0
1.224
0
1.224
1.224
1.224
1.324
1.224
1.424
1.224
1.324
1.224
0
1.224
0.2
1.224
0
1.224
1.224
1.224
0.1
2.224
1.324
1.324
1.824
0.4
1.624
