0.9
0.3
2.124
0
2.448
1.224
1.224
1.224
1.324
1.224
1.324
2.448
2.848
1.624
2.024
0
1.224
0
0
0
1.324
1.424
0
0
0
0
0
0
1.224
0
0
1.224
1
0
1.324
0.2
0
0
0.1
0.4
0
2.324
0
0
0.1
1.324
0.4
2.424
0.3
1.224
1.324
0
2.024
1.224
0
0.1
1.224
1.324
0.1
2.424
2.324
1.524
0.1
0.7
0.6
0.3
1.224
1.324
1.524
2.324
0.5
2.948
1.424
0
2.024
0.2
1.224
0.3
1.224
0
2.224
1.324
1.224
1.224
0
1.224
1.224
0
0
1.924
0
0.1
1.324
1.324
1.224
1.524
1.224
1.224
0
0
0
1.824
1.324
0
0
0.1
0
1
1.224
0.1
1.724
1.224
0
2.448
0.1
0
0.1
1.524
0.1
0
3.024
0
0
1.924
1.224
0
0.2
1.224
0
3.148
0.2
0
1.224
0.1
1.624
0.5
1.524
2.548
1.224
0.6
0.1
1.324
1.324
1.624
1.224
1.224
1.324
1.224
0
1.224
1.224
0.1
0.1
0
0.4
0.3
1.324
0.2
0.1
0
0.1
1.224
0
1.224
0.1
1.324
0
1.224
0
2.1
1.324
1.524
2.448
0.1
2.448
2.124
1.224
1.224
1.324
0.1
0.3
3.848
1.224
3.672
1.424
3.972
3.648
3.872
3.048
3.672
1.224
2.548
1.324
4.672
3.672
3.348
2.448
1.524
0
0.1
1.324
0
0
1.424
1.1
1.224
0
1.524
1.424
0
1.324
0.3
0.3
1.224
0
2.824
0
1.924
0
1.224
1.224
1.324
2.224
1.224
1.224
1.424
1.224
1.224
1.624
2.448
1.624
1.224
2.448
0
1.224
0.1
4.248
1.324
0
1.424
0
1.624
1.424
0
1.224
0
1.224
1.224
1.224
0.3
0
1.324
1.224
1.224
0
1.224
1.224
1.424
1.324
1.424
1.224
1.224
0
0.3
1.224
1.224
0.1
1.224
0.1
1.224
0
0
0
1.324
1.824
0
1.224
1.324
2.648
1.324
1.224
1.224
2.748
1.224
2.448
0
1.324
1.224
2.548
1.224
1.224
1.224
1.224
1.924
0
0
0.1
0.2
1.224
0
0.1
1.224
0.3
0.2
0
1.224
1.524
1.424
0
1.524
1.424
1.224
2.448
0
0
1.324
0
1.224
0
1.224
0.1
0
0.2
0.2
1.224
0
1.224
0.1
0
1.224
0.8
1.224
0
1.324
1.324
1.224
0.1
0
0.9
0
1.224
1.224
2.024
1.424
0.1
1.424
1.324
1.324
0.2
1.224
1.424
1.224
1.924
2.424
0
0
0
1.424
0
3.972
2.548
0
1.224
1.224
2.448
0
0
1.224
0
1.224
1.224
1.324
0
1.224
0
1.224
1.824
0
0
0
1.424
1.524
0
1.224
0
0.1
1.224
1.624
0.1
0
0
1.224
1.1
1.324
0.3
2.448
0
0.1
0
0
1.224
1.224
0
2.548
2.448
1.224
2.448
2.448
1.424
1.224
0.7
2.224
1.324
0
0
1.424
0.1
0
1.224
1.324
1.224
1.424
1.624
0.3
0
1.324
0
2.548
1.324
1.324
1.224
1.424
1.224
0.1
1.524
0.1
0.1
1.424
1.524
0.1
1.224
0.2
1.224
0
0
1.224
1.224
2.448
1.224
1.424
0
0
0
2.748
1.224
0
0.1
1.224
0
1.624
1.224
2.448
1.224
0.4
1.324
1.324
0.3
2.324
0.5
0
1.924
0.6
0
0.1
1.324
1.324
0.2
1.224
0.2
0.2
2.548
0
0
0.1
0
0
2.448
0.2
0.2
2.448
0
1.224
1.224
2.548
0.1
0
0
1.224
2.324
1.224
0.2
2.648
0.1
0
0
2.448
1.224
0.5
0
1.224
0
2.448
1.224
1.224
1.224
2.448
0.2
1.324
1.324
1.224
1.524
1.224
1.224
1.224
0
1.424
2.948
2.448
0
0
1.224
1.524
1.724
1.224
0.1
2.548
0
0
1.224
0.2
0.2
2.448
1.224
0
0.1
1.324
1.924
1.924
2.548
0.1
0
0
1.224
1.424
0.1
0
1.224
1.324
1.224
0
1.224
0
1.224
1.224
1.524
1.224
1.424
1.524
1.324
1.224
1.224
0
2.448
0
1.424
0
0
1.224
1.224
0.9
1.724
0
2.648
0
0
1.224
1.224
0.1
0.2
1.224
1.224
1.224
1.224
0.1
0
1.224
1.224
1.224
0
1.224
1.224
0
1.224
0
1.324
0
0.4
1.524
0
0
0
1.324
1.524
1.224
0
0.5
0.1
0
1.3
1.424
1.224
0
0
0
2.548
0
0
1.424
1.824
0
0.1
2.548
0.2
1.224
2.448
0.1
1.324
0
0.1
1.224
0.1
1.324
0
1.224
1.824
0
0
0.2
0
1.224
1.224
0
0.2
0
1.224
1.224
1.224
1.224
0
0.1
2.324
0
1.524
1.224
1.424
2.448
0
0
2.548
0
1.224
1.324
1.324
1.424
2.548
0
2.448
1.224
1.424
1.524
0
0
0.3
0
1.324
0
1.324
2.448
1.224
0.1
1.224
0
0.1
1.524
1.224
0
1.224
0.2
2.448
1.224
1.224
1.324
0.1
1.524
2.448
0.3
0.2
1.324
1.424
0
1.224
1.224
1.224
0
1.224
0
0.1
1.824
1.224
0
0
1.424
1.224
1.224
0
0
0.1
0
1.224
0.1
0.6
1.224
0.5
1.224
0
1.224
2.448
1.224
2.224
0.1
1.324
1.324
1.424
1.624
1.324
1.624
1.224
2.448
1.324
1.224
0
1.324
1.424
2.448
1.224
1.224
2.548
0.7
3.224
0
0.1
1.524
2.548
2.448
0
1.224
1.224
0
1.424
1.224
1.424
1.324
0
1.224
0
0
1.224
1.224
1.224
0
1.224
1.224
1.224
0.1
1.224
1.324
1.224
0
1.224
0.3
0.3
1.324
1.224
0
1.424
0.1
1.224
1.224
0.3
1.424
1.324
0
1.224
1.324
1.224
0
1.324
1.224
1.224
1.424
0
1.724
1.224
1.224
1.324
0
0
1.224
1.224
1.324
0
2.548
1.224
0
2.448
0.1
0
0
0
1.224
1.224
1.324
2.548
1.224
0.1
1.324
0
0
0.1
0
0
1.224
0
1.624
1.224
2.448
2.448
0
0
1.224
2.548
1.224
1.624
1.324
0
1.224
4.148
1.224
0
1.224
1.224
1.224
1.224
0
1.524
0.3
0
2.948
1.224
1.224
2.448
0
2.448
1.224
1.224
1.624
1.724
0
0
1.224
0
1.424
1.324
0
1.524
1.224
0
0.2
0.1
1.424
1.324
1.224
0
0
0
1.224
0
1.224
2.448
0
0
0
1.224
1.224
1.224
0.6
2.548
1.224
1.224
0.1
0
1.224
1.224
2.124
2.448
0.5
1.424
1.224
0
1.224
0
1.224
1.924
1.324
2.448
0
2.448
1.424
2.448
2.224
1.224
4.048
2.548
1.524
1.224
1.424
2.448
1.524
2.648
1.224
1.224
1.224
1.224
1.224
1.324
1.224
2.448
1.224
1.224
1.524
1.224
1.324
1.424
1.224
3.248
1.224
0.2
0
0
0.1
0
3.048
1.224
1.524
1.424
1.724
0
1.224
1.224
1.224
1.324
1.224
1.224
1.224
2.448
3.248
3.048
1.224
2.448
2.448
1.324
1.224
1.224
1.224
2.748
1.324
1.224
1.524
1.224
1.224
1.424
1.224
1.624
2.548
0
0
2.748
0.1
0
1.324
2.724
1.324
0.1
1.324
0
1.224
1.224
3.048
1.224
1.224
2.448
0
0.7
0
1.824
0
1.224
1.224
2.948
1.224
0.1
0
0.1
1.624
0
1.424
1.324
1.224
0
1.224
0
0.1
0.2
0
1.624
1.224
0.7
1.624
0
1.224
1.524
1.224
2.448
0.1
1.224
1.224
0.2
0.1
1.224
0.1
1.324
0.1
0
0
1.224
1.324
1.324
4.624
0
1.224
0.2
1.324
0.8
0.1
0
0
2.724
1.224
1.424
0.1
0
2.448
2.448
3.148
2.548
1.824
1.424
1.524
1.324
2.448
1.324
2.548
1.224
2.648
2.524
2.648
3.548
1.224
4.172
2.648
2.548
2.948
3.248
3.672
3.772
1.324
2.648
4.272
3.048
2.548
2.448
2.448
2.448
1.824
1.224
3.648
2.648
2.548
2.448
2.748
1.224
3.648
2.948
2.548
3.672
1.524
2.748
2.548
2.448
1.224
1.424
3.048
2.848
2.448
3.972
1.224
4.972
2.548
2.548
2.448
2.448
2.648
3.872
1.824
2.548
2.548
3.148
2.748
2.648
3.872
2.848
2.448
3.248
1.324
2.548
1.224
1.224
2.448
2.448
2.748
2.648
1.424
2.448
1.324
3.672
2.448
2.548
2.448
2.448
1.824
2.448
2.448
2.548
1.524
2.848
1.324
2.748
2.448
2.948
3.448
1.324
2.448
2.424
1.224
1.324
2.448
3.348
4.272
3.648
3.772
2.324
2.548
1.224
1.224
1.324
1.324
1.524
1.424
2.548
2.448
2.448
1.224
2.948
2.448
2.448
2.448
3.672
2.448
2.848
1.524
2.448
1.824
1.224
2.848
2.548
3.048
2.948
3.048
4.472
2.748
2.748
2.648
3.248
2.548
1.324
2.648
2.448
3.448
2.548
2.548
2.548
1.424
1.924
2.948
1.324
2.448
2.748
2.748
2.648
3.948
1.224
4.172
1.824
2.448
2.448
1.424
2.448
2.448
1.224
1.224
2.648
1.224
2.548
3.672
3.772
4.572
2.548
1.924
4.072
2.548
3.148
1.424
1.224
1.224
2.448
3.648
1.824
1.224
2.448
2.548
1.324
3.772
2.648
2.748
2.848
3.448
1.224
2.548
1.424
2.548
2.448
2.448
2.448
3.048
1.224
1.924
3.348
2.448
2.648
2.448
2.448
2.448
3.348
2.648
2.448
3.772
1.524
2.448
3.672
2.548
3.348
4.072
3.448
2.548
2.748
3.772
2.448
2.448
1.424
1.324
2.448
2.448
2.548
2.024
2.548
1.424
1.224
1.924
1.224
1.224
3.048
1.424
2.548
2.748
2.748
2.648
2.448
2.448
3.748
1.324
1.224
2.448
2.448
2.748
3.872
2.448
5.072
1.324
3.872
2.448
2.748
1.324
2.448
1.524
2.448
2.648
2.448
3.672
3.248
2.324
4.272
1.424
1.224
2.548
3.548
2.948
2.448
2.648
2.548
2.448
2.648
1.524
2.948
1.224
1.324
2.548
2.448
1.324
1.524
2.748
1.424
2.448
1.424
1.324
2.648
1.224
2.448
4.072
2.448
2.648
2.448
1.324
2.448
2.648
2.448
2.848
1.324
1.324
2.548
2.224
2.448
3.672
2.448
2.448
1.224
2.448
1.224
2.448
2.448
3.672
2.548
2.448
2.748
3.948
1.324
2.448
3.772
2.648
2.748
2.448
2.548
1.224
2.024
2.548
1.224
2.448
2.648
1.324
2.948
3.348
2.848
2.448
2.848
1.424
2.024
1.224
3.248
1.624
4.372
2.448
2.624
2.948
1.924
1.224
1.224
3.972
3.672
1.524
1.224
2.448
2.748
1.224
1.224
2.548
2.448
1.524
1.424
2.748
1.224
2.848
2.448
1.624
1.224
2.448
2.548
2.448
1.224
3.448
3.648
3.148
2.748
2.448
1.224
2.648
3.872
1.324
1.524
2.748
2.448
3.972
1.224
2.748
2.648
1.624
2.548
1.224
2.548
1.224
2.448
1.724
1.524
3.772
2.648
2.748
3.872
3.448
3.248
1.424
2.448
2.448
3.972
2.448
3.672
2.848
3.048
2.548
2.448
2.448
2.448
3.548
2.648
1.224
2.548
2.548
2.648
2.448
2.448
2.448
2.448
1.224
1.824
2.024
2.548
1.224
1.724
2.448
1.224
2.548
2.448
3.672
2.224
2.848
2.448
1.424
2.848
1.424
1.324
2.448
1.324
4.072
2.848
2.448
1.224
1.224
1.324
2.448
3.148
1.224
2.448
2.848
1.524
3.672
2.448
1.624
2.748
1.224
2.448
2.448
1.224
1.224
1.224
1.224
4.172
3.048
2.448
1.324
2.448
2.448
2.648
1.524
2.548
3.872
4.272
2.448
2.448
2.448
3.348
3.772
1.324
1.324
3.672
2.748
1.224
1.224
2.448
2.548
2.548
2.448
2.548
1.424
2.448
2.948
3.348
1.224
2.648
1.524
2.448
2.448
1.524
1.324
3.672
2.548
2.448
1.224
2.448
1.324
2.448
2.748
4.672
2.548
1.224
2.424
2.748
4.972
1.524
2.448
1.224
1.224
1.324
4.072
4.372
3.772
3.872
2.448
1.224
1.224
1.524
1.324
3.348
1.524
1.224
1.324
1.924
2.848
4.672
3.648
2.648
2.948
3.672
3.672
2.448
1.224
2.748
1.324
1.224
1.324
1.224
2.448
3.672
1.224
2.548
2.448
2.548
2.548
3.672
2.548
2.448
1.324
3.048
2.648
4.348
2.648
2.548
1.224
2.948
4.048
3.772
2.548
2.448
3.748
2.448
1.324
2.648
3.648
2.648
1.324
1.424
1.324
1.424
1.624
3.248
1.724
1.624
1.524
1.224
2.124
2.648
1.224
2.548
1.424
3.148
2.648
2.748
2.648
1.524
1.224
1.224
2.548
2.448
1.224
2.548
1.524
3.048
2.448
2.548
2.824
2.648
2.448
1.424
1.224
3.048
2.424
1.624
1.224
2.948
2.448
1.224
2.548
2.448
3.048
1.524
1.424
2.648
1.224
2.848
3.148
4.972
2.648
2.948
2.448
2.448
3.148
1.324
3.448
2.448
1.324
2.548
2.748
2.648
3.348
1.224
2.748
5.172
2.024
2.648
2.548
2.748
2.648
4.072
1.224
1.224
4.048
3.248
1.224
1.224
1.224
2.448
3.772
3.872
5.072
2.548
3.872
2.948
1.924
1.224
1.224
3.672
2.948
4.648
2.448
1.324
2.648
2.624
1.224
1.324
3.048
3.048
2.548
2.548
1.224
3.748
4.572
3.772
3.348
10.772
3.148
3.848
1.524
3.448
1.224
4.172
2.548
2.948
2.448
2.648
2.448
2.448
1.224
2.748
2.448
1.224
0
0.2
0.6
0
1.224
0.1
0.4
1.224
1
0
1.224
0
1.224
1.224
0
0.1
0.1
0.1
1.324
0.1
1.224
0
1.324
0
0
1.1
0
2.448
0
1.624
1.324
2.324
1.424
1.224
1.7
1.224
1.224
0
1.224
1.224
0.2
0.2
1.224
1.324
0
0
0
1.224
0.1
0.1
1.224
0
0.3
1.224
1.324
1.324
0
0
0
1.324
0
0
0.2
1.824
1.224
1.324
0
1.224
1.324
1.224
0
2.124
0
1.224
1.424
0
1.224
2.448
0
1.324
2.448
1.224
1.324
0.1
0.1
1.224
2.448
2.548
1.224
2.648
1.524
1.224
1.224
2.448
0
2.448
0.2
2.1
0.3
0.2
0.6
0.7
0.2
