2.036
0.3
2.424
0.3
1.224
1.224
1.224
1.224
1.524
1.224
1.524
2.648
1.324
2.024
1.724
0
0
0
0
0.1
1.224
1.524
0.1
0
0.1
0.1
0
0.4
1.224
0
0
1.224
1.1
0
2.136
1.936
1.836
1.836
2.136
2.336
1.836
4.16
1.836
1.936
2.236
3.16
1.936
2.336
2.136
3.36
3.16
1.936
3.76
1.836
1.836
1.936
1.836
1.936
2.036
4.16
2.436
2.136
1.836
2.136
1.936
1.936
2.136
1.836
3.16
2.436
1.836
3.46
1.936
1.836
4.06
2.536
1.836
1.936
1.836
1.836
3.66
1.936
3.06
1.836
1.836
1.836
1.836
1.836
1.836
2.836
1.836
1.836
1.836
1.836
1.836
3.16
3.36
1.836
1.936
1.836
1.936
1.936
2.636
1.836
1.836
1.936
1.836
2.536
1.836
1.836
2.036
1.836
1.936
3.06
1.936
2.136
1.836
1.836
1.936
1.836
3.936
1.836
1.936
1.936
1.836
1.836
1.836
3.16
2.036
3.66
2.336
2.336
2.136
1.936
3.56
2.036
3.36
3.06
3.56
2.036
1.836
1.836
1.836
3.56
1.836
1.936
3.36
1.836
1.936
1.836
3.06
1.836
2.036
1.836
2.336
2.336
1.936
1.836
2.036
2.036
1.836
1.836
1.936
1.836
2.036
2.036
1.936
1.836
1.836
3.336
1.836
2.236
3.06
1.836
3.16
4.66
2.036
1.936
3.16
2.536
2.136
3.76
3.06
4.384
3.16
4.684
4.984
4.384
3.36
4.284
3.36
4.584
3.26
5.384
4.384
4.384
4.384
3.26
0
0.4
0.6
0
0
0.2
1.6
0
0
1.524
1.324
0.1
1.324
0.1
0.5
0
0.1
1.2
0
0.4
0
0
0
1.324
2.424
1.324
1.224
1.424
1.224
1.224
1.424
1.224
1.324
1.224
1.224
0
1.424
0
3.024
1.324
0
1.524
0
1.924
1.524
0.1
0.1
0.1
0.1
0
1.224
0.8
0
0.1
0.1
0
0
1.224
0
0.1
1.324
1.324
1.224
0
0.1
0
1.224
0
0.3
1.224
0
1.224
0
0
0
1.224
0.1
0
1.224
1.836
1.224
0
0
0
1.724
1.224
1.524
0
1.224
1.224
1.524
1.224
1.224
1.224
0
0.3
0
0
0
0.1
0
0
0
0
0.6
0.4
0
0
0.1
0.1
0
0.1
0.2
0
1.424
0
0
1.224
0
1.224
0
1.224
0
0
0.3
0
0
0
0
0.1
0
0
0.8
0
0
1.624
1.424
0
0
0
0.6
0
0
1.224
1.4
0
0.2
2.024
1.224
1.524
0.7
0
1.224
0.2
0.9
1.2
0
0.1
0
1.936
0
2.748
2.548
0
1.224
1.224
1.224
0
0
1.224
0.1
1.224
1.224
1.324
0
1.224
0
0
0.5
0
0
0.1
1.224
2.224
0
0
0
0.1
1.224
1.624
0
0
0
1.424
0.5
0
0.2
2.448
0.1
0.1
0
0
1.224
1.224
0
1.424
1.224
1.324
1.224
1.224
1.424
1.224
0.8
1.524
0.2
0
0
0.1
0.1
0
0.1
0
1.324
1.324
1.524
0.5
0.1
1.324
0
1.324
1.324
1.524
0.1
0.1
1.324
0.2
1.624
0.3
0.1
0.4
1.224
0.1
1.224
0.2
0
0.2
0
1.224
0
1.224
1.224
1.224
0.2
0
0
1.324
0
0
0.3
0
0
1.724
1.424
1.524
1.324
0.4
1.324
0.1
0.2
2.824
0.6
0
1.424
0.7
0
0.2
1.324
1.424
0.3
0
0.2
0.1
1.224
0
0
0.1
0.2
0
1.224
0.2
0.2
1.224
0
0
1.224
1.224
0
0
0
1.324
1.624
1.224
0
1.424
0
0
0
1.224
1.224
0.4
0
0
0
1.424
1.224
1.224
1.224
1.324
0.1
1.224
1.224
0.1
0.5
1.224
0
1.224
0
1.524
1.824
1.224
0
0
1.224
1.324
1.424
1.224
0
1.324
0.1
0
1.224
0.2
0.3
1.224
0
0.1
0.1
1.424
1.924
1.724
1.324
0
0
0
1.324
1.224
0.1
0
1.224
1.424
1.524
0
0
0.1
0
0
0.2
1.224
0.2
1.724
1.224
1.224
1.224
0.2
1.224
0
1.224
0
0
1.224
1.324
0.6
1.724
0
1.224
0
0
1.424
1.224
0
0
1.224
1.524
1.224
0
0.1
0
0
1.424
1.424
0
1.224
0
0
0
0
1.324
0.2
0.6
1.224
0
0
0
0.1
1.724
0
0
0.6
0
0
0.8
1.324
1.224
0
0
0.2
1.224
0
0.2
1.524
1.424
0
0.1
1.224
0
1.224
1.224
0
1.224
0.1
0
1.224
0.2
1.424
0
0
1.324
0
0
0.4
0
1.424
0
0
0
0.1
1.224
1.224
1.624
1.224
0
0.1
2.024
0
1.524
1.324
0
1.224
0
0.1
1.424
0
1.224
1.324
1.324
1.324
1.624
0
1.224
1.424
1.824
1.324
0
0
0.5
0
1.224
0.1
1.224
1.224
1.224
0
1.524
0
0
0.1
1.224
0.3
0
0.3
1.224
1.224
1.224
1.424
0
0.1
1.224
0.3
0.1
1.324
1.324
0
1.324
0
1.224
0
0
0
0
1.324
1.224
0
0
1.324
1.424
0
0
0
0
0
1.224
0.1
0.9
1.224
0.1
1.224
0
1.224
1.224
1.224
1.524
0.1
1.224
0.1
1.524
0.1
1.324
1.224
1.224
1.224
1.324
0
0
1.224
0.4
1.224
1.324
1.224
1.224
1.7
2.124
0.2
0
0.2
1.224
1.224
0
1.224
1.224
0
1.624
0
1.524
1.324
0
0
0
0
1.224
1.424
1.224
0
1.224
1.224
1.324
0.1
0
1.324
1.224
0.2
0
0
0.5
1.424
1.324
0
0.3
0
1.224
0
0.3
0.5
1.224
0
1.224
1.224
1.224
0
0.1
0
1.224
1.224
0
1.424
1.424
1.224
1.424
0
0.1
1.224
1.224
1.524
0
1.324
1.224
0
1.224
0
0
0
0
1.324
0
0
1.324
1.224
0
1.224
0
0
0.1
0
0
0
0
1.524
1.224
1.224
1.224
0
0
0
1.324
0
1.424
1.224
0
1.324
1.824
0.1
0.1
1.224
1.324
1.324
1.324
0
1.624
0.4
0.1
1.624
0.1
1.224
1.224
0.1
1.324
1.224
1.224
1.624
1
0
0
1.224
0
1.324
1.324
0
1.324
1.324
0
0
0
1.224
1.424
1.224
0.1
0
0.1
0
0
0
1.324
0
0
0
0
0
0
0.3
1.524
1.224
0
0
0.1
1.224
0
1.524
1.224
0.1
1.524
1.224
0.2
0
0
1.524
1.624
1.224
1.224
0
1.424
1.324
1.224
1.924
0.1
1.924
1.524
1.524
0.4
1.524
1.224
0.4
1.224
1.424
1.224
1.224
1.224
1.224
1.324
1.324
1.324
1.224
1.324
1.224
1.324
1.524
0.5
0.1
1.724
0
0
0
0
0
0.1
1.824
1.224
1.424
1.224
0.5
0
0
1.424
1.424
1.224
0
0.2
0.2
2.448
3.148
2.448
1.224
1.424
1.324
0.1
1.324
1.224
0
1.324
0
1.224
1.624
1.324
1.424
1.424
1.424
1.424
1.324
0
0
1.224
0.2
0
1.324
2.524
1.524
0.3
1.224
0
1.224
0
1.724
1.324
0
1.224
0
0.8
0
0.5
1.836
1.224
1.324
1.824
1.224
0.2
0
0.1
1.924
0
0.2
1.424
0
0
1.224
0
0
0
0
1
1.324
0.3
1.524
0
0.1
1.524
0
1.224
0
1.224
1.224
0.1
0.3
0.1
0.4
1.224
0
0
0
1.324
1.424
1.524
3.424
0
1.324
0.2
1.524
1
0.2
0
0
1.724
1.224
0.1
0
0
1.224
2.448
2.948
2.648
1.424
1.324
1.324
1.224
1.224
1.324
1.524
1.324
2.648
2.024
2.448
2.848
1.224
2.548
2.448
2.548
1.424
2.948
2.448
2.648
1.224
1.224
2.548
2.548
2.948
1.324
2.448
2.448
1.524
1.224
3.048
2.548
2.448
1.224
2.648
1.224
3.248
1.324
2.548
2.448
1.524
1.624
1.224
1.224
1.224
1.324
1.624
2.748
2.448
2.548
1.224
2.748
2.448
2.548
2.548
1.224
1.224
2.748
1.624
2.948
2.648
2.848
2.648
2.848
2.648
1.724
2.548
2.648
1.424
2.448
1.224
1.224
1.224
1.324
3.148
2.648
1.724
1.224
1.224
2.448
1.224
2.748
1.224
2.448
1.724
1.324
2.448
1.224
1.224
3.548
1.524
3.348
2.448
2.948
2.848
1.324
2.448
2.624
1.224
1.224
2.748
2.748
2.748
1.824
2.448
2.324
1.224
1.224
1.224
1.324
1.224
1.524
1.624
2.448
2.448
2.448
1.224
2.748
2.848
1.224
2.448
2.448
1.224
2.848
2.324
2.448
2.124
1.224
2.648
1.224
1.924
2.748
2.848
3.048
2.548
2.948
2.648
2.524
2.448
1.224
2.848
1.224
2.648
2.548
1.224
1.524
1.324
1.524
1.324
1.324
2.648
2.748
2.648
2.448
2.848
1.224
3.048
1.524
2.448
2.448
1.424
2.448
2.448
1.224
1.224
3.348
1.224
2.448
2.448
2.448
3.148
2.748
1.524
2.648
1.324
2.648
1.424
1.224
1.324
2.548
2.624
2.224
1.224
1.324
1.224
1.224
2.748
2.448
1.224
2.748
2.948
1.224
1.324
1.324
1.424
1.524
2.448
1.324
2.648
1.224
1.624
2.124
1.224
2.648
2.448
1.424
2.548
3.248
2.648
2.448
2.748
1.424
2.648
2.448
2.548
2.648
2.648
2.848
2.648
2.648
2.548
1.224
2.448
1.324
1.224
2.448
2.448
2.448
1.724
1.424
1.224
1.224
1.524
1.224
1.224
2.848
1.724
2.648
1.324
2.948
1.524
1.224
2.448
3.448
1.424
1.224
1.224
2.448
1.224
2.548
2.448
2.848
1.224
2.648
1.224
2.748
1.224
2.448
1.324
1.224
2.548
2.548
2.548
2.948
1.624
2.748
1.324
1.224
1.324
2.848
2.848
2.448
1.424
2.448
2.448
1.524
1.424
1.724
1.224
1.324
2.448
2.848
1.324
1.924
2.548
1.224
1.224
1.324
1.224
2.448
1.224
1.224
2.848
2.548
2.948
2.548
1.224
1.224
2.548
2.648
2.848
1.924
1.624
2.548
1.524
1.224
2.448
1.224
2.648
1.424
2.448
1.224
2.448
2.448
2.448
2.448
2.548
1.224
3.048
1.224
1.224
2.648
2.548
1.224
2.448
1.224
1.224
1.524
1.224
1.324
1.224
2.848
1.324
2.748
2.848
2.848
1.224
2.748
1.724
1.324
1.324
2.848
1.324
2.648
2.448
1.724
2.648
1.624
1.324
1.324
2.948
2.748
1.524
1.224
2.448
2.448
1.324
1.524
2.848
1.224
1.424
1.224
1.324
1.224
2.548
2.548
1.324
1.224
2.448
2.548
2.548
1.324
2.748
3.548
3.048
1.424
2.548
1.324
1.424
2.948
1.324
1.624
2.448
2.448
2.648
1.224
2.748
2.648
1.524
2.448
1.224
1.824
1.324
2.448
1.724
1.224
2.548
1.424
1.624
2.448
1.424
2.548
1.324
2.448
2.448
3.048
1.224
2.548
2.648
2.848
2.548
1.224
2.448
1.224
2.848
2.748
1.224
2.448
1.224
1.324
2.448
1.224
2.448
1.324
1.324
1.924
2.224
2.648
1.224
1.424
2.448
1.224
2.548
1.224
2.448
1.924
3.048
1.224
1.224
2.548
1.224
1.224
2.448
1.324
2.648
1.324
1.424
1.224
1.224
1.324
2.448
1.624
1.224
1.224
2.748
1.824
2.448
1.224
1.424
2.448
1.224
2.448
2.548
1.424
1.324
1.224
1.224
2.448
3.448
2.448
1.324
2.548
1.224
2.448
1.324
2.448
2.648
2.548
2.448
1.224
2.448
3.048
2.848
1.324
1.224
2.448
2.748
1.324
1.224
1.324
1.324
1.324
2.448
2.548
1.424
2.448
1.624
3.248
1.324
2.848
1.224
2.648
2.648
1.424
1.324
2.548
2.648
2.748
1.224
2.448
1.624
1.224
1.724
2.748
2.448
1.224
1.724
2.848
2.748
1.424
2.448
1.224
1.224
1.724
2.748
3.248
2.448
2.448
2.648
1.224
1.424
1.524
1.224
2.748
1.424
1.224
1.324
1.524
2.948
2.648
3.148
2.548
2.748
2.648
2.448
2.448
1.424
2.648
1.224
1.224
1.324
1.224
2.448
2.448
1.224
2.748
1.324
1.224
2.548
2.448
1.324
2.548
1.224
2.548
1.224
2.524
1.324
1.424
1.224
1.724
3.348
2.448
1.224
1.224
3.148
2.848
1.224
2.448
2.948
2.648
1.424
1.424
1.324
1.724
1.224
2.748
1.524
1.424
1.624
1.624
2.324
2.448
1.324
2.448
1.224
2.648
2.548
2.448
1.224
1.424
1.324
1.224
2.648
2.448
1.224
2.548
1.424
2.748
2.448
2.648
2.724
2.548
2.648
1.324
1.324
1.424
1.824
1.724
1.224
2.748
2.548
1.224
2.748
1.324
1.324
1.724
1.324
3.248
1.324
2.448
2.648
3.648
2.548
2.548
2.548
1.424
2.748
1.224
2.948
2.548
1.424
2.448
2.648
2.448
2.748
1.224
3.048
2.948
1.424
2.548
1.324
2.548
1.524
2.848
1.224
1.224
3.648
3.148
1.224
1.224
1.224
2.448
2.648
2.448
2.948
2.448
2.648
3.548
1.624
1.224
1.224
2.448
2.648
3.048
1.224
1.324
2.448
1.824
1.324
1.424
2.448
1.424
1.424
2.548
1.324
3.248
2.648
2.448
2.848
3.148
10.384
4.784
3.06
5.084
3.06
4.584
2.648
2.848
2.448
2.548
1.224
2.448
1.224
5.084
1.224
0
0
0.2
0.5
0.1
1.324
0
0.5
0
1.4
0.2
1.324
0
0
0
0
0
0
0
1.324
0.2
0
0
1.224
0.1
0
1.7
0.1
1.224
0
1.824
1.824
1
1.824
0
0.5
1.424
1.224
0.1
1.224
1.224
0.1
0.3
0
0.1
0
0
0
0
0.1
0.1
1.224
0.2
0
1.224
0
1.324
0
0
0
0
0
0
0
0.2
1.224
1.324
0
0
1.324
1.224
0
1.524
0.1
1.424
1.324
0
0
1.224
0.1
1.224
1.224
1.524
1.324
0
0.1
1.324
1.224
1.324
0
1.224
0.1
1.224
0
1.324
0
1.224
0.1
1.5
0.1
0.1
0.2
0.9
0
