2.836
0.4
2.424
0.5
1.424
1.224
1.324
1.224
1.324
1.224
1.324
2.648
1.424
2.124
1.824
0
0
0
0
0.2
1.324
1.624
0.1
0
0.5
0.1
0
0.2
1.224
0
0
1.224
1.1
0
2.036
2.536
1.836
1.836
2.036
2.936
1.836
5.06
1.936
2.136
1.836
3.16
2.136
3.836
2.936
3.46
3.26
2.036
3.86
1.936
1.936
1.836
2.036
1.936
2.036
3.86
3.036
2.136
1.836
2.536
2.336
2.136
2.136
2.036
3.46
3.336
2.336
3.46
2.336
1.936
4.86
2.536
1.836
2.036
1.836
1.836
4.46
1.936
3.06
1.836
1.836
1.836
1.836
1.836
1.836
2.836
1.836
1.836
1.836
1.836
1.836
3.16
3.16
1.936
1.936
1.836
2.036
2.736
2.136
2.036
1.836
2.136
1.836
2.536
1.936
2.136
2.436
1.836
1.936
3.16
1.936
2.236
1.936
2.036
1.836
1.936
3.436
1.936
1.836
2.336
2.036
1.936
2.436
3.16
2.036
4.36
1.836
1.936
2.236
1.936
3.46
2.136
3.56
3.26
3.76
2.636
1.836
2.036
1.836
3.96
1.836
1.836
3.36
1.836
1.936
2.036
3.16
1.936
2.036
1.836
2.936
2.536
1.936
2.036
2.436
2.136
1.936
1.836
1.836
1.836
2.036
1.936
1.836
1.936
1.936
4.836
1.836
2.136
3.06
2.036
3.06
3.96
1.836
1.836
3.16
2.436
2.436
4.46
3.06
4.284
3.56
4.784
4.984
4.484
3.46
4.284
3.56
4.484
3.16
5.184
4.584
5.084
4.284
3.06
0
0.5
0.3
0
0
0.4
1.5
0
0.1
1.424
1.624
0
1.324
0.1
0.2
0
0
2.4
0
0.7
0
0
0
1.624
2.624
1.224
1.324
2.124
1.224
1.324
1.624
1.224
1.224
1.224
1.224
0
1.224
0
4.424
1.224
0
1.624
0
2.124
1.324
0
0
0.1
0
0
1.324
0.6
0
0.1
0.2
0
0.1
1.324
0
0.3
1.224
1.624
1.424
0
0
0.1
1.224
0
0.3
1.224
0.1
1.224
0
0.3
0
1.524
1.2
0
1.324
1.836
1.324
0
0
0
2.124
1.224
1.424
0
1.324
1.224
1.324
1.224
1.224
1.224
0
1
0
0
0
0.2
0.2
0
0
0.1
0.4
0.2
0
0
0.2
0.3
0
0.2
0.2
0
1.224
0
0
1.324
0
1.324
0
1.524
0
0.2
0.1
0.9
0.1
0
0
0
0
0
1
0
0.1
1.424
1.324
0
0.1
0
1.5
0
0
1.224
2
0
0.5
1.824
1.424
1.524
0.4
0.2
1.624
0
1.4
3
0
0
0.1
1.936
0.1
2.848
2.748
0
1.224
1.224
1.224
0.1
0
1.224
0
1.224
1.224
1.324
0.1
1.524
0
0
0.4
0.1
0
0.4
1.224
1.524
0
0
0
0.2
1.324
1.924
0
0
0
1.224
1.5
0.1
0.3
2.448
0
0.3
0
0
1.324
1.324
0
1.724
1.224
1.224
1.224
1.224
1.324
1.324
0.9
1.524
0
0
0.1
0.1
0.1
0
0.1
0.1
1.224
1.324
1.624
0.4
0.1
1.424
0
1.224
1.524
1.624
0.1
0
1.224
0.2
1.524
0
0
0.4
1.324
0.3
1.224
0
0
0.1
0.2
1.224
0
1.224
1.224
1.424
0.1
0
0
1.824
0
0.1
0.1
0
0
1.624
1.324
1.324
1.224
0.4
1.324
0.2
0.3
3.224
0.8
0
2.424
1
0
0.2
1.624
1.624
0.4
0
0.2
0.4
1.224
0
0
0.1
0.3
0
1.224
0.1
0.1
1.224
0.1
0
1.224
1.224
0.3
0
0
1.324
2.324
1.224
0.2
1.724
0.2
0.1
0
1.324
1.324
0.5
0
0
0
1.424
1.424
1.224
1.224
1.324
0.1
1.324
1.224
0
0.6
1.224
0
1.224
0
1.524
1.924
1.224
0
0
1.324
2.024
1.924
1.224
0
1.324
0
0.1
1.224
0
0
1.324
0.2
0
0.1
1.524
2.224
1.624
1.224
0.1
0
0.2
1.224
1.424
0.1
0
1.224
2.324
1.224
0.1
0.2
0
0
0
0.2
1.224
0.5
1.724
1.224
1.224
1.224
0
1.224
0
1.224
0
0
1.224
1.324
0.9
1.624
0
1.224
0
0
1.224
1.224
0.1
0
1.224
1.324
1.224
0
0.2
0.1
0
1.324
1.224
0.2
1.224
0.1
0
0.1
0
1.424
0
0.4
1.524
0
0
0
0.1
1.624
0.1
0.1
0.4
0
0
1.5
1.224
1.224
0
0.2
0.2
1.224
0
0.2
1.424
2.024
0
0
1.224
0
1.424
1.224
0.1
1.224
0.3
0
1.224
0.2
1.424
0
0
1.824
0.1
0
0.2
0
1.424
0
0
0.1
0.3
1.624
1.224
1.324
1.224
0
0.4
2.524
0.1
1.824
1.324
0
1.224
0
0.1
1.324
0
1.224
1.324
1.324
1.624
1.224
0
1.224
1.424
1.224
1.424
0
0.1
0.6
0
1.324
0
1.224
1.524
1.324
0.2
1.524
0.1
0
0.1
1.224
0
0
0.1
1.224
1.224
1.224
1.324
0
0.2
1.324
0.2
0
1.624
1.224
0.1
1.424
0.1
1.224
0
0
0
0
1.624
1.224
0
0
1.524
1.224
0
0
0
0
0
1.324
0.2
1.5
1.224
0.1
1.224
0.1
1.224
1.224
1.224
1.724
0
1.224
0
1.624
0.3
1.224
1.924
1.224
1.224
1.324
0
0.2
1.324
0.2
1.224
1.224
1.424
1.224
1.2
3.124
0.2
0.3
0.2
1.424
1.224
0
1.224
1.224
0
1.224
0
1.524
1.224
0
0
0
0
1.224
1.224
1.324
0
1.324
1.224
1.224
0
0
1.224
1.224
0.5
0
0.5
0.4
1.424
1.424
0
0.2
0
1.424
0
0
0.9
1.224
0
1.224
1.224
1.224
0
0.6
0
1.224
1.324
0
1.924
1.224
1.224
1.524
0
0
1.224
1.224
1.324
0.2
1.324
1.224
0
1.224
0
0
0
0
1.224
0
0.1
1.524
1.224
0
1.224
0
0
0
0
0
0
0
1.824
1.224
1.224
1.324
0
0
0
1.224
0
1.424
1.324
0
1.424
2.524
0
0
1.224
1.224
1.224
1.324
0
1.824
0.3
0
1.824
0
1.324
1.224
0.1
1.224
1.224
1.324
2.224
0.8
0
0.1
1.224
0
1.424
1.424
0.1
1.324
1.224
0
0.3
0.2
1.424
1.224
1.224
0.3
0
0
0
0
0
1.424
0
0
0.2
0
0
0
0.8
1.424
1.424
0
0.1
0
1.224
0
2.024
1.224
0.5
1.224
1.324
0.1
0
0
1.524
2.024
1.324
1.224
0
1.324
1.524
1.224
2.324
0
2.924
1.724
1.724
0.1
1.424
1.224
1
1.624
1.324
1.424
1.224
1.224
1.224
1.324
1.224
1.224
1.224
1.324
1.324
1.224
1.624
0.6
0
2.124
0
0.1
0
0.1
0.1
0.2
1.724
1.224
1.324
1.224
0.8
0
0
1.324
1.324
1.424
0
0.3
0
2.548
3.848
2.948
1.224
1.224
1.224
0.4
1.324
1.224
0
1.424
0.1
1.324
1.724
1.324
1.324
1.624
1.224
2.124
1.624
0
0
1.424
0.2
0
1.424
3.124
1.524
0.5
1.324
0
1.224
0.3
1.524
1.624
0
1.224
0
0.9
0
0.7
1.836
1.224
1.224
2.124
1.224
0.4
0
0.1
1.724
0
0.3
1.424
0
0.1
1.324
0
0
0
0
1.1
1.324
0.7
1.624
0
0
1.724
0
1.224
0
1.224
1.224
0
0.2
0.3
0.2
1.224
0
0.1
0
1.324
1.324
1.624
5.324
0.1
1.424
0
1.324
1.5
0.2
0.1
0
2.324
1.324
0.2
0
0
1.324
2.448
3.148
2.748
2.224
1.424
1.424
1.224
1.324
1.524
1.724
1.524
2.548
2.524
2.648
3.348
1.324
2.848
2.548
2.548
1.824
4.148
2.648
3.148
1.324
1.624
2.948
2.848
2.748
1.324
2.448
2.448
1.424
1.224
3.748
2.648
2.648
1.324
2.748
1.324
5.348
1.524
2.448
2.548
1.424
1.724
1.224
1.324
1.324
1.324
1.724
3.348
2.448
2.648
1.224
3.048
2.448
2.548
2.648
1.324
1.724
2.748
1.524
2.748
2.548
3.448
2.748
2.648
3.048
1.924
2.548
2.948
1.824
2.448
1.224
1.224
1.624
1.224
2.848
2.748
1.324
1.224
1.324
2.448
1.224
2.748
1.224
2.448
2.124
1.324
2.448
1.224
1.624
2.948
1.624
2.648
2.548
2.948
3.348
1.524
2.448
3.324
1.224
1.224
2.748
2.948
2.948
2.324
2.548
2.824
1.624
1.224
1.224
1.224
1.324
1.324
1.524
2.648
2.448
2.548
1.224
2.648
2.648
1.224
2.548
2.448
1.224
2.748
1.824
2.448
1.724
1.224
2.648
1.424
1.824
3.248
3.348
3.548
2.548
2.548
2.548
2.724
2.448
1.324
2.848
1.224
3.648
2.448
1.424
1.624
1.524
1.524
1.724
1.224
2.548
2.648
3.048
2.748
3.648
1.224
3.648
1.824
2.448
2.448
1.624
2.548
2.448
1.224
1.324
2.548
1.324
2.448
2.648
2.648
4.048
2.948
1.724
2.648
1.624
3.348
1.524
1.224
1.224
2.448
3.024
1.724
1.324
1.224
1.424
1.324
2.548
2.748
1.724
2.848
3.648
1.224
1.524
1.324
1.524
1.424
2.548
1.224
2.948
1.324
2.024
2.424
1.224
2.648
2.448
1.224
2.548
3.748
2.448
2.448
2.648
1.224
2.848
2.548
2.448
4.048
2.648
3.148
2.748
2.648
2.648
1.324
2.448
1.424
1.224
2.748
2.448
2.548
1.724
1.324
1.324
1.224
2.024
1.224
1.324
2.848
1.924
2.448
1.924
2.748
1.624
1.224
2.448
4.448
1.424
1.224
1.324
2.448
1.724
2.648
2.448
3.848
1.524
2.648
1.224
3.248
1.224
2.448
1.424
1.224
2.448
2.648
2.548
3.048
2.324
3.048
1.224
1.224
1.224
3.248
2.748
2.448
1.424
2.648
2.448
1.524
1.624
2.024
1.224
1.324
2.548
2.748
1.324
1.824
2.648
1.424
1.224
1.224
1.324
2.448
1.224
1.224
3.148
2.648
3.048
2.448
1.324
1.224
2.648
2.548
2.748
1.424
1.524
2.648
1.724
1.224
2.448
1.324
2.648
1.524
2.548
1.324
2.448
2.448
2.448
2.548
2.448
1.624
3.748
1.324
1.324
2.848
2.648
1.324
2.548
1.324
1.324
1.624
1.224
1.324
1.224
2.848
1.424
3.048
2.848
3.148
1.224
3.148
1.324
1.724
1.224
2.848
1.424
3.048
2.448
2.724
3.448
2.224
1.324
1.224
3.048
2.448
1.324
1.224
2.448
2.848
1.224
1.224
2.448
1.224
1.424
1.524
1.324
1.224
2.948
2.448
1.524
1.224
2.448
2.648
2.648
1.524
3.048
4.448
3.348
1.324
2.548
1.324
1.324
2.848
1.824
1.524
2.948
2.648
2.848
1.224
2.848
2.548
1.324
2.748
1.324
1.824
1.424
2.448
1.524
1.424
3.048
1.924
1.324
2.548
1.824
3.048
1.424
2.648
2.548
3.148
1.224
2.448
3.048
2.848
2.548
1.524
2.448
1.224
3.648
2.948
1.224
2.548
1.424
1.424
2.448
1.224
2.448
1.224
1.324
2.624
2.224
2.648
1.224
1.324
2.448
1.324
2.548
1.224
2.448
2.624
3.048
1.424
1.324
2.648
1.524
1.324
2.448
1.224
2.948
1.724
1.424
1.224
1.224
1.224
2.448
2.524
1.324
1.224
3.048
2.224
2.548
1.224
1.524
2.748
1.424
2.448
2.448
1.524
1.424
1.224
1.224
2.948
3.948
2.448
1.224
2.548
1.324
2.448
1.224
2.548
3.048
3.148
2.448
1.324
2.548
3.348
3.048
1.324
1.324
2.448
3.048
1.224
1.224
1.324
1.224
1.324
2.448
2.648
1.824
2.448
2.224
4.148
1.524
3.248
1.424
2.448
2.548
1.724
1.624
2.648
2.448
2.648
1.224
2.548
1.824
1.224
1.724
3.048
2.648
1.224
1.924
2.748
3.548
1.624
2.548
1.224
1.324
1.424
3.648
2.948
2.548
2.948
2.448
1.224
1.224
1.424
1.324
3.148
1.224
1.224
1.324
2.024
2.748
3.248
3.448
2.648
2.748
2.948
2.448
2.448
1.224
2.948
1.224
1.224
1.424
1.224
2.448
2.448
1.324
2.748
1.324
1.224
2.448
2.448
1.424
2.448
1.324
2.548
1.524
3.524
1.524
1.524
1.324
1.924
4.048
2.548
1.324
1.324
4.148
2.448
1.224
3.048
3.648
2.548
1.524
1.624
1.524
1.324
1.624
2.948
1.924
1.524
1.924
1.324
2.324
2.648
1.224
2.548
1.224
3.048
2.748
2.948
1.324
1.524
1.324
1.224
2.748
2.448
1.224
2.548
1.724
2.848
2.448
2.448
4.124
3.348
2.648
1.324
1.324
1.824
3.424
2.724
1.224
3.548
2.448
1.224
2.948
1.324
1.824
1.324
1.524
2.748
1.424
2.748
3.048
4.348
2.448
2.648
2.448
1.224
2.948
1.224
2.948
2.548
1.424
2.448
2.848
2.748
3.548
1.224
2.648
2.948
1.524
2.948
1.424
2.548
1.624
2.848
1.224
1.224
4.448
3.048
1.224
1.324
1.324
2.448
2.648
2.648
3.748
2.648
2.948
3.348
1.824
1.224
1.224
2.548
3.148
3.948
1.224
1.224
2.748
2.424
1.224
1.424
2.548
1.424
1.324
2.548
1.324
4.248
3.348
2.548
3.448
3.848
4.784
13.784
3.06
5.584
3.06
4.784
2.748
3.348
2.548
2.548
1.224
2.448
1.324
4.484
1.224
0
0.2
0.2
0.7
0
1.224
0.1
0.6
0
2.4
0
1.224
0
0
0
0
0
0.1
0
1.224
0.2
0
0
1.224
0
0
2.4
0.3
1.224
0
1.624
1.424
1.6
2.124
0
1.4
1.524
1.224
0
1.224
1.224
0.1
0.4
0
0.1
0
0
0
0
0.1
0
1.324
0.1
0.3
1.324
0
1.524
0.1
0.2
0
0.1
0
0.2
0
0.6
1.224
1.424
0.1
0
1.224
1.224
0
1.824
0
1.224
1.724
0
0
1.224
0.1
1.324
1.224
1.424
1.424
0
0.2
1.324
1.324
1.224
0
1.524
0.1
1.224
0
1.324
0
1.224
0.4
2.6
0.3
0
0.5
0.8
0.5
