2.636
0.6
3.124
0.4
1.424
1.324
1.424
1.224
1.424
1.224
1.624
2.648
1.424
1.924
1.924
0
0
0.1
0
0.1
1.424
1.824
0.1
0
0.4
0.1
0
0.2
1.224
0
0.1
1.324
1.6
0
2.336
2.236
1.836
2.036
2.236
3.436
1.836
4.06
1.836
2.036
2.036
3.16
2.136
2.536
2.436
3.76
3.16
1.836
4.76
1.936
1.936
1.836
1.936
1.836
2.036
3.96
3.636
2.336
1.936
2.836
2.236
2.136
2.036
1.836
3.56
3.136
2.736
3.66
2.036
1.836
5.36
2.736
1.836
2.236
1.836
1.836
4.46
1.836
3.16
2.036
1.936
1.836
1.836
1.836
1.836
2.536
1.836
1.936
1.936
1.836
1.836
3.76
3.36
1.836
1.936
1.836
1.936
3.136
2.436
1.936
1.936
2.136
1.836
3.736
1.936
2.136
2.636
1.836
1.836
3.06
2.336
2.136
1.836
2.036
1.936
2.036
4.236
1.936
1.936
2.536
1.936
2.036
2.236
3.46
1.936
3.86
1.936
2.136
2.136
2.036
3.46
2.636
3.76
3.06
3.76
2.436
1.936
2.036
1.836
3.76
1.836
1.836
3.26
1.836
2.036
1.836
3.16
1.936
2.036
1.936
3.636
2.336
2.136
2.136
2.136
2.236
1.936
1.836
1.836
1.836
2.036
2.336
1.836
1.836
1.836
4.136
1.836
2.536
3.06
1.936
3.06
3.96
1.836
1.836
3.16
2.336
2.836
4.96
3.06
4.284
3.46
4.484
5.284
4.784
3.56
4.284
3.56
4.484
3.36
5.584
4.484
5.684
4.384
3.36
0
0.3
0.1
0
0
0.2
2.3
0
0
1.724
1.224
0.1
1.224
0.1
0.7
0
0
1.7
0
1.5
0
0.1
0.1
1.224
3.324
1.224
1.224
1.824
1.224
1.224
1.624
1.224
1.324
1.224
1.324
0
1.224
0
3.124
1.324
0
1.624
0.1
2.124
2.024
0.2
0
0
0
0
1.324
0.5
0
0.1
0
0
0
1.224
0
0
1.324
1.424
1.324
0
0.1
0.4
1.224
0
0.5
1.224
0
1.224
0
0.1
0
1.324
0.5
0
1.524
1.836
1.224
0
0
0
2.224
1.224
1.424
0
1.224
1.224
1.224
1.324
1.224
1.224
0
1.2
0
0
0
0.1
0.2
0
0
0.1
0.2
0.4
0
0
0.5
0.7
0
0.6
0.4
0.1
1.224
0
0
1.424
0
1.224
0
1.424
0
0
0.3
0.4
0.3
0
0
0
0.1
0
0.6
0
0.1
1.624
1.524
0
0
0
0.5
0
0
1.324
1.1
0.1
0.3
1.724
1.324
1.324
0.7
0
1.224
0.1
1.2
2.1
0
0.3
0
1.936
0
2.448
2.548
0
1.224
1.224
1.224
0.1
0
1.224
0.2
1.224
1.224
1.224
0
1.224
0
0
0.2
0
0
0.1
1.424
2.124
0
0.1
0
0.2
1.224
1.624
0.1
0.1
0
1.424
1.4
0
0.4
2.448
0
0.1
0
0
1.224
1.224
0
1.724
1.224
1.224
1.324
1.224
1.524
1.224
1.3
1.824
0.1
0
0
0
0.2
0
0.2
0.1
1.324
1.224
1.724
0.7
0
1.324
0
1.324
1.824
1.624
0.1
0.1
1.524
0.3
1.524
0
0
0.3
1.424
0.2
1.224
0.1
0
0
0.2
1.324
0
1.224
1.824
1.224
0
0
0
1.724
0
0
0.2
0
0
1.824
1.424
1.224
1.424
0.4
1.424
0.1
0.1
3.224
0.4
0
2.624
1
0
0.1
1.824
1.624
0.2
0
0.1
0.5
1.224
0
0
0.3
0
0
1.224
0.2
0.1
1.224
0
0
1.324
1.524
0.3
0
0
1.324
2.324
1.224
0.1
1.424
0.3
0
0.1
1.324
1.224
0.8
0.1
0
0
1.524
1.224
1.224
1.224
1.224
0.2
1.224
1.224
0
1.2
1.324
0
1.324
0
1.824
2.024
1.224
0.1
0
1.224
1.624
2.324
1.224
0
1.424
0
0.3
1.224
0
0.1
1.224
0.3
0
0.2
1.524
2.524
1.624
1.224
0.1
0
0
1.324
1.224
0
0.4
1.224
1.524
1.224
0
0
0
0.1
0
0.3
1.224
0.3
1.624
1.324
1.324
1.224
0.2
1.224
0
1.224
0
0
1.224
1.224
1.2
2.124
0.1
1.324
0
0.2
1.324
1.324
0.1
0.1
1.424
1.324
1.224
0.1
0.7
0
0
1.224
1.424
0.1
1.224
0
0
0.2
0
1.224
0
0.5
1.324
0
0
0.1
0.2
2.424
0
0
0.7
0
0
1.1
1.324
1.224
0
0
0
1.324
0
0.3
1.624
1.724
0
0
1.224
0.1
1.424
1.224
0
1.224
0.1
0
1.224
0.2
1.524
0
0
1.624
0
0
0.5
0
1.524
0
0
0.1
0.2
1.224
1.224
1.624
1.224
0
0
2.224
0.1
1.724
1.224
0.1
1.224
0
0
1.424
0
1.224
1.324
1.324
1.324
1.524
0
1.224
1.224
1.424
1.924
0
0.2
0.7
0
1.224
0
1.224
1.324
1.224
0.3
1.324
0.1
0
0
1.324
0.1
0
0.4
1.224
1.224
1.224
1.224
0
0.1
1.324
0.3
0.2
1.924
1.424
0
1.324
0
1.224
0.1
0
0
0.1
2.224
1.224
0
0.1
1.424
1.424
0
0
0
0
0
1.224
0.2
1.1
1.224
0.3
1.324
0
1.224
1.224
1.324
2.224
0.2
1.324
0.1
2.124
0.5
1.224
1.424
1.224
1.224
1.224
0
0.1
1.324
0.3
1.224
1.424
1.224
1.224
1.6
3.524
0
0.2
0.5
1.324
1.224
0
1.324
1.224
0
1.424
0
2.024
1.424
0
0
0
0
1.324
1.324
1.224
0
1.224
1.224
1.224
0.3
0
1.224
1.224
0.6
0.1
0.2
0.8
1.924
1.324
0
0.5
0
1.324
0
0.4
0.6
1.424
0
1.224
1.324
1.224
0
0.1
0
1.524
1.424
0
2.224
1.224
1.224
1.424
0
0.2
1.224
1.324
1.424
0
1.624
1.224
0.2
1.224
0
0
0
0.1
1.324
0
0
1.424
1.324
0
1.224
0
0
0
0
0
0
0
1.724
1.224
1.224
1.224
0
0
0
1.324
0
1.524
1.224
0
1.224
3.324
0.1
0
1.224
1.324
1.324
1.624
0
1.924
0.2
0
2.424
0
1.224
1.224
0.3
1.324
1.224
1.324
1.624
1.2
0.1
0
1.224
0
1.224
1.324
0.1
1.424
1.324
0
0.1
0.2
1.324
1.424
1.224
0
0
0.1
0
0.1
0.1
1.324
0
0
0.2
0
0
0.1
0.6
1.824
1.424
0
0.1
0
1.224
0
1.624
1.224
0.3
1.524
1.224
0.1
0
0
2.124
2.624
1.324
1.224
0
1.324
1.224
1.324
2.224
0.1
2.924
1.724
1.524
0.2
1.624
1.224
0.6
1.324
1.324
1.324
1.224
1.324
1.224
1.224
1.224
1.324
1.224
1.224
1.324
1.324
1.224
0.5
0.1
2.424
0
0
0
0
0
0.2
1.924
1.424
1.624
1.224
0.2
0
0
1.324
1.324
1.324
0
0.3
0.5
2.448
3.448
3.048
1.224
1.524
1.424
0
1.324
1.224
0
1.424
0
1.324
2.024
1.324
1.224
1.724
1.324
1.724
1.424
0
0.1
1.424
0.9
0
1.324
2.524
1.724
0.2
1.224
0
1.224
0.2
1.724
1.524
0
1.224
0
0.7
0
0.6
2.136
1.224
1.324
1.824
1.324
0.2
0.1
0
1.724
0
0.4
1.624
0
0
1.424
0.1
0
0.1
0
1
1.324
0.9
2.024
0
0
1.524
0
1.224
0.1
1.224
1.224
0
0.5
0.1
0.5
1.324
0
0
0
1.224
1.324
1.424
5.924
0
1.324
0.1
1.424
1.3
0.1
0.1
0
2.224
1.324
0
0
0
1.324
2.448
3.448
2.748
1.924
1.324
1.624
1.324
1.224
1.324
1.624
1.224
2.748
2.524
2.748
3.448
1.324
2.748
2.448
2.448
2.224
3.348
2.448
2.548
1.424
1.324
3.048
3.048
3.148
1.224
2.548
2.548
1.624
1.224
4.048
2.948
2.548
1.224
3.148
1.224
4.248
1.524
2.648
2.448
1.624
1.524
1.224
1.324
1.224
1.424
1.724
3.148
2.448
2.448
1.224
3.748
2.648
2.548
2.548
1.424
1.624
2.648
2.424
2.448
2.548
3.048
2.748
2.448
2.848
1.524
2.448
2.948
1.624
2.648
1.224
1.224
1.624
1.224
2.848
2.648
1.524
1.324
1.424
2.448
1.224
2.548
1.424
2.448
2.124
1.324
2.448
1.224
1.424
2.448
1.424
2.748
2.548
2.848
3.248
1.524
2.448
4.524
1.224
1.224
2.648
3.948
3.248
2.024
2.848
2.424
1.324
1.224
1.224
1.424
1.224
1.624
1.624
2.648
2.548
2.648
1.224
2.948
2.548
1.324
2.548
2.448
1.224
2.748
2.024
2.548
2.324
1.224
3.248
1.624
3.124
3.548
3.448
3.648
2.648
2.848
2.748
2.124
2.448
1.224
2.748
1.224
3.148
2.548
1.324
1.524
1.924
2.524
1.324
1.424
2.648
2.948
2.748
2.748
3.848
1.224
3.648
1.624
2.448
2.448
1.524
2.648
2.448
1.324
1.324
2.548
1.524
2.448
2.548
2.448
4.848
2.648
2.424
3.148
1.724
3.248
1.824
1.224
1.324
2.548
2.624
2.424
1.224
1.224
1.424
1.324
2.848
2.748
1.524
3.348
3.148
1.224
1.424
1.424
1.424
1.524
2.548
1.224
3.248
1.224
2.124
1.924
1.224
2.548
2.448
1.224
2.548
3.848
2.548
2.448
2.748
1.424
2.748
2.448
2.548
4.148
2.748
3.248
2.648
2.748
2.748
1.524
2.448
1.224
1.224
2.548
2.448
2.448
1.824
1.324
1.524
1.424
1.624
1.224
1.224
3.348
2.424
2.448
1.924
2.848
1.924
1.224
2.448
5.448
1.724
1.224
1.224
2.548
1.424
2.548
2.448
3.648
1.324
2.548
1.224
2.648
1.424
2.448
1.424
1.224
2.648
2.548
2.448
3.248
2.924
3.148
1.524
1.224
1.424
3.448
2.848
2.448
1.824
2.448
2.448
1.324
1.324
1.924
1.224
1.324
2.748
2.948
1.324
1.724
2.748
1.324
1.224
1.324
1.324
2.748
1.324
1.224
3.048
2.948
2.748
2.648
1.424
1.224
2.548
2.648
3.348
1.224
1.724
2.848
2.124
1.224
2.448
1.424
2.548
1.624
2.548
1.324
2.448
2.448
2.548
2.448
2.448
1.424
4.148
1.224
1.324
2.748
2.748
1.524
2.448
1.324
1.224
2.024
1.224
1.324
1.224
2.648
1.524
3.448
3.748
3.248
1.224
2.848
1.524
2.224
1.324
3.748
1.624
2.548
2.448
3.024
3.448
3.224
1.224
1.224
2.948
2.548
1.724
1.224
2.648
3.148
1.324
1.524
2.548
1.324
1.424
1.424
1.624
1.224
2.448
2.748
1.424
1.224
2.448
2.548
2.448
1.424
3.248
4.448
4.248
1.724
3.048
1.224
1.324
3.248
1.724
1.924
2.748
2.448
2.748
1.224
2.648
2.748
1.424
2.548
1.224
2.124
1.424
2.448
2.124
1.424
2.748
2.324
1.524
2.548
2.224
3.248
1.624
2.448
2.548
2.648
1.324
2.648
2.948
3.148
2.448
1.324
2.548
1.224
3.148
2.648
1.424
2.448
1.324
1.324
2.448
1.224
2.448
1.424
1.324
2.024
2.524
2.548
1.324
1.324
2.448
1.224
2.648
1.224
2.448
2.824
2.948
1.324
1.524
2.648
1.424
1.224
2.448
1.224
3.148
1.324
1.424
1.224
1.224
1.324
2.448
2.324
1.224
1.224
2.848
2.724
2.448
1.224
2.124
2.648
1.324
2.448
2.448
1.424
1.224
1.224
1.324
2.748
4.448
2.548
1.224
2.448
1.224
2.448
1.824
2.448
2.648
2.948
2.448
1.224
2.548
3.248
2.648
1.424
1.224
2.448
2.648
1.324
1.224
1.424
1.324
1.224
2.448
2.448
1.624
2.448
2.424
4.048
1.524
3.448
1.524
2.548
2.448
1.424
1.224
2.648
2.648
2.548
1.224
2.448
1.424
1.224
1.824
3.448
2.848
1.224
2.524
2.948
3.248
2.124
2.548
1.224
1.224
1.824
4.148
3.948
2.948
2.948
2.548
1.224
1.324
2.024
1.224
2.948
1.724
1.224
1.524
1.724
2.948
3.048
4.148
2.848
3.148
2.748
2.448
2.448
1.324
2.848
1.224
1.224
1.424
1.324
2.448
2.448
1.224
3.048
1.324
1.224
2.648
2.448
1.224
2.448
1.424
2.648
1.724
3.824
1.224
1.324
1.324
1.524
3.948
2.448
1.224
1.224
3.548
2.448
1.324
2.648
3.848
2.748
1.724
1.324
1.524
1.324
1.524
3.048
1.724
1.524
1.824
1.424
2.524
2.548
1.324
2.548
1.424
3.348
2.948
2.648
1.624
1.424
1.324
1.224
2.648
2.448
1.324
2.648
1.724
2.848
2.548
2.548
3.924
2.948
2.648
1.824
1.324
2.224
2.524
2.524
1.224
2.948
2.548
1.224
3.248
1.324
1.724
1.824
1.224
2.648
1.324
2.648
3.448
4.848
2.448
2.648
2.448
1.324
3.348
1.324
4.148
2.448
1.524
2.548
2.948
2.548
3.648
1.224
2.648
3.348
2.024
2.848
1.424
2.648
1.724
2.548
1.224
1.324
4.548
3.348
1.224
1.424
1.224
2.448
2.448
2.748
3.848
2.448
2.648
3.348
2.024
1.224
1.324
2.548
3.148
3.848
1.224
1.224
2.748
2.224
1.224
1.524
2.648
1.824
1.424
2.548
1.224
4.248
4.048
2.648
3.748
3.448
5.084
5.584
3.06
14.784
3.16
5.084
2.548
3.248
2.448
2.848
1.224
2.448
1.224
4.884
1.224
0
0.1
0
0.5
0.2
1.224
0
0.5
0
1.7
0
1.224
0
0
0
0
0
0.2
0.1
1.424
0.1
0
0.1
1.224
0
0
1.5
0.2
1.224
0
2.324
1.924
1.4
1.924
0
1.9
1.324
1.224
0.1
1.224
1.224
0
0.3
0
0
0
0
0.1
0
0
0
1.524
0.5
0.2
1.324
0.3
1.424
0
0.1
0.1
0.1
0
0.1
0
0.8
1.324
1.324
0
0
1.324
1.224
0
2.324
0.1
1.424
1.824
0
0.1
1.224
0.2
1.324
1.324
1.424
1.324
0.1
0.2
1.524
1.424
1.224
0
1.224
0.1
1.224
0
1.224
0
1.324
0.3
3.1
0.2
0.1
0.6
1.1
0.5
