2.336
0.4
4.048
1.524
2.548
0.3
0
3.06
0.4
0
0.2
1.324
0.1
1
0.9
1.836
0
1.224
1.224
1.324
1.224
1.424
1.224
1.224
0.1
1.224
1.324
1.424
2.448
1.224
3.06
1.324
1.5
0
1.936
4.172
3.872
2.036
2.136
2.336
1.936
5.16
3.672
2.036
1.936
3.06
2.236
2.236
2.436
3.16
3.16
1.836
4.16
2.036
2.856
4.896
2.136
1.936
1.936
4.26
2.936
2.336
1.936
3.26
2.036
2.336
1.836
1.936
3.26
3.336
2.336
3.76
2.836
1.836
5.06
2.436
3.672
2.236
2.036
1.836
5.284
1.936
3.06
1.936
1.836
1.836
1.836
1.836
3.16
4.36
1.836
3.36
2.136
1.936
1.836
4.896
4.996
1.936
3.06
4.896
2.036
2.436
2.936
1.936
4.996
2.036
1.836
2.436
2.036
2.136
2.436
1.836
1.936
3.16
2.036
2.536
2.036
3.46
2.036
1.836
4.036
1.936
3.16
2.336
1.836
1.936
1.936
3.26
2.036
3.66
2.436
2.136
2.136
1.936
3.36
2.536
3.36
3.16
3.46
2.536
1.936
3.16
1.836
3.56
1.836
1.936
3.26
2.036
2.336
1.836
3.06
2.036
2.036
1.936
2.436
2.136
2.036
2.136
2.736
2.136
2.036
1.936
1.836
1.836
2.136
2.036
4.896
2.036
1.836
5.36
1.836
2.836
3.16
1.936
3.26
16.14
1.836
1.836
4.28
2.336
2.236
3.66
1.836
4.484
2.336
5.184
4.06
3.46
2.136
4.284
2.236
3.76
2.136
4.46
3.06
3.56
3.16
2.036
0.1
1.424
0.4
3.06
0
0.6
1.7
0
0
1.824
2.648
1.224
2.448
0.1
1.624
0
0
2
0
1
0
0
0
2.448
2.624
2.648
2.448
1.524
1.224
1.224
2.848
1.324
2.748
2.448
1.324
0
2.548
0
4.848
1.424
0
1.724
0
2.124
1.424
0.1
0
1.224
0
3.06
1.324
0.8
0
0
0
0
1.224
1.324
0
0.1
2.448
1.524
2.548
0
0.1
0.4
2.448
0.1
0.5
2.448
0
2.448
0
0.1
0.1
2.448
0.3
0
2.448
1.936
1.224
0
3.06
0
3.148
2.448
2.848
0
1.224
1.324
1.324
1.224
1.224
2.448
0
0.6
0
0
1.224
0.1
0
0
1.224
0.2
0.1
0.1
0.1
0
0.3
0.6
1.224
0.6
1.424
0
1.324
1.224
1.224
2.448
0
1.224
1.836
1.324
0
0.2
0.4
0.5
0.4
0.1
0
1.224
0
0
1.924
3.06
1.224
1.724
1.424
0
0
0
1.2
0
0
1.224
3.136
0
0.6
1.824
1.324
2.748
2.236
0
1.224
0.2
1.5
1.4
1.224
0
1.836
2.236
1.224
1.324
1.524
1.836
1.224
1.224
1.224
0
1.224
2.448
0.1
2.448
2.448
1.324
1.224
1.224
1.224
0
2.124
0
0
0.3
2.648
3.248
3.06
0
3.06
0.1
2.448
1.624
0
0.1
0
2.448
2.624
1.224
1.524
1.224
0
0.2
0
1.224
2.448
2.548
0
1.724
1.424
1.224
2.448
2.448
1.424
2.448
0.8
1.724
1.424
0
1.524
0
0.2
1.224
1.324
0
1.224
2.548
1.624
1.924
0
1.224
1.224
1.324
1.824
2.948
1.224
0
1.324
0.3
2.948
1.524
0
0.5
1.424
1.524
2.448
1.224
1.424
1.324
1.224
2.448
3.06
1.224
1.424
1.324
1.324
0
1.224
1.424
0
0.1
0.4
1.224
0
3.348
1.224
1.424
1.224
0.2
2.448
0.1
0.4
2.724
0.9
1.224
2.024
0.9
0
1.424
3.048
1.724
1.524
1.224
0
1.524
1.324
0
0
0.2
1.524
0
2.448
1.324
3.06
1.224
0
1.224
2.548
2.648
0
0.1
1.224
1.224
3.048
2.448
0
1.424
0.6
0
0.1
1.224
2.448
2.424
1.224
0
0
2.448
2.648
1.224
2.448
2.548
1.324
1.224
2.548
0
0.7
1.224
0
1.224
1.224
2.648
2.124
1.224
1.224
0
2.448
2.848
3.048
1.224
0
2.648
0.1
0
1.224
0.3
1.624
1.224
1.324
0.1
3.06
1.624
3.448
3.248
1.324
0
0
0
2.548
1.224
0.1
0
1.224
2.848
1.324
0.1
1.424
0.1
0
0
0.1
1.324
0.3
1.524
1.224
2.448
1.224
0.2
1.224
1.224
1.324
0
1.224
1.224
1.224
0.9
1.624
1.224
1.224
0
0
1.424
2.448
0.3
1.224
1.224
1.424
2.548
0
0.2
0
0
1.324
1.224
0
2.448
0
1.224
1.324
0
2.648
1.424
1.524
1.424
3.06
3.06
0
1.324
1.824
0
0
0.8
0
0
1
2.548
4.284
1.224
0
0.3
1.324
1.224
1.424
2.648
2.648
0
1.936
1.224
0
1.424
1.224
1.224
2.548
3.06
0.1
1.224
1.324
2.548
0
0
1.424
1.224
0
0.7
1.224
1.324
0
0
0
0.1
1.424
2.448
1.424
2.548
1.224
0
3.548
0
2.848
1.224
0.2
1.224
0
1.224
2.548
0
2.448
1.324
2.548
2.448
1.524
0
2.448
1.724
1.524
2.748
0
1.224
3.76
0
2.448
1.224
1.224
2.648
1.224
0
2.848
0
1.224
1.224
1.224
0
1.224
2.136
1.224
2.448
2.448
1.324
3.06
1.624
2.448
0.2
0.1
1.424
1.324
0
2.548
0
2.448
1.224
0.1
0
1.324
2.948
1.224
1.224
0.1
2.748
1.424
0
0
0
1.836
1.224
2.548
1.424
1.5
1.224
0.3
2.448
1.224
2.448
1.224
2.448
1.424
3.16
2.548
0.1
1.524
1.524
1.324
2.748
2.448
1.224
1.224
0
0.2
1.224
1.324
1.224
2.448
1.424
2.448
1.4
3.848
0.2
0.1
0.2
2.548
1.224
0
1.224
1.224
1.224
1.424
1.224
1.524
2.548
0
1.224
1.224
0
2.448
2.448
2.448
0
1.424
1.224
4.384
0.2
1.224
2.548
1.224
1.424
1.836
1.424
1.524
1.524
2.648
1.224
1.324
0
2.548
0
3.16
1.524
2.548
0
1.224
1.224
3.06
0
1.224
0
2.648
2.548
0
2.748
2.548
2.448
2.548
1.224
1.224
1.424
2.448
1.624
1.224
2.548
2.448
0.2
2.448
0.2
0
0
0
2.448
0
0
1.224
2.448
1.936
2.448
0
0.1
0
0
0
0
1.224
2.648
2.448
1.224
2.448
1.224
0
1.224
1.224
1.224
2.548
2.448
0
2.448
3.548
0
0.1
1.224
1.324
1.524
1.224
1.224
1.824
0.5
0
3.348
0
2.548
2.448
1.324
2.448
2.448
1.324
2.748
1.3
0.1
0
2.448
1.224
1.324
1.224
1.224
1.524
1.224
3.06
0
1.224
1.324
4.484
2.448
2.036
0
1.424
1.224
0
0.1
1.224
0.1
0
0.1
1.224
0.1
0.2
1.724
1.524
1.424
0
0.3
1.224
1.224
0
1.524
2.448
0.4
2.648
1.224
0.3
0
1.224
2.648
3.848
1.324
2.448
1.224
4.284
1.524
2.548
3.448
1.324
3.748
3.048
1.424
0
2.448
2.448
1.824
2.548
2.548
4.384
1.224
1.224
1.224
2.648
1.224
2.448
1.224
2.548
2.748
2.448
2.848
1.924
1.224
3.148
0
0
0
0
1.224
1.524
1.624
2.448
2.648
2.448
1.824
1.224
1.224
1.224
1.324
1.624
1.224
1.624
1.624
2.448
2.024
1.424
1.224
1.224
1.224
1.324
1.224
1.224
0
3.048
0
2.448
2.948
1.424
1.224
2.548
2.848
5.084
1.524
0
0
2.848
1.724
3.06
2.648
4.148
3.348
0.3
1.324
1.224
1.224
0.2
2.224
2.548
0
1.224
1.836
1.5
0
0.7
2.236
2.448
1.224
1.924
2.648
2.236
1.936
0.3
2.844
0.1
0.2
1.524
0
0.1
1.424
0
0
1.224
0
1.824
1.424
0.6
1.824
0
0.1
1.924
0
1.836
0
1.224
1.224
0
1.624
0.1
0.2
1.224
0
0.2
1.224
1.224
1.224
1.324
3.824
0
1.424
0.1
1.624
1.3
1.424
0
0.1
3.024
1.324
0.2
0
0
1.224
2.548
2.124
1.424
1.3
0.2
0.3
0.1
0.2
0.2
0.1
1.524
2.444
0.7
1.424
1.724
0.2
1.824
1.424
1.224
0.2
3.148
1.424
1.324
0.2
0.3
2.548
1.424
1.324
1.224
1.224
1.324
0.1
0.1
2.924
1.324
1.424
0
1.624
0.1
3.124
0.2
1.224
2.648
0.4
0.1
0.1
0.1
0.2
0.4
0.2
1.724
1.224
1.224
0
2.124
1.324
1.224
1.324
0
0.2
1.424
0.3
1.524
1.424
2.424
1.624
1.424
1.724
0.7
1.624
1.624
0.7
1.224
1.224
0.1
0.5
0.2
1.724
1.824
0.5
0
0
1.224
0
1.424
1.224
1.224
0.4
0.1
1.324
0
0.2
2.844
1.624
2.024
1.224
2.324
1.824
0.5
1.224
2.32
0
0.1
1.424
2.224
1.424
1.924
1.224
1.7
0.2
0
1.224
0
0.4
0.3
0.4
1.324
1.224
1.324
0
1.624
2.644
0.1
1.324
1.224
0
1.924
1
1.224
1.1
0.1
1.924
0.2
0.8
1.724
1.724
1.724
2.748
1.624
1.624
1.9
1.424
0
1.524
0.1
1.724
1.324
0.1
0.2
0.1
0.7
0.1
0.1
1.324
1.624
1.624
1.224
1.924
0
3.148
1.724
1.224
1.224
0.4
1.324
1.224
0.1
0
2.944
0
1.224
1.424
1.224
2.024
1.824
0.5
1.524
0.4
1.524
0.1
0
1.936
1.224
1.7
0.9
0
1.12
0.1
0.1
1.524
1.624
0.2
1.824
3.248
0
0.2
0.1
0.5
0.4
1.424
0.1
1.624
0.1
0.6
1
1.224
1.724
1.224
0.3
1.224
1.624
2.244
2.448
1.624
0.2
1.424
1.224
1.524
1.624
1.624
1.524
1.424
1.524
1.424
0.1
1.224
0.2
0
1.224
1.224
1.324
1.924
0.1
0.1
0
0.8
0
0.1
1.924
0.5
1.424
0.4
1.524
0.5
0
2.244
3.324
0.3
0
0
4.284
0.1
1.424
1.224
2.024
0.1
1.424
0
1.724
0.2
1.224
0.3
1.224
1.324
1.324
1.224
1.524
1.6
1.524
0.3
0.1
0.1
1.524
1.424
1.324
0.5
1.224
1.224
1.324
0.8
0.7
1.836
0
1.524
1.624
0
0.3
1.624
0.1
0.1
0.1
0.1
2.648
0
0
2.648
1.224
2.024
1.224
0.1
1.224
1.524
1.224
1.424
0.3
0.5
1.524
0.9
0
1.224
0
1.324
1.424
2.448
0
1.224
1.224
2.448
1.224
1.324
0.2
2.748
0
0.2
1.424
1.424
0.1
1.224
0.4
1.324
0.5
0
0.2
3.06
1.624
0.1
1.724
1.824
1.624
0
1.424
0.2
0.6
1.02
2.948
0.5
1.824
1.224
0.8
1.724
1.3
0.1
0.1
2.548
1.324
0.8
0
1.224
1.524
0.1
1.12
1.524
0.1
0
0
0
0
1.724
2.344
0
0
1.224
1.324
1.224
0.1
1.624
3.924
2.024
0.3
1.324
0
0.2
1.624
2.436
2.136
2.548
1.424
2.448
0
1.524
1.724
0.1
1.224
3.16
0.5
0
1.224
0.6
0.2
1.324
0.7
0.7
1.224
0.8
1.424
0.1
1.224
1.224
1.924
0
1.224
2.948
1.524
1.324
1.324
1.324
0
2.724
1.424
0.1
1.424
0
0.3
1.224
0
1.224
0.1
0.2
1.92
3.12
1.324
0
0.2
1.224
1.22
1.324
0
1.224
1
1.424
0.4
0.2
1.324
0.2
0
1.224
0
2.124
0.2
0
0
0.2
0.3
1.224
1
0
0
2.224
1
1.224
0
0.3
1.424
0
1.224
2.548
0.1
0
0
0.1
1.324
2.724
1.224
0.1
1.324
0
2.548
0.2
1.424
1.624
2.648
1.224
0
1.324
2.224
1.724
1.224
0
1.324
3.048
0.1
0
1.324
0
0.1
1.224
1.624
0.5
1.224
0.8
5.46
0.2
1.424
0.2
1.224
1.224
0.3
0
1.224
1.424
1.324
0
1.224
0.4
0.1
0.9
1.724
1.424
0
0.6
1.824
2.948
1.1
1.224
0
0
1.62
1.824
3.148
1.324
1.324
1.324
0
0.2
0.5
0
2.644
0
0
0.1
0.7
1.824
1.724
2.224
1.224
1.524
1.524
2.448
1.224
1.22
2.748
1.224
0
0.1
0
2.548
2.448
0
1.524
0
0
1.424
1.224
1.836
1.224
0
2.648
0.2
2.7
0
0.1
0.1
0.6
3.224
2.448
0.2
0
3.948
1.324
0.1
2.748
1.724
1.224
0.4
0.6
0.2
1.12
0.1
3.448
0.3
0.3
1.824
1.32
1.6
2.648
0.2
1.424
1.836
2.024
1.424
1.424
0.1
0.1
0.2
0
3.46
1.324
1.32
1.324
0.4
1.724
1.224
1.324
3.2
1.324
1.224
0.3
1.224
1
2.724
1
0
1.624
1.424
0
1.924
0.3
0.3
0.7
1.32
1.824
0.3
1.324
1.724
5.148
1.424
1.524
1.224
1.22
1.824
0
2.024
1.324
0.1
1.224
2.648
1.524
2.024
0
1.624
2.124
0.3
1.624
0.3
2.544
0.5
1.824
0
0
2.424
1.924
0
0.2
0
1.224
1.324
1.324
1.924
1.324
1.324
3.144
1.2
0.2
0
1.224
1.724
2.024
1.224
0
1.424
1.4
3.16
0.1
1.624
0.4
0.1
1.424
0.1
3.324
1.924
1.524
2.844
2.124
4.66
3.96
1.836
3.96
3.672
3.36
2.648
2.648
1.324
1.424
0
1.224
0
3.66
0
0.1
0.1
1.324
0.9
0
1.324
0.1
0.5
0
2.4
0
1.224
0
0
0
1.224
0
0
1.424
1.324
1.424
0
1.224
1.224
0
0
2.824
1.936
1.224
0
2.524
1.624
1.4
2.124
0
1.3
2.848
2.448
0.1
1.224
1.224
0
0.2
4.896
0
0.1
1.224
0.1
1.224
0.2
1.224
2.448
0.2
0.1
2.548
1.424
1.224
1.224
3.06
1.224
0.1
0.1
1.224
0
1.624
2.448
2.548
0
3.06
1.324
1.224
0
2.948
1.224
1.224
1.524
0
0
1.224
0.1
2.448
2.448
1.524
2.548
0
1.524
2.448
1.324
2.648
1.224
2.548
0.2
2.448
0
1.224
0
0
0.1
2.6
0.2
0.3
0.5
1.724
0.4
