2.236
0.4
2.424
0.6
2.548
3.06
1.524
1.224
1.324
1.224
1.324
2.448
2.448
1.824
1.224
0
1.224
0
0
0.1
4.384
4.584
0
0
0.2
0
0.1
1.424
2.448
1.224
0.1
1.224
1.1
0
3.26
2.036
1.936
1.836
1.836
2.136
1.836
5.496
1.836
1.836
2.036
3.06
1.836
3.16
2.036
4.584
3.06
2.036
4.684
3.16
1.936
1.936
3.06
3.16
1.836
3.46
3.66
3.56
1.936
2.336
3.872
1.836
3.16
3.16
3.16
3.86
2.136
4.584
3.16
3.872
6.096
2.136
3.06
1.836
3.06
1.836
3.96
3.16
3.06
3.16
1.936
3.06
3.06
1.836
1.836
3.46
1.936
1.936
3.06
3.06
3.06
3.16
3.26
3.06
1.836
1.836
1.936
3.36
3.26
1.836
1.836
1.936
1.836
2.836
3.36
1.836
3.26
3.06
1.836
4.284
1.836
3.872
1.936
3.16
1.836
1.836
4.66
1.936
1.836
3.46
3.16
1.936
1.836
3.06
1.836
4.384
1.936
2.136
3.06
1.836
5.096
2.536
3.26
4.384
3.46
2.536
1.836
3.06
3.06
3.06
3.06
3.06
3.16
3.06
2.036
3.06
3.06
1.836
1.836
1.836
2.136
2.336
3.16
2.036
1.936
1.836
1.836
3.26
1.836
3.06
2.136
3.16
1.836
3.06
1.936
3.236
3.06
3.06
4.284
2.036
4.384
3.36
3.06
3.06
6.22
2.036
2.036
5.584
3.16
5.608
3.16
5.808
5.084
5.708
4.384
5.508
3.36
4.584
3.26
5.708
5.608
4.684
4.284
3.16
0
0.2
3.06
0.1
0
2.748
0.7
1.224
0
1.324
1.324
0.2
1.224
0.1
0.4
1.224
1.836
2.924
0
3.36
0
4.284
1.224
1.224
1.624
1.224
1.224
1.324
1.224
1.324
1.424
2.448
1.424
1.224
2.548
1.836
1.324
0
3.548
3.16
3.06
1.624
1.836
1.724
3.26
0.1
1.224
0.1
1.224
1.224
1.224
0.6
1.224
1.324
2.448
1.224
0
1.224
3.06
1.424
1.224
1.224
2.448
1.224
0.3
0
1.224
1.224
0.4
1.224
1.224
2.448
0
0.1
1.224
1.324
1.624
1.224
1.224
3.06
2.448
1.224
1.224
1.224
2.948
1.224
2.548
0.1
1.224
1.224
3.672
4.284
4.284
1.224
1.224
1.624
0
0
0
0
1.224
0
0
1.324
0.1
0.3
0.1
1.224
1.224
1.624
0
1.524
1.324
1.224
2.448
0
0
1.224
0
1.224
0
1.224
0.1
0.2
0.1
0.1
1.424
0
1.224
0
0
1.224
0.2
1.224
0
3.26
3.16
1.224
0
0
0.5
0
1.224
1.224
1.924
1.324
0
1.724
1.324
1.324
0.4
1.224
1.524
1.424
1.724
2.324
0
1.836
0
3.16
0
3.972
2.548
0
1.224
1.224
2.448
0.1
0
1.224
1.836
1.224
1.224
1.224
1.224
1.224
0
1.224
1.824
0.1
0
0.1
1.324
1.524
0
1.224
0
0.1
1.224
1.324
0.2
0
0
1.224
1
1.224
0.2
2.448
1.836
1.524
0
0
1.224
3.26
0
2.548
2.448
4.284
2.548
2.548
2.548
1.224
0.5
1.524
1.224
3.06
1.324
1.324
0.1
0
1.224
1.224
4.384
3.06
1.424
0.4
0.1
2.548
1.836
2.448
2.548
1.224
1.224
1.224
1.224
0.3
2.848
0
0
1.324
1.224
0
1.224
1.836
1.224
0
0
3.06
1.224
2.448
2.748
3.06
0
1.936
0
2.648
1.224
1.324
3.26
1.224
0
1.724
1.324
2.448
1.224
0.4
1.224
1.224
0.1
2.424
2.236
0
1.624
0.8
0
0.2
1.424
1.224
0.1
3.06
0.2
0.3
2.448
0
0
0.1
0.3
0
2.448
0.1
0.3
2.448
0
1.224
3.26
2.648
1.224
3.06
0
2.548
4.048
1.224
1.936
2.548
0
0
0.2
2.448
3.06
0.4
0
2.448
0
2.548
1.324
3.06
1.224
2.448
1.936
1.224
1.224
1.224
1.924
1.224
1.224
2.448
0
2.648
3.048
2.448
3.16
0
1.224
1.424
1.324
1.224
0.1
2.448
0
0.1
1.224
0.1
0
2.448
1.324
1.424
0
1.224
1.724
3.46
3.772
0.1
1.224
0
1.224
1.224
0
1.836
1.224
1.324
1.224
0
1.224
0
1.324
1.224
1.424
3.06
4.384
1.524
4.584
1.224
1.224
0.2
2.448
0
1.224
3.06
0
2.448
1.224
0.4
1.424
0
2.548
0
0
3.16
1.224
0
0
1.324
1.224
1.224
3.06
1.624
0
1.224
1.224
1.224
3.16
1.224
1.224
0
2.748
0
1.224
0.1
1.936
1.324
0
0
0
1.224
2.748
3.06
0
1.624
0
0
1.7
1.224
1.224
0.1
0.1
0.1
2.548
0
0
2.548
2.524
0
0
2.548
1.224
3.06
2.448
1.324
3.16
0
0
2.448
0
2.448
1.836
1.224
2.324
0
0
0
0
1.424
1.224
0
0.1
0.2
2.548
2.448
4.484
2.548
0
0
1.624
0.1
2.548
3.06
4.384
2.548
0
0
2.548
0
1.224
2.448
1.224
1.224
2.648
0
2.448
1.424
1.724
1.524
0.1
0
2.036
0
2.548
0
2.448
2.448
1.224
0
1.224
1.936
0
1.224
1.324
0
1.224
0
3.672
1.224
2.548
1.224
0
1.424
2.448
3.16
0
1.424
3.26
0
1.324
1.224
1.224
0
1.224
0
0.1
1.524
1.224
0
0.1
1.324
1.324
1.224
0.1
0.1
1.836
1.224
1.224
0
2.636
1.224
0.1
2.548
0
3.16
2.448
3.16
2.724
0
1.224
2.548
1.424
1.324
1.324
1.324
1.224
2.448
1.224
1.224
0.1
2.548
1.424
2.448
1.224
1.224
2.448
0.6
3.724
0.2
0.2
1.524
3.672
2.448
0
1.324
4.384
0
4.384
3.16
1.324
1.224
0
1.224
0
0
1.224
2.448
1.224
0
1.224
1.224
1.324
0.1
1.224
3.06
1.224
1.524
1.224
0
0.2
4.584
2.648
0
1.224
0.1
1.224
4.284
0
1.324
3.26
0.1
3.06
1.224
1.224
1.836
1.224
1.224
1.524
1.224
0
1.624
1.324
1.224
2.448
0
0
1.224
1.224
2.648
0
4.384
1.224
3.26
4.284
0
0.1
0
0.3
1.224
1.224
1.324
2.548
3.06
0
3.06
0
0
0
0
0
1.224
0
1.524
1.324
2.448
2.448
0
1.836
1.224
2.448
1.224
1.424
1.224
0
2.448
3.848
1.224
0
1.224
2.448
4.384
1.324
0
1.324
0.3
1.224
3.148
1.224
1.324
2.448
0
2.448
3.16
1.324
2.948
1.524
1.324
0.1
3.06
0
2.648
1.224
2.036
1.424
2.548
0
0.2
0.1
1.224
2.448
1.224
1.424
0
0
1.224
0
1.224
2.448
1.224
1.324
0.1
1.224
1.224
1.324
0.4
2.748
1.224
1.224
0.1
0
1.224
1.224
2.024
2.448
0.1
3.16
4.384
1.936
3.26
0
1.524
2.124
1.324
3.672
0
2.448
4.484
2.448
1.624
1.224
3.448
2.648
2.848
1.324
1.324
2.448
1.224
2.448
1.324
1.224
4.284
4.284
4.284
2.548
2.448
2.648
1.224
2.548
2.748
2.448
1.424
1.524
1.324
2.648
1.224
0.2
0
0.1
0
0
5.708
1.324
3.46
1.224
1.924
0
1.224
3.06
2.448
3.06
3.06
3.36
3.16
2.448
3.648
5.808
4.284
5.608
5.508
1.224
4.384
2.448
1.224
3.772
1.224
2.448
2.648
2.548
2.448
2.448
1.224
2.948
2.548
1.324
1.324
3.772
0.1
0
1.224
1.824
1.224
3.16
2.548
0
2.448
1.224
2.648
1.424
1.224
5.508
0
0.5
3.06
1.724
1.836
1.224
1.224
2.948
1.224
0
0
2.036
1.324
0
1.424
1.524
1.224
0
1.324
1.224
1.224
0.1
0
1.724
1.224
0.3
1.324
0
1.224
1.224
1.224
2.448
0
1.224
1.224
0.1
0.4
1.424
0.2
1.324
0
0
0
1.224
1.324
1.224
3.724
0.1
1.324
0
1.324
0.8
1.224
0.1
0
1.924
1.624
1.224
0
1.836
2.448
2.448
3.748
2.848
1.624
1.424
1.324
3.16
2.448
1.224
2.448
1.424
2.548
1.824
2.448
2.648
1.224
3.672
3.672
2.448
2.548
2.748
3.772
3.672
1.224
2.548
3.772
2.848
3.148
2.448
2.448
2.448
1.524
3.06
3.648
2.648
2.548
2.448
2.748
1.224
3.148
2.548
2.448
3.672
1.424
4.484
2.448
2.448
1.224
1.224
2.548
3.348
3.672
3.772
1.224
4.872
2.548
2.548
2.548
2.548
2.448
3.772
1.824
4.384
2.448
2.548
2.548
2.448
3.872
2.648
2.448
2.948
1.724
2.448
1.224
1.224
2.748
2.448
2.548
5.708
1.324
2.448
1.224
3.672
2.448
2.448
2.448
2.448
1.624
2.448
2.448
2.548
1.224
2.548
1.424
2.448
2.448
2.648
3.448
1.224
2.448
2.824
1.224
1.224
2.848
3.148
3.772
2.748
3.772
1.724
2.548
1.224
1.324
1.224
1.224
1.524
1.324
2.548
2.448
2.448
1.224
2.748
2.448
2.448
3.672
3.672
2.448
2.548
1.724
2.448
1.724
1.224
2.848
2.448
3.048
3.648
3.772
5.172
2.848
2.548
2.448
3.248
2.448
1.324
3.872
2.448
2.448
2.448
2.648
2.548
1.224
1.924
2.448
1.224
2.548
2.848
2.448
2.848
3.048
1.224
3.872
1.524
2.448
2.448
1.224
4.384
2.448
1.224
1.224
4.284
1.324
2.448
3.672
3.672
4.172
2.548
1.624
4.072
2.648
2.648
1.424
1.224
1.324
2.448
3.548
1.624
1.224
2.448
4.484
1.224
3.672
2.948
2.448
3.048
2.648
1.224
2.848
1.324
2.548
3.048
2.648
2.448
2.848
1.424
3.86
2.848
2.448
2.548
3.672
2.548
2.648
3.348
2.548
2.448
3.772
1.224
2.748
3.672
2.548
3.148
3.972
3.348
2.548
4.284
3.872
2.448
2.448
3.16
1.324
2.548
2.448
2.448
1.524
2.448
1.324
1.224
1.924
1.224
1.324
2.948
1.724
3.772
2.948
2.648
4.684
2.448
2.448
3.848
1.424
1.224
2.448
2.448
2.548
3.672
3.672
5.596
1.324
3.872
2.448
2.648
1.224
2.448
1.324
2.448
2.448
2.548
3.672
2.748
2.624
3.772
1.424
1.324
2.448
3.448
2.848
2.448
2.648
2.548
4.384
2.548
1.324
2.548
1.224
1.224
4.384
2.548
1.324
1.224
2.448
1.724
2.448
1.224
1.324
3.672
1.224
2.448
3.872
2.748
2.748
2.448
1.224
2.448
2.548
2.648
2.548
3.06
1.324
2.448
1.924
2.448
3.672
2.448
2.448
1.224
2.548
1.224
2.448
2.548
3.672
2.448
2.448
2.648
4.248
1.324
2.448
3.772
2.448
2.548
2.448
2.548
1.224
1.624
2.448
3.26
2.448
2.748
1.324
4.584
3.048
3.348
2.448
2.648
1.524
2.024
1.224
2.948
3.06
4.896
2.448
2.124
3.448
2.124
1.224
1.224
3.972
4.896
1.624
1.224
2.548
2.648
1.324
1.224
2.548
4.284
2.548
1.424
2.548
1.224
2.448
2.648
1.224
1.224
2.448
3.672
2.448
3.16
4.172
3.748
3.748
2.648
2.748
1.224
2.448
4.072
1.324
1.524
2.448
2.448
3.772
1.224
4.484
2.448
1.324
2.448
1.224
2.848
1.324
2.448
3.36
1.224
3.672
2.948
2.648
3.772
2.948
2.648
1.524
2.448
2.448
4.172
2.448
3.672
2.648
3.248
2.648
2.448
2.448
2.448
2.548
5.708
3.06
2.448
2.448
2.448
2.448
2.448
2.448
2.548
1.224
1.524
1.624
2.448
1.224
1.324
2.448
1.224
2.548
2.448
3.672
2.024
2.648
2.448
1.324
2.448
1.224
1.224
2.448
1.224
3.772
2.448
2.548
1.224
1.224
1.324
2.448
2.848
1.224
2.448
2.648
1.624
3.672
2.448
1.724
2.548
1.224
2.448
2.448
1.424
1.224
1.224
1.224
3.772
5.284
2.448
1.324
2.448
2.448
2.448
1.224
2.448
3.672
3.772
2.448
2.448
2.448
3.048
3.972
1.424
1.224
3.672
2.648
1.224
1.224
2.448
2.448
2.548
2.448
2.448
1.524
2.448
3.348
3.248
1.324
3.148
1.524
5.508
2.448
1.424
1.324
5.508
2.448
2.448
1.224
2.448
1.324
2.448
2.648
4.472
4.284
1.224
2.324
2.648
3.672
1.724
2.448
1.224
1.224
1.324
3.872
3.872
4.072
3.672
2.448
1.224
1.224
1.224
1.224
2.748
1.324
1.224
1.224
1.324
3.048
4.772
3.548
2.548
4.172
4.172
3.672
2.448
1.224
2.848
1.224
1.224
1.324
1.224
2.448
3.672
1.224
2.648
2.448
2.448
2.448
3.672
2.448
2.448
1.224
2.448
2.448
4.248
2.548
2.548
1.224
2.548
3.448
3.672
2.648
2.448
4.272
2.448
1.224
2.648
2.648
4.284
1.324
3.16
1.424
1.324
1.424
3.048
1.524
1.624
1.324
1.324
1.924
2.548
1.224
2.648
1.324
2.848
4.384
2.448
2.548
3.06
1.224
1.224
2.648
2.448
1.324
2.548
1.624
2.948
2.448
5.508
2.824
2.548
2.448
1.424
1.224
3.148
2.424
1.924
1.224
4.684
2.448
1.224
2.648
2.548
2.548
1.524
1.224
2.648
3.06
2.748
3.148
4.872
2.448
2.648
2.448
4.384
3.148
1.224
4.048
2.448
1.224
2.448
2.648
2.548
2.848
1.224
2.948
5.796
1.524
2.648
2.448
2.448
2.648
3.972
3.06
1.224
5.672
4.272
1.224
1.224
1.224
2.448
3.772
3.672
6.272
2.548
3.872
4.384
1.924
3.06
1.224
3.672
2.748
3.248
2.448
1.324
2.648
1.624
1.224
1.424
2.648
2.648
2.448
2.448
1.324
3.348
5.072
4.172
2.748
4.172
4.584
4.784
3.06
5.084
3.06
14.268
2.448
3.548
2.448
2.548
2.448
5.508
1.224
5.708
4.284
1.224
0.1
0
0.4
0.1
1.224
0
0.2
1.224
1
0.1
2.448
0
1.224
1.224
0
0
2.036
0.2
2.448
0
1.224
0
2.448
1.936
0
3.636
1.224
2.448
3.06
1.624
1.424
2.124
1.724
1.224
0.8
2.848
3.16
0
1.324
1.224
0.2
0.2
1.224
3.06
3.06
0
0
1.224
3.06
1.836
2.548
0.1
1.324
1.224
2.548
1.424
0
0.2
1.224
1.224
1.224
0.1
0.1
2.848
1.224
2.448
0.1
1.224
1.224
1.224
0
1.824
0
2.448
1.324
0
1.224
3.672
0.3
2.548
3.672
1.224
1.224
0
0.5
2.448
2.448
3.672
1.224
2.548
1.424
1.224
3.06
2.448
0
2.448
0.3
1.5
0
0
1.824
0.5
1.624
