1.324
0.1
3.148
1.524
2.748
1.324
1.224
2.448
2.548
1.224
2.448
2.548
1.324
1.724
1.724
0
0
1.224
1.224
1.224
1.224
1.524
1.224
1.224
1.524
1.224
1.224
1.324
2.448
1.324
1.224
1.224
2.124
2.448
0
1.224
1.324
1.224
0.2
1.624
1.224
2.224
0
0
0.1
1.324
0
0.4
1.324
2.748
1.224
0.2
3.148
0
0.1
1.424
1.324
0.3
1.224
1.424
0.8
0.2
0.1
1.624
0.3
1.424
0.1
0.2
1.424
0.9
1.624
2.748
1.424
1.224
2.624
1.624
1.224
0.4
0.1
1.224
3.448
0.2
1.324
0
0
0
0
0
1.224
2.024
1.324
1.324
0
0
0
2.648
2.448
1.224
2.548
1.224
0
0.3
0.3
1.224
1.224
1.324
1.224
0.7
0.1
2.448
1.624
0
1.224
1.324
0.2
0.3
1.324
1.424
1.224
1.324
1.7
0
1.224
1.424
0.1
2.448
1.424
1.424
1.224
1.524
1.324
0.1
0.2
1.324
1.624
0.3
1.324
1.224
1.524
0.5
1.324
1.424
0
1.624
0
0
1.324
0.1
1.224
0.1
1.224
1.324
1.224
1.224
1.624
1.524
0.2
0.3
1.524
0
1.624
0
1.224
0
0.1
0.1
1.224
1.324
0
2.924
1.324
1.524
1.224
1.324
1.224
2.648
0
1.224
1.224
1.324
1.624
4.248
1.324
3.672
1.424
4.272
3.348
2.448
1.424
3.772
1.524
3.672
2.548
3.148
2.648
2.648
2.548
2.548
1.224
1.524
1.424
1.224
0
0.1
2.124
0
1.324
2.748
2.448
2.448
2.448
1.224
1.224
0
1.224
1.2
1.224
0.4
0
0
1.02
4.792
2.024
3.872
2.448
1.524
1.224
1.224
3.148
2.448
2.548
2.448
1.424
0
2.548
0.1
4.448
1.224
0
1.524
0
1.424
1.324
0
0
1.524
1.224
2.448
1.224
0.3
0
0
0
0
1.224
1.324
0
0.3
2.448
1.424
2.548
1.224
1.324
0.2
3.672
1.224
0.2
3.672
1.224
2.448
1.224
1.324
1.224
2.448
0.6
0
2.448
1.424
2.448
1.224
2.244
1.224
4.272
3.672
2.548
1.224
2.448
2.648
1.424
1.224
1.224
3.772
0
0.8
0
0
2.448
0
0
1.224
1.224
1.324
0.3
0
0
0
0.1
1.424
1.224
1.324
1.324
0
1.224
1.224
1.224
2.548
1.224
1.324
0
1.224
1.224
0.1
1.524
0.3
0.3
1.324
0
2.448
0
0
1.624
1.224
2.448
1.324
1.324
0
1.224
0
2.024
1.224
0
2.448
2.324
0
1.524
1.324
3.772
2.448
0.3
1.224
2.648
1.424
0.9
1.5
1.324
0
1.224
0.1
1.224
3.972
3.772
0
2.448
2.448
1.224
1.02
2.244
5.916
1.02
3.468
3.468
2.244
2.244
2.344
2.244
1.02
3.868
1.02
1.02
1.02
3.468
3.968
3.468
1.02
2.244
1.12
4.892
3.968
2.344
1.02
1.02
4.792
3.344
2.244
2.744
3.468
0
1.424
1.224
1.224
2.448
2.548
1.224
2.648
2.448
2.448
3.672
3.672
1.424
2.448
0.9
1.824
2.448
0
1.324
0
1.524
1.224
1.324
0
1.224
2.448
2.548
1.624
1.324
1.524
1.224
2.548
1.324
2.648
1.224
1.424
1.224
0.2
2.748
1.524
1.424
1.924
1.224
2.648
2.548
1.324
1.224
2.448
1.324
2.448
2.448
1.224
1.524
1.224
1.324
0
1.224
1.324
0.1
1.224
0.2
2.548
0
2.548
1.224
1.324
1.224
0.3
2.648
0.2
0.1
2.924
0.4
1.224
2.424
3.048
0
2.548
2.748
1.524
1.224
1.224
0.4
1.824
1.224
0
1.224
0
1.324
0
2.448
2.448
1.324
1.224
1.224
2.448
2.548
2.448
0
0
1.224
1.224
5.472
2.448
0.1
1.624
0.2
1.224
0
2.448
2.548
1.524
1.324
0
1.324
2.848
2.448
1.224
3.672
2.448
1.224
2.848
2.448
0
0.9
1.324
1.224
1.224
1.224
4.172
1.324
2.448
1.224
1.224
2.448
2.948
3.148
2.548
0
3.772
1.224
1.324
1.224
1.524
1.524
2.548
1.324
1.324
1.424
1.324
3.648
2.548
1.324
1.224
1.224
0.1
2.548
1.224
1.224
0.1
1.224
2.848
1.324
0
1.324
1.324
0.1
0
0.1
2.448
1.524
1.324
2.748
3.672
1.224
0.2
1.224
1.224
1.224
0
1.224
1.224
1.224
1.724
1.524
1.224
1.324
0
0.1
2.448
3.772
1.224
1.224
1.424
1.224
2.448
0
0.4
0
1.224
1.224
1.324
0.1
2.448
1.224
1.224
1.224
0
2.448
1.224
1.224
1.224
1.224
1.224
1.224
1.224
1.424
0
0
0.4
0.1
0
2.124
2.648
3.672
1.224
0
0
1.224
1.224
1.324
2.648
6.496
0
0
1.324
1.324
1.224
1.224
1.224
2.448
2.548
0
1.224
1.324
2.648
1.224
1.224
2.324
3.672
1.424
0.3
1.224
1.224
0
1.224
1.324
0.2
1.224
2.448
1.624
2.448
1.224
0
3.248
0.1
3.972
1.224
0
1.324
1.224
1.224
3.872
1.224
2.448
1.224
2.448
2.448
1.324
0
2.448
1.424
2.748
2.748
1.224
2.448
2.648
1.224
2.448
1.424
1.224
2.548
1.224
0.1
3.772
0
1.224
2.448
1.224
0
1.224
1.324
1.224
2.448
2.548
3.672
1.224
1.224
2.548
0.1
0.1
2.648
1.324
1.224
2.448
1.224
2.448
2.448
0
1.324
1.324
2.748
1.224
2.448
0.2
2.548
1.324
0
1.224
1.324
1.224
2.448
2.448
2.548
0.4
1.224
0.2
2.448
1.224
2.448
1.224
2.448
2.924
1.324
3.872
0
1.524
1.724
1.224
3.872
2.448
1.224
3.672
0
1.324
1.624
1.324
2.548
2.448
1.324
2.448
0.5
7.996
0
0.3
0
2.448
1.224
1.224
1.324
1.224
1.224
1.224
1.224
1.524
3.872
1.224
1.224
2.448
1.224
2.448
2.548
2.448
0.1
2.448
2.548
2.448
1.224
2.448
2.548
1.324
1.724
1.224
1.524
1.524
1.424
2.448
2.448
1.324
0
3.672
0
1.224
1.724
2.448
1.224
1.224
1.224
2.448
0
1.424
1.224
2.748
2.648
1.224
4.172
2.448
2.448
2.548
2.548
1.224
1.224
2.448
1.624
1.324
2.548
2.448
0
2.448
0.1
0.1
1.224
2.448
3.772
0
0
1.324
2.448
1.224
2.448
0
1.324
0
1.224
0.1
0
1.224
3.972
2.448
1.224
3.672
1.224
1.224
2.548
1.324
1.224
3.872
3.672
0
3.772
4.872
0.2
0
2.448
1.224
2.548
1.524
1.324
1.424
1.424
1.224
2.948
0.1
3.772
2.448
2.448
2.548
2.448
1.224
2.448
2.224
1.324
0
2.548
1.324
1.224
1.224
1.224
1.324
2.648
2.448
1.724
1.224
3.672
2.448
2.448
0.1
0
1.224
1.224
0
0
2.548
1.224
1.224
0.2
1.224
0
0.1
1.624
1.224
1.424
1.224
0.1
1.224
2.448
0
2.848
2.448
1.624
2.548
1.324
0.1
1.324
1.224
2.748
3.148
1.324
2.448
1.224
2.448
2.548
3.772
4.472
2.548
3.148
3.772
2.548
0
2.448
2.448
1.924
3.772
3.668
3.468
1.224
1.224
1.224
2.448
1.224
2.648
1.224
2.648
2.648
2.448
2.648
1.524
1.224
4.172
0
1.02
2.244
2.244
2.244
2.344
2.544
3.468
2.548
3.672
1.724
1.224
1.224
1.224
1.324
1.324
1.224
1.524
1.324
3.672
5.772
2.748
1.224
1.324
1.224
1.224
1.324
1.224
0
2.548
0
2.448
2.848
1.324
1.224
2.648
3.772
2.548
1.324
1.224
1.224
2.448
1.624
1.224
2.448
3.248
2.748
0.1
2.448
1.224
1.224
0.2
1.624
2.448
0
1.224
0
0.3
0.1
0.4
0.1
4.896
1.224
1.724
3.672
0.1
0
0.2
1.324
1.224
0.5
1.224
1.224
1.224
1.324
1.224
1.324
1.224
1.224
2.224
1.224
1.624
2.548
1.224
0
2.748
0
1.224
0
1.224
1.224
1.324
1.624
0.2
0.3
1.224
1.224
0.1
2.448
1.224
1.224
1.224
3.324
0
1.324
1.524
1.224
0.2
2.448
0
0
3.248
2.648
0.1
0
1.224
1.324
4.896
4.772
4.072
2.848
1.624
2.548
2.548
1.324
2.648
1.524
2.548
2.548
2.848
4.172
2.548
1.224
3.972
3.672
2.448
1.624
4.572
2.448
2.448
1.224
1.324
5.196
4.672
6.396
2.448
2.548
3.672
2.448
2.448
3.648
2.648
2.648
1.224
2.948
1.224
3.348
1.424
2.448
4.896
2.848
1.524
1.324
2.448
1.224
1.424
1.224
5.172
4.896
3.772
1.224
3.048
2.448
3.672
2.648
1.224
1.324
2.648
2.948
3.772
2.448
2.948
2.648
2.548
2.748
1.524
2.448
4.172
2.748
2.448
2.448
2.448
2.548
2.448
2.648
2.648
1.324
1.224
1.324
2.448
2.448
2.448
2.548
3.672
2.748
2.448
3.672
1.324
2.748
2.448
2.548
2.748
3.672
2.948
2.948
2.848
2.448
2.824
2.448
2.448
2.648
4.372
3.248
4.172
2.648
1.724
2.548
1.224
2.448
1.224
1.224
2.548
2.648
3.772
2.448
3.672
2.448
3.148
2.548
1.224
3.772
2.448
2.448
2.648
1.524
2.448
2.748
2.448
2.648
1.524
1.424
6.796
2.648
5.672
6.82
2.548
3.872
3.348
2.448
2.448
2.748
1.224
2.848
3.672
1.524
1.424
2.648
2.948
2.548
2.548
2.548
4.372
3.772
2.448
3.048
2.548
5.596
3.772
2.448
2.448
1.424
3.672
2.448
2.448
2.448
2.548
1.324
3.672
2.448
3.972
2.848
2.548
2.748
4.996
2.748
3.872
1.424
1.224
1.324
2.448
2.224
1.824
2.448
1.224
1.224
1.224
2.448
3.972
1.324
3.872
4.472
3.672
1.424
2.648
2.648
2.748
3.772
1.224
3.772
2.648
1.924
1.624
2.448
3.872
2.448
1.324
2.948
5.072
2.448
3.672
2.748
2.548
2.848
2.548
2.448
3.148
4.072
4.748
3.672
2.648
3.872
1.524
2.448
2.548
1.224
3.672
2.448
2.748
3.872
1.224
2.548
2.448
2.948
2.448
2.448
3.872
1.524
3.772
1.724
2.548
1.624
1.224
2.448
4.972
1.224
2.448
2.548
3.772
1.324
2.448
2.448
3.448
2.548
2.548
2.448
2.448
2.448
2.448
3.148
2.448
2.548
2.548
2.548
3.248
3.748
2.648
2.548
2.548
1.224
4.772
4.072
2.448
1.624
2.448
3.772
2.648
3.048
1.624
1.224
2.648
3.772
2.448
2.448
1.324
3.872
2.848
1.224
1.224
1.224
3.672
1.224
1.224
5.496
3.672
2.648
2.548
2.648
2.448
2.548
2.448
2.748
1.324
2.648
2.648
2.948
1.324
2.448
1.324
2.548
3.872
3.772
2.448
2.448
2.448
4.896
3.672
3.672
2.448
7.096
1.424
1.324
3.872
5.296
1.324
3.972
1.624
2.448
3.248
2.548
1.624
3.672
2.848
2.548
3.048
5.072
5.472
2.448
5.196
2.848
2.948
1.224
7.42
2.548
2.748
2.448
3.748
3.148
3.248
1.324
2.548
4.172
2.448
2.648
2.548
2.448
2.948
2.448
1.224
2.648
1.224
1.624
1.324
2.548
1.224
3.972
3.872
2.648
2.448
4.996
4.996
2.448
2.448
5.996
4.572
4.848
1.824
3.772
1.224
1.324
3.148
2.648
2.748
4.996
2.448
5.196
1.224
2.748
3.972
1.324
3.772
2.448
1.924
1.524
3.672
1.324
2.548
2.548
1.324
1.424
3.872
2.948
2.948
2.648
2.648
2.448
5.496
1.224
2.548
3.872
4.472
2.548
2.448
2.448
2.448
4.072
2.648
1.224
2.848
2.748
1.224
4.896
1.224
3.672
1.224
2.448
1.524
1.624
3.672
2.448
2.548
2.448
1.224
2.448
1.324
3.672
2.948
4.572
1.324
2.548
2.748
2.448
2.648
3.672
2.448
3.972
1.424
1.524
1.224
2.448
2.548
3.672
2.124
2.448
1.224
2.848
1.524
2.548
2.448
2.848
3.672
2.448
2.448
3.672
1.424
2.448
2.448
2.448
3.872
5.172
2.448
3.672
3.772
1.224
3.772
2.448
2.448
3.772
5.596
2.448
1.224
3.672
4.372
2.548
2.448
2.448
2.448
3.872
1.224
2.448
3.772
1.524
2.448
2.448
2.748
2.948
2.448
3.148
3.448
2.548
5.072
1.524
2.448
2.548
3.772
1.224
2.548
3.672
3.672
1.224
2.548
1.224
1.224
2.024
2.848
3.772
2.448
3.148
2.648
4.272
3.048
2.548
1.224
2.548
1.324
2.848
5.396
2.648
2.548
2.548
1.324
2.548
3.048
2.448
2.948
2.448
2.448
2.448
2.748
4.172
2.848
4.472
2.548
4.672
3.348
3.672
3.772
1.224
7.22
2.448
1.224
2.448
2.448
3.672
4.896
2.448
3.048
1.224
1.224
3.772
3.672
1.224
2.548
2.448
3.872
2.848
3.948
1.324
1.624
1.324
1.424
3.448
4.996
1.424
1.224
4.272
2.548
1.324
5.096
2.748
3.672
2.848
1.524
2.948
1.824
1.524
5.996
2.948
1.324
2.448
1.424
3.248
5.096
2.448
3.872
1.224
3.048
3.872
2.648
1.324
2.448
1.224
1.224
2.848
3.672
2.548
2.848
3.148
2.848
3.672
2.448
2.824
3.772
3.672
2.448
2.448
2.224
4.572
1.924
2.448
5.896
3.672
2.448
2.548
2.548
1.324
2.948
1.224
2.648
1.224
3.772
3.048
4.772
3.672
4.172
2.548
1.224
4.172
2.448
5.972
2.448
2.548
3.672
3.872
3.672
2.848
2.448
2.748
2.848
2.848
2.648
1.224
2.448
1.424
2.848
2.448
2.448
6.072
3.048
2.448
2.448
2.448
3.772
3.872
3.872
5.372
3.872
3.772
3.972
3.048
2.448
2.448
3.772
4.272
2.948
3.672
2.648
3.972
3.148
2.448
2.648
2.548
2.848
2.548
2.648
2.548
4.472
4.148
2.848
3.872
2.948
2.848
3.348
1.224
3.248
2.448
3.548
4.996
14.04
2.448
2.548
1.224
2.448
1.224
2.848
1.224
1.324
1.324
1.324
1.624
1.324
2.448
1.224
1.724
0
1.3
0
2.448
1.224
0
0
1.224
1.224
0.1
1.424
1.224
1.324
0
1.224
2.548
0
1.224
2.724
0.1
1.224
0
1.524
1.424
2.024
2.024
1.224
2.224
2.548
2.448
1.224
1.324
1.224
0
0.2
1.224
1.224
0
1.224
1.424
1.224
0
1.224
2.548
0.1
0.1
3.772
1.324
1.324
1.324
2.448
1.224
0.1
1.224
1.224
2.448
1.224
2.448
2.448
1.424
1.224
1.224
1.224
0
2.748
3.672
2.448
2.848
1.224
1.02
1.224
1.02
2.448
2.448
1.224
2.548
1.324
2.648
2.448
1.224
2.448
1.224
5.092
1.224
2.448
0
2.448
1.224
1.224
0.3
3.024
1.324
1.324
1.624
1.624
1.424
