3.46
0.4
2.424
0.3
1.224
1.524
1.224
1.224
1.324
1.224
1.324
2.448
1.324
2.024
1.524
0.1
0
0
0
0
2.448
2.948
0
0
0
0
1.224
1.424
2.448
1.224
0
1.224
0.7
0
2.136
2.036
1.836
1.836
1.936
2.436
1.836
4.984
1.836
1.836
1.936
3.06
3.46
1.936
2.236
4.684
3.16
1.836
4.684
1.836
1.836
1.936
2.136
2.036
1.936
3.76
2.736
1.936
1.936
2.136
3.16
2.136
1.936
1.936
3.36
2.736
2.136
3.26
2.236
1.936
5.784
2.536
1.836
2.136
1.936
1.836
3.76
1.836
3.06
1.836
1.836
1.836
1.836
1.836
1.936
2.436
1.836
1.836
3.16
1.836
1.836
3.26
3.26
1.836
2.136
1.936
1.936
2.536
2.136
1.836
3.06
1.836
3.16
2.236
1.936
1.836
3.46
3.06
1.836
3.16
1.936
2.036
3.16
2.036
1.836
1.836
3.036
1.836
2.036
2.436
2.136
1.836
2.036
3.06
1.936
3.36
3.36
2.036
2.036
1.836
4.584
2.336
3.36
3.26
3.46
3.46
1.936
1.836
1.836
3.46
1.836
1.836
3.46
1.936
2.136
1.836
3.06
1.936
2.036
3.16
2.536
2.236
3.16
1.836
3.46
1.836
1.936
1.836
1.936
3.06
3.26
1.836
1.936
1.836
3.06
3.236
1.836
2.336
4.284
1.836
4.384
3.66
1.936
1.936
4.484
3.156
3.556
4.78
3.16
4.284
4.484
4.684
5.284
4.384
3.16
4.284
3.36
4.684
3.26
4.984
4.384
4.384
4.284
4.484
0
0.4
0.3
0
1.224
1.324
1.1
0
0
1.524
1.424
0
1.224
0.1
0.2
0.1
0
2.224
0
1.524
0
1.224
0
1.224
3.024
1.424
1.224
1.224
1.224
1.224
1.424
1.224
1.324
1.224
1.224
0.1
1.224
0
3.324
1.224
2.448
1.224
0
1.524
1.524
0
1.224
0
1.324
0.1
1.324
0.4
1.224
0.1
1.224
0
0
1.224
0
0.2
1.324
1.324
2.448
0
0.2
0.1
1.224
0
0.5
1.324
1.224
2.448
0
0.1
1.224
1.324
0.6
1.324
1.224
1.836
2.448
1.224
1.224
0
1.324
1.224
1.524
0
1.224
1.224
2.548
2.548
2.448
1.224
0
1.2
0
1.224
0.1
1.224
0
1.224
0.1
1.324
0.4
0.6
0.1
0
0.5
0.4
0
0
0
0
1.324
0
0
1.224
0
2.548
0
2.548
1.224
0
1.324
1.424
0.3
0
0
0.2
0
0
0.9
0.1
0
1.324
1.224
0
0
0
1.624
0
1.224
1.224
1.4
1.324
0.2
1.424
1.324
1.424
1.624
1.224
2.448
1.324
0.9
2.124
0
0
0.1
3.16
0
2.648
2.448
0
1.224
1.324
1.224
0.1
0.1
1.224
0
1.224
1.224
1.324
1.224
1.224
0
0
0.7
0
0
0
1.324
2.124
0
0
0
0
1.424
1.424
0
0
0
1.224
1.1
0
0.3
2.448
0
1.424
0
0
1.424
1.224
0
1.824
1.224
2.448
1.224
1.224
2.548
1.224
1.1
1.824
0
1.224
1.324
0
0.2
0
1.224
0
2.448
1.424
1.324
0.2
1.324
2.548
0
1.424
2.548
1.524
0
1.424
1.424
0.1
2.748
0
0.1
1.424
1.524
1.324
1.224
1.224
0
1.324
0.2
1.324
0
1.324
2.548
1.224
0
0
0
1.424
0
1.324
1.724
0
1.224
1.624
1.424
1.224
1.224
0.8
1.324
0.1
0
2.724
1.524
0
2.624
0.7
0
0.1
1.324
1.324
0.3
0
0
0.4
1.324
0
0
0.2
0
0.1
1.224
0.3
0.1
1.224
0
0
1.224
1.424
1.324
1.224
0
2.548
2.848
1.224
0
1.524
0.3
1.224
0
1.224
1.224
0.9
0
1.224
0
1.424
1.224
1.224
1.224
1.224
0.1
1.324
1.324
0
2.624
1.324
0
2.448
0
3.048
1.824
1.224
1.224
0
1.324
1.724
2.024
1.224
0
1.524
1.224
0.3
1.224
0.1
0.1
1.324
0.2
1.224
0
1.324
1.524
1.524
2.448
0
1.224
0.1
1.424
1.224
0
0.1
1.224
1.524
1.324
0.1
0
0
0.1
0
1.424
1.224
1.624
1.524
2.448
1.324
1.224
0.1
1.224
0
1.224
1.224
0
2.448
1.224
0.5
1.624
0
1.324
0
0.2
1.224
1.324
0
0.1
1.224
1.224
1.224
1.224
2.024
0.1
0
1.324
1.224
1.224
1.224
0
0
1.324
0
1.224
0
1.424
1.424
0
0
0
0.1
3.148
0
0.1
2.124
0
0
0.6
1.724
1.224
0.1
0.2
0.1
1.224
0
0.1
2.648
1.524
0
0
1.324
1.224
1.324
1.424
1.224
1.224
0
0
2.448
0
2.548
0
0
2.648
0
1.224
0.5
0
1.324
1.324
0
0.1
0
2.648
2.448
2.648
2.448
0
0.1
1.924
0
2.748
1.324
1.224
1.224
0
0
1.424
0
1.224
2.448
1.324
1.324
1.424
0
1.224
1.524
1.424
1.624
0
0
0.4
0
2.448
0
2.448
1.424
1.324
0
1.224
0.1
0.1
0.4
1.224
0.2
0
0.2
2.448
1.224
2.448
1.224
0
0.2
2.448
1.724
0
1.424
1.324
0
1.324
0.1
1.224
0
0
1.224
0
1.624
1.224
0
0.1
1.324
1.224
0
0
0.1
0.1
1.224
1.224
0
2.024
1.224
0.3
2.748
0
1.324
1.224
1.224
1.724
0
2.548
1.324
1.524
1.624
1.224
1.524
1.224
1.224
1.224
0
0
2.648
0.3
1.224
1.224
1.424
1.224
1.2
1.924
0.2
1.324
0.2
2.448
1.224
0
1.224
2.448
0
2.548
0
1.624
1.424
0
0
0
0
1.324
2.648
1.324
0
1.224
1.324
1.224
0.1
0
1.224
1.224
1.324
0
0.4
0.5
2.748
2.748
0
0.1
0
2.448
1.224
0.1
0.9
1.324
1.324
1.224
1.224
1.224
0
1.424
0
1.224
1.324
1.224
2.548
1.224
1.224
2.748
0
0
1.224
1.224
2.548
0
1.424
1.224
1.224
1.224
0.1
0
1.224
0
1.224
0
0
1.324
1.324
0
1.224
0.1
0
0
0
0
0
0
1.224
1.224
1.324
1.224
0
0
0
1.324
0
1.324
1.324
0
2.548
1.624
1.224
0.1
1.224
2.448
2.448
1.724
0
1.424
0.3
2.448
1.824
1.224
2.448
2.448
0.1
1.424
1.324
1.224
3.348
0.4
1.224
0
1.324
0
2.448
1.324
0
1.424
2.648
0
1.424
0.1
1.324
2.648
1.224
1.424
0
0
0
0
0
1.324
1.224
1.324
0.1
0.1
0
0
0.5
1.324
1.424
0
0
0
1.324
0
1.524
1.224
0
2.548
2.448
0.1
0.1
0
1.424
1.824
1.424
2.448
0
1.324
2.448
1.324
3.248
0
2.124
1.624
2.448
0
1.424
1.224
0.2
1.424
1.224
1.224
2.548
2.548
2.448
2.548
2.448
1.224
1.224
2.648
2.848
2.548
1.224
0.5
0.1
1.324
0
0
1.224
0.1
0.1
0.1
2.948
1.424
1.224
1.224
0.3
0
0
1.324
2.448
1.524
0.1
0.3
0.6
2.448
3.348
5.916
2.648
2.748
2.548
0.2
2.548
2.548
1.224
2.448
0.1
2.548
2.748
2.648
2.448
2.548
1.324
3.148
1.424
1.224
1.224
2.648
0.2
0.1
1.224
2.424
1.324
1.524
2.548
0
2.448
0
1.324
1.324
0
2.448
0
0.6
1.224
1.724
1.836
1.324
1.224
1.724
1.224
0.3
0
1.524
2.344
1.02
1.42
2.444
1.02
1.02
2.244
2.244
2.244
1.02
1.02
1.72
2.444
1.52
2.544
2.244
2.244
2.544
1.02
2.244
0
1.224
1.224
0.1
0.4
1.424
0.4
1.424
0
0
0
1.224
1.424
1.324
3.824
1.324
1.224
1.524
1.224
0.7
1.424
0.2
1.324
1.924
1.424
0.1
0
0
1.324
2.548
2.848
2.548
2.024
2.448
1.324
1.224
1.224
1.324
1.624
1.224
2.448
1.724
2.748
2.848
1.224
4.172
3.672
2.748
1.324
3.048
2.548
2.648
1.324
2.448
2.448
2.948
2.748
1.224
2.448
2.448
1.324
2.448
3.548
2.548
2.548
1.224
2.848
2.448
3.248
1.524
2.648
2.448
1.224
1.324
1.224
1.424
2.648
2.548
1.524
2.448
3.772
2.548
1.224
3.248
2.448
2.548
2.748
1.224
2.448
2.648
2.948
2.548
2.448
2.848
2.748
2.448
2.648
1.524
2.448
2.648
1.524
2.448
1.224
2.548
1.524
1.424
2.548
5.296
1.224
1.224
2.548
2.448
2.448
2.448
1.224
2.448
1.324
1.224
2.448
2.448
1.324
2.648
1.324
2.748
3.772
2.848
3.148
2.848
2.448
2.424
1.224
2.448
2.648
2.848
2.548
1.424
2.448
1.924
1.224
1.224
1.224
1.624
2.748
2.648
1.324
2.548
2.448
2.448
1.224
2.548
2.648
1.224
3.672
2.448
2.448
2.548
3.248
2.448
2.124
1.224
2.548
1.424
1.524
2.648
3.872
2.848
2.548
2.648
2.548
3.024
2.548
1.224
4.996
2.448
2.548
2.448
1.224
1.324
1.224
2.648
1.224
1.324
2.448
3.048
3.672
2.448
2.948
1.224
3.048
1.524
2.448
2.448
2.648
2.548
2.448
1.224
1.224
2.848
1.224
2.448
2.448
2.548
2.948
2.548
1.324
2.648
1.424
2.648
1.524
1.224
1.224
2.448
2.324
1.824
1.224
1.224
1.324
1.224
2.448
2.748
1.224
2.748
2.748
1.224
2.448
1.324
1.424
1.324
3.772
1.324
2.548
1.224
1.624
1.824
1.224
2.548
3.672
1.224
3.672
2.848
2.548
2.448
2.548
1.324
2.548
2.448
2.448
2.548
2.848
2.948
2.548
3.772
2.548
1.224
2.448
1.624
1.224
2.448
2.448
2.548
1.924
2.548
1.424
1.224
1.724
1.224
1.324
3.148
1.724
3.772
1.324
2.648
2.948
1.224
2.448
3.148
1.324
1.224
2.548
3.672
1.224
2.548
3.672
3.972
1.224
2.648
1.224
2.448
1.224
2.448
1.324
1.224
2.648
2.448
2.448
2.648
1.324
2.748
1.324
1.424
1.224
3.048
2.648
2.548
1.424
2.448
2.448
1.224
1.324
1.324
1.224
1.324
2.448
2.448
1.224
1.324
2.548
1.324
1.224
1.424
1.224
3.672
2.448
1.224
2.748
2.548
2.648
2.448
2.648
1.224
2.448
2.548
2.748
1.324
1.424
2.548
1.624
1.224
2.448
1.224
2.648
1.724
2.548
1.224
2.448
2.448
2.448
2.448
2.448
1.224
3.048
1.424
1.224
2.648
2.648
1.324
2.448
1.424
1.324
1.924
1.224
1.324
1.224
2.648
2.448
2.748
2.848
3.972
1.224
2.548
1.224
1.624
1.224
3.348
1.524
4.072
2.448
1.624
2.748
1.724
1.224
2.548
4.172
3.772
1.724
1.224
2.448
2.848
1.224
1.224
2.648
1.224
3.772
1.224
2.448
2.448
2.548
2.548
1.324
1.224
2.448
3.672
2.448
1.224
3.972
4.548
2.948
1.424
2.948
2.448
1.224
2.748
1.424
1.324
2.648
2.548
2.448
1.224
2.748
2.448
1.224
2.448
1.224
3.448
2.448
2.448
1.724
1.224
2.448
1.324
2.848
2.448
2.648
2.748
1.324
2.448
2.448
2.848
1.224
2.548
2.848
2.748
2.448
1.324
2.448
1.224
3.248
5.096
1.224
2.548
1.324
2.448
2.448
1.224
2.448
1.224
1.324
1.924
1.924
2.548
1.324
1.524
3.672
1.224
2.548
1.224
2.448
3.148
2.448
1.224
1.224
2.448
1.324
1.224
2.448
1.224
2.948
1.324
1.324
1.224
1.224
1.224
2.448
3.348
2.448
1.224
2.748
1.724
2.448
2.448
1.424
2.548
1.324
2.448
2.448
1.224
1.324
1.224
1.424
2.648
3.448
2.448
1.324
2.448
1.224
2.548
1.324
2.548
2.448
2.648
2.448
2.548
2.448
2.848
2.448
1.324
1.224
2.448
2.648
2.448
1.224
1.324
1.224
2.448
2.448
2.448
1.424
2.448
1.424
3.648
1.224
2.848
1.424
3.772
2.548
1.324
1.224
3.772
2.448
2.548
1.224
2.448
1.424
1.224
1.424
2.948
2.548
1.224
1.524
2.648
2.548
1.424
2.448
1.224
1.224
1.324
2.648
2.948
2.548
2.748
2.448
2.448
1.224
2.548
2.448
2.748
1.224
1.224
1.224
1.824
2.548
3.048
4.372
2.648
3.672
2.548
2.448
2.448
1.324
2.648
1.224
1.224
1.324
1.224
2.448
2.448
1.224
2.448
1.224
1.224
2.448
2.448
2.448
2.448
1.224
2.548
1.424
2.724
1.224
1.224
1.224
1.524
3.348
2.448
2.448
1.224
4.272
2.548
1.324
2.448
2.748
2.748
1.324
1.724
1.324
1.224
1.324
2.848
1.724
1.324
1.324
1.224
2.124
2.448
1.324
2.448
1.224
2.748
2.548
3.772
1.324
1.324
1.324
1.224
2.548
2.448
1.324
2.448
1.324
3.048
2.748
4.896
2.824
2.648
2.448
2.748
1.224
2.024
1.824
2.024
2.448
2.948
2.448
1.224
2.648
1.324
2.548
1.624
1.524
2.548
1.424
2.548
2.548
4.572
2.448
2.448
2.448
1.324
2.548
1.324
4.072
3.672
1.224
2.448
2.948
2.648
2.548
1.224
2.548
4.572
1.724
2.648
1.524
2.448
1.324
2.748
2.448
1.224
4.472
4.172
1.224
1.324
1.224
2.448
2.548
3.772
2.948
2.448
2.548
2.948
1.824
2.648
1.324
2.548
2.848
2.948
1.224
1.324
2.648
1.924
1.224
2.448
2.448
2.748
1.324
2.648
1.224
3.148
2.848
2.448
2.648
2.748
5.084
4.484
4.384
4.884
3.06
5.708
2.448
2.848
2.448
2.748
1.224
3.672
2.244
13.652
1.224
0.1
0
0.1
0.5
0
1.224
0
0.5
0
2.524
0
2.448
0
0
0
0
1.224
0
0.3
3.972
0.2
1.224
0
2.548
0
0
1.9
1.324
1.224
1.224
1.424
1.524
0.8
1.924
0
2.124
2.748
1.224
0.1
1.224
1.224
0.1
0.1
0
0
1.224
0
0.2
0
1.224
0
2.548
0.1
1.424
1.224
1.324
1.324
0
0
1.324
0
1.224
1.224
1.224
1.524
1.224
2.548
1.224
0
1.324
2.448
1.624
1.924
1.324
2.648
1.224
0
1.224
2.448
0.1
2.548
2.448
1.424
1.424
1.224
1.524
2.548
1.424
2.448
0.1
1.424
0
1.224
0
1.324
0
1.224
0.1
2.824
1.224
0
1.724
0.9
1.524
