2.024
1.424
1.8
1.624
0.2
0.3
1.424
1.224
1.424
1.224
3.148
0
0.2
2.224
2.524
1.324
0
1.224
1.224
1.524
0
0.4
0.1
1.224
2.448
1.324
1.224
0.3
1.324
0
1.224
0
2.324
1.224
0.1
1.724
1.424
1.424
0.2
1.724
1.324
1.7
0
0
0.3
0
0.1
0.8
1.624
1.524
0.1
0
2.124
0.1
0.2
0.1
1.424
0
1.224
0.4
0.9
0.1
0.3
2.924
0.5
1.624
0
0.3
0.2
0.8
1.724
1.624
2.524
1.324
2
3.848
0
1.324
0
1.224
0.6
0
0
0.1
0
0
0
0
0.2
2.224
1.324
0
0
0.1
0
1.524
1.424
1.324
1.424
1.324
0.1
1.1
0.5
1.324
0
1.324
1.224
1.5
0
1.424
1.524
0
1.424
0
0
0.2
1.524
0.4
1.224
1.224
2.7
0.1
1.424
1.924
0.1
1.224
1.624
0.3
0.1
0.7
1.824
0.2
0.3
0.2
0.3
0.8
0.5
0
0.5
1.1
2.848
1.424
0
0.7
0
0
0.3
0.1
1.224
0.1
0.1
1.224
1.324
1.224
2.124
1.624
0.1
0.4
1.824
0.2
1.424
0
1.324
0
0.1
0.1
0
1.324
0
4.424
1.224
2.024
0
1.624
0.2
0.9
0
0.1
0
1.724
1.724
0.4
1.324
0.1
0.3
0.6
0.7
0
0.1
0
1.724
1.524
1.324
0.8
0.1
0.3
0
1.224
1.224
0.4
1.624
0
0
0.3
3.624
0
1.324
2.024
0.3
1.324
0.1
1.424
2.024
0
1.224
1.9
1.524
2.324
0
0
0
0
0.7
0.2
0
0.3
0
0
0.3
1.224
1.424
1.224
0
0
0.1
0.1
2.5
0
0
0.2
0
0.8
0.3
0
0
0
1.324
0
0.1
2.624
0
0.1
0
0
0
0
0.1
0.4
1.224
0.1
0
1.224
2.648
0.2
0
1.224
1.924
0
1.324
0
1.224
1.324
1.224
0
1
0
0.1
0
1.424
1.224
0
0.1
0.2
1.224
0.5
1.324
0.1
0.1
0.3
0
0
0
0
0.6
1.224
0
0
0
0
1.224
1.224
1.324
0.3
1.524
1.524
0
0.1
2.324
1.224
1.524
0.3
0
0
1.224
1.224
0
1.224
0.1
1.224
0
1.324
1.624
1.924
0.3
0.5
1.324
0
0.2
1.224
0
2.324
1.224
0.1
1.724
1.324
0
0
1.324
2.424
2.548
0
1.324
1.9
0.1
1.424
0.5
1.224
0.3
0.6
1.224
1.224
1.324
1.1
1.4
1.424
0
1.224
0
2.344
1.724
1.324
1.224
1.224
1.224
0
1.224
0.1
1.224
1.424
0
0
0
0.2
1.224
1.224
0
0.8
1.224
1.224
1.324
1.424
2.624
0
0
1.224
0.3
0.1
1.324
1.324
0.2
1.224
2.448
3.124
0
1.524
0
0
1.524
1.224
1.224
0
0
1.224
0.3
0
1.224
0
0
0.3
0
2.824
0.4
1.224
0
1.324
0.2
1.524
1.224
0
0.1
0
1.424
0.8
3.324
1.424
0.1
1.224
1.224
0.5
0.4
1.224
1.324
0
0.3
0.2
1.624
1.524
2.024
0.2
2.648
1.224
1.424
1.324
1.224
1.424
0.1
0
0
0.4
0.1
1.224
0
1.224
0.4
0
1.224
1.624
0
0
2.124
0.4
0.1
0
0.3
1.524
0.1
0.3
1.9
0.3
1.224
0.4
2.124
0
1.324
1.924
0.2
1.724
0
0.2
0.6
0
1.224
1.224
0.1
1.424
0
0
2.848
1.324
0
1.224
0
0
0.3
0.1
0
1.224
0
0.4
0.3
1.224
0.3
0.3
1.324
1.324
0
0.1
1
1.224
0
1.324
0.2
0.2
0
0
0.2
1.624
1.324
1.224
0
0.9
0.1
1.224
0
1.224
0.6
0.8
0.1
0
1.224
0
0.3
0.6
1.224
0
0.1
1.224
1.324
0.1
1.324
1.624
0
1.324
1.224
1.224
0.2
0.5
1.524
0
1.324
1.224
1.324
0.1
0
1.324
0.1
0
0.4
0
0.1
2.024
1.324
0
0
0.1
1.224
1.624
0.1
1.324
2.548
1.224
1.424
0
1.524
0
0
0
0
0
1.724
0.2
0
0.1
1.224
0.1
0
0
1.324
1.424
0
1.424
1.324
0
0.6
0
1.224
0
0.2
0
0
1.224
1.424
1.424
1.224
0
1.524
1.624
0
1.324
1.224
1.224
0.2
0.6
1.324
1.424
1.1
0.1
0
2.324
1.324
1.224
1.624
0
0.1
0
1.224
1.524
0.4
1.724
0.1
1.224
0
1.224
0.1
0
0.2
0
0.1
0
0
1.224
0
2.448
0
0.1
1.224
1.224
0.2
1.224
1.424
0
1.224
1.224
0.6
0.2
0.1
1.424
0
1.224
1.524
0.7
0
1.924
0
0
0
0
0.2
1.224
1.224
0.1
0.2
0
0.1
1.724
0
1.224
1.824
2.748
0.2
1.224
2.648
0.2
1.224
0
1.224
0.1
1.224
0
1.924
0.3
0.1
0
0.1
0
0.1
1.324
0.3
0
0
0
1.524
1.224
0.1
0
0
0
0.2
0.3
1.224
1.224
1.224
0
1.224
0
1.324
1.324
0.5
1.224
1.224
1.324
0.2
0.2
0
1.224
1.424
0
0
1.324
0
2.624
0
0.2
0
1.224
0
0.1
0
0.4
1.524
1.324
0.2
0.2
0.2
0.3
0.4
1.224
0
1.324
0
1.224
0.1
0.3
0
0.1
0.1
0
3.324
1.824
1.624
0.1
2.124
0
0
1.224
0
0
1.324
0.2
0
0.1
1.424
1.224
1.224
0
1.224
0.1
1.324
0.1
0
2.448
2.548
0.1
1.424
0
0
0
1.324
1.224
1.724
0.3
0.3
0.1
1.224
0.2
0.1
1.224
0.1
0.9
0.6
1.524
1.224
1.224
0.1
0
0
0.2
1.224
1.524
0
1.224
0.3
0.1
1.224
0.1
1.224
0
0.1
0
0.2
1.224
0.1
1.224
0.2
0.1
1.324
0
1.224
1.224
2.648
0
0.2
0
0
2.648
0
1.224
1.324
1.324
1.224
0
0
1.224
0.5
0.1
0
0
0
1.224
1.324
0
0.1
0.3
0
0
1.224
1
0
0.2
0
0
1.224
0.2
1.224
0.3
1.824
1.224
0.4
0
1.224
0.1
2.548
0.2
0
0
0.6
2.624
1.324
0
0
1.224
0.1
0
0
0.3
1.224
0
1.224
1.324
1.224
0.4
1.224
0.3
0
1.624
0.1
1.224
0
0
1.224
1.224
0.1
0
0.1
0.2
1.924
0.4
0
1.224
1.624
0
1.224
0
2.024
1.224
1.824
0.6
0
1.424
1.224
1.224
1.424
1.924
0
0
1.224
0
1.424
0.1
1.824
0.1
2.024
0.2
0.6
0.2
1.824
0
2.024
0.1
1.224
1.324
0
0.1
0
0.2
0.1
0.1
0
0
0.5
0
0
0.4
0
0.5
0
0.1
1.224
2.448
1.224
0.3
0.6
1.424
1.324
0
1.724
1.324
0
0.1
0
0.3
1.224
1.724
1.424
0.1
1.824
0
0.1
0
0
0.2
0.1
0
0
0
0
0
0.1
0.1
0
0
0.1
0.4
0.2
1.224
1.324
0.7
0.3
0
0.2
1
0.5
0.2
2.448
1.224
0
0.1
0.5
0.1
0
0
0
2.524
0
0.2
0.3
1.224
0.1
0.6
0
0.3
0.1
0.1
0.4
1.324
0.4
0.4
0
1.324
0.1
1.224
1.224
1.424
1.224
2.524
0
1.524
1.424
1.324
0
0.5
0
1.224
1.224
0
0
2.848
1.824
0.1
0.3
0.1
2.448
1.824
0
0
0
0.1
3.4
0.1
0.1
1.324
0.1
2.824
0.1
1.624
0.2
2.324
1.624
0
1.324
1.224
0.1
0
2.224
1.324
2.624
0.1
1.524
2.448
0
1.724
0.2
0.2
0
1.524
0.3
0.3
1.424
1.424
2.448
0.1
0.3
0.5
0.1
0
1.524
0.5
0.2
1.324
1.324
1.224
0
1.224
3.248
1.324
1.3
1.724
0.2
0
0
1.324
0.7
0.9
0.1
0
1.724
0.1
0
0
0.1
0
0.3
1.224
1.324
0.2
1.224
0.7
0.3
1.224
0
0
0.3
0.1
1.524
0.1
0
0.5
0.2
0.1
0.5
0.3
0.1
1.724
1.524
0
0
1.424
3.348
2.748
0.2
0.1
0.2
0
0.2
0
1.224
0.1
0.1
0
1.524
0
1.324
0.1
1.724
0.3
1.224
0.3
1.224
0.7
0.6
1.524
0
0.9
1.324
1.424
0.2
1.824
0.1
0.9
0
4.024
1.624
1.224
1.324
1.524
0.2
1.624
3.748
0.2
0
2.448
2.548
0.2
0.4
0
1.224
0
1.224
0.2
3.424
0
2.324
1.224
0.5
0.2
0.1
1.524
0.1
0.4
1.324
0.3
1.524
2
0.1
1.324
0.4
0
0.2
0.1
0.2
0.2
1.324
1.424
1.324
1.224
0.1
1.624
0.2
0
0.4
0
0.9
0.2
0
0
0.1
1.524
0
1.224
1.224
0.1
1.624
0
0
0
0.2
0.1
1.524
1.924
1.524
1.624
2.324
1.224
1.524
0
1.4
3.024
2.548
0.1
0.4
1.324
0
0.1
0.2
0.4
1.1
1.224
0
1.324
1.324
1.524
1.424
0
1.324
1.324
0.8
0.9
0
1.324
0
0.1
0.1
1.324
0.1
0
0.1
1.324
0.2
0
0.2
0.3
1.224
0.4
1.424
0.3
1.424
0
0
2.948
1.324
0
0
0
0.3
0
1.724
1.224
2.024
1.324
1.224
3.548
2.424
2.648
0.8
0
1.4
0
0
2.624
1.424
2.548
1.224
0
0.1
0.1
0
0.2
1.524
0.1
1.324
0.1
1.424
0
1.724
1.224
0.1
0.1
0.2
0
2.024
0.1
1.824
1.324
0
1.824
1.424
0
0.5
0
1.324
0.2
1.824
0.2
1.224
1.324
1.224
0.1
2.548
2.224
1.424
1.324
0
1.424
1.624
0
0
0
0.6
0.1
0.5
0.1
1.724
0
0.1
0.1
0.3
0.3
1.624
0.3
2.024
0.1
0
0
0
1.524
1.224
1.224
0
0
0.1
1.224
0
1.524
1.524
1.524
0
0.5
1.624
0.2
1.424
0.1
0.2
1.524
0
0.3
0
0.4
2.848
0.5
1.724
1.424
1.224
1.224
1.624
1.424
0.1
1.824
3.748
0.3
0
1.724
0.2
2.024
1.424
1.224
0.5
0
3.848
1.224
0
0.6
1.224
0
0
0
0.1
1.824
1.624
0
0.1
1.224
1.524
1.224
1.224
1.324
0
2.648
1.524
5.848
0.2
0.1
3.148
0
0
0.5
0.6
0.1
0.3
0.1
0.1
1.224
0.3
1.524
1.924
1.424
0
0.5
0
1.224
1.2
1.524
0.3
1.4
0.4
0
1.924
0.4
1.524
0.1
0
1.624
0
0.1
0.5
1.424
0
0.1
0
1.224
0.7
0.1
0.3
0.3
1.424
0.2
1.224
0.1
1.224
0
1.324
0.6
0.9
0
1.424
3.248
0
0.1
0
0
0
2.024
1.424
0.2
1.324
0.1
1.424
1.224
0
1.424
0.5
0.4
0.1
1.224
0
2.648
0
0.6
1.224
0
0.3
2.124
0
1.224
1.324
0.1
1.224
0
0.1
0.1
2.848
2.448
0
0.5
4.848
0
1.424
0
0
0.3
1.524
0.1
0.1
0.4
0
0
2.548
1.724
0.4
1.224
1.224
0
0.4
0.1
1.224
0.4
0.4
1.424
0
0.2
1.624
0
2.324
1.6
3.048
1.424
1.624
0
0
1.524
1.324
0
0.2
1.324
1.424
0.1
1.824
0
0.3
0.1
2.548
1.224
1.724
0.2
0.3
1.724
0.1
1.224
1.324
0
0.2
1.324
0.2
0.5
0
0
1.324
1.724
1.424
0.1
1.524
2.448
1.824
2.624
1.524
0.5
2.224
0
1.324
0.1
0
1.324
0
1.324
1.224
1.224
1.324
1.224
0
0
1.224
0
0
1.324
0.2
0
0.1
0
1.424
0.3
1.224
2.624
0.3
0.1
1.324
0.5
1.5
0.1
0.1
0
0.9
0
0.2
0.1
0.3
1.424
1.324
0.3
1.624
0.1
2.124
1.824
1.724
2.224
2.424
0.3
2.424
0.1
1.324
0.3
1.724
0
2.948
0.5
0.1
2.948
1.224
1.224
0.2
1.224
1.324
0.1
1.724
0.2
1.224
0
5.124
1.524
1.224
1.524
1.424
0.3
0.8
3.624
1.224
2.024
0.1
0
2.024
1.324
0.3
1.924
0.2
0.2
0.4
1.324
0.4
1.2
1.324
0.3
0
0
1.624
1.224
1.624
0
1.424
0
0.5
0
0.2
1.224
0.1
0.3
2.948
0.3
0.3
0.1
0.2
0.2
1.224
1.324
2.024
0.9
1.224
1.424
1.224
1.324
1.324
0.2
1.724
1.224
0.2
1.624
2.224
1.224
1.224
0
1.224
0.8
0.1
1.224
1.524
5.348
0
1.324
0.2
1.424
0
0.1
1.524
1.1
0.6
0
1.324
0.6
0.5
0.7
0
0.5
0
0.4
0.2
1.624
0
0.1
0
0
1.324
0.5
1.324
2.244
2.544
3.244
12.368
2.244
2.244
2.548
1.924
0
1.7
1.324
1.424
1.224
0
0
1.224
1.224
0.2
1.524
0.1
1.324
0
1.224
1.324
1.424
1.224
3.524
0.1
0
0
2.224
0.9
2.424
0.6
1.224
2.624
0.2
1.224
1.524
0
0
1.224
1.424
0
1.424
0.1
1.224
1.224
1.224
0.1
0
0
0.3
1.724
0
1.424
0.3
0.1
0.2
1.324
0
1.224
0.1
1.224
1.624
0
0
1.324
0
1.224
0
0
2.024
1.224
1.324
1.524
1.324
0
0
0.3
0
0
0
0.1
1.424
1.624
0
0.1
0.1
1.324
0.2
0.1
1.224
1.224
0
1.224
0
0.2
4.124
1.424
1.424
1.824
2.024
1.924
