2.024
0.4
1.2
0.9
0.2
0
0
0
1.424
0
1.424
0.1
0.3
2.2
1.4
0
0
0
0
0.2
0
0.1
0
0
1.524
0.1
0.2
0.1
0.1
0.2
0.1
0
6.224
1.324
0.1
2.624
1.224
1.324
0.1
1.424
1.424
1.3
0
0.1
0.3
0
0.3
0.4
1.524
1.824
0.1
0
1.524
0
0.2
0.2
1.224
0.1
1.324
0.5
3.2
1.2
0.2
1.5
1.1
1.624
0.1
0.3
0.4
3.7
1.424
2.024
1.424
1.424
4.4
2.724
0.1
0.2
0
1.224
0.9
0.1
0
0.1
0
0
0.1
0
0
1.3
1.424
0
0.1
0
0
1.624
1.424
1.324
0.1
0.1
0
1.6
1.3
1.224
0
1.324
1.224
1.9
0.1
1.524
1.824
0.2
1.324
0.1
0.1
0.1
1.524
0
1.224
1.224
4.6
0.1
0.3
2.124
0.1
1.224
1.324
0
0
0.5
2.424
0.1
0.1
0
0.1
1
0.1
0
0.2
0.9
1.424
0.2
0
0.5
0
0.1
0.1
0.4
1.224
0
0.1
1.324
1.424
1.424
2.324
2.524
0.7
0.1
3.424
0.2
1.424
0
1.224
0.1
0.3
0.2
0
1.224
0.6
4.4
1.324
2.324
0
1.524
0.2
0.5
0.1
0.1
0.1
1.624
1.924
0.3
0.1
0.1
1.3
0.9
0.7
0
0.2
0.1
0.6
1.324
1.424
1
0.1
0.2
0
1.724
1.224
1
1.524
0
0
0.2
3.224
0
1.224
1.724
0.4
1.324
0
1.524
0.6
0
1.224
5.4
1.524
2.7
0
0
0
0.1
2.1
0
0.1
0.3
0
0
0.5
1.224
0.4
0
0.2
0.1
0.3
0
4.5
0
0
0.4
0
1.1
0.5
0
0
0
0
0
0.1
1
0
0.4
0
0
0.1
0
0
1.8
0.2
0.4
0.1
1.224
1.324
0.8
0
1.224
1
0
1.224
0
1.224
1.324
1.224
0
3.2
0.1
0
0.1
1.224
1.224
0
0
0.1
0
0.3
1.324
0
0
0
0
0
0
0
2.7
0
0
0.1
0.4
0.3
1.224
0.3
1.324
0.1
0.3
0.2
0
1
1.624
0.1
1.524
0.3
0
0.2
0
0.1
0
1.224
0.1
0
0.7
1.424
0.1
2.724
1.5
1.2
1.324
0
0.1
0
0
2.1
0.1
0.1
0.5
0
0
0
0
5.324
1.324
0.1
1.224
4.1
0.2
2.724
0.4
1.624
0.2
2.2
1.424
1.424
1.524
3.5
5.5
0.2
0
1.224
0
0.1
2.024
1.524
0
1.224
1.224
0
0.2
0
1.224
0.1
0
0
0.1
0
0.1
0
0
1.8
0
0.1
0.1
0.2
1
0
0
0
0.3
0
1.924
1.224
0
0
1.224
2.3
0.2
0.5
0
0
1.424
1.224
0
0
0
1.224
0.6
0
1.324
0.1
0
0.2
0.1
2.3
0.4
1.424
0.1
0.2
0.5
1.424
0
0.1
0.5
0
0.2
0.6
0.6
1.524
0.1
0
1.324
0.4
0.3
0
2.224
0.1
0.3
0.6
0.3
1.324
4.124
0.2
1.424
0.1
0.2
0
1.624
0
0.1
0
0
0.4
0.2
0
0.1
0.1
0.4
0.2
1.224
0.1
0
0.1
0.8
0
0.1
0
0.3
0
0
0.5
2.4
0.7
0
0.4
6.124
0
1.524
0.4
0.2
0.9
0
0.4
0.5
0.1
0
1.224
0.4
0.1
0
0
1.824
0.4
0
1.424
0
0.1
0.2
0.1
0
0
0
0.4
0.1
0.1
0.2
0.6
1.224
0
0
0
0.7
0.1
0
1.324
0.4
0
0
0
0
0
1.324
0
0
4.7
0
1.224
0.1
0
0.2
0.8
0
0.1
1.224
0
0.3
0.5
1.224
0.1
0.2
1.224
1.924
0.1
2.224
0.3
0.1
0.5
1.424
0.1
0.2
0.5
0.6
0.1
1.224
1.224
0.2
0
0.2
1.224
0
0
0.4
0
0
0.3
1.224
0
0
1.1
1.224
1.724
0.4
1.324
1.424
0
0.1
0
0.1
0.1
0
0.1
0
0
5.324
0.4
0
0.1
0
0
0.1
0
1.224
0
0.2
0.1
0.1
0.1
0.5
0
1.224
0
0.1
0.1
0
1.424
0
0.3
0
0.1
0.2
0.4
0.1
0
0
1.324
0
0.7
0
0
0.7
0.2
0
4.124
0.2
1.224
0.1
0
0.4
0
0
0.1
0.5
1.724
0
0
0
1.224
0.2
0.1
0
0.2
0.1
0
0
0.1
0.3
1.224
0
0.2
1.324
1.324
0.6
0
0.3
0
1.324
1.224
0.4
0.1
0
0.3
0
0
0
1.4
0.3
1.424
0
0
0
0
0
1.324
1.224
0
0
0
0
0.4
0
0
0.1
1.724
0.4
1.224
1.524
0.9
1.224
0.2
0
0
0.5
0
0.3
0.3
0
0
0
0.3
0.1
0
0.3
0
0
0
1.424
0
0.5
0.1
0.3
0.1
0.1
0.3
1.324
0
1.324
0
0
0
1.424
0.1
0.2
0.2
0
0.2
0.2
0.1
0
1.224
1.224
0
0
0.1
0.1
3.3
0
0.2
0.3
0
0.1
0
0
0.4
0
1.424
0.1
0.8
0.3
0.1
0.3
0.1
0
1.324
0
1.424
0
0.1
0
0
0.1
0
4.1
2.624
0.2
0.6
0.1
0.2
0
1.224
0
0
0
0
0.1
0.4
1.524
1.224
0
0
1.224
0
0.2
0
0.1
1.324
1.324
0.1
1.324
0
0
0
0.4
1.324
0.7
1.7
0.1
0.2
0
0.3
0.1
1.224
0.1
0.3
3.3
0
1.224
0
0
0
0
1.1
1.224
0.1
0.1
1.224
0.4
0
0.1
0.4
0.1
0
0
0.1
0.1
0.1
0.4
0
0.1
0.1
0
0.3
1.224
1.324
1.424
0
0.1
0.3
0
1.224
0.1
0
1.224
0.1
1.224
0
0.4
0.1
0
0
0
0
0
1.224
0.1
0.1
0
0.1
0.1
0
1.324
0.6
0.2
0
0
0.1
1.324
0.1
0.1
0.8
1.624
1.224
0.6
0
1.324
0
1.324
0
0
0.1
0.6
2.124
1.224
0.3
0
0
0.1
0
0.1
0
1.324
0.1
1.924
0
1.224
0.1
0
0.2
0.1
0.1
0
0
0
0.1
1.324
1.224
0
0.2
0.1
0.1
0.8
0
0.1
1.224
0.1
0
1.224
0
1.324
0
1.824
0.4
0.1
0.2
1.524
0
0.5
0.5
0.2
0
0.1
0
1.324
0
4.224
0.1
0.9
0.4
0.5
0.1
0
0
0.7
0.2
0
0.1
0
0
0
0
0
0.1
0
0.3
0.1
0.1
0.3
4.3
0
0.4
0
0
1.224
1.224
0
0.4
0.3
0.4
0.4
0
0.5
0
0
0
0.1
0.2
0
0.3
0.4
0
2.024
0.1
0
0.3
0.3
0.2
0.1
0.1
0
0.1
0
0.1
0.6
0.2
0.2
0.4
0.1
0.8
0.3
1.224
1.324
0.4
0.6
0
0.1
1.2
0.2
0.7
1.224
0
0
0.2
0.6
0.2
0
0
0
1.2
0.1
3.1
0.3
1.224
0.1
0.7
0
1.3
0
0.3
0.1
1.224
2.2
0.2
0
1.324
0
1.224
1.224
0.1
1.224
3.5
0.1
1.624
1.324
1.324
0.1
0.2
0
0
0
0.1
0
1.224
0.8
1.1
0.2
0.2
1.224
0.5
0
0
0
0.3
3.2
0.3
0.2
1.624
0.1
1.7
0.1
0.3
0.2
3.024
1.424
0.7
0
1.224
0
0
1.824
1.424
2.524
0.2
1.624
1.224
0
1.424
0.2
0
0
1.824
0.1
0.2
0
1.424
1.224
0.1
0.4
0.6
0.1
0
0
0.4
0.2
1.224
1.324
0
0
1.424
1.524
1.224
2
0.2
0
0
0.1
0.1
0.7
0.2
0
0
1.524
0.2
0
0
0
0.2
2.2
1.524
1.224
0
0
0.6
0.2
1.324
0
0
0.2
0
1.624
0.1
0
0.7
0
0.1
0
0.6
0.1
1.524
1.424
0
0
1.224
1.324
1.324
0
0.1
0.4
0
0.1
0
1.224
0
0
0
1.724
0
1.324
0.3
1.624
0.1
0
0.1
1.224
0.2
0.6
2.024
0
1.2
1.224
1.224
0.2
1.724
0
0.4
0
1.5
1.824
0
0
0.1
0
1.624
1.524
0.1
0
1.224
1.224
0.2
0
0
1.224
0
1.224
0
0.9
0
1.524
0.1
0.4
0
0.1
1.724
0.2
0.2
1.324
0.1
1.224
5.2
0
1.324
0.2
0.1
0.4
0
0.1
0.2
1.524
1.624
1.324
1.224
0.1
1.624
0
0
0.7
0
0.3
0.2
0
0
0.1
1.224
0
1.224
1.224
0.1
0
0
0.1
0
0.1
0
2.024
1.624
1.424
1.824
0.2
0
0
0
2.9
1.2
1.224
0
0.8
0
0.1
0
0.2
0.6
0.6
1.224
0
1.324
1.424
1.224
1.224
0
1.424
1.324
0.4
2.4
0
1.324
0
0
0.3
1.724
0
0.1
0.2
1.224
0.2
0
0
0.6
1.524
0.6
1.424
0.3
1.624
0
0
1.224
0
0
0
0.1
0.4
0
1.324
1.224
1.624
1.224
1.324
2.324
0.8
1.424
0.4
0.1
1
0
0
2.624
0
1.324
1.324
0
0
0.1
0
0.6
1.224
0.1
1.224
0
1.324
0
2.824
0.1
0
0
0
0.3
2.624
0.2
1.224
1.224
0
1.924
1.324
0.3
0.3
0.1
1.224
0
1.824
0.3
0
1.224
1.324
0.5
1.224
0.3
1.424
1.324
0
0.1
0.1
0
0
0
0.4
0
0
0
1.524
0
0.2
0.2
0.1
0.2
1.824
0
1.524
0.1
0
0
0
1.324
0
1.324
0
0
0
1.224
0
1.324
2.024
0
0
0
1.324
0.3
1.324
0
0
1.824
0
0.2
0
0.4
1.324
0.5
1.324
1.424
1.224
1.324
1.224
1.824
0.1
1.324
1.824
0.2
0
1.924
0.6
2.224
0
1.224
0.4
0
2.024
1.324
0
1.1
1.324
0.2
0
0
0.3
0.1
1.224
0
0.1
1.224
1.424
1.224
1.224
1.424
0
1.524
1.624
3.624
0.5
0.3
1.624
0.2
0
0.3
0.4
0.4
0
0.1
0
0
0.3
1.624
0.1
1.324
0
2.6
0
1.224
0.5
1.324
0
1.1
0.2
0.1
1.524
0.1
1.924
0
0
1.924
0
0
0.5
1.424
0
0.1
0
1.224
0.5
0.2
0.1
0.2
1.324
0.1
1.224
0.1
1.224
0
1.324
0.6
0.6
0
1.224
1.324
0
0
0.1
0.2
0
2.924
1.224
0
1.324
0
1.324
1.324
0
1.224
0.1
0
0.1
0
0.2
1.324
0
4.4
1.224
0
0.6
1.1
0.1
1.224
1.524
0
1.424
0
0
0.1
1.324
1.224
0
0.1
2.724
0
1.224
0
0
0
1.324
0.1
0.1
0.4
0
0.2
1.224
2.024
0
0
1.224
0.1
0.1
0
1.224
0
0
1.224
0
0.2
1.524
0
2.324
1.3
1.424
1.324
0.2
0.1
0
1.224
0
0.1
0.1
1.224
0
0.1
0.2
0.1
1.3
0
1.224
1.224
1.624
0.1
0.1
1.424
0
0
1.224
0.1
0.2
1.424
0.2
0.3
0
0
1.324
1.624
1.224
0.5
1.224
1.224
1.524
1.524
1.524
0.3
2.324
0.1
1.424
0.2
0
1.224
0
1.524
0
0
1.524
1.324
0
0
1.224
0
0
0
0.1
0
0
0
1.224
0.3
1.524
2.724
0.2
1.4
0
0.3
1.5
0
0
0
1.2
0
0
0.2
0.5
1.224
1.224
0
1.424
0.1
0
1.524
1.724
0.7
0.2
0.3
2.924
0
1.224
0
0
0.3
1.424
0
0.2
1.324
0
0
0.1
1.324
1.224
0.2
1.824
0.4
1.224
0.2
2.7
1.224
1.324
1.624
0
0.7
1.5
1
1.224
1.824
0
0
0.8
1.324
0.5
2.124
0.1
0.6
0.2
1.424
0.1
2.4
1.324
0
0
0.1
1.524
1.224
1.524
0
1.424
0
0.8
0.3
0.4
1.224
0.1
0.3
1.424
0.2
0.4
0.1
1.1
0.2
1.224
1.424
2.024
0.6
1.224
1.324
1.224
1.324
1.524
0
2.124
1.224
0.2
1.524
2.424
1.224
1.224
0.1
1.224
1
0
1.724
1.824
1.824
0
1.224
0.2
2.224
0
0
1.224
1.3
0.5
0
1.624
0.4
0.5
0.6
0
0.5
0
0.2
0.3
1.724
0
0
0
0
0
0.5
0
1.324
1.324
0.1
1.924
1.324
1.224
1.424
13.444
0
4.8
0.2
1.324
1.224
0.1
0
0
1.324
0.2
0.1
0.1
0.6
0
0.1
1.524
0.1
1.224
4.7
0
0
0
1.2
0.4
7.224
1.5
1.224
5.624
0.1
0.2
1.324
0.1
0
0
0.2
0.1
1.324
0
0
1.424
0
0.2
0
0.1
0.3
0.3
0.1
0.2
0.2
0.1
0.1
0.1
0.2
1.224
0.5
1.324
0.6
0.1
0.2
1.624
0
0.1
0
0.9
0.8
1.224
1.524
1.324
1.224
0
0
0.1
0.2
0
0.6
0.1
1.624
1.524
0.3
0.4
0
0.1
0.4
0.1
0
0
0.2
1.224
0
0.6
5.724
1.424
1.324
2.224
2.9
1.824
