3.624
0.8
4
1.8
0.7
0.2
0.3
0
0.5
0
0.2
0.2
0.6
2.7
3.3
0
0
0
0.1
0.4
0.2
0.9
0
0
0.8
0.3
1.524
0.7
0.2
0.2
0.3
0.2
7
0.2
0.2
1.9
0.4
0.4
0.4
0.7
0.3
7.924
0
0.4
0.6
0
2.124
0.9
1
0.5
0.3
0.1
1.2
0.1
0.7
0
0.2
0.1
0.3
2
5.7
2.4
0.4
3.5
3.824
1
0.3
0.4
0.7
6.4
1
2.2
0.8
0.4
9.124
2.5
0.1
0.6
0
0
1.1
0.1
0.1
0.4
0.1
0.1
0.1
0
0
3.7
0.4
0.8
1.824
0.2
0
1
1
0.2
0.1
0.1
0.1
2.2
2.3
0.1
1.224
0.2
1.224
3.5
0.7
0.4
2.824
1.424
0.2
0.1
0.2
1.2
1.424
0.2
0
0.1
10.6
0.2
0.2
1.5
0.9
0.2
0.1
0.1
0.2
2.4
2.824
0.1
0.7
0.2
2.224
1.7
0.4
0.4
1.4
3.524
0.6
0.7
0.1
1.1
0
0.2
0.9
0.7
0.4
0.1
0.1
1.52
0.7
1.324
1.8
1.7
2.224
0.4
5.124
0.5
0.5
0.1
0.3
1.324
2.224
0.4
0.1
0.1
1.924
11.3
0.4
2.6
1.224
0.6
1.424
2.4
0.3
0.1
0
1.7
1
2.1
0.1
0.4
4.024
1.7
3.2
0.4
0.4
0.2
0.9
0.5
0.7
2.6
0.7
1.1
0.1
2.324
0.1
2.3
1.3
0
1.224
1.2
5.9
0
0
1.6
1
0.5
0
1
1.6
0
0
12.724
0.1
6.424
0
0
0
0
4
0.4
0
0.5
0
0
1.2
0
1.1
0
0.3
0.1
0
0.2
8.9
0.2
1.224
1.4
0
2.3
0.9
0.1
1.224
0.1
1.224
0.1
0.1
3.8
0
0.6
0.2
0
0.1
0.1
0
2.5
0.1
0.9
0.1
0
0.4
1.4
0
0.1
2
0
0.2
0
0
0.6
0.2
0.2
4
0
0.1
0.4
1.324
1.224
1.224
0
1.1
0
1
0.3
0
0.3
0.6
0.1
0
0
1.02
4
0
1.324
0
1.724
0.2
1.224
0.3
1.624
0.8
1.2
0.2
0.1
1.5
0.8
0.1
1.5
0.3
0
0
0
0
0.7
0
1.624
0
2.124
1.324
0.4
3.424
2.724
1.1
0.2
0.1
0.1
0.2
0
4.5
0.3
0.1
1.8
0.4
0
0.1
0
7.224
0
1.324
0.1
7.5
1.924
2.6
1.7
0.6
0.2
4.024
1.724
1.524
2.224
5.6
12.624
0
0.4
0
1.724
0.1
1.5
1.1
0.1
0.2
0
0.1
0.5
0.1
0
0.4
0.1
0
0.2
0.2
0.2
0.1
0.1
3
0
0.1
0.4
0.6
3
0
0
0
0.6
0
1.3
0.2
0.1
0.2
0
5.9
0.2
0.8
0.3
0.2
0.5
0
0
0.2
0.4
0
1.7
0.1
0.1
0.1
0
0.8
0.1
4.4
1.4
0.3
0.1
0.4
0.7
0.4
0
1.924
0.7
0.2
0.2
1.2
2.2
1.924
0.5
0.1
0.1
1.5
0.8
0.3
2.324
0.4
0.5
1.4
0.7
0.2
4.924
0.6
1.824
0
1.424
0
1.824
0.6
0.1
0
0.1
0.9
0.2
0.4
0
0.1
1.3
0.2
0.3
0.7
0.1
1.524
2.6
0.4
0.3
0.1
2
0.5
0.2
1.2
5.9
5.124
0
2.6
5.8
0.1
0.4
1.7
2
1.5
0
1
1.3
0.1
0.1
0
0.4
0.5
0
0
1
0.8
0
0.2
0
0.5
0.4
0.2
0
0
0.2
2
0.1
0.2
0.9
1.4
1.224
0
0.2
0.2
2.1
0
0
0.2
1.1
0.4
0.1
0.1
0.6
0.2
0
0.3
0
8.024
0.2
0
0
0
1.3
2.8
0
0.1
0.1
0.2
1
1.6
0.1
0.2
0.4
1.324
0.7
0
1
1.4
0.1
0.5
0.4
0.4
0.5
1.6
0.9
0.2
0.1
0
0.2
0.2
0.4
0.2
0.4
0
1.9
0
0.3
0.9
0.4
0
0
2.724
0.1
2
1.3
0.2
0
0
0.4
0
0.1
0.4
0.2
0.1
0
0.1
4.9
0.8
0.1
0.1
0
0.2
0.2
0.1
0.4
0.1
0.2
0.4
0.1
1.324
1.2
0.2
0
0.2
0.5
0.1
0
0.1
0.1
0.5
0
0.3
0.2
3.124
0.8
0.1
0
0.1
0.5
1.6
0.4
0.2
1.5
0.3
0.1
6.6
0.7
0
0.3
0.1
0.6
0.2
0
0.3
1.1
1
0
0.2
0.2
0.2
0.1
0.1
0
0
0.4
0
0
0.3
0.2
0
0
2.324
0.2
1.324
1.7
0
0.2
1.324
0
0.2
1.2
0.9
0
0.5
0.1
0
0.8
3.3
0
1.8
0
0.3
0
0
0.2
0.2
0
0
0.1
0.4
0.6
1.8
0.1
0
0.8
0.9
1.4
0.2
0.4
1.7
0
0.3
0.1
0.1
0.7
0.2
0.4
0.8
0.1
0
0
0.2
0.7
0
1.2
0
0
0
0.4
0
1.3
1.224
0.5
0.2
1.1
0.8
0.4
0.1
0.1
0.1
0
0.1
1.524
0
1.4
0.1
0.1
0.2
0.7
0.7
0.2
0.1
0.1
0
0.1
0.1
0.5
8.024
0
0.4
0.3
0.1
0.1
0
0
1.2
0.2
2.524
0.3
1.3
2.124
0.1
0.4
0
0.1
0.3
0
0.6
0.5
1.3
0
0.3
0.2
0.1
8.6
3.6
0.4
2.124
0.9
0.2
0
0
0.2
0
0.1
0.5
0.4
1.3
0.5
0
0
0
1.02
0
0.5
0
0
0
0.1
0.4
0.5
0
0.2
0.3
0.7
0.1
0.8
1.9
0.3
0.5
0.1
0.4
0.1
1.324
0.1
1.1
4.9
0.3
1.324
0.1
0.4
0.2
0
3.324
0
0.5
0.1
1.224
1.724
0
0
0.4
0.2
0
0.3
0
0.6
0.1
0.1
0
0.4
0.1
0.4
0.3
1.224
0.3
0.5
0
0.1
0.3
0
0.2
0.3
0.2
0.1
0.2
0
0
0.4
0.1
0.6
0.4
0.1
0.3
0.2
0
0
0.3
0
1.1
0.2
0.1
0.2
1.6
1.424
0.3
0.2
0.1
0.4
0.6
0.1
2
0.6
1.224
2.9
1.424
1.424
1.224
0
0.4
0.1
0.3
1.9
3.6
0.2
0.3
0
0.1
0.1
0.3
0.2
0.3
0
0.1
3.224
0.2
0.3
1.1
0
0.4
0.1
0.4
0.1
0.1
0.1
0.2
0.2
0.1
0.6
0.4
0.1
0.3
2.9
0.6
0.8
0
0.6
0.1
0
0
1.4
0.1
1.5
2.024
0.1
0.6
0.4
0
0.9
2.6
1
0
0.1
0.2
1.1
0.1
5.824
0.3
2.4
1.6
1.3
0.5
0.2
0
1.6
0.5
0.3
0.5
0.1
0
0
1.32
0.1
0.1
0.1
0.3
0.4
0.1
0.8
4.9
0
0.8
0.1
0.2
1.224
0
0.2
0.6
1.4
0.3
0.8
0.1
2.5
0
0
0.1
0.1
0.6
0
1.8
1.1
0.3
1.6
1.924
0.2
1.62
1.32
1.3
0.2
0
1.224
0.2
0.1
0
1.4
0.3
0.3
0.4
0.4
1.8
0.8
0
0
1.3
1.3
0
0.5
3.6
1.3
1.1
0.2
0
0
0.8
1.1
0.6
0
0
0
2.9
0
5.524
0.4
0
0.2
1.7
0
2.2
0.5
1.624
0.6
0.3
3.5
0.7
0
0
0.1
0
0.2
0.2
0
4.8
0.4
1.1
0.2
1.524
1.324
1.2
0
0
0
0.2
0.2
0.2
2.4
3.224
0.6
0.2
0
0.4
0
0.2
0.4
0.3
12.5
1.524
0.3
1.724
0.4
4.9
0.2
0
1.624
3.4
0.1
1
0
0
0.1
0
3
0.9
2.1
1.724
0.8
0.5
0.2
0.6
0.6
0
0.5
1.6
0.5
0.5
0
2.224
0.1
0.2
1.2
1.8
0.7
0.3
0.2
2.324
0.5
0.3
0.7
0.1
0
0.3
0.6
1.324
4.6
0.3
0.3
0
0.9
1.424
2.6
0.4
0.2
0.1
0.7
0.6
0.2
0.6
1.624
1.424
3.6
1
0
0.1
0
2.4
0.1
0.3
0.2
0
1.824
0.7
2.524
0.2
0
2.3
0.5
0.3
0.6
2.6
0.1
0.9
0.1
0.1
0
1.724
0.6
0.3
0.7
1.724
0.7
0.1
1.424
0.3
1.224
0.3
0.1
0
1.5
0
0
1.424
1
0.7
0.6
0.4
1.524
1.2
2.6
2.524
0
4.6
0.2
1.324
0.4
2.3
0.4
1.1
0.3
3.2
1.1
0
0.1
0.6
1.724
3.324
0.9
0.4
0.1
0.1
0.1
0.7
0.5
0
0.2
0
1.224
0.8
4.124
0
2.9
0.3
0.7
0.3
0.7
1.2
0.9
1.3
0.4
0.4
0.1
8.5
0.3
0.1
1.624
1.624
0.5
0
0.6
1
0.5
2.724
0.7
0.1
0.4
0.5
1.424
0.2
3.1
0
1.5
0.8
0
0
1.424
0.3
0
0
0.1
0.4
0.2
0.2
0.3
0.2
0.8
0.8
0.9
1.2
1.8
1
0.5
0
0.2
0
8.5
2.2
0
0.1
0.7
0.2
0.4
0.5
0.5
1.1
1.3
0
1.624
0.4
0.7
0.7
1.524
0.1
0.6
0.1
2.2
5.7
0
0.7
0
0.5
1.824
1.3
0.1
0.1
0.5
0.1
0.4
0.1
0.5
1.3
0.5
1
0.3
1.524
0.3
0.2
0
0.4
0.1
0.3
0.1
0.9
1.8
1.624
0.2
0.1
1.4
0.1
0.6
2
1.6
0.5
1.8
0.5
3.024
0
0
4.8
0.6
0
1.424
1.324
0.1
0.2
0
1.4
0.3
0.6
0.2
0.6
0.4
0
2.6
0.2
0.1
0.1
0.1
0.7
3.8
0.6
0.3
0.1
0.1
1.1
0.7
0.3
1
0.2
0.1
0.2
1.4
0.7
0
0.3
0.6
1.3
0
1
0.6
1.4
0
0.2
0.3
0
2.444
0.1
0.8
0.8
1.2
0.2
1.924
0.1
0.5
0.4
0.4
0.3
1.2
0.4
1.9
0.2
0
0
0.6
0.7
0.2
0.2
0
0.1
0
0
0
0.9
0.9
0.4
0.3
0.9
0.6
0.6
0.2
0.4
0
1.3
0.2
0.3
0
1.1
1.624
1.8
1.5
1.824
0
0.2
0.8
1.7
0.1
0.8
0.8
0.9
0
2.2
1.6
2.7
0.2
1.324
2.224
0
1.4
0.3
0.3
1.5
0
0.4
0.3
0
1.524
0.5
1.424
1.224
0.5
0.2
0.9
0
0
0.1
0.2
0.6
0.7
5.4
1.5
0.6
0.6
1.424
0.3
1.2
1.5
0.8
0.6
0.6
0.3
0
1
1.2
0.4
0.1
0.2
5.824
1.524
0
1.2
0.5
0.5
1.9
2.424
0.3
2.524
1
1.2
0.1
0
2.2
0
0.2
1.1
0.6
0.1
0.2
0
0.1
2.1
1.824
0
1
0.2
1.624
0.1
0.1
0
0.1
0.1
2.8
3
0
0.1
0.4
1.224
0
0.6
0.2
0
6.124
0.9
0.2
0.3
0.2
0.5
0.1
0.1
0
0.8
0.4
0.4
0.1
0.5
0.3
0
7.724
1.324
0
2.3
1.8
0.1
1.224
0.7
0.2
0.6
0
0.1
0.2
0.1
0
0.1
0.4
4.1
0.1
0.1
0
0
0.3
0.5
0.3
1.1
1
0
1.724
0
2.1
0.5
0
0.2
0
1.3
1.524
0
0.1
0.2
1.224
0
0.3
1.2
0
2.8
5
1.1
1.1
0.8
0.1
0.1
0.6
0.2
1.324
0.1
0.1
0
0.1
0.6
0.3
1.6
0.8
0.1
0.2
1.8
0.9
1
1.4
0
0
0.1
0.3
1.5
1.3
0.8
0.6
0.2
1.224
0.4
2.824
1.424
1.2
0.4
0
0.9
1.3
0.9
2.3
4.024
0.4
0.4
0.4
0
0.2
0.2
0.6
0.1
0
0.5
0.2
0.1
0
0.1
0.9
0.4
0.1
0
0
1.324
0
0.1
0.7
0.6
6.6
0.6
1.9
0.1
1.6
4.7
0.2
1.324
0.2
3.5
0.1
0.2
0.3
0.7
0.2
0.5
0.5
0.8
0.3
0.7
1.8
1.9
1.3
1.4
0.3
4.4
0.3
0.2
0.3
0.1
1.1
0.8
1.424
0.4
0.6
0.1
0
0.5
0
0.2
0.4
1.4
2.2
0
1.824
7.8
0.6
0.3
1.424
0.1
2.7
4.6
3
1.224
1.3
0
0
1.3
0.7
3.124
1.5
0.8
1.1
0.9
0.5
1
8.124
0.2
0.5
0
0
1.2
0.1
2.624
1.524
0.4
0.2
1.1
0.6
0.9
0.1
0.7
1.4
1.5
1.4
0.7
0.3
2.2
0.6
1.224
0.1
2.5
1.9
0
0.7
0.4
0
0.6
1.524
2.3
0
0.6
1.2
4
1.224
0.2
0.4
1.2
1.7
0
0
0.8
2.8
0.1
1.824
0.5
2.324
0.4
0.3
0.3
4.5
1.5
0.4
1
1
1.4
2.4
1.424
1.7
0.1
1
0.2
1.3
0.1
0.3
0.1
0
0
2.524
0
0.3
0.6
0.4
1.7
0
0
0.4
4.8
0
31.364
1.62
1.42
1.02
1.22
1.02
1.12
1.224
0.3
1.5
1.224
1.1
1.224
0
0.2
0.2
0
8.8
0.1
0
0
2.7
0.8
9.2
3.1
0
8.924
0.7
0.1
0.5
0.1
0.1
0.5
0.9
0
0.2
0.2
0.1
0.8
0.1
0.5
0.1
0.1
1
0.4
0.2
0.8
0.5
0.1
0.5
0.1
1.32
0
1.624
1.324
1.4
0.1
0.2
1.624
0
0.2
1.224
2.324
2.6
1.524
1.1
1.1
0
1.324
0
0.3
0.1
0.1
1.2
0.5
1.724
2.324
0.3
0.5
0.1
0.1
1
1
0
0
0.5
0
0
1.2
12.224
1.724
0.6
2.4
4.4
1.2
