1.324
0
1.424
0
1.424
0
0
0
1.224
0
1.224
1.224
0.1
0
0.2
0
2.036
0
0
0
2.448
2.548
0
0
1.224
0
0.1
1.224
2.448
1.224
0
1.224
1.224
1.224
0
1.224
1.224
1.224
1.836
1.224
1.224
1.524
0
1.836
1.836
1.224
0
0.1
1.324
3.672
1.224
0
3.672
1.836
0
0
1.224
0.1
1.224
1.224
0.3
0.3
1.836
0.1
0.1
1.324
0
0
1.224
0.1
1.224
2.448
1.224
1.224
1.624
1.324
0
0.1
0
1.224
1.224
0
1.224
0.1
1.836
0
0
1.836
0
0.2
1.224
0.1
0
0
0
2.648
2.448
1.224
0
0
1.936
0
0.2
1.224
0
1.224
1.224
0.1
0
1.224
1.324
0
1.224
1.224
1.936
0
1.224
0
1.224
1.224
0.5
1.836
0
1.224
0
1.224
3.06
1.224
0
1.224
1.224
1.836
0
0
1.224
0
1.224
1.224
1.224
0
1.224
0
0
1.324
0
1.836
1.224
0
1.224
0
1.324
1.224
1.224
1.224
3.06
1.324
0.1
0.1
1.224
0
1.224
0.1
1.224
0
0
1.836
0
1.224
0
0.2
1.224
1.324
1.224
1.224
1.224
1.224
1.836
0
2.448
1.324
1.224
1.324
0
1.224
0.1
1.324
1.524
1.224
0
1.224
0
2.448
1.224
1.224
1.224
1.224
1.224
1.324
1.224
0.1
1.324
0
0
1.224
1.324
1.936
1.224
2.648
1.224
1.224
1.224
1.224
0.1
1.836
1.224
0.4
1.224
0.2
1.836
1.224
0
1.224
1.324
1.324
1.324
1.224
1.224
1.224
1.724
2.448
1.224
1.224
1.324
0
1.224
1.936
1.724
1.324
3.06
1.324
0
1.224
1.224
1.936
1.836
0
0
0
1.324
0.1
1.224
1.836
3.16
1.836
0
1.224
0
0.1
1.224
1.224
2.448
1.224
1.224
1.936
1.224
1.224
0.1
1.224
2.448
2.448
1.224
1.224
2.448
1.224
0.1
1.224
1.224
0.1
2.448
1.224
0
0
1.324
1.224
1.224
1.224
1.224
1.224
2.448
2.448
2.448
1.224
1.02
0.1
0
1.836
0
0
0
1.224
0
1.324
2.336
0.1
0
1.836
0
1.224
0
1.224
0
1.836
1.224
0
0
1.224
1.224
1.224
0
1.224
1.224
0
1.324
0
0
1.224
0
0
0
0
0.1
0
0
1.224
1.224
0
0
0
1.224
1.224
0
2.448
0.3
0
1.324
1.324
2.448
1.224
0.1
1.224
2.448
1.324
0.1
0.5
0
0.1
1.224
0
0
2.548
2.448
0
2.448
2.448
1.224
0.1
0
2.448
0.1
1.224
1.224
1.224
1.224
1.224
0
0
0.1
0
0
0
1.224
1.624
0
0
0
0
1.224
2.448
1.224
0
0
2.548
0.2
0
0
1.224
0.1
2.448
1.224
0
1.424
1.224
1.224
1.424
1.224
3.672
1.324
1.224
2.748
1.224
0.3
1.324
1.224
1.224
1.324
0.1
1.324
0
0
0
2.548
1.224
1.224
0.3
1.324
2.648
0
2.448
2.548
1.224
0
1.224
1.224
0.1
2.748
0.3
1.224
1.324
1.324
1.224
1.224
0.1
0
1.224
0
1.224
0
1.224
2.448
1.224
0
0
0
3.36
1.836
2.448
1.224
0
0
1.624
1.324
1.224
1.424
0.1
1.224
1.836
0
1.424
0.1
0
3.06
1.324
1.936
1.324
1.224
1.224
0
0
2.136
0.3
3.16
0
1.224
0
0.1
1.836
1.224
1.324
0.1
1.224
1.224
0
1.224
1.224
1.224
1.224
0
2.448
2.548
1.224
0
3.16
0.1
1.224
0
1.224
1.224
0.3
0
1.224
1.224
1.424
1.224
1.224
1.224
1.224
0
4.284
1.324
0
0.1
1.224
1.224
2.448
0
2.548
1.524
1.324
1.224
1.224
1.224
1.324
1.224
2.448
0
1.224
1.224
1.224
1.224
1.224
0.1
1.224
0
2.448
0.1
1.224
1.224
1.624
4.384
1.224
2.448
0
1.324
1.224
1.224
0
1.224
1.424
1.224
0
0
1.224
0
0
0
2.448
2.548
1.224
3.772
2.448
1.224
0.1
1.224
0
1.224
1.224
0
2.448
1.224
1.424
1.424
0
3.06
0
1.936
1.224
1.224
1.224
0.1
1.224
1.224
1.224
0
1.324
0
1.224
1.224
1.424
1.224
1.224
1.224
0
1.224
0
1.224
0
0.2
1.224
0
0
1.224
0
2.448
0.1
0
1.224
2.036
0
1.524
1.324
2.448
0
0
0
1.224
0
0.1
2.448
2.448
0
0
1.224
2.448
1.324
3.06
1.224
1.224
0
0
2.448
0.1
2.448
1.224
0
1.324
1.224
1.224
0.2
0
1.224
0
1.224
1.224
0.2
2.548
2.448
2.448
2.448
0
0
1.424
0
3.672
1.224
1.224
1.224
0
0
2.448
1.224
1.224
4.284
1.224
1.224
1.324
1.936
1.224
1.224
2.448
1.324
1.224
1.224
0.1
1.224
2.448
0
2.548
1.224
1.224
0
1.224
0
0
0
1.224
0
0
0.1
4.284
1.224
2.448
2.548
0
0
1.224
1.224
0
1.324
1.324
1.224
1.224
1.224
1.224
0
0
1.224
0.1
1.224
1.324
0
0
1.224
3.26
0
1.224
1.224
0.1
1.224
1.224
0
0.3
1.224
0.1
2.548
0
1.224
3.16
1.224
1.224
0
2.548
1.224
3.26
0
3.26
1.324
1.224
1.224
2.548
0
1.224
2.448
0
1.224
1.224
1.224
1.224
0.5
2.648
0.1
0
0.1
2.448
1.224
1.224
1.224
2.448
0
2.448
0
1.624
2.448
1.224
0
0
1.224
1.224
2.448
1.224
0
2.448
2.448
1.224
1.224
0
1.224
1.324
1.424
1.224
0.1
0.2
2.448
2.448
0
0.3
0
2.548
1.224
0.1
0.2
1.324
1.224
1.224
1.324
1.224
0
0
1.224
1.224
1.224
1.224
1.224
1.224
1.224
2.448
0
0
1.224
1.224
2.448
0
1.224
1.224
1.224
1.224
0
1.836
1.224
1.224
2.448
0
0.1
1.324
1.224
1.224
1.224
0
1.224
0
1.224
0
0
0
1.224
1.224
1.224
1.324
0
1.224
0
1.224
0
1.224
1.224
0
3.672
1.324
0
0
1.224
2.548
3.672
1.224
0
3.26
1.424
2.448
1.524
0
2.448
1.224
1.224
3.06
1.224
1.224
2.648
1.524
2.448
0
1.224
0
2.448
1.324
0
1.224
3.672
0
1.224
0
2.448
2.748
1.224
1.324
0
0
0
0
0
1.224
2.448
2.448
0
0.1
0
0.1
0.2
1.224
3.06
1.224
0
0
4.284
0
2.548
1.224
1.224
1.424
2.448
0.1
1.324
0
1.224
1.324
1.224
2.448
0
1.224
3.772
1.224
2.748
0.2
1.524
1.524
2.548
2.036
1.324
1.224
0.1
1.224
1.224
1.224
2.448
2.448
2.448
3.568
2.448
1.224
3.06
2.548
2.448
2.448
1.324
0
0.1
1.224
0
0
1.224
1.224
0
0
2.448
1.224
1.224
1.224
0.1
0
0
1.324
2.448
1.224
0
0
0.1
1.224
2.548
2.448
2.448
3.468
3.468
0
2.448
2.448
0
2.448
1.836
2.448
2.448
2.548
4.284
2.448
1.224
2.548
1.224
2.448
2.448
2.448
2.036
0
3.16
3.46
3.36
1.424
3.672
0
2.448
0
1.224
3.16
0
2.448
0
0.1
1.224
0.1
0.1
2.448
1.224
3.46
1.224
0
0
0
1.224
1.224
0
1.324
0
1.224
3.06
2.448
2.448
0
1.224
0.2
1.224
1.324
2.448
1.324
0
1.524
0
0
0
1.224
1.224
1.224
0
0.1
0
1.224
1.224
0
0
1.224
1.224
1.224
1.724
0
1.224
1.224
1.324
0
1.224
0
0
2.448
2.448
0
0.1
1.224
1.224
1.224
2.548
2.448
1.224
0
1.324
1.224
0
1.324
0
0
1.224
1.224
1.224
1.224
0
2.448
3.672
1.224
0
1.324
1.224
1.324
0
0
1.224
2.448
2.448
0
1.224
2.448
1.224
1.224
1.324
1.224
1.224
0
1.224
0
1.324
0
1.224
1.224
1.224
0
0
0
0
0
0.1
2.448
3.672
1.224
0
1.424
1.224
2.448
1.224
0
0
1.324
1.224
1.224
1.224
1.424
1.324
1.324
1.224
0.1
1.224
2.548
1.224
1.224
0
1.324
1.224
1.224
1.224
2.448
0
0
0
1.224
1.224
1.224
0
1.224
1.324
0
2.448
0
1.324
1.224
0
1.224
2.448
1.324
1.324
1.324
1.224
0.3
1.224
1.224
1.224
2.448
3.16
0
1.224
0
1.224
0
0
0
0
1.424
1.224
1.224
1.224
2.448
1.224
1.324
1.324
0
5.508
1.224
1.224
1.224
0
1.224
1.524
0
1.324
0
0
2.448
2.448
1.224
2.448
1.224
2.448
0.3
1.224
1.224
2.448
0
1.224
1.224
0.1
0
1.224
1.224
1.224
1.324
1.224
2.548
1.224
1.224
1.524
0
1.324
0.1
1.224
1.224
0
2.448
1.224
1.224
1.224
1.224
0
1.224
1.224
1.224
1.324
1.224
1.224
2.448
1.424
2.448
0
0
0
1.224
0.4
0
1.224
0
0
0
1.224
1.324
0
1.224
1.424
1.224
0
1.224
1.324
1.224
2.448
0
2.448
1.224
0
0.1
0
2.448
2.448
0
1.224
2.448
1.224
1.224
1.224
1.224
1.224
1.224
1.224
1.224
2.448
1.224
2.448
1.224
2.448
0.1
1.224
1.224
0
1.224
1.224
1.224
0
0
1.224
1.224
1.424
1.224
1.224
2.448
0
3.672
0
1.224
0.1
0
1.224
2.548
0
1.224
1.224
1.224
0
1.224
2.448
2.448
1.424
1.224
1.224
1.224
1.224
1.224
1.224
0
1.224
1.224
1.224
1.224
1.424
1.224
1.224
1.224
0.1
2.448
2.448
1.224
0
1.224
2.448
0.1
1.224
0
0
1.224
2.448
1.224
1.224
0
2.448
1.224
0
0
0
2.448
0
0
1.224
1.224
1.224
1.224
1.224
0
1.224
1.224
1.224
0.1
1.224
1.224
1.324
0
1.224
0
1.224
1.224
1.224
1.224
1.224
1.224
1.224
2.448
1.224
1.224
2.548
0
0
1.324
2.448
0
2.448
0
0
1.324
0
0.1
0
1.324
1.224
1.324
2.548
2.448
1.224
2.548
1.224
1.224
0
2.548
1.224
2.548
1.224
1.224
3.36
1.324
0
1.224
1.224
2.448
1.224
1.224
1.224
1.324
1.224
0
1.224
0
1.224
0
1.324
0
1.224
2.448
1.324
1.224
2.448
3.672
1.224
1.224
3.672
2.548
1.324
0
2.548
0
0
1.224
0
0.1
1.224
1.224
1.224
0
1.224
2.448
0
2.448
0
0
0
2.448
0
1.224
1.324
0
0
1.224
1.224
1.224
1.324
1.224
1.224
2.448
0
1.224
1.224
2.448
1.224
0
1.224
1.224
1.324
2.448
0
1.324
1.224
0
2.448
0
2.448
0
1.224
0
0
1.224
1.224
1.224
1.224
0
1.224
0
1.224
1.324
2.548
0
1.224
1.224
1.224
1.224
1.324
1.224
1.224
0
0.1
0
0
1.224
1.224
0.3
1.224
0
1.324
0
1.224
1.224
1.224
1.224
1.224
1.224
1.224
0
1.224
1.224
0
1.324
2.448
1.224
1.224
1.224
0
1.224
1.224
1.224
1.324
1.224
1.224
0
2.448
2.448
1.224
0
1.224
1.224
1.224
0
1.224
0
0.2
1.224
1.224
1.224
1.424
1.224
1.324
1.524
1.224
2.448
0
2.548
1.224
1.224
0
1.324
1.224
2.448
0
1.224
0
0
0
1.224
2.448
1.224
1.224
1.324
1.224
1.224
1.224
0
1.224
0
1.224
2.448
1.224
1.324
1.224
0
1.224
1.224
1.224
1.224
1.224
1.224
1.224
1.324
2.448
1.324
2.448
1.224
3.672
1.224
1.224
2.448
0
2.448
0
0
1.224
1.224
1.224
1.224
1.224
1.224
0
0
1.224
1.224
0
1.224
1.224
1.224
1.224
1.424
0
0
0
0
1.624
1.224
0
0
2.848
1.224
0
1.224
1.224
2.448
1.324
0
1.324
0
0
2.548
1.324
0
0.1
0
1.324
1.224
1.224
1.324
0
1.224
2.448
1.324
0
1.224
0
0
1.224
2.448
1.224
1.224
1.324
1.224
2.448
2.448
0.2
2.448
2.448
1.224
0
0
0.2
0
1.224
2.548
1.224
0
1.224
1.224
0.1
1.424
0.1
1.324
0
2.448
1.424
1.624
2.448
1.324
1.224
0
2.448
1.224
2.448
1.224
1.224
1.224
1.224
1.224
1.224
1.224
1.224
2.448
1.324
1.324
0
1.224
0
1.224
1.224
1.224
3.772
2.448
1.224
1.224
1.224
2.448
2.448
1.224
2.448
2.448
1.224
2.448
1.524
1.224
1.224
1.224
2.448
1.324
0
1.224
2.448
1.224
0
1.324
1.324
1.224
0.1
1.224
1.224
1.424
1.224
1.224
2.448
1.224
1.324
1.224
0
1.224
0
2.448
1.324
2.448
1.224
1.224
0
2.448
0
2.448
0
1.324
1.224
0.1
1.424
1.224
2.448
1.224
1.324
0
1.42
1.22
7.828
2.244
1.02
1.02
1.02
1.224
0
0
2.448
0
0
0
3.672
0
1.224
0.4
1.224
1.224
1.224
1.424
1.524
1.524
1.524
3.06
1.324
2.448
1.224
1.224
3.06
1.224
0
0
0.1
1.224
1.324
0
1.224
0
1.224
0
2.448
2.236
1.324
1.224
1.224
1.224
0
0.2
1.324
0
4.284
0.1
1.224
1.324
1.224
2.448
1.224
0
1.224
1.224
0
1.424
1.224
3.672
2.548
3.06
0
2.448
0
2.448
2.448
1.224
1.324
1.324
1.224
2.448
3.16
2.448
1.836
1.224
0
1.224
0
1.224
1.224
0.1
2.136
1.624
1.324
1.224
2.448
0.1
2.448
