0.1
2.244
1.724
3.048
1.324
0
1.224
2.448
0.1
1.224
1.224
0
0
2.624
1.724
1.224
0
2.448
2.448
2.448
0.1
0
1.224
2.448
1.324
2.448
2.548
1.224
2.448
1.224
2.448
0
0.6
0
0.1
0.1
0
0
0
0.2
0
0.1
0
0
0
0
0.2
0
0
0.1
0
0
0
0
0.1
1.324
0
0
0
0.1
0.5
0.1
0
2.748
0.2
0
0
0
0.1
0.5
0.3
0.1
0
0
0.6
1.424
0
1.224
0
0
1.424
0
0
0
0
0
0
0
1.224
3.048
0
1.324
0
0
0
0
0
0.1
2.448
2.448
0
0.2
0.1
0
1.224
0
0
0.2
0
0.1
0.2
0.1
0
0
0
0
0
1.224
0
0
0.9
0
2.448
0.1
0
0
0.1
0.1
0
0.2
0.1
0
0.1
0
0
0
0
0
0
0
1.224
2.448
0
0.3
0
0
0
0
0
0
0
0
0.1
0
0.1
0.2
0.1
0.1
0.2
0
0
0
0
0
0.1
0
1.224
0
0.3
2.848
0.1
0
0
0
0
1.424
0
0
0.1
0
0
0
1.224
1.224
0.4
1.224
0
0.1
0.1
1.224
1.324
0.1
0.2
0
0.1
0.2
0.1
0.1
0
1.724
0.1
1.224
0
0
0.3
0
0
0.1
1.324
1.224
1.224
0.1
2.648
0
0
0.8
0
1.724
0
0
0
1.424
0.8
1.324
1.224
0
0
0
1.324
0
2.548
2.448
0
0
1.324
0
2.624
0
0
0.1
0
0.1
0
0
0
1.224
1.224
1.224
0
1.424
0
0
0
0
1.324
0
0
0.4
2.648
0
1.224
0
1.424
0.1
1.224
0
1.924
1.224
0
1.224
0
0.1
0
1.224
0.8
0
1.224
0
0
0
1.224
0
1.324
2.448
1.624
0
0
0
0.1
0
0
1.224
0
0.8
1.224
0
1.224
0.1
0.2
0
2.548
0
0
1.424
1.224
0
0.4
0.1
2.448
0
1.224
0
0
2.448
2.448
1.224
0
0.1
1.224
0
0
1.224
0
0.1
0.2
0
0
1.224
1.224
0
3.048
2.548
1.224
1.324
1.224
0
0
1.224
0.4
1.224
0
0
0.8
0.1
0.1
0.1
0
1.424
0.3
0
0
0
0.7
0.8
2.448
0.1
0
0.1
2.448
0.3
0.2
1.224
0
0
0
1.324
1.224
1.224
1.224
1.224
1.224
0.1
1.424
1.224
2.548
0
1.624
1.324
1.224
1.224
2.548
2.948
1.224
0
2.448
0.1
1.224
0.4
0.1
0
1.224
2.448
3.048
1.224
2.448
0
0
0.1
0
2.448
1.224
1.224
0
0.1
0
0
1.224
1.224
0.1
1.224
1.824
0
1.324
0
2.448
0.1
0.1
2.448
1.224
0
0
2.448
0.2
2.648
0
0.1
2.448
0
0
1.224
2.548
0.6
0
0
1.424
2.448
0
0.3
0.1
2.448
2.448
2.448
2.448
1.324
2.448
1.224
1.224
0
0
0.1
2.448
0
2.448
0
0
0
1.324
1.224
0
3.248
0
0
0
0
2.448
0
0
0.5
0.4
2.448
0.3
0.6
0
1.224
2.448
0.1
2.748
1.224
0
1.524
0
1.224
0
0
2.448
0
1.224
2.548
2.548
0
0
1.224
1.224
1.224
0
0
2.448
0
1.224
1.224
1.224
0
0.1
0
1.224
0
1.224
1.324
2.448
0
0
1.424
1.324
0
1.224
1.224
2.448
0
2.448
0
0.6
0
0
0
2.448
1.424
0.1
0
1.224
0
1.224
1.324
1.624
0
0
1.224
0
0
0
0
2.448
0
2.648
0
2.448
0
1.424
2.548
0
0
0
1.324
1.224
0.2
0
0
0
1.324
0
0
2.448
0
0
0
0.3
0
0.1
0.1
0
2.548
1.224
1.224
0
2.448
0.1
0
1.324
0
0
0.6
0.3
1.224
0
1.224
0
0
1.224
0
2.448
0
1.224
2.448
0
0
0
0
0.1
0
0
1.224
0
2.548
2.448
1.224
1.224
2.448
2.648
0
2.448
2.448
0
1.224
0.2
1.224
1.224
0.1
0
0
0.1
2.548
1.224
2.548
0
0
0
2.448
2.448
1.324
1.224
0
1.324
0
0
0
0
1.224
1.224
1.324
0
0
2.548
1.324
1.224
0
0
1.224
0
0
2.448
1.224
0
0
0
0.1
0
1.224
1.324
1.224
2.448
1.224
1.624
0
1.424
0
0
0
0
1.224
1.224
0
1.224
0
1.224
1.224
1.424
0
2.448
1.224
1.224
1.424
0
2.548
1.324
0
1.224
2.448
0
2.448
0
1.424
1.324
0
1.224
1.224
0
0.1
2.448
0.1
0
1.224
1.224
0
2.448
1.324
1.224
0.2
0
0.1
0
0
2.448
0
1.224
2.448
0
0
2.448
1.424
1.224
2.448
1.424
1.324
0
0
0
0
0
1.224
2.448
1.324
1.624
0
0.1
1.224
2.448
1.224
0
1.224
0.1
2.448
1.324
0
0
1.324
0
1.224
2.448
0
0.1
0
0
0
1.224
0
1.224
0
1.224
2.624
1.324
1.224
0
1.224
1.224
0
0
0
0
2.448
0
1.224
0.1
1.324
0
2.448
1.224
0
1.224
2.548
1.224
0
1.224
1.224
1.224
0
1.224
1.224
0
2.648
0
2.548
1.724
0
1.224
2.448
1.224
0.1
1.224
0
1.424
1.624
2.448
0
1.224
0.2
0
0
1.524
0
2.548
1.324
0
1.224
1.224
2.448
1.224
2.448
1.224
0
1.224
0
2.448
1.224
2.448
0
1.224
1.224
0
0
0
2.548
0
0
0
1.224
1.224
1.224
1.224
0
1.224
0
0
0
2.448
1.324
1.224
0
1.224
1.224
0
2.448
0
1.224
1.524
1.224
0
1.224
1.624
0.1
0
0
0
0
0.1
2.448
0
0
0
1.424
0
1.224
1.224
2.448
1.224
1.224
0.1
1.224
0.3
0
0
1.224
2.448
0
0.1
1.224
0
0
1.224
0.1
2.448
0
1.224
2.448
0
0
2.448
1.224
1.224
0
0
0
0
0
1.324
0.1
0.1
2.848
0
0
0
1.224
1.224
0
0
0
2.548
0
1.224
0
1.324
0
2.448
2.748
2.748
0
1.224
2.448
1.224
0
1.224
2.124
1.224
2.548
1.324
0.1
0
2.548
1.224
2.648
1.524
2.448
2.448
0
0
0
1.224
0
1.224
0
1.224
1.224
1.224
1.224
2.024
1.224
1.224
0
0
0
1.224
2.448
1.424
0.2
2.448
2.448
1.224
2.648
2.448
1.224
0.1
0
0
2.448
2.448
2.448
1.324
0.2
0
0
0.1
0.1
1.524
0
0
0
1.224
0.1
1.224
1.424
0.2
0
1.224
1.224
1.624
0
0
0
1.324
1.224
1.224
1.224
1.924
1.424
0.1
1.324
2.448
0
0.3
0.3
1.224
0
0
0
1.824
0
0.4
0
1.224
0
0.2
1.224
0.4
0
0
0
0
0.4
0.1
0
0
0
0
0
2.448
0
3.548
0
0.1
0
0
0
0.1
0
1.224
1.224
0
0
1.224
2.748
0.1
0
0
1.224
1.224
1.224
0
0
0.1
0.7
0
0
0
0
1.924
1.224
1.224
0.1
0.2
0
0.3
1.224
0
0.1
1.224
0.1
0
0
0
0
1.224
0
0
0
1.224
0.1
0.3
0.2
0.1
1.224
0
1.224
0
0
1.224
0.1
0
1.224
0.3
1.224
0
0
2.448
0
0
1.224
0
0.4
1.224
0
0
0
1.224
0.2
0
0
1.224
0.3
0.1
0
0
0
0.1
0.5
0.1
0
0
1.224
0.4
0
0
0
0
0
0
0.2
0.1
0
0.2
0
0
0.1
0.1
0
0
0.1
0
1.224
0
1.224
1.224
0
0
0
0
0
0
0
0
1.224
0
0.3
0
0
0
0
0.1
2.448
0
0
0
0.2
0.4
0
0.5
0
0
0.2
0.1
0
1.324
0
1.624
0
1.224
2.448
1.224
0
0.3
1.324
0
0
1.224
1.224
0
0
0
0
0
0
0
1.624
0
0
1.224
0.1
0
0
0
0.1
0.3
1.324
0.1
0
1.2
0
0
0
0
0.2
0
0
0
0.1
0.1
0
0
0
0.1
0
0
0.4
0
1.224
1.324
0
0
0.1
0
0
0
0
0
1.224
0.1
0
0
0
0.1
0
0.1
0
0
1.224
1.224
1.224
0
0.8
1.424
1.224
0.1
0
1.224
0
0
0
0
1.624
0
0
0
0
0.2
0
0
0.1
0.1
0
0.5
1.224
0
0
0.1
0
0.2
0
1.224
0
0
0.3
0
0
0
0.1
0.4
0
0.1
0.1
0
0
1.224
1.224
0
0
0
1.424
0.1
0
0
0
0
0
1.424
1.224
1.224
0.3
0.1
0
0
0
0.1
1.224
1.224
0
1.224
0
0.1
0
0
0
0
0
0
0
0
0.2
2.448
0
0
0
0.2
0.3
0.1
0
0
0
0
0.1
0.1
0
0
0
1.224
0
0.1
1.224
0
0.1
0
1.224
1.224
0
0.1
0
1.224
1.224
1.224
0
0
1.424
0
0.1
0
0
1.224
0
0
0.1
0.1
0
0
0
0
0
0
0
1.224
2.448
0
0
0
1.224
0
0.1
0.1
1.424
1.224
0
0.1
0
0.2
0
0
1.224
0.3
0
0
1.224
0
1.224
0.1
0
0.1
0
0
0.1
0
0.1
1.324
1.224
0.1
0
0.1
0.1
0.3
1.224
0
1.224
0
1.224
0
0
0
0.1
0.1
0
0
0
1.224
0
0
0
0
0
0
0
0
0
1.224
0.1
1.424
0
0.1
1.324
0.1
0.1
0.1
0.1
0
1.224
0
1.224
1.224
0.1
0.1
1.224
0
1.224
0.5
0
0
0
0
0.1
0
0
0.1
0.1
0.1
0.1
0
0
0.2
0
0
1.624
0.1
0
1.224
0.1
0
0.2
0
0
0
0
0
0
0
0
0
0
0.2
0.1
0
0
1.224
0
0
0
0
0
0.3
0
0
0
0.1
0
0
0
0
0
0.1
0
1.224
0
1.224
0
0.6
0.1
0
0.1
1.424
0
0
0.2
0
0.1
0
1.224
0
1.224
1.224
0
0.2
1.424
0
0
0
0
1.224
0
0
0
1.324
0
0
1.224
0.1
0.2
2.448
0
0
1.224
0
0
1.224
0
0
0
0
0.1
0
0.3
0.3
1.224
0
1.224
0.1
0
0
1.224
0
0
0
1.224
0
1.224
0
0.1
0
1.224
0
0.1
0.1
1.224
0
0
1.224
0
0
0
1.324
0.1
0
0
0
0
0.2
0
0
0
1.224
0
0
0.1
0.2
0.1
0.1
0.1
0.1
1.224
0
0
1.224
2.448
1.224
0.1
0
1.224
1.224
0
0
0.1
1.224
0
0
0
0
0
1.524
0
0.2
0
0.3
1.224
0
0.1
1.224
0
0.1
1.424
0.1
0.1
1.224
0.1
0
0
0
0
0
1.224
1.324
0.1
1.224
2.448
0
0.4
1.224
0
0.1
1.224
0
1.424
0
0
1.224
1.224
1.224
0
0
0
0
0
0.1
0
0.1
1.724
0
0
0
2.448
0.1
1.624
1.524
0
0.1
0
0
1.424
0
0.2
0
0.1
0
0
0
0.2
1.524
0
0
0
0
0.2
0
0.2
0
0
0
1.624
0
0.2
0
0
0
1.224
0
0
0
0.6
0
0
0
0
0
0
0.1
0
0
0
0.1
0
0
0
0
0
0
0
0
0
0.2
1.224
0
0
1.424
1.224
0
0
0.1
0.1
0
0
0.5
0.3
0
0.1
0.1
0.2
0.2
0
0.1
0
0
1.224
1.324
0
0
0
0
1.224
0.2
1.224
0
0.1
2.548
1.324
0
0
1.424
0.6
0
1.1
1.224
0
0
0
0
2.448
1.02
1.02
3.468
1.02
5.868
1.02
3.468
1.02
2.344
1.02
4.468
1.02
0
0
1.624
0
0.9
0.3
0
0.4
1.224
2.448
0
0
0
1.224
1.324
1.224
0
0
2.448
0
2.448
0
1.224
1.224
0
1.224
1.224
2.648
0
1.224
1.424
2.448
0.1
0
1.224
0
2.748
1.224
1.224
0
1.224
1.224
0
0.3
2.748
1.224
0
0
0
0
0
0
1.224
1.224
0.1
1.224
0
1.224
1.224
0
1.224
2.448
1.224
0
2.448
1.224
0.1
0
0
0
1
0
0
0.1
3.348
0.1
