1.324
1.02
1.324
1.836
1.224
0
0
0
1.224
0
1.224
1.224
0
0.2
0.1
0
0
0
0
0
2.548
2.648
0
0
3.16
0
0
1.524
2.448
1.224
0.2
1.224
1.624
1.224
0.1
1.424
1.224
1.224
0
1.324
1.224
1.324
0
0
0
1.224
0
0
1.424
3.972
1.224
0
3.772
0
0
0
1.224
0.1
1.224
1.324
0.3
0.2
0
0.1
0.2
1.224
0
0
1.224
0.4
1.324
2.548
1.324
1.224
1.724
1.624
0
0
0
1.224
1.224
0
1.224
0
0
0
0
0
0
0.1
1.224
0
0
0
0
2.648
2.548
1.224
0
0
0
0
0
1.224
1.836
1.224
1.224
0.2
0
1.224
1.324
0
1.224
1.224
0
0.1
1.224
0
1.224
1.224
0.4
0
0
1.324
0
1.224
1.324
1.224
0
1.324
1.224
0
0.1
0
1.324
0.3
1.224
1.224
1.224
0.2
1.224
0
0
1.224
0
0
1.224
0
1.224
0
1.224
1.224
1.224
1.224
1.424
1.324
0
0
1.424
0
1.224
0
1.224
0
0
0
0
1.224
0
0.7
1.224
1.424
1.224
1.224
1.224
1.224
0.1
0
2.448
1.224
1.324
1.324
0
1.224
0.2
1.224
1.324
1.224
0
1.224
0
2.448
1.224
1.324
1.224
1.224
1.224
1.324
1.224
0
1.224
0
0
1.324
1.724
0
1.224
2.448
1.224
1.224
1.224
1.224
0.1
0
1.224
0.3
1.224
0.5
0
1.224
0
1.324
1.724
1.224
1.324
1.224
1.224
1.224
1.324
2.448
1.224
1.224
1.224
1.836
3.06
0
1.824
1.324
1.224
1.324
1.836
1.324
3.16
0
0
0
0
0
1.224
2.136
1.224
0
1.224
0
0
1.224
0
0.1
1.224
1.224
4.284
1.224
1.224
0
1.224
1.224
0.1
1.224
2.448
2.448
1.224
1.324
2.448
1.224
0
1.224
1.324
0
2.448
1.224
0
0
1.324
1.224
1.324
1.324
1.224
1.224
2.448
2.448
2.548
1.224
0
0.2
0.1
0
0
0
0
1.224
0
1.224
0
0
0
0
0.1
1.324
0
1.224
1.836
0
1.224
0
0
1.324
1.224
1.224
0
1.324
1.224
0
1.324
0.2
0.1
1.224
0
0.1
0
0
0.2
0
0.1
3.06
3.06
0
0
0
1.624
1.224
0
2.448
0.1
0
1.324
3.16
2.448
3.26
0
1.224
2.448
1.224
0.3
0.6
0
1.836
1.224
0
0
2.748
2.448
0
2.448
2.548
1.224
0
1.836
2.448
1.836
1.224
1.224
1.224
3.06
3.06
0
0
0.1
0
0
0
1.224
1.324
0
0
0
0
1.224
2.648
1.324
1.836
0
2.448
2.136
0
2.236
1.324
0
2.448
1.224
0
1.224
3.06
1.224
1.324
1.224
3.872
1.224
1.224
4.484
1.224
0.4
1.324
1.424
1.224
1.324
0
1.224
0
0
0
2.448
1.324
1.224
0.3
1.224
4.284
0
2.548
4.484
3.16
1.836
1.224
3.06
2.136
4.284
0
1.224
1.324
1.224
1.224
3.06
0.1
0
1.224
0.1
3.06
0
1.224
4.284
1.224
0
0
0
1.224
0
2.548
1.224
0
1.936
3.16
1.224
1.224
1.224
2.036
3.16
0.1
0
1.524
0
0
1.224
1.424
0
3.06
1.324
1.324
0
0
0
0.2
1.224
0
1.224
0.1
0
0
1.224
3.16
0
1.224
1.224
0
3.06
3.26
1.224
1.224
0
2.448
2.548
1.224
0
1.324
1.936
1.224
1.836
1.224
3.06
2.036
0
1.224
1.224
1.324
1.224
1.224
1.224
3.16
0
2.448
3.06
0
0.1
1.324
1.224
4.284
0
2.648
3.36
1.224
1.324
1.224
1.224
1.224
1.224
2.448
0.1
1.224
1.324
1.324
1.224
1.224
0.1
1.324
0.1
2.548
2.036
1.224
3.06
1.424
2.448
1.224
2.448
0.1
3.06
1.324
1.224
1.836
1.224
1.224
1.224
0
0.1
1.324
0
0
0
2.448
2.448
3.16
3.872
2.548
1.224
0
1.224
1.836
1.224
1.224
0
2.448
1.224
1.524
1.324
0
1.224
0
0
1.224
1.324
1.224
0
3.16
1.224
1.224
0
3.16
0
1.224
1.324
1.324
1.224
1.224
1.224
0.1
1.224
0
1.224
0
0
1.224
0
0
1.224
0.1
4.384
0
0
3.16
0
1.836
1.224
1.224
2.448
0
1.936
0
3.06
0
1.936
4.384
2.448
1.836
1.836
3.26
4.384
3.16
1.224
1.224
3.06
0
1.836
4.284
0
4.284
1.224
0
3.06
1.224
1.224
2.036
0
3.26
0
1.224
1.224
2.036
2.548
2.448
2.648
4.284
0
0
1.424
2.036
3.672
3.06
1.224
1.224
0
1.936
2.448
1.224
1.224
2.548
1.224
1.324
3.06
0
1.224
1.324
4.384
1.424
3.16
3.16
0.1
1.224
4.384
0
2.448
1.224
3.06
0
1.324
1.936
0
0.1
1.224
2.136
0
0
2.448
1.224
2.448
4.384
0.1
0
1.224
1.224
0
1.324
3.26
1.224
3.06
1.224
1.224
0
0
1.224
0
1.224
1.324
0
0.1
1.224
3.06
0.1
1.224
3.06
0
1.224
3.06
0
0.4
1.224
1.936
4.384
0
3.16
1.224
3.06
3.06
0
2.448
3.06
1.424
0
1.224
1.224
1.224
3.06
4.384
0
1.224
4.284
0
1.224
1.224
1.224
1.224
0.4
2.548
0
0
0
2.448
1.224
1.224
1.224
2.448
0
2.548
0
1.524
2.648
1.224
0
0
1.224
1.224
2.448
1.224
0
4.284
4.284
1.224
1.324
0
3.06
1.224
1.224
1.224
0.3
0
2.548
4.284
0
0
1.836
2.448
1.224
0.1
0
1.324
1.324
3.06
1.324
1.224
0
0.1
1.224
3.16
1.224
1.224
1.424
3.06
3.06
2.548
0
0
1.224
1.224
2.448
0
1.324
3.06
3.26
1.324
0
0
1.224
1.224
2.548
0
0
3.16
3.16
1.224
3.06
0
1.224
0
1.224
1.836
0
0
1.224
1.324
1.224
1.224
0
1.224
0
1.224
0
1.324
1.324
1.836
3.672
1.424
0
0
1.224
2.448
3.672
1.224
0.1
1.224
1.224
2.448
1.324
0
2.448
1.224
1.224
1.224
3.16
1.224
4.384
3.16
4.284
0
3.06
0
4.284
1.324
0
1.224
5.508
0.1
1.224
0
4.284
2.548
1.224
1.224
1.836
0
0
0
0
1.224
2.448
2.448
1.836
0
0
0
0
3.06
1.224
1.224
0
1.836
2.448
0
2.448
1.324
1.224
1.324
2.448
0
1.224
0
3.16
3.26
1.224
2.448
1.836
1.224
3.772
1.224
2.948
0
1.524
1.224
2.548
0
3.06
1.224
0.3
1.324
1.224
1.224
2.448
2.448
2.448
4.384
2.448
1.224
1.224
4.384
4.384
4.284
1.424
0.1
0
1.424
0
0
1.224
3.16
0
1.836
2.448
3.16
1.524
1.224
0.3
0
0
3.06
2.448
3.16
0.2
0
0.1
1.324
2.648
2.548
2.448
2.548
2.548
0.2
2.448
4.284
0
2.448
0
2.448
2.448
2.448
2.448
2.448
1.224
2.448
1.324
4.284
4.284
2.648
1.936
0
1.224
1.524
1.324
3.06
3.672
0
2.448
0
1.424
3.06
0
2.448
1.836
0.4
1.224
0
0
2.448
3.06
1.224
1.224
0
0
0.1
1.224
1.224
0
1.224
0
1.224
1.224
2.448
2.448
0
1.224
0.3
1.224
1.324
2.448
1.224
0
1.324
0
0
0
1.224
1.224
1.324
0.2
0.1
1.936
1.224
1.224
0
0
1.224
1.224
1.224
1.824
0.1
1.224
1.324
1.224
0.2
1.224
0.1
0
2.648
2.448
0
1.836
1.224
1.224
1.224
2.648
2.448
1.624
0
1.224
1.224
0
1.224
0
0
1.224
1.324
1.224
1.224
0
2.448
3.872
1.224
0
1.224
1.324
1.224
0
0
1.324
2.548
2.448
0
1.224
2.448
1.324
1.224
1.324
1.324
1.324
0
1.224
1.836
1.324
0.2
1.224
1.224
1.224
0.1
0
0
0
0.1
0.1
2.448
3.672
1.324
0
1.524
1.224
2.448
1.224
0
0
1.224
1.224
1.224
1.224
1.224
1.224
1.324
1.224
0.1
1.224
2.448
1.224
1.224
0
1.324
1.224
1.224
1.224
2.548
0.1
0
0
1.224
1.224
1.224
0
1.224
1.324
0
2.448
0
1.224
1.224
0
1.224
2.548
1.224
1.324
1.424
1.224
0.1
1.224
1.224
1.224
2.448
1.224
0
1.224
0.2
1.324
0
0
0
1.936
1.324
1.224
1.324
1.224
2.448
1.224
1.324
1.224
0
3.672
1.224
1.224
1.224
0.3
1.224
1.224
0
1.224
0
0
2.748
2.748
1.424
2.548
1.224
2.448
0.5
1.324
1.224
2.548
0
1.224
1.224
0
0
1.324
1.324
1.224
1.224
1.224
2.448
1.224
1.224
1.424
0
1.224
0
1.224
1.224
0
2.448
1.224
1.224
1.224
1.324
0
1.224
1.224
1.224
1.324
1.324
1.224
2.648
1.224
2.448
0.1
0
0
1.224
0.3
0.1
1.224
0
0
0
1.224
1.324
0
1.224
1.224
1.224
0
1.324
1.324
1.224
2.648
0
2.548
1.224
0.2
0.4
0
2.448
2.448
0
1.224
2.548
1.224
1.224
1.224
1.224
1.224
1.224
1.224
1.424
2.448
1.324
2.448
1.224
2.448
0
1.224
1.424
0
1.224
1.224
1.224
0
0
1.224
1.224
1.224
1.224
1.324
2.548
0.2
3.672
0
1.224
0.3
0
1.224
2.748
0
1.224
1.224
1.224
0
1.224
2.448
2.548
1.224
1.224
1.224
1.224
1.224
1.224
1.224
0
1.224
1.224
1.224
1.224
1.324
1.224
1.324
1.224
0
2.648
2.448
1.224
0.2
1.224
2.448
0
1.324
0
0
1.224
2.548
1.224
1.224
0.1
2.448
1.224
0
0
0
2.448
0
0
1.224
1.224
1.224
1.324
1.324
0
1.224
1.224
1.224
0
1.224
1.324
1.324
0
1.224
0
1.224
1.324
1.224
1.224
1.224
1.224
1.324
2.448
1.224
1.324
2.548
0
0
1.324
2.448
0
2.448
0.1
0.1
1.424
0
1.936
0
1.224
1.224
1.224
2.548
2.548
1.224
2.448
3.06
1.224
0
2.548
1.224
2.548
1.224
1.324
1.324
1.424
0
1.224
1.224
2.448
1.224
1.224
1.224
1.224
1.224
0.1
1.224
0
1.324
0
1.224
0
1.224
2.448
1.224
1.224
2.448
3.672
1.224
1.224
3.772
2.748
1.424
0
2.448
0
0
1.224
0
0
1.224
1.324
1.224
0
1.224
2.448
0.2
2.448
0
0.1
0
2.448
0.2
1.224
1.324
0.4
0
1.224
1.224
1.324
1.224
1.224
1.224
2.448
0
1.224
1.324
2.448
1.224
0
1.224
1.224
1.224
2.448
0
1.224
1.224
0
2.448
0
2.448
0
1.224
0.1
0
1.224
1.224
1.324
1.224
0
1.224
0
1.224
1.324
2.448
0
1.324
1.224
1.224
1.224
1.224
1.224
1.324
0
0
0
0
1.224
1.224
0.4
1.224
0
1.224
0.1
1.224
1.224
1.224
1.424
1.324
1.224
1.224
1.836
1.224
1.224
0.1
1.224
2.548
1.224
1.224
1.224
0
1.224
1.224
1.224
1.224
1.224
1.224
0
2.448
2.448
1.424
0
1.324
1.324
1.224
0
1.224
0.1
0.1
1.224
1.224
1.324
1.324
1.224
1.324
1.324
1.324
2.548
0
2.448
1.224
1.224
0.1
1.224
1.224
2.448
0.1
1.224
0
0
0
1.324
2.548
1.224
1.224
1.324
1.224
1.224
1.224
0
1.224
0.1
1.324
2.548
1.224
1.324
1.224
0
1.224
1.224
1.424
1.324
1.224
1.224
1.424
1.324
2.448
1.324
2.448
1.224
3.672
1.224
1.224
2.448
0
2.548
0
0
1.224
1.324
1.224
1.224
1.224
1.224
0
0
1.224
1.224
0
1.224
1.224
1.324
1.224
1.224
0
0
0
0
1.324
1.324
0
0
2.548
1.224
1.936
1.224
1.224
2.448
1.224
0
1.224
0
0
2.448
1.424
0
0.2
0
1.324
1.224
1.224
1.224
0.1
1.324
2.448
1.224
0.1
1.324
0
0
1.224
2.448
1.224
1.224
1.224
1.224
2.448
2.448
0.8
2.448
2.448
1.224
0
0
0.3
0.2
1.224
2.548
1.224
0
1.324
1.224
0
1.224
0.2
3.26
0.1
2.548
1.324
1.524
2.448
1.224
1.224
0
2.448
1.224
2.648
1.224
1.224
1.224
1.224
1.224
1.324
1.224
1.224
2.448
1.424
1.224
0
1.224
0.1
1.224
1.224
1.224
3.872
2.648
1.324
1.324
1.324
2.448
2.548
1.224
2.548
2.548
1.324
2.548
1.424
1.224
1.324
1.224
2.448
1.624
0
1.224
2.548
1.524
0
1.324
1.324
1.224
0
1.324
1.224
1.424
1.224
1.224
2.548
1.324
1.224
1.224
0
1.224
0
2.448
1.324
2.548
3.06
1.324
0
2.448
0
2.548
0
1.224
1.224
0
1.324
1.224
2.448
1.324
1.524
0
0.2
0
3.672
1.224
0
0
1.836
2.244
1.02
1.02
5.404
1.02
1.02
1.02
8.228
1.02
2.244
1.72
2.244
1.224
3.06
1.624
3.26
1.624
1.424
1.224
1.624
2.548
1.224
1.324
1.224
3.06
1.936
1.936
0
1.224
1.224
0
1.424
0
3.06
0
2.448
0
1.424
1.324
1.424
3.26
0
0.1
1.224
0
2.448
0
1.224
1.524
1.224
2.548
1.224
0
1.224
1.224
0
3.46
1.224
4.072
2.648
1.224
0
2.448
1.836
2.448
2.448
1.224
3.26
1.324
1.524
2.448
1.224
2.448
0
1.324
0
1.224
1.836
1.224
1.224
0
0
1.724
1.224
1.224
2.748
0.1
2.848
