1.9
4.144
9.248
7.072
3.248
2.236
1.824
2.448
0.2
1.224
1.424
0.1
0.6
6.224
5.224
1.324
0
2.448
2.548
3.248
2.236
2.736
1.224
2.448
2.424
2.848
3.148
3.648
3.872
2.548
2.848
1.224
8.6
0.2
0.9
2.1
0.2
0.2
0.2
1.5
0.3
6.936
0
0.2
0.7
0.1
0.9
1.3
1.3
0.7
0
0.1
1.3
0.4
0.1
1.624
0.1
0.1
0.2
3
6.3
1.9
0.5
6.248
3.636
1
0.5
0.3
0.8
5.5
0.7
1.8
1
2.036
10.936
3.624
0.1
2.424
0.2
0.1
4.524
0
0.2
0.2
0.4
0
0.1
0
1.324
6.248
0.2
1.724
0.1
0.1
0
1.1
1.2
0
2.748
2.448
0.4
1.8
2.8
0.2
1.224
0.1
0
4.6
0.2
0.3
1.3
0
0
0.1
0.1
3.236
0.2
1.424
0.1
0.1
14.3
0.1
2.748
2.1
0.5
0
0.1
0.1
0.1
1.7
1.5
0.3
0.8
0.1
3.236
2.3
0.9
0.3
1.7
2.3
1.524
2.948
0
0.8
0.1
0.1
0.9
1
0.2
0
0.2
0.7
0.7
0.3
2.1
1.2
0.9
0.8
3.4
0.2
0.3
0
0
0.1
1
0.2
1.324
0
0.8
13.948
0.3
1
0.2
0.3
0.2
2.824
0.2
0.1
1.936
1
1.4
0.7
1.524
1.624
1.9
3.624
1.7
0.3
0.1
1.324
2.224
0.5
0.3
2
0.6
0.9
0
0.9
1.324
3.824
2.936
1.224
0
1.5
5.7
0.1
0
1.9
1.724
1.624
1.424
1.1
4.248
0
1.836
10.4
0.1
9.06
0
1.936
0
1.424
6.624
2.648
2.448
2.424
1.224
1.324
4.448
1.324
4.572
3.672
0.1
1.936
1.724
0.3
11.024
2.136
1.836
1.4
1.836
3.9
2.836
1.224
0.2
1.424
1.424
1.224
0.1
7.524
0.1
0.4
0.2
0
1.324
0.1
1.936
2.2
3.348
1.2
1.424
0
1.824
1.6
1.224
0
4.724
1.324
0.3
1.224
0
0.5
0.1
1.324
4.9
0.2
1.324
0.2
0.1
0
2.448
1.424
3.748
3.672
3.248
0.2
0.1
0.1
0.3
1.936
1.936
2.548
0
4.8
1.324
0
1.424
0.6
0.2
0.1
3.248
0.2
1.2
2.424
2.124
0
1.2
1.7
2.748
1.2
2.624
0
0.3
2.448
2.548
2.024
0
0.4
1.324
0.9
0.1
2.024
1.6
1
1.5
0.2
0.1
1.324
1.324
0
8.448
2.948
1.424
4.26
3.46
0
0
1.424
5
1.224
0
0.1
7.1
0.2
2
2.6
0.1
2.024
3.5
0.2
0.1
0.5
4.6
11.8
2.448
2.236
0
0.5
2.548
1.6
1
1.324
0
0.1
0
1.824
1.324
1.224
3.36
1.424
1.224
0
1.524
1.224
2.448
0
4.924
1.424
1.324
2.024
3.248
6.448
2.448
0
3.672
1.824
2.648
3.724
1.624
1.524
2.748
3.972
14.072
2.548
5.372
0.1
1.936
2.524
1.224
3.672
2.448
4.784
1.224
2.824
1.324
3.16
2.648
2.448
2.524
2.448
10.148
2.924
2.848
3.16
4.472
2.324
1.624
3.772
3.148
1.424
3.26
6.108
2.324
6.572
1.924
2.424
5.508
1.224
3.724
3.948
4.072
2.724
1.724
2.224
4.248
4.972
1.324
5.124
2.024
4.272
3.772
6.808
3.772
2.848
4.372
4.384
2.448
1.224
2.724
3.46
3.872
3.16
3.672
2.724
1.424
1.724
5.884
2.648
1.324
8.372
1.924
1.424
1.424
4.324
4.072
1.524
2.624
9.624
5.16
3.672
4.424
8.924
1.324
3.248
5.372
2.824
7.172
4.284
2.124
4.548
1.324
2.448
1.224
1.924
4.372
1.324
2.448
5.872
4.972
1.224
1.424
2.448
4.884
3.448
1.624
3.06
3.772
1.424
4.148
2.648
4.884
2.424
3.324
1.324
2.648
1.324
4.584
5.648
3.772
1.224
1.224
3.348
2.748
3.16
2.448
2.748
5.708
1.524
3.972
1.224
7.924
1.324
1.224
1.224
3.672
4.748
3.924
1.224
4.484
1.224
2.448
4.448
4.948
1.324
1.324
3.348
1.324
1.724
1.324
2.224
4.972
1.424
4.372
1.524
4.472
1.724
4.448
7.608
1.424
1.224
1.224
3.348
3.148
1.924
1.324
3.36
1.224
4.148
1.524
1.424
4.672
1.724
1.224
1.224
2.324
3.06
4.56
3.024
3.76
4.272
2.448
2.848
1.224
3.872
1.224
3.06
2.448
1.224
1.424
6.324
2.724
2.448
1.324
2.548
1.424
3.36
2.448
1.524
3.872
1.524
3.148
4.272
3.06
3.824
1.324
1.224
1.424
1.324
3.26
2.448
1.224
3.972
4.572
2.448
2.448
4.272
7.908
1.924
3.772
3.672
1.324
3.148
4.524
4.684
2.648
4.424
1.524
1.424
7.124
4.672
2.548
4.072
1.624
1.924
1.524
3.672
4.972
3.748
3.148
1.324
2.648
1.524
1.524
3.46
1.324
2.848
4.484
2.948
1.424
1.224
4.772
3.248
4.284
1.224
2.024
2.448
1.224
3.424
3.772
3.548
1.324
1.224
1.224
3.124
1.824
2.548
5.284
2.648
3.672
2.848
6.648
1.624
3.948
3.36
3.26
1.324
1.224
2.848
2.848
1.224
2.448
1.324
2.748
2.648
4.248
1.224
3.672
3.948
3.448
3.748
1.424
4.072
6.184
1.224
2.748
3.772
1.324
4.472
1.224
3.748
3.448
3.26
2.448
2.648
1.424
2.624
3.772
2.624
1.224
2.448
2.548
1.924
3.872
3.048
2.548
4.16
1.424
2.524
4.26
1.424
4.272
1.224
2.448
3.872
1.224
1.424
3.972
3.348
2.648
3.772
2.948
3.048
1.624
1.324
1.224
1.624
3.16
2.448
3.772
2.748
14.484
1.324
2.024
2.848
3.772
4.284
1.424
4.384
2.524
4.072
3.348
1.424
3.624
4.148
1.224
3.048
3.772
1.424
1.824
1.224
1.824
1.924
3.848
1.224
2.648
1.224
2.548
14.148
5.248
3.748
2.124
3.748
2.748
1.224
1.324
1.424
3.06
3.872
3.56
4.484
2.824
3.448
1.224
3.672
2.448
1.224
2.448
4.072
2.748
1.324
2.548
2.548
3.048
1.524
2.448
4.484
1.224
5.172
1.224
5.372
5.648
3.86
3.248
3.772
3.448
1.324
2.748
3.26
4.148
8.748
6.008
1.324
4.284
1.324
1.324
3.06
4.248
1.224
4.472
2.748
1.224
3.048
2.448
3.772
3.348
3.872
2.448
1.624
2.448
1.724
3.972
4.784
3.672
3.46
4.484
2.648
1.324
1.224
1.624
4.472
1.224
1.524
2.124
4.384
2.548
4.384
2.548
1.324
2.748
1.224
1.324
1.524
3.772
3.248
2.648
1.224
2.548
2.548
3.06
3.972
1.424
2.448
4.348
2.848
1.224
2.448
4.448
1.724
1.624
1.224
1.624
3.56
1.924
3.772
3.224
2.524
1.324
4.548
1.324
2.548
2.448
3.772
2.748
4.584
1.324
5.848
5.324
1.224
1.424
4.484
3.672
1.224
1.624
4.584
1.624
1.524
2.448
3.024
4.072
1.224
3.448
3.672
2.124
1.324
3.972
2.648
2.548
1.224
1.624
1.324
1.424
1.724
2.548
1.424
2.324
7.172
2.524
1.824
1.224
3.448
2.448
1.224
1.224
2.624
3.772
2.924
5.784
3.36
4.984
3.56
3.672
5.672
6.572
2.124
2.448
3.772
2.648
3.56
2.648
8.148
2.748
7.072
3.748
3.124
1.824
4.472
2.448
6.372
2.948
4.072
3.872
3.06
3.16
3.06
2.848
1.324
2.848
1.224
3.048
3.448
2.748
3.348
8.048
2.548
3.848
1.224
1.524
1.324
2.948
4.072
3.448
6.46
4.372
6.808
2.648
7.372
3.872
2.448
3.46
1.424
3.86
5.908
7.108
6.808
2.448
3.324
3.56
3.26
3.96
3.46
3.448
3.26
1.424
1.224
2.948
1.424
2.648
4.148
1.724
1.524
3.148
2.548
5.548
1.924
1.224
1.424
4.048
3.324
1.224
2.124
5.724
3.024
3.936
1.424
2.548
0
0.6
1.3
1.924
0.1
1.836
0
6.624
1.836
4.6
0
1.324
1.324
2.6
1.224
2.2
0.2
2.836
0.8
0
3.3
0.9
0.1
0
0.1
0
0.1
2.548
0.1
11.648
0.2
1.4
0.3
0.2
0
0.9
0
1.224
1.224
0
0.1
1.624
5.048
1.7
1.3
0.4
1.324
2.024
1.324
0.3
0.3
0.9
12.1
0.4
0.2
0.5
0.4
7.024
1.824
1.524
0
3.7
0.4
0.8
1.324
1.836
0
1.224
3.1
0.3
1.9
0.2
0.1
3.26
0.4
0.4
0.8
1.524
0.6
1.9
0.5
0.9
1.424
0.8
1.524
0.2
1
3.124
0.6
0.3
1.524
0.3
1.824
0.7
0.9
2.548
0
0.2
1.724
1.836
4.7
1.924
0.2
0
0.9
1.424
2.8
0.5
0.2
1.524
0.8
2.636
0
0.2
0.3
0.3
2.9
1.2
0.1
0.3
1.224
2.4
0
0
0
0.1
0.1
0.3
1.8
2.136
0
2.4
0.6
0.5
0.3
1.2
0.1
0.9
0.8
0
1.224
0.4
2.024
1.824
0.6
2.736
0.7
0
0
0.4
0
0
1.224
0
1.4
0
0.1
0.1
0.8
0.8
2.648
0.8
0.3
1
2.5
1.7
0
3.4
0.1
0
1.1
1.9
0.6
2.024
0
6.824
0.8
1.224
2.548
1.524
0.4
1.6
2.524
0.2
0.1
1.424
1.424
0.7
0.9
0.1
0.1
0
0
0.8
4.424
0
2.2
1.224
0.7
0.4
0.7
1.1
1.4
1.9
1.524
0.5
0.3
10.5
0.1
0.1
0.4
0.1
0.8
0
0.6
0.8
0.4
2.3
0.3
0
0.3
1
0.3
0.2
2.3
0
2.724
2.124
0
0
0.3
2.136
0
0
0.2
2.436
1.324
0
0.5
0
1.4
1.1
1.5
0.8
1.4
0.6
2.124
1.224
1.424
0
8.7
4.024
1.424
0.2
2.636
1.424
0.2
0.5
0.4
1.4
2.324
0.1
0.6
0.3
0.9
1.1
0.6
0.2
0.5
0.2
3.636
4.4
1.224
0.6
0.1
0.3
0.7
1.6
0
1.324
0.3
0.5
0.6
0
0.3
1.2
0.9
1.3
0.3
2.336
0.4
0.2
0
3.76
1.324
0
0.1
0.5
2.824
0.4
0.8
0.2
1.7
0
0.1
4.424
3.824
1.524
1.1
0.6
3.536
0
0
4.1
1.324
1.424
0.2
1.324
0.2
0.3
0.1
0.9
0.5
0.5
0
1.2
0.5
0
2.1
2.448
0.3
0
0.2
1.2
2.1
0.7
0.3
0
0
1.5
0.2
0.2
1.2
0.1
2.036
2.124
1.2
0.9
1.224
0.1
1.936
1.2
1.624
2.424
0.7
0.8
0.1
1.624
1.924
1.424
0
0
2.424
0.2
1.1
0.1
0.4
1.224
0.2
0.2
0.3
2.636
1.2
0.4
1.8
0
0
0.1
0.3
1.924
2.548
0.1
0
0.1
1.224
0
0
0.2
2.324
1.424
0.2
0.8
0.4
0.3
0.2
0.4
1.324
1.4
0.1
2.236
1.224
0.8
1.524
4.036
1
1.3
0
0.4
0.4
2.2
0.1
2.124
4.06
1
0
2.3
1.1
3.4
1.424
0
1.924
0
3.224
0.1
0.1
0.8
0
0.5
0.1
1.836
0.3
1.824
0.3
0
0.2
0.3
0.2
0
0
0
0.1
3.96
1.2
8.624
1.9
0.8
2.624
0.1
0.2
0.8
1.2
0.9
1.324
0.3
1.824
1.224
2.436
0.3
1.724
0
1.224
4.2
0.1
0
3.336
0.6
0.3
2.7
1.2
0.5
0.9
0.7
0.8
0.3
0
1.9
0
0
2.424
0.9
0.2
1.724
0.1
0.1
2.1
2.136
1.836
0.6
0.3
0.3
0.1
0
0
0
0.1
2.7
2.7
0.2
0
1.824
0
0
0.4
0.3
0
4
0.6
0.1
0.3
0
0.3
0.3
0.3
0
0.9
0.1
0.4
1.424
0
1.324
0
7
0.1
0
1.5
3.624
0
0
0.7
0.4
0.3
0
1.324
0.2
1.424
1.224
0.2
0.6
7.26
0
0.1
0
0
1.324
0.2
0.2
0.6
1.924
0
0.3
1.224
1.8
0.8
2.648
0
0.2
1.524
0
0.1
1.224
0
0.3
0
0.1
1.1
0
2
3.5
2.024
0.9
1.824
2.136
0.2
0.3
1.524
2.036
0
0.2
1.324
0.1
2.524
0
1.3
1.5
3.06
0.1
2.1
0.5
2.224
1.2
0.1
1.224
0
0.4
0.7
2.224
0.7
0.3
0
0
0.3
0.4
0.2
1
0.4
1.224
0.3
0.9
1.2
2.1
3.4
0.2
0.9
0.2
1.224
0
0
1.824
2.548
1.224
0.4
0.1
1.224
1.224
0
0.6
0.4
1.224
0.1
0
0.2
0.1
0
2.524
0.8
5.1
0.4
2.3
1.624
1.1
4.2
1.224
0.1
0.2
4.424
0.1
0.2
1.424
1.1
1.936
0.5
2.336
0.1
0.2
2.024
2.724
1.1
2.324
4.148
0.2
3.3
1.324
0.1
0.2
1.224
0.9
4.66
0.3
0.2
3.56
1.324
1.224
0.7
0.1
0.3
0.1
0.9
1.6
0.1
2.336
10.924
0.3
0.2
0.1
2.648
1.8
6.024
4.924
0
3.736
0.2
0
2.724
0.4
1.7
1.3
0.9
2.3
2.236
0.2
1.4
9.724
0.2
0.7
0
1.936
1.5
0
1.5
0.2
0.3
0
2.624
0.5
0.6
0
0.4
1.9
2.224
0.2
0.4
0.3
2.5
0.8
1.836
0
3.2
1.5
0.2
0.7
0.1
0.2
0.5
0.2
2
0.2
0.7
2.936
3.8
1.836
0.2
0.3
0.9
2.2
1.324
0.3
1.4
4.624
1.324
0.5
0.4
1.2
0.5
0.2
0.1
2.7
1.5
0.9
0.8
1.1
1.7
2.4
0.4
1.5
0.2
3.636
1.424
2.724
1.324
1.324
0.1
1.936
1.224
1.9
3.06
0.1
0.3
3.048
3.524
0.2
0
1.924
4.7
0
8.8
1.724
0.4
0
0.1
0
3.672
1.22
3.356
5.168
1.52
4.468
1.02
3.668
1.72
4.38
1.02
37.628
2.644
0
1.836
4.824
2.5
9.5
3.9
0
7.2
3.024
4.684
0.4
0.1
0
1.424
2.224
1.324
1.936
2.536
2.548
0.8
2.448
1.936
3.16
1.424
0.8
2.124
1.524
3.148
1.1
1.624
2.024
2.648
0.2
0
1.624
0.1
4.748
1.324
1.524
0.4
1.224
1.324
0
0.7
6.148
2.548
1.5
2.2
0.1
0
0
0.5
2.748
2.648
2.624
3.048
2.124
3.748
2.848
1.524
2.448
3.772
3.248
0.3
2.448
4.284
0.6
0
0.1
1.2
8.9
0.4
0.1
4.324
9.148
3.624
