3.56
0.2
1.3
0.5
0.1
0.1
0.2
0
1.324
0
1.524
0
0.2
0.4
0.5
0
0
0
0
0
0.2
0.1
0
0
1.324
0
0.2
0
0
0
0
0
2.824
1.324
2.136
3.16
3.16
3.06
1.936
4.26
3.16
3.036
1.836
1.836
2.036
1.836
2.036
2.136
3.76
3.76
1.836
2.136
3.86
1.836
1.936
1.836
3.06
1.936
3.36
2.136
2.836
2.236
1.836
2.236
2.236
3.06
1.836
2.036
1.836
2.636
3.46
3.36
3.46
3.06
2.836
3.96
1.836
1.836
1.836
3.06
2.236
1.836
1.836
1.836
1.836
1.936
1.836
1.836
1.836
2.436
3.06
1.836
2.136
1.836
1.836
3.46
3.56
3.06
1.936
1.836
1.936
2.536
2.036
3.16
1.836
3.26
3.06
3.136
1.836
3.16
3.36
1.836
3.06
1.836
1.936
1.936
3.16
1.936
3.16
3.16
3.536
1.836
1.936
4.26
2.036
3.06
3.36
1.936
1.836
2.436
3.56
1.936
2.036
1.836
2.136
2.336
1.936
1.936
2.236
2.536
3.06
1.836
1.836
2.436
1.836
1.936
1.836
1.936
3.16
1.936
1.836
3.26
3.26
3.26
4.36
4.16
2.136
1.936
3.56
2.136
3.16
1.836
3.06
1.836
1.936
1.936
1.836
3.06
1.836
2.836
3.06
3.46
1.836
3.26
1.836
2.336
1.936
1.836
1.936
11.18
5.38
4.056
1.836
1.836
2.236
2.436
2.136
1.936
2.136
1.836
2.536
3.26
3.46
2.636
1.936
2.036
1.936
3.16
1.224
0.4
1.524
0
0
0.1
2.624
0
1.224
1.424
0.1
1.224
0
1.324
0.5
0
1.224
1.1
1.224
0.5
0
0
0
0
1.2
0
0
0.1
0
0
0.1
1.224
0.1
0
0
0
0.1
0
1
0
0
0.4
0
0.4
0.2
0
0
0
0
0
0.1
0.9
0
0
0
0
0
0
0
0
0.2
0.1
0
1.224
1.224
0.3
0
1.324
0.2
0
1.224
0
1.224
1.224
1.224
0
0.3
0
0
1.836
1.324
1.224
0
0
0.4
0
0.3
1.224
0.1
0.1
0.1
0
0
0
0
0.4
0
0
0
0
0.2
1.224
0
1.324
0.2
0.1
0
0
0.1
1.424
0.1
1.324
0.2
0
0.2
0
0
0
1.224
0.1
0
0
1.224
0.1
1.524
0.5
0
1.324
0
0
0
0
0.4
0
0
0.3
0
0
0
0
1.924
1.224
0
1.224
0.8
0
1.624
0.2
1.224
0.4
0.1
1.224
1.324
1.424
0.8
1.7
0
0.1
1.224
1.836
0
2.024
1.624
0
1.224
1.224
0
0
0
1.224
0
0
0
0
0
0
0
0
0.4
0
0
0.1
0
0.1
0
0
0
0.2
0.2
1.524
1.424
0
0
1.224
0.5
0
0.3
0
0
1.524
1.224
0
0
0
1.224
0.2
0.1
1.224
0
0
0.1
0
0.5
0.3
1.324
0
0.1
0.1
1.324
0
0.1
0
0
0
0.3
0.5
1.324
0
0
1.324
0.2
0.3
0.2
1.424
0.1
0.3
0.2
0.2
1.324
1.624
0.1
1.524
0
0.4
0
1.424
0
0
0
0
0
0.1
0
0
0
0.2
0
1.324
0.3
0
0
0.5
0.1
0
0.1
0.4
0.2
0
0.2
0.8
0.4
0
0.4
1.424
0
1.224
0.6
0.2
0.1
0
0
0.3
0.1
0
1.224
0.1
0.2
0
0
1.324
0
0
1.224
0
0
0.1
0.1
0
0
0
0.8
0
0
0.1
0
1.224
0
0
0.1
0.4
0
0
1.224
0.1
0.1
0
0
0.3
0.1
1.324
0
0
0.6
0
1.224
0
0
0.1
0.6
0.1
0
1.224
0
0.3
0.5
1.224
0
0
1.224
1.524
0.2
1.424
0.1
0
0.2
1.424
0.1
0.1
0.3
0.3
0
1.224
1.224
0
0
0.1
1.324
0
0
0.1
0.2
0
0.2
1.324
0
0
0.2
1.224
1.624
0.2
1.224
1.224
0
0
0
0
0
0
0
0
0.1
1.924
0.2
0
0
0
0
0
0
1.424
0
0
0.1
0
0
0.6
0
1.224
0
0.3
0
0
1.224
0
0.1
0
0
0
0.2
0.1
0
0
1.224
0
0.5
0
0
0.8
0
0
2.424
0.1
1.224
0
0
0
0.1
0
0.2
0.1
1.624
0
0
0.1
1.224
0.1
0
0
0.1
0
0
0
0
0.2
1.224
0
0.4
1.224
1.324
0.2
0
0.1
0
1.224
1.224
0.4
0
0
0
0
0
0.1
0.9
0.1
1.324
0
0
0
0
0
1.324
1.224
0
0.1
0.1
0.1
0.1
0
0
0.3
1.524
0.2
1.224
1.224
0.5
1.224
0
0
0.1
0.2
0
0.1
0.2
0
0
0.1
0
0.2
0
0
0
0
0
1.324
0
0.2
0
0.2
0
0.1
0.2
1.224
0
1.324
0
0
0
1.324
0
0.4
0
0
0.1
0.1
0.2
0
1.224
1.324
0
0
0
0
0.9
0
0.1
0
0
0.1
0.1
0
0.1
0.2
1.224
0.1
0.3
0
0.2
0
0
0
1.224
0
1.324
0
0.4
0
0
0
0
1.5
2.624
0
0
0.3
0
0
1.224
0
0
0
0.1
0.1
0.1
1.224
1.224
0
0
1.224
0
0
0
0
1.424
1.224
0.2
1.624
0
0.1
0
0.4
1.224
0
0.1
0
0
0
0.1
0
1.324
0
0.1
0.2
0.1
1.224
0
0.1
0.1
0
0.1
1.224
0.2
0
1.224
0.4
0
0
0.1
0
0
0.1
0
0
0
0.2
0
0
0
0.1
0
1.224
1.224
1.324
0
0
0.1
0
1.224
0
0
1.224
0
1.224
0
0
0
0.3
0.1
0
0
0.2
1.224
0
0
0
0.1
0
0
1.224
0.3
0.1
0
0
0.1
1.324
0
0
0.2
1.924
1.224
0.4
0
1.224
0
1.224
0
0
0
0.3
2.124
1.324
0
0
0
0
0.1
0.2
0.2
1.224
0
1.324
0
1.224
0.3
0
0.1
0.1
0
0
0
0
0
1.224
1.424
0
0
0
0
0.4
0.3
0
1.224
0.3
0.1
1.224
0
1.824
0
1.524
0.1
0
0.1
1.324
0
0.1
0.6
0.1
0
0
0.1
1.524
0
2.124
0.1
0.3
0.1
0.3
0.1
0.2
0
0.4
0.1
0.1
0.1
0
0
0
0.4
0
0
0
0.3
0.4
0
0.2
0.2
0
0.3
0
0.1
1.224
1.224
0
0.1
0.3
0.3
0.3
0
0.5
0
0
0.1
0.1
0.1
0
0.2
0.1
0
1.624
1.12
0
0
0
0.1
0
0
0
0.1
0
0
0.3
0
0.1
0
0
0.2
0.1
1.224
1.224
0
0.1
0
0.1
0.4
0.4
0.6
1.324
0
0
0.4
0.1
0.1
0
0
0
0.8
0
0.3
1.936
1.224
0.2
0.2
0
0.4
0.1
0.2
1.12
2.644
1.12
1.22
1.02
2.244
1.12
2.244
2.244
1.02
2.244
1.32
1.12
2.944
2.944
2.244
1.02
1.02
1.02
1.12
0
0
0
1.224
0.2
0.1
0
0.1
1.224
0
0
0
0
0.2
2.8
0.1
0
1.324
0
0.9
0
0
0
2.524
1.324
0.2
0
1.224
0
0
2.624
1.224
2.424
0.2
1.524
1.224
0
1.524
0.3
0
0.2
2.824
0
0.2
0
1.524
1.324
0.1
0.8
0.4
0.1
0
0.1
0
0.2
1.524
1.924
0.1
0
1.224
1.824
1.224
1.8
0.1
0
0.1
0
0
1.1
0.1
0.2
0
1.724
0
0
0.1
0
0
0.3
1.624
1.224
0
0
1.2
0.1
1.524
0.1
0
0.1
0.2
1.824
0.1
0.1
0.2
0.2
0
0.1
0.2
0
1.524
1.724
0.1
0
1.424
1.424
1.224
0.4
0.3
0.1
0
0
0.2
1.224
0.2
0.1
0
1.924
0
1.224
0
1.624
0.2
0.1
0.2
1.324
0.6
1.1
1.324
0
1.9
1.224
1.224
0.3
2.624
0.9
0.1
0.2
0.7
1.324
0.1
0
0.1
0.2
1.524
1.424
0
0.1
1.524
1.224
0.5
0.2
0
1.324
0
1.224
0.3
0.7
0
2.524
0.1
0.2
0
0.1
1.424
0.6
0.5
1.324
0.2
1.424
0.8
0
1.224
0.2
0.1
0.3
0
0.2
0.3
1.624
2.224
1.224
1.224
0.1
1.924
0
0.2
1.1
0
0.9
0.1
0
0
0.1
1.624
0
1.224
1.224
0.5
0.3
0.1
0
0
0.1
0
1.724
1.324
1.424
1.524
0.4
0
0.1
0
1.1
0.7
1.324
0
0.2
0
0.1
0.3
0.1
0.9
0.3
1.224
0.1
1.424
1.324
1.524
1.224
0
1.624
1.324
1.1
0.7
0
1.524
0
0.1
0.1
1.924
0.1
0
0.1
1.324
0
0
0
0.5
1.724
0.1
1.424
0.2
1.524
0.2
0
1.324
0.2
0.2
0
0.1
0.3
0.1
1.624
1.224
2.124
1.224
1.424
2.324
1.3
1.324
0.9
0.1
0.5
0
0
2.524
0.2
1.324
1.224
0.1
0
0
0
0.1
1.524
0.3
1.224
0.7
1.224
0
1.224
0.1
0
0
0
0.5
3.024
0.3
1.524
1.224
0.1
1.924
1.624
0
0.2
0
1.324
0.2
1.624
0.6
0.1
1.524
1.524
0.1
1.224
0.4
1.624
1.624
0
0.1
0.1
0
0
0
0.1
0.4
0.5
0
1.224
0
0
0
0
0.4
2.024
0.3
1.824
0
0
0.1
0
1.324
0
1.224
0
0.1
0.1
1.224
0
1.524
1.624
0
0.2
0.4
1.924
0.1
1.424
0.3
0
1.924
0.1
0
0
0.2
1.224
0.4
2.224
1.624
1.224
1.424
1.624
2.624
0
1.724
1.424
0.4
0
2.424
0.4
3.424
0.1
1.324
0.1
0.2
2.024
1.524
0
0.2
1.424
0.2
0.1
0
0
0.2
1.524
0
0.1
1.224
1.524
1.224
1.224
1.324
0
1.424
1.924
3.224
0.8
0.3
1.624
0
0
0.2
0.2
0.1
0
0.1
0.2
0
0.1
1.524
0.1
1.324
0
0.4
0
1.524
0.5
1.524
0.1
1.6
0.5
0.1
2.224
0.3
1.324
0
0
1.824
0
0.2
0
1.724
0
0
0
1.224
0.2
0.1
0.1
0.1
1.424
0.3
1.324
0
1.224
0
1.224
0.5
1.1
0.3
1.324
1.324
0
0
0.2
0
0
2.424
1.424
0.3
1.324
0
1.724
1.324
0
1.224
0.5
0.2
0.1
0
0.1
1.224
0
0.8
1.224
0
0.4
0.9
0
1.224
2.124
0.1
1.324
0
0
0.3
1.224
1.224
0
0
3.324
0.1
1.324
0
0
0.1
1.424
0.1
0.1
0.2
0
0
1.224
1.824
0.2
0
1.324
0
0.4
0.2
1.324
0
0.1
1.224
0
0.1
1.724
0
2.224
1.5
1.424
1.724
0.2
0.2
0.1
1.324
0
0.4
0.1
1.324
0
0
0.4
0
0.5
0.8
1.524
1.224
2.424
0
0.2
1.824
0
0
1.224
0.1
0.1
1.624
0.6
0.5
0.1
0
1.324
1.924
1.224
0.2
1.524
1.224
1.624
2.024
1.724
0.7
2.224
0.1
1.724
0.2
0
1.224
0
1.424
0.1
0.1
1.524
1.324
0
0
1.324
0.1
0.1
0
0
0.1
0
0
1.224
0.1
1.324
2.624
0.3
0
0.1
0.1
1.5
0
0
0
1.2
0
0
0.1
0.4
1.524
1.824
0.2
1.424
0
0.2
1.724
2.424
0.5
0.1
0.1
2.524
0
1.424
0.1
0.1
0.4
1.524
0.6
0.1
1.624
0
0
0.1
1.224
1.224
0.1
1.824
0.6
1.424
0.1
2.2
1.524
2.124
1.624
0.1
0.8
1.3
1
1.224
1.924
0
0
0.7
1.524
0.1
2.524
0.1
0.2
0.2
1.424
0.6
2.1
1.224
0
0
0.1
2.224
1.224
1.924
0
1.424
0
0.7
0
0.5
1.224
0.4
0.3
2.624
0.4
0.2
0
0.2
0.1
1.224
1.324
2.124
0.3
1.224
1.324
1.224
1.224
1.324
0.3
2.524
1.324
0.4
1.924
2.024
1.224
1.224
0.1
1.624
0.8
0
1.524
1.324
3.124
0
1.324
0.3
1.324
0
0.1
1.324
1
0.7
0
1.624
0.1
2.536
2.436
1.836
2.336
1.836
2.036
0.1
1.324
0
0.2
0
0
1.02
3.156
0
1.324
1.224
0.1
1.724
1.224
1.224
1.524
1.624
0
1.7
0
1.324
1.224
0
0
0
1.224
0.1
0.2
0.1
0
0
0
1.224
0.2
1.224
1
0
0
0
0.9
0.3
2.124
0.4
1.224
1.924
0.1
0.2
1.324
0
0
0
0
0
1.324
0.1
0
1.424
0
0
0
0
0.1
0.3
0
0
0
0
0
0
0
1.224
0.1
1.224
0.4
0
0
1.324
0
0
0
0
0.7
1.224
1.324
1.324
1.224
0
0
0.1
0
0
0
0.3
1.524
1.324
0
0.1
0
0
0.1
0
0
0
0
1.224
0
0
3.824
1.624
1.524
2.024
0.8
1.524
