0.7
1.624
3.524
2.324
1.524
0.4
1.624
1.324
0
1.224
1.824
1.324
0.2
2.724
2.824
1.224
0
1.324
1.224
1.524
1.324
1.824
0
1.224
2.124
1.224
1.724
0.6
2.648
0
3.26
1.224
2
0
0.3
0.9
0.1
0.2
0
0.6
0.2
3.324
0
0.2
0.2
1.324
0.5
0.3
0.2
1.624
1.224
0.1
1.924
0
0.1
0.1
0
0.1
0.1
2.124
1.3
0.8
0.2
2.224
0.7
0.4
0
0.3
1.224
1.7
1
1.924
0.9
0.2
4.024
3.124
0
1.724
0
0
2.424
0
1.224
0
0.1
0
0
0
0.1
2.424
0
0.2
0.2
0
0
1.524
1.524
0
1.424
1.224
0.1
1
0.7
0
0
0.1
0
1.7
0.3
0
0.4
0
0
1.224
0
1
0.1
0.1
0
0.1
3.8
0
1.224
1.2
0
0
0.1
1.224
0
1.724
0.9
0
0.4
0
1.624
0.7
1.624
1.224
1.524
0.9
1.324
1.424
0
1.624
0.1
0
1.224
0
0
0
1.224
0.3
0.1
0.2
1.1
0.7
0.6
0.4
1.1
0.2
0.2
0
0
0
0.1
0.1
0.1
0
0.1
5.324
0.1
0.8
1.224
0.4
1.224
2.524
0.1
0
1.224
0.9
0.5
1.624
1.224
1.324
0.6
2.124
2.524
1.224
0
1.324
2.124
1.524
0.2
1.924
1.324
1.424
1.524
0.1
0
1.2
0.6
0
0
0.6
3
0
0.1
2.124
1.724
0.1
1.224
0.2
3.424
0
0
3
0.4
3.724
0
0.1
0
1.324
3.424
1.424
1.324
1.624
1.224
1.224
1.924
1.224
4.684
4.284
1.324
0
1.624
0.1
4.624
1.424
0
1.824
0
2.624
2.124
0.2
1.836
0
1.224
0
1.224
4.924
0.1
0.1
0
0
0
1.324
0
0.4
2.848
1.524
1.524
0
1.624
0.4
1.324
0
2.424
1.224
0
1.224
0
0.4
0.1
1.224
0.3
0.1
1.324
0.1
1.524
0
0
0
2.224
2.448
1.524
0.1
1.324
1.224
3.26
3.16
3.06
3.06
1.836
1.4
1.324
0
0.1
0.3
0.3
0
1.624
0
0.6
1.724
1.224
0
0.6
0.4
1.424
0.2
0.4
0.1
1.724
1.224
1.224
1.324
0
1.424
1.224
1.424
0
1.524
0.5
0.7
0.8
0
0
0
1.424
0
2.524
1.224
0.1
3.548
2.648
0
0.1
1.424
2.1
1.224
0
1.424
2
0.1
0.8
1.724
1.524
1.924
0.8
0.2
1.524
0
2.9
3.4
1.524
0.5
0.1
0.1
1.224
1.724
1.524
1.324
1.324
1.224
1.224
1.924
0
1.224
1.324
1.224
1.224
1.324
0.3
2.448
1.224
0.1
1.5
1.224
1.324
1.324
3.048
5.148
0
1.836
1.224
0.5
1.224
1.724
0.4
0.3
1.324
2.648
3.724
0
1.524
3.16
0.1
0.4
0
1.324
1.324
1.324
0
1.724
1.424
1.224
1.324
1.224
1.924
1.224
4.124
2.024
0.5
0
1.524
0.3
0.4
1.324
0.2
0
1.324
2.648
2.024
2.724
0.3
1.424
1.324
1.324
2.324
1.724
1.224
0.1
1.424
0.9
1.824
2.024
0.1
1
1.424
1.424
2.448
1.524
1.524
0.1
1.724
1.324
0
1.224
1.724
1.324
1.424
0.2
1.324
2.024
0
0.1
2.224
0
0.2
4.648
1.724
1.224
1.324
0.9
2.848
0.1
0.3
3.624
0.7
1.224
2.424
1.6
0
0.3
3.448
1.924
2.124
0
0.5
1.6
1.324
1.224
0
0.2
2.024
0.1
1.324
1.624
2.124
1.324
0
0
1.324
1.324
0.2
0
1.324
1.224
1.924
1.324
1.524
1.724
0.8
0
1.224
1.324
1.224
2.1
1.224
0
0
1.824
1.524
1.324
1.224
1.324
1.224
1.424
2.748
0.1
1.5
1.324
0
1.224
1.324
1.824
3.524
1.224
0.1
0
1.424
1.424
1.924
1.224
0
1.424
0.1
0.2
1.324
0.2
1.924
1.324
1.424
0.1
1.924
1.524
2.224
3.148
1.424
0
0
1.424
1.424
1.824
0
0.4
1.224
2.124
1.524
0
1.824
0.1
0
0
0.3
1.324
0.2
1.524
1.424
2.548
2.448
1.524
1.224
1.424
1.324
0
0
1.224
1.224
1.1
2.024
0.1
1.424
1.224
0
1.224
1.224
0.2
1.424
1.624
2.948
2.548
0
0.7
0
0
1.324
1.424
0
1.224
0
1.324
1.724
1.224
1.324
1.624
2.624
1.524
1.224
1.224
0
0.2
2.724
1.324
1.324
1.3
0.1
0.2
2
2.748
1.224
1.324
0
0.3
1.324
1.224
1.624
1.824
1.824
0
1.424
1.224
0.1
1.424
1.324
0.2
1.424
0.1
0
1.224
1.624
1.524
1.324
0
1.524
0
0
1.6
1.224
3.048
0
0
0
0.9
1.624
1.224
2.548
1.324
1.224
1.324
2.824
0.1
1.724
1.324
0.3
1.224
0
0.1
1.524
0
1.224
1.524
1.424
1.324
3.348
0
2.448
3.048
3.548
2.224
0
1.324
1.8
0
1.224
1.224
1.324
3.348
1.224
1.624
2.024
0.2
0
0.2
1.224
0.7
1.324
0.7
1.224
1.324
1.224
1.824
1.424
0.2
1.324
0.4
0.1
1.724
1.724
0
2.748
0
1.424
1.224
0
0
1.424
1.824
2.748
1.224
1.424
1.624
1.324
0
0
0
0
0
2.448
0.1
3.424
1.324
0.5
1.424
1.224
1.424
1.224
1.324
1.424
1.624
1.424
0.6
2.224
0.4
1.524
1.924
2.648
1.224
1.324
0
0.1
1.524
0.5
1.224
1.324
1.224
1.224
5.124
2.124
1.724
0.2
2.124
1.224
1.224
0
1.224
1.224
1.224
1.324
0.2
2.124
1.624
0
1.224
0
0
1.224
2.548
1.224
0
2.648
2.648
1.424
0.3
0
1.324
1.224
1.824
0
2.624
1.2
1.424
1.324
1.224
0.5
0.2
1.324
0
0.4
0.8
2.648
0
2.648
1.424
1.324
0
0.2
0
3.048
1.324
0
1.924
1.224
2.448
1.624
1.224
0.2
1.224
1.224
1.724
1.224
1.524
2.448
0.2
1.224
1.324
0
0
0
2.748
0
0
1.824
1.324
1.224
1.324
1.324
0.1
1.324
0
0
0
1.224
1.224
1.424
1.224
1.324
0.1
0
1.324
1.324
0
2.024
1.224
0
1.324
2.524
0
0.1
1.224
1.424
1.624
1.524
1.224
1.924
1
0
3.324
0
1.224
1.224
1.224
1.424
1.224
1.324
2.124
1.8
0.1
0
1.324
1.224
1.224
1.524
0.3
1.524
1.424
0.1
0.1
1.224
1.324
1.924
2.448
0.8
0.1
1.324
0
1.224
0.1
1.524
0
0.3
0.1
0.2
0.1
0.2
2.824
2.024
1.624
0
1.624
0.1
1.224
0
1.824
2.448
0.6
1.824
1.224
2.024
0.3
1.224
5.384
6.184
1.324
1.224
1.224
1.224
1.724
1.324
2.524
0.1
4.348
1.724
1.624
0.4
2.848
1.224
1.924
1.424
2.548
2.948
1.324
1.224
1.224
1.324
3.06
3.16
1.224
1.224
1.524
1.424
1.724
0.8
0
3.56
0
0.1
0
1.424
1.324
0.8
3.224
2.848
3.248
1.324
2.624
1.324
0
1.424
1.324
1.524
1.324
1.624
1.524
1.624
1.624
1.424
1.424
1.324
1.324
2.436
3.16
3.06
1.836
3.16
1.836
3.06
4.46
3.26
3.16
3.26
3.06
4.06
3.26
1.936
2.036
3.86
0.9
0
1.324
3.024
2.224
3.236
2.848
1.224
1.224
0.3
2.624
1.324
0.2
1.224
0
5.024
0.1
0.9
0.3
1.324
1.324
2.424
1.224
1.3
0
0.8
1.224
0.1
0.4
1.524
0.1
0
1.224
0
0.1
1.324
0.1
2.924
1.224
0.7
1.224
0
0
1.724
0
1.224
1.324
1.224
1.324
1.324
2.424
0.5
0.6
1.324
1.224
1.424
0
1.224
1.324
1.324
6.124
0.1
1.224
0.2
1.624
3.524
0
1.624
0
2.624
1.524
0.2
1.324
0
1.224
1.224
2.724
1.224
1.2
0.2
0.2
1.324
0
0.3
0.4
0.1
1.524
0.8
1.324
1.924
1.424
1.324
2.648
1.324
0.7
2.124
1.324
1.224
1.424
0.1
1.324
1.424
1.524
1.324
1.224
1.324
1.724
0
3.724
3.048
1.324
0
2.024
1.224
2.824
0.5
1.424
1.324
0.7
0.1
0.2
0.1
0.1
0.3
0.6
1.724
1.224
1.424
1.224
2.324
1.224
1.324
1.324
0.1
0
1.324
0.6
1.324
1.224
1.924
1.224
1.424
1.424
0.6
1.324
1.624
0.3
1.424
0
0.1
2.524
1.724
1.524
1.424
0.3
0
0.2
1.424
0
1.324
0.2
1.224
0.5
0
1.324
0.1
0.3
1.224
1.424
1.624
1.424
1.724
1.924
0.4
1.224
1.6
0
0
1.724
2.224
1.524
0.3
1.324
3.424
0.3
1.324
1.224
1.524
0.2
0.6
1.724
1.424
1.224
2.548
1.224
1.524
1.324
0
1.324
1.324
0
1.524
3.524
1.224
1.3
1.224
1.524
0.3
0.2
1.824
2.024
2.424
1.324
1.424
1.324
2.9
1.224
0
1.224
0
1.524
1.224
0.1
0.5
0.3
1.1
0
0
1.324
1.724
1.424
1.424
2.924
0
2.124
0.4
1.224
1.224
0.2
1.724
1.224
0
0
1.424
1.624
1.324
1.224
1.224
1.624
1.624
0.5
1.524
0.3
1.624
2.424
1.224
1.424
1.324
3.1
2.924
1.324
0
0.5
1.324
1.324
1.624
0
2.024
2.324
0.1
0.2
0.1
0.6
0.5
1.524
0.1
1.524
0
0.9
1.5
0
1.624
1.324
0
1.424
1.424
1.324
1.224
1.424
0.2
1.624
1.224
1.224
1.824
1.524
1.524
1.424
1.424
1.524
0
1.324
1.524
1.424
1.224
1.224
1.224
0.9
0.1
0.6
0
0.7
0
0.3
4.548
3.624
2.648
0.7
1.424
0.9
0
1.224
3.124
1.724
1.224
0.1
1.324
0.1
1.324
1.224
1.824
0.2
1.324
0
1.524
0.1
1.224
0.3
1.224
1.324
1.224
1.224
1.424
1.4
1.324
0.3
0
0
1.624
1.424
1.324
0.7
1.224
1.224
0.2
0.6
0.6
1.324
0
1.524
1.324
1.524
2.024
1.724
0.5
0.1
1.624
1.724
1.224
0
0
1.424
1.324
1.824
1.324
0.1
0
1.424
1.324
1.624
0
0.9
1.224
0.8
0
1.224
0
1.224
0.4
2.648
0
1.224
1.224
1.224
1.224
1.324
0.5
2.224
1.224
0.5
1.524
1.224
0
1.224
0.2
0
0.6
0.2
0.1
0
1.424
1.224
2.224
1.524
1.424
0
1.324
0.2
0.6
0
1.924
1.524
1.324
1.224
1.2
1.424
1.1
1.224
0
1.624
1.324
2.824
0.1
1.224
1.724
0
0.5
1.324
0.1
0.1
1.524
0.3
0
1.324
1.524
0.2
0
1.224
1.424
1.224
1.524
1.524
6.048
1.924
0.3
3.648
0
0.2
1.524
0.4
0.5
1.324
1.424
1.424
1.224
1.224
1.724
1.624
1.324
0
0.8
0
1.224
2.4
0.3
1.724
2.5
0.4
1.324
0.5
1.924
0.1
1.224
1.224
1.724
0
1.224
1.924
1.524
1.324
0.1
1.324
0
1.824
1.424
0.2
1.424
0.1
0.1
1.224
0.2
1.224
0
0
0.7
1.1
1.324
0
2.024
1.224
0.1
1.424
0.1
1.224
1.2
1.524
0.1
0.1
1.524
0
0.2
1.224
0
1.724
0.1
0
1.224
0
1.424
1.224
1.8
0.2
0
2.024
3.024
1.224
0
0.3
1.724
0
1.224
1.324
0.3
1.224
1.224
0
1.424
4.948
1.424
0
1.224
0
1.324
0.3
1.424
1.324
1.324
1.224
0
2.648
2.224
1.724
1.224
0.1
1.224
1.524
0
0
0.1
0
0
1.224
1.224
0.5
1.224
1.3
3.124
1.324
1.424
1.424
1.424
1.224
0.1
1.524
1.424
1.324
1.324
1.224
1.224
2.124
0
0.6
1.824
2.548
0.1
0.4
1.524
1.624
0.4
1.224
1.224
0
0.3
1.624
1.424
1.824
1.424
1.324
0
0.2
0.3
0.2
1.924
0.3
1.224
0.1
1
1.524
2.424
2.324
1.424
1.324
1.524
1.324
1.324
0
1.324
1.224
1.324
0
0
1.224
1.224
0
1.424
0.2
1.224
1.324
1.224
0.2
1.324
0.1
1.524
0.4
2.3
0.5
0.3
1.324
0.2
3.224
1.224
0
0.1
3.124
1.324
0.1
1.324
1.924
1.424
0.4
0.5
0.2
0
1.224
1.724
0.4
2.624
1.924
0.1
1.3
1.424
0.2
1.324
1.524
1.524
3.048
1.524
0.2
1.724
1.424
1.224
1.324
1.324
0.1
1.324
0.2
1.324
1.224
1.224
6.524
1.324
1.424
0.2
1.424
0.8
1.9
4.124
0
1.724
1.324
0
3.948
0.3
0.4
0.7
0.1
2.624
0.3
1.424
1.524
3.624
1.224
1.324
1.224
0
2.124
0
1.724
1.224
0.1
1.224
1.424
1.424
1.824
0
1.424
2.324
1.824
1.524
0
1.224
0.8
1.424
0
0
2.624
1.924
0.2
0.3
0.1
1.224
1.224
1.424
2.024
1.324
1.524
1.924
0.9
0
0
1.224
1.524
2.224
0
0.1
1.824
4.024
0
0.2
1.624
0.4
0.1
1.524
0
2.724
1.824
1.324
1.324
1.624
1.824
1.624
0.2
2.324
0
1.624
1.324
1.524
1.524
1.324
0
1.324
1.224
1.424
1.224
0.1
0
1.824
2.224
0.1
1.224
2.024
1.2
0
2.7
1.924
1.424
0
0.1
0
1.224
0
0.1
1.724
1.224
1.624
0
1.324
1.624
1.224
0
4.824
0.6
1.224
1.836
17.484
3.56
4.536
4.06
1.836
3.736
3.36
4.484
2.036
3.06
3.06
3.36
3.66
1.836
1.936
2.036
3.06
2.036
3.16
2.036
1.836
3.16
2.236
4.46
3.06
3.76
3.76
1.936
1.936
3.36
1.936
1.836
1.836
1.836
4.66
3.06
3.06
2.036
1.836
4.284
3.06
1.836
6.784
1.836
3.46
3.46
1.936
1.836
3.06
2.036
3.06
3.26
3.36
3.06
1.936
2.536
3.26
3.26
3.06
3.06
3.16
2.036
4.284
3.06
3.06
1.836
1.836
0.2
4.2
0.3
0.1
1.5
2.924
1.1
