0.1
0.3
2.524
2.036
1.324
0.1
0.1
0
0
0
0
1.224
0.2
0.7
0.7
0.1
0.1
0
0
0.1
1.224
1.224
0
0
2.036
0
0.2
0.1
1.224
0
1.936
1.324
1.4
0
0.2
0.3
0.1
0.2
0
0.4
0
1.824
0
0.1
0.3
1.224
0.2
0.1
0.1
1.324
1.224
0
1.624
0
0
0.1
0.2
0
0.2
1.724
1
0.2
0
0.3
0.2
0.1
0
0
1.424
0.9
0.2
1.624
0.3
0.1
2.624
0.3
0
0
0
0
1.624
0
1.224
0
0
0
0
0
0
0.6
0
0.1
0.1
0
0
1.624
1.424
0
0.1
0
0
0.6
0.1
0
1.836
0
0
1.1
0
0.2
0.4
0
0.1
1.324
0.1
0.1
0.2
0.3
0.2
0
2.1
0
0
0.2
0
0
0.1
1.224
0
1.524
0.1
0
0.1
0
1.324
0.4
1.324
1.324
1.724
0.7
0.1
0.1
0
1.724
0
0.1
1.424
0.3
0.2
0
1.224
0.3
0.2
0
0.6
0.1
0.2
0.2
0.8
0
0.1
0
0
0
0.1
0
0
0
0
1.6
0
0.1
1.224
0
1.324
1.624
0
0.1
1.224
0.3
0.1
1.624
0
1.224
0.2
1.524
1.824
1.224
0.1
1.224
0.2
1.524
0.1
1.324
1.424
1.224
1.224
0.1
0
0.3
0.2
0.1
0
0.1
1.8
0
0.1
1.524
1.324
0.3
1.324
0.4
0.9
0
0
1.3
0
0.6
0
0.1
0
1.424
2.224
1.224
1.324
1.324
1.224
1.224
1.924
1.224
3.26
3.06
1.424
1.836
3.16
0.1
3.024
1.524
0
1.424
1.836
2.024
3.66
0
1.836
0.1
0
0
1.324
2.736
0
0.1
0
0
0
1.224
0
0.2
1.224
1.624
3.06
0
0
0.2
1.224
0
0.1
1.224
0.1
1.224
0
0.1
0.1
1.324
0.3
0.1
1.324
0.1
1.324
0
0
0
1.524
1.224
1.524
0.1
1.324
1.224
3.16
3.06
3.06
3.06
1.836
0.7
0
0
0
0
0.1
0
0.1
0
0.3
0.3
0.1
0
0.2
0.4
0
0.2
2.036
0
1.324
0
0
1.224
0
1.424
0
1.324
0
0.1
0
0.2
0.1
0
0
0
0
0
0.4
0
0
3.36
3.46
0
0.1
0
0.5
0
0
1.324
1.2
0
0.2
3.96
1.324
3.56
0.5
0
1.324
0.1
1.1
1.3
0
2.036
0
0.1
0
1.224
1.524
0
1.324
1.224
1.224
0
1.936
1.324
2.036
1.324
1.224
1.224
1.836
3.06
0
0
0.3
0
0
0.1
1.424
2.224
0
1.836
0
0.1
1.224
1.424
0.2
2.036
0
1.424
4.236
0
2.536
3.06
0
0.3
0
0
1.424
3.16
0
1.824
1.224
1.224
1.224
1.224
3.46
1.224
1
1.424
0
0
0.1
0.2
0.2
0
0
0
1.324
1.524
1.224
0.5
0
3.36
0
1.224
4.06
3.56
1.936
0.2
3.56
2.536
3.86
0.1
0
0.4
1.424
0
3.06
0.1
0
0.1
0
3.06
0
1.224
3.36
1.324
0.1
0
0
1.424
0
0
0.5
0
1.936
4.66
1.724
1.324
1.324
2.936
3.26
0.1
0.1
2.224
0.3
0
1.724
0.7
0
1.936
1.424
1.824
0.5
0
0.2
0.8
1.324
0
0
0
0
0
1.224
2.436
0.2
1.224
0
0
3.16
3.36
0.2
0
0
1.224
1.724
1.324
0.1
1.424
2.636
0
1.936
1.224
3.26
3.336
0
0
0
1.924
1.224
1.224
1.224
3.26
0.1
1.324
3.06
0
0.9
1.224
0
3.16
0
1.624
4.16
1.324
0
0
1.224
1.524
1.424
1.224
0
1.524
0
0
1.324
0.3
0.1
1.224
0
0.4
2.236
1.624
3.66
1.824
1.424
0
0
0
3.36
1.424
0
2.036
1.224
1.724
1.324
0
0.2
0.2
0
0
0
1.224
0.9
3.46
1.524
1.324
1.224
0.1
1.224
1.836
1.224
0
0
1.224
1.224
0.3
1.824
0
1.324
0
0.1
1.524
1.224
0
0
3.36
1.424
1.224
0.1
2.936
0
0
1.224
1.424
0.2
1.224
0
0
0.3
0
1.224
0.1
0.6
1.324
0.1
0
0
0
4.46
0.1
0
2.936
0.1
1.836
1
1.224
1.324
0
1.936
0.3
3.16
0
1.936
3.26
1.424
1.936
1.936
3.26
1.936
3.36
1.324
0
3.06
0.1
1.836
3.06
0.1
3.46
0
0
3.36
0
0
2.736
0
3.26
0
0
0.1
2.536
1.224
1.224
1.624
3.06
0
0
2.224
2.036
1.724
3.06
0
1.224
0
2.136
1.324
0
1.224
1.324
1.324
1.424
3.56
0
1.224
1.424
3.66
1.724
1.936
1.836
0.6
0
3.06
0.1
1.324
1.524
3.06
0.3
1.424
1.936
0
0
1.224
2.536
0
0.2
1.224
1.224
1.224
3.56
0.1
0
1.224
0.1
0
1.624
3.66
0
3.06
0
1.224
0
0
0
0
1.324
1.324
0
0
1.324
3.36
0.1
0
1.936
0
0
3.06
0
0.4
1.324
2.236
3.06
0
3.16
1.224
3.06
3.16
0
1.524
2.136
1.924
0.1
1.324
1.724
1.224
3.06
3.66
0
0
3.26
0.4
1.224
1.224
1.224
1.224
1.7
2.024
0.1
0.1
0.4
1.224
1.224
0.1
1.224
1.224
0
1.524
0
1.724
1.324
0
0
0
0
1.224
1.424
1.324
0
3.06
3.06
1.224
0.1
0
3.16
1.224
0.3
0
0.3
0.4
1.524
3.26
0.1
0.5
1.936
1.224
0
0.1
0.4
1.424
0
3.06
1.424
1.224
0
0.1
0
3.16
1.224
0
1.424
3.06
3.06
1.424
0
0.1
1.524
1.324
1.324
0
1.624
3.16
2.136
1.224
0
0
0
0
1.424
0
0.1
3.36
3.06
0
3.16
0
0
0.1
0
1.936
0.1
0
1.524
1.324
1.224
1.324
0
0
0
1.224
0
1.524
1.224
1.836
1.324
1.724
0
0.3
1.224
1.224
1.424
1.324
0.1
1.524
0.6
0
2.324
0.1
1.324
1.224
0
1.324
3.16
1.224
3.86
2.936
1.836
0.1
3.06
0
3.06
1.524
0.1
1.324
3.26
0.1
0.1
0.1
3.06
1.924
1.224
0.4
1.836
0
0
0
0.1
1.224
0
0.1
2.036
0
0
0.2
0.3
3.96
1.324
0
0.1
1.836
1.224
0
1.624
1.224
0.1
1.824
1.224
0.1
0
0
5.796
6.396
1.424
1.224
1.936
1.324
1.424
1.224
2.324
0.1
2.124
1.724
1.524
0.3
3.36
1.224
0.7
1.224
1.224
1.224
1.324
1.324
1.224
3.16
3.16
3.26
1.224
3.16
3.56
3.16
1.224
0.5
0.2
3.46
0
0
0.1
1.936
0
2.336
2.724
3.26
1.624
1.224
0.3
0
0
3.16
1.324
3.16
0
0.9
0.1
1.224
1.724
1.224
1.324
1.524
1.524
2.236
3.06
4.896
1.836
3.26
1.836
3.06
3.86
3.26
3.16
3.26
3.16
3.36
3.26
3.772
3.772
3.56
2.336
0
1.524
2.424
1.724
4.272
1.324
0
1.224
0.2
1.524
3.26
0
1.224
1.836
1.4
0
0.1
0
1.224
3.16
1.724
1.224
0
0.1
0
1.324
0
0.1
1.324
0
0
1.324
0
0
0
0
0.7
1.224
0.2
1.324
0
0
1.624
0
0
0
1.224
1.224
0
0.3
0.2
2.136
1.224
0
0
0
1.224
1.224
1.424
3.524
0.1
1.224
0.2
1.324
0.9
0.3
0.1
0
1.724
1.224
0.1
1.936
0
1.324
1.224
1.624
1.224
0.6
0
0.1
0
0
0
0.1
0
1.324
0.2
1.224
1.324
0
1.424
1.324
1.224
0.1
1.424
1.324
1.224
0
0
1.324
1.224
1.424
0
1.224
1.224
0.3
0
1.824
1.324
1.324
0
1.424
1.836
1.924
0.1
1.224
1.224
0.1
0
0
0
0
0
0.2
1.524
1.224
1.324
0
1.524
1.224
1.224
1.224
0
0.1
1.224
0.3
1.324
1.324
1.524
1.324
1.224
1.624
0.2
1.224
1.324
0
1.224
0
0.1
0.2
0.1
1.224
1.324
0
0
0.1
1.224
0
1.324
0
1.224
0.3
0
1.224
0
0.2
1.424
0.2
1.424
1.224
1.424
1.424
0
1.224
0.6
0
0
1.224
1.424
1.324
0
1.224
1.1
0
0
0
0
1.936
0.3
0.4
1.224
1.224
1.324
0
1.424
1.424
0.1
1.224
1.224
0
1.324
0.6
1.224
0.7
0
1.424
0.1
0
1.324
1.524
1.224
1.424
1.324
1.324
1.7
1.224
0.1
1.324
0
1.324
1.324
0
0.1
0
0.4
0
0.1
1.324
1.424
1.324
1.224
1.624
0
1.724
0.3
1.224
1.224
0.1
1.224
1.224
0
0
1.324
0.1
1.324
1.224
1.224
1.424
1.424
0.1
1.624
0.1
1.524
0.2
0
0
1.224
1.2
0.3
0
0
0
0
1.324
1.324
0.1
1.624
1.924
0
0.1
0
0.3
0
1.224
0
1.324
0
0.1
0.7
0
1.224
1.224
0
1.424
1.524
1.224
1.224
1.224
0.1
1.224
1.224
1.224
1.524
1.324
1.524
1.324
1.324
1.524
0
1.224
0.3
0
1.224
1.224
1.224
0
0
0
0
0.3
0
0
1.524
0.2
1.224
0
1.224
0.4
0
1.224
2.024
0
0
0
1.224
0
1.224
1.224
1.424
0
1.224
0
1.224
0
1.224
0
0
1.324
1.324
1.324
1.324
0.5
1.224
0.1
0
0.1
1.424
1.424
1.224
0.4
1.224
1.224
0.2
0
0.3
0
0.2
1.224
1.224
0
0.4
1.224
0
0
0.1
0
1.224
0
0
1.424
1.324
1.324
1.324
0.2
0
1.324
1.224
1.324
0.2
0.1
1.324
0.4
0
1.224
0
1.224
0.2
1.224
0
1.224
1.224
1.224
1.224
1.224
0
1.424
0.1
0
1.524
1.224
0.1
1.224
0
0
0
0.1
1.936
0
1.424
0
1.324
1.424
1.424
0
1.224
1.836
0.6
0.1
1.424
0
1.424
1.224
0.7
1.724
0.9
0
0
1.324
1.224
0.2
0
1.224
1.524
0
0
1.224
0
0
0.1
0.1
0
1.224
1.224
0.2
0
1.224
1.224
1.224
0.1
1.424
2.924
1.424
0.3
1.424
0
0.1
1.424
0.1
0.5
1.324
1.224
1.324
0.1
1.324
1.324
0
1.324
0
0.4
0
1.224
0.3
0.3
1.224
0.3
0.2
1.224
0.1
1.424
0
1.224
1.224
1.624
0
1.324
1.524
1.524
1.224
0
1.224
0
1.524
1.324
0.1
1.224
0.1
0
1.224
0
1.224
0
0.1
0.6
0.8
1.224
0
0
1.224
0
1.224
0
1.224
0.9
1.324
0
0
1.324
0
0
1.224
0
1.324
0
0
0
0
0.1
1.224
0.8
0
0
1.324
0.4
1.224
0
0.2
1.424
0
1.224
1.324
1.936
0
0
0
1.324
2.224
1.224
0
1.224
0
1.224
0
1.224
1.324
1.424
1.224
0
1.224
1.524
1.524
0
0
1.224
1.324
0
0
0
0.2
0.1
1.224
1.324
0.3
1.224
0.2
1.924
0
1.224
0
1.224
1.224
0.2
0
1.224
1.224
1.224
0
1.224
0.1
0
0
1.224
1.324
0
0.3
1.424
1.424
0
1.224
0
0.1
0
1.324
1.324
1.224
1.424
1.224
0
0
0.2
0
1.624
0
0
0
0.2
1.224
1.524
1.824
1.224
1.224
1.224
1.224
1.224
0
1.324
0
0
0
0
1.224
1.224
0
1.224
0
0
1.224
1.224
0
1.224
0
1.624
0.1
0.9
0
0.2
0.1
0.1
2.024
1.324
0
0
1.924
1.224
1.836
1.224
1.324
1.324
0.2
0.3
0
0
0
1.424
0
0.1
0.1
0.2
0.5
1.224
0
1.324
0
1.324
1.324
1.324
0.1
0.3
0
0
1.224
1.224
0.1
1.224
0.2
1.624
1.224
1.224
2.1
1.324
1.324
0.1
0.1
0.1
0.4
1
0
1.524
1.224
0
1.324
0
0.3
0.2
0
3.36
0
1.324
1.224
2.224
1.224
1.224
1.224
0
1.324
0
1.524
1.224
0
1.224
1.324
1.424
1.324
0
1.224
1.624
0.3
1.324
0.1
1.224
0.2
1.224
0
0
1.724
1.524
0
0.2
0
1.224
1.224
1.324
1.424
1.224
1.624
1.224
0.8
0
0
1.224
1.224
1.724
0
0
1.724
0.5
0
0
1.324
0.1
0.1
1.224
0
2.024
1.524
1.624
1.324
1.324
1.824
1.424
0
1.924
0.1
1.424
1.324
1.424
3.06
1.224
0
1.224
0
1.524
0
0.1
0.1
0.1
0.9
0
1.224
0.1
0.4
0
0.8
0.2
1.524
0
0
0
1.836
0.1
0
0.1
3.56
0
0
0
3.26
0
0
2.5
0.2
1.224
3.672
3.56
10.896
2.536
3.56
1.836
2.636
3.66
3.06
1.836
3.06
4.896
3.772
4.172
1.836
1.836
1.936
1.836
2.136
1.936
3.772
1.836
3.06
2.436
2.236
3.16
2.236
5.696
1.836
1.836
1.936
1.936
1.936
1.836
1.836
2.736
3.16
3.06
1.836
1.836
3.06
3.16
1.836
5.996
1.836
3.36
3.36
1.936
1.836
3.06
4.072
3.06
3.06
3.06
4.896
2.136
2.036
3.16
3.26
3.06
1.836
3.16
1.936
3.06
3.672
3.06
1.836
1.836
0.2
1.8
0.1
0.2
0.6
1.1
0.4
