3.024
0.7
3.8
1.4
1.824
0.2
0.2
0
1.724
0
1.824
0
1.624
3
3.7
0
1.224
0
0
0.6
0
0.7
0.1
0
2.024
0.4
0.3
0.7
0.1
0.1
1.936
0
10.224
1.424
1.424
2.924
1.224
1.424
0
1.924
1.524
3.5
0
0.4
0.2
0
0.7
2.224
1.524
1.624
0.1
0
1.724
1.424
0.2
0.1
2.848
1.324
1.324
1.6
7.124
3.424
0.4
1.9
1.7
2.924
1.324
1.424
0.4
6.824
1.724
4.648
2.748
1.424
7.2
3.524
1.424
0.6
1.224
1.324
1.4
1.324
0
1.424
0.1
1.224
1.324
0
0
3.824
1.324
0.1
1.324
1.424
1.224
1.524
2.124
2.548
0.2
0
0.1
3.224
3.824
1.224
0.1
1.324
1.324
2.6
1.624
1.524
2.948
1.524
1.224
1.424
0
0.7
1.524
1.224
1.224
1.424
10.724
0
0.2
4.048
1.524
1.224
1.324
0
0.2
2.024
2.424
0.1
1.624
0
0.8
1.5
0.3
1.524
0.4
1.8
1.424
1.524
1.224
1.3
1.224
1.224
0.5
1.624
1.324
1.424
0
1.724
1.924
1.624
2.524
2.524
2.024
0.3
4.424
0.2
1.524
1.324
1.224
1.424
0.6
1.224
0.1
2.548
0.4
9.6
2.448
3.948
1.324
1.524
1.424
1.4
1.324
1.224
0.2
2.124
1.824
2.524
0.3
1.524
2.1
2.724
2.2
1.624
1.624
1.224
0.6
1.324
1.724
3.124
1.624
0.5
0.2
1.824
1.224
1.9
2.948
0
0
2.224
5.424
1.224
1.324
2.424
0.6
1.324
0.1
1.524
0.9
1.224
1.224
12.524
1.524
5.524
0
1.224
1.224
0.2
3
0.1
0.2
0.3
0
0
1.2
2.548
2.336
1.836
1.524
0.2
0.4
0
9.024
0.2
0
1.3
0
2.1
0.7
0
3.26
0.2
1.324
1.224
0
2.7
0
1.724
1.324
1.224
0.3
0
1.224
4.324
0.6
0.8
0.1
2.448
1.424
1.3
0
2.448
2.2
0
1.424
0
1.224
1.724
1.324
0.2
5.624
0.1
0.1
1.424
2.548
2.448
1.224
1.224
2.324
0
1.924
1.424
0.1
0.1
3.36
1.936
1.936
1.836
3.06
5.424
0
0.1
0.1
0.4
1.524
1.324
0.6
2.548
0.4
0.7
0.4
1.224
2.624
3.648
0.4
3.648
1.424
1.224
1.424
0
0.1
0.4
1.224
0.2
0
0.7
1.324
0.3
3.024
1.2
2.724
1.324
1.224
0.2
0
1.224
4.4
1.324
0.3
1.4
0.1
1.224
0
0.1
7.324
1.224
1.324
1.224
8.224
1.924
3.424
1.2
1.624
0.2
3.6
2.748
1.524
2.948
5.424
11.924
0.1
0.1
1.224
1.324
0
3.648
1.824
0
1.324
1.224
1.224
0.3
0.1
1.224
0.2
0.1
0
0
0
0.2
0
1.324
4.724
0.2
0
0.4
0.6
1.5
0
3.16
0
1
0.2
2.624
1.724
0.3
0
1.324
5.4
1.524
1.1
2.036
0
1.624
1.224
0
0.4
0.2
1.224
2.324
1.224
1.224
1.324
1.224
0.8
0.1
3.2
1.8
2.448
0.2
0.5
1.924
1.524
0
1.624
1.624
0
0.3
0.7
1.9
1.924
0.6
0.2
2.448
1.2
0.7
1.424
3.548
0.2
0.8
0.9
0.5
1.324
6.548
0.8
1.824
0
0.4
1.224
1.824
0.2
0.1
1.224
1.224
0.5
0.1
0.5
0.1
0
2.424
1.524
1.224
0.7
1.224
0.2
2.2
0.3
1.524
0.1
0.9
0.1
1.424
0.4
5.9
2.2
0
1.3
8.824
0.1
1.524
0.7
0.8
1.4
1.224
0.9
0.9
1.324
0
1.224
0.5
0.3
0.3
1.324
2.624
0.6
1.224
1.524
1.224
0.3
1.524
0.1
0
0
0
1
0.2
0.2
2.124
0.9
1.224
0
1.424
0.1
2.2
0
1.224
1.324
1.724
0.4
0.1
0
1.524
0.3
1.324
0.2
1.224
8.024
0.1
2.448
0
0.1
0.9
3.224
1.224
0
1.224
0
0.9
1.2
1.324
0.2
1.624
1.224
2.024
0.1
2.424
0.9
1.224
1.624
1.324
0.4
0.3
1.3
1.3
1.324
1.224
1.224
0.3
0.5
0.6
1.224
0.2
0
0.7
0.2
0.2
1.724
1.324
1.324
1.224
3.024
1.224
3.348
0.7
1.524
1.424
0
0.2
1.224
0.1
0.2
0
0.1
0
0
6.524
0.7
0.1
1.424
0
0
0
0
1.324
0.2
0.2
0.5
0.2
1.224
1.5
0
2.448
0.1
0.1
0.2
0
2.648
0.1
1.824
0
0.1
0.2
1.3
0.4
0
0
1.424
1.424
1.3
1.324
0.1
1.5
0.4
0.1
7.224
0.6
1.224
0.2
0.2
1.1
1.424
0
0.4
0.7
1.824
0
0.1
1.424
1.324
0.2
1.324
0.3
0.1
0.4
0.3
0.1
0.4
0.2
1.224
1.224
0.3
1.424
1.324
1.4
0
0.5
1.324
1.324
1.424
1.2
0.4
0.1
0.2
0
0
0.3
2
0.3
2.124
0
1.324
1.224
0
0.3
2.648
1.224
0
0
0.4
0.3
2.124
0
1.224
0.9
1.724
1.3
1.324
1.624
1.3
1.224
0.4
0.1
0.1
1.624
0.2
0.3
0.7
0.1
0
1.424
0.2
0.3
1.224
0.9
1.224
0.1
0
1.424
0.1
1.824
1.224
0.7
0.2
0.6
1
1.424
0.4
2.548
0
0.2
1.224
1.524
0
0.4
0.5
0
0.5
0.4
0.4
1.324
1.324
1.424
0.1
0.1
0.1
0
6.8
0.1
0.2
0.3
0
0.2
1.224
0
0.9
0.2
1.924
1.524
0.7
2.524
0.2
0.4
0
1.324
1.524
1.224
1.724
0.7
1.724
1.224
0.1
0.1
1.324
7.3
3.624
0.5
0.7
2.224
1.524
1.224
1.224
0.1
0
0.1
0
1.824
0.9
1.524
1.224
1.224
0
1.224
0
0.4
0.1
0.1
1.224
1.224
0.4
1.524
1.224
0
0.2
1.1
2.448
0.6
3.1
0.4
0.1
0.1
1.924
0.4
1.524
1.324
0.7
6.924
0.3
1.224
0
0.2
0.1
0
3.424
2.448
0.3
0.4
1.224
1.1
0
0.1
0.6
0
0.1
0.1
0
0.3
0.2
1.524
0
0.1
1.324
0.1
0.3
1.224
1.524
1.424
1.224
1.424
1.724
0.1
1.324
0.3
0
1.224
0.2
1.224
0
1.824
0.1
0.3
0.1
1.224
1.324
0.1
1.224
1.324
1.524
1.224
0.9
0.1
0
1.224
2.824
1.524
0.1
0.1
0.1
1.424
0.3
0.2
1.2
2.324
1.324
3.524
1.224
1.424
1.224
1.324
1.424
0
0.4
1.5
5.048
1.424
0.4
0
0
0
0.3
0.1
0.2
1.424
0.3
2.924
0.3
1.524
0.6
0
0.5
0
0.2
1.224
0
1.224
1.424
1.424
1.224
0.1
1.424
1.324
1.824
2.4
2.024
0.3
2.448
0.4
0
1.324
1.224
2.324
1.224
2.824
0.5
0
0.5
2.748
0
3.036
3.336
0.2
1.224
0
1.324
1.624
1.324
6.224
1.424
3.724
2.124
0.9
1.324
0.4
1.224
2.424
1.624
0.3
0.1
0.1
0
0
0.1
1.936
3.26
0
0.2
0.6
0.3
0.5
7.724
1.224
4.06
1.324
0.5
1.224
1.224
0.2
0.5
1.724
0.5
0.5
0.2
2.724
0
1.224
0
0.2
0.6
1.224
2.124
1.924
0
2.424
0.6
0.2
1.624
1.324
3.76
2.036
2.036
3.06
3.36
3.16
1.836
3.236
2.136
2.136
2.336
2.136
2.936
3.66
3.06
3.36
4.06
0.8
0
0.6
2.4
0.7
2.436
1.324
0
0
1.724
2.324
1.1
1.224
1.324
0
3.2
0
5.924
0.2
1.424
0.1
3.024
0.1
2.3
0.1
0.7
0.4
1.224
5.224
0.7
1.224
1.324
0
1.224
1.324
0.1
1.224
6.724
0.2
2.324
1.724
1.324
1.324
1
1.224
1.224
0
0.1
0.2
1.324
1.6
2.824
0.6
0.1
1.224
0.3
0
0.1
0.1
0.4
8
0.3
0.3
2.024
0.2
3.9
0.3
0.1
0.2
5.324
1.424
2.524
0
1.224
1.524
0
2.724
1.324
2.724
0.4
1.624
1.524
1.424
1.424
1.424
0.2
0.4
2.524
0.1
0.3
0.1
3.148
1.324
0.2
2.224
1.2
1.624
1.324
0.3
1.424
1.724
1.424
1.924
1.224
0.1
1.524
1.524
1.324
3.2
0.2
0
1.224
0.5
0.1
2.6
1.424
0
1.224
1.824
1.624
1.224
1.324
0.2
0.3
4.824
1.824
1.224
1.224
0
2.624
0
1.524
0.1
1.224
1.624
1.724
2.324
0.2
0
1.4
0.3
0.4
1.524
2.424
0.3
1.624
1.624
0.1
0
1.424
2.448
2.548
0.4
0.2
0.1
1.224
0.3
1.224
2.448
0.2
1.224
0
2.324
1.224
1.324
1.424
2.424
0.5
0.2
0.4
1.224
0.7
2
2.624
0
2.4
1.224
1.424
0.3
2.424
1.524
1.524
1.524
3.4
3.148
0
0
0.3
0.2
2.424
1.924
0.3
0.1
1.224
1.224
0.7
0.2
1.324
1.224
1.224
2.448
0.4
2.6
0.2
2.524
0
0.4
1.424
1.924
1.724
0.5
2.224
1.524
0.3
1.424
10.024
0
1.224
0.3
1.224
0.1
0.1
1.624
1.324
1.824
1.924
2.448
1.224
0.3
1.924
0.4
0.4
1.8
0
1.924
0.3
0
0
0.4
1.424
0
1.324
1.224
0.2
0.2
0.1
1.524
1.524
1.924
0.9
2.124
3.248
4.048
1.924
0.6
0
0
0
8.524
1.2
1.224
1.324
2.124
0.1
1.424
0.3
1.924
0.8
1
1.224
1.424
1.424
2.848
3.048
1.424
1.224
1.624
1.424
0.9
6.124
1.224
1.724
0
1.524
0.2
2.424
0.1
0.1
1.524
1.324
0.5
1.324
0.5
1
2.948
0.9
1.624
0.2
2.648
1.324
0
1.424
0
0
0
0.4
0.5
1.524
1.324
1.324
2.724
1.224
1.724
4.024
1.9
1.424
2.124
0.1
2.724
1.224
0
4.724
0.5
1.324
2.548
0
1.324
1.524
0
2.524
1.524
1.524
2.448
0.4
1.524
0
3.724
1.324
0.1
0
1.324
0.6
3.124
1.724
1.424
1.224
1.424
2.224
1.624
0.3
1.624
0.2
1.324
1.424
2.224
1.524
0
1.424
1.524
0.7
1.524
0.8
1.424
1.824
1.324
0.1
0.3
0
0
1.324
1.924
0.2
0.7
0
1.924
1.324
0.4
0.1
0.2
0.1
2.024
0.5
2.624
1.424
1.224
1.224
0.2
1.424
0
1.224
0
0.1
1.224
1.224
0.1
2.748
2.824
0.3
1.224
1.324
1.424
1.324
1.424
1.424
0
2.224
1.324
0.2
1.224
0.7
1.324
0.4
1.924
1.624
2.448
1.324
1.624
2.524
0
2.124
1.824
1.724
0
3.224
0.7
3.424
0
1.224
2.024
1.224
2.824
1.224
0
1.4
1.224
0.3
0
1.424
0.1
0.2
2.648
0
0.4
1.224
1.524
1.224
1.224
1.524
0.2
1.624
2.024
5.324
1.1
1.724
2.024
0.2
1.424
2.024
1.2
0.4
0.3
0.3
1.524
0
0.7
1.824
0.3
1.324
0.1
4.724
0.3
1.224
1
1.224
1.524
3.124
1.924
1.424
3.048
0.6
1.824
0.1
0
3.948
1.224
1.224
0.8
1.824
0
1.524
0.1
2.548
1
0.4
0.2
0.3
2.548
1.324
1.324
1.224
1.224
1.324
1.324
1.7
1.6
0.1
1.224
1.624
0
0.1
0.2
1.324
1.224
4.924
1.624
1.324
1.424
0.1
1.224
1.424
0
1.224
2.024
1.624
1.324
0.2
0.2
1.324
0.1
8.024
1.424
1.224
1.3
1.9
1.324
2.448
1.724
0.2
1.324
0
0
0.2
1.324
1.224
0.1
1.524
3.924
0.2
1.224
0
1.224
0
1.324
0.3
1.924
1.724
0
1.424
1.424
2.524
1.824
0.1
1.424
1.324
0.4
0
1.224
1.224
1.324
2.448
0
0.4
2.124
0
4.448
2.9
1.824
1.824
0.5
0.3
0
1.424
0.3
1.224
0
1.324
0
0.1
0.5
1.324
2.324
2.524
1.424
1.324
2.224
0.5
1.624
2.024
0
0
1.224
0.4
2.424
3.648
2.024
1.624
0.1
0
1.224
1.724
1.224
1.3
1.324
1.224
1.624
2.324
1.824
2.724
3.224
0.5
1.824
1.724
1.224
1.224
0
1.724
0
0
1.824
1.224
0.1
1.224
1.324
0.5
1.524
1.324
0.1
1.224
1.224
0
1.224
0.6
2.848
7.348
1.624
2.624
0.2
2.524
3.2
1.324
1.224
1.524
2.2
0.2
0.2
0.6
0.8
1.424
1.424
0.3
1.724
0.1
0.5
2.924
2.324
0.8
1
0.3
3.824
0.1
1.324
0.1
0.1
0.7
1.924
0
1.624
1.424
0.1
0
0.2
1.324
1.324
0.1
2.224
0.7
1.224
0
5.7
1.624
1.424
1.524
0.1
2.224
3.2
2.1
1.224
2.124
0
0
1.5
2.648
2.524
2.724
0.3
1
0.1
1.624
0.7
7.224
1.324
0.6
0
1.324
1.824
1.224
2.024
0
1.324
0.1
0.9
0.1
0.5
1.324
0.3
2.524
1.924
0.6
2.024
0.3
3.824
1.524
1.224
1.324
2.724
1.1
1.224
1.424
1.424
1.224
2.848
1.424
4.248
1.524
1.724
1.924
4.324
1.324
1.224
1.524
1.924
2.5
1.224
1.424
2.424
2.924
0.1
1.724
0.4
3.548
1.324
0.2
1.324
2.8
2.524
1.424
1.924
2.324
1
1.6
0.2
1.4
0.1
2.124
0.5
2.024
0.1
0.1
1.324
0
0.1
0.8
1.224
2.548
1.624
0.4
2.424
1.324
1.224
1.924
7.224
1.224
9.2
0.3
1.524
1.224
1.324
1.224
0
1.424
0.4
0.8
0.1
0.9
1.224
0.3
1.624
0
1.224
9.5
0.3
1.224
1.836
4.536
2.536
26.584
4.536
4.284
10.66
2.236
2.036
3.36
1.936
1.836
2.036
2.636
3.16
4.584
2.036
1.836
3.76
3.06
2.136
1.936
1.936
2.336
2.236
1.836
3.46
2.736
1.936
2.336
1.936
3.46
3.16
2.636
3.46
4.36
2.036
2.036
3.36
3.06
1.836
1.836
3.036
3.936
3.26
4.06
4.36
3.26
3.06
3.06
2.036
2.136
3.16
2.736
2.136
3.56
3.56
2.336
3.36
3.06
3.16
3.66
3.36
1.836
3.06
3.36
3.06
3.16
1.2
9.024
1.724
1.424
2.424
4.3
2.524
