0.4
0.6
3.124
0.9
2.124
0.1
0.1
0
0
0
0.4
1.524
0.1
1.7
1
0
0
0
0
0
1.424
1.524
0
0
0.3
0
0.1
0.3
1.224
0.1
1.836
1.224
2.9
0
0.2
0.5
0
0
0
0.5
0
3.024
0
0
0.2
1.224
0.5
0.2
0.3
1.624
1.224
0
1.724
0
0
0
0.1
0.2
0
2.124
1.8
0.6
0.1
1
0.8
0.1
0.1
0.2
1.424
2.7
0.2
1.824
0.3
0.1
3.424
0.8
0.1
0.1
0.1
0
2.324
0.2
1.424
0.1
0.1
0
0
0
0
1.1
0.1
0.1
0.2
0
0
1.524
1.324
0
0
0
0.1
0.7
0.5
0.1
0
0
0
1.1
0
0
0.4
0.1
0.1
1.424
0.1
0.6
0
0.1
0
0
3.9
0.2
0.2
0.7
0
0
0.1
1.224
0.1
1.524
0.8
0.1
0.1
0.2
1.624
0.7
1.424
1.424
1.724
0.6
0.1
0.4
0.1
1.724
0
0
1.324
0.2
0.1
0
1.424
0
0.2
0
0.4
0.5
0.1
0.2
1.1
0
0.1
0
0
0
0.1
0
0
0
0.2
3.1
0
0.6
1.324
0
1.424
2.124
0
0.2
1.324
0.4
0
1.824
0
1.324
0.6
2.624
1.624
1.224
0
1.524
0.5
1.324
0.3
2.324
1.424
1.424
1.324
0.2
0
1
0.1
0
0
0.1
1.9
0
0
1.924
1.524
0.2
1.224
0.1
0.8
0
0
4.6
0.1
2
0
0
0
1.524
3.724
1.424
1.224
2.224
1.224
1.224
2.224
1.224
3.16
3.06
1.324
0
1.224
0.3
6.424
1.724
0
2.524
0
3.224
1.524
0
1.836
0
0
0
1.524
1.1
0
0.4
0.1
0
0.1
1.224
0
0.5
1.524
1.824
1.224
0
0.3
0.9
1.224
0.1
0.9
1.224
0
1.224
0
0.1
0
1.224
1
0
1.424
0
1.224
0
0
0
1.624
1.224
1.724
0
1.224
1.424
3.36
3.06
3.06
3.06
1.836
1.6
0
0
0.1
0.1
0
0
0.1
0.2
0.4
0.3
0.1
0
0.4
0.6
0
0.3
0.1
0
1.324
0
0
1.324
0
1.224
0
1.724
0
0.1
0.6
0.1
0.4
0
0
0.1
0.1
0
2.1
0
0.1
1.724
1.424
0
0
0.1
2.6
0
0
1.224
2.6
0.2
0.8
1.724
1.324
1.624
1.1
0.2
1.224
0.2
2
4.3
0
0.1
0
0.2
0
1.924
1.524
0
1.224
1.224
1.224
0.1
0.1
1.224
0.2
1.324
1.324
1.524
0
1.324
0
0
1.9
0
0.1
0.3
1.624
2.424
0.1
1.836
0
0.2
1.424
1.724
0.1
0.1
0
1.324
2.1
0.2
0.3
3.06
0
0
0
0
1.224
1.424
0
2.224
1.424
1.224
1.324
1.224
1.824
1.424
1.5
2.624
0.3
0.1
0.2
0.3
0
0
0.6
0.4
1.224
1.224
1.924
0.6
0.2
1.324
0
1.324
2.324
1.524
0
0.1
1.224
0.4
2.024
0.2
0
1.2
1.324
0.5
1.224
0.2
0
0.2
0.1
1.224
0
1.224
1.524
1.424
0.1
0
0
1.724
0.2
0
0.7
0
0
2.724
1.324
1.424
1.324
0.4
1.324
0.1
0.3
6.024
0.8
0
2.824
1.9
0
0.1
2.024
2.024
1.2
0
0.8
0.8
1.324
0.1
0
0
0
0.1
1.324
0.6
0.1
1.224
0.1
0
1.524
1.424
0
0
0
1.324
2.024
1.224
0.3
1.924
0.5
0
0.1
1.324
1.424
0.8
0
0
0
2.224
1.324
1.224
1.424
1.224
0.1
1.324
1.224
0
2.6
1.224
0
1.224
0
2.324
2.524
1.324
0
0
1.224
1.924
2.424
1.624
0
1.424
0.1
0.2
1.224
0.1
0.4
1.524
0.2
0.2
0.2
1.624
1.824
1.624
1.224
0
0
0
1.324
1.524
0
0.2
1.224
2.724
1.324
0
0.2
0.5
0.1
0
0.4
1.224
0.6
1.524
1.324
1.224
1.224
0.3
1.224
0.1
1.424
0
0.2
1.224
1.324
2
2.224
0
1.224
0
0.2
1.424
1.224
0
0.1
1.424
1.424
1.224
0
0.6
0.1
0
1.324
1.524
0
1.224
0
0.1
0.3
0
1.224
0.1
0.7
1.624
0
0
0.1
0.7
2.024
0.1
0
0.8
0.3
0
2
1.324
1.224
0.1
0.2
0.2
1.224
0
0.2
1.924
2.024
0
0.3
1.324
0
1.524
1.224
0
1.224
0
0
1.224
0.1
1.324
0
0
1.424
0
0.2
0.3
0
1.324
0
0
0
0.4
1.324
1.224
1.224
1.224
0
0.3
3.124
0
2.024
1.324
0.1
1.324
0
0.1
1.424
0
1.324
1.224
1.424
1.424
1.924
0
1.224
1.524
1.924
2.524
0.2
0.4
0.5
0
1.424
0.1
1.324
1.524
1.224
0.2
1.824
0.1
0.1
0.3
1.524
0.3
0.1
0.5
1.224
1.224
1.224
1.524
0.1
0.3
1.424
0.1
0
1.924
1.424
0
1.524
0.1
1.324
0.1
0
0
0
1.624
1.224
0.1
0.2
1.624
1.424
0.2
0
0.1
0
0
1.224
0.1
2.7
1.524
0.3
1.224
0.1
1.324
1.324
1.324
1.624
0.1
1.724
0.3
2.024
0.1
1.424
1.624
1.324
1.224
1.324
0
0.3
1.424
0.6
1.224
1.224
1.624
1.224
3.2
2.524
0.3
0.3
0.1
1.524
1.224
0
1.224
1.224
0
1.224
0.1
2.624
1.324
0
0
0
0
1.424
1.324
1.224
0.1
1.224
1.224
1.324
0.1
0
1.224
1.524
0.6
0
0.5
1.2
1.424
1.524
0
0.4
0
1.424
0
0.6
2.5
1.424
0.1
1.224
1.424
1.324
0
0.7
0
1.324
1.224
0
1.824
1.324
1.224
1.724
0
0
1.224
1.224
1.224
0.1
1.324
1.324
0.1
1.224
0
0.3
0
0.2
1.224
0
0
1.424
1.224
0.1
1.224
0.1
0
0.1
0
0
0.3
0
1.324
1.424
1.224
1.224
0
0
0
1.224
0.1
2.324
1.224
0.1
1.324
2.324
0.1
0.1
1.324
1.324
1.224
1.224
0.2
2.024
0.6
0
3.124
0
1.324
1.224
0
1.224
1.224
1.424
2.524
0.9
0
0
1.224
0
1.224
1.324
0
1.324
1.324
0
0.6
0
1.324
1.424
1.224
0.1
0
0.1
0
0
0
1.424
0
0
0.3
0.1
0
0.1
1.2
1.424
1.324
0
0.1
0.1
1.224
0
2.224
1.224
0.3
1.924
1.324
0.4
0.2
0
3.46
3.56
1.724
1.224
0.2
1.324
1.824
1.224
3.124
0.2
2.624
2.224
1.724
0.3
1.324
1.224
1.3
1.624
1.224
1.324
1.224
1.224
1.224
1.524
3.16
3.26
1.224
1.224
1.624
1.324
1.524
1.5
0
3.46
0
0
0.1
0.1
0.1
0.2
1.624
1.324
1.624
1.424
0.7
0
0
1.224
1.324
1.624
0.1
0.6
0.1
1.224
2.224
1.424
1.224
1.524
1.324
2.336
3.06
3.16
1.836
3.46
1.836
3.26
4.16
3.36
3.16
3.56
3.46
4.66
3.86
1.836
1.836
3.46
1.1
0
1.524
4.224
1.924
2.036
1.324
0
1.224
0.4
1.924
1.724
0
1.224
0
1.6
0
1.2
0
1.224
1.224
2.424
1.224
0.6
0.1
0.4
1.424
0
1.5
1.924
0
0
1.324
0
0.1
0.1
0
3
1.224
0.3
1.224
0.1
0
2.024
0
0
0
1.224
1.224
0
0.9
0.2
0.2
1.224
0
0.1
0
1.524
1.324
1.824
6.024
0
1.524
0.5
1.524
1.4
0.3
0.1
0
2.724
1.424
0.3
0
0
1.224
1.224
1.924
1.524
1
0
0.2
0
0.1
0.3
0.2
0
1.224
0.5
1.724
1.524
0
1.824
1.224
1.224
0.1
1.924
1.424
1.324
0.1
0
1.424
1.824
1.724
0
1.224
1.324
0
0
2.524
1.324
1.224
0
1.724
0
2.324
0
1.324
1.224
0.1
0.1
0
0
0.2
0
1
1.624
1.224
1.624
0
2.224
1.224
1.324
1.324
0
0
1.424
0.6
1.324
1.224
1.424
1.524
1.324
1.524
0.6
1.224
1.524
0.3
1.324
0
0.1
0.2
0.1
1.324
1.524
0.3
0
0
1.324
0
1.324
0.1
1.224
0.1
0.1
1.224
0
0.3
1.324
0.3
1.424
1.224
1.624
2.124
0.4
1.224
1.6
0
0
1.624
1.924
1.524
0.2
1.324
1
0.3
0
0
0.1
0.1
0.6
0.3
1.224
1.224
1.224
0
1.324
1.424
0
1.224
1.224
0
1.524
1
1.224
0.4
0
1.224
0.3
0.6
1.724
1.624
1.724
1.224
1.324
1.324
4
1.224
0
1.324
0
1.724
1.324
0.2
0.2
0.1
0.7
0.1
0.1
1.324
1.424
1.324
1.224
2.324
0
1.724
0.6
1.224
1.224
0.1
1.324
1.224
0
0.1
1.224
0
1.224
1.324
1.224
1.324
1.424
0.5
1.324
0.6
1.524
0.2
0
0
1.224
2.4
0.8
0
0
0.4
0
1.224
1.424
0.1
1.624
2.024
0
0.1
0
0.1
0.1
1.324
0.1
1.624
0
0.4
1.9
0
1.624
1.224
0.2
1.524
2.024
1.224
1.324
1.424
0
1.424
1.324
1.224
2.124
1.424
2.024
1.224
1.324
1.324
0.2
1.224
0.1
0
1.224
1.224
1.324
0.6
0.1
0.2
0
0.5
0
0
2.424
1
1.224
0.5
1.424
0.6
0
1.224
2.724
0.1
0
0.1
1.224
0.2
1.324
1.224
1.724
0.1
1.324
0
1.624
0
1.224
0.6
0.1
1.224
1.224
1.224
1.724
0.7
1.524
0
0
0.1
1.824
1.324
1.224
0.4
1.324
1.224
0.2
0.4
0.6
0
0
1.424
1.524
0.1
0.6
1.324
0.2
0
0.1
0.1
1.224
0
0.1
1.724
1.224
1.724
1.224
0.3
0.1
1.324
1.424
1.424
0.3
0.2
1.224
0.5
0
1.224
0
1.224
0.3
1.224
0.1
1.224
1.324
1.324
1.224
1.224
0
1.924
0
0
1.324
1.224
0.2
1.324
0
0
0.5
0
0
0
2.124
0
2.124
1.824
1.724
0
1.224
0
0.4
0.2
1.724
0.4
1.724
1.224
1
1.824
0.8
0
0
1.624
1.224
0.4
0
1.324
1.424
0.1
0
1.324
0
0
0.2
0.2
0
1.324
1.224
0.3
0
1.324
1.224
1.324
0.2
1.524
3.224
1.824
0.4
1.424
0
0.1
1.824
1
0.6
1.224
1.624
1.524
0
2.024
1.224
0
1.224
0.1
1.5
0
1.224
0.5
0.1
1.324
0.7
0.3
1.424
0.3
2.024
0.3
1.224
1.224
1.824
0
1.224
1.524
1.424
1.424
0.1
1.224
0
2.224
1.324
0
1.424
0
0.1
1.324
0.2
1.224
0.2
0
0.6
0.5
1.224
0
0.3
1.224
0
1.524
0
1.224
1
1.224
0
0.1
1.324
0
0
1.224
0
2.124
0.1
0.2
0
0
0.1
1.324
2.6
0
0
1.924
0.9
1.224
0
0.3
1.324
0
1.224
1.224
0.1
0
0
0
1.324
2.524
1.224
0
1.224
0
1.424
0.1
1.324
1.224
1.424
1.224
0
1.224
1.924
1.424
0.1
0
1.224
1.524
0
0
0.1
0.3
0
1.224
1.324
0.4
1.224
0.3
3.124
0.1
1.724
0.1
1.224
1.224
0.1
0.3
1.224
1.224
1.224
0
1.324
0.2
0
0.4
1.424
1.224
0
0.6
1.724
1.324
0.7
1.224
0
0
0.3
1.624
1.424
1.224
1.524
1.224
0
0.1
0.5
0
1.424
0.2
0
0.1
0.3
1.524
1.924
2.024
1.224
1.624
1.424
1.224
1.224
0.2
1.424
0
0.1
0.4
0
1.324
1.224
0
1.424
0
0
1.224
1.224
0
1.224
0
1.424
0.2
1.9
0
0.6
0
0.4
2.724
1.224
0
0.1
3.224
1.224
0.1
1.524
1.724
1.324
0.1
0.3
0
0.2
0.2
1.624
0.4
0.5
0.6
0.1
1.3
1.324
0
1.424
0
1.624
1.424
1.424
0
0.1
0
0
1.524
1.324
0.1
1.324
0.4
1.524
1.224
1.224
2.8
1.324
1.224
0
0.1
1.4
1.5
1
0
1.924
1.224
0
1.724
0.1
0.7
0.3
0.3
1.624
0.2
1.224
1.324
3.824
1.224
1.924
1.224
0
1.424
0.1
1.924
1.324
0
1.224
2.024
1.224
1.724
0
1.324
1.324
0.6
1.224
0.3
1.324
0.8
1.524
0
0
2.224
1.924
0
0.2
0
1.224
1.524
1.624
1.924
1.224
1.224
1.824
1.4
0
0
1.224
1.524
2.224
0.1
0.1
1.424
1.2
0
0
1.224
0.5
0.1
1.424
0
2.624
2.024
1.224
1.324
1.424
1.824
2.124
0.2
1.924
0.1
1.724
1.424
2.024
1.324
1.324
0
1.324
0.1
1.924
0
0.1
0.1
0.1
0.6
0
1.324
0.4
1.5
0
3.1
0.2
1.524
0
0
0
0.1
0.1
0
0.4
1.224
0.3
0
0
1.424
0.1
0
3.9
0.1
1.224
1.836
4.06
3.56
4.536
13.86
1.836
4.736
3.46
3.16
2.036
3.06
3.06
1.936
2.236
1.936
1.836
1.936
1.936
1.836
1.836
1.836
1.836
3.46
2.236
2.036
3.26
1.836
3.36
1.836
2.436
1.836
1.936
1.836
2.236
1.936
2.236
3.16
3.16
1.836
1.836
3.06
3.06
2.036
4.06
1.836
3.26
3.66
1.836
1.836
3.06
1.836
3.36
3.06
3.76
3.16
1.936
2.336
3.26
3.56
3.16
1.936
3.26
1.936
3.06
1.836
3.36
1.836
1.836
0.7
3.2
0.1
0.1
0.5
1.9
0
