4.448
0.7
4
0.8
0.3
0.1
0.5
0
1.524
0
1.224
0.1
0.5
2
2.3
0
0
0
0.1
0.2
0.2
0.6
0.2
0
1.924
0.2
1.624
0.5
0
0.2
1.836
0
8.024
1.224
0.4
2.724
1.224
1.324
0
1.724
1.424
5.024
0
0.2
0.2
0
1.824
1.2
1.424
1.524
0
0
2.024
0.2
0
0
1.324
0.1
1.424
1.3
3.7
1.7
0.2
1.8
2.924
2.124
0.1
0.2
0.7
4.3
1.924
2.724
2.224
1.324
6.624
2.724
0.1
0.3
0
1.224
1.5
0.1
0.1
0.1
0.2
0
0
0
0
1.8
1.524
0.3
1.424
0.1
0
2.124
1.924
1.224
0.2
0
0.2
1.6
1
1.224
1.224
1.324
2.548
2.6
0.3
1.624
3.448
1.224
1.324
0
0.1
0.9
2.548
0.3
1.324
1.324
7.9
0
0.2
2.824
0.4
1.224
1.324
0
0.1
1.1
4.348
0.1
0.5
0.2
2.024
1.4
0.5
0
0.5
4.024
1.624
0.3
0
0.7
0
0
0.5
0.8
1.324
0.1
0.2
1.424
1.524
2.848
2.224
2.424
1.824
0.2
6.348
0.2
1.724
0
1.324
1.424
1.624
0
0.1
1.324
1.624
7.8
1.424
2.524
1.424
1.624
1.224
1.3
0
0
0.1
1.924
1.824
0.9
0.1
0.2
3.224
1.3
2.1
0
0.2
0.1
1.1
1.324
1.524
2
0.4
0.6
0
2.948
1.224
0.9
1.924
0
1.224
0.6
5.124
0
1.224
2.324
0.4
1.324
0
1.624
0.8
0
1.224
11.924
1.324
3.524
0
0
0
0.3
2.4
0.1
0.1
0.3
0
0.2
1
1.324
2.336
1.836
0
0
0.2
0.1
6.7
0.2
1.224
1
0
1.6
0.8
0
3.26
0.1
1.324
0
0.2
2.3
0
0.3
0
0
0.1
0.1
0.1
1.4
0.2
0.4
0.3
1.224
1.324
1.8
0
1.224
0.5
0.1
1.224
0
1.224
1.624
1.324
0.1
2.2
0
0
0.2
2.548
2.448
1.224
0
0.8
0
0.6
1.324
0
0
2.136
1.836
1.836
1.836
1.836
2.1
0.1
1.224
0.2
1.524
0.2
2.448
0.2
2.648
0.3
0.6
0.3
0
0.8
2.124
0.1
2.524
0.6
0
0.3
0
0
0.2
1.224
1.324
0
1.724
2.648
0.2
4.148
2.124
1
1.324
0
0.1
0.2
0
3.5
0
0.1
1.2
0.3
0
0
0.1
10.648
1.224
1.224
1.224
5.2
1.424
3.724
1.4
1.224
0.6
3.624
2.848
2.548
2.748
4.1
10.624
0
0.2
1.224
1.624
0
2.024
2.024
0.1
1.224
1.224
0
0.2
0
1.224
0.2
0
0
0
0.1
0.1
0
0
2.4
0.1
0
0.3
0.5
1.6
0
1.836
0
0.6
0.2
1.824
1.524
0.2
0.1
1.224
4.8
0
1
1.836
0
1.624
1.224
0
0
0.3
1.224
0.7
0.1
1.224
0
0
0.4
0
3.6
1.3
1.524
0.1
0.4
0.7
1.624
0
1.424
0.5
0
0
1.1
1.2
3.048
0.3
0.1
1.324
1.4
0.6
0
3.148
0.4
0.9
1.6
0.6
1.324
6.348
0.4
2.848
0.1
1.824
0
3.148
0.4
0.1
0
0
0.2
0.2
0.2
0
0
0.4
0.2
1.324
0.3
0.1
1.224
1
0.3
0.4
0.2
1.1
0.4
0.1
0.6
4.1
3.224
0
1.5
5.624
0.1
1.424
1.5
0.5
1
0
0.2
0.4
0.2
0
1.224
0.4
0.2
0.2
0.1
1.924
0.5
0
1.524
0
0.6
0.3
0.2
0.1
0
0
1
0
0.1
0.6
1.5
2.448
0
0.1
0
2.1
0.1
0.1
1.224
0.3
0.3
0
0
0.2
0.4
1.524
0.2
0
8.424
0.3
1.224
0
0.1
0.8
1.6
0
0
1.224
0.1
0.6
0.8
1.324
0.1
0.2
2.448
1.724
0.1
2.124
0.8
0
0.2
1.424
0.3
0.3
1.9
0.6
0.2
1.224
1.224
0.1
0.3
0.5
1.324
0.5
0
1
0
0
0.4
1.524
0.1
0
2.124
1.224
1.824
1.1
1.224
1.224
0
0.2
0
0.3
0.2
0
0.2
0
0
6.024
0.4
0.1
0.1
0
0.1
0.2
0.1
1.324
0
0.1
0.4
0.1
1.224
1.3
0
1.224
0.3
0.3
0.1
0
1.324
0.1
0.6
0
0.1
0.2
2.024
0.4
0
0
1.324
0.4
0.9
0.2
0.1
1.8
0.2
0
7.524
0.6
1.224
0.2
0.1
0.5
0.1
0
0.2
0.8
1.824
0
0.1
0
1.324
0.3
0.1
0.2
0.4
0.5
0.1
0
0.1
0
1.324
0
1.624
1.424
2.448
0.8
0
0.3
1.324
1.224
1.224
0.6
0.3
0
0.3
0.2
0
0.5
1.8
0.1
2.124
0.1
0.3
0
0
0.1
1.424
1.224
0
0.3
0.3
0.1
0.9
0
0
0.8
1.924
0.8
1.424
1.524
1.4
1.224
0.3
0
0
0.2
0.1
0.2
0.7
0
0
0
0.1
0.6
0
1.1
0
0.1
0
1.624
0.1
0.3
1.224
0.5
0.2
0.5
0.2
1.524
0.3
1.224
0.1
0
0
2.648
0.1
1.1
0
0
0.2
0.4
0.1
0
1.224
1.224
0.1
0
0
0.3
6.824
0.1
0.6
0.4
0
0.1
0
0.1
0.8
0
3.148
0.3
1.1
2.424
0.2
0.2
0.1
0
1.524
0
1.624
0.5
0.3
0
0
0
0
6.5
3.224
0.4
1.824
0.9
0.2
0
1.224
0
0
0.1
0.2
0.2
1.2
1.824
1.224
0
0
1.224
0
0.2
0.1
0.1
1.324
1.324
0.2
1.324
0
0.1
0
0.3
1.324
0.5
1.3
0.3
0.4
0
0.5
0.2
2.748
0.2
1.5
4
0.3
2.648
0
0.1
0
0
2.324
1.224
0.3
0.4
2.448
2.424
0
0.1
0.2
0.1
0
0
0
0.6
0.2
0.1
0
0.1
0
0.2
0.2
2.448
1.624
1.324
0
0.1
0.3
0
1.424
0.3
0.1
1.224
0.3
1.224
0
0.3
0.2
0.8
0.2
0
0.2
0
1.224
0.2
0.3
0
0.6
0.2
0
1.424
1.4
1.524
0.1
0
0.1
1.524
0.5
0.1
1.6
2.324
2.548
1.3
1.324
2.448
1.224
1.424
0.4
0.1
0.3
2.1
3.824
1.424
0.2
0.1
0
0
0.1
0.2
0.1
1.224
0
4.448
0
1.424
0.5
0
0.4
0.1
0.2
0
0
0
0.1
1.624
1.624
0.4
0.2
0.1
0.4
2.1
0.1
0.2
1.224
0.7
0
1.224
0
1.824
0.1
3.324
1.924
0.2
0.5
1.824
0
2.536
3.736
0.4
0
0
0.2
1.624
0.1
5.648
0.1
2.4
0.6
1.1
0.1
0.3
0
1.2
0.3
0.2
0.1
0.1
0
0
0.2
2.036
1.936
0
0.3
0.1
0.2
0.1
3.2
0
2.336
0.1
0.1
2.448
1.224
0.1
0.3
1.1
0.4
0.7
0.2
1.7
0
0
0
0.4
0.5
0
0.9
0.5
0.1
2.024
2.024
0.2
0.2
0
2.436
2.036
1.936
3.06
2.036
2.036
1.936
2.836
2.236
1.936
2.236
2.236
2.736
2.236
3.06
3.06
2.636
0.7
0
0.6
2
0.9
2.836
1.324
0
0
0.6
0.6
0.4
0
0
0
3.2
0
3.924
0.3
1.224
0
1.3
0
1.4
0.1
1.724
0.6
1.224
1.9
0.7
0
1.224
0
1.224
1.424
0.3
1.224
2.9
0.1
2.524
1.624
2.648
1.224
0.6
0
0
0.1
0
0
1.424
0.9
2.524
0.4
0.3
1.224
0.4
0
0
0.1
0.7
6.4
1.424
0.4
3.348
0.4
2.8
0.2
0.2
1.424
4.524
1.724
0.4
0
1.224
0.1
0
3.524
1.724
3.824
1.524
1.424
1.424
0.2
1.624
0.5
0.3
0.3
3.024
0.4
0.8
0
3.148
1.324
0.1
0.4
1.3
0.3
0.3
0.2
1.224
0.8
1.624
2.124
0.2
0
1.624
2.024
2.448
4.3
0.4
0.2
0
0.8
1.324
2.5
0.7
0
0.1
1.924
0.7
0
0.1
1.424
1.424
2.3
1.624
1.224
0.1
0
1.9
0.3
1.524
0.1
0
1.724
0.3
3.748
0.1
0.1
1.8
0.7
0.3
0.5
1.3
0.2
1.524
1.524
0
0
2.648
1.724
1.424
0.4
1.624
0.6
0
1.524
0.2
2.448
0.3
0
0
2.324
0
1.224
1.324
2.024
0.3
0
0.5
2.448
1.2
1.6
3.548
0
3.2
1.224
2.648
0.2
3.524
0.4
0.8
0
3.2
2.624
0
0
0.2
1.324
3.848
2.224
0.3
0.1
1.224
1.224
0.4
0.2
0.1
1.224
0
2.448
0.2
4.424
0
3.424
0
0.9
0.5
0.5
1.724
0.8
0.6
1.524
0.1
1.624
6.1
0.1
1.224
1.624
1.224
0.5
0.3
0.4
0.5
1.524
3.748
1.324
1.324
0.4
2.324
1.324
0.5
1.8
0.1
1.4
1
0
0
1.424
1.424
0
1.224
1.224
0.2
0.2
0
0.1
0.1
1.1
0.8
1.924
1.724
2.124
2.424
0.9
0
0.2
0
7.4
2
1.224
0
0.8
0.2
0.1
0.2
0.3
1.2
1
1.224
1.424
1.424
1.624
1.524
2.848
0.1
1.724
1.424
1.2
4.7
0
1.624
0
0.4
1.624
2.424
0.1
0.1
0.5
1.724
0.5
0
0.2
1.5
1.724
1.6
1.424
1.524
1.624
0.1
0
1.424
0.1
0.1
0
0.3
1.4
1.224
1.624
1.324
2.824
1.224
1.524
2.724
0.9
1.324
0.8
0.1
3.024
0
0
4.224
0.5
1.224
2.648
1.524
0.3
0.2
0
1
1.724
0.6
1.224
0.7
1.324
0
3.424
0
0.2
0
0.1
0.7
4.024
0.4
1.424
1.224
0.1
2.024
1.724
0.3
1.1
0.3
1.224
0.1
2.324
1
0
1.224
1.624
0.5
1.424
0.7
1.624
2.024
0.1
0.4
0.3
0
1.224
0.1
0.8
0.2
0.7
0.1
2.848
0.1
0.3
0.7
0.3
0.2
2.024
0.3
2.824
0
0
0
0.3
1.824
0.1
1.524
0
0.1
0
1.224
0
1.424
2.224
0
0.3
0.6
1.524
0.1
1.424
0.4
0
2.524
0.3
0.2
0
1
2.948
1.5
1.924
2.948
1.224
1.424
1.624
2.424
0
1.724
2.324
0.6
0
3.424
1.4
2.724
0.2
2.548
2.224
0.1
2.124
1.324
0.1
0.9
1.224
0.3
0
0
1.424
0.1
3.148
1.224
0.6
1.324
1.924
1.224
1.224
1.324
0.1
2.024
1.924
6.024
0.9
0.9
1.824
1.424
0.2
1.2
1
0.5
0.3
0.8
0.4
0
0.7
1.824
0.6
1.624
0
4.024
1.224
1.224
0.6
1.524
0.4
1.4
2.124
0.5
3.248
1.1
1.924
0.1
0
2.624
0.1
0.1
0.4
1.624
0.2
0
0
1.224
1.9
2.024
0
0.3
1.324
1.524
1.324
0.1
1.224
0.1
1.424
1.1
1.7
0
1.224
1.324
1.224
0.1
0.3
0
0
5.548
1.824
0.1
1.824
0.5
1.324
1.424
0.1
1.324
1.2
0.4
0.1
0.1
0.2
1.324
0.1
6.924
2.748
0
1.9
1.3
0.3
2.448
1.724
0.1
1.324
0
0
0.4
1.224
1.224
0
0.2
3.624
0
1.524
0
0
0.1
1.724
0.4
0.9
0.9
0
1.324
1.224
3.024
0.7
0.2
1.424
0.1
0.6
1.224
1.224
0.3
0.1
2.448
0
0.6
2.424
0
3.224
3.7
1.724
2.124
0.5
0.1
0.1
2.024
0.1
1.224
0
1.224
0.2
0.1
0.6
0
0.9
0.9
1.224
1.224
2.224
0.3
0.3
2.024
0
0
1.224
0.3
0.8
2.224
0.7
0.5
0
1.224
1.324
3.448
2.548
0.8
1.524
1.224
1.624
2.724
1.824
1.4
4.148
0.1
1.424
0.4
0
1.424
0
1.524
0
0
1.524
1.224
0.1
0
1.224
0.7
0.2
0
0
0
1.324
0
1.324
0.6
2.024
6.224
0.5
1.1
0.2
1.5
2.9
0
1.224
0.1
2.9
0.1
0.3
0.5
0.9
1.424
1.424
0.4
1.624
0.4
1.1
2.624
2.324
1
1.6
0.2
4.424
0
1.424
0.1
0.1
0.9
2.224
1.324
0.4
1.424
0.1
0
0.5
1.324
1.324
0.4
2.024
1.4
1.324
1.524
6.5
1.924
1.424
2.648
0.1
2.1
2.8
2.1
2.448
2.424
0
0
0.9
1.924
2.224
2.924
0.3
0.8
0.3
1.624
0.6
7.124
1.324
0.5
0
0.1
2.024
1.224
3.048
1.224
1.424
0.2
0.7
0.3
1.2
1.224
0.1
0.8
2.624
0.8
0.6
0.3
1.2
0.6
2.448
1.324
3.024
1.2
1.224
1.624
1.324
1.324
1.624
1.924
2.424
1.424
0.5
1.624
4.524
2.448
1.324
0.3
1.924
0.8
0.1
1.324
2.324
4.324
0
2.948
0.3
3.748
0.1
0.2
1.324
2.6
0.9
0.3
2.224
1.7
0.5
1.4
1.424
1.9
0
0.8
0.3
2.224
0.1
0.2
0.1
0
0.1
2.124
0
1.324
1.524
0.5
2.624
1.524
1.224
1.524
5.624
0
8.924
0.3
1.324
1.224
0.2
0
0.1
2.648
0.3
1.3
1.324
0.4
1.224
0
1.624
0
1.224
7.2
0.2
0
1.836
3.736
2.636
10.66
4.736
3.06
24.784
2.336
1.936
3.26
1.936
1.836
2.036
2.236
1.936
3.16
1.936
1.936
3.56
1.836
1.836
1.836
2.036
2.236
2.536
1.836
2.536
2.136
1.936
2.036
1.936
2.136
3.06
3.66
4.384
2.836
1.836
2.036
4.784
1.836
1.836
3.06
3.66
3.436
4.584
3.76
3.86
3.06
3.06
1.836
1.936
2.036
1.936
3.136
2.336
4.784
4.884
2.336
2.336
1.836
1.836
2.336
2.536
1.836
1.836
2.136
3.06
1.836
0.7
9.148
2.648
1.324
2.524
2.5
2.324
