3.56
0.2
0.5
0.1
0
0
0
0
1.224
0
1.324
0
0.3
0.1
0.9
0
0
0
0
0.2
0.1
0.1
0
0
1.424
0
0.2
0.1
0
0
0.1
0
2.224
1.224
2.036
3.26
3.26
3.06
1.936
3.66
3.06
2.336
1.836
1.836
1.836
1.936
2.036
2.036
3.46
3.66
1.836
1.836
3.86
1.836
1.836
1.936
3.16
2.036
3.16
2.536
2.936
1.936
1.836
1.936
2.136
3.26
1.936
1.836
1.936
2.136
3.56
3.16
3.66
3.16
2.836
3.66
1.836
1.936
1.936
3.06
2.136
1.936
1.936
1.836
1.836
1.836
1.836
1.836
1.836
2.136
3.06
2.036
1.936
1.836
1.836
3.06
3.36
3.06
1.836
1.936
1.836
2.536
1.936
3.26
1.836
3.06
3.16
3.136
1.936
3.06
3.36
1.836
3.06
1.836
1.836
2.236
3.06
1.936
3.06
3.06
2.536
1.836
1.936
3.46
1.936
3.06
3.26
1.936
1.836
2.136
3.36
1.836
1.936
1.836
2.136
2.736
2.236
1.836
2.136
2.336
3.06
1.936
1.836
2.036
1.836
1.836
2.036
1.836
3.46
1.836
1.836
3.16
3.16
3.06
4.16
3.86
2.036
2.036
3.66
2.136
3.16
1.836
3.16
1.836
1.836
1.936
1.836
3.06
1.836
3.036
3.06
3.56
1.836
3.36
1.936
2.236
1.836
1.836
1.836
5.38
9.68
3.456
1.836
1.836
2.236
1.936
2.236
1.836
1.836
1.836
1.936
3.46
3.46
2.536
1.936
2.236
1.836
3.36
1.224
0
1.524
0
0
0.2
2.324
0
1.224
1.424
0.1
1.324
0.1
1.324
0.4
0
1.224
0.8
1.224
0.6
0
0
0
0
0.6
0.1
0
0
0
0
0.4
1.224
0
0
0
0
0
0
1
0
0
0.1
0
0.1
0.4
0
0
0
0
0
0
0.3
0
0
0
0
0
0
0
0.1
0.1
0
0.1
1.224
1.224
0
0
1.224
0.4
0.1
1.324
0
1.224
1.324
1.224
0
0.5
0
0
1.936
1.224
1.224
0
0
0.3
0
0.1
1.424
0
0
0
0
0
0
0
0.8
0
0
0
0
0.1
1.224
0.1
1.224
0.1
0.2
0
0
0.2
1.524
0
1.324
0.1
0
0.1
0
0
0
1.224
0
0
0
1.224
0.1
1.424
0.3
0.2
1.224
0
0
0
0
0.5
0
0
0.3
0
0
0
0
1.924
1.224
0
1.324
0.4
0.1
1.224
0.4
1.324
0
0.1
1.224
1.424
1.224
0.6
1.1
0.1
0
1.224
1.936
0.1
1.524
1.324
0
1.224
1.224
0
0
0
1.224
0
0
0
0
0
0
0
0
0.1
0
0
0.1
0
0.3
0
0
0
0.1
0
1.224
1.324
0
0
1.224
0.7
0
0.2
0
0
1.524
1.224
0
0
0
1.224
0.1
0
1.324
0
0
0.2
0
0.6
0.1
1.324
0
0
0.2
1.224
0
0.1
0
0
0.1
0.1
0.2
1.224
0.1
0
1.224
0.1
0.2
0.1
1.224
0
0.1
0.1
0.1
1.224
1.624
0
1.424
0
0.1
0
1.224
0
0
0
0
0.1
0.1
0
0
0
0.1
0
1.324
0.3
0
0
0.5
0.2
0
0
0.3
0.2
0
0.2
0.4
0.2
0
0.7
1.724
0
1.324
0.2
0.1
0
0
0
0.2
0
0
1.224
0.2
0.1
0
0
1.224
0.2
0
1.224
0
0.1
0.1
0
0
0
0
0.4
0
0.1
0
0
1.224
0
0
0
0.2
0
0
1.224
0.3
0.2
0
0
0.1
0
1.224
0
0
1
0
1.224
0
0
0
0
0
0.1
1.224
0
0.3
0.3
1.224
0.1
0.1
1.224
1.524
0.1
1.324
0.1
0
0.5
1.324
0
0.1
0.3
0.2
0
1.224
1.224
0
0
0
1.224
0
0
0
0.1
0
0
1.224
0
0
0.2
1.224
1.424
0.2
1.224
1.224
0
0.1
0
0
0
0
0
0
0
1.824
0.1
0
0
0
0
0
0
1.224
0.2
0
0.2
0.1
0
0.2
0
1.224
0
0
0
0
1.324
0
0.1
0
0
0
0.1
0
0
0
1.224
0
0.4
0
0
0.4
0
0
1.824
0.4
1.224
0
0
0.2
0.1
0
0.2
0.3
1.524
0
0
0
1.224
0.1
0
0.1
0
0
0
0
0
0.1
1.224
0
0.1
1.224
1.224
0.3
0
0
0.1
1.224
1.224
0.2
0.1
0
0.2
0
0
0
0.4
0
1.324
0
0
0
0
0
1.224
1.224
0
0.1
0
0.2
0.2
0
0
0.1
1.324
0.1
1.224
1.324
0.3
1.224
0
0
0
0.1
0
0.1
0.1
0
0
0
0
0.1
0
0
0
0
0
1.224
0
0.1
0
0.1
0
0
0.1
1.224
0
1.224
0
0
0
1.324
0.1
0.2
0.1
0
0
0
0.1
0
1.224
1.324
0
0
0.1
0
0.6
0
0
0.1
0.1
0
0
0
0.3
0.1
1.324
0
0
0.1
0.1
0
0
0
1.224
0
1.324
0
0.1
0
0
0
0
0.9
2.524
0.2
0.1
0
0
0
1.224
0
0
0
0.1
0
0.4
1.424
1.224
0
0
1.224
0
0.1
0.1
0.1
1.224
1.224
0
1.324
0
0
0
0.1
1.224
0
0.3
0.1
0
0
0
0.1
1.224
0
0.2
0.3
0.1
1.224
0
0.2
0
0
0.2
1.224
0
0.1
1.224
0.6
0
0
0.1
0
0
0.1
0
0
0
0
0
0.1
0.1
0
0
1.224
1.224
1.324
0
0
0.2
0
1.224
0
0
1.224
0
1.224
0
0
0
0.2
0
0
0.1
0.1
1.224
0
0
0
0.1
0
0
1.224
0.5
0.1
0.1
0
0.1
1.224
0
0.1
0.2
1.324
1.224
0.3
0
1.224
0.1
1.324
0.1
0
0
0.2
2.024
1.324
0
0
0
0
0.2
0
0
1.224
0
1.224
0
1.224
0.1
0
0.2
0.1
0
0
0
0
0
1.224
1.424
0
0.1
0
0.3
0.1
0.1
0.1
1.224
0.1
0
1.224
0
1.524
0
1.424
0.1
0
0.1
1.224
0
0.1
0.4
0.1
0
0
0
1.224
0
1.624
0.1
0.2
0.1
0.3
0.1
0.3
0
0.2
0
0
0
0
0
0
0.1
0
0
0
0.1
0.2
0
0.2
0.2
0
0.6
0
0.1
1.224
1.224
0
0.2
0.2
0
0.3
0
0.2
0
0
0
0
0.1
0
0.1
0
0
1.624
1.12
0
0.1
0.1
0.2
0
0
0
0
0
0
0.1
0
0
0.2
0
0.2
0
1.224
1.324
0
0.1
0
0
0.5
0.1
0.1
1.224
0
0
0
0.2
0.1
0
0
0
0.4
0
0.3
2.136
1.224
0
0.3
0
0.2
0.1
0.2
1.02
2.544
1.32
1.02
1.02
2.244
1.02
2.244
2.444
1.12
2.244
1.42
1.22
3.444
2.844
2.244
1.02
1.12
1.02
1.12
0.1
0
0
1.224
0.1
0.1
0
0.1
1.224
0
0
0
0.2
0.2
1.5
0.2
0
1.424
0
0.3
0.1
0.1
0.1
1.724
1.224
0
0
1.224
0
0
2.024
1.424
2.124
0.2
1.624
1.224
0
1.324
0.2
0.1
0.1
2.224
0.1
0.1
0
1.624
1.324
0.1
0.9
0.2
0.3
0.1
0
0.1
0.1
1.424
1.424
0
0
1.224
1.624
1.224
2
0.1
0.1
0.1
0.1
0.1
0.7
0.1
0
0
1.724
0.4
0
0.3
0
0.1
0.3
2.124
1.224
0
0
0.7
0
1.524
0.2
0.1
0.2
0
1.924
0.1
0
0.4
0.4
0
0.3
0.1
0
1.724
2.224
0
0
1.524
1.424
1.224
0.2
0.1
0.1
0
0
0.1
1.224
0.1
0
0
1.724
0.1
1.224
0.1
1.524
0.1
0.1
0
1.324
0.6
0.8
1.524
0
1
1.224
1.224
0.2
2.024
0.2
0.3
0
0.8
1.324
0.1
0
0.1
0
1.424
1.524
0.1
0
1.324
1.324
0.3
0.2
0
1.224
0
1.224
0.3
0.6
0
1.924
0.1
0.1
0.2
0.3
1.724
0.4
0.7
1.324
0
1.324
0.9
0
1.224
0.3
0.1
0.3
0
0.1
0.2
1.824
2.024
1.324
1.324
0.1
1.724
0
0.3
0.4
0
0.7
0.2
0
0
0.3
1.424
0
1.224
1.224
0
0.1
0
0.1
0.1
0.6
0
1.424
1.524
1.524
1.524
0.2
0
0.1
0
0.9
0.5
1.224
0
0
0
0.1
0.1
0.2
0.9
0.3
1.224
0
1.524
1.524
1.624
1.324
0
1.624
1.324
1.5
0.6
0
1.324
0
0
0
1.824
0
0
0.1
1.424
0.1
0
0.1
1
1.524
0.5
1.424
0
1.424
0.2
0
1.624
0.2
0.1
0
0
0.2
0
1.724
1.224
1.524
1.224
1.224
1.624
0.2
1.224
0.7
0.2
0.2
0
0
2.224
0
1.224
1.224
0
0.1
0.1
0
0.3
1.524
0.2
1.224
0.1
1.324
0
1.424
0
0.1
0.1
0
0.2
2.624
0.5
1.324
1.324
0
2.024
1.624
0.1
0.1
0
1.224
0
1.224
0.4
0.1
1.524
1.424
0.2
1.224
0.1
1.324
1.424
0
0
0
0.2
0
0
0.2
0.1
0.4
0
1.324
0
0
0.2
0.4
0.2
2.024
0
1.824
0
0
0.3
0
1.424
0.1
1.324
0
0
0.2
1.224
0
1.524
2.224
0.1
0
0.6
1.424
0.2
1.224
0.1
0
1.424
0.1
0.1
0
0
1.324
0.7
2.024
1.624
1.224
1.324
1.324
2.424
0
1.724
1.624
0.2
0
2.424
0.3
2.424
0.1
1.324
0.2
0
1.324
1.324
0
0.5
1.224
0.1
0
0
0
0.1
1.424
0
0.3
1.324
1.324
1.224
1.224
1.324
0
1.324
1.424
2.824
1
0.3
1.224
0
0
0.4
0.2
0.4
0.1
0
0.2
0
0
1.424
0.2
1.224
0
0.2
0
1.324
0.2
1.324
0.1
0.4
0.1
0.3
1.724
0.4
1.324
0
0
1.324
0
0.1
0.2
1.624
0.1
0.1
0
1.224
0.5
0.3
0.1
0.2
1.524
0.1
1.324
0
1.224
0
1.324
0.7
0.5
0.3
1.424
1.424
0
0
0.1
0
0
1.824
1.224
0.1
1.424
0
1.624
1.324
0
1.224
0.4
0
0.2
0
0.1
1.224
0
0.6
1.224
0
0.3
0.4
0.1
1.224
2.124
0
1.224
0
0
0.1
1.324
1.224
0.1
0.2
2.724
0.1
1.324
0.1
0
0.1
1.424
0
0.1
0.3
0
0.1
1.224
1.624
0.1
0.1
1.224
0
0.1
0.1
1.224
0
0
1.224
0
0.1
1.624
0
2.624
1
1.524
1.924
0.2
0
0
1.324
0
0.2
0
1.324
0.1
0
0.2
0
0.3
0.7
1.224
1.224
2.524
0
0.4
1.624
0.1
0
1.224
0.2
0.6
1.824
0.6
0.2
0
0
1.224
1.524
1.224
0
1.524
1.224
1.524
1.624
1.424
0.5
2.524
0
1.624
0.2
0
1.324
0
1.324
0.1
0.1
1.324
1.324
0
0
1.224
0.1
0.2
0.1
0
0
0.1
0
1.324
0.2
1.724
2.524
0.1
0.1
0
0.6
0.7
0
0
0.1
0.6
0
0
0
0.2
1.224
2.324
0.1
1.224
0
0.2
1.624
2.124
0.1
0.3
0
2.524
0
1.224
0
0.3
0.3
1.624
0.4
0.3
1.524
0.1
0
0.1
1.224
1.324
0
1.524
0
1.224
0.1
1.6
1.324
1.824
1.424
0.2
0.6
1.2
0.5
1.224
1.824
0.1
0
0.2
1.324
0.1
2.024
0.1
0.1
0.1
1.224
0.9
0.6
1.324
0
0
0.1
1.724
1.324
2.124
0
1.624
0
0.2
0.1
0.4
1.224
0.4
0.4
1.724
0.3
0.2
0
0.2
0
1.224
1.224
2.324
0.6
1.224
1.224
1.224
1.224
1.324
0.1
2.524
1.224
0.1
1.724
1.524
1.224
1.224
0
1.424
0.5
0
1.424
1.324
2.124
0
1.424
0.2
1.424
0.1
0
1.324
0.5
0.8
0
1.824
0.3
2.136
2.436
1.836
2.836
1.836
2.036
0
1.624
0
0.1
0
0
1.02
3.556
0
1.224
1.224
0
1.724
1.324
1.224
1.224
1.924
0
1
0
1.224
1.224
0
0
0
1.224
0
0.2
0
0
0
0
1.324
0
1.224
1.4
0
0
0
0.5
0.1
1.824
0
1.224
1.824
0.1
0.2
1.224
0
0
0
0.1
0
1.324
0
0
1.524
0
0
0
0.1
0
0.1
0
0.1
0.1
0
0
0.1
0.1
1.224
0.1
1.324
0.3
0
0
1.324
0
0
0
0
0.4
1.224
1.324
1.524
1.324
0
0
0.2
0
0
0
0
1.324
1.224
0.1
0
0
0
0.1
0.1
0
0
0
1.224
0
0
3.224
1.224
1.524
1.824
0.4
1.824
