0.1
1.224
0.9
3.16
0.1
0.1
1.224
1.224
0
1.224
1.424
0
0.1
1.524
1.824
1.324
0
1.224
1.224
1.224
0
0
0
1.224
3.16
1.224
1.524
0.1
1.224
0
3.16
0
0.4
0
0.1
0.1
0.1
0
0
0.3
0
0.4
0
0.1
0
0
0
0.1
0.1
0.1
0.1
0
0.2
0
0
0.1
0
0
0
0.3
0.5
0
0
1.424
0.2
0
0
0
0.2
0.2
0.4
0.4
0.2
0
0.5
1.324
0
1.324
0
0
0.4
0
0
0
0.1
0
0
0
0
1.324
0.1
0
0.1
0
0
0.1
0.1
0.1
1.324
1.224
0
0.2
0.3
0
1.836
0
0
0.2
0.1
0.1
0.4
0
0
0
0.1
0.1
0.1
0
0
0
1
0
1.324
0.4
0
0
0.1
0
0
0.4
0.1
0.1
0.1
0
0.2
0.1
0
0.3
0
0.3
1.224
1.224
0
0.2
0
0
0
0
0.1
0
0
0
0
0
0.4
0.3
0.1
0
0.1
0.2
0
0
0
0
0.1
0.1
0
0.1
0
2.124
0.1
0.4
0
0
0
0.2
0
0
0
0
0.1
0.2
1.224
0
0.3
0.2
0.4
0
0
0
1.324
0.1
0.1
0.4
0.2
0.1
0.1
0
0
0.3
0.3
0
0
0.3
0.5
0
0
0.1
0.1
0
0
0.5
1.824
0
0
0.8
0.1
1.924
0
0
0
0.1
0.4
0
0
0.3
0
0
0.2
0
3.36
3.06
0.1
1.836
2.036
0
0.2
0.2
0
0.3
1.836
0.6
1.836
0
1.836
0
1.224
0
0
3.86
0
0.1
0
0
0
0
0
0.2
1.424
0
1.836
0
1.324
0.2
0
0
1.224
0
0.1
0
0
0.1
0
0
0.4
0
0
0
0
0
0
0
0.2
1.224
0.2
0.2
0.1
0
2.036
1.836
1.836
1.836
1.836
0.4
1.224
0
0
0
0
0
1.424
0
0.1
1.424
1.324
0
0.2
0.1
1.224
0.1
1.836
0
0
1.224
1.224
0.1
0
0
1.324
0.1
0
1.324
0
0.1
0.2
0
0
0
1.224
0
1.424
1.324
0
3.56
3.26
0
0
1.224
0.5
1.224
0
0.1
0.4
0.1
0
2.136
0.1
1.936
0.4
0
0.2
0.1
0.6
0.6
1.224
1.836
0
0.2
1.224
0.3
0.1
1.224
0
0
0
1.324
1.836
0
3.16
0
0
0
1.836
3.06
1.224
0
0.1
1.224
1.224
1.224
1.224
1.624
0
1.836
1.224
0.1
0
0.3
0.1
1.936
1.324
1.224
3.76
0
3.86
1.836
0
0.1
0
1.224
0
1.936
0
0.4
0
0.1
0.1
0.1
2.036
0
1.924
0.1
0.1
0
1.324
0.1
0
1.224
0
0
0.1
1.324
0.1
1.624
0
1.936
1.224
0
2.136
1.836
3.06
0
1.936
1.936
2.036
1.424
0.1
0.4
0.1
1.224
3.06
1.324
1.224
0.1
1.324
1.836
0
0
2.136
0
1.424
0.1
1.224
0
0
0
1.524
0
1.836
3.56
0.1
0
0
2.336
3.16
0
0
0.8
0.1
1.224
0.2
0.6
0
1.836
1.424
0.2
1.424
0
0.2
0.4
0
1.224
0
0
1.224
0
0
3.06
1.324
0
0
0
1.936
1.936
0
0
1.324
0
0.1
0.1
1.324
0.3
2.036
0
3.06
0
1.936
2.636
1.224
0
0.1
0
0.4
0
0
1.936
1.224
0
3.16
0
0.4
0.1
0
1.836
1.224
0.4
2.536
0
0.1
0
0
0.1
0.2
0
0
0.4
0
0.2
0
0
1.524
0
1.324
0.1
3.26
0.1
2.236
1.924
0.1
0
0
1.224
2.136
0
0
2.036
0.1
0.2
0.1
0.1
1.424
0
0
0
0
0.1
0.1
2.136
0
1.324
1.224
1.324
0
3.06
0
0
0.1
0
0
0.4
0.2
0
0.1
1.224
0
0
0
0.2
1.324
1.936
1.324
1.424
0
2.036
0
0
0
0
0
0
0
1.224
1.324
1.224
0
1.224
1.324
0.1
1.224
1.224
0
0
2.136
1.224
1.224
2.336
0
1.836
0.9
1.324
0
1.224
2.036
0.1
1.936
1.224
3.36
1.936
0
1.936
3.16
2.136
1.836
1.836
0
0
1.836
0.1
1.836
1.836
1.224
2.036
1.224
0
1.936
0
0
1.936
1.224
3.36
0
0
0
1.936
0.2
0
1.524
1.836
1.224
1.224
0.7
1.836
0.3
1.936
0.1
0
0
1.936
0
0
0
0
0
0
3.36
0
1.224
1.324
3.56
0.3
1.936
3.26
0.3
0
1.836
1.224
0.1
1.424
1.836
1.324
0.1
2.036
0
0.1
0
1.936
1.224
0.3
0
0
0
2.036
1.224
0.2
0
0.1
0
0.2
2.136
0
3.36
0
0
1.224
0.1
0
1.224
0
1.324
1.224
1.224
0
1.836
0
0
1.836
0
0
3.06
0.1
2.324
0
1.936
1.836
1.224
1.936
0
1.936
2.136
1.224
0
1.936
0.2
0.1
0
0.2
1.224
1.836
2.036
0
0
2.036
0.2
0
0.1
0.1
0.1
2.224
0.4
1.424
0
1.624
0
0
0
0.1
0.1
1.224
0.2
0
0.2
0.1
0
1.224
0
0
0
1.224
0.1
0
3.06
3.06
0.1
0.1
0
1.836
0
1.524
0
1.424
0.1
0.1
2.136
1.224
0.1
1.936
0
0
0.1
0.3
1.424
0
3.16
0.1
0
0
0.1
0
3.16
0.1
0
0
1.836
3.16
0
1.224
0
0.1
0
0.1
1.324
0.3
3.06
2.136
0.1
1.424
0
0
0
1.324
0
0.1
1.936
1.836
1.224
1.836
1.224
0.1
1.324
0
1.836
0
1.224
0
0.1
0
0
0
0
1.224
0
0
0.3
0
1.836
0
0.4
0
0
0
0.1
0
0.2
1.224
0.3
0
0
1.2
0
0
0.1
1.324
0
1.836
0
2.336
2.236
1.936
0
1.836
1.224
1.936
0.1
0.2
0.2
1.936
0
0.1
1.424
1.836
0.1
1.224
0.4
1.836
1.224
0
1.224
0.1
0
0.1
0
1.836
0
0
0
1.724
2.136
0.1
0
1.624
1.836
0
0
0.2
1.224
0
0.1
0
1.324
0
1.224
5.296
5.696
0.1
0
3.06
0
0.2
0
0.3
0.1
1.824
0.3
0
0.1
3.16
0
1.524
0
1.224
1.224
0
0
0
1.936
1.836
1.936
0
1.936
1.836
1.936
0
0.4
0
1.936
0
0.2
0
3.06
1.224
1.936
0.7
3.46
1.724
0
1.624
1.224
0
1.836
0
1.836
1.224
1.524
1.524
0
0
0
0
0.4
0.2
2.036
1.836
3.672
1.836
1.836
1.836
1.836
2.036
1.936
1.836
1.836
1.936
2.436
2.136
3.672
3.672
1.936
2.236
0
0.1
0.4
0.5
4.072
1.324
1.224
0
0.2
0.4
2.036
0
0
1.836
2.224
0
0.1
0.1
0
2.136
0.2
0
0.1
0
0
0
0.1
0.1
0
0
0
0
0
0
1.224
0
1.824
0
0.1
0.1
0
0
0.1
0
1.224
1.224
0
0
1.224
1.524
0
2.136
0
1.324
1.224
0
0
0.2
0.1
0.9
0
0
0
0.1
1.824
0.1
1.224
0
0.2
0
0.1
3.16
0
0
0
0.3
0
0.3
0
0
1.224
0
0
0
0
0.2
0.4
0.1
0
1.324
0.1
1.224
0
0
0
0
0
1.224
0
0
0
0
1.224
0
0
1.224
0
0.5
1.224
0
0
0.3
3.06
0.2
0
0
0
0
0
0
0
0
0
0.1
0
0
0
1.224
0.3
0
0
0
0
0
0.1
0.3
0
0
0.3
0
0
0.1
0.2
0
0
0
0
0
0
1.524
1.224
0
0
0.1
0
0
0
0
0
0
0
0.1
0
0
0
0.1
0.1
1.224
0
0
0
0.4
0.1
0
0.2
0
0
0.3
0.1
0.1
0.1
0
1.624
0.3
1.224
1.224
1.224
1.836
0.1
1.324
0
0
1.224
1.224
0
0
0
0.1
0
0
0
1.724
0
0.2
1.224
0
0
0.1
0.1
0.2
0.1
0
0.1
0
0.7
0
0
0.2
0
0.1
0
0
0
0.2
0.4
0
0
0.1
0.1
0.1
0
0.5
0
0
0.1
0
0
0
0
0
0
0
0.1
1.224
0.1
0
0
0.3
0.1
0
0.2
0
0.1
1.224
1.224
1.224
0
0.6
1.524
1.224
0
0.2
1.224
0.1
0
0.1
0.1
0.4
0
0
0
0.1
0
0
0
0
0
0.3
0.4
0
0
0
0
0
0.1
0
0
0
0.1
0.1
0
0
0
0.1
0
0
0
0.1
0
0
1.324
1.224
0
0
0
0
0
0
0
0.4
0
0
1.524
1.324
1.224
0.2
0
0
0
0
0.6
1.324
1.224
0
0
0
0.1
0
0.1
0
0.1
0
0.1
0
0
0
1.224
0
0
0
0.1
0.3
0.1
0.2
0
0
0
0.1
0
0.3
0.1
0
0
0
0.2
1.224
0
0.2
0
1.324
1.424
0
0.1
0
1.224
1.324
0
0
0
0
0.1
0.1
0
0.1
0
0
0
0.1
0.1
0.1
0
0.1
0
0
0
0
0
1.224
0
0
0
0
0
0.1
0.1
0.1
1.324
0
0
0
0
0
0
0
0.3
0.1
1.836
0
0.2
1.224
0.3
0.1
0
0
0.1
1.836
0.4
0
0.1
1.224
0.2
0
0.4
0.1
0.2
1.224
0
0.1
0
1.424
0
0
0.1
0
0
0
0
0
1.224
0.1
0
0
0.1
0
0
0
0
0
1.224
0
1.824
0
0.2
1.324
0
0.1
0.2
0.1
0.1
0
0
0
1.224
0.4
0.1
1.224
0
0
0.3
0
0
0.1
0.1
0.2
0
0.1
0
0.2
0.2
0.1
0
0
0.4
0
0
0.2
0
0
0
0.1
0
0.1
0
0
0
0
0
0
0
0
0
0.1
0.3
0.1
0
0
1.224
0
0
0.1
0
0
0.2
0
0
0.1
0
0
0
0
0
0
0
0
1.224
0
1.224
0
0.6
0
0
0.2
1.524
0
0
0
0
0.1
0
0
1.836
1.324
1.224
0
0
1.924
0
0
0
0
0
0
0
0
0
0
0
1.224
0.3
0.2
1.224
0.1
0
0.1
0
0
0
0
0
0
0
0
0
0.2
0.4
1.424
0
1.424
0.1
0
0
1.224
0
0
0
1.224
0
1.224
0
0.1
0
1.224
0.1
0.1
0.1
0.2
0.2
0
1.224
0
0
0.2
0.2
0
0
0
0
0
0.1
0
0.2
0
1.224
0.1
0.4
0
0.5
0.3
0.1
0.1
0
0
0.1
0
0
1.224
1.224
0
0.1
0
0
0
0
0
1.324
0
0
0
0
0
0.1
0
0.5
0.1
0
1.424
0
0.6
0
0.1
0.1
0.8
0.1
1.936
0.1
0.3
0
0.1
0.1
0
0
1.324
0
0.1
1.224
1.324
0
0.4
0
0.1
0
1.224
0
1.324
0
0
1.324
1.324
1.224
0
0
0
0
0.1
0
0
0
2.524
0
0
0
1.224
0.2
0.6
1.624
0
0.1
0
0
1.324
0
0
0.1
0.1
2.036
0
0.1
0.1
0.5
0.1
0
0
0
0
0
0
0
0
0
0.2
0
0.2
0.1
0
0.2
1.624
0
0
0
0.1
0.1
0
0
0.3
0.2
0
0.1
0.1
0
0
0.1
0.2
0.1
0.2
0.1
0.3
0
0
0
0
0.2
0
0
0.1
1.524
0
0
0.1
0.1
0
0.1
0
0.3
0
0.1
0.1
0.2
0.3
0.4
0
0.3
0
0.2
0.1
0.2
1.836
0
0
0
1.324
0.1
1.224
0
0.1
1.224
1.424
0
0
1.224
0.2
0
0.9
1.324
0
0
0
0
3.16
0
0
1.324
1.836
1.324
0
1.224
1.936
1.324
0
2.224
0
0
3.672
3.66
4.172
2.636
2.236
1.836
2.236
1.936
3.06
1.936
1.836
3.672
5.296
8.396
1.836
1.836
1.836
3.06
1.936
3.16
3.772
1.836
1.836
1.936
3.26
1.836
3.26
4.172
1.836
1.936
3.16
1.836
1.836
1.836
1.836
3.76
1.836
1.836
1.836
1.836
3.16
1.836
1.836
5.796
1.836
2.136
2.036
1.836
1.836
1.836
3.772
1.836
1.836
1.936
3.772
2.036
2.036
1.836
1.836
1.936
3.06
1.936
1.936
3.06
4.896
1.836
1.836
1.836
0.3
1
0.1
0
0.4
2.024
0.3
