3.036
0.2
2.524
0.2
2.648
0.3
0.2
0
0.2
0
0.2
1.324
1.324
0.4
0.3
0
1.224
0
0
0.1
1.224
1.724
0
0
0
0
0.2
0.2
1.224
0
0
1.224
1.7
1.224
3.26
2.336
1.936
2.036
2.236
2.936
1.836
3.96
1.836
2.136
2.036
3.26
2.036
3.46
2.436
3.86
3.16
2.136
4.26
3.16
2.036
1.836
3.06
3.16
2.036
3.56
3.96
3.56
1.936
2.236
2.436
1.836
3.26
3.26
3.56
4.06
2.536
4.884
3.36
1.836
4.26
2.436
4.284
2.036
3.06
1.836
4.56
3.16
3.16
3.16
1.836
3.06
3.06
1.836
1.836
3.86
1.836
1.836
3.16
3.06
3.06
3.76
3.26
3.06
3.16
1.936
2.036
4.36
3.36
1.836
1.836
1.936
1.836
2.836
3.06
3.26
3.76
3.06
1.836
4.384
2.036
2.036
1.836
3.26
1.936
1.936
4.86
1.936
1.936
3.66
3.06
3.06
2.136
3.26
3.16
4.684
1.836
2.036
3.26
3.36
3.46
2.436
3.46
4.284
3.36
2.736
1.936
3.26
3.06
4.06
3.06
3.06
3.16
3.46
2.036
3.16
3.06
2.036
2.036
1.936
3.936
2.636
3.36
1.836
2.436
1.936
2.036
3.16
1.836
3.16
2.036
3.46
1.836
3.16
1.836
4.436
3.06
3.96
4.384
2.036
4.284
3.66
3.06
4.284
3.26
4.056
3.456
16.928
1.836
4.284
2.736
4.784
4.46
4.584
3.66
4.284
2.436
3.26
2.136
5.184
4.284
3.66
3.16
2.136
0
0.3
1.724
0
0
1.524
1.9
1.224
0
1.524
1.324
0.1
1.224
0.2
0.4
1.224
0
3.624
0
1.724
0
1.224
1.224
2.448
2.524
2.448
1.224
1.624
1.224
1.224
1.724
2.448
1.324
1.224
2.448
0.1
1.324
0
4.648
1.324
0
1.524
0
1.624
1.624
0.1
1.224
0.1
2.448
2.448
1.424
0.2
0
1.324
1.224
1.224
0
1.224
1.224
1.324
1.324
1.224
1.224
1.224
0
0.4
2.448
1.224
0.2
2.448
0.1
1.224
0
0.3
0.1
1.224
1.924
0
1.224
4.284
2.448
1.224
1.224
2.448
4.472
2.448
2.448
0
2.548
2.448
2.448
1.224
1.224
2.448
1.224
2.224
0
0
1.224
0
1.424
0
0
1.324
0.3
0.2
0.1
1.224
1.824
1.524
0
1.324
1.524
1.224
2.448
0
0
1.324
0
1.224
0
1.224
0
0
0.6
0.4
1.324
0
1.324
1.324
0
1.224
0.6
1.224
1.224
1.324
1.224
1.224
1.224
0
0.8
0
1.224
1.224
3.748
1.224
0.4
1.824
2.448
1.224
0.3
1.224
1.424
1.524
1.924
3.324
0
0
0.1
3.36
0
2.848
1.524
0
1.324
1.224
2.448
0
0
2.448
0
1.224
1.224
1.224
0
1.324
0
1.224
3.048
0
0
0
1.424
1.724
1.224
1.224
0
0
2.748
1.524
0.1
0.1
0
1.224
0.9
1.224
0.2
1.224
0
0.6
0
0
1.424
1.224
0
4.272
3.772
1.224
3.672
3.672
1.424
1.224
1.2
1.724
1.324
0
0.3
1.324
0.2
0
1.324
1.224
1.324
1.324
2.848
0.5
0
1.324
0
2.448
1.424
1.324
1.224
1.224
1.224
0.3
1.424
0.1
0
1.624
1.424
0.1
1.224
0
1.224
0
0.2
1.224
2.448
2.448
1.324
1.224
0
0
0
2.648
1.224
0
0.1
2.448
0.1
1.724
1.324
2.448
1.224
0.2
1.224
1.424
0.3
2.124
0.8
0
2.224
1.924
0
0.1
1.824
1.724
0
1.224
0
0.4
2.448
0
0
0.2
0.1
0.1
2.448
0.1
0
2.448
0
2.448
1.224
2.448
0
0
0
1.224
4.948
1.324
0
2.648
0.3
0
0
3.772
1.224
0.5
0
1.224
0
2.648
1.424
1.224
2.448
2.448
0
1.324
1.224
1.224
2.624
1.224
1.224
1.224
0
3.048
2.848
3.872
0.1
0
1.324
1.624
1.624
1.224
0
3.972
0
0.2
1.224
0.3
0.2
3.772
1.624
0.1
0
1.324
2.224
1.624
2.448
0
0
0
1.224
1.224
0.1
0
1.224
1.924
1.324
0.1
1.424
0
1.424
1.224
1.424
1.224
1.224
1.524
1.224
1.224
1.224
0.2
2.448
0
1.224
0
0
1.224
1.224
0.9
1.824
0
2.648
0
0
2.548
2.448
0.1
0.2
1.324
1.224
1.224
1.224
0.4
0
1.224
1.224
1.324
0.1
1.224
1.224
0
1.424
0
1.324
0
0.4
1.224
0.1
0
0
1.324
1.924
1.224
0
1
0
0
1.7
1.424
1.224
0
0.1
0
2.448
0
0.1
1.424
3.648
0
0.1
2.448
0.1
1.424
2.548
0
1.224
1.224
0
1.224
0
1.424
0
2.448
2.424
1.324
0.1
0.4
0
1.324
1.224
0
0.1
0.4
1.624
1.224
1.424
1.224
0
0.1
2.124
0.1
1.724
1.224
1.324
2.448
1.224
0.1
2.848
0
1.224
1.424
1.224
1.224
2.648
0
2.448
1.324
1.524
1.624
0
0.1
1.624
0
1.224
0.1
1.324
2.848
1.224
0
2.648
0
0.2
2.648
1.224
0.1
1.224
1.324
2.448
1.224
1.224
2.448
0
1.524
2.448
0.3
0.1
2.948
1.524
0
1.324
1.324
1.224
1.324
1.224
0.1
0
1.524
1.224
1.224
0
1.424
1.424
1.224
0
0
1.524
1.224
1.224
1.224
0.8
1.224
0.2
1.224
0
1.224
2.448
1.224
2.724
0.2
1.324
1.624
1.724
1.324
1.324
2.548
1.324
2.448
2.448
1.224
0
1.324
1.524
3.672
1.224
1.324
2.548
1.1
6.648
0.3
0.1
1.324
2.548
2.448
0
1.224
1.224
0
1.224
1.224
1.624
1.424
0
1.224
1.224
0
1.224
1.224
1.224
0
1.224
1.224
1.224
0.1
2.448
1.224
1.324
0
1.224
0.5
0.4
1.424
1.224
1.224
1.224
0
1.224
1.224
0
1.624
1.224
0
1.224
1.324
2.448
0
1.324
1.224
1.324
1.224
0
2.848
1.324
1.224
1.224
1.224
0
1.224
1.224
1.524
0
2.648
1.324
0
2.448
0
0.1
0
1.224
1.324
1.224
1.324
2.648
1.224
0
1.324
0
0
0.1
0
0
1.224
0
3.648
1.224
2.448
3.672
0.1
0
2.448
2.548
1.224
2.448
2.448
0
1.324
4.872
1.224
0
2.448
1.324
1.324
1.224
0.1
1.324
0.5
0
3.148
1.224
1.224
2.448
0
2.448
1.224
1.324
1.524
2.024
0
0
1.224
0
1.324
1.224
0
1.424
1.224
1.324
0.2
0
2.448
1.424
1.224
0
0.1
0
1.224
0
1.224
3.872
0
0
0
1.324
1.224
1.424
0.5
2.648
1.324
1.224
0.1
0
1.324
1.224
2.024
2.448
0.5
1.224
1.324
0
1.224
0
1.924
2.324
1.224
2.448
0
2.448
1.424
3.672
1.824
2.548
3.348
4.072
3.048
1.424
1.424
2.448
1.424
3.672
1.324
1.224
1.224
1.224
1.224
1.524
1.224
2.448
1.224
1.424
1.624
1.224
1.324
1.624
1.224
4.372
1.224
0.2
0
0
0
0.1
2.848
1.324
1.224
2.448
1.524
0
1.224
1.224
1.324
1.624
1.224
1.424
1.424
1.324
3.824
2.744
1.224
2.448
2.448
1.324
1.224
1.224
1.224
2.548
1.224
1.224
1.724
1.224
1.224
1.424
2.448
1.424
2.848
0
0.1
2.448
0.3
0
1.424
2.424
1.524
0.1
1.324
0
1.224
1.324
2.648
1.424
1.224
2.448
0
0.7
0
1.924
1.936
2.448
1.224
2.648
2.448
0
0
0.1
2.544
1.32
2.544
2.444
3.468
1.02
2.244
1.12
1.02
1.02
1.02
2.644
2.544
1.92
2.944
1.02
2.244
3.768
2.244
2.244
0
1.224
1.224
0
0.6
1.424
0.1
1.224
0
0
1.224
1.224
1.524
1.324
5.624
0
1.324
0
1.224
1.1
1.424
0.1
0.1
2.324
1.424
1.224
0
0
2.648
2.448
2.424
1.724
1
0.2
0.4
0
1.224
0
1.724
0.1
1.524
1.1
2.648
1.724
0.1
2.848
1.224
1.524
2.424
2.624
2.448
2.548
0
1.324
4.472
2.124
4.048
1.224
1.324
1.424
0.7
0
3.124
1.624
1.624
1.224
1.524
0
2.424
1.424
1.324
3.772
0.3
1.824
1.224
2.448
0
0.2
1.224
2.824
2.448
3.872
0
4.048
1.324
1.424
1.524
1.424
1.224
2.948
1.5
2.648
1.224
1.824
1.424
1.424
2.948
1.324
1.424
2.824
0.5
1.324
0
0.3
1.824
1.224
1.724
1.724
0.1
1.224
0.3
2.448
1.224
1.324
1.524
2.448
0.7
2.548
1.324
1.324
0.7
1.424
0.4
1.424
1.224
2.024
2.824
0.4
1.224
2.3
0
0
1.824
2.624
3.148
3.548
2.748
1
1.324
0.2
0
0
0.2
0.4
0.3
2.748
1.224
1.224
0
1.924
1.524
1.324
1.424
2.448
1.224
1.624
0.5
1.224
1
1.324
2.024
1.424
1.824
4.548
1.824
5.572
3.348
1.424
1.324
3.548
1.324
0
1.824
1.224
2.224
2.448
1.524
1.424
0.6
1.2
1.324
0
1.224
2.124
2.648
1.424
2.824
1.224
4.972
1.624
1.224
1.224
0.3
1.324
1.224
0.1
0
1.324
0.3
2.448
2.448
3.872
3.348
1.324
0.9
4.072
1.524
2.224
0.3
0
0.1
1.224
2.524
0.8
0
1.224
1.724
0.3
2.748
2.548
1.424
3.148
2.124
1.224
1.624
0.2
1.624
1.824
1.524
1.224
2.024
0
1.5
1.824
1.224
1.924
1.224
1.324
1.324
4.424
1.324
1.224
2.948
0.2
1.524
2.448
1.324
2.724
3.148
4.224
1.624
1.324
2.748
1.624
1.224
0.1
0
2.648
1.224
1.424
1.624
1.224
0.5
0
1.1
0
0.3
2.224
1.1
1.324
1.924
1.524
1.324
1.224
1.224
3.524
0.1
0
1.224
1.224
1.324
2.548
1.224
3.348
0.1
2.548
1.224
1.424
0.1
1.224
0.1
1.324
1.224
1.224
2.448
2.224
2.4
3.048
0.2
0
1.424
3.724
2.424
1.324
1.924
1.324
1.224
1.524
0.2
1.824
0.1
0.2
1.524
1.224
0.1
0.1
1.924
0.8
1.424
0.2
0
1.224
0
1.224
4.372
2.748
1.524
1.424
0.5
1.224
1.424
1.424
1.924
0.3
0.7
1.424
1.1
1.324
2.448
1.224
1.324
0.1
1.324
0.1
1.224
1.224
3.672
1.324
2.448
1.624
3.524
0.1
1.324
4.572
2.948
1.424
1.824
1.624
0
1
2.548
0.2
2.448
1.624
0.2
1.924
3.424
3.024
1.224
2.948
0.1
1.3
0
4.448
0.4
2.748
1.224
1.3
2.324
2.5
0
0.1
3.148
2.548
1
0.1
1.224
1.824
0.1
0.1
1.424
1.224
0.4
0.3
1.424
0
2.548
1.424
0.2
0
2.448
2.548
1.224
0
4.248
3.124
3.124
1.724
1.824
0
1.324
3.048
1.524
1.624
2.548
1.324
3.772
0
1.424
1.624
0
1.324
0.1
2.024
0.1
1.224
0.5
0.6
2.648
2.324
1.924
4.072
2.124
2.524
0.6
1.324
1.324
4.772
1.424
2.548
2.224
2.424
1.324
1.324
1.224
1.224
3.148
1.624
0
1.524
1.524
1.524
2.448
1.324
1.224
1.424
0
0.7
0.8
2.748
0
0.4
1.224
0
1.424
1.424
3.672
1
1.624
1.424
0.3
1.424
0.2
0.2
2.548
0
4.172
1.724
1.524
0
1.224
0
2.448
2.524
0.1
1.224
1.624
1.2
2.448
1.224
1
2.548
0.1
1.224
1.224
0.4
0.2
0
1.224
4.172
3.024
1.324
1.324
2.548
1.224
1.424
0.6
1.224
4.172
4.172
1.224
1.224
1.224
2.024
3.048
0.2
0.2
2.448
1.924
0.1
0
2.548
1.424
1.424
1.224
1.324
0.6
1.224
2.824
2.424
0
3.324
0.2
1.224
1.324
1.324
0.1
2.648
2.548
1.324
0
1.324
0.2
1.224
1.524
3.448
1.524
0
1.6
1.624
3.548
0.8
1.324
0
0
0.1
3.048
3.448
3.248
3.048
1.224
0
0.1
0.6
0.1
1.924
0.4
0
0.2
0.9
2.124
4.148
3.424
1.524
2.724
3.448
2.548
1.224
0.1
3.848
0.1
0
0
0.1
1.324
3.672
0
1.624
1.424
1.324
2.548
3.672
1.224
1.224
0
1.624
1.624
3.424
1.324
1.524
0.1
1.924
2.524
3.672
1.224
1.224
2.124
1.324
0.1
2.648
1.824
1.524
0.6
0.5
0.5
0.3
0.3
2.224
1.1
0.4
0.1
0.2
0.9
2.448
0.1
2.748
0
1.924
1.524
1.824
1.724
0.6
0.1
0
1.424
1.224
0
1.424
0.8
2.124
1.224
1.224
2.7
1.424
1.424
0
0
2.624
3.024
1.4
0
4.548
2.548
1.224
1.624
1.424
1.624
1.2
0.2
1.624
0.3
1.524
2.224
3.748
1.224
2.648
1.324
1.324
2.024
0
3.324
1.224
0.2
2.448
2.124
2.648
2.024
0
1.724
2.948
0.9
1.724
1.524
1.324
1.424
2.648
0
0
4.024
2.124
0.1
0
0.1
1.224
2.648
3.972
5.248
1.324
3.872
2.124
0.7
0
0
3.672
2.324
3.524
2.448
0.2
1.424
0.7
0
0.2
1.524
1.824
2.748
1.624
0.1
3.948
4.248
2.848
1.924
3.848
3.76
4.46
1.936
4.96
3.06
5.584
2.648
4.248
1.324
1.624
1.224
1.224
1.02
4.78
1.224
1.324
0
0.3
0.4
0.1
1.224
0.1
0.3
1.224
2.1
0.2
1.324
0
1.224
1.224
0
0
0.1
0.2
1.424
0
1.224
0
1.324
0
0
0.7
0
2.448
0
1.624
1.624
2.524
1.824
1.224
0.9
1.624
1.424
0
1.224
1.224
0
0.2
1.224
1.224
0
0
0.2
1.224
0
0
1.324
0.4
0.1
2.548
1.524
1.324
0
1.224
0
1.324
0
0
1.324
1.924
1.224
1.324
0
1.224
1.224
1.224
0
2.324
1.224
1.424
1.424
0
1.224
2.448
0.2
1.224
2.448
1.224
1.624
0
0
1.324
2.648
2.448
1.224
3.972
2.648
1.224
1.224
3.672
0
1.424
0.2
2.4
0.5
0.2
0.6
0.6
0.3
