0
0
2.448
1.224
2.448
0.1
0
1.224
0.2
0
0
1.224
0
0.1
0
0
0
1.224
1.224
1.224
2.448
2.448
1.224
1.224
0
1.224
1.224
2.448
3.672
2.448
3.06
1.224
0.1
0
0
0.2
0
0
0
0.1
0
1.324
0
0
0.1
1.224
0
0
0.1
2.448
1.224
0
2.448
0
0
1.224
0
0
0
1.224
0.3
0.1
0
1.224
0
0
0
0
1.424
0
0
1.224
0
0
1.424
0.1
0
0
0
0
2.448
0
1.224
0
0.1
0
0
0
1.224
1.424
0
1.224
0
0
0
1.224
1.224
0
1.224
1.224
0
0
0.1
0
1.224
0
0
0
0
0
0
0
0
1.224
0
0
0
1.224
0
0
0.2
0
1.224
0
0.1
0
0.1
1.224
0
1.224
0
0
0.1
0
1.224
0
1.324
1.224
1.324
0
0
1.224
0
1.224
0
0
1.224
0
0
0
1.224
0
0
0
0
0.1
0
0
0.2
0
0
0
0
0
0
0
1.224
0
0.1
1.524
0
0
1.224
0
1.224
2.448
0
0
2.448
0
0.1
1.324
0
2.448
0
2.548
1.224
1.224
0
2.448
0
1.224
0
1.224
1.224
1.224
1.224
0.1
0
1.324
0
1.224
0
1.224
0.1
0
0
1.224
2.548
1.224
2.448
0.1
1.224
0
0
0.2
0
0.1
0
1.224
0
2.548
1.624
2.448
2.448
1.324
1.224
1.224
2.648
1.224
4.384
4.284
1.224
0
2.548
0
2.848
1.324
1.224
1.624
0
1.624
1.424
0
1.836
1.224
0
1.224
1.224
0
1.224
0
1.224
0
1.224
1.224
0
0
2.548
1.224
3.772
0
0
0.3
2.448
0
0
2.448
1.224
3.672
0
0.1
1.224
2.448
0
1.224
2.548
0
1.224
0
1.224
0
2.448
2.448
2.548
0
1.224
1.224
4.384
4.284
4.284
4.284
1.836
0
0
0
1.224
0
0
0
1.224
0
0
0
0
0
0
0.1
1.224
0
1.224
0
1.224
1.224
1.224
2.448
0
1.224
0
1.224
0
0
0
0
0
0
0
1.224
0
0
1.324
1.224
1.224
1.224
1.224
0
0
0
0.1
0
0
1.224
0.1
0
0.2
1.224
1.224
2.448
0
0
1.224
0
0.2
0.1
1.224
0
0
0
1.224
1.224
1.324
0.1
1.224
1.224
1.224
0
1.224
2.448
0
2.448
2.448
1.324
2.448
1.324
1.224
0
1.324
0
0
0
2.448
2.648
1.224
1.836
1.224
0
2.448
1.324
0
0
0
2.448
1.524
1.224
1.224
3.06
0
1.224
0
1.224
2.448
2.448
0
1.224
1.224
2.448
2.448
2.448
2.548
2.548
0.2
1.424
1.224
1.224
2.448
0
0.1
1.224
1.324
0
2.448
2.448
1.624
1.324
0
2.448
1.224
1.224
2.448
2.448
1.224
0
1.224
0
3.672
1.224
0
0.1
1.224
1.224
2.448
1.224
1.224
1.224
1.224
2.448
1.224
1.224
2.448
1.224
1.224
0
1.224
1.324
0
1.224
1.224
1.224
0
2.548
1.224
1.224
1.224
0
2.548
0
0
1.424
0
1.224
1.624
0.2
0
1.224
2.448
1.224
1.224
1.224
0.1
1.424
1.224
0
0
0
1.224
0
2.448
1.224
1.224
1.224
0
1.224
2.448
2.448
1.224
1.224
1.224
2.448
3.872
2.448
0
1.324
0
0
0
1.324
2.448
1.224
1.224
1.224
0
2.548
2.448
1.224
2.448
2.548
1.324
1.324
2.448
0
0
1.224
0
2.448
1.224
3.872
1.224
1.224
2.448
0
2.448
2.648
2.748
1.224
0
2.448
0
0
1.224
0
1.224
1.324
1.224
1.224
1.224
1.224
2.448
2.448
2.448
0
1.224
0.1
2.448
1.224
0
0
1.224
2.748
1.224
0
1.224
0
0
0
0
1.224
1.224
1.324
2.448
2.448
1.224
0
1.224
1.224
1.224
1.224
1.224
2.448
1.224
0.2
1.224
1.224
1.224
0
0.1
1.224
2.448
0
1.224
1.424
1.324
2.448
0
1.224
0
0
1.224
1.224
1.224
2.448
0
1.224
2.448
0
2.448
1.224
1.324
1.224
1.224
1.224
0
1.224
2.548
0
0
1.224
0
0
0.3
2.548
2.448
1.224
0
0
1.224
1.224
1.224
4.372
2.648
0
0
1.224
1.224
1.224
1.224
2.448
2.448
1.224
0
2.448
1.324
3.672
0
0
1.224
1.224
0
0
1.224
1.224
0
0
0
0
2.448
3.672
2.448
3.672
1.224
0
2.548
0
3.772
1.224
1.224
1.224
0
1.224
2.448
0
2.448
2.448
2.448
2.448
1.224
0
2.448
1.224
1.224
2.448
0
1.224
1.424
0
3.972
1.224
2.448
2.448
1.224
0
2.448
0
1.224
1.224
1.224
0
1.224
0
2.448
2.448
3.672
1.224
1.224
1.324
2.748
1.324
0
1.324
1.224
0
2.448
0
2.448
1.224
0
0
1.224
2.548
1.224
1.224
0
2.548
1.224
0
0
0
0
2.448
2.448
1.224
0.2
1.324
0.1
3.672
1.224
2.448
1.224
2.448
1.324
1.224
2.448
1.224
1.424
1.324
1.224
2.548
2.448
1.224
1.224
0
0
2.448
1.224
1.224
2.448
1.324
2.448
0.3
2.948
0
0
0
4.072
1.224
0
1.224
2.448
1.224
2.448
1.224
1.424
2.448
0
1.224
1.224
0
2.448
3.672
2.448
0
1.224
1.224
2.548
0
1.224
2.448
1.224
2.448
0
1.224
1.324
2.448
3.672
1.224
1.224
0
2.448
1.224
1.224
1.324
2.448
0
1.224
1.224
1.224
0
1.224
0
2.548
2.448
0
2.548
2.448
2.448
4.072
1.224
1.224
1.224
2.448
2.648
1.224
2.448
2.448
1.224
2.448
0
0
0
0.1
2.448
0
0
1.324
2.448
0
2.448
0
0
0
0
0
0
1.224
2.548
2.448
1.224
2.448
1.224
0
1.324
1.224
1.224
2.548
2.448
0
3.672
2.548
0
0
1.224
2.448
2.548
1.224
1.224
1.524
0
1.224
2.548
0
2.448
2.448
1.224
2.448
2.448
1.324
3.672
0
1.324
0
2.448
1.224
2.448
1.324
1.224
1.224
2.448
1.224
0
1.224
1.224
3.772
2.448
1.224
0
1.224
1.224
0
0
1.224
1.224
1.224
0
1.224
0
0
1.324
1.324
1.224
0
0
1.224
1.224
0
1.224
2.448
0.1
2.448
2.448
0.1
0.2
1.224
4.384
4.484
1.224
3.672
1.224
2.448
2.448
2.448
2.448
1.224
2.648
2.648
2.448
0
2.448
2.448
1.524
2.548
2.448
2.448
2.448
2.448
2.448
3.672
4.284
4.284
1.224
3.672
3.772
3.672
2.548
1.424
1.224
4.284
0
0
0
0
1.224
1.224
2.448
2.448
2.548
2.448
1.224
1.224
1.224
1.224
2.448
1.224
1.224
1.224
1.224
2.448
1.224
2.648
2.448
2.448
2.448
3.06
4.284
4.284
1.836
5.708
1.836
5.808
6.308
4.384
4.284
6.308
4.284
5.708
3.06
3.06
3.06
5.508
1.324
1.224
2.448
2.748
2.648
3.06
2.448
1.224
2.448
0
1.224
2.548
0
2.448
0
0.1
1.224
0
0
2.448
1.224
1.424
2.448
0
0
0
1.224
0
0
1.324
0
0
1.224
1.224
1.224
1.224
0
1.424
1.224
0
1.224
0
0
1.224
0
0
0
1.224
1.224
0
1.224
0.1
0
1.224
0
0
1.224
1.224
1.224
1.224
1.424
0
1.224
0
1.324
0.2
2.448
0
0
1.224
1.324
0
0
0
1.224
2.448
1.324
1.324
0.1
0
0
0
0
0.1
0
1.224
1.224
0
1.224
1.224
0
1.324
2.448
1.224
0
2.448
1.224
1.224
0
0
2.448
1.324
1.224
1.224
1.224
1.224
0.2
0
1.424
1.224
1.224
0
1.324
0
1.224
0
1.224
2.448
0
0
0
0
0
0
0
1.324
2.448
1.324
0
1.224
1.224
1.424
1.224
0
0
1.224
0.1
1.224
1.224
1.224
1.224
1.224
1.224
0
1.224
1.224
0
1.224
1.224
0
0
0
1.224
2.548
0
0
0.1
1.224
0
1.224
1.324
1.224
0
0.2
1.224
0
0
1.224
1.324
1.324
1.224
1.224
1.224
0
1.224
0.1
0
0
1.224
1.424
1.324
1.224
1.224
0
0
0
1.224
0.1
0
0.1
0
1.224
1.224
1.224
0
1.224
1.224
0
2.448
1.224
0
1.224
0.2
1.224
0.1
0
1.224
0
0
1.424
2.448
1.424
2.448
1.224
1.224
0.2
1.224
0
2.448
0
1.424
1.224
0
0
0
0.1
0
0
1.224
1.324
1.224
1.224
1.324
0
2.548
1.424
1.224
1.224
0.1
1.224
1.224
0
0
1.224
0
1.224
1.224
1.224
1.224
1.224
0.1
1.224
0
1.324
0.1
0
0
1.224
0
0.2
0
0
0.1
0
1.224
1.224
0
1.324
2.548
0
0
0
0.1
0.1
1.224
0
1.324
0
0.1
0.1
1.224
1.324
2.448
0.1
1.224
1.224
1.224
2.448
1.224
0
1.324
1.324
1.224
1.324
1.324
1.324
1.224
1.224
1.224
0
1.224
0
0
1.224
1.224
1.224
1.424
0
0
0
0
0
0
1.324
0.1
2.448
0.2
1.224
0
0
1.224
1.624
0
0
0
2.448
0
1.224
2.448
2.448
0
1.224
0
1.224
0
1.224
0.1
1.224
1.224
1.224
1.224
1.324
0
1.224
0
0
0
1.324
1.324
1.324
0.1
1.224
1.224
1.224
0
0
0
0
1.224
1.224
0
0.1
1.224
0.1
0
0.1
0
3.672
0
0
2.548
1.224
1.224
1.224
0
1.224
1.424
1.224
1.224
0
0.1
1.224
0
0
1.224
0
1.224
1.224
2.448
0
1.224
1.324
2.448
1.224
1.224
0
2.648
0
0
1.224
1.224
0
1.224
0
1.224
0
0
0
1.224
1.224
0
1.324
1.224
1.224
0
1.324
0
0.2
0
2.548
0
2.448
1.224
0
1.224
0.3
0
0
2.448
2.448
0
0
1.224
1.224
0
0
1.224
0
1.224
0
0
0
1.224
1.224
0
0
1.324
2.448
1.224
0
2.448
1.324
1.424
0
1.224
0
0
1.224
0.2
0.2
2.448
1.224
2.448
0
1.224
1.224
0
1.224
1.224
0
0
1.224
0.1
0.1
1.224
0
0
1.224
0
1.224
0
1.224
1.224
1.224
0
1.224
2.448
1.224
1.224
1.224
1.224
0
1.224
2.448
0
1.224
0
0.1
1.224
0
1.224
0
0.1
0
0
1.224
0
0.2
1.224
0
1.224
0
1.224
0
1.224
0
0
1.224
0
0
1.224
0
1.424
0
0
0
0
0
1.224
0.2
0
0
1.224
0.2
1.224
0
0.1
1.224
0
1.224
2.448
0
0
0
0
1.324
1.324
1.224
0
1.224
0
2.448
0
1.224
1.224
2.448
1.224
0
1.224
1.224
1.324
1.224
0
1.224
2.548
0
0
1.324
0
0
1.224
1.224
0
1.224
0.1
1.424
0
1.224
0
2.548
1.224
0
0
1.224
1.224
1.224
0
1.224
0
0
0
1.324
1.224
0
0.2
1.224
2.548
0
1.224
0
0
0
1.224
2.448
1.324
1.324
1.224
0
0
0
0
1.324
0.2
0
0.1
0
1.224
1.224
1.324
1.324
2.448
1.324
2.448
1.224
0
2.448
1.224
0
0
0
2.448
2.448
0
1.224
0
0
1.224
1.224
0
1.224
0
2.448
0
0.3
0
0.1
0
0.2
1.324
2.448
0
0
3.972
1.224
0
2.448
1.224
1.324
0
0
0
0
0.1
2.448
0.1
0.1
1.224
0
0.1
2.548
0
1.324
0
1.224
1.224
1.224
0
0
0
0
1.224
1.224
0
1.224
0
1.224
1.324
2.448
0.4
1.224
1.224
0
1.324
0.2
1.224
0
0
1.324
1.224
0
1.224
0
0
0.1
0
1.424
0
1.224
1.224
2.948
1.224
1.324
1.224
0
1.224
0
1.224
1.224
0
1.224
2.448
1.224
1.224
0
1.224
2.448
0.1
1.224
0.1
1.224
0
1.224
0
0
2.548
2.448
0
0
0
1.224
1.224
1.224
1.324
1.224
1.324
1.324
0
0
0
1.224
1.224
1.324
1.224
0.1
1.224
0
1.224
0
1.224
0
0
1.224
0
1.224
1.224
1.224
1.224
1.224
1.224
1.324
0
1.524
0
2.548
2.448
2.548
1.224
1.224
0
2.448
0
2.548
0
0
0
1.224
0
0
1.224
0
0.1
0
0.1
0
2.448
0
0
0
1.224
0
0
1.224
2.448
1.224
0
1.324
2.448
0
0
1.424
1.224
1.224
3.06
3.16
3.06
1.936
3.46
1.836
2.036
5.608
4.284
1.836
3.06
3.06
1.836
1.836
3.06
1.836
3.06
3.06
1.936
3.06
3.06
3.06
6.608
1.836
3.06
4.284
4.284
3.06
3.06
3.16
4.284
1.836
3.06
3.06
1.836
4.484
4.284
5.608
1.836
3.06
3.06
3.06
1.836
4.484
3.06
4.284
3.26
1.836
1.836
4.284
1.836
5.908
5.508
3.06
4.284
1.836
3.06
6.008
3.06
5.508
3.06
4.284
1.836
4.284
1.836
3.06
1.836
1.836
0.1
0.2
0
0.1
1.324
1.224
1.324
