0.2
0.1
0.7
0
0.2
0
0
0
0
0
0.2
0.1
0
0.4
0.2
0
2.036
0
0
0
0
0.2
0
0
0.1
0
0.2
0.1
0
0.1
1.836
0.1
0.3
0
0
0.3
0
0
2.036
0.2
0
0.3
0
1.936
1.936
0
0
0
0.1
0.1
0
0
0.5
1.836
0
0
0.1
0
0
0.5
0.8
0
2.036
0.1
0.3
0.2
0.2
0
0.3
0.3
0.4
0.2
0.1
0
1
0.2
0
0.2
0
0
0.2
0
0
0.4
1.836
0
0.1
1.836
0
0.2
0
0
0
0
0
0.1
0.1
0
0
0
1.936
0.1
0.2
0
0
0
0
0.7
0
0
0
0
0
0
1.936
0
0
0
0
0
0.7
2.136
0
0
0
0
1.836
0
0
0.1
0
1.836
0
0
0.2
0.4
0
0
0.2
0.3
0
0
0
0
0
1.936
0.1
0.1
0
0
0
0.1
0.1
0.1
2.736
0.1
0.1
0.1
0.1
0
0
0
0
0
0
2.036
0
0
0
0.9
0
0.5
0
0
0
0.2
1.836
0
0
0.1
0
0.4
0.1
0
0
0.3
0.4
0
0
0
0.3
0
0.1
0.2
0
0
0
0
0
0.2
0.2
0
0
0.3
0.7
1.836
0
0
0
0
0
0
0.3
1.936
0
0.6
0
0.2
1.836
0
0
0.1
0.5
0
0.1
0
0
0
0.5
0
1.936
1.836
0.4
0
0
2.036
0.8
0.1
1.836
0.1
0
0.6
0.3
1.936
3.772
0
0
0.1
0.2
0.1
0
1.836
1.936
1.836
0.1
0
0
0.1
0.1
0.1
0.1
0
0
2.036
0
0
0.3
0
0
0
0
0
0
0
0.4
0
0
0.4
0
0
0
0
0.4
0
0.3
0
0
0
1.936
1.836
1.836
1.836
1.836
0.1
0
1.936
0
0.1
0.2
0
0.1
0
2.536
0
0
1.836
0
0
0
0
0.1
1.936
0
0
0
0
0
0
0
0.2
0
0
0.2
0.1
0
0
0
0
0
0
0.1
0
0
0.1
0
0
0
0.1
0.4
0
0
0
0.4
0.2
0
0.2
0
0
0.4
0
0
0.1
0.7
0.7
0
0
0
0
0
0.2
0.1
0
0
0
0
0
0
0
0
0
0
0
0
0.1
0
0
0
0
0
0
0.2
1.2
0
1.836
0
0
0
0.3
0.2
0
0
0
0.9
0
0.1
1.836
0
0.1
0
0
0.5
0
0
0.6
0
0
0.1
0
0.1
0
0.5
0.4
0
0
0.1
0
0
0
0.1
0
0
0
0.4
0.1
0
0.1
0.1
0
0.2
0.3
0
0
0
0.1
0
0
0
0.1
0
0.2
0
0
0
0
0
0
0
0
0.3
0.1
0
0
0
2.236
1.836
0
0.2
0.1
0
0.9
0.2
0
0.3
0.2
0.1
2.136
0.2
0.9
0.4
0
2.136
0.4
2.036
0.2
0.1
0.6
0.2
0
2.636
0.9
1.936
0.1
0
0.1
0
1.936
0
0.2
0
0
0
0
0
0
0
0
0
0
0
0
0.1
2.036
0.1
0
0
0
0
0.4
0
0
0
0.2
0
0
0
0.1
0
2.136
0.1
0
0.4
0
0
0
0
0.5
0.4
0.1
0.1
0
0.1
0.1
0
0
0
0
0
0
0.1
0.1
0.1
0
0
0.1
0.1
0.1
0.3
0.1
2.036
0
0
0.1
0.1
0.1
0
0.2
0
0.4
0
0
0.1
0
0
0
0.3
0
0
0
0
0.1
0
0
0
0
0
0
0.2
0
0
0.2
0.5
0.1
1.836
0
2.136
0
0
0
0.1
0.1
0
0
0
0
0.1
0
0
0.8
0
0
0
0
0
0
0
0
0.7
0
0
0
0
0.1
0.7
0
0
0
2.036
0
0.4
0
0
0.1
0
0.1
0
0
0.2
0.1
0
0
0
0.1
0.1
0
1.836
0.1
0
0
0
0
0.2
0.1
0
0
0.1
0
0
0.3
0
0
0
0
0
0.5
0.1
0
0
0
0
0.1
0.8
0
0.3
0
0
0
0
0
0.1
0
0
1.836
0.1
0
0.2
1.936
0
0.1
0.3
0.6
0
0.1
0.4
0
0
0
0.1
0.1
0
0
0.2
0
0
0
0
0.4
0
0
1.836
0
0
0.1
0
0.2
0
0
0
0.1
0.1
0
0
0
0
0
0.1
0
0
0.3
0
0.1
0
0
2.636
0
0
0
0.1
0
0
0.1
0.3
0
0.2
0
0.1
0
1.936
0
0.1
0.1
0.2
0
2.536
0.1
2.036
0.2
0
0
0.1
0
0
0
0.2
0
0
0
0
0.6
0.3
0.1
0.2
0.3
0
0
0
0
0
0
0.1
0
1.1
0.2
0
0
0
0
0
0.1
0.1
0
0
0
0.1
0
0
0.1
0.4
0.5
0
0.2
0
0.1
0.1
0
0.6
0
0.1
0
0
0.1
0
0
0
0.1
0
0
0.2
0
0
0.2
0
0.2
0
0
0
0
0
0
0
0
0
0
0
0.1
0
0
2.136
0
0
0
0
0.1
0.4
0
0
0
0.1
0
0
0
0.1
0
0
0
0
0.2
0.1
0
0
0.1
0
0
0
0
0
0
0.3
0.1
0.2
0
0
0.1
0.2
0
2.436
0.2
0
1
0.1
0
0
0
2.036
0
0.1
0.3
0.5
0
0
0
0
0
0.3
0
0
0.1
0
0
0
0.2
0.1
0
0.1
0
0
0
0
0.1
0
0
0
0
0.3
0
0.1
0.2
0.1
2.136
0
0
0
1.836
0
0.1
0
0
0
0
0
0.1
0
2.136
2.436
0.3
0
0
0
0
0
0.4
0.3
0.4
0.6
0
2.236
0
0
0.2
0.1
0
0
0
0
0
0.1
1.836
1.836
1.936
0.1
0
0.2
0
0.5
0.4
2.036
0
0
0
0
0
0
0.7
0
0
0
0.1
0
0
0
0
0
0
0.1
0
0
0.3
0
0
0
0
1.936
1.836
1.836
1.836
1.836
3.672
1.836
2.436
1.836
3.872
1.936
1.836
2.236
1.936
1.836
1.836
2.036
2.736
0
1.836
3.036
2.136
1.936
0
0
0
0.2
0.4
1.936
0
0
0
0.2
0
0.2
0.1
0
0.1
3.236
0
0.1
0
0
0
0
0.1
0.1
0
0
1.836
0
0
0
0
0.4
0.1
0
0.1
0
0
0.4
0
0
0
0
0
0
0
0.1
0.2
0
0
0.1
0
0
0
0.1
1.6
0
0
0
0
0.4
0
0
0
0.2
0
0.1
0
0
0.1
0
0.2
0.1
0.3
0
0.2
0
0.1
0
0
0
0
0.4
0.1
0.2
0
0.1
0
0.1
0
0.1
0
0.1
0
0.1
0
0.1
0
0
0
0
0
0
0.4
0.2
0
0
0.1
0
0.2
0.1
0
0
0
0
0
0.1
0
0
0
0
0
0
0
0.1
0
0
0
0
0
0
0.1
0.1
0
0.2
0.1
0.1
0
0.2
0
0.1
0
0
0
0.1
0
0
0
0
0
0
0
0
0
0
0
0
0.2
0
0
0
0
0
0
0.1
0
0
0.1
0.2
0
0.6
0
0
0
0
2.036
0
0.1
0.7
0.2
0
0
0.1
0.1
0
0
0
0
0
0
0
0
0
1.836
0
0
0.1
0.2
0
0.4
0.1
0
0.1
0.1
0
0.3
0.1
0.2
0.1
0
0.5
0
0
0.2
0.1
0
0
0
0
0
0.1
0.1
0.1
0
0
0
0
0.1
0
0
0.1
0
0
0
0.1
0
0
0
0.1
0.2
0
0
0
0.1
0.1
0.3
0
0
0
0.2
0
0
0
0.8
0.2
0
0.1
0.1
0
0
0
0
0.2
0.5
0
0
0
0.1
0
0
0
0.1
0
0.2
0.4
0
0
0
0
0.1
0.1
0
0
0
0
0
0
0.1
0.2
0
0.2
0
0
0
0.1
0
0
0
0
0
0
0.1
0
0.2
0
0.2
0
0
0.1
0.2
0
0
0.1
0.1
0
0
0.2
0
0
0
0
0
0
0
0.2
0
0
0
0
0
0
0.1
0
0.1
0
0
0.1
0.2
0
0.1
0
0.1
0.1
0
0.1
0.2
0
0
0.1
0.2
0.1
0
0
0
0
0.1
0
0.2
0
0.1
0
0
0
0
0
0
0.1
0.3
0.1
0
0
0.1
0
0.1
0.2
0
0.1
0.2
0
0
0
0.1
0
0
0
0
0
0
0
0
0
0.2
0
0
0.2
0
0
0
0
0
0.2
0
0
0
0.1
0.1
0.1
0.2
0
0
0
0
0.2
0
0.2
0.1
0.2
0
0.1
2.036
0.5
0
0
0
0
0.1
0
0
0.2
0
0
0
0
0.1
0.1
0.1
0
0
0.1
0
0
0
0
0
0
0.1
0.8
0.1
0
0.1
0
0
0
0
0.2
0
0.1
0
0
0.1
0
0
0
0
0.1
0
0
0.1
0
0
0.2
0.3
0
0.2
0.1
0.1
0
0
0.1
0
0
0.5
0.1
0.1
0
0
0
0.1
0
0
0
0
0
0
0
0
0
0
0.7
0.4
0
0
0
0
0
0
0
0
0.3
0
0
0.1
0
0
0
0
0
0
0.1
0.1
0
0
0
0
0.6
0
0
0.3
0.3
0
0
0
0.1
0.1
0
0
0
0
0
0
0
0.3
0
0
0
0
0
0
0
0.1
0
0
0
0.1
0
0.1
0
0
0
0.1
0
0
0
0.2
0
0
0
0.1
0
0.1
0.4
0
0
0
0
0
0
0
0
0
0
0
0
0.3
0
0.3
0
0
0
0.3
0.3
0
0.1
0
0
0
0
0.3
0.3
0
0.1
0
0
0
0
0
0.1
0
0
0
0.4
0
0
0
0
0
0
0
0
0
0.1
0
0
0
0
0
0
0
0
0
0
0
0
0
0
0
0
0
0.1
0
0.1
0
0
0.4
0
0
0
0.7
0
0
0.2
0.3
0
0
0
0
0
0
0
0.1
0.1
0.2
0
0.3
0.1
0
0.1
0.1
0
0
0.1
0.1
0
0
0
0.1
0
0
0
0.1
0.3
0
0
0.5
0.1
0.1
0.1
0.1
0
0.4
0.1
0
0.3
0
0
0.2
0.1
0
0.1
0.1
0.2
0.3
0
0
0.7
0
0
0
0
0
0
0
0
0
0
0.3
0.1
0.2
0
0
0.2
0.2
0.1
0
0
0.3
0.1
0
0
0.1
0.1
0
0
0
0.1
0
0
0
0
0
0.1
0.1
0
0
0
0
0.4
0
0
0.2
0.1
0
0
0.1
0.1
0
0
0
0.6
0.2
0
0.1
0
0.2
0.1
0
0.5
0
0.1
0.2
0.1
0
0
0
0
0
0.1
0
0.1
0
0.2
0.3
0
0
0.1
0.3
0
1
0.1
2.236
0
0
0
0
0
0.1
0.1
0
0
0
0
0
0
0
0.8
0.1
0
1.836
2.236
2.436
2.336
2.236
3.672
2.236
2.136
1.836
1.836
3.672
1.836
1.836
1.936
1.936
1.836
1.836
1.836
1.836
1.836
1.936
1.836
1.836
6.972
2.136
1.936
1.936
1.936
1.836
1.936
1.836
1.836
3.672
1.836
1.836
2.136
2.036
1.836
1.836
1.836
1.836
2.036
1.836
2.136
1.836
1.936
2.336
3.672
1.836
1.836
1.936
1.836
1.936
1.836
1.936
1.936
1.936
1.836
3.972
1.836
3.672
1.836
2.036
1.836
1.836
1.936
1.836
1.836
2.236
0.8
0.3
0.1
0.4
0.4
0.2
0.12
0
0.32
0.72
0.44
0.24
0.24
0
0.12
0
0.12
0
0
0
0.12
0
0
0.12
0
0.3
0
0.8
0.1
0.22
0
0.18
0.18
0.24
0
0
0.32
0.12
0.12
0
0.12
0.32
0
0
1.14
0.22
0.12
0
0.62
0.12
0.5
0.42
0
0.1
0.54
0.24
0
0.12
0.12
0
0
0.12
0
0
0.12
0
0.12
0.1
0.12
0.34
0
0
0.24
0.22
0.42
0.12
0.12
0.12
0
0.1
0.22
0.1
0.62
0.24
0.34
0
0.12
0.12
0.12
0.18
0.92
0.24
0.6
0.9
0.18
0
0.12
0.1
0.46
0.36
0.24
0.46
0.12
0.54
0.46
0.24
0.36
0.24
0.56
0
0.24
0.12
0.12
0
0
0.2
0.7
0.1
0
0.32
0.42
0.22
