0.2
1.224
1.1
1.424
0.1
0.4
1.224
1.224
0.1
1.224
1.724
0
0.3
1.624
1.824
1.224
0
1.224
1.224
1.624
1.224
1.324
0
1.224
1.624
1.324
1.424
1.424
2.448
1.224
3.16
0
0.6
0.1
0.2
0.3
0.1
0.1
0
0.2
0
0.6
0
0
0.1
0
0
0.2
0.3
1.224
0
0.1
1.324
0
0
0
0.1
0
0
0
0.4
0.1
0.1
1.824
0.2
0.3
0
0.2
0
0.3
0.3
0.2
0.1
0.1
1
1.524
0
1.224
0
0
0.3
0
0
0
0
0
0
0
0
1.524
0
0
0
0
0
0.2
0.1
0
1.524
1.224
0
0.1
0.1
0
0
0
0
0.7
0.1
0.1
0.2
0
0
0
0
0
0
0.2
0
0
0.8
0
1.224
0
0
0
0
0
0
0.1
0
0
0.3
0
0.2
0.3
0
0
0.1
0.1
1.324
1.224
0
0
0
0
0
0
0
0.1
0
0
0
0
0.5
0
0.2
0
0.6
0.2
0
0
0
0
0.1
0
0
0
0
2.724
0
0.1
0
0
0
0.1
0
0
1.324
0.3
0.1
0.1
1.224
0.1
0
0.1
0.4
0
0
0
1.324
0
0.1
0.4
0
0.1
0
0
0
0.1
0.2
0
0
1.424
1.5
0
0.1
0.3
0.2
0.1
0
0.1
2.024
0
0
0.9
0.1
2.024
0
1.224
0
0
0.4
0.1
0
0.2
0
0
0.1
0
3.26
3.06
0.2
0.1
0.2
0
1.4
0.2
1.224
0.2
0
0.2
0.1
0
1.836
0
1.224
0
0
2.324
1.224
0
1.224
0
0
0
0
0.1
1.324
0.1
1.224
0
1.524
0.1
0
0
1.524
0
1.224
1.224
0
0
1.224
0.1
0.4
1.224
0.1
0
0.2
0
0
0
0.2
1.224
0
0.1
0
0
3.06
3.06
3.06
1.836
1.836
0.5
1.324
0
0
0
0.1
0
1.224
0
0.1
1.324
1.424
0
0.1
0.2
1.224
0
0.1
0
0.1
1.224
1.224
0.1
0
0
1.224
0.1
0
1.424
0.3
0.2
0.2
0
0.1
0
1.224
0
1.724
1.224
0
1.424
1.224
0
0.1
1.224
0.2
1.224
0
0.2
0.8
0
0.4
0.3
0.2
0.2
0.1
0
0.2
0.2
1
1
1.224
0.1
0
0.1
1.224
0.3
0
1.224
0.1
0
0
1.224
0
0
1.224
0
0
0.1
1.324
1.224
1.224
0
0.8
1.224
1.224
1.224
1.224
2.024
0
1.836
1.224
0.1
0
0.1
0.2
0.1
1.224
1.324
2.424
0
1.324
1.836
0
1.524
0
1.224
0
0
0
0.1
0.1
1.224
0
0
1.424
0
2.124
0.2
0.4
1.224
2.448
0
0.1
1.224
0
0
1.224
1.424
0.1
1.924
0
1.324
1.224
0.2
1.624
0.5
1.324
0.2
0.1
0.2
1.624
1.524
0
0.4
0.2
1.324
1.224
1.324
1.424
0
1.324
0
0
0
1.324
0.1
1.324
0
1.324
0.2
0
1.224
2.748
0
0
2.424
0.2
0
0.2
0.2
1.324
0.1
0.2
0.8
0.3
1.224
0.1
0.4
0
0
1.724
0.2
1.324
0
0
0.4
0
1.224
0
0.2
1.424
0
0
1.724
1.924
0
0
0
0
0.1
1.324
1.224
1.224
1.224
1.424
0
1.224
0.1
0.3
0
1.224
0
0
0.5
1.224
1.224
0
0.1
0.1
0
0
0.1
1.324
0
1.524
0.1
0.8
0.1
0
1.224
1.224
1.324
0.9
0
1.224
0
0
0
0
0
0
0
0
0
0
0.2
1.524
0
1.324
1.324
1.724
0
0
1.524
1.324
0
1.224
1.624
0
0
0
0.2
0
0.2
0
0
1.324
0
0
0
0.1
0
1.324
0.1
1.224
1.224
1.224
1.524
0
1.424
0
1.224
0
1.224
0.1
0.1
0.2
0
0
1.224
0
0
0.1
0.1
1.224
0.1
1.424
1.424
0
1.224
0
0
0
0
1.224
0
0
1.424
2.648
1.224
0
1.224
1.824
0.1
1.224
1.224
0
0.1
1.624
1.324
1.324
2.024
0
0
0.5
1.324
0
1.224
0.1
0.2
0
1.224
1.424
1.424
0.1
0
1.224
0.1
1.424
0.1
0
1.424
0.2
0.2
0
1.224
1.324
1.224
1.224
0
0
0
0.1
0.5
1.224
1.424
0
0
0
0.1
1.324
1.224
2.448
1.224
1.224
1.524
0.8
0
1.224
0
1.224
0
0
0
0
0
0.1
1.324
0
0
1.424
0
1.224
1.324
1.524
0.2
0
1.224
0.1
0
1.324
1.224
1.224
1.924
0.1
1.624
0
0.1
0
0
0
0
1.224
0
1.224
0
1.224
0.1
1.324
0
0
1.324
0
0.1
0.3
0
1.324
0
0
1.224
0
0
1.324
0.3
1.724
1.224
1.324
0
0
0
0
0
0
1.224
1.324
0
1.724
0
0.4
1.224
1.224
0
0
0
0
1.324
0
1.424
0.2
0.1
0
0.2
1.424
0
0.1
0
0
1.324
0.4
0
0
0
0
2.424
0.2
1.524
0.2
1.824
1.324
0
0
0
1.224
1.324
1.324
0.1
0.2
0
0
1.224
0
0
0.1
2.448
0.1
0
1.524
1.324
0
0
0
0
0
2.648
0
2.124
0.3
1.224
1.324
1.324
0.2
0.1
0
1.224
0.4
0.4
1.324
0
1.224
0
0
0
0.3
0
1.424
0.1
0
0.2
0
1.224
1.324
1.224
0
0
0
1.224
1.224
0
1.224
1.224
0
1.324
0
0
0
1.524
0
0
0.4
0
1.224
0.1
1.224
0
1.324
0
0
0
1.224
0
0
0
0
0
0
1.224
0
0.1
0.2
0.2
0
1.224
0.6
0
0
0
1.224
1.324
0.1
1.424
0.2
0.5
1.224
0.2
0.1
0
0
1.224
0
0
0
1.924
1
1.224
0
0
1.224
1.224
0
0.2
0.2
1.424
0
0
1.224
0
1.424
1.224
1.324
0
1.424
0
1.224
0
0
1.224
1.424
0
0
0
0.1
1.924
0.3
0.1
0
1.424
0
0
0
0.4
1.224
0.4
0.2
1.324
1.424
0.1
1.224
3.56
3.46
0.1
1.224
1.224
0
1.524
0
0.4
0
2.124
0.1
1.424
0
1.324
0
1.424
0
1.224
1.524
1.224
1.224
1.224
1.324
3.06
1.836
0
1.324
1.324
1.224
0
0.3
0
1.936
0
0
0
1.324
1.424
0
1.624
1.424
1.424
0
1.824
1.224
0
0
1.224
0.2
1.224
1.324
1.324
0.1
0.1
1.224
1.224
1.324
1.324
2.036
3.06
3.06
1.836
3.06
1.836
3.06
3.46
3.06
3.16
3.26
1.836
3.16
1.836
3.06
3.16
3.46
0.2
0
0
0.4
0.2
3.66
2.548
1.224
1.224
0.1
0.3
0
0.1
1.224
0
2.824
1.224
0.1
0.1
0
0
0.4
0
0
0
0.2
0
0
0.1
0.2
0
0
0
1.224
1.224
1.224
0
1.924
0
0.1
0
0
0
0.2
0
1.224
1.324
0
0.1
1.424
1.524
0.1
0.1
0
1.324
1.424
0
0
0
0.2
1.5
0.1
0
0.2
0
1.924
1.224
1.424
0
0.3
0.2
0.1
1.424
0
0.1
0
0.4
0
0.3
0
0.1
1.224
0
0.1
0
0
0
0.1
0.1
0.2
1.324
0
2.448
0
0
0.2
0
0
1.624
0
0
0.1
0
1.224
0
0.1
1.324
0
0.9
1.524
0.1
0
0.2
1.324
0.3
0.2
0
0.1
0.1
0
0
0
0
0
0.1
0
1.224
0
1.224
0.5
0
0
0
0
0
0
0
0
0
0.3
0.1
0
0.1
0.1
0
0.1
0
0
0
0
1.524
1.324
0
1.224
0
0
0.1
0.2
0
0
0
0
0.1
0
0
0
0.1
0
1.324
0.1
0
0
0.4
0.2
0
0.2
0
0
0.1
0
0.1
0.1
0
2.424
0.1
1.324
1.324
1.324
0
0.4
1.624
0
0
1.224
1.224
0
0
0
1.224
0.1
0
0
2.124
0
0.4
1.224
0
0.2
0.1
0.1
1.524
0
0.1
0
0.1
1.1
0
0
1.224
0
0
0
0
0.1
0.1
0.3
0
0
0
0
0
0
0.5
0
0.2
0.1
0
0
0
0
0
0
0
0.1
1.424
0.1
0
0
0.1
0
0.1
0.5
0.2
0.1
1.624
1.324
1.324
0
0.8
2.324
1.224
0
0.2
1.324
0
0.3
0
0.1
0.1
0
0
0
0.1
0
0
0
0.1
0
0
0.5
0
0.1
1.324
0
0
0.3
0
0
0
0.1
0.1
0
0.2
0.2
0.1
0.1
0
0
0
0
0.1
1.424
1.524
0
0
0
0.3
0
0.1
0
0.5
0
0
1.724
1.724
2.548
0.1
0
0.5
0
0
0.2
1.624
1.424
0
0
0
0
1.224
1.224
0.1
0.2
0.1
0.2
0
0
0
1.224
0
0
0
0.3
0.5
0
0.1
0
0.1
0
0
0
0.4
0
0
0.1
0.2
0.2
1.224
0
0.1
0.1
1.324
1.424
0.2
0
0
1.424
1.324
1.224
0
0
0.3
0
0.1
0
0.1
0
0
0
0.1
0.2
0.1
0
0.3
0
0
0
0.1
0.2
1.224
0
0
0
0.1
0
0
0
0
1.224
0
0
0
0
0
0.1
0.1
0.3
0
0
0
0.1
1.324
0.1
0.2
0
0
0.2
0
0.2
0
0
1.324
1.424
0
0.2
0.2
0.3
1.324
0
0
1.224
1.624
0
0
0
0
0.1
0
0
1.324
1.424
0
0
0
0.1
0.1
0
0
1.224
0
1.424
1.424
2.324
0
0
1.924
0
0
0.1
0.1
0
0
0.1
0
1.224
0.1
0
1.424
0
0
0
0
0
0.5
0
0.1
0.8
0
0
0
0.1
0
0
0
0.2
0
0
0
0
0
0
0
0
0.1
1.224
0
0
0.1
0
0
0.2
0
0
0.1
0.2
0.4
0
0
1.224
0
0
0
0
0
0.2
0.2
0
0
0
0
0
0
0.1
0
0
0
1.324
0.1
1.224
0
0.7
0.1
0
0.2
1.924
0
0
0
0.1
0
0
0
0.1
1.324
1.224
0
0
1.924
0
0
0
0
0.1
0
0
0.2
0
0
0.1
1.324
0.2
0.1
1.224
0
0
0.1
0
0
0
0
0
0
0.1
0.1
0
0.2
0.9
1.424
0
1.224
1.324
0.1
0
1.324
0
0
0
1.324
0
1.324
0
0.1
0.2
1.224
0
0.2
0
0.1
0.2
0
1.224
0
0
0.1
0
0
0.1
0.2
0
0
0.1
0.1
0.1
0
1.224
0
0.3
0.1
0.4
0.1
0
1.424
0.1
0
0
0
0.1
1.224
1.224
0
0
0
0
0
0
0
1.224
0
0
0
0
0
0.1
0
0.9
0.1
0.2
1.424
0
0.4
0
0
0
1.624
0
0
0.1
0.1
0
0
0
0
0
1.224
0.1
0.4
1.624
1.524
0
0.2
0
0
0
1.224
0
1.524
0
0.2
1.524
1.224
1.224
0
0
0
0
0.2
0
0
1.224
2.924
0.1
0.1
0.1
1.324
0.1
0.7
1.824
0
0.1
0
0
1.924
0.1
0
0.3
0
0.5
0.1
0.1
0
0.4
0
0
0
0
0.1
0
0
0
0
0
0.1
0
0.2
0
0
1.424
1.324
0.1
0
0
0.1
0
0
0
1.524
1.524
0
0
0
0.1
0
0
0.2
0
0
0.2
0.3
0
0
0
0
0.3
0
0
0.1
2.124
0
0.1
0
0.1
0.1
0.1
0.1
0.3
0.1
0.1
0
0.3
0
0.3
0
0.2
0
1.324
0
0.1
0
0
0
1.224
1.324
1.424
1.224
0.2
0
1.424
1.724
0
0
1.924
0.3
0
0.4
1.624
1.324
0
0
0
1.224
0
0
1.424
1.224
1.224
0
1.224
1.424
1.424
0
2.124
1.424
0
3.06
4.46
2.236
2.236
2.036
1.836
2.536
3.16
3.06
1.836
1.836
1.836
3.16
3.26
1.836
1.836
3.16
3.06
1.936
3.06
3.16
1.836
3.06
2.136
8.384
1.836
4.384
2.136
1.836
1.936
4.384
1.936
3.06
1.836
1.836
4.984
1.836
3.16
1.936
1.836
3.06
1.936
1.836
3.86
1.836
3.16
2.136
1.836
1.836
3.06
1.836
3.06
3.06
1.836
2.036
1.936
1.936
3.06
1.836
3.06
3.06
1.936
1.836
3.06
3.06
1.836
1.836
1.836
0.1
1.2
0.1
0.1
1.924
1.624
1.624
