0.3
1.424
1.624
2.548
2.448
0
1.324
2.448
0
1.224
1.224
0
1.224
1.724
1.324
1.324
1.224
2.448
2.448
2.548
1.324
1.324
1.324
2.448
1.424
2.448
2.448
2.448
3.672
2.548
4.284
0
0.4
0
1.324
0.1
0
0.1
0
0.3
0
0.2
0
0.1
0.1
0
0
1.324
0
1.424
0
0
1.424
1.224
0
1.224
1.224
1.224
0
0.2
1.724
1.224
0
2.548
0.2
0
1.224
1.224
0.2
1.724
0.4
1.524
1.324
0
0.7
1.324
1.224
1.424
1.224
0
1.424
1.224
0
1.224
0
1.224
1.224
0
1.224
4.172
0
1.224
1.224
1.224
1.224
0
0.1
1.324
2.548
2.448
0
1.724
1.524
0
1.224
0
0
0.7
1.224
0
1.224
1.224
0
1.224
0
0.2
0
2.548
0
0
1.924
0
2.448
1.524
1.324
0
0.1
0.1
0
1.524
0
0
1.224
0
0.1
0.2
0
1.324
0.1
0.6
1.324
3.672
1.224
0
1.324
1.224
0
1.224
0
1.224
0
0.2
0
0
0.6
0.2
1.224
0
0.4
0.1
0.3
1.324
0
1.224
0
1.224
1.324
1.224
0
3.448
1.324
1.324
1.224
0.1
1.224
1.424
1.324
1.224
1.224
0
0.1
1.524
1.224
2.448
0.1
2.448
0.3
1.224
1.224
2.448
1.424
0.3
0.4
1.324
1.224
0
0
0.1
0
1.524
1.224
1.224
0
2.448
0.6
1.224
0
0
1.224
1.424
1.224
0.1
2.548
1.224
0
2.024
0
2.948
0
2.548
1.224
1.224
0.1
1.224
1.224
0.3
0
0
1.324
1.224
4.984
4.284
1.224
0
1.424
0.1
3.248
0
1.224
0
0
0.3
0.1
0
3.06
1.224
2.448
2.448
0
1.924
1.224
1.424
2.448
1.224
1.224
0
1.224
1.324
2.548
0
2.448
1.224
1.224
0.4
1.224
1.224
1.324
1.224
1.224
2.448
0
0.1
1.224
1.224
1.524
1.324
1.224
1.224
1.224
1.224
2.448
1.224
2.548
2.448
2.548
0
0
0
4.384
3.16
3.06
3.06
3.06
1.424
1.324
0
1.224
0
1.324
0
2.648
1.324
0
1.524
1.224
1.224
1.424
1.224
2.448
1.324
2.448
1.224
1.324
2.448
2.448
1.224
0
0.1
1.224
0
0
1.324
0
0
1.324
0.1
1.224
1.224
1.324
1.224
3.048
3.672
1.224
1.424
1.324
1.224
0.1
1.224
0.3
1.224
1.224
0
1.924
1.324
0.2
0.1
0
1.224
0.2
1.224
0
1.224
1.824
2.224
2.448
0.1
0
1.224
2.448
1.324
0.1
1.224
0
0
1.224
1.224
1.324
1.224
1.224
1.224
1.224
0
2.448
1.224
2.548
1.324
2.648
1.224
1.224
1.224
2.448
2.748
1.224
3.06
2.448
0
1.324
0
0
0
1.224
2.448
3.348
2.448
2.748
1.836
0
1.524
0
2.448
1.224
1.324
0
1.524
1.324
1.224
2.548
2.448
1.324
1.224
1.724
0.3
2.848
1.224
3.672
1.224
0.2
2.448
2.448
1.224
1.224
2.648
0
2.748
0
1.324
2.448
1.224
1.424
1.524
3.672
1.224
0.1
0.1
2.448
2.448
0
1.624
0.3
2.448
2.448
2.448
3.672
1.224
2.448
1.224
2.448
1.224
1.724
0
2.548
0
2.448
1.324
1.224
1.324
2.848
2.448
0.1
2.748
0.1
1.224
0
0.4
2.448
1.324
0
0.4
0.2
2.448
0.4
0.6
0
1.224
2.648
0.1
2.548
2.448
0
1.524
1.424
1.224
0
0
2.448
0
2.448
2.548
2.748
1.224
0
2.448
1.324
2.548
1.224
1.224
2.448
1.224
2.448
1.224
1.324
1.324
0.1
0
1.224
1.224
1.324
2.124
2.448
2.448
0
2.448
1.224
0
1.224
2.448
2.448
0.1
2.448
1.224
1.624
0
1.224
1.224
2.448
2.648
1.524
1.224
2.448
0
1.224
1.524
1.424
0
0
2.848
0
0.1
0.1
0.1
2.748
1.224
3.772
1.224
2.848
0.1
1.524
3.048
2.548
0
1.224
1.224
1.324
0
0
0.1
0
1.324
0.1
0
3.672
0
1.224
1.224
1.524
0
2.648
0.1
1.524
2.548
1.224
1.224
1.224
2.448
0
1.224
1.224
1.224
0
0.3
0.1
1.224
1.224
1.224
0
0
1.224
0
2.448
0.2
1.224
2.448
1.224
1.324
0
1.224
0
0
1.224
1.224
1.224
2.448
5.096
1.224
1.224
2.448
2.648
0
2.448
2.448
0
2.448
1.524
2.448
1.224
1.724
0
0
0.4
2.548
1.224
2.448
0
0
1.224
2.448
2.448
2.448
1.324
0
1.324
1.324
1.224
0
1.324
2.448
1.224
1.324
0
1.224
2.448
2.548
1.224
1.224
0.1
1.224
0
0.7
2.448
1.324
1.224
0
0
0.2
1.224
2.448
2.748
2.548
2.448
1.324
1.524
0.1
2.548
0
2.448
1.224
0
1.424
2.548
0
1.224
1.224
1.224
1.224
3.048
0
3.672
1.324
1.324
1.224
0
2.448
1.624
0
2.448
2.448
1.224
4.072
0.1
1.224
1.324
0
1.224
2.448
0
0.2
3.672
0
2.448
1.224
2.448
0.1
2.548
2.548
2.448
1.224
0
0.1
0.2
0
2.448
1.224
1.224
2.548
1.224
0
2.448
1.224
1.324
2.448
1.224
1.224
0
1.324
0
0
0
2.448
2.448
1.224
1.424
0
0.2
2.448
2.448
1.324
1.224
1.224
0
2.448
1.224
2.448
0.1
2.448
0
1.324
2.448
1.224
0.1
1.224
0
1.424
2.548
1.224
1.224
0
2.448
1.824
1.624
1.324
0.2
2.948
3.672
1.224
0
0
1.224
2.448
1.324
2.448
0
1.324
0
3.672
1.224
0
1.224
3.772
1.224
0
1.324
1.324
1.224
0.1
2.448
1.324
0
3.672
1.224
2.748
1.224
1.524
2.548
2.448
2.548
0.2
1.224
2.448
1.524
2.648
2.648
0.1
1.224
0
0
0
2.448
1.224
2.648
1.324
0
1.424
1.224
2.448
2.448
2.448
1.224
0.2
1.224
1.424
2.548
2.548
2.448
1.224
2.448
1.224
0
0
0
2.448
1.224
1.224
1.524
1.324
1.224
1.224
1.224
0
1.224
0
0.1
1.224
2.448
1.524
1.424
1.224
2.448
1.224
0
3.772
1.224
2.448
1.224
1.224
0
2.448
2.948
1.324
0
0
1.224
1.524
0.2
2.548
0.1
0.1
1.224
2.848
1.224
1.224
2.448
2.448
2.448
1.224
0
2.548
1.724
1.224
0
1.224
2.448
1.324
0
1.224
0.1
1.224
1.224
0
2.548
0
2.548
2.448
1.324
0
2.448
2.448
1.224
1.224
1.224
1.224
1.224
0.1
2.448
1.224
1.324
2.748
1.424
0.1
1.224
1.424
1.224
0
1.224
0.1
3.672
0.2
1.424
1.324
1.224
1.224
2.448
5.584
5.884
0
3.672
2.448
2.448
1.424
2.448
1.724
2.548
4.272
2.548
1.224
1.224
2.548
2.448
3.772
2.448
2.448
2.448
1.324
1.224
1.224
2.448
3.06
4.284
0
2.448
2.548
2.548
1.324
2.648
2.448
4.384
1.224
0
0
1.224
2.448
1.524
2.948
2.648
2.448
1.224
4.072
2.448
2.448
0
1.224
0.1
3.772
3.872
3.772
1.324
0
1.224
1.224
2.448
2.548
4.384
3.06
3.06
3.06
5.508
3.06
4.284
4.584
3.26
3.16
4.284
3.16
4.384
3.16
3.06
3.06
5.708
1.524
1.224
1.424
1.624
1.524
3.26
2.448
2.448
1.224
1.324
1.524
1.324
1.224
2.448
0
2.324
1.224
1.624
0.1
1.224
0
1.624
1.224
0.3
0.1
0
0
0.1
1.524
0
1.224
0
0
1.224
1.224
2.448
0
4.072
0.1
0
0
0
1.224
0.1
1.224
2.448
1.224
0
0
1.224
2.748
1.224
0.3
0
1.224
1.224
1.224
0
0
0.1
1.3
0
0
0.2
0.1
1.624
2.548
1.324
0.1
0.4
0
1.224
1.224
0
1.224
1.224
0.3
0
0.2
0
0.1
1.224
1.324
0
1.224
1.224
0.1
0.3
0
0.1
1.424
1.224
2.648
0
1.224
1.224
1.224
1.224
1.224
1.324
2.548
0.1
0.2
3.672
0
0
1.324
0
0.4
1.424
0
1.224
0.1
1.224
0.2
1.324
0
2.448
0.1
1.324
1.224
1.324
0.1
0
1.324
0.1
1.224
1.224
1.224
1.624
0
0
0.1
1.224
1.224
1.224
0.2
0
0
0.3
0
0
1.224
1.424
0
0
0
0
1.224
0
2.548
2.448
0
1.324
0
1.224
0
1.324
1.224
0
2.448
0
0.4
1.224
0
1.224
0.1
0
2.548
0.1
0.1
0.1
0.3
0
0
0.3
0
0
0.2
0.2
1.224
2.648
1.224
2.024
1.424
1.224
2.448
1.424
0
0.1
1.524
0
0
1.224
1.224
0
0
1.224
1.224
1.224
1.224
0
1.724
0
0.2
1.224
0
1.224
1.424
0.2
1.324
1.224
1.324
0
0
1.624
0
0.1
1.224
1.224
0
0
1.224
1.224
0.1
0.4
1.224
0
0
0.2
0
0
0.3
0
2.448
1.224
0
0
0
0
0
0
0
0
1.324
0
1.224
1.224
1.424
0.1
0
1.324
1.324
0.1
1.524
1.224
1.224
0
1.924
1.824
1.224
1.224
1.424
1.224
1.324
0
1.324
0.3
1.224
0
1.324
0
1.324
1.424
0.2
1.224
0
0
0.2
1.824
2.448
0
1.224
1.224
0.1
0
0
1.224
1.324
0.1
0
1.224
0
0.1
1.324
0.2
0
0
1.224
1.224
0
1.224
1.224
0
0
0
1.324
1.224
0
0
0.3
0
0.1
1.524
1.524
2.548
1.924
0
1.224
1.224
0
0.4
1.324
1.224
1.224
1.224
1.224
1.224
1.224
2.448
0.1
1.224
1.224
0.2
0
0
0.1
3.672
0.1
0
1.324
0.1
0.4
1.224
0.1
0
1.224
0.2
0
0
1.224
0
0
2.448
0.1
1.224
1.224
0
0.1
0
1.224
1.224
0
0.3
1.224
1.224
1.224
2.448
0
1.224
2.548
0
0
0
0.1
2.448
0
0
0
0
0.1
0.1
0.2
1.224
1.224
1.224
0
1.324
2.548
0
0
0
2.448
0
0
1.224
1.324
1.224
1.224
1.224
0.1
1.224
0.1
1.224
1.224
0.4
1.324
0
2.448
0.1
1.224
0.2
0.1
0.1
1.224
0
0.3
0.2
0
1.624
1.324
2.448
0
0.4
0.1
0.3
1.224
0
2.448
2.448
1.324
0
0
0.1
0
0.1
0
1.224
1.224
1.224
1.224
0
0
0
0
0
0
1.224
0
1.224
1.324
1.824
0.3
1.224
1.424
0
1.224
1.324
0.1
0.2
1.224
0
2.448
1.224
0
0.2
1.324
0
1.224
1.424
0
0
0.5
0
1.224
1.624
1.324
1.224
1.524
0.1
0.1
0
0
1.424
1.224
1.224
1.324
0.1
0
2.448
0
1.224
0
1.224
0
0
1.324
1.424
0
1.224
0
1.224
0
0.3
0.3
0
0
1.324
0
0
0
1.224
1.224
0.3
0
1.324
0.2
0
0
0.1
0
0
1.324
1.324
1.224
1.324
0
1.224
0
1.824
0
1.224
0.3
1.524
1.224
1.224
0.2
0
0
0
1.324
0
1.224
1.224
0
1.224
2.024
0
0
0
1.224
1.224
0
0
1.224
2.448
0
1.224
1.224
0
1.324
2.548
0
1.224
1.224
0
0
2.448
1.224
1.224
0
0
0.1
0
1.424
0.4
1.224
0.1
1.324
1.224
0
0.1
1.324
1.224
0
0
1.224
0
1.224
1.224
1.224
1.324
1.224
0
0.2
0.2
2.448
0.1
0
1.224
0
0
1.224
2.548
1.324
1.224
0
0
0
0.1
0.2
0.2
0
1.224
0
0.1
0
1.624
0.6
0
1.224
1.324
2.448
0
0
1.224
2.448
1.224
0
0
1.224
2.448
0
0
1.224
2.448
0
1.224
1.224
0
0.1
1.224
1.224
1.724
1.224
1.324
1.224
1.224
0.4
2.448
1.224
1.224
2.848
0
0
1.224
0
0
0
0.1
0
0
1.324
1.424
0.1
1.324
2.448
0
0.5
1.224
0
0
1.224
0
1.324
0
1.424
1.324
1.224
1.224
0
0
0
0
0
0.1
0.1
1.224
2.524
0
0
0
2.448
1.324
1.824
1.624
0
0.1
0
0
1.624
1.224
1.424
0.1
0
0.1
0
0.1
0
2.848
0
0.1
0
1.224
0.2
0
0.3
0
0
0
1.324
0
0.1
0
0
2.648
1.524
0.1
1.324
0
1.324
1.224
0
0
1.524
1.324
0.1
0.3
0.1
0.1
1.224
1.224
1.324
0.1
1.224
0.1
0.2
0
0
1.224
0
0.3
2.448
0.1
0.1
1.624
1.224
0
0
1.324
1.224
0
0
0.3
1.224
1.224
0
1.324
0
0
0
0.3
0
2.548
1.224
1.324
0
0
1.224
1.324
1.224
1.324
2.448
1.224
0
2.648
1.424
0
0
1.324
0.2
1.224
0.8
1.324
1.224
0
1.224
1.224
2.448
0
0
2.548
1.224
2.648
1.224
2.448
1.424
1.224
0
3.148
1.324
1.224
3.06
3.76
2.236
3.46
1.836
3.06
2.536
4.384
4.284
1.836
1.836
1.836
3.06
3.26
4.284
3.06
3.16
4.284
1.936
5.608
3.06
3.06
4.284
1.936
4.384
3.06
9.832
1.836
3.06
3.06
5.608
3.16
3.06
3.06
1.836
7.932
3.06
4.284
1.836
4.284
3.06
1.836
1.836
5.884
3.06
3.26
2.236
1.836
3.06
4.284
1.936
4.384
5.608
1.836
3.16
1.836
3.16
4.284
3.06
5.508
5.608
4.384
3.16
4.284
4.284
3.06
1.836
3.06
0
0.9
0.1
0
1.724
2.848
1.524
