0.1
0.1
2.124
2.236
1.324
0
0
0
0
0
0
1.224
0
0.5
0.2
0
0
0
0
0
1.324
1.224
0
0
1.936
0
0.1
0.3
1.224
0
1.836
1.224
0.4
0
0
0.2
0
0.2
0
0
0
1.424
0
0.1
0.1
1.324
0
0.1
0.1
1.324
1.224
0
1.424
0
0
0
0.1
0
0.1
1.424
0.2
0.2
0
0.1
0.1
0
0
0
1.424
0.5
0.1
1.524
0
0.1
2.024
0
0
0.1
0
0.1
1.624
0
1.224
0
0.1
0
0
0
0
0
0
0
0
0
0
1.424
1.224
0
0
0
0
0.1
0.2
0
1.836
0
0
0.5
0.1
0
0.2
0
0
1.224
0.1
0.1
0.2
0
0
0
0.5
0
0
0.2
0.1
0
0
1.224
0
1.324
0.1
0.1
0
0
1.424
0.1
1.224
1.424
1.224
0.2
0
0
0
1.324
0
0
1.324
0
0
0
1.224
0
0.1
0
0.1
0.2
0.1
0
0.2
0.1
0
0
0
0
0
0.1
0
0
0
1
0
0.1
1.224
0
1.224
1.224
0
0
1.224
0
0.1
1.324
0
1.224
0.1
1.224
1.324
1.224
0
1.224
0.1
1.224
0.2
1.524
1.224
1.324
1.224
0
0
0.4
0
0
0
0.4
0.7
0
0
1.324
1.424
0
1.224
0.2
0.5
0
0.1
0.9
0.1
0.5
0
0
0
1.224
2.024
1.324
1.224
1.424
1.224
1.224
1.524
1.224
3.16
3.06
1.324
1.936
3.06
0.1
2.024
1.524
0
1.324
1.936
1.324
3.16
0.1
1.836
0
0
0
1.224
2.436
0
0
0
0
0
1.224
0
0
1.224
1.524
3.06
0
0.1
0.2
1.224
0
0.6
1.224
0
1.224
0
0.3
0
1.324
0.1
0
1.324
0
1.224
0
0
0
1.724
1.224
1.324
0
1.424
1.324
3.16
3.06
3.06
3.06
1.836
0.4
0
0
0
0
0
0
0
0
0
0
0
0
0
0.2
0
0.1
2.036
0
1.224
0
0
1.324
0
1.224
0
1.424
0
0
0
0
0
0
0
0
0
0
0.1
0
0.1
3.36
3.16
0
0
0
0.2
0
0
1.224
0.7
0.1
0
3.26
1.424
3.06
0.1
0
1.424
0.1
0.4
0.6
0
1.836
0
0
0
1.424
1.224
0
1.224
1.224
1.224
0
1.936
1.224
1.936
1.224
1.224
1.224
1.836
3.06
0
0
0.5
0
0
0
1.324
1.724
0
1.836
0
0.3
1.324
1.524
0.1
1.936
0
1.224
2.536
0
2.136
3.06
0
0.1
0
0
1.224
3.16
0
1.724
1.224
1.324
1.324
1.224
3.06
1.224
0.3
1.724
0
0
0
0.1
0
0
0.2
0
1.324
1.524
1.224
0
0
3.26
0
1.324
3.56
3.36
1.836
0
3.06
2.136
3.36
0.1
0
0.1
1.424
0
3.06
0.1
0
0
0.2
3.06
0
1.224
3.16
1.224
0
0
0
1.424
0
0
0.2
0
1.836
3.76
1.324
1.224
1.224
2.236
3.06
0.5
0.1
2.224
0.2
0
1.524
0.2
0
1.836
1.324
1.424
0.1
0
0.2
0.7
1.224
0
0
0
0.1
0
1.224
2.036
0.1
1.224
0
0
3.16
3.06
0.2
0
0
1.324
1.624
1.224
0
1.724
2.036
0
1.836
1.224
3.16
2.336
0
0
0
1.424
1.424
1.224
1.224
3.16
0
1.224
3.06
0.1
0.4
1.224
0
3.06
0
1.524
3.56
1.224
0
0
1.224
1.424
1.624
1.324
0.1
1.224
0
0.1
1.224
0
0.1
1.424
0
0
2.036
1.224
3.16
1.824
1.424
0
0
0
3.16
1.524
0
1.936
1.224
1.424
1.424
0
0
0
0
0
0.1
1.224
0.2
3.26
1.424
1.224
1.224
0
1.224
1.836
1.324
0
0
1.224
1.324
0.1
1.424
0
1.224
0
0
1.224
1.224
0
0.1
3.26
1.224
1.224
0
2.236
0
0
1.224
1.424
0.1
1.224
0
0.1
0
0
1.224
0.1
0.4
1.224
0.1
0
0
0
3.66
0
0
2.336
0
1.836
0.4
1.324
1.224
0.1
1.836
0.2
3.06
0
1.836
3.06
1.324
1.836
1.836
3.26
1.836
3.16
1.224
0
3.06
0.1
1.836
3.06
0.1
3.16
0
0
3.16
0
0.1
1.836
0
3.36
0
0
0.1
2.236
1.324
1.324
1.424
3.16
0
0
2.024
1.836
1.724
3.06
0
1.224
0
2.136
1.424
0
1.224
1.224
1.624
1.524
3.36
0
1.224
1.624
3.26
1.524
1.936
1.936
0.5
0
3.06
0
1.224
1.324
3.06
0
1.724
2.036
0
0
1.224
1.836
0
0.2
1.224
1.224
1.224
3.36
0.1
0.1
1.224
0.1
0
1.624
3.26
0
3.16
0
1.224
0
0
0
0.1
1.224
1.224
0
0.1
1.324
3.06
0.1
0.1
1.836
0
0
3.06
0
0.5
1.224
2.036
3.16
0
3.16
1.224
3.36
3.06
0
1.424
1.936
1.624
0.1
1.224
1.724
1.224
3.06
3.46
0
0.2
3.16
0.1
1.224
1.224
1.224
1.224
0.3
1.624
0.1
0.1
0.1
1.224
1.224
0
1.324
1.224
0
1.324
0.1
1.524
1.324
0
0
0
0
1.224
1.224
1.224
0
3.06
3.06
1.224
0.1
0
3.06
1.324
0.3
0
0.2
0.1
1.424
3.26
0.1
0.1
1.836
1.324
0
0.1
0.4
1.224
0
3.06
1.424
1.224
0
0.1
0
3.26
1.324
0
1.324
3.06
3.06
1.224
0
0
1.224
1.224
1.224
0
1.524
3.06
1.836
1.324
0
0
0
0
1.324
0
0
3.16
3.16
0
3.16
0
0
0.1
0
1.836
0
0
1.324
1.224
1.224
1.324
0.1
0
0
1.224
0
1.524
1.224
1.836
1.224
1.824
0
0.1
1.224
1.324
1.324
1.224
0.1
1.324
0
0
2.224
0.1
1.324
1.224
0.2
1.324
3.16
1.224
3.36
2.136
1.836
0.1
3.16
0
3.06
1.324
0
1.324
3.16
0
0
0.1
3.06
1.424
1.224
0.1
1.836
0
0
0
0
1.224
0
0
2.036
0.1
0
0
0.3
3.86
1.324
0
0.1
1.836
1.224
0
1.424
1.224
0.1
1.524
1.224
0
0
0
5.396
5.396
1.424
1.224
1.836
1.224
1.224
1.324
1.524
0
1.824
1.524
1.524
0.1
3.06
1.224
0.9
1.324
1.424
1.224
1.224
1.324
1.224
3.06
3.06
3.46
1.224
3.16
3.26
3.06
1.524
0.4
0
3.36
0
0.1
0
1.936
0
1.936
1.824
3.16
1.724
1.224
0.3
0
0
3.16
1.224
3.26
0
0
0
1.324
1.624
1.224
1.224
1.324
1.224
2.136
3.26
4.896
1.836
3.06
1.836
3.16
3.56
3.16
3.16
3.16
3.26
3.16
3.26
3.672
3.672
3.26
2.136
0
1.324
1.724
1.424
3.872
1.224
0
1.224
0.1
1.424
3.06
0
1.224
1.836
0.5
0
0.1
0.1
1.324
3.26
1.524
1.224
0
0
0
1.224
0
0.1
1.224
0
0
1.224
0
0
0
0
0.6
1.224
0
1.224
0
0
1.324
0
0
0
1.324
1.224
0
0.3
0
1.936
1.224
0
0
0
1.224
1.324
1.424
2.524
0
1.324
0
1.424
0.4
0.1
0
0
1.424
1.224
0
1.836
0
1.324
1.224
1.424
1.324
0.1
0
0
0
0
0
0
0
1.324
0.1
1.224
1.324
0
1.224
1.324
1.324
0.1
1.224
1.324
1.224
0
0
1.224
1.224
1.324
0
1.224
1.224
0.1
0
1.624
1.224
1.224
0
1.324
1.836
1.424
0.1
1.224
1.224
0.1
0
0
0
0
0
0
1.224
1.224
1.224
0
1.724
1.224
1.224
1.324
0
0
1.224
0.1
1.224
1.224
1.524
1.224
1.324
1.224
0
1.224
1.324
0
1.224
0
0
0
0
1.324
1.324
0.1
0
0
1.224
0
1.324
0
1.224
0
0
1.224
0
0
1.324
0
1.224
1.224
1.224
1.624
0
1.224
0.2
0
0
1.324
1.424
1.224
0.2
1.224
0.2
0.1
0
0
0.1
1.936
0
0.1
1.224
1.224
1.224
0
1.324
1.224
0
1.224
1.224
0
1.224
0.3
1.224
0.3
0
1.224
0.1
0.1
1.224
1.324
1.324
1.224
1.224
1.224
1.1
1.224
0
1.224
0
1.324
1.224
0
0
0
0.4
0
0
1.224
1.224
1.224
1.324
1.624
0
1.224
0
1.224
1.224
0
1.224
1.224
0
0
1.324
0
1.224
1.224
1.324
1.324
1.424
0.2
1.224
0.1
1.424
0
0
0
1.224
0.2
0.1
0
0
0
0
1.324
1.324
0.2
1.224
1.424
0
0
0.1
0.2
0
1.324
0
1.324
0
0.4
0.4
0
1.424
1.224
0
1.224
1.324
1.224
1.224
1.224
0.1
1.224
1.224
1.324
1.424
1.224
1.324
1.224
1.224
1.224
0
1.224
0
0
1.224
1.224
1.224
0
0
0.1
0
0.1
0
0.2
1.324
0.1
1.224
0.2
1.224
0
0
1.224
1.724
0
0
0
1.224
0
1.224
1.224
1.324
0
1.324
0
1.324
0
1.224
0
0
1.224
1.224
1.224
1.424
0.3
1.224
0
0
0
1.324
1.224
1.324
0.5
1.324
1.224
0.1
0
0.2
0
0
1.324
1.224
0.1
0.2
1.224
0
0
0
0
1.224
0
0
1.224
1.224
1.224
1.224
0.1
0
1.224
1.224
1.224
0
0
1.224
0.1
0
1.224
0
1.224
0.1
1.224
0.1
1.224
1.224
1.224
1.224
1.224
0
1.324
0
0
1.424
1.224
0
1.224
0
0
0
0
1.836
0
1.224
0.1
1.424
1.324
1.224
0
1.224
1.836
0.3
0
1.224
0.1
1.224
1.224
0.4
1.424
0.2
0
0
1.224
1.224
0.1
0
1.224
1.524
0
0.1
1.224
0
0.1
0
0
0
1.224
1.224
0
0
1.224
1.224
1.224
0
1.224
1.924
1.324
0.2
1.324
0
0
1.224
0.1
0
1.224
1.324
1.224
0
1.324
1.224
0
1.224
0
0.3
0
1.224
0.1
0
1.224
0.4
0.1
1.224
0
1.324
0.1
1.224
1.224
1.424
0
1.224
1.324
1.224
1.224
0
1.224
0
1.424
1.324
0
1.324
0
0
1.224
0.1
1.224
0
0
0.2
0.2
1.224
0
0
1.224
0
1.424
0
1.224
0.2
1.224
0
0
1.224
0
0
1.224
0
1.324
0
0
0
0.1
0
1.224
0.4
0
0
1.324
0.1
1.224
0
0.1
1.524
0.1
1.224
1.224
1.936
0
0
0
1.224
1.824
1.224
0
1.224
0
1.224
0
1.224
1.324
1.224
1.224
0
1.224
1.424
1.324
0
0.2
1.224
1.224
0
0
0
0
0
1.224
1.224
0.1
1.224
0.2
1.624
0
1.224
0
1.224
1.224
0
0
1.324
1.224
1.224
0
1.224
0
0
0
1.224
1.224
0
0
1.524
1.224
0.2
1.224
0
0
0.1
1.324
1.224
1.224
1.224
1.224
0
0
0
0
1.524
0
0
0
0.2
1.324
1.624
1.424
1.224
1.224
1.224
1.224
1.324
0
1.324
0
0
0.1
0
1.224
1.224
0
1.224
0
0
1.224
1.224
0
1.224
0
1.624
0
0.7
0
0.1
0
0.1
1.524
1.224
0
0
1.524
1.224
1.836
1.324
1.324
1.224
0.1
0.2
0
0
0
1.324
0
0.2
0.1
0
0.2
1.224
0
1.224
0
1.224
1.324
1.224
0
0
0
0
1.424
1.224
0
1.224
0
1.324
1.324
1.224
0.9
1.224
1.224
0.1
0
0.1
0.5
0.1
0
1.224
1.224
0
1.324
0
0
0
0
3.06
0.1
1.224
1.224
1.824
1.224
1.324
1.224
0
1.324
0
1.324
1.224
0
1.224
1.324
1.224
1.324
0
1.324
1.324
0.1
1.324
0
1.224
0.2
1.224
0
0
1.424
1.224
0.1
0
0
1.224
1.424
1.224
1.524
1.324
1.324
1.324
0.4
0
0
1.224
1.524
1.324
0
0.1
1.324
0.1
0
0.1
1.224
0
0
1.224
0
1.824
1.324
1.324
1.224
1.324
1.324
1.524
0
1.424
0
1.424
1.324
1.324
3.16
1.224
0
1.224
0
1.324
0
0
0
0
0.3
0
1.224
0
0.2
0
0.5
0
1.224
0
0
0
1.836
0
0
0.1
3.26
0
0
0
3.26
0
0
1.1
0.1
1.224
3.672
3.76
5.696
2.736
3.36
1.836
2.136
3.46
3.16
1.936
3.06
4.896
3.772
4.172
1.836
1.836
1.836
1.836
1.836
1.836
3.772
1.836
3.06
1.936
2.136
3.16
1.836
7.996
1.836
1.836
1.836
1.836
1.836
1.836
1.836
2.436
3.06
3.06
1.836
1.836
3.16
3.16
1.836
5.696
1.836
3.06
3.36
1.836
1.836
3.06
3.772
3.16
3.06
3.06
4.896
2.036
2.036
3.16
3.06
3.06
1.836
3.36
1.836
3.06
3.672
3.06
1.836
1.836
0
1
0
0.1
0.3
0.3
0.2
