0.1
0
1.424
1.324
1.824
0
0
3.06
0
0
0
0
0
0.3
0.1
1.836
0.1
1.224
1.224
1.224
0
0
1.224
1.224
0
1.324
1.224
1.224
1.224
1.224
4.896
0
0.4
1.224
0
2.236
1.836
0
0
0
0
0
1.836
0
0.1
0
0.1
0.1
0
0
0
0
0.1
0
0
3.06
0
0
0
0.3
0.1
0.1
0
1.324
0.3
0
0
0
0.1
0.2
0
0
0
0
0.4
0
3.06
0
0
0
1.224
0
0
0
0.1
0
0
0
1.224
1.424
0
1.324
0
0
0
1.836
1.936
0
2.448
3.06
0
0.2
0.1
0
3.06
0
0
0.1
0
1.224
0
0
0
0
0
0
0
1.324
0
0
0.5
0
1.224
0.1
0
1.224
0
0
1.224
0
0.1
0
0
1.324
0
0.1
0
0.1
0
0.1
0
1.224
0
0
0
0
0
0
0
0
0
0
0
0
0
0.2
0
0
0.2
0
0
0
0
0
0.2
0
3.06
0
0.2
1.424
0
0.1
0
0
0
3.06
0
1.224
0
0
0
1.224
0
1.224
0.2
1.324
0.1
0
0
1.324
0.1
0
0
0
0.1
0
0
0.1
0
1.524
0
3.06
0
0.1
0.2
0
0
0
1.324
1.424
1.224
0.1
1.224
0
0
0.3
0
0.4
0
0
0.1
2.448
0.3
2.548
1.324
0.1
0
0
1.524
0
3.06
3.06
0
0
1.224
0
2.124
0.2
0
0.2
0
0.4
0
0.1
1.836
1.224
1.224
4.284
0
0
0
0
0.1
0
1.224
0
0
0.2
1.224
0
1.224
0
0
0
2.448
0
0.2
2.448
0
1.224
0
0
0
1.224
0.2
0
1.424
1.224
0
0
3.06
1.224
2.448
2.448
1.324
0
1.224
1.224
1.836
1.836
1.836
4.284
1.836
0.3
0
0
2.448
0
0
0
1.224
0
0.2
0
0
0
0.1
0.1
1.224
0.1
1.224
0
0
1.224
1.224
1.324
0
0
1.836
0.1
0
0.1
0.2
0.1
0.1
0
0
2.548
0
0
1.524
3.06
2.548
0
0
0
1.224
0
0.4
0
0
0
3.56
0
0.1
0.1
1.224
1.424
1.936
0
0
0
0.2
0.5
1.224
0
1.836
0
1.224
0.2
0.1
1.836
0
0
0
0
1.224
2.448
0.1
1.224
1.224
0.2
1.224
0
1.324
0
3.148
0
0
0.1
1.324
1.724
4.384
1.836
3.06
0
2.548
0.3
0
0
0
1.224
1.624
1.224
1.224
1.936
0
0.1
0
1.224
1.224
1.324
0
1.624
1.224
0
2.648
2.448
0.1
1.324
0.4
0.1
1.224
0
1.224
0
0
1.224
1.424
0
0
1.224
1.224
1.324
0
0.1
1.224
0
0.1
1.324
1.324
0.1
0
0
1.324
1.324
0.1
0
0
1.624
1.224
1.324
1.224
1.224
1.224
1.224
4.284
0
0.1
0.2
1.224
0
1.224
0.1
0
0
0
2.448
0
1.424
0
0
0
0.1
1.224
0
0
0.8
0.1
1.224
0.1
1.524
0.1
1.324
1.324
0.4
1.524
1.224
0.2
1.624
0
0
0
0
1.224
0
1.224
1.224
3.16
0
0
2.448
1.324
1.224
0
0
1.224
0
2.448
1.324
0
0.1
0
0
0
1.224
1.224
1.424
1.324
0
0
1.424
1.224
0
2.548
1.224
1.224
0
1.224
0
0.4
0
0
0
1.224
2.848
0
1.224
1.224
0
1.224
1.324
1.324
0.1
0
2.448
0
0
0
0
1.224
1.324
1.224
0
3.16
0
1.224
1.224
0
0
0
0
1.324
0
0
0
0
1.624
0
0
1.324
0
0
0
0.1
0
0.2
0
0.1
1.224
0
0
0
1.224
0.1
0.1
1.324
0
0
0.3
0.3
1.224
0
0
0
1.224
2.448
0
1.424
0
0
1.324
0
0
0
0
0.2
0.1
0
1.224
0
1.224
1.224
0
1.224
1.224
1.524
0.1
3.06
3.06
0
1.524
0.2
0
0
0.1
0
0
0.2
1.224
3.06
1.224
0
0
0
1.224
1.424
1.324
2.448
0
1.836
0.1
0
0
0
1.224
1.224
4.284
0
0
1.324
1.224
0
1.224
0.2
2.448
0
0
1.224
0
0
0
0
0.1
0
1.224
0.1
1.224
1.224
0.1
1.624
0.1
1.424
0
0
0
1.224
1.224
1.224
0
1.324
0.1
1.224
1.224
0
0.1
1.224
0
0
1.624
0
1.224
4.484
0
1.324
1.224
0.2
1.224
0
0
2.548
0
1.224
2.448
0
0.1
1.224
3.26
0
1.224
1.224
1.224
3.06
1.424
1.224
0
0
1.324
0
0
1.224
0
1.324
2.448
0
0
1.224
1.424
0
2.448
0
1.624
0.1
0
0
0
3.16
2.448
1.224
2.548
0.5
0
0
1.224
1.224
1.224
0
1.224
0
3.06
1.324
0
0.2
1.424
0
2.748
1.224
0
1.424
0
0.1
0.1
1.224
1.224
1.224
0.1
1.224
0.9
2.448
0
0.1
0
1.224
0
0
0
0
1.224
0
1.324
0.4
1.424
0
1.224
2.448
0
1.424
1.224
1.224
0
0
0
3.06
0
2.448
1.224
0
1.324
1.936
1.324
1.424
0.1
1.224
2.448
1.324
0
1.224
0
3.06
1.824
1.224
0
0
0.2
3.06
0
1.424
0
1.224
1.224
0
2.448
1.224
1.324
1.224
2.448
1.324
0
1.224
0
1.324
1.224
1.224
0.1
1.224
0
0
0
1.324
1.224
0
0
0
1.224
1.836
1.224
0
0
0
0
0
0
1.224
2.448
1.324
0
2.548
1.224
0
2.448
0
1.324
2.948
2.448
0
1.224
2.548
0.1
0
1.324
0
0
0
1.224
0
0.1
0
1.824
0
1.224
1.224
1.224
1.324
1.224
0.2
1.424
0.2
0.1
0
1.224
1.224
0
0.1
1.224
0
0
4.284
0.1
1.224
1.224
3.16
1.224
1.936
0
1.224
1.224
0
0
1.224
0
0
0.1
1.424
0
0
1.524
0.2
0
0
0.1
1.224
0
0
0.1
1.224
0
1.324
0
0
0.2
1.224
3.16
3.16
0
1.224
1.224
3.06
0
2.448
1.624
2.548
1.224
2.648
1.424
0
1.324
1.224
1.524
2.748
1.224
3.06
0
0
0
1.224
1.936
3.06
0
1.324
1.224
1.224
1.224
1.524
1.224
4.284
0
0.1
0
0.1
1.224
1.224
0.2
1.224
1.324
2.548
1.324
1.224
1.224
0.1
0
0
1.224
1.224
1.224
1.224
0.1
0.2
0
0
0
3.46
1.836
1.836
1.836
3.16
1.836
3.06
3.16
2.036
1.836
3.06
4.284
5.396
2.036
1.836
1.836
3.16
1.624
3.06
1.324
1.724
1.324
1.936
0
1.224
0
0
0.1
1.424
0
0
1.836
0.2
0
0.3
0
2.448
0
0.4
2.448
2.036
1.836
0
0
0
0
0.2
1.224
0
0
0
0
1.324
0
2.124
0
0.1
0
0
0
1.424
0
1.836
0
0
0
0
1.424
0.2
0
0
0
0
2.448
0.1
0.1
0
0.7
0
0
0
0.1
0.2
2.448
0.1
0
0.1
0
0.1
0
0
0.1
2.448
0.2
0
0.1
0
0
0
0.1
0
0
1.224
0
0.1
1.524
0.1
0
0
0
0
0
1.324
0.2
0.1
0
0
2.448
0.1
1.324
1.224
0
0
0
0
0.1
0
0
0
0
0
0.2
0
0
2.448
0
0
0
1.224
0
0
0.2
0
1.224
1.224
0
0
0
0
0
0
0.1
0
0.1
1.224
0
0.2
0
0
0
0
0
0
0
0
1.224
0
0
0
0
0
0
0
0
0
0
0
1.224
1.224
0
1.224
0
0
0.1
0
1.324
0
0
0.1
0.1
0.2
0
0
0
0
0
0
0.2
2.448
0
0.3
0
0
1.224
0.1
0
0.1
0.1
1.224
0
0
0
0.1
0
0
0
0
0
0
0
0
0
1.224
0
0
0
1.224
0
1.324
2.448
0
0
2.124
0
0
0
0
0
1.224
0
0
0.2
0.1
0
0
0
0
1.324
0
0.2
1.224
2.448
2.548
0
0
0
0
0
0
0
0
0
1.224
0
1.224
0.1
0
0.1
1.324
0.1
0
0
0
1.836
0
0.8
0
0
0
0.1
0
0
1.224
0
1.324
1.524
1.224
0
0
0
0.1
0
0
0
0
0
0.2
1.224
0
0
0.1
0
0
0
1.224
0
0
0.1
0
0
0
0
0.1
0
0
0.1
0
0
0
0
1.224
0
0
2.448
0
0
0
0.3
0
0
0
0
0
0
0
0
0
0
0.4
0
0
0
3.06
0
0
0
0
0.1
0
0
0
0.1
0
0.2
1.224
0
0
0
0
0.1
0
0
0
0
0
0
0
0.1
0
0
1.324
0
0
1.836
0
0
0
0
0
0
0
0
0
0.1
1.224
0
0
2.448
1.224
0
0
0
1.224
0.1
0
0
0
0
0
0
0
0
0
0
1.224
1.224
0
0
0.1
2.548
0
1.224
0
1.324
0
0
1.324
1.224
0
0
0
1.224
0
1.224
0
4.284
0
0
0.1
0
0
0
1.224
0
0
0
2.448
0
0.1
0
0.1
0.2
0
0
0
1.324
0
0
0
0
0
0
0
0
0
0
0
0
0
1.224
0
0
0
1.224
1.224
0
0
1.324
0
0.1
0
0
0
0.1
0
3.16
3.06
2.648
0
2.448
0
0
0.1
0
0
3.06
0.2
0.1
0
0
0
0.1
0
0
1.524
0
0.2
0
0
0
1.224
0
0
1.224
0
0
1.224
0
0
1.324
0
0
0
0
0
1.224
0.1
0
0
0
0.1
0
1.224
0
0
0
0
0
0
1.224
0.4
0.1
0
0
0
0
0
1.324
0
1.324
0
0
0
1.224
0
1.224
0.6
0
0
0.1
0
0
0
0
1.224
0.1
0
1.224
0
0
0
1.324
1.224
0
0
1.224
1.224
0
1.324
0
0
1.224
2.448
0
0
0
0
0.2
1.224
0
0
1.224
0
0
2.448
0
0
0
0
0
0
0
1.936
0
0
0
0
0
1.224
0
0.1
1.224
0
0
0
0
0.1
0
0.1
0
0
0.1
0.2
1.324
0
0
0
0
0
0.1
1.324
0
0
0
0
0
0.1
0
0.1
0
0
0
0
0
0.1
0
0.1
0
0
1.224
0
0
2.448
1.224
0
0
0
1.224
2.448
0
0
0
0
1.224
1.224
1.836
0
0
1.424
0
0.4
0
0.2
0
0
0.3
2.448
0
0
1.524
0
0
2.548
0
0
0
0
0.1
0
0.2
1.324
0
0
1.324
0
0.2
2.548
0
1.224
1.836
0
0
0.1
0
0
0
0
1.836
0
0
0
0
0
0
0
0.1
0
0
0
1.224
0
2.548
0
0
1.224
1.224
1.224
0
0.1
0.1
0
0
0.1
0
0
0.1
1.724
0
1.224
0
0
0
0
0
0
0
1.224
1.424
1.324
0
0
0
0.1
0
0.1
0
0
0.1
0
0
0
0.2
0
0
0.1
0
0
0
1.224
0
0
1.224
0.1
0.2
0
0
1.224
0
0.2
2.448
0
0
0
3.06
0
0.1
0.1
1.224
0
0
1.224
0
0
0
0
0
0.2
0
0.1
3.06
0.2
2.448
2.448
0
0
0
0
0.1
0
0
0
0
1.324
0.2
0
0
0
0.1
0
0.5
0
0.2
0
0
0
1.224
0
0
1.224
0
1.424
0
1.224
0.1
0
0
2.024
1.836
0
1.836
1.936
1.836
2.336
2.436
1.836
2.036
3.06
3.06
1.936
1.836
1.836
1.836
1.936
6.832
1.836
1.836
3.06
1.836
3.06
1.836
3.06
3.16
1.936
1.936
4.284
3.06
1.836
3.06
7.92
3.06
1.836
1.836
3.06
3.06
3.16
3.16
3.06
1.836
4.896
1.836
1.836
1.936
3.26
4.284
1.836
2.136
1.836
1.836
1.836
1.836
3.16
3.06
2.236
3.16
1.836
3.06
3.06
1.836
3.06
3.06
4.384
3.06
3.06
1.836
3.16
1.836
1.936
0.2
0.2
0
0
0.1
1.624
0.2
