1.836
0
2.748
1.224
3.672
1.324
1.224
2.448
1.224
1.224
1.324
2.448
2.448
1.324
1.224
0
1.224
1.224
1.224
1.324
1.224
1.224
1.224
1.224
0
1.224
1.224
1.224
2.448
1.224
1.224
1.224
0.1
0
3.06
1.936
1.836
1.836
1.836
1.836
1.836
3.56
1.836
1.836
1.836
3.06
1.836
3.16
1.936
3.06
3.06
1.836
3.06
3.06
1.936
3.06
3.06
3.06
1.836
3.06
3.16
3.06
1.836
3.16
2.036
1.836
3.06
3.06
3.06
3.36
1.836
4.384
3.06
1.836
3.26
1.836
3.06
1.936
3.06
1.836
4.284
3.06
3.06
3.06
1.836
3.06
3.16
1.836
3.06
4.284
1.836
3.06
3.06
3.06
3.06
3.06
3.16
3.06
3.16
3.06
1.836
3.06
3.26
1.836
3.06
1.836
1.836
1.936
3.06
1.836
3.06
3.06
1.836
4.284
1.836
1.836
1.836
4.284
1.836
1.836
3.26
1.836
3.06
3.06
3.06
1.836
1.836
3.06
1.836
4.284
1.936
1.836
3.06
1.836
3.06
1.836
3.06
4.284
3.06
1.836
1.836
4.284
3.06
3.06
3.06
3.06
3.06
3.06
1.836
3.06
3.06
1.836
1.836
1.836
1.936
1.936
3.06
1.836
1.936
1.836
1.836
3.06
1.836
3.06
2.136
3.06
3.06
3.06
1.836
3.76
3.06
3.16
4.284
1.836
4.284
4.484
3.06
3.06
3.06
1.836
1.836
4.284
3.06
7.632
3.06
6.932
4.384
5.608
4.384
6.732
3.06
4.284
3.06
5.508
5.508
4.384
4.384
3.06
0
1.224
1.224
1.224
0
1.224
0
1.224
0
1.324
2.448
1.224
2.448
0
1.324
1.224
0
1.624
0
1.524
0
1.224
1.224
2.448
1.424
2.448
2.448
1.224
1.224
1.224
2.448
2.448
2.448
2.448
2.448
0
2.448
0
3.872
1.224
0
1.324
0
1.224
1.324
0
1.224
1.224
1.224
2.448
1.224
0
0
1.224
1.224
1.224
1.224
1.224
1.224
1.324
2.448
1.224
2.448
1.224
0.1
0
2.448
1.224
0
2.448
0
2.448
0
0
0
2.448
1.224
0
2.448
3.06
2.448
1.224
2.448
1.224
3.672
2.448
3.672
0
1.224
1.224
2.448
1.224
1.224
2.448
1.224
1.224
0
0
1.224
0
1.224
0
1.224
1.224
0
0
0.1
1.224
1.224
1.424
1.224
1.324
2.448
1.224
2.448
1.224
1.224
2.448
0
1.224
0
1.224
0
0.1
0
0
1.424
0
1.224
1.224
0
1.224
1.524
2.448
1.224
1.224
1.224
1.224
0
0
0
0
1.224
1.224
1.724
1.324
0.1
1.224
1.224
2.448
0.1
1.324
1.224
1.224
1.424
1.624
1.224
0
0
3.06
1.224
3.672
2.448
0
1.224
1.224
2.448
0.1
1.224
2.448
0
2.448
2.448
1.224
1.224
1.224
1.224
1.224
2.448
0
0
0
2.448
2.548
1.224
1.224
1.224
0
2.448
1.324
0
0
0
2.448
1.624
2.448
1.324
2.448
0
0
0
1.224
2.448
2.448
0
2.448
2.448
1.224
3.672
3.672
1.224
2.448
0.1
1.324
2.548
0
1.224
1.224
0.1
1.224
2.448
1.224
1.224
2.448
1.224
1.324
0
1.224
1.224
2.448
1.324
2.448
2.448
1.324
1.224
0
2.448
1.224
0
1.424
1.324
1.324
2.448
1.224
2.448
1.224
1.224
2.448
2.448
2.448
1.224
1.224
1.324
0
1.224
2.448
1.224
0
0
2.448
0
2.448
1.324
2.448
1.224
0
2.548
1.224
0
1.424
0.2
1.224
1.224
0.1
0
1.324
2.648
1.224
1.224
2.448
0
1.224
2.448
0
0
0
1.224
0
3.672
1.224
1.324
2.448
0
2.448
2.448
3.672
0
0
1.224
1.224
2.448
2.448
0
2.448
0.1
0
0
2.448
2.448
1.424
1.224
1.224
0
3.672
2.448
1.224
2.448
3.672
1.224
1.224
2.448
1.224
1.524
1.224
1.224
1.224
1.224
2.448
2.548
2.448
1.224
0
2.448
2.548
2.448
1.224
0
3.672
0
0.1
1.224
0.1
1.324
2.448
2.448
0.1
1.224
1.224
2.548
2.548
2.448
0
0
0.1
2.448
1.224
0
0
1.224
2.548
1.224
0
2.448
0
1.224
1.224
1.224
1.224
1.324
1.224
1.224
2.448
1.224
0
2.448
1.224
1.224
0
1.224
1.224
1.224
0.2
1.324
1.224
2.448
0
0
1.324
2.448
0
1.224
1.224
1.224
2.448
1.224
0
0
1.224
1.224
1.224
0
2.448
1.224
1.224
2.448
0
2.448
1.224
1.324
1.224
1.224
1.224
0
2.548
1.224
1.324
0
0
0
0
0.1
2.448
2.448
1.324
0
0
2.448
1.224
1.324
2.448
2.448
0
0
2.448
0
1.224
2.448
1.224
2.448
1.224
0
1.224
1.324
2.548
0
1.224
1.324
1.224
0
0
1.224
1.224
1.224
0
0
0
1.324
2.448
1.224
2.548
1.224
0.1
2.448
0
2.648
1.224
1.224
2.448
0
1.224
3.672
0
2.448
1.224
2.448
2.448
2.548
0
3.672
1.324
1.224
2.448
0
1.224
1.224
0
2.448
1.224
1.224
3.672
1.224
0.1
2.448
0
1.224
2.448
1.224
0
2.448
0.1
2.448
2.448
2.448
1.224
1.224
2.548
3.672
0
0
1.224
1.224
0
2.448
1.224
2.448
1.224
1.224
0
1.224
2.448
1.224
1.224
0
2.548
1.224
1.224
0
0
0
1.224
2.448
1.224
0.2
1.224
0
2.448
1.224
2.448
2.448
2.448
1.224
1.224
2.448
1.224
1.224
2.548
1.224
2.448
2.448
2.448
1.224
1.224
0
1.324
2.448
2.448
2.548
1.224
3.672
0.4
2.548
0
0
1.324
3.672
2.448
0
1.224
1.224
1.224
1.224
2.448
1.224
2.548
0
2.448
1.224
0
2.448
2.448
2.448
0
1.224
1.224
2.448
0
2.448
2.448
1.224
1.224
1.224
1.224
1.324
1.224
2.448
1.224
2.448
0
2.448
1.224
1.224
2.648
2.448
0
1.224
1.224
1.224
0
2.648
1.224
2.448
2.448
0
2.448
2.448
2.448
2.548
1.224
1.224
1.224
2.448
1.224
1.224
3.672
2.448
0
3.672
0.1
0
0
0
2.448
1.224
1.224
2.548
2.448
0
2.448
0
0
0
0
0
1.224
1.224
2.448
2.448
2.448
3.672
1.224
0
2.448
2.448
2.448
2.448
2.448
0
2.448
3.672
1.224
0
1.224
1.324
1.224
1.224
1.224
1.424
0
0
3.672
1.224
2.448
3.672
1.224
3.672
2.448
1.224
2.548
1.224
0
0
2.448
1.224
1.224
1.224
1.224
1.224
1.224
1.224
0
1.224
1.224
2.448
2.448
0
0
1.324
2.448
0
1.224
2.448
0
0
0
2.448
1.224
1.324
1.224
2.448
1.224
1.224
0
1.224
1.224
1.224
1.424
3.672
0
2.448
1.224
0
1.224
1.224
2.548
2.648
1.324
3.672
1.224
3.672
1.424
3.672
2.448
2.448
3.772
3.672
1.224
1.224
2.448
3.672
2.448
3.672
2.448
2.548
1.224
1.224
1.224
2.448
1.224
3.672
1.224
2.448
2.448
2.448
2.448
2.448
2.448
3.672
1.224
0
0
0
1.224
1.224
2.448
2.448
2.448
2.448
2.448
1.224
2.448
1.224
1.224
1.224
2.448
2.448
2.448
3.672
2.448
2.548
1.224
2.448
2.448
2.448
1.224
1.224
1.224
3.672
1.224
2.448
2.448
1.224
1.224
2.448
2.448
2.548
2.448
0
0
3.772
1.224
1.224
2.548
2.548
2.448
0
1.224
1.224
1.224
1.324
2.448
2.548
1.224
2.448
0
0.1
0
1.324
1.836
2.448
1.224
2.548
2.448
0.2
0
0
1.324
0
1.224
1.224
1.224
0
1.224
0
0
1.224
0
2.448
1.224
0.1
1.224
0
1.224
1.324
1.224
2.448
0
1.224
1.224
0
1.224
1.224
0
1.224
0
0.1
1.224
1.224
1.224
1.224
1.524
0
1.224
0
1.224
0.1
1.224
0
0
1.224
1.324
1.324
0
0
2.448
3.672
2.548
2.448
1.224
1.224
1.224
1.224
2.448
1.224
2.448
2.448
2.448
1.224
2.448
2.448
1.224
3.672
2.448
2.448
2.448
3.672
3.672
3.672
1.324
2.448
4.896
2.448
2.448
3.672
2.448
2.448
1.224
1.224
2.648
2.448
2.448
2.448
2.448
1.224
2.648
2.448
2.448
4.996
1.224
2.448
2.448
2.448
1.224
1.224
2.548
2.448
2.448
3.672
1.224
3.872
2.448
2.448
2.448
2.448
2.448
3.672
1.224
2.448
2.448
2.448
2.448
2.448
3.772
2.748
2.448
2.448
1.224
2.448
2.448
1.224
2.448
2.448
2.448
2.448
1.324
2.448
1.224
3.672
2.448
2.448
3.672
2.448
1.224
2.448
2.448
2.448
1.224
2.548
2.448
2.548
2.448
2.548
2.648
1.224
2.448
1.524
1.224
1.224
2.448
2.448
3.672
3.772
3.672
1.224
2.448
1.224
2.448
1.424
1.224
1.324
1.224
2.448
2.448
2.448
1.324
2.448
2.548
2.448
2.448
3.672
2.448
2.548
1.424
2.448
1.224
1.224
2.448
2.448
2.448
2.448
2.448
3.672
3.672
2.548
2.448
2.848
2.448
1.224
2.448
2.448
2.448
2.448
2.448
2.448
1.224
1.224
2.448
1.224
2.448
2.448
2.448
2.448
2.548
1.224
4.896
2.648
2.448
2.448
1.224
2.448
2.448
1.224
1.224
2.448
1.224
2.448
3.672
3.672
3.772
2.648
1.424
3.672
2.648
2.448
1.224
1.224
1.224
2.448
2.948
1.324
1.224
2.448
2.548
1.224
3.672
2.448
2.448
2.448
3.672
1.224
2.448
1.224
2.448
2.448
2.448
2.448
2.448
1.224
1.324
2.748
3.672
2.448
2.448
2.448
2.448
2.448
2.448
3.672
3.672
1.224
2.448
3.672
2.448
2.448
3.672
2.448
2.448
2.448
3.672
2.448
2.448
1.324
1.224
2.448
2.448
2.448
2.548
2.448
1.224
1.224
1.324
1.224
1.224
2.648
1.224
2.448
2.448
2.448
2.648
2.448
2.448
2.648
1.224
1.224
2.448
3.672
2.448
3.672
2.448
3.772
1.324
3.672
2.448
2.448
1.424
2.448
1.224
3.672
2.448
2.448
3.672
2.448
1.324
3.672
1.224
1.224
2.448
2.448
2.448
2.548
2.548
2.448
2.448
3.772
1.324
2.448
1.224
1.224
2.448
2.548
1.224
1.324
2.548
1.224
2.448
1.224
1.224
3.672
1.224
2.448
4.996
2.448
2.548
2.448
1.224
3.672
2.448
2.448
2.448
1.224
1.224
2.448
1.224
2.448
3.672
2.448
2.448
2.448
3.672
1.224
2.448
2.448
4.896
2.448
2.448
2.448
3.772
1.224
2.448
3.872
2.448
2.448
2.448
2.548
2.448
1.224
2.448
1.224
3.672
2.448
1.224
2.548
2.448
2.448
2.448
2.448
1.224
1.224
1.224
3.672
1.224
3.772
2.448
1.224
2.448
1.224
1.224
1.224
4.996
3.672
1.324
1.224
2.448
2.448
1.224
1.224
2.548
2.448
1.224
1.224
2.548
1.224
2.448
2.448
1.224
1.224
2.448
2.448
2.448
1.224
2.448
2.848
2.448
2.448
2.448
1.224
2.548
3.672
1.224
1.224
3.672
2.448
4.996
1.224
2.548
2.548
1.324
2.448
2.448
2.648
1.224
2.448
1.224
1.224
3.672
2.548
2.448
3.672
2.448
2.548
1.224
2.448
2.448
3.672
2.448
3.672
3.672
2.448
2.448
3.672
2.448
2.448
2.548
2.548
1.224
2.448
2.448
2.448
2.448
2.448
2.448
2.448
1.224
1.224
1.324
2.448
1.224
1.224
2.448
1.224
2.448
2.448
3.672
1.424
2.448
2.448
1.224
2.448
1.224
1.224
2.448
1.224
3.772
2.448
2.448
1.224
1.224
1.324
2.448
2.548
1.224
2.448
2.648
1.424
3.672
2.448
1.224
2.448
1.224
2.448
3.672
1.224
1.224
1.224
1.224
3.672
2.648
2.448
1.224
2.448
2.448
3.672
1.224
2.448
3.672
4.896
2.448
2.448
2.448
2.448
3.672
2.448
1.224
3.672
3.772
1.224
1.224
3.672
2.448
2.448
2.448
2.448
1.224
2.448
2.748
2.648
1.224
2.448
1.224
2.448
2.448
1.224
1.224
3.672
2.448
2.448
1.224
2.448
1.324
2.448
2.448
3.772
2.448
1.224
1.224
2.448
4.896
1.224
2.448
1.224
1.224
1.324
3.772
4.896
3.672
3.672
2.448
1.224
1.324
1.224
1.224
2.448
1.224
1.224
1.224
1.224
2.448
3.972
2.648
2.448
2.448
3.672
4.896
2.448
1.324
3.672
2.448
1.224
1.224
1.224
3.672
4.896
1.224
2.548
2.448
2.448
2.448
3.672
2.448
2.448
1.224
3.672
2.448
2.548
2.548
2.448
1.224
2.448
2.748
4.896
2.448
2.448
3.772
2.448
1.224
3.672
2.548
2.448
1.224
1.224
1.224
1.224
1.224
3.872
1.224
1.424
2.548
1.224
1.324
3.672
1.224
2.448
1.224
2.448
2.648
2.448
2.448
1.224
1.224
1.224
2.448
2.448
1.224
2.448
1.324
2.548
2.448
2.448
1.624
2.548
2.448
1.224
2.448
2.448
2.548
1.424
1.224
2.448
2.448
1.224
2.548
2.448
2.448
1.224
1.224
2.448
1.224
2.448
2.548
5.096
2.448
2.448
2.448
2.448
2.448
1.224
2.548
2.548
1.224
2.448
3.672
2.448
2.448
1.224
2.548
3.772
1.324
2.548
2.548
2.448
2.448
3.672
1.224
1.224
2.548
2.648
1.224
1.224
1.224
2.448
3.772
3.672
3.772
2.448
3.672
2.548
1.224
1.224
1.224
3.772
2.448
2.448
3.672
1.224
2.548
1.324
2.448
1.224
2.448
2.448
2.548
2.448
1.224
2.448
3.672
3.672
2.448
3.672
4.384
4.284
3.06
4.284
3.06
5.608
3.672
3.672
2.448
2.448
2.448
2.448
1.224
4.284
2.448
1.224
0
1.224
0.1
0
1.224
0
0.1
1.224
0.4
0
1.224
0
1.224
1.224
1.224
0
0
1.224
1.224
1.224
1.224
1.224
1.224
0
0
1.624
0
2.448
0
1.324
1.224
1.524
1.324
1.224
0.2
2.548
2.448
0
1.224
1.224
0
0
2.448
1.224
0
1.224
0.1
2.448
0
1.224
2.448
0
0.1
2.448
2.448
1.224
1.224
1.224
1.224
1.224
0
1.224
0
2.548
2.448
2.448
0
2.448
1.224
1.224
0
2.548
1.224
1.224
1.224
0
1.224
2.448
0
2.448
3.672
1.224
2.448
0
1.224
2.448
2.448
3.672
2.448
3.672
1.224
2.448
1.224
2.448
0
2.448
0.1
0.2
0
0
0
1.224
0
