1.424
0
0.1
0.5
0
0
0
0
0
0
0
0
0
0.7
0.3
0
0
0
0
0.1
0
0
0
0
0
0.2
1.224
0
0
0
1.836
0
0.9
0
0
0.2
0
0
0
0
0
1.324
0
0
0
0
1.224
0
0
0
0
0
0.1
0
0
0
0
0
0
0.1
0.4
0.1
0
0
1.324
0.1
0
0
0
0.6
0
0.1
0
0
2.024
0.1
0
0
0
0
0
0
0
0
0
0
0
0
0
0.3
0
0
1.224
0
0
0
0
0
0.1
0
0
0
0.2
0
1.224
0
1.224
0.3
0
0
1.224
1.224
0
0
0
0.1
1.224
0
0
0
0.7
0
0
0
0
0
0.1
0
0
0
1.324
0
0.1
0
1.224
0.2
0
0.1
0.1
1.224
0
0
0
0
0
0
0.1
0
0
0
0
0
0
1.224
0
0
1.324
0
1.524
0
0
0
0
1.324
1.324
0
0
0
1.424
0.5
0
0
1.224
0
1.224
0
1.836
1.836
0.2
0
0
0
0
0
1.824
0
0.2
0
0
0
0
0
0.1
0.2
0
0
0
1.424
0
0.1
1.836
1.836
3.06
1.936
1.936
1.836
1.836
1.836
1.836
1.836
1.836
1.836
1.836
1.836
1.836
4.16
1.836
3.56
1.836
3.672
1.836
1.836
2.236
1.936
1.836
1.836
1.836
1.836
1.936
1.836
3.672
3.672
0
0
0
0
0.4
0
1.224
0.1
0
0.1
0.1
0
3.06
1.836
3.06
1.836
1.836
1.836
1.836
1.936
1.936
1.836
1.836
1.836
1.836
2.836
1.936
1.836
1.836
1.836
1.936
1.936
1.836
1.836
2.236
1.836
1.836
1.836
1.836
1.836
1.836
1.836
2.736
1.836
1.836
1.836
4.896
4.896
3.06
1.836
1.836
1.836
3.772
1.836
3.672
3.672
3.672
3.672
3.672
3.672
3.672
1.1
0
1.224
0
1.524
0
1.224
0.2
1.224
0
0
0
0
0.5
0
0.1
0.1
0
0
0
0
0
0
0
1.324
0
1.224
1.324
0
1.324
1.324
0.2
0
0
0
0
0
0.6
0.2
0
0.1
0
0
0
0
1.724
0
1.224
0
1
1.324
0.2
0.2
0.1
0
1.924
1.224
1.224
1.224
0.1
2.224
0
0
0
1.224
0
0.1
0
0
0
0
0
0.1
0
0
0
0.1
0
0
0
0
0
0
0.2
0
0
0
0.1
0.3
1.836
3.672
0
0
0
0
0.1
0
0
1.836
2.136
2.036
1.936
1.836
3.672
0
0
0
0
0
0
0
0
0
0
0
0.1
0
0.3
0.1
0
0
0
0
0
0
1.224
0.2
0
0
0
0.1
1.324
0
0
0
0
0.1
0
1.424
0
0
0
0
0
1.524
0
1.224
0
1.224
0
1.324
0.1
0.1
0
0
0.1
0
0
0
0
0
0
0
0
0
1.224
0.1
0
0
0
0
0
0
0
0.4
1.524
0
0.2
1
0
0
0.1
0
0.3
0
0
0
0
0
0
0
0
0
0
0.3
0
0
0
0
0
0.1
0
0
0
0
0
0
0
0
0
1.224
0
0
0
0
0
0
0
0
0
0
0
0
0
0
0
0
2.124
0
0
0
0
0.1
0
0
0
0
0
0
0.2
0
0
0
1.224
0.1
0
0.2
0.1
0
0.1
0
0
0
0.1
0
0
0
0
0.2
0
0
0
0
0
0
0
0
0
0
0
0
1.524
0
0.2
0.1
0
0.1
0
0
0
0
0
0
0
0
0
0.8
0
0
0
0
0
0
0
0
0
0
0
0
1.224
0.1
0
0
0
0
0
0
0
0
0.1
0
0
0
1.224
0
0
0
0
0.1
0.2
0
0
0
0
0
0.4
0.1
0
0.1
0
0
0
0
0.2
0
0
0
0
0
0
0.1
0
0
0
0
0
0
0
0
0
0
1.224
0
1.224
0.1
0
0
1.224
0
0
0.1
0
0
0
0
0
0
0.1
0
0
0
0
0
0
0
0
0
0
0
0
0.1
0
0
0
0
0.1
0.1
0
0.1
0.1
0
0
0
0
0
0
0
0
0
0
0
0
0
0
0.3
0
0
0
0
0
0
1.224
0.2
0
0
0
0
0
0
0
0
0
1.224
0
0
0
0
0.1
0.1
0
0
0
0
0
0
0
0
1.924
0
0
0
0
0
0
0
0
0
1.224
0
0
1.424
0
0
0
0
0
0
0
0
0
0
0
0
0
0.8
0.2
0
1.324
0
0
0
0
0.1
0
0
0
0
0
0
0
0
0
0
0
0
0
0
0
0
0
0
0
0
0
0
0
0
0.9
0
0
0
0
0
1.224
0
0
0.7
0
1.224
0
0
0
0
2.024
0
0
0
1.224
1.224
0
0
0.1
0
0
0
0
0
0
0
0
0
0
0
0
1.224
0
0
0
0
0
0
0
0.1
0
0
0
0
0
0.1
0
0
0
0
0
0
0
0
0
0
0
0
0
0
0.1
1.324
0
0
0
0
0.1
0
0
0
1.224
0.1
1.224
1.224
1.224
0
0
0
0.1
0
0
0
0
0
0
0
0
0
0
0
0
1.424
0
0
0
0
0
0
0
0
0
0
0
0.1
0
0
0.2
0
0.1
0.2
0
0.1
0
0
0
0
0
0
0
0
1.224
0
0
0
0
1.836
1.836
0
1.836
1.836
1.836
1.836
1.836
3.56
1.836
1.936
1.936
1.836
1.836
1.836
1.836
1.936
1.936
1.836
1.836
1.936
1.836
1.836
1.836
3.672
3.672
0
1.836
1.836
1.836
1.836
4.872
3.672
3.772
0
0
1.224
0
0
0
0
1.936
0
0
0.1
0
0
0
0
0
1.836
0
0.1
0
0.1
1.224
0.1
0
0
1.836
1.836
1.836
3.06
1.836
1.836
1.836
1.936
1.836
1.836
1.836
1.836
3.872
3.672
3.672
3.672
1.936
0
0
0
0.2
0
1.836
0
0
0
0.1
0
0.1
0
0
0
0.2
0
1.724
0
1.836
0
0
0
0.3
0
1.324
0
0
0.6
0
0
0
0.1
0
0
0
0
0.8
0
0.1
0
1.324
1.324
0
0
0
0
0
0
0
0.4
1.324
0
0
0
0
0
0
0
0
0.4
1.324
0.1
1.424
0
0.5
0
0
1.224
0.1
0
0.5
0
0
1.836
0
0
0
0
1.224
0
0
0
0
0
0
0
0
0
0.1
0
1.324
0
0
0
0
0.1
0
0
1.224
0
0
0
0
0
0
0
1.224
0
0
0
0
0
1.224
0.1
0
0
0
0
0
0
0
1.224
1.224
0.5
0
0
0
0
0
0
0
0
0
1.224
0
1.224
0
0
0.1
0
0
0
0
0
0
0
0
0
1.224
0
0
0
1.224
0
0
1.224
0
1.224
0
0
0
0.1
0
0
1.224
0
0
0
0
1.224
0
0.1
1.224
0
0.1
0
1.224
0
0
0
0
0
0.1
0.1
0
0
0
1.224
1.224
0
0
0
0
0
0
0
0
0
0
1.224
0
1.524
0
0
0
0
0
0
0
0
0
0
0
0
1
0
0
1.224
1.224
0
0
0
0
0
1.224
0
0
0
0
1.224
0
0
0
0
0
0
0
1.224
0
0
0
0
0
0
0
0
0
0
0
0
0
0
0
0
0
0
0
0.6
0.1
0
0
0
0
0
0
0
0
0
0
1.224
0
0
0
1.224
0
0
0
0
0.5
0
0
0
0
1.224
0
0
0
0
0
0
0
0
0.1
0
0
0
1.224
0
0
0
0
0
0
0
0
0
1.224
0
0
0
0
0
0
0
0
0
0
1.224
0
0
0.2
0
0
1.224
1.224
0
0
0
0
0
0
0
0
0
0
0.3
0
0
0
0
0
0
0.1
0
0
0
0
0
0
0
0
0
0
0
0.1
0
0
0
0
0
0
0
0
0
0
0
0
1.224
0
0
0
0
0
1.324
0
0
0
0
0
0
0
0
0
0
0
0
0
0
0
0
0
0
0
0
0
0
0
0
0
0
0.1
0
0
0
0.1
0
0
0
0.1
1.224
0
0
1.224
0
0
0
0
0
0
0
0
0
0
0
0
0
1.224
1.224
0
0.1
0
0
0.1
0
0
0
0
1.224
0
1.224
1.224
0
0
0
0
0
0
0
0
0
0.2
0
0
0
1.224
0
0.1
0.2
0
0
0
0
0
0
0
0.1
0
0
1.824
1.224
0
0
0
0
0
1.224
0
1.224
0.1
0.2
0
0
0
0
0
0.1
0
0
0
0
0
0
1.224
0.1
0
0
1.224
0
0
0
0
0
0.3
0
0
0
0
1.224
0
0
0
0
1.224
0
0
0
0
0
0
0
0
0
0
0
0
0
0
0
1.624
1.224
0
0
0.1
0
1.224
0
0
0.1
0
0
0
0
0
0
0
0
0
0
0
0
0
0
0
0
0
0
1.424
0
0
0
0
0
0
0.1
1.224
0
0
0
1.224
0
0
0.1
0
0.1
0
0
0.1
0
0
0
0
0
1.224
0
0
0
0
0
0
0
0.1
0
0
0
0.1
0
0
0
0
0
0
0.1
0.1
0
0
0
1.224
0
1.224
1.224
0
0
0
0
0
0
0.1
1.224
0
0
0
0
0
0
0
0
0
0
0
0
0
0
0
0.1
0
0
0
1.224
0
0
0
0
0.3
0
0
0
0.1
0.1
0
1.224
0
0.1
0
0
0.1
0
0
0
0
0
0
0
0.1
0
0
0
0
0.1
0
0
0
0
0
0
1.224
0
0
0
0
0
0
0
0
0
0
0
1.224
0.1
0
0
1.224
0.1
0
0
0
1.224
0
0
0
0.1
0
1.424
0
0
0.1
0
0
0
1.524
0
0
0
0
0
0
1.224
1.224
0
0
0
0
0.1
0
0
0
0
0
0
0
0.2
0
1.224
0
0
0.1
0
0
0
0
0.1
1.224
0.2
0
0
0
0.1
1.224
0
0
0
0.2
0
0
0
0
0
1.224
0
1.324
0
0
0
0.1
0
0
0.1
0
0
0
1.224
0
0
0
1.836
0
0
0
0
0
0
1.624
0
0
0
0
0
0
0
0
0.9
0
2.324
0
0
0
1.836
1.836
0
1.224
0.1
0
1.224
0.3
1.224
0
0
0
0
0.7
0
0
1.836
1.836
1.836
3.036
2.036
1.836
3.66
1.836
1.836
1.836
1.836
1.836
1.836
1.836
1.836
1.836
1.836
1.836
1.836
1.836
1.836
1.836
1.836
1.836
1.836
1.836
1.836
1.836
1.936
1.936
1.836
1.836
1.836
3.26
3.16
1.836
1.836
1.836
3.06
1.836
1.836
4.896
8.232
5.508
4.896
3.672
3.672
3.672
3.06
1.836
1.836
1.836
1.836
2.036
1.836
3.06
3.06
1.936
1.936
1.836
3.672
1.836
1.836
1.836
1.836
1.936
1.836
1.836
0.2
1.724
1.324
0
0.2
0.9
0.1

0
0
0.1
0.12
0.1
0.2
0.12
0
0
0.1
0.34
0
0.12
1.2
0.18
0.12
0
0.42
0.32
1.02
0.22
0.12
0.82
0.12
0.12
0.22
0.12
0.12
0
0.1
0.36
0.12
0.1
0
0.22
0
0
0.1
0.12
0.1
0.1
0.12
0.1
0.12
0
0.28
0.1
0
0.12
0.1
0.12
0.1
0.12
0.12
0.22
0.18
0.12
0.12
0
0.52
0.22
0.64
0.44
0.12
0
0.12
0.3
0.22
0.12
0.12
0.32
0.22
0.12
0.12
0.12
0.12
0
0.22
0.1
0.12
0
0.12
0.12
0
0
1.22
0.12
0.12
0.72
0.2
0.22
