0.8
1.424
5.148
5.184
2.848
0.6
1.424
2.448
0
1.224
1.724
1.224
0
2.224
2.324
1.324
0
2.448
2.448
2.448
1.324
1.724
1.324
2.448
3.76
2.448
2.848
1.624
3.672
1.224
4.284
1.224
1.7
0.1
0.3
0.5
0.2
0.1
0
0.8
0
2.724
0.1
0.1
0.1
1.224
0.7
0.5
0.3
1.624
1.224
0
1.824
0
0.2
1.324
0
0.1
0.2
2.324
1.3
0.2
0
3.848
0.7
0.3
0.1
0
1.524
2.4
0.9
1.724
0
0.1
3.924
2.324
0
1.624
0
0
4.148
0
1.224
0
0
0
0
0
1.324
3.948
0.1
1.224
0.2
0
0
1.524
1.624
0.1
2.448
2.448
0
1.4
0.8
0
3.06
0.1
0.1
1.9
0.1
0.3
0.5
0
0
1.224
0.1
0.4
0
1.224
0.1
0.1
3.7
0.1
2.448
0.7
0.2
0
0.2
1.224
0.1
1.924
0.7
0
0.4
0.1
1.624
0.6
1.424
1.524
1.324
0.7
1.224
2.748
0
1.624
0.1
0
1.324
0.1
0.1
0.1
1.224
0.2
0.1
0.1
1.7
0.6
0.4
0.3
1
0.4
0.1
0.1
0
0
0.1
0
1.324
0.2
0.2
5.848
0.3
1.3
1.324
0
1.224
2.948
1.936
1.836
1.224
0.7
0.4
2.324
1.324
2.548
1.4
3.248
2.524
1.224
0
2.548
2.024
1.424
0.5
1.824
1.424
1.724
1.224
0.4
0
2.424
2.336
3.06
1.836
2.336
4.636
1.836
1.836
3.96
4.484
3.26
4.384
2.436
5.184
1.836
1.836
3.936
1.936
4.86
1.836
3.772
1.836
4.484
5.16
4.384
4.284
3.86
3.06
3.16
4.984
3.06
9.544
7.344
1.224
1.936
4.784
0.2
5.248
1.524
0
1.624
1.836
3.124
3.86
0.1
1.836
3.06
3.06
3.06
3.16
7.496
1.836
2.136
1.836
1.836
3.16
3.06
1.836
2.136
6.008
3.26
6.52
1.836
3.16
2.736
4.284
1.836
4.16
4.284
2.036
4.284
1.836
2.336
1.936
4.384
2.936
1.936
4.384
1.836
4.896
3.672
3.06
1.836
4.984
5.508
6.62
1.836
5.096
4.996
5.296
5.096
4.896
6.12
3.672
1.6
1.224
0
1.224
0.2
0.5
0
2.748
0.2
0.2
1.924
1.324
0
1
0.2
2.448
0.2
3.56
0
1.224
2.448
2.448
2.848
0
1.324
1.224
1.524
0
1.624
0.3
0.8
0.5
0.1
0
1.324
1.224
0
3.648
2.548
1.324
4.884
4.384
0
0.1
1.224
0.9
1.224
0
1.324
1.6
0
0.5
3.46
1.424
4.384
0.7
0.4
1.424
0.1
2.1
3.4
2.548
1.936
0.1
0.1
2.548
1.624
1.524
1.324
1.224
1.224
1.224
1.424
3.36
2.448
3.16
2.548
2.448
1.324
3.16
4.284
2.548
0.1
2.324
1.224
1.224
1.424
4.172
5.272
3.06
3.672
2.448
0.3
2.748
1.924
0
2.036
1.224
5.608
9.82
3.06
6.72
3.16
3.772
0.6
0
2.448
2.648
4.784
0
1.824
1.424
1.224
2.648
2.448
3.86
2.448
3.724
2.024
1.824
0
2.548
0.1
0.3
2.448
1.324
0.1
1.324
4.072
1.524
3.648
0
3.46
2.548
1.324
4.06
5.584
4.684
0.1
3.06
2.236
5.084
3.248
0.2
1.1
1.824
2.848
5.508
2.848
2.548
1.324
2.548
4.284
1.224
1.224
3.96
1.324
2.648
0
2.448
1.824
0
0.1
2.224
1.224
2.136
8.108
1.624
1.324
1.224
3.336
5.908
0
0.5
4.324
0.8
2.448
2.624
1.7
0
3.26
4.272
1.924
3.348
1.224
0.3
2.624
1.424
1.224
0
0.1
2.948
0.1
2.448
4.984
3.548
1.224
0
1.224
4.884
4.884
0.2
0
2.448
1.324
3.448
2.448
1.224
1.624
2.636
0
3.36
1.424
4.684
4.56
2.448
0.1
0.1
2.848
2.548
1.224
2.548
4.484
2.548
1.324
5.608
0.2
2.3
1.224
0
3.06
2.448
3.548
4.36
1.224
1.424
0
2.448
2.948
3.348
1.324
0
3.148
0.1
0.5
1.624
0.3
2.748
1.324
2.648
0.1
4.584
1.224
5.084
4.472
1.324
0.1
0
1.424
4.584
1.524
0.1
2.336
1.224
3.248
1.824
0.2
2.848
0.2
0.2
0
0.2
1.224
0.8
3.86
1.724
3.772
2.448
1.624
1.224
4.284
1.424
0
1.224
1.224
1.224
0.9
1.824
1.324
1.224
1.224
0
1.324
2.448
0.3
2.548
3.56
2.748
3.672
0.2
2.936
0.2
0
1.324
1.424
0.1
2.448
0
2.648
3.448
1.224
2.448
2.848
3.448
1.524
2.448
2.448
0
1.324
4.56
1.224
1.324
3.336
0.1
1.836
2.2
4.072
2.448
2.448
2.136
0.1
3.36
2.448
4.384
4.984
3.148
1.836
3.26
3.46
2.236
3.36
1.424
1.224
4.584
1.524
1.936
3.06
3.048
4.484
1.224
0
3.66
1.324
0.1
3.136
2.448
5.184
0.1
0
0
3.036
1.424
2.448
2.948
4.684
2.448
1.324
3.948
2.136
2.948
3.06
0.3
1.224
0.1
3.26
2.548
0
2.448
1.324
2.748
2.448
5.484
0
3.672
2.648
5.384
3.348
1.936
4.284
2.624
0
4.384
2.648
1.224
4.172
3.16
1.424
2.948
2.036
1.324
1.424
1.224
2.236
2.548
0.4
1.224
2.448
2.448
3.46
2.548
1.724
2.648
0.4
0.1
1.724
4.16
0.1
5.708
0.1
2.548
2.548
0
0
2.548
2.648
2.648
2.448
1.324
2.748
3.26
0.1
0
2.036
0
1.324
5.508
1.224
2.924
1.324
2.736
4.384
2.448
4.384
1.224
4.384
3.96
2.848
2.648
2.336
2.024
1.324
1.224
2.948
3.772
3.06
3.36
0
0.2
3.46
2.424
1.224
2.448
1.324
2.548
4.324
3.948
1.924
0.2
1.824
2.648
1.224
0
1.224
1.324
2.448
1.324
1.224
1.924
2.748
0
2.448
1.224
0
2.448
4.172
2.648
0
4.684
4.584
2.548
0.3
1.224
4.384
1.224
3.148
0
3.748
1.724
1.724
4.784
2.648
1.724
2.236
2.448
0
1.724
2.524
4.272
0
4.384
1.324
1.324
0
1.324
0
6.008
2.748
0
2.948
4.284
5.508
2.748
2.448
1.324
1.424
2.448
1.524
2.548
3.048
5.508
2.036
2.548
1.224
0
0
0.1
3.672
0
0.1
3.66
4.584
1.324
4.384
1.224
0.1
1.424
0
1.936
0
2.548
2.648
2.748
1.224
2.548
1.224
0
2.648
1.224
1.224
3.248
2.448
1.836
2.548
3.548
0
0.1
1.224
1.324
1.724
1.424
2.448
1.524
0.8
0
4.148
0.2
2.548
2.448
2.548
2.448
4.384
1.224
5.884
3.336
2.136
0.1
4.284
2.448
3.16
1.224
1.224
1.624
3.26
1.224
0.1
2.748
3.06
2.948
3.672
0.4
1.936
2.648
1.224
1.224
0
1.524
0
0.2
2.136
1.224
0.1
0.3
3.748
4.06
1.524
0
2.024
3.06
1.324
0
1.624
3.872
0.8
3.848
1.224
1.724
0.3
2.448
10.044
12.944
1.624
4.284
6.12
4.284
3.66
4.384
6.184
3.16
7.408
4.784
3.46
1.836
7.744
4.284
5.184
4.684
5.708
5.708
3.26
3.06
3.06
6.52
5.196
6.32
1.224
6.32
6.92
6.42
4.784
6.296
4.896
7.02
0
0.1
0.1
3.26
2.548
3.56
3.124
7.944
4.772
2.548
3.048
2.448
1.224
3.26
1.324
3.46
4.284
3.448
3.048
2.548
1.824
1.524
1.324
1.624
1.424
3.66
3.06
4.996
1.836
4.384
1.836
4.384
5.784
3.26
3.16
4.584
4.484
7.12
5.496
5.508
5.708
4.784
4.06
1.224
2.648
4.348
3.348
5.072
2.648
2.448
1.224
0.2
2.324
4.484
0.1
1.224
1.836
4.424
0
1.2
0.3
4.284
3.46
2.124
2.448
0.2
0.1
0.2
1.524
0.3
0.5
1.224
0
0
1.224
0
0
2.448
0
4.948
1.324
0.3
1.524
0
0
1.424
0
1.224
1.324
1.224
1.224
1.224
3.348
1
2.536
1.424
1.224
1.324
1.224
1.224
1.424
1.524
6.524
0.1
1.424
0.3
1.824
3.424
1.224
1.424
0.1
2.224
1.324
0
3.26
0
3.16
2.448
3.124
1.224
0.7
0.1
0.2
1.224
0
0.3
0.1
1.224
1.324
1.3
1.224
2.124
1.424
1.424
2.848
1.224
0.6
2.848
1.224
1.324
1.424
0.3
2.648
1.524
1.524
2.548
1.224
1.324
1.524
0
3.124
2.848
1.324
0
1.424
3.16
2.524
0.5
1.224
2.548
0.3
0.1
0
0.3
0.2
0
0.3
1.624
1.224
1.424
1.224
3.124
1.424
1.324
1.224
0
0
1.724
0.8
1.224
1.224
1.824
1.424
1.324
1.424
0.2
1.224
1.424
0.2
1.224
1.224
0
1.824
1.324
1.224
1.624
0.1
0
0
1.624
0
1.224
1.324
1.224
0.6
0
1.224
0
0.3
1.224
2.548
1.524
1.224
1.524
2.524
0.5
1.224
1.7
0
0
1.824
2.124
1.324
1.424
1.424
3.624
0.3
1.224
2.448
1.424
1.936
0.4
1.724
1.424
1.224
2.648
1.324
1.324
1.224
0
1.324
1.324
0
1.224
2.124
1.224
0.7
1.224
1.524
0.2
0.3
1.924
1.724
2.024
2.748
1.224
1.224
3.4
1.224
0
1.324
0
1.524
1.224
0.2
0.4
0.5
1.5
0
0.1
1.224
2.024
1.324
1.524
2.424
0
2.948
1.424
1.224
1.224
0.2
1.324
1.224
0
0
1.424
1.424
1.224
1.224
1.324
1.724
1.424
0.9
2.224
0.5
1.824
2.024
1.224
1.224
1.224
2.7
2.224
1.224
0
0.4
1.224
1.324
1.424
0.2
1.924
3.148
0.1
0.1
0.2
0.1
0.4
1.424
0
1.624
0
1
1
1.224
1.224
1.324
0
1.324
1.824
1.224
2.448
1.324
0
1.524
1.224
1.424
1.724
1.824
1.724
1.224
1.224
1.224
0
1.324
1.324
1.224
1.224
1.224
1.224
1.624
0
0.2
0
0.9
0
0.1
3.648
2.824
2.548
0.6
1.224
0.7
0
1.224
2.724
1.424
1.224
0
2.448
0.1
1.224
1.224
1.824
0.1
1.324
0
1.524
0.1
1.224
0.3
2.548
1.224
1.324
1.324
1.624
1.9
1.224
0.4
0.1
0
1.924
1.324
1.224
0.9
1.224
1.324
1.524
0
0.6
1.224
0.1
1.224
1.324
1.224
1.524
1.224
0.7
0.1
1.424
1.324
2.448
0
0
2.548
1.224
1.324
1.224
0.5
1.224
1.224
1.224
1.724
0
0.7
1.324
0.7
0.1
1.224
0.1
1.224
1.324
3.772
0
1.224
1.224
2.448
1.324
1.224
0.2
3.448
1.524
0.2
1.524
1.424
0.1
1.324
0.4
1.224
0.9
0.2
1.936
1.224
1.624
1.224
2.224
1.824
1.824
0
1.424
2.236
0.9
0
3.248
1.524
1.324
1.224
1.4
1.424
2.3
1.324
0
2.648
1.224
1.624
0
1.324
1.724
0.1
0.2
1.224
0
0
1.424
0.1
0
1.224
1.324
0.1
0
1.224
1.224
1.224
1.524
1.524
5.148
2.224
0.5
3.448
0
0.3
1.524
0.4
0.5
2.548
1.224
2.448
1.224
1.524
1.524
1.624
1.224
1.324
1.4
0.1
1.224
0.9
0
1.224
1.1
0.3
1.224
0.9
1.924
0.3
1.224
1.224
2.424
0.2
1.324
3.448
1.524
1.224
1.324
1.224
0
1.924
1.424
0.1
1.424
0.2
0.2
1.224
0.2
1.224
0
0.1
0.9
0.6
1.324
0.1
1.624
1.224
0
1.224
0.1
1.224
2
1.324
0.2
0.5
1.224
0.2
0.4
1.224
0.1
1.424
0.1
0
1.424
0.2
1.224
1.224
2.1
0
0
2.324
2.324
1.224
0
0.5
1.424
0.1
1.224
2.548
1.936
1.224
1.224
0
1.424
3.948
1.224
0
1.224
0
2.448
0
1.224
1.624
2.648
1.224
0.1
2.648
1.624
1.724
2.548
0.1
1.224
2.448
0.1
0
1.224
0
0
1.224
1.424
0.2
1.224
1.1
3.024
1.524
1.524
1.824
1.424
1.224
0.2
1.424
1.224
1.224
1.224
1.324
1.224
1.524
0
0.4
1.924
2.648
0
1.5
1.424
2.848
0.4
1.224
1.224
0
0.1
1.524
2.748
1.524
1.324
1.324
0
0
0.4
0.2
1.724
0
1.224
0.1
0.9
1.424
2.924
3.024
1.224
1.324
1.524
2.448
1.324
0
2.748
2.448
1.324
0.2
0.1
2.448
2.448
0
1.424
0
1.324
1.224
1.224
0
1.224
0
3.148
0.3
2
0.1
0.7
1.224
0.4
2.624
2.548
0
0
4.248
1.224
1.936
2.548
1.624
1.424
0.2
0.4
0
0
1.524
3.048
0.9
1.724
3.548
0.1
1.1
2.448
0
1.224
1.624
1.424
2.848
1.524
0.2
1.524
1.224
1.224
1.324
1.324
0
1.224
0.4
1.724
1.324
1.424
5.224
1.424
1.624
0.2
2.648
0.7
3.224
2.224
0
1.624
1.324
0
3.248
0.2
0.6
0.6
0.3
3.96
0.1
1.324
2.124
4.348
1.324
1.324
1.224
0
1.824
0
2.524
1.224
0
1.224
3.048
1.224
1.524
0
1.424
1.924
2.524
1.624
0.3
1.224
1
1.724
0
0
3.024
1.524
0.1
0.3
0.1
1.224
1.324
1.224
1.524
1.224
1.424
2.224
1
0
0
1.424
1.624
2.524
1.324
0.2
1.924
2.924
1.224
0.1
1.524
0.7
0.1
1.424
0
2.624
1.924
1.524
1.624
2.124
1.524
1.824
0
2.324
0.1
1.824
4.384
2.748
3.06
1.224
0
1.424
1.224
1.924
1.224
0.1
0.1
2.848
2.024
0.1
1.224
1.624
0.8
0
2.6
1.724
1.424
0
1.936
1.836
4.284
0.2
0
2.548
3.56
2.748
0
2.548
3.46
1.324
0
6.148
0.6
1.224
3.672
6.784
5.996
3.936
4.06
1.836
3.436
4.684
5.608
2.136
3.06
4.996
5.096
5.796
3.06
1.936
2.136
4.284
2.636
4.284
3.872
3.26
4.484
2.136
3.86
4.384
5.884
5.696
3.06
3.26
4.284
1.936
1.836
3.16
1.836
10.684
4.284
4.284
1.936
3.06
4.284
4.896
5.508
23.916
4.896
5.196
5.896
3.772
1.836
3.06
3.872
4.484
4.384
3.16
6.72
2.036
3.46
4.584
3.16
4.284
6.22
4.784
2.036
5.508
4.896
3.06
1.836
1.836
0.1
4.2
0.5
0.1
1.5
4.148
1.3
