1.424
0.2
1.524
0.3
1.324
0
0.1
0
1.224
0
1.224
1.224
0.1
0.5
0.3
0
0
0
0
0
2.648
2.548
0
0
1.224
0
0.3
1.324
2.448
1.224
2.036
1.224
2.124
1.324
0.3
1.624
1.324
1.324
0
1.324
1.224
2.124
0
0
0.1
1.224
0
0
1.224
3.772
1.324
0
3.672
0.1
0
0
1.224
0
1.324
1.624
0.8
0.1
0
0.4
0.3
1.224
0
0
1.224
0.3
1.424
2.648
1.324
1.224
2.224
1.724
0
0.1
0
1.224
1.424
0
1.224
0
0
0
0
0
0
0.6
1.324
0
0
0
0
2.648
2.848
1.224
0.1
0
0
0.5
0.1
1.224
0
1.224
1.224
0.6
0.1
1.424
1.524
0
1.224
1.224
0
0.3
1.424
0
1.224
1.424
0.9
0
0.1
1.924
0
1.224
1.324
1.224
0
1.624
1.224
0.1
0.1
0
1.524
0.6
1.224
1.224
1.324
2.136
1.424
0
1.836
1.224
0
0
1.324
0.5
1.224
0
1.224
1.524
1.224
1.324
1.624
1.624
0.2
0.2
2.124
0
1.324
0
1.224
0
0.3
0
0
1.224
0.1
1.1
1.424
1.524
1.224
1.224
1.324
1.224
1.836
1.836
2.448
1.324
1.324
1.424
0
1.224
0.1
1.724
1.524
1.224
0.1
1.324
0.3
2.448
1.224
1.824
1.224
1.224
1.224
1.424
1.224
0
1.624
0
0
1.724
4.06
0
1.224
2.548
1.424
1.224
1.224
3.36
0.2
0
3.06
0.7
3.06
0.9
0
4.996
0
1.424
1.624
1.224
1.224
1.224
1.224
1.224
1.324
2.448
3.16
3.06
1.224
0.3
1.224
0
2.024
1.324
1.224
1.324
0
1.824
1.524
0
1.836
1.836
1.836
1.836
3.06
2.636
3.06
2.036
3.06
1.836
1.836
3.06
1.836
2.036
3.16
3.06
4.284
3.06
3.06
2.036
3.06
3.06
2.036
3.06
4.284
4.284
4.896
3.26
4.384
3.26
2.236
3.06
3.06
1.836
4.284
3.06
1.836
1.836
3.06
3.06
3.16
3.16
3.16
3.06
6.12
6.12
6.22
4.996
3.672
0.6
0.1
0
0.1
0.1
0
1.224
0
1.324
0
0
0
0
0.3
1.224
0
1.324
0.1
0
1.224
0
0
1.224
1.224
1.224
0
1.224
1.224
0.1
1.424
0.3
0.1
1.224
0
0.1
0
0
0.4
0
0
1.424
1.224
0
0
0
1.624
1.224
0
2.548
0.7
0
1.224
3.16
2.548
1.224
0.4
1.224
2.548
1.324
0.3
0.7
0
0.1
1.224
0
0
2.748
2.648
0
2.448
2.448
1.224
0
0.1
2.548
0
1.224
1.224
1.224
1.224
1.224
0.1
0
0.6
0
0
0.1
1.324
1.724
0
3.672
0
1.936
1.224
2.748
1.324
0
0
2.448
2.336
1.836
2.036
3.06
1.836
2.648
1.224
0
1.324
1.224
1.224
1.524
1.224
3.872
1.224
1.224
4.384
1.224
0.7
1.424
1.524
3.06
1.324
0
3.16
0
0.1
0
2.448
1.224
1.324
0.4
1.224
2.448
0
2.548
2.848
1.224
0
1.224
1.324
0.1
2.848
0.1
3.16
1.424
1.324
1.224
1.224
0.3
0
1.224
0
1.224
0
1.224
2.648
1.224
0
0
0
1.524
0.1
4.384
1.424
0
0
1.724
1.224
1.224
1.324
0.6
1.224
0.1
0
1.624
0.5
0
1.324
1.924
0.1
1.324
1.424
1.524
0.1
0
0
0.5
1.224
0
3.06
0
0.1
0.1
1.224
1.724
0.2
1.224
1.224
0
1.224
1.324
3.16
3.06
0
2.448
2.448
1.224
0
1.324
0.1
1.224
0
1.324
1.224
0.7
0
1.224
1.224
1.724
1.324
1.224
1.224
1.324
0
2.448
1.224
0
0.5
1.224
1.224
4.284
0
2.648
1.424
1.224
3.16
1.224
1.224
1.424
1.424
2.448
1.936
1.324
1.424
1.324
1.224
1.224
0
1.224
0.1
2.548
0.2
1.424
1.824
1.424
2.448
3.16
4.284
0.1
1.324
1.324
1.224
0.4
1.224
1.324
1.324
2.036
0
1.324
0.1
0
0.1
2.448
2.548
1.424
3.972
2.648
1.224
0.1
1.224
0
1.524
1.224
0
2.448
1.324
1.724
1.624
0.1
1.324
0
0.1
1.324
1.224
1.224
0
1.324
1.224
1.224
1.836
1.624
0
1.224
1.224
1.424
3.16
1.224
1.224
0
1.224
0
1.224
0.1
0.4
1.424
0
0
3.06
0
2.948
0.1
0
1.624
0
0
1.424
1.224
2.448
0
0.1
2.136
1.324
0
0.1
2.948
2.448
0
0
1.224
4.384
1.224
1.324
1.224
1.224
0
0
2.448
0
2.548
1.224
0
1.224
1.224
1.224
0.2
0
1.324
0
1.224
3.06
0.3
2.548
2.448
2.848
2.448
0
0
1.924
0
3.872
1.324
1.224
1.224
0
0.1
2.548
1.224
1.224
2.448
1.224
1.224
1.424
0
1.224
1.224
2.548
1.624
1.224
1.324
0.5
1.224
2.448
0
2.448
1.424
1.224
0
1.224
0
0
0.1
1.224
0.4
0
0
2.448
1.224
2.448
2.448
0
0.1
1.224
3.26
0.1
1.624
1.624
1.224
1.324
1.224
1.224
0
0
1.224
0
1.224
1.224
0
0
1.324
1.324
0
3.06
1.224
0
1.224
1.224
0
0.6
1.324
0.1
2.448
0
1.224
1.224
1.224
1.224
0.1
2.848
1.224
1.324
0.2
1.224
1.324
1.224
1.224
2.548
0
1.224
2.548
0.3
1.224
1.224
1.324
1.224
0.8
2.748
0.1
0
0.1
2.448
1.224
1.224
1.224
2.448
0
2.648
0
1.424
2.548
3.06
0
0
1.224
1.224
2.748
1.224
0
2.448
2.448
1.324
3.06
0
1.224
1.224
1.224
1.224
0.1
0.1
2.748
2.648
0
0
0
2.548
1.224
0.2
0.6
1.324
1.324
1.224
1.324
1.224
0
0.2
3.06
1.324
1.324
1.224
1.524
1.224
1.224
2.648
0
0
1.224
1.224
2.548
0
1.424
1.224
1.324
1.324
0
0
1.224
1.224
2.548
0
1.836
1.424
1.324
1.224
1.224
0
1.224
0
1.224
0
0.1
0
1.224
1.324
1.224
1.224
0.1
3.06
0
1.224
0
1.624
1.324
0
3.672
1.524
0
0
1.224
2.548
3.772
1.424
0
1.324
1.424
2.448
1.524
0
2.548
1.224
1.224
1.324
1.224
1.224
2.848
1.724
2.548
0
1.224
0
2.448
1.424
0.1
1.224
3.772
0
1.324
0.2
2.448
2.548
1.224
1.224
0.1
0
0
0
0
1.324
4.284
4.384
0.3
0
0
0
0
1.424
1.324
1.224
0
0
2.548
0
4.484
1.224
1.324
1.324
2.448
0
3.06
0
3.36
3.56
1.324
2.448
0
1.224
3.872
1.224
3.348
0
1.724
1.524
4.484
0
1.424
1.224
0.1
1.324
1.224
1.324
2.448
2.448
2.448
2.648
6.22
3.06
1.224
4.384
4.584
4.384
3.36
2.036
1.836
5.196
0
1.836
3.06
1.224
0
0.1
2.948
1.224
1.624
1.224
0.1
0
0
1.224
2.448
1.224
2.036
0.5
0.3
1.224
2.548
2.448
2.448
2.848
2.648
2.136
6.12
4.384
1.836
4.384
1.836
4.284
4.384
4.384
4.284
4.384
3.06
4.484
3.06
6.12
6.12
4.484
0.1
0
1.224
1.524
1.424
3.16
3.972
0
2.548
0
1.424
1.224
0
2.448
0
0.8
3.06
0.3
0
4.384
1.224
1.224
1.224
0.2
0
0.1
1.224
1.324
0.1
1.224
0
1.224
1.224
2.448
2.448
0
1.224
0.5
1.224
1.224
2.448
1.224
0
1.324
0
0
0
1.324
1.324
1.224
0.5
0.1
0.5
1.224
1.224
0
0
1.224
1.224
1.324
3.024
0
1.224
1.224
1.524
0.4
1.224
0
0
2.648
2.548
0.2
0.1
3.06
3.06
1.224
2.748
2.548
1.724
0
1.324
1.224
0
1.224
0.1
0
1.224
1.524
1.224
1.224
0
2.448
3.772
1.224
0.1
1.324
1.224
1.324
0
0
1.424
2.548
2.448
0
1.224
2.448
1.224
1.224
1.624
1.324
1.224
0
1.324
0
1.624
0
1.224
1.224
1.324
0.3
0
0
0
0.2
0.3
2.548
3.672
1.224
0
1.524
1.224
2.548
1.224
0
0.2
1.324
1.324
1.224
1.224
1.224
1.324
1.224
1.224
0.5
1.224
2.548
1.224
1.224
0
1.224
1.324
1.224
1.224
2.548
0
0
0
1.224
1.224
1.324
0
1.224
1.524
0
2.448
0
1.424
1.324
0
1.224
2.648
1.424
1.424
1.524
1.224
0.4
3.06
1.324
1.324
2.748
1.324
0.1
1.324
0.4
1.324
0
0
0
0
1.724
1.324
1.224
1.224
2.448
1.224
1.324
1.224
0
3.672
1.224
1.224
1.224
0.3
1.224
2.024
0
1.224
0
0.1
2.548
2.648
1.224
2.448
1.224
2.448
0.7
1.224
1.324
2.548
0
1.224
1.224
0
0
1.224
1.524
1.324
1.224
1.224
2.448
1.224
1.224
1.424
0
1.224
0
1.224
1.224
0
2.448
1.224
1.224
1.224
1.224
0
1.224
1.324
1.224
1.324
1.224
1.324
2.548
1.224
2.548
0.2
0
0
1.224
0.7
0.2
1.224
0
0.1
0
1.224
1.224
0.2
1.224
1.224
1.224
0.1
1.324
1.224
1.324
2.548
0
2.448
1.224
0.7
0.1
0
2.448
2.448
0
1.224
2.548
1.224
1.224
1.324
1.224
1.224
1.224
1.224
1.324
2.648
1.224
2.448
1.324
2.448
0.1
1.224
3.46
0
1.224
1.224
1.224
0
0
1.324
3.06
3.16
1.224
3.16
2.948
0.3
3.672
0.1
1.224
0.1
0
1.224
2.748
0
1.224
1.224
1.224
0
1.224
2.448
2.448
1.224
1.224
1.224
1.324
3.26
1.224
1.224
0
1.224
1.224
1.224
1.224
1.724
1.224
1.224
1.224
0.1
2.748
2.448
1.224
0.1
1.224
2.448
0
1.824
0.2
0
3.06
2.548
1.224
1.324
0.1
2.448
1.224
0
0
0
2.448
0
0
1.224
1.324
1.324
1.324
1.224
0.1
1.224
1.224
1.424
0.1
1.224
1.224
1.824
0.1
1.224
0
1.224
1.224
1.324
1.224
1.224
1.224
1.224
2.448
1.224
1.324
2.448
0.1
0
1.324
2.448
0
2.548
0
0
1.724
0
0
0
1.324
1.224
1.524
2.748
2.448
1.224
2.448
3.06
1.424
0
2.448
1.424
2.448
1.224
1.424
1.224
1.824
0
1.224
1.224
2.448
1.524
1.224
1.224
1.424
1.224
0
1.224
0
1.224
0
1.224
0
1.224
2.448
1.324
1.224
2.448
3.672
1.224
1.224
3.772
3.048
1.324
0.2
2.648
0
0
1.324
0.1
0.2
1.224
1.324
1.224
0
1.424
2.548
0.1
2.448
0
0.3
0
2.448
0.2
3.26
1.224
0.2
0
1.224
1.524
1.224
1.324
1.224
1.224
2.748
0
1.224
1.524
2.448
1.224
0
1.224
1.224
1.324
2.448
0
1.224
1.324
0
2.548
0
2.448
0
1.424
0.4
0.4
1.224
1.224
1.224
1.224
0
1.224
0
1.224
1.824
2.548
0.1
1.224
1.224
1.424
1.324
1.224
1.224
1.224
0.1
0.1
0.1
0
1.224
1.224
0.5
1.324
0
1.424
0.2
1.224
1.224
1.324
1.224
1.224
1.224
1.224
0
1.224
1.224
0
1.224
2.948
1.224
1.324
1.224
0
1.224
1.224
1.224
1.224
1.224
1.224
0
2.448
2.748
1.424
0
1.424
1.324
1.324
0
1.224
0
0
1.224
1.224
1.324
1.524
1.224
1.624
1.724
1.224
2.448
0.2
2.448
1.224
1.324
0
1.324
1.224
2.448
0
1.224
0.1
0.1
0.1
1.324
2.448
1.324
1.524
1.224
1.224
1.324
1.224
0
1.324
0
1.224
2.648
1.324
1.224
1.224
0
1.224
1.224
1.224
1.324
3.16
1.224
1.424
1.324
2.548
1.324
2.648
1.224
3.772
1.224
1.224
2.448
0
2.448
0
0
1.324
1.324
1.224
1.224
1.224
1.224
0.2
0
1.224
1.224
0
1.224
1.224
1.424
1.224
2.124
0.1
0
0.1
0.1
1.624
1.224
0
0
2.848
1.224
0
1.224
1.324
2.448
1.224
0.1
1.224
0
0
2.548
1.424
0.2
0.2
0
1.524
1.224
1.224
1.324
0
1.224
2.648
1.224
0
1.224
0
0
1.324
2.448
1.224
1.224
1.324
1.424
2.448
2.448
0.9
2.448
2.548
1.224
0
0
0.6
0.4
1.224
2.648
1.224
0
1.424
1.224
0.5
1.424
0.1
1.424
0.1
2.548
1.324
1.824
2.448
1.224
1.224
0
2.748
1.224
2.548
1.224
1.224
1.324
1.724
1.224
1.224
1.224
1.324
2.548
1.424
1.324
0.1
1.224
0.2
1.224
1.224
1.224
3.772
2.548
1.424
1.324
1.324
2.448
2.448
1.224
2.448
2.648
1.224
2.748
1.724
1.224
1.224
1.224
2.448
1.324
0
1.424
2.748
1.624
0
1.324
1.224
1.624
0
1.324
1.224
1.424
1.224
1.324
2.548
1.224
1.424
1.224
0
1.424
0.1
2.448
3.26
2.448
1.324
1.324
0
2.448
0
2.648
0
1.524
1.224
0.1
1.324
1.224
2.548
1.224
1.524
0
1.1
0
3.672
1.224
1.836
1.836
0
1.224
0
0.3
2.748
0
0
0
4.072
0
1.224
1.5
1.324
1.224
4.896
3.46
3.36
4.06
3.26
3.06
3.76
4.484
3.16
5.096
3.16
3.06
1.936
2.136
1.836
3.06
3.16
1.836
3.86
1.836
4.896
1.836
4.284
1.936
3.16
3.16
3.26
3.06
1.836
1.836
3.06
1.836
4.284
1.836
3.06
3.56
3.06
4.284
3.06
1.836
3.06
3.06
3.672
5.196
3.16
12.78
6.52
4.896
1.836
4.284
1.936
4.284
4.384
3.06
3.16
3.26
3.46
4.284
3.06
4.284
1.836
3.26
1.836
3.06
1.836
3.06
3.06
1.836
0.1
2.224
1.424
1.324
2.648
0.4
2.848
