3.56
0.1
0.8
0.2
0.2
1.324
1.324
1.224
1.324
1.224
1.224
1.224
1.224
2.224
2.124
0
0
0
0
0
0
0.1
0
0
0.2
0.1
1.624
0.1
0
0
0
0
2.6
0
1.936
2.636
1.836
1.836
1.836
2.136
1.936
3.96
1.836
1.936
1.836
1.936
4.26
2.036
2.436
2.236
1.936
1.836
2.336
1.936
1.836
1.836
1.836
1.836
1.836
2.236
3.736
2.436
1.836
2.236
4.06
2.036
1.836
1.836
1.836
3.536
2.136
2.236
1.836
1.836
5.26
2.736
1.836
2.036
1.836
1.836
2.736
1.836
1.836
1.836
1.936
1.836
1.836
1.836
1.836
2.736
1.836
1.936
3.26
1.836
1.836
2.136
2.136
1.936
1.836
1.836
1.836
2.836
2.736
1.936
3.06
1.836
3.16
2.336
2.036
2.036
3.46
3.16
1.836
1.836
1.836
2.136
3.06
1.836
1.936
1.836
4.536
1.936
1.936
1.936
2.036
1.836
2.036
1.836
1.836
2.136
3.66
1.836
2.036
1.936
3.26
2.036
2.036
1.936
1.836
3.86
1.936
2.036
1.836
2.036
1.836
1.936
2.036
1.936
1.836
1.936
1.836
2.036
2.036
3.06
2.936
2.536
3.66
2.036
4.76
1.836
2.036
1.836
1.836
3.16
3.16
1.836
1.836
1.936
3.36
4.536
1.936
2.936
3.16
1.936
3.36
2.336
1.836
1.836
1.936
2.236
2.236
2.736
3.26
3.06
11.484
3.56
3.76
3.06
3.06
3.16
3.36
3.06
3.36
3.46
3.26
3.26
3.06
4.484
0
0.8
0.3
0
1.224
0.1
1.1
0
0
0.3
0
0
0
0.2
0.1
0
0
3.924
0
2.724
0
0
0
0
1.1
0
0
0.1
0
0
0.4
0
0.1
0
0
0
0.1
0
2.3
0.1
1.224
0
0
0.9
0.3
0
1.324
0
1.224
0
0.1
0.9
0
0.4
0
0
0.3
0.1
0
1.4
0.1
0.2
0
0
0.2
0.3
0
0
0.9
0
0
0
0
0.1
0
0.2
1.9
0
0
1.936
1.224
1.224
1.224
0
0.4
0
0.1
0
0
0
0
0
0
0
0
2
0
1.224
0
1.624
0.3
1.224
0
1.224
0.1
0.2
0.1
0
1.3
0.2
0
0.2
0
0
0.1
0
0
0.1
0
1.324
0
1.324
1.324
0
2.124
1.824
0.3
0.1
0
0.1
0
0
0.8
0.1
0
0.4
0.1
0
0
0
3.624
0
1.224
0
2.4
1.624
0.9
0.1
0
0.1
2.724
1.324
1.224
1.224
2.3
4.824
0
0.1
0
3.16
0
2.024
1.624
0
0
0
0
0.1
0
0
0
0
0
0
0
0
0
0
1
0
0.1
0
0
0.8
0
0
0
0
0.1
0.4
0
0.1
0
0.1
1.1
0
0.2
1.224
0.1
0
0
0
0
0
0
0.3
0
0
0.1
0
0.4
0
1.2
0.3
0
0
0.2
0.2
0.1
0
1.224
0.1
0.1
0
0
0.7
1.424
0.2
0.1
0
0.8
0.4
0
1.724
0.1
0.2
0.2
0.4
0
2.224
0
1.224
0
1.424
0
1.424
0
0.1
0
0
0.2
0.1
0.3
0
0
0
0
0
0.2
0
1.324
0.3
0
0.1
0
0.3
0.2
0
0.3
1.7
1.424
0
0.7
1.8
0
0.1
0
0.4
0.6
0
0.3
0.4
0.1
0
0
0.2
0.2
0
0
0.4
0.4
0
0
0
0
0
0.1
0
0
0
0.5
0
0
0.2
0.2
1.224
0.1
0
0.1
0.6
0
0.1
0
0.1
0
0
0.1
0
0
0
0
0
3.024
0.1
0
0
0
0.5
0.4
0
0
0
0.1
0.2
0.3
0
0
0.1
1.224
0.2
0
0.3
0.1
0
0.1
0.2
0
0.1
0.5
0.1
0
0
0
0.3
0.1
0
0
0
0
0.3
0
0
0.1
0.2
0
0
1.924
0
0
0.2
0
0.1
0
0
0
0.1
0.1
0
0
0
0
1.3
0.1
0
0.2
0
0
0
0
0.1
0
0.2
0.1
0
1.224
0.5
0.1
0
0
0
0
0
0
0
0.1
0
0
0
1.524
0.1
0
0
0
0.2
0.5
0
0
0.7
0
0
2.1
0.1
0
0.1
0.1
0
0.3
0
0.1
0.1
0.1
0
0
0
0.2
0
0.1
0
0
0.1
0
0
0.3
0
0
0
1.524
0
1.224
0.2
0
0.1
1.324
0
0
0.2
0.2
0
0
0
0
0.2
0.4
0.1
0.3
0
0.1
0
0
0
0
0
0
0
0
0.1
0.4
0
0
0.2
0.1
0.4
0
0.1
0.3
0
0
0
0
0
0
0.1
0.2
0
0
0
0
0.1
0
0.3
0
0
0
0.1
0
0.4
1.224
0.2
0
0.1
0.4
0.1
0
0
0
0
0
1.224
0
0
0
0
0
0.2
0
0
0
0
0
0
0
0
2.424
0
0
0
0
0
0
0
0.4
0
1.224
0
0.2
1.524
0
0.3
0
0
0
0
0.1
0.2
0.3
0.1
0
0.2
0
1.3
1.3
0.2
1.624
0.1
0
0
0
0
0
0
0
0.1
0.2
0.4
0
0
0
0
0
0.1
0
0
0
0
0.2
0.1
0
0
0
0.3
0
0
1.2
0
0.2
0.1
0.2
0.1
1.224
0
0.1
2.2
0
1.324
0
0
0
0
2.024
0
0
0.1
1.224
1.624
0
0
0
0
0
0
0
0
0
0.1
0
0
0
0
0
1.224
0
0.2
0
0
0
0
0.1
0.2
0
0
0.2
0
0
0
0.1
0.1
0
0
0
0
0
0.1
0
0
0.3
0
0
0
0.4
1.324
0
0.1
0.1
0
0
0
0.2
0.4
1.224
0.8
1.424
1.224
1.224
0
0
0
0
0.4
0.2
0
0
0
0
0.2
0.2
0.1
0
0
0.1
1.624
0
0.1
0.2
0
0
0
0.1
0
0
0
0
0.2
0
0.1
0.2
0
0
0.8
0
0.2
0
0.1
0
0
0
0.2
0
0.2
1.724
0
0.1
0.2
0
0.2
0.6
0.2
0
0
0
0.4
0.1
1.924
0
0.6
0
0.3
0.1
0
0
0.1
0.1
0.1
0.3
0
0
0
0.1
0
0
0
0.1
0.1
0
0.2
2.4
0
0.4
0
0
1.224
0
0
0
0.2
0.2
0.1
0
0.5
0
0
0.1
0
0.2
0
0.1
0.3
1.224
1.524
2.648
0
0.1
0.2
0.1
0
0
1.224
0.1
0
0
0.3
0.1
0.1
0.1
0
0.7
0.8
0
0
0.1
0.2
0
0.1
1
0.4
0.8
0
0
0
0.1
0.3
0.1
0
0
0
1.4
0
3.024
1.936
0
0
0.3
0.1
0.3
0
1.324
0
0.2
1
0.1
0
0
0
0
0
0
0
2.1
0.1
0.4
0.2
1.324
1.324
0.3
0
1.224
0
0
0
0
0.4
2.224
0.4
0
0
0
0
0.1
0.2
0.1
2.1
1.524
0.1
1.524
0.1
0.9
0
0
1.324
0.4
0
0.6
0
0
0
1.224
1.924
1.524
1.624
2.448
1.224
1.224
1.224
1.224
1.424
1.424
1.324
1.424
1.224
1.624
1.324
2.648
1.224
1.224
1.724
1.624
1.524
1.224
1.324
2.848
1.524
1.224
1.224
1.224
1.224
1.324
1.224
2.448
1.924
1.224
1.324
1.224
1.524
2.448
2.024
1.224
1.224
1.424
1.424
1.524
1.224
1.324
2.648
2.448
2.424
1.524
1.224
1.224
1.224
2.024
1.424
1.224
1.224
1.324
2.648
1.624
2.848
1.224
1.224
2.024
1.424
1.324
1.624
1.424
1.224
1.724
1.424
1.224
1.224
2.848
1.424
1.224
1.324
2.548
1.324
1.224
2.648
1.224
2.448
1.324
1.224
1.224
1.524
1.224
1.224
2.548
1.624
1.324
1.224
1.224
2.548
1.524
1.924
2.948
1.224
2.224
1.224
2.448
1.324
1.624
1.224
1.424
1.324
2.024
1.624
1.224
1.224
1.224
2.448
2.748
1.224
1.324
1.224
1.224
1.224
1.324
1.224
1.224
1.324
1.224
2.448
1.324
3.648
1.324
1.524
1.324
1.424
1.224
1.324
1.524
1.324
1.624
1.324
1.224
1.324
4.724
1.324
1.224
2.748
2.448
1.324
1.224
1.424
1.324
1.524
2.848
1.224
1.224
1.324
1.624
2.448
1.624
2.224
1.224
1.724
1.424
1.224
1.224
2.448
1.224
1.224
1.224
1.224
1.224
1.224
1.224
1.324
1.424
1.424
1.324
1.624
1.924
1.324
2.124
1.224
1.224
1.324
1.224
3.224
1.724
1.224
1.224
1.224
1.224
1.224
1.324
1.424
1.624
1.424
1.224
2.548
1.324
1.424
1.424
2.448
1.224
1.224
1.224
1.424
3.124
1.224
1.224
1.224
1.224
2.548
1.924
1.224
1.224
1.224
1.524
1.324
1.224
1.324
1.724
1.424
1.524
1.424
2.448
1.424
1.224
1.224
1.324
1.324
1.424
1.224
1.224
1.724
2.448
1.524
1.224
1.424
1.224
1.324
1.824
1.424
1.224
1.524
1.224
2.748
1.224
1.224
2.324
1.224
1.224
2.448
2.448
1.324
1.224
1.224
1.524
1.224
1.624
1.224
1.324
1.224
1.224
2.324
1.224
1.324
1.224
1.224
1.424
2.524
1.424
1.424
1.224
1.224
1.424
1.424
1.224
1.324
1.224
1.224
1.324
1.524
1.324
1.224
1.224
1.324
1.224
1.224
1.424
1.524
1.924
1.424
1.224
1.224
1.224
2.448
1.224
1.524
1.324
1.424
1.424
2.648
1.224
1.224
1.224
1.824
1.324
1.824
1.324
1.524
1.224
1.224
1.224
1.224
1.524
1.224
1.424
1.224
1.224
1.324
1.324
1.224
1.524
2.024
1.224
1.324
1.624
1.224
1.324
1.324
1.624
1.324
1.424
1.224
1.324
1.224
1.524
2.748
1.424
1.424
2.548
1.224
1.224
1.224
1.824
1.224
1.224
1.524
1.424
1.224
2.124
1.624
2.324
1.224
2.548
2.448
1.224
1.524
1.224
1.324
1.524
1.224
1.224
1.224
1.224
2.748
1.324
2.448
2.448
1.324
1.324
1.424
1.224
1.224
1.224
1.224
1.224
1.224
1.824
1.624
1.324
1.324
2.548
1.224
1.424
1.724
1.324
1.424
1.424
1.224
1.224
1.424
1.324
1.324
1.224
1.224
4.148
2.448
1.224
1.324
1.324
1.324
1.724
3.148
1.224
2.948
1.324
1.524
1.224
1.224
2.024
1.424
1.224
2.024
1.724
1.224
1.424
1.224
1.224
1.524
2.648
1.224
1.524
1.424
2.648
1.224
1.224
1.224
1.224
1.224
1.524
1.824
1.324
1.224
1.324
2.448
1.224
1.224
1.424
1.224
3.648
1.424
1.224
1.524
1.224
1.224
1.224
1.224
1.224
1.324
1.424
1.224
1.224
1.324
1.424
1.224
5.148
2.548
1.224
1.624
2.024
1.224
2.448
1.224
1.424
1.524
1.224
1.224
1.224
1.224
1.224
1.224
1.224
2.024
1.324
1.224
1.224
1.224
1.224
1.324
1.224
1.524
1.524
1.224
2.648
1.224
1.624
1.324
1.224
1.224
1.224
1.424
2.548
1.324
1.324
1.424
2.448
1.224
1.324
1.524
1.224
1.924
2.124
1.424
1.524
1.424
1.224
1.224
1.324
1.424
2.448
1.224
1.224
1.224
1.224
1.424
1.224
1.624
1.724
1.224
1.224
2.024
1.224
1.224
1.324
1.324
1.224
1.324
1.424
1.724
1.424
1.424
1.524
1.224
2.448
1.224
2.848
2.448
1.724
1.324
1.224
1.324
1.424
1.324
2.124
3.048
1.224
1.624
1.524
1.224
1.224
1.224
1.524
1.224
1.224
1.424
1.224
1.224
1.224
1.224
1.424
1.324
1.224
1.224
1.224
2.448
1.224
1.224
1.724
1.424
2.524
1.324
1.724
1.224
1.324
2.624
1.324
2.448
1.324
1.824
1.224
1.224
1.324
1.424
1.324
1.424
1.424
1.324
1.224
1.324
1.524
1.424
1.224
1.524
1.324
1.924
1.224
1.224
1.224
1.224
1.224
1.324
2.648
1.924
1.224
1.224
1.224
1.324
1.224
1.224
1.224
1.624
1.424
1.324
2.648
3.124
1.224
1.324
2.748
1.224
1.624
2.524
2.024
2.448
1.724
1.224
1.224
1.324
1.524
2.748
1.924
1.324
1.324
1.324
1.624
2.024
4.048
1.224
1.224
1.224
1.224
1.524
1.224
3.048
2.548
1.424
1.224
1.824
1.324
1.424
1.224
1.224
1.624
1.624
1.324
1.424
1.224
2.324
1.324
2.448
1.424
2.024
1.424
1.224
1.524
1.324
1.224
1.224
2.648
1.724
1.324
1.524
1.324
1.924
2.448
1.224
1.324
1.424
2.324
1.224
1.224
1.424
1.824
1.224
2.848
1.324
3.148
1.424
1.324
1.324
1.924
1.824
1.224
1.224
1.424
3.16
3.56
4.284
3.46
3.06
3.16
1.224
1.424
1.324
1.224
1.224
1.224
1.224
4.484
1.224
0
0.1
0
0.3
0
0
0
1.3
0
4.024
0.2
0.1
0
0
0
0.1
1.424
0
0.6
1.224
0.4
1.224
0
0.2
0
0
1.9
0
0
0
0.6
0.2
2.1
0.6
0
3.224
0.1
0
0
0
0
0
0.3
0
0
0.1
0
0
0
0
0
0
0
0
0
0.1
0.1
0
0.2
0.1
0
0
1.324
1.324
0.3
0
0
1.224
0
0
1.224
1.824
1.4
1.224
0.1
0.3
0
1.224
0
0
0
0
0.5
0.2
1.324
1.424
0
0.1
0
0
0
0.1
0
0
0.1
0
1.324
0
4.424
1.424
0.1
0.6
1.2
0.5
