0
0
0.2
2.136
0
0.1
0.1
0
0.1
0
0
0
0
0
0.1
0
0
0
0
0
0
0.2
0
0
1.836
0
0
0
0
0
1.836
0
0.2
0
0
0
0
0.1
0
0
0
0.3
0
0
0
0
0
0.1
0
0.1
0
0.1
0.2
0
0
0
0
0
0.1
0.3
0.2
0
0
0
0
0
0
0
0
0
0
0
0.1
0.1
0.3
0
0
0.1
0
0
0.2
0
0
0
0
0
0
0
0.1
0.1
0
0
0.1
0
0
0
0.3
0
0
0
0
0.1
0
0
1.836
0
0
0.3
0
0
0
0
0
0
0
0.1
0
0
0
0
0.2
0
0
0.3
0
0
0
0
0
0
0
0.1
0
0
0
0
0.1
0
0
0
0
0
0
0.1
0
0
0.1
0.1
0
0
0
0
0
0
0.1
0.1
0
0
0.1
0
0
0
0
0
0
0
0
0
0
0.8
0
0
0
0
0
0.1
0
0
0.1
0.1
0.2
0.2
0
0
0
0
0.1
0
0.1
0
0.1
0
0
0
0
0
0
0
0
0
0.1
0.1
0
0
0.2
0
0
0
0
0
0.1
0
0
0
0
0.1
0
0.1
0
0
1.02
1.02
0
0
0
0
0
0
0.1
0
1.936
1.836
0
1.836
2.036
0
0.2
0
0
0
1.836
0.1
1.936
0
1.836
0
0
0
0
2.136
0
0
0
0
0
0
0
0.1
0
0.1
1.836
0
0
0
0
0
0
0
0.1
0
0
0
0
0.1
0
0
0
0
0
0
1.02
0
0.1
0
0.1
0.1
0
0
1.836
1.936
1.836
1.836
1.836
0.1
0
0
0
0
0
0
0
0
0
0
0
0
0
0
0
0
1.936
0
0
0
0
0
0
0
0
0.1
0
0.1
0
0
0
0
0
0
0
0
0.1
0
0
1.836
1.836
0
0
0
0.2
0
0
0
0.1
0
0
1.936
0.1
1.936
0.1
0
0
0
0.2
0.2
0
1.836
0
0
0
0.1
0
0
0
0
0
1.02
2.856
1.12
2.856
1.02
1.02
1.02
2.956
2.856
1.02
1.02
1.12
1.02
1.02
1.02
1.02
1.32
1.02
2.856
1.02
1.12
1.02
1.02
1.02
2.856
1.02
1.02
3.156
1.02
2.956
2.856
0
0.1
0
0
0
1.936
0
0.1
0
0
0
0
1.936
0
0.3
0
0
0
0
0
0
0
0
0
0
0
0.1
0.1
0
1.836
0
0
2.136
1.936
1.836
0
1.836
1.936
2.036
0
0
0.1
0.1
0
1.836
0
0.1
0
0
1.936
0
0
1.836
0
0
0
0
0
0
0
0.3
0
1.836
2.036
0.2
0
0
2.136
1.836
0.1
0
0.3
0
0
0.1
0.1
0
1.836
0.1
0.2
0.1
0
0
0.1
0
0
0
0
0
0
0
1.936
0
0
0
0
1.936
2.036
0
0
0
0
0.2
0
0.1
0.1
1.836
0.1
1.836
0
1.836
2.136
0
0
0
0.1
0.1
0
0
1.836
0.1
0
1.836
0
0.1
0
0
1.836
0
0.1
2.136
0
0
0
0
0.2
0.1
0
0
0.1
0
0
0.2
0
0
0
0
0.1
1.836
0
1.836
0.1
0
0
0
0
1.836
0
0
1.836
0
0.1
0
0
0
0.1
0
0
0
0
0
2.036
0
0
0
0
0
1.836
0
0
0
0
0
0.1
0.2
0
0
0
0
0.1
0
0.1
0
2.036
0
0
0
1.836
0
0
0
0
0.1
0
0
0
0.2
0
0
0
0
0.1
0
0
0
0
2.036
0
0
2.036
0
1.836
0
0
0
0
1.836
0.1
1.836
0
1.836
1.836
0.2
1.836
1.836
1.936
1.836
1.836
0
0
1.836
0
1.836
1.836
0
1.836
0
0
1.836
0
0
2.036
0
2.036
0
0
0
2.036
0
0
0.1
1.936
0
0
0.2
1.936
0.2
1.836
0
0
0
1.836
0
0
0
0
0.1
0
1.936
0
0
0
2.036
0.1
1.836
1.836
0.1
0
1.836
0
0
0
1.936
0
0.2
1.836
0
0
0
1.936
0
0
0
0
0
1.836
0
0
0
0.1
0
0.1
1.936
0
1.836
0
0
0
0
0
0
0
0
0
0
0.2
1.936
0.1
0
1.936
0
0
1.836
0
0.2
0.1
1.836
1.936
0
1.936
0
1.836
1.836
0
0.2
1.936
0.2
0.2
0
0
0
1.836
1.836
0
0.1
1.836
0.1
0
0.1
0
0
0.1
0.4
0.1
0
0.2
0
0
0
0
0
0
0.1
0
0
0
0
0
0
0
0
0.1
0
0
1.836
1.836
0
0
0
1.836
0
0
0
0
0.1
0.1
1.836
0
0
1.936
0
0
0
0
0.2
0
1.936
0
0
0
0
0
1.836
0
0
0
1.836
1.836
0
0
0
0.1
0
0
0
0
1.836
1.936
0
0
0
0
0
0
0
0
2.036
1.936
0
1.836
0
0.1
0
0
1.836
0
0
0
0
0
0
0
0
0
0
0
0
0
1.836
0
0
0
0.1
0
0
0
0
0
0
0
0
0.2
0
0
0
0
0
1.836
0
2.036
2.136
1.836
0
1.836
0
1.836
0
0.1
0.2
1.836
0
0
0
1.836
0
0
0.1
1.836
0
0
0
0.1
0
0
0
1.836
0
0
0.1
0
2.036
0
0
0.1
1.836
0
0
0.1
0
0
0.2
0
0
0
0
3.772
3.772
0
0
1.836
0
0
0
0.1
0
0.3
0.2
0
0.1
1.936
0
0
0
1.02
1.02
0
0.1
0
1.836
1.836
1.836
0
1.836
1.936
1.936
0.1
0.1
0
1.836
0
1.02
1.02
2.856
1.02
3.056
1.52
2.956
0
1.02
0
0
0
1.836
0
1.836
0
0
0
0
0.2
0
0
0.1
0
1.836
1.836
3.672
1.836
1.836
1.836
1.836
1.936
1.936
1.836
1.836
1.936
1.936
1.936
3.772
3.872
1.936
1.836
0
0
0
0.2
3.772
0
0
0
0
0.2
1.836
0
0
1.836
0.2
0
0
0
0
1.836
0
0
0
0
0
0.1
0
0
0.2
0
0
0
0
0
0
0
0
0.1
0.2
0
0
0
0
0
0
0
0
0
0
0.1
0
1.836
0.1
0
0.1
0
0
0.1
0.1
0.2
0
0
0
0
0.1
0
0
0
0.2
0
0
1.936
0
0
0
0.2
0.1
0.3
0
0.1
0
0
0
0
0
0
0
0.2
0.1
0.1
0
0
0
0
0.1
0
0
0
0
0
0
0.1
0
0
0
0
0
0
0.1
0.1
0
0
1.836
0
0
0
0
0
0.1
0
0.1
0.1
0
0
0
0
0
0
0.2
0
0
0
0
0
0
0.2
0
0
0
0.1
0
0
0
0
0
0.1
0
0
0.1
0.2
0
0.1
0
0.1
0
0
0
0
0
0
0
0.1
0
0
0
0.1
0
0.1
0
0
0
0.1
0
0
0.2
0
0
0
0.1
0
0
0
0.3
0.1
0
0
0
1.836
0
0.1
0.1
0
0
0
0
0
0
0
0
0
0
0.2
0
0
0
0
0.1
0
0.1
0
0
0
0
0
0.1
0
0
0
0
0
0
0
0
0
0
0
0
0
0
0
0
0.1
0
0.1
0.1
0
0
0
0
0
0
0
0
0
0
0
0
0.1
0.1
0
0.1
0.1
0
0.1
0
0.1
0
0.3
0.2
0.1
0
0
0
0
0
0.1
0.1
0
0
0
0
0
0.2
0.1
0
0.1
0
0.1
0.3
0
0
0
0
0
0
0.1
0
0.1
0
0.1
0
0.1
0.1
0
0
0
0
0
0
0
0.1
0
0
0
0
0
0
0
0
0
0
0
0.1
0.1
0
0
0
0.1
0
0
0.2
0
0
0
0
0.1
0
0
0
0
0
0
0
0
0
0
0
0
0
0.2
0.1
0.2
0
0
0
0
0.2
0.1
0.1
0.1
0
0
0
0
0
0
0.1
0
0
0
0.1
0
0
0
0
0.1
0
0
0
0
0.1
0
0
0
0
0
0
0
0
0
0
0
0
0
0
0
0
0
0
0
0
0
0
0
0
0
0
0
0
0
0
0
0
0.1
0.1
0
1.836
0
0
0.1
0
0
0.1
0
0
1.836
0.2
0
0
0
0
0
0.1
0.1
0.3
0.1
0
0
0
0
0
0
0.2
0.1
0
0
0
0
0.1
0
0
0
0
0
0
0
0
0
0
0
0.2
0
0
0
0
0
0
0
0.1
0
0
0
0
0
0
0
0
0
0
0
0
0
0.1
0
0
0
0
0.2
0
0
0.1
0
0.1
0
0
0.1
0.2
0
0
0
0
0
0
0
0
0
0
0
0
0
0
0.1
0.4
0.2
0
0
0
0
0
0
0
0
0.1
0
0.2
0
0
0
0
0
0
0
0
0
0
0
0
0
0
0
0
0.1
0
0
0
0.1
0.1
0
0
0
1.936
0
0
0
0
0.3
0
0
0
0
0
0
0
0
0
0
0
0
0.1
0
0.2
0
0
0
0
0
0
0
0
0
0
0
0
0.2
0.1
0
0
0
0
0
0.1
0
0
0
0.1
0
0
0.3
0
0
0
0
0
0
0
0
0.1
0
0
0
0
0
0
0
0
0
0
0
0
0
0.1
0.1
0
0
0
0.1
0.2
0
0.1
0.1
0
0
0
0
0
0
0
0
0
0
0
0
0
0
0
0
0
0
0
0
0
0
0.2
0
0
0
0
0
0
0
0
0.2
0
1.836
0
0.1
0.1
0
0
0
0
0
0
0
0
0.2
0
0.1
0
0.1
0
0
0
0
0
0
0
0
0
0
0
0.1
0
0
0
0
0
0.5
0
0
0
0.1
0.1
0.5
0.3
0
0.2
0
0
0
0
0.1
0
0
2.036
0
0
0
0.1
0
0.1
0
0.1
0.1
0
0.1
0
0
0
0.1
0.1
0
0
0
0
0.1
0
0
0
0
0
0
0
0.1
0
0
0
0
0
0
0
0.1
0
0
0
0
0
0.1
0
0
0.1
0
0
0.1
0.2
0
0.1
0
0
0
0.1
0
0.2
0
0.1
0
0
0.1
0.1
0
0.2
0
0.3
0
1.02
1.836
0.1
0
0
0
0.1
0
0.1
0
0.1
0.3
0
0
0
0.1
0
0.3
0
0
0
0
0
1.836
0
0
0
1.836
0
0
0
1.836
0
0
0.5
0
0
3.672
2.036
4.072
2.036
1.836
1.836
1.936
1.936
1.836
1.836
1.836
3.672
3.772
3.772
1.836
1.836
1.836
1.836
2.036
1.836
3.672
1.836
1.836
1.936
1.836
1.836
1.936
3.772
1.836
1.836
1.836
1.836
1.836
1.836
1.836
1.936
1.836
1.836
1.936
1.836
1.836
1.836
1.836
3.872
1.836
1.936
1.836
1.936
2.856
1.836
7.012
1.836
1.836
1.836
3.672
1.836
1.836
1.836
1.836
1.836
1.836
2.856
1.836
1.836
3.672
1.836
1.836
1.836
0
0.3
0
0.1
0.2
0.1
0.1
34
0.24
0.12
0.44
0.12
0.12
0.22
0.12
0.24
0.24
0.12
0.94
0.22
0.12
0.24
0.24
0.24
0.24
0.12
0.24
0.32
1.12
0.12
0.22
0.22
0.42
1.24
0.24
0.24
0.12
1.26
0.24
0.12
0.24
0.74
0.42
0.32
0.3
0.22
0.32
0.52
0.94
0.22
0.12
0.22
0.12
0.52
0.24
0.12
0.24
0.12
0.44
0.52
0.46
0.12
0.4
0.22
0.12
0.24
0.34
0.12
0.24
0.32
0.24
0.24
0.76
0.72
0.24
0.24
0.34
0.12
0.32
0.92
0.22
0.24
0.72
0.24
0.12
0.24
0.22
0.24
0.22
0.22
0.44
0.3
0.54
0.44
1.46
0.24
0.24
0.24
0.3
0.34
0.12
0.46
0.36
0.12
0.24
0.34
0.34
0.54
0.12
0.34
0.56
0.22
0.24
0.12
0.44
0.22
0.24
0.42
0.12
0.86
0.66
0.12
0.12
0.12
0.24
0.24
0.46
0.64
0.24
0.54
0.72
0.42
0.42
0.12
0.24
0.64
1.04
0.22
0.12
0.34
0.12
0.12
0.24
0.44
0.34
0.22
0.24
0.12
0.34
0.84
0.24
0.54
0.84
0.24
0.74
0.24
0.84
0.12
0.84
0.34
0.54
0.36
0.36
0.12
0.54
0.22
0.58
0.3
0
0
0
0
0
0.12
0
0.1
0
0.82
0
0.24
0
0
0
0.12
0.12
0.28
0
0.36
0
0.12
0
0.34
0.18
0
0.8
0.24
0.12
0.3
0.32
0.12
0.6
0.32
0
0.92
0.24
0.3
0
0.12
0.12
0
0
0
0.18
0.3
0
0
0
0.3
0.18
0.44
0
0.12
0.12
0.12
0.12
0
0.2
0.12
0
0.12
0.12
0.22
0.32
0.12
0.24
0.12
0
0.12
0.24
0.12
0.42
0.24
0.24
0.22
0
0.22
0.24
0
0.66
0.36
0.34
0.34
0.24
0.24
0.36
0.34
0.36
0.12
0.24
0
0.12
0.3
0.12
0
0.12
0.2
0.42
0.12
0
0.34
0.2
0.44
