0.2
0.2
2.948
1.524
2.548
0
0.1
0
0.1
0
0
1.324
0.1
0.4
0.2
0
0
0
0
0
1.324
1.224
0
0
0.1
0.1
0.1
1.424
2.448
1.324
1.836
2.448
1
0
0
0.2
0
0
0
0
0
1.924
0
0
0
1.324
0.2
0.2
0.1
1.324
1.224
0
1.324
0
0
0
0.1
0
0
1.524
0.5
0.2
0.1
0.1
0.1
0.1
0.1
0
1.224
0.8
0.1
1.224
0.1
0
1.824
0.1
0
0
0
0
1.524
0
1.424
0
0
0
0
0
0
0.5
0.1
0
0
0
0
1.324
1.224
0
0
0
0
0.4
0.2
0
0
0
0
0.3
0
0.1
0.1
0
0
1.224
0
0.1
0
0.1
0
0
1.1
0
0
0
0.1
0
0
1.224
0.2
1.224
0.2
0
0
0
1.424
0.1
1.224
1.324
1.424
0.1
0.1
0
0
1.224
0
0
1.324
0
0
0
1.324
0.1
0
0
0.3
0.1
0.1
0
0.5
0
0
0
0
0
0.1
0
0
0
0.2
1.1
0
0.4
1.224
0.1
1.224
1.524
0
0
1.224
0
0
1.224
0
1.224
0.5
1.324
1.424
1.224
0
1.224
0
1.224
0.1
1.424
1.224
1.224
1.224
0.3
1.224
0.4
0.1
0
0
0
0.4
0
0.1
1.324
1.424
0
1.224
0
0.2
0
0
1.4
0
0.7
0
0
0
1.224
2.648
2.548
2.448
2.548
2.448
2.548
2.548
2.448
4.284
4.284
1.224
0
1.224
0
2.424
1.324
0
1.424
0
1.624
1.324
1.224
1.836
0
0
0
1.424
0.2
0
0
0
0
0
1.224
0
0.5
1.224
1.424
1.224
0
0
0.3
1.224
0
0.1
1.324
0
1.224
0
0
0
1.224
0.3
0
1.224
0
1.224
0
1.224
1.324
2.648
2.448
2.448
0
1.224
1.224
3.26
3.06
3.06
4.284
1.836
0.8
0
0
0
0
0
0
0.1
0
0.1
0.2
0
0
0.2
0
0
0.2
0
0
1.324
0
0
1.224
0
1.324
0
1.624
0.1
0
0.4
0
0.1
0
0
0
0
0
1
0
0
1.324
1.224
0
0
0.1
1
0
0
1.224
1.2
0
0.2
1.324
1.224
1.424
0.5
0.1
1.224
0.1
0.5
1.7
0
0
0
0
0
1.424
1.224
0
1.224
1.224
1.224
0
0
1.224
0
1.224
1.224
1.324
0
1.224
0
0
0.4
0
0
0.1
1.224
1.324
1.224
1.836
1.224
1.324
2.448
2.648
1.224
1.224
1.224
2.548
1.824
1.224
1.424
3.06
0
1.224
1.224
1.224
2.448
2.448
1.224
2.648
2.448
2.448
2.448
2.448
2.448
2.448
1.224
2.948
1.424
1.324
1.324
1.224
1.224
1.324
1.324
1.424
2.448
2.448
2.548
1.624
1.224
2.448
1.224
2.448
2.548
2.648
1.224
1.324
2.448
1.224
2.548
1.324
1.224
1.824
2.448
1.324
2.448
1.224
1.224
1.324
1.324
2.448
1.224
2.448
2.448
2.448
1.324
1.224
1.224
2.548
1.224
1.224
1.224
1.324
1.324
2.648
2.548
2.548
2.548
1.224
2.448
1.424
1.224
3.748
1.524
1.224
2.648
1.924
1.224
1.224
2.548
2.548
1.524
1.224
1.224
1.424
2.448
1.224
1.224
1.224
1.224
1.424
2.548
1.424
1.224
2.448
1.224
1.224
2.448
2.548
1.224
1.224
1.224
2.448
2.748
2.448
1.224
2.748
1.324
1.224
1.224
2.448
2.448
1.324
1.224
1.224
1.224
2.448
2.448
2.448
2.648
2.448
1.224
2.548
2.448
1.224
2.124
2.448
1.224
2.448
1.224
2.848
2.548
2.448
1.324
1.224
2.448
2.548
2.548
2.448
1.224
2.548
1.424
1.224
2.448
1.424
1.224
2.448
1.224
1.224
1.224
2.648
2.648
2.548
2.448
1.224
1.224
1.224
2.548
2.548
1.224
1.224
2.448
2.648
2.448
1.224
1.324
1.424
1.224
1.224
1.424
2.448
1.224
2.648
2.448
2.548
2.448
1.224
2.448
1.224
2.448
1.224
1.224
2.448
2.448
1.924
2.648
1.224
2.548
1.224
1.324
2.448
2.448
1.324
1.224
2.448
2.548
2.548
1.224
1.524
1.224
1.224
2.648
2.548
1.224
2.448
1.224
1.324
1.324
1.224
2.448
1.324
1.424
2.548
1.224
1.224
1.224
1.324
2.748
1.224
1.224
1.324
1.324
1.224
1.724
2.748
2.448
1.224
1.224
1.424
2.448
1.224
1.324
2.448
2.548
1.224
1.224
2.448
1.224
2.448
2.448
1.224
2.448
1.224
1.224
2.448
1.324
2.448
1.224
1.224
2.448
1.224
1.224
1.424
1.224
2.448
1.224
1.224
1.224
1.424
2.448
2.448
2.548
2.448
1.224
1.324
2.848
1.324
2.748
2.448
1.224
2.448
1.224
1.324
2.548
1.224
2.448
2.448
2.548
2.548
2.648
1.224
2.448
2.648
2.548
2.548
1.224
1.224
1.324
1.224
2.548
1.224
2.448
2.448
2.448
1.324
2.448
1.224
1.224
1.224
2.448
1.224
1.224
1.524
2.448
2.548
2.448
2.448
1.224
1.324
2.448
1.424
1.224
2.448
2.448
1.224
2.548
1.224
2.448
1.224
1.224
1.224
1.224
2.748
2.448
1.224
1.224
2.648
2.548
1.224
1.224
1.224
1.224
1.224
2.448
1.424
2.724
2.448
1.224
2.448
1.224
2.448
2.448
2.448
2.548
1.324
2.548
1.224
2.648
1.424
2.448
2.448
2.448
2.448
2.648
1.224
1.324
2.548
1.324
2.448
2.448
2.548
2.448
2.324
2.648
1.224
1.324
1.324
2.448
2.448
1.224
2.448
2.448
1.224
2.448
1.224
2.548
2.448
1.224
1.224
1.224
1.224
2.448
2.548
2.448
1.224
2.448
2.448
2.648
1.224
1.224
2.448
2.448
1.524
1.324
1.224
1.524
2.448
2.448
1.224
1.224
1.224
2.548
1.224
1.524
2.224
2.448
1.224
2.448
2.548
2.448
1.224
1.524
1.224
2.448
2.448
1.224
2.848
2.448
2.448
2.448
1.224
1.224
2.448
2.448
2.548
1.324
2.448
2.448
1.224
2.448
1.224
1.224
1.224
1.324
2.548
1.224
1.224
2.448
2.448
1.224
2.448
1.324
1.224
1.224
1.224
1.224
1.224
1.224
2.548
2.448
2.448
2.548
1.224
1.224
1.224
2.648
1.224
2.548
2.448
1.224
2.448
2.648
1.324
1.224
2.548
2.548
2.548
2.548
1.224
2.648
1.224
1.224
2.948
1.424
2.448
2.448
1.324
2.548
2.448
2.448
2.648
1.324
1.224
1.324
2.448
1.224
2.448
2.448
1.224
2.548
2.448
1.224
1.624
1.224
2.448
2.448
2.448
1.224
1.224
1.224
1.224
1.224
1.224
2.548
1.324
1.224
1.224
1.324
1.224
1.224
1.324
2.448
2.548
1.224
1.224
1.224
2.448
1.224
2.548
2.448
1.324
2.548
2.448
1.324
1.424
1.224
4.284
4.384
2.548
2.448
1.224
2.448
2.548
2.448
3.148
1.324
2.648
2.448
2.648
1.224
2.448
2.448
1.524
2.748
2.448
2.448
2.448
2.448
2.448
2.448
4.284
4.284
2.448
2.448
2.448
2.448
2.448
1.924
1.224
4.384
1.224
1.224
1.224
1.224
1.224
1.224
2.948
2.448
2.448
2.448
1.424
1.224
1.224
2.548
2.548
2.648
1.224
1.424
1.424
2.448
2.448
2.548
2.548
2.548
2.448
3.46
4.284
4.284
3.06
4.284
3.26
4.284
4.384
4.484
4.284
4.384
4.684
4.784
4.384
3.06
3.06
4.484
0
0
1.324
1.624
1.324
2.136
1.224
0
1.224
0
1.324
1.424
0.1
1.224
0
0.4
0
0.4
0
1.224
2.448
1.224
1.224
0.5
0
0.1
1.224
0
0.2
1.524
0.1
0
1.224
0
0
0
0.1
1
1.224
0
1.224
0
0
1.424
0
0
0
1.224
1.224
0
0.3
0.2
0.1
1.224
0
0.1
0
1.424
1.224
1.224
2.424
0.1
1.324
0.2
1.324
0.4
0.2
0
0
1.824
1.324
0.1
0
0
1.224
1.224
1.524
1.324
0
0
0
0
0.2
0
0.1
0
1.224
0
1.324
1.224
0
1.224
1.424
1.224
0
1.224
1.324
1.324
0
0
1.224
1.224
1.224
0
1.224
1.224
0
0
1.624
1.424
1.224
0
1.324
0
1.324
0
1.224
1.324
0.1
0
0
0
0.1
0
0.7
1.224
1.224
1.324
0
1.224
1.224
1.324
1.324
0
0
1.324
0.2
1.224
1.224
1.524
1.224
1.224
1.224
0.4
1.224
1.224
0
1.224
0
0.1
0
0
1.224
1.224
0.2
0
0
1.224
0
1.224
0
1.224
0.1
0
1.224
0
0.1
1.224
0
1.324
1.224
1.524
1.324
0.2
1.224
0.5
0
0
1.224
1.324
1.324
0
1.224
0
0
0
0
0
0
0.2
0.1
1.224
1.324
1.224
0
1.324
1.324
0
1.224
1.224
0
1.224
0.6
1.224
0.2
0
1.224
0.1
0
1.224
1.224
1.324
1.224
1.224
1.324
1.1
1.224
0
1.324
0
1.324
1.224
0
0.1
0
0
0
0
1.224
1.424
1.324
1.224
1.224
0
1.424
0
1.224
1.224
0
1.224
1.224
0
0.1
1.224
0
1.224
1.224
1.324
1.624
1.324
0.1
1.324
0.2
1.324
0
0
0.1
1.224
0.9
0.6
0
0
0.1
0
1.224
1.224
0
1.324
1.524
0.1
0
0.1
0.1
0
1.324
0.1
1.324
0
0.1
0.4
0
1.224
1.224
0
1.424
1.224
1.224
1.224
1.524
0.1
1.224
1.224
1.224
1.324
1.224
1.524
1.224
1.324
1.324
0
1.224
0.2
0
1.324
1.224
1.524
0.2
0
0
0
0.1
0
0
1.324
0.2
1.224
0.1
1.424
0.3
0
1.224
1.524
0
0
0
1.224
0
1.324
1.224
1.424
0
1.224
0
1.224
0
1.224
0.3
0
1.224
1.224
1.224
1.224
0.1
1.224
0
0
0
1.224
1.224
1.224
0.1
1.224
1.224
0.2
0
0.1
0
0
1.224
1.524
0
0.1
1.324
0.2
0
0
0.1
1.224
0
0
1.324
1.224
1.424
1.224
0
0
1.224
1.324
1.224
0.1
0.2
1.224
0.1
0
1.224
0
1.224
0
1.224
0
1.224
1.224
1.224
1.224
1.224
0
1.424
0
0
1.324
1.224
0
1.224
0
0
0.2
0
0
0
1.424
0
1.324
1.224
1.224
0
1.224
0.1
0.1
0.1
1.224
0.2
1.324
1.224
0.1
1.324
0.1
0
0
1.424
1.224
0.3
0
1.324
1.224
0
0
1.224
0
0
0
0
0
1.224
1.224
0
0
1.224
1.224
1.324
0.1
1.224
1.724
1.224
0
1.324
0
0.1
1.324
0.3
0.1
1.324
1.224
1.224
0
1.324
1.224
0.1
1.224
0
0.8
0
1.224
0.1
0
1.224
0.2
0.2
1.224
0.1
1.324
0.1
1.224
1.224
1.324
0
1.224
1.324
1.224
1.224
0
1.224
0
1.524
1.224
0
1.324
0
0
1.324
0
1.224
0
0
0.5
0.1
1.224
0
0
1.224
0
1.224
0
1.224
0.7
1.224
0
0
1.224
0
0
1.224
0
1.624
0
0.1
0
0
0
1.224
1
0
0
1.624
0.3
1.224
0
0
1.224
0.2
1.224
1.224
0
0
0
0
1.224
1.524
1.224
0
1.224
0
1.324
0
1.224
1.224
1.224
1.224
0.1
1.224
1.524
1.524
0
0
1.324
1.324
0.1
0
0
0
0
1.224
1.224
0
1.224
0
1.424
0
1.324
0
1.224
1.224
0.1
0
1.324
1.224
1.224
0
1.224
0
0
0
1.224
1.224
0
0.3
1.324
1.424
0.2
1.224
0
0
0
1.224
1.324
1.224
1.224
1.224
0
0
0
0
1.524
0
0
0
0.1
1.224
1.224
1.224
1.324
1.224
1.224
1.224
1.224
0
1.224
0
0
0
0
1.224
1.224
0
1.224
0
0
1.224
1.224
0
1.324
0
1.324
0
0.5
0
0.4
0
0.1
1.624
1.224
0
0
1.724
1.224
0.1
1.224
1.224
1.224
0
0.1
0
0.1
0
1.324
0.1
0.2
0.1
0
0.4
1.224
0
1.224
0
1.324
1.424
1.324
0.1
0
0.1
0
1.224
1.224
0
1.224
0.2
1.324
1.224
1.324
0.6
1.224
1.224
0
0
0.2
0.5
0.2
0
1.224
1.224
0
1.324
0.1
0.1
0
0
1.424
0
1.224
1.224
2.124
1.224
1.524
1.224
0
1.224
0
1.224
1.324
0
1.224
1.324
1.324
1.524
0
1.224
1.224
0.4
1.224
0.1
1.324
0.3
1.224
0
0
1.424
1.324
0
0.2
0
1.224
1.224
1.324
1.224
1.224
1.224
1.224
0.4
0
0
1.224
1.324
1.324
0
0
1.424
0.4
0
0
1.224
0.3
0
1.224
0
1.624
1.224
1.224
1.224
1.224
1.524
1.424
0.1
1.424
0
1.224
1.424
1.224
2.448
2.448
0
1.224
0
1.424
0
0
0
0
0
0
1.324
0
0.6
0
1.2
0
1.224
0
0
0
1.224
0
0.1
0.1
1.224
0.1
0
0
1.224
0
0
2.624
1.224
1.224
1.836
3.36
3.06
2.736
3.76
1.836
3.136
3.06
3.06
2.036
3.06
3.06
1.836
1.936
1.836
1.936
1.836
1.836
1.836
1.836
1.936
1.836
3.06
1.836
1.836
3.06
1.836
3.06
1.936
2.236
1.836
1.836
1.836
2.236
1.836
1.836
3.06
3.16
1.936
1.836
3.06
3.06
2.036
3.16
3.06
3.06
3.46
1.836
1.836
3.06
1.836
4.284
4.284
7.284
4.284
3.06
3.06
4.384
4.384
4.384
3.06
4.284
1.936
3.06
3.06
3.26
1.836
1.836
0.3
0.9
0
0
1.324
0.6
1.224
