2.948
0
1.424
1.224
1.424
0.2
0
0
1.424
0
1.224
0
0.1
0.2
0.2
0
0.1
0
0
0
0
0
0
0
1.224
0
1.324
1.324
1.224
1.224
1.936
1.224
1.524
1.424
0.1
1.324
1.224
1.224
0
1.424
1.224
1.324
0
0
0
0
1.324
0.1
1.224
1.324
0
0
1.224
0
0
0
1.324
0
1.324
0.3
0.1
0.1
0
0.5
1.524
1.324
0
0.1
0
0.2
1.224
1.524
1.224
1.224
1.724
1.224
0
0.1
0
1.224
0.1
0
0
0
0
0
0
0
0
0.3
1.224
0
1.324
0
0
1.224
1.324
1.224
0.1
0
0.1
0.3
0.1
1.224
1.224
1.224
2.448
0.3
0
1.224
2.948
1.224
1.224
0
0
0
2.448
0.1
1.224
1.324
0.6
0
0
1.624
0
1.224
1.324
0
0
0.2
2.748
0
0
0
1.324
0.2
0
0
0.1
1.624
1.224
0.1
0
0.1
0
0
0
0.1
1.324
0
0
1.324
1.324
2.448
1.424
1.424
1.424
0
2.548
0
1.324
0
1.224
1.224
1.324
0
0
1.224
1.324
0.6
1.324
1.424
1.224
1.224
1.224
0
0
0
0
1.524
1.324
0
0
0
1.324
0
0.1
0
0
0
0.1
1.224
1.224
0.2
0
0
0
2.648
2.448
0.2
1.224
0
1.224
0.2
1.724
0
1.224
1.524
0.2
1.224
0
1.324
0
0
1.224
1.624
1.224
1.524
0
0
0
0
1.424
1.224
1.224
1.424
1.224
1.224
1.424
2.448
3.16
3.06
0
0
0.1
0
0.1
0
1.224
0.1
0
0.3
0
1.224
3.06
0
1.224
0
0
0.3
0
0
0
0
0.1
0
0
0.1
0.1
0
0.1
1.224
1.224
0.2
0
1.224
0.1
0
1.224
0
1.224
1.324
1.224
0
0
0
0
0.1
2.448
2.448
2.448
1.224
1.324
1.224
1.224
1.324
0
0
1.836
1.836
1.836
3.06
1.836
0.1
0
1.224
0
1.224
0.1
2.448
0
2.448
0.1
0
0.1
0
0
1.424
0.1
1.224
0.2
0
0
0
0.1
0
1.224
1.224
0
1.324
2.448
0.1
2.548
1.424
0.1
1.224
0
0
0
0
0
0
0
0.3
0.1
0
0
0
2.448
1.224
1.224
1.224
0.3
1.224
1.224
0
1.224
0
1.224
2.448
2.448
2.848
0.6
1.724
0
0
1.224
1.224
0
1.324
1.324
0
1.224
1.224
0
0
0
1.224
0
0
0
0
0
0
0
0
0.1
0
0
0.1
0.1
0.2
1.224
1.836
1.224
1.224
1.224
2.648
2.448
1.224
1.224
2.448
1.924
1.224
1.224
1.836
0
2.448
2.448
1.224
1.324
1.324
2.448
1.324
1.224
2.548
1.224
1.224
1.224
1.224
1.624
1.324
2.548
1.224
1.224
1.324
2.548
1.224
2.448
1.224
1.224
1.224
1.224
1.424
3.672
1.324
1.224
2.448
1.324
1.224
1.224
3.772
1.224
1.224
1.324
1.224
2.448
3.972
1.324
3.672
1.224
2.648
1.224
3.672
1.224
1.224
1.224
1.224
1.324
1.224
1.224
1.224
1.224
1.224
1.224
2.448
1.224
1.224
2.548
1.424
1.224
1.224
1.324
1.424
1.224
1.324
1.424
1.624
2.648
1.224
1.324
2.848
1.224
2.448
1.224
1.224
1.324
1.224
1.324
1.524
1.424
1.224
2.448
1.224
1.224
1.224
1.224
2.448
1.424
1.224
2.448
1.224
1.324
1.224
1.324
1.224
1.224
1.224
1.324
1.224
1.224
1.324
1.224
3.672
1.224
1.224
1.224
1.224
1.224
1.224
2.448
1.324
1.224
1.224
1.224
1.424
1.224
2.548
1.224
1.224
2.948
1.224
2.448
1.224
1.224
1.224
1.524
1.224
1.324
2.448
1.224
1.324
1.524
2.448
1.224
1.224
3.672
2.448
1.324
2.548
1.224
1.224
1.424
2.548
1.324
1.524
1.324
1.224
1.424
2.448
2.448
1.324
1.224
1.224
2.448
1.324
1.224
1.424
1.224
1.224
1.224
2.448
1.224
1.224
2.448
2.448
2.648
1.324
2.448
2.448
1.224
1.224
1.224
1.224
1.224
1.224
1.224
1.224
1.224
2.748
1.324
1.224
1.224
1.224
1.224
1.224
1.224
2.448
1.224
1.224
1.324
1.324
2.448
1.224
1.224
2.448
1.224
1.324
1.224
1.224
2.448
1.224
1.324
1.224
1.224
1.224
2.548
1.224
1.224
1.224
2.448
1.324
1.224
1.224
1.224
1.224
1.324
1.224
2.848
1.324
2.448
1.224
1.224
1.224
1.224
1.224
1.224
1.224
2.548
1.224
1.224
1.324
2.448
1.224
1.324
1.224
1.324
1.324
1.224
1.224
1.224
1.224
2.448
1.224
2.448
2.448
3.672
1.324
1.324
1.324
2.548
2.448
2.448
1.224
1.424
1.324
1.324
1.224
1.224
1.224
1.424
1.224
2.448
1.224
1.224
1.224
1.224
1.324
2.548
2.448
1.224
1.224
1.224
1.224
1.224
1.224
1.224
1.224
2.448
1.424
2.448
2.548
1.324
2.448
1.224
1.224
1.224
1.224
1.224
1.324
1.324
1.224
1.224
1.224
1.224
1.224
1.224
1.324
1.224
1.224
1.224
2.448
1.224
1.224
2.448
1.224
1.224
1.524
1.424
2.448
1.224
2.448
1.224
1.224
1.224
3.672
1.224
1.224
1.224
1.224
1.224
1.224
1.324
1.224
2.448
2.448
1.224
1.224
1.224
1.224
2.848
1.224
1.224
1.224
1.224
1.224
1.224
1.224
1.224
1.224
3.772
1.224
1.524
2.448
1.224
1.324
1.224
1.224
2.548
1.224
2.548
1.324
1.424
1.224
1.224
1.224
1.224
1.824
2.548
1.324
2.448
1.324
1.224
1.224
2.448
1.224
1.224
1.224
1.224
1.324
1.524
2.648
2.448
1.224
1.224
2.448
1.224
1.224
1.224
1.224
2.448
2.448
1.424
2.548
1.224
1.224
1.224
1.324
2.448
1.224
1.324
1.324
1.424
1.224
1.424
1.224
3.772
1.224
1.324
1.324
1.224
3.672
1.224
1.224
1.224
1.224
2.448
2.448
1.524
1.224
3.672
2.448
1.224
1.224
1.224
1.224
1.224
1.224
1.224
1.224
1.224
1.324
1.224
1.324
1.424
1.224
1.224
3.672
2.448
2.548
1.224
1.324
1.224
1.224
2.448
1.224
1.224
2.548
1.224
2.448
1.224
1.224
1.324
1.424
1.224
1.224
1.324
1.324
2.448
1.224
1.224
1.224
1.224
1.224
1.224
2.548
1.324
2.448
1.224
1.224
1.224
2.448
1.224
1.224
1.424
2.548
3.672
1.424
2.448
3.672
2.448
2.448
1.224
1.324
1.224
1.324
2.648
2.448
1.224
1.224
1.224
1.224
1.324
1.224
1.224
2.448
1.224
3.772
1.224
2.448
1.224
1.224
1.224
1.224
1.224
1.224
1.224
1.224
1.224
2.448
2.448
1.224
1.224
1.224
1.224
1.424
1.324
1.224
2.448
1.224
1.224
2.448
1.224
2.548
1.224
2.748
2.448
1.224
1.224
2.448
1.224
3.26
3.16
1.224
1.224
1.224
1.224
2.448
1.424
4.272
1.224
1.324
1.424
1.424
1.324
1.224
1.224
1.224
1.224
1.224
1.224
1.224
1.224
1.224
1.324
3.06
3.26
1.224
1.324
1.324
1.224
1.224
1.524
1.324
3.16
1.224
1.224
3.672
2.448
1.224
1.224
1.224
1.224
1.324
1.224
1.424
1.324
1.224
1.224
1.324
1.224
1.224
1.224
1.424
1.224
2.648
2.448
1.224
1.324
1.324
3.16
3.06
3.06
4.284
3.06
3.06
3.16
3.16
3.06
3.06
3.06
3.06
3.06
3.06
4.284
4.284
3.16
0.2
0
0
0.1
0.3
1.936
1.224
0
0
0.2
0.2
0
0
0
0
0.3
0
1.324
0
1.224
1.224
0.2
0
0.1
0
1.224
0
1.224
0
0.1
0
1.224
0
1.224
1.224
0.1
1.224
0.1
0
1.424
1.324
2.448
1.224
0.2
0
0
0
0
0.1
1.224
0.1
1.224
0.1
0
1.224
0.1
0
0
0
0
0.5
1.224
0
2.448
0
0.4
0
0.1
1.224
1.624
1.224
0
0
1.224
0
0
1.524
1.224
1.724
1.324
1.224
1.224
0
1.224
0
0
0
1.724
0
0.1
0
2.548
1.224
0
0.1
0.2
0
0
0
1.324
0.1
1.324
1.524
0.1
0
1.224
1.224
2.448
0.2
0
0
0
0
1.224
0.2
0
0
0
1.224
0
0
0
1.324
1.224
0.1
1.324
1.224
0
0
0.1
0
1.224
0
0
1.224
0.1
2.548
0
0
0.1
0
0
0.1
0.1
0
1.324
1.224
0
0
2.548
1.324
1.424
0
1.224
0.1
0
1.224
0
2.448
0
0
0
1.224
0
1.224
1.224
1.324
0
0.1
0
2.448
0.1
0.1
2.548
0
0.4
1.224
2.448
0.1
1.724
0
0.3
0
0.4
1.224
0
0
0.1
1.224
2.548
1.424
0
0
1.224
1.224
0
0
0
1.224
0
2.448
0.1
1.224
0
1.324
0
0.1
0
0
1.424
0
0.1
1.224
0
1.224
0.3
0
1.224
1.324
1.224
0
0
0.1
0.1
1.224
2.648
1.324
1.224
0
1.224
1.224
0
0.1
0
0.1
0.1
0
0
1.324
1.324
0
1.224
1.224
0
0.1
0
0
0
0.1
0
1.424
1.224
1.324
1.624
0
0.1
0
0
0.5
0.2
1.224
0
0.1
0
0
0.1
0
0.1
0.2
1.224
1.324
1.324
1.224
1.224
2.448
0
1.324
1.224
0.2
0.2
0
1.324
0
0
1.224
1.324
0
0
0
1.224
0.2
0
0.1
0
1.224
0
1.324
1.324
1.424
0.1
0
1.224
0
0
0
0
0.1
1.224
1.224
1.224
1.424
1.224
1.224
1.524
0.2
1.224
0
0
1.424
0
0
2.024
0.1
1.224
2.448
1.224
0
0
0
0.1
1.324
0
1.224
0
1.324
0
1.224
0
0.1
0
0
0.2
1.424
0
1.324
1.224
0
1.424
1.224
0
0.2
0
1.224
0
1.324
0.2
0.1
1.324
1.324
0.1
1.324
0
1.324
1.324
0
0.1
0.1
0
1.224
0
0.2
0
0
0
2.448
0
0
0
0
0
1.224
0
1.524
0
0
0
0
1.224
0
1.224
0
0
0
1.224
0
1.224
1.224
0.1
0.1
0.1
1.324
0
1.224
0.1
0
1.324
0.1
0
0
0.1
2.548
0
1.324
2.448
1.224
1.324
1.324
1.324
0
1.324
1.424
0.1
0
1.424
0
1.424
0
2.448
1.324
0
1.424
1.324
0
0.1
1.224
0
0
0
1.324
0
2.548
1.224
0
1.224
1.224
1.224
1.224
1.224
0
1.224
1.324
1.724
0
0.1
1.424
1.224
0
0.1
0.3
0
0
0
0
0
0
1.424
0.2
1.324
0
1.624
1.224
1.224
0.1
1.224
0
0
1.224
0
2.648
0.1
1.324
0
0
1.224
0
0
0.1
1.224
0
0
0
1.224
0.1
1.224
0
0.1
1.224
1.224
1.224
0
1.224
0
1.324
0.1
0.1
0
1.224
1.224
1.224
0
0
0
0
3.048
1.224
0
1.324
0
1.224
1.224
0
1.224
0
0
0
0
0
1.224
0
1.424
2.448
0
0
0.2
0
2.448
1.524
0.1
1.224
0
0.1
0
1.224
1.224
0
0
1.524
0
1.224
0
0
0
1.224
0
0
0.1
0
1.224
1.224
1.424
0.1
0
1.224
0
0.2
1.224
1.224
0
0
2.448
0
0
1.424
0
1.424
0.7
1.224
1.224
0.1
0
0
1.224
0.1
1.224
0.1
1.224
0.1
0
0.2
0
0.1
0.1
1.224
1.224
1.324
0.1
0
1.224
0
0
1.224
0
0.1
1.324
0
0.1
0
1.224
1.224
2.548
2.448
0.3
1.324
1.224
1.524
1.324
1.324
0.1
2.748
0
1.324
0
0
1.224
0
1.324
0
0
1.324
1.324
0
0
1.224
0
0
0
0
0
1.224
0
1.224
0.2
1.324
1.824
0
0
0
0.1
0.2
0
1.224
0
0.2
0
0
0
0
1.224
1.224
0.1
1.224
0
0.2
1.224
1.324
0.1
0.4
0
1.824
0
1.224
0.1
0
0.1
1.424
1.224
0
1.324
0
0
0
1.224
1.224
0.2
1.224
0.1
1.324
1.324
0.7
1.224
1.224
2.548
0.1
0
0
0.3
2.448
1.324
0
0
0.1
1.224
1.424
1.424
0
0.1
0.1
1.224
0.1
1.424
1.324
0
0
0
1.424
1.224
2.548
1.224
1.224
0
0.1
0
0.2
1.224
0
0
1.524
0.1
0
0
0
0
2.448
1.324
1.324
0.2
1.224
1.324
1.224
1.224
1.324
1.424
1.324
1.224
0
1.324
1.424
2.448
1.224
0
1.224
0.2
0
1.324
1.324
1.624
0
2.448
0
2.548
0
0
1.224
0.1
0.1
0.1
1.224
0.1
0
0
1.224
0.1
0
0
0
1.324
1.224
1.324
0
0
0
1.224
0
1.224
1.224
0.1
1.424
1.224
1.224
1.224
1.624
0
1.724
0
1.324
1.224
0
0
1.224
2.448
0
0
1.224
0
1.224
0
1.324
0
1.224
2.124
1.224
0
1.836
1.936
2.136
3.56
1.936
3.06
4.784
1.936
1.936
3.06
1.836
1.836
1.836
2.036
1.836
3.06
1.836
1.836
3.16
1.836
1.836
1.836
1.836
1.936
1.936
1.836
1.836
2.036
1.836
1.836
1.836
1.836
3.06
3.06
4.284
1.836
1.836
1.836
4.384
1.836
1.836
3.06
3.06
2.036
5.508
3.26
3.16
3.06
3.06
1.836
1.836
3.06
3.06
3.06
3.16
7.608
5.508
3.06
3.06
3.06
3.06
3.16
1.836
1.836
3.06
1.836
3.06
1.836
0.1
3.348
2.548
1.224
2.448
0.4
2.448
