2.648
0.5
3.448
2.748
2.548
0
0.2
1.224
1.224
0
1.324
0
0
0.4
0.3
0.1
0
1.224
1.224
1.224
0.2
0.2
1.224
1.224
1.724
1.224
2.548
2.748
2.448
2.448
3.26
1.224
1.624
1.224
0.1
1.724
1.224
1.224
0.1
1.324
1.324
1.824
0
0
0
0
1.324
0.1
1.624
1.624
0.1
0
1.624
0
0.1
1.224
1.224
0.1
1.324
0.1
0.6
0.3
0
1.424
1.724
1.324
0
0
0
0.7
1.524
1.724
1.324
1.224
2.624
1.924
0
0.3
0
1.224
1.524
0
0
0
0
0
0
0
1.224
1.624
1.224
1.224
1.324
0
0
1.324
1.224
1.324
1.324
1.224
0
0.4
0
1.324
2.448
1.324
2.448
1
0
1.324
2.548
1.224
1.224
0
0
0.1
2.448
1.324
1.224
1.224
1.3
0
1.224
1.924
0
1.224
1.224
0.1
0
0.4
2.448
0
0.1
0
1.924
0.8
0.2
0
0.1
1.624
1.324
1.424
0
0.1
0
0
0
0.3
1.224
0
0
1.324
1.224
2.448
1.324
1.524
1.624
0.4
2.648
0.2
1.224
0
1.224
1.224
1.424
0
1.324
1.324
1.224
2.624
1.324
1.624
1.224
1.324
1.224
1.524
0
0
0
1.324
1.224
0
0
1.224
1.424
1.624
0.3
0.1
0.1
1.224
0.2
1.324
1.324
0.3
0.1
0.1
0
2.648
2.448
1.424
1.524
1.224
1.224
0.1
2.424
0
1.224
1.424
1.324
2.448
1.224
1.424
1.624
0
1.224
2.124
1.224
1.624
0
0
0
1.224
1.724
2.448
2.448
1.424
1.224
1.224
2.448
2.448
4.284
4.284
0
0.1
1.324
0
1.924
0
1.224
0.1
0
0.3
0.2
1.224
3.06
1.224
1.224
1.224
0.1
0.5
0
0
0
0
1.224
0
0
0.1
1.324
0
1.224
1.224
1.424
0
1.224
1.224
0.3
1.224
1.224
1.224
1.224
1.324
1.224
1.224
0.5
0
1.224
0
2.648
2.448
3.672
1.224
2.948
2.448
2.548
1.324
0
0
1.836
1.836
1.836
4.284
1.836
0.4
0.1
1.224
1.424
1.224
0.1
2.448
1.624
2.548
0
0.3
0.1
0
0.1
1.424
1.224
1.424
1.224
0
0.1
1.224
1.224
1.224
1.224
1.224
0.1
1.324
2.448
0.1
2.448
1.524
0
1.224
0
1.224
0
0
1.524
1.324
1.224
0.2
0
0
0.1
0.2
2.848
1.224
1.224
1.324
0.6
1.324
1.424
0.3
1.324
1.324
1.324
2.548
2.448
2.448
0.8
2.024
1.324
0
1.224
1.224
1.224
1.724
1.224
0
1.324
1.324
0
0.1
1.224
2.448
0.1
1.224
1.224
0
1.224
0
1.224
0
1.324
0
0.1
0.1
1.224
1.724
2.448
1.836
2.448
1.624
2.448
2.548
2.648
1.224
1.324
3.672
2.948
2.448
2.748
1.836
0
2.548
2.448
2.448
2.448
2.548
2.448
1.424
2.244
2.448
2.448
2.448
1.524
2.448
1.724
1.524
3.872
1.224
2.548
1.224
2.548
2.448
4.692
1.324
1.224
2.548
1.324
3.148
3.772
1.224
2.448
2.548
1.324
2.648
2.548
3.672
1.324
1.324
2.648
2.448
2.448
3.972
1.224
4.996
2.448
3.872
2.448
4.896
2.548
2.448
2.448
1.224
1.324
1.424
2.648
1.224
2.448
1.524
1.224
2.548
1.524
2.448
2.448
2.948
1.224
1.324
1.224
1.424
2.748
1.224
1.324
2.124
2.848
2.448
1.624
2.748
1.224
3.872
3.048
1.324
2.848
2.448
1.324
2.548
1.224
1.224
2.448
1.424
2.548
1.224
2.448
3.772
2.648
1.224
2.448
2.448
2.548
2.448
1.224
1.224
2.548
1.224
2.848
2.448
1.224
1.424
1.424
3.672
1.224
1.224
2.548
2.748
2.448
1.224
2.448
2.648
2.548
1.224
2.448
2.448
2.448
2.448
2.448
1.224
3.148
1.224
2.448
1.224
2.448
2.548
1.524
1.224
2.448
2.448
2.448
2.448
2.748
2.448
1.424
2.448
3.672
2.648
1.224
2.548
2.748
1.224
2.548
2.548
2.448
1.324
2.648
2.648
1.224
2.548
2.448
1.324
2.448
1.224
2.448
1.324
1.224
2.548
1.224
1.324
3.048
2.448
1.224
1.224
3.568
2.448
2.748
1.224
2.548
4.172
1.224
1.224
1.224
2.448
1.324
1.224
2.448
1.224
1.224
2.648
1.324
2.448
1.224
1.224
1.224
1.324
2.448
2.548
2.448
1.224
1.224
2.448
2.548
1.724
1.224
2.448
1.224
1.224
1.424
2.448
2.448
2.448
2.548
1.224
2.448
2.548
3.972
1.224
2.548
2.448
3.468
2.448
1.424
1.224
1.224
1.724
1.224
1.224
2.848
2.748
3.672
2.648
1.224
1.624
1.224
2.448
2.848
2.448
3.672
1.224
1.224
1.324
2.648
1.324
1.224
2.548
2.448
2.448
1.224
1.224
2.548
2.448
2.448
1.224
2.648
3.672
3.672
1.324
2.448
1.324
2.448
2.448
2.548
1.224
1.324
2.448
1.424
2.448
2.448
1.224
2.648
1.224
3.872
1.224
1.524
1.224
1.224
2.448
3.672
2.448
2.448
1.224
2.548
2.448
1.324
1.224
2.448
1.724
2.648
2.548
2.548
3.872
2.948
2.448
2.448
2.448
1.224
2.648
1.224
1.524
2.448
1.224
2.448
2.548
1.224
1.424
2.548
1.424
1.224
2.448
2.448
2.548
2.448
2.648
3.672
1.324
1.424
1.624
1.324
2.448
2.748
3.468
2.448
2.448
1.224
3.672
2.448
2.448
1.324
2.448
1.224
2.448
1.224
1.224
2.548
2.448
1.224
2.448
2.448
2.548
3.548
1.224
1.324
2.548
2.548
2.548
1.224
2.548
1.624
2.748
5.096
1.224
1.324
4.792
1.224
2.648
2.448
1.224
2.448
1.224
2.448
1.424
2.548
1.224
2.448
1.324
2.448
2.224
4.172
1.224
3.468
1.624
2.448
1.224
2.448
1.324
1.224
2.448
1.224
2.548
1.424
3.672
2.448
2.448
2.448
2.448
2.448
2.448
2.548
1.224
2.448
2.448
2.448
2.548
2.448
2.448
1.224
2.748
2.448
2.748
2.648
1.424
2.548
2.448
2.548
1.224
4.896
1.224
2.648
2.848
2.548
3.872
1.224
1.224
1.224
1.224
3.872
2.448
2.548
2.548
3.672
3.672
2.448
2.448
2.448
2.448
2.448
1.224
2.448
1.224
2.448
2.648
2.448
1.324
2.448
1.224
1.224
3.672
2.548
3.772
1.224
1.224
1.224
2.448
2.448
2.448
1.224
2.448
1.324
2.448
1.224
1.224
2.448
2.548
2.548
1.224
2.448
2.448
2.448
2.548
1.224
2.448
2.548
2.448
1.224
3.672
2.748
2.448
1.224
1.224
1.224
2.448
1.424
2.448
1.424
2.548
3.672
2.748
2.448
4.996
3.672
3.872
2.448
2.548
1.224
2.648
2.948
2.448
1.524
2.448
2.448
1.224
1.224
2.448
1.324
2.448
2.448
3.772
2.548
2.448
2.548
2.448
1.224
1.224
2.448
2.448
1.224
1.224
1.324
2.548
2.548
1.224
2.448
1.324
1.224
3.148
1.524
1.224
2.448
1.324
2.448
2.448
1.224
2.748
2.448
2.648
3.972
1.224
2.544
2.748
2.448
4.684
5.084
1.324
2.448
2.448
2.448
3.048
2.448
5.196
2.448
2.648
2.548
1.324
1.424
2.548
2.448
2.648
2.448
2.548
2.548
1.224
1.224
1.224
2.448
3.16
4.284
1.224
2.548
2.748
2.448
2.748
2.848
2.448
4.484
1.224
1.324
3.672
2.548
2.548
2.448
1.724
2.448
2.548
2.448
2.848
2.648
2.448
1.224
1.224
1.424
2.848
2.848
2.748
2.448
2.848
2.448
1.324
1.524
1.224
4.484
3.06
3.16
4.284
4.384
3.06
4.384
4.484
3.06
3.06
4.284
4.284
4.484
3.06
4.284
4.284
4.584
1.224
1.224
1.324
1.524
1.324
2.136
1.624
1.224
0
0
0.1
1.324
0
0
0
0.4
0
1.624
0.2
2.548
1.424
0
1.224
0
0
1.424
0.2
1.224
0.1
0
0
1.224
0
1.224
1.324
1.224
1.224
1.724
0
1.324
1.324
2.448
1.224
0.1
0
0
0
0
0
1.224
1.624
1.524
0.1
0
1.324
0
1.324
0
0
0.1
1.3
1.224
0.1
2.448
0.2
1
1.324
0
1.224
1.424
1.224
0.1
0
1.224
0.1
1.224
1.424
1.424
1.924
1.224
1.224
1.224
0
1.324
0.2
1.224
0.1
1.424
0.1
0
0.2
2.448
1.324
0
0.1
1.324
0.1
0
0.1
1.224
1.224
1.324
1.324
1.324
0
1.224
1.224
2.448
0.1
0.1
0
0
0.2
1.224
0.2
0.2
0
1.224
1.224
0.1
0
0
1.324
1.324
0
1.324
1.224
0
0
0.2
0.1
1.224
0
0
1.424
0
2.648
0.1
0
0.2
0
0
0.2
0.1
0
1.224
1.224
0
1.224
2.548
1.624
1.424
0
1.324
0
0
1.224
0
2.448
0
1.224
0
1.524
0
1.224
1.224
1.524
0
1.224
0.3
2.548
0.1
0.2
2.548
0
0.6
1.224
2.548
0.2
1.524
0.3
1.324
0.1
0.6
1.424
0
1.224
0.2
1.324
2.648
1.224
0
0
1.224
1.224
0.2
0
0.1
1.224
0
2.448
0
1.924
0
1.624
0
0
0
0
1.524
0.3
0.3
2.648
0.1
1.424
0.7
0
1.324
1.224
1.224
0
0
0.2
0.1
1.424
2.648
1.324
1.224
0.2
1.324
1.224
0
0.2
0
1.224
1.224
0
0
1.224
1.524
0
1.224
1.224
0
0
0
0
0
0.1
0.2
1.524
1.224
1.324
1.324
0.4
0
0
0
0.6
0.8
1.224
0.2
0.3
0
0
0
0.1
0
1.424
1.224
1.224
1.324
1.224
1.324
2.548
0
1.324
1.224
0.4
0.2
1.224
1.224
0
0.1
1.524
1.324
0
1.224
0.1
1.224
0.1
0
0.1
0.3
1.324
0.2
1.224
1.224
1.224
0
0
1.324
0
0
0
0
1.624
1.224
1.524
1.224
1.424
1.224
1.324
2.124
0.7
1.224
0.2
0.1
1.424
0
0
1.624
0.3
1.224
2.448
2.448
0.1
0
0
0
1.224
0
1.224
0.1
1.324
0
1.424
1.224
0
0
0
0
2.024
0
1.224
1.224
0
1.624
1.224
0
0.3
0
1.224
1.324
1.524
0
0
1.324
1.324
0.1
1.324
0.1
1.424
1.524
0
0.1
0.2
1.224
1.224
0
1.324
0
0.1
0.1
2.448
1.224
0
0
0
0.1
1.324
0.1
1.624
0.1
0
0
0
2.748
1.224
1.224
0
0
1.224
1.224
0
1.224
2.648
0
0.1
0
1.224
0
1.224
0
1.224
1.324
0
0
1.224
0.1
2.548
0.1
1.424
2.648
1.224
1.224
1.324
1.424
0
2.548
1.524
0
0
1.624
0.1
1.624
0
2.448
2.448
0
1.624
1.224
0
0.3
1.224
0
0.1
0
1.224
0.1
2.448
1.224
0.1
1.524
1.324
1.224
1.224
1.324
0
1.524
1.324
2.224
0.4
0.1
1.824
1.224
0
0.3
0.3
0.1
1.224
0
1.324
0
0.2
1.224
0.1
1.224
1.224
1.624
1.224
1.224
0.5
1.224
0.1
0.8
1.424
0
2.848
0
1.224
0
0
1.324
0
0
1.224
1.324
0
1.224
0
1.224
0.1
1.224
0.1
0.1
1.224
1.224
1.224
0
1.224
0
1.324
0.1
0.6
0
1.224
1.424
1.224
0.1
0
0
0
2.648
1.324
0
1.324
0
1.324
1.324
0
1.224
0
0.1
0
0
0
1.324
0
1.524
2.448
0
0.2
0.4
0
2.448
1.224
0
1.224
0
1.224
0
1.224
1.224
0.1
0.1
2.524
0
1.324
0
0
1.224
1.224
0
0
1.224
0
1.324
1.224
1.424
0.1
1.224
1.224
0.1
1.324
1.224
1.324
1.224
0
2.548
0
0.1
1.524
0
1.224
0.1
1.424
1.424
0.4
0
0
1.224
0.1
1.224
0.2
1.224
0
0
0.2
0
0.1
0.3
1.224
1.224
1.524
0.2
1.324
1.424
0
0
1.224
0.1
0.2
2.548
0
0
0.1
1.224
1.224
2.448
2.548
0.1
1.224
1.224
1.324
1.424
1.324
0.3
2.848
0
1.424
0.1
1.224
1.224
0
2.548
1.224
0
1.524
1.224
1.224
1.224
1.224
0
0
0
0
0
1.224
0
1.224
1.224
1.224
1.924
0.1
0
0
0.3
0.5
1.224
1.224
0
1.524
0
0.1
1.224
0.2
1.224
1.224
0.2
1.224
0
0
2.648
1.324
0.5
1.624
0.1
1.624
1.224
1.224
0
0
0.1
1.524
1.224
0
1.324
0
0
0.3
1.324
1.324
0.1
1.524
0.1
1.224
1.224
1.7
1.224
1.224
2.548
1.224
0.3
1.924
1.5
2.448
1.324
0
0
0.3
1.324
1.624
1.424
0.3
0
0.1
1.324
0.1
3.348
1.324
0
0
0.1
1.324
1.224
2.848
1.224
1.324
0
1.224
0.1
0.1
1.224
0.1
0.2
1.624
0.1
0.1
0
0.4
0
2.448
1.224
1.724
0.4
1.424
1.424
1.324
1.224
1.224
1.224
1.924
1.324
0.1
1.824
1.924
2.448
1.224
0
1.424
0.3
1.224
1.324
1.224
2.024
1.224
2.448
0
2.848
0
0
1.224
0.1
0.3
0.1
1.424
0.1
0.1
0.2
1.224
0.2
0
0.5
1.324
2.648
1.224
1.324
0
0
0
1.524
0
1.324
1.424
1.524
1.624
1.224
1.324
1.324
1.524
0
2.324
0
1.224
1.224
0
0
2.448
2.448
0.3
1.524
1.324
1.224
1.224
1.224
1.524
0.1
1.224
3.748
1.324
0
1.836
2.536
2.036
3.56
2.336
3.06
4.884
3.16
3.16
3.16
1.836
1.836
1.936
2.036
3.06
3.06
2.036
3.06
3.26
3.06
1.936
3.06
3.06
1.936
1.936
3.06
3.16
2.036
3.06
3.06
3.06
1.936
3.06
4.284
4.284
3.56
3.06
3.06
4.284
3.06
1.836
3.06
3.06
3.46
6.732
3.46
3.16
3.06
3.06
1.836
1.836
4.384
4.284
3.06
4.384
5.508
11.852
4.384
3.06
4.284
4.284
4.484
1.836
3.06
3.06
1.836
3.06
1.836
0.1
4.248
2.548
1.324
3.048
1.624
3.248
