0
0.1
4.272
2.548
3.672
0.1
0
1.224
0.1
0
0
1.224
0
0.3
0
0
0
1.224
1.224
1.324
2.448
2.448
1.224
1.224
0.1
1.224
1.224
3.672
4.996
3.672
3.06
2.448
0.4
0
0
0.1
0
0
0
0.1
0
1.224
0
0
0
1.224
0
0
0.1
2.448
1.224
0
2.448
0
0
1.224
0
0
0
1.424
0.6
0.1
0.1
1.324
0.1
0.1
0
0
1.424
0.3
0
1.224
0
0
1.724
0.1
0
0.2
0
0
2.448
0
1.224
0
0
0
0
0
1.224
1.324
0
1.324
0
0
0
1.224
1.224
0
1.224
1.224
0
0.1
0
0
1.224
0
0
0.1
0
0
0
0
0
1.224
0
0.1
0
1.224
0
0
0.4
0.1
1.224
0.1
0.1
0
0
1.224
0
1.224
0
0
0
0
1.224
0
1.224
1.324
1.224
0.1
0
1.224
0
1.224
0
0.1
1.224
0.1
0
0
1.224
0
0.1
0
0.1
0.1
0
0
0.3
0.1
0
0
0
0
0.1
0
1.224
0
0.1
1.824
0
0
1.224
0
1.224
2.448
0
0
2.448
0
0.1
1.324
0
2.448
0
2.548
1.324
1.224
0.1
2.448
0
1.224
0
1.424
1.324
1.224
1.224
0
1.224
1.624
0
1.224
0
1.224
0.4
0
0
1.424
2.548
1.224
2.448
0.1
1.324
0
0
0.7
0
0.3
0
1.224
0
2.548
2.848
3.772
3.672
2.548
2.448
2.548
3.972
2.448
5.608
5.508
1.224
0
2.448
0
2.948
1.224
1.224
1.424
0
1.524
1.324
1.224
1.836
1.224
0
1.224
1.324
0.3
1.224
0
1.224
0
1.224
1.224
0
0
2.548
1.324
3.772
0
0
0.3
2.448
0
0.1
2.448
1.224
3.672
0
0.2
1.224
2.448
0.1
1.224
2.548
0
1.224
0
2.448
1.224
3.672
3.672
3.872
0
1.224
1.224
4.484
4.284
4.284
5.508
1.836
0.2
0
0
1.224
0.1
0
0
1.224
0
0.1
0
0
0
0
0.1
1.224
0
1.224
0
1.224
1.224
1.224
2.548
0
1.224
0
1.224
0
0
0.1
0.1
0.2
0
0
1.224
0
0
1.424
1.324
1.224
1.324
1.224
0
0
0.1
0.3
0
0
1.224
0.3
0
0.1
1.224
1.324
2.448
0.2
0
1.224
0
0.4
0.3
1.224
0
0
0
1.224
1.324
1.224
0
1.224
1.224
1.224
0
1.224
2.448
0
2.548
2.448
1.324
2.448
1.324
1.224
0
1.424
0
0
0
2.548
2.848
2.448
1.836
2.448
1.224
3.672
2.648
1.324
1.224
1.224
3.672
2.848
2.448
2.448
3.06
0
2.448
1.224
2.448
3.672
3.772
1.224
2.648
2.448
3.672
3.672
3.672
3.872
3.772
1.624
2.448
2.448
2.448
3.672
1.224
1.324
2.448
2.748
1.224
3.672
3.672
2.748
2.548
1.324
3.672
2.448
2.548
3.872
3.872
2.448
1.324
2.448
1.224
5.096
2.548
1.224
1.524
2.548
2.448
3.672
2.448
2.448
2.448
2.448
3.672
2.448
2.448
3.872
2.448
2.448
1.224
2.448
2.448
1.324
2.448
2.448
2.448
1.224
3.772
2.448
2.548
2.448
1.324
3.672
1.324
1.224
2.848
1.224
2.448
2.848
1.524
1.224
2.448
3.772
2.448
2.648
2.448
1.324
2.748
2.448
1.224
1.224
1.224
2.448
1.324
3.772
2.548
2.548
2.448
1.324
2.448
3.672
3.672
2.448
2.448
2.448
3.672
5.096
3.672
1.224
2.848
1.324
1.224
1.224
2.548
3.672
2.448
2.448
2.448
1.224
3.772
3.672
2.448
3.672
3.672
2.448
2.548
3.672
1.224
1.524
2.448
1.224
3.672
2.448
5.096
2.448
2.448
3.672
1.224
3.672
3.772
3.872
2.448
1.224
3.772
1.224
1.324
2.448
1.324
2.448
2.548
2.448
2.548
2.548
2.448
3.972
3.972
3.772
1.224
2.448
1.224
3.772
2.448
1.224
1.224
2.448
3.872
2.448
1.224
2.448
1.224
1.324
1.224
1.224
2.448
2.748
2.648
3.672
3.672
2.448
1.324
2.448
2.448
2.448
2.448
2.448
3.672
2.448
1.524
2.448
2.448
2.548
1.224
1.324
2.448
3.672
1.224
2.548
2.648
2.548
3.672
1.224
2.648
1.224
1.224
2.548
2.448
2.448
3.672
1.224
2.448
3.672
1.224
3.672
2.448
2.648
2.548
2.448
2.448
1.224
2.448
3.872
1.224
1.224
2.548
1.424
1.224
1.624
3.872
3.672
2.448
1.224
1.324
2.448
2.448
2.548
5.696
3.872
1.224
1.224
2.448
2.448
2.548
2.448
3.672
3.672
2.448
1.224
3.772
2.448
5.196
1.224
1.224
2.448
2.448
1.224
1.324
2.448
2.448
1.224
1.224
1.224
1.224
3.672
4.896
3.672
4.896
2.448
1.224
3.772
1.224
4.996
2.448
2.448
2.448
1.224
2.448
3.672
1.224
3.672
3.672
3.672
3.772
2.548
1.224
3.672
2.548
2.448
3.672
1.224
2.448
2.848
1.224
5.196
2.448
3.672
3.672
2.448
1.224
3.772
1.224
2.448
2.448
2.548
1.324
2.448
1.224
3.672
3.772
4.896
2.448
2.448
2.648
3.972
2.548
1.224
2.548
2.448
1.224
3.672
1.224
3.672
2.548
1.224
1.224
2.448
3.872
2.448
2.448
1.224
3.772
2.548
1.224
1.224
1.224
1.224
3.672
3.672
2.548
1.724
2.548
1.224
4.896
2.448
3.672
2.448
3.672
2.448
2.448
3.672
2.448
2.648
2.648
2.448
3.872
3.672
2.448
2.548
1.224
1.224
3.672
2.648
2.448
3.772
2.548
3.772
1.924
3.972
1.224
1.324
1.224
5.296
2.448
1.224
2.548
3.672
2.448
3.672
2.448
2.448
3.672
1.224
2.448
2.448
1.224
3.672
4.896
3.672
1.224
2.448
2.448
3.772
1.224
2.448
3.672
2.448
3.772
1.224
2.448
2.748
3.672
4.896
2.448
2.648
1.224
3.672
2.548
2.548
2.848
3.672
1.224
2.448
2.448
2.448
1.224
2.548
1.224
3.972
3.672
1.224
3.672
3.672
3.672
5.496
2.448
2.448
2.448
3.672
3.772
2.448
3.672
3.672
2.448
3.672
1.224
1.324
1.224
1.224
3.672
1.224
1.224
2.448
3.672
1.224
3.672
1.224
1.224
1.224
1.224
1.224
1.224
2.448
3.772
3.872
2.448
3.672
2.448
1.224
2.448
2.548
2.448
4.072
3.672
1.224
4.896
3.772
1.224
1.224
2.448
3.672
3.672
2.448
2.448
2.648
1.324
2.448
3.772
1.224
3.672
3.672
2.548
3.772
3.672
2.548
4.896
1.424
2.548
1.224
3.672
2.448
3.672
2.548
2.448
2.448
3.672
2.448
1.224
2.448
2.448
4.996
3.672
2.448
1.224
2.448
2.448
1.224
1.224
2.448
2.448
2.448
1.224
2.548
1.224
1.224
2.748
2.548
2.648
1.224
1.224
2.448
2.448
1.224
2.548
3.672
1.424
3.772
3.672
1.224
1.224
2.448
5.808
6.008
2.448
4.896
2.448
3.672
3.672
3.672
4.072
2.448
3.972
3.972
3.672
1.224
3.672
3.672
2.948
3.772
3.772
3.672
3.672
3.672
3.672
4.896
5.608
5.508
2.448
4.996
4.996
4.896
3.772
2.848
2.448
5.508
1.224
1.224
1.224
1.224
2.548
2.448
3.972
3.672
3.872
3.672
2.448
2.448
2.448
2.448
3.872
2.548
2.448
2.448
2.448
3.672
2.648
3.672
3.672
3.672
3.672
4.284
5.508
5.508
3.06
7.032
3.06
7.132
7.932
5.608
5.608
7.632
5.608
6.832
4.484
4.284
4.284
6.832
1.224
1.224
2.648
2.848
2.548
3.06
2.448
1.224
2.448
0
1.224
2.548
0
2.448
0
0.1
1.224
0.2
0
2.448
2.448
1.524
2.448
0.1
0.1
0
1.224
0
0.1
1.224
0
0
1.224
1.224
1.224
1.224
0
1.524
1.224
0
1.224
0
0
1.224
0
0
0
1.224
1.224
0
1.324
0.2
0.1
1.324
0
0
1.224
1.224
1.324
1.324
1.724
0
1.424
0
1.324
0.3
2.648
0
0
1.424
1.424
0
0
0
1.224
2.448
1.224
1.224
0.1
0
0
0
0
0
0
1.224
1.224
0
1.224
1.324
0
1.224
2.448
1.224
0
2.548
1.424
1.224
0
0
2.448
1.224
1.224
1.224
1.224
1.224
0.1
0
1.524
1.224
1.224
0
1.324
0
1.324
0
1.224
2.448
0
0
0
0
0
0.1
0.1
1.324
2.448
1.224
0
1.224
1.224
1.324
1.224
0
0
1.224
0.2
1.224
1.224
1.224
1.224
1.224
1.224
0
1.324
1.224
0
1.224
1.224
0
0
0
1.224
2.448
0
0
0.1
1.224
0
1.224
1.224
1.224
0
0.1
1.224
0
0
1.224
1.224
1.424
1.224
1.224
1.324
0
1.224
0.1
0
0
1.224
1.324
1.224
1.224
1.224
0.1
0.1
0
1.224
0.1
0
0.2
0.1
1.224
1.224
1.224
0
1.424
1.224
0
2.448
1.224
0
1.224
0.1
1.224
0.2
0
1.224
0
0
1.324
2.448
1.424
2.448
1.224
1.224
1.1
1.224
0
2.448
0
1.224
1.224
0
0
0
0.1
0
0
1.224
1.324
1.224
1.224
1.324
0
2.548
1.224
1.224
1.224
0
1.224
1.224
0
0
1.224
0
1.224
1.224
1.224
1.224
1.224
0.1
1.224
0.1
1.324
0
0
0
1.224
0.4
0.2
0
0
0
0
1.224
1.224
0.2
1.224
2.448
0
0
0
0.1
0.1
1.224
0
1.224
0
0.1
0
1.224
1.224
2.448
0
1.324
1.224
1.224
2.448
1.224
0
1.224
1.224
1.224
1.224
1.324
1.424
1.224
1.224
1.224
0
1.224
0
0
1.224
1.224
1.224
1.224
0
0
0
0
0
0
1.424
0.1
2.448
0.2
1.224
0.1
0
1.224
1.524
0
0
0
2.448
0
1.224
2.448
2.448
0
1.224
0
1.224
0
1.224
0.1
1.224
1.224
1.224
1.224
1.224
0.1
1.224
0
0
0
1.424
1.324
1.224
0.3
1.224
1.224
1.224
0
0
0
0
1.224
1.424
0
0
1.224
0.3
0
0.1
0
3.672
0
0.1
2.448
1.224
1.224
1.324
0
1.224
1.224
1.224
1.324
0
0.1
1.224
0
0
1.224
0
1.224
1.324
2.448
0
1.224
1.224
2.548
1.224
1.224
0.1
2.548
0
0
1.224
1.224
0
1.224
0
1.224
0.1
0
0
1.224
1.424
0
1.324
1.324
1.324
0
1.224
0.1
0.1
0
2.548
0
2.448
1.224
0
1.324
0.2
0
0
2.548
2.448
0.1
0
1.224
1.224
0
0
1.224
0
1.224
0
0
0
1.224
1.224
0
0
1.224
2.448
1.224
0
2.448
1.624
1.324
0
1.224
0
0
1.324
0
0.1
2.448
1.224
2.548
0
1.324
1.224
0
1.224
1.224
0.3
0
1.224
0.2
0.1
1.324
0.1
0
1.224
0
1.224
0
1.224
1.224
1.224
0
1.324
2.548
1.224
1.224
1.224
1.224
0
1.224
2.448
0
1.224
0
0
1.224
0
1.224
0
0
0
0
1.224
0
0
1.224
0
1.224
0
1.224
0.1
1.224
0
0
1.224
0
0
1.224
0
1.324
0
0
0
0
0
1.224
0.3
0
0
1.324
0.1
1.224
0
0.2
1.224
0.1
1.224
2.448
0
0
0
0
1.324
1.424
1.224
0
1.224
0
2.448
0
1.224
1.224
2.448
1.224
0
1.224
1.224
1.324
1.224
0
1.224
2.448
0
0
1.224
0
0
1.224
1.224
0
1.224
0.1
1.424
0
1.324
0
2.548
1.224
0
0
1.224
1.224
1.224
0
1.224
0
0
0.1
1.324
1.224
0
0.1
1.224
2.448
0
1.224
0
0
0
1.224
2.448
1.324
1.224
1.224
0
0
0
0
1.424
0.1
0
0.1
0
1.224
1.224
1.324
1.224
2.448
1.224
2.448
1.224
0
2.448
1.224
0
0
0
2.448
2.448
0
1.224
0
0
1.224
1.224
0
1.224
0
2.448
0
0.3
0
0.2
0
0.2
1.324
2.448
0
0
3.872
1.224
0
2.448
1.224
1.224
0
0
0
0
0
2.648
0
0
1.224
0
0.3
2.448
0
1.224
0
1.224
1.324
1.224
0
0
0
0
1.224
1.224
0.1
1.224
0
1.324
1.224
2.548
0.4
1.224
1.224
0
1.324
0.2
1.224
0.2
0
1.224
1.224
0
1.224
0
0
0.1
0
1.524
0
1.224
1.324
2.848
1.224
1.224
1.224
0
1.224
0
1.224
1.224
0
1.224
2.448
1.224
1.224
0
1.224
2.548
0.1
1.224
0
1.224
0
1.224
0
0
2.548
2.648
0
0
0
1.224
1.224
1.224
1.324
1.224
1.324
1.224
0
0
0
1.224
1.324
1.224
1.224
0
1.224
0
1.224
0
1.224
0
0
1.324
0
1.424
1.224
1.224
1.224
1.224
1.324
1.324
0
1.524
0
2.448
2.448
2.448
2.448
2.448
0
2.448
0
2.548
0
0
0
1.224
0
0
1.224
0
0.3
0
0.3
0.1
2.448
0
0.1
0
2.448
0
0
1.224
2.548
1.224
0
1.324
2.448
0
0
2.848
2.448
1.224
3.06
3.26
3.16
2.336
3.26
1.836
2.336
5.508
4.284
1.836
3.16
3.06
1.836
1.836
3.16
1.836
3.06
3.06
1.936
3.06
3.06
3.06
6.008
1.836
3.06
4.284
4.284
3.16
3.06
3.06
4.284
1.836
3.06
3.06
1.836
4.584
4.284
5.808
1.836
3.06
3.06
3.06
1.936
4.584
4.284
4.284
3.16
1.836
1.836
4.284
1.836
6.932
6.732
4.384
5.608
3.06
4.384
8.532
4.484
6.732
4.284
5.608
1.936
4.284
3.06
3.06
1.836
1.836
0.1
0.3
0
0.1
2.848
1.624
2.448
