0
0
2.548
1.324
3.672
0
0
0
0
0
0
1.224
1.324
0.1
0.1
0
3.06
0
0
0
1.224
1.324
0
0
0.1
0
0.1
1.224
2.448
1.224
1.836
2.548
0.4
0
1.224
0.1
0
0
2.036
0.1
0
1.424
0
1.836
1.936
1.224
0
1.324
0.1
1.224
1.224
0
1.224
3.16
0
0
1.224
1.224
0
1.324
1.424
1.224
2.036
0.2
0
0
1.224
1.224
1.224
1.224
0.1
2.448
1.224
0
1.624
0.1
1.224
0
1.224
0
1.224
1.224
1.224
1.324
1.836
1.224
1.224
1.836
0
1.324
0
0.1
1.224
1.224
1.224
1.324
1.224
1.224
0
0
1.836
1.424
1.424
0
0
0
0
0.1
1.324
0
1.224
1.224
0
2.448
2.036
0
0
1.224
0
0
1.624
1.836
0
1.324
1.224
0
1.836
1.224
0
2.748
0.2
1.936
1.224
0
1.224
0.3
1.224
2.448
1.224
0
0
1.324
1.224
1.324
1.224
3.06
1.224
1.324
0
1.224
1.324
0
0
0
2.036
0
1.324
0
0
0
0
1.224
0
1.224
0
3.06
0
1.224
0
0.3
1.224
1.224
2.448
0
2.448
1.324
3.06
1.224
1.224
0.1
0
2.648
0
2.448
0.1
2.648
1.324
2.448
1.224
2.448
0.1
1.324
0
2.648
2.448
1.324
1.224
0
1.224
0
1.224
0
0
1.224
0.3
3.06
0
1.224
1.224
0
1.224
0
0
3.06
0
1.624
0
1.524
1.836
1.224
1.224
1.224
2.648
2.548
2.448
2.548
2.448
2.448
2.648
3.672
4.284
4.284
2.548
0
1.224
1.836
3.148
1.324
1.836
1.424
0
1.624
1.324
3.16
4.896
0
1.224
1.224
1.324
0.1
0
3.16
3.06
3.06
0
1.224
1.224
1.324
1.224
1.324
1.224
1.224
0
2.236
1.224
1.224
0
1.224
0
1.224
0
0.1
0
1.224
1.424
0
1.224
1.324
2.448
1.224
2.448
2.448
3.672
2.448
4.172
0
1.224
1.224
4.384
3.06
3.06
4.284
3.06
1.324
0
1.836
0
0
1.224
0
0
1.224
2.136
0
0
3.06
1.224
1.324
0
1.324
1.224
3.06
2.448
0
0
1.224
0
1.224
0
1.424
0
0
0.1
0
1.424
0
1.224
0
0
1.224
0.3
1.224
0
1.324
1.324
1.224
0
0.1
0.3
0
1.224
1.224
1.524
1.224
0.1
1.324
1.224
1.224
0.2
1.224
1.324
1.224
1.424
1.624
0
0.1
0
1.224
0
2.548
1.224
0
1.224
1.224
2.448
0
0
1.224
0
1.224
1.224
1.224
0
1.224
0
1.224
1.324
0
0
0
1.224
1.524
1.224
3.06
1.224
1.224
2.448
2.448
1.224
1.224
1.224
2.448
1.724
2.448
1.324
3.06
0
1.224
1.224
1.224
2.548
2.448
1.224
4.172
3.672
2.448
3.672
3.672
2.448
2.448
1.324
2.548
2.448
1.224
1.324
2.448
1.224
1.224
2.548
2.548
2.448
2.448
2.748
1.324
1.224
2.448
1.224
3.772
2.748
2.548
2.448
2.448
2.448
1.224
2.648
1.224
1.224
2.548
2.448
1.424
2.448
1.224
2.448
1.224
1.224
2.448
2.448
3.772
2.448
2.648
1.224
1.224
1.224
5.608
4.384
1.224
1.224
2.448
1.224
2.748
2.448
3.672
2.448
1.224
2.448
4.384
1.224
2.948
1.224
1.224
4.584
1.524
3.06
1.224
2.548
2.648
1.224
2.448
3.26
1.524
5.508
1.224
1.224
1.224
1.224
3.16
3.772
1.324
1.224
3.672
1.324
2.448
2.448
3.672
1.224
1.224
1.224
2.548
2.648
2.448
1.224
5.808
1.424
1.224
1.224
3.772
2.448
1.524
1.224
2.448
1.224
3.872
2.448
2.448
2.448
3.772
1.224
4.384
2.448
2.448
2.748
2.448
2.448
2.448
1.224
2.548
3.872
3.972
1.224
1.224
2.648
2.548
2.548
2.548
1.224
3.772
1.224
1.224
2.548
1.224
1.224
3.672
2.448
1.324
1.224
2.548
2.648
2.448
5.508
1.224
1.224
1.224
2.548
2.448
1.224
1.224
2.448
2.748
2.448
1.224
2.548
1.224
2.448
2.448
2.448
2.448
2.548
2.548
2.448
2.448
2.448
1.224
3.672
1.224
2.448
1.224
1.324
2.448
2.448
1.524
2.548
1.224
5.608
1.224
3.06
2.448
2.448
1.224
1.324
2.548
2.448
2.448
2.448
1.324
1.224
2.448
2.448
2.748
1.224
2.448
2.448
1.224
2.548
1.224
2.448
1.224
1.424
2.648
1.224
1.224
1.224
2.448
2.648
2.448
1.224
1.224
3.26
1.224
1.524
2.548
2.448
1.224
1.224
1.224
3.672
1.224
1.224
2.548
2.648
1.224
1.224
3.672
1.224
2.548
5.508
1.224
2.548
1.224
1.224
2.448
1.224
2.548
1.224
2.448
2.548
1.224
1.224
1.224
1.224
2.548
2.448
1.224
1.224
1.324
2.548
2.448
2.448
2.448
1.224
1.424
2.748
1.224
2.648
2.448
2.448
3.772
1.224
1.224
3.772
1.224
2.448
4.384
2.448
2.548
3.672
3.06
3.672
2.548
2.548
3.048
1.224
1.224
1.524
1.224
2.448
1.224
2.448
3.672
2.448
1.224
2.648
1.224
1.224
2.548
2.548
1.324
2.448
1.324
5.508
2.548
2.448
2.548
1.224
2.448
3.672
1.224
1.224
2.448
2.448
1.224
2.448
2.448
2.448
1.224
2.448
1.224
1.224
2.748
2.448
1.224
1.224
2.548
4.584
2.448
1.224
1.224
1.224
1.224
2.448
1.224
1.624
2.448
1.224
2.448
1.224
2.448
5.508
2.448
2.548
1.224
2.548
2.448
4.584
2.448
4.484
2.548
2.448
3.672
2.448
2.448
1.224
2.448
2.548
3.672
2.448
2.548
3.672
1.624
2.648
1.324
1.324
2.448
3.772
3.672
1.224
2.448
2.448
1.224
2.548
2.448
2.748
2.548
1.224
2.448
1.224
1.224
2.448
2.548
2.448
1.224
2.548
2.448
2.448
1.224
2.448
2.448
2.448
1.324
2.448
1.224
1.424
2.448
2.448
1.224
2.448
1.224
2.448
2.448
1.224
2.648
2.448
1.224
2.448
2.548
2.448
1.224
2.448
2.448
2.548
2.548
1.224
2.548
2.548
2.448
2.548
1.224
1.224
2.448
2.448
2.448
1.224
3.672
2.448
1.224
3.672
1.224
3.26
1.224
1.224
2.448
2.448
2.448
3.772
2.448
1.224
2.448
1.224
1.224
1.224
1.224
1.324
2.448
1.224
2.448
2.548
3.672
3.672
1.224
1.224
2.448
3.972
2.448
2.748
2.448
1.224
2.448
3.672
2.448
1.324
2.448
2.448
2.448
2.448
1.224
4.584
1.324
1.224
4.272
2.448
2.448
3.672
1.224
5.708
2.448
2.448
2.448
2.448
1.224
1.224
2.448
1.224
2.448
2.648
1.324
2.448
2.448
1.224
1.224
1.224
2.548
2.548
2.448
1.324
1.324
1.224
2.448
1.224
2.648
3.772
1.224
1.224
1.224
2.448
2.448
2.448
1.324
3.672
4.584
2.448
1.424
1.224
4.284
2.448
2.448
3.672
1.424
2.648
2.448
1.224
2.448
1.224
4.384
4.384
2.648
3.672
1.224
3.672
2.448
3.672
2.648
2.548
3.772
4.072
2.448
4.484
2.548
3.672
2.948
3.672
2.448
2.448
2.448
2.448
2.448
2.548
4.284
5.508
4.284
2.448
2.448
2.448
2.448
2.948
2.548
5.608
2.448
1.224
1.224
1.324
1.224
1.424
3.872
2.548
2.448
2.448
2.548
1.224
2.448
2.448
2.448
2.548
2.448
2.448
2.448
2.448
2.648
2.548
2.448
3.772
3.672
4.284
4.284
4.284
4.284
5.508
6.12
4.284
4.484
4.284
6.22
4.484
4.284
4.384
5.708
3.06
3.06
5.508
2.036
0
3.16
3.66
3.26
1.836
1.224
0
1.224
1.224
2.448
3.16
1.224
2.448
0
0.2
0
1.324
0
1.224
2.448
4.584
1.224
0
0
0
1.224
0
1.424
1.224
1.324
0
3.06
0
0
0
0
1.324
1.224
0
1.224
0
1.224
1.624
1.224
1.224
0
1.224
1.224
0
0.1
1.224
0
1.224
0
0
0
1.224
1.224
1.224
1.924
0
1.224
0
1.224
0.2
0
0.1
0
1.324
1.224
1.224
0
0
2.448
1.224
1.224
1.224
0
0
0
0
1.224
0
1.224
0
1.224
0.1
1.324
1.224
0
2.548
1.324
1.224
1.224
1.224
2.448
2.448
0
1.224
2.548
1.224
1.224
1.224
1.224
1.324
0
0
1.424
1.224
1.224
1.224
1.224
0
1.324
1.224
1.224
2.448
0
1.224
1.224
1.224
0
0
1.424
1.224
1.224
2.448
0
2.648
1.224
1.224
1.224
1.224
1.224
2.548
0.2
1.224
1.224
1.224
1.224
1.224
2.448
1.224
1.224
1.324
0
1.224
0
0
1.224
1.224
1.224
1.324
0
1.324
0
2.448
1.224
1.224
1.224
1.324
0
1.224
1.224
1.224
0
1.324
0
1.324
1.224
1.324
1.224
0
1.224
0.1
0
0
1.224
1.324
4.284
1.324
2.448
0.1
1.224
0
0
0
0
0.1
0
1.324
1.224
1.224
0
1.224
1.224
1.224
3.06
2.448
1.224
1.324
0
1.224
0
0
1.424
1.224
1.224
1.224
1.224
2.848
1.224
1.224
1.224
1.824
1.224
0
1.224
1.224
1.224
1.224
1.224
1.224
0
0.1
1.224
0
1.224
1.224
1.224
1.224
1.324
0
2.448
0
1.224
1.224
0
1.224
1.224
0
0.1
1.324
0
1.224
2.448
2.448
2.448
1.224
0
2.448
1.324
1.324
0
0
0
1.224
1.324
0
0
1.224
1.224
0
2.548
1.224
1.224
1.424
1.324
0
1.224
0
1.324
1.224
1.224
1.224
1.224
0
0
1.324
1.224
1.324
1.224
1.224
1.324
1.324
1.224
1.224
2.448
0
1.324
2.448
1.224
1.224
2.448
1.324
1.224
1.224
2.448
1.224
1.324
0
0
1.224
1.224
1.224
0
1.224
0
0
0.1
0
0
1.424
0
1.224
1.224
1.224
1.224
1.224
1.224
1.424
0
0
1.224
1.224
1.224
2.548
1.224
2.448
0
2.448
1.224
1.224
0.1
1.224
0
1.224
1.224
1.224
2.448
1.224
0
2.448
0
0
1.224
1.224
1.424
1.224
1.224
1.224
1.224
1.324
0
1.224
0
0
1.224
1.324
0
0
1.324
0.1
1.224
0.1
0
1.224
0
1.224
2.448
1.324
1.424
1.324
0
1.224
1.424
1.324
1.224
0.1
0
1.224
0
1.224
2.448
1.224
1.324
0.1
1.224
0
1.324
1.224
2.448
1.224
1.224
1.224
1.424
0
1.224
2.548
1.324
1.224
1.224
1.224
0
0
1.224
0
1.224
1.424
0
1.424
1.224
1.224
1.224
1.324
0
0
0
1.324
0
2.748
1.324
0.2
3.06
0
0
0
2.448
2.448
0
0
1.224
1.324
0
0
1.224
1.224
0
0
1.324
0
1.324
1.224
0
0
1.224
1.224
1.224
0
1.324
1.524
1.224
1.224
1.324
0
1.424
2.448
0
0
1.224
1.224
2.448
0
1.324
1.224
0
1.224
0
1.324
0
1.224
0.1
0
2.448
1.224
1.224
2.448
1.224
1.324
0.1
1.224
1.224
2.448
1.224
2.448
1.224
1.224
1.224
1.224
1.224
1.224
1.224
1.224
0
1.224
1.224
1.224
1.224
1.224
1.224
1.324
0
0.1
0.1
1.324
0
0
1.224
0
1.324
1.224
2.448
0.4
1.324
1.224
0
1.224
0
0
1.224
0
2.648
1.224
1.224
0
0
0
1.224
1.224
0
1.224
1.224
0.1
2.448
1.224
0.1
1.224
0
1.224
1.224
0
0
0
0
2.448
1.224
1.224
0
1.224
1.224
1.224
0
1.224
2.548
2.448
1.224
1.224
1.224
1.224
2.448
0
0
2.448
1.224
0
0
1.224
1.324
1.224
1.324
1.224
0
1.224
1.224
1.324
0
1.324
0
1.224
1.224
0
0
2.448
1.224
1.224
0
1.324
0
1.224
1.324
2.448
1.224
0
0
1.224
2.448
0
1.224
0
0
0
2.648
2.648
2.448
2.548
1.224
0
0
0.1
0
1.224
0
0
0
0
1.324
2.448
1.324
1.224
1.224
2.548
2.448
1.224
0
1.224
0
0
0
0
1.224
2.448
0
1.324
1.224
1.224
1.224
2.448
1.224
1.224
0
1.224
1.224
1.524
1.224
1.324
0
1.224
1.624
2.448
1.224
1.224
1.424
1.224
0
1.224
1.224
1.224
0
0.1
0
0
0
1.424
0
0
0
0.1
0
1.224
0
1.324
0
1.224
1.224
1.324
1.224
0
0
0
1.224
1.224
0
1.224
0.1
1.324
1.224
1.224
0.2
1.224
1.224
0
0
1.224
0.1
0
0
1.324
1.224
0
1.224
1.224
1.224
0
0
1.224
0
1.324
1.224
2.948
1.224
1.224
1.224
1.224
1.324
0
1.324
1.324
0
1.224
1.224
1.224
1.224
0
1.224
2.448
0.1
1.224
1.224
1.224
1.324
2.448
0
0
1.424
1.224
0
0
0
1.224
2.548
2.548
2.548
1.224
2.448
1.224
0.1
0
0
2.448
1.224
1.224
1.224
0
1.224
0
0
0
1.224
1.424
1.224
1.224
0
1.724
2.448
2.448
1.324
2.448
1.224
1.324
0
1.424
0
2.448
1.324
1.224
2.448
2.448
1.224
1.224
0
1.424
1.224
1.224
0
0.1
0.1
0
1.224
0
0.4
1.224
0.5
0
3.16
0
1.224
1.224
1.224
0
0
0.1
1.224
0
1.224
0
1.224
0
0
1.524
1.224
2.448
1.836
3.26
3.26
3.36
3.56
4.896
2.336
3.26
3.06
1.836
4.896
3.06
1.836
1.836
3.16
3.06
1.836
1.836
1.836
3.06
1.836
1.836
3.06
3.972
1.836
3.06
3.06
3.06
1.836
1.836
1.836
3.16
3.672
1.836
1.836
3.16
3.16
3.06
1.836
3.06
3.06
3.06
1.936
3.16
3.06
3.06
3.06
3.672
3.16
4.284
1.836
4.284
5.508
4.384
4.284
3.06
3.06
4.484
8.944
5.508
6.12
5.508
3.26
3.06
4.284
4.284
1.836
3.06
2.136
0.1
0.1
0
1.324
0.1
1.224
