2.536
0.5
4.048
1.524
3.872
1.424
1.224
2.448
1.424
1.224
1.524
2.548
2.748
1.624
1.724
0
1.224
1.224
1.224
1.324
1.424
1.324
1.224
1.224
0.1
1.224
1.224
1.324
2.448
1.324
1.224
1.224
1.7
0.1
3.06
2.336
1.836
1.936
1.936
2.036
1.936
4.86
1.836
1.836
1.836
3.06
2.136
3.36
2.336
3.26
3.06
1.836
3.46
3.06
1.836
3.26
3.16
3.46
2.036
4.46
4.56
3.66
2.036
3.26
2.336
2.136
3.06
3.06
3.56
3.96
2.036
5.084
3.26
1.836
5.06
2.536
3.06
1.936
3.16
1.836
5.084
3.16
3.16
3.16
1.836
3.06
3.06
1.836
3.06
5.684
1.936
3.46
3.16
3.16
3.06
3.26
3.36
3.06
3.36
3.06
1.836
4.06
3.66
1.836
3.06
1.836
1.836
2.636
3.46
1.836
3.16
3.06
1.836
4.384
1.936
2.236
2.136
4.584
1.836
1.836
4.86
2.036
3.16
4.26
3.06
1.836
1.936
3.06
1.836
5.284
2.036
1.836
3.06
1.836
3.56
2.336
3.36
4.284
3.46
2.936
1.836
4.584
3.06
3.36
3.06
3.16
3.16
3.96
1.936
3.16
3.06
1.936
1.836
1.936
2.336
2.936
3.46
1.936
2.736
1.836
1.836
3.06
1.836
3.06
1.936
3.16
3.16
3.06
1.836
5.66
3.26
3.56
4.284
1.836
4.284
5.184
3.06
3.16
3.16
2.436
1.936
4.784
3.06
6.932
3.56
15.132
5.484
5.808
4.584
6.832
3.26
4.584
3.46
6.208
5.808
4.584
4.284
3.16
0.1
1.524
1.624
1.224
0
1.424
2
1.224
0
2.024
2.948
1.224
2.448
0.1
2.224
1.224
0
3.524
0
1.724
0
1.224
1.224
2.548
3.424
2.548
2.448
2.024
1.224
1.224
2.848
2.448
2.548
2.448
2.448
0
2.448
0
6.372
1.424
0
1.824
0
2.024
1.424
0
1.224
1.224
1.224
2.448
1.224
0.8
0
1.224
1.224
1.224
1.224
1.224
1.224
1.324
2.448
1.524
2.548
1.224
0
0.3
2.448
1.224
0.5
2.448
0.1
2.448
0
0.2
0
2.448
1.324
0
2.448
3.06
2.548
1.224
2.448
1.224
4.372
2.448
3.772
0.1
1.324
1.224
2.648
1.224
1.224
2.548
1.224
1.524
0
0
1.324
0
1.424
0
1.224
1.224
0.6
0.1
0.1
1.224
1.524
1.624
1.324
1.524
2.548
1.224
2.648
1.224
1.224
2.748
0
1.224
0
1.324
0
0.2
0.3
0.2
2.024
0.1
1.224
1.224
0
1.224
2.224
2.448
1.324
1.524
1.324
1.224
0
0
1.5
0
1.224
1.224
2.524
1.324
0.3
1.624
1.324
2.448
0.4
1.224
1.324
1.224
2.724
3.524
1.324
0.1
0
3.26
1.324
3.772
2.648
0
1.224
1.224
2.448
0
1.224
2.448
0.1
2.448
2.448
1.224
1.324
1.224
1.324
1.224
3.448
0
0
0
2.448
3.848
1.324
1.224
1.224
0.3
2.548
1.424
0.1
0
0
2.448
2.724
2.448
1.524
2.448
0.1
0.1
0
1.224
2.448
2.548
0
2.748
2.448
1.224
3.672
3.672
1.824
2.548
1.3
2.124
2.448
0.1
1.524
1.524
0
1.224
2.648
1.324
1.324
2.548
1.624
1.924
0.1
1.324
1.224
2.448
1.624
2.548
2.448
1.224
1.224
0.1
3.148
1.324
0
1.924
1.224
1.524
2.448
1.324
2.448
1.324
1.224
2.448
2.448
2.448
1.324
1.224
1.324
0
1.224
2.948
1.324
0.1
0.3
2.548
0
3.148
1.424
2.548
1.224
0.4
2.548
1.224
0.2
3.424
0.7
1.224
2.124
0.7
0
1.224
3.048
2.324
1.624
2.448
0.1
1.624
2.548
0.1
0
0.1
1.624
0
3.672
1.224
1.424
2.448
0.1
2.448
2.548
3.772
0
0
1.224
1.324
3.148
2.448
0.1
2.748
0.3
0
0
2.548
2.548
2.124
1.224
1.224
0
4.272
2.548
1.224
2.448
3.772
1.424
1.524
2.548
1.224
2.624
1.224
1.224
1.224
1.224
2.648
3.148
2.448
1.224
0
2.448
2.648
3.248
1.424
0
3.772
0.1
0.1
1.224
0.3
1.424
2.448
2.448
0.2
1.224
1.624
3.548
2.548
2.448
0
0
0.2
2.548
1.424
0.2
0
1.224
2.948
1.424
0.2
2.848
0.2
1.224
1.224
1.324
1.224
1.624
1.324
1.424
2.448
1.224
0
2.448
1.324
1.324
0
1.224
1.224
1.224
0.9
1.624
1.224
2.448
0
0
1.224
2.448
0
1.224
1.324
1.324
2.448
1.224
0.3
0.1
1.224
1.224
1.324
0
2.448
1.324
1.224
2.448
0
2.448
1.324
1.824
1.424
1.224
1.224
0
2.648
1.624
1.224
0.2
0.8
0.3
0
2.2
2.548
2.448
1.324
0.1
0.1
2.648
1.224
1.524
2.748
2.948
0
0
2.548
0.1
1.424
2.448
1.224
2.548
1.324
0
1.224
1.524
2.748
0
1.224
2.024
1.224
0
0.4
1.224
1.424
1.224
0
0
0.1
1.324
2.448
1.324
2.648
1.224
0.4
3.048
0
3.148
1.224
1.324
2.448
0
1.224
3.672
0
2.448
1.324
2.448
2.448
2.648
0
3.672
1.324
2.024
2.848
0
1.224
1.824
0
2.448
1.424
1.324
3.872
1.224
0.3
2.648
0
1.224
2.648
1.424
0.2
2.548
0.2
2.448
2.448
2.448
1.424
1.224
2.548
3.672
0.1
0
2.024
1.524
0
2.648
1.324
2.448
1.224
1.224
0.1
1.324
2.948
1.424
1.324
0
2.548
1.524
1.224
0
0.1
0
1.224
2.548
1.224
1
1.224
0.1
2.648
1.324
2.548
2.448
2.448
1.524
1.424
2.848
1.324
1.924
2.548
1.324
2.748
2.448
2.448
1.424
1.224
0.1
1.724
2.548
2.448
2.448
1.224
3.672
1.7
3.748
0.2
0.3
1.524
3.772
2.448
0
1.324
1.224
1.224
1.324
2.448
1.724
2.648
0
2.448
1.224
0
2.448
2.548
2.448
0.1
1.224
1.324
2.548
0.1
2.448
2.448
1.224
1.724
1.224
1.624
1.324
1.324
2.948
1.224
2.748
0
2.548
1.224
1.424
3.348
2.448
0
1.224
1.324
1.224
0
2.848
1.224
2.548
2.448
0
2.648
2.448
2.448
2.648
1.224
1.324
1.224
2.448
1.424
1.224
3.772
2.448
0
3.672
0.1
0.1
0
0
2.448
1.224
1.224
2.648
2.448
0.2
2.448
0.1
0
0
0
0
1.224
1.224
2.748
2.548
2.448
3.672
1.324
0
2.448
2.448
2.448
2.648
2.448
0
2.648
4.772
1.224
0.1
1.224
1.324
1.424
1.324
1.224
2.024
0.8
0
4.672
1.224
2.548
3.672
1.224
3.772
2.448
1.224
3.348
2.024
0
0
2.548
1.224
1.324
1.524
1.324
1.224
1.324
1.224
0.3
1.224
1.224
2.848
2.448
0.1
0
1.224
2.448
0
1.224
2.648
0
0
0.1
2.548
1.224
1.224
2.024
2.748
1.624
1.224
0.1
1.224
1.224
1.224
1.824
3.672
0.5
2.748
1.324
0.2
1.224
1.224
2.848
3.148
1.624
3.672
1.224
3.672
1.424
3.772
3.848
2.548
4.372
3.972
1.724
1.524
2.448
3.672
3.548
4.072
2.648
2.448
1.224
1.224
1.224
2.548
1.424
3.672
1.224
2.548
2.748
2.548
2.848
2.748
2.448
3.872
1.224
0
0
0
1.224
1.424
2.648
2.548
2.548
2.548
2.948
1.224
2.448
1.324
1.224
1.424
2.448
3.048
2.648
3.672
3.048
2.648
1.324
2.448
2.448
2.648
1.224
1.224
1.224
3.772
1.224
2.448
2.848
1.224
1.324
2.648
2.548
3.148
2.648
0
0
4.372
1.524
1.224
2.548
3.648
2.748
0.6
1.324
1.224
1.224
1.524
2.648
2.648
1.224
2.548
0
0.5
0
2.224
1.836
2.548
1.524
3.248
2.448
0.2
0
0.1
1.724
0.1
1.724
1.424
1.224
0.1
1.224
0
0.1
1.324
0
3.348
1.224
0.7
1.324
0
1.224
1.624
1.224
2.548
0
1.224
1.224
0
1.624
1.224
0.2
1.224
0
0.3
1.224
1.224
1.224
1.324
4.624
0
1.224
0.3
1.424
0.6
1.224
0
0
2.124
1.424
1.224
0
0
2.548
3.672
3.548
2.548
2.024
1.224
1.324
1.224
2.548
1.324
2.648
2.448
2.648
1.624
2.848
2.748
1.224
4.272
2.448
2.448
2.548
4.372
3.672
3.772
1.324
2.648
4.996
3.048
2.748
3.672
2.448
2.448
1.524
1.424
4.548
2.548
2.448
2.448
3.148
1.324
3.448
2.648
2.448
4.896
1.524
2.848
2.648
2.448
1.224
1.324
2.648
2.748
2.448
3.772
1.224
4.472
2.448
2.448
2.448
2.448
2.548
3.872
1.624
2.548
2.448
3.248
2.848
2.548
4.272
3.348
2.448
2.648
1.424
2.648
2.448
1.324
2.448
2.448
2.648
2.648
1.324
2.448
1.424
3.772
2.448
2.448
3.672
2.448
1.724
2.448
2.448
2.648
1.624
2.648
2.648
2.948
2.548
3.248
2.648
1.424
2.448
2.324
1.224
1.224
2.448
3.248
4.272
4.272
3.872
2.124
2.448
1.224
2.448
1.424
1.324
1.524
1.524
2.548
2.448
2.448
1.224
2.848
2.448
2.448
2.448
3.672
2.448
2.748
1.824
2.448
2.424
1.324
2.848
2.448
2.548
2.848
2.948
4.172
3.772
2.548
2.648
3.848
2.448
1.224
2.648
2.548
3.148
2.448
2.648
2.748
1.324
1.724
2.448
1.224
2.448
2.848
2.548
2.448
2.948
1.224
5.696
3.048
2.548
2.448
1.424
2.648
2.448
1.224
1.324
2.548
1.224
2.548
3.672
3.672
4.172
2.648
1.724
3.872
2.848
2.748
1.524
1.224
1.424
2.448
3.948
1.624
1.224
2.548
2.548
1.324
3.772
2.748
2.548
2.548
4.072
1.224
2.548
1.224
2.848
2.748
2.448
2.448
2.548
1.224
1.524
3.548
3.672
2.548
2.448
2.548
2.448
2.948
2.548
3.672
3.972
1.424
2.548
3.772
2.548
3.148
3.972
2.848
2.448
2.748
3.772
2.548
2.448
1.424
1.324
2.648
2.448
2.548
3.148
2.448
1.524
1.324
1.624
1.224
1.324
3.248
1.624
2.548
2.948
2.648
3.548
2.448
2.448
3.448
1.224
1.224
2.448
3.672
2.648
3.672
2.448
4.272
1.424
3.772
2.448
2.648
1.524
2.448
1.624
3.672
2.548
2.448
3.772
2.748
2.424
3.872
1.324
1.324
2.448
3.148
2.648
2.548
2.648
2.448
2.448
3.672
1.824
3.148
1.324
1.324
2.748
2.748
1.324
1.724
2.848
1.624
2.448
1.224
1.224
3.672
1.224
2.548
5.196
2.748
2.948
2.548
1.224
3.672
2.448
2.448
2.648
1.324
1.524
2.448
1.824
2.448
3.672
2.448
2.648
2.448
3.772
1.424
2.448
2.448
4.896
2.448
2.448
2.748
4.572
1.324
2.448
4.272
2.448
2.548
2.448
2.548
2.448
1.924
2.448
1.524
3.672
2.548
1.424
3.448
2.948
3.148
2.448
2.648
1.524
1.624
1.324
4.072
1.524
3.972
2.448
2.224
3.348
2.324
1.224
1.224
5.496
3.672
1.524
1.224
2.448
2.548
1.224
1.224
2.548
2.548
1.324
1.524
2.748
1.224
2.948
2.448
1.524
1.224
2.548
2.648
2.448
1.424
2.648
4.848
3.248
2.648
2.648
1.224
2.648
4.272
1.624
1.324
3.872
2.648
5.196
1.224
3.148
2.648
1.324
2.548
2.548
3.348
1.224
2.448
1.324
1.324
3.672
3.448
3.048
3.772
3.148
3.048
1.324
2.548
2.448
4.672
2.448
3.772
3.972
2.648
2.448
3.872
2.448
2.448
3.348
2.748
1.424
2.648
2.448
2.748
2.448
2.548
2.448
2.448
1.324
2.324
2.424
2.448
1.224
1.524
2.448
1.324
2.448
2.448
3.672
2.524
2.548
2.448
1.224
2.448
1.224
1.324
2.448
1.224
4.272
2.648
2.448
1.224
1.224
1.324
2.448
3.948
1.224
2.448
3.048
1.924
3.672
2.448
1.524
2.548
1.224
2.448
3.672
1.324
1.224
1.224
1.224
3.672
3.248
2.448
1.224
2.448
2.448
3.772
1.224
2.448
3.972
5.396
2.448
2.448
2.548
2.848
3.972
2.448
1.324
3.772
3.972
1.224
1.324
3.672
2.448
2.448
2.448
2.848
1.824
2.448
3.148
4.848
1.324
2.848
1.224
2.448
2.448
1.424
1.324
3.872
2.548
2.448
1.224
2.648
1.224
2.548
2.948
4.372
2.448
1.224
1.924
3.048
5.096
1.624
2.448
1.224
1.224
1.424
4.372
5.496
4.072
3.972
2.648
1.224
1.324
1.724
1.224
2.748
1.324
1.224
1.424
1.924
2.748
4.272
3.848
2.548
2.848
3.772
4.896
2.548
1.224
3.872
2.448
1.224
1.324
1.224
3.672
4.896
1.224
2.748
2.648
2.448
2.448
3.772
2.448
2.448
1.224
3.772
2.448
4.948
2.548
2.548
1.224
3.348
4.048
4.896
2.448
2.548
5.172
2.548
1.324
3.772
3.448
2.748
1.224
1.324
1.324
1.324
1.724
4.872
1.724
1.724
3.148
1.424
2.824
3.872
1.224
2.648
1.324
2.848
2.648
2.448
2.448
1.424
1.424
1.224
2.748
2.448
1.224
2.448
1.724
3.048
2.448
2.448
4.424
2.748
2.648
1.324
2.448
3.848
4.048
2.324
1.224
3.148
2.448
1.224
2.848
2.648
3.048
1.724
1.324
2.848
1.524
2.648
2.648
7.596
2.548
2.548
2.448
2.648
2.748
1.224
2.948
2.448
1.224
2.448
4.372
2.448
2.848
1.224
2.648
3.972
1.824
2.648
2.748
2.448
2.748
4.072
1.224
1.324
3.648
3.048
1.424
1.524
1.424
2.448
3.972
3.972
4.972
2.548
3.872
2.548
2.824
1.324
1.224
3.772
2.748
3.548
3.872
1.624
2.748
2.224
2.448
1.524
2.748
2.648
2.448
2.648
1.224
5.048
4.272
3.772
3.048
3.972
4.684
4.784
3.26
4.484
3.06
5.808
3.672
4.272
2.548
2.648
2.448
2.448
1.224
4.684
2.448
1.224
0
1.324
0.6
0.2
1.224
0.2
0.9
1.224
1.7
0.2
1.324
0
1.224
1.224
1.324
0
0.1
1.524
1.224
1.224
1.224
1.224
1.224
0.1
0
3.624
0.2
2.448
0
2.124
1.524
2.724
2.624
1.224
1.3
2.848
2.448
0
1.224
1.224
0.1
0.2
2.548
1.424
0.1
1.224
0.2
2.448
0.1
1.224
2.548
0.3
0.1
2.548
2.448
1.224
1.224
1.324
1.224
1.224
0.1
1.324
0.1
2.648
2.548
2.448
0.1
2.448
1.224
1.224
0
3.248
1.324
1.724
1.824
0
1.224
2.448
0
2.448
3.672
1.324
2.548
0
1.624
2.548
2.648
3.672
2.448
4.172
1.724
2.448
1.224
2.448
0
2.448
0.1
2.5
0.4
0
0.5
1.724
0.1
