0.3
0.1
4.172
2.548
4.996
0
0
1.224
0
0
0
1.224
1.224
0.4
0
0
1.224
1.224
1.224
1.224
1.424
1.324
1.224
1.224
0.1
1.224
1.224
2.448
3.672
2.548
3.06
2.448
0.8
1.324
1.524
0.1
0
0.1
0
0.1
0
1.624
0
0
0
1.224
0
1.424
0.2
1.224
1.224
0.2
1.224
1.224
0
1.224
1.224
1.224
0
1.524
1.424
1.224
0
1.424
0.3
0
1.224
1.224
1.424
1.724
0
2.548
1.524
0
1.224
0.3
2.448
0
1.224
0
2.548
1.324
1.224
1.224
0
1.224
1.224
0
1.224
2.848
0
1.224
1.224
1.224
1.224
1.424
1.324
1.224
2.548
1.224
0
1.324
1.424
0
1.224
0
0
0.4
1.224
1.224
1.224
1.224
0
2.448
0
0.3
0
2.548
0
0
2.124
0
1.224
1.524
1.224
1.224
0
1.224
1.224
2.848
0.1
0
1.224
1.224
1.324
0.3
1.224
2.648
1.224
0.3
0
2.548
1.224
1.324
1.224
1.224
1.324
1.524
0
1.324
1.224
0
0.1
0
0.1
0.2
1.724
0
0.3
0
0
1.224
0
1.224
0.2
1.224
1.424
1.224
0
2.124
1.324
1.324
2.448
0
2.448
2.548
1.224
2.448
1.224
0.1
0.1
3.972
0
3.672
0
4.172
1.624
2.448
1.324
3.672
0.1
1.224
0.1
2.748
2.448
1.224
1.224
0
1.224
1.524
1.324
1.224
0
1.424
0.7
1.224
0
1.324
2.748
1.224
2.448
0.1
1.324
1.324
0
2.324
0.1
1.824
0
1.224
2.244
4.792
2.948
5.196
3.672
2.548
2.448
2.448
3.972
3.672
5.708
5.508
2.548
0.1
2.448
0
5.272
1.424
0
1.324
0
1.624
1.324
1.224
3.06
1.224
2.448
3.772
1.224
0.8
0
1.224
1.224
1.224
1.224
1.224
1.224
1.224
2.448
1.224
2.448
1.224
0.1
0.3
3.672
1.224
0.1
3.672
0
2.448
0
0
0
2.548
1.324
0.1
2.448
2.448
2.448
1.324
4.692
3.672
6.22
4.896
4.896
0
2.448
2.448
4.484
3.16
3.06
6.832
3.06
1.624
0.1
0
2.548
0
1.224
0
1.224
1.224
0.3
0.1
0
1.224
1.324
1.224
1.224
1.324
2.548
1.224
2.448
1.224
1.324
2.548
0
1.224
0
1.224
0
0
0.1
0
1.424
0
1.224
2.448
0
1.224
1.424
2.448
2.448
1.424
1.224
1.224
1.224
0
0.7
0
1.224
1.224
2.948
1.224
0.1
1.324
2.548
2.448
0.2
1.224
1.324
1.324
1.724
2.124
1.224
0
0
1.224
1.224
2.448
1.224
0
1.324
1.224
2.448
1.02
2.244
4.692
1.02
3.468
3.468
2.344
2.244
2.244
2.244
2.244
5.092
1.02
1.02
1.02
3.768
3.768
4.692
4.08
3.468
2.244
5.916
3.968
2.344
2.244
2.244
4.692
4.368
4.792
3.668
4.18
0
1.424
1.224
2.448
3.672
3.672
1.224
5.196
5.096
2.448
6.12
6.12
2.748
3.772
1.824
2.748
3.672
1.224
2.448
2.648
1.424
2.448
3.772
2.448
2.448
3.872
3.872
2.948
1.224
2.748
2.448
3.672
2.448
3.972
3.672
2.448
2.448
1.324
3.872
2.448
1.224
3.048
2.448
2.448
3.672
2.648
3.672
2.448
2.448
3.672
4.896
3.772
2.548
2.648
2.448
1.224
2.448
3.772
2.548
1.224
1.524
4.996
1.324
3.972
2.448
3.772
2.448
1.324
3.672
2.448
1.324
3.248
1.524
2.448
2.548
2.748
1.224
2.448
3.772
3.048
2.548
3.672
1.324
2.548
3.672
1.224
1.224
1.224
2.548
1.224
4.896
2.448
2.448
3.672
1.224
4.896
3.672
4.996
1.224
1.224
2.448
2.648
5.196
3.672
1.224
3.872
1.524
1.224
1.224
4.896
3.872
2.748
2.448
2.448
1.224
5.396
3.772
2.448
4.996
4.996
2.448
2.548
3.672
2.448
2.848
2.548
2.448
2.448
2.448
5.196
3.972
4.896
2.448
1.224
3.672
3.772
3.972
2.548
1.224
6.12
1.224
1.224
2.448
1.424
2.448
4.896
3.672
1.424
2.448
2.548
4.272
3.872
3.672
1.224
1.224
1.224
3.772
2.748
1.224
1.224
2.448
3.972
2.448
1.324
3.872
1.224
2.548
2.448
2.448
2.448
2.748
2.648
2.548
3.772
2.448
1.224
3.672
2.448
2.748
1.224
2.448
2.448
2.448
1.724
2.648
2.448
3.672
1.224
1.524
3.672
4.896
1.324
2.548
2.448
2.448
3.672
2.448
1.624
1.424
2.448
2.548
2.548
1.224
3.672
2.548
2.448
3.672
1.224
3.672
2.448
2.648
2.448
2.448
2.448
1.224
3.672
2.648
2.548
1.224
1.324
1.324
1.224
1.924
3.672
3.672
2.448
1.224
1.324
3.672
2.448
2.648
3.772
4.996
1.224
1.224
3.872
1.324
2.548
3.772
2.448
3.672
3.672
1.224
2.448
2.548
3.872
1.224
3.672
2.648
3.772
1.324
1.324
2.448
2.448
2.448
1.224
1.224
1.524
2.448
3.672
2.648
3.672
2.448
1.224
4.272
1.224
3.872
2.448
2.448
3.672
2.448
2.448
4.996
1.224
3.672
2.448
3.772
3.772
3.872
1.224
4.896
2.448
2.648
3.772
1.224
2.448
3.872
1.224
3.772
2.448
2.448
4.996
2.448
1.224
4.996
1.224
2.448
5.096
2.548
1.224
3.672
2.548
3.672
3.672
3.672
3.972
2.448
4.072
4.896
1.324
1.224
3.972
2.548
1.224
3.872
2.448
3.872
3.672
2.448
1.224
2.448
3.772
2.448
3.672
1.224
3.872
2.748
2.448
1.224
1.324
2.448
3.672
3.672
3.672
1.724
2.548
1.224
3.872
2.448
3.672
3.672
3.672
2.648
2.448
3.672
2.448
2.848
3.672
2.448
5.096
3.672
3.672
3.772
2.448
1.324
2.748
3.972
4.896
3.672
2.448
4.996
1.624
5.296
1.224
1.424
2.448
5.096
3.672
1.224
2.548
2.448
2.448
2.648
3.672
2.748
3.872
1.224
3.672
3.672
1.224
3.772
3.672
3.672
1.224
2.448
2.548
3.772
1.224
4.896
3.672
2.548
2.648
2.448
2.448
2.748
2.448
3.972
3.672
3.672
1.224
3.672
2.448
2.648
4.272
3.772
1.324
2.448
2.748
3.672
1.224
3.772
2.448
3.872
3.672
1.224
4.996
3.672
3.772
3.772
3.672
2.448
2.448
3.672
2.448
2.448
4.996
3.672
1.224
4.896
1.224
1.424
1.224
2.448
3.672
2.448
2.448
3.772
3.672
1.224
3.672
1.224
1.224
1.224
1.224
1.224
2.548
2.448
4.996
3.772
3.772
6.32
2.548
1.224
4.896
3.672
3.672
5.496
5.096
1.224
3.672
6.32
2.448
1.224
3.672
2.448
2.448
2.748
2.448
2.548
1.324
1.224
5.596
2.448
3.672
4.896
2.448
5.196
3.672
2.448
3.972
2.548
1.224
1.224
3.672
2.448
2.448
2.548
2.448
2.448
2.448
3.672
1.224
2.548
3.772
3.672
3.672
1.424
1.224
2.448
3.672
1.224
2.448
5.196
1.224
1.224
1.324
3.772
2.448
2.448
2.548
3.772
2.548
2.448
1.224
2.448
2.448
2.448
2.648
5.096
1.524
3.972
2.548
1.224
2.448
2.448
5.708
5.608
2.748
4.896
2.448
4.896
2.648
6.12
4.472
4.896
5.296
6.32
3.972
2.648
3.772
4.896
4.172
6.22
4.692
4.692
2.448
2.448
2.448
3.672
4.384
6.732
2.448
3.672
3.872
3.672
3.872
3.772
3.672
8.256
2.448
2.244
2.244
2.244
3.568
3.468
4.892
4.692
3.872
4.896
3.772
2.448
3.672
2.448
2.448
2.548
3.772
3.972
3.972
3.772
2.548
2.448
2.448
3.672
3.672
5.908
4.384
4.384
4.284
6.732
4.384
5.508
5.508
4.584
4.284
5.608
6.832
5.508
5.708
3.06
3.06
6.732
1.624
1.324
2.548
2.648
2.948
1.936
1.424
1.224
1.224
1.424
2.548
2.548
1.224
2.448
0
0.4
0
1.524
0
3.772
2.448
2.748
3.672
0
0
0.2
1.324
0
1.424
1.224
2.448
0
1.224
0
0
1.324
0
2.548
1.224
0.3
1.224
0
1.224
2.648
1.224
1.224
0
1.224
1.224
0
1.424
1.224
0
1.224
0
0
2.448
1.224
1.224
1.224
2.024
0
1.224
0.1
1.324
0.6
2.448
0
0
1.624
1.424
1.324
0
0
2.448
3.672
1.324
1.324
0.1
0.1
0
0
1.224
0.1
1.224
1.224
1.224
0.2
2.548
1.224
0
2.548
1.324
1.424
1.424
2.648
2.648
2.448
0
1.324
4.996
1.224
2.548
2.448
1.224
1.224
0.1
0
2.024
1.224
1.324
1.224
1.424
0
1.424
1.224
1.324
4.896
0.1
1.324
1.224
2.548
0
0.1
1.424
1.324
2.448
3.772
0
2.548
1.224
1.224
1.224
1.224
1.324
2.448
0.1
2.448
1.224
1.524
1.424
1.224
2.548
1.224
1.224
1.224
0
1.324
1.224
0
1.224
1.224
1.224
1.324
0
1.224
0
2.448
1.224
1.224
2.448
2.448
0.2
2.448
1.224
1.224
0.1
1.224
1.324
1.224
1.224
1.324
1.524
0.2
1.224
0.1
0
0
1.224
1.224
2.548
3.772
2.448
0.3
1.224
0
1.224
0.1
0.1
0.2
0
2.448
1.224
1.224
0
1.224
1.224
1.224
1.224
2.448
1.224
1.424
0.1
1.224
0.4
1.224
1.224
1.224
1.424
2.548
1.424
3.872
3.672
1.224
1.224
3.448
1.224
0
1.224
1.224
1.224
2.448
1.224
1.324
0.1
0.3
1.224
0
1.224
1.424
2.448
1.224
1.624
1.224
5.196
2.548
1.224
1.224
0
1.224
1.224
0
0
1.224
0
2.448
2.648
3.772
2.448
1.324
0
4.072
1.324
1.224
0.1
0
0
1.224
1.524
0.3
0
1.224
1.324
0
2.448
2.448
1.224
2.648
2.948
1.224
1.224
0
1.324
1.324
1.324
1.224
1.324
0
0.1
1.424
2.448
1.324
1.224
1.224
1.224
1.424
1.224
2.448
2.648
0
1.324
2.448
1.224
1.324
2.448
1.724
1.224
1.224
2.548
1.224
1.224
0.2
0
2.548
1.224
1.324
2.548
1.324
0
0
0.1
0
0
1.324
0
1.224
1.424
1.224
1.424
1.224
1.224
1.524
0.1
0
1.224
2.448
1.224
2.448
1.224
2.548
0.1
2.448
1.224
1.524
0.1
1.224
0.2
2.448
1.224
1.224
2.548
1.324
0.3
2.448
0.1
0
1.224
1.324
1.224
1.224
1.524
1.224
1.224
2.648
0
1.324
0
0
1.224
1.224
0
0.1
1.224
0.1
1.224
0
0
2.448
0
1.224
5.096
2.448
1.324
1.224
0
2.448
1.224
1.224
1.224
0
0
1.224
0.2
1.224
2.448
1.224
1.224
1.224
2.448
0
1.224
1.224
4.896
1.224
2.448
1.424
2.648
0
1.224
3.872
2.448
1.224
1.224
1.324
1.224
0
2.448
0
3.672
1.224
0
1.224
1.324
1.424
1.224
2.548
0.2
0.1
0
3.872
0
2.648
1.224
0.4
1.424
0
0
0
3.872
2.448
0.1
0
1.224
1.324
0
0
1.224
1.224
0.1
0
1.324
0
2.548
1.224
0
0
2.448
2.548
1.224
0
2.448
1.924
1.424
1.324
1.224
0
1.424
2.448
1.524
1.224
3.772
1.324
4.896
0
1.324
1.224
0.1
1.324
1.424
1.724
0
1.224
0
0
2.448
1.324
1.224
3.672
1.424
1.324
0.1
1.424
1.224
3.772
1.224
2.448
2.548
1.324
1.224
2.448
1.224
1.224
2.748
1.224
0
1.224
1.224
1.324
2.448
1.224
1.224
1.224
0.1
0.2
0.3
2.448
0
0
1.224
0
1.224
1.224
3.672
0.2
1.224
1.224
0.1
1.324
0
0
2.448
0
3.872
1.224
1.224
0
1.224
0
2.448
1.724
0
1.224
1.324
0
2.448
1.224
0.1
2.448
0.1
1.224
2.448
0
0
0
1.424
3.672
1.324
1.224
1.224
2.448
1.224
2.448
0
1.224
3.772
5.096
1.224
1.224
1.224
1.424
2.448
1.224
0
2.448
2.548
0
0
3.672
1.224
1.224
1.224
1.224
0.1
1.224
1.424
1.824
0.1
1.424
0.1
1.224
1.224
1.324
0
2.448
2.448
1.224
0.1
1.324
0.1
1.224
1.324
2.548
1.224
0
0
1.324
3.672
0.1
1.224
0
0
0
2.448
3.772
2.448
2.448
1.224
0
0
0
0
1.524
0
0
0
0.1
1.224
2.848
1.424
1.324
1.224
2.748
3.672
1.224
0
3.672
1.324
0
0.1
0
2.448
4.896
0
1.224
1.224
1.224
2.448
3.672
1.224
1.224
0
2.548
1.324
2.024
1.224
1.224
0
1.324
1.824
4.896
1.224
1.324
3.048
1.224
0.1
3.772
1.324
1.324
0.1
0
0
0
0.2
3.048
0.1
0.1
1.224
0
0.7
3.772
0
2.648
0
1.224
1.324
1.224
1.224
0
0
0
1.424
1.224
0
1.324
0.2
1.324
1.324
1.224
0.7
1.224
1.324
0
1.224
1.524
2.748
0.2
0
2.648
2.448
1.224
1.324
1.324
1.424
0.1
0
1.424
0.1
1.224
1.424
4.172
1.224
2.748
1.224
1.224
1.224
0
1.524
1.324
0
2.448
2.448
2.448
1.224
0
1.224
2.648
0.1
1.324
1.224
1.224
1.424
2.448
0
0
1.524
1.624
0.1
0
0
1.224
2.748
3.672
2.648
1.324
3.672
1.324
0.2
0
0
3.672
1.524
1.524
3.672
0
1.224
0.4
1.224
0
1.324
1.424
2.648
1.224
0
3.448
2.548
2.448
1.224
2.648
1.224
1.524
0
1.224
1.224
2.548
3.772
5.092
2.448
2.448
1.224
1.224
0
1.424
1.224
1.224
0
1.224
0.2
0
1.224
0
0.4
1.224
1
0.1
1.224
0
1.224
1.224
2.448
0
0
1.224
1.224
1.224
1.224
1.224
1.324
0
0
3.248
1.324
2.448
1.836
3.16
3.16
3.66
3.26
3.06
2.336
4.484
4.584
1.936
3.06
3.06
1.836
1.936
4.284
3.06
1.936
3.06
1.936
4.284
1.936
3.06
4.284
1.836
1.936
5.608
4.384
3.36
3.06
4.384
3.06
3.06
1.836
3.06
3.06
4.284
4.284
4.284
1.936
4.284
3.16
3.06
1.836
4.784
5.508
3.26
3.56
1.836
4.08
4.284
2.856
5.508
6.732
4.284
5.608
3.16
4.484
5.608
5.508
6.732
5.608
12.076
4.384
4.284
4.284
5.508
1.836
3.06
0.1
1
0
0
1.724
1.624
1.524
