0.2
0.1
0.6
0
0
0.2
0.1
0
0.1
0
0.2
0.1
0.2
0.4
0.5
0
2.036
0
0
0.1
0
0.1
0
0
0.1
0.1
0.1
0.2
0
0
0
0
0.9
0
0
0.4
0.1
0.1
1.936
0.3
0
0.8
0
1.936
2.136
0
0
0.1
0
0.1
0
0
0.1
1.936
0.1
0
0
0
0.1
0.1
0
0
2.336
0.5
0.3
0.1
0
0
0
0.7
0.1
0.1
0
0.2
0.6
0.2
0
0.3
0.1
0
0.4
0.1
0
0.4
1.836
0
0.1
1.836
0
0.6
0
0
0.1
0
0
0
0
0
0.1
0
1.936
0.2
0.6
0
0
0
0
0.5
0.1
0.2
0.3
0.1
0
0
2.036
0.1
0.1
0
0.1
0
1.5
1.936
0
0.2
0
0
1.936
0
0
0.1
0
1.836
0.1
0
0.1
0.3
0
0
0.3
0.3
0.1
0.1
0
0
0
1.836
0.1
0.1
0
0
0.1
0.1
0.2
0
2.436
0.3
0
0.1
0.1
0.1
0.1
0
0
0
0.2
1.936
0
0
0.2
1
0
0.1
0
0.1
0
0.1
1.836
0
0.1
0
0
0.2
0
0.1
0
0.1
0.1
0
0.2
0
0
0
0
0.5
0
0.1
0
0
0
0.2
0
0
0
0.4
0.3
1.936
0.2
0.1
0.3
0
0
0.2
0.1
1.836
0
1
0.1
0.7
1.836
0
0
0
0.6
0
0
0.2
0
0
0.6
0
0
0
0.4
0
0.1
2.036
1.3
0
1.836
0.3
0
0.5
0.4
1.936
1.836
0
0
0
0
0.3
0
2.036
1.936
1.836
0
0
0
0.3
0.1
0
0.1
0
0
2.536
0
0
0.1
0
0
0
0
0.1
0.1
0
0.5
0
0
1.32
0
0
0
0.2
0.1
0
0.2
0
0
0
0.1
0.1
0
0
0
0.4
0
1.936
0
0
0
0
0
0
2.436
0
0
1.836
0.1
0
0.1
0
0.1
1.836
0
0
0
0
0
0
0
0.1
0
0.1
0.2
0.3
0.3
0
0
0
0
0
0.7
0
0
0
0.1
0
0
0
0.7
0
0
0
1.5
0
0.4
0.2
0.1
0
0.2
0
0.1
0.1
0.3
1.6
0
0.1
0
0
0
0.2
0.1
1.02
0.1
0
0
0.1
0
0
0.1
0.1
0
0
0
0
0
0
0.2
0.1
0
0.2
0.2
1
0
0
0
0
0.2
0.2
0
0.1
0
0.1
0.8
0.1
0.2
0.1
0
0.2
0
0
0.2
0
0
0.3
0
0
0
0
0.1
0
0.7
0.1
0.1
0
0
0.1
0
0
0.1
0.1
0
0
0.7
0.4
0
0.1
0
0.2
0.3
0
0
0.1
0
0.2
0.4
0.1
0.1
0.4
0.1
0.2
0
0.3
0
0
0.2
0
0
0.1
0.3
0
0
0
0
2.336
2.336
0
0
0
0
0.2
0.1
0
0.2
0.2
0.1
1.836
0
1.1
0.3
0
2.536
0.5
2.036
0.3
0.4
0.1
0.2
0
2.836
0.4
1.936
0
0
0
0
1.836
0
0.4
0.1
0
0.1
0
0
0.1
0
0
0
0
0.1
0.1
0
2.136
0
0
0
0
0
0.5
0
0
0
0.1
0.2
0
0.1
0
0
2.036
0.1
0
0.9
0
0
0
0
0.3
0.3
0
0.1
0
0
0.4
0.4
0
0
0.1
0
0.2
0
0.1
0
0
0.1
0
0
0.2
0.3
0.2
2.136
0
0
0
0.1
0
0
0
0
0.5
0
0
0.1
0
0
0
0.1
0
0.2
0.1
0.2
0
0
0.1
0
0
0.1
0
0.1
0
0
0.6
0.4
0
2.036
0
2.036
0
0.1
0
0.1
0
0
0.1
0
0.1
0
0
0.1
0.4
0.1
0
0
0
0.2
0
0.1
0
0.2
0
0
0
0
0.2
0.2
0.1
0
0
2.436
0.1
0.9
0.2
0
0
0.2
0.1
0
0
0.1
0.3
0.2
0
0
0
0.1
0.1
1.836
0
0
0
0
0
0
0
0
0
0.2
0
0
0.1
0
0.1
0
0
0
0.3
0
0
0
0
0
0.1
0.9
0
0.4
0
0
0.1
0
0
0.1
0
0
1.936
0.1
0.1
0.2
1.836
0
0
0.2
0.2
0
0
0.2
0
0.1
0
0.1
0.1
0
0.1
0
0
0
0.1
0.2
0
0
0.3
1.836
0
0.1
0
0
0.2
0
0.1
0.1
0.1
0
0
0.2
0
0
0
0
0
0.2
0.1
0
0
0
0.2
2.236
0.1
0
0.1
0
0
0
0
1.2
0
0.1
0
0
0
2.136
0
0.2
0
0
0.1
2.636
0
1.936
0.1
0
0
0.2
0
0
0.1
0.2
0.1
0.1
0.1
0
0.8
0.6
0
0.1
0.1
0.2
0
0
0
0
0
0.2
0
0.8
0
0
0
0
0
0
0.1
0.1
0
0
0
0.1
0
0
0.1
0.2
0.3
0
0.1
0.3
0.1
0
0
0.5
0.1
0
0
0.1
0.6
0.1
0
0
0.1
0.1
0
0.3
0
0.1
0
0
0.4
0
0
0.3
0
0
0.1
0
0.1
0.1
0.1
0
0.1
0
0
2.136
0
0
0
0
0.1
0.2
0
0
0.1
0
0
0.1
0
0
0.1
0
0
0
0
0.1
0
0
0
0.2
0
0.1
0
0
0.1
0.3
0.1
0
0
0.3
0.1
0.1
0
2.736
0.2
0
0.9
0
0.1
0
0
1.836
0
0
0.5
0.9
0
0
0
0
0
0.2
0.1
0
0.1
0
0
0
0.1
0
0
0.2
0
0
0
0
0
0
0
0
0
0
0.1
0.1
0.7
0.1
1.936
0
0.1
0
1.836
0
0.3
0
0.2
0.1
0
0.1
0
0
0
0.3
0
0
0
0
0.1
0
0.6
0
0.5
0.4
0
2.536
0.2
0
0.2
0.2
0.1
0.2
0
0
0
0
0
0.1
1.836
0
0
0
0.2
0.3
0.1
0.1
0
0.1
0
0
0
0
0.2
0.2
0
0.1
0.1
0
0
0
0.1
0
0
0
0.3
0
0.2
0.2
0
0
0
0.2
0
0
0
0.2
1.936
0.1
0.1
0.2
2.136
0.1
0.2
0.2
0.2
0
0
0.3
2.836
0
1.936
2.736
2.136
0.1
0
0
0
0.2
0.1
2.036
0
0
0
0.1
0
0.6
0
0
0
3.236
0
0.3
0
0
0
0
0.3
0
0
0
2.036
0
0
0
0
1
0
0
0
0
0
0.7
0
0
0
0
0
0
0.2
0.2
0.1
0
0
0.1
0
0
0
0
1.4
0
0
0
0
0.6
0.1
0.1
0
0.6
0
0
0.1
0
0
0
0
0.1
0
0
0.1
0
0
0
0.1
0
0
0.1
0.1
0
0
0
0
0
0.1
0.5
0
0
0
0
0.2
0.1
0
0
0
0
0
0
0.2
0
0
0
0.2
0
0.1
0
0
0.1
0.1
0
0
0.1
0
0.2
0.4
0.2
0
0
0
0.3
0
0.1
0
0
0
0
0
0.1
0
0.4
0.1
0.1
0
0.2
0
0.2
0
0
0
0
0
0
0.1
0
0.1
0.1
0
0.1
0
0
0.2
0
0.1
0.2
0
0
0.2
0
0
0.1
0
0.2
0.6
0
0
0.7
0
0
0
0.1
2.036
0
0.1
0.4
0.1
0
0
0.1
0
0.1
0.1
0
0.1
0
0
0.2
0
0.1
1.836
0
0
0
0.1
0
0.1
0
0
0
0
0.4
0
0
0.1
0
0.2
1.1
0.1
0
0.1
0
0.2
0
0
0
0
0.2
0
0.1
0.1
0
0
0
0.5
0.1
0.2
0.3
0
0
0.1
0
0
0
0
0.1
0
0
0.4
0
0.1
0.2
0
0
0.1
0.1
0
0
0
0.1
0.9
0.2
0
0
0.1
0
0.1
0
0
0.3
0.3
0
0
0
0
0.1
0
0
0
0
0.1
0.2
0
0
0
0
0
0.2
0
0
0.1
0
0.2
0
0
0.2
0
0.1
0.1
0.1
0
0.1
0
0
0
0
0
0.2
0.4
0
0
0
0.1
0
0
0.2
0.2
0
0.1
0
0.1
0
0
0.3
0.2
0
0
0
0
0
0.1
0.4
0.1
0
0
0
0
0
0.3
0
0
0
0
0.2
0.3
0
0
0
0.1
0.1
0.1
0.1
0.1
0
0
0.1
0
0.1
0
0
0
0.3
0
0.2
0
0.1
0
0.1
0
0
0
0
0.2
0
0.1
0.1
0
0
0
0.1
0.1
0
0.1
0
0.3
0
0
0
0.2
0.1
0
0
0
0
0
0
0.1
0
0.4
0
0
0.1
0
0
0
0
0
0.1
0
0.1
0
0.2
0
0.3
0.2
0.1
0
0.1
0.1
0
0
0.2
0.1
0
0
0.2
2.036
0.3
0.1
0
0
0.1
0
0
0
0.2
0
0
0
0
0
0
0
0.1
0.1
0
0.1
0
0
0
0.1
0.2
0.1
0.6
0.3
0
0
0
0
0.2
0.4
0.3
0.1
0
0
0
0.1
0
0.1
0
0
0.5
0
0.1
0
0
0
0.1
0.1
0
0
0.5
0.2
0
0
0.1
0
0
0.3
0
0
0.1
0.1
0
0.2
0.1
0
0
0
0
0
0
0
0
0
0.3
0.4
0.1
0
0.1
0
0.1
0.1
0
0
0.4
0.1
0
0
0
0
0
0
0
0.2
0
0.1
0
0
0
0
0.6
0
0
0.4
0.4
0
0
0
0
0.1
0
0.1
0
0
0
0
0.1
0.2
0
0
0.1
0
0.1
0
0.1
0.2
0.2
0
0
0
0.2
0.2
0
0
0
0.2
0
0
0.2
0.1
0.1
0
0
0.1
0
0.2
0.5
0.1
0.1
0
0.1
0
0.1
0.1
0.1
0
0
0
0
0.1
0
0.3
0.1
0.1
0
0.1
0.2
0.1
0.1
0
0
0
0
0.1
0.3
0.1
0.2
0
0
0
0.1
0
0.1
0
0
0
0.3
0.1
0.3
0.4
0
0.1
0.1
0
0
0
0
0
0
0
0
0
0
0
0.1
0.1
0
0.1
0
0
0
0
0.1
0
0.3
0
0.4
0
0.1
0.6
0
0
0
0.8
0
0
0.1
0.1
0.2
0
0.2
0
0.1
0
0.4
0.1
0.4
0.1
0
0.2
0
0
0.1
0
0.1
0.1
0
0.2
0
0
0
0.1
0
0
0
0
0
0
0
0.8
0
0
0.1
0.1
0.1
0.8
0.1
0
0.2
0
0
0.1
0
0.1
0.1
0
0.1
0
0.1
0
0.8
0.2
0.1
0
0
0
0
0.1
0
0
0
0
0
0.1
0
0
0.2
0.2
0.2
0
0.1
0.1
0
0
0
0.4
0.3
0
0
0
0
0.1
0
0.3
0
0.1
0.1
0.2
0
0
0.1
0
0.3
0
0.2
0.3
0.2
0
0
0
0
0
0
0
0.6
0
0
0.1
0.2
0.1
0.4
0
0.3
0
0.3
0.1
0.3
0
0.1
0
0
0
0.1
0
0.1
0
0
0.2
0
0
0.1
0.6
0
1.2
0.1
2.136
0
0
0
0
0
0
0.2
0
0
0
0.1
0
0
0
1.2
0.1
0
0
0.2
0.2
1.2
0.7
1.836
0.7
0.3
0
0.1
2.036
0
0.1
0.3
0.1
0
0.1
0
0
0
0
0
0.1
2.236
0.1
0
0
0
0
0.2
0
0
1.836
0
0
0.2
0
0.2
0.1
0
0
0
0.2
0.1
0
0.1
0.3
1.836
0.1
0
0
0.1
0.2
0.3
0.1
0.1
0.1
0.1
2.136
0
2.036
0.1
0
0
0
0
0
0
6.756
0.4
0
0
0.1
0.6
0.1

0.42
0.1
0.32
0.12
0
0.12
0.74
0.22
0.62
0
0.22
0.54
0.3
0.52
0.1
0.22
0.4
0.22
0
0.1
0.94
0.54
0
0.1
0.1
0.12
0.12
0.12
0.42
0.12
0.12
0.42
0.6
0
0
0.12
0.32
0.82
0.12
0
0.32
0.7
0.3
0
0.32
0.3
0
0.22
0.1
1.02
0.22
0.12
0.62
0.52
0.32
1.02
0
0.62
0.18
0.74
0.34
0.34
0.24
0.34
0
0.24
0
0.94
0
0
0.1
0.12
0.4
0
0.12
0.2
0.8
0
1.8
0
0.34
0
0
0
0.24
0
0.1
0.52
0.34
0.52
0
0.22
0.24
0
0
3.34
0.42
0.12
0.3
1.3
0.6
1.28
1.9
0.18
1.08
1.04
0.42
0.48
0.3
0.3
0.28
0.78
0.66
0.18
0.5
0.3
0.28
0.3
0.5
0.3
0.74
0.58
0.4
0.62
0.52
0.4
0.3
0.98
0.42
0.28
0.3
0.4
0.18
0.92
0.42
0.54
0.18
0.48
0.4
0.48
0.56
1.6
0.6
0.62
0.9
0.18
0.18
0.42
0.28
0.66
0.66
0.92
0.74
0.3
0.62
0.76
0.52
0.76
0.6
0.54
0.28
0.42
0.3
0.6
0.18
0.18
0.2
2.4
0.3
0.1
0.54
1.52
0.64
