4.948
1.3
5.4
1.7
0.6
0.6
0.3
0
2.124
0
1.924
0.1
0.9
4
3.3
0.1
0
0
0.1
0.3
0.5
0.9
0
0
2.524
0.2
2.224
1
0.2
0.3
0.2
0
8.724
1.424
0.8
3.624
1.824
1.524
0.4
3.624
1.824
7.724
0.1
0.3
0.2
0
3.524
1.1
2.524
2.924
0.3
0.3
3.724
0.2
0.2
0.3
1.424
0
1.924
3
7
1.9
0.4
3.3
4.324
2.124
0.5
0.3
1.4
6.8
4.724
3.024
2.124
1.624
11.924
5.424
0.1
0.8
0.2
1.224
2.5
0.2
0.2
0.4
0
0
0
0
0.1
5.1
1.624
0.7
1.924
0.1
0
2.924
2.324
1.524
0.4
0.3
0.5
4.1
3
1.524
1.224
1.824
2.548
5.4
0.5
1.924
4.248
1.424
1.324
0.2
0.2
1
2.848
0.4
1.524
1.524
13.1
0.3
0.4
4.024
0.5
1.524
2.524
0.2
0
2.1
3.548
0.2
1.2
0.2
2.324
2.9
1
0.3
1.2
5.224
1.724
0.6
0.1
1.8
0
0.1
0.7
0.8
1.724
0.1
0
1.824
2.124
2.848
5.624
3.324
3.324
1.1
6.448
1
2.124
0.2
1.324
1.424
2.324
0.4
0.2
1.624
1.924
11
1.624
6.024
1.424
1.724
1.424
2.6
0.3
0
0.4
3.824
3.224
2.4
0.5
0.2
4.424
2.5
3.3
0.4
0.3
0.2
1.5
2.224
1.724
2.5
0.7
1.2
0.1
3.448
1.224
2.4
2.824
0
1.224
0.7
8.524
0
1.324
3.224
1.1
1.624
0
2.724
1.9
0.1
1.224
12.624
1.324
5.924
0
0
0
0.1
4.5
0.2
0.1
1.2
0
0.1
1.7
1.324
1.3
0
0.1
0.2
0.4
0.2
11.6
0.4
1.224
1.4
0
3.6
1.9
0.1
1.224
0.2
1.324
0.1
0
4.2
0
0.1
0
0
0.4
0
0
1.9
0.6
0.8
0.4
1.224
1.824
0.9
0
1.224
2.4
0
1.424
0
1.224
1.824
1.424
0.5
4.2
0.2
0.2
0.2
2.748
2.448
1.224
0.1
0.8
0
1.2
1.424
0.1
0.2
0.6
0.3
0
0
0
7.2
0
1.224
0.2
2.024
1.1
2.448
0.9
2.848
0.9
1.7
0.5
0.1
2.9
3.024
0
2.624
0.6
0
0.4
0
0.1
0.3
1.224
1.424
0
1.824
2.648
0.6
4.048
4.524
1.3
1.224
0.1
0.5
0.2
0
3.6
0.2
0.3
1.5
0.3
0
0.3
0.1
8.648
1.324
1.224
1.424
8
1.824
3.124
2
1.824
0.6
3.624
2.748
2.848
3.248
6.8
12.224
0.2
0.3
1.324
2.224
0.2
3.724
2.024
0.1
1.424
1.224
0
0.5
0
1.324
0.2
0.1
0
0.2
0.1
0.1
0
0.1
4.4
0
0.3
0.2
0.8
3.2
0
0
0
0.9
0.4
3.024
1.524
0.2
0.1
1.424
6.4
0.2
1.2
0.2
0.1
2.324
1.224
0.1
0.2
0.6
1.224
1
0.1
1.224
0.1
0
1
0.1
5.4
1.7
1.724
0.2
0.4
0.5
1.724
0.1
1.624
0.2
0.2
0.6
1.1
2.4
2.548
0.7
0.2
1.324
2.3
1
0.2
3.448
0.3
1.1
1.5
0.3
1.424
5.748
1.1
2.748
0
2.424
0
2.548
0.3
0.2
0
0.2
1.1
0.4
0.6
0
0.1
1.5
0.1
1.524
1.3
0.1
1.424
3.4
0.2
0.1
0.3
2.4
0.6
0.4
1.4
8
4.324
0
2.6
7.624
0
1.624
1.7
1.8
1.6
0
0.7
1.2
0.1
0
1.224
0.8
0.8
0.2
0
2.224
0.8
0.1
1.324
0
0.6
0.5
0.2
0
0
0.2
2.7
0.2
0.4
0.8
0.8
2.448
0
0.1
0.5
2.5
0.1
0
1.424
1.3
0.2
0
0.1
0.2
0.4
1.624
0.1
0
7.224
0
1.224
0.1
0
1.5
3.2
0
0.2
1.224
0.2
1.4
1.9
1.224
0.2
0.5
2.748
2.124
0.3
2.824
1.5
0.2
1
1.724
0.9
0.4
1.7
1.4
0.2
1.324
1.324
0.5
0.3
0.6
1.524
0.8
0
1.7
0.1
0.1
0.7
1.824
0.1
0
2.424
1.324
2.624
1.3
1.724
1.524
0
0.7
0
0.1
0.4
0.1
0
0
0.2
6.824
1.7
0
0.1
0
0.4
0.1
0
1.724
0.4
0.4
0.5
0.3
1.324
2.2
0.1
1.224
0
0.6
0.3
0
1.324
0.2
0.5
0
0
0.5
3.124
0.5
0.2
0
1.224
0.2
2.7
0.3
0.4
2.4
0.1
0.2
7.424
0.9
1.424
0.1
0.3
0.4
0.2
0
1.1
0.8
2.624
0
0.2
0.4
1.524
0.2
0.3
0
0.1
0.4
0
0
0.6
0.2
1.224
0
2.624
1.224
2.648
1.9
0
1
1.324
1.224
1.324
1.4
0.8
0
0.3
0.3
0
0.4
4.1
0.3
2.824
0.2
0.2
0
0.1
0.3
1.824
1.224
0
0.2
0.7
0.6
1.9
0
0
0.9
2.824
1.2
1.424
1.524
2.5
1.224
0
0
0.2
0.9
0.2
1
1.1
0.2
0.2
0.5
0.2
0.7
0.1
0.6
0
0
0.1
1.924
0.2
1
1.224
1.6
0.4
1.7
0.9
1.224
0.5
1.324
0.4
0
0.1
2.648
0.1
1
0.4
0.1
0.4
0.4
0.3
0.2
1.224
1.424
0.3
0.1
0.1
0.3
7.324
0.2
0.7
0.5
0.1
0.5
0.3
0.2
1.7
0.5
3.648
0.8
1.4
2.424
0.1
0.5
0.1
0
1.524
0
1.524
0.7
0.8
0.1
0.1
0.2
0.1
8.2
6.724
1
1.824
1.3
0.1
0
1.424
0.1
0
0
0.2
0.3
2.1
2.224
1.224
0
0
1.224
0.1
0
0.2
0
1.224
1.224
0.4
1.624
0
0.4
0.3
1.6
1.224
1.3
2.8
0.4
0.7
0
0.7
0
2.848
0
1
5.8
0.8
2.948
0
0.4
0
0.1
2.324
1.224
0.4
0.6
2.448
2.524
0
0.1
0.5
0
0.1
0.2
0.1
0.8
0
0.5
0
0.4
0
0.4
0.1
2.448
1.324
1.524
0
0.1
0.8
0.3
1.524
0.5
0.1
1.424
0.3
1.224
0.1
0.1
0.1
1.6
0.3
0.2
0.3
0.1
1.224
0
0.1
0
1.9
0.3
0.1
1.324
3
1.524
0.2
0.1
0.4
1.524
0.7
0.3
1.5
3.424
2.448
3
1.324
2.748
1.324
1.324
0.5
0.2
0
2.7
6.124
1.624
0.2
0.1
0.1
0.4
0.4
0.1
0.6
1.424
0.1
3.548
0.1
1.324
1.2
0
0.7
0.1
0
0
0.2
0
0.3
1.424
1.624
0.4
0.2
0
0.5
3
1
0.2
1.224
0.4
0.1
1.224
0
2.324
0
2.124
2.424
0
0.7
1.724
0
1.6
3.6
0.4
0
0
0.1
2.624
0
9.448
0.4
3.9
1.1
1
0.3
1
0
2
0.6
0.3
0.5
0
0.2
0
0.7
0.2
0.2
0
0.4
0.9
0
0.7
4.1
0
1.3
0.1
0.2
2.448
1.324
0.1
0.4
2.6
0.5
1
0
2.2
0.1
0
0.2
0.2
0.6
0.2
1.4
1
0.2
2.824
1.524
0.3
0.7
0.1
1.5
0
0
1.224
0.3
0.3
0.1
1.9
0.7
0.1
0.5
0.2
2.4
0.6
1.224
1.224
1.5
1.8
0.1
0.4
4.3
1.3
2.3
1.724
0.1
0
0.4
2.4
0.7
0.1
0
0
5.3
0
5.824
0.8
1.424
0.2
2.8
0.1
1.5
0.2
2.524
0.7
1.724
3
0.8
0
1.424
0
1.224
1.424
0.4
1.224
6.8
0.2
3.224
2.324
2.548
1.324
1.1
0
0.1
0
0.1
0.1
1.524
2.5
2.724
1.1
0.4
1.224
0.5
0
0
0.4
0.9
14.7
1.524
0.1
3.248
0.2
4.3
0.4
0.6
1.324
5.724
1.424
1
0.2
1.224
0.2
0
4.624
2.124
4.824
1.724
2.324
1.424
0.1
1.624
1.3
0.2
0.6
4.224
0.3
1.8
0.5
3.248
1.524
0.4
2.4
1.9
0.9
0.1
0.3
2.224
0.9
2.224
2.624
0.3
0
1.724
2.424
2.648
5
0.5
0.5
0
1.3
1.324
3.3
0.5
0.3
0.1
1.624
0.8
0.2
0.5
1.724
1.624
4
2.424
1.224
0.3
0
4
0.5
1.824
0.1
0.2
2.024
0.6
4.348
0
0.1
2.4
0.5
0.3
1
1.8
0.1
2.424
2.324
0.1
0
3.048
2.224
1.524
0.5
2.224
0.5
0
1.724
0.5
2.448
0.6
0.2
0
3.424
0
1.224
1.724
2.524
0.2
0.5
0.4
3.148
1.3
3.6
5.648
0
5.8
1.324
2.748
0.7
3.224
1.4
1.6
0.7
6.4
2.224
0.3
0.1
0.7
1.624
4.248
2.824
0.3
0
1.724
1.224
1.3
0.7
0.2
1.524
0
2.448
1
5.224
0.1
4.224
0.4
1
0.6
1.1
2.924
1.2
2.1
1.524
0.4
1.824
10.5
0.3
1.524
1.824
1.324
1
0.2
0.6
0.9
2.124
4.648
2.324
1.524
0.5
2.024
1.624
0.6
3.9
0
2
1.4
0
0
1.924
1.624
0
1.324
1.224
0.6
0.9
0.1
0.6
0.3
1.4
0.9
3.524
2.924
3.024
2.924
2
0.1
0.3
0
8.3
4.6
1.224
0.2
1.4
0.1
0
0.7
1.2
2.3
2.5
1.324
1.924
1.624
2.424
1.924
2.748
0
1.924
1.324
2.7
6.4
0
1.424
0
0.5
1.324
3.624
0.4
0.1
0.5
1.824
0.5
0.2
0.4
1.7
2.324
1.2
1.924
1.524
2.324
0.3
0
2.124
0.3
0.3
0
0.3
2.1
1.724
2.224
1.224
3.924
1.324
2.124
4.124
2.7
1.724
1.2
0.5
2.824
0
0
6.224
1.1
1.424
2.448
1.424
0.4
0.2
0
1.1
1.824
0.7
1.424
0.5
2.024
0
3.124
0
0.2
0
0
1.1
5.924
0.8
2.524
1.524
0.4
4.324
1.824
0.2
2
0.1
1.324
0.7
3.024
2
0.3
1.424
1.724
0.5
1.524
1.3
2.124
3.224
0
0.4
0.3
0.1
1.224
0
1.3
0.5
1.2
0.4
3.248
0.1
0.1
0.2
1.6
0.7
2.924
0.5
3.524
0.1
0
0
0.4
1.924
0
1.324
0
0
0.1
1.324
0
2.024
3.724
0.4
0.6
1.1
2.424
0.5
1.624
0.9
0.1
3.424
0.4
0.5
0
0.9
3.348
1.5
3.324
4.048
1.224
1.824
1.624
3.724
0.1
1.824
3.024
1.2
0
4.824
1.6
6.424
0.2
2.548
1.924
0
2.824
1.524
0.1
3
1.524
0.3
0.1
0
1.724
0.5
2.848
1.324
0.5
1.424
2.224
1.224
1.224
1.424
0
1.424
2.724
8.924
2.2
0.7
3.124
1.324
0.3
1.6
1.6
1.4
0.6
0.8
0.1
0.1
1.2
1.824
1
1.324
0.1
5.724
1.424
1.324
2
1.524
0.9
3.2
2.724
0.2
5.048
1.4
2.224
0
0
3.524
0
0.2
1.9
1.924
0.3
0.4
0
1.224
2.2
1.624
0.2
0.7
1.724
1.724
1.324
0.1
1.224
0
1.624
2.8
2.9
0.4
1.324
1.924
1.224
0.2
0.2
0.2
0
9.348
2.024
0.2
1.924
0.5
1.824
1.524
0.2
1.424
0.9
0.9
0.8
0.2
0.4
1.624
0
8.724
2.748
0
1.6
3.9
0.1
2.448
2.024
0.4
1.924
0
0.2
0.5
1.524
1.224
0.4
1
7.324
0.2
1.624
0
0
0.2
1.824
0.2
1
1.3
0
1.424
1.424
4.324
0.8
0.3
1.524
0.2
1
1.524
1.424
0.4
0.5
2.848
0
0.5
3.324
0
3.424
5.9
2.324
2.124
1.1
0.1
0.2
1.824
0.6
1.424
0.1
1.424
0.1
0.1
1.5
0.3
2.3
2
1.724
1.324
3.424
1.4
1.3
3.424
0.2
0
1.524
1
1.3
2.024
0.7
1.5
0.2
1.224
1.524
3.648
2.448
1.6
1.924
1.224
2.024
3.124
1.824
3.7
6.148
0.4
2.324
0.3
0
1.424
0
1.624
0.1
0.1
2.624
1.324
0.1
0
1.324
0.5
0.3
0.1
0.2
0
1.324
0
1.424
1.2
1.724
6.924
0.9
2
0.2
1.4
4.8
0.5
1.424
0.6
4.6
0.1
0.4
0.2
1.3
1.824
1.924
1
1.924
0.3
1
2.624
2.724
2.8
2.1
0.2
5.824
0.4
1.624
0.1
0
0.8
2.424
1.824
1.1
2.924
0.3
0
0.8
1.324
1.424
0.3
2.924
2.1
1.724
1.624
10.2
2.124
1.724
3.448
0.4
2.6
6.3
4.5
2.448
2.724
0.1
0
1.4
2.224
3.624
3.724
0.7
1.1
0.9
2.124
1.3
8.324
1.624
0.4
0
0.1
2.524
1.524
4.748
1.424
1.824
0.1
2.4
0.5
1.7
1.324
0.9
1.6
3.424
1
1
0.3
1.9
1
2.548
1.824
4.124
1.6
1.324
2.124
1.824
1.224
2.024
1.924
5.224
1.424
1
2.924
6.224
2.448
1.424
0.2
2.524
2.7
0
1.724
2.624
6.124
0
3.048
0.5
4.248
0.2
0.7
1.624
5.4
1.8
0.6
2.224
2.1
1.5
2.6
1.524
3.1
0
1.5
0.4
3.024
0.1
0.2
0.2
0
0
2.824
0
1.724
1.724
0.7
4.124
1.424
1.324
1.824
5.724
0
12.224
0.5
1.624
1.224
0.1
0
0.2
2.548
0.2
1.1
1.424
1
1.224
0.1
1.724
0.2
1.224
8.9
0.3
0
0
4.2
1.8
9.024
3.2
1.224
9.148
1.3
0.4
1.724
0
0
0.1
1
0.1
1.324
0.1
0
1.924
0
0.4
0
0.2
0.8
1.2
0.2
0.9
1
0
0.2
0.1
0.3
1.324
1.524
2.748
2.7
0
0.2
2.748
0
0.3
1.224
1.724
4.2
2.448
2.224
2.724
1.224
1.224
0
0.3
0.1
0.1
0.9
0.4
3.348
4.248
0.3
0.1
0.2
0
1
0.1
0
0
0.2
1.224
0.1
0.4
38.168
5.168
1.824
4.824
4.4
3.524
