2.136
0
2.624
0.4
1.424
1.224
1.524
1.224
1.524
1.224
1.424
2.648
1.624
1.624
2.124
0
0
0
0
0
1.424
1.424
0
0
0.1
0
0.2
0.1
1.424
0
0
1.324
1.7
0.2
1.836
2.436
1.836
1.836
2.036
2.436
1.936
4.26
1.836
1.836
2.136
3.16
2.036
2.436
2.436
3.16
3.06
1.836
3.46
1.836
1.936
1.836
2.036
2.036
1.936
4.16
3.336
2.536
1.936
3.136
2.436
2.236
1.936
1.836
3.36
3.536
2.136
3.76
2.136
1.936
5.16
2.936
1.836
2.236
1.836
1.836
4.06
1.936
3.26
1.836
1.836
1.836
1.836
1.836
1.836
2.336
2.036
2.136
2.036
2.036
1.836
3.16
3.86
1.836
1.936
1.836
1.936
2.736
2.636
1.836
1.836
1.836
1.836
3.236
2.236
1.936
2.236
1.836
1.836
3.06
1.836
2.136
2.036
2.036
1.836
1.836
3.836
1.936
1.936
2.636
1.936
1.836
2.036
3.06
1.836
4.26
2.036
2.036
1.936
1.836
3.36
2.836
3.36
3.46
3.46
2.536
1.836
2.136
1.836
3.66
1.836
1.836
3.56
2.236
2.036
1.836
3.06
1.836
1.836
1.936
2.736
2.536
1.936
2.036
2.736
1.836
1.936
1.836
1.836
1.836
2.636
1.936
2.036
1.836
1.836
5.236
1.836
2.736
3.26
1.936
3.06
4.06
1.936
1.836
3.16
2.136
2.236
4.46
3.16
4.384
3.76
5.484
15.484
4.384
3.26
4.284
3.66
4.584
3.36
5.484
4.384
4.484
4.284
3.16
0
0.3
0.4
0
0
0.3
1.9
0
0
2.424
1.424
0.4
1.224
0.1
0.8
0
0
3
0
0.6
0
0.1
0
1.324
3.024
1.324
1.224
1.624
1.224
1.224
2.024
1.224
1.624
1.224
1.224
0
1.324
0.3
5.024
1.224
0
1.824
0
2.124
1.724
0
0
0
0
0
1.324
1.2
0
0.4
0
0
0.2
1.224
0
0.4
1.424
1.424
1.324
0
0
0.5
1.224
0
0.4
1.224
0.1
1.224
0
0.1
0.1
1.324
0.5
0.1
1.324
1.936
1.424
0
0
0
1.524
1.224
1.424
0.2
1.224
1.224
1.224
1.424
1.224
1.224
0
0.7
0
0
0.1
0
0.2
0
0
0.1
0.5
0.5
0.1
0
0.6
0.5
0
0.5
0.5
0
1.524
0
0
1.424
0
1.224
0
1.424
0
0.3
0.2
0.3
0.5
0
0
0.1
0.1
0
1
0
0
1.624
1.424
0
0.2
0
1.4
0
0
1.424
1.9
0
0.6
1.824
1.524
1.324
0.7
0
1.524
0.2
1.4
2.8
0
0.1
0.1
1.936
0
2.848
2.748
0
1.324
1.224
1.324
0.2
0.1
1.224
0
1.224
1.224
1.224
0
1.224
0
0.1
0.8
0
0
0
1.524
2.624
0
0
0
0.1
1.224
1.924
0.1
0
0
1.424
1.3
0
0.2
2.548
0.1
0.5
0
0
1.324
1.324
0
1.924
1.324
1.224
1.224
1.224
1.324
1.324
2
2.224
0.2
0
0.1
0.2
0.1
0
0
0
1.424
1.524
1.424
0.7
0
1.524
0.1
1.224
2.024
1.524
0
0
1.424
0.4
1.824
0.5
0.1
0.5
1.524
0.3
1.224
0.2
0.2
0.2
0.2
1.224
0
1.224
1.524
1.324
0.2
0
0
1.824
0
0.1
0.4
0
0.1
2.024
1.524
1.224
1.224
0.7
1.424
0.2
0.4
3.624
0.9
0
2.624
0.8
0
0.4
1.724
2.224
0
0
0.3
0.7
1.424
0
0
0.1
0.4
0
1.224
0.1
0.5
1.224
0
0
1.424
1.424
0
0.1
0
1.224
2.424
1.224
0.1
1.824
0.1
0
0
1.424
1.324
1.4
0
0
0
1.724
1.324
1.224
1.224
1.524
0.2
1.524
1.324
0.1
1.3
1.224
0
1.224
0
2.124
2.524
1.224
0
0
1.224
1.624
2.424
1.224
0
1.424
0
0.1
1.224
0.6
0.9
1.324
0.3
0.1
0.1
1.624
2.124
1.624
1.324
0
0
0.2
1.324
1.824
0.1
0
1.224
1.724
1.324
0.1
0.3
0.1
0
0
0.2
1.224
0.5
1.924
1.524
1.224
1.224
0.1
1.224
0
1.324
0
0.1
1.224
1.224
1
1.524
0
1.524
0
0
1.324
1.224
0.1
0.1
1.224
1.324
1.224
0
0.5
0.1
0
1.224
1.324
0
1.224
0.1
0
0.2
0
1.424
0.1
0.8
1.324
0
0
0
0.3
2.024
0.1
0
0.9
0
0
1.8
1.424
1.324
0.1
0.1
0.1
1.424
0
0
1.424
1.924
0
0
1.424
0.2
1.424
1.424
0
1.224
0
0.1
1.224
0.4
1.324
0
0
1.624
0
0.1
0.7
0
1.224
0.1
0
0
0.1
1.224
1.224
1.524
1.224
0
0.2
2.324
0.1
1.824
1.224
0
1.224
0
0
1.624
0
1.224
1.224
1.424
1.424
1.724
0
1.224
1.524
1.724
2.324
0
0.1
0.5
0
1.224
0
1.224
1.324
1.224
0
1.424
0.2
0.1
0.3
1.224
0
0
0.6
1.224
1.224
1.224
1.424
0
0.2
1.224
0.4
0.1
1.924
1.624
0
1.324
0
1.224
0.1
0
0
0.1
2.224
1.324
0
0.1
1.424
1.424
0
0
0
0.1
0
1.324
0.3
0.9
1.324
0.1
1.424
0
1.324
1.224
1.224
1.824
0.1
1.624
0.1
1.824
0.1
1.424
1.424
1.424
1.224
1.324
0
0.2
1.424
0.6
1.224
1.224
1.224
1.324
2.1
2.824
0.3
0.2
0.3
1.424
1.224
0.1
1.324
1.224
0
1.424
0.1
1.824
1.324
0
0
0
0
1.224
1.224
1.224
0
1.424
1.324
1.224
0
0
1.224
1.324
0.1
0
0.5
0.7
1.424
1.424
0
0.5
0.3
1.324
0
0.2
0.8
1.324
0.1
1.224
1.324
1.224
0
0
0
1.424
1.324
0
1.724
1.224
1.224
1.424
0.1
0
1.224
1.224
1.424
0
1.424
1.324
0.1
1.224
0.2
0.1
0
0
1.424
0
0.1
1.524
1.324
0.1
1.324
0
0
0
0
0
0
0
1.624
1.224
1.224
1.224
0
0
0
1.324
0
1.624
1.324
0.1
1.324
2.124
0
0
1.224
1.424
1.424
1.424
0.2
1.524
0.3
0
3.024
0.1
1.324
1.324
0.1
1.424
1.224
1.424
1.424
1.4
0.1
0
1.324
0
1.224
1.324
0
1.324
1.324
0
0.3
0
1.524
1.424
1.224
0.2
0
0.1
0.1
0
0
1.424
0.2
0.1
0.1
0.5
0
0
0.8
1.524
1.224
0
0.4
0
1.224
0
1.624
1.224
0.6
1.624
1.324
0.1
0.1
0
1.824
1.824
1.624
1.224
0
1.324
1.424
1.324
2.424
0.3
3.224
2.224
1.724
0.1
1.524
1.224
0.8
1.424
1.224
1.424
1.524
1.224
1.224
1.424
1.324
1.324
1.224
1.424
1.524
1.224
1.724
0.7
0
1.424
0.1
0.1
0
0.1
0
0.1
2.224
1.424
1.524
1.324
1
0
0
1.324
1.224
1.324
0
0.7
0.3
2.648
3.348
2.748
1.524
1.224
1.324
0.4
1.224
1.224
0
1.324
0
1.224
1.824
1.524
1.324
1.324
1.324
1.624
1.524
0
0.2
1.624
0.3
0
1.324
3.224
1.524
0.6
1.424
0
1.224
0.3
2.324
1.624
0.1
1.224
0
1.6
0
0.9
2.336
1.224
1.224
2.224
1.324
0.4
0
0.1
1.724
0.1
0.6
1.524
0.1
0
1.224
0
0
0.1
0
1.3
1.324
0.6
1.324
0.1
0
2.324
0
1.324
0.1
1.324
1.224
0.2
0.7
0.1
0.4
1.324
0
0.1
0
1.324
1.424
1.324
5.524
0
1.324
0.2
1.424
1
0.1
0
0
2.524
1.424
0.2
0
0
1.524
2.448
3.748
2.748
1.624
1.524
1.624
1.524
1.224
1.324
1.724
1.324
2.548
1.924
3.148
3.348
1.224
3.248
2.548
2.448
1.524
4.248
2.948
2.648
1.224
1.324
2.948
2.948
2.948
1.324
2.448
2.648
1.324
1.324
4.548
2.548
2.948
1.324
3.148
1.324
4.548
1.624
2.448
2.748
1.724
1.624
1.424
1.524
1.324
1.524
1.724
2.648
2.448
2.648
1.224
4.148
2.448
2.448
2.748
1.224
1.424
2.748
1.624
2.548
2.448
3.248
2.848
2.548
3.148
1.824
2.548
2.748
1.524
2.448
1.224
1.224
1.824
1.224
2.948
2.748
1.524
1.224
1.424
2.648
1.224
2.448
1.424
2.448
1.724
1.224
2.448
1.324
1.524
2.948
1.424
3.048
2.548
3.248
4.048
1.624
2.448
2.724
1.324
1.324
2.448
3.248
3.048
2.324
2.548
2.724
1.424
1.224
1.224
1.324
1.524
1.724
1.624
2.848
2.448
2.448
1.224
2.848
2.748
1.424
2.448
2.548
1.224
2.948
2.024
2.448
2.124
1.224
3.048
1.524
1.824
3.148
2.848
2.848
2.748
2.648
2.848
3.224
2.748
1.224
3.348
1.424
2.848
2.648
1.524
1.624
1.424
2.524
1.724
1.224
2.448
3.048
2.448
2.648
4.248
1.324
3.848
2.124
2.448
2.448
1.424
2.648
2.448
1.224
1.324
2.748
1.224
2.448
2.648
2.548
3.148
2.748
1.624
3.548
1.424
2.848
1.424
1.224
1.224
2.448
3.824
1.924
1.224
1.224
1.324
1.224
2.448
3.048
1.524
3.148
4.148
1.224
1.624
1.224
1.724
1.724
2.648
1.424
2.748
1.224
2.324
2.824
1.224
2.648
2.548
1.224
2.448
3.448
2.648
2.448
2.848
1.524
2.948
2.448
2.848
3.148
2.948
2.748
2.548
2.648
2.748
1.224
2.548
1.524
1.324
2.648
2.548
3.048
2.224
1.424
1.424
1.324
2.224
1.324
1.424
3.348
1.724
2.648
1.424
2.648
1.724
1.224
2.448
4.348
1.324
1.224
1.224
2.548
1.324
2.648
2.448
2.948
1.624
2.648
1.324
2.648
1.524
2.448
1.524
1.224
2.748
2.448
2.448
2.548
2.924
2.648
1.324
1.324
1.224
3.048
2.648
2.548
1.524
2.548
2.448
1.324
1.824
1.624
1.324
1.424
2.448
2.548
1.224
1.324
2.748
1.724
1.324
1.424
1.324
2.448
1.324
1.224
3.248
2.748
3.348
2.548
1.224
1.224
2.748
2.848
2.848
1.324
1.624
2.648
2.124
1.324
2.448
1.324
2.448
1.524
2.548
1.324
2.448
2.548
2.648
2.448
2.448
1.324
3.648
1.424
1.424
3.448
2.648
1.624
2.648
1.824
1.324
1.924
1.424
1.724
1.224
3.048
1.624
2.948
3.248
2.748
1.224
2.548
1.324
1.924
1.224
3.348
1.624
3.348
2.448
2.624
3.748
2.524
1.224
1.324
3.048
2.548
1.524
1.224
2.548
2.848
1.224
1.324
2.548
1.224
1.724
1.324
1.824
1.224
3.248
2.448
1.524
1.224
2.448
2.448
2.548
1.424
2.948
4.648
3.548
1.724
2.848
1.224
1.424
3.748
2.424
1.524
2.948
2.548
2.448
1.224
3.048
3.148
1.524
2.448
1.324
1.824
1.324
2.548
1.724
1.224
2.748
2.224
1.324
2.448
2.024
3.048
1.524
2.548
2.448
3.348
1.324
2.648
3.548
2.748
2.648
1.324
2.448
1.224
3.748
2.648
1.224
2.748
1.224
1.324
2.448
1.324
2.448
1.324
1.224
2.724
2.524
2.848
1.224
1.424
2.448
1.224
2.648
1.524
2.448
3.424
2.848
1.224
1.324
2.948
1.424
1.224
2.548
1.224
3.348
1.324
1.424
1.324
1.324
1.524
2.448
2.824
1.224
1.224
3.548
2.224
2.448
1.224
1.624
2.648
1.324
2.448
2.648
1.324
1.324
1.224
1.224
2.648
3.848
2.648
1.324
2.448
1.224
2.548
1.824
2.548
2.748
2.948
2.448
1.224
2.648
3.248
2.948
1.524
1.324
2.448
3.348
1.324
1.324
1.724
1.424
1.224
2.448
2.548
2.324
2.448
1.824
4.948
1.424
2.948
1.524
2.448
2.448
1.424
1.424
2.448
2.648
2.548
1.224
2.748
1.224
1.324
1.724
3.048
2.448
1.224
2.124
3.248
2.948
1.824
2.448
1.224
1.224
1.324
2.648
3.148
2.848
2.948
2.848
1.224
1.224
1.224
1.224
3.048
1.324
1.224
1.424
1.724
2.548
4.048
3.748
2.648
2.748
2.548
2.448
2.648
1.324
2.948
1.324
1.224
1.624
1.224
2.448
2.448
1.224
2.648
1.324
1.324
2.548
2.448
1.224
2.448
1.224
2.848
1.824
4.324
1.624
1.224
1.424
1.924
5.348
2.748
1.324
1.324
4.048
2.548
1.224
2.948
3.248
2.548
1.524
1.624
1.624
1.624
1.724
3.548
1.724
1.724
1.724
1.224
3.024
2.848
1.224
2.548
1.224
3.148
2.548
2.848
1.424
1.424
1.324
1.224
2.648
2.448
1.224
2.548
1.724
3.648
2.448
2.448
4.624
2.748
2.648
1.624
1.224
2.424
3.224
2.524
1.224
2.948
2.448
1.224
2.648
1.524
1.624
1.824
1.324
3.248
1.324
2.648
3.048
5.148
2.448
2.948
2.448
1.224
2.748
1.224
3.548
2.548
1.424
2.548
3.448
2.748
2.848
1.224
2.748
3.148
1.724
2.948
1.424
2.548
1.324
2.848
1.224
1.224
4.448
3.648
1.324
1.324
1.324
2.448
2.448
2.748
3.548
2.448
2.848
2.848
3.724
1.224
1.224
2.448
3.248
3.748
1.424
1.224
2.948
2.124
1.224
1.624
2.848
2.024
1.724
2.448
1.324
5.648
3.448
3.148
3.148
3.648
4.984
4.984
3.16
5.284
3.06
5.084
2.448
3.348
2.448
2.848
1.324
2.448
1.324
5.284
1.224
0.1
0
0.2
0.7
0.1
1.224
0.3
0.7
0
3.2
0.3
1.524
0
0
0
0.2
0
0.1
0.1
1.324
0
0
0
1.324
0
0
1.7
0.2
1.224
0
2.524
1.824
2.2
1.624
0
2.1
2.024
1.324
0.1
1.224
1.224
0
0.4
0
0
0.1
0
0.1
0
0.1
0
1.224
0.4
0.4
1.424
0.3
1.324
0
0.1
0.1
0.1
0
0.1
0
1
1.324
1.224
0.2
0
1.224
1.224
0.2
2.524
0.1
1.524
1.824
0.1
0
1.224
0.1
1.224
1.424
1.424
1.324
0.1
0.3
1.324
1.324
1.224
0
1.624
0.5
1.224
0
1.324
0
1.324
0.1
3.3
0.3
0.1
1.2
1.2
0.9
