0.5
1.524
3.224
4.048
1.624
0.2
1.524
2.448
0
1.224
1.424
0
0
4.724
4.124
2.344
0
2.448
2.448
2.948
0.1
0.5
1.224
2.448
2.024
2.648
2.848
1.424
2.448
1.324
2.548
0
4.6
0.2
0.4
1.6
0
0.1
0.2
0.8
0.1
1.5
0.1
0.1
0.5
0.1
0.4
0.6
0.6
0.3
0.2
0.1
0.8
0.1
0.1
1.324
0.2
0.1
0.3
1.4
3.2
1.1
0.1
4.348
1.5
0.5
0
0.1
0.2
3.3
0.5
1
0.2
0
4.6
2.724
0.1
1.624
0
0
2.324
0
0.1
0.2
0.1
0.1
0
0
1.224
4.048
0
1.224
0
0
0
0.4
0.2
0
2.848
2.548
0.3
0.8
1
0
1.224
0.1
0
1.8
0
0.6
0.5
0
0
0
0.1
0.6
0.2
1.224
0.1
0.1
6.9
0.2
2.548
0.8
0.2
0.1
0.3
0
0.1
0.8
0.6
0.4
0.2
0
0.4
0.7
0.4
0.2
0.8
1.2
1.224
2.448
0
1
0
0.2
0.1
0.3
0.1
0
0.1
0.1
0.4
0.1
1.1
1.1
0.7
0.4
1
0.4
0
0.1
0.1
0.1
0.3
0.3
1.224
0
0.5
7.748
0.1
0.8
0
0
0.3
1.724
0.1
0
0.2
0.8
0.4
0.6
1.324
1.224
1.2
1.724
1.2
0.1
0.3
1.224
1.524
0.3
0.1
1.2
0.4
0.4
0
0.6
0
3.124
0.4
1.224
0
0.2
2.2
0
0
0.6
1.724
1.324
1.224
0.2
3.648
0
0
5.2
0.1
4.324
0
0
0
1.424
1.7
1.424
1.324
0.2
0
0
1.824
0
2.848
2.448
0.1
0
1.324
0.1
5.724
0
0
0.2
0.1
1.7
0.5
0.1
0
1.324
1.424
1.224
0.1
3.624
0.1
0.3
0.2
0
1.324
0.1
0
1.6
3.048
0.3
1.224
0
1.624
0.7
1.224
0
3.624
1.224
0
1.224
0
0.4
0
1.324
3
0
1.224
0.1
0
0.1
1.224
0
1.324
2.448
1.624
0.1
0
0
0.3
0
0
1.224
0
4.5
1.224
0
1.424
0.3
0.3
0.1
3.148
0.1
0.1
2.024
1.924
0
1.3
0.4
2.648
0.3
1.624
0
0.1
2.448
2.548
1.324
0
0.5
1.324
0
0
1.624
0.9
1
0.8
0.1
0
1.424
1.324
0
5.648
2.848
1.224
1.724
1.624
0
0.1
1.224
2.4
1.324
0
0.2
4.2
0.3
0.5
0.7
0.2
1.524
2.4
0.2
0.2
0.3
1.7
5
2.448
0.3
0
0.1
3.568
1
0.6
1.324
0.1
0
0
1.424
1.324
1.224
1.424
1.324
1.224
0.1
1.324
1.224
2.448
0
3.324
1.224
1.224
1.324
2.948
4.648
1.224
0
2.448
0.4
1.524
1.2
0.1
0.2
1.424
2.448
5.948
1.524
2.948
0
0.1
0.2
0
2.448
1.224
1.324
0
0.7
0
0
1.324
1.224
0.7
1.224
3.724
0.7
1.524
0.2
2.748
0.3
0.3
2.448
1.624
0.4
0.2
2.848
0.3
3.548
0.1
0.2
2.548
0
0.9
1.924
2.548
1.3
0.1
0.3
1.624
3.148
0.1
1.8
0.2
2.648
2.448
2.848
2.448
1.224
2.748
1.224
1.224
0
1
0.3
2.548
0
2.548
0.4
0.1
0.1
2.024
1.224
0.3
4.148
0.1
0.1
0
1.5
2.548
0
0.2
4.2
0.4
2.448
1.1
4.2
0
1.424
3.248
0.9
4.248
1.224
0.4
2.024
0.1
1.224
0
0.3
2.848
0
1.224
3.748
3.248
0
0
1.224
1.324
1.524
0.1
0
2.548
0.1
2.424
1.324
1.524
0.7
0.7
0
1.224
0
1.324
2.624
2.448
0
0
1.324
1.524
0
1.224
1.424
2.548
0.1
2.648
0
3.7
0.2
0
0
2.448
1.724
1.9
0
1.224
0
1.224
1.824
1.924
0
0
1.424
0
0.6
0.1
0.2
3.248
0
2.848
0
2.748
0.3
1.724
3.248
0.1
0
0.1
1.824
1.524
0.2
0
0.1
0.1
2.324
0
0.1
3.048
0
0
0
0.7
0
0.4
0.5
0.2
2.648
1.224
1.324
0
2.648
0
0
1.324
0
0.1
2.8
1.2
1.324
0
1.324
0.1
0
1.224
0
2.548
0.1
1.424
2.648
0
1.2
0.1
0
0
0.1
0
1.224
0
2.448
2.548
1.224
1.324
2.748
3.548
0.5
2.448
2.448
0
1.424
1.3
1.324
1.324
1.5
0.1
0
2.3
2.648
1.224
2.548
0.1
0.5
0
2.448
2.948
1.624
1.524
0.2
1.524
0.1
0.1
0.3
0
1.324
1.224
1.324
0.1
0.1
2.748
1.424
1.224
0
0.4
1.224
0
1
2.448
1.424
0
0
0.3
0.8
0.4
1.224
1.524
1.224
2.448
1.324
3.624
0.2
1.524
0
0
0
0
1.424
1.424
0
1.224
0
1.424
1.324
2.224
0.1
2.448
1.724
1.524
1.924
0
2.748
2.024
0
1.224
2.448
0.1
3.148
0
2.124
1.624
0
1.224
1.224
0.1
0.5
2.448
0.7
0
1.224
1.324
0
2.448
1.924
1.224
0.5
0.1
0.6
0.6
0.1
2.648
0
1.224
2.648
0
0
2.548
1.424
1.424
2.448
1.524
1.524
0.4
0
0
0.2
0.1
1.224
2.448
1.524
4.624
0.1
0.2
1.224
2.448
1.524
0
1.224
0.7
2.648
1.624
0.3
1
1.724
0
1.424
2.448
0
0.2
0
0.2
0.5
1.624
0
1.424
0
1.224
7.424
2.524
1.624
0.3
1.924
1.224
0
0
0.2
0
2.448
0
1.424
1
1.924
0
2.448
1.224
0
1.224
2.848
1.324
0
1.224
1.324
1.624
0.3
1.224
1.224
0
3.048
0
3.148
3.924
0
1.224
2.448
1.624
0
1.524
0
2.124
4.524
2.748
0
1.224
0.5
0
0
2.624
0
2.648
1.524
0
1.624
1.224
2.548
1.524
2.448
1.224
0.1
1.224
0.1
2.448
1.324
2.448
0.1
1.224
1.424
0.1
0
0.1
2.748
0
0
0.2
1.224
1.224
1.224
1.224
0
1.324
0
0
0.4
2.548
1.624
1.424
0
1.224
1.324
0
2.448
0
1.224
2.324
1.324
0
1.224
1.724
0.2
0.1
0
0
0.1
0.4
2.448
0.6
0.3
0
2.524
0.1
1.224
1.424
2.648
1.424
1.224
0
2.324
1.6
0
0.1
1.324
2.448
0
0.5
1.424
0.4
0
1.324
1.1
2.648
0
1.924
2.448
0.2
0
2.648
1.424
1.224
0
0.1
0
0
0.3
1.324
0.1
0.5
3.848
0.2
0.3
0
1.824
1.224
0
0
0.3
2.448
0.5
2.024
0.1
1.624
0.1
2.448
3.648
3.748
0.1
1.224
2.548
1.224
0.1
1.224
4.224
1.324
3.448
1.824
0.5
0.6
2.848
1.224
3.348
1.524
2.448
2.748
0
0
0
1.324
0
1.224
0
1.324
1.324
1.424
1.524
5.724
1.224
1.924
0
0.2
0
1.424
2.648
1.824
1.1
2.548
2.848
1.324
3.848
2.448
1.224
0.1
0.2
0.5
2.448
3.248
2.948
1.324
0.9
0.2
0
0.5
0.2
1.824
0.2
0.1
0
1.324
0.1
1.324
2.124
0.2
0
1.524
1.324
2.624
0.8
0
0
2.124
1.624
1.224
1.324
3.524
1.924
1
1.324
2.448
0
0.6
1.3
1.524
0
0
0
3.924
0
2.7
0
1.324
0
1
1.224
1.5
0.2
0.5
0.2
0
2.4
0.5
0
0
0.1
0
0
2.548
0
7.848
0.1
0.5
0.3
0
0.1
0.5
0
1.324
2.244
1.02
1.02
2.344
4.968
1.62
1.32
1.12
2.444
2.544
2.344
1.12
1.12
1.82
6.02
1.32
1.22
1.42
1.22
5.544
2.744
2.444
1.02
2.62
1.02
1
1.324
0
0
1.224
1
0.3
0.7
0.1
0.4
1.224
0.1
0.2
0
1.324
0.3
1.5
0.1
1.1
1.324
0.2
1.224
0
0.3
1.924
0.1
0.3
1.424
0.2
1.524
0.2
0.5
2.448
0
0.5
1.624
0
1.8
1.524
0.1
0
0.5
1.224
1.6
0.1
0.1
1.324
0.5
0.3
0
0.3
0.3
0.1
1.7
0.2
0.1
0.2
1.224
1.2
0.1
0
0.1
0.1
0
0.5
0.9
0
0
1.1
0.2
0
0.4
0.7
0
0.4
0.3
0
1.224
0
1.724
1.324
0.3
0.3
0
0
0.1
0.1
0
0
1.224
0
0.7
0.1
0
0
0.3
0.1
2.448
0.4
0.2
0.5
1.2
1.1
0
1.4
0.1
0
0.5
0.4
0.7
1.524
0.1
4.024
0.3
1.324
2.448
1.324
0
0.6
1.824
0.1
0
1.324
1.224
0.2
0.3
0.1
0
0
0
0.3
3.724
0
0.6
1.224
0.1
0.1
0.5
0.3
0.2
0.4
1.524
0.1
0.2
6.4
0
0.1
0.2
0
0.3
0.1
0.1
0.4
0.2
1
0.3
0
0.3
0.7
0.3
0.1
1.3
0
1.724
1.824
0
0
0.1
0.1
0
0
0
0.1
1.424
0.1
0.2
0.1
0.5
0
0.6
1
0.5
0.5
1.524
1.324
1.224
0
4.1
2.624
1.324
0
0.3
1.224
0
0.1
0.3
0.2
2.024
0
0
0
0.2
0.4
0.2
0.2
0.3
0.1
0.6
1.7
1.224
0.1
0
0
0.5
0.7
0.1
1.224
0
0.3
0.3
0
0.1
0.8
0.5
1
0
0.3
0.2
0.1
0
1.724
1.324
0
0
0
1.824
0
0.2
0
0.4
0
0.1
2.624
2.524
1.324
0.5
0.2
0.4
0
0
1.9
1.424
1.224
0
1.224
0.1
0
0
0.5
0
0.3
0
0.2
0
0
0.6
2.448
0
0
0
0.1
1.3
0.8
0.2
0
0
1
0.1
0.1
0.5
0.1
0.2
1.724
0.1
0.7
1.424
0.1
0.3
0.5
1.324
1.724
0.3
0.2
0.1
1.524
1.224
1.424
0
0
1.424
0.1
0.1
0.2
0.1
1.224
0
0
0.2
0.3
0.8
0.2
0.6
0.1
0
0
0.1
1.224
2.448
0
0
0
1.324
0
0
0.2
2.024
1.224
0
0.4
0.1
0.2
0
0.2
1.224
0.5
0.1
0.1
1.224
0.1
1.424
0.8
0.6
0.7
0
0.1
0
1
0.1
1.624
1.324
0.5
0
1
0.7
1.4
1.324
0.1
1.624
0
2.024
0
0
1
0
0.1
0.1
0
0.2
1.524
0.2
0
0.2
0.1
0.5
0
0
0
0
1.524
0.4
3.524
0.3
0.3
1.924
0.1
0
0.7
0.8
0.2
1.224
0.1
1.524
1.224
0.3
0.1
1.524
0.1
1.324
2.1
0
0
0.7
0.1
0.2
1.1
0.8
0
0.6
0.3
0.6
0
0
0.9
0
0.1
2.724
0.3
0
1.224
0
0
1
0.2
0.1
0.1
0.1
0
0
0
0
0
0
1
1.1
0
0.1
1.624
0
0
0.1
0.2
0
1.7
0.1
0
0.3
0.3
0
0
0
0
0.3
0.2
0.1
1.424
0
1.224
0
3.9
0.2
0
0.6
2.724
0
0
0.5
0.2
0.5
0
1.224
0.2
1.424
1.224
0
0.4
3.624
0
0
0
0
1.224
0.4
0
0.3
1.624
0
0.2
1.324
1.1
0.3
2.548
0
0.1
1.424
0.1
0
1.324
0
0.2
0
0.2
0.5
0
1
1.9
1.424
0.2
1.724
0
0
0.2
1.524
0
0
0
1.224
0
1.424
0
1.2
0.8
1.324
0.1
1.2
0.9
2.024
0.4
0.1
1.224
0
0.3
0.3
1.924
0.3
0.3
0
0
0.1
0.1
0
0.6
0.2
1.224
0.3
0.3
0.3
0.7
1.7
0.1
0.3
0.2
1.224
0
0.1
1.424
2.548
1.424
0.5
0
1.224
1.224
0
0.1
0.1
1.224
0
0
0
0
0
1.724
0.4
2.2
0.1
0.8
1.424
0.3
1.8
1.324
0
0
2.524
0.1
0.1
1.524
0.6
0
0.4
0
0.2
0.1
1.624
1.924
1.2
1.724
3.048
0.1
1.2
1.324
0.1
0.2
1.224
0.2
1.624
0
0.5
1.524
1.324
1.224
0.2
0
0
0
0.7
1
0.1
0.5
4.224
0.3
0
0.4
2.848
0.8
3.424
2.224
0
0.5
0
0
2.224
0.2
1
0.5
0.3
0.8
0.2
0.2
0.5
4.224
0
0.2
0
0
0.7
0
0.6
0.1
0.2
0
2.024
0.1
0.4
0.1
0.4
1.5
1.824
0.2
0.1
0
1
0.1
0
0.1
1.9
0.7
0
0.2
0.1
0
0.1
0.3
1
0.1
0.5
0.2
1
0
0
0
0.4
1.6
1.324
0.1
0.4
2.624
1.224
0.2
0
0.4
0.2
0.1
0
1.3
0.7
0.1
0.4
0.7
0.9
0.8
0
1.1
0
0.5
1.424
1.624
0
0
0
0
1.224
0.9
2.344
0
0
2.748
2.024
0
0
1.524
2.9
0
4.4
1.724
0.1
0
0
0
2.448
0
0.1
2.648
0
3.348
0
2.448
0.1
1.624
0
9.148
0.2
0
0
2.924
1.1
4.3
1.9
0
2.5
1.524
2.648
0
0
0
1.224
2.024
1.224
0.1
0
2.448
0.1
2.548
0.2
1.324
1.224
0.4
1.624
1.324
2.848
0.3
1.324
1.624
2.648
0
0.1
1.424
0.2
3.548
1.324
1.324
0
1.224
1.324
0
0.9
4.148
1.224
0.4
0.6
0
0
0
0.1
1.224
1.324
0.6
1.324
0.4
1.624
1.624
0.1
1.224
2.548
1.624
0.1
2.548
1.224
0.2
0
0
0.6
4.4
0.1
0.1
1.5
17.868
0.8
