1.624
0
2.124
1.624
1.324
0.1
0
0
1.324
0
1.324
0
0.1
0.7
0.7
0
0
0
0
0.4
1.324
1.524
0
0
1.624
0.1
0.1
2.448
2.448
2.448
0
1.224
2.524
1.224
0.4
1.624
1.324
1.424
0
1.524
1.424
1.1
0
0
0
0
0.3
0.2
1.424
2.548
0
0
2.648
0
0.1
0.2
1.224
0.1
1.424
1
1.2
0.4
0.1
0.7
0.8
1.424
0.1
0
0.2
1
1.724
1.524
1.624
1.324
2.1
2.324
0.1
0.3
0
1.224
0.5
0
0.2
0.1
0
0
0
0
0
0.5
1.224
0
0
0
0
1.624
1.324
1.224
0
0
0
0.5
0.4
1.224
0
1.224
1.224
4.82
0
1.324
1.524
0
1.224
0
0
0.4
1.324
0
1.224
1.324
2.1
0.1
0
1.624
0.1
1.324
1.324
0
0
0.8
1.524
0
0.4
0
0.1
3.82
0
0.1
0.3
1
1.324
0
0
0.2
0
0
0.2
0.3
1.324
0
0
1.424
1.424
1.224
1.724
1.924
0.2
2.72
2.024
0.2
1.424
0
1.224
0
0.2
0
0
1.424
0.1
2.1
1.424
1.724
0.1
1.424
0.1
0.4
0
0
1.224
1.524
1.824
0.3
0
0
0.5
0.1
0.9
0.1
0
0
0.2
1.224
1.324
0.7
0
0.3
0
1.524
2.448
0.5
2.024
0
0
1.724
3.024
0
1.224
1.324
0.1
1.224
0.1
2.944
0.4
0
1.224
1.7
2.444
0.6
0
1.224
0
0.1
1.924
1.224
1.224
1.524
1.224
1.224
1.324
2.448
1.324
1.224
0
0.1
0
0
1.6
0
1.224
0
0
1.1
0.4
1.224
0
0
0
0
0
0.8
2.244
0.1
1.224
0
0
0.1
0
0.4
0.2
0
1.324
1.224
1.324
0.4
0.1
1.224
0.4
0
2.548
1.224
1.224
1.624
2.448
0
0.8
2.244
0
0
1.224
1.224
1.224
1.224
1.424
1.224
1.324
1.224
0.1
0
1.324
1.324
1.224
1.224
0
1.1
0.1
0
0.1
0
0.2
1.224
0.1
1.324
0.2
0.3
0.2
0
0.6
1.424
0
1.224
0.3
0
0
0
0
0.1
1.224
0.1
0
0.1
1.224
0.3
1.724
0.9
0.2
1.224
0
0
0
0
0.5
0.1
0.1
0.2
0.1
0
0
0
2.424
1.224
0
1.224
1.2
0
1.724
0.3
1.224
0.1
0.5
1.224
1.224
1.424
1.3
1.5
0.2
0.1
1.224
0.1
0
1.624
1.424
0
1.224
1.324
0
0
0
1.224
0
0
0
0
1.424
0
0
0
0.4
0
0
0.2
0
0.6
1.224
0
1.224
2.944
1.224
2.748
3.668
1.324
1.224
2.448
2.524
1.224
1.624
0.1
1.12
6.692
2.448
1.224
1.324
1.324
2.448
1.624
1.224
3.672
1.224
1.224
2.548
1.224
1.924
1.524
2.648
2.448
2.448
1.424
3.968
1.224
1.224
1.324
2.448
1.324
1.224
1.924
2.448
2.648
1.224
2.548
2.848
1.524
1.524
2.648
1.224
1.424
2.748
1.424
3.668
2.848
1.424
2.648
1.224
1.424
1.224
2.448
1.424
1.324
1.224
1.224
2.648
1.224
1.324
1.224
1.224
1.724
1.224
4.792
2.948
1.224
1.324
1.724
1.424
1.224
1.224
1.624
1.324
1.224
2.744
2.924
1.724
1.224
1.724
3.148
1.224
2.448
1.524
1.424
1.424
1.224
1.424
1.924
1.324
1.224
2.448
3.244
1.424
1.224
1.224
2.648
1.224
1.224
2.448
1.224
1.324
1.324
2.448
3.568
1.224
2.448
2.848
1.324
1.324
1.524
1.424
2.448
1.324
1.224
1.324
1.824
1.224
2.448
2.448
1.224
1.224
1.224
1.224
1.324
1.324
2.448
1.324
1.224
2.424
1.224
2.448
2.448
1.224
2.448
1.824
1.224
2.448
2.448
1.224
1.324
1.424
2.548
1.324
1.324
2.448
2.548
1.324
2.748
1.724
1.224
1.524
3.772
1.424
1.324
1.324
1.324
2.448
2.548
4.692
1.424
1.324
1.424
2.448
1.324
1.224
1.624
1.324
2.344
1.424
2.448
1.224
1.224
1.524
2.548
3.772
1.524
3.772
2.648
1.224
1.224
1.224
1.224
1.324
2.448
1.224
2.448
1.224
3.248
1.524
1.224
1.224
1.224
1.224
1.324
1.224
2.548
1.424
1.324
1.324
1.424
1.224
2.948
1.224
2.448
1.324
1.424
3.768
1.224
2.448
1.324
2.548
1.224
1.224
1.324
1.524
1.424
1.224
1.224
2.448
1.324
2.948
1.324
1.224
2.648
1.224
2.444
3.348
1.624
2.448
1.324
1.324
3.044
1.224
1.224
1.724
2.648
2.848
1.224
1.324
1.324
3.872
1.324
1.224
2.548
1.224
1.224
1.224
2.448
1.324
2.548
2.448
1.224
1.624
2.548
2.448
1.724
1.224
1.324
1.224
2.448
2.448
1.724
2.448
2.448
2.648
2.448
1.224
1.224
2.024
1.224
3.972
1.224
2.548
1.224
1.224
1.224
2.448
2.448
1.224
2.548
1.324
1.224
1.224
1.224
1.224
1.324
2.548
1.324
2.448
2.448
1.824
2.448
2.448
1.224
2.548
1.624
1.324
1.424
1.424
1.324
1.224
1.324
1.324
1.524
1.224
1.524
2.448
1.224
2.448
2.448
1.224
1.524
1.224
2.648
2.344
1.424
1.524
2.448
1.424
2.448
1.224
1.324
1.224
2.448
1.224
1.424
1.424
1.224
1.324
1.324
1.224
1.224
3.468
2.548
1.224
2.448
1.224
1.224
2.824
1.224
2.644
2.648
1.224
1.324
1.224
1.224
1.724
1.324
2.448
2.548
1.424
1.624
1.224
1.424
1.224
1.224
2.548
1.224
2.448
2.648
1.324
1.224
1.224
1.324
1.324
2.724
3.748
1.624
1.324
1.324
2.448
1.224
2.448
1.224
2.548
1.224
2.548
1.324
1.524
2.648
2.448
1.224
1.224
2.448
1.224
2.548
1.424
2.244
2.448
2.448
1.224
2.448
1.224
1.424
1.224
2.548
2.448
1.824
1.624
2.648
2.548
1.224
1.524
1.424
2.448
2.448
1.324
2.124
1.324
2.548
1.224
1.224
1.224
1.224
1.524
2.448
1.424
1.324
2.448
1.724
1.224
1.224
2.448
1.224
1.224
1.424
1.224
2.448
1.224
1.424
1.224
2.448
1.224
1.324
1.224
2.448
2.448
2.448
1.224
1.224
1.224
1.324
2.548
1.224
1.224
2.448
1.324
2.448
1.224
1.224
1.224
1.324
1.224
1.224
1.224
1.224
3.468
1.224
1.324
1.224
1.624
1.224
1.224
3.672
1.924
1.224
1.324
1.224
2.448
3.672
1.624
1.324
1.424
2.548
4.692
1.924
1.224
2.448
1.224
2.548
1.324
1.424
1.224
2.848
3.648
3.672
2.544
1.324
1.224
2.448
1.224
1.224
1.324
3.672
1.224
2.648
1.324
2.448
2.748
1.224
2.648
1.224
1.324
1.224
1.224
1.224
1.224
4.892
4.692
1.224
1.224
1.224
1.324
1.924
1.424
1.224
2.448
1.224
1.224
2.448
1.224
2.448
1.324
2.648
1.424
3.468
1.324
2.548
1.224
1.624
1.724
1.424
2.448
1.224
1.224
4.172
1.324
3.248
1.224
1.924
1.324
2.548
1.424
1.324
1.224
1.624
1.224
1.224
1.224
2.448
2.448
2.448
2.548
2.548
1.224
1.224
2.648
2.448
2.548
1.324
2.024
1.224
1.324
1.224
2.444
2.448
2.448
1.224
1.524
3.148
1.224
1.524
1.224
1.624
1.324
1.224
1.224
2.448
1.424
1.524
1.624
1.524
1.224
2.748
2.648
2.448
2.448
2.448
1.424
2.448
2.548
1.224
2.548
1.224
2.448
2.848
2.448
2.448
2.648
1.224
2.848
1.424
3.672
3.772
2.748
0.7
0
0
1
0.2
1.724
2.648
0
1.224
0.2
0.4
0
0
1.224
1.02
1.2
2.244
0.7
1.62
1.224
2.344
0.7
0
0.2
0
0.2
0.1
1.224
0.3
0.1
0
1.224
0
2.448
2.448
0
1.224
1.2
0
1.524
1.224
1.224
0
0.4
0
0.1
0
0
0
1.324
0.5
0.3
0
0
1.224
0
0
0
0
0
2.8
0.2
0.1
1.524
0.2
0.6
1.224
0
0
2.224
1.324
0.3
0
2.244
0
0
2.624
1.424
2.024
0
1.424
1.224
0
1.224
0.3
0
0.1
2.224
0
0.4
0.2
1.224
2.548
0
0.4
0.3
0.1
0.1
0
0.2
0.1
1.424
1.724
0.1
0
1.424
1.624
1.224
0.8
0.2
0.2
0
0.1
0
0.7
0.3
0
0.1
1.424
0.1
0
0
0
0
0.4
1.724
2.448
0.1
0
0.2
0.1
1.324
0
0
0.3
0
1.524
0
0
0.3
0
0.2
0
0.3
0.1
1.524
1.424
0
0
1.224
1.824
1.324
0.2
1.324
0.3
0
0.1
0
1.224
0.2
0
0
1.324
0
1.224
0
1.624
0.2
0.1
0.4
1.424
0.3
0.2
2.024
0
0.5
1.224
1.424
0.2
1.724
0.1
0.3
0.1
1.2
1.424
0.1
0
0.2
0.1
1.424
1.524
0
0
1.224
1.224
0.2
0.4
0.1
2.548
0
1.224
0.1
0.6
0
1.824
0
0.2
0
0.1
1.624
1.224
0.4
1.424
0.1
1.324
1.7
0
1.324
1.424
0
0.2
0
0.1
0
1.624
2.424
1.624
1.224
0
1.724
0
0.2
0.3
0
0.3
0
0
0
0.3
1.424
0
1.224
1.224
0.2
0.2
0
0
0.1
0.2
0.1
1.524
1.824
1.624
1.624
0.8
0
0
0
1.2
1.1
1.224
0
0.3
0
0.2
0.2
0.3
0.4
0.1
1.224
0.1
1.524
1.524
1.724
1.424
0
1.524
1.224
0.8
1
0
1.424
1.224
0
0
1.724
0
0
0.2
1.224
0.2
0
0.2
0.3
1.924
0.4
1.424
0.1
1.324
0
0
1.424
0.1
0
0
0.1
0.1
0.1
1.224
1.224
2.024
1.224
1.324
2.124
1
2.448
0.2
0.4
0.2
0
0
2.524
0.4
1.324
1.224
0.1
0
0
1.224
1.524
1.224
0
1.224
0.1
1.324
0
1.424
0
0
0.3
0
0.1
2.824
0.4
1.424
1.224
0
1.924
1.424
0.1
0.2
0
1.224
0
1.624
0.4
0.1
1.324
1.324
0.2
1.224
0.2
1.224
1.824
0
0
0.1
1.324
0
0
0
0.1
0.1
0
1.224
0
0
0
0.3
0.1
1.524
0
1.524
0.1
0
0
0.1
1.224
0
1.224
0
0.1
0.1
1.224
0
1.424
1.724
0.1
0.1
0.1
1.324
0
1.324
0.1
0
1.524
0
0.1
0
0.1
1.224
0.7
1.924
1.424
1.224
1.424
1.424
1.724
0
1.624
1.524
1.224
0
1.824
0.1
2.424
0.1
1.224
0.2
1.324
2.024
1.224
0.1
0.4
1.224
0.1
0.1
0
1.324
0.1
1.424
0
0.1
1.224
1.524
1.224
1.224
2.448
0
1.324
2.748
2.924
0.6
0.1
2.124
0.1
0
0.2
0.5
0.1
0
0
0
0
0.3
1.424
0.3
1.324
0
0.2
0.1
1.224
0.3
1.224
0.1
0.9
0.3
0
1.924
0.2
1.524
0
0
1.324
0
0.1
0.6
1.524
0
0.1
0
1.224
0.5
1.224
0
0.1
1.224
0
1.324
0
1.224
0
1.324
0.8
0.7
0
1.224
1.624
0
0
0
0
0
2.424
1.324
0
1.324
0
1.424
1.424
0.1
1.224
0.2
0.2
0.1
0
0
1.424
0
1.3
1.224
0
0.3
0.9
0
1.224
1.524
0.1
1.424
0
0
0.2
1.324
1.224
0.1
0.1
2.424
0
1.324
0
0
0.1
1.224
0
0.2
0.1
0
0
1.224
1.424
0.1
0
1.324
0
0.5
0
1.224
0.1
0
1.324
0
0
1.524
0
1.724
0.7
1.324
1.424
0.2
1.224
0
1.224
0.1
0
0
1.324
0
0
0.2
0
0.2
0.3
1.224
1.324
1.624
0.2
0.4
1.724
0.2
0
1.324
0.2
0.2
1.424
0.3
0.1
0
0
1.424
1.324
1.224
0.6
1.324
1.224
1.324
1.424
1.524
0
2.224
0.1
2.648
0.4
0
1.324
0
1.424
0
0.1
1.524
1.224
0
0
1.324
0.1
0
0
0
0
0.1
0
1.224
0.1
1.424
2.524
0.2
0.2
0.1
0
1
0
0
0.2
2.024
0
0.2
0
0.2
1.324
1.624
0.2
1.424
0.3
0.2
1.624
1.624
0.7
0.2
0.1
1.824
0
1.224
0
0
0.1
1.524
0
0.1
1.424
0
0
0.1
1.324
1.424
0.1
1.724
0.3
1.324
1.324
1.9
1.524
1.324
1.524
0.1
0.5
0.9
1
1.224
1.224
0
0
0.3
1.324
0.3
1.624
0.2
0.3
0.1
1.324
0.3
1.2
1.224
0
0
0
1.624
1.224
1.724
0.1
1.224
0.1
0.3
0
0.2
1.224
0
1.924
1.324
0.1
0.4
0.1
0.5
0
1.224
1.224
3.648
1.524
1.324
1.724
1.524
1.224
1.224
0.1
1.524
1.424
0
1.824
1.724
1.224
1.224
0
1.524
0.7
0
1.424
1.624
2.224
0
1.424
0.2
1.524
0.2
0
1.224
0.5
0.2
0.2
1.624
0.2
0
0.5
0
0.5
0
1.624
0
1.424
1.324
1.324
0
1.224
0
1.524
0
1.424
1.324
0.1
1.924
1.324
1.324
1.224
1.824
0
1.2
0.1
2.448
1.224
0
0
1.324
1.224
0.1
0.2
1.424
0.1
0
0
2.848
0
1.224
3.624
2.548
0
1.224
1.1
0.4
2.524
0
1.224
2.324
1.424
0.1
2.744
0
0
0
0.3
0
1.224
1.424
0
1.424
0
1.224
0.1
1.324
0.2
1.624
0.1
1.524
0.2
0
0.2
1.224
0.1
3.468
0
1.324
2.124
0
1.224
1.224
0
0
0
0.1
1.3
2.448
2.848
1.824
1.324
0
1.224
0.1
2.448
2.548
1.224
1.324
2.448
3.248
2.448
1.224
2.448
1.224
1.524
0
0
1.224
0
1.224
0
0.1
3.524
1.324
1.224
8.592
0.8
11.692
