1.836
0
0.3
0.1
1.324
1.324
1.224
1.224
1.224
1.224
1.224
1.224
2.548
1.424
1.324
0
1.224
0
0
0.1
0.1
0
0
0
0
0
0
0
0
0
0
0
0.4
0
3.06
2.136
1.836
1.836
1.936
2.136
1.836
2.136
1.836
1.936
1.936
1.836
1.836
3.16
1.936
1.836
1.836
1.936
2.236
3.16
1.936
1.836
3.06
3.16
1.936
2.136
3.76
3.06
1.836
2.236
2.136
1.936
3.06
3.06
1.936
3.16
1.936
3.26
3.06
1.836
2.036
1.836
3.06
2.236
3.06
1.836
2.236
3.16
1.836
3.06
1.836
3.06
3.16
1.836
1.836
3.36
1.836
1.836
3.06
3.06
3.06
1.836
1.936
3.06
1.836
1.836
1.936
3.06
3.16
1.936
1.836
1.836
1.836
2.436
3.06
1.836
3.16
3.06
1.836
3.06
1.836
1.836
1.836
3.26
1.836
1.836
3.46
1.836
1.836
3.26
3.16
1.836
1.936
1.936
1.936
3.16
1.836
1.836
3.06
1.836
1.936
2.036
1.936
3.06
1.936
1.836
1.836
3.06
3.06
2.136
3.06
3.16
1.936
3.06
1.836
3.06
1.836
1.836
1.836
1.936
2.036
2.136
3.06
1.836
1.836
1.836
1.836
3.06
1.836
3.06
2.036
3.16
1.836
3.06
1.836
2.236
3.06
3.26
3.06
1.836
3.06
2.136
3.06
3.06
2.036
2.136
1.836
3.66
3.06
4.384
3.06
4.584
3.26
4.584
6.684
4.284
3.16
3.26
3.16
4.284
4.284
3.36
3.16
3.16
0
0.2
1.224
0
0
1.324
0.3
1.224
0
0
0.1
0
0
0
0
1.224
0
1.824
0
1.324
0
1.224
1.224
0.1
0.3
0
0
0
0
0
0
1.224
0
0
1.224
0
0.1
0
1.524
0
0
0
0
0.2
0.2
0
1.224
0
1.224
1.224
0
0.1
0
1.324
1.324
1.224
0
0
1.224
1.224
0
0
0
1.224
0
0
0
1.224
0
0
0
0
0
0
0
0
1.424
0
0
3.06
1.224
1.324
1.224
1.224
1.324
0
1.224
0
0
0
1.324
0
0
0
1.224
1.424
0
0
0.1
0
1.224
0
0
1.224
0
0.1
0
1.224
1.224
1.224
0
1.224
1.324
1.224
1.224
0
0
0
0
0
0
0
0
0
0
0.1
1.224
0
1.224
0
0
1.224
0.1
1.224
0
0.1
0
1.224
0
0
0
0
1.224
0
1.524
1.224
0.1
0
0.1
0
0
1.224
0
1.224
1.324
1.824
0
0
0
3.06
0
2.648
1.524
0
0
0
1.224
0
0
0
0.1
0
0
0
0
0
0
1.224
1.324
0
0
0
0
0.2
0
1.324
0
0
0
0.3
0
0
0
0
0.2
1.224
0
1.224
0
0.1
0
0
0
0
0
1.324
1.224
0
1.224
1.224
0
0
0.2
0
1.224
0
0
1.424
0
0
1.224
1.224
0
0
0
0.2
0
0
0
1.224
0.1
0
1.224
1.324
0
0
0
0.2
0.1
1.224
0.1
0
0
0
1.224
0
0
0
1.224
1.224
0.1
0
0
0
0
1.424
1.224
0
0
1.224
0
0
0
1.324
0
0.1
0.1
1.324
0
0.1
0
0
0.2
0.1
0
0
0.1
0
0
1.224
0
0
1.224
0
0
0
0.1
0
1.224
0
0
1.224
0
1.224
0
1.224
0
0
0
0
0.1
0
0
1.324
0
0
0
1.224
0
0.2
0
1.224
0
1.224
0
0
0
1.224
0
0
0
1.224
1.524
0
1.224
0
0
0
1.324
1.224
0
0
0
0.1
0.1
0
0
1.224
0
0.1
0
0
0
1.224
1.224
0
0.1
0
0.1
0
1.224
0
0
0
0
0.1
0
0
0
0
0
0
1.224
0
1.224
1.224
1.224
0
1.224
0.1
0
0
0
0
1.224
0
0
0
0
0
0
0.3
0.1
0
1.224
0
0
0
0
0
0
0
0
0
1.224
0
0
1.224
0
0.2
0
0
1.224
0
1.224
0
0
0
0
0
0
0
0
1.224
0
1.224
0
0.1
0
0
0.2
0
0
0
0
0.1
1.224
0
0
0
0.2
0
0
1.224
0
0
1.224
0
0
0
0
0
0.1
0.1
0
1.224
0.2
0
0
0.2
0
0
1.224
0
0
0.1
0
0
0.1
0
0
0
0.1
0
0.3
0
1.324
1.224
0
0
1.224
0
0
0.1
0
0
1.324
0
1.224
0
0.2
0.3
0
0
0
0
0
0
0
1.324
0
0
0
0
0
1.324
0
0.1
1.224
0
1.224
0
0
0
0
1.324
1.224
0.1
0.1
0.2
0
0
0
1.224
0
0
1.224
0
0
0
0
0
0
0.1
0.1
1.224
0
0
0
0
0
0
0
0
0.1
0
0
0
1.224
0
0.1
0.1
0
1.324
0.1
1.224
0
0
0
1.224
0
1.224
0
0.1
1.324
1.224
0
0
1.224
0
0.4
0
0
1.224
1.224
1.224
0
0
0
0
0.1
1.224
0.2
0
0
1.224
0
0
0
0
0
0
0
0
0
0
1.224
0
0
0
1.224
0.1
0.2
0.1
0
0
1.324
0
0
1.224
0
1.324
0
0
0
0.1
0
0
1.424
1.224
0
0.1
0
0
0
0
0.2
0
0
0
0
0
0
1.224
0
0
1.224
0
0
0
0
0
1.224
1.224
1.224
0
0
0
0
0
0
0
0
1.224
0
0.3
0
1.224
1.324
0
0
1.224
1.224
1.224
0.1
0.1
0
0
1.324
1.224
0
0
0.1
0
0
0
0.1
0
0
1.424
1.224
0
1.224
0
1.224
0
0
0
1.524
0
0
0
0
0
0.1
0
0
0
0
0
0
0
0
0
0.1
0
0.1
1.224
0
1.324
1.224
0
0
0
1.224
1.224
1.224
0.2
1.324
0
1.224
0
0
0
1.224
0.4
1.224
0
0
0
0
1.224
0
0
0
0.1
1.224
0
1.224
0
1.224
0.4
1.224
1.424
1.224
0.1
1.224
0
1.224
1.324
1.424
0.1
0
0
0
0
0
0
1.224
0
0
0
0
0
1.224
1.224
1.524
1.224
0
0
0
0
0
1.424
0
0
0
1.324
0
1.224
0
0.2
0
1.224
1.224
1.224
1.224
1.624
1.324
0
1.224
1.224
1.324
0
0
1.224
1.324
1.324
0
0.1
0
0.1
0.1
0
0.3
1.324
0
0
1.224
0.1
0
0.1
0.3
0
0
0.1
0
0
1.224
1.224
0.1
1.224
1.224
0
0.2
0
1.524
1.836
0
0
1.424
0
0.1
0
0
0.1
0.1
1.224
0
1.224
0
0
0
0
0
0
1.424
0
0.3
0.2
0
1.224
0.1
1.224
2.448
0
0
0
0
0.1
1.224
0.2
0
0
0
0
0
0
0.1
0.7
0
0
0
0
0.3
0
0
0
0.1
0
1.224
0
0
1.324
1.224
1.424
1.424
1.424
1.324
1.224
1.224
2.448
1.224
2.448
1.224
1.224
1.524
1.424
1.424
1.224
2.648
1.224
1.324
2.848
1.524
2.548
2.548
1.224
2.548
2.648
1.524
1.424
2.448
1.224
1.224
1.424
1.224
1.324
1.324
1.324
2.448
1.724
1.224
1.524
2.648
1.224
2.448
1.424
2.448
2.548
2.448
1.224
1.324
2.648
1.224
1.224
2.448
1.224
2.648
1.324
1.224
1.224
2.548
2.448
2.648
1.324
1.324
1.224
1.324
1.324
1.224
2.548
2.648
1.224
1.324
1.424
1.224
1.224
1.324
2.548
2.548
1.224
1.324
1.324
2.448
1.324
2.448
2.448
1.224
2.448
1.224
1.624
2.448
1.224
2.448
1.524
1.424
1.424
1.824
1.224
1.624
1.524
1.224
1.224
1.624
1.224
1.224
1.224
1.624
3.048
2.748
2.748
1.624
2.448
1.224
1.224
1.324
1.224
1.224
1.324
1.224
1.324
1.224
1.224
1.724
1.224
2.448
1.224
2.448
2.448
1.224
1.224
1.324
1.724
1.224
1.224
2.448
2.648
1.524
1.324
2.548
1.324
1.424
1.424
2.948
1.324
1.224
1.324
2.448
1.624
1.224
2.448
2.548
1.424
1.524
2.448
1.224
1.224
1.324
1.224
1.324
1.524
1.224
3.048
1.324
1.324
1.224
1.324
1.224
1.224
1.224
1.224
1.224
1.224
1.224
2.448
2.548
2.848
1.524
1.524
2.648
2.548
1.524
1.324
1.224
1.324
1.224
2.848
1.524
1.224
2.548
2.748
1.224
2.548
1.324
2.648
1.624
1.624
1.224
2.448
1.324
2.448
2.648
1.224
2.448
1.224
1.224
1.424
2.648
2.448
1.224
1.324
2.548
1.524
1.524
1.324
1.224
2.648
1.224
1.424
2.448
1.324
1.324
2.448
1.524
1.324
1.324
2.448
2.648
1.224
1.224
1.224
1.224
1.224
1.424
1.324
2.448
1.324
1.324
1.424
1.224
1.224
1.524
1.624
1.224
2.548
1.324
2.448
2.448
1.224
1.724
1.424
1.224
2.448
1.224
2.548
2.548
1.324
2.548
1.224
2.448
2.448
1.224
1.224
1.224
1.224
2.448
1.224
1.224
2.448
1.724
1.424
2.548
1.224
1.324
2.548
1.824
1.324
1.424
2.648
1.224
1.224
2.448
1.224
2.548
1.224
1.424
1.224
1.324
1.224
1.224
1.324
1.324
2.448
1.224
1.224
1.324
1.224
2.448
2.548
1.224
1.324
1.324
1.224
2.448
1.224
1.224
1.524
1.324
1.324
1.424
1.324
2.448
2.448
2.448
1.224
1.224
1.224
1.224
1.224
1.224
2.448
1.224
1.224
2.548
1.424
1.324
2.448
2.548
1.524
2.448
1.324
2.548
1.224
1.324
2.548
1.224
2.448
1.424
1.424
1.324
1.624
1.224
2.448
1.424
1.224
1.224
1.224
1.424
1.424
2.548
1.224
1.324
1.224
1.424
1.224
1.224
2.648
2.448
1.224
1.324
1.224
1.324
1.324
1.324
1.324
2.448
1.224
1.224
2.448
1.224
1.424
1.224
1.424
1.224
1.224
1.224
1.424
1.224
1.324
1.424
1.324
2.548
1.424
1.224
2.548
2.648
1.624
1.324
1.424
1.224
2.648
1.224
1.324
1.324
1.424
1.224
1.324
2.748
1.224
1.224
1.424
1.324
2.448
2.648
2.548
2.448
2.648
1.424
1.324
1.224
1.224
2.448
2.448
2.548
1.524
1.324
1.224
2.448
1.424
2.448
1.524
1.424
1.224
1.224
2.748
2.548
1.224
2.548
1.224
2.448
1.224
1.524
1.424
1.324
1.224
1.324
1.224
1.324
1.224
2.448
2.548
1.524
1.424
2.448
1.224
1.624
1.324
1.224
1.224
1.224
2.648
2.748
2.748
1.224
1.224
1.224
1.224
2.748
1.224
2.448
1.524
2.024
2.448
2.448
1.424
1.224
1.224
1.224
1.224
1.424
1.224
1.224
1.324
2.648
1.524
1.324
1.224
1.224
2.548
1.224
1.224
1.224
2.648
2.748
1.224
2.448
1.224
1.524
2.848
1.224
1.224
2.548
1.224
1.224
1.424
2.648
2.448
2.448
1.224
1.324
1.424
1.224
2.748
1.624
1.224
1.224
1.324
1.324
1.224
1.224
1.224
2.448
1.324
1.224
1.224
1.224
1.424
2.448
2.648
2.448
1.324
1.324
1.224
1.624
2.748
1.324
1.224
1.224
1.324
1.224
2.648
2.448
2.448
2.548
1.424
1.224
1.224
1.324
1.224
1.524
1.324
1.224
1.324
1.424
1.324
2.648
1.724
1.324
1.424
2.448
2.448
1.224
1.224
1.424
1.324
1.224
1.324
1.224
1.224
2.448
1.224
1.324
2.448
2.448
1.224
2.448
2.448
1.224
1.324
1.424
2.448
2.948
2.448
2.548
1.224
2.548
1.524
2.448
2.448
2.548
1.624
1.224
1.324
1.224
1.224
1.424
1.224
1.224
1.224
1.324
1.424
1.224
1.324
1.424
1.324
1.224
1.524
1.424
1.224
1.324
1.224
1.324
1.324
1.424
2.548
1.224
1.324
1.324
1.324
1.224
1.224
1.224
1.424
1.424
1.224
1.224
2.024
1.224
1.324
1.224
1.224
2.748
1.424
1.424
1.224
1.224
1.224
1.224
1.424
2.448
2.448
1.324
1.224
1.324
1.224
1.224
1.424
2.948
1.424
1.324
1.224
2.848
1.524
1.324
1.524
1.224
1.224
1.224
1.224
1.224
1.524
1.224
1.224
2.548
1.324
1.324
2.548
1.324
2.548
2.548
1.324
1.224
1.524
1.424
1.224
1.224
1.224
1.224
2.448
2.548
2.448
1.224
2.448
1.524
1.424
1.224
1.224
2.448
1.524
1.824
2.448
1.224
1.324
1.524
1.224
1.224
1.224
2.648
2.548
1.224
1.224
1.824
2.548
2.448
1.224
3.048
3.36
3.46
3.06
3.56
3.06
4.384
1.224
1.424
1.224
1.224
2.448
1.224
1.224
3.16
2.448
1.224
0
0
0.1
0
0
0.1
0.2
1.224
0.4
0.1
0
0
1.224
1.224
0
0
0
0
0
0.1
1.224
0.1
0
0
0
0.1
0
1.224
0
0
0.1
1.624
0
1.224
0.2
0
0
0.1
0
0
0
0
1.224
1.224
0
0
0
1.224
0
0
0
0
0
0.1
1.224
0
0
0
0
1.224
0
0
0
1.224
0.1
0
0
1.224
0
0
0
0
0
0.1
0.1
0
1.224
1.224
0.1
0
1.324
0
0
0
0.1
0.1
1.224
1.224
1.224
1.324
1.224
0
1.224
1.224
0
2.548
0.2
0.3
0
0
0.1
0.3
0
