1.936
1.424
1
1.824
0.1
1.424
3.048
2.448
1.324
2.448
3.148
1.224
1.224
3.048
2.848
1.224
0
1.224
1.224
1.224
0.1
0.3
0
1.224
1.324
1.224
1.424
0
1.324
0
1.224
0
0.5
0.1
2.136
1.936
1.836
1.836
1.936
2.136
1.836
2.536
1.836
1.836
1.836
1.936
1.936
1.936
2.236
2.136
1.836
1.836
2.036
1.836
1.836
1.836
1.936
1.836
1.836
1.936
2.736
2.136
1.936
4.16
1.936
1.936
1.936
1.936
1.836
2.336
2.036
2.036
2.136
1.836
3.036
3.66
1.936
3.26
1.836
1.836
2.136
1.936
1.836
1.936
1.836
1.836
1.836
1.836
1.836
3.56
1.836
1.836
2.036
1.836
1.836
2.036
2.036
1.836
3.06
3.06
1.936
2.436
2.536
1.836
1.836
1.836
1.836
2.436
1.836
1.836
2.036
1.836
1.836
1.836
1.936
2.236
1.836
1.836
1.836
1.836
2.836
1.936
3.06
2.736
1.936
1.836
1.836
1.936
1.836
1.836
2.036
2.036
2.136
2.036
2.136
2.036
1.836
1.836
1.936
2.336
3.06
3.06
1.836
2.036
1.836
1.936
1.936
1.836
1.836
1.836
1.836
1.836
1.836
1.836
2.336
2.436
2.036
1.836
2.436
1.936
2.036
1.836
1.836
1.836
2.236
1.936
1.936
1.836
1.836
4.06
1.836
2.336
1.836
1.936
1.836
2.236
2.036
1.836
1.836
2.536
1.936
2.436
4.384
3.06
3.36
3.26
3.66
3.06
3.16
3.16
9.384
3.06
3.16
3.16
3.06
3.26
3.06
3.06
0
0.3
0.3
0
0
0
0.9
0
0
0.3
0.2
0.1
0
0.2
1.724
0.1
0
1.1
0.1
1.824
0
0
0
0
0.6
0
0.1
0.2
0
0
0.2
0
1.324
1.224
0
0
0
0
1
0
0
0.3
0
0.3
0.2
0
0
0
1.224
0.1
0
1.724
0
0.1
0
0
0
0.1
0.1
0.1
1.224
0
0
0
1.224
0.2
0
0
1.724
0
0
0
0
0
0
0.1
0.4
0.1
0
1.836
0.2
0
0
0
0.6
1.224
0
0
0
0
0.1
0
0
0
0
0.4
1.224
0
0
0
0
0
1.324
0.1
0.1
1.324
1.524
0
0.1
0.2
1.224
0
0.3
0
0
1.224
1.224
0
0
0
1.224
0
0
1.324
0
0.4
0.2
0.1
0
0.1
1.224
0
1.824
1.224
0.2
1.424
1.324
0
0
1.224
1
1.224
0
0
0.6
0
0.2
0.2
0
0.2
0.1
0
0
0.3
0.8
1.8
1.224
0.1
0
1.836
1.224
1.524
1.324
1.224
0
0
0.1
1.424
0.1
0
1.224
0
0
0
0
1.224
1.224
0
0.7
1.224
1.324
1.324
1.224
1.424
0
0
1.224
0.1
0
0.3
0.2
0
1.224
1.224
2.324
0
1.324
1.224
0
0.1
0
1.224
0
0
0
0.1
0
0
0
0
0
0
1.824
0.2
0.4
0
1.324
0
0.1
1.224
0
0
0
1.224
0.3
1.624
0.1
0
1.224
0
0.3
0.1
1.224
0.1
0.2
0.2
0.2
1.224
0.1
0.2
0.2
1.224
1.224
1.324
1.324
0.1
1.424
0
0
0.1
0.3
0
1.224
0
1.224
0.1
0
0
1.324
0
0
1.424
0.2
0
0
0.5
1.324
0
0.1
0.6
0.4
1.224
0.4
0.5
0
0
1.624
0.1
1.424
0
0.2
0.2
0
1.224
0
0
1.324
0
0
1.324
1.524
0
0
0
0.2
0.1
0
0
1.224
0.2
0.3
0
1.224
0
0.2
0
1.224
0
0
0.8
1.224
0
0
0.3
0.1
0
0
0.1
1.424
0
1.224
0
0.7
0
0
0
1.224
0.1
0.6
0
0
0
0.1
0.2
0.1
0
0
0.1
0
0
0.1
0.1
1.324
0
1.424
0.2
1.324
0.1
0.5
1.424
0
0
0
1.224
0.1
0
0
0.2
0
0
0
0
1.624
0.2
0
0
0.2
0
0.2
0.3
0.1
1.224
1.224
1.324
0
1.224
0
0.1
0.1
0
0
0.4
0
0
0
1.224
0.1
0
0
0.1
1.224
0
1.224
1.224
0
0.6
0.1
0
0
0
0
0
0
1.224
1.424
1.224
0
1.324
1.524
0
1.224
1.224
0
0
0.3
1.324
1.324
0.5
0
0
0.7
1.424
0
1.424
0
0
0
1.224
1.324
0.2
0.2
0
1.224
0
0
0.1
0.2
0.2
0.1
0
0
0
1.224
0
1.324
0
0.1
0
0
0.1
1.224
1.324
0
0
0
0.1
0
0
1.524
0
1.224
1.224
0.2
0
0.4
0.1
0
0
0
0.1
0.1
0
0
0
0.1
0
1.324
0
1.224
1.624
1.924
0.5
0
1.224
0.5
0
0
1.224
0
1.524
0
1.524
0.1
0
0
0.2
0
0.1
1.224
0
0
0
0
0.2
1.224
0.3
0
0.2
0
0
0.1
0
1.324
0
0
1.224
0
0.1
1.324
0.2
1.224
1.224
1.224
0
0
0
0
0
0
0
1.224
0.1
1.624
0
0.1
0.1
1.224
0
0
0
0.1
1.224
0
0.1
0
0
0
0.2
1.224
0
0
0
0
0.1
0.3
0
0
0
0
1.824
0.7
1.324
0.1
1.524
0
0
0
0
0
1.224
0
0
0.2
0.2
0
1.224
0
0
0.1
1.424
0
0
1.324
1.224
0
0.1
0
0
0
1.324
0
1.324
0.3
0.2
0
1.324
0.2
0.1
0
0.1
0.4
0.4
1.224
0.1
1.224
0
0
0.1
0.1
0
1.224
0.1
0
0.2
0
1.224
0.1
1.224
0
0
0
0
1.224
0
1.224
0
0
1.224
0
0
0
1.224
0
0.1
0
0.1
1.224
0
1.224
0
1.224
0
0
0
1.224
0.1
0
0.1
0.1
0
0
1.224
0.1
0
0
0
0
0
0.3
0.1
0
0
0
0.2
0.1
1.224
0
0.4
0
0.2
0
0
0
1.224
0
0
0.1
0.9
0.9
0
0
0
1.224
0
0
0
0.1
0.1
0.1
0.1
1.224
0
0.4
1.224
0.2
0.1
1.224
0
1.224
0
0.1
0
0
0.1
0
0
0
1.624
0.1
0.1
0
1.524
0
0
0
0.1
1.224
0
0.2
0
1.624
0
1.224
1.524
1.824
0
0
1.224
0
0.3
0
0.6
0
1.824
0.1
0.5
0
1.224
0
1.424
0.1
1.324
1.324
0.1
0
0
0
0
0
0
0
0.3
0
0.1
0.4
0
0.1
0
0
0
1.224
1.224
0.2
0
1.324
1.324
0
1.824
1.224
0
0
0.1
0
1.224
1.424
1.324
1.324
1.624
1.224
0
0.1
0.1
0
0
0
0
0
0.1
0.1
0.1
0.2
0
0
0.1
0
0.1
0
0.1
0.1
0.2
0.1
0
0.6
0.2
0.4
1.324
1.224
0
0.3
0.1
0.2
0
0
0
2.124
0
0.3
1.836
0
0
0
0
0.2
0
0.1
0.2
0
0
0.1
0
0
0
0
0.1
1.324
0
1.524
0
0.2
0
0.1
0
0
0
2.448
1.224
0.1
0
1.324
1.924
0
0.2
0.1
1.224
1.524
0
0
0
0
1.6
0.2
0
0.2
0
2.024
0
1.324
0
0.3
0.4
0
1.224
0
0
1.224
1.724
1.624
2.024
1.224
1.324
2.548
1.224
1.424
1.524
1.224
1.324
1.724
1.224
1.424
2.448
1.424
2.448
1.324
1.424
1.624
1.224
1.224
2.748
1.224
1.624
1.324
1.424
2.648
1.224
1.224
2.748
1.224
2.324
2.648
1.224
1.224
1.224
2.448
1.724
1.424
1.324
1.224
1.224
1.524
1.224
1.324
1.224
1.324
1.624
1.624
1.224
1.324
2.448
1.624
1.224
1.224
1.324
1.224
1.224
1.324
1.624
1.224
1.224
1.524
1.324
1.324
1.424
1.324
1.224
1.524
1.424
1.224
1.224
1.224
2.748
2.648
1.424
1.324
1.224
1.224
1.324
1.224
1.224
1.424
1.224
1.224
1.424
1.224
1.224
1.324
1.424
1.224
2.648
1.324
1.224
1.324
1.524
1.224
1.224
2.224
1.224
1.224
1.624
1.924
2.024
1.524
1.524
3.848
1.324
2.448
2.448
2.648
1.224
1.624
2.748
1.424
1.224
2.548
2.448
1.624
1.324
1.224
1.224
1.224
1.224
1.324
3.548
1.224
1.724
2.548
1.524
1.224
1.324
1.424
1.624
1.624
1.324
1.224
1.424
2.124
1.224
1.224
1.524
1.324
1.424
1.324
1.224
1.224
1.424
1.924
1.224
1.224
1.524
1.424
1.224
1.224
1.724
1.224
1.324
1.224
1.224
1.224
1.224
1.624
1.224
1.224
1.224
1.324
2.648
1.224
1.324
1.324
1.424
1.524
1.624
1.224
1.324
1.724
3.148
2.448
2.548
1.324
2.224
3.148
2.648
1.224
1.824
2.448
1.224
1.324
1.224
1.524
1.524
1.224
1.224
1.324
1.324
1.424
1.424
1.224
1.624
1.224
1.824
1.724
1.224
1.224
1.224
1.224
1.224
1.624
1.324
1.324
1.524
1.224
1.524
1.224
1.424
1.224
1.524
1.324
1.524
1.524
1.524
1.224
1.224
2.448
2.448
1.224
1.224
1.224
1.324
1.224
1.224
1.224
1.524
1.224
1.224
3.548
3.348
2.548
1.624
1.224
1.624
1.224
1.224
2.424
2.548
2.448
1.224
1.224
1.424
1.224
1.224
1.424
1.224
1.224
1.224
1.524
1.324
1.224
1.424
2.548
1.224
1.224
1.224
1.524
1.824
1.324
1.324
1.324
1.224
1.624
1.324
1.324
1.724
1.224
1.324
1.224
1.424
1.424
2.448
1.224
1.324
1.224
2.548
3.048
1.924
1.624
1.324
2.548
2.748
1.224
1.324
1.324
1.224
1.424
1.424
1.224
1.224
1.224
1.324
1.224
1.424
1.724
1.424
1.224
1.924
1.224
1.224
1.224
1.324
1.524
2.448
1.224
1.224
1.224
1.224
1.224
1.224
1.224
1.824
2.448
1.824
1.424
1.224
1.324
1.224
1.424
1.224
1.624
1.224
1.424
1.224
1.324
2.448
1.924
1.824
1.624
1.224
1.324
1.324
1.724
1.224
1.524
2.948
1.324
1.224
1.524
1.424
1.724
2.548
1.324
1.524
1.224
2.848
1.224
1.224
1.324
1.224
1.324
1.224
1.224
1.324
2.448
1.424
1.224
1.224
1.224
1.424
1.224
1.224
1.224
1.224
2.848
1.524
4.148
1.424
1.524
3.048
1.224
1.224
1.324
1.624
1.424
1.324
1.324
1.424
2.448
1.324
1.424
2.648
1.224
1.324
1.924
1.324
1.224
1.924
1.224
1.324
2.624
1.424
1.324
1.524
1.524
1.224
1.224
1.224
1.424
1.224
1.224
1.324
1.424
1.224
1.224
1.224
1.224
1.324
1.224
1.324
1.324
1.324
1.224
1.324
1.324
1.224
1.424
1.424
1.624
1.724
1.224
1.224
2.648
1.224
1.224
1.324
1.224
1.224
1.624
1.324
1.224
1.324
1.424
1.224
1.324
1.224
1.224
1.324
1.624
1.224
2.648
1.224
2.548
1.324
1.924
1.224
1.224
1.524
3.348
1.224
1.224
1.424
1.424
1.224
1.224
1.224
1.524
2.548
2.448
1.324
1.224
3.548
1.324
1.324
1.224
1.224
1.224
1.324
1.324
1.524
1.324
1.224
1.224
2.448
1.824
1.224
2.548
1.324
1.224
1.424
1.224
1.324
1.224
1.224
1.424
1.224
1.224
1.524
1.224
1.524
1.924
2.848
1.524
2.648
1.224
1.224
1.224
2.548
1.424
1.224
1.224
2.448
1.224
3.048
1.324
1.624
1.524
2.548
1.224
1.724
1.424
1.324
1.524
1.224
2.448
1.224
1.324
1.324
1.324
1.524
1.424
1.224
1.224
1.224
1.324
1.224
1.224
1.324
2.448
1.324
1.724
1.624
1.424
1.724
1.524
1.324
1.324
1.224
1.224
1.224
1.624
2.448
2.548
1.224
1.224
1.324
1.224
1.224
1.324
1.224
2.448
1.224
1.224
1.324
1.224
1.224
1.224
1.324
2.724
1.424
1.324
2.448
1.324
1.724
1.224
1.224
1.224
2.024
1.224
1.324
1.324
1.624
1.424
1.224
1.424
1.324
1.224
2.848
1.624
1.524
2.948
3.248
1.324
1.524
1.424
1.224
1.224
2.448
1.324
2.748
1.524
1.324
2.548
2.448
2.448
1.224
1.224
1.324
1.224
1.324
1.524
1.324
1.424
4.748
1.424
1.324
1.224
2.448
1.524
1.724
3.948
1.224
1.624
1.324
1.224
3.648
1.424
1.324
1.624
1.324
1.524
1.424
1.324
1.324
2.124
1.224
1.424
1.224
1.224
1.724
1.224
1.824
1.224
1.224
1.324
1.724
1.224
1.324
1.224
1.424
1.824
2.848
1.324
1.224
1.224
1.524
1.224
1.324
1.224
1.824
1.324
1.224
1.224
1.224
1.224
1.324
1.424
1.624
1.324
1.224
1.724
1.624
1.224
1.224
1.224
1.424
1.424
1.224
1.224
1.624
3.048
1.224
1.424
1.224
1.324
1.224
1.224
1.224
2.224
1.424
1.224
1.424
1.224
3.36
3.56
3.06
3.56
3.06
3.36
1.324
1.524
1.324
1.324
1.324
1.224
2.448
3.36
2.448
0.1
0
1.724
1.724
0.1
0
1.324
0.6
0
0.9
1.424
0
0
0
0
1.224
0
0.1
1.424
0
1.324
0
1.224
0
1.424
0
2.224
0.1
0
0
2.124
0.2
0.6
0.5
0
1.1
0.1
1.224
0.1
0
0
1.324
1.324
0
0.2
0
1.224
0.4
1.224
0
0
0
0.3
1.324
0
1.424
0.1
0.1
0.1
1.224
0
0
0
0.1
1.524
0
0
0
0
1.324
0
0
2.024
0
0.3
0.1
0
0
0
0.1
0
0
0
0
0.1
0.2
0
0.1
0
1.224
0.1
0
1.224
1.224
0.1
0
1.224
0
1.5
0.1
0
0.4
1.524
0.2
