1.936
0.1
1.624
0.1
2.448
1.224
1.224
1.224
1.224
1.224
1.224
2.448
2.548
1.424
1.524
0
1.224
0
0
0
1.224
1.224
0
0
0
0.1
0.1
0.1
1.224
0
0
1.224
0.5
0
3.06
1.836
1.836
1.836
1.936
2.036
1.936
3.26
1.836
1.936
1.936
3.16
2.036
3.16
1.936
3.06
3.16
1.836
3.06
3.06
1.836
1.836
3.16
3.06
1.836
3.36
3.46
3.16
1.836
2.436
2.236
1.836
3.06
3.06
3.16
3.46
1.936
4.284
3.16
1.836
3.56
2.136
3.06
1.836
3.06
1.836
3.06
3.06
3.16
3.06
1.836
3.16
3.06
1.836
1.836
3.36
1.836
1.836
3.06
3.06
3.06
3.16
3.06
3.06
1.836
1.836
1.936
3.26
3.46
1.836
1.836
1.836
1.836
1.936
3.06
1.836
3.06
3.06
1.836
4.284
1.936
1.836
1.836
3.16
1.836
1.836
3.76
1.836
1.836
3.16
3.06
1.836
1.836
3.06
1.836
4.284
1.836
1.936
3.06
1.836
3.26
1.936
3.06
4.384
3.16
2.036
1.836
3.16
3.06
3.26
3.06
3.16
3.06
3.16
1.836
3.06
3.06
1.836
1.836
1.836
1.936
2.036
3.26
1.936
1.936
1.836
1.836
3.06
1.836
3.06
1.836
3.16
1.936
3.06
1.836
2.336
3.06
3.06
4.284
1.836
4.284
3.06
3.06
3.06
3.06
1.936
1.936
4.284
3.06
5.508
3.26
5.808
4.384
5.608
4.284
5.608
3.06
4.284
3.06
5.708
7.508
4.484
4.284
3.06
0
0.1
1.224
0
0
1.324
0.3
1.224
0.1
1.324
1.324
0.1
1.224
0.1
0
1.224
0
1.824
0
1.224
0
1.224
1.224
1.224
1.524
1.224
1.224
1.224
1.224
1.224
1.224
2.448
1.324
1.224
2.448
0
1.224
0
2.948
1.224
0
1.224
0
1.324
1.224
0
1.324
0
1.224
1.224
1.224
0.3
0
1.224
1.224
1.224
0.1
1.224
1.224
1.224
1.324
1.224
1.224
1.224
0
0.1
1.224
1.224
0.1
1.224
0.1
1.224
0
0
0
1.224
1.524
0
1.224
3.06
2.448
1.224
1.224
1.224
2.448
1.224
2.648
0
1.224
1.224
2.548
1.224
1.224
1.224
1.224
1.624
0
0
0
0
1.224
0
0
1.224
0.1
0
0
1.224
1.324
1.424
0
1.424
1.224
1.224
2.448
0
0
1.224
0
1.224
0
1.324
0
0
0.1
0.2
1.324
0
1.224
0
0
1.224
0.4
1.224
0
1.224
1.224
1.224
0
0
0.1
0
1.324
1.224
1.624
1.224
0.1
1.324
1.324
1.224
0
1.224
1.224
1.324
1.424
2.124
0
0
0
3.16
0.1
3.672
2.548
0
1.224
1.224
2.448
0
0
1.224
0
1.224
1.224
1.224
0
1.324
0
1.224
1.224
0
0.1
0
1.224
1.524
0
1.224
0
0
1.224
1.324
0
0
0
1.224
0.4
1.224
0.1
2.448
0
0
0
0
1.224
1.524
0
2.548
2.448
1.224
2.448
2.448
1.224
1.224
0.3
1.324
1.224
0
0.1
1.324
0
0
1.324
1.224
1.224
1.324
1.224
0.1
0
1.224
0
2.548
1.524
1.224
1.324
1.324
1.224
0
1.424
0
0
1.224
1.224
0
1.224
0.1
1.224
0
0.1
1.224
1.224
2.448
1.224
1.224
0
0
0
2.648
1.224
0.1
0
1.224
0
1.324
1.324
2.448
1.324
0.5
1.224
1.224
0.1
1.624
0.2
0
1.424
0.3
0
0
1.324
1.424
0.2
1.224
0.2
0
2.448
0
0
0.1
0
0
2.448
0.1
0.1
2.448
0
1.224
1.424
2.448
0.1
0
0
1.224
1.424
1.224
0
2.448
0.1
0
0
2.448
1.324
0.2
0.1
1.224
0
2.648
1.324
1.224
1.224
2.448
0
1.224
1.324
1.224
1.924
1.324
1.224
1.224
0
1.424
2.748
2.448
0
0
1.224
1.424
1.324
1.224
0
2.448
0
0.1
1.224
0.1
0.1
2.448
1.224
0
0.1
1.224
1.324
1.324
2.448
0
0
0
1.224
1.224
0
0.2
1.324
1.324
1.224
0
1.224
0
1.224
1.224
1.324
1.224
1.424
1.424
1.224
1.224
1.224
0
2.448
0
1.224
0
0
1.224
1.224
0
1.424
0
2.448
0
0
1.224
1.324
0
0
1.224
1.224
1.324
1.224
0.1
0
1.224
1.324
1.224
0
1.224
1.224
0
1.324
0
1.224
0
0.1
1.224
0
0
0
1.224
1.224
1.224
0.1
0.3
0
0
0.7
1.224
1.224
0
0
0
2.448
0
0.3
1.224
1.424
0
0
2.548
0
1.224
2.448
0
1.224
0.2
0
1.224
0
1.224
0
1.224
1.424
0
0
0.2
0
1.224
1.224
0
0
0.1
1.324
1.224
1.324
1.224
0
0
1.224
0
1.524
1.224
1.324
2.448
0
0
2.548
0
1.224
1.324
1.224
1.224
2.648
0
2.448
1.224
1.524
1.224
0
0
0
0
1.224
0
1.224
2.448
1.224
0.2
1.224
0
0
1.224
1.224
0
1.224
0.2
2.448
1.224
1.224
1.224
0
1.224
2.448
0.1
0.1
1.224
1.324
0
1.324
1.224
1.224
0
1.224
0.1
0
1.424
1.224
0
0
1.224
1.224
1.224
0
0
0
0.1
1.224
0
0.4
1.224
0
1.324
0
1.424
2.448
1.324
1.224
0
1.324
1.224
1.224
1.324
1.224
1.324
1.324
2.448
1.224
1.224
0.1
1.324
1.324
2.448
1.224
1.224
2.448
0.5
1.324
0.1
0.2
1.324
2.448
2.448
0
1.224
1.224
0
1.224
1.324
1.324
1.224
0
1.224
0
0
1.224
1.224
1.224
0
1.224
1.224
1.324
0
1.224
1.224
1.224
0.2
1.224
0
0.2
1.424
1.424
0
1.224
0
1.224
1.224
0
1.524
1.224
0.1
1.224
1.224
1.224
0
1.424
1.224
1.224
1.224
0
1.224
1.224
1.224
1.324
0
0
1.224
1.224
1.224
0
2.448
1.224
0
2.448
0.3
0
0
0
1.224
1.224
1.224
2.448
1.324
0.1
1.224
0
0
0
0
0
1.224
0
1.224
1.424
2.448
2.448
0
0
1.224
2.548
1.224
1.224
1.224
0
1.224
2.448
1.224
0
1.224
1.324
1.224
1.324
0
1.324
0.3
0.1
2.548
1.224
1.324
2.448
0
2.448
1.224
1.224
1.524
1.624
0.1
0
1.224
0
1.224
1.424
0.1
1.224
1.224
0
0
0
1.224
1.224
1.224
0
0
0
1.224
0
1.224
2.448
0
0
0
1.224
1.224
1.224
0.3
2.448
1.224
1.224
0.1
0
1.224
1.224
1.424
2.448
0.1
1.224
1.224
0
1.324
0
1.224
1.424
1.224
2.448
0
2.548
1.324
2.448
1.524
1.324
2.548
2.648
1.324
1.224
1.324
2.448
1.424
2.548
1.224
1.224
1.224
1.224
1.224
1.324
1.224
2.448
1.224
1.324
1.324
1.224
1.224
1.224
1.224
2.448
1.224
0
0
0
0
0
2.448
1.224
1.224
1.224
1.324
0
1.224
1.224
1.224
1.224
1.224
1.424
1.324
2.448
2.548
2.448
1.324
2.548
2.448
1.324
1.224
1.224
1.224
2.448
1.224
1.224
1.324
1.224
1.224
1.224
1.224
1.324
2.448
0
0
2.548
0
0
1.224
1.424
1.424
0.1
1.224
0.1
1.224
1.224
2.448
1.224
1.224
2.448
0
0.2
0
1.324
1.836
1.224
1.224
2.448
1.224
0.2
0.1
0
1.224
0
1.324
1.324
1.224
0
1.324
0
0
0.1
0
1.324
1.224
0.1
1.224
0
1.224
1.224
1.224
2.448
0
1.224
1.324
0
0
1.324
0
1.224
0
0
0
1.224
1.224
1.424
1.624
0
1.224
0
1.224
0.2
0.1
0
0
1.624
1.224
1.224
0
0
2.448
2.448
2.548
2.448
1.724
1.224
1.224
1.224
2.448
1.224
2.448
1.224
2.448
1.324
2.448
2.448
1.324
3.672
2.448
2.448
2.448
2.648
3.872
3.772
1.224
2.548
3.672
2.648
2.748
2.448
2.448
2.448
1.224
1.224
2.548
2.448
2.448
2.448
2.648
1.324
2.748
2.448
2.448
3.672
1.324
2.548
2.448
2.548
1.224
1.224
2.548
2.548
2.448
3.772
1.224
3.872
2.448
2.448
2.448
2.548
2.448
3.672
1.424
2.448
2.448
2.748
2.448
2.448
3.772
2.448
2.448
2.548
1.324
2.448
1.224
1.224
2.448
2.448
2.448
2.548
1.224
2.448
1.224
3.772
2.448
2.548
2.448
2.448
1.324
2.448
2.448
2.448
1.224
2.448
1.224
2.548
2.448
2.548
2.648
1.224
2.448
1.524
1.224
1.224
2.448
2.448
3.872
2.548
3.672
1.524
2.448
1.224
1.224
1.224
1.224
1.424
1.324
2.548
2.448
2.448
1.224
2.448
2.448
2.448
2.448
3.672
2.448
2.448
1.524
2.448
1.224
1.224
2.448
2.548
2.648
2.548
2.448
3.872
2.448
2.448
2.448
3.348
2.448
1.224
2.448
2.448
2.448
2.448
2.548
2.448
1.224
1.224
2.448
1.224
2.448
2.448
2.548
2.448
2.648
1.224
3.872
1.324
2.448
2.448
1.224
2.648
2.448
1.224
1.224
2.448
1.224
2.548
3.672
3.672
3.672
2.448
1.524
3.672
2.548
2.448
1.224
1.224
1.224
2.448
3.248
1.224
1.224
2.448
2.548
1.224
3.672
2.548
2.448
2.448
2.748
1.224
2.448
1.324
2.448
2.548
2.448
2.448
2.448
1.224
1.424
2.748
2.448
2.448
2.448
2.448
2.548
2.448
2.448
2.448
3.772
1.224
2.448
3.672
2.448
2.448
3.672
2.548
2.448
2.448
3.672
2.548
2.448
1.324
1.224
2.448
2.448
2.448
1.324
2.448
1.224
1.224
1.324
1.224
1.224
2.548
1.324
2.448
2.448
2.448
2.548
2.448
2.448
2.848
1.224
1.224
2.448
2.448
2.548
3.672
2.448
3.872
1.224
3.772
2.448
2.448
1.224
2.448
1.324
2.448
2.448
2.548
3.672
2.448
1.424
3.672
1.224
1.224
2.448
2.548
2.448
2.448
2.548
2.448
2.448
2.448
1.224
2.548
1.224
1.224
2.448
2.448
1.224
1.324
2.448
1.224
2.448
1.224
1.224
2.448
1.224
2.548
3.772
2.548
2.548
2.448
1.224
2.448
2.548
2.448
2.448
1.224
1.224
2.548
1.324
2.548
3.672
2.448
2.448
1.324
2.448
1.324
2.448
2.448
3.672
2.448
2.448
2.448
2.748
1.224
2.448
3.872
2.548
2.448
2.448
2.548
1.224
1.224
2.448
1.224
2.448
2.548
1.224
2.448
2.648
2.448
2.448
2.448
1.224
1.424
1.224
2.548
1.324
3.772
2.448
1.624
2.448
1.524
1.224
1.224
3.672
3.672
1.224
1.224
2.448
2.448
1.224
1.224
2.448
2.448
1.224
1.224
2.448
1.224
2.448
2.448
1.224
1.224
2.448
2.448
2.448
1.324
2.648
2.648
2.648
2.448
2.548
1.224
2.448
3.772
1.324
1.324
2.548
2.448
3.672
1.224
2.448
2.448
1.324
2.448
1.224
2.748
1.224
2.448
1.224
1.324
3.772
2.648
2.448
3.672
2.448
2.548
1.224
2.548
2.448
3.972
2.448
3.672
2.548
2.548
2.448
2.448
2.448
2.448
2.648
2.448
1.224
2.448
2.448
2.548
2.448
2.448
2.448
2.448
1.224
1.324
1.324
2.448
1.224
1.224
2.448
1.324
2.448
2.448
3.672
1.824
2.448
2.448
1.324
2.448
1.224
1.224
2.448
1.224
3.872
2.448
2.448
1.224
1.224
1.224
2.448
3.248
1.324
2.448
2.648
1.524
3.672
2.448
1.324
2.548
1.424
2.448
2.448
1.224
1.224
1.224
1.224
3.672
3.048
2.448
1.224
2.448
2.448
2.448
1.324
2.448
3.772
3.772
2.448
2.448
2.548
2.648
3.672
1.224
1.224
3.672
2.548
1.224
1.224
2.448
2.448
2.448
2.448
2.548
1.424
2.448
2.848
2.748
1.224
2.548
1.224
2.448
2.448
1.224
1.224
3.772
2.448
2.548
1.224
2.448
1.224
2.448
2.448
3.772
2.448
1.224
1.424
2.448
3.672
1.524
2.448
1.224
1.324
1.224
3.972
3.872
3.672
3.772
2.448
1.224
1.224
1.424
1.224
2.548
1.324
1.224
1.224
1.224
2.448
3.872
2.848
2.548
2.448
3.672
3.672
2.448
1.224
2.548
1.224
1.224
1.224
1.224
2.448
3.672
1.224
2.548
2.448
2.448
2.448
3.672
2.448
2.448
1.224
2.548
2.648
3.048
2.548
2.548
1.224
2.748
2.548
3.672
2.448
2.448
2.848
2.448
1.224
2.448
2.548
2.548
1.324
1.424
1.224
1.224
1.224
2.648
1.324
1.424
1.324
1.224
1.324
2.548
1.224
2.448
1.224
2.448
2.648
2.448
2.448
1.224
1.224
1.224
2.548
2.448
1.224
2.448
1.224
2.448
2.448
2.548
1.924
2.448
2.448
1.224
1.224
2.548
1.724
1.424
1.224
2.548
2.448
1.224
2.548
2.448
2.448
1.224
1.324
2.548
1.324
2.448
2.448
4.172
2.448
2.448
2.448
2.448
2.448
1.224
2.548
2.448
1.224
2.448
2.448
2.448
2.448
1.224
2.448
3.872
1.224
2.448
2.448
2.448
2.548
3.672
1.224
1.224
2.748
2.548
1.224
1.324
1.224
2.448
3.772
3.672
3.772
2.448
3.872
2.548
1.624
1.224
1.224
3.772
2.448
2.648
2.448
1.224
2.448
1.424
1.224
1.224
2.548
2.648
2.448
2.548
1.224
2.748
3.772
3.672
2.448
3.672
4.384
4.584
3.06
4.484
3.06
5.608
2.648
2.648
2.448
2.548
2.448
2.448
1.224
4.384
2.448
1.224
0.1
0
0.1
0.1
1.224
0
0.1
1.224
0.7
0.2
1.224
0
1.224
1.224
0
0
0
0.1
1.224
0.1
1.224
0
1.224
0
0
0.6
0
2.448
0
1.324
1.424
1.624
1.424
1.224
0.4
1.224
1.224
0
1.224
1.224
0
0.2
1.224
1.224
0.1
0
0
1.224
0
0
1.224
0
0
1.224
1.224
1.224
0
0.1
0
1.324
0
0
0
1.324
1.324
1.224
0.1
1.224
1.324
1.224
0
1.424
0.1
1.224
1.224
0
1.224
2.448
0
1.224
2.448
1.224
1.224
0
0.1
1.324
2.448
2.448
1.224
2.448
1.224
1.224
1.224
2.448
0
2.448
0
0.7
0
0
0.1
0.4
0
