2.236
0.2
1.924
0.1
1.324
1.324
1.224
1.224
1.224
1.224
1.324
2.448
1.524
1.924
1.624
0
0
0
0
0
1.424
1.224
0
0
0
0
0
0.1
1.224
0
0.1
1.224
0.9
0
1.936
2.036
1.836
2.036
2.036
2.136
2.036
3.86
1.936
2.036
1.936
3.16
2.136
2.436
2.036
3.36
3.06
1.836
3.36
1.936
1.836
1.836
1.836
2.036
1.836
3.46
2.536
2.136
1.936
2.436
2.236
1.836
1.936
1.836
3.16
2.336
2.736
3.46
1.836
1.836
3.46
2.136
1.836
1.836
1.836
1.836
3.36
1.936
3.06
1.936
1.936
1.836
1.836
1.836
1.836
1.936
1.836
1.836
1.836
1.836
1.836
3.06
3.16
1.836
1.836
1.836
1.836
2.136
2.136
1.836
1.836
1.836
1.836
2.736
1.836
1.936
2.036
1.836
1.836
3.06
2.036
1.936
1.836
1.836
1.836
1.836
2.836
1.836
1.836
2.236
1.836
2.036
1.936
3.16
1.836
3.46
1.836
1.936
1.936
1.836
3.46
2.436
3.26
3.16
3.26
2.136
1.936
1.936
1.836
3.36
1.836
1.936
3.16
1.936
2.236
1.836
3.06
1.936
1.836
1.836
2.436
1.936
1.936
1.936
2.236
2.036
1.836
1.836
1.836
1.836
2.036
2.036
1.836
1.836
1.936
3.436
1.936
2.236
3.06
1.936
3.06
3.56
1.836
1.836
3.16
2.036
2.236
3.66
3.06
4.384
3.26
4.584
4.484
4.684
3.36
4.284
3.26
4.384
3.06
4.984
4.484
9.284
4.384
3.16
0
0
0
0
0
0
0.5
0
0
1.324
1.324
0
1.224
0
0.4
0
0
1.1
0
0.2
0
0
0
1.324
1.924
1.224
1.224
1.324
1.224
1.224
1.424
1.224
1.224
1.224
1.224
0
1.224
0
2.024
1.324
0
1.324
0
1.424
1.324
0.1
0
0
0
0
1.224
0.2
0
0.1
0
0
0
1.224
0
0
1.224
1.324
1.224
0
0.1
0.3
1.224
0
0.2
1.224
0
1.224
0
0
0
1.224
0.3
0
1.224
1.836
1.224
0
0
0
1.924
1.224
1.224
0
1.324
1.324
1.224
1.224
1.224
1.224
0
0.6
0
0
0
0.2
0
0
0.1
0
0.1
0
0
0.1
0.1
0.3
0
0.1
0
0
1.224
0
0
1.224
0
1.224
0
1.324
0
0
0.1
0.1
0.1
0
0
0
0
0
0.3
0
0
1.524
1.224
0
0
0
0.2
0
0.1
1.224
0.7
0
0.3
1.524
1.424
1.224
0.1
0
1.324
0
0.3
0.7
0
0
0
1.836
0
2.648
2.548
0
1.224
1.224
1.224
0
0.1
1.224
0
1.224
1.224
1.224
0.1
1.224
0
0
0.3
0
0
0.2
1.224
1.324
0.1
0
0
0.1
1.224
1.624
0.1
0
0
1.224
0.9
0
0.1
2.448
0
0
0
0
1.224
1.224
0
1.224
1.224
1.224
1.224
1.224
1.324
1.224
0.3
1.324
0
0
0.1
0
0
0
0
0
1.224
1.224
1.324
0.7
0
1.224
0
1.224
1.324
1.224
0
0.2
1.224
0.1
1.224
0
0
0.1
1.324
0.2
1.224
0
0
0
0
1.224
0
1.224
1.224
1.324
0
0
0
1.424
0
0
0.1
0
0
1.524
1.224
1.224
1.324
0.1
1.224
0
0.1
1.824
0.3
0
1.724
0.3
0
0.2
1.424
1.224
0
0
0.2
0.1
1.224
0
0
0.1
0.1
0
1.224
0.1
0
1.224
0
0
1.224
1.324
0.1
0
0
1.224
2.124
1.224
0
1.424
0
0
0.1
1.224
1.224
0.1
0
0
0
1.224
1.224
1.224
1.224
1.224
0.1
1.224
1.224
0
0.7
1.324
0
1.224
0
1.424
1.424
1.224
0
0
1.224
1.624
1.624
1.224
0
1.324
0
0
1.224
0.2
0
1.224
0
0
0
1.324
1.924
1.324
1.224
0.2
0
0
1.224
1.324
0.2
0
1.224
1.324
1.224
0
0.1
0.1
0
0
0.1
1.224
0
1.324
1.224
1.224
1.224
0.2
1.224
0
1.224
0
0
1.224
1.224
0.3
1.524
0
1.224
0
0
1.224
1.224
0
0
1.224
1.324
1.224
0
0.1
0
0
1.224
1.224
0
1.224
0.1
0
0.1
0
1.224
0
0.1
1.224
0
0
0.1
0
1.624
0
0.1
0.3
0
0
0.7
1.224
1.224
0
0
0
1.224
0
0.1
1.324
1.624
0
0
1.224
0
1.224
1.224
0.1
1.224
0
0
1.224
0.2
1.324
0
0
1.724
0
0
0.2
0
1.324
0
0
0.1
0.1
1.224
1.224
1.324
1.324
0
0
1.524
0
1.324
1.224
0.1
1.324
0
0
1.324
0
1.224
1.224
1.224
1.224
1.224
0
1.224
1.424
1.224
1.224
0
0
0.3
0
1.224
0
1.224
1.224
1.224
0.1
1.224
0
0
0
1.224
0.1
0
0.2
1.224
1.224
1.224
1.224
0
0
1.224
0
0.1
1.324
1.224
0
1.224
0.1
1.224
0
0
0.1
0
1.524
1.224
0
0.1
1.224
1.324
0
0
0
0
0
1.224
0
0.9
1.224
0.2
1.224
0
1.224
1.224
1.324
1.824
0
1.224
0
1.324
0.1
1.224
1.224
1.224
1.224
1.324
0
0
1.224
0
1.224
1.224
1.224
1.224
0.8
2.024
0
0
0
1.224
1.224
0
1.224
1.224
0
1.224
0.1
1.224
1.324
0
0
0
0
1.224
1.224
1.224
0
1.324
1.224
1.324
0.1
0
1.224
1.224
0
0
0.1
0.3
1.324
1.224
0
0
0
1.224
0
0
0.3
1.224
0
1.224
1.224
1.224
0
0
0
1.224
1.424
0
1.624
1.224
1.224
1.224
0
0
1.224
1.224
1.224
0
1.324
1.224
0.1
1.224
0
0
0
0
1.324
0
0
1.324
1.224
0
1.224
0
0
0
0
0
0
0
1.524
1.224
1.224
1.224
0
0
0
1.224
0
1.324
1.224
0
1.324
2.724
0
0
1.224
1.224
1.224
1.224
0
1.524
0.2
0
1.724
0
1.224
1.224
0
1.224
1.224
1.324
1.324
0.7
0
0
1.224
0.1
1.224
1.224
0
1.324
1.224
0
0.3
0.1
1.324
1.224
1.224
0
0
0
0.1
0
0
1.224
0
0
0
0
0
0.1
0
1.224
1.324
0
0
0
1.224
0
1.424
1.224
0.2
1.224
1.224
0
0
0
1.224
1.424
1.224
1.224
0
1.224
1.324
1.224
1.824
0
1.824
1.224
1.524
0
1.224
1.224
0.4
1.324
1.224
1.224
1.224
1.224
1.224
1.224
1.224
1.324
1.224
1.224
1.324
1.224
1.224
0.3
0
1.724
0
0.1
0
0
0
0
1.424
1.324
1.324
1.224
0.2
0
0
1.224
1.324
1.324
0
0.1
0.1
2.448
3.048
2.848
1.224
1.224
1.224
0.1
1.224
1.224
0
1.424
0.1
1.224
1.224
1.224
1.224
1.224
1.224
1.324
1.224
0
0
1.324
0.2
0
1.224
1.924
1.424
0
1.324
0
1.224
0
1.324
1.324
0
1.224
0
0.6
0
0.4
1.936
1.224
1.324
1.724
1.224
0.1
0
0
1.824
0
0.4
1.524
0
0
1.224
0
0
0.1
0
0.3
1.224
0.2
1.424
0
0
1.224
0
1.224
0
1.224
1.224
0
0.2
0.2
0
1.224
0
0.1
0
1.224
1.224
1.324
3.124
0
1.224
0.1
1.224
0.6
0
0
0
2.024
1.424
0
0
0
1.324
2.448
3.348
2.448
1.724
1.324
1.224
1.224
1.224
1.324
1.224
1.324
2.548
1.724
2.448
2.548
1.524
2.848
2.448
2.448
1.724
3.348
2.448
2.748
1.224
1.324
2.948
2.648
3.048
1.224
2.448
2.548
1.524
1.224
3.248
2.748
2.748
1.224
2.748
1.224
2.948
1.424
2.448
2.548
1.524
1.324
1.224
1.324
1.224
1.424
1.324
3.448
2.448
2.448
1.224
2.848
2.548
2.448
2.448
1.224
1.224
2.548
1.724
2.748
2.448
3.048
2.548
2.748
2.948
1.424
2.448
3.248
1.424
2.648
1.224
1.224
1.224
1.224
2.448
2.748
1.224
1.324
1.224
2.448
1.224
2.548
1.224
2.448
1.624
1.224
2.448
1.224
1.224
2.648
1.424
2.548
2.448
2.748
3.048
1.424
2.448
2.524
1.224
1.224
2.848
3.248
2.948
1.824
2.548
1.624
1.224
1.224
1.224
1.324
1.224
1.324
1.224
2.548
2.448
2.448
1.324
2.648
2.548
1.224
2.548
2.448
1.224
2.648
1.624
2.448
1.724
1.224
3.048
1.324
2.524
3.048
3.048
3.348
2.548
2.748
2.848
2.124
2.448
1.224
2.648
1.324
3.048
2.448
1.324
1.424
1.324
1.624
1.224
1.224
2.548
2.648
2.748
2.648
2.948
1.224
2.848
1.724
2.448
2.448
1.224
2.648
2.448
1.224
1.224
2.548
1.224
2.448
2.448
2.448
3.748
2.548
1.624
2.848
1.524
2.948
1.524
1.224
1.224
2.448
2.024
1.324
1.224
1.224
1.624
1.224
2.648
2.648
1.224
3.148
2.948
1.224
1.424
1.324
1.224
1.324
2.448
1.224
3.448
1.224
2.024
1.924
1.224
2.548
2.448
1.224
2.548
3.148
2.448
2.448
2.548
1.424
2.548
2.448
2.548
3.648
2.648
2.848
2.548
2.548
2.548
1.524
2.448
1.224
1.224
2.448
2.448
2.648
1.624
1.224
1.224
1.224
1.624
1.224
1.324
2.648
2.224
2.448
1.524
2.748
1.324
1.224
2.448
4.248
1.524
1.224
1.224
2.548
1.324
2.448
2.448
3.348
1.224
2.448
1.224
2.548
1.324
2.448
1.324
1.224
2.448
2.548
2.448
2.748
2.124
2.948
1.324
1.324
1.224
3.148
2.848
2.648
1.524
2.448
2.548
1.424
1.424
1.624
1.224
1.224
2.548
2.448
1.224
1.324
2.648
1.724
1.224
1.224
1.324
2.548
1.324
1.324
2.848
2.448
2.648
2.448
1.424
1.224
2.448
2.748
2.548
1.324
1.724
2.548
1.524
1.324
2.448
1.224
2.648
1.324
2.448
1.324
2.448
2.448
2.448
2.448
2.448
1.324
3.248
1.224
1.224
2.848
2.548
1.424
2.448
1.324
1.224
1.724
1.224
1.224
1.224
2.748
1.224
3.148
3.148
3.048
1.224
2.748
1.224
1.824
1.324
2.748
1.624
2.948
2.448
2.124
3.048
2.024
1.224
1.224
2.948
2.448
1.824
1.224
2.448
2.748
1.224
1.324
2.448
1.224
1.324
1.224
1.324
1.224
2.548
2.548
1.524
1.224
2.448
2.448
2.548
1.224
2.848
3.648
3.348
1.524
2.848
1.224
1.524
2.748
1.424
1.724
2.448
2.448
2.648
1.224
2.548
2.548
1.324
2.448
1.224
1.524
1.224
2.448
1.624
1.224
2.648
1.724
1.324
2.548
1.724
3.248
1.524
2.448
2.448
2.548
1.224
2.448
2.548
3.048
2.548
1.224
2.548
1.224
2.848
2.548
1.324
2.748
1.224
1.324
2.448
1.224
2.448
1.224
1.324
1.624
1.924
2.448
1.224
1.424
2.448
1.224
2.548
1.324
2.448
1.924
2.548
1.224
1.324
2.548
1.524
1.224
2.448
1.224
3.048
1.624
1.424
1.224
1.224
1.224
2.448
1.824
1.224
1.224
2.448
1.924
2.448
1.224
1.624
2.548
1.224
2.448
2.448
1.324
1.224
1.224
1.224
2.648
3.548
2.448
1.224
2.448
1.224
2.548
1.224
2.448
2.648
2.748
2.448
1.224
2.448
3.048
2.548
1.424
1.224
2.448
2.848
1.224
1.224
1.324
1.324
1.224
2.448
2.448
1.224
2.448
2.124
3.248
1.324
3.548
1.224
2.448
2.448
1.424
1.224
2.448
2.548
2.448
1.224
2.548
1.324
1.224
1.624
3.348
2.648
1.224
2.224
2.748
3.048
1.524
2.448
1.224
1.324
1.324
3.548
3.648
2.648
2.548
2.448
1.224
1.224
1.524
1.224
2.648
1.324
1.224
1.424
1.624
2.848
2.548
3.448
2.648
2.648
3.048
2.448
2.448
1.224
2.948
1.324
1.224
1.224
1.224
2.448
2.448
1.224
2.948
1.324
1.224
2.448
2.448
1.224
2.448
1.324
2.648
1.324
2.524
1.324
1.224
1.324
1.524
3.448
2.448
1.224
1.224
2.848
2.548
1.224
2.548
3.048
2.548
1.524
1.224
1.324
1.524
1.624
3.348
1.624
1.524
1.324
1.424
1.724
2.448
1.224
2.448
1.224
3.148
2.648
2.448
1.224
1.524
1.224
1.324
2.448
2.448
1.424
2.448
1.824
2.848
2.448
2.648
3.124
2.848
2.548
1.524
1.324
1.424
2.124
1.824
1.224
3.048
2.448
1.224
2.848
1.324
1.324
1.224
1.424
2.648
1.324
2.548
2.848
3.448
2.448
2.448
2.448
1.324
3.048
1.224
2.848
2.448
1.324
2.648
2.548
2.548
3.448
1.224
2.748
3.648
2.024
2.648
1.424
2.748
1.524
2.448
1.224
1.224
3.748
3.048
1.224
1.224
1.324
2.448
2.448
2.448
2.948
2.448
2.448
2.848
1.424
1.224
1.224
2.648
2.848
3.048
1.224
1.224
2.448
1.524
1.224
1.424
2.448
1.724
1.424
2.448
1.224
2.848
2.948
2.548
3.448
3.348
4.384
5.084
3.06
5.684
3.06
4.684
2.548
2.648
2.448
2.448
1.224
2.448
1.224
4.384
1.224
0
0
0
0.3
0
1.224
0
0.2
0
1.1
0
1.224
0
0
0
0
0
0
0.2
1.224
0.2
0
0
1.224
0
0
0.9
0
1.224
0
1.424
1.224
0.5
1.424
0
0.6
1.224
1.224
0
1.224
1.224
0
0.1
0
0.1
0
0
0
0
0
0
1.224
0
0.1
1.224
0
1.324
0
0
0
0
0
0
0
0.3
1.224
1.224
0
0
1.224
1.224
0
1.724
0
1.224
1.524
0
0.1
1.224
0
1.224
1.224
1.224
1.224
0
0.1
1.224
1.324
1.224
0
1.224
0
1.224
0
1.224
0
1.224
0.1
1.2
0.2
0
0.4
0.4
0.3
