0.3
0.2
2.224
1.924
1.424
0.2
0.1
1.224
0
0
0.1
0
0.1
1.7
0.5
0
0.1
1.224
1.224
1.324
0.2
0.2
1.224
1.224
0.1
1.224
1.424
1.224
1.324
1.324
1.224
0
1.7
0.1
0.1
0.2
0
0
0
0.3
0
0.8
0
0.1
0
0
0.3
0.4
0
0.1
0
0
0.3
0
0.1
1.224
0
0.1
0.1
0.4
1.1
0.3
0
1.624
0.5
0.1
0
0
0.2
1.2
0.1
0.2
0.1
0.1
1.4
0.8
0
0.4
0.1
0
2.124
0
0
0
0
0
0
0
1.224
2.024
0
1.224
0.2
0
0
0.2
0.2
0
1.524
1.224
0
0.4
0.2
0
1.224
0
0.1
1
0
0.1
0.3
0
0
0
0
0.2
0
1.324
0
0
2.4
0.1
1.324
0.6
0.2
0
0
0
0.1
0.2
0.3
0
0.1
0
0.1
0.4
0.1
0
0.5
0.6
0
1.224
0
0.1
0
0.1
0.1
0.1
0.1
0
0
0.5
0.2
0
0.6
0.2
0.3
0.3
0.6
0.1
0
0.1
0
0
0
0
1.324
0
0.2
2.824
0.1
0.3
0.1
0
0
1.424
0.2
0
0
0.4
0
0.3
0
1.224
0.8
1.524
0.3
0
0.2
1.324
0.3
0.3
0
0.5
0.1
0
0
0.3
1.02
9.664
0.4
1.224
0
0
1.5
0
0
0.6
1.224
1.324
1.224
0.4
1.824
0
0
2.9
0
1.5
0
0
0
1.424
0.7
1.224
1.324
0
0
0
1.724
0
1.524
1.224
0
0
1.224
0
3.424
0.2
0
0.1
0.1
0.8
0.4
0.2
0
1.224
0
1.224
0.1
0.8
0
0.2
0
0
1.224
0
0.1
0.2
1.424
0.3
1.324
0
0.1
0.3
1.224
0
1.4
1.224
0
1.224
0
0.1
0
1.224
1.4
0
1.324
0
0
0
1.224
0
1.524
1.224
1.224
0
0
0
0.3
0.1
0
1.224
0
2.2
0
0
1.224
0.2
0.3
0
1.224
0.1
0.3
0.6
0.3
0
0.7
0.1
1.224
0.2
1.424
0
0
1.224
1.324
1.324
0
0.3
0
0.3
0
0.1
0.3
0.4
0.1
0.1
0
1.324
0.1
0
2.124
1.424
1.324
0.1
0
0
0.1
0
0.9
0
0
0
1.6
0.1
0.4
0
0.1
1.624
0.5
0.2
0
0.1
1.4
2
1.224
0.1
0.1
0.1
1.224
0.3
0.1
0
0
0
0
0.1
1.324
1.224
0
1.324
1.224
0.1
1.424
0
1.224
0
2.024
0
0
0.1
1.724
2.224
1.324
0
1.224
0.3
1.224
0.6
0.1
0
0
1.224
2.424
1.324
1.424
0
0
0.4
0
1.224
1.324
1.324
0
0.4
0.1
0
1.324
1.224
0.3
1.224
0.8
0.4
1.324
0
1.424
0
0
1.224
1.424
0.2
0.1
1.224
0.3
1.624
0
0.2
1.224
0
0.3
1.824
1.224
0.5
0
0.2
1.324
1.324
0.1
0.8
0.1
1.424
1.224
1.424
1.224
1.224
1.224
1.224
1.224
0
0.1
0.1
1.224
0
1.224
0.2
0
0
0.6
1.224
0.1
2.024
0
0.2
0
0.3
1.224
0.1
0.3
2.3
0.3
1.224
0.3
1.5
0.1
1.224
1.324
0.3
1.824
1.224
0.3
1.924
0
0
0
0.3
1.424
0
1.224
1.524
1.524
0
0
1.224
1.224
1.224
0.2
0
1.224
0
1.324
1.324
0.2
0.2
0.2
0
0
0.1
1.224
1.724
1.224
0.1
0
1.324
1.324
0
1.224
1.224
1.224
0.1
1.224
0
1.1
0
0
0
1.224
1.724
0.3
0
1.224
0
1.224
1.524
1.524
0.1
0.2
1.324
0
0.3
0
0.1
1.324
0
1.424
0.2
1.624
0.1
1.424
1.624
0.1
0
0
0.1
1.524
0.3
0.1
0
0
1.924
0
0
1.324
0.1
0
0
0.5
0
0.1
0.1
0
1.224
0
0.2
0
1.224
0.1
0
1.224
0
0
1.3
0.3
1.224
0.2
0
0
0
1.224
0
1.524
0
0.2
1.324
0
0.5
0
0
0.1
0.1
0.2
1.224
0
1.224
1.324
0
1.224
1.424
1.924
0.3
1.224
1.224
0
1.324
0.6
0
0
0.6
0
0
1.2
1.424
1.224
1.324
0
0.3
0
1.224
1.324
1.524
1.324
0
0.1
0
0
0.3
0
1.224
1.224
1.324
0.1
0
1.324
1.424
0
0
0.1
1.224
0.1
0.2
1.224
0.3
0
0
0.1
0.6
0
1.224
0.2
1.224
1.224
0
2.624
0.1
1.424
0
0
0
0
1.324
1.224
0
1.224
0
1.324
1.324
0.8
0.1
1.224
0.2
0
1.424
0.1
1.224
1.924
0
1.324
1.224
0.2
1.424
0
0.2
1.224
0
1.224
1.324
0
0.4
1.224
0.5
0
1.224
1.224
0.1
1.424
1.524
1.424
0.3
0.2
0.3
0.1
0
1.224
0
1.224
1.224
0
0
1.324
1.724
0
1.324
0.2
1.724
0.1
0
0.1
0.1
0.1
1.324
1.224
1.524
1.7
0
0
1.224
1.224
1.224
0
1.224
0.3
1.324
1.524
0.2
0.4
1.224
0
1.524
1.324
0
0.1
0
0
0.2
1.424
0.1
1.224
0.1
1.324
2.4
1.624
0.2
0.1
0.1
1.224
0
0
0.1
0
1.224
0
1.224
0.2
1.424
0
1.224
1.224
0
1.224
1.324
1.224
0
0
0.1
1.424
0.1
1.324
1.324
0
1.924
0
1.924
2.324
0
1.424
1.224
1.524
0
1.324
0.1
1.324
2.324
1.224
0
0
0.4
0
0
1.824
0
1.424
1.224
0
1.324
1.224
1.224
1.624
1.224
1.224
0
1.224
0.1
1.324
1.224
1.224
0.1
1.224
0
0
0
0
1.324
0
0
0.1
1.224
0.1
1.224
0
0
0.1
0
0.1
0.1
1.224
1.524
1.324
0
1.224
1.224
0
1.224
0.1
1.224
2.224
1.324
0
1.324
1.724
0.1
0
0.1
0
0
0.1
1.224
0.3
0.2
0
2.024
0.2
1.224
1.224
1.424
1.224
1.224
0.1
1.724
0.4
0
0.2
1.224
1.224
0
0.2
1.224
0
0
1.224
0.1
1.224
0.1
1.324
1.224
0.3
0
1.324
1.224
0
0
0.1
0.1
0
0
1.324
0
0
1.924
0.4
0.2
0
0.1
1.224
0
0
0
1.224
0
1.924
0
0.3
0.3
1.224
1.824
2.224
0
1.224
1.324
1.224
0.2
1.224
2.424
1.424
1.824
1.524
0.1
0
1.224
1.224
1.524
1.424
1.524
1.224
0
0
0
1.224
0
1.324
0
1.324
1.324
1.324
1.524
2.524
1.224
1.424
0
0.2
0
0
1.424
1.624
0.5
1.524
1.424
1.224
1.424
1.224
1.224
0
0.1
0
1.224
1.424
1.524
1.324
0.4
0
0
0.2
0.1
1.624
0.1
0.1
0
1.424
0.1
1.424
2.024
0.2
0
1.524
1.424
1.924
0.3
0
0
1.524
1.724
1.224
1.324
1.724
1.624
0.3
0.1
1.224
0
0.3
0.3
1.724
0.1
0
0
0.9
0
1.3
0.1
1.224
0
1.52
2.244
0.5
0
0.3
0
0
0.7
0.1
0
0
0
0
0
1.224
0
3.624
0.1
0.2
0
0
0.1
0.3
1.02
0
0
0
0
0
1.824
0.6
0.1
0
0
0
1.224
0
0.2
0.3
2.3
0
0.1
0.2
0.2
2.1
1.424
0.1
0.1
0.9
0
0.1
0
0
0
1.224
0.5
0.1
0.1
0
0
0
0.3
0.1
0.1
1.224
0.1
0.2
0
0.7
0
0.1
0
0.1
0
1.624
0.1
0.1
0.1
0.5
1.424
0.2
0.2
1.224
0
0
0.1
0
0.7
0
0
0
0.5
0
0.6
0
0
1.324
0.2
0.2
0
0
0.1
0
0.7
0.2
0
0.1
0
0.8
0
0.1
0
0
0
0.2
0.4
0
0
0.5
0.1
0
0.2
0.2
0
0.3
0.1
0
1.224
0
0.2
0
0.1
0.2
0.1
0
0
0.1
0
0.1
1.224
0
0.3
0
0
0
0.1
0
1.224
0.3
0.1
0.4
0.8
0.3
0
0.9
0
0
0.3
0.2
0.2
1.524
0.1
1
0.1
0
1.224
0
0.1
0.4
0
0
0
0.1
0
0.4
0
0
0
0
0
0.1
0.6
0
0.3
0
0
0.1
0.1
0.1
0.1
0.3
1.324
0.1
0
2.5
0
0
0.2
0
0.2
0
0.2
0.1
0.1
0.4
0.1
0
0.1
0.2
0.1
0.1
0.7
0
1.524
1.624
0
0
0
0
0
0
0
0.1
0
0
0
0.2
0.1
0.1
0.3
0
0
0.2
0.1
0
0
0
1.4
0.6
0
0
0.3
0
0
0.3
0.1
0.4
1.524
0
0
0
0.1
0
0
0
0.2
0.1
0
0.8
1.224
0
0
0
0.5
0.2
0
1.224
0.1
0
0.2
0
0
0.3
0.1
0.3
0
0.1
0
0.1
0
0.1
0
0
0
0.2
1.324
0.1
0.1
0
0.1
0
0
0.2
0.3
0
0.2
0
0
0
0
0.7
0.2
0.1
0
1.224
0.1
0
0
0.4
0
0.1
0
0.1
0
0
0.4
1.324
0.1
0
0
0
0.5
0.3
0.1
0
0
0.1
0.1
0
0.1
0
0
1.324
0.2
0.1
0
0
0.2
0.4
0.1
0
0
0.2
0
0.2
0
1.224
0
0.1
1.224
0
0.1
0.1
0.2
1.224
0
0.1
0.3
0.1
0
0.2
0.1
0
0
0
0.1
1.224
1.224
0.1
0
0
1.224
0
0
0.1
1.424
0
0
0.3
0.1
0
0.2
0
1.224
0.2
0
0.2
1.224
0.2
0.1
0.2
0
0.1
0
0
0.2
0.1
0
1.324
0
0.2
0
0.4
0.3
1
0.2
0.1
1.324
0
0.4
0.1
0
0.5
0
0.1
0
0
0.2
0.1
0
0
0
0
0.1
0
0
0
0
0
0.3
0.5
0.1
0.1
0.4
0
0
0.3
0.4
0.1
1.424
0.2
1.324
0
0.5
0
0.1
0
1.224
1.5
0
0
0.5
0
0.2
0.3
0.3
0.2
0.1
0.3
0
0
0
0.4
0.1
0.2
1.524
0
0
1.324
0
0
0.2
0
0
0
0
0
0.1
0.1
0
0
0.1
0.2
0.4
0
0
0.1
0
0.1
0.1
0.1
0
1.4
0.1
0.1
0.2
0
0
0
0
0
0.1
0
0
0.1
0.1
0.1
0
1.2
0.1
0
0.6
0.6
0
0
0.2
0
0.1
0
1.224
0.1
0.1
0
0
0
0.5
0
0.1
0
0
1.224
0.1
0.1
0.3
1.324
0
0
0
0.4
0.4
1.224
0
0
1.524
0.1
0
1.224
0
0
0
0.1
0.1
0
0.3
0.9
0.2
0
0
0.2
0
0
0.1
0.1
0
0.1
0
0
0.2
0
0.3
0.2
0
0.1
0.2
0.2
1.424
0.3
0
0
0
0.1
0.1
1.324
0
0.1
0
0
0
0.3
0
0.3
0
0
0.1
0
0.2
0.8
0.6
0.1
0.1
0.1
1.224
0
0
1.324
1.224
0.1
0.3
0
1.224
1.224
0
0.1
0.1
0
0.1
0
0
0
0
1.524
0.1
1.1
0.1
0.6
0
0.1
0.8
1.224
0
0.1
2.324
0
0.1
1.424
0
0
0.1
0
0
0.1
0.1
1.524
0.1
0.3
1.424
0
0.5
1.224
0.1
0
0
0
0.2
0.1
0.2
0.1
0
0
0.1
0
0.1
0
0.4
0.1
0.1
0.1
1.3
0
0
0.3
1.424
0.2
2.924
0
0
0.1
0
0
0.2
0.2
0.4
0.4
0.1
0.5
0.1
0
0.3
2.524
0
0.1
0
0
0
0
0.2
0.1
0
0
1.824
0.1
0
0.1
0.1
0.2
0.2
0.3
0
0.1
0.7
0.2
0
0
0
0.3
0
0.1
0.2
0.1
0.2
0.2
0.4
0
0
0.3
0.4
0
0
0
0.3
0.7
1.224
0
0.3
0.7
1.224
0.1
0.2
0.1
0.1
0.3
0
0.8
0.1
0
0.2
0.1
0.4
0.5
0
0.3
0
0.2
1.224
1.524
0
0.1
0
0.1
0
0.4
0
0
0
1.324
0.4
0
0
0.3
1
0
2.3
0.2
0.1
0
0
0
1.324
0.1
0
1.424
0
1.724
0
1.324
0
0.2
0
3.824
0.2
0
0
1.2
0.3
1.9
1
0
0.9
1.424
1.324
0.2
0.1
0
0
0.3
1.424
0
0
1.224
0
1.324
0.1
1.324
1.324
0.2
0.1
1.224
1.524
0.4
1.224
1.524
1.424
0
0
1.324
0
1.924
1.324
1.424
0.1
1.224
0.1
0
0.1
2.424
1.324
0
0.3
0
0
0
0
1.224
1.224
0.4
1.324
0.2
1.424
1.624
0
1.324
1.224
1.524
0.1
1.224
0
0
0
0.1
0.2
2.4
0
0
0.8
3.124
0.5
