1.524
0
0.6
0.2
1.224
1.936
0.1
0
1.224
0
1.224
0
1.224
0.7
0.3
0
1.224
0
0
0.1
1.836
1.936
0
0
1.424
0
0.2
0.2
0
0
0
0
1.824
1.224
1.324
1.424
1.324
1.324
0
1.424
1.224
2.336
0
0
0
0
0.3
1.224
1.224
1.424
0
0.1
1.324
1.224
0.2
0
2.448
1.224
1.424
0.2
1.524
1.424
0
0.5
2.036
1.324
1.224
1.224
0
1.724
1.224
2.548
2.548
3.06
2.936
2.224
1.224
0.2
1.324
1.224
0.3
1.224
0
1.224
0
1.224
1.224
0
0
1.424
1.224
0.1
1.424
1.224
1.224
1.424
1.324
2.448
0
0.1
0.1
1.624
1.324
1.224
0
1.324
1.224
0.7
1.224
1.324
2.648
1.224
1.224
1.224
0
1.836
1.224
1.224
1.224
1.224
2.324
0.1
0
2.648
1.324
1.224
1.224
0
0
1.624
1.324
0.1
1.424
0
2.036
0.7
0
1.224
0.2
0.4
1.224
1.324
1.224
0.1
1.224
1.224
0.1
1.424
1.424
1.324
0
1.324
1.324
1.224
1.424
1.524
1.324
0.2
1.724
0
1.224
1.224
1.224
1.224
0.2
1.224
0
2.448
0.1
1.2
2.548
3.348
1.224
1.224
1.324
0.4
1.324
1.224
1.836
1.524
1.524
1.724
0
1.224
0.3
1.624
0.4
1.324
1.224
1.224
0.3
1.224
1.224
1.424
1.224
0
0
1.424
1.224
0.4
9.92
1.836
1.836
3.26
4.66
3.06
3.06
3.66
1.936
3.06
1.836
3.46
2.436
3.06
4.896
4.26
3.06
5.296
1.836
4.896
3.06
1.836
2.336
1.836
1.836
2.036
1.836
1.836
1.836
4.284
1.836
1.836
1.224
1.836
0
0
2.024
1.836
1.836
0.2
1.836
0.2
1.836
0
1.224
0.1
1.224
1.224
0
0.3
0
1.224
1.324
1.224
0
0
3.16
1.324
0.2
0.1
0
2.448
1.224
0
0
2.448
0.5
0
1.224
0
1.224
1.424
1.224
0.1
1.724
0
0
1.224
4.284
4.284
1.224
1.224
1.524
0
3.16
1.324
1.836
1.836
1.324
1.836
1.836
0
1.224
1.524
0
0
0
0.1
1.524
1.224
0
2.548
0.2
0.4
0.2
1.224
1.424
2.748
0
2.648
1.424
1.224
1.224
0
0
0
1.224
0
0
0
1.224
0.2
1.524
0.4
1.424
1.224
1.324
0
0
1.224
0.2
1.324
0
2.036
1.836
1.224
0
0
2.024
1.224
1.224
1.224
2.324
1.224
1.424
0.3
1.224
0
0.3
2.448
1.224
2.548
2.324
1.924
0.1
1.936
1.224
1.324
0
2.848
1.324
0
1.224
1.224
1.224
0
0
1.324
2.036
0
0
0
0.1
0
0
1.224
1.624
0
0
0
0
0.7
1.836
1.224
0
0.2
0
1.524
1.424
0
0
3.16
0.6
1.224
0.3
0
3.672
1.624
1.224
0
0
1.836
1.224
1.224
1.224
3.06
1.224
1.224
0.3
0
0.4
0.3
2.548
1.836
0
1.324
1.324
0
1.324
1.224
1.936
1.836
0.2
0.2
1.224
0.1
1.836
2.448
0.2
0
1.324
2.448
0.1
0.1
0.5
0.1
1.224
2.748
0.1
1.224
0
2.036
1.224
1.324
0.1
1.836
1.224
1.224
0
1.936
0.1
1.836
0
1.424
1.224
1.224
2.136
1.224
0.1
0.6
0
1.224
0
0.4
0.2
1.224
0.2
1
2.136
0
0.2
1.724
0
1.224
0.4
0.5
0.2
3.06
0.1
0.1
1.224
0
1.224
0.3
0
0
1.224
1.424
0
1.224
1.324
1.224
1.836
1.224
0.1
1.836
0
0
0
0
1.936
1.224
0.3
1.224
0
1.224
1.836
0.5
0
1.224
1.224
1.524
0.1
1.836
0
1.324
1.936
1.224
0.1
1.224
1.724
0
2.448
0
0
0
1.724
1.224
1.836
1.224
0.1
0
0
1.224
0.1
1.224
1.224
1.424
0
1.424
0.4
1.224
1.324
1.324
0.2
0
0.4
2.236
1.224
1.324
1.224
0.1
0.4
0.2
1.224
1.936
0
0.4
0.1
0
1.324
1.224
1.224
1.224
1.524
3.06
4.384
0.4
3.06
1.224
0
0
1.224
0
0
1.836
0.1
0
0
1.924
0.1
0
1.224
0
0
1.936
0
1.224
0
0.1
0.1
0.1
3.06
0.6
0
2.448
0.1
0
2.036
0
2.448
0
1.224
0
0
0
2.136
0.1
0.1
0
1.224
1.324
0.1
3.06
0
0.6
0
0
1.824
0.1
1.224
0.2
0
0.5
1.324
0
0.3
0.1
1.224
0.1
0.1
1.324
1.224
1.936
1.224
0
1.836
0
0
0
0.2
0
3.06
1.224
0.3
1.424
1.324
0.3
0
0
1.224
1.224
1.224
0.1
0
0
1.836
0
0
0.1
0.5
0
1.324
1.936
3.06
1.224
0
0
2.448
1.224
0
0
0
0
1.224
0
1.224
0.1
1.324
0
1.224
1.224
2.036
1.224
0
0
0
1.324
0
0.1
0
1.836
0
1.324
0
0.1
1.224
0.2
1.224
0
0
1.224
0
1.424
1.224
2.036
0.2
0.1
1.936
1.324
0.1
2.448
0.1
0
1.224
1.224
0.1
0.2
0
0
0
0.2
0.1
1.224
1.224
1.224
1.836
0
0
0.1
2.436
0.1
0.2
0
0
1.836
1.224
1.836
0.1
0
1.524
1.224
0.1
1.324
0
0
0
1.224
1.224
1.224
1.224
0.1
1.424
1.224
0
0
1.224
1.5
1.624
0.2
0.2
1.224
1.224
1.224
1.224
0
1.836
0
1.836
3.06
0.1
1.324
1.224
1.224
0
1.224
0
0
0
0
1.224
1.224
0
1.224
1.224
1.836
0
0.1
2.448
0.5
0.1
1.836
0
0
1.524
0
1.224
3.16
0
1.624
1.936
1.224
1.836
0
0
1.836
1.224
2.448
0
0.1
1.224
0.1
0
0.1
0.1
0
0.1
0
0
0.2
0
3.16
0
1.836
3.06
0
0
1.224
1.224
1.224
1.224
1.224
1.324
1.836
1.224
1.836
0
1.224
0
1.224
0
1.224
0
0.1
0
1.224
1.224
0
3.06
1.224
1.224
1.224
0
0
0
1.324
1.524
1.224
0
0
0
3.06
0
0.1
0.1
1.624
1.224
1.524
1.224
1.224
1.324
1.424
1.224
1.836
0
0.4
3.148
1.224
0.1
1.836
0
0
0
1.936
0
1.324
0
1.324
0.1
1.224
0.3
0
0.3
0
0
1.224
0
1.224
1.324
1.224
1.224
0.1
1.224
1.224
1.324
0.2
1.324
0
2.448
0.1
0
1.224
1.224
1.224
1.224
1.324
1.836
1.836
2.036
4.284
0
0.2
0.6
0
3.06
1.836
3.06
5.096
3.06
3.76
3.16
3.56
3.06
1.836
3.26
1.936
3.06
3.06
3.06
2.036
1.936
3.672
3.672
3.672
1.936
1.836
3.06
0
0.1
0.1
0
0.2
3.36
3.06
1.324
1.224
0
1.224
1.224
0
0
3.16
1.836
2.036
0
1.324
0.1
1.224
1.836
0
1.836
3.06
3.16
3.26
0
1.424
1.836
1.836
3.16
3.16
1.224
1.836
0
1.224
1.224
1.224
0
0.1
0
0
0
0
2.036
3.16
1.224
1.224
1.324
0.3
0
0
1
0
1.936
1.224
0
0
1.224
1.524
0.2
1.224
3.06
0
0.4
1.836
1.724
0.1
1.224
0
1.724
0
0.2
0
1.936
0.1
1.224
1.224
0.2
1.224
1.224
0
1.224
1.224
0
1.224
1.624
0.2
1.524
1.324
1.224
1.224
0.1
1.224
1.224
0
0
0
1.224
0.3
1.624
0.2
0
1.224
0
0
0
0
0
1.5
0
0
1.224
0
0.6
0
0
0.2
1.524
1.224
1.224
0.1
3.06
1.224
0
1.624
1.224
1.824
0.1
1.524
3.06
1.224
1.224
1.324
0.2
0.1
1.524
0
0.1
0
2.448
1.224
0
1.324
0
1.224
1.224
0
1.424
1.224
1.424
1.424
1.224
0
1.224
1.224
3.06
0.7
0
0
1.224
0
0.1
0.5
1.324
0.1
1.224
1.224
3.06
1.224
1.424
0
0
1.524
1.224
1.224
1.324
0
1.424
0
1.224
0
1.224
1.324
1.324
1.324
1.936
0
0.1
0.2
0
1.224
1.524
0
1.324
1.324
0
0
1.324
2.648
2.448
0
2.036
0
1.224
0
1.224
2.448
0
1.224
0
1.624
1.224
1.224
1.224
1.324
0.2
0.2
0.2
1.224
0.1
0.3
1.724
0
0.2
1.224
1.324
0.1
1.724
1.224
1.224
1.224
0.6
2.548
0
0
0.2
0
1.424
1.224
0.1
0
1.224
1.224
0.1
0.2
1.224
1.224
1.224
2.448
0.2
0.5
0
1.724
0.1
0.2
1.224
1.324
1.224
0.2
1.324
1.324
0.1
1.224
1.924
0
1.324
0.3
1.224
0
0
1.224
1.624
1.424
1.324
2.748
1.224
0
1.424
0
0
0.3
0
1.324
0
0
0
0
3.06
0
1.224
1.224
2.036
0.1
0
1.324
1.224
1.424
0
1.624
2.648
2.748
1.424
0.1
0
0
0
2.124
0.5
1.224
1.224
3.26
0
1.324
0
1.324
0.1
0.3
1.224
1.424
1.224
2.648
2.648
1.224
1.324
1.224
1.224
2.136
1.424
1.224
1.224
0
1.224
0
1.424
0
0
1.224
1.324
0.1
1.224
0.1
0
2.548
0.2
1.224
1.836
2.448
1.224
0
3.46
0
0.1
0
0
0
1.224
1.324
1.224
1.424
1.224
1.324
1.724
0.4
1.224
1.324
0.2
3.16
1.224
0
1.624
0
1.224
2.548
0
1.224
1.224
0
1.424
1.224
1.424
2.448
0.1
1.324
0
1.324
1.224
0
0
1.224
0
1.724
1.224
1.224
1.224
1.224
1.424
1.324
0
1.324
0.1
3.06
1.324
1.624
1.524
0
1.324
3.16
0
1.324
0
1.424
1.524
1.224
0
0.1
0
0
1.224
1.324
0
0.1
0
1.224
1.224
0
0.1
0.2
1.936
1.424
0
1.724
1.324
1.224
1.224
0.2
1.324
0.1
1.224
0
0
1.224
1.224
0
2.548
1.424
0.1
1.324
1.424
1.224
1.324
1.224
1.324
0
1.424
1.224
1.936
1.224
0
1.224
2.136
1.524
1.424
2.448
1.224
1.424
1.424
0
1.224
3.16
1.324
0
1.324
0.1
1.524
0.1
1.424
1.224
1.224
1.524
1.224
0
0.4
1.224
0
0.1
3.06
0.1
0
2.448
0
0
1.324
1.224
1.224
1.224
1.224
0
3.06
1.324
2.124
0.5
1.424
1.424
0.1
1.224
1.524
0.1
0
0
0.2
1.224
0
1.936
1.324
0.1
1.324
0
1.624
0
1.224
1.936
1.424
1.224
1.524
1.424
1.224
2.948
0.1
1.324
0
0
2.648
1.224
1.324
0.1
1.324
0
1.224
0
2.448
0.6
1.836
1.836
0
2.448
1.324
1.224
1.224
1.224
1.224
1.324
0.2
0.2
0.1
1.224
1.424
0
0
0.1
1.224
1.224
1.824
1.324
1.224
1.224
0
1.324
1.324
0
1.224
1.424
1.324
1.224
0
0
1.324
0
1.824
1.324
1.224
0
0.3
1.224
2.448
1.324
0.1
1.224
0
0
0
1.224
1.224
0.1
1.224
3.86
0
1.424
0
1.224
0
1.224
0
1.524
1.224
0
1.224
1.224
1.524
1.224
0
1.224
1.224
0.2
0
1.224
1.224
1.324
2.448
0
0.1
1.324
0
2.548
0.9
1.324
1.324
0.1
1.836
0
1.224
0
3.06
0
1.224
0
0
0.3
1.224
1.324
1.324
3.06
1.224
1.524
0.2
1.324
1.324
0
0
1.224
0.1
1.324
3.048
1.424
1.324
0.1
0
1.224
1.224
1.224
0.2
1.324
1.224
1.324
1.424
1.224
1.424
1.524
0
1.424
1.324
1.224
1.224
0.1
1.324
0
0
1.324
1.224
0
1.224
1.324
0.2
1.324
1.224
0
1.224
1.324
0.1
1.224
0.2
2.448
2.748
1.324
1.524
0
1.424
0.4
1.224
1.224
1.224
0.6
0.1
0.1
0
0.2
3.16
1.524
1.836
1.224
0.2
0.1
1.624
1.524
0.2
0
0
1.724
0
1.224
0
0
0.1
3.06
0
1.224
3.06
0.1
0
0.1
1.224
1.224
0
1.624
0
1.224
1.836
1
1.224
1.324
1.224
0
1.624
0.7
0.3
1.224
3.46
0.1
0
0.2
2.548
1.624
1.724
0
0.3
2.136
1.224
0
1.424
1.224
0
0
3.06
1.424
1.224
1.624
0
1.224
0
0.1
0
0.2
1.224
0
1.424
1.424
0.2
1.324
0
1.324
1.324
3.06
1.224
1.724
0.2
1.224
1.424
1.324
1.224
2.548
1.324
2.648
1.224
1.324
3.26
1.624
3.06
1.224
1.224
1.224
0.1
1.224
1.324
1.324
1.724
0
1.224
0
2.748
1.324
0
1.224
0.5
1.524
1.324
1.324
1.324
0.6
0.3
0
0.1
0
3.06
0
1.424
0
0
1.224
1.836
0
0.3
3.06
2.648
1.324
0.1
1.624
1.224
1.324
1.224
1.524
1.224
1.3
0.1
1.324
1.224
1.224
1.224
0
1.224
1.836
0.1
0
0.1
1.224
0
1.224
1.836
1.224
2.936
0
1.224
1.836
0.6
0.2
2.948
0.1
2.448
1.924
0.1
1.836
1.324
0
0
0.1
0.3
1.224
4.284
1.836
0
1.324
1.224
1.836
1.836
0
0.2
0.2
0
1.224
0
0
0
0
1.224
1.224
0.1
1.224
1.524
0
0
1.224
1.224
0
1.836
1.836
2.336
3.06
1.624
1.324
1.224
1.224
1.224
0.1
0
1.224
0.1
0.1
1.224
1.524
0
1.224
1.224
3.06
1.324
1.224
0
3.06
1.224
1.224
1.224
0
2.824
1.324
1.324
2.124
0.4
2.024
