0.1
0.3
0.4
0.2
1.324
0
0.1
0
0.1
0
0
0.1
1.224
0.7
0.2
0
1.324
0
0
0
1.224
1.324
0
0
0.4
0
0.2
1.524
1.224
1.224
0.1
0.1
0.7
0
1.224
0.2
0.1
0.1
0
0
0
0.6
0
0
0
0
0
1.324
0.1
1.424
0
0
1.424
1.324
0
0
1.224
1.224
0
0.6
1.824
1.324
0
0.2
0.3
0.3
1.224
1.224
0.1
2.124
0
1.624
1.224
0
0.7
0.3
1.224
0.1
1.224
0
0.3
1.224
0
1.224
0
1.224
1.224
0
0
2.024
0
0
1.224
1.224
1.224
0.2
0.1
1.224
0.1
0.1
0
1.424
1.524
0
0
0
0
0.7
1.224
0
1.524
1.224
0
1.224
0
0
0.1
1.224
0
0
2.724
0
0.1
1.524
1.224
0
0.1
0
0
1.424
0.1
0.1
1.224
0
0.2
0.8
0
1.324
0.2
0.4
0.1
1.224
1.224
0.2
1.224
1.224
0.2
1.524
0
1.224
0
0
0.1
0.2
0.2
0.1
1.324
0.4
0.3
0
0
1.224
0
1.224
0
1.224
0
1.224
0
1.1
1.324
1.524
1.424
0
1.224
0.6
1.224
1.224
1.324
0.1
0.2
1.524
0
1.224
0.1
1.424
0.3
1.224
1.324
1.224
0
0.1
0
1.724
1.324
0
0
0.1
0
0
3.26
1.836
1.836
8.084
3.036
3.06
1.836
1.936
2.036
1.836
1.836
1.836
2.036
3.06
1.936
3.66
1.836
3.46
1.836
4.284
3.16
1.936
2.236
1.936
1.836
2.036
1.836
1.836
2.036
3.06
1.836
1.836
1.324
0
0.1
0
2.324
0
1.224
0.1
0
0.9
0.4
0
1.324
0.1
1.224
1.224
0
0.6
1.224
1.224
2.548
1.224
0
0
1.224
1.324
0.1
0
1.224
1.224
0.1
0.5
0
1.224
0.4
0
1.224
1.224
0
0.1
1.324
0
1.524
1.324
0.1
1.324
3.06
3.06
1.224
1.224
1.424
0
3.16
0.1
2.036
1.936
2.648
1.424
1.224
0.1
1.224
1.524
0
0
0
0.1
1.224
0
0
1.224
0.2
0
0
1.224
1.324
1.424
0.1
1.324
1.424
1.224
1.224
0
0
0.1
0
0
0
0
0
0
0.1
0.4
1.324
0
1.224
0
0
1.224
0.4
1.224
0
0.3
0
1.224
0
0
0.4
0
1.224
0
2.024
1.324
0.1
0.4
0
0.2
0.2
1.224
0.1
1.324
1.824
2.024
0
0
0
1.224
0
1.524
0
0
0
0
1.224
0.1
0
0
0.1
0
0
0
1.224
0
0
1.224
1.324
0
0
0.2
0
0.6
1.836
1.224
0
0.2
0
0.6
0.2
0
0
1.836
0.8
1.224
0.1
0.1
1.836
1.724
0
0
0
0
0
1.524
1.224
1.424
1.324
1.224
1.424
0
0.1
0.2
1.224
1.224
1.224
1.224
0.2
0
1.324
1.224
1.224
0.2
0.2
0.2
0
1.324
0
1.424
1.324
0.3
1.224
1.224
0
0
1.624
0.3
0.1
1.424
0
0.2
0
0.1
1.224
0
0.1
0
1.224
1.324
1.324
0.1
0
0.1
0
1.324
1.324
1.324
1.424
1.224
0.1
0.5
0.2
1.224
0
0.5
0
1.424
0.4
0.9
0.4
0
0.2
0.7
0.1
0
0.2
0.3
0.1
1.224
0.2
0.7
1.224
0.1
0
0.2
0.1
0
1.224
0.4
0.1
1.224
0
1.224
0
1.324
1.324
1.324
0
1.324
1.524
0
0.1
1.324
0.3
0
0
1.224
0
0.2
0.1
2.448
0
1.624
0.2
0
0
1.224
0
0
0.1
1.324
1.524
0
1.224
1.224
0
1.524
1.424
1.224
1.424
0
0
0.3
0.1
0.1
0
1.324
0.1
0.1
0
0.2
0.3
1.224
1.324
1.424
0.3
0
0.4
0.3
2.548
0
1.224
0
0
0
0
0
0
0.1
0.1
0
1.224
0
1.224
1.224
1.324
0
2.648
0.1
1.324
0.1
0
0.1
1.224
0
0.1
1.224
0
1.224
0.1
0.4
0.2
0
1.224
0
0
0
0
0.1
0.1
0
0.1
0
1.224
1.724
0
1.224
0
0.1
1.224
0
1.224
0
2.648
0
0
0
0.4
0.2
0
0
0
1.524
1.824
1.324
0
1.524
0
0.1
0.6
0
0
0
0.1
0.2
1.224
0
0.1
1.424
0.2
0
0
1.224
1.224
0.3
1.224
1.224
0
0.2
0
1.224
0
1.324
0
1.224
0.1
0.1
0
0.3
0
0.1
1.224
0
0
0.3
1.624
1.324
1.524
1.224
0
0.2
0.7
0
1.524
0
2.548
1.224
0
0.2
1.324
0
0
1.224
0.1
0.1
1.524
0
1.224
0.1
0.4
0.2
0
0.1
0.3
0
1.224
0
1.224
1.324
0
0.1
0.4
0
0
1.224
0
0
1.224
0.2
2.448
0
1.424
0.1
0
1.324
1.224
1.524
0.1
0.2
0.7
0
0
1.224
0
0
1.224
0
0
0.2
0.1
0.1
0
0.1
0
1.224
0
0
0
1.224
0
0
1.1
0
0.1
1.224
0.1
0
1.324
0
0
0
0.1
2.548
0.2
1.324
0
0.1
0
1.324
0.1
1.224
0.2
1.324
1.424
1.224
0.1
0
1.224
0.9
0.3
0.2
0.2
1.424
2.448
1.224
0
0
1.224
0
1.324
1.224
0.3
0
0
1.224
0
0
0.1
1.224
0
0
0
0
0.2
0
1.224
0
0
1.524
1.324
0
0.1
1.624
1.224
0
1.224
0
0.1
2.448
0.1
1.424
0
0
0
0.1
0
0
1.324
1.224
0.1
0.2
0
0.1
0
0
1.224
0
0.1
0
0
1.224
0
1.424
0
1.724
1.424
0.1
0
0
0
0.2
1.224
1.224
1.224
0
0
0
0.1
0
0
0
0
1.224
0
0.2
0.2
1.224
1.324
0.1
0
1.224
1.224
1.224
0.3
0.1
0
1.224
1.624
1.224
0.1
0
1.424
1.224
0.2
0
0.1
0.3
1.224
1.724
1.224
0
1.224
0
1.424
0
0
1.624
2.124
1.324
0
0
0
1.224
0.2
0
0
1.224
0
0
0.1
0
1.324
0
1.424
0
0
1.224
0
1.224
1.224
1.424
1.324
0
1.324
1.224
1.324
0.7
1.524
0.3
1.224
0.1
0
0
1.224
0.2
1.224
0.3
0.2
1.224
0
1.324
0
0
0.5
0.3
4.284
1.836
3.06
3.26
3.16
2.236
3.06
3.46
3.36
3.36
3.26
2.236
3.06
3.46
3.16
1.936
1.936
3.06
3.06
3.06
3.06
3.16
3.26
0
1.224
1.224
1.224
0.2
3.06
3.06
1.624
1.224
0
0
0
0
0.2
2.848
1.936
0.2
0
1.824
0
1.224
0
1.224
0.1
1.224
1.524
1.324
0
0.1
1.224
1.224
2.648
2.548
1.424
1.424
1.224
1.224
2.548
1.224
1.224
1.324
1.424
1.424
1.224
0
3.56
3.16
1.224
1.324
2.648
0.5
0
0
0.6
0
1.424
1.224
0
1.324
1.424
1.524
0
1.224
2.448
0
0.5
1.224
1.424
0.1
0
0
1.724
0
0.3
0
0
0.1
0
1.324
0
1.224
0
0.2
1.224
1.224
0.1
0
2.024
0.1
0
0
0
1.224
0.3
1.224
1.224
0
0
0.1
0
0.1
1.424
0.2
0
0
0
0
0
0
0.1
1.9
0.1
0
0
0.1
0.6
1.324
0
0
0.4
0.1
1.224
0
0
1.224
0
0.4
0
0
0
0
0
1.224
0.1
1.224
0
0
0.4
0.2
0.1
0.1
1.424
1.224
0
1.424
0.2
1.324
1.224
0
1.224
1.224
0
0
1.224
0
0.1
0.2
0
0.5
0
0.1
1.224
0
0
0.3
1.324
0
1.324
0.1
1.324
1.224
1.224
0
0.1
1.424
0
1.224
1.324
0
1.524
0
0
0
1.224
1.324
1.224
0.4
0
0
0.3
0.1
0
1.224
1.324
0.1
0
0
0
0
0.1
1.424
1.324
0
1.224
0.1
1.224
0
1.224
1.224
0
1.224
0
0.1
1.224
0
1.224
0.1
0.1
0.1
0.1
0.1
0.1
0.3
0.3
0
0.4
0
0
0
0.2
1.424
1.324
1.324
0.9
1.424
0
0
0
0
0.2
0.1
0
0
0
0
0
0.1
1.224
1.224
1.224
1.224
0.1
0.2
0
0.3
0
0.1
1.324
1.224
0
1.324
1.324
0.2
0.1
0
1.724
0
0
1.224
1.224
0.1
0
1.224
1.324
0.1
0.3
1.224
0
0
0.3
0.1
0
0.3
0
1.424
0
0
0
0.1
0
0
0
0
0.1
0
0.1
1.424
1.224
1.324
0.1
0.1
1.224
1.624
0
0.1
0
0
0.1
1.724
0.3
0
1.224
1.224
0.1
1.224
0
1.224
0
0
0
1.224
0.2
1.224
1.524
0
1.224
0
0
0.5
1.324
1.224
0
1.224
1.324
0
0
0
0
1.324
0
0
1.224
0.3
0
1.524
0.3
0
0
1.224
1.424
0
0
0
0
0
0
0
1.224
0.1
0
0.1
0
0.1
0.1
0.2
1.224
1.424
0
1.424
1.224
0
0.4
0.1
0
1.324
0
1.324
1.224
1.224
2.648
0
1.424
1.224
0.3
0
0
0.1
1.224
0
0
1.224
0.1
0.1
1.224
0.2
0
1.324
0.1
0
0
1.324
0.1
0
1.224
0.4
1.224
0
0
0
0.1
0.2
0.3
0
0.2
1.324
0
0.1
1.224
0
1.324
1.224
0.1
0.2
0
0
1.224
0
0
0
0.2
0.2
0.1
0.2
1.324
1.224
1.224
0.1
0.1
0.1
0
0
0
1.224
0
0
1.324
0.1
0
1.224
1.424
0.2
1.224
0.1
1.224
0
0.4
1.224
0
1.224
0.1
0
0.1
0
0
1.224
0
0
0.5
0
0.2
0.2
2.448
0
0.3
0.2
0.4
0
0
1.224
2.448
0.1
0.1
0
0.1
0
0
0
1.224
1.224
0.1
1.224
0
0
0
0
0
0
1.224
0
0.1
1.324
0.8
0.2
1.224
0.2
0
1.224
1.324
0.3
0
0.1
0.1
1.224
0
0
0.1
0.2
0
0
1.424
0.1
0.1
0.1
0.1
1.224
1.224
1.524
1.224
1.424
0.3
0
0.1
0
1.424
1.224
1.224
0.3
0.2
0
1.324
0
1.324
0.3
1.224
0
0
1.324
1.224
0
1.324
0
1.224
0
0.3
0.4
0.1
0
0.1
0
0
0
1.224
1.224
0.5
0
1.224
0
0
0
0
0
0
1.324
1.424
1.424
0
0.1
0
0
1.524
0
1.224
0.3
0
1.224
1.224
0.1
0
0
0
0
0
0
0
0
1.224
0.2
0
0.1
0
1.224
0
0
0
1.524
1.224
0
1.324
0
0.2
1.224
0
0
1.224
0.3
0
0
1.224
1.224
1.224
0
0
0.1
0
1.524
0.6
0.1
0.1
0.2
1.224
0.1
0
0
1.224
0
0.1
0
0
0.2
1.224
1.324
1.324
0.1
0
0.2
0.3
1.324
0.2
0
0
0
0.1
1.324
1.224
1.424
1.424
0
0
0
0.4
0
0.2
0
0
0.2
0.2
0.2
1.524
0.5
0
1.224
1.324
1.224
0
0
0.1
0
0
0
0.1
0
1.224
0
0
1.324
1.224
0
1.224
1.224
0
0
0.1
1.224
2.024
1.424
1.224
0.1
1.424
0.6
1.224
1.224
1.224
1.424
0
0.1
0.1
0.1
0.1
0
0.1
0.3
0
0
0.2
0.3
0.2
0.4
0.1
0.1
0
0
0
0.1
0.1
0.1
0
1.324
0.1
0
0
0
0
0
0
0.2
0.1
0
1.224
1.2
0
0
0
0.1
1.424
0.5
0.4
0
0.1
0
0
0.1
1.324
1.424
0.2
0.1
0.5
0.1
0
0
1.624
0
0
0
1.324
0.3
0
0.2
0
0
0
0.2
0
0.1
0
0.2
2.448
0.2
0.2
1.224
0.1
1.224
1.224
0
0
1.424
1.524
0
0
0
0
1.224
1.224
1.324
0.1
1.424
0.3
0.7
0
0
1.224
0.1
0.4
1.224
0.1
0.2
0.3
0
0.1
0
1.324
1.224
0
0
0.4
1.324
1.324
0
1.424
0.2
0.4
0.1
0.2
0
2.748
0.2
0.1
0.1
0
1.224
1.224
0.1
1.324
1.224
1.224
0
0.1
0.3
0
0
0
0.2
1.224
1.2
0.1
1.224
0
1.224
1.224
0.1
0
0.1
0.3
1.324
0
1.224
0
1.324
0
0
1.5
1.324
1.224
1.224
0.6
0.1
2.224
0.1
1.224
0.6
1.524
0.1
0.1
0.1
0
0.1
0.3
1.224
1.224
1.324
0
0.2
1.224
1.324
0
1.224
0.3
1.424
0
2.448
0.4
0
0.1
1.224
1.324
1.224
0
0
3.048
0.1
1.224
0
1.224
0
1.836
1.936
2.336
1.836
1.724
0.5
0
1.224
2.448
0
1.224
2.548
0
0
0.2
0.1
1.224
1.224
2.448
3.16
1.424
1.224
0
1.224
1.224
0
1.324
0.4
0.7
0
0
1.624
0.2
1.724
