2.724
0.6
3.5
1.1
0.9
0.3
0.2
0
1.524
0
1.424
0.1
0.8
2.1
1.8
0.1
0
0
0
0.5
0.1
0.7
0.1
0
1.624
0
0.7
0.5
0
0
0.1
0
5.724
1.324
0.5
2.024
1.324
1.524
0.2
2.124
1.424
4.1
0.2
0.1
0.4
0
1
0.7
1.924
2.324
0
0.1
2.324
0
0.1
0
1.424
0.2
1.524
1.7
3.3
1.3
0.3
1.2
2
1.824
0.2
0.3
0.6
2.6
2.424
3.124
2.024
1.424
4.4
3.124
0.1
0.9
0.1
1.324
2.3
0.2
0
0
0
0
0
0
0.1
3
1.524
0.3
0.4
0
0
2.124
1.824
1.324
0.1
0.1
0
1.7
0.8
1.324
0.1
1.424
1.324
3
0.3
1.424
1.924
0
1.424
0.1
0.1
0.4
1.424
0.3
1.224
1.324
5.9
0.1
0.5
3.024
0.3
1.224
1.424
0.2
0.1
1.1
2.524
0.3
0.6
0.1
1.1
2.5
0.7
0.1
0.9
4.436
1.624
0.6
1.836
0.8
0.1
0
0.3
0.6
1.624
0
0
1.524
1.824
1.324
3.124
2.324
0.3
0.5
2.924
0.4
1.324
0
1.324
0
0.5
0
0.2
1.224
0.2
6.4
1.624
3.824
0
1.424
0.2
1.7
0.2
0.1
0
2.624
2.324
1.9
0.1
0
1.1
2
1.9
0.2
0.3
0.1
0.9
1.624
1.424
2.2
0.3
0.5
0
1.724
1.224
1.5
4.66
1.836
1.836
3.036
25.896
1.836
3.26
4.66
2.836
3.56
1.936
5.896
3.636
1.836
4.896
7.636
5.096
4.436
1.836
3.672
1.936
2.136
5.036
2.036
1.936
2.936
1.836
1.836
3.836
3.06
2.436
1.836
0.1
0
0.1
0
6.3
0.1
0
1.1
0
2.5
1.5
0
0.1
0
0.1
0
0.1
2.8
0
0.3
0.1
0
0
0
0
1.2
0
1.2
0.1
1.224
1.324
0.7
0
1.324
1.5
0
1.324
0
3.06
2.124
1.224
0.1
1.6
0
0.2
0.2
3.16
3.06
0
0.2
1.3
0
2.836
1.324
2.236
1.936
0.2
0
0
0.1
0
2.1
0
0
0
0.2
0.2
1.324
0.3
1.524
0.7
0.7
0.2
0
1.2
2.724
0
2.124
0.7
0
0.2
0
0
0.5
1.224
0.1
0
0.3
1.324
0.4
2.224
1.1
0.5
1.324
0.1
0
0.2
0
2.1
0.2
0
1.1
0.2
0
0
0
4.424
1.324
0
1.224
4.1
0.2
2.324
3.236
1.424
0.7
1.1
1.624
1.424
1.724
3.5
6.2
0.1
0.4
1.224
0.5
0.1
2.824
1.824
0
1.324
1.324
0
0.2
0.1
1.224
0.2
0.1
0
0
0.2
0.2
0
0
2.2
0
0
0
0.1
2.4
1.836
0.1
0
2.436
0.3
2.024
1.824
0.2
0
3.26
4.2
0.1
0.7
0.2
1.936
2.724
1.224
0.1
0
0.5
1.224
0.6
0.3
1.224
0.3
0
2.936
0
3.5
1.2
1.824
1.936
0.5
0.5
3.66
0
0.6
0.3
0.1
0.2
1.1
1.5
1.324
0.4
0
1.524
0.9
1.3
0.2
1.724
0.7
1.4
1.2
0.6
3.16
2.724
0.5
1.724
0
0.6
0
1.224
0.1
0.1
0
0
1.1
0.4
0.3
0
0.1
1.3
0.1
3.26
0.8
0.1
0.3
2.5
0.7
0.2
0.3
1.2
0.2
0.2
1
4.7
1.8
0
2
3.724
0
1.424
1.2
1.6
0.6
0
0.5
1.4
0.1
0.1
3.06
0.8
0.2
0
0
2.124
0.6
0.1
1.324
0
0.6
0.7
2.336
1.836
0
0.2
1.7
0
0.3
1
1.3
1.224
0
0.1
0.2
2.1
0.1
0.1
1.324
1.6
0.2
0
0.1
0.3
0.1
1.324
0.2
0
3.8
0.1
1.224
1.936
0
1.5
2.1
0
1.936
1.224
0
1.2
1
1.324
1.936
0.4
1.424
1.824
0.1
2.024
0.4
0.1
0.3
1.324
0.8
0.3
2.1
1.3
0
3.16
3.06
0.3
0.4
0.6
1.424
0.3
0
1.4
0
2.036
0.3
1.424
0
0
0.9
1.224
2.724
1.5
1.424
1.324
0
0.4
0
0
0.2
0
0
0
0.4
3.624
1
0
0.1
0
0.1
0.3
0.1
1.224
0.3
0.3
0.3
0.3
2.036
1.5
0.2
1.224
0.4
0.5
1.836
0
1.324
0.1
0.6
0
0.3
0
1.8
0.3
0.2
0
3.06
0.6
2.3
0.3
0.1
2.3
0.4
0
5.024
0.4
1.324
0
0.2
2.436
0.2
0
0.4
1
1.824
0
0
0.3
3.56
0.6
0
0.1
0.2
0.3
0.2
0.2
0.3
0.6
1.224
0
1.1
1.324
1.424
2.1
0
0.6
0
1.224
3.36
1.2
0.3
0.1
0.8
0.2
0
0.4
3.5
0.4
1.824
0.2
0.4
0
0
0.3
2.024
1.224
0.1
0.1
0.5
0.3
1.1
0
0
0.6
2.324
1
1.324
1.424
1.3
1.224
0.1
0
0.1
0.8
0
0.7
0.6
0
0.1
0.6
0.2
0.8
0
0.6
0
0
0
2.124
0.1
0.3
0
2.536
0.3
1
1.1
1.324
0.4
1.224
0
0
0
1.224
0.3
1.4
0.3
0.2
0.2
0.4
0.2
0
3.06
1.424
0
0
0
0.1
3.2
0
1
0.3
0.1
0.4
0.1
0.2
1.3
0.2
1.724
0.6
1.4
1.1
0.1
0.8
0.1
0
1.824
0
1.224
0.4
0.7
0
0.2
0.2
0
5.8
4.124
0.7
0.4
0.6
0.2
0
1.324
0
0
0
0.4
0.1
1.3
1.624
3.06
0
0
1.224
0.2
0.5
0.1
0
1.224
1.324
0.1
3.46
0
0.3
0.1
1
1.324
1.1
1.2
0.7
0.2
0.1
0.7
0.2
1.524
0
1.1
2.2
0.5
1.424
0.1
0.3
0
0
1
3.06
0.3
0.1
1.224
0.8
0.1
0
0.4
0
0.2
0.3
0.1
0.5
0
0.6
0.1
0.2
0.1
0.1
0.1
1.224
1.324
1.624
0
1.836
0.5
0.1
1.224
0.2
0.2
1.324
0.1
1.224
0.2
0.2
0
0.9
0.4
0
0.1
0.1
3.06
0
0.1
0.1
1.6
0.2
0
1.424
2.1
0.2
0.1
0
0.1
1.524
0.3
0.2
1.5
2.624
1.324
2.1
0.3
1.224
0.1
1.524
0.4
0.3
0
2.1
4.924
1.424
0.1
0.1
0
0.2
0.5
0.1
0
1.624
0.2
1.824
0
1.424
0.6
0
0.6
0
0.1
0
0
0
0.4
3.16
3.36
0.3
0.1
0.2
0.4
1.9
0.7
0.4
1.224
0.6
0
1.224
0
3.76
0.1
2.224
0.8
0
0.5
3.76
0
1.1
3
0.4
1.836
1.936
1.836
3.56
2.036
6.46
2.136
4.836
2.936
4.772
2.536
2.236
1.836
3.336
2.436
1.936
2.336
1.936
1.936
1.836
2.036
3.872
1.936
0
0.4
1.2
0
0.5
4.036
1.936
1.1
0.1
2.036
3.06
1.524
0.1
1
2.5
2.236
0.4
0.1
2
0
0
0.2
0.1
0.9
0.1
0.8
1.2
0.3
2.724
0.3
0
0.4
0.2
0.6
2.036
0
0
0
0.1
0.1
1.1
0.5
0.1
0.3
0.3
2.936
2.336
1.224
1.424
0.8
1.5
0
0.4
4.3
0.6
1.1
1.224
0
0.1
0.8
1.6
0.2
0
0.1
0
2.7
1.836
2.7
0.2
1.424
0.1
1.4
0.1
1
0.2
0.8
0.7
1.224
1.5
0.6
0.1
1.324
0.2
1.224
1.224
0.1
1.224
2.5
0.2
1.724
2.024
1.224
0
0.9
0
0.1
0
0.1
0.2
1.224
1.7
0.7
0.8
0.2
1.324
0.1
0
0
0.2
0.3
7.8
0.3
0.2
1.524
0.3
2.2
0.4
0.7
0.3
4.524
1.624
0.2
0
3.06
0.2
0
3.824
1.624
3.224
0.1
1.824
1.324
0
1.424
0.6
0
0.3
3.524
0.3
0.8
0.2
1.724
1.324
0.2
0.9
1.4
0.3
0.1
0.2
0.5
0.6
1.724
2.024
0
0
1.524
1.624
1.324
3.2
0.5
0
0
0.6
0.2
2.4
0.2
0.1
0.1
1.924
0.6
0.1
0.3
0.3
0.7
1.3
2.324
1.224
0.1
0
2.1
0.1
1.224
0
0.2
0.5
0.6
2.024
0.3
0
1.2
0.3
0
0.7
1.2
0.3
2.024
1.824
0.1
0
1.324
1.924
1.524
0.4
0.7
0.4
0
0.2
0.1
1.224
0.1
0.2
0
1.824
0
1.324
0.2
1.624
0.4
0.2
0.5
1.424
1
1.4
2.524
0
3.2
3.16
1.324
0.8
2.524
0.4
0.5
0.2
4
1.824
0.1
0
0.1
0.5
2.024
2.024
0.2
0.1
1.324
1.224
0.5
0.1
0
1.424
0
1.224
0.8
2
0.1
3.724
0
0.3
0.2
0.8
2.324
1.1
1.4
1.824
0.2
1.624
4.9
0.1
1.524
0.6
0
1
0.1
0.4
0.5
1.724
2.924
1.324
1.324
0.4
2.024
0.2
0.2
2.1
0
1.2
0.4
0
0
0.3
1.724
0
1.224
1.324
0.4
0.5
0.1
0.3
0.1
0.8
0.4
2.024
2.524
2.324
1.624
0.9
0
0
0
3.9
1.9
1.224
0
0.5
0
0.3
0.5
0.4
1.5
0.9
1.224
0.1
1.424
1.924
2.024
1.624
0
2.024
1.324
1.4
2.2
0
1.624
0
0
0.3
2.524
0.2
0
0.3
1.724
0.3
0
0.6
1.1
2.124
1.2
1.624
0.5
1.524
0
0
3.46
0.2
0.1
0.1
0.1
0.9
0.1
1.724
3.06
4.96
1.224
3.46
3.524
2.1
1.324
1.3
0.2
0.6
0
0
3.524
0.4
1.324
1.224
0
0.1
0.3
0
0.8
1.424
0
1.224
0.4
3.36
0
1.724
0.2
0.2
0
0.1
0.4
3.724
0.5
1.624
1.224
0
2.324
1.624
0.1
1.1
0
1.224
0.3
2.524
1
0.1
3.26
1.524
0.6
1.424
0.4
1.424
1.824
0.1
0.2
0
0
0
0
0.8
0.3
0.9
0.1
1.824
0
0.5
0.2
0.8
0.5
1.924
0.3
2.724
0.1
0
0
0.4
1.724
0.1
1.224
0
0
0.1
1.224
0
2.124
2.224
0.2
0.1
0.5
1.724
0.2
1.424
0.2
0
2.524
0
0
0
0.5
1.424
1.7
2.924
2.124
1.224
1.524
3.16
2.624
0.1
1.724
1.524
0.1
0
3.324
0.7
4.324
0.1
1.224
0.8
0
2.324
1.524
0
0.8
1.224
0.5
0.1
0.1
0.2
0.4
1.424
0
0.6
1.724
1.924
1.224
1.224
1.524
0.1
1.624
2.424
6.624
1.2
0.5
2.324
0
0.2
0.8
0.6
0.5
0.4
0.2
0.2
0
0.8
1.624
0.5
1.324
0.1
2
0.1
1.324
1.4
3.56
0.1
1.6
0.9
0.1
2.224
0.8
1.424
0
0
2.524
0.1
0.2
0.7
1.724
0
0.1
0
1.224
1.3
0.4
0.2
0.3
1.324
0.3
1.224
0.1
1.224
0
1.624
1.3
2.3
0
1.324
1.524
0
0
0.1
0.1
0
4.524
1.524
0.2
1.724
0.1
1.524
1.424
0
1.324
0.6
0.5
0
0.1
0
1.224
0
2.9
1.324
0
1.4
1.6
0
1.224
1.824
0.1
1.324
0
0.2
0.4
1.424
1.224
0.3
0.4
4.424
0.1
1.424
0.1
0
0.4
1.624
0.2
0.6
1
0
0.2
1.324
2.924
0.4
0.2
1.324
0
1.1
0.1
1.324
0.1
0
1.324
0
0
2.124
0
3.024
3.8
1.924
1.824
0.5
0.1
0.1
1.524
0.2
0.2
0.1
1.324
0.2
0.1
0.4
0.1
0.4
1
1.324
1.224
2.424
0.6
1.1
1.924
0.1
0
1.224
0.2
1
2.224
0.1
0.6
0.2
0
1.224
2.124
1.424
0.8
3.46
1.224
1.624
2.524
1.524
1.7
2.924
0.2
2.224
0.4
0
1.224
0
1.824
0
0.1
1.524
1.224
0.1
0
1.224
0.6
0.2
0.1
0.1
0
0.1
0
1.224
0.4
1.624
5.124
0.5
0.7
0.1
1.2
2.7
0
0
0.1
2.9
0.1
0.1
0.4
0.8
1.624
1.824
0.7
1.424
0
0.3
2.324
2.424
1.6
0.9
0.2
4.224
0
1.324
0.3
0.2
1.1
2.324
0.4
0.3
1.424
0.1
0
0.2
1.224
1.324
0.1
2.224
1.2
1.524
0.2
6.2
1.424
1.624
1.824
0.4
1
3.3
2.7
1.224
2.124
0.1
0
1.4
1.424
0.7
2.624
0.7
1.2
0.4
1.524
1.3
3.2
1.424
0.2
0
0.1
2.224
1.224
3.424
0.2
1.424
0.1
1.3
0.2
0.7
1.224
0.1
1.3
2.524
0.7
0.5
0.1
0.4
1
1.224
1.224
3.324
1.2
1.324
1.724
1.324
1.324
1.724
0.2
2.824
1.224
0.5
2.424
3.924
1.324
1.224
0
1.724
2
0
1.424
2.624
2.924
0.1
1.824
0.7
2.324
0.3
0.5
1.324
2.9
2.2
0.2
2.124
1.1
1.6
1.5
0.1
2.3
0
0.7
0.4
2.124
0.1
0.4
0
0.2
0.1
1.1
0
1.624
1.424
0.4
3.624
1.424
1.324
2.124
3.224
0
5.9
0.8
1.324
1.224
0
0
0
1.324
0.1
0.5
0.7
0.3
0
0
1.724
0.2
1.224
5.7
0.2
0
1.836
3
1.8
5.424
1.9
1.224
5.124
0.7
0.4
3.56
0.1
0
0.3
0.5
0.1
1.324
0.3
0
2.124
0
2.036
0
0.1
0.7
1.5
0.1
0.6
0.7
0.1
0.2
0
0.2
1.324
0.2
1.424
1.6
0.2
0.2
1.424
0
0.1
1.836
1.936
4.636
3.16
4.06
2.724
1.424
0
0
0.2
0.2
0.1
0.4
0.6
1.724
2.424
0.4
0.3
0
1.836
0.7
0.3
0
0
0
1.224
0.2
0.3
8.524
2.224
1.424
4.124
2.2
3.024
