1.724
0.3
2.324
0.2
1.424
0.3
0.1
0
1.224
0
1.524
1.224
0.3
0.3
0.4
0
0
0
0
0
1.324
1.324
0
0
1.224
0
0.1
0.2
1.224
0
0
1.224
2.324
1.224
0.2
1.524
1.324
1.224
0
2.224
1.324
2.224
0
0
0
1.224
0
0.1
1.724
2.648
1.224
0
3.048
0
0.1
0
1.224
0
1.224
1.724
0.4
0.3
0
0.4
0.2
1.424
0
0.2
1.224
0.9
1.524
2.548
1.424
1.224
2.324
1.824
0
0.3
0
1.224
1.624
0
1.224
0
0
0
0
0
0
0.4
1.224
0.1
0.1
0.1
0
2.548
2.648
1.224
0
0.1
0
0.5
0.3
1.224
0.1
1.224
1.224
0.8
0.3
1.224
1.424
0
1.324
1.224
0.1
0.1
1.424
0.1
1.224
1.224
1.5
0
0.1
1.924
0.1
1.224
1.224
1.224
0
1.824
1.524
0
0.1
0.2
1.624
0.2
1.324
1.224
1.524
0.3
1.324
0.1
0
1.524
0
0
1.324
0.1
1.424
0.1
1.324
1.224
1.224
1.324
2.124
1.524
0
0.2
1.824
0
1.424
0
1.324
0
0
0
0
1.224
0.1
1.7
1.324
1.724
1.424
1.524
1.224
1.824
0
0
1.224
1.424
1.424
1.524
0
1.324
0.3
2.024
2.424
1.324
0
1.324
0.3
2.548
1.324
1.924
1.324
1.324
1.224
1.424
1.224
0.6
3.66
1.836
1.836
1.936
4.66
1.836
3.06
9.984
3.56
3.16
3.06
3.16
2.336
1.836
3.06
3.736
3.06
2.536
1.836
1.836
1.836
3.06
4.66
3.16
3.06
3.06
3.06
3.06
3.66
4.284
3.16
3.06
1.224
0
1.224
0
3.224
1.424
0
2.124
0
1.924
1.524
0
0
0
0
0
1.224
0.8
0
0.2
0
0
0
1.224
0
0.2
1.424
1.424
1.324
1.224
1.224
0.3
1.224
1.224
0.5
1.224
1.324
1.224
1.224
1.824
1.224
1.224
0.4
0
1.224
0
4.284
3.06
0
0
1.524
1.224
3.26
1.224
3.06
3.16
1.224
1.224
1.224
1.224
0
0.2
0
0
0
0
0.1
1.224
0
1.224
0.2
0.3
0.1
0
0.3
1.524
0
1.424
0.1
0
1.424
0
0
1.324
1.224
1.224
0
1.224
1.224
0.1
1.524
0.1
0.3
1.324
0
0
0
0
0.3
0.1
0
1.624
1.324
0
0
0
1.824
1.224
0
2.548
1
0.1
1.424
1.924
2.448
1.424
0.3
1.224
2.548
1.324
0.9
1.6
0
0
1.224
0
0.1
2.548
2.548
0
2.448
2.448
1.224
0.1
0
2.448
0
1.224
1.224
1.324
0
1.224
0
0
0.7
0
0
0.1
1.324
2.124
1.836
0
0
0
1.424
2.848
1.224
0.1
0
4.484
1
0
0.3
1.224
1.836
1.424
1.224
0
1.224
1.324
1.224
1.424
1.324
2.448
1.224
1.224
1.324
1.224
0.6
1.824
1.424
0
0
0.2
1.424
0
0.2
0
1.224
1.424
1.624
0.1
1.224
1.424
0
2.548
1.624
1.724
0.1
1.224
1.324
0.2
2.024
0.2
1.224
1.824
1.324
1.224
1.224
0.2
0
1.324
0
1.224
0
1.224
1.324
1.224
0.1
0
0
1.624
0
1.424
0.1
0
0.1
1.924
1.224
1.224
1.224
0.4
1.224
0
0.2
2.424
0.4
0
2.124
1.824
0
1.224
1.524
1.524
0.3
0
0
0.3
1.224
0
1.224
0.1
0.2
0
1.224
1.324
0.1
1.224
1.224
0
1.324
1.224
0.2
0
0
1.224
1.624
1.324
0.1
1.524
0.1
1.224
0
1.224
1.324
1
0
0
1.224
1.624
1.324
1.224
1.224
1.224
0.2
2.648
1.324
0
0.8
1.224
1.224
1.224
0
1.524
2.024
1.224
0
1.224
1.224
1.624
2.124
2.448
0.1
1.224
1.224
1.324
1.324
1.424
0.2
1.224
0
1.224
0.3
1.224
1.624
1.624
1.224
1.224
1.224
0.1
1.224
1.524
1.224
0.1
1.224
1.824
1.224
0.1
0.1
1.424
0
0
0
2.448
1.624
1.424
2.448
2.448
1.224
0.1
1.224
0
1.224
0
0.1
1.224
1.224
1.424
1.324
0
1.224
0
0
1.324
1.224
1.224
0
1.324
1.324
1.224
0
0.3
0
1.224
1.224
1.224
0
1.224
1.224
0
0
0
1.224
0.1
0.4
1.224
0
0
1.224
0.1
1.424
0
0.1
1
0
0
2.324
1.324
2.448
0
0
0.1
1.424
0
0.1
1.824
2.848
0
0
1.324
1.424
1.424
1.224
0
1.424
0.1
0
1.224
0.1
1.224
1.224
0
1.424
1.224
1.324
0.5
0
1.224
0
1.224
1.324
0.2
1.224
1.224
1.324
1.224
0
0
1.924
0
2.748
1.224
0
1.224
0
0.1
2.448
1.224
1.224
1.324
1.224
1.424
1.624
0
1.224
1.324
2.548
1.624
1.324
1.224
0.5
1.224
1.224
0
1.224
1.224
1.224
0.2
1.424
0.1
0
0
1.224
0.3
0.1
0.3
1.224
1.224
1.224
2.648
0.1
0.1
1.224
0
0
1.524
1.324
1.224
1.324
1.224
1.224
0
0
1.224
0.1
1.324
1.224
0
0.1
1.224
1.224
0
1.224
1.224
0
0
1.224
0.1
0.5
1.424
0.1
1.324
0
1.324
1.224
1.224
1.424
0
2.748
0.1
1.724
0.1
1.324
1.824
1.224
1.224
2.548
0
1.424
1.324
0.3
1.224
1.224
1.224
1.224
1.8
2.748
0
0.2
0.1
1.324
1.224
1.224
1.224
1.224
0
1.224
0.1
1.724
2.448
1.224
0
0
1.224
1.224
1.224
1.224
0
2.448
2.448
1.224
1.224
0
1.324
1.224
0.2
1.224
0.6
0.5
1.324
1.424
0.1
0.4
0
2.448
0
0.1
0.5
1.324
1.324
1.324
1.224
1.224
0
0.3
1.224
1.424
1.224
1.224
1.424
1.224
1.224
1.624
0
0
1.224
1.224
1.224
0
1.224
1.224
0.2
1.224
0.1
0
1.224
1.224
2.448
0
0
1.324
1.224
1.224
1.224
0
1.224
0.1
1.224
0
0
0
1.424
1.324
1.224
1.224
0
1.224
0
1.224
0
1.624
1.224
0
2.448
1.624
0
0
1.224
1.424
2.448
1.224
0.1
1.724
1.524
1.224
1.924
0
2.448
1.224
1.424
1.224
1.324
1.324
1.824
1.724
1.324
0
1.224
0.1
1.224
1.324
0
1.324
2.448
0
1.624
0
2.448
1.324
1.224
0
0.1
0
0
0
0
1.424
1.224
1.324
0.3
0.1
0
0.1
0.2
1.524
1.424
1.224
0.2
0
2.448
0
2.848
1.224
1.524
1.624
1.224
0.2
1.224
0
1.624
2.024
1.424
3.06
1.836
3.06
4.384
3.06
5.484
1.936
4.16
3.16
3.36
1.936
3.36
3.06
1.836
3.26
3.06
3.16
3.06
3.06
3.06
3.16
3.06
3.06
1.224
1.224
1.324
1.224
1.424
2.336
1.836
1.524
0
0
1.224
1.224
0.1
0.2
1.424
3.06
1.424
1.224
0.4
0
0
1.324
1.424
1.324
0
0.2
0.4
1.324
2.848
1.324
1.224
1.324
1.224
0.2
1.224
1.224
0
1.324
0
1.424
1.724
1.224
1.224
1.524
1.224
3.06
3.36
1.224
1.224
1.324
0.4
0
1.324
2.324
1.424
0.8
2.448
0
1.224
0.2
1.724
1.524
0
1.224
0
1
0
0.5
0.1
2.448
1.324
1.624
1.324
0
0
0
1.324
1.224
0.1
1.324
0
1.324
1.224
1.224
1.224
0.2
1.224
0.5
1.224
1.424
2.548
1.224
0
1.524
0
0
0
1.224
1.224
1.324
0.4
0.1
0
1.224
1.224
0.1
0
1.324
1.324
1.524
2.824
0
1.224
1.324
1.224
0.8
0.3
0.1
0
3.748
2.548
0
0.3
1.224
1.324
1.224
3.248
2.448
1.824
0
1.224
1.224
0.2
1.324
0.2
0
1.224
1.524
1.224
1.324
0.1
2.848
2.448
1.324
0.1
1.524
1.224
1.224
0.3
0.3
1.224
2.648
2.448
0
1.224
2.648
1.424
1.224
2.624
1.224
1.324
0
1.224
0.3
2.524
0.4
1.224
1.224
1.224
0
0
0
0
0.1
0.4
2.648
2.548
1.324
0
1.624
1.224
2.548
1.224
0
0.1
1.324
1.924
1.224
1.224
1.624
1.624
1.224
1.324
0.2
1.324
2.748
1.424
1.224
0
1.224
1.524
1.424
1.224
1.224
0.1
0
0
1.224
1.224
1.324
0.1
1.224
1.724
0
2.548
0
1.524
1.324
0
1.424
2.448
1.624
1.624
1.324
1.224
1.3
1.224
1.224
1.424
2.848
1.324
0.2
1.324
0.9
1.224
0
0
0.2
0
1.724
1.424
1.224
1.224
2.448
1.224
1.424
1.224
0
2.448
1.224
1.224
1.724
0.6
1.224
1.924
0
1.424
0.2
0
2.848
1.324
1.424
2.548
1.224
2.548
0.8
1.224
1.224
1.424
0
1.324
1.224
0
0.1
1.324
1.724
1.424
1.224
1.424
2.548
1.324
1.224
1.724
0
1.824
0.2
1.224
1.224
0
2.548
1.224
1.224
1.224
1.224
0.1
1.224
1.224
1.224
1.424
1.324
1.424
2.848
1.624
2.848
0.2
0
0.1
1.224
0.9
0.8
1.224
0
0.2
0
1.324
1.324
0.2
1.424
1.424
1.224
0
1.224
1.324
1.224
2.448
0
2.448
1.224
0.4
1
0
2.648
1.224
0.1
1.224
2.748
1.224
1.224
1.224
1.324
1.324
1.224
1.324
1.424
2.848
1.324
2.448
1.224
2.548
0
1.224
1.324
0
1.324
1.224
1.224
0.3
0
1.524
1.224
1.724
1.224
1.224
3.648
0.6
2.448
0.2
1.324
0.4
0
1.224
3.948
0.1
1.324
1.224
1.324
0.1
1.324
1.224
1.324
1.424
1.424
1.224
1.524
1.524
1.224
1.624
0
1.324
1.224
1.224
1.524
2.024
1.424
1.324
1.224
0
2.748
2.648
1.224
0.1
1.324
2.448
0.1
1.424
0.5
0
1.224
2.448
1.524
1.224
0.3
2.548
1.324
0
0
0
1.224
0
0
1.424
1.224
1.224
1.224
1.224
0
1.224
1.424
1.324
0
1.624
1.524
1.824
0
1.224
0
1.424
1.424
1.324
1.224
1.224
1.224
1.224
2.448
1.224
1.324
2.648
0.1
0
1.424
2.648
0.2
2.448
0
0
1.224
0.1
0
0
1.524
1.224
1.424
2.848
2.748
1.224
2.648
1.224
1.824
0
2.648
1.324
1.424
1.224
2.024
1.524
1.724
0
1.224
1.224
1.224
1.724
1.424
1.224
1.624
1.224
0
1.224
0.1
0
0.1
1.424
0
1.224
2.548
1.324
1.224
2.448
2.448
1.224
1.424
2.548
4.148
1.524
0.1
2.748
0
0
1.324
0
0.2
1.324
1.224
1.224
0
1.324
2.448
0.1
2.548
0
0.6
0
2.448
0.5
1.224
1.324
0.4
0
1.324
1.924
1.224
1.324
1.224
1.224
2.648
0
1.324
1.324
2.548
1.224
0
1.224
1.224
1.724
1.224
0
1.324
1.224
0.1
2.448
0.2
2.448
0
1.324
0.6
0.3
1.224
1.224
1.524
1.224
0.1
1.324
0
1.224
2.124
2.548
0
1.224
1.224
1.224
1.224
1.224
1.224
1.524
0.1
0
0
0
1.424
1.224
0.5
1.224
0
1.624
1.1
1.224
1.224
1.224
1.324
1.224
1.224
1.224
0
1.324
1.224
0
1.424
3.648
1.224
1.524
1.224
0
1.424
1.224
1.324
1.224
1.324
1.224
0
2.648
3.248
1.224
0
1.224
1.224
1.424
0
1.324
0
0.1
1.424
1.224
1.224
1.524
1.224
2.124
2.724
1.324
2.648
0
1.424
1.224
1.224
0.2
1.224
1.224
2.448
0
1.224
0.3
0
0.2
1.624
2.548
1.224
1.924
1.424
1.724
1.724
1.224
0
1.224
0.1
1.224
2.848
1.324
1.524
1.324
0
1.324
1.424
1.224
1.424
1.224
1.224
1.424
1.724
2.648
1.624
3.148
1.224
2.448
1.224
1.224
2.448
0
2.648
0
0.1
1.324
1.224
1.224
1.224
1.224
1.224
0
0
1.324
1.224
0
1.224
1.324
1.224
1.324
2.824
0
0.3
0
0.2
2.224
1.224
0
0
2.024
1.224
0
1.224
1.624
2.548
1.424
0.1
1.324
0.2
0.2
2.648
1.424
0.2
0.4
0
2.424
1.324
1.224
1.224
0.1
1.224
2.448
1.224
0.1
1.324
0.1
0
1.224
2.448
1.324
1.224
1.424
1.524
2.548
1.224
2.4
2.448
2.448
1.224
0
0.5
1
0.8
1.224
2.948
1.224
0
1.724
1.424
0.3
1.524
0.1
1.424
0.2
2.548
1.624
2.724
2.448
1.224
1.224
0
2.948
1.224
3.148
1.224
1.224
1.224
1.524
1.224
1.524
1.224
1.224
1.524
1.424
1.424
0.1
1.224
0.2
1.224
1.224
1.224
2.948
1.524
1.224
1.524
1.224
2.548
2.648
1.224
3.048
2.448
1.224
2.948
2.224
1.224
1.224
1.224
2.748
1.524
0.2
1.224
2.648
2.024
0.1
1.324
1.324
1.424
0
1.324
1.324
1.824
1.824
1.224
2.548
1.524
1.524
1.424
0
1.724
0
1.324
1.224
2.748
1.324
1.424
0
1.224
0
1.524
0
1.324
1.224
0
2.024
1.224
2.448
1.224
1.724
0
1.6
0.1
2.648
1.224
0.1
0
0
1.224
0
0.1
1.424
0.1
0
0
2.448
0
1.224
1.9
0
1.224
0
2.124
1.524
2.424
1.924
1.224
2.324
1.624
1.224
1.224
1.324
1.224
0
0.1
0
1.224
0
0
1.424
0
0
0
1.224
0
0.3
1.224
0
1.324
0
0
0
0
1.224
0
1.224
0.4
1.224
1.424
1.324
0
1.224
3.06
1.836
3.96
3.06
2.548
2.648
1.224
0
1.224
0
1.424
1.224
1.324
1.324
1.524
1.424
1.424
1.224
1.224
1.936
1.324
0.1
1.224
0
1.224
1.224
0.1
0.1
3.224
1.424
1.324
1.724
0.6
1.324
