0.3
0
2.948
1.424
2.948
0
0
1.224
0
0
0
1.224
0.1
0.5
0.4
0
0
1.224
1.224
1.224
1.324
1.224
1.224
1.224
0.1
1.224
1.324
1.424
2.448
1.424
1.224
1.224
0.4
0
0.2
0.1
0
0
0
0
0
1.624
0
0
0.1
1.224
0
0.1
0.1
1.324
1.224
0
1.324
0
0
1.224
0.1
0
0.2
1.824
0.3
0.2
0
1.624
0.3
0.1
0
0.1
1.424
0.3
0.1
1.624
0
0.2
1.824
0.4
0
0.1
0
0
2.648
0
1.224
0
0
0
0
0
1.224
1.624
0
1.224
0
0
0
1.224
1.224
0
1.224
1.224
0.1
0.3
0.4
0
1.224
0
0
0.5
0.2
0
0.1
0
0
1.224
0
0.3
0.3
1.524
0
0
0.4
0.1
1.224
0.3
0.1
0
0.1
1.224
0.1
1.724
0
0
0.1
0
1.224
0.4
1.224
1.324
1.324
0.4
0
1.224
0
1.324
0
0
1.224
0
0.1
0
1.324
0.1
0
0.1
0
0
0.1
0
0.5
0
0
0
0
0
0.1
0
1.324
0
0.1
2.424
0
0.1
1.224
0.1
1.224
2.648
0
0
1.224
0.1
0.1
1.324
0
2.448
0
2.948
1.424
1.224
0.1
2.448
0.2
1.224
0.1
1.324
1.324
1.324
1.224
0.1
0
1.224
1.936
3.06
1.836
2.036
2.836
1.836
1.936
3.56
7.684
3.26
4.284
1.936
3.36
1.936
1.836
2.436
1.836
2.136
1.836
1.836
1.836
4.484
3.86
4.484
4.284
3.16
3.06
3.06
4.584
3.06
4.284
4.284
1.224
0.1
2.448
0
3.348
1.224
0
1.524
0
1.424
1.224
0
0.1
1.224
0
1.324
1.324
0.5
0
0
0
0
1.224
1.224
0
0
2.548
1.624
2.548
0
0
0.4
2.448
0
0.2
2.448
0
2.448
0
0.3
0
2.548
0.2
0.1
2.548
0
3.06
1.836
1.224
0
2.648
2.448
4.384
0
3.26
3.06
1.424
1.224
1.224
2.548
0
0
0
0
1.224
0.1
0
0
1.224
0
0.2
0.1
0
0
0.1
0.1
1.224
0
1.224
0
1.224
1.224
1.224
2.548
0
1.224
0
1.224
0
0.1
0.3
0.2
0.2
0
0
1.224
0
0
1.624
1.224
1.224
1.624
1.424
0
0
0
0.4
0
0
1.224
0.3
0
0.1
1.424
1.224
2.548
0.1
0.1
1.224
0
0.3
0.7
1.224
0
0
0
1.224
1.324
1.224
0
1.224
1.224
1.224
0
1.224
2.448
0
2.448
2.448
1.324
1.224
1.324
1.224
0
1.624
0
0
0.1
2.448
3.148
3.06
0
1.224
0
2.448
1.524
0
0
0
4.284
1.624
1.224
1.224
1.224
1.836
0
0
1.224
2.448
2.548
0
1.424
1.224
1.224
2.548
2.548
1.424
2.448
0.4
1.624
1.424
0
1.324
0.2
0
1.224
1.424
0
1.324
2.748
1.324
1.424
0
1.324
1.224
1.224
1.624
2.748
1.324
0.1
1.224
0
2.948
1.324
0
0.2
1.324
1.424
2.448
1.424
1.224
1.224
1.324
2.448
1.224
1.324
1.224
1.224
1.224
0.1
1.324
1.624
0
0.1
0.1
1.324
0.1
2.548
1.224
1.224
1.324
0.3
2.548
0
0
1.924
0
1.224
2.024
0.4
0
1.224
2.648
1.824
1.224
1.224
0.2
1.624
1.224
0
0
0
1.224
0
2.448
1.324
1.524
1.224
0
1.224
2.548
2.548
0.1
0
1.224
1.324
2.848
2.448
0
1.624
0.4
0
0
1.224
2.448
1.524
1.224
0
0
3.048
2.548
1.224
2.548
2.448
1.324
1.324
2.448
0
0.4
1.224
0
1.224
1.224
2.648
1.824
1.224
1.224
0
2.448
2.848
2.848
1.224
0
2.448
0
0.1
1.324
0.2
1.224
1.224
1.224
0.1
1.424
1.224
2.748
2.848
1.224
0
0
0
2.448
1.624
0
0
1.224
2.848
1.224
0.1
1.424
0
0
0
0
1.224
0
1.524
1.224
2.448
1.224
0.1
1.224
1.224
1.224
0
1.324
1.224
1.224
0.1
1.624
1.224
1.324
0
0.1
1.224
2.448
0
1.324
1.224
1.324
2.448
0.1
0.2
0.1
0
1.524
1.224
0
2.448
0.1
1.224
1.224
0
2.448
1.224
1.624
1.324
1.224
1.224
0
1.324
1.424
0
0
0.5
0
0
1.2
2.548
2.448
1.224
0.1
0.3
1.424
1.224
1.224
2.748
2.648
0
0
1.524
0.1
1.324
1.424
1.224
2.548
1.324
0
1.224
1.324
2.448
0.1
0
1.324
1.224
0
0.5
1.224
1.324
0
0
0
0.2
1.224
2.448
1.324
2.448
1.224
0.1
3.448
0
2.648
1.224
0.1
1.224
0
1.224
2.548
0
2.548
1.224
2.648
2.648
1.324
0
2.448
1.324
1.524
2.848
0.2
1.224
1.524
0
2.448
1.224
1.324
2.648
1.224
0
2.748
0.1
1.224
1.324
1.224
0.1
1.324
0
1.224
2.448
2.448
1.324
1.224
1.524
2.448
0.1
0
1.524
1.424
0
2.648
0
2.448
1.224
0
0
1.224
2.648
1.224
1.224
0
2.648
1.224
0
0
0.1
0
1.224
2.448
1.224
0.4
1.324
0.1
2.648
1.224
2.548
1.224
2.448
1.224
1.424
2.648
0
1.524
1.324
1.224
3.148
2.448
1.224
1.324
0
0.1
1.224
1.224
1.224
2.448
1.324
2.448
0.9
3.148
0.2
0.3
0.1
2.548
1.224
0
1.324
1.324
1.224
1.224
1.224
1.724
2.548
0
1.224
1.224
0
2.648
2.448
2.448
0
1.224
1.224
2.548
0.3
1.224
2.448
1.224
1.324
0
1.624
1.524
1.324
2.648
1.224
1.424
0
2.448
0
1.324
1.624
2.448
0.1
1.224
1.324
1.224
0
1.224
0
2.848
2.548
0
2.748
2.448
2.448
2.748
1.224
1.224
1.224
2.448
1.224
1.224
2.548
2.448
0.1
2.448
0
0
0
0
2.448
0
0
1.224
2.448
0
2.448
0
0
0
0
0
0
1.224
2.648
2.448
1.324
2.548
1.324
0
1.224
1.224
1.324
2.648
2.448
0
2.448
3.148
0
0
1.224
1.324
1.224
1.224
1.224
1.424
0
0.1
3.148
0
2.448
2.448
1.224
2.548
2.548
1.224
2.848
0.5
0.1
0
2.448
1.224
1.324
1.324
1.224
1.224
1.224
1.224
0.2
1.224
1.224
2.748
2.448
0.1
0
1.224
1.224
0
0
1.324
0
0.1
0
1.324
0.1
0
1.824
1.524
1.424
0
0
1.224
1.224
0
1.624
2.448
0.2
2.548
1.224
0
0.1
1.224
2.648
2.748
1.624
4.284
3.06
4.284
3.06
4.284
4.684
3.16
4.684
4.684
3.16
1.836
4.284
4.284
3.36
4.484
4.284
4.384
3.06
3.06
3.06
4.484
3.06
4.384
1.224
2.548
2.548
2.448
2.648
3.56
3.16
2.448
0
0
0
0
1.324
1.324
1.324
4.384
2.648
2.448
1.324
1.224
1.224
1.224
1.424
1.524
1.224
1.424
1.624
2.448
1.324
1.324
1.224
1.224
1.224
1.624
1.324
1.224
0
2.448
0.2
2.548
2.648
1.324
1.224
2.548
2.548
4.784
3.36
0
0
2.748
1.424
1.324
2.548
3.248
2.548
0.2
1.324
1.224
1.324
0
1.324
2.448
0
1.224
0
0.5
0
0.2
0.1
2.448
1.424
1.324
2.448
0
0
0
1.324
0
0
1.224
0
0
1.224
0
0
1.224
0
1.724
1.224
0.2
1.224
0
0
1.524
0
0
0
1.324
1.224
0
1.524
0
0.2
1.324
0
0.1
1.224
1.224
1.324
1.324
2.524
0
1.224
0.1
1.224
0.3
1.324
0.1
0
1.824
1.224
0
0.1
0
1.224
2.448
1.324
1.224
0.2
0
0.1
0.1
0.1
0
0.1
1.224
1.224
0.2
1.324
1.324
0.2
1.524
1.224
1.324
0
2.848
1.324
1.324
0
0.1
2.448
1.224
1.224
1.324
1.224
1.224
0.2
0
1.824
1.324
1.224
0
1.224
0
1.624
0.2
1.324
2.448
0.1
0
0
0
0
0.1
0.2
1.224
1.224
1.224
0
1.224
1.224
1.224
1.324
0
0
1.224
0
1.324
1.224
1.324
1.324
1.224
1.424
0.2
1.324
1.224
0
1.224
1.224
0
0
0.3
1.324
1.224
0
0
0.2
1.224
0
1.224
1.324
1.224
0
0
1.324
0
0.5
1.224
1.224
1.224
1.224
1.424
1.324
0
1.224
0.6
0
0
1.424
1.424
1.324
1.524
1.324
0.5
0.1
0
1.224
0.1
0
0.2
0.3
1.224
1.324
1.224
0
1.524
1.324
0
1.224
1.224
0
1.224
0.1
1.224
0.1
0
1.224
0
0.1
1.424
1.424
1.424
2.548
1.224
1.224
0.8
1.224
0
1.424
0
1.424
1.224
0
0.1
0
0
0.1
0
1.324
1.224
1.224
1.224
1.224
0
2.848
1.324
1.224
1.224
0
1.324
1.224
0
0
1.224
0.1
1.324
1.224
1.224
1.524
1.324
0
1.424
0.2
1.424
0
0
0
1.224
0.3
0.4
0
0
0.1
0.1
1.324
1.224
0.2
1.524
2.648
0
0.1
0.1
0.2
0
1.224
0
1.324
0
0.2
0
1.224
1.524
1.224
0
1.224
1.424
1.224
2.448
1.324
0
1.224
1.224
1.324
1.524
1.324
1.324
1.224
1.224
1.224
0
1.224
0
0
1.224
1.224
1.224
1.224
0
0
0
0.5
0
0.1
1.724
0.2
1.324
0.1
1.324
0.2
0
1.224
1.624
0.1
0
0
2.548
0
1.224
1.224
1.224
0
1.324
0
1.424
0.1
1.224
0.3
1.224
1.224
1.224
1.224
1.424
0.1
1.224
0
0
0
1.224
1.224
1.224
0.4
1.224
1.224
1.224
0
0.2
0
0
1.224
1.224
0
0
1.524
0
0
0.1
0
2.448
0
0
2.548
1.224
1.224
1.224
0
1.224
1.324
1.224
1.224
0.1
0.1
1.224
0.1
0.1
1.224
0
1.224
1.324
2.548
0
1.224
1.224
2.448
1.224
1.224
0.1
2.448
0.1
0.1
1.224
1.224
0
1.224
0.1
1.224
0
0
0
1.224
1.424
0
1.224
1.224
1.224
0
1.324
0.1
0.1
0
2.548
0.2
1.224
1.224
0.4
1.324
0.1
0
0
2.648
1.224
0.1
0
1.224
1.324
0
0
1.224
0
0
0
0.1
0
1.224
1.224
0
0
1.224
1.224
1.324
0.2
1.424
1.824
1.224
0.1
1.424
0
0
1.324
0
0
2.448
1.424
2.548
0
1.424
1.224
0.1
1.324
1.224
0.4
0
1.224
0.2
0.1
1.224
0
0
1.224
0.2
1.324
0
1.224
1.224
1.524
0
1.224
2.548
1.224
1.224
1.224
1.224
0
1.424
1.224
0
1.224
0
0.1
1.224
0.1
1.224
0
0
0.6
0.2
1.224
0
0.2
1.224
0.1
1.324
0
1.224
0.3
1.224
0
0
1.224
0
0
1.224
0.1
1.424
0
0
0.1
0.1
0
1.224
0.4
0
0
1.524
0
1.224
0
0
1.224
0.1
1.224
2.448
0
0
0
0.1
1.324
1.724
1.224
0
1.224
0
2.748
0.1
1.224
1.224
2.748
1.224
0.1
1.324
1.624
1.224
1.224
0
1.224
2.448
0
0
1.224
0
0
1.224
1.324
0.2
1.224
0.3
2.024
0.1
1.224
0.1
1.224
1.224
0.1
0
1.324
1.224
1.224
0
1.224
0.4
0
0
1.324
1.324
0
0.1
1.324
2.548
0.1
1.224
0
0
0
1.224
2.548
1.224
1.224
1.224
0
0
0
0.1
1.224
0
0
0
0.1
1.224
1.324
1.624
1.224
1.224
1.224
2.548
1.224
0
2.648
1.224
0
0
0
2.448
2.448
0
1.224
0.2
0
1.324
1.224
0
1.224
0
2.648
0.1
0.8
0
0
0
0.2
1.624
2.548
0
0
2.948
1.224
0
2.648
1.424
1.424
0.1
0.1
0.1
0
0
2.648
0.1
0.3
1.524
0
0.5
2.448
0
1.224
0.1
1.424
1.324
1.224
0
0.1
0.1
0
1.324
1.224
0
1.224
0
1.224
1.224
1.224
0.7
1.224
1.224
0
1.224
0.4
1.624
0.4
0
1.424
1.224
0
1.424
0
0.2
0.1
0
1.324
0.1
1.224
1.324
2.948
1.224
1.324
1.224
0
1.424
0
1.224
1.224
0
1.224
2.548
1.224
1.624
0
1.224
1.224
0.1
1.224
0.1
1.224
0
1.224
0
0
1.424
1.424
0
0.1
0
1.324
1.324
1.224
1.224
1.224
1.424
1.324
0.5
0
0
1.224
1.224
1.224
1.324
0
1.324
0.3
1.224
0.2
1.324
0.1
0
1.324
0
1.824
1.224
1.224
1.324
1.424
1.324
1.624
0
1.224
0
1.324
2.648
2.448
1.224
1.324
0
1.224
0.1
1.424
0
0
0
1.324
0.3
0
1.224
0.1
0.4
0
1
0.1
1.224
0
0
0
1.224
0
0
1.424
1.224
1.324
0
1.224
1.224
0
0
1.724
0
1.224
0
1.724
1.324
0.6
1.524
0
0.4
2.648
2.548
0.1
1.224
1.224
0.1
0.1
1.224
0.1
0.1
1.224
0.2
1.224
0.1
1.224
2.548
0
0.2
2.548
1.224
1.424
1.224
1.324
1.224
0.1
0
1.224
0
1.524
2.448
2.548
0
1.224
1.324
3.06
1.836
4.484
3.06
1.424
1.624
0
0
1.224
0
2.448
2.448
1.424
2.448
0.2
1.324
2.548
1.224
2.448
3.06
2.748
0.2
2.448
0
1.224
0
0
0.3
1.1
0.1
0.1
0.3
1.724
0.1
