1.624
0.3
0.9
0
0
0
0.1
0
1.324
0
1.324
0
0.2
0.1
0.2
0.1
0
0
0
0
0
0
0
0
1.324
0
0.1
0
0
0
0
0.1
1.724
1.224
0.4
1.624
1.224
1.224
0
1.424
1.324
0.3
0
0
0
0
0.2
0.1
1.324
1.224
0
0
1.224
0
0.1
0
1.224
0
1.224
0.4
0.3
0.3
0
0.5
0.2
1.224
0.1
0
0.2
0.5
1.324
1.624
1.424
1.424
0.8
1.524
0
0
0
1.224
0.2
0
0
0
0
0
0
0
0
0.3
1.224
0.1
0.1
0
0
1.324
1.224
1.224
0
0
0.1
0.5
0.1
1.224
0
1.224
1.224
1.82
0.1
1.324
1.624
0
1.224
0.1
0
0.1
1.224
0
1.224
1.224
0.8
0
0
1.724
0
1.224
1.424
0
0
0.4
1.424
0
0.2
0
0.1
1.52
0
0.1
0.1
2.636
1.324
0.2
1.836
0
0
0
0
0.3
1.224
0
0
1.424
1.324
1.224
1.424
1.324
0.1
1.22
1.724
0
1.224
0
1.224
0
0.3
0
0
1.324
0.1
1
1.424
1.424
0
1.324
0.1
0.1
0
0
0
1.324
1.324
0.2
0
0
0.2
0.1
0.1
0
0
0
0.2
1.424
1.424
0.3
0.1
0
0
1.224
1.224
0.4
3.46
1.836
1.836
1.836
5.896
1.836
3.06
3.16
1.936
3.06
1.836
9.116
1.836
1.836
4.896
2.836
6.016
2.236
1.836
3.672
1.836
1.936
2.136
1.836
1.936
1.836
1.836
1.836
2.336
3.06
1.936
1.836
0
0.2
0
0.1
0.8
0.1
0
0
0
0.7
0.4
0.1
0
0
0
0
0
0.1
1.02
0
0
0
0
0.1
0
0
0
0.2
0.1
1.224
1.224
0.1
0
1.224
0
0
1.224
0
3.06
1.624
1.324
0
0.3
1.02
0
0
3.06
3.06
0
0
0.2
0
1.836
1.224
1.936
1.936
0.2
0
0
0
0
0.1
0.1
0
0.1
0
0.1
1.224
0.2
1.224
0.3
0.3
0.2
0
0.3
1.324
0
1.524
0
0
0.1
0
0
0
1.224
0
0
0.1
1.224
0.2
1.424
0.2
0.1
1.224
0
0
0
0
0.3
0.1
0
0
0.1
0
0
0
1.624
1.224
0
1.224
0.7
0
1.324
1.936
1.224
0
0.1
1.324
1.224
1.324
0.6
0.9
0
0
1.224
0
0
1.224
1.224
0
1.224
1.224
0
0
0
1.224
0
0
0
0
0
0
0.1
0
0
0.1
0.1
0
0
0.4
1.836
0
0
3.056
0
1.524
2.444
0
0
3.06
0.7
0
0.1
0
2.856
2.944
1.224
0
0
0
1.224
0.1
0
1.224
0
0
1.936
0
0.3
0
1.224
1.836
0
0
4.48
0
0
0
0
0
0.1
0.3
1.224
0
0
1.224
0.1
0
0.1
1.224
0.1
0.2
0.2
0
4.18
1.324
0.2
1.224
0
0.2
0
1.224
0
0
0
0
0
0.1
0
0
0
0.1
0
4.08
0
0
0
0.2
0
0
0
0.3
0
0
1.22
0.7
0.3
0
0.3
1.424
0
1.324
0.1
0.1
0.2
0
0.1
0.3
0
0
3.06
1.42
0.1
0
0
1.324
0.1
0
1.224
0
0
0.1
1.936
2.856
0
0.1
0.1
0.1
0
0.1
0.2
1.224
0.2
0
0
0.6
0
0
1.224
0.5
0
0
0
0
0
1.224
0
0
0.4
0
1.224
1.836
0
0
0.3
0
1.836
1.224
0
0.1
0.2
1.224
1.936
0
1.324
1.224
0
1.324
0
0
0.1
1.324
0
0
0
0.1
0
3.16
4.08
0.2
0.2
0.1
1.324
0
0
0.2
0.1
3.056
0
1.324
0
0
0.2
1.224
1.224
0.2
1.224
1.324
0
0.1
0
0
0.1
0
0
0
0
1.524
0
0
0
0
0
0
0
1.324
0.1
0.2
0
0.1
1.836
0.1
0
1.224
0
0
2.856
0
1.224
0
0
0
0
0.1
0.1
0
0
0
3.06
0
0.1
0
0.1
0.6
0
1.02
1.624
0
1.224
0.1
0
3.156
0
0
0.1
0.2
1.224
0
0
0
3.16
0.1
0
0
0
0
0
0
0
0.1
1.224
0
0
1.224
1.324
0.1
0
0
0
1.224
3.16
0.1
0.1
0
0.1
0.1
0
0.1
0.7
0
1.524
0.1
0.1
0
0.1
0
1.224
1.224
0
0
0
0.1
0.1
0
0
0
1.224
0.1
1.224
1.324
0.4
1.224
0
0
0.1
0
0
0.1
0.1
0.1
0
0.1
0
0
0
0.3
0
0
0
1.224
0
0.3
0
2.036
1.12
0
0.2
1.224
0.2
1.224
0
0
0
1.224
0
0.1
0
0
0.1
0
0
0
4.08
1.224
0
0
0
0
0.6
0
1.22
0
0
0
0
0
0.2
0.1
1.524
0.1
0.1
0.3
0
0.3
0
0
1.424
0
1.324
0.1
0.1
0
0
0
0
0.8
2.024
0
0
0.1
0
0
1.224
0
0.1
0
0
0.1
0.1
1.224
3.06
0
0
1.224
0
0
0
1.02
1.224
1.224
0.2
3.16
0
0.1
0
0
1.224
0
0.1
0.1
0.1
0
0
0
1.224
0
0
0.3
0
1.224
0
0.1
0
0.1
0
3.06
0
0
1.224
0
0
0
0.1
0
0
0
0
0.1
0
0.2
0.1
0
0
0
0
1.224
1.224
1.324
0
1.836
0
0
1.224
0.1
0
1.224
0
1.224
0.2
0
0
0.2
0
0.1
0
0
4.08
0
0
0
0.4
0
0
1.224
0.1
0
0.1
0
0
1.224
0
0
0.1
1.524
2.244
0.7
0
1.324
0
1.224
0
0
0
0.3
1.924
1.424
1.12
0
0
0
0.1
0
0.1
1.324
0
1.224
0.1
1.224
0.1
0
0.1
0
0
0
0
0
0
4.18
4.18
0
0
0
0
0.2
0.3
0
1.224
0.1
0
1.224
0
3.36
0
1.424
0
1.02
0.1
3.16
0
0.1
0.5
0.1
1.836
1.936
1.836
3.16
1.836
3.56
1.836
2.036
2.036
4.072
1.836
1.836
1.836
2.036
1.836
1.836
1.836
1.836
1.836
1.836
1.836
3.772
1.936
0
0
0.1
0
0
1.936
1.836
0
0
2.956
3.06
1.224
0
0.2
0.3
1.936
0.1
0
0
0
0
0
0
0
0.1
0.4
0.1
0
1.324
0
0
0
0
0.2
1.836
0.1
0
0
0
0
0.3
0.1
0
0.1
0.1
2.036
1.936
1.224
1.224
0.1
0.4
0
0
0.4
0.3
0.6
1.324
0
0
0
0
0.1
0
0
1.02
0.1
2.856
0.3
1.22
1.224
1.12
0.5
0
0.1
0
0.1
0
1.224
0.1
0
0
1.224
0
1.224
1.224
0
1.224
0.1
0.1
1.324
1.324
1.224
0
0.2
0
0
0
0.1
0
1.224
0.4
0.1
0.1
0
1.224
0
0
0
0
0.2
1.3
0.1
0
1.224
0.2
0.6
0.1
0.1
0
1.324
1.224
0.1
0
4.08
0
0
1.824
1.324
1.624
0
1.324
1.224
0
1.224
0.2
0
0.1
1.524
0.1
0
0
1.224
1.224
0
0.2
0.1
0
0
0
0.1
0.1
1.224
1.224
0
0
1.324
1.324
1.224
0.6
0
0
0
0.1
0
0.3
0.2
0.1
0
1.324
0
0
0
0.1
0
0.3
1.324
1.224
0
0
0.3
0.1
1.224
0
0
0.1
0.1
1.224
0.1
0
0.3
0
0
0
0.2
0
1.224
1.224
0
0
1.324
1.324
1.224
0
0.2
0
0
0
0
1.224
0
0
0
1.424
0
1.224
0
1.324
0
0.2
0.1
1.224
0.1
0.6
1.424
0
0.2
3.06
1.224
0.4
1.624
0
0.2
0
0.4
1.324
0
0
0.2
0.1
1.724
1.324
0
0
1.224
1.224
0.1
0
0
1.224
0
1.224
0.2
0.3
0
1.924
0.1
0
0
0
1.324
0.1
0.1
1.324
0
1.424
0.8
0
1.324
0.1
0
0.1
0
0
0.2
1.324
1.424
1.424
1.224
0
1.224
0
0.1
0.4
0
0
0.2
0
0
0
1.224
0
1.224
1.224
0.1
0
0
0.1
0
0
0
1.724
1.224
1.324
1.424
0.1
0
0
0
0.7
0.3
1.224
0
0.2
0
0
0.1
0.2
0.1
0.1
1.224
0.1
1.424
1.324
1.424
1.224
0
1.224
1.224
0.1
0.1
0
1.424
0
0
0
1.524
0
0
0.1
1.224
0
0
0
0.1
1.224
0.1
1.224
0
1.324
0
0
3.06
0
0
0
0
0
0
1.224
3.06
3.36
1.224
3.26
1.824
0.2
1.224
0.3
0
0
0
0
1.624
0.2
1.224
1.224
0
0
0
0
0.1
1.224
0
1.224
0
3.26
0
1.424
0.1
0
0
0
0.2
1.624
0.1
1.224
1.324
0
1.424
1.224
0
0.2
0
1.224
0
1.324
0.1
0
3.06
1.224
0
1.224
0.1
1.324
1.624
0
0
0
0
0
0
0.1
0
0
0
1.424
0
0.1
0
0.1
0.1
1.224
0
1.724
0
0
0
0
1.224
0
1.224
0
0
0
1.224
0
1.224
1.324
0
0
0
1.224
0
1.324
0
0
1.424
0
0
0
0.1
1.224
0.3
1.324
1.424
1.224
1.224
3.06
1.424
0
1.224
1.324
0
0
1.324
0.1
1.624
0
1.224
0
0
1.424
1.224
0
0.2
1.224
0
0
0
0.1
0
1.224
0
0
1.224
1.324
1.224
1.224
1.224
0
1.224
1.524
2.224
0
0.1
1.424
0.1
0
0.1
0.2
0.1
0
0.1
0
0
0.4
1.224
0.2
1.224
0.1
0.1
0
1.224
0.1
3.26
0
0.2
0.2
0.1
1.424
0.2
1.224
0
0
1.424
0
0
0.1
1.324
0
0
0
1.224
0.4
0
0
0.2
1.224
0
1.224
0
1.224
0
1.524
0.2
0.5
0
1.224
1.324
0
0
0.1
0.1
0
1.624
1.324
0.1
1.224
0
1.224
1.224
0
1.224
0
0
0
0.1
0.1
1.224
0
0.7
1.224
0
0.1
0.5
0
1.224
1.324
0
1.324
0
0
0
1.224
1.224
0
0.3
1.824
0
1.224
0
0
0
1.224
0
0
0.2
0
0
1.224
1.524
0.1
0
1.224
0
0.3
0
1.224
0
0
1.324
0
0
1.324
0
1.624
0.9
1.324
1.224
0.1
0
0
1.324
0.1
0
0
1.224
0
0
0
0
0.3
0
1.224
1.224
1.224
0
0
1.324
0.1
0
1.224
0
0
1.424
0.1
0.1
0
0
1.224
1.424
1.224
0.2
3.16
1.224
1.224
1.324
1.324
0.4
1.324
0
1.224
0
0
1.324
0
1.224
0
0
1.324
1.224
0
0
1.324
0
0
0
0
0
0
0
1.224
0
1.224
1.724
0
0.1
0.1
0.2
0.4
0
0
0
0.7
0
0
0
0.2
1.224
1.424
0.1
1.324
0
0
1.224
1.224
0.1
0.1
0.1
1.724
0
1.224
0
0
0
1.424
0
0.1
1.324
0.1
0
0
1.324
1.224
0
1.524
0
1.224
0
1.2
1.224
1.224
1.424
0
0
0.7
0.5
1.224
1.524
0
0
0.1
1.224
0.1
1.324
0
0.2
0
1.224
0
0.5
1.324
0
0
0
1.424
1.224
1.424
0.1
1.324
0
0.2
0
0.1
1.224
0.1
0.2
1.324
0.1
0
0
0.2
0
1.324
1.324
1.324
0.2
1.224
1.524
1.224
1.224
1.424
0.1
1.624
1.324
0.1
1.324
1.924
1.224
1.224
0
1.324
0.1
0
1.224
1.424
1.624
0
1.224
0.1
1.324
0.1
0
1.224
0.5
0.2
0
1.324
0.3
0.1
0.1
0
0.1
0
0.1
0.1
1.224
0
0
0
0
0
0.1
0
1.224
1.324
0
1.424
1.224
1.224
1.324
1.524
0
1
0
1.224
1.224
0
0
0
1.224
0
0.2
0
0.1
0
0
1.224
0
1.224
1.1
0
0
1.836
0.2
0.4
1.524
0.1
1.224
1.624
0.1
0.1
4.18
0
0
0.1
0.5
0
1.224
0.1
0
1.224
0
1.836
0.1
0.1
0
0.1
0
0.1
0.2
0
0.1
0.1
0
2.344
0.1
1.224
0.3
0
0
1.224
0
0
1.836
1.836
2.436
3.06
3.36
1.424
1.224
0
0
0
0
0
0
0
1.324
1.424
0.1
0
0
1.836
0.1
0
0
0
0
1.224
0
0.2
2.724
1.424
1.324
2.844
0.2
2.944
