3.924
0.9
5.4
1.8
1.824
0.3
0.3
0
0.1
0
0.4
0.3
1.724
4.7
3.6
0
1.224
0
0
0.4
0.2
0.9
0.1
0
1
0.3
1.924
0.8
0.4
0.1
0.1
0.1
10.5
0.1
2.224
2.1
0.1
0.2
0.3
1
0.4
6.924
0.1
0.4
0.3
0.1
2.124
2.724
1.1
0.4
0.3
0.1
1.3
1.424
0.3
0.2
1.524
1.524
0.3
2.3
10.024
4.224
0.1
3.8
4.024
1.2
1.324
1.824
0.7
8.324
1.5
4.024
1.924
0.6
9.424
2.6
1.424
0.9
1.224
0
3.1
1.524
0.1
1.424
0.3
1.324
1.324
0
0
4.224
0.3
0.3
3.048
1.324
1.224
1.2
0.8
1.324
0.3
0
0.3
2.924
4.224
0
1.324
0
1.324
4.1
1.624
0.1
3.648
2.748
0.1
1.324
0.1
1.9
1.724
1.724
0.1
0.2
15.724
0.1
0.3
3.424
1.724
0.1
0.2
0.1
0.1
3.724
2.824
0.1
2.124
0.1
2.524
2
0.7
1.624
1.1
4.024
0.3
1.524
1.224
1.1
1.224
1.424
0.8
2.024
0.4
1.524
0.3
0.2
0.9
1.624
2
2.2
3.948
0.5
5.424
0.5
0.7
1.524
0
2.648
2.324
1.424
0.2
1.324
2.024
12.4
1.524
3.324
2.648
0.6
2.748
2
1.724
1.324
0.2
1.1
0.8
3.624
0.4
1.624
3.924
3.524
3
1.824
1.824
1.224
1.1
0.7
0.7
3.524
1.824
1.1
0.1
2.024
0
2.9
4.26
1.836
3.06
3.66
7.636
3.06
1.936
3.736
2.436
2.036
1.936
2.836
3.736
3.06
1.836
35.984
2.136
10.384
1.836
3.06
3.06
2.036
6.236
2.036
1.936
3.036
1.836
1.936
3.436
3.16
2.536
1.836
1.724
0.2
0
0.1
12.124
0.4
1.224
1.6
0.1
2
0.9
0.1
2.548
0.1
2.748
1.324
0.1
4.4
0
2.124
1.424
1.224
0.4
0
1.324
4.624
0.3
1.1
0.1
1.224
0.2
1.4
0
1.324
2.4
0
0
0
0
0.5
0
0.4
6.924
0.2
0.2
1.424
4.584
4.284
2.448
1.224
3.024
0
3.96
0.2
1.936
1.936
1.524
0
0
0
1.224
7.124
0.2
1.224
0.3
2.024
1.324
1.324
0.4
2.848
0.7
1.4
0.8
1.224
3.624
2.024
0.1
2.524
1.724
1.224
1.624
0
0.1
0.6
0
1.524
0
1.924
1.324
0.6
3.024
2.524
3.124
0.1
1.424
0.2
0.1
1.224
5.4
1.624
0.2
1.6
0.2
1.224
0.1
0.1
9.824
0
2.448
0
11.424
3.348
2.9
2
0.3
0.7
5.724
2.848
1.524
3.448
7.824
18.048
0
0.2
0
3.048
0.1
3.024
1.1
0.1
0
0
1.324
0.4
0.1
0
0.4
0.1
0.1
0.2
0.1
0.3
0.1
1.224
5.424
0.2
0
0.3
0.7
2.6
1.936
1.224
0
0.5
0.4
1.1
0.3
0.5
0.1
2.136
7.2
1.424
1.7
0
1.836
1.1
0
0
0.2
0.4
0
2.724
1.524
0
1.224
1.224
0.8
0.2
4.5
2.1
1.824
0.2
0.7
2.424
0.8
0.1
3.148
2.024
0.3
0.4
1.4
2.9
2.124
0.5
0.1
1.224
1.6
0.8
1.224
3.648
0.4
1.3
1.8
0.9
0.2
7.148
0.9
1.824
0.1
1.824
1.224
2.124
0.4
0.2
1.224
1.224
0.9
0.4
0.7
0
0
3.024
1.324
0
1.1
1.424
1.324
3
0.6
1.624
0
1.4
0.4
1.524
0.9
7.8
4.424
0.1
2.1
7.3
0
0.7
1.2
1.7
2.1
1.224
0.5
0.8
1.424
0
0
0.6
0.4
0.2
1.324
0.9
0.6
1.224
0.1
1.224
0.5
1.824
0.2
0
0
0.1
2.6
0.1
0.4
2.224
1.3
1.224
0.2
1.424
0.1
2.8
0
1.224
0.1
2.124
0.5
0
0
1.624
0.3
0.1
0
1.224
11.248
0.3
1.224
0
0.1
1.4
4.624
1.324
0
0
0.3
1
2.1
0.2
0.1
1.524
1.224
1
0.1
1.5
2.1
1.324
2.024
0.4
0.7
0.1
2.1
1.2
1.524
0.1
0
0.3
0.5
0.6
0.3
0.4
0
1.8
0
0.4
2.124
0.2
1.324
1.224
4.148
0
2.024
1.1
0.7
0.2
0
0.5
1.224
0.1
0.4
0
0.3
0
0.1
7.5
0.7
0
1.424
0.1
0.3
0.1
0
0.2
0.2
0.2
0.6
0.2
2.448
1.7
0.1
1.224
0
0.6
0.1
0
1.324
0
2.024
0
0.2
0.5
2.924
0.6
0.2
0
0.2
1.424
1.5
1.524
0.2
2.6
0.4
0
6.8
0.6
0.1
0.2
0.2
0.8
1.424
0
0.8
1.2
1
0.3
0.2
1.624
0.1
0.6
1.224
0.2
0.3
0.4
0.3
0.1
0.4
0.4
0
1.224
2.524
0.1
1.424
1
0.1
0.4
2.448
0.1
0.2
0.8
0.6
0
0.1
0.3
0
0.7
4
0.1
1.4
0
1.524
1.324
0
0.3
1.524
0
0
0.3
0.3
0.5
2.424
0
1.224
1.3
1.2
1.6
0.2
0.7
1.6
0
0.4
0
0.1
1.724
0
0.9
0.7
0.2
0
1.524
0.1
0.1
1.224
1.4
1.224
0.1
0
0.7
0.3
1.524
2.648
0.5
0.1
0.8
0.5
0.2
0.5
1.224
0.2
0.3
1.224
1.524
0.3
1.3
0.3
0
0.7
0.8
0.6
1.424
0
0.1
0.1
0
0
0.7
9.624
0.2
0.3
0.6
0.1
0.2
1.224
0.2
1.7
0.1
1.924
1.724
1.7
3.348
0.2
0.7
0
1.324
0.5
1.224
0.2
0.7
2.124
1.224
0
0.1
1.324
10.3
4.2
0.5
2.524
2.124
1.624
1.224
0.1
0.2
0
0
0.3
1.524
1.8
0.7
0
1.224
0
0
0.1
0.1
0.1
0.1
0.1
0.2
0.3
0.4
1.224
0.1
0.1
0.9
1.324
1.3
3
0.3
0.4
0.1
2.224
0
1.724
1.424
1
8.824
0.5
1.324
0
0.4
0
0
5.148
1.224
0.4
0.2
1.224
2.424
0.1
0.1
0.6
0.1
0.1
0
0
0.6
0.3
1.624
0
0.3
1.224
0.1
0.2
1.224
0.2
0.2
1.224
1.324
1.924
0
0.2
0.6
0.1
0
0.5
0
0
1.724
0.2
0.7
0.2
1.324
1.224
0
0
1.424
1.624
1.224
1.1
0.1
0.1
0.1
4.724
2.848
0.4
0
0.4
0.3
0.5
0.4
1.6
1.4
1.224
3.824
2.648
1.624
2.548
0.3
1.624
0.1
0.2
2.5
5.324
0
0.3
0.3
0
0.3
0.3
0.4
0.2
0.2
0
3.024
0.4
0.2
1.2
0
0.6
0
0.1
1.324
0
1.224
1.524
0.2
0.3
0.5
1.624
1.424
1.724
2.5
1.724
0.4
1.224
0.9
0.2
0
1.224
1.7
1.324
1.1
1.924
0.1
0.6
1.724
0.1
1.3
2.3
0.5
3.06
1.936
3.16
2.936
3.06
8.16
3.16
6.86
3.56
2.936
3.56
2.136
3.06
5.76
3.66
2.236
2.236
1.936
1.836
1.836
1.936
2.036
3.26
0.1
0.3
0.9
0.1
0.6
9.86
3.06
2.124
1.324
0.3
1.224
0
0.1
0.5
2.224
2.136
0.9
0.3
4.324
0.2
1.224
0
0.1
0.7
1.324
2.724
2.324
0.2
2.2
1.624
0.2
1.624
1.424
2.624
0.4
0.2
2.448
1.524
1.424
0.2
1.3
0.5
0.1
0.8
0.4
3.736
4.26
0
0
2.724
1.5
0
0.8
4.7
1.2
1.8
0.2
0
0
2.124
3.024
1
1.324
1.324
0
4.8
0
8.448
0.5
0.2
0
3.224
0.1
2.6
0.1
2.124
0.9
0
5.624
0.9
1.224
0
0.2
0
0.2
0.5
0
8.324
0.2
1.1
0.3
1.524
2.748
1.2
1.224
1.224
0
0.2
0
0.1
2.4
4.248
1
0.2
0.1
0.3
0
0.1
0
0.7
12.1
1.524
0.5
2.024
0.3
4.8
0.5
0.1
1.524
4.2
0.6
2.624
0.1
0
1.324
0
3
0.3
1.9
1.424
0.6
0.2
1.524
0.5
1.624
0.3
0.3
2.2
0.4
1.3
0.2
3.748
0.3
0.4
1.724
1.3
2.024
1.424
0.3
2.748
2.224
0.8
0.9
1.424
0
0.4
0.9
1.324
5.1
0.4
0
1.224
1.5
1.324
4.4
1.624
0
1.324
1.3
1.724
1.324
1.224
1.324
1.524
5.424
1.3
0
1.724
0
3.624
0.1
0.5
0.1
1.224
2.648
1.724
3.024
0.6
0.1
2.3
0.6
0.6
1.924
2.924
0.3
0.9
0.5
0
0
1.524
2.024
1.724
0.5
1.724
0.3
1.224
1.524
1.324
2.448
0.4
1.324
0
1.3
1.324
0.1
2.748
1
0.8
0.2
0.8
1.624
0.9
2.4
3.124
0
5.2
0
1.324
1
2.1
1.824
2.524
1.524
3.7
2.224
0
0
0.1
1.324
3.224
0.8
0.2
0.1
0.1
0.1
1.2
0.3
1.324
0.1
1.224
2.448
0.4
4.824
0
2.4
0
1.1
1.724
2.324
1.4
0.5
3.024
0.5
0.3
0.1
12.824
0.1
0
1.724
2.648
1.1
0.2
1.824
2.024
0.2
2.924
1.524
0.1
0.3
1
1.424
0.5
2.7
0
2.824
1.2
0.1
0
1.724
0.3
0
0.1
0
0.2
0.3
0.1
1.424
1.424
2.524
0.8
1.5
1.924
2.624
1.4
0.7
0
0.2
0.1
12.024
2.4
0
1.324
2.424
0.1
1.624
0.5
1.824
1.6
1
0.1
2.748
0.4
1.524
2.324
1.624
1.324
0.6
0.3
2
8.924
1.224
0.7
0.1
1.424
1.524
2
0.1
0.2
1.824
0.4
0.7
1.324
0.2
1.8
2.224
2.1
0.6
1.824
1.624
1.624
0
0.3
0.1
0.3
0.1
0.3
1.6
2.748
0.2
0.2
2.2
0
0.5
3.2
2.5
0.2
2.824
0.7
4.248
1.224
0
4.8
0.8
0.1
2.548
1.424
1.324
1.524
0.1
3.124
0.4
1.624
1.224
1
0.2
0
2.9
1.324
0.3
0
1.424
1.2
2.8
2.524
0.4
0.1
1.524
2
0.5
0.6
2.324
0.2
0
1.924
1.4
2.524
0
0.2
0.3
0.7
0.2
1.4
0.6
1.2
1.624
0.5
0.6
0.2
1.324
1.524
2.024
0.2
1.1
0.1
1.924
1.324
0.6
0.3
0.4
0.7
1.5
0.4
1.7
1.324
1.224
1.224
0.2
0.4
0
0.3
0
0.1
1.224
0.1
0
1.824
2.3
0.2
1.324
2.024
0.5
1.724
0.3
1.424
0
1.1
1.624
0.4
1.224
1.1
1.924
1.6
1.5
2.524
1.224
0.7
0.6
1.6
0.1
1
1.1
2.524
0
2.6
2.2
2.8
0.1
1.324
3.148
1.224
1.7
0
0.1
1.9
0
0.4
0.2
1.324
1.824
0.4
2.948
1.224
0.2
0
0.7
0
0
0.1
0.2
0.6
1.6
6.9
1.5
2.024
1.3
1.324
1.524
2.324
1.9
1.3
0.3
0.6
1.624
0
1.4
0.4
0.5
0.1
0.2
8.248
1.424
0
1.4
0.5
1.724
3.624
3.748
1.624
3.748
0.8
0.9
0.1
0
3.324
1.224
1.324
0.8
1.3
0.3
1.324
0
1.224
2.5
2.224
0
0.2
1.424
3.048
0.3
1.424
0
1.424
0.2
2.3
2.7
0
0.1
0.8
1.224
0.2
0.2
1.324
1.224
5.924
0.7
1.324
0.5
0.3
0.1
0.2
0.1
0
2.724
1.524
1.424
0.3
0.2
0.1
0.1
12.248
1.524
1.324
2.1
2.9
1.324
2.448
1
0.3
0.5
0
0
0.7
0
0
0
2.124
4.5
0
0.1
0.1
1.324
0.1
0.2
0.2
1.924
1.824
0
2.748
0.1
1.4
2.324
0.2
0.2
1.324
1.2
1.324
0.1
1.324
1.224
2.648
0
0.3
1.3
0
3.724
5.8
0.6
1.8
0.7
0.2
0.2
0.8
0.3
2.648
0
0.2
0.1
0
0.7
1.224
3.224
2.424
0.2
0.1
1.8
0.9
2.724
1.3
0
0
0.2
0.6
2.324
2.424
2.224
1.824
0.2
1.224
0
1.924
1.424
1
0.5
0
0.9
1.6
1
3.424
4.224
0.2
0.8
1.824
1.224
0.1
0.2
0.7
0
0
1
0
0.2
1.224
0
0.4
1.324
1.224
0.2
1.224
2.548
0
0
0.7
1.924
7.624
1.724
3.524
0.2
2.624
5.3
1.324
2.448
1.524
3.7
0.3
0.4
0.5
1.2
0.2
0.3
0.8
0.2
0.7
0.8
2.4
1.4
1.9
1.5
0.7
3.4
0.1
0
0.2
0
1.4
1.3
1.424
2.024
0.4
0.1
0
0.8
0.1
0.1
0.1
1
1.9
0.2
1.524
8.8
0.6
0.1
1.824
0.2
3.324
4.5
3.8
1.224
1.4
0.1
0
2
1.624
4.148
1.7
0.7
1.4
0.9
0.4
1
10.948
0.3
0.6
0.1
1.424
0.7
0.1
3.024
1.324
0.1
0.2
1.2
0.2
1.3
0
0.5
2.924
1.2
0.8
2.124
0.4
3.924
1.624
1.324
0
2
1.7
0
0.6
0.2
0
1.824
3.348
4.024
0.1
2.124
1.4
4.2
1.324
0
1.424
1.4
2.6
1.324
0.5
1.2
2.7
0.1
2.124
0.5
4.848
1.324
0.6
0.2
4.3
2.724
1.724
1
2.824
1.2
2.4
1.424
1.7
0
2.924
0.5
1.2
0.2
0.1
1.224
0.1
0.1
2.224
1.224
1.524
0.3
0.5
1.9
0.3
0
0.7
5.4
1.224
12.724
0.6
0.4
0
1.424
1.224
0
1.424
0.4
1.2
1.424
0.8
2.448
0.2
0.3
0.1
0
10.4
0.4
1.224
0
3
1.3
12.524
4.6
1.224
11.924
1.5
0.4
0.4
0.2
0
0.2
0.8
1.224
1.624
0.5
0
0.6
1.224
0.4
0.1
0.2
0.6
0.9
0
2.024
0.9
0
0.3
0.1
1.724
0.1
2.124
1.624
2.424
0.1
0.3
1.524
1.224
0.1
3.16
4.16
3.936
3.26
0.7
1.6
0
2.448
1.224
0.1
0.1
1.224
1.4
0.6
1.624
2.124
0.7
1.624
1.324
3.26
2.324
2.024
0
1.224
1.724
0
1.224
1
12.624
1.924
0.5
2.3
5.2
1.7
