1.724
1.624
2.2
2.424
1.824
2.036
1.524
1.224
0.1
1.224
1.424
0.3
1.324
3.824
3.324
1.324
1.324
1.224
1.324
1.824
1.936
2.036
0.1
1.224
2.124
1.324
2.948
0.4
1.324
0.1
1.524
0
4.6
0
1.624
1.5
0.1
0.1
0
0.7
0.1
5.16
0
0.1
0.2
0
1.924
1.824
0.5
0.1
0.1
0.1
0.7
1.324
0.1
0.1
1.224
1.324
0.1
1.1
3.624
1.724
0.3
3.224
3.96
0.4
1.224
1.424
0.3
4.024
0.7
1.824
1.624
2.036
6.86
2.924
1.224
1.524
1.324
0
1.5
1.224
0
1.324
0
1.224
1.224
0
0
4.948
0
0.2
2.548
1.224
1.224
0.3
0.4
1.224
1.524
1.424
0.2
2.424
2.524
0
1.224
0
1.224
1.8
1.424
0.1
3.148
2.548
0
1.224
0.1
2.336
1.224
1.324
0
0
8.424
0
1.324
2.324
1.424
0
0
0
0
1.924
1.524
0.1
1.524
0.1
3.36
0.3
0.1
1.324
0.6
2.324
1.224
2.648
1.324
0.4
1.224
1.224
0
1.324
0.1
1.424
0.1
0.1
0.2
1.224
1.1
0.3
2.648
0
2.824
0.3
0.3
1.324
0
2.548
1.824
1.324
0.3
1.324
1.824
5.924
1.324
2.124
2.448
0.4
2.648
1
1.424
1.224
1.836
0.5
0.6
1.724
1.524
1.524
2.724
1.724
0.6
1.324
1.324
1.424
1.824
0.4
0.3
2.024
1.224
0.2
0
1.324
0
1.5
5.296
1.836
3.06
3.46
4.436
3.16
1.836
2.536
2.136
1.836
1.836
2.236
4.46
3.06
3.672
10.384
1.936
22.444
1.836
4.896
3.06
2.036
3.736
1.936
1.836
2.336
1.836
1.836
2.836
3.06
3.46
3.06
1.624
1.836
0.5
0.1
5.824
2.136
3.06
0.5
1.836
1.2
2.236
0.1
2.448
0
3.872
1.224
0.1
4.724
0
1.624
1.424
1.224
0.3
0
3.06
3.224
1.624
0.6
0
1.224
1.724
0.6
0
1.224
3.324
0
0
0
0
0.4
0.1
0
4.424
0.1
0.1
1.324
4.484
4.284
2.448
1.324
1.824
1.224
3.46
0.2
1.936
1.836
1.324
2.036
1.836
0
1.224
4.824
1.224
1.224
0
1.824
1.324
1.324
1.724
2.448
0.2
1.824
1.924
1.224
2.324
1.824
1.224
2.024
1.324
1.224
1.424
1.224
1.224
0.4
0
1.424
1.324
1.424
1.324
1.624
1.824
1.824
1.924
0
1.224
0.1
1.324
1.224
3.824
2.948
0.1
4.16
3.16
1.224
0.1
1.224
4.124
1.324
2.448
0.3
6.024
3.148
1.1
0.6
0.1
0.4
3.524
2.648
1.524
2.648
4.024
7.848
1.324
2.336
0
2.448
1.324
2.824
0.5
1.324
0.1
0
1.224
1.624
0
0
3.26
0.2
0
0.3
0.5
1.224
1.224
1.224
3.724
1.224
1.224
1.324
1.924
3.924
1.936
1.224
1.224
0.2
0
0.9
0
0
1.424
3.36
4.724
1.524
2.124
0
3.672
0.5
0
1.224
0.1
1.936
0
2.024
1.524
1.936
1.224
1.224
0.3
0.1
4.424
1.1
1.624
1.936
1.524
1.324
0.2
1.324
2.748
1.624
1.836
3.16
0.7
2.924
1.324
0.2
3.26
1.424
1.1
0.7
2.548
3.048
0.3
0.3
0.9
1.724
0.1
4.248
0.6
2.648
1.324
4.784
2.448
1.424
1.524
1.836
1.224
1.324
0.4
2.036
1.624
1.936
1.224
1.624
1.324
0.1
4.16
1.424
1.224
3.624
0
1.324
0.1
0.9
1.524
1.324
0.4
3.8
3.76
1.324
1.6
4.3
0
0.4
1.824
0.7
2.624
3.06
0.7
1.4
1.224
1.224
0
0.2
1.324
0
1.224
2.324
2.024
1.224
0
1.224
2.036
1.524
0.3
1.836
1.324
0
0.7
0
3.36
1.924
0.9
1.224
1.324
1.324
1.836
1.2
1.224
1.224
0
1.324
0.1
1.836
0
1.324
3.26
0.1
1.324
1.224
5.548
0.1
1.224
0
1.224
0.7
2.524
1.324
1.936
0
0.2
1
1.4
0.1
0
1.324
1.224
0.7
0
0.4
2.224
1.524
2.848
0.4
1.824
0.4
0.9
4.26
1.224
0
0.1
1.324
0.3
0.6
0
1.936
0.1
0.9
0
0
2.948
0.3
1.224
1.224
3.548
1.836
3.46
0.7
2.236
1.524
1.224
1.524
1.224
1.224
0.2
1.836
0
0
0
3.2
0.8
0
1.324
1.224
0
1.936
0.1
0.2
1.324
0.3
1.524
1.224
4.284
1
0
1.224
0.1
0.4
1.836
0
1.224
1.424
2.848
1.224
0.1
1.824
5.684
0.4
1.224
1.224
0
1.624
1.5
4.684
1.324
1.1
0.4
0
2.2
1.524
0
1.424
0.2
0.3
1.524
1.224
1.324
0.8
0.2
0
1.424
1.324
0
1.836
1.324
0.1
1.836
0.1
0
0.1
1.824
0.6
3.16
1.224
1.824
0.1
1.224
0.5
1.224
1.624
2.548
0
0.1
0.8
0.5
0.1
3.46
0
1.224
1.424
2.2
0
0.8
1.836
3.16
1.224
0
0.2
1.524
0
0
0.2
0.1
0.1
3.348
0
2.448
1.924
1.724
0.8
0.1
1.624
3.136
0
0.2
1.224
0
3.348
0.1
1.824
0.3
1.836
0
1.324
0.1
0.7
2.448
0.8
1.224
0
0.1
0.2
1.424
1.924
2.548
2.236
0.1
0.8
2.636
0.1
1.224
1.224
0.2
1.324
1.224
1.224
1.424
0.6
1.724
1.224
1.624
0.4
0.3
1.224
0
0
1.836
0
1.224
0.1
9.584
0.1
0.5
0.1
1.224
1.936
1.424
1.936
0.6
1.424
1.624
1.424
1.2
2.848
0
0.7
1.324
1.224
0.3
1.224
0.1
0.3
1.524
1.224
0.2
0.2
1.224
7.024
1.5
1.624
1.824
3.448
1.224
1.224
0
0
1.836
1.224
2.236
3.16
1
0.4
0
2.448
0
0
0
1.424
0.1
0
1.224
1.224
0.2
0.1
1.224
1.836
0
2.224
1.324
2.324
1.8
2.136
0.3
1.424
1.324
0
1.324
3.16
0.8
4.724
3.26
1.224
3.16
0.1
0
1.836
3.848
1.224
1.624
0
1.224
1.824
0
1.324
0.5
1.224
0
0
0
0.5
1.324
3.16
1.224
2.236
3.26
1.324
0.1
1.224
0
1.624
1.224
1.324
1.924
1.936
1.224
1.936
1.324
0
1.424
0
0
1.624
1.424
0.3
0.2
1.324
1.424
0
1.836
2.448
1.424
1.224
1.2
0.1
0
0.1
3.024
2.748
0.4
0
0.4
2.236
0.2
1.324
1
0.5
1.224
2.524
2.448
1.324
2.448
1.324
1.424
1.836
0.2
0.9
2.624
0.1
0.1
1.836
1.224
0.1
0.5
2.036
0.2
0
0
1.824
1.324
0.1
0.3
1.224
0.2
0.1
1.524
1.324
1.324
1.324
1.624
0.1
0
0.1
1.324
1.424
1.324
2.524
1.824
0.2
1.224
1.624
0.1
0
1.224
0.5
2.648
0.5
3.66
1.936
3.86
3.26
1.324
2.624
3.424
0.4
3.06
3.16
3.06
4.072
3.26
5.56
3.06
6.284
3.36
2.836
3.36
3.36
3.06
5.284
3.26
3.16
3.36
3.672
3.672
3.672
2.236
1.936
3.26
0
0.6
0.7
0
0.4
6.46
3.26
2.024
1.224
0.2
1.224
1.424
1.324
0.7
4.46
3.46
4.06
0
4.148
1.224
1.224
1.836
0.1
2.036
4.284
5.084
4.684
0.2
1.2
3.16
1.936
3.56
3.26
2.124
1.936
0
2.448
1.424
1.224
0
0.6
0.6
0.1
0.4
0.1
3.236
4.16
0
0.1
2.224
1.1
0
0.6
2.7
0.9
2.936
1.424
1.224
0
2.224
2.124
0.4
1.324
3.06
0
4.024
1.936
4.948
0.1
0
0
2.224
0
1.3
0
3.26
0.2
0
2.724
0.4
1.224
0
0.2
0
0
1.324
0
7.148
0
1
0.1
1.324
2.448
0.6
1.224
2.548
1.224
0
0
1.424
3.124
3.448
0.7
0.1
1.424
1.624
0
0.1
0.2
0.2
5.1
1.524
0.2
1.424
0.1
4.724
0.2
1.624
1.224
1.3
0.1
2.224
1.324
1.836
1.224
0
1.1
0.1
1.2
1.324
0.2
3.36
1.324
0.3
1.524
0.1
0.2
0.8
0.3
1
1.524
2.748
1.324
0
1.624
0.7
1.524
1.224
1.524
2.548
1.324
0.4
0.1
2.448
0
0.2
1.624
3.26
2.1
1.624
0
1.224
0.5
2.448
1.2
1.324
0
1.224
0.2
3.16
1.224
1.224
1.424
1.524
3.224
0.2
0
1.224
1.224
2.224
0
0.1
0
1.224
2.648
1.424
1.624
1.836
0
1.1
0.2
0.1
1.424
2.024
0.1
0.4
0.3
0
0
1.324
2.948
2.648
0.1
3.16
0.3
1.224
1.324
1.324
2.448
0
1.224
0
0.5
1.224
0
2.448
0.2
0.1
1.424
0.2
1.224
0.1
1.2
2.224
0
1.8
0
1.224
0.1
0.8
1.624
1.424
1.324
4.324
1.824
1.224
1.324
1.824
1.324
2.624
2.224
0
0
1.224
1.224
0.4
0.1
1.324
0.3
1.224
2.448
0.3
4.048
0.1
0.7
1.324
0.4
1.224
1.324
0.5
0.8
1.724
0.3
0.1
0
7.424
0
0.1
1.224
2.548
0.7
0
1.424
1.524
0.3
1.924
1.524
0
0
0.2
1.324
0.1
1.4
0
1.824
0.4
0
0
1.324
1.936
0
0.1
0
1.936
1.424
0
1.424
1.324
2.024
0.4
1
1.824
1.924
0.4
1.824
1.224
1.324
0.2
5.424
3.124
1.324
1.224
4.06
1.224
1.224
0.1
1.524
0.3
0.4
0.1
2.648
0.1
1.524
1.424
1.524
1.224
0.6
0
2.636
3.724
1.224
0.4
0
1.224
1.324
0.8
0.1
0
1.524
0
0.1
1.224
0.1
0.5
1.424
0.3
0
3.16
1.424
1.324
0
3.56
1.324
0
0
0.1
0.6
2.548
0.2
0.1
0.5
0
0.4
2.824
2.824
1.224
1.624
0
5.384
1.224
0
2.2
1.624
1.324
2.448
1.324
1.224
1.224
0
1.724
0.3
1.224
1.224
0.7
0.2
0
1.2
2.548
0
0
1.224
0.4
1.6
1.724
0
0.1
1.224
0.5
0.2
0.1
2.224
0
1.936
1.924
0.5
1.624
1.224
0
1.836
0.2
1.224
1.624
0.5
0.2
1.224
1.624
1.324
0.2
1.224
1.224
1.324
0.1
0.3
0.1
1.624
1.324
0.1
0
0.3
2.236
0.4
0
0.8
1.224
1.224
1.224
0.1
0.2
1.324
0.1
0
0
1.324
0
0
1.324
0.9
1.224
1.224
1.424
0
1.224
0
1.424
0
0.9
1.324
2.236
1.224
0.4
2.548
2.236
0.5
1.724
1.224
0.1
0.1
0.5
0
0.3
3.76
1.724
0
1
0.5
1
1.324
1.224
2.848
1.224
2.424
0
0.1
0.7
0.1
0.2
0.1
3.06
1.424
1.524
2.648
1.224
0.2
0.1
0.3
0
0
0
0
3.26
0.2
4.424
0.8
1.624
2.224
1.224
1.324
1.824
0.9
0.3
0
0.2
1.424
1.224
2.436
0.3
1.924
0.1
0
4.148
1.224
0.1
2.836
0.1
1.524
2.624
3.048
1.424
2.848
0.5
0.4
0
0
1.824
1.224
1.224
0.7
0.4
0.2
1.524
0.1
1.224
0.8
3.16
1.936
0.2
1.324
2.448
0
1.324
0
1.324
0.1
0.9
0.6
0
0.1
1.524
1.224
0
0.3
1.324
1.224
2.724
0.3
1.324
0.2
0.1
0
0
0.1
0.1
1.424
1.224
1.324
1.424
0
1.424
0
5.948
1.324
1.224
0.8
2.824
1.224
2.448
0.3
0.3
0.3
0
0
0.1
1.424
1.224
0.1
1.324
5.46
0
0.2
0
1.224
0
0.1
0.3
1.324
1.524
0
2.648
1.224
0.5
1.424
1.224
0
1.224
0.3
1.224
0
1.224
1.224
2.548
0
0
0.1
0
2.124
1.5
1.724
0.2
1.424
1.936
0
0.4
1.324
4.484
0
0
1.324
0
1.924
1.224
2.424
1.624
3.16
0
0.3
0.3
1.924
0.6
0
1.224
0
0.4
1.524
1.724
1.224
1.724
0.1
1.224
0.2
1.424
1.424
0.4
0.1
1.224
0.2
0.4
0.5
2.324
2.524
0.1
0.1
1.524
1.224
0.1
0.1
0.2
1.224
1.224
0.2
0.2
0.1
1.224
0.1
0.1
1.424
2.448
0.1
1.224
2.448
0
0.1
0.6
1.424
2.624
1.324
2.724
1.324
1.924
2.1
1.224
2.448
1.224
1.8
0
0.3
0.1
0.7
1.936
0.1
2.036
0.3
0
1.324
1
0.5
2.124
1.724
0.1
1.5
0.1
0
0
1.324
0.2
3.66
1.424
1.324
3.26
1.324
1.224
0.4
0
0.1
0
0.2
0.5
0
3.16
6.224
0
0.1
1.224
1.424
2.024
2.7
2.924
1.224
2.436
0.1
0
3.124
1.424
2.648
0.5
0.3
0.5
1.936
0.2
0.4
6.148
0
0.2
0
3.06
0.4
0.1
1.624
1.324
0.1
0
0.8
0.2
0.8
0
0.1
2.124
1.624
0.3
1.424
0
3.124
1.324
3.06
0
1
0.9
0.1
0.4
0.1
0.1
1.524
2.748
2.024
0
1.224
2.436
1.1
3.06
0.1
1.224
0
1.2
1.324
0.1
0.5
2.824
0
1.324
0.1
2.648
1.224
0
0
1.8
2.424
1.324
0.4
1.924
0.4
0.7
1.324
1.5
0
3.36
0.3
0.4
0
0.1
1.224
1.836
1.224
1.524
4.284
1.324
0.1
1.524
2.324
0.2
0
1.824
2.7
1.224
6.424
1.424
0.2
0
1.324
1.224
1.224
1.324
1.836
1.824
1.224
1.724
2.448
1.324
0.5
3.26
0
9.06
0.3
1.224
1.836
3.724
0.6
5.524
2
1.224
3.524
0.3
3.16
0.3
0
0
1.224
1.924
1.224
3.26
1.936
1.224
0.5
2.548
2.036
1.836
0.1
0.2
2.024
0.1
2.948
0.5
0.1
0.4
1.424
1.524
0.1
1.724
1.324
4.048
0.1
0.2
1.324
1.224
1.224
3.06
3.56
4.86
3.06
0.9
0.6
0
2.448
1.224
0.1
0
1.324
0.7
0.6
1.524
1.624
0.3
1.524
1.324
4.484
1.824
1.424
1.224
4.284
1.324
0
1.324
0.7
5.924
2.024
0
1.4
4.324
0.6
