0.1
0.1
1.624
0
1.224
1.836
0
0
0
0
0.1
1.224
0
0.3
0.1
0
0
0
1.12
1.02
6.604
5.504
1.02
1.02
1.02
1.02
1.12
2.244
3.468
2.244
1.02
1.224
0.2
0
0
0.1
0
0
0
0
0
3.56
0
0
0
1.224
0
0
0
2.448
1.224
0
2.448
0
0
0
0
0.1
0
1.324
0.3
0
0
0
2.236
0
0.1
0
1.424
0.3
0.1
1.224
0
1.836
3.36
0.1
0
0
0
0.1
1.324
0
1.324
0
0
0
0
0
0
0.2
0
0
0
0
0
1.324
1.324
0
0.1
0
0
0
0.1
0
0
0
0
0.1
0
0
0.1
0
0
1.224
0
2.036
0
0
0
0
0.2
0
0
0.1
0
0
0.1
1.224
0
1.424
0
0
0
0
3.26
0.1
1.224
1.224
1.224
0
0
0
0
1.224
0
0
1.324
0.1
0
0
1.224
0
0
0
0
0.1
0.2
0
0
0
0
0
0
0
0
0
0
0
0
0.7
0
0
1.224
0
1.224
1.224
0
0
4.284
0.2
0.1
1.224
0
1.224
0
1.424
1.424
1.224
0.1
1.224
0.1
1.224
0
1.224
1.224
1.424
1.224
0.1
0
0.2
1.836
0
0
1.224
0.1
0
0
1.324
1.324
0
1.224
0
0.2
0
1.836
0.2
0
1.936
0
3.06
0
1.324
1.524
1.224
1.224
1.224
1.224
1.224
1.224
1.224
1.224
1.224
1.224
1.836
1.224
0
1.924
3.06
3.06
1.224
1.936
1.324
3.06
0.1
0
0
0
0
1.224
0.1
1.224
0
1.224
0
0
1.224
1.836
0
1.224
1.324
2.448
0
0
0.1
1.224
0
0.1
1.224
1.224
2.448
0
0.1
1.224
1.224
0
1.224
1.224
0
1.224
0
0
0
1.224
1.224
1.224
0
1.224
1.224
2.448
4.284
4.284
1.224
0
0
0
0
0
0
0
0
0
0
0.1
0.2
0
0
0
0
0
0
0
0
1.224
0
0
1.324
0
1.224
0
1.224
0
0
0
0
0
0
0
0
0
0
0.1
0
0
3.16
3.06
0
0
0
0.1
0
0
1.224
0.2
0
0
1.424
1.224
1.224
0.1
0
1.224
0
0.1
0.4
0
1.836
0
0
0
1.324
1.224
0
1.224
1.224
1.224
0
0
1.224
1.836
1.224
1.224
1.224
1.224
1.224
0
0
0
0
0
0
1.224
1.424
0
0
0
0
1.224
1.524
0
0
0
1.224
0
0
0
1.224
1.836
1.224
0
0
1.224
3.06
0
1.224
1.224
4.284
1.224
1.224
2.448
1.224
0
1.324
0.1
3.06
1.224
0
0
0
0.1
0
4.384
3.06
1.224
0.2
0
2.548
1.836
1.224
2.448
1.224
0
0
1.224
0
2.448
0.1
0
0
1.224
0.1
1.224
1.836
0
0
0
3.06
0
1.224
2.548
3.06
0
1.836
0
1.224
0
1.224
3.06
0
0
1.224
1.224
1.224
1.224
0.1
1.224
0
0.1
1.424
1.936
0
1.324
0
0
0
1.324
1.324
0
1.836
0
0
1.224
0
0
0
0
0
1.224
0.1
0
1.224
0
0
3.06
1.224
1.224
3.06
0
2.448
2.448
1.224
1.936
1.324
0
0
0
1.224
3.06
0.1
0
1.224
0
1.324
1.224
3.06
1.224
1.224
1.836
1.224
1.224
0
0.1
1.224
0
2.448
0
2.648
1.224
1.224
3.06
0
1.224
1.324
1.424
1.224
0
1.224
0
0
1.224
0.2
0
1.224
0
1.324
0
1.224
1.424
3.06
2.448
0
1.224
0
1.224
1.524
0
1.836
1.224
1.224
1.224
0
0
0.1
0
0
0
3.06
3.06
1.224
4.384
1.324
1.224
0
1.224
0
1.324
3.06
0
2.448
1.224
0
1.324
0
1.224
0
0
3.06
1.224
0.1
0
1.224
1.224
1.224
1.836
1.224
0
0
1.224
1.224
3.06
1.224
0.1
0
1.224
0
1.224
0
1.836
1.224
0
0
0
0
2.448
1.836
0
1.324
0
0
0.1
1.224
1.224
0
0
0
1.224
0
0
2.448
1.224
0
0
1.224
1.224
3.16
1.224
1.324
3.06
0
0
2.448
0.1
2.448
1.836
0
1.224
0
0
0
0
1.224
0
0
0
0.1
2.448
2.448
4.384
2.448
0
0
1.524
0
2.548
3.06
3.06
1.224
0
0
1.224
0
1.224
2.448
1.324
1.224
1.324
0
1.224
1.224
1.224
1.324
0
0
1.936
0
2.448
0
2.448
1.224
1.224
0.1
1.224
1.836
0
0
1.224
0
0
0
2.448
1.224
2.448
1.224
0
0
1.224
3.06
0
1.224
3.06
0
1.224
0
1.224
0
0
0
0.1
1.224
1.224
0.1
0
1.224
1.224
0
0
0
1.836
1.224
1.224
0
1.836
1.224
0
2.448
0
3.06
1.224
3.06
1.224
0
1.224
1.224
1.424
0
1.224
1.224
1.224
1.224
1.224
0
0.1
2.448
0
1.224
1.224
1.224
1.224
0.2
1.324
0
0
0.1
2.448
1.224
0
1.324
4.284
0
4.284
1.836
1.324
1.224
0
0
0
0
1.224
2.448
1.224
0
1.224
1.224
1.224
0
0
3.06
1.224
1.224
0
0
0
4.384
2.448
0
0
0
1.324
3.06
0
0
3.16
0.1
3.06
1.324
1.224
1.836
0
0
1.224
1.324
0
1.224
1.224
1.224
2.448
0
0
1.224
1.224
2.448
0
3.06
1.224
3.06
3.06
0
0
0
0
1.224
0
0
1.224
3.06
0
3.06
0
0
0
0
0
0
0
1.424
1.224
1.224
1.224
0
1.836
0
1.224
0
1.224
1.224
0
2.448
1.524
0
0
1.224
2.448
4.284
1.324
0
1.324
0
1.224
1.224
0
1.224
1.224
0.1
1.224
3.06
1.224
2.448
0.1
1.224
0
3.06
0
2.448
1.224
1.836
1.224
2.448
0
0
0
1.224
2.448
1.224
1.224
0
0
0
0
0
1.224
1.224
1.224
0
0
0
0.1
0
1.224
1.224
0
0.1
0
1.224
0
1.324
1.224
0
3.16
4.284
2.856
2.856
1.02
2.444
2.444
1.224
2.448
0
1.224
4.384
1.224
1.424
0
1.324
1.224
2.448
0
1.324
1.224
0
1.324
1.224
1.224
4.284
4.284
4.284
2.448
2.548
1.224
1.224
2.448
2.548
2.448
1.424
0
0
1.224
0
0
0
0
0
0
4.284
1.224
3.16
1.224
0.2
0
0
3.06
2.448
3.06
1.936
1.836
1.836
1.224
1.224
4.284
4.284
4.284
4.284
0.1
4.384
2.448
0
2.448
0.1
2.448
2.448
2.448
2.448
2.448
1.324
2.448
1.324
1.224
1.224
2.448
0.1
0
1.224
1.424
1.524
3.06
2.648
0.1
2.448
0
1.224
1.224
0
4.284
0
0
3.06
0.1
0
1.324
1.224
1.324
1.224
0
0
1.936
1.224
0
0
1.224
0
0
1.224
1.224
1.224
0
0
0.2
1.224
0.2
1.324
0
0
1.224
0
0
0
1.224
1.224
0
0.1
0.1
0.1
1.224
0
0
0
1.324
1.224
1.324
2.424
0
1.224
0.1
1.424
0.5
1.324
0
0
1.424
1.224
0
0
1.836
1.224
1.224
1.224
1.324
0.2
0
0
1.836
0
0
0
0
1.224
0.2
1.324
1.224
0
1.324
2.548
1.224
0.3
1.324
1.224
1.224
0
0
1.224
1.224
1.324
0
1.224
1.224
0
1.836
1.524
1.224
1.224
0
1.324
0
1.224
0
1.224
1.224
0
1.936
0
0
0
0
0.1
1.224
2.448
1.224
0
1.424
1.224
1.224
1.224
0
0
1.224
0.1
3.06
1.224
1.324
1.224
1.224
1.224
0
1.224
1.224
0.1
1.224
0
0
0
0
1.224
4.284
0.1
0
0
1.224
0
1.224
0.1
1.224
0.1
0
1.224
0
0
1.224
0.1
1.224
1.324
1.324
1.324
0.1
1.224
0.4
0
0
1.224
1.224
1.424
0.2
1.224
0.1
0.1
0
0
0
0.1
0.2
0.2
1.224
1.224
1.224
0
1.424
1.324
0
2.448
1.224
0
1.424
0
1.224
0.4
0
1.224
0
0
1.224
2.548
1.424
1.224
1.224
1.224
0
1.224
0
2.548
0
1.424
1.224
0
0.1
0.1
0.2
0
0
1.224
1.224
1.324
1.224
1.324
0
1.424
0
1.224
1.224
0
3.06
1.224
0
0.1
3.16
0.1
1.224
1.224
1.224
1.424
1.224
0.1
1.224
0
1.424
0
0
0
1.224
0.2
0.2
0
0
1.836
0
1.224
1.324
0
1.224
1.324
0
0
0
0
0
1.324
0.1
1.324
0
1.936
0
0
1.224
2.448
0
1.224
1.224
1.224
1.224
1.324
0
1.224
1.224
1.224
1.324
1.324
1.224
1.224
3.06
1.224
0
1.224
1.836
0
1.224
1.224
1.324
0
0
0
0
0.1
0
0
1.324
0
2.448
0
1.324
1.936
0
1.224
1.524
0.1
0
0
1.224
0
1.324
2.448
2.548
0.1
1.224
0
1.424
0
1.224
0
0
1.224
1.224
1.224
1.324
0
1.224
0
0
0
1.424
1.224
1.224
0
1.224
3.06
0
0.1
0.3
0
0
3.06
1.324
0
0.2
1.224
0.1
0
0
0
2.448
0
0
1.324
1.224
1.424
1.224
0
0
1.224
1.224
1.324
1.836
0.2
1.224
0.4
0
1.224
0
1.224
0
1.224
0.1
1.224
1.224
1.224
1.224
1.224
0
1.224
0
0.1
1.424
1.224
0
1.224
0
0
0
0
1.836
0
1.324
0.1
3.26
1.324
1.324
0
1.224
0.2
0
0
1.224
1.936
2.448
1.224
0
1.224
0.2
0
0
1.224
2.448
0
0
1.324
1.224
0
0
1.224
1.836
1.224
0
0
0
1.224
1.224
0
0
1.224
2.448
1.324
1.836
2.548
1.624
1.224
0.1
1.324
0
0
1.424
0.1
0.1
1.224
1.224
1.324
0
3.16
1.224
0
1.224
0
0
0
1.224
1.836
0
1.224
0.1
0
1.224
0.1
1.424
0
1.224
1.224
1.224
0
1.224
1.224
1.224
1.224
0
1.224
0
1.324
4.284
1.836
1.224
0
0
1.224
0
1.224
0
0.1
0.1
0.3
1.224
0
0
1.224
0
1.224
0.1
1.224
0.1
1.224
0
0
1.224
0
0
1.224
0
1.224
0
0.1
0
0
0
1.224
0.2
0
0
1.324
0.1
1.224
0
0
1.224
0
1.224
1.224
0
0
0
0
1.324
3.36
1.224
0
1.224
0
1.224
0.1
1.224
1.324
1.224
1.224
0
1.224
1.424
1.224
0
0
1.224
1.424
0
0
0
0
0
1.224
1.324
0.1
1.224
0.1
1.324
0.1
1.324
0
4.284
1.224
0.1
0
3.06
1.224
1.224
0
1.224
0
0
0
1.424
3.06
0
0.2
1.324
1.224
0.1
1.224
0
0
0.1
1.224
1.224
1.224
1.324
1.224
0
0
0.1
0
1.224
0
0
0
0
1.424
1.424
1.424
1.324
2.448
1.224
1.224
1.224
0
1.224
0
0
0
0
1.224
1.224
0
1.224
0
0
1.224
1.224
0
1.224
0
1.324
0
0.5
0
0
0
0.2
1.324
1.224
0
0
2.948
1.224
0
1.324
1.324
3.06
0
1.836
0
0.1
0
1.224
0
0
0
0
0.2
1.224
0
1.224
0
1.224
3.06
1.224
0
1.936
0
0
1.324
1.224
0
1.224
0.1
1.224
1.224
4.284
0.8
1.224
1.224
0.1
0
0.1
0.2
0.1
0
3.16
1.224
0
1.224
0
0.1
0
0
1.224
1.836
1.324
1.324
1.924
1.224
1.324
1.224
1.836
1.324
0
1.224
1.224
0
1.224
1.424
1.224
1.424
0
1.324
2.548
0.1
1.324
0
1.224
0
1.224
1.836
0
2.548
2.648
0.2
0.1
0.1
1.224
1.224
1.224
1.324
1.324
1.224
3.06
0.2
1.836
0
1.224
1.324
1.324
0
0
1.224
0.3
0
0.2
1.224
0.1
0
1.224
0
1.624
1.424
1.224
1.224
1.324
1.224
1.324
0.1
1.424
0
4.384
1.224
1.224
1.224
1.224
0
4.284
0
2.448
1.836
0
0
0.1
0
0.1
1.224
0.1
0
0
0.2
0
2.448
0
0
0
0
0
1.936
0.1
2.448
0.1
0
0
2.548
1.836
0
2.236
1.224
1.224
3.06
1.324
1.224
0
1.424
0
0.2
2.548
3.16
0.1
1.224
1.224
0
0
0
1.836
3.06
0
0
0
3.06
1.836
2.448
0
1.224
1.224
1.324
1.324
0
0
1.224
0
1.224
0
0
1.324
1.224
2.448
0.1
0
1.324
1.224
0
1.324
0
2.648
1.424
0
0
2.448
0
2.448
2.448
1.324
1.224
0
0.2
2.448
1.224
2.448
0
1.424
0
1.224
1.836
1.324
0
0
0
0.5
0
0
1.224
0.1
1.324
