0
0.1
2.648
1.324
2.548
0
0
1.224
0
0
0
1.224
0
0.3
0
0
0
1.224
1.224
1.224
1.324
1.224
1.224
1.224
0
1.224
1.224
1.224
2.448
1.224
1.224
1.224
0
1.224
0
0
0
0
0
0.2
0
1.424
0
0
0
1.224
0.1
0.2
0
1.224
1.224
0
1.224
0
0
1.224
0
0
0
1.424
0.1
0
0
1.224
0
0.1
0
0
1.424
0
0.2
1.324
0
0.1
1.324
0
1.224
0
0
0
2.748
0
1.224
0
0
0
0
0
1.224
1.324
0
1.224
0.1
0
0
1.224
1.224
0
2.448
1.224
0
0
0
0
1.224
0
0
0.1
0
1.224
0
0
0
1.224
0
0.1
0
1.224
0
0
0.2
0.1
1.224
0.1
0
1.224
0.2
1.224
1.224
1.324
0
0
0
1.224
1.224
0.1
1.224
1.224
1.424
0.1
0
1.224
0
1.224
0
0
1.224
0
0
0
1.224
0
0
0
0.2
0
0
0.1
0.2
0
0
0
0
0
0
0
1.224
0.1
0
1.624
0
0
1.224
0
1.224
2.448
0
1.224
1.224
0
0
2.448
0
2.448
0
2.548
1.324
1.224
0.1
2.548
0
1.224
0.1
1.324
1.224
1.324
1.224
0
0
1.424
1.836
3.06
1.836
1.936
2.136
1.836
1.836
3.06
4.484
3.06
4.284
1.936
3.36
1.836
1.836
2.036
1.836
2.036
1.836
1.836
2.856
7.828
3.36
5.508
4.284
3.06
3.06
3.06
4.684
3.06
4.384
4.284
1.224
0
2.448
0
2.848
1.224
0
1.324
0
1.624
1.224
0
0
1.224
1.224
2.448
1.224
0.2
0
0
0
0
1.224
1.224
0
0
2.448
1.424
2.448
0
0
0.1
3.672
0
0
3.672
0
2.448
0
0.1
0
2.448
0
0
2.448
1.224
3.06
1.836
2.244
1.224
3.872
3.672
4.284
0
4.284
4.284
1.224
1.324
1.324
3.672
0
0.1
0
0
2.448
0
0
0
1.224
0
0
0.1
0
0
0
0
1.224
0.1
1.224
0
1.224
1.224
1.224
2.448
0
1.224
0
1.224
0
0
0
0
0
0
0
2.448
0
0
1.324
1.224
2.448
1.424
1.224
0
1.224
0
0.4
0
0
1.224
1.224
0
0
1.224
2.548
2.548
0.2
0
1.324
0
0.1
0.4
1.224
0.1
0
0
1.224
1.324
1.224
0
1.224
1.224
1.224
1.02
2.244
4.692
1.02
3.468
3.468
2.444
2.344
2.344
2.244
1.02
3.568
1.02
1.02
1.02
3.468
3.868
5.304
1.02
2.244
1.12
4.692
2.644
1.12
1.02
1.02
5.304
2.644
2.244
2.244
2.244
1.836
0.2
0
1.224
2.448
2.448
0
2.548
2.448
1.324
3.672
3.672
1.224
2.548
0.1
1.224
1.424
0
1.224
0
0.2
1.224
1.324
0
1.224
2.448
2.448
1.224
0
1.224
1.224
1.324
1.324
2.448
1.224
0
1.224
0
2.448
1.224
0.1
0
1.224
1.224
2.448
1.224
1.224
1.224
1.224
2.448
2.448
1.224
1.224
1.224
1.224
0
1.224
1.424
0
0
0.1
2.548
0
2.448
1.224
1.324
1.224
0
2.448
0.1
0
1.524
0.1
1.224
1.424
1.224
0
1.224
2.448
1.524
1.224
1.224
0.2
1.524
1.224
0
0
0.1
1.224
0
2.448
1.224
1.324
1.224
0
2.448
2.448
2.548
0.1
0
1.224
1.224
3.772
2.448
0
1.324
0.1
0
0
2.448
2.448
1.324
1.224
0
0
2.748
2.448
1.224
3.672
2.448
1.224
1.224
2.448
0
0.2
1.224
0
1.224
1.224
3.772
1.324
2.448
1.224
0
2.448
2.648
2.648
1.324
0.1
3.672
0.1
0
1.224
0
1.324
2.548
1.224
0
1.224
1.224
2.648
2.448
1.224
0
0
0
2.448
1.524
0
0
1.324
2.748
1.224
0
1.224
0
0
0
0
1.224
0
1.324
1.324
2.448
1.224
0
1.224
1.224
1.424
0
1.224
1.224
1.224
0.3
1.624
1.224
1.224
0
0
2.448
3.672
0.1
1.224
1.224
1.224
2.448
0
0
0
0
1.224
1.324
0
2.448
0.1
1.224
1.224
0
2.448
1.224
1.324
1.324
1.224
1.224
0
1.224
1.324
0
0
0.3
0
0
0.2
2.448
2.448
1.224
0
0
1.224
1.224
1.224
2.548
3.672
0
0
1.224
0
1.324
1.224
1.224
2.448
2.448
0
1.224
1.324
2.548
0
1.224
1.224
2.448
0
0.2
1.224
1.324
0
0
0.1
0.1
1.224
2.448
1.224
2.448
1.224
0
2.748
0
2.548
1.224
0
1.224
1.224
1.224
2.548
0
2.448
1.224
2.648
2.448
1.224
0
2.448
1.324
1.324
2.648
0
1.224
2.448
0
2.548
1.224
1.224
2.448
1.224
0.1
3.772
0
1.224
2.448
1.224
0.3
1.224
1.224
1.224
2.448
2.448
2.448
1.224
1.224
2.548
0
0
2.448
1.224
0
2.448
0
2.448
2.448
0
0
1.224
2.548
1.224
2.448
0.1
2.548
1.224
0
0
0
1.224
2.448
2.448
2.448
0
1.224
0
2.448
1.224
2.448
1.224
2.448
1.224
1.224
2.448
0
1.224
1.224
1.224
3.772
2.448
1.224
2.948
0
0.1
1.224
1.224
2.448
2.448
1.324
2.448
0.3
3.772
0
0
0
2.548
1.224
0
1.224
1.224
1.224
1.424
1.224
1.424
2.748
0
1.224
2.448
0
2.448
2.448
2.448
0
1.224
1.224
2.548
0
2.448
2.448
1.224
1.524
0
1.324
1.324
1.224
2.448
2.448
1.324
0.1
2.548
0
1.224
1.324
2.548
0
1.224
1.524
2.448
0
1.224
0
2.648
2.548
0
3.872
2.448
2.448
2.548
2.448
1.224
1.224
2.448
1.324
1.224
2.548
2.548
0
2.448
0
0
0
1.224
2.448
0
0
1.324
2.448
0
2.448
0
0
0.1
0
0.1
0
1.224
3.772
2.448
1.224
3.672
1.224
0
2.448
1.224
1.224
3.972
3.672
0
2.548
3.872
0
0
2.448
1.224
1.324
1.224
1.224
1.324
0.1
0
2.448
0
2.448
2.448
1.224
2.548
2.448
1.224
2.648
0.1
0
0
2.448
1.224
1.224
1.424
1.224
1.224
1.224
2.448
0
1.224
2.448
2.448
2.448
0
0
1.224
1.224
0
0
2.448
0
0
0.1
1.224
0
0
1.324
1.324
1.224
0
0
1.224
1.224
0
1.224
2.448
0
2.448
1.224
0
0
1.224
2.648
2.648
1.224
4.284
3.16
4.284
3.16
5.508
4.684
4.284
4.384
5.808
4.484
1.836
4.284
4.284
3.26
5.908
5.304
5.304
3.06
3.06
3.06
4.284
3.16
4.284
1.224
2.448
2.648
2.548
2.748
3.16
3.06
3.872
0
1.02
1.02
1.02
2.244
2.444
2.444
5.304
2.448
3.672
1.224
1.224
1.224
1.224
1.224
1.224
1.224
1.324
1.224
2.548
1.224
1.224
1.324
1.224
1.224
1.424
1.224
1.224
0
2.548
0.1
2.548
2.648
1.424
1.224
2.548
3.672
4.584
3.16
0
0
2.448
1.324
1.224
2.448
2.748
2.848
0
1.324
1.224
1.224
0
1.224
2.448
0
1.224
0
0.3
0
0.1
0
3.672
1.324
1.624
3.672
0
0
0
1.324
0
0
1.224
1.224
0
1.224
0
0
1.224
0
1.424
1.224
0
1.224
0
0
2.548
0
0
0
1.324
1.224
0
1.224
0
0
1.224
0
0
2.448
1.224
1.224
1.324
1.524
0
1.224
0
1.324
0.1
2.448
0
0
1.324
1.324
0.1
0
0
1.224
3.672
1.224
1.224
0.1
0.1
0
0
0
0
0
1.224
1.224
0.2
2.448
1.324
0
1.324
1.224
1.224
0
2.548
1.224
1.224
0
0
3.672
1.224
2.448
1.224
1.224
1.324
0.1
0
1.224
1.224
1.224
0
1.324
0
1.324
0
1.224
3.672
0
0
0
1.224
0
0
0
1.324
2.448
2.448
0
1.424
1.224
1.224
1.224
0
0
1.224
0
2.448
1.224
1.224
1.224
1.224
1.224
0.1
1.224
1.224
0
1.224
1.224
0
0.1
0
1.324
1.224
0
0
0
1.224
0
1.224
1.224
2.448
0.1
1.224
1.224
0
0
1.224
1.224
1.224
1.224
1.324
1.224
0
1.224
0
0
0
1.224
1.224
1.224
2.448
1.224
0.2
0.2
0
1.324
0
0
0
0
2.448
1.224
1.224
0
1.224
1.324
0.1
1.224
1.224
0
1.224
0.1
1.224
0
1.224
1.224
0
0.2
2.448
1.324
2.548
3.672
1.224
1.224
1.424
1.224
0
1.224
0
1.324
2.448
0.1
0
0
0.1
0
0
1.224
1.224
2.448
1.224
1.424
1.224
3.672
2.448
1.224
1.224
0
1.224
1.224
0
0
1.324
0
2.448
1.224
2.548
1.324
1.224
0
2.448
0
1.224
0.2
0
0
1.224
0.2
0.1
0
0
0
0
1.224
2.448
0
2.548
2.448
1.224
0.1
0
0.1
0
1.224
0
1.324
0
0.1
0
1.224
1.224
1.224
0
1.224
1.224
1.224
2.448
1.224
0
1.224
1.224
1.224
1.224
1.224
1.324
1.224
1.224
1.224
0
1.224
0.1
0
2.448
1.224
1.224
2.448
0
0
0
0.3
0
0
1.324
0
1.224
0
1.324
0
0
1.224
1.524
0
0
0
2.448
0
1.224
1.224
1.324
0
1.224
0
1.224
0
1.224
0
1.224
1.224
1.224
1.224
1.424
0.2
1.224
0
0
0
1.224
1.224
1.224
0.1
1.224
1.224
1.224
0
0
0
0
1.224
1.224
0
0.1
1.324
0
0
0
0
2.448
0
0
3.872
2.548
1.224
1.224
0
1.224
1.224
1.224
1.224
0
0
1.224
0
0
1.224
0
1.224
1.224
2.448
0
1.224
1.224
3.672
1.224
2.448
0
2.448
0
0
2.448
2.448
0
1.224
0
1.224
0
1.224
0
2.448
1.224
0
1.424
1.224
1.224
0
2.448
0
0
0
3.672
0
1.224
1.224
0.1
1.224
0
0
0
2.448
1.224
0
0
1.224
1.224
0
0
1.224
0
0
0
0
0
2.448
1.224
0
0
2.448
2.548
1.224
0
2.548
1.324
1.224
0
1.424
0
0
1.224
1.224
1.224
3.672
1.224
3.672
0
1.424
1.224
0
1.324
1.224
0
0
1.224
0.2
0
1.224
0
0
2.448
0
1.224
0
1.324
1.224
2.648
0
1.224
2.648
1.224
1.224
1.224
1.224
0
2.548
1.224
0
1.324
0
0
2.448
0
1.224
0
0
0.2
0
2.448
0
0
1.224
0
1.224
0
2.448
0
1.324
0
0
1.224
0
0
2.448
0
2.548
0
0
0
1.224
0
2.448
0
0
0
1.224
0
1.224
0
0
2.448
0
1.224
2.448
0
0.1
0
1.224
2.548
1.424
1.224
1.224
2.448
0
2.448
0.1
1.224
2.448
3.672
1.224
0
1.224
1.324
1.324
1.224
0.1
1.224
2.448
0
0
2.448
0.1
0
1.224
1.224
0.1
1.224
0.1
1.224
0
1.324
0
1.224
1.224
1.224
0
1.224
2.448
1.224
0
1.324
0
0
0
1.324
1.224
0
0
1.224
2.448
0
1.224
0
0
0
1.324
2.648
1.224
1.324
1.224
0
0
0
0
1.324
0
0
0
0.1
1.224
1.324
1.224
1.224
1.224
1.424
2.448
1.224
0
3.672
1.224
0
0.1
0
2.448
3.672
0
1.224
0
0
2.448
2.448
0
1.224
0
2.548
0.1
0.2
0
0
0
0.1
1.324
3.672
0
0
2.748
1.224
0
3.672
1.424
1.224
0
0
0
0
0
2.448
0
0
1.324
0
0.2
3.672
0
2.448
0
1.224
1.324
1.224
0
0
0
0
1.224
1.224
0
1.324
0.1
1.424
1.224
1.224
0.3
1.324
1.224
0
1.224
0.2
2.548
0.1
0
2.548
2.448
1.224
1.224
0
0
0
0
1.224
0.1
1.224
1.224
2.848
1.224
2.448
1.224
0
1.224
0
1.224
1.224
0
2.448
2.448
2.448
1.324
0
1.224
1.224
0
1.224
0
1.224
0
1.324
0
0
1.324
1.224
0
0
0
1.224
1.224
2.448
1.224
1.324
2.448
1.324
0
0
0
2.448
1.224
1.224
2.448
0
1.224
0.1
1.224
0
1.224
0
1.324
1.224
0
2.448
1.224
1.324
1.424
1.324
1.324
1.624
0
1.224
1.224
1.224
3.972
4.792
1.224
1.224
0
1.324
0
1.224
0
0
0
1.324
0
0
1.224
0.1
0.1
0
0
0
1.224
0
0
0
1.224
0
0
1.224
1.424
1.424
0
1.224
1.324
0.1
0
1.424
0
1.224
0
1.324
1.424
0.2
1.524
0
0.3
2.548
2.448
0.1
1.224
1.224
0
0.1
1.224
0
0
1.224
0.1
1.224
0
1.224
2.548
0.1
0
3.772
1.224
1.224
1.224
2.448
1.224
0
0
1.224
1.224
1.524
2.448
2.548
0
1.224
1.224
3.06
1.836
4.484
4.284
1.424
1.524
0
1.02
1.224
1.02
2.548
2.448
1.224
2.448
0
1.224
2.548
1.224
2.448
3.06
4.792
1.224
2.448
0
2.448
0
0
0
0.1
0
0
0.1
1.424
0.1
