0.7
1
6.248
2.424
2.748
0
0.2
0
0.2
0
0.3
1.324
0.5
2.7
1.1
0
0
0
0
0
1.524
1.924
0
0
0.2
0.2
0.2
1.624
2.748
1.224
0
2.548
3.3
0
0.4
0.7
0
0
0.1
0.7
0.2
3.424
0
0.1
0.5
1.224
0.6
0.8
0.5
1.824
1.224
0.1
2.524
0.1
0.1
0.2
0.3
0.1
0
3.324
2.8
0.6
0.2
1.2
0.9
0.4
0.1
0.1
1.824
3.1
0.6
2.324
0.3
0.1
4.424
1.8
0
0.3
0.1
0
3.424
0
1.224
0.1
0.2
0
0
0
0
1.6
0.2
0.4
0.4
0.2
0
1.824
1.724
0
0.2
0
0.2
1.3
1.5
0.1
0
0.2
0
2.4
0.1
0.1
0.8
0
0.1
1.324
0.3
0.4
0
0.4
0.1
0.2
5.3
0.2
0.1
1
0.1
0
0.3
1.324
0
2.524
0.5
0.3
0.1
0
1.924
1.1
1.824
1.524
1.924
1.3
0.2
0.2
0
1.924
0
0
1.624
0.6
0.2
0.2
1.324
0.2
0.4
0.4
1.1
1.1
0.3
0.4
1.5
0.3
0.2
0
0.1
0
0.1
0.2
0.1
0
0
4.6
0.1
0.8
1.324
0.3
1.324
2.624
0
0.1
1.324
1.2
0.6
2.524
0.1
1.424
1.1
3.424
3.024
1.724
0.3
1.324
0.6
1.324
0.2
2.524
1.524
1.924
1.324
0.8
1.224
0.7
2.336
1.836
1.836
2.236
5.036
1.836
1.836
4.66
3.86
1.936
3.06
2.136
2.736
1.936
1.936
6.236
2.036
3.736
1.836
1.836
1.836
3.36
19.984
4.284
4.284
5.184
4.284
4.284
5.584
4.384
4.584
4.284
1.324
0
1.424
0
6.824
1.424
0
2.824
0
3.324
1.824
1.224
0.1
0
0
0.1
1.224
2.4
0
0.1
0.1
0
0
1.224
0
0.6
1.424
1.724
1.224
0
0.2
0.8
1.324
0
1.3
1.224
0
1.224
0
0.5
0
1.424
1.3
0.1
1.224
0.1
3.06
1.936
1.224
1.224
3.448
2.448
4.684
0
3.36
3.06
1.624
1.224
1.224
2.448
0
1.6
0
0
0
0.1
0.3
0
0
0
0.5
0.5
0
0
0.5
0.6
0
0.5
0.8
0
1.424
0
0
1.624
0
1.324
0
1.524
0
0.2
0.3
0.5
0.6
0
0
0.1
0.1
0
1.7
0.2
0.1
1.824
1.524
0
0
0
1.9
0
0
1.224
3.1
0.3
0.7
1.924
1.324
1.624
1.1
0.3
1.324
0.1
2.7
3.9
0
0.2
0
0
0
2.024
1.424
0.1
1.224
1.224
1.224
0.3
0
1.224
0
1.224
1.224
1.324
0.2
1.424
0
0
2.3
0
0.1
0.2
1.724
3.724
3.16
0
1.224
1.524
2.548
3.448
1.524
1.224
1.324
4.484
4.824
1.224
1.824
1.324
1.836
1.324
1.224
1.224
2.448
2.648
1.224
3.348
2.548
2.548
2.448
2.448
2.948
2.548
4.824
3.448
1.324
1.224
1.624
1.924
1.524
1.224
1.324
1.324
2.448
2.948
3.448
2.324
1.424
2.748
1.324
2.648
4.048
3.548
1.424
1.624
2.548
1.724
3.048
1.524
1.324
2.324
3.248
1.324
2.448
1.724
1.224
1.524
1.624
2.448
1.224
2.548
3.048
2.548
1.524
1.224
1.224
3.148
1.324
1.324
1.924
1.224
1.324
4.348
2.748
2.448
2.548
1.924
2.448
1.324
1.924
6.648
2.324
1.224
6.648
2.924
1.224
1.324
3.348
3.548
2.024
1.224
1.624
2.824
2.548
1.224
1.224
1.324
1.424
1.224
2.548
1.824
1.324
2.448
1.324
1.224
2.748
2.848
1.424
1.224
1.224
2.748
3.448
2.548
1.324
3.248
1.924
1.224
1.424
2.548
2.748
2.524
1.224
1.224
1.324
3.248
2.648
2.448
2.548
2.548
1.324
2.648
2.548
1.324
4.124
2.448
1.224
2.448
1.224
3.948
4.348
2.448
1.324
1.224
2.648
3.948
5.748
2.448
1.424
2.548
1.224
1.324
2.448
1.424
1.924
2.548
1.324
1.424
1.424
2.748
3.948
3.648
2.548
1.324
1.224
1.524
2.448
2.948
1.424
1.424
2.448
3.848
2.748
1.424
1.424
1.224
1.224
1.224
1.524
2.548
2.024
3.348
2.548
2.548
2.448
1.624
2.448
1.224
2.848
1.224
1.324
2.448
2.648
2.324
3.348
1.224
2.548
1.224
1.424
2.548
2.548
1.324
1.324
3.148
2.448
2.448
1.224
2.124
1.424
1.224
2.648
2.748
1.324
2.448
1.324
1.324
1.624
1.224
2.448
1.424
2.224
2.848
1.324
1.224
1.324
1.324
4.248
1.424
1.224
2.224
1.324
1.224
3.724
2.848
2.548
1.324
1.324
1.524
2.848
1.224
2.024
3.348
2.948
1.224
1.324
2.648
1.524
2.848
2.748
1.324
2.448
1.224
1.324
2.548
1.824
2.748
1.224
1.224
3.048
1.224
1.324
2.224
1.224
2.848
1.224
1.224
1.224
1.524
2.648
2.448
2.948
2.548
1.224
1.524
5.348
1.324
3.148
2.448
1.324
2.548
1.224
1.324
2.848
1.224
2.448
2.648
2.548
2.648
3.148
1.224
2.448
2.948
3.148
3.348
1.224
1.324
2.824
1.224
2.648
1.224
2.548
2.748
2.548
1.324
2.848
1.324
1.324
1.624
2.648
1.724
1.324
1.824
2.448
2.448
2.448
2.748
1.224
1.824
2.548
1.924
1.224
3.448
3.448
1.224
2.848
1.324
2.648
1.224
1.224
1.224
1.424
3.248
2.448
1.324
1.424
2.948
2.748
1.324
1.224
1.224
1.324
1.224
2.548
1.324
3.224
2.448
1.924
2.848
1.224
2.648
2.548
2.648
3.148
1.524
3.048
1.424
3.548
1.724
2.448
3.248
2.448
2.448
2.748
1.224
1.424
2.748
1.724
2.448
2.448
2.548
2.448
5.824
4.848
1.524
1.524
1.424
2.748
2.448
1.324
2.448
2.448
1.224
2.648
1.324
4.048
3.048
1.224
1.224
1.224
1.224
2.548
2.648
2.448
1.224
2.448
2.548
2.648
1.224
1.224
2.648
2.448
2.424
1.224
1.824
2.624
2.948
2.748
1.424
1.824
1.224
2.548
1.224
1.424
2.924
2.448
1.524
2.448
2.548
2.548
1.224
1.824
1.224
2.648
2.648
1.224
3.248
2.448
2.448
3.048
1.324
1.224
2.448
2.448
2.448
1.224
2.848
2.548
1.424
2.448
1.324
1.324
1.224
1.324
2.748
1.224
1.224
3.048
2.448
1.224
2.448
1.224
1.324
1.324
1.224
1.224
1.424
1.224
2.748
2.548
2.548
2.448
1.224
1.224
1.224
2.648
1.224
2.948
2.948
1.324
2.748
4.248
1.324
1.524
2.548
2.848
2.448
2.648
1.324
3.848
1.724
1.224
4.948
1.224
2.448
2.448
1.324
2.448
2.448
2.548
3.748
3.024
1.324
1.324
2.548
1.224
2.648
2.648
1.524
2.648
2.448
1.324
1.624
1.224
2.448
2.748
2.448
1.524
1.224
1.324
1.224
1.224
1.224
2.548
1.224
1.324
1.424
1.324
1.324
1.324
2.824
2.948
2.748
1.224
1.724
1.224
2.448
1.224
3.448
2.548
1.724
3.148
2.448
1.524
1.424
1.224
3.748
4.748
2.748
4.284
3.16
4.584
4.784
4.284
7.084
3.16
6.784
5.484
5.084
3.26
4.584
4.284
4.96
4.784
4.584
4.484
4.384
4.384
4.284
4.684
4.384
4.584
2.448
3.048
3.148
2.448
3.048
5.26
3.06
3.148
1.224
1.224
1.224
1.224
1.324
1.524
3.948
4.684
3.148
2.448
2.124
1.324
1.224
2.648
2.448
3.048
1.224
1.724
1.924
2.448
3.948
2.848
2.548
2.948
2.748
2.024
2.548
2.448
1.224
2.848
1.424
2.748
4.248
2.648
2.648
3.348
2.448
5.684
5.184
1.224
1.224
2.848
1
0.1
1.424
5.724
2.624
0.9
1.424
0
1.224
0.4
2.124
1.624
0
1.224
0
2
0
1.2
0.2
1.324
2.848
2.624
1.224
0.9
0
0.2
1.724
0
1
1.624
0
0.1
1.324
0
0
0.1
0
2.4
1.424
1
1.624
0
0
1.924
0
0
0.1
1.224
1.324
0.2
0.7
0.4
0.6
1.524
0
0.2
0
1.324
1.324
1.424
7.624
0.2
1.224
0.5
1.524
2.1
0.2
0
0
3.224
1.624
0.1
0.2
0
1.324
1.224
2.724
1.424
0.8
0
0.4
0
0
0.3
0.5
0
1.224
1.8
1.424
2.724
0.1
1.524
1.424
1.324
0.6
2.424
1.424
1.524
0.2
0.1
1.624
1.424
1.724
0.1
1.324
1.224
0.7
0
4.324
1.824
1.324
0
1.724
0.1
3.724
0.4
1.524
1.224
0.7
0.3
0
0.2
0
0.6
0.5
1.824
1.224
1.524
0
3.224
1.224
1.424
1.324
0
0.2
1.424
0.8
1.624
1.324
2.324
1.724
1.524
1.624
0.7
1.324
1.824
0.2
1.224
0
0
0.1
0.2
1.424
1.924
0
0
0
1.424
0
1.224
0.3
1.224
0.6
0.2
1.224
0.1
0.2
1.724
0.3
1.824
1.224
1.624
2.524
1
1.224
2.3
0
0
1.724
2.424
1.824
0.3
1.324
1.2
0.5
0
0
0.2
0.2
0.8
0.4
1.424
1.224
1.424
0
1.724
1.724
0
1.224
1.224
0
1.724
1.2
1.224
1.5
0
1.624
0.1
0.6
2.524
2.224
1.924
1.424
1.524
1.524
4
1.224
0
1.524
0.2
2.024
1.324
0.2
0.5
0.1
0.9
0.2
0.1
1.224
2.124
1.324
1.224
3.124
0
2.224
0.8
1.224
1.224
0.1
1.524
1.224
0
0.2
1.324
0
1.224
1.224
1.324
2.324
1.524
0.2
2.424
0.4
1.624
0.1
0
0
1.224
3.9
0.8
0.1
0.2
0.2
0.1
1.324
1.524
0.2
2.024
2.424
0
0.1
0
0.3
0.5
1.324
0.2
1.624
0.1
0.8
1.8
0
1.424
1.224
0.3
1.324
2.224
1.224
1.224
1.424
0.4
1.424
1.324
1.424
2.124
1.924
2.124
1.424
1.524
1.424
0.1
1.224
0
0
1.324
1.224
1.324
1.2
0.2
0.1
0.1
0.5
0
0
2.624
1.4
1.324
0.6
1.624
0.9
0
1.224
3.424
0.3
0
0
1.224
0.1
1.224
1.224
2.224
0.3
1.324
0
1.824
0.2
1.224
0.5
0
1.424
1.224
1.224
1.824
1.6
1.624
0.2
0
0.1
2.024
1.324
1.424
0.8
1.224
1.324
0.1
0.2
0.6
0
0.1
1.324
1.524
0
0.7
1.524
0.5
0.1
0.2
0.3
1.324
0.1
0.1
2.024
1.424
1.824
1.324
0.3
0.1
1.424
1.424
2.124
0.3
1
1.524
1
0
1.224
0
1.224
0.2
1.324
0
1.224
1.324
1.424
1.224
1.224
0.6
2.224
0.1
0.1
1.624
1.424
0.2
1.224
0.2
0.1
1.1
0.1
0.1
0
1.724
0.2
2.224
1.924
2.224
0
1.424
0.3
1
0
2.424
0.4
1.924
1.224
1.9
2.424
1.8
0
0.2
1.524
1.224
0.9
0
1.224
1.424
0
0.4
1.424
0
0.2
0.2
0.2
0
1.324
1.224
0.1
0
1.324
1.424
1.224
0.3
1.824
5.724
2.124
0.6
1.724
0.1
0.1
1.624
0.8
0.5
1.424
1.424
1.224
0
1.624
1.524
0.2
1.324
0
1.3
0.1
1.224
0.6
0.1
1.324
1.3
0.2
1.324
1.1
1.724
0.2
1.224
1.324
2.424
0
1.224
2.324
1.924
1.424
0.2
1.324
0
2.524
1.524
0
1.524
0.1
0
1.324
0
1.224
0
0.2
1.5
1.8
1.324
0
0.4
1.224
0.2
1.324
0.1
1.224
1.1
1.624
0.1
0.2
1.724
0.1
0.1
1.224
0
2.024
0.3
0.2
0
0
0.1
1.224
2.8
0
0
1.624
1
1.224
0
0.6
1.724
0.4
1.224
1.424
0
0
0
0.1
1.524
3.324
1.324
0.1
1.224
0
1.424
0.1
1.224
1.624
1.524
1.224
0
1.324
2.024
1.624
0
0
1.424
1.424
0
0
0.2
0.2
0
1.224
1.624
0.7
1.224
1.9
2.824
0.5
1.824
0.2
1.224
1.224
0.2
0
1.324
1.424
1.324
0
1.324
0.3
0
0.6
1.924
1.424
0
1.1
1.924
1.924
0.7
1.324
0
0
0.3
1.924
2.324
1.524
1.624
1.524
0
0.1
0.6
0
2.524
0.2
0
0.3
0.4
1.724
2.624
2.724
1.324
1.624
1.524
1.324
1.324
0.1
1.724
0.1
0
0.2
0.1
1.224
1.224
0
1.224
0.1
0
1.324
1.324
0
1.224
0
1.624
0.5
2.3
0.2
0.7
0.1
0.5
3.524
1.324
0
0
3.824
1.424
0
1.324
1.724
1.524
0.8
0.5
0.2
0.1
0.2
1.924
0.8
0.6
0.6
0.1
1.5
1.524
0
1.624
0.3
1.524
1.624
1.424
0.3
0.5
0.1
0
1.624
1.224
0.1
1.324
0.4
2.524
1.424
1.424
5
1.524
1.624
0
0
1.3
2.4
1.8
0
2.124
1.324
0
2.124
0.5
0.6
0.4
0.5
1.924
0.3
1.324
2.024
4.724
1.524
1.724
1.224
0.1
1.924
0
2.424
1.424
0.2
1.224
2.224
1.424
2.024
0
1.424
2.024
1
1.724
0.6
1.224
1.1
1.724
0
0.1
3.524
2.024
0.1
0.4
0.2
1.224
1.424
1.224
2.224
1.324
1.524
1.824
2.4
0
0
1.524
1.824
3.124
0.1
0.2
1.724
1.2
0
0.3
1.324
0.5
0.2
1.724
0
3.624
2.024
1.524
1.824
2.224
2.424
2.624
0.1
3.324
0
1.624
1.324
2.024
2.448
2.648
0
1.224
0
3.024
0
0.1
0
0.1
0.7
0.2
1.224
0.3
2.1
0
4
0
1.324
0
0
0
1.224
0
0.1
0.4
1.624
0.8
0
0
1.724
0.1
0
6.624
1.324
1.224
0
3.424
2.224
3
3.724
0
2.4
2.324
1.224
0.1
1.224
1.224
0.1
0.4
0.1
0
0.1
0
0.9
0
0
0
1.624
0.5
0.4
1.424
0.1
2.024
0
0.3
0
0.1
0
0
0
1.3
1.324
1.624
0.1
0
1.324
3.06
2.236
5.16
3.16
1.624
1.924
0
0
1.224
0
3.048
2.548
2.648
3.248
1.424
1.724
2.848
2.648
2.448
3.06
2.948
0.1
1.224
1.224
1.324
0
0
0.6
4.5
0.5
0.2
2.424
1.7
1.924
