0.4
0.4
3.248
1.324
3.248
0.1
0.1
0
0.1
0
0.1
1.324
0.1
0.6
0.1
0
0
0
0
0
1.224
1.324
0
0
0.2
0
0
1.424
2.448
1.224
0
2.448
0.2
0
0
0.1
0.1
0.1
0
0.3
0
2.224
0
0.1
0
1.224
0.1
0.4
0
1.324
1.224
0
1.324
0
0.1
0
0
0
0
1.524
0.4
0.3
0
0.3
0.2
0.2
0
0
1.224
0.4
0.2
1.524
0.1
0
2.024
0.3
0
0
0
0
1.624
0
1.224
0
0.1
0
0
0
0
0.2
0
0.1
0
0
0
1.424
1.324
0
0
0
0
0.4
0.2
0
0
0
0
0.8
0
0.1
0.3
0
0
1.224
0.2
0.3
0
0
0
0
1.3
0
0
0.1
0.2
0
0.1
1.324
0
1.524
0.1
0.1
0
0
1.324
0.5
1.424
1.224
1.424
0.4
0
0.2
0
1.224
0
0
1.224
0.2
0
0
1.224
0
0.1
0
0.2
0.2
0.1
0
0.4
0
0
0
0
0
0
0.1
0
0
0.1
1.2
0.1
0.1
1.224
0
1.224
1.524
0
0
1.224
0.1
0
1.624
0
1.224
0.1
2.024
1.624
1.224
0
1.224
0.2
1.224
0
1.824
1.224
1.324
1.224
0
1.224
0
2.036
1.836
1.836
2.036
2.936
1.836
1.836
3.06
3.16
1.836
3.06
1.836
2.436
1.836
1.836
3.036
1.836
2.336
1.836
1.836
1.836
3.06
5.184
4.284
4.284
8.084
4.284
4.284
4.584
4.284
4.384
4.284
1.224
0
1.324
0.2
2.924
1.324
0
1.724
0
2.224
1.324
1.224
0
0
0
0
1.224
0.4
0
0
0
0
0.1
1.224
0
0.1
1.324
1.824
1.224
0
0
0.3
1.224
0
0
1.224
0
1.224
0
0.1
0
1.424
0.2
0.1
1.324
0
3.06
1.836
1.224
1.224
2.748
2.448
4.584
0
3.06
3.16
1.224
1.224
1.224
2.448
0
0.2
0
0
0
0
0
0
0
0
0.2
0
0
0
0
0.3
0
0.1
0.2
0
1.224
0
0
1.224
0
1.224
0
1.424
0
0
0.1
0.1
0.2
0
0
0
0
0
0.5
0
0.1
1.424
1.224
0
0
0
0.5
0
0
1.224
0.4
0
0.2
1.524
1.224
1.524
0.2
0
1.224
0.1
0.6
1.5
0
0
0
0
0
1.324
1.224
0
1.224
1.224
1.224
0.1
0
1.224
0
1.324
1.224
1.224
0.1
1.324
0.1
0
0.6
0
0
0
1.424
1.624
3.06
0
1.224
1.324
2.748
2.448
1.224
1.324
1.224
4.284
1.924
1.224
1.424
1.224
1.936
1.324
1.224
1.224
2.448
2.648
1.224
2.748
2.448
2.448
2.448
2.448
2.548
2.448
2.224
3.248
1.424
1.224
1.324
1.324
1.324
1.324
1.424
1.324
2.448
2.448
2.848
1.524
1.224
2.648
1.224
2.448
2.648
2.648
1.324
1.224
2.448
1.324
2.848
1.224
1.224
1.724
2.448
1.524
2.448
1.224
1.224
1.224
1.224
2.448
1.224
2.448
2.548
2.448
1.324
1.224
1.224
2.748
1.224
1.224
1.324
1.224
1.324
2.548
2.648
2.448
2.448
1.324
2.548
1.324
1.524
3.648
1.724
1.224
4.148
1.524
1.224
1.224
2.848
3.148
1.424
1.224
1.424
1.424
2.448
1.224
1.224
1.224
1.424
1.224
2.448
1.224
1.324
2.448
1.224
1.224
2.548
2.448
1.224
1.224
1.224
2.548
2.848
2.448
1.224
2.848
1.224
1.224
1.224
2.448
2.448
1.524
1.224
1.224
1.224
2.848
2.548
2.448
2.448
2.448
1.324
2.448
2.448
1.224
1.624
2.448
1.224
2.448
1.224
2.848
2.748
2.448
1.224
1.224
2.448
3.248
3.548
2.648
1.224
2.548
1.224
1.324
2.448
1.224
1.424
2.548
1.224
1.224
1.324
2.848
2.848
2.848
2.448
1.224
1.224
1.224
2.448
2.448
1.224
1.224
2.448
3.248
2.448
1.224
1.224
1.324
1.224
1.224
1.324
2.448
1.424
2.848
2.448
2.448
2.448
1.324
2.448
1.324
2.448
1.224
1.224
2.448
2.548
1.724
2.648
1.224
2.448
1.224
1.224
2.448
2.448
1.224
1.324
2.448
2.448
2.448
1.224
1.524
1.324
1.224
2.548
2.648
1.224
2.448
1.324
1.224
1.624
1.224
2.548
1.224
1.424
2.648
1.224
1.224
1.224
1.424
3.148
1.324
1.224
1.624
1.324
1.224
2.124
2.648
2.448
1.224
1.424
1.224
2.448
1.224
1.324
2.548
2.648
1.224
1.324
2.448
1.224
2.748
2.448
1.224
2.448
1.424
1.224
2.448
1.424
2.548
1.224
1.224
2.748
1.324
1.324
1.424
1.224
2.748
1.324
1.224
1.224
1.324
2.748
2.448
2.448
2.448
1.224
1.624
3.348
1.224
2.948
2.548
1.224
2.448
1.224
1.224
2.448
1.224
2.448
2.448
2.448
2.648
2.548
1.224
2.448
2.648
2.748
2.848
1.224
1.324
1.624
1.224
2.448
1.324
2.548
2.748
2.448
1.224
2.648
1.324
1.324
1.424
2.548
1.324
1.224
1.224
2.448
2.448
2.448
2.648
1.224
1.324
2.448
1.324
1.224
2.748
2.448
1.224
2.548
1.224
2.448
1.324
1.224
1.224
1.224
2.748
2.448
1.224
1.324
2.648
2.648
1.224
1.224
1.224
1.224
1.224
2.448
1.324
2.024
2.548
1.324
2.448
1.224
2.548
2.448
2.548
2.448
1.324
2.648
1.324
3.348
1.224
2.448
2.648
2.448
2.448
2.548
1.224
1.324
2.548
1.624
2.448
2.448
2.448
2.448
2.124
2.848
1.224
1.224
1.424
2.548
2.448
1.224
2.448
2.448
1.224
2.448
1.224
2.848
2.648
1.224
1.224
1.224
1.224
2.448
2.448
2.448
1.224
2.548
2.548
2.548
1.324
1.224
2.548
2.548
1.624
1.224
1.324
1.324
2.448
2.648
1.224
1.424
1.224
2.548
1.224
1.224
1.624
2.448
1.224
2.448
2.548
2.448
1.224
1.324
1.224
2.548
2.448
1.224
2.648
2.448
2.448
2.548
1.224
1.224
2.448
2.448
2.548
1.424
2.548
2.448
1.224
2.448
1.224
1.224
1.224
1.224
2.448
1.224
1.224
2.548
2.448
1.224
2.448
1.224
1.324
1.324
1.224
1.224
1.224
1.224
2.548
2.548
2.448
2.448
1.224
1.224
1.324
2.448
1.224
2.848
2.548
1.224
2.548
3.048
1.224
1.224
2.448
2.448
2.448
2.448
1.224
3.148
1.424
1.224
2.948
1.224
2.448
2.448
1.324
2.548
2.548
2.448
2.948
1.824
1.224
1.224
2.448
1.224
2.648
2.548
1.324
2.448
2.448
1.224
1.224
1.324
2.448
2.548
2.448
1.224
1.224
1.224
1.224
1.224
1.224
2.648
1.224
1.224
1.224
1.224
1.224
1.224
1.624
2.648
2.548
1.224
1.324
1.224
2.448
1.224
2.448
2.448
1.824
2.448
2.648
1.224
1.224
1.224
2.848
2.948
2.748
4.284
3.06
4.284
4.284
4.384
4.484
3.06
4.684
4.684
4.384
3.36
4.284
4.284
4.06
4.484
4.284
4.384
4.284
4.284
4.284
4.284
4.384
4.384
2.448
2.548
2.548
2.448
2.448
3.36
3.06
2.648
1.224
1.224
1.324
1.224
1.224
1.324
2.648
4.384
2.548
2.648
1.324
1.224
1.224
2.448
2.448
2.748
1.224
1.424
1.324
2.448
2.848
2.448
2.448
2.448
2.448
1.224
2.448
2.448
1.224
2.548
1.224
2.448
2.848
2.648
2.448
2.548
2.548
4.784
4.284
1.224
1.224
2.548
0.9
0
1.524
2.524
1.224
0.5
1.324
0
1.224
0
1.424
1.424
0.1
1.224
0
0.3
0
0.1
0
1.224
2.548
1.524
1.224
0.1
0
0.1
1.424
0
0.2
1.324
0
0.1
1.224
0
0
0
0
0.7
1.224
0
1.224
0
0
1.724
0
0
0
1.224
1.224
0
0.1
0
0.1
1.224
0
0
0
1.224
1.224
1.424
2.924
0
1.424
0.1
1.324
0.2
0.1
0
0
1.524
1.324
0
0
0
1.324
1.224
1.924
1.224
0.6
0
0
0
0
0.1
0.1
0
1.224
0.2
1.324
1.424
0
1.324
1.424
1.224
0.1
1.324
1.224
1.224
0
0
1.324
1.324
1.224
0.1
1.224
1.224
0.1
0
2.024
1.224
1.224
0
1.424
0
1.824
0.1
1.224
1.224
0
0
0
0
0
0.2
0.2
1.224
1.224
1.324
0
1.524
1.224
1.224
1.324
0
0
1.324
0.2
1.224
1.324
1.424
1.224
1.224
1.324
0.1
1.324
1.224
0
1.224
0
0
0.1
0.1
1.224
1.224
0
0
0.1
1.224
0
1.224
0
1.224
0.4
0.1
1.224
0
0
1.324
0.1
1.324
1.224
1.324
1.524
0
1.224
0.2
0
0
1.224
1.324
1.224
0.2
1.224
0.2
0
0
0
0.1
0
0.2
0
1.224
1.224
1.224
0
1.224
1.224
0
1.224
1.224
0
1.524
0.1
1.224
0.2
0
1.224
0
0.2
1.524
1.524
1.224
1.224
1.324
1.224
0.4
1.224
0
1.224
0
1.424
1.224
0.1
0
0.1
0.2
0
0
1.224
1.224
1.224
1.224
1.524
0
1.424
0
1.224
1.224
0
1.324
1.224
0
0.2
1.224
0
1.224
1.224
1.224
1.524
1.224
0.2
1.424
0.2
1.324
0.2
0
0
1.224
0.8
0.3
0
0
0.3
0
1.324
1.324
0
1.224
1.624
0.1
0
0
0
0.1
1.224
0
1.324
0
0.6
0.5
0
1.224
1.224
0
1.224
1.524
1.224
1.224
1.224
0.1
1.224
1.224
1.224
1.424
1.224
1.524
1.324
1.324
1.524
0.1
1.224
0
0
1.324
1.224
1.224
0.1
0.1
0
0.1
0.3
0
0.1
1.324
0.6
1.224
0
1.224
0.4
0
1.224
1.924
0
0
0
1.224
0
1.224
1.224
1.424
0
1.224
0
1.324
0
1.224
0.1
0.1
1.224
1.324
1.224
1.224
0.4
1.224
0
0
0
1.524
1.224
1.224
0
1.224
1.224
0.2
0.1
0.3
0
0
1.224
1.624
0
0.1
1.224
0
0
0
0.1
1.224
0
0
1.424
1.324
1.524
1.224
0.1
0
1.324
1.224
1.324
0.2
0.3
1.224
0.4
0
1.224
0.1
1.324
0.1
1.224
0
1.224
1.224
1.224
1.224
1.224
0.1
1.324
0
0.1
1.224
1.224
0
1.224
0.1
0
0.1
0
0
0
1.324
0.1
1.324
1.324
1.224
0
1.224
0
0.1
0
1.324
0.2
1.224
1.224
0.3
1.424
0.1
0
0
1.224
1.224
0
0
1.224
1.324
0
0
1.224
0
0
0
0
0
1.324
1.224
0
0
1.224
1.324
1.224
0.1
1.324
2.124
1.424
0.1
1.324
0
0.1
1.324
0.2
0.2
1.324
1.224
1.224
0
1.524
1.224
0
1.224
0.1
0.2
0
1.224
0
0.1
1.224
0.4
0
1.224
0.2
1.224
0.1
1.224
1.224
1.324
0
1.224
1.324
1.224
1.224
0
1.224
0
1.724
1.424
0
1.224
0
0
1.224
0
1.224
0
0.1
0.6
0.3
1.224
0
0
1.224
0
1.224
0
1.224
0.4
1.324
0
0
1.224
0.1
0.1
1.224
0
1.424
0.1
0
0
0
0
1.224
0.7
0
0
1.424
0.3
1.224
0
0
1.224
0
1.224
1.324
0
0
0
0
1.224
2.024
1.224
0
1.224
0
1.224
0
1.224
1.224
1.224
1.224
0.1
1.224
1.224
1.224
0
0
1.224
1.324
0
0
0
0.2
0
1.224
1.224
0
1.224
0.3
1.924
0
1.224
0
1.224
1.324
0.1
0
1.224
1.224
1.224
0.1
1.224
0
0
0.1
1.324
1.224
0
0.3
1.224
1.724
0.1
1.324
0
0
0
1.524
1.224
1.224
1.324
1.224
0
0
0
0
1.224
0
0
0
0.5
1.224
1.424
1.624
1.224
1.424
1.224
1.224
1.224
0
1.224
0
0
0
0
1.224
1.224
0
1.224
0
0
1.324
1.224
0
1.224
0
1.324
0
0.8
0.1
0.1
0
0.2
1.824
1.224
0
0
1.824
1.224
0
1.424
1.324
1.224
0
0.2
0
0
0.1
1.224
0.1
0.3
0.2
0
0.3
1.224
0
1.224
0
1.424
1.324
1.324
0
0
0
0
1.324
1.224
0
1.224
0.1
1.224
1.224
1.324
1.2
1.324
1.224
0
0
0.6
0.5
0.6
0
1.324
1.224
0
1.524
0
0.1
0.2
0
1.324
0
1.224
1.424
2.024
1.224
1.424
1.224
0
1.324
0
1.624
1.324
0
1.224
1.424
1.224
1.324
0
1.224
1.224
0.3
1.324
0
1.224
0
1.424
0
0.1
1.824
1.224
0
0.1
0
1.224
1.224
1.224
1.324
1.224
1.224
1.324
0.4
0
0
1.224
1.424
1.324
0
0
1.224
0.4
0
0
1.224
0.1
0.1
1.324
0
1.824
1.424
1.224
1.324
1.424
1.424
2.124
0
1.824
0
1.324
1.324
1.524
2.448
2.448
0
1.224
0
1.224
0
0
0
0.1
0.3
0
1.224
0.1
0.3
0
0.5
0.2
1.224
0
0
0
1.224
0.1
0
0.1
1.224
0
0
0
1.224
0
0
2.424
1.324
1.224
0
1.624
1.324
0.3
2.224
0
0.3
1.724
1.224
0
1.224
1.224
0
0.3
0
0
0
0
0
0
0
0
1.324
0
0.2
1.224
0.3
1.424
0
0.1
0
0
0
0
0
0.6
1.224
1.224
0
0
1.224
3.06
1.836
3.86
3.06
1.224
1.824
0
0
1.224
0
2.448
2.448
2.548
2.548
1.424
1.424
2.548
2.548
2.448
3.16
2.548
0
1.224
1.224
1.224
0
0
0.2
1.2
0.1
0
1.424
0.2
1.524
