0.3
1.324
4.472
3.872
3.772
0.1
1.224
2.448
0
1.224
1.224
1.224
0
1.424
1.624
1.224
0
2.448
2.448
2.448
1.224
1.224
1.224
2.448
1.324
2.448
2.548
2.648
4.896
2.448
4.284
2.448
0.4
0.2
0
0
0
0
0
0
0
2.224
0
0
0
1.224
0.1
0
0
1.324
1.224
0
1.324
0
0.1
1.224
0
0.1
0
1.624
0.6
0.1
0
2.548
0
0.1
0
0.1
1.424
0.3
0.3
1.524
0
0.1
1.924
1.324
0
1.324
0
0
2.848
0
1.224
0
0
0
0
0
1.224
2.948
0.1
1.324
0.2
0
0
1.324
1.324
0
2.548
2.448
0
0.3
0.4
0
1.224
0
0
0.5
0
0.1
0.2
0
0
1.224
0
0.2
0
1.224
0
0
1.1
0
2.448
0.3
0.1
0
0
1.224
0.1
1.424
0.1
0
0
0
1.224
0.1
1.224
1.524
1.424
0.1
1.224
2.648
0
1.324
0
0
1.224
0.2
0.1
0
1.224
0.1
0.1
0
0.4
0.2
0.1
0
0.1
0
0
0
0
0
0
0
1.324
0
0.1
3.548
0.1
0.1
1.224
0.1
1.224
2.748
0
0
1.224
0.1
0
1.324
1.224
2.448
0.1
2.548
1.624
1.224
0
2.548
1.324
1.524
0.2
1.424
1.324
1.224
1.224
0
1.324
1.524
1.836
3.06
1.836
1.836
2.436
1.836
1.836
3.16
4.284
3.06
4.284
1.936
4.484
1.836
1.836
2.536
1.836
3.46
1.836
1.836
1.836
4.384
4.584
5.508
5.508
4.384
4.284
4.384
5.808
4.284
11.968
8.568
1.224
0
2.848
0
3.448
1.324
0
1.424
0
1.624
1.324
1.324
1.836
1.224
1.224
1.224
1.324
1.924
0
0
0
0
1.324
1.224
0
0
3.772
1.224
2.448
0
1.224
0.3
2.448
0
1.224
2.448
0
2.448
0
0.1
0
2.448
0.3
0
2.448
0
3.06
1.836
2.448
1.224
3.772
4.896
6.008
0
3.06
3.06
3.26
3.06
3.06
5.508
1.836
0.1
1.224
0
1.224
0
0
0
2.448
0
0.2
1.424
1.224
0
0.2
0.2
2.448
0.2
1.324
0
1.324
2.448
2.448
2.548
0
1.224
1.224
1.324
0
1.224
0.2
0
0
0
0
1.224
1.224
0
3.048
2.448
1.224
2.548
2.448
0
0
1.224
0.1
1.224
0
1.224
0.5
0.1
0.3
1.324
1.224
2.448
0.1
0.1
1.224
0
0.2
1
2.448
0.2
0
0
2.448
1.424
1.224
1.324
1.224
1.224
1.224
1.224
1.224
2.448
1.324
2.548
2.448
1.324
1.324
2.448
2.448
0
1.524
1.224
1.224
1.224
3.872
4.372
4.284
1.836
3.672
1.324
3.772
2.748
1.224
1.224
2.448
6.732
5.072
2.448
4.172
3.16
1.836
1.324
1.224
3.672
3.672
3.872
1.224
2.748
2.448
2.448
3.672
3.672
2.448
3.672
3.248
2.748
2.648
1.224
3.772
1.224
1.424
3.672
2.548
1.324
2.448
5.196
2.648
4.072
1.224
2.648
3.672
2.448
2.848
3.772
3.672
1.324
2.448
1.224
3.872
3.772
1.224
1.524
2.648
3.772
4.896
3.872
3.672
2.448
3.672
3.672
2.448
2.448
3.048
2.448
3.672
1.224
3.672
2.748
1.224
1.324
2.448
2.448
1.224
5.696
2.548
2.448
2.448
1.924
4.896
1.224
1.524
3.048
1.624
3.672
2.748
1.824
1.224
2.448
4.996
2.748
3.672
2.448
1.224
2.748
2.448
2.448
1.224
1.224
3.672
1.224
3.672
3.772
3.972
2.448
1.224
2.448
3.872
3.872
1.324
1.224
3.672
2.448
3.872
3.672
2.448
2.548
1.324
1.224
2.448
2.648
3.772
3.448
3.672
1.224
1.324
3.872
3.672
2.448
3.672
3.872
3.672
2.548
4.996
1.224
1.724
2.448
1.224
2.448
3.672
3.672
2.948
2.448
2.448
1.224
3.672
3.972
3.972
2.448
1.224
3.872
1.324
1.224
2.648
1.224
3.772
2.448
3.672
1.224
4.172
2.548
4.072
5.396
2.448
1.224
1.224
2.548
3.772
2.448
1.224
1.324
2.448
3.872
2.448
1.224
3.772
1.224
1.324
1.224
1.224
2.448
1.524
3.048
2.548
4.896
3.672
2.648
2.448
3.672
2.448
1.224
2.448
2.448
2.448
1.524
2.548
2.548
2.448
2.448
1.224
2.448
3.672
1.424
3.672
2.648
3.672
4.896
1.224
1.424
1.224
1.224
2.548
2.548
1.224
3.672
1.224
3.672
3.872
2.448
3.672
3.672
4.072
2.548
3.672
3.672
1.224
2.548
2.848
2.448
2.448
1.524
1.324
1.224
1.924
4.996
3.672
3.672
1.424
1.324
2.548
3.672
3.672
3.972
3.872
1.224
2.648
2.648
1.324
2.648
2.448
2.448
3.772
2.448
1.324
2.448
3.772
3.672
2.448
1.224
2.448
2.448
1.224
1.824
3.672
3.872
1.324
1.224
1.224
1.324
2.548
3.672
3.772
3.872
3.672
2.448
4.072
1.324
3.872
2.448
1.224
2.448
1.324
2.548
3.672
1.224
3.672
2.448
3.772
3.672
4.072
1.224
4.896
3.872
4.072
3.772
1.224
3.672
3.048
1.224
3.772
3.672
2.448
4.996
2.548
2.448
3.672
1.224
2.448
2.448
2.448
1.424
3.672
1.324
2.448
3.672
3.672
2.448
3.972
2.548
3.772
1.324
1.324
2.548
2.648
1.224
4.896
1.224
3.672
3.672
1.224
1.224
3.672
3.772
3.772
3.672
2.548
3.672
2.548
1.324
1.224
1.324
1.224
2.548
4.896
2.448
2.848
2.448
1.324
3.672
3.672
3.772
2.448
3.672
2.548
3.772
3.772
1.224
2.548
2.448
2.448
3.772
4.896
2.448
2.448
1.224
1.224
2.648
2.748
2.448
3.672
2.448
3.672
3.348
4.372
2.548
1.324
2.548
3.872
2.448
1.224
2.448
2.448
3.672
2.448
2.448
2.748
3.772
1.224
3.672
2.448
1.224
3.672
4.996
3.672
1.224
3.672
3.672
3.672
1.324
2.448
3.672
2.448
3.772
1.224
4.372
2.648
2.648
3.972
3.772
2.648
1.324
3.672
1.224
2.648
2.748
5.096
1.324
3.672
2.448
2.548
1.224
2.448
1.224
4.996
3.872
1.224
3.772
3.672
4.896
3.772
3.672
2.448
2.448
3.672
2.748
3.672
3.872
4.896
1.224
3.672
2.548
1.224
1.224
1.324
4.996
1.224
1.224
2.748
3.772
2.448
3.672
2.448
1.324
2.448
1.224
1.324
1.224
3.672
3.672
3.872
2.448
3.772
2.448
1.224
3.772
2.448
2.448
3.872
3.672
1.224
3.672
4.172
1.224
1.324
2.448
2.448
2.648
2.648
3.772
2.548
1.524
1.224
4.172
1.224
3.772
3.672
3.672
3.672
3.672
2.448
4.072
1.724
1.324
1.224
3.672
3.672
2.448
2.448
2.448
2.648
2.548
2.448
1.324
3.672
2.448
3.772
4.896
1.224
1.224
3.672
2.448
2.548
1.224
2.448
1.224
1.324
1.224
2.448
1.224
1.224
3.972
2.648
2.548
1.224
2.648
2.448
2.448
1.224
2.448
4.896
1.824
3.972
2.448
2.448
1.324
3.672
7.632
8.332
2.448
5.508
5.508
5.508
4.384
5.608
6.008
4.384
7.332
5.808
4.484
3.06
6.932
5.508
5.808
5.608
6.732
6.732
4.284
4.284
4.284
5.708
6.32
7.544
2.448
3.772
3.972
3.872
3.672
4.384
4.284
5.708
1.224
1.224
1.224
2.448
3.672
2.648
2.948
6.932
5.096
3.672
3.972
3.672
2.448
2.448
2.548
2.448
3.672
3.772
3.772
3.772
2.548
2.548
2.548
2.548
2.548
4.684
4.284
4.284
3.06
5.508
3.06
5.608
6.008
4.384
4.284
5.508
5.708
7.444
6.32
3.06
3.06
5.608
1.424
1.224
2.548
2.948
2.648
1.936
2.448
2.448
1.224
0
1.524
2.548
0
1.224
0
2.324
0
0.3
0
2.448
2.448
1.524
2.448
0
0
0
1.224
0.2
0
1.224
0
0
1.224
0
0
2.448
0
2.848
1.324
0.1
1.324
0
0
1.324
0
1.224
1.224
1.224
1.224
1.224
2.748
0
0.3
1.324
1.224
1.224
1.224
1.224
1.324
1.324
2.424
0.2
1.324
0
1.424
1.624
1.224
1.224
0
1.324
1.324
0.1
1.324
0
1.324
2.448
1.524
1.224
0.2
0.1
0.2
1.224
0
0
0
1.224
1.524
0.3
1.224
1.524
1.424
1.224
2.448
1.224
0.1
2.448
1.224
1.224
1.224
0.1
2.448
1.224
1.224
2.448
1.224
1.224
1.224
0
1.524
2.548
1.224
0
1.224
1.224
1.624
0.3
1.224
2.448
0.1
0
0
0.1
0
0
0
1.324
1.224
1.324
1.224
1.424
1.224
1.224
1.224
0
0
1.224
0.1
1.224
1.224
1.524
1.224
1.224
1.224
0.2
1.224
1.224
0.1
1.224
1.224
0
1.324
1.224
1.324
1.424
0.1
0
0
1.324
0
1.224
1.224
1.224
0.2
0
1.224
0
0.2
1.324
2.448
1.224
1.224
1.224
1.324
0.2
1.224
0.2
0
0
1.224
1.424
1.224
1.224
1.224
1.524
0.1
1.224
2.548
1.224
0
0
1.324
1.224
1.224
2.448
1.224
1.324
1.224
0
1.224
1.224
0
1.224
1.424
1.224
0.1
1.224
1.224
0
0.1
1.524
1.324
1.224
2.548
1.224
1.224
0.6
1.224
0
1.224
0
1.224
1.224
0
0.1
0.1
0.5
0.1
0
1.224
1.324
1.224
1.224
1.424
0
2.448
1.224
1.224
1.224
0.1
1.224
1.224
0
0
1.324
1.224
1.224
1.224
1.224
1.324
1.324
0.2
1.324
0.1
1.224
1.224
1.224
1.324
1.224
0.7
1.524
1.224
0
0.1
1.224
1.224
1.224
0.1
1.424
2.648
0
0
0
0
0.2
1.224
0
1.224
0
0.3
0.5
1.224
1.224
1.224
0
1.224
1.324
1.224
2.448
1.324
0.3
1.224
1.224
1.424
1.324
1.324
1.424
1.224
1.224
1.224
0.1
1.224
1.224
1.224
1.224
1.224
1.224
1.424
0
0
0
0.1
0
0
2.648
1.324
2.648
0.3
1.224
0.1
0
1.224
1.524
1.324
1.224
0
2.448
0
1.224
1.224
1.324
0
1.324
0
1.224
0
1.224
0.2
2.548
1.224
1.224
1.324
1.324
0.6
1.224
0.1
0
0
1.324
1.224
1.224
0.3
1.224
1.224
1.224
0.1
0
1.224
0.1
1.224
1.224
1.224
1.324
1.224
0.2
0.1
1.224
1.224
2.448
0
0
2.448
1.224
1.224
1.224
0.1
1.224
1.224
1.324
1.224
0
0
1.324
0.1
0
1.224
0
1.224
1.224
3.672
0.1
1.224
1.224
2.448
1.224
1.224
0
2.548
1.224
0
1.224
1.224
0
1.224
0.2
1.224
0.1
0.1
0
1.224
1.324
1.324
1.624
1.324
1.324
0
1.224
0.2
0.1
0
2.548
1.424
1.224
1.224
0.5
1.324
0.4
1.224
0
2.448
1.224
1.324
0
1.224
1.224
0
0
1.224
0
0
1.324
0
0
1.224
1.224
0.1
0
1.224
1.224
1.224
1.324
1.324
3.248
1.224
0.1
2.548
0
0.1
1.324
0.1
0.1
2.448
1.324
2.448
1.224
1.324
1.424
1.324
1.224
1.224
0.2
0
1.224
0.3
0
1.224
0.3
0
1.224
0.1
1.224
0.2
1.224
1.224
1.624
0
1.224
2.648
1.224
1.224
1.224
1.224
0
1.224
1.224
0
1.324
0.1
0.2
1.224
0.1
1.224
0
0.1
0.4
0.5
1.224
0
1.224
1.224
0
1.324
0
1.224
0.3
1.224
0.1
0.1
1.224
0
0
1.224
0
1.224
0
0.1
1.224
0.1
1.224
1.224
0.6
0
0
1.824
1.624
1.224
0
0.2
1.224
0
1.224
2.548
0
1.224
1.224
0
1.224
2.948
1.224
0
1.224
0
2.448
0
1.224
1.324
2.448
1.224
0
2.448
1.324
1.324
2.548
0
1.224
2.448
0
0
1.224
0
0
1.224
1.224
0
1.224
0.1
1.724
1.324
1.224
1.224
1.224
1.224
0
1.224
1.224
1.224
1.224
1.224
1.224
1.324
0.1
0.1
1.324
2.548
0
0.4
1.224
2.448
0.1
1.224
1.224
0.1
0.1
1.224
2.448
1.424
1.224
1.224
0
0
0.1
0
1.524
0
1.224
0
0.1
1.224
1.424
1.524
1.224
1.224
1.324
2.448
1.324
0
2.548
2.448
1.224
0
0
2.448
2.448
0
1.224
0
1.224
1.224
1.224
0
1.224
0
2.548
0.1
0.8
0.1
0
1.224
0.1
1.824
2.448
0
0
3.348
1.224
0
2.548
1.424
1.224
0.1
0.1
0
0
1.224
2.748
0.1
1.324
2.648
0
0.3
2.448
0
1.224
1.224
1.324
2.548
1.224
0
1.224
1.224
1.224
1.224
1.224
0
1.324
0.1
1.224
1.224
1.324
2.024
1.324
1.224
0
2.548
0.3
1.724
1.624
0
1.324
1.224
0
2.548
0
0.2
0.3
0
1.524
0.1
1.224
1.424
2.848
1.424
1.324
1.224
0
1.524
0.1
1.224
1.224
0
1.224
2.548
1.224
1.224
0
1.424
1.424
1.324
1.324
0
1.224
0
1.424
0
0
1.524
1.324
0
0.1
0
1.324
1.224
1.324
1.224
1.224
1.224
1.424
0.4
0
0
1.324
1.324
1.324
1.224
0
1.624
1.924
1.224
0.1
1.324
0.2
0
1.224
0.1
1.324
1.224
1.224
1.324
1.624
1.324
1.224
0
1.324
0.1
1.424
2.448
2.548
2.448
2.448
0
1.324
1.224
1.324
1.224
0.2
0
2.448
1.424
0.1
1.224
1.324
0.4
0
1.1
1.424
1.224
0
0
0
3.672
0
0
2.448
1.324
2.548
0
2.548
1.224
1.424
0
4.572
1.424
1.224
1.836
4.684
3.26
2.336
3.16
1.836
2.336
4.284
5.508
1.836
3.06
3.06
3.06
3.36
3.06
1.836
1.836
4.284
1.936
4.384
1.836
3.06
4.384
1.936
3.26
4.284
4.984
3.16
3.06
3.06
4.484
1.836
1.836
3.06
1.836
5.784
4.284
4.284
1.936
3.06
4.284
4.896
3.672
9.544
6.12
3.16
3.26
1.836
1.836
3.06
1.936
5.708
5.508
4.284
5.708
3.16
4.284
5.608
4.284
5.508
7.344
5.708
2.136
5.508
4.284
3.16
1.836
1.836
0
1.3
0
0
1.924
2.848
1.324
