0
0
2.648
3.26
2.548
0
0
1.224
0
0
0
1.324
0
0.2
0.2
0
0.1
1.224
1.224
1.224
1.224
1.224
1.224
1.224
2.036
1.224
1.324
1.324
2.448
1.224
1.224
1.224
0.3
0
0
0.1
0
0
0
0.1
0
1.524
0
0
0.1
1.224
0.1
0
0
1.324
1.224
0.1
1.324
0
0
1.324
0
0
0
1.424
0.1
0
0
1.224
0
0.1
0
0
1.324
0
0.2
1.324
0.1
0
1.324
0.4
0
0
0
0
2.848
0
1.224
0
0
0
0
0
1.224
1.324
0
1.224
0
0
0
1.224
1.324
0
1.224
1.224
0
0
0.2
0
3.06
0
0
0.2
0.1
0
0.1
0
0
1.224
0
0.1
0
1.224
0
0
0.4
0
1.224
0
0
0
0
1.224
0
1.324
0
0
0.1
0
1.224
0
1.224
1.224
1.224
0.1
0
1.324
0
1.324
0
0
1.224
0
0
0
1.224
0.1
0
0.1
0
0
0.2
0
0.2
0
0
0
0
0
0.1
0
1.224
0
0
1.724
0
0.1
1.224
0
1.224
2.548
0
0
1.324
0.1
0
1.324
0
2.448
0.1
2.448
1.324
1.224
0.1
2.448
0
1.224
0
1.324
1.224
1.224
1.324
0
0
1.224
0
1.224
0
0.1
0.1
0
0.1
1.224
2.448
1.224
2.448
0
1.424
0
0
0
0.1
0.5
0
0
0
2.448
1.424
2.448
2.448
1.324
1.224
1.224
2.448
1.224
2.848
2.448
2.344
2.856
6.804
1.02
3.868
2.244
1.02
2.244
2.856
2.444
4.18
1.02
1.02
1.224
0
1.224
1.224
2.436
0
0
0
0
1.324
1.224
0
0
2.548
1.224
4.484
0
0
0.1
2.448
0
0.1
2.448
0
2.448
0
0
0.1
2.448
0.1
0
2.448
0
1.324
0
1.224
0
2.548
2.448
2.448
0.1
1.224
1.224
1.224
1.324
1.224
2.448
0
0.1
0
0
1.224
0
0
0.1
1.324
0
0.1
0
0
0
0
0.2
1.324
0.1
3.26
0
1.324
1.224
1.224
2.448
0
1.224
0
1.224
0
0
0.1
0.2
0
0
0
1.224
0
0
1.324
1.224
1.224
3.36
3.16
0
0.1
0
0.2
0
0
1.424
0.4
0.1
0.3
3.16
1.224
4.384
0
0
1.224
0.1
0.3
0.4
1.224
1.836
0
0
1.224
1.224
1.224
0.1
1.324
1.224
1.224
0
3.06
2.448
1.836
2.448
2.448
1.224
3.16
3.06
1.224
0
1.324
0
0
0
2.448
2.648
1.224
0
1.224
0
2.448
1.324
0.1
1.836
0
2.448
3.36
1.224
3.06
1.224
0
0.2
0
1.224
2.448
4.384
0
1.224
1.224
1.224
2.448
2.448
3.26
2.448
0.6
1.224
1.324
0
1.224
0
0
1.224
1.224
0
1.224
2.548
1.424
1.224
0
3.16
1.224
1.324
3.26
4.584
3.16
0
3.16
2.036
4.384
1.324
0
0.4
1.424
1.224
4.384
1.224
1.224
1.224
1.224
4.284
1.224
1.324
3.16
1.224
1.224
0
1.224
1.224
0
0
0
1.224
1.836
4.884
1.224
1.224
1.224
2.036
4.284
0
0.2
1.624
0.1
1.224
1.324
0.1
0
3.06
2.448
1.424
1.324
1.224
0.1
1.424
1.224
0
0
0
1.324
0
2.448
3.06
1.424
1.224
0
1.224
4.484
4.584
0
0
1.224
1.224
2.448
2.448
0
1.224
2.036
0
1.836
1.224
4.284
3.36
1.324
0
0
2.448
2.448
1.224
2.448
4.384
1.224
1.224
4.284
0
0.2
1.224
0
3.06
1.224
2.448
3.36
1.224
1.224
0
2.448
2.648
2.748
1.224
0
2.548
0
0.1
1.424
0.1
1.324
1.224
1.224
0.1
3.16
1.224
4.384
2.748
1.224
0
0
0.1
4.284
1.224
0
1.836
1.224
2.448
1.324
0
1.324
0
0
0
0
1.224
0.2
3.06
1.224
2.448
1.224
0.1
1.224
3.06
1.224
0
1.224
1.224
1.224
0
1.224
1.224
1.224
0
0
1.224
2.448
0
1.324
3.26
1.224
2.448
0
1.936
0.1
0
1.224
1.224
0
2.448
0
1.224
1.524
0
2.448
1.324
1.324
1.224
1.224
1.224
0
1.324
3.46
0
0
2.036
0
1.836
0.3
2.548
2.448
1.224
1.836
0.1
3.06
1.224
3.16
4.484
2.448
1.836
1.836
3.16
1.836
3.06
1.224
1.224
4.384
1.224
1.836
3.06
1.424
4.284
0
0
3.16
1.224
0
2.136
1.224
3.46
0.1
0
0
1.936
1.324
2.448
1.424
4.384
1.224
0
2.848
2.036
2.548
3.06
0
1.224
0
3.16
2.448
0
2.448
1.324
2.548
2.448
3.16
0
2.448
1.324
3.36
2.548
1.836
3.06
1.324
0
4.384
1.224
1.224
2.448
3.16
0
2.448
1.836
1.324
1.324
1.224
1.836
1.224
0
1.224
2.448
2.548
3.06
1.324
1.224
2.548
0.1
0
1.224
3.16
0
4.484
0
2.448
1.224
0
0
1.224
2.448
1.324
1.224
0
2.448
3.06
0.1
0
1.836
0
1.224
4.284
1.224
0.2
1.224
1.936
4.384
1.224
4.384
1.324
4.284
3.06
1.224
2.448
1.936
1.324
1.224
1.224
2.448
2.448
3.06
3.06
0
0
3.16
1.224
1.224
2.648
1.224
2.448
0.4
2.548
0.1
0
0
2.548
1.224
0
1.224
1.224
1.224
1.224
1.324
1.224
2.548
0
1.224
1.224
0
2.448
2.548
2.448
0
3.06
3.06
2.548
0
1.224
4.384
1.224
1.224
0
1.224
1.324
1.424
4.484
1.224
1.324
1.936
2.448
0
1.324
1.224
2.548
0
3.06
1.224
1.224
0
1.224
0
4.384
2.548
0
2.448
4.284
4.384
2.548
1.324
1.224
1.224
2.448
1.324
1.324
2.448
4.284
1.936
2.548
0
0
0
0
2.548
0
0
3.36
4.284
0
4.384
0
0
0
0
1.836
0
1.324
2.448
2.448
1.224
2.448
1.224
0
1.424
1.224
1.224
2.448
2.448
1.836
2.448
2.448
0
0
1.224
1.324
1.324
1.224
1.224
1.224
0.3
0
2.548
0
2.448
2.448
1.224
2.448
4.284
1.224
4.584
2.236
1.836
0
4.284
1.224
3.06
1.224
1.224
1.324
3.16
1.224
0
1.224
3.06
2.548
2.448
0.3
1.836
1.224
1.224
0
0
1.224
0
0
1.836
1.224
0
0.1
1.424
3.16
1.224
0
0
3.06
1.224
0
1.224
2.448
0.3
2.648
1.224
0.1
0.1
1.224
4.684
4.584
1.224
2.448
3.06
2.448
1.324
2.548
2.548
1.224
2.748
2.448
1.224
0
4.384
2.448
1.324
2.448
2.448
2.448
1.224
1.224
1.224
4.284
1.224
2.448
2.244
4.384
4.284
4.484
2.448
1.324
1.224
2.448
0
0
0
1.836
1.224
3.16
1.524
4.684
2.748
2.448
1.524
1.224
1.224
3.06
1.324
3.06
1.224
1.324
1.224
2.448
1.324
1.324
1.224
1.224
1.224
1.224
1.224
3.16
0
2.548
0
2.548
2.848
1.324
1.324
2.448
2.548
2.448
1.324
1.836
1.836
2.548
3.16
1.224
2.548
2.648
2.448
2.036
1.324
1.224
1.224
0
1.524
4.284
0
1.224
1.836
0.3
0
0
0
2.448
3.06
1.424
3.468
0
0
0.1
1.224
0
0.1
1.224
0
0
1.324
0
0
1.224
0
1.624
1.324
0
1.224
0
0
1.324
0
0
0
1.224
1.324
0
1.324
0.1
2.036
1.224
0
0
1.224
1.224
1.224
1.224
1.424
0
1.224
0
1.224
0.5
1.224
0
0
1.524
1.224
0
1.936
0
1.224
2.448
1.324
1.224
0
0
0
0
0
0
0
1.224
1.324
0
1.324
1.224
0.1
1.224
1.224
1.224
0
2.448
1.224
1.224
0
0
2.448
1.224
1.324
1.224
1.224
1.224
0
0
1.324
1.324
1.224
0
1.224
1.836
1.224
0
1.224
2.448
0
0
0
0.1
0
0.1
0
1.224
1.224
1.224
0
1.224
1.224
1.224
1.224
0
0.1
1.224
0
1.224
1.224
1.324
1.224
1.224
1.324
0
1.224
1.224
0
1.224
1.224
0
0
0.1
1.224
1.224
0
0
0
1.224
0
1.224
1.224
1.224
0.1
0
1.224
0
0.1
1.224
1.224
1.224
1.224
1.224
1.224
0
1.224
0
0
0
1.224
1.224
1.324
1.224
1.224
0.1
0
0
1.224
0
1.836
0.1
0.1
1.224
1.224
1.224
0
1.224
1.224
0
1.224
1.224
0
1.224
0.1
1.224
0.2
0
1.224
0
0
1.324
1.224
1.224
2.448
1.324
1.224
0.2
1.224
0
1.224
0
1.224
1.224
0
0
0
0
0
0
1.224
1.224
1.224
1.224
1.224
0
2.548
1.224
1.224
1.224
0
1.224
1.224
0
0
1.224
0
1.324
1.324
1.224
1.224
1.424
0
1.224
0
1.224
0
0
0
1.324
0.2
0.1
0
0
0
0
1.224
1.224
0
1.224
2.548
0
0
0
0
0
1.224
0
1.224
0
0.1
0.2
1.224
1.224
1.224
0
1.224
1.224
1.224
2.448
1.224
0
1.224
1.224
1.224
1.224
1.224
1.224
1.224
1.224
1.324
0
1.224
0.1
0
1.224
1.224
1.224
1.324
0
0
0
0
0
0
1.424
0.1
1.324
0
1.224
0.1
0
1.224
1.424
0
0
0
2.448
0
1.324
1.224
1.224
0
1.224
0
1.224
0
1.224
0.1
1.224
1.224
1.224
1.324
1.324
0.1
1.224
0
0
0
1.324
1.324
1.224
0
1.224
1.224
1.224
0
0
0
0
1.224
1.224
0
0
1.224
0
0
0
0
2.448
0
0
2.448
1.224
1.324
1.224
0
1.224
1.224
1.224
1.324
0
0
1.224
0
0
1.224
0
1.224
1.224
2.448
0
1.224
1.224
2.448
1.224
1.324
0.1
2.448
0
0
1.224
1.224
0
1.224
0.1
1.224
0
0
1.836
1.224
1.224
0
1.224
1.224
1.224
0
1.224
1.836
0
0
2.548
0
1.324
1.224
0
1.224
0
0
0
2.448
1.224
0.2
0
1.224
1.224
0.1
0
1.224
0
0
0
0
0
1.224
1.224
0
0
1.224
1.224
1.224
0
1.224
1.224
1.224
0.1
1.224
0
0.1
1.224
0
0
2.448
1.224
2.448
0
1.324
1.324
0
1.224
1.224
0
0
1.324
0
0
1.324
0
0
1.224
0
1.324
0
1.224
1.224
1.324
0
1.224
2.448
1.324
1.224
1.224
1.324
0
1.224
1.224
0
1.224
0
0.1
1.224
0
1.224
0
0
0.1
0
1.224
0
0
1.224
0
1.224
0
1.224
0.2
1.224
0.1
0
1.224
0
0
1.224
0
1.224
0
0
0
0
0
1.224
0.1
0
0
1.224
0.1
1.224
0
0
1.224
0
1.224
2.448
1.936
0
0
0
1.224
1.324
1.224
0
1.224
0
2.448
0
1.224
1.324
2.448
1.224
0
1.224
1.224
1.224
1.324
0
1.224
2.448
0
0
1.224
0
0
1.224
1.224
0
1.224
0.1
1.424
0
1.224
0
1.324
1.224
0
0
1.224
1.224
1.224
0
1.224
0
0
0.1
1.224
1.224
0
0
1.224
2.448
0
1.224
0
0
0
1.224
2.448
1.224
1.224
1.224
0
0
0
0
1.324
0.1
0
0
0
1.324
1.224
1.324
1.224
1.324
1.224
2.448
1.224
0
2.448
1.224
0
0
0
2.448
2.448
0
1.224
0
0
1.224
1.224
0
1.224
0
2.548
0
0
0
0
0
0
1.324
2.448
0
0.1
2.648
1.324
1.936
2.448
1.224
1.224
0
0
0
0
0.1
2.448
0
0
1.324
0
0.1
2.448
0
1.224
0
1.224
1.224
1.224
0
0
0
0
1.224
1.224
0
1.224
0
1.324
1.224
1.324
0.2
1.224
1.224
0
1.224
0.1
1.224
0
0
1.324
1.224
0
1.224
0
0
0.1
0
3.26
0
1.324
1.424
2.548
1.224
1.324
1.224
0.1
1.324
0
1.324
1.224
0.1
1.224
2.448
1.224
1.224
0
1.224
1.224
0
1.224
0
1.224
0
1.224
0
0
1.424
1.224
0
0
0
1.224
1.224
1.224
1.324
1.224
1.224
1.224
0.1
0
0
1.224
1.224
1.224
1.224
0.1
1.224
0.1
1.224
0
1.224
0
0
1.224
0
1.324
1.224
1.224
1.224
1.224
1.424
1.224
0
1.224
0
1.324
2.448
2.548
3.06
1.224
0
1.224
0
1.224
0
0
0
1.224
0.1
0.1
1.224
0.1
0.3
0
0
0.1
1.224
0
0
0
3.06
0
0
1.424
3.06
1.324
0
1.224
3.06
0
0
1.724
0.5
1.224
1.836
1.624
3.16
0.4
1.224
0
0.2
2.548
2.448
0
1.224
3.16
1.836
2.036
1.224
0
0
1.224
0
1.224
1.836
1.324
2.548
0
0.2
2.448
1.424
3.06
1.324
1.224
1.224
0.1
0
1.224
0
1.724
2.448
2.448
0.1
1.224
1.224
1.224
0
4.784
1.224
1.224
1.324
0
0
1.224
2.036
2.648
2.448
1.224
4.384
0.1
1.324
2.448
1.224
2.448
1.324
2.448
0
2.448
1.836
1.224
0
0
0.1
0.4
0.2
0
0
1.324
0
