2.2
0.9
7.148
2.624
4.572
0.5
0.4
1.224
0.4
0
0.5
1.424
2.524
4.2
3
0
1.224
1.324
1.224
1.824
1.924
2.024
1.224
1.224
0.6
1.324
1.924
1.924
2.748
1.324
1.324
1.424
7.1
0
1.424
1.8
0.4
0.1
0.5
2.1
0.4
6.124
0
0.1
0.2
1.424
1.5
3.024
1.4
2.224
1.424
0.1
3.224
1.324
0.1
1.424
1.524
1.624
0.3
3.924
7.024
3.724
0.4
4.024
2.4
1.1
1.724
1.524
2.024
6.624
2.2
4.548
2.224
0.4
8.824
3.5
1.224
0.8
1.324
0
5.148
1.524
1.524
1.424
0.1
1.224
1.324
0
1.224
6.548
0.2
1.824
1.424
1.224
1.224
2.224
2.024
1.224
1.724
1.224
0.1
4.124
3.624
0.1
1.224
0.3
0.1
4.2
1.524
0.6
2.524
1.324
0.2
2.648
0.3
1.1
0.4
3.248
0.1
0.2
11.624
0.2
1.424
2.824
1.724
0.2
0.8
1.424
0.1
4.848
0.8
0.5
1.624
0.2
2.124
2.9
1.624
3.048
2.824
3.8
0.2
2.948
1.224
3.024
1.224
1.224
1.824
1.924
0.5
1.624
1.424
0.2
0.7
0.4
3.2
2.2
1.924
0.9
3.1
0.5
0.4
1.224
0.3
1.224
0.7
1.424
1.524
1.324
0.5
11.624
1.524
3.524
2.748
0.4
2.748
4.848
1.324
1.224
1.524
1
1
4.648
0.2
3.872
2.3
6.372
5.024
2.848
1.524
3.972
1
2.424
0.9
5.448
2.948
2.024
1.324
1.1
0.1
3.424
2.024
1.224
0
2.324
6.3
1.224
0.3
3.224
3.348
1.624
2.548
0.8
2.824
1.324
0
12.124
0.3
5.824
0
1.224
1.224
2.848
6.824
2.748
2.648
2.924
1.224
1.324
4.648
2.448
3.448
2.448
3.768
1.12
3.868
1.32
37.092
2.644
1.02
4.544
1.12
6.144
3.344
1.22
2.444
1.424
1.324
2.548
1.424
4
0
1.724
1.524
1.224
1.324
1.224
1.224
3.324
3.048
2.324
2.848
1.224
0.3
2.4
2.448
1.324
2.8
2.448
0.1
2.448
0
0.7
0.1
2.748
4.524
0
2.648
1.724
2.948
1.324
2.448
1.224
5.272
2.448
5.272
0.1
1.224
1.524
2.948
1.524
1.224
2.548
1.224
6.224
0
0.1
1.324
0.3
1.724
0.1
1.624
1.624
1
0.6
0.3
1.224
3.124
2.624
1.324
2.324
2.848
1.424
2.748
1.224
1.224
2.748
0
1.524
0
2.624
0.3
0.2
1.6
1.4
3.124
0.2
1.224
1.724
0
1.224
6.924
2.548
1.524
2.824
1.324
1.224
0
0
6.7
0
1.224
1.224
10.124
1.724
2.6
3.024
1.824
3.548
3.1
1.624
2.024
1.624
6.324
12.324
1.324
0.5
0
1.824
1.424
3.948
2.024
0.1
1.324
1.224
2.448
0.1
1.524
2.548
0
2.648
2.548
1.424
1.324
1.524
1.324
1.324
7.448
0.2
0.2
0.5
3.148
6.348
1.324
1.224
1.224
0.6
2.648
3.024
0.4
0.1
0.1
2.848
7.924
2.648
2.024
1.524
0.1
1.2
0
1.324
2.748
2.748
0
4.448
2.748
1.224
3.772
3.672
2.024
2.748
4.8
3.424
2.748
0.1
1.724
2.224
0.4
1.324
3.648
2.024
1.424
2.848
2.724
3.824
0.5
1.924
1.324
2.548
2.624
3.748
2.748
2.024
1.524
1.3
3.748
1.824
0.2
5.324
1.724
2.024
2.548
1.724
2.548
1.624
1.724
2.448
2.448
2.448
2.524
1.724
1.524
0
1.224
4.648
1.424
0.1
1.4
2.648
0.1
5.448
1.924
2.848
1.424
1.6
2.848
1.324
0.6
11.924
1.6
1.324
4.724
4.9
0.1
2.024
3.848
4.224
3.324
2.448
1.2
3.524
2.448
0
0
0.5
1.724
0.1
3.672
2.324
1.924
2.548
0.2
2.448
2.748
4.072
0.5
0.1
1.224
1.624
4.648
2.548
0
4.548
1.3
0
0.1
2.448
2.848
4.424
1.224
1.224
0.1
5.872
2.948
1.324
2.648
3.972
1.524
1.524
2.748
1.224
6.824
1.424
1.224
1.224
1.224
5.148
5.348
2.548
1.224
0.1
2.548
4.348
5.448
1.524
0.2
4.072
0
0.6
1.324
1.1
2.224
2.548
2.648
0.5
1.824
2.024
4.648
3.648
2.648
0
0
0.2
2.548
2.224
0.1
0.3
1.224
5.148
1.324
0.1
3.448
0.5
1.324
1.224
1.924
1.224
2.624
2.324
1.624
2.748
1.224
0.5
2.448
1.524
1.724
0.2
1.324
1.224
1.324
4.1
2.924
1.324
2.648
0
0.4
1.424
2.548
0
1.524
1.624
1.624
2.548
1.224
1.3
0.3
1.224
1.624
1.924
0.1
2.448
1.324
1.224
2.748
0
2.648
1.724
3.324
1.924
1.324
1.224
0
2.748
4.224
1.424
0.1
2.2
0.4
0
5.2
3.348
2.548
1.424
0.2
0.9
2.748
1.224
2.324
4.148
3.448
0
0.2
2.648
0.5
1.724
2.548
1.524
2.548
1.524
0
1.224
2.124
3.048
0
1.224
2.324
1.224
0.1
1.6
1.224
2.024
1.224
0
0.2
1.3
1.924
2.448
1.924
2.648
1.224
0.6
6.448
0.3
3.948
1.524
1.424
2.448
0
1.524
4.272
0
2.548
1.424
2.848
2.748
3.748
0
3.672
2.224
2.424
4.548
0.1
1.624
3.124
0
2.648
1.324
1.424
4.472
1.424
0.6
3.448
0.1
1.424
3.048
1.524
1
2.448
1.3
2.448
2.448
2.448
1.824
1.524
3.548
3.972
0.9
0
2.524
2.324
0.1
2.648
1.324
2.748
1.524
1.324
0.3
1.424
4.248
1.324
1.324
0.4
3.348
2.024
1.424
0
0.2
0.1
1.224
2.548
1.824
6.8
1.724
0.7
3.048
1.324
2.548
2.648
2.448
2.724
1.724
3.748
1.724
3.524
3.148
1.424
3.748
2.548
2.548
1.724
1.224
0.6
2.124
3.748
2.548
2.648
1.424
3.872
9.1
7.448
0.7
0.6
2.424
4.372
2.448
0.1
1.424
1.224
1.224
1.624
2.748
4.024
3.048
0
2.448
1.224
0
2.648
2.848
2.548
0
1.324
1.224
2.648
0.2
2.448
2.548
1.624
1.924
1.224
2.424
3.824
1.824
3.248
1.424
3.348
0.1
2.948
1.224
2.224
8.548
2.948
0.1
1.324
1.724
1.324
0.1
4.248
1.224
3.548
2.948
0
3.848
2.648
2.648
3.348
1.224
1.324
1.224
2.448
1.624
1.424
3.872
2.648
0.1
3.672
0.4
0.3
0
0.2
3.048
1.224
1.424
3.048
2.548
0.1
2.648
0.2
0
0.2
0
0.1
1.624
1.424
3.648
2.848
2.548
3.872
1.224
0
2.548
2.748
2.548
4.548
2.748
0.1
2.448
7.172
1.424
0.2
1.424
1.524
1.424
2.124
1.624
3.424
1.8
0
7.972
1.224
2.648
3.672
1.424
3.872
2.448
1.524
4.248
4.324
0
0
2.548
1.324
1.324
1.624
1.424
1.424
1.324
1.324
1.3
1.324
1.424
3.548
2.448
0.5
0
1.524
2.448
0
1.324
3.248
0.3
0.4
0.6
2.748
1.324
1.724
4.024
3.148
1.524
1.224
0.2
1.324
1.224
1.224
3.024
3.772
2
3.448
1.524
0.6
1.524
1.324
3.848
4.948
2.224
3.672
1.324
3.972
1.624
3.872
8.448
2.748
6.572
5.172
2.624
1.824
2.948
3.672
5.748
4.472
2.648
3.248
1.224
1.324
1.224
2.748
1.524
3.672
2.344
2.848
3.048
2.648
2.948
7.248
2.548
5.172
1.324
0
0.1
0.3
1.424
1.724
4.248
2.848
3.048
2.648
5.248
1.324
2.448
1.524
1.524
2.124
2.448
3.648
3.348
2.948
3.724
2.124
1.224
2.648
2.748
3.548
1.324
1.324
1.224
4.072
1.324
2.748
4.748
1.924
1.624
3.248
2.848
5.148
4.148
0
0
5.072
2.924
1.224
3.348
9.648
3.848
1.6
1.324
1.224
1.224
2.224
4.248
3.248
1.324
2.448
0
5.6
0
5.524
0.4
2.448
1.324
4.848
3.468
1.9
0.2
1
2.124
0.1
4.324
2.324
1.224
0.2
1.424
0
0
1.424
0
9.148
1.524
1.4
1.524
0.1
1.324
3.624
1.224
1.224
0
1.424
1.324
0.2
3.524
2.624
0.9
1.424
0.2
0.4
1.224
1.624
1.524
1.924
15.224
0.6
1.724
0.9
1.424
4.2
1.524
0.3
0
6.124
1.824
1.524
0.1
0
2.948
2.448
3.624
1.824
2.8
0.2
0.4
0
1.624
0.7
1.824
1.624
1.524
2.9
1.924
2.124
0.2
3.348
1.424
1.724
1.924
4.448
3.348
2.948
0.3
1.524
4.772
1.924
2.124
2.448
1.224
1.624
0.5
0.1
7.124
1.324
2.024
1.224
2.524
0.2
5.324
1.524
1.424
4.072
1
1.524
1.424
1.624
0.1
0.4
4.424
2.024
1.224
2.748
0
5.648
1.424
1.724
1.424
1.424
1.624
3.048
1.5
1.624
1.224
3.624
2.324
1.424
3.648
3.024
1.324
2.524
0.6
1.424
1.224
0.1
2.124
1.624
1.724
1.624
0.4
1.224
0.5
2.548
1.224
1.524
2.948
1.224
1.6
1.324
1.224
1.624
0.8
1.924
1.624
2.024
1.524
2.624
4.024
2
1.224
4.9
0.1
0.1
1.824
3.124
3.648
4.148
2.448
5.2
2.124
0.1
1.424
0.3
0.4
1.9
1.4
1.824
1.224
1.624
0
2.424
1.724
1.324
1.324
2.448
1.224
1.924
2.8
1.324
3
0
2.024
1.624
2.324
2.124
2.624
4.148
2.848
1.824
1.624
13.924
1.524
0.1
1.824
1.224
2.524
1.224
1.724
1.924
0.6
1.1
1.424
0.1
1.324
2.324
1.624
1.824
5.424
0
6.772
2.424
1.224
1.224
0.5
1.324
1.224
0
0.2
1.824
0.2
1.324
2.648
2.948
4.248
1.724
1.1
4.148
2.524
2.224
1.1
0
0.1
1.224
9.924
2.6
0
1.324
2.124
0.1
2.848
1.824
1.624
2.924
4.648
0.1
1.424
0.3
1.624
2.224
1.424
1.324
2.024
0.1
2
7.124
2.448
1.924
1.324
1.324
1.724
3.024
1.324
2.448
3.148
0.4
2.124
2.548
1.924
3.424
3.048
3.224
1.624
1.724
3.148
1.324
1.224
0.9
0.2
1.424
1.224
2.024
3.324
1.624
0.2
0
2.8
0.1
0.6
3.824
1.6
1.524
2.724
1.624
3.724
1.224
1.224
5.524
0.6
0
1.324
2.548
1.524
2.648
1.224
3.748
0.4
2.848
1.324
2.024
0.7
1.224
2.4
2.548
1.324
1.324
2.548
2.524
3.9
3.148
0.6
0.1
1.324
3.024
1.824
1.424
2.324
1.324
1.224
3.248
1.3
2.824
0
0.1
1.824
2.624
0.1
1
1.724
1.2
1.424
0.2
0.2
2.448
0
1.324
5.072
1.724
2.824
1.424
0.8
2.448
1.524
1.824
2.324
0.6
1
1.324
1.5
1.324
2.448
1.324
1.724
1.824
2.548
0
1.224
1.324
3.772
1.324
1.224
2.024
5.548
0.2
1.324
3.648
1.824
1.624
1.424
1.924
1.324
1.7
1.424
0.4
2.448
3.124
0.5
2.924
2.424
2.824
1.224
1.924
0.4
1.6
0.1
3.948
1.2
3.748
1.224
3
3.324
3.3
0.2
0.1
5.272
2.748
2
0.1
1.324
2.824
0.1
0.3
1.424
1.224
0.2
0.4
1.424
0
1.924
1.224
0.7
0
1.224
1.524
1.324
0.5
2.324
9.124
3.624
1.924
2.824
0.3
1.724
3.648
1.9
0.9
3.148
1.624
4.372
0.1
2.624
2.324
0.3
1.524
1.424
4.524
0.1
1.224
1.6
0.9
3.048
3.824
2.824
3.048
2.624
2.624
0.6
1.524
1.224
4.448
1.224
2.748
3.648
2.224
1.224
2.748
1.224
1.224
4.724
1.624
0
2.124
1.324
1.824
1.324
1.324
1.224
1.424
0.3
2.4
3.1
1.524
0.1
0.6
1.224
0
1.824
1.224
2.548
4.4
1.724
1.424
0.1
1.724
0
0.4
1.424
0
4.148
1.624
1.524
0.2
0.5
0.3
1.224
8.024
0.1
1.324
4.124
3.1
2.748
1.224
0.8
1.724
0.4
1.224
2.448
0.4
0.1
0
0.2
2.948
6.224
1.224
0.3
1.324
1.224
2.748
0.3
1.524
3.548
4.772
1.224
1.324
1.224
3.424
3.148
1.524
0.2
2.548
3.848
0.1
0.2
2.948
1.724
1.624
1.224
1.624
1.4
1.224
3.924
8.424
0.4
2.924
0.4
1.324
1.424
0.4
0.7
2.848
1.324
1.424
0
1.524
0.7
1.324
3.424
3.648
1.624
0
2.2
2.624
4.872
1.2
1.224
0
0.1
0.4
3.848
5.472
2.948
3.248
1.224
0
0.2
1.1
0.3
2.724
0.3
0
0.2
1
2.224
5.148
4.124
1.424
1.724
3.248
3.772
1.324
0.1
3.148
1.324
0
0.5
0
2.448
3.672
0.1
1.524
1.424
1.224
1.324
2.448
1.224
1.224
0
3.748
1.724
7.824
1.924
3.024
0.1
3.124
8.124
4.072
1.224
1.524
7.348
1.224
0.2
3.148
2.924
1.824
0.4
0.5
0.7
0.5
0.7
4.848
0.9
1.3
2.524
0.1
4.7
3.148
0.1
1.424
0
2.524
2.424
1.424
2.424
0.5
0.1
0
1.824
1.224
0
1.624
1.5
2.724
1.224
1.624
9.4
1.824
1.224
0.9
1.424
3.424
6.624
4
0
3.024
1.324
0
3.524
1.824
2.224
1.1
0.5
2.924
0.7
1.924
2.524
13.072
1.324
2.024
1.224
1.224
2.424
0
3.524
1.524
0.1
1.624
4.448
1.924
2.324
0
1.724
4.048
2
1.824
1.624
1.424
3.024
3.548
0.1
0.1
4.424
3.124
0
0.6
0.2
1.424
2.848
3.248
4.848
1.424
3.248
2.324
4.9
0
0.1
2.748
2.624
4.824
2.548
0.6
2.424
3.8
1.324
0.4
1.724
2.724
1.924
1.824
0.3
6.824
4.348
2.748
2.524
4.248
3.024
4.424
0.3
3.124
0.1
3.548
3.148
4.448
1.424
1.524
1.224
1.224
0.1
3.324
1.224
1.724
0.5
1.624
2.5
0.2
1.224
0.7
4.5
1.224
8.9
0.6
1.724
0
1.224
1.224
1.324
0.1
0.3
2.324
1.324
2.624
1.224
1.224
1.824
0.3
0
11.024
0.6
2.448
0
4.624
3.024
9.024
6.424
1.224
6.7
4.248
2.748
0.2
1.324
1.224
0.2
0.2
2.548
1.324
0.4
1.224
0.4
2.548
0.1
1.224
2.848
0.8
1.4
2.848
3.248
2.024
1.324
2.124
1.324
1.524
0
1.924
0
4.048
2.548
2.648
0.5
2.448
1.324
1.324
0.4
5.248
1.424
2.024
3.224
0
1.224
2.448
0.2
2.648
3.672
2.424
2.948
0.1
1.924
2.948
3.148
3.772
2.548
5.272
2.124
2.448
1.224
2.748
0
1.224
1.3
11.6
1.1
0.3
2.6
5.724
1.6
