0.4
0.1
3.224
0.4
1.824
0.1
0
0.1
0.2
0
0.1
1.224
0.1
0.9
0.3
0
0
0
0
0.3
1.324
1.524
0
0
0.2
0
0.4
0.2
1.424
0
0.1
1.324
1.8
0.2
0.1
1
0
0.1
0
0.2
0
3.024
0
0.1
0.5
1.224
0.3
0.3
0.2
1.524
1.424
0
2.024
0
0
0.1
0.1
0
0.2
2.624
1.5
0.5
0
0.8
0.6
0.3
0
0.1
1.724
1.2
0.3
2.024
0.2
0.2
3.624
0.8
0
0.3
0
0
2.024
0
1.224
0.1
0.1
0
0.1
0
0
1.3
0.2
0.1
0.2
0
0
1.324
1.424
0
0
0
0
1
0.4
0.1
0
0
0
2.4
0.1
0.2
0.1
0
0
1.424
0
0.6
0.1
0
0.1
0.1
3
0.2
0
1.3
0.3
0
0
1.324
0
2.424
0.3
0.1
0
0.1
2.224
1.6
1.424
1.624
1.724
1.5
0
0.1
0
1.624
0
0.1
1.324
0.2
0.1
0
1.224
0.3
0.2
0.3
1.1
0.4
0.3
0.3
1.1
0.1
0
0.1
0
0
0.1
0.1
0
0.1
0
2.6
0.1
0.9
1.324
0.2
1.324
2.124
0.1
0
1.224
0.4
0.1
1.624
0.1
1.224
0.9
2.024
2.124
1.324
0.2
1.324
0.3
1.624
0
2.224
1.324
1.424
1.224
0.2
0.1
0.8
0.2
0
0
0.9
2.5
0
0
1.924
1.424
0.2
1.224
0.7
0.5
0.1
0
2
0.1
1.2
0
0.1
0
1.624
3.324
1.224
1.224
2.224
1.224
1.224
1.924
1.224
1.624
1.224
2.344
1.02
2.444
1.32
6.144
2.644
1.02
3.244
1.02
12.744
3.144
1.12
1.12
0
0
0
1.324
1.2
0.1
0.1
0
0
0
1.224
0
0.1
1.524
1.724
1.424
0
0.1
0.8
1.224
0
0.6
1.224
0
1.224
0
0.3
0.1
1.324
0.7
0.2
1.224
0.1
1.324
0
0
0.1
1.724
1.224
2.224
0
1.524
1.324
1.824
1.524
1.224
1.324
0
1
0
0
0
0.1
0.2
0
0.2
0
0.5
0.2
0.1
0
0.4
0.4
0.1
0.2
0.2
0.1
1.224
0
0.1
1.224
0
1.324
0
1.524
0
0.1
0.5
0.4
0.4
0
0
0.1
0
0
1.1
0
0
1.324
1.224
0
0.2
0
1
0
0
1.324
1.6
0.2
0.1
1.724
1.224
1.724
0.5
0.1
1.224
0.1
1.7
2.6
0
0
0.1
0.1
0
1.424
1.324
0
1.224
1.224
1.224
0.2
0
1.224
0.3
1.424
1.224
1.324
0
1.424
0.2
0.1
1.2
0
0
0.1
1.924
3.824
0
0
0
0.4
1.324
2.524
0.2
0.1
0.1
1.324
2.3
0
0.6
1.324
0
0.6
0
0
1.624
1.224
0
2.324
1.324
1.224
1.324
1.224
1.624
1.424
1.6
1.924
0.1
0.1
0.3
0.2
0.4
0
0.4
0.1
1.224
1.624
1.724
0.5
0.1
1.624
0
1.324
2.324
2.024
0.1
0.2
1.224
0.3
1.624
0.4
0.3
0.7
1.424
0.2
1.224
0.2
0
0.1
0.3
1.324
0
1.224
1.424
1.724
0.2
0.1
0
1.824
0
0.2
0.3
0.2
0.1
2.624
1.424
1.424
1.224
0.5
1.624
0.2
0.2
3.924
0.6
0
2.424
1.6
0.1
0.1
1.724
2.324
0.2
0
0.9
1.5
1.324
0
0
0.4
0.4
0.1
1.224
0.7
0.2
1.224
0
0
1.224
1.724
0.1
0.1
0
1.424
2.124
1.324
0.3
2.024
0.5
0
0
1.324
1.424
1.7
0
0
0
2.024
1.324
1.224
1.424
1.424
0.1
1.424
1.624
0
1.7
1.324
0
1.224
0
2.524
2.124
1.224
0.2
0
1.224
1.824
2.124
1.524
0
1.424
0.2
0
1.324
0.1
0.5
1.324
0
0.1
0.6
1.824
2.224
2.124
1.224
0
0
0
1.424
1.724
0
0
1.424
2.624
1.424
0.1
0.1
0.3
0
0
0.2
1.224
0.6
2.224
1.324
1.424
1.224
0.1
1.224
0
1.524
0
0
1.224
1.324
1.6
2.124
0
1.324
0
0.3
1.424
1.224
0.2
0.3
1.624
1.424
1.424
0
0.5
0.2
0
1.324
1.824
0
1.224
0.1
0.1
0.7
0
1.224
0
1.1
1.524
0
0
0
0.3
2.724
0
0
0.7
0.1
0.2
2.3
1.524
1.224
0
0.1
0.6
1.224
0
0.6
2.024
1.624
0
0.1
1.224
0.3
1.624
1.324
0.2
1.224
0.2
0
1.224
0.2
1.624
0
0
2.124
0
0.1
0.9
0
1.724
0
0
0
1
1.324
1.224
1.424
1.224
0
0.4
3.424
0.2
1.824
1.224
0.1
1.224
0
0.1
1.524
0
1.224
1.224
1.424
1.324
2.224
0
1.224
1.524
1.524
2.324
0
0
1
0
1.424
0.1
1.424
1.624
1.424
0.3
1.924
0.1
0.1
0.4
1.324
0.8
0
0.2
1.224
1.224
1.224
1.524
0
0.3
1.324
0.3
0
1.824
1.524
0
1.424
0
1.324
0.2
0.1
0
0
1.824
1.424
0
0
1.624
1.624
0
0
0
0
0
1.224
0
1.7
1.424
0.5
1.224
0.1
1.324
1.224
1.224
1.924
0.3
1.824
0.1
2.524
0.3
1.324
1.824
1.224
1.324
1.424
0
0.5
1.624
0.7
1.224
1.224
1.324
1.324
2.8
2.624
0.1
0
0.2
1.324
1.224
0
1.224
1.224
0
1.624
0
2.024
1.724
0
0
0
0
1.224
1.324
1.224
0
1.424
1.324
2.024
0
0
1.424
1.224
1
0
0.1
0.9
1.424
1.524
0
0.2
0
1.624
0
0.3
1.1
1.324
0.1
1.324
1.224
1.224
0
0.1
0
1.324
1.524
0
1.924
1.224
1.224
1.824
0.1
0
1.224
1.224
1.524
0.3
1.524
1.224
0.1
1.224
0.3
0
0
0.1
1.324
0
0
1.524
1.324
0
1.324
0
0
0.2
0
0.1
0
0
1.824
1.724
1.324
1.224
0
0
0.1
1.324
0
2.424
1.224
0
1.324
2.024
0
0.3
1.424
1.324
1.524
1.424
0
2.024
0.2
0
3.124
0.1
1.324
1.224
0
1.424
1.224
1.324
1.824
1.1
0.2
0
1.224
0
1.424
2.024
0.2
1.624
1.224
0.1
0.1
0
1.324
1.524
1.224
0.3
0
0.1
0
0.1
0.1
1.424
0.2
0.1
0.2
0.2
0
0.1
0.9
1.724
1.424
0
0.3
0
1.224
0
1.624
1.324
0.6
1.624
1.224
0.3
0.4
0
1.924
2.724
1.724
1.224
0.1
1.324
1.524
1.224
2.824
0.1
2.624
2.324
1.624
0.3
1.424
1.224
0.9
1.724
1.224
1.224
1.224
1.324
1.224
1.224
1.324
1.224
2.244
1.324
1.824
1.224
1.924
1.4
0.2
1.924
0
0.1
0.1
0.1
0.1
0.5
3.324
1.824
1.424
1.324
0.3
0
0
1.324
1.424
1.524
0
0.3
0.5
1.424
1.724
1.324
1.324
1.424
1.324
0.1
1.324
1.224
0
1.624
0.1
1.324
2.324
1.624
1.324
1.724
1.424
2.624
1.824
0.1
0.1
1.724
1
0
1.624
4.224
2.024
0.7
1.324
0
1.324
0
2.524
1.624
0
1.324
0
1.4
0
1.5
0.3
1.224
1.324
2.524
2.244
0.5
0
0.2
1.424
0.1
0.7
1.524
0
0.1
1.224
0
0
0
0
1.7
1.324
0
1.324
0
0
2.124
0
0
0
1.224
1.324
0
0.6
0.4
0.5
1.324
0
0
0
1.424
1.324
1.824
5.224
0
1.324
0.2
2.024
1.7
0.3
0
0
2.524
1.524
0
0.2
0
1.324
1.224
2.124
1.424
1
0.1
0.2
0
0
0.3
0.4
0.2
1.224
0.9
1.224
1.824
0
1.324
1.324
1.224
0.3
1.624
1.324
1.424
0
0.2
1.524
1.524
1.524
0.1
1.224
1.224
0.1
0.1
3.024
1.624
1.324
0
1.524
0
2.124
0.2
1.224
1.224
0.2
0.3
0.1
0
0.1
0.1
0.4
1.524
1.224
1.324
0
2.124
1.224
1.224
1.224
0
0
1.424
0.5
1.324
1.224
1.424
1.324
1.324
1.624
0.4
1.324
1.624
0.2
1.324
0
0
0.3
0.3
1.324
1.224
0
0
0
1.424
0
1.324
0
1.224
0.2
0
1.224
0
0.1
1.524
0.1
1.624
1.324
1.424
2.324
0.3
1.224
1.3
0
0
1.524
1.924
1.224
0.5
1.324
1.2
0.2
0.1
0.1
0.1
0
0.4
0.4
1.324
1.224
1.324
0
1.324
1.424
0
1.224
1.224
0
1.324
0.9
1.224
0.7
0
1.224
0.2
0.2
1.524
1.524
1.424
1.424
1.424
1.324
2.8
1.224
0
1.224
0
1.624
1.224
0.1
0.1
0
0.4
0.1
0
1.224
1.324
1.224
1.324
2.224
0
2.124
0.3
1.224
1.224
0.3
1.424
1.224
0
0.2
1.224
0.1
1.224
1.224
1.424
1.824
1.224
1
1.724
0.4
1.624
0.1
0
0
1.224
2.1
0.7
0
0.1
0.1
0
1.224
1.424
0.1
1.924
1.724
0
0
0
0
0.2
1.224
0.1
1.524
0
0.6
1.3
0
1.324
1.224
0.2
1.424
1.624
1.224
1.224
1.324
0.3
1.424
1.224
1.324
1.724
1.424
1.624
1.424
1.324
1.624
0
1.224
0.2
0.1
1.224
1.224
1.224
0.2
0.2
0.1
0.1
0.5
0
0
1.824
1
1.324
0.4
1.324
0.3
0
1.224
2.324
0
0
0
1.224
0
1.224
1.224
1.924
0
1.224
0
1.724
0
1.224
0.1
0
1.224
1.224
1.224
1.424
0.7
1.424
0.3
0
0
1.824
1.424
1.224
0.2
1.224
1.224
0.2
0.4
0.5
0
0
1.324
1.724
0
0.4
1.424
0.3
0
0.1
0.1
1.224
0
0
1.624
1.224
1.724
1.424
0.3
0
1.524
1.224
1.624
0
0.4
1.224
0.6
0.1
1.224
0
1.324
0
1.224
0
1.224
1.324
1.224
1.324
1.224
0.1
2.024
0.1
0.2
1.324
1.324
0
1.224
0
0
0.3
0
0
0
1.524
0
1.524
1.624
1.524
0
1.424
0
0.4
0
1.624
0.4
1.524
1.224
0.6
1.624
1.1
0
0
1.524
1.224
0.4
0
1.224
1.624
0
0
1.224
0
0
0.1
0
0
1.524
1.324
0.3
0
1.224
1.424
1.224
0.2
1.624
3.324
1.824
0
1.424
0.1
0.1
1.324
0.4
0.2
1.324
1.224
1.624
0
2.124
1.424
0.1
1.224
0.1
0.9
0
1.224
0.5
0
1.324
0.5
0.2
1.324
0.3
1.724
0.2
1.224
1.224
1.824
0.1
1.324
2.224
1.324
1.324
0
1.224
0.1
2.424
1.224
0
1.424
0.2
0
1.224
0.1
1.224
0
0
0.4
1.1
1.224
0
0
1.224
0
1.324
0
1.224
1.1
1.224
0.1
0.1
1.224
0.1
0
1.224
0
1.724
0.4
0
0
0.1
0.2
1.224
1.8
0.1
0
1.724
0.9
1.224
0
0.2
1.624
0.1
1.224
1.324
0
0.1
0
0
1.424
2.324
1.324
0
1.224
0
1.224
0
1.224
1.424
1.524
1.224
0
1.224
1.724
1.524
0.1
0
1.224
1.624
0.1
0
0
0.1
0.1
1.224
1.224
0.4
1.224
0.9
2.924
0.1
1.324
0.2
1.324
1.224
0.1
0.1
1.224
1.324
1.224
0
1.224
0.1
0
0.5
1.624
1.224
0
0.6
1.524
1.724
0.3
1.324
0
0
0
1.524
1.524
1.324
1.524
1.224
0
0.1
0.5
0
1.624
0.2
0
0.2
0.4
1.424
2.124
2.124
1.224
1.424
1.324
1.224
1.324
0
1.524
0
0
0.1
0
1.224
1.224
0.1
1.324
0.2
0
1.224
1.224
0
1.224
0
1.524
0
1.7
0.1
0.7
0.1
0.4
2.924
1.224
0
0
2.924
1.224
0
1.424
1.624
1.524
0.1
0.3
0
0
0.2
1.824
0.3
0.3
0.1
0
1
1.224
0
1.324
0.1
1.524
1.524
1.424
0.2
0.2
0.1
0
1.424
1.224
0
1.224
0.4
1.624
1.324
1.424
3.2
1.324
1.224
0.1
0
0.8
1.4
1.1
0
1.624
1.224
0
1.524
0.2
0.8
0.3
0.4
1.824
0.1
1.424
1.524
4.224
1.324
1.424
1.224
0.1
1.524
0
2.024
1.324
0
1.224
1.824
1.324
1.524
0
1.224
2.124
0.5
1.524
0.1
1.224
0.5
1.324
0
0
2.724
1.824
0
0.3
0.1
1.224
1.524
1.324
1.924
1.224
1.424
1.624
1.3
0.1
0.1
1.224
1.424
1.924
0
0
1.624
1
0
0.2
1.224
0.5
0.1
1.424
0.2
2.624
1.724
1.224
1.524
1.624
1.924
2.124
0
2.124
0.1
1.724
1.524
1.424
1.324
1.324
0.1
1.224
0
1.524
0
0
0
0
0.8
0
1.324
0.3
1.1
0
2.3
0.2
1.224
0
0
0
0
0.1
0.1
0.6
1.524
0.1
0
0
1.324
0
0
3.9
0.2
1.224
0
2.624
2.024
2.1
3.224
0
1.6
2.124
1.424
0.3
1.224
1.224
0
0.6
0
0
0
0.1
0.3
0
0
0
1.624
0.6
0.2
1.324
0.3
1.324
0.1
0.4
0
0
0.2
0
0
1.3
1.324
1.324
0
0
1.324
1.324
0.1
3.124
0.1
1.824
2.824
0
0
1.224
0.1
1.524
1.224
1.624
1.324
0.3
0.3
1.524
1.624
1.324
0.1
1.624
0
1.224
0
1.324
0
0
0.5
3.6
0.5
0
1.5
1.7
1.1
