0.8
1.824
3.2
4.36
0.4
0.7
1.624
1.224
0
1.224
1.824
0
0.3
3.224
3.724
1.324
0
1.324
1.224
1.624
0.1
0
0
1.224
4.06
1.324
1.324
0.4
1.424
0.1
1.324
0.1
2.6
0.1
0.6
0.7
0.1
0.1
0
0.9
0.4
3
0.1
0.2
0.3
0
0.3
0.2
0.5
0.1
0
0
0.4
0
0
0.1
0.2
0.1
0
1.4
2.1
0.5
0.1
3.324
0.6
0.2
0.1
0.1
0.1
2
1.1
0.8
0.5
0.3
3.7
2.424
0
1.524
0
0
1.3
0.1
0
0
0.2
0
0
0
0.2
3.224
0.1
0.1
0
0
0
0.6
0.8
0.2
1.524
1.224
0.1
0.8
1
0
1.836
0
0
1.4
0.2
0.1
0.7
0
0
0
0.2
1
0.2
0.3
0
0
7.2
0
1.424
1.2
0.1
0
0.2
0.1
0
0.8
0.8
0.2
0
0
0.6
0.4
0.2
0
0.6
0.9
1.324
1.524
0
0.3
0.1
0.1
0.1
0.3
0.2
0
0
0.1
0.1
0
1
1.4
0.7
0.3
1.1
0.2
0
0.1
0
0
0.4
0.2
0.2
0.2
0.1
6.424
0.1
0.7
0
0.1
0
0.8
1.936
1.836
0.1
0.9
0.3
0.2
1.224
0
0.9
0.8
1.2
0
0.1
0.2
1.724
0.2
0.2
1
0.3
0.2
0.1
0.1
0
0.8
0.3
0
0
0.6
2.8
0
0
0.8
0.5
0.2
0
0.1
3.724
0
0
4.4
0.1
4.724
0
1.836
0
0.2
2.4
0
0
0.4
0
0
1.2
0
1.924
1.224
0.1
1.836
2.436
0
4
0.3
0
0.3
1.836
1.2
2.136
0.1
0.1
1.836
3.16
1.836
1.836
20.296
1.836
1.936
1.836
1.836
1.936
1.836
1.836
2.236
3.66
2.336
3.772
1.836
3.26
2.236
1.836
1.836
4.56
1.836
1.836
1.836
1.836
1.836
1.836
1.936
2.936
1.936
1.836
1.836
2.236
1.836
1.836
1.936
2.436
3.06
2.036
2.036
1.836
1.936
1.836
1.936
1.836
1.836
1.836
1.6
1.324
0
0.1
0
0.2
0.1
1.624
0
0.3
2.124
1.424
0
0.6
0.3
1.424
0.3
2.636
0.1
0.2
1.224
1.224
0.3
0
0.1
1.224
0.1
0
1.624
0.7
0.8
0.8
0
0.1
0
1.424
0
3.124
1.324
0.1
4.96
3.66
0
0.1
1.224
2.1
1.324
0
0.2
3.1
0.1
0.3
2.636
0.1
2.836
0.8
0
0.2
0.4
2
4.5
1.224
2.036
0
0
1.424
0.8
0.4
1.324
0.3
0
0.1
1.724
1.936
0
3.26
0
0
0
2.036
3.16
1.224
0
1.8
1.324
1.424
1.524
1.924
4.624
0
1.836
1.224
0.2
0
0.8
0.4
2.236
1.424
1.324
10.096
1.836
5.396
0.2
1.836
0.7
0
1.324
0.1
2.336
0
0.4
0.1
0
0.1
0
2.536
0
5.824
1
0.6
0.1
1.424
0.6
0.6
1.324
0.1
0
0
1.724
0.5
3.624
0.1
2.236
1.224
0.1
3.936
2.636
3.46
0.5
2.236
2.736
2.836
2.524
0.1
1.4
0.5
1.324
3.16
1.924
1.424
0.1
1.624
1.936
0
0
2.536
0.4
1.524
0.1
1.324
0.7
0
0.1
2.124
0.1
1.936
6.26
0.6
0
0.2
3.736
3.46
0
0.7
2.8
1.2
1.324
0.9
2.5
0
2.036
2.424
0.7
3.024
0
0.3
1.8
0
1.224
0
0.1
1.824
0
0.1
4.16
2.624
0.1
0
0
2.336
2.236
0.3
0
1.224
0.1
0.5
0
1.524
0.5
2.736
0
3.06
0.2
1.936
3.636
1.324
0
0.1
0.8
0.3
0
0
2.036
1.324
0
3.16
0
2.5
0.2
0
1.836
1.224
0.4
4.636
0
0
0
0.1
0.6
0.9
0
0.1
0.2
0
0.3
0.1
0.6
2.824
0.1
1.224
0.6
3.86
0.2
2.736
2.424
0.1
0
0
1.624
2.136
0.5
0
2.136
0.1
0.9
0.3
0.1
1.924
0.3
0.1
0
0.2
0.1
1.1
3.136
0.1
1.424
1.224
1.524
0
3.26
0.3
0
0
0
0.1
1.3
0.2
0
0.1
1.324
0.1
0.1
0
0.2
1.424
2.236
1.724
1.324
0
2.836
0.1
0
0.2
0.2
0
0
0.1
1.424
1.524
1.224
0
1.724
2.324
0.2
1.224
1.224
0.1
0.2
3.736
1.524
1.424
4.136
0.1
1.836
3.5
1.424
0.1
1.324
2.036
0.3
1.836
1.224
3.66
2.536
0.5
1.936
3.26
2.136
2.036
1.936
0.2
0.2
1.836
0.2
1.936
1.936
1.724
2.136
1.224
0
2.136
0
0
3.736
1.324
3.86
0.1
0
0
2.836
0.4
0
1.724
2.136
1.224
1.224
2.2
2.036
0.6
1.936
0.3
0
0
2.036
0.2
0
0
0
0.1
0
3.86
0.1
1.224
1.824
4.06
0.7
1.936
3.16
1.4
0
1.936
1.524
0.1
2.124
2.036
1.624
0.8
1.836
0.1
0.1
0.1
2.336
1.324
0.3
0
0
0
2.436
1.424
0.4
0
0.1
0
1
2.436
0
3.36
0
0.1
1.524
0
0
1.524
0.5
1.824
1.324
1.324
0.1
2.036
0.1
0
1.936
0
0.1
3.16
0
4.224
0
2.436
2.036
1.324
2.036
0.1
2.136
2.436
1.524
0.2
2.036
0.7
0.3
0.2
0.5
1.424
1.836
2.236
0
0.3
2.236
1
0
0.2
0
0
6.124
0.9
1.924
0.1
2.624
0.1
0
0.1
0
0
1.324
0.3
0.2
0.8
0.6
0
1.224
0
0
0
1.724
0.2
0.1
3.16
3.16
0.4
0.3
0
2.036
0.1
1.724
0
2.724
0.8
0.1
2.136
1.324
0.7
1.836
0.3
0
0.8
2.1
1.524
0
3.06
0.1
0
0
0.3
0
3.86
0.1
0
0.6
1.836
3.06
0.2
1.324
0.2
0
0
0.4
1.424
0.1
3.16
1.936
0.1
1.324
0
0
0
1.524
0
0.2
2.536
1.936
1.424
1.936
1.424
0.2
1.424
0
1.836
0.2
1.324
0.1
0
0
0
0.2
0
1.324
0
0
1.2
0.2
1.836
0.1
1.2
0.1
0.1
0
0.4
0.3
0.3
1.224
0.5
1.2
0.1
1.4
0
0.1
0
1.324
0.3
1.836
0
4.536
4.336
1.936
0
1.936
1.324
1.936
0.2
0.4
0
2.036
0
0.5
1.224
1.836
1.2
1.224
0.6
1.836
1.524
0
1.224
0
0.3
0.1
0.2
2.336
0
0.1
0.2
3.224
2.636
0.2
0
2.724
1.836
0
0
0.9
1.324
0.8
0.9
0.1
1.924
0.1
1.324
4.06
4.86
0.4
0
3.26
0.3
0.8
0.2
1.7
0.1
3.524
0.6
0.9
0.4
3.76
0
3.024
0.1
1.324
1.824
0.1
0
0
2.236
0
0.2
0
4.072
4.372
3.772
2.536
3.436
1.836
2.236
0
0.1
0
3.26
1.624
2.836
1.9
3.76
1.924
0
3.124
1.424
0
1.836
0.1
2.136
3.06
2.024
1.824
0.2
0.4
0.2
0.1
0.6
0.3
0.9
0.1
1.836
0
0.1
0.1
0
1
0.3
0.1
0
0.2
0.8
0.3
3.772
3.772
0.8
2.636
0
0.6
1.9
1
3.636
1.424
1.324
0
0.3
1.1
2.136
0.1
0.1
1.836
6.824
0
1.2
0
1.836
2.036
1
0
0.9
0.2
0.1
0.3
0
0.5
0.1
0.1
0
0
0
0
1.324
0.1
3.524
0.1
0.7
0
0.1
0
0.3
0
1.324
1.224
0.2
0
1.724
2.524
0.4
2.436
0
1.424
1.824
0
0
0
0.3
5.2
0.2
0.1
0.1
0.2
4.024
0.1
1.624
0.1
1.4
0.4
0.1
3.16
0
1.836
0
1.7
0.3
1.1
0.2
0.2
1.324
0.1
0.1
0.4
0.2
0.2
1
0.1
0.7
1.324
0.6
1.324
0.1
0.7
0.7
0.1
0.3
1.624
0.2
0.1
0.2
0.1
1.224
0
0
1.724
0.1
2.9
1.924
0.4
0
0.7
3.26
1.1
0.5
0
0.1
0.3
0.4
0.1
0.2
0.1
0.2
1
0.2
0.1
0.1
1.224
1.5
0
0.1
0
0.1
0.2
0
1.1
0
0
1.2
0.3
0.1
0.1
0.7
0
0.2
0.4
0.1
0
0.2
2.224
1.724
0
0.4
0.3
0
0.2
0.2
0
0
0
0
1
0.2
0
0.2
0.6
0.3
1.324
0.4
0
0.5
1.3
0.7
0
2
0.1
0
0.2
0.9
0.2
0.7
0
4.924
0.2
1.424
1.424
1.224
1.936
0.6
2.424
0.1
0
1.324
1.224
0.2
0.2
0.1
0.1
0
0
0.2
3.824
0
1.6
1.224
0.1
0.5
0.6
0.5
0.3
0.7
0.1
0.1
0.1
4.8
0
0
0
0
0.4
0
0.4
0.2
0.4
0.9
0.2
0
0.1
0.7
0.4
0.2
1.6
0
1.1
0.3
0
0
0.5
0.3
0
0.1
0
0.2
1.824
0
0.1
0.2
0.6
0.5
0.5
0.6
0.2
0.3
2.124
1.224
1.424
0
4.2
3.724
1.424
0.1
0.6
1.224
0.1
0.4
0.3
0.3
0.7
0.1
0.2
0.1
0.6
0.4
0.7
0
0.4
0
0.8
1.8
0
0.4
0
0
0.1
0.4
0.1
0
0
0.1
0.5
0
0.1
0.5
0.5
0.3
0.1
0.1
0
0
0
1.724
1.424
0
0
0.3
1.1
0.1
0.3
0
0.5
0.1
0.1
3.124
3.224
1.324
0.9
0.1
1.3
0
0
2
1.624
1.524
0.1
0.1
0
0.2
0
0.3
0.1
0.3
0.1
0.4
0.1
0
0.2
1.224
0
0
0.1
0.1
1.9
0.2
0.3
0.1
0
0.5
0
0
0.9
0
0.1
0.5
0.5
0.5
1.324
0.1
0.2
0.2
1.324
1.824
0.5
0.9
0.3
1.524
1.924
0
0.1
0
0.2
0.3
0.6
0.1
0.1
0.1
0.2
0.2
0.1
0.3
0.6
0.1
1.3
0
0
0
0.1
0.2
1.224
0
0
0.1
0.1
0
0
0.3
0.5
1.324
0
0.1
0.3
0.1
0.2
0.4
0.1
0.6
0.3
2.136
0
0.4
1.424
0.7
0.6
0.6
0
0.4
2.236
0.9
0
0.5
1.524
0.2
0
1.3
0.4
1.8
1.724
0
0.2
0
2.524
0
0
0.6
0
0.3
0
0
0
1.824
0.2
0
0
0.1
0.6
0
0
0
0
1.624
0.3
5.224
0.7
0.2
2.424
0
0.3
0.3
0.8
0.2
0.1
0.2
0
1.224
0.5
0.1
2.024
0
0
1
0
0
1.6
0.3
0.1
2.4
0.2
0.2
0.9
0.3
0.2
0
0
1.5
0
0
0.7
0.1
0
0.3
0
0
0.8
0.2
0
0.6
0.2
0.1
0
0.1
0
0.1
0
1.3
1
0.1
0.3
1.724
0
0
0.1
0.1
0
1.4
0.3
0.2
0.1
0.2
0
0.1
0.2
0
0.3
0.1
0
1.424
0.1
1.424
0
2.4
0.1
0
1.2
2.524
0
0
0.4
0.3
0.2
0
0.1
2.036
1.424
1.224
0
0.3
3.324
0
0
0
0
0.1
0.2
0.3
0.4
0.2
0
0
1.424
0.5
0.5
1.324
0.2
0.1
0.1
0
0
0.1
0.1
0
0
0.2
0.6
0
1.1
2
1.724
0.1
1.924
0
0
0.4
1.524
0.1
0.1
0.1
1.324
0.3
1.924
0
0.7
0.6
1.224
0.1
1.1
0
0.1
0.5
0
1.224
0
0.3
0.4
0.4
0.5
0.4
0
0
0.1
0.7
0.3
0.4
0.4
1.224
0.3
0.6
0.1
1.5
1.8
0.2
0.1
0.3
0
0
0
0.2
1.224
1.424
0.2
0.1
0
0
0
0.1
0.1
1.224
0.1
0
0
0.1
0.1
0.9
0.3
2.5
0.1
0.3
1.424
0.3
2.4
0
0
0.3
1.6
0.1
1.936
0.2
0.2
0.2
0.2
0.2
0.3
0.1
1.624
1
0.7
2.124
2.124
0.3
1.9
0
0.2
0
1.424
0.3
1.924
0
0.3
1.724
1.224
1.224
0.4
0.1
0.1
0.1
0.8
0.4
0
0.5
7.424
0.1
0.1
0.1
1.524
1
3
4.324
0
0.7
0
0
2.824
0.2
0.6
0.5
0.2
3.236
0.4
0.2
0.8
3.3
0.1
0.4
0
0.2
0.9
0
0.4
0.1
0.1
0
0.4
0.1
0.2
0
0.2
0.5
1.624
0.4
0.3
0.1
0.9
0.3
0
0
1.7
0.8
0.1
0.4
0
0
0.2
0.1
1.1
0
0.5
0.5
1.8
0.1
0
0.1
0.5
0.7
0.1
0.3
0.5
3.624
0
0.4
0.1
0.7
0
0.2
0
2.2
0.2
0.1
0.3
0.3
0.8
0.6
0.1
0.5
0
0.6
2.236
0.3
1.836
0.1
0
0.1
1.324
0.4
1.324
0
0
1.524
2.624
0.1
0
1.824
1
0
3.8
1.724
0.1
0
1.936
1.836
3.16
0.1
0
2.524
2.136
1.424
0
1.324
2.136
1.524
0
7.524
0.5
0
1.836
4.924
2.736
2.7
1.1
0
2.3
0.5
1.324
0.4
0
1.836
3.06
3.86
0
0
0.2
1.324
0.2
1.324
1.836
0.1
0
0.1
2.324
0.1
1.924
2.436
0.2
0
1.524
0.1
0.1
0
0
2.724
0
0
0.3
0
1.424
0
1.836
7.496
0
2.636
2.336
1.836
0
0
2.136
0
0
0.2
2.136
0.3
0.5
0.3
0.1
0
1.224
0.8
0.3
1.324
3.06
0
0
0
0.3
4.2
0.3
0.2
1.6
3.624
0.8
