0.2
0
0.4
0.7
1.224
0
0
0
0
0
0
0
1.224
1.3
0.7
0
1.224
0
0
0.2
0
0.2
0
0
0.2
0.2
0
0.1
0
0
0
0
2.6
0
1.424
0.6
0
0
0
0.1
0
0.7
0
0
0
0
0.4
1.424
0
0.1
0
0
0.1
1.224
0
0
1.324
1.224
0
0.4
3.224
1.724
0.1
0.6
0.6
0.4
1.224
1.224
0
2.724
0.1
1.724
1.224
0
1.8
0.3
1.324
0.3
1.224
0
0.3
1.224
0
1.224
0
1.224
1.224
0
0
2.024
0
0
1.224
1.224
1.224
0.1
0.2
1.224
0
0
0
1.424
1.824
0
0
0
0.1
0.8
1.324
0.3
1.324
1.224
0
1.224
0
0
0
1.224
0
0
4.424
0
0
1.424
1.424
0
0
0
0
1.424
0.3
0
1.524
0
0
0.1
0
1.324
0.2
0.2
0
1.324
1.224
0.1
1.224
1.224
0.1
1.424
0
1.324
0.1
0
0.1
0
0.4
0.3
1.324
0.1
0.7
0
0
1.224
0
1.324
0.2
1.224
0
1.224
0.4
1.9
1.224
1.524
1.224
0.1
1.324
0.1
3.06
3.06
0.1
0
0.1
1.324
0.1
1.324
1.4
1.324
0.4
1.224
1.224
1.224
0.1
0
0.1
1.224
1.224
0
0.1
0.2
0
0.2
1.324
0
0
1.324
1.2
1.224
0
0.2
0
0
0
0
0.1
1.224
0
4.624
0
3.224
0
3.06
1.224
0
0.6
0
0
0.1
0
0
0.5
1.224
0
0
1.324
0
0
0
3.324
0.1
0
0.1
0
0.1
0.2
0
1.324
1.836
3.06
3.06
1.836
2.236
1.836
3.46
3.16
3.06
1.836
1.836
3.06
8.26
2.036
1.836
1.836
3.06
1.936
2.236
1.836
3.06
2.636
1.836
1.836
1.836
1.836
2.136
1.836
1.936
5.86
1.836
1.836
3.06
3.06
3.06
3.06
3.06
3.36
1.836
3.16
1.836
1.836
1.836
3.06
1.836
1.836
1.836
3.06
3.524
0
0
0
0.3
1.424
0
0.3
1.424
0
0.1
0
1.224
2.124
1.224
0
1.724
1.224
1.224
1.224
0
0
0
0
0.2
0
0.1
0.1
0.2
0.6
0.3
1.524
0
1.224
0
0
1.224
1.8
1.424
0
0.3
0
1.224
0
0
1.3
0
1.224
0
3.724
1.524
0.7
0.1
0.1
0
1.7
1.524
0.3
1.424
2.624
4.424
0
0
0
1.224
0
1.924
0.2
0
0
0
1.224
0.2
0
0
0
0.1
0
0
0
0
0
1.224
2.224
0
0
0
0
0.3
0
3.06
0
0.3
0
0
0.1
0
0
0
2.936
3.26
2.036
0
1.836
0.2
0
0
0
0
0
1.324
1.224
0
1.224
1.224
0.3
0
0.7
0.1
1.224
0.1
0
1.524
0
0
1.324
1.424
0
0.1
0
0.7
0.2
0
0
1.324
0.1
0.3
1.224
1.624
0
0.1
0.1
0.4
0
2.324
0.2
0
0
0
1.224
0.2
0
0
1.224
1.224
0.1
0
0.2
0
0
1.224
1.224
0
0.3
1.224
0
0.6
0
1.324
0
0.1
0.1
1.224
0.1
1.5
0.3
0
0.2
2.8
0
0.3
0.1
0
1
1.224
0
0.1
1.324
0
0
0.1
0
0
1.224
0.3
0
1.224
0
1.224
0
1.224
0
0
0
0
0
0
0.1
1.324
0
0
0
1.224
0.1
0.1
0
1.224
0
1.224
0
0
0
1.224
0
0
0
1.224
3.024
0.1
1.224
0
0
0.3
1.224
1.324
0
0
0
0.2
0.5
0
0
1.324
0
0.2
0
0.3
0.6
1.224
1.524
0.1
0
0.1
0.1
0.2
1.324
0
0
0.2
0
0
0
0.1
0
0.1
0
0
1.324
0.1
1.224
1.224
1.924
0
1.324
0.1
0.1
0.1
0
0
1.224
0
0.1
0
0
0
0
2.4
0
0
1.224
0
0
0
0.1
0
0
0
0
0.1
1.224
0.5
0
1.224
0
0
0
0
1.224
0
1.224
0
0.1
0.1
0.1
0.1
0
0
0
1.224
0.3
1.324
0
0
0
0
1.3
0.1
0
0.1
0
0.1
1.324
0
0.1
0
0.1
0
0
1.324
0
0
1.224
0
0
0
0
0
0
0.1
0
1.224
0.1
0
0
0.1
0
0
1.224
0
0
0.2
0.1
0
0.1
0
0
0
0.4
0
0.2
0
1.224
1.224
0
0
1.224
0
0
0.1
0.1
0
1.424
0
1.224
0.2
0.1
0.1
0
0.1
0.3
0
0.1
0
0
1.324
0.1
0.1
0.2
0
0
1.324
0
0.1
1.224
0.2
1.224
0
0
0.1
0
1.324
1.224
0.4
0
0.1
0.4
0.1
0
1.224
0
0
1.224
0.1
0
0.1
0.1
0
0.3
0.1
0
1.224
0
0
0
0
0.1
0
2.1
0
0
0
0
0
1.224
0
0.3
0
0
1.424
0.1
1.624
0
0
0
1.224
0
1.224
0
0
1.224
1.224
0
0
1.224
2.2
1
0
0.3
1.324
1.224
1.224
0
0
0
0
0.1
1.224
0.1
0.1
0
1.224
0
0
0
0.1
0
0
0
0
0
0
1.224
0
0
0.2
1.324
0
1.3
0.1
0
0.1
1.224
0.1
0
1.224
0.2
3.324
0.1
0.1
0
0.1
0
0
2.424
1.224
0
0
0
0.2
0
0
0.2
0
0
0
0
0.1
0
1.324
0
0
1.224
0
0
0
0
0
1.224
1.224
1.424
0
0
0.1
0
0
0.1
0
0
1.524
0.1
0.1
0
1.224
1.224
0
0
1.224
1.324
1.224
0.1
0
0
0
1.624
1.424
0
0
0.1
0.1
0.1
0
0
0.1
0
1.424
1.224
0.1
1.224
0
1.224
0
0
0.5
1.624
0
0.1
0
0
0
0
0
0
0.1
0
0.5
0
0
0.1
0
0.1
0
0
1.224
0
1.224
1.224
0.1
0
0
1.324
1.224
1.324
0.8
1.224
0
1.224
0.1
0
0
1.224
0.1
1.224
0
0
0
0
1.224
0
0.1
0.4
0
1.224
0
1.224
0.1
1.224
1.5
1.224
2.024
1.224
0.2
1.224
0
1.224
1.324
1.224
0.1
0.2
0
0
0
0.1
0.1
1.324
0
2.036
2.036
1.836
1.936
6.46
3.06
3.06
1.324
0
0
0.1
0
0.1
1.424
0
0.1
0
1.624
0
1.224
0
0
0
3.06
1.624
1.224
0
0.5
0
0
1.324
1.224
1.424
0
0
1.224
1.224
1.224
0
0
0.3
0
0
0
0.8
1.424
1.836
1.836
1.724
0.1
0
0.1
0.6
0.3
0.3
0
0
0
1.224
1.324
0.1
1.224
1.224
0
0.9
0
2.924
0
1.936
0
1.624
0
1.1
0.1
0.4
0
0
2.224
0.5
1.224
0
0
0
0.1
0
0
3.724
0
0
0
0.2
1.324
0.1
1.224
1.224
0
0
0
0
0.7
1.624
0.2
0
0
0.1
0
0
0
0
1.5
0.4
0
0.4
0.2
0.9
0
0.1
0
0.4
0
2.224
0
0
3.06
0
0.4
0
0.5
0.1
0
0.1
1.224
0.1
1.424
0.1
0
0.3
0
0.3
0
1.424
0
0
1.224
0.1
1.224
1.224
0
1.324
1.324
0
0
1.224
0
0
0
0
0.4
0.1
0
1.224
0.5
0
0.3
1.224
0
1.224
0.2
1.224
1.224
1.324
0
0.1
2.624
0.2
0
1.224
0
1.524
0
0
0
1.224
1.324
1.524
0.1
0
0
0.4
0
0.1
1.324
1.524
0
0.1
0.2
0
0
0
1.224
1.224
0
0
0
1.224
0
1.224
1.224
0
1.224
0
0.2
1.224
0
1.224
0
0.1
0.1
0
0.1
0
0.5
0.3
0
0.4
0
0.1
0.1
0.1
1.224
1.324
1.224
0.7
1.524
0
0
0
0
0.3
0.1
0
0
0
0
0.1
0
1.224
0
1.224
1.224
0
1
0
0
0
0.1
1.324
1.324
0.3
0.2
1.424
0
0
0
4.424
0
0
0
1.224
0
0
1.324
1.324
0.1
0.2
1.224
0
0.1
0.1
0.1
0.1
0.3
0
1.424
0
0
0
0.1
0
0
0
0
0
0
0
1.324
1.324
1.224
0
0.1
1.824
1.424
0
0
0
0
0
2.824
0.3
0
1.224
1.524
0
1.224
0.1
1.224
0.1
0
0
1.224
0
1.424
1.324
0
1.224
0
0
0.2
2.824
1.224
0.1
0
1.224
0.2
0.3
0
0
1.224
0
0
1.324
0.1
0.2
1.224
0
0.1
0
1.324
1.224
0
0.1
0
0
0
0
0
1.324
0
0
0.1
0
0.2
0.2
0.2
0
1.424
0
1.324
1.224
0
0.3
0
0
1.224
0
1.224
1.224
0
1.524
0.3
1.324
1.224
0
0.1
0
0.8
1.224
0.1
0
1.224
0.2
0.5
1.324
0
0
1.224
0
0.1
0
1.224
0
0
1.224
0.1
1.324
0
0
0
0.1
0
0
0.1
0
1.224
0
0
0
0
1.224
1.524
0
0.1
0.2
0.2
1.224
0.1
0.1
0
0.1
0
0
0.4
1.224
1.224
1.224
0.1
0
0
0
0
0
1.224
0
0
1.224
0.3
0
1.224
1.224
0
1.324
0
1.224
0
0.1
1.324
0
1.224
0.2
0
0.2
0
0
1.224
0
0
0.2
0
0
0.1
1.224
0
0.5
0
0.5
0
0.1
1.224
1.224
0.2
0
0.1
0.2
0
0.1
0
1.224
0.1
0
1.224
0
0.1
0.1
0
0
0
0.1
0
0
0.2
0.7
0.4
1.424
0.3
0.1
1.224
1.524
0.2
0
0
0
1.224
0
0
0.1
0
0
0
2.924
0.1
0
0.1
0
1.224
1.324
1.324
1.224
1.324
0
0.3
0
0
1.524
1.224
1.224
0.4
0
0
1.224
0
1.224
0.1
0
0.1
0
1.324
1.224
0
1.224
0
1.224
0
0.5
0.3
0
0
0
0
0
0
1.224
1.224
0.4
0
1.224
0.1
0
0
0
0
0
1.224
1.224
1.224
0
0
0.1
0
3.324
0
1.224
0.1
0.9
1.324
1.224
0.1
0.1
0.2
0
0
0
0
0
0
1.224
0.4
0
0
0
1.224
0
0
0.1
1.324
1.224
0
1.524
0
0.4
1.324
0
0
1.224
0
0
0.1
1.224
1.224
1.224
0
0
0.2
0
1.524
0.3
0.1
0.1
0
0
0
0
0
1.324
0
0
0
0
0.1
1.224
1.324
1.524
0
0
0.1
0.1
1.224
0
0
0
0
0
1.424
1.424
1.424
1.524
0
0
0
0.1
0
0.1
0
0
0
0.1
0.1
1.624
0.4
0
0.1
1.324
1.224
0
0
0
0
0
0.2
0
0
1.224
0
0.1
1.324
1.224
0
1.224
1.224
0
0
0.1
1.424
1.724
1.324
1.724
0.1
1.324
0.8
1.224
1.224
1.324
0.4
0
0.1
0
0.1
0
0
0
0
0
0.1
0.4
0.1
0.1
0
0
0.7
0
0
0
0
0
0.1
0.1
1.224
0
0
0
0.1
0
0
0
0.2
0.5
0.1
0
1.5
0
0.1
0
0
1.224
0.9
0.3
0
0
0
0
0.3
1.224
1.524
0.4
0.2
0
0
0.2
0.2
2.924
0
0
0
1.224
0.1
0
0.2
0
0
0
0.6
0
0.2
0
0.3
1.624
0.1
0.2
1.324
0
1.824
1.224
0
0
0.2
0.3
0
0.1
0
0
1.224
1.224
1.424
0
1.324
0.3
0.3
0
0
1.224
0.1
0.9
1.224
0.1
0.3
0.1
0
0.1
0.2
1.324
1.224
0.1
0.1
0.3
1.524
1.324
0.1
1.424
0.1
0.3
0
0
0
1.424
1.836
0.3
0
0
1.224
0
0
0.2
1.224
1.224
0.1
0
0.4
0
0
0
1.8
1.224
2.5
0.1
0.1
0
3.06
3.06
0
0
0.2
0.2
0
0.4
1.224
0
0.1
0
0
2.2
0
1.224
0
0.4
0.2
4.324
0.5
1.224
1.4
0.1
0
0
0.1
0
0
0.2
1.224
1.324
0.2
0
0.1
1.224
0.1
0
0
0.1
0.1
0
1.324
0
0.1
0.2
0
1.224
0
0.2
0.3
1.224
0
0.1
0.2
1.224
0
0
2.836
2.136
0
2.036
1.936
1.836
1.224
1.224
0.1
0
1.224
0.5
0.2
0.1
0.1
0
1.324
1.224
1.224
1.224
1.224
0
1.224
1.324
0
1.224
0.3
1.9
0.2
0.1
0.6
1.6
0.4
