0.1
1.224
2.748
2.848
2.548
0
1.224
2.448
0.1
1.224
1.324
1.224
0
1.624
1.324
1.224
0
2.448
2.448
2.448
1.224
1.324
1.224
2.448
1.424
2.548
2.548
1.224
3.672
1.224
2.448
1.224
0.3
0
0
0
0
0
0
0.2
0.1
1.524
0
0
0
1.224
0
0
0.1
1.224
1.324
0
1.224
0
0
1.224
0
0
0
1.424
0.1
0.1
0
2.548
0
0
0
0
1.224
0.2
0.1
1.424
0
0
1.924
1.324
0
1.324
0
0
2.548
0
1.224
0
0
0
0
0
1.224
2.748
0
1.224
0
0
0
1.224
1.324
0.1
2.548
2.448
0
0.1
0.1
0
1.224
0
0
0.1
0
0
0
0.1
0
1.224
0
0.1
0
1.224
0
0
0.6
0
2.448
0.1
0
0
0.1
1.224
0
1.324
0.1
0
0
0
1.324
0
1.224
1.324
1.224
0.1
1.224
2.448
0
1.224
0
0
1.224
0
0
0
1.224
0.1
0.1
0.1
0.2
0.2
0.1
0
0.1
0.1
0
0
0
0
0
0
1.224
0.1
0
2.948
0
0.1
1.224
0
1.224
2.448
1.836
1.836
1.324
0.2
0.1
1.324
1.224
2.448
0.1
2.448
1.424
1.224
0
2.448
1.224
1.224
0
1.224
1.324
1.224
1.224
0
0
1.424
0.2
1.224
0
0.1
0
0
0.1
1.424
2.548
1.224
2.448
0
2.648
0
0
0.3
0
1.624
0
1.836
0
2.448
1.424
2.448
2.448
1.324
1.224
1.224
2.548
1.224
3.772
3.672
1.224
0
2.548
0
3.048
1.224
0
1.424
0
1.524
1.224
0
0
3.06
3.06
3.06
3.06
3.66
1.836
1.936
1.836
1.836
3.06
3.06
1.836
2.036
7.308
3.16
4.284
1.836
3.06
2.036
4.284
1.836
3.56
4.284
1.836
4.284
1.836
1.836
1.836
4.284
2.436
1.836
4.284
1.836
3.06
1.836
3.06
1.936
4.384
5.508
4.484
1.836
3.06
3.06
3.06
3.06
3.06
4.284
1.836
0.2
1.224
0
1.224
0.1
0.1
0
2.648
0
0
1.324
1.224
0
0.1
0.1
2.448
0
1.324
0
1.224
2.448
2.448
2.448
0
1.224
1.224
1.224
0
1.224
0.1
0.2
0.1
0
0
1.224
1.224
0
2.648
2.548
1.224
2.548
2.448
0
0
1.224
0
1.224
0
1.224
0.5
0
0.1
1.224
1.224
2.448
0.1
0
1.224
0.1
0.2
0.6
2.448
0
0
0
2.448
1.324
1.224
1.324
1.324
1.224
1.224
1.424
1.224
2.448
1.224
2.548
2.448
1.224
1.224
2.448
2.448
0
1.424
1.224
1.224
1.224
3.672
4.172
1.224
1.836
2.448
0
2.548
1.524
0
0
1.224
3.672
4.584
3.06
4.284
1.324
1.836
0
0
2.448
2.448
2.448
0
1.424
1.224
1.224
2.448
2.448
1.224
2.448
1.924
1.424
1.224
0
2.548
0
0
2.448
1.424
0
1.224
3.872
1.324
2.548
0
1.224
2.448
1.224
1.924
2.648
2.548
0
1.224
0
2.448
2.548
0
0
1.324
2.448
3.672
2.448
2.448
1.224
2.548
2.448
1.224
1.224
1.224
1.324
2.448
0
2.448
1.324
0.1
0
1.324
1.224
0
3.872
1.324
1.224
1.224
0
3.772
0
0.1
1.924
0.1
2.448
1.424
0.5
0.1
1.224
3.872
1.324
2.648
1.224
0
1.424
1.324
1.224
0
0
2.448
0
2.448
2.548
2.448
1.224
0
1.224
2.448
2.448
0.1
0
2.448
1.224
2.548
2.448
1.224
1.324
0
0
1.224
1.224
2.548
1.224
2.448
0
0
2.448
2.648
1.224
2.448
2.548
2.448
1.224
3.772
0
0.1
1.324
0
1.224
2.448
2.648
1.324
1.224
1.324
0
2.448
2.648
2.748
1.224
0
2.548
0
0
1.224
0.1
2.448
1.224
2.448
0
2.648
1.424
2.548
3.972
1.224
0
0
1.324
2.448
1.324
0
0.1
1.324
2.648
1.324
0
2.448
0
0
0
0.1
1.224
0
1.424
1.324
3.772
2.448
1.224
1.224
2.448
1.224
0
1.224
1.224
1.224
0.2
1.324
1.224
1.224
1.224
0
1.324
2.448
0
2.448
1.224
2.448
3.772
0
0.3
0
0
1.224
1.224
0
2.448
0
2.448
2.448
1.224
2.448
2.548
2.648
1.224
2.448
2.448
0
1.224
1.224
1.224
1.224
0.2
0
0
0.3
3.872
2.448
2.448
0
0.1
1.324
2.448
2.448
2.648
2.448
0
1.224
1.224
0
1.224
1.224
1.224
2.448
1.224
0
1.224
2.548
2.548
1.224
0
1.224
1.224
0
0
2.448
2.548
0
0
0
0.1
1.324
2.448
2.448
2.448
2.448
1.224
2.648
0
2.448
1.224
0.2
1.224
0
1.224
2.448
0
2.448
1.224
2.448
2.448
2.748
0
3.672
2.448
2.648
2.548
0
2.448
1.424
0
2.548
2.448
1.224
3.872
1.224
1.224
2.448
0
1.224
1.224
1.224
0.1
2.448
0.1
1.224
2.448
2.448
1.224
2.448
1.324
2.548
0.1
0
1.324
1.424
0
3.672
0
2.448
2.548
0
0
2.448
2.448
2.448
2.448
1.324
2.448
1.224
0.1
0
0
0
1.224
3.672
1.224
1.924
1.324
0
2.448
2.448
2.548
1.224
2.448
1.324
2.448
2.548
0
1.524
1.224
1.224
2.548
3.772
1.224
1.224
0
0
1.224
1.624
1.224
2.448
1.224
2.448
1.924
2.748
1.424
0
1.324
2.548
1.224
0
1.224
1.224
2.448
1.324
1.224
1.224
2.448
0
2.448
1.224
0
2.448
3.672
2.648
0
2.548
2.448
2.548
0.2
1.224
2.448
1.224
2.648
0
2.448
1.324
1.324
2.448
2.448
1.224
0.1
2.548
0
1.324
1.624
3.772
0
2.448
1.224
1.324
0
1.324
0
3.772
2.448
0
2.548
2.448
3.672
2.848
2.448
1.224
1.324
2.448
1.324
2.448
2.448
3.672
0.1
2.448
1.324
0
0
0
3.772
0
0
1.224
2.448
1.224
2.448
1.224
0.1
1.224
0
0
0
2.448
2.448
2.648
1.224
2.448
1.224
0
2.548
1.224
1.224
2.548
2.448
0
2.448
2.548
0
0
1.224
1.224
1.324
1.424
2.548
1.324
0
0
2.948
0
2.448
2.448
2.448
2.448
2.448
1.224
2.648
0.2
0
0
2.448
2.448
1.224
1.424
1.424
1.224
1.224
1.224
0.1
2.448
1.224
2.548
3.672
0
0
2.448
1.224
1.224
0
1.224
0
0
0
1.224
0
0.1
2.548
1.424
1.324
0
1.224
1.224
1.224
0
1.224
3.672
0.2
2.648
1.224
1.224
0.1
2.448
3.972
4.172
1.224
2.448
2.448
2.448
1.424
2.448
2.748
1.224
4.072
2.648
1.224
0
3.772
2.448
2.548
2.448
3.672
3.672
1.224
1.224
1.224
2.448
1.224
2.448
1.224
4.284
4.284
4.284
4.384
3.36
3.06
4.484
0
0
0
1.224
2.548
1.224
1.724
3.772
3.972
2.448
2.548
2.448
1.224
1.224
1.324
1.324
4.284
2.448
2.448
2.448
1.324
1.324
1.224
1.324
1.224
1.224
1.224
1.224
0
2.548
0
2.648
2.948
1.224
1.224
2.648
2.448
2.948
1.324
1.836
1.836
2.648
1.324
1.224
2.448
2.648
2.448
0.2
2.448
2.448
1.224
0
1.224
2.548
0
1.224
0
1.824
0
0.3
0
4.284
1.224
1.224
2.448
0.1
0
0.1
1.224
0
0
1.224
0
0
1.224
0
0
2.448
0
2.948
1.224
0
1.224
0
0
1.424
0
1.224
1.224
1.224
1.224
1.324
2.648
0
0.2
1.224
1.224
1.224
1.224
1.324
1.324
1.524
2.024
0
1.224
0.1
1.224
1.724
1.524
1.324
0
1.324
1.224
0.1
1.224
0
3.06
2.448
1.224
1.224
0.1
0
0
1.224
0
0
0
1.324
1.224
0.1
1.224
1.424
1.224
1.224
2.448
1.224
0
2.548
1.224
1.224
1.224
0
2.448
1.224
1.224
2.448
1.224
1.224
1.524
0
1.324
2.448
1.224
0
1.224
1.224
1.224
0
1.224
2.448
0
0
0
0
0
0
0
1.224
1.224
1.224
1.224
1.324
1.224
1.224
1.224
0
0
1.224
0.1
1.224
1.224
1.224
1.224
1.224
1.324
0
1.224
1.224
0
1.224
1.224
0
1.324
1.324
1.224
1.224
0
0
0
1.224
0
1.224
1.224
1.224
0.2
0.1
1.224
0
0.1
1.224
2.448
1.224
1.224
1.224
1.424
0.1
1.224
0
0
0
1.224
1.224
1.224
1.224
1.224
1.424
0
1.224
2.448
1.224
0
0
1.224
1.224
1.224
2.448
1.224
1.224
1.224
0
1.224
1.224
0
1.324
1.324
1.224
0
1.224
1.224
0.1
0.1
1.224
1.324
1.424
2.448
1.224
1.224
0.8
1.224
0
1.224
0
1.224
1.224
0.1
0
0.1
0
0.1
0
1.224
1.424
1.224
1.224
1.324
0
2.448
1.324
1.224
1.224
0.1
1.324
1.224
0
0
1.224
1.324
1.224
1.224
1.224
1.324
1.224
0
1.224
0
1.224
1.324
1.224
1.224
1.224
0.3
1.524
1.224
0
0.2
1.224
1.224
1.324
0
1.224
2.548
0
0.1
0
0
0
1.224
0
1.224
0
0
0.2
1.224
1.224
1.224
0
1.224
1.324
1.224
2.448
1.224
0
1.224
1.224
1.224
1.224
1.224
1.224
1.324
1.224
1.324
0.1
1.224
1.224
1.224
1.224
1.224
1.224
1.324
0
0
0
0
0
0
2.448
1.424
2.448
0
1.224
0
0
1.224
1.424
1.224
1.424
0
2.448
0
1.224
1.224
1.324
0
1.224
0
1.224
0.1
1.224
0
2.448
1.224
1.224
1.224
1.224
0.3
1.224
0.1
0
0
1.224
1.224
1.224
0.1
1.224
1.224
1.424
0.1
0.1
1.224
0
1.224
1.424
1.224
1.224
1.224
0.1
0
1.224
1.224
2.448
0
0
2.448
1.224
1.224
1.224
0
1.224
1.224
1.224
1.324
0
0.1
1.224
0.1
0
1.224
0
1.224
1.224
3.672
0
1.224
1.224
2.448
1.224
1.224
0.1
2.448
1.224
0
1.224
1.224
0
1.224
0
1.224
0.1
0.1
0
1.224
1.224
1.224
1.224
1.324
1.224
0
1.224
0
0.1
0
2.448
1.324
1.224
1.224
0
1.224
0.2
1.224
0
2.448
1.224
1.324
0
1.224
1.224
0
0
1.224
0
0
1.424
0
0
1.224
1.224
0
0
1.224
1.224
1.224
1.224
1.224
2.648
1.424
0
2.648
0
0
1.424
0.1
0
2.448
1.224
2.448
1.224
1.224
1.224
1.224
1.224
1.224
0
0
1.224
0
0
1.224
0.2
0
1.224
0
1.424
0
1.224
1.224
1.324
0
1.224
2.848
1.224
1.224
1.324
1.224
0
1.324
1.224
0
1.224
0.1
0.1
1.224
0
1.224
0
0
0
0
1.324
0
1.224
1.224
0
1.224
0
1.224
0
1.324
0
0
1.224
0
0
1.324
0
1.224
0
0
1.224
0
1.324
1.224
0.2
0
0
1.224
1.324
1.224
0
0
1.224
0
1.224
2.448
0
1.324
1.224
0
1.224
2.648
1.224
0
1.224
0
2.448
0
1.324
1.324
2.448
1.224
0
2.448
1.324
1.224
2.448
0
1.224
2.448
0
0
1.224
0
0
1.224
1.224
0
1.224
0
1.424
1.224
1.224
1.224
1.224
1.224
0
1.224
1.224
1.224
1.224
1.324
1.224
1.424
0
0
1.224
2.448
0
0
1.324
2.448
0
1.224
1.224
0
0
1.324
2.448
1.224
1.224
1.224
0
0
0
0
1.324
0
1.224
0
0.2
1.224
1.324
1.524
1.224
1.224
1.224
2.448
1.224
0
2.448
2.448
1.224
0
0
2.448
2.448
0
1.224
0.1
1.224
1.224
1.224
0
1.224
0
2.548
0
0.3
0
0
1.224
0
1.524
2.448
0
0.1
2.548
1.224
0
2.448
1.424
1.224
0.1
0
0.1
0
1.324
2.448
0.1
1.324
2.548
0
0.3
2.448
0
1.324
1.224
1.224
2.448
1.224
0
1.324
1.224
1.224
1.224
1.224
0
1.224
0
1.324
1.224
1.224
1.424
1.224
1.224
0
2.448
0.1
1.524
1.224
0
1.324
1.224
0
2.548
0.1
0
0.2
0.1
1.424
0
1.224
1.224
2.448
1.224
1.224
1.224
0
1.224
0
1.224
1.224
0
1.224
2.448
1.224
1.224
0
1.224
1.224
1.224
1.224
0
1.224
0.1
1.324
0
0.1
1.324
1.324
0
0
0
1.224
1.224
1.224
1.324
1.224
1.224
1.224
0
0
0
1.224
1.324
1.424
1.224
0
1.224
1.524
1.224
0
1.224
0.2
0
1.224
0
1.624
1.224
1.224
1.224
1.324
1.324
1.224
0
1.324
0
1.224
4.584
2.448
1.224
1.224
0
1.224
1.224
1.324
1.224
0
0
2.448
1.224
0
1.224
1.324
0.2
0
0.1
1.224
1.224
0
1.836
1.836
2.448
0
0
2.448
1.224
2.648
0
2.448
1.224
1.324
0
3.348
0
1.224
0
2.848
1.224
0.6
1.524
0
0.2
2.548
3.772
0
1.224
1.224
1.224
1.424
1.224
0
0
2.448
0
2.448
0
1.224
2.548
0.1
1.324
2.448
2.548
1.224
1.224
1.224
2.448
0
0
1.224
0
2.848
2.448
2.548
0
1.224
2.448
1.224
1.936
6.008
1.224
3.16
3.06
1.836
0
1.224
0
2.548
2.448
1.224
2.448
0.1
1.324
2.548
1.224
2.448
2.448
2.448
0
3.672
1.224
1.224
0
0
0.1
0.6
0
0
0.2
3.048
0.2
