1.224
1.224
0.7
3.36
0.1
0.1
1.224
1.324
1.324
1.224
2.848
0
0.2
1.824
1.524
1.224
0
1.224
2.244
2.644
1.02
1.22
1.02
2.244
9.004
2.244
2.244
1.32
2.344
1.02
2.344
0
1.924
1.224
0.1
1.424
1.224
1.324
0.1
1.324
1.224
0.5
0
0.1
0
0
0.1
0.1
1.224
1.324
0
0.1
1.324
0
0
0.2
1.224
0
1.224
0.2
0.8
0
0
1.424
0.3
1.624
0.1
0
0
0.5
1.824
1.324
1.224
1.224
0.4
3.148
0
1.624
0
1.224
0.3
0
0
0
0
0
0
0
0
1.524
1.224
0
0.1
0
0
1.324
1.224
1.324
1.224
1.324
0
0.4
0.1
1.224
1.836
1.324
1.224
0.8
0
1.324
1.224
0.1
1.224
0
0
0.2
1.224
0
1.224
1.224
1.5
0
1.224
1.624
0
1.224
1.224
0.1
0
0.1
1.324
0
0.1
0
0
0.1
0.1
0
0.1
0.2
2.448
1.424
0
0
0
0
0
0
1.224
0
0
1.224
1.224
1.324
1.524
1.424
0.3
0.1
1.624
0.1
1.224
0
1.224
0
0.1
0
0
1.324
0.1
2.224
1.224
1.724
0
1.324
0
0.1
0
0
0
1.324
1.424
0
1.224
0
0.2
0.1
0.1
0
0
0
1.324
1.324
1.424
0.2
0
0
0
1.224
1.224
0.1
1.424
0
0
0.4
1.624
0
1.224
1.224
0.1
1.224
0
1.324
1.524
0
1.224
1
1.224
2.124
0
0
0
0
0.2
0.1
0
0.2
0
0
0.1
1.224
1.324
1.224
0
1.836
2.036
0
0.6
0
0
0.2
1.836
0.2
2.236
0
0
0.1
1.224
0
0.1
4.06
0.1
0
0.1
0
0.1
0
0
0.2
1.424
0.2
1.836
1.224
2.548
0.2
0
1.224
1.824
0
1.224
0
1.224
1.224
1.224
0
0.6
0
0
0
1.324
1.224
0
0
0.3
1.224
0
1.324
0
0.1
0.2
0
0
0
0
0.6
1.224
0
0
0
0
1.224
1.624
1.224
0.1
1.224
1.324
0
0.1
1.224
1.324
1.224
1.936
0
0.1
1.224
1.224
0
1.224
0
1.224
0
1.224
1.324
1.324
0.1
0
1.224
0
0
1.324
0
1.324
1.224
0
3.16
3.06
0
0.1
1.324
1.824
2.448
0
1.324
0.6
0.2
1.624
2.036
1.224
1.936
0
1.224
1.224
1.224
0.7
1.2
1.224
1.936
1.224
0
1.224
1.624
1.224
1.224
1.324
1.224
0
1.424
1.836
1.224
3.06
0
0
0
1.836
3.06
1.224
0
0
1.324
1.224
1.324
1.424
1.924
0
0
1.224
0
0.1
1.724
1.224
1.836
1.224
2.448
4.06
0
3.16
0
0
1.324
1.224
1.224
0
1.836
1.224
0.2
0
1.224
0
0
2.236
0
2.024
0.3
1.224
0
1.224
0
1.324
1.224
0.1
0
0
1.424
0
1.524
1.224
1.836
1.324
1.324
2.036
2.036
3.26
1.324
1.936
2.036
1.836
1.324
1.224
1.724
0.1
2.448
3.16
1.324
1.224
1.224
1.324
1.836
0
0
2.136
0.3
1.324
0
1.224
0.1
0
1.224
1.324
0
1.836
3.76
0
0
0
2.136
3.06
0.1
0
0.9
0.2
1.224
0.2
2.024
0
3.16
1.524
0.3
1.624
0
0.1
0.2
0
1.224
1.224
0.1
1.424
0.1
0.1
4.484
1.324
0
1.224
0
1.836
1.936
0
0
1.224
0
0.4
0
1.424
0.3
2.336
1.224
3.06
0
1.836
2.136
1.324
0
1.224
0.1
0.2
0
0
1.936
1.324
1.224
3.16
0.1
0.5
0.1
1.224
1.836
1.224
0
2.236
0
0.1
1.224
0
0.1
0.1
1.224
0
0.1
1.224
1.224
0
1.324
1.424
0
1.224
1.324
3.16
0.1
2.036
1.424
0
1.224
1.324
1.424
1.936
0
1.324
1.936
0
0
0
0
1.324
1.224
0
0
0.2
1.224
1.424
2.136
1.224
2.548
1.224
1.224
0
3.06
0
0
0
0
0
1.624
0.3
0
0.1
1.324
0
0
0.1
1.324
1.324
1.836
1.324
1.324
0.1
2.236
0
1.224
0
0
0.1
0
1.224
1.224
1.224
1.224
0
1.324
1.824
0.1
1.224
1.224
1.224
0
2.236
1.324
1.224
2.336
0
1.936
1.724
1.224
1.224
1.224
2.036
0
1.936
1.224
3.06
2.036
1.524
1.936
3.06
1.936
3.06
1.836
0
0
1.836
0.1
1.836
1.836
1.624
1.836
2.448
0
2.136
1.224
1.224
1.936
1.224
3.36
0
1.224
1.324
2.136
0.1
0
1.224
1.836
1.224
1.324
0.8
1.836
1.424
1.836
0.1
0
0
1.836
1.224
1.224
0
0
0
0.1
3.16
0
1.224
1.224
4.584
0.3
3.06
4.284
0.5
1.224
1.936
1.224
0
1.824
1.836
1.524
0.1
1.836
0
0
0
1.836
1.224
0.1
0
0.1
0
3.06
1.324
0.1
0
0.2
0.2
0.3
2.236
1.224
3.06
1.224
0
1.324
0
1.324
1.324
0
1.624
1.224
1.224
0
2.036
0
1.224
3.06
0
0
3.16
0.1
1.924
0
1.936
1.836
1.224
1.936
0
1.836
2.036
1.324
1.324
1.936
0.5
0
0
0
1.224
1.836
3.06
0
1.324
1.936
0
0
0
0
0
2.024
1.724
1.224
0
1.324
0
0
1.224
0.1
0
1.224
0
0
0.2
1.324
1.224
1.224
0
1.224
0
1.224
0.3
0
4.284
4.484
0
1.224
0
1.836
0
1.424
1.224
1.724
0.6
0.1
1.836
1.224
0.1
1.836
1.324
0
0.1
0.6
1.324
1.224
3.06
0.2
0
0
0.2
1.224
3.36
0.1
1.224
0.1
1.836
3.06
0.1
1.324
0
0.1
0
0.1
1.324
0.1
3.06
1.936
0
1.224
0
1.224
1.224
2.548
0
0
2.436
1.836
2.448
1.836
1.224
1.224
1.224
1.224
1.836
0
1.224
0.2
0
0
0.1
0.1
1.224
1.324
0.1
0
0.2
0.1
1.836
1.224
0.3
0
0
0
0
1.224
0.1
1.324
0.1
1.524
1.224
0.3
0
1.224
0
2.548
0.2
1.836
0
2.336
3.66
3.06
0.1
1.836
1.224
1.836
0.2
0.1
0.2
3.06
0
1.324
1.324
3.06
0.1
1.224
0.1
1.836
1.324
0
1.224
0
0
1.224
1.224
1.836
0.1
0
0
1.724
1.936
0.3
1.224
1.324
1.836
1.224
0
1.224
1.224
1.324
0.1
0
2.344
2.244
2.244
4.18
4.58
0.1
0
3.06
0
1.424
0
1.724
0
1.624
0.1
0.3
0
3.16
0
1.724
0
1.324
1.224
0
0
0
2.036
0
0
0
2.136
1.936
1.836
0.2
0.7
0
0.3
0
0.1
1.224
4.384
1.224
1.936
0.6
3.06
1.724
0
1.624
1.224
0
1.836
0
2.036
1.224
1.524
1.224
0
1.524
0.1
0
0.2
0
0.2
0
1.836
0
0
0.1
0
0.3
0.1
0
0.2
0
0.3
0.1
3.06
3.06
0.3
2.136
0
0
0.2
0.1
2.336
2.648
1.224
0
0.1
0
1.836
0
0
1.836
2.324
0
0.4
0.1
1.224
1.936
0.1
0
0.1
0
0.1
0
1.224
0.2
0.1
0
1.224
0
1.224
1.424
1.224
1.224
2.224
0
1.224
1.224
1.224
0
0
0
1.224
1.224
0
0
2.448
1.224
0.3
1.936
0
2.448
1.224
0.1
0
0
0.2
1.1
0.1
0.1
1.224
0.1
2.024
0
1.324
0
1.824
1.224
0.1
3.16
1.224
0
0
1.724
1.224
1.424
0.1
1.324
2.448
0
1.324
0.3
0.1
0.1
1.624
0
0.4
1.224
1.224
2.448
0
0.2
0.1
0.1
0.1
1.224
0
0
1.324
1.324
1.224
0
1.324
2.448
1.224
0.5
1.324
0
0
0
3.16
0.4
0.1
0
0
1.324
0
0
0.1
0
0.1
0.3
1.324
1.224
0
1.224
0.2
0.2
1.224
0
0
0.1
0
1.524
0
0.1
0.3
0
0
0
0.1
0
1.224
1.224
0
0
1.224
2.848
2.548
0.1
0
0
0
0.1
0
1.224
0
0
0
1.524
0
1.224
0
1.324
0
1.324
0.1
1.224
0
0.2
1.324
0
0.3
1.224
1.224
0
1.524
0
0
0
1.824
1.324
1.324
1.224
1.324
1.836
1.324
2.548
0
0
2.448
2.448
0.1
0
0
1.224
0
1.224
0
1.824
0
1.424
1.224
0
0.1
0
1.724
0.3
0.5
1.224
0.1
1.324
1.2
0
1.224
0
0
0.1
0
0
0
1.424
1.424
1.224
1.324
0
1.424
0
0
0.2
0
0.1
0.2
0
0
0.1
1.224
0
1.224
1.224
0.1
1.224
0
0
0
0.5
0
1.324
1.424
1.324
1.224
1.324
1.224
1.224
0
0.5
1.924
2.448
0
0
1.324
0
0.1
0.1
0
0
1.324
0.1
1.324
1.424
1.424
1.224
0
1.224
1.224
0.2
0.5
0
1.224
0
0
0.1
1.524
0
0
0
1.424
0
0
0
0
1.324
0.2
1.324
0
1.324
0
0
2.548
1.324
0
0
0.1
0
0
1.224
1.224
1.224
1.224
1.324
2.848
1.524
2.448
0.3
0
0.3
0
0
1.624
1.424
2.448
1.224
0
0.1
0
0
0.1
1.224
0
1.224
0
1.224
0
1.324
1.224
0
0.1
0
0
1.824
0
1.224
1.324
0
1.324
1.224
0
0.1
0
1.224
0.1
1.324
0
1.224
1.224
1.224
0.1
2.448
1.324
1.224
1.724
0.1
1.224
1.224
0.1
0
0
0.1
0
0.1
0.1
1.224
0
0
0
0.1
0.1
1.324
0.1
1.524
0
0
0.1
0
1.324
1.224
1.224
0
0.1
0
1.224
0
1.224
1.524
1.324
0
0
1.224
0
1.324
0.1
0
1.624
0.1
1.836
0
0
2.448
0.1
1.424
1.524
1.224
1.224
3.16
1.524
0
1.224
2.448
0.1
0
1.624
0
1.624
1.224
1.324
0
0
2.648
1.224
0
0.1
1.324
0
0
0
0.1
1.324
1.224
0
0.1
1.224
1.324
1.224
1.224
1.224
0
2.548
1.624
2.948
0.3
0.3
2.548
0
0.1
0.1
0
0.2
0
0
0
1.224
0
1.324
1.524
1.224
0
0.2
0.1
1.224
0.2
1.224
0.1
0.4
0.1
0.1
1.324
0.2
1.424
0
0
1.524
0
0
0.2
1.224
0
0.1
0
1.224
0.2
0
0
0.2
1.224
0
1.224
0.1
1.224
0
1.224
0.2
0.1
0
1.224
2.448
0
0
0
0
0
1.424
1.424
0
1.224
0
1.324
1.424
0
1.324
0.1
0.1
0
1.224
0
2.548
0
0.5
1.224
0
0.3
1.424
0
1.224
1.324
0
1.224
0
0
1.936
2.448
2.448
0
0.3
2.848
0
1.224
0
0
0
1.224
0
0.1
0
0
0.1
2.448
1.524
0
1.224
1.224
0
0
0
1.324
0
0.1
1.224
0
0.1
1.224
0
1.324
0.3
2.548
1.424
1.424
0
0.1
1.424
1.524
0.1
0
1.224
1.224
0.1
1.324
0
0.2
0.2
2.548
1.224
1.324
0
0.2
1.224
0
1.224
1.224
0.1
0.3
1.424
0.1
0.1
0
0
1.424
1.224
1.224
0.1
1.324
2.448
1.224
1.424
1.224
0.1
1.524
0
1.224
0.1
0
1.224
0
1.224
1.224
1.224
1.324
1.224
0
0
1.324
0.1
0
1.224
0
0
0
0.1
1.324
0.1
1.424
1.524
0.2
0.2
1.324
0
0.4
0
0
0
0.4
0
1.936
0.1
0.2
1.224
1.424
0.1
1.324
0.1
1.324
1.624
1.324
1.524
1.524
0
1.424
0
1.324
0
1.224
0.1
2.548
0
0
2.448
1.224
1.224
0.1
1.324
1.224
0
1.424
0
1.224
0
2.424
1.224
1.224
1.424
1.224
0.1
0.9
1.324
1.224
1.424
0
0
1.324
1.224
0.3
1.624
0.1
1.936
0
1.324
0
0.4
1.224
0
0
0
1.424
1.224
1.224
0
1.324
0
0
0
0.1
1.224
0
0.2
2.448
0.1
0
0
0.4
0
1.224
1.224
1.724
0.1
1.224
1.624
1.224
1.224
1.224
0.1
1.624
1.224
0.1
1.524
1.424
1.224
1.224
0.1
1.224
0.2
0
1.324
1.624
2.948
0
1.224
0
1.324
0
0.1
1.224
0.9
0.3
0
1.324
0
0.1
0.5
0
0.4
0
0.2
0.2
1.524
1.836
0
0
0
1.224
0
1.224
1.224
1.224
1.324
2.448
1.324
1.224
2.548
1.524
0
0.8
1.324
1.224
1.224
0
0
3.06
1.224
0
1.524
1.836
1.324
0
1.224
3.16
1.324
1.224
2.424
0.5
0
1.836
2.124
2.036
2.024
0.3
1.224
1.924
0
1.324
1.224
0
1.836
3.06
3.16
0
1.224
0
1.224
1.324
1.224
1.936
0
0
0.1
1.624
0
1.424
1.936
0.1
0
1.224
0.1
1.324
0
1.324
1.724
0
0.1
1.324
0
1.224
0
0
3.76
1.224
1.224
1.424
1.224
0
0
1.836
0
0.1
0.1
2.136
1.224
1.724
0.1
0.1
0
1.224
0.1
0
1.224
3.06
0
1.224
0
0.1
2.524
1.224
1.424
1.624
2.024
1.624
