0.2
0
1.724
0.1
1.624
0.1
0
0
0
0
0.1
1.224
0
0.2
0.1
0
0
0
0
0
1.324
1.324
0
0
0.2
0
0.1
0
1.224
0
0
1.324
0.4
0
0.1
0.3
0
0.1
0
0.1
0
2.024
0
0
0.1
1.224
0
0.4
0
1.224
1.224
0
1.224
0
0
0
0
0
0.1
1.724
0.1
0
0
0.1
0
0.1
0
0
1.224
0.5
0
1.424
0
0
2.124
0
0
0.2
0
0
1.424
0
1.224
0
0
0
0
0
0
0.6
0.1
0
0.1
0
0
1.224
1.224
0
0
0
0
0
0.1
0
0
0
0
0.3
0.1
0
0
0
0
1.224
0
0
0
0.1
0
0
0.9
0
0.1
0.4
0
0
0
1.224
0
1.324
0.2
0
0.1
0
1.324
0.3
1.224
1.224
1.324
0.2
0
0.2
0
1.224
0
0
1.324
0
0
0
1.224
0
0.1
0
0.1
0
0
0
0.4
0.1
0
0
0
0
0
0
0
0.1
0
0.9
0
0.2
1.224
0
1.224
1.524
1.836
1.836
1.224
0.1
0
1.224
0
1.224
0.2
1.524
1.424
1.224
0
1.224
0
1.224
0
1.424
1.224
1.324
1.224
0
0
0.3
0.1
0
0
0
1.2
0
0
1.424
1.624
0.1
1.224
0.2
0.7
0
0
1.1
0
0.6
0
1.836
0
1.424
1.724
1.224
1.224
1.824
1.224
1.224
1.824
1.224
1.224
1.224
1.324
0
1.224
0.2
2.324
1.224
0
1.424
0
1.724
1.424
0
0
1.836
1.836
1.936
3.06
2.336
1.836
1.936
1.936
1.836
1.836
3.06
1.836
1.836
3.16
6.36
3.16
1.836
1.836
1.936
3.06
1.836
1.936
3.06
1.836
3.06
1.836
1.936
1.836
3.16
2.136
1.836
3.06
1.836
3.06
1.836
1.836
1.836
3.66
3.06
3.16
1.836
3.06
3.36
3.06
3.06
3.06
3.06
1.836
0.5
0
0
0
0
0
0
0
0
0
0.1
0
0
0.2
0
0
0.1
0
0
1.224
0
0
1.224
0
1.224
0
1.524
0
0
0.1
0.3
0.2
0
0
0
0
0
0.3
0.1
0
1.224
1.224
0
0
0
0.4
0
0
1.224
0.5
0.1
0.2
1.424
1.324
1.624
0.3
0
1.224
0
0.1
1.4
0
0
0
0
0
1.524
1.224
0
1.224
1.224
1.224
0
0
1.224
0
1.324
1.224
1.224
0
1.424
0
0
0.4
0
0
0
1.324
1.724
0
1.836
0
0
1.224
1.424
0.1
0
0
1.224
2.536
1.836
1.936
1.224
1.836
0.1
0
0
1.324
1.224
0
1.524
1.224
1.224
1.324
1.224
1.224
1.224
0.5
1.624
0.1
0
0
0.2
0.2
0.1
0.3
0.1
1.224
1.224
1.324
0.3
0
1.324
0
1.224
1.524
1.524
0.1
0.1
1.324
0
1.624
0.1
0
0.4
1.324
0.2
1.224
0
0
0
0
1.224
0
1.224
1.224
1.224
0.1
0
0.1
1.524
0
0
0
0.2
0
1.424
1.324
1.224
1.224
0
1.324
0.3
0.1
2.124
0.1
0
1.624
0.4
0
0
1.224
1.724
0.1
0
0.2
0.6
1.224
0
0
0
0.1
0
1.224
0
0.1
1.224
0
0
1.224
1.324
0.1
0
0
1.324
1.524
1.224
0
1.624
0.5
0
0
1.224
1.224
0.6
0
0
0
1.824
1.224
1.224
1.224
1.224
0.1
1.224
1.224
0
0.4
1.224
0
1.224
0
1.524
1.524
1.224
0
0
1.324
1.724
1.624
1.224
0
1.224
0
0.1
1.324
0.4
0.1
1.324
0.1
0
0.1
1.424
1.724
1.624
1.324
0.1
0
0.1
1.224
1.324
0
0
1.324
1.624
1.224
0
0
0.1
0
0
0
1.224
0.1
1.424
1.324
1.224
1.224
0
1.224
0
1.224
0
0
1.224
1.424
0.2
1.524
0
1.224
0
0.1
1.324
1.224
0
0
1.224
1.424
1.224
0
0.3
0.1
0
1.324
1.424
0
1.224
0.1
0
0.1
0
1.224
0.1
0.2
1.624
0.1
0
0
0
1.524
0
0
0.5
0.1
0
1
1.224
1.224
0
0
0
1.224
0
0.1
1.424
1.424
0
0.1
1.324
0
1.224
1.224
0
1.224
0
0.1
1.224
0.3
1.224
0
0
1.324
0
0.1
0.5
0
1.224
0
0
0.1
0
1.324
1.224
1.224
1.224
0
0.1
2.124
0
1.924
1.224
0
1.224
0
0
1.324
0
1.224
1.224
1.324
1.424
1.624
0
1.224
1.524
1.224
1.524
0
0
0.5
0
1.224
0
1.224
1.324
1.224
0.2
1.524
0
0
0.1
1.224
0
0
0.1
1.224
1.224
1.224
1.424
0
0.1
1.224
0
0
1.824
1.224
0
1.224
0
1.224
0
0
0
0
1.524
1.224
0
0.1
1.424
1.224
0
0
0
0
0
1.224
0.2
0.5
1.224
0
1.324
0
1.324
1.224
1.224
1.224
0.1
1.524
0
1.624
0.1
1.224
1.724
1.224
1.224
1.424
0
0.3
1.324
0.3
1.224
1.224
1.224
1.224
0.7
1.824
0
0
0.1
1.224
1.224
0
1.224
1.224
0
1.224
0
1.724
1.324
0
0
0
0
1.224
1.224
1.224
0
1.224
1.224
1.324
0
0
1.224
1.424
0.1
0
0.3
0.1
1.224
1.324
0
0.1
0
1.524
0
0.1
0.3
1.324
0
1.224
1.324
1.224
0
0.1
0
1.224
1.224
0
1.524
1.224
1.224
1.324
0
0
1.224
1.224
1.324
0
1.224
1.324
0
1.224
0
0
0
0
1.224
0
0
1.224
1.224
0
1.224
0
0
0.1
0
0.1
0.2
0
1.424
1.324
1.324
1.224
0
0
0
1.224
0
1.724
1.224
0
1.424
1.624
0
0.1
1.224
1.224
1.424
1.224
0
1.524
0.3
0
1.624
0
1.224
1.224
0
1.224
1.224
1.224
1.524
0.2
0
0
1.224
0
1.224
1.424
0.1
1.224
1.224
0
0.1
0
1.324
1.324
1.224
0
0
0
0
0
0
1.424
0
0
0.2
0.1
0
0
0.5
1.324
1.424
0
0.2
0
1.224
0
1.224
1.224
0.1
1.624
1.224
0
0
0
1.424
1.524
1.524
1.224
0.2
1.224
1.324
1.224
1.524
0.2
1.624
1.624
1.424
0
1.224
1.224
0.5
1.424
1.224
1.324
1.224
1.324
1.224
1.224
1.224
1.324
1.324
3.06
3.26
3.06
3.36
2.036
1.836
3.36
0
0
0.1
0
0.1
0.1
1.524
1.224
1.424
1.224
0.3
0
0
1.224
1.224
1.624
1.836
0.1
0.1
1.224
1.624
1.224
1.324
1.224
1.224
0.2
1.224
1.224
0
1.424
0
1.324
1.924
1.224
1.224
1.324
1.224
1.524
1.424
1.836
1.836
1.324
0.4
0
1.324
2.124
1.424
0.1
1.224
0
1.224
0
1.424
1.324
0.1
1.224
0
0.4
0
0.2
0
3.06
1.224
1.224
1.224
0.2
0
0.2
1.324
0
0.3
1.224
0
0.1
1.224
0
0
0
0
0.5
1.224
0.1
1.224
0
0
1.424
0
0
0
1.224
1.224
0
0.1
0.1
0.1
1.224
0
0
0
1.224
1.424
1.424
2.424
0
1.224
0.1
1.224
0.6
0.1
0
0
1.724
1.224
0
0
0
3.16
1.224
1.424
1.324
0
0
0.2
0
0
0.1
0
0
1.224
0.3
1.324
1.224
0.1
1.224
1.324
1.224
0.1
1.424
1.324
1.224
0.1
0
1.224
1.324
1.224
0
1.224
1.224
0.1
0
2.024
1.324
1.224
0
1.324
0.1
1.724
0
1.224
1.224
0.1
0
0
0.1
0
0.2
0.3
1.424
1.224
1.224
0
1.524
1.224
1.224
1.224
0
0
1.224
0.1
1.224
1.224
1.324
1.224
1.224
1.224
0.2
1.224
1.524
0
1.224
0
0
0.1
0
1.224
1.324
0
0
0
1.224
0
1.324
0.1
1.224
0.1
0
1.224
0
0
1.424
0
1.324
1.224
1.224
1.424
0.1
1.224
0.5
0
0
1.224
1.624
1.324
0.2
1.224
0.2
0
0
0.1
0
0
0
0.2
1.224
1.224
1.224
0
1.424
1.224
0
1.224
1.224
0
1.324
0.4
1.224
0.3
0
1.324
0.1
0
1.524
1.524
1.424
1.224
1.324
1.224
0.9
1.224
0
1.324
0
1.524
1.224
0
0
0.2
0.3
0
0
1.324
1.424
1.224
1.224
1.224
0
1.324
0
1.224
1.224
0
1.224
1.224
0
0.2
1.224
0
1.224
1.224
1.224
1.524
1.224
0.1
1.324
0
1.324
0.1
0
0
1.224
0.7
0.3
0
0
0.1
0
1.224
1.424
0.2
1.224
1.324
0.1
0.1
0
0.1
0.1
1.224
0
1.224
0
0.4
0.3
0
1.224
1.224
0
1.424
1.424
1.224
1.224
1.324
0.1
1.224
1.224
1.224
1.224
1.324
1.424
1.324
1.324
1.324
0
1.224
0
0
1.224
1.224
1.224
0
0
0
0.1
0.3
0
0
1.824
0.2
1.324
0.2
1.224
0.3
0
1.224
2.024
0
0
0
1.224
0
1.224
1.224
1.324
0
1.224
0
1.424
0
1.224
0
0
1.224
1.224
1.324
1.424
0.4
1.224
0
0
0
1.524
1.324
1.224
0.3
1.224
1.224
0.1
0.1
0.1
0
0.1
1.224
1.424
0
0.1
1.324
0.1
0
0
0
1.224
0
0
1.324
1.224
1.524
1.224
0.1
0
1.324
1.224
1.324
0
0.2
1.224
0.3
0.1
1.224
0
1.224
0
1.224
0
1.224
1.224
1.224
1.224
1.224
0
1.224
0.1
0.1
1.224
1.224
0
1.424
0
0
0.1
0
0
0
1.224
0
1.424
1.424
1.424
0
1.224
0
0.3
0
1.224
0
1.324
1.224
0.5
1.224
0.2
0
0
1.324
1.224
0.2
0
1.224
1.324
0
0
1.224
0
0
0
0.1
0
1.324
1.224
0
0
1.224
1.324
1.224
0
1.424
1.924
1.624
0.2
1.324
0
0
1.424
0
0
1.224
1.324
1.224
0
1.524
1.224
0
1.224
0
0.3
0
1.324
0.1
0.1
1.224
0.4
0.1
1.324
0.3
1.324
0
1.224
1.224
1.324
0
1.224
1.324
1.224
1.224
0
1.224
0
1.624
1.324
0
1.324
0
0
1.224
0
1.224
0
0
0
0.4
1.224
0
0
1.224
0
1.224
0
1.224
0.5
1.424
0
0
1.224
0
0
1.224
0
1.424
0
0
0
0
0
1.224
0.3
0
0
1.424
0.2
1.224
0
0.2
1.324
0
1.224
1.224
0
0.1
0
0
1.424
1.824
1.224
0
1.224
0
1.224
0.2
1.224
1.224
1.224
1.224
0
1.224
1.624
1.324
0
0
1.224
1.224
0
0
0
0
0
1.224
1.224
0.2
1.224
0.3
1.724
0.1
1.324
0.1
1.224
1.224
0.1
0.1
1.324
1.224
1.224
0
1.224
0
0
0.1
1.424
1.324
0
0.2
1.224
1.324
0.1
1.224
0
0
0
1.224
1.524
1.524
1.324
1.224
0
0
0
0
1.224
0
0
0
0.2
1.424
1.424
1.424
1.324
1.624
1.424
1.224
1.224
0
1.324
0
0
0.1
0
1.224
1.224
0
1.324
0.1
0
1.224
1.224
0
1.224
0
1.224
0
0.5
0
0.2
0
0.2
1.724
1.324
0
0.1
1.524
1.324
0.1
1.424
1.324
1.224
0.1
0.3
0.1
0
0
1.524
0.2
0.1
0
0
0.3
1.224
0
1.224
0
1.524
1.624
1.224
0
0.1
0
0
1.224
1.224
0
1.224
0.3
1.524
1.224
1.224
1.4
1.324
1.224
0
0
0.3
0.6
0.3
0
1.524
1.224
0
1.324
0
0
0.3
0
1.224
0.1
1.224
1.224
2.024
1.224
1.324
1.224
0
1.224
0
1.324
1.324
0
1.224
1.224
1.224
1.224
0
1.224
1.224
0.3
1.224
0
1.224
0.2
1.324
0
0
1.624
1.424
0
0.2
0
1.224
1.324
1.324
1.524
1.224
1.224
1.224
0.6
0
0
1.224
1.324
1.324
0
0
1.324
0.3
0
0
1.224
0
0
1.324
0
1.524
1.524
1.224
1.224
1.424
1.324
1.624
0
1.424
0
1.224
3.06
1.424
1.224
1.224
0
1.224
0
1.324
0
0
0
0.1
0.1
0
1.224
0.1
0.4
0
0.9
0.1
1.224
0
1.836
1.836
0
0.1
0
0.2
1.224
0
0
0
1.224
0
0
1.2
0
1.224
0
1.524
1.624
0.8
1.824
0
0.4
1.324
1.324
0
1.224
1.224
0
0
0
0
0
0
0
0
0
0
1.224
0.1
0.1
1.324
0
1.524
0
0
0
0
0
0.2
0
0.1
1.224
1.324
0
0
1.224
1.224
1.836
3.26
0.1
3.06
3.46
1.836
0
1.224
0.1
1.224
1.224
1.424
1.224
0
0
1.324
1.324
1.224
0
1.224
0.1
1.224
0
1.424
0
0
0
0.8
0
0.1
0.2
0.3
0
