0.2
0.2
0.8
0.2
0.5
0
0.1
0
0.2
0
0
0.1
0
0.5
0.2
0
1.836
0
0
0
0.1
0.2
0
0
0.2
0
0.3
0.2
0
0
0
0.1
1.1
0.1
0
0.4
0.1
0
1.836
0.1
0
1.4
0
2.036
1.836
0
0
0.4
0.1
0.2
0
0
0.2
1.936
0
0
0
0
0
0.4
0.9
0.4
2.136
0.3
0.2
0
0
0
0.3
0.6
0
0.4
0.1
0
1.1
0.4
0
0
0
0
0.6
0
0.1
0.1
1.836
0
0
1.836
0
0.6
0
0
0.1
0
0
0.2
0.2
0
0
0.1
1.836
0.7
0.1
0
0
0
0
0.5
0
0
0.4
0
0
0
1.936
0.2
0
0.2
0
0
1.2
1.836
0.1
0.4
0.1
0
1.836
0
0
1.32
0.2
1.836
0
0
0.2
0.4
0.1
1.12
0.1
0.3
0.2
0
0
0.2
0
2.856
0
0.2
0.1
0
0.1
0.1
0.1
0.2
1.936
0.1
0.1
0.2
0.7
0
0.1
0
0
0
0
1.836
0
0
0.1
1.5
0
0.4
1.12
0
1.02
0.4
4.692
1.836
0
0.3
0
0.4
0
0
0.3
0.3
0.5
0
0
0
0.2
0.1
0.1
0.4
0.1
0.3
0
0.2
0
0.3
0
0
0
0.5
0.7
1.836
0
0.3
0.4
0
0
0.1
0.3
1.836
0
1.4
0
0.6
1.836
1.836
0
0.1
0.8
0.1
0
0.3
0
0
0.6
0
0.3
0
0
0
0.1
1.836
2.4
0.3
1.836
0.6
0
0.8
0.3
2.856
2.036
1.836
1.836
1.836
1.836
2.236
1.836
3.972
3.872
4.692
1.836
1.836
1.836
2.236
2.036
1.936
2.036
1.836
1.836
9.792
1.836
1.836
2.236
1.836
1.836
1.836
1.836
2.036
1.936
1.936
2.336
1.836
1.836
1.936
1.836
1.836
1.836
1.836
2.336
1.836
2.336
1.836
1.936
1.836
1.836
1.936
1.836
1.936
1.836
0.5
0
1.936
0
0
0
0
0
0.2
1.936
0.1
0
1.836
0.2
0.1
0
0.3
0.1
1.836
0.1
0
0
0
0
0
0
0.4
0
0
0.5
0.1
0.3
0.1
0
0
0
0
1
0
0
0.1
0.1
0
0
0
0.9
0.1
0.1
0
1.1
1.02
0.6
0.1
0.3
0.1
0.4
0
0.3
0.1
0.5
1.1
0
0
0
0
0
0.3
0.1
0
0
0
0
0
0
0
0
0
0.1
0
0
0
0
0
0.5
0
0
0
0.1
0.7
0
1.836
0
0.1
0.3
0.8
0
0
0
0
3.136
1.836
2.136
0
1.836
0.3
0
0
0.1
0
0
0.4
0
0
0
0
0.2
0
0.6
0.5
0.1
0
0
0.3
0.4
0
0.2
0
0
0
0.7
0.4
0.2
0.2
0
0.1
0.3
0.4
0
0
0
0.3
0.4
0.4
0.1
0.5
0
0
0.1
0.1
0
0.2
0.1
0
0
0
0.2
0
0
0
0
1.936
2.036
0.2
0
0
0.1
0.4
0
0.1
0.1
0.5
0.1
1.836
0.1
2.1
0.6
0
3.136
0.7
1.936
0
0.2
0.6
0
0
2.236
0.3
1.936
0
0
0.1
0
1.836
0
0.6
0.1
0
0.1
0
0
0.2
0.1
0
0
0.2
0.1
0
0
3.156
0.4
0
0
0.1
0
0.5
0.1
0
0
0.5
0
0
0
0.2
0
1.936
0
0
0.8
0.1
0
0
0
0.3
0.4
0.1
0
0
0.1
0.6
0.6
0.2
0
0.1
0
0.1
0
0.4
0
0
0
0
0.1
0.3
0.3
0
2.036
0.1
0
0
0
0.1
0
0.1
0
0.4
0
0
0
0
0.1
0
0.1
0
0.1
0.1
0
0
0
0.2
0
0
0.1
0
0
0
0.1
0.8
0.2
0
1.836
0
1.936
0
0
0.1
0.1
0.1
0
0
0
0.2
0.1
0
0
0.2
0
0
0
0
0.1
0
0
0
0.4
0.3
0
0
0.1
0
0.3
0
0
0.3
2.036
0
1.1
0.1
0
0
0.1
0.1
0
0
0
0.6
0.2
0
0.1
0.3
0
0
1.836
0
0
0.1
0.1
0
0
0.1
0
0
0.2
0
0
0.3
0
0.1
0
0
0
0.4
0
0
0.1
0
0
0
1.2
0.1
0.4
0
0
0
0
0
0.1
0
0
1.936
0.2
0
0.1
1.836
0
0.2
0.4
0.6
0
0.2
0.3
0
0.1
0.1
0.1
0.1
0
0
0.1
0
0.1
0.1
0.2
0
0
0.3
1.836
0
0
0.3
0
0.3
0
0.2
0.1
0.1
0.1
0
0.1
0
0
0
0
0.1
0
0.4
0
0
0
0.3
2.136
0
0
0.2
0
0
0
0.1
1.7
0.3
0
0.2
0
0
1.836
0
0
0.1
0.3
0
2.536
0.2
1.936
0.2
0
0
0.3
0
0.1
0.1
0.4
0
0
0
0
1.3
0.7
0
0.1
0
0.3
0
0
0
0
0
0.1
0
0.3
0
0
0
0
0
0.1
0
0
0
0
0
0.2
0
0
0.1
0.1
0.3
0
0.3
0.3
0.1
0.2
0
0.3
0.1
0
0
0.1
0.5
0
0.1
0
0.1
0
0
0.2
0
0.3
0
0
0.5
0
0
0.3
0.1
0
0.2
0
0.1
0.1
0.3
0
0
0
0.1
2.036
0
0
0.1
0
0
0
0
0.1
0
0
0
0
0
0
0
0
0.3
0
0
0
0
0
0.1
0.3
0
0.6
0
0
0
0.5
0.1
0
0
0
0.3
0.1
0
2.536
0.2
0
0.6
0.1
0
0
0
1.836
0
0.2
0.2
0.3
0.2
0
0
0
0.1
0.1
0
0.1
0
0
0.5
0
0.1
0
0
0
0
0
0
0
0
0
0
0.1
0
0
0
0
0.1
0.2
1.936
0
0.1
0
1.836
0
0
0
0.3
0.2
0
0
0.1
0
0.4
0.7
0.2
0
0
0.1
0.1
0
1
0.1
0.8
0.3
0.3
1.936
0
0
0.7
0
0
0
0
0
0
0.1
0.1
1.12
1.836
1.936
1.936
1.836
2.036
2.636
1.836
2.036
0
0
0
0.1
0
0.2
0.7
0.1
0.1
0.1
0.1
0
0
0
0.2
0.3
1.836
0.2
0
0
0.3
0.1
0
0
0
0.4
0
0
0
0
1.936
0.1
0.3
0.2
2.036
0.4
0.1
0.6
0.7
1.836
1.836
0.2
2.436
0
2.136
2.936
2.336
0.2
0
0
0.1
0
0.1
1.936
0
0
0
0.7
0
0.4
0
1.836
0
2.436
0
0.3
0
0.2
0.2
0.1
0.7
0.1
0
0
1.836
0
0
0
0
1.4
0
0
0
0.1
0
0.5
0
0
0
0
0
0
0.4
0.3
0.2
0.1
0
0
0
0.1
0
0.2
2.2
0.1
0.2
0.1
0.2
0.7
0.1
0.1
0
1.2
0
0
0
0
1.836
0
0.4
0.1
0.8
0.1
0
0
0
0.2
0
0
0
0.4
0
0.1
0
0.1
0
0.1
0.1
0.3
0
0
0.2
0.1
0
0.2
0
0
0
0
0.1
0
0.9
0
0
0
0.1
0
0.2
0
0
0
0.3
0
0
0
0.1
0
0.3
0
0
0.1
0
0.3
0
0.1
0
0
0.1
0
0.5
0
0
0.2
0.2
0.1
0
0.2
0
0.1
0
0
0
0
0.1
0
0.2
0
0.1
0
0.1
0
0
0
0.1
0
0.2
0.1
0
0
0
0
0
0.3
0
0.1
0.5
0.2
0
0.4
0
0
0
0.3
2.236
0.1
0.1
0.5
0.2
0
0
0
0
0.7
0.1
0
0
0
0
0
0.1
0
1.836
0
0
0.2
0.2
0
0.2
0
0.2
0
0.3
0.1
0.3
0.3
0.1
0
0
1.5
0
0.1
0.1
0
0.3
0
0.1
0.1
0.2
0.4
0.1
0
0
0.4
0
0
0.1
0
0.4
0.1
0
0
0.1
0
0
0
0
0.1
0
0
0.1
0.1
0.3
0
0.2
0.1
0.2
0.2
0.1
0
0
0
0.9
0.2
0.1
0
0.1
0
0
0.1
0
0
0.5
0
0
0
0
0.2
0
0
0.2
0
0.2
0.3
0
0
0
0
0.1
0.4
0
0
0
0
0.1
0
0.2
0.2
0.2
0.2
0
0
0.1
0.1
0
0.1
0
0
0
0.2
0.1
0
0
0
0.3
0
0
0.5
0.2
0
0.3
0.1
0.1
0
0
0.8
0
0.1
0
0.1
0
0
0
0.5
0.1
0
0
0.1
0
0
0.5
0
0
0
0
0.3
0.6
0
0
0
0
0.4
0.1
0
0.4
0.1
0.1
0.2
0.2
0.3
0
0
0.1
0.2
0
0
0.3
0.3
0.2
0
0
0
0.1
0
0.1
0
0.2
0.1
0.1
0
0
0
0
0.3
0.1
0
0.3
0.1
0
0
0
0
0
0.1
0
0.1
0
0
0
0.2
0.3
0
0
0
0
0
0
0
0
0.3
0
0
0
0.4
0
0.3
0.1
0.2
0
0
0.1
0.5
0
0.1
0.3
0.1
0
0.9
3.056
0.5
0
0
0.2
0.2
0.1
0.1
0
0
0
0.1
0
0
0.2
0.1
0.1
0
0
0
0
0
0
0
0
0.2
0.2
1.4
0.2
0.2
0.2
0
0
0
0.3
0.3
0
0
0
0
0
0.3
0
0.1
0.2
0.1
0
0.1
0.1
0.2
0.1
0.3
0.4
0
0.2
0
0.1
0
0
0.2
0
0
0.4
0.1
0
0
0
0
0.5
0.1
0
0
0
0
0.1
0
0
0
0
0.4
0.3
0
0
0
0
0
0.1
0
0
0.6
0
0
0
0
0
0.1
0
0
0.4
0.1
0.1
0
0.1
0
0
1.4
0
0
0.4
0.1
0.1
0
0.4
0
0
0
0.1
0
0.1
0
0
0.1
0.5
0
0.1
0
0
0
0
0.1
0.1
0.1
0
0
0
0.4
0.3
0
0
0
0.2
0.1
0
0.1
0.1
0
0
0.2
0.3
0
0.4
0.4
0.3
0.3
0
0
0
0
0
0
0
0
0
0
0.2
0.1
0.1
0.1
0
0
0.3
0.2
0.3
0.2
0
0
0
0
0.3
0.2
0.3
0.1
0
0
0.1
0.1
0
1.52
0.1
0
0.2
0
0.1
0.3
0.4
0
0.1
0.1
0
0.1
0.1
0.4
0
0
0
0.1
0
0
0
0
0.1
0
0
0
0
0
0
0.3
0
0.5
0.3
0.1
0
0.1
1
0
0
0
1.2
0
0
0.4
0.2
0
0.2
0.1
0.2
0.2
0.1
0.7
0.3
0.1
0.1
0
0.6
0
0.1
0
0
0.3
0.1
0
0
0.1
0
0
0
0
0
0.1
0
1.22
0
0
1.6
0
0
0
0
0.8
0.5
0.1
0
0.4
0
0
0.3
0.2
0.4
0.8
0.1
0
0.2
0
0.1
1.5
0.1
0.1
0
0
0.4
0
0.2
0.1
0.1
0.1
0.1
0
0.2
0
0.1
0.3
0.2
0.1
0
1.22
0
0
0
0
0.4
0.2
0
0
0
0
0.1
0
0.2
0
0
0.1
0.6
0
0
0
0.2
0.5
0.1
0
0.2
0.4
0
0
0
0.3
0.1
0
0
0.4
0.2
0.1
0.2
0.3
0
0.1
0
0.4
0
0
1.836
0.2
0
0
0
0
0
0.1
0
0
0
0
0.2
0.1
0
0
0.8
0
1.4
0.1
1.936
0
1.836
2.856
0.1
0
0
0.3
0.2
0.1
0
0
0
0
0
1.6
0
0
0
0.4
0.2
1.3
0.9
1.836
1.8
0.2
0
0.1
2.956
0
0
0.2
0.1
0
0.1
0
0.1
0
0.1
0
0.3
2.036
0.1
0
0.4
0.2
0.1
0
0
0
1.836
0
0
0.5
0
0.1
0
0
0
0
1.936
2.736
0
2.036
2.436
3.672
0
0
0
0.1
0.1
0.3
0.1
0.2
0
0.3
2.236
0
1.836
0.3
0
0
0
0
0
0
2.536
0.9
0.1
0
0.7
0.7
0.4
