0.6
0.2
1.8
1.1
1.424
0.1
0
0
0
0
0.3
0
1.424
2.3
1.8
0
1.324
0
0
0.1
0
0.2
0
0
0.6
0.2
0.3
0.1
0
0
0.1
0
4.3
0
1.424
1.2
0
0
0.1
0.9
0
0.8
0
0.1
0.1
0.1
0.4
1.524
0.7
0.3
0.1
0.1
0.3
1.324
0.1
0.1
1.324
1.224
0
0.9
4.524
2.024
0.3
1.4
1.4
0.5
1.224
1.324
0.2
4.224
0.7
2.324
1.224
0.1
3.7
1
1.324
0.1
1.224
0
1.6
1.224
0
1.424
0.1
1.224
1.224
0
0
3.024
0
0.1
1.224
1.224
1.224
0
0.1
1.524
0.1
0
0.1
1.924
2.124
0.1
0
0
0
1.9
1.324
0.5
1.524
1.524
0
1.324
0
0
0
1.524
0
0
7.224
0
0
1.924
1.524
0
0.1
0.1
0
1.624
0.5
0.2
1.524
0
0.2
0.7
0.1
1.324
0.1
0.5
0
1.324
1.224
0.6
1.224
1.324
0.3
1.424
0.1
1.324
0
0.2
0.2
0.1
1.2
0.9
1.724
0.3
1.2
0.2
0.3
1.324
0
1.324
0
1.324
0
1.424
0.4
3.5
1.224
2.024
1.224
0.2
1.324
0.3
3.26
3.06
0.1
0.3
0.5
1.924
0.4
1.224
1.9
1.324
0.5
1.424
1.424
1.324
0.4
0.2
0.2
1.724
1.524
0.3
0
0.3
0
1.4
1.724
0
0
1.524
1.6
1.224
0.1
0.4
0.2
0.1
0
0.3
0.1
1.224
0
6.924
0
4.424
0
3.06
1.224
0
1.3
0
0.1
0.2
0
0
0.9
1.224
0.3
0
1.424
0.1
0.1
0.1
4.524
0.4
0
0.3
0
0.7
0.2
0.1
1.224
1.936
3.06
3.06
1.936
2.936
1.836
3.56
3.06
3.06
2.136
1.836
3.16
5.86
2.436
2.136
1.836
3.06
2.236
2.336
1.836
3.06
3.536
1.836
1.836
1.836
1.836
2.036
1.836
1.836
14.36
1.836
1.836
3.26
3.16
3.06
3.06
3.26
3.66
1.836
3.16
1.936
2.036
1.936
3.26
1.836
1.836
1.836
3.06
6.124
0
0
0
0.7
1.424
0.1
0.6
1.224
0.3
0.3
0.5
1.224
2.424
1.324
0
1.824
1.524
1.224
1.224
0
0
0
0
0.5
0
0.1
0
0.4
0.7
0.9
1.624
0.1
1.324
0.1
0
1.224
2.4
1.324
0
0.2
0
1.224
0.1
0
2.7
0
1.224
0
6.324
1.624
0.7
0.2
0.3
0.2
2.5
1.624
0.4
1.324
3.624
6.324
0.1
0
0
1.424
0
2.424
0.4
0
0.1
0
1.224
0.2
0
0
0.1
0.2
0
0.1
0.1
0
0
1.224
2.424
0
0
0
0.2
1.3
0
3.16
0
0.5
0.1
1
0.2
0
0
0
4.736
3.16
2.336
0.1
1.836
0.2
0
0
0.1
0
0
1.924
1.224
0
1.324
1.224
0.6
0
1.8
0.5
1.424
0.1
0
1.324
0.2
0
1.324
1.524
0
0.3
0.3
1
0.2
0.3
0.1
1.224
0.7
0.4
1.424
2.024
0
0.1
0.3
0.3
0
3.024
0.3
0.1
0
0.1
1.224
0.2
0
0.1
1.224
1.224
0.2
0.2
0.1
0
0
1.424
1.324
0.1
0.4
1.224
0
1.4
0.2
1.224
0
0.6
0
1.224
0.4
2.3
0.8
0
0.9
4.4
0.2
0.3
0.2
0.3
0.8
1.224
0.2
0.4
1.324
0
0
0.3
0
0.1
1.224
0.6
0.1
1.224
0
1.224
0
1.224
0.2
0
0
0
0.4
0.2
0.1
1.824
0.6
0
0
1.224
0
0.6
0
1.224
0
1.224
0.1
0
0
1.224
0.1
0
0
1.224
4.624
0
1.224
0
0
0.3
1.924
1.324
0
0
0
0.6
0.6
0
0.3
1.424
0
0.3
0
0.1
0.6
1.224
1.824
0
0.2
0.4
0.4
0.6
1.324
0
0
0.3
0.2
0.1
0.2
0.3
0
0.7
0.1
0
1.524
0.1
1.324
1.224
2.624
0
1.624
0.3
0.3
0.1
0
0.1
1.224
0.1
0
0
0.1
0
0
3.2
0.3
0
1.324
0
0
0
0
0.2
0.2
0
0.2
0.1
1.324
1.1
0
1.224
0
0.1
0.3
0
1.224
0.1
1.324
0
0
0.3
0.5
0.2
0
0
0
1.324
0.8
1.324
0.1
0.8
0.1
0.1
1.9
0.2
0
0.2
0.2
0.5
1.324
0
0.5
0.2
0.3
0
0
1.224
0.1
0.1
1.324
0.1
0.1
0.2
0.1
0
0.3
0
0
1.224
0.5
0
0.1
0.4
0
0.1
1.224
0
0.1
0.3
0.2
0
0.1
0
0
0.1
1.7
0
0.2
0
1.424
1.224
0
0.1
1.324
0
0
0.1
0.1
0.2
1.724
0.1
1.224
0.5
0.3
0.8
0.1
0
0.5
0
0.1
0
0.1
1.524
0.1
0.4
0.2
0
0
1.324
0
0.3
1.224
0.4
1.224
0
0.1
0.1
0.2
1.324
1.224
0.7
0.1
0.4
0.6
0
0
1.224
0
0
1.224
0.1
0.1
0.2
0
0
0.4
0.1
0.2
1.324
0.1
0
0.1
0
0
0.3
3.6
0
0.2
0
0.1
0
1.324
0
0.5
0.4
0.4
1.224
0.6
1.924
0.1
0.2
0
1.224
0.2
1.224
0.2
0
1.624
1.224
0.1
0.1
1.224
4
1.9
0.2
0.5
1.424
1.324
1.224
0
0.1
0
0
0.2
1.224
0.4
0
0
1.224
0
0
0
0.1
0.2
0
0
0
0.1
0.1
1.224
0
0
0.7
1.324
0.5
1.6
0.1
0
0
1.624
0.1
0
1.424
0.3
4.824
0.2
0.1
0
0.1
0.1
0
2.924
1.224
0.1
0
0
0.3
0
0
0
0
0
0.1
0
0.3
0
1.524
0
0.1
1.224
0.1
0.1
0
0
0.1
1.224
1.424
1.424
0
0.1
0.2
0
0
0.1
0
0
1.424
0
0.2
0
1.224
1.224
0
0
1.224
1.324
1.224
0.5
0.1
0
0
2.024
1.424
0.1
0
0.1
0.3
0.4
0
0.3
0.4
0
2.024
1.224
0.1
1.224
0.1
1.224
0
0
1.2
2.324
0
0.3
0
0
0.2
0
0
0.1
0.2
0
0.7
0
0
0.1
0
0.1
0
0
1.424
0.1
1.224
1.324
0
0
0
1.324
1.424
1.424
1.3
1.524
0.3
1.224
0.4
0
0.1
1.224
0.2
1.224
0.2
0.3
0
0.2
1.524
0
0.4
1
0.1
1.224
0.1
1.224
0.4
1.224
2.4
1.324
2.324
1.424
0.3
1.324
0.4
1.224
2.024
1.224
0.1
0.1
0
0
0
0
0
1.324
0
2.036
2.436
1.836
2.336
7.96
3.06
3.26
1.224
0.1
0
0
0.2
0.1
1.924
0.1
0.5
0
2.324
0
1.224
0
0
0.4
3.06
1.724
1.424
0.1
0.9
0
0
1.624
1.424
1.824
0
0
1.224
1.324
1.224
0
0.5
0.2
0
0.1
0
1.3
1.824
1.836
1.836
1.924
0.7
0
0.2
1.3
0.3
0.7
0.1
0
0
1.524
1.624
0.1
1.224
1.224
0
1.9
0
4.624
0.2
1.836
0.1
2.124
0
1.2
0.2
0.3
0
0
3.124
0.1
1.324
0.1
0
0
0.1
0.1
0
5.624
0.1
0.1
0.1
0.1
1.324
0.5
1.224
1.224
0
0
0.1
0
0.8
2.224
0.7
0
0
0.4
0.1
0
0.1
0.2
3.7
0.2
0.1
0.4
0
2.5
0.1
0.1
0
0.7
0
2.424
0.1
0
3.16
0
0.9
0.2
0.4
0
0.1
0
1.224
0.3
1.424
0.2
0.1
0.9
0.1
0.3
0.2
1.424
0
0
1.624
0.8
1.524
1.424
0.4
1.624
1.424
0.1
0.3
1.324
0
0
0
0
1.1
0.3
0
1.224
0.4
0
1
1.324
0
1.224
0.4
1.424
1.324
1.224
0.2
0.4
3.624
0.5
0
1.324
0
2.124
0
0.2
0
1.224
1.224
1.424
0.4
0
0
0.3
0
0
1.324
1.724
0.1
0.5
0
0
0
0
1.424
1.324
0
0.2
0.1
1.224
0.1
1.324
1.224
0
1.224
0
0.6
1.324
0
1.224
0.2
0
0
0.3
0.1
0
1.2
0.9
0
1.2
0
0
0.1
0.1
1.624
1.524
1.324
1.3
1.724
0
0
0.2
0.1
0.6
0.4
0.1
0
0.1
0
0
0.1
1.224
0.1
1.224
1.224
0.1
1.8
0.2
0.4
0
0.3
1.324
1.524
0.3
0.3
2.124
0.1
0.1
0
7.024
0.2
0
0.1
1.224
0.1
0.1
1.324
1.324
0.4
0.9
1.424
0
0
0.7
0
0.1
1
0
1.824
0.2
0
0
0.5
0
0
0
0
0
0
0.1
1.324
1.324
1.624
0.1
0.4
1.624
1.424
0.2
0.7
0
0
0
5.024
0.9
0
1.224
2.024
0
1.224
0.3
1.224
0.3
0.4
0
1.524
0.1
1.324
1.524
0.1
1.224
0.2
0
0.4
4.524
1.224
0.1
0.1
1.224
0.3
0.4
0
0
1.324
0.1
0.1
1.224
0.1
0.5
1.724
0.4
0.3
0
1.324
1.324
0
0.1
0
0.1
0
0.1
0.3
1.224
0.1
0
0.3
0
0.2
0.7
0.8
0.1
1.824
0
1.824
1.224
0
1
0.4
0
1.224
0
1.224
1.324
0.1
1.624
0.2
1.524
1.224
0.4
0.2
0
1.2
1.324
0
0
1.224
0.3
1.3
1.424
0.2
0
1.224
0.7
0.1
0
1.724
0
0
1.324
0.4
1.524
0
0.1
0.1
0.2
0.1
0.2
0.1
0.5
1.224
0.1
0
0.1
0
1.324
1.424
0.1
0.1
0.1
0.3
1.224
0.1
0
0.2
0
0.6
0.5
0.4
1.324
1.224
1.224
0.1
0.1
0
0.1
0
0
1.324
0
0
1.424
1.1
0
1.324
1.424
0.4
1.324
0
1.224
0.1
0.8
1.324
0.1
1.224
0.2
0.1
0.2
0.5
0.6
1.224
0.1
0
0.5
0
0.2
0.6
1.324
0
1
0.3
1
0.1
0.1
1.624
1.224
0.7
0
0
0.6
0
0
0
1.224
0.3
0
1.224
0
0.2
0
0
0
0
0.1
0
0.2
0.5
1.5
0.6
1.324
0.7
0
1.224
1.524
0.9
0.3
0
0.1
1.424
0
0.3
0.2
0.1
0.1
0
4.124
0
0
0.8
0
1.524
2.024
2.024
1.224
1.424
0.2
0.4
0.2
0
2.024
1.224
1.224
0.8
0.2
0
1.324
0
1.224
0.4
0.2
0
0
1.224
1.224
0
1.224
0
1.224
0.1
0.4
0.9
0
0
0.1
0
0
0.2
1.324
1.224
1.1
0.1
1.324
0.2
0.1
0
0
0.1
0
1.424
1.324
1.324
0
0
0.2
0
4.524
0.1
1.224
0.3
1.4
1.324
1.224
0.1
0.1
0.2
0
0
0.2
0.2
0
0.1
1.324
1.7
0.1
0.1
0
1.224
0.1
0.2
0.1
1.424
1.524
0
1.624
0
0.8
1.524
0
0
1.224
0.1
0
0
1.224
1.224
1.324
0
0
0.3
0
1.924
1.3
0.2
0.4
0.1
0.1
0
0.2
0.1
1.324
0
0
0
0
0.4
1.324
2.224
1.724
0
0
0.6
0.2
1.424
0.2
0.1
0
0
0.2
1.824
1.824
1.324
1.624
0.1
0
0
0.5
0.1
0.1
0.1
0
0.1
0.3
0.3
2.024
1.1
0
0.1
1.424
1.224
0
0
0.1
0
0
0.1
0
0
1.224
0
0.3
1.424
1.224
0
1.224
1.224
0
0
0.4
1.724
2.824
1.424
2.124
0.3
1.724
1.3
1.224
1.224
1.224
1.1
0.1
0.2
0.1
0.3
0
0.3
0.2
0
0
0.3
0.5
0.7
0.4
0.7
0
1.1
0.1
0
0.3
0.1
0.3
0.4
0.1
1.324
0.1
0.1
0
0.1
0
0
0
0.4
0.6
0
0
2.6
0
0.1
0
0
1.524
1.9
1
0
0.2
0
0
1.1
1.424
1.824
0.8
0.1
0.2
0.1
0.4
0.5
3.224
0.2
0.2
0
1.224
0.6
0
0.5
0
0.2
0.2
1.2
0.2
0.3
0
0.1
1.924
0.3
0.1
1.324
0
2.524
1.424
0
0
0.4
0.6
0
0
0
0
1.324
1.424
2.424
0
1.324
0.5
0.7
0
0
1.324
0.3
1
1.224
0.2
0.8
1
0
0.3
0.2
1.924
1.324
0.1
0
0.8
1.724
1.324
0.5
1.824
0.1
1.2
0
0.5
0.1
1.624
1.936
0.6
0
0
1.224
0
0
0.6
1.224
1.224
0
0
1
0
0
0.3
3.2
1.224
4
0
0.1
0
3.16
3.06
0
0.1
0.2
0.3
0.2
0.8
1.224
0.1
0
0
0
4.9
0.2
1.224
0
0.3
0.3
5.624
1
1.224
2.2
0.1
0.1
0
0.1
0
0.1
0.4
1.324
1.324
0.1
0
0.3
1.224
0.2
0
0
0.4
0.4
0
1.524
0.1
0.1
0.2
0
1.324
0
0.2
0.2
2.024
0.1
0.1
0
1.224
0
0
2.736
2.936
0
2.236
1.836
1.836
1.224
1.224
0
0
1.224
0.3
0.2
0
0.5
0.1
1.424
1.324
1.224
1.324
1.324
0
1.224
1.424
0
1.324
0.5
4.2
0.6
0
1.4
3
0.8
