1.524
1.224
1.824
2.648
1.324
0
1.224
2.448
0
1.224
1.224
0.1
0.1
1.724
1.324
1.324
0.1
2.448
3.468
3.568
1.12
1.22
2.244
3.468
2.244
3.468
7.292
2.244
3.468
2.244
3.468
0
0.5
0.1
0.1
0.2
0
0
0
0.2
0
1.724
0
0
0
0
1.424
0
0
0.1
0
0
0.1
0
0
1.224
0
0
0
0.1
0.4
0.3
0
2.748
1.524
0.1
0
0
0
0.4
0.2
0.1
0
0
2.024
1.524
0
1.224
0.1
0
1.724
0
0
0
0
0
0
0
1.224
2.648
0
1.224
1.224
0
0
0.2
0.3
0
2.448
2.448
0
0.6
0.3
0
2.448
0
1.224
0.2
0
0
1.224
1.324
0
0
0
0.1
1.224
1.224
0
0
0.9
0
2.448
0.2
0
0
0.2
0
0
0.1
1.324
0
0
0
1.324
0.1
0.2
0
0.1
1.524
1.224
2.448
0
0
0
0
0
0.1
0
0.1
0
0
0
1.424
0.3
0.2
1.424
0
1.624
0.1
0
0
0
1.224
1.224
0
1.224
0
1.324
3.148
0
0.3
1.224
0
1.324
1.324
0
0
0.1
0.2
0.2
0.2
1.224
1.224
1.624
1.224
0.2
0
0
1.224
1.424
0
0
0
0.1
0
0
1.424
0
1.424
0.2
1.224
1.224
0.2
0.7
0
0
0.1
1.324
1.224
1.224
0.1
2.748
0
0
1.924
0
2.948
0
0
0
1.224
0.2
1.224
1.224
0
0
0
1.524
0
2.548
2.448
0.2
0.1
1.324
0
1.924
0.1
1.224
0.1
0
0.4
0
0
1.224
1.224
2.448
1.224
0
1.324
0
0.1
0
0
1.324
0
0
0
2.548
0.1
1.224
0
1.324
0.3
1.224
0
1.524
1.224
0
1.224
0
0
0
1.324
0.3
0
1.224
0.1
1.224
1.224
2.448
0
1.424
2.448
1.224
0.1
0.1
0
0
0.1
0
1.324
0
0.4
1.224
1.224
1.224
1.324
0.2
1.224
2.548
1.224
0.1
1.324
1.324
0
0.2
0
2.448
0
1.224
0
0
2.448
2.448
1.224
0
1.224
1.324
1.224
1.224
1.224
1.424
1.424
0
0
0
1.224
1.224
0
2.548
2.548
1.224
1.324
1.224
0
0
1.224
1.424
1.224
1.224
0
0.6
1.324
0.1
0.1
0.1
1.224
1.424
1.224
1.324
1.324
0.4
2.124
2.448
0.3
0
1.324
2.448
0.1
0.1
1.224
0
0
0
1.224
1.324
1.224
1.324
1.224
1.224
0
1.224
1.224
2.448
0
1.324
1.224
1.224
1.224
2.548
2.748
1.224
0
2.448
0
1.224
0.2
0
0.1
1.324
2.448
3.148
1.224
2.648
0
0
0.1
0
2.448
1.424
1.324
0
0
0
0
1.224
1.224
0
1.224
1.824
0
1.224
0
2.448
0
0.1
2.448
2.448
0
0
2.448
0.1
2.748
1.224
0.1
2.448
0.2
0.3
1.424
2.448
1.224
0
0.3
1.424
2.548
0
1.424
0.1
3.672
2.448
4.272
2.448
2.448
2.548
1.224
1.224
0.1
0
0
2.548
0
2.448
0.2
0
0.2
1.324
1.224
1.324
3.048
0.2
0
0.1
0.3
2.548
0
0
0.4
1.624
2.448
0.2
0.3
0
1.324
2.648
0.1
2.548
1.224
0.2
1.624
0
1.224
0
0
2.548
0
1.224
2.548
2.448
0
0
1.224
1.324
1.424
0
0
2.548
0
1.324
1.224
1.324
0.1
0.3
1.224
1.224
0
1.324
1.624
2.448
0
0
1.324
1.324
0
1.224
1.324
2.448
0.1
2.448
0
1.624
0
0
0
2.448
1.524
0.6
0
1.224
0
1.224
1.224
1.324
0
0
1.324
1.224
0.2
0
0.1
2.548
0
2.548
0.1
2.648
0
1.324
2.648
0
0
0
1.224
1.424
0.1
0
0
0
1.224
0
0
2.648
0
0
0
1.324
0
0.1
0.4
0.1
2.548
1.224
1.324
0
2.448
0
0
1.324
0
0.1
0.4
0.1
1.224
0
1.224
0
0.2
1.224
0
2.448
0.3
1.224
2.548
1.224
0.1
0
0
0
0.1
0
1.224
0
2.448
2.548
1.224
1.224
2.448
4.472
0
2.448
2.448
0
1.224
0.3
1.224
1.224
0.1
0
0
0.1
2.448
1.224
2.448
0.1
0.1
0
2.448
2.948
1.424
1.324
0.1
1.324
0.1
0.1
0
0
1.324
1.324
1.224
0
0
2.448
1.424
1.224
0
1.224
1.224
1.224
0.1
2.448
1.224
1.224
0
0
0
0.2
1.224
1.224
1.324
2.448
1.224
1.724
0
1.224
0.1
0
0
0
1.224
1.224
0
1.224
0
1.224
1.224
1.524
0
2.448
1.224
1.524
1.324
0
2.548
1.424
0
1.224
2.448
0
2.548
0.1
1.224
1.224
0
1.224
1.224
0
0
2.448
0.1
0
1.224
1.324
0.1
2.448
1.224
2.448
0.3
0
0.2
0
0
2.448
0
1.224
2.648
0
1.224
2.448
1.224
1.224
2.448
1.224
1.324
0.1
0
0
0
0
1.224
2.448
1.224
2.848
0
0.2
1.424
2.448
1.224
0.1
1.224
0.1
2.448
2.548
0
0.1
2.648
0.1
1.324
2.548
0
0
0
0
0
1.424
0
1.324
0
1.224
2.024
1.624
1.224
1.224
1.424
1.224
0
0
0
0
2.448
0.1
1.224
0.2
1.324
0
2.448
1.224
0
1.224
2.448
1.224
0
1.224
1.224
1.224
0
1.224
1.224
0
2.648
0
2.548
1.424
0.1
1.224
2.548
1.324
0.1
2.448
0
1.224
1.524
2.848
1.224
1.224
0
0
0
2.448
0
2.448
1.224
1.224
2.448
1.224
2.548
1.324
2.448
1.224
0
1.224
0.1
2.448
1.424
2.448
0.1
1.224
1.324
0
1.224
0
2.448
0
0
0.3
1.224
1.224
1.224
1.224
0
1.224
0
0
0
2.448
1.224
1.224
0
1.224
1.224
0
2.448
0
1.224
1.424
1.224
0
1.224
1.424
1.224
0.1
0
0.3
0.2
0
2.548
0.3
0.3
1.224
1.624
1.324
2.448
2.548
2.448
1.324
1.424
0
1.524
0.3
0.1
0
1.224
2.448
0
0.1
1.424
0.1
0.1
1.224
1.224
2.548
0
1.524
2.448
0.2
0
2.548
1.224
1.224
0.1
0
0
0.2
0.1
1.224
0
0.1
2.648
0.1
0.1
0
1.424
1.224
0
0
0
2.448
0.1
2.848
0
2.244
1.22
3.468
3.868
3.768
0
1.224
2.448
1.224
0.1
1.224
2.848
1.224
3.048
1.224
0.1
0.1
2.648
1.224
2.448
1.224
2.448
2.448
0
0
0
1.424
0
1.324
0
1.424
1.424
1.224
1.224
1.624
1.324
1.324
0
0
1.224
1.224
2.448
1.324
0.5
2.448
2.648
1.224
2.948
2.448
1.224
0.1
0.1
0.1
2.448
2.548
2.548
1.224
0.1
1.224
0
0.1
0.1
1.224
0.1
0
1.224
1.324
0
1.224
1.324
0
0.1
1.324
1.224
1.324
0.1
0
0
1.224
1.224
1.224
1.224
1.624
1.224
0.2
1.224
2.448
0.1
0.1
0.4
1.424
0
0
0
1.524
0
1.724
0.2
1.224
0
0.2
1.224
0.1
0
1.424
0
0.1
0.4
0
0
0
0.1
0
0
2.448
0
2.948
0
0.1
0
1.224
1.224
0.1
0
1.224
1.224
0
0
1.224
2.548
1.624
0.2
0
1.324
1.224
1.224
0
0.1
0
0.6
1.324
0
1.524
0
1.424
1.224
1.224
1.224
0.1
0.1
0.1
1.224
0
0
1.224
0.1
0.1
0.6
1.224
0
1.224
0
0.1
0
1.224
0
0.5
0.1
0
1.224
1.224
1.324
0
0
1.224
0
0
1.224
1.324
1.224
0
0.1
2.448
0
0
1.224
1.224
0.3
1.224
0
0
0
2.448
0.3
0
0
1.224
0
0
0
0.1
1.324
1.224
0.2
0.1
0
0
1.224
0.2
0
0
0
0.1
1.224
0
1.224
0
0
0.2
0.1
0
0
0
0
0.1
0.1
0
1.224
1.224
1.224
1.224
0.1
1.324
0.1
0
1.224
0
1.224
0.1
1.324
0
0.1
0
0
1.224
0.1
0
2.448
0
1.324
0.2
0.3
1.424
0
0.4
0
1.224
0.1
0.3
0.4
1.224
0
1.724
0.1
1.224
2.448
1.224
1.224
1.524
1.324
0
0
1.224
1.224
0
0
0
0
0
1.224
0
2.848
0
0.4
1.224
0.1
0
0
0
0.1
0.2
1.224
0
0
1
0
0
1.224
1.224
0
0
0
0
0.2
1.324
0
0
0
0
1.224
0
0.2
0
1.324
1.224
0
0
1.224
0
0
0
0
0
1.224
0
0.2
0.1
0
0.1
0
0
0.1
0
1.224
1.224
1.224
0.1
0.8
1.324
1.224
0
0
1.224
0
0
0
0.1
1.324
0
1.224
0
0.1
0.2
1.224
0
0
0
0.2
0.1
1.224
0
0
0
1.324
0.1
0
1.224
0.2
0.1
0.1
0
0
0
0.1
0
0.1
1.224
0.1
0
0
1.324
1.224
0
0
0
1.224
1.224
0
0
0.2
0
0.1
1.324
1.324
1.224
0.1
0
1.324
0
0
0.1
1.224
1.224
1.224
2.548
0
0
0
0.1
0
0
0
0
0
0
0.1
2.448
0
0
0
0
0.4
0.1
0.2
0
0
0.2
0
0.1
0
0
0
1.324
0.3
0.1
1.224
0
0
0
1.224
1.224
0
0
0
1.224
1.224
1.224
1.224
0
1.224
0
0
0
1.324
1.224
0
0
0.4
0.1
0.1
0
0.3
0
0
0
0
1.224
2.448
0
0
0
1.224
0
0
0.1
1.324
1.224
0.1
0.1
0
0.1
0
0.1
1.224
0.1
0
0.1
1.224
0
2.448
0.2
0
1.224
0
0.1
0
0
0
1.224
1.324
0
0
0
0
0.4
1.224
1.224
2.448
0.1
1.224
0
0
0.1
0
0.1
0
0
1.224
1.224
1.224
1.224
0.1
0.2
0
0
0
0
0
1.224
0
1.924
0.1
0
1.524
1.324
0
0
0
0.1
1.224
0
1.224
1.224
0.1
0.1
1.224
0
1.224
1.624
1.224
0.1
0
0.1
0
0.2
1.324
0
1.324
0.2
0
0
0
0
0
0
1.224
0
0
1.224
0
0
0.1
1.224
0
0
0
1.224
0
0
0
0
0.2
0
0.3
0
0
1.224
1.224
0
0
0
0
1.624
0
0
0.1
0
0
0
0
0
0.1
0
0
1.224
0
1.224
0
2.024
1.424
0.1
0.2
1.324
0
1.224
0.1
0
0.1
0
1.224
0
1.224
1.224
0.1
0
1.524
0
0
0
0
1.224
0
0
0.1
1.224
0
1.224
1.224
0.1
0
2.448
0
0
1.224
1.324
0
1.224
0
1.324
0
0
0.1
0
0.1
0.2
1.424
0
1.424
0
0
0
1.224
1.224
0.1
0
1.224
0
1.324
0
0
0
1.224
0
0.1
0.1
1.224
0.2
0
1.224
0
0
0.1
1.224
0
0
0
1.224
0
1.324
1.224
0.2
0
1.224
0
0.2
0
0.1
1.324
0
0
0
1.224
0
0
1.324
2.448
1.224
0
0
1.224
1.224
0.1
0
0
1.224
0
0
1.224
0
0
1.424
0
0.4
0
0.2
1.324
0
0
1.224
1.224
0
1.624
0
0
1.324
0.2
0
0.1
0
0
0
1.224
1.324
0.1
1.224
2.448
0
0.3
1.224
0
0
1.224
0.1
1.224
1.224
0.1
1.224
1.224
1.224
0
0
0
0.1
0
0
0
1.224
1.824
0.1
0
1.224
2.448
0.2
1.524
1.224
1.224
0
0.1
0
1.224
0.2
1.624
0.2
0
0
0
0
0
3.048
0.1
0
0
0
0
0
1.424
1.224
0
0
1.524
0
0
0
0
0.1
1.524
0
0
0
0.1
0.2
1.224
0
0.1
0.3
0
0
0
0
0
1.224
0.1
0
0
0
0.2
1.224
0.1
0
0.2
0.2
1.224
0.2
0.2
1.524
1.224
1.224
0.1
1.324
0
0.1
0
0.4
0.2
0
0
0
0
0
1.224
0
0
0.1
1.224
1.224
0
0
0
0
1.224
1.224
1.224
0.1
0
2.548
1.224
0
0
1.224
0.2
0
1.524
1.424
0.1
0
0
0
2.448
1.324
0
2.548
1.324
2.548
1.224
2.448
0
1.324
0
3.148
0.1
0
0
1.724
0.2
0.3
0.1
0
1.624
1.424
2.748
0
0
0
1.224
1.524
1.224
0
0
2.448
0.2
2.448
0
1.224
1.224
0.2
1.424
1.224
2.448
0.1
1.224
1.224
2.448
0
0
2.448
1.224
2.648
1.324
1.224
1.224
1.224
1.224
1.224
1.224
2.848
2.448
0.3
0.2
0
1.224
0
0
1.224
1.224
0.1
1.424
1.324
2.548
1.224
0.1
1.224
2.548
1.224
0
2.448
1.224
0
0
0
0.1
2.224
1.424
0
0
2.848
0.1
