0.5
0.3
4.472
3.048
4.996
0.1
0.2
1.224
0
0
0.1
1.224
1.224
0.3
0.1
0
1.224
1.224
1.224
1.224
1.224
1.624
1.224
1.224
0.3
1.224
1.424
2.648
3.672
2.448
1.224
2.448
0.9
1.224
1.224
0.2
0
0.1
0
0.5
0.1
2.324
0.1
0
0
1.424
0.1
1.924
0.5
1.724
1.324
0.1
1.524
1.324
0.1
1.224
1.324
1.424
0
1.824
2.124
1.624
0
1.624
0.1
0.1
1.224
1.324
1.324
1.824
0.7
2.848
1.324
0.1
1.924
0.6
2.448
0
1.224
0
3.748
1.324
1.324
1.224
0
1.224
1.224
0
1.224
3.248
0
1.224
1.524
1.224
1.224
1.324
1.324
1.224
2.548
1.224
0
1.524
1.624
0.1
1.324
0
0
1.2
1.324
1.224
1.524
1.324
0
2.448
0.1
0.2
0
2.448
0
0.1
2.424
0
1.224
1.624
1.224
1.224
0.1
1.224
1.324
3.248
0.1
0
1.224
1.224
1.724
0.5
1.324
2.448
2.024
0.2
0.1
2.548
1.224
1.524
1.324
1.324
1.324
1.224
0.2
1.224
1.224
0.1
0
0.2
0.4
0.4
1.424
0
0.4
0.1
0
1.224
0.1
1.224
0.2
1.224
1.324
1.224
0
2.824
1.224
1.724
2.448
0
2.448
3.148
3.06
4.284
1.324
0.4
0.3
4.472
0
3.672
0.4
4.372
1.524
2.548
1.324
3.672
0.6
1.324
0.1
2.648
2.448
1.924
1.224
0.1
1.224
1.524
1.524
1.224
0
1.424
1.3
1.224
0
1.524
2.648
1.224
2.448
0.2
1.624
1.224
0
3.024
0.1
1.824
0
3.06
1.224
3.872
3.448
4.996
3.672
2.748
2.448
2.448
4.172
3.672
3.772
3.672
2.548
0
2.548
0
5.272
1.224
0
1.724
0
1.724
1.324
1.224
1.224
3.06
4.284
5.508
3.06
2.436
1.836
3.06
3.06
3.06
3.06
3.06
3.06
3.36
4.384
3.66
4.384
3.06
1.836
2.336
5.508
3.06
2.036
5.508
1.836
4.284
1.836
1.936
1.836
4.384
3.66
1.836
4.284
4.284
4.284
3.06
5.508
5.508
14.356
6.732
7.032
1.836
4.484
4.384
4.384
3.06
3.06
6.732
3.06
1.924
0
0
2.448
0
1.224
0
1.224
1.324
0.2
0.1
0
1.224
1.424
1.224
1.224
1.324
2.648
1.224
2.548
1.224
1.224
2.548
0
1.324
0
1.424
0
0
0.4
0.1
1.324
0
1.224
2.448
0
1.224
1.724
2.448
2.448
1.524
1.324
1.224
1.224
0
0.7
0
1.224
1.224
3.448
1.324
0.3
1.524
2.448
2.648
0.3
1.224
1.224
1.324
1.824
2.724
1.224
0.1
0
1.324
1.224
2.748
1.324
0
1.224
1.324
2.448
0
1.324
3.672
0.1
2.448
2.448
1.224
1.324
1.324
1.224
1.224
3.672
0
0
0.2
2.548
3.048
3.772
3.06
2.448
1.624
4.896
2.648
1.324
1.324
1.224
3.672
4.784
5.508
4.284
1.224
1.836
1.324
1.224
2.448
3.672
3.672
1.224
5.196
4.896
2.448
6.32
6.22
2.748
3.672
1.524
3.248
3.772
1.224
2.648
2.448
1.424
2.448
3.872
2.448
2.548
3.672
4.172
3.048
1.224
2.648
2.448
3.672
2.748
3.872
3.772
2.548
2.648
1.424
4.172
2.648
1.224
2.548
2.548
2.548
3.672
2.448
3.672
2.448
2.648
3.672
4.896
3.672
2.548
2.748
2.548
1.324
2.448
3.872
2.448
1.324
1.524
4.896
1.224
4.572
2.748
3.972
2.448
1.424
3.872
2.548
1.424
3.648
1.724
2.448
3.148
3.148
1.224
2.548
4.072
2.648
2.648
3.672
1.624
2.948
3.672
1.224
1.224
1.424
2.448
1.224
4.896
2.648
2.448
3.672
1.224
4.896
3.672
4.896
1.224
1.224
2.448
2.548
5.696
3.672
1.224
4.072
1.524
1.224
1.224
4.896
3.972
3.248
2.448
2.448
1.224
5.096
3.772
2.448
4.896
4.896
2.448
2.448
3.772
2.448
3.248
2.548
2.448
2.448
2.448
5.196
4.472
4.896
2.548
1.224
3.772
4.272
4.272
2.448
1.324
6.12
1.224
1.224
2.548
1.324
2.648
4.896
3.672
1.424
2.548
2.548
5.072
4.372
3.672
1.324
1.224
1.224
3.772
2.448
1.324
1.224
2.448
3.972
2.648
1.224
3.772
1.224
2.448
2.448
2.548
2.448
2.648
2.748
2.648
3.672
2.448
1.324
3.672
2.448
2.448
1.224
2.448
2.448
2.548
1.424
2.648
2.448
3.772
1.224
1.224
3.872
4.896
1.224
2.448
2.648
2.748
3.672
2.448
1.924
1.324
2.448
2.648
2.648
1.424
3.672
2.548
2.448
3.772
1.224
3.672
2.548
2.948
2.648
2.448
2.448
1.224
3.672
2.848
2.448
1.224
1.724
1.224
1.224
2.324
3.772
3.672
2.448
1.224
1.424
3.772
2.448
2.548
3.772
5.196
1.224
1.224
3.872
1.224
2.648
3.672
2.448
3.672
3.772
1.224
2.448
2.648
3.772
1.224
3.672
2.848
3.672
1.224
1.524
2.448
2.648
2.448
1.224
1.324
1.324
2.448
3.672
2.548
3.672
2.448
1.224
3.872
1.224
3.872
2.448
2.448
3.672
2.448
2.448
5.096
1.224
3.672
2.448
3.672
3.772
3.972
1.224
4.896
2.848
3.048
3.872
1.324
2.448
4.272
1.224
3.772
2.548
2.448
4.996
2.548
1.324
5.296
1.424
2.448
5.096
2.448
1.224
3.672
2.648
3.672
3.672
3.672
3.772
2.448
3.672
4.896
1.424
1.224
4.072
2.748
1.224
3.872
2.448
3.672
3.672
2.448
1.224
2.448
3.972
2.448
3.672
1.424
3.772
2.448
2.448
1.324
1.224
2.448
3.672
3.772
3.672
1.924
2.448
1.524
3.772
2.448
3.772
3.672
3.672
3.048
2.448
3.672
2.548
3.148
3.872
2.448
5.096
3.672
3.772
3.872
2.448
1.224
2.548
3.972
4.896
3.672
2.548
4.896
2.124
6.496
1.324
1.324
2.648
4.896
3.672
1.224
2.548
2.548
2.448
2.548
3.672
2.648
3.772
1.224
3.672
3.672
1.224
3.672
3.772
3.672
1.324
2.448
2.448
3.772
1.224
4.896
3.672
2.448
2.748
2.448
2.948
2.748
2.748
3.772
3.672
3.672
1.224
3.772
2.448
2.648
3.972
3.672
1.224
2.448
2.548
3.672
1.224
3.972
2.448
3.772
3.672
1.224
6.196
3.672
3.672
3.672
3.672
2.448
2.448
3.672
2.548
2.448
5.196
3.672
1.424
4.896
1.224
1.224
1.224
2.448
3.772
2.448
2.448
3.872
3.672
1.224
3.672
1.224
1.224
1.224
1.224
1.224
2.448
2.448
5.496
3.672
3.672
6.12
2.448
1.224
4.896
3.772
3.672
4.996
4.896
1.224
3.772
8.32
2.448
1.224
3.672
2.448
2.548
2.448
2.448
2.748
1.524
1.224
5.796
2.548
3.672
4.896
2.548
4.896
3.872
2.548
3.872
3.248
1.224
1.324
3.672
2.448
2.648
2.548
2.448
2.548
2.648
3.672
1.324
2.548
3.772
4.072
3.672
1.624
1.224
2.448
3.672
1.224
2.448
4.996
1.224
1.224
1.524
3.672
2.448
2.548
2.948
4.072
2.548
2.448
1.324
2.548
2.448
2.448
2.848
4.896
1.424
4.072
2.448
1.324
2.548
2.448
3.972
4.772
2.448
4.896
2.448
4.896
2.548
6.12
4.272
4.896
5.896
6.32
3.972
2.448
3.672
4.896
3.772
6.12
3.772
3.672
2.448
2.448
2.448
3.772
2.448
5.096
2.448
5.908
5.608
5.508
5.708
6.208
5.508
9.156
2.448
1.324
1.224
1.224
2.448
2.648
4.472
3.772
4.172
4.896
3.872
2.448
3.672
2.548
2.448
2.748
5.608
3.872
3.872
3.772
3.048
2.448
2.448
3.672
3.672
3.772
2.448
2.448
2.448
4.896
2.548
3.672
4.072
2.548
2.548
3.772
4.996
3.972
3.772
3.06
3.06
5.096
1.224
1.224
2.448
3.148
2.748
0.1
1.224
1.224
1.224
1.424
2.548
2.448
1.224
2.448
0
0.7
0
1.724
0.2
5.508
2.548
2.848
3.772
0.1
0
0.1
1.724
0
1.324
1.424
2.448
0.1
1.224
0
0.1
1.324
0
2.848
1.224
0.3
1.324
0
1.224
2.648
1.224
1.224
0
1.224
1.224
0
1.324
1.324
0.1
1.324
0
0
2.448
1.224
1.324
1.424
3.624
0
1.224
0
1.524
0.6
2.448
0.1
0
1.924
1.324
1.224
0.1
0
4.484
3.672
2.024
1.524
0.5
0.1
0.1
0
1.424
0.1
1.324
1.224
1.324
0.5
2.548
1.524
0.1
2.548
1.424
1.324
1.224
3.148
2.448
2.548
0.1
1.224
5.096
1.524
2.948
2.448
1.324
1.324
0.2
0
2.524
1.424
1.224
1.224
1.424
0
2.224
1.424
1.224
4.996
0.6
1.424
1.224
2.548
0.2
0.2
1.524
1.924
2.448
3.772
0
2.748
1.224
1.324
1.324
1.224
1.224
2.448
0.1
2.648
1.224
1.824
1.524
1.324
2.848
1.424
1.224
1.724
0
1.424
1.224
0.2
1.424
1.224
1.324
1.424
0.1
1.224
0.1
2.448
1.224
1.424
2.448
2.448
0.2
2.448
1.224
1.224
0.1
1.424
1.424
1.524
1.224
1.424
1.824
0.1
1.224
1.6
0
0
1.424
1.724
2.648
4.072
2.548
0.3
1.624
0
1.224
0.1
0
0.3
0.2
2.648
1.224
1.324
0
1.224
1.224
1.224
1.224
2.448
1.224
1.424
0
1.224
0.2
1.224
1.424
1.424
2.124
3.148
2.424
4.572
3.872
1.224
1.524
3.348
1.224
0
1.524
1.224
1.724
2.448
1.324
1.424
0.3
0.5
1.224
0
1.224
1.524
2.748
1.324
1.624
1.224
5.596
2.548
1.224
1.224
0
1.424
1.224
0
0.1
1.324
0
2.448
2.448
3.772
3.948
1.524
0.4
3.772
1.224
1.524
0
0
0
1.324
2.124
0.4
0
1.224
1.424
0
2.448
2.748
1.424
2.748
2.648
1.224
1.524
0.1
1.224
1.524
1.324
1.224
1.624
0.1
0.7
2.024
2.448
1.424
1.224
1.224
1.224
1.824
1.224
2.448
2.448
0.1
1.324
2.548
1.324
2.024
2.848
2.124
1.424
1.324
2.548
1.224
1.224
0.1
0
2.448
1.224
1.324
2.948
1.224
0.1
0
0.6
0
0.1
1.924
0.7
1.324
1.824
1.324
1.424
1.224
1.224
2.624
0.1
0
1.224
2.448
1.324
2.548
1.224
3.548
0
2.548
1.324
1.224
0.1
1.224
0.3
2.448
1.224
1.224
2.448
1.724
1.2
2.548
0
0
1.224
1.924
1.724
1.424
1.424
1.224
1.224
2.448
0.3
1.624
0.1
0.1
1.424
1.524
0
0.2
1.624
0.3
1.424
0
0
2.448
0
1.324
5.596
2.448
1.424
1.224
0.1
2.448
1.224
1.224
1.224
0.2
0.4
1.324
0.3
1.224
2.448
1.324
1.324
1.324
2.548
0
1.224
1.224
4.896
1.224
2.448
1.424
3.348
0
1.424
3.972
2.448
1.524
1.324
1.424
1.224
0.5
2.448
0.1
3.672
1.524
0
1.924
1.624
1.824
1.224
2.548
0.3
0.8
0.1
4.272
0.2
2.548
1.224
1.3
2.224
0.9
0
0.1
3.672
2.448
0.3
0
1.224
1.224
0.1
0.3
1.224
1.324
0.2
0.1
1.324
0
2.448
1.224
0.1
0
2.448
2.848
1.224
0.3
2.748
2.924
2.324
1.624
1.424
0
1.224
2.848
1.424
1.424
3.772
1.224
4.996
0
1.424
1.424
0.2
1.324
1.224
1.824
0.1
1.324
0.7
0.2
2.448
1.424
1.724
3.672
1.724
1.524
0
1.324
1.324
4.172
1.224
2.448
2.648
1.724
1.224
2.448
1.224
1.224
3.348
1.324
0
1.524
1.324
1.224
2.448
1.224
1.224
1.224
0
0.7
0.5
2.448
0
0
1.224
0
1.324
1.224
3.672
0.7
1.524
1.324
0
1.224
0.1
0.1
2.448
0
3.972
1.324
1.224
0
1.224
0
2.448
1.824
0
1.224
1.524
0.3
2.448
1.224
0.2
2.648
0
1.224
2.548
0.2
0
0
1.324
3.772
2.124
1.224
1.224
2.448
1.224
2.448
0.3
1.224
3.672
5.396
1.224
1.224
1.324
1.424
2.448
1.424
0
2.548
2.948
0
0
3.672
1.224
1.224
1.224
1.324
0.6
1.224
2.424
1.924
0.1
1.524
0
1.324
1.224
1.424
0
2.648
2.648
1.324
0
1.224
0.2
1.224
1.824
3.348
1.524
0
1.1
1.324
4.272
0.1
1.324
0
0
0.2
3.748
4.472
2.948
2.648
1.224
0
0.1
0.2
0.1
1.424
0.3
0
0.2
0.3
1.424
2.848
1.924
1.424
1.524
3.348
3.672
1.324
0
4.072
1.224
0
0.2
0
2.448
4.896
0
1.324
1.324
1.224
2.448
3.672
1.424
1.224
0
2.548
1.524
2.324
1.524
1.324
0
1.524
1.924
4.896
1.324
1.324
2.848
1.324
0
3.672
2.424
1.324
0.2
0.2
0.1
0.2
0.1
3.548
0.7
0.1
1.524
0.2
0.9
3.772
0
2.448
0
2.024
1.324
1.324
1.224
0.1
0
0
1.224
1.224
0
1.324
0.2
1.624
1.224
1.224
1.7
1.424
1.324
0
1.324
1.824
3.448
0.6
0
3.148
2.448
1.224
1.724
1.324
1.224
0.4
0.3
1.524
0.2
1.424
1.624
4.972
1.324
2.548
1.224
1.424
1.624
0
1.824
1.424
0.2
2.548
2.548
2.448
2.024
0
1.624
2.848
0.6
1.724
1.524
1.524
1.424
2.648
0
0
2.424
1.724
0.2
0.1
0.1
1.224
2.448
3.872
3.148
1.324
3.872
2.124
0.3
0
0
3.672
1.424
1.824
3.672
0.1
1.324
0.7
1.224
0.2
1.224
1.324
2.548
1.424
0
3.348
3.148
2.548
1.924
2.748
1.724
2.124
0
2.224
1.224
2.948
5.808
4.272
2.548
2.648
1.224
1.424
0
1.324
1.224
1.324
0.1
1.224
0.2
0.1
1.224
0.1
0.1
1.224
1.1
0.2
1.324
0
3.06
3.06
2.448
0
0
1.524
1.324
1.324
1.224
1.224
1.324
0.1
0
3.748
1.324
2.448
0
2.224
1.524
2.324
1.624
1.224
0.8
2.548
2.448
0
1.224
1.224
0
0.2
2.448
1.224
0.1
1.224
0.1
2.448
0.1
1.224
2.448
0.4
0.2
3.672
2.548
1.724
1.224
2.448
1.224
1.224
0
1.224
1.224
3.148
2.448
2.548
0
2.448
1.224
1.324
1.836
4.984
3.672
3.06
3.46
1.836
1.224
2.448
0.1
3.672
4.896
2.648
3.672
1.324
2.948
3.672
3.672
4.896
3.672
6.22
2.448
2.448
2.448
3.672
0
1.224
0.1
0.8
0.3
0.2
1.924
1.324
1.424
