0
0.1
3.672
2.648
4.996
0
0
1.224
0
0
0
1.224
1.324
0.4
0.4
0
1.224
1.224
1.224
1.324
1.224
1.324
1.224
1.224
0
1.224
1.224
2.748
3.672
2.448
1.224
2.448
0.4
0.1
1.224
0.1
0
0
0
0.1
0
1.924
0
0
0
1.224
0
1.324
0.3
1.424
1.324
0.1
1.424
1.224
0
1.224
1.324
1.324
0
1.424
1.524
1.324
0
1.524
0
0.1
1.324
1.224
1.224
1.524
0.2
2.948
1.324
0
1.824
0.5
1.224
0
1.224
0
2.648
1.224
1.224
1.224
0
1.224
1.224
0
1.224
3.048
0
1.324
1.324
1.224
1.224
1.224
1.324
1.224
1.224
1.224
0
1.624
1.424
0
1.224
0.1
0.1
0.2
1.224
0
1.424
1.224
0.1
2.448
0
0.2
0
2.548
0
0
2.024
0
1.224
1.324
1.324
0
0.1
1.224
0
2.548
0
0
1.224
0
1.424
0.3
1.224
2.548
1.524
0
0
2.448
1.224
1.324
1.224
1.224
1.224
1.424
0.1
1.324
1.324
0
0.1
0
0.1
0
1.224
0
0.4
0
0
1.224
0
1.224
0.2
1.224
1.224
1.224
0.1
2.024
1.224
1.424
2.448
0
2.448
2.848
3.06
3.06
1.224
0.3
0.1
2.448
0
3.672
0.1
3.772
1.424
2.548
1.224
3.672
0
1.424
0
2.948
2.648
1.224
1.224
0
1.224
1.224
3.16
3.06
1.836
3.16
2.836
3.06
1.836
3.26
4.384
3.06
4.284
1.836
3.26
3.06
1.836
3.96
1.836
3.46
1.836
4.896
3.06
4.284
4.684
5.708
5.508
4.584
4.284
4.384
5.808
5.508
6.008
5.508
2.448
0
2.448
0
5.272
1.324
0
1.724
0
2.224
1.324
1.224
1.224
3.06
3.06
4.284
3.16
2.036
1.836
3.06
3.06
3.06
3.06
3.06
3.06
3.16
4.484
3.16
4.384
3.06
1.936
2.336
4.284
3.06
2.336
4.284
1.836
4.284
1.836
2.136
1.836
4.484
3.16
1.836
4.284
3.16
6.22
4.896
5.508
4.284
7.032
5.508
13.188
1.836
4.896
4.896
4.284
3.06
3.06
5.508
3.06
1.324
0
0
1.224
0
1.224
0
1.224
1.324
0.2
0
0
1.224
1.324
1.524
1.224
1.724
2.448
1.224
2.448
1.224
1.224
2.548
0
1.224
0
1.424
0
0
0.3
0.1
1.424
0.1
1.224
1.224
0
1.224
1.824
2.448
1.324
1.224
1.224
1.224
0
0
0.7
0
1.224
1.224
1.624
1.224
0.5
1.524
1.224
2.648
0.5
1.224
1.224
1.324
1.724
2.124
1.224
0
0
1.224
1.224
2.548
1.224
0
1.224
1.324
2.448
0.1
1.224
2.548
0.1
2.448
2.448
1.224
1.224
1.224
1.324
1.224
2.948
0
0
0.1
2.648
3.448
4.284
3.06
2.448
1.424
3.772
2.948
1.224
1.324
1.224
5.608
5.084
5.508
4.384
1.224
3.672
1.224
1.224
2.448
3.772
3.672
1.224
4.272
3.672
2.448
4.996
4.896
2.448
3.672
1.624
2.648
3.672
1.224
2.548
2.448
1.224
2.448
4.072
2.548
2.448
3.772
2.948
2.748
1.224
2.448
2.448
3.772
3.048
3.872
3.672
2.448
2.548
1.224
4.172
2.748
1.224
2.848
2.448
2.748
3.672
2.548
3.672
2.548
2.448
3.672
3.672
3.772
2.848
2.748
2.448
1.324
2.448
3.972
2.448
1.424
1.224
3.672
1.224
4.372
2.548
3.672
2.448
1.624
3.672
2.448
1.224
4.148
1.624
2.448
2.948
1.724
1.224
2.448
3.872
3.148
2.548
3.672
1.424
2.748
3.672
1.224
1.224
1.324
2.648
1.324
4.996
2.548
2.448
3.672
1.224
3.672
3.772
4.896
1.224
1.224
2.548
2.448
3.972
3.672
1.224
3.872
1.624
1.224
1.224
3.872
3.872
3.048
2.448
2.448
1.224
5.396
3.872
2.448
3.672
5.196
2.448
2.748
3.772
2.448
3.048
2.548
2.448
2.448
2.548
4.572
4.372
3.772
2.448
1.224
3.772
3.772
3.872
2.548
1.224
4.996
1.224
1.224
2.548
1.224
2.748
3.672
3.672
1.224
2.548
2.448
4.072
3.872
3.772
1.224
1.224
1.224
3.672
2.648
1.224
1.224
2.548
4.372
2.448
1.224
3.672
1.224
2.548
2.448
2.648
2.448
2.648
2.648
2.448
3.672
2.448
1.224
3.672
2.448
2.548
1.224
2.648
2.448
2.448
1.524
2.748
2.448
3.672
1.224
1.324
2.648
3.672
1.224
2.548
2.448
2.548
3.772
2.448
1.424
1.224
2.448
2.648
2.748
1.324
3.672
2.448
2.448
3.772
1.224
3.672
2.448
2.848
2.748
2.448
2.448
1.224
3.672
2.848
2.448
1.224
1.624
1.424
1.224
1.924
3.772
3.672
2.448
1.224
1.324
3.672
2.448
2.448
4.072
3.872
1.224
1.224
3.772
1.224
2.548
3.672
2.448
3.672
2.548
1.224
2.448
2.448
3.672
1.224
2.448
2.548
2.448
1.224
1.524
2.448
2.448
2.448
1.224
1.224
1.724
2.448
3.672
2.448
3.672
2.448
1.324
4.772
1.224
4.072
2.448
2.448
3.772
1.224
2.448
4.996
1.224
3.672
2.548
3.772
3.672
4.272
1.224
4.896
2.648
2.548
4.472
1.224
2.448
3.048
1.224
3.672
2.448
2.448
5.196
2.448
1.324
4.172
1.224
2.448
3.972
2.448
1.324
3.672
1.424
3.672
3.672
3.672
2.648
2.448
3.872
4.896
1.224
1.324
2.448
2.648
1.224
3.772
2.448
3.672
2.448
2.448
1.224
2.448
4.172
2.448
2.448
1.224
4.172
3.048
2.448
1.224
1.224
1.224
2.448
3.672
2.548
1.924
2.848
1.324
3.772
2.448
3.772
3.672
3.672
2.648
2.448
3.872
2.548
2.848
4.172
2.548
3.872
3.672
3.672
2.548
2.448
1.324
2.448
3.672
3.672
3.672
2.448
4.896
2.924
4.072
1.224
1.224
2.648
4.996
3.672
1.224
2.448
2.448
2.448
2.648
3.672
2.748
3.772
1.224
3.672
2.448
1.224
3.672
3.772
3.672
1.224
2.448
2.448
3.872
1.224
3.672
3.672
2.448
2.648
2.448
2.748
2.948
2.448
3.772
2.448
3.772
1.224
3.672
2.448
2.448
4.072
3.672
1.324
2.548
2.548
2.448
1.224
3.672
2.448
3.872
3.772
1.224
3.772
3.672
3.672
3.872
2.448
2.448
2.548
3.672
2.448
2.548
4.896
3.772
1.224
4.896
1.324
1.324
1.224
1.224
3.672
2.448
2.448
3.772
3.772
1.224
3.672
1.224
1.224
1.224
1.224
1.324
2.448
2.448
3.772
4.072
3.772
4.896
2.448
1.224
3.672
3.772
3.672
4.072
3.672
1.224
3.672
5.296
2.448
1.324
2.448
2.448
2.548
2.448
2.448
2.948
1.324
1.224
5.396
2.448
3.772
4.896
2.448
4.996
3.772
2.548
4.072
2.748
1.224
1.224
3.672
2.448
2.448
2.748
2.648
2.648
2.448
2.448
1.324
2.448
2.548
3.872
3.672
1.224
1.224
2.448
3.672
1.224
2.448
3.672
1.224
1.224
1.324
3.772
2.548
2.448
2.548
3.872
2.548
2.448
1.424
2.448
2.448
2.448
2.448
4.896
1.724
3.872
2.448
1.324
2.448
2.448
3.872
4.472
2.548
6.732
4.384
6.732
4.384
6.732
6.508
5.608
7.232
7.332
4.484
4.384
5.708
6.732
6.108
7.132
5.508
5.608
4.284
4.284
4.284
5.708
4.384
6.732
2.448
5.608
5.708
5.508
5.608
7.744
7.444
7.232
2.448
1.224
1.224
1.224
2.448
2.548
4.272
5.508
3.872
3.672
3.672
2.448
3.672
2.548
2.648
2.548
5.608
3.772
3.872
3.872
2.448
2.448
2.548
3.872
3.672
3.872
2.448
2.448
2.448
4.896
2.448
3.672
4.072
2.648
2.448
3.872
3.772
6.208
6.108
3.06
3.06
5.096
1.624
1.224
2.748
3.348
2.448
0
1.324
1.224
1.224
1.424
2.548
2.648
1.224
2.448
0
0.3
0
1.324
0.1
4.284
2.548
2.948
2.448
0.1
0.1
0.1
1.224
0.1
1.624
1.224
1.324
0
1.224
0
0
1.224
0
2.948
1.224
0.1
1.224
0
1.224
1.324
1.224
1.224
0
1.224
1.224
0
1.324
1.224
0.4
1.424
0
0
1.224
1.324
1.224
1.524
2.424
0
1.424
0
1.324
0.5
1.524
0.1
0
2.224
1.224
1.224
0.1
0
4.384
2.448
1.424
1.224
0.3
0
0.1
0
1.224
0.1
1.324
1.224
1.424
0.3
1.324
1.224
0
2.548
1.324
1.224
1.224
2.448
2.448
2.448
0
1.224
3.672
1.324
1.224
2.448
1.224
1.224
0
0
1.624
1.324
1.224
1.224
1.324
0
1.224
1.324
1.224
3.672
0.2
1.224
1.224
1.224
0
0.1
1.524
1.324
1.224
2.448
0
2.748
1.224
1.224
1.224
1.224
1.224
2.548
0
1.324
1.224
1.324
1.424
1.224
2.448
1.524
1.224
1.224
0
1.224
1.224
0
1.324
1.324
1.424
1.424
0.1
1.224
0.1
2.548
1.224
1.324
2.448
1.324
0
1.224
1.224
1.224
0
1.324
1.224
1.424
1.324
1.324
1.324
0.1
1.224
0.3
0
0.1
1.224
1.224
2.448
2.448
2.448
0.1
1.324
0
1.224
0
0
0.2
0.1
1.324
1.224
1.324
0
1.224
1.424
1.224
1.224
2.448
1.224
1.324
0.3
1.224
0.3
0
1.324
1.224
1.424
1.324
1.324
2.648
2.548
1.324
1.224
2.224
1.224
0
1.224
1.224
1.224
1.224
1.224
1.224
0
0.3
1.324
0
1.224
1.324
1.224
1.224
1.424
0
3.772
1.224
1.224
1.224
0
1.224
1.224
0
0.1
1.424
0
1.224
2.448
2.448
2.548
1.324
0
2.448
1.324
1.324
0
0
0.1
1.224
1.624
0.1
0
1.224
1.224
0
2.448
1.224
1.224
1.424
2.748
0
1.324
0.1
1.324
1.424
1.224
1.224
1.224
0.1
0.2
1.724
2.448
1.224
1.224
1.324
1.324
1.224
1.324
2.448
2.448
0
1.324
2.448
1.324
1.324
2.548
1.324
1.224
1.224
2.448
1.224
1.324
0.1
0
1.224
1.224
1.224
1.424
1.324
0
0
0.2
0
0
1.324
0.2
1.224
1.524
1.424
1.324
1.224
1.224
1.524
0
0
1.224
2.448
1.224
2.548
1.224
2.648
0
2.448
1.224
1.224
0.1
1.224
0.3
2.448
1.224
1.224
2.448
1.224
0.1
2.448
0
0
1.224
1.324
1.224
1.324
1.224
1.224
1.224
2.548
0.2
1.324
0
0
1.224
1.524
0
0.1
1.324
0
1.224
0.1
0
2.448
0
1.224
3.872
1.224
1.324
1.224
0.1
2.448
1.324
1.224
1.224
0.1
0.1
1.224
0.3
1.224
2.448
1.224
1.224
1.224
2.448
0
1.324
1.224
3.672
1.224
1.224
1.224
2.748
0
1.224
2.448
1.324
1.224
1.224
1.324
1.224
0.2
1.224
0
2.448
1.224
0.1
1.224
1.324
1.224
1.224
1.224
0
0.1
0
2.548
0
2.448
1.324
0.3
1.224
0.1
0
0
3.672
2.448
0
0
1.224
1.224
0
0
1.224
1.224
0
0.1
1.224
0
1.324
1.224
0
0
1.224
1.224
1.224
0.2
1.224
1.824
1.324
1.224
1.224
0
1.424
2.548
0.1
0.1
2.448
1.224
3.672
0
1.424
1.324
0
1.224
1.224
1.624
0
1.224
0.1
0.4
2.448
1.224
1.224
2.548
1.324
1.324
0
1.224
1.224
2.548
1.224
2.448
2.648
1.224
1.224
2.548
1.224
1.224
1.224
1.224
0
1.224
1.224
1.224
1.224
1.224
1.224
1.224
0.1
0.3
0.3
1.224
0.1
0
1.224
0
1.224
1.224
2.448
0.5
1.224
1.224
0
1.224
0
0
1.224
0
2.448
1.224
1.224
0
0
0
1.224
1.724
0
1.224
1.424
0.2
2.448
1.224
0.2
1.224
0
1.224
2.548
0
0
0
0.1
2.448
1.524
1.224
0
1.224
1.224
2.448
0
1.224
2.448
3.872
1.224
1.224
1.224
1.324
2.548
1.224
0
2.448
2.448
0.1
0
2.448
1.224
1.224
1.324
1.224
0.2
1.224
1.524
1.724
0
1.224
0
1.224
1.224
0
0
2.448
1.224
1.324
0
1.324
0
1.324
1.324
2.648
1.224
0
0
1.324
3.872
0.1
1.224
0
0
0.1
2.548
3.672
2.448
2.448
1.324
0
0
0.1
0.2
1.424
0
0
0.2
0.3
1.224
2.648
1.424
1.224
1.224
2.548
3.672
1.324
0
2.548
1.224
0
0
0.1
2.448
3.672
0
1.224
1.224
1.224
1.224
2.448
1.224
1.224
0
2.648
1.224
1.924
1.324
1.324
0
1.424
1.824
3.672
1.224
1.324
2.848
1.224
0
2.548
1.224
1.324
0
0.2
0
0
0.1
2.648
0.2
0
1.324
0
0.2
2.448
0
1.224
0
1.424
1.224
1.224
1.324
0
0
0
1.224
1.224
0
1.324
0.2
1.324
1.224
1.324
0.4
1.324
1.324
0
1.224
1.524
1.324
0.4
0
1.324
1.224
0
1.324
1.224
1.424
0.4
0.2
1.424
0.1
1.224
1.424
4.772
1.324
1.224
1.224
1.224
1.324
0
1.524
1.324
0
1.224
2.548
1.224
1.324
0
1.524
2.548
0.2
1.224
1.324
1.224
1.424
2.448
0
0
1.724
1.324
0
0.3
0
1.224
2.548
2.548
2.648
1.224
2.448
1.324
0.5
0
0
2.448
1.324
1.324
2.448
0
1.224
0.2
1.224
0
1.224
1.324
1.224
1.224
0.3
1.824
2.648
2.548
1.424
2.448
1.524
1.424
0
1.424
0
2.548
4.384
2.548
2.448
2.548
1.224
1.224
0
1.524
1.224
1.324
0.2
1.224
0.5
0.1
1.224
0
0.3
1.224
1
0
1.224
0
3.06
3.06
2.448
0
0
1.424
1.224
1.624
1.224
1.224
1.324
0
0
3.248
1.224
2.448
0
1.524
1.524
1.924
1.724
1.224
0.6
2.748
2.448
0
1.224
1.224
0
0.2
2.448
1.224
0
1.224
0.1
2.448
0
1.224
2.548
0.3
0
2.448
2.548
1.324
1.224
1.324
1.324
1.424
0
1.224
0
3.048
2.448
2.448
0.1
2.448
1.224
3.06
3.772
6.62
4.284
3.16
3.36
1.836
1.224
2.448
0.1
3.672
4.896
2.448
3.772
1.224
2.548
3.872
4.172
4.896
5.508
4.896
1.424
2.448
2.448
2.448
0
1.224
0.2
1.2
0.2
0.2
1.624
1.624
1.324
