0.1
0
1.424
0
2.448
0
0
0
0.1
0
0
1.224
1.324
0.2
0
0
1.224
0
0
0.1
2.448
2.448
0.1
0
0.2
0
0
1.224
2.448
1.324
1.836
1.224
0.1
0
1.424
0
0
0
0.1
0
0
1.824
0
0
0.1
1.224
0
1.224
0.1
2.548
1.224
0.1
2.448
1.224
0
0
1.224
1.324
0
1.224
1.424
1.324
0
0
0.2
0.1
1.224
1.224
1.324
1.524
0
2.548
1.424
0
1.624
0.1
1.224
0.2
1.224
0
1.224
1.224
1.324
1.224
0
1.224
1.324
0
0
1.424
0
0
1.324
1.224
1.224
1.324
1.224
1.224
0
0
0
1.224
1.524
0
0
0
0
0.6
1.224
0
1.324
1.224
0
2.448
0
0.1
0
1.224
0
0
1.724
0
0
1.224
1.324
0
0
1.224
0.1
2.748
0.2
0.1
1.224
0
1.424
0.2
1.224
2.648
1.324
0
0
1.424
1.224
1.324
1.224
1.324
1.224
1.324
0
1.224
1.224
0
0
0
0.2
0.1
1.224
0
0.1
0.1
0
1.224
0
1.224
0
1.224
0.1
1.224
0
0.2
1.224
1.424
2.448
0
2.448
1.324
3.06
3.06
2.448
0.1
0
2.448
0
2.448
0
2.648
1.224
2.448
1.324
2.548
0.1
1.324
0.1
2.548
2.548
1.224
1.224
0
0
0.3
1.324
0
0
2.648
0.2
1.224
0.1
1.224
1.424
0
1.224
0.2
0
1.424
0
1.524
0.1
1.324
0
4.284
1.224
1.224
1.624
1.324
1.224
1.224
1.224
1.224
1.424
2.448
3.26
3.06
2.548
0
1.224
0.1
2.948
1.224
1.224
1.224
0
1.824
1.424
0.1
3.16
1.836
3.16
3.16
3.16
1.836
3.06
3.06
4.384
3.06
1.836
3.06
3.06
3.06
3.06
3.06
4.284
3.06
1.836
1.836
3.06
3.06
1.836
3.06
3.06
4.284
1.836
1.936
3.06
3.16
3.26
3.16
3.06
3.16
4.284
3.06
3.06
3.06
4.384
3.06
4.284
1.836
3.26
3.16
9.444
6.12
6.12
4.896
4.896
1.424
0
0
0
0
1.224
0
0
1.324
0.4
0
0
1.224
1.224
1.324
0
1.324
1.324
1.324
2.448
0
0
1.224
0
1.224
0
1.324
0
0
0
0
1.224
0
1.224
0
0
1.224
0.2
1.224
0
1.324
1.324
1.224
0
0.1
0.5
0
1.224
1.224
1.624
1.224
0
1.224
1.224
1.224
0
1.324
1.224
1.324
1.924
1.524
0
0
0
1.324
0
2.548
1.324
0
1.224
1.224
2.448
0
0
1.224
0
1.224
1.224
1.224
1.224
1.224
0
1.224
1.424
0
0
0
1.324
1.624
0
4.896
0
0.2
1.224
1.424
0
0
0
1.224
2.236
3.06
1.936
3.16
1.836
1.224
0
0
1.224
1.224
0
2.648
2.448
2.448
2.448
2.448
2.748
1.224
0.1
1.524
1.224
1.324
1.224
1.324
0
0
1.224
1.324
2.448
1.324
1.324
0.3
0
2.548
0
2.448
2.548
1.324
1.324
1.224
1.324
0
2.748
0.1
0
1.324
1.324
0
1.224
0
1.224
0
0
1.224
1.224
2.548
2.548
1.324
0
0.1
0
2.648
1.224
1.224
1.324
1.224
0
1.424
1.424
2.648
1.224
0.1
1.224
1.324
0
1.524
0.1
0
1.224
0.2
0.1
0
1.324
1.324
0.1
1.224
0
0.2
2.448
0
0
0
0
0.1
2.548
0
0
2.448
0
1.224
1.224
2.448
1.224
1.224
0
2.548
2.648
1.224
0
2.848
0
0
0
2.448
1.324
0.3
0
2.448
0
2.748
1.224
1.224
1.324
2.548
0.1
1.324
1.224
1.224
1.524
1.224
1.224
2.448
0
2.548
2.648
2.448
1.224
0
1.224
1.324
1.324
1.224
0
2.448
0.1
0
1.224
0
0
2.448
1.224
1.324
0.1
1.224
1.524
1.224
3.672
0
1.224
0
1.324
1.224
0
0.1
1.224
1.324
1.324
0.1
1.424
0
1.224
1.224
1.224
1.324
2.448
1.324
2.448
1.224
1.224
0.2
2.448
0.1
1.224
1.224
0
2.448
1.224
0.1
1.224
0
2.648
0
0.1
1.224
1.224
0.2
0.1
1.424
1.224
1.224
1.224
1.524
0.1
1.224
1.324
1.424
1.224
1.224
1.224
0
2.548
0
1.224
0
0.4
1.224
0
0
0
1.224
2.848
1.224
0
1.224
0
0.1
0.2
1.224
1.224
0
0
0.4
2.448
0
0
2.448
1.524
0
0
2.448
1.224
1.324
2.548
1.224
1.224
0.1
0
2.448
0
2.648
0
1.224
1.224
0
0
0.2
0
1.224
1.224
0
0
0.1
2.648
2.448
2.448
2.548
0
0
1.824
0
2.648
1.224
2.448
2.448
0.1
0
2.548
0
1.224
2.548
1.524
1.324
2.548
0
2.448
1.224
1.424
1.424
0
0.1
0.5
0
2.448
0
2.448
2.448
1.224
0
1.324
0.1
0
1.424
1.224
0.2
1.224
0.1
3.672
1.324
2.448
1.424
0
1.224
2.448
1.324
0
1.324
1.224
0
1.424
1.224
1.224
0
1.424
0
0
1.324
1.224
0
0
1.324
1.324
1.224
0
0
0
1.224
1.224
0
0.2
1.224
0.3
2.548
0
1.224
2.448
1.224
1.324
0.1
1.224
2.448
1.524
1.224
1.324
1.424
1.224
2.548
1.224
1.224
0
2.548
1.524
2.448
1.324
1.224
2.448
0.4
1.424
0
0
1.224
3.672
2.448
0
1.224
2.448
0
2.448
1.224
1.424
1.224
0
1.224
0
0
1.324
2.448
1.224
0
1.224
1.224
1.524
0
1.224
1.224
1.224
1.324
1.224
0.1
0.2
2.448
2.748
0
1.624
0
1.324
2.448
0.2
1.324
1.224
0.1
1.224
1.224
1.224
0
1.224
1.224
1.324
1.224
0
1.224
1.324
1.224
2.648
0
0
1.324
1.224
2.448
0
2.548
1.224
1.324
2.448
0.1
0
0
0
1.224
1.224
1.224
2.548
1.224
0
1.224
0
0
0
0
0.1
1.224
0
1.224
1.324
2.548
2.448
0
0
1.224
2.548
1.224
1.324
1.224
0
2.448
2.448
1.224
0
1.224
2.548
2.548
1.424
0
1.524
0.2
1.224
3.148
1.224
1.224
2.448
0
2.548
1.224
1.224
2.548
1.624
1.424
0
1.224
0
2.448
1.324
0
1.324
2.448
0
0
0
1.224
2.548
1.224
1.224
0
0
1.224
0
1.224
2.448
1.224
1.324
0.1
1.224
1.224
1.324
0.1
2.448
1.524
1.224
0
0
1.224
1.224
1.224
2.448
0
1.224
2.448
0
1.224
0
3.16
3.16
1.324
3.672
0
2.448
2.448
2.448
1.724
1.224
2.548
2.748
2.448
1.224
1.424
2.448
1.424
2.548
1.224
1.224
2.448
2.448
2.448
2.548
4.384
4.384
1.224
4.384
4.484
4.284
3.26
3.16
3.16
6.12
1.224
0
0
0
0
0.1
3.972
1.324
1.324
1.224
1.324
0
1.224
1.224
2.648
1.324
3.06
1.424
1.324
1.224
1.324
2.448
2.448
3.672
3.672
3.16
4.284
4.384
3.06
5.508
3.16
4.284
4.784
4.384
4.384
4.484
3.06
4.484
4.484
4.896
4.896
5.608
0.3
0.1
1.324
1.824
1.424
3.06
2.548
0
2.448
1.224
2.648
1.424
1.224
3.672
0
0.2
1.224
1.424
0.1
3.06
1.324
2.848
1.224
0.1
0
0.2
1.224
0
1.324
1.324
1.224
0
1.224
1.224
1.224
0
0
1.424
1.324
0
1.224
0
1.224
1.324
1.224
1.224
0
1.224
1.224
0
0
1.324
0
1.224
0
0
0
1.224
1.224
1.324
1.824
0
1.224
0.1
1.424
0.2
1.324
0
0
1.624
1.224
1.224
0
0
4.284
1.224
1.324
1.224
0.1
0
0
0
1.224
0.2
1.224
0
1.224
0.3
1.224
1.224
0
2.548
2.448
1.224
1.224
1.324
2.448
2.448
0
1.224
2.448
1.324
1.324
1.224
1.224
1.224
0.1
0
1.524
1.224
1.224
1.224
1.424
0
1.424
1.424
1.324
2.448
0.1
1.424
1.224
1.324
0
0
1.324
1.224
2.448
2.548
0
2.448
1.224
1.224
1.224
1.224
1.224
2.448
0.1
1.224
1.224
1.424
1.224
1.224
2.448
1.224
1.224
1.224
0
1.224
0
0
1.324
1.224
1.324
2.448
0
1.224
0
2.448
1.224
1.224
1.224
1.224
0.1
1.224
1.224
1.224
0
1.324
0.1
1.524
1.324
1.424
1.324
0.1
1.224
0.1
0
0
1.324
1.324
2.548
1.224
2.448
0.1
1.224
0
0
0
0
0
0
1.224
1.324
1.224
0.1
1.324
1.324
1.224
2.448
2.448
1.224
1.324
0.2
1.224
0.2
0
1.224
1.224
1.324
1.324
2.548
2.648
1.224
1.224
1.224
1.524
1.224
0
2.548
1.224
1.224
1.224
1.224
1.324
0.1
0.3
1.224
0
1.224
1.224
1.324
1.224
1.324
0
2.648
0.1
1.224
1.224
0
1.224
1.224
0
0
1.224
0
1.224
2.448
2.448
2.448
1.224
0.1
2.448
1.224
1.324
0.1
0
0
1.224
1.324
0.1
0
1.324
1.224
0
2.448
1.324
1.224
1.324
1.424
0
1.224
0
1.224
1.324
1.224
1.224
1.224
0
0.2
1.324
1.224
1.224
2.448
1.324
1.324
1.324
1.224
1.224
2.648
0
1.224
2.548
1.324
1.224
2.448
1.424
1.224
1.224
2.448
1.224
1.224
0
0
1.224
1.224
1.224
0.1
1.324
0.1
0
0.1
0
0
1.324
0.2
2.448
1.424
1.224
1.224
1.224
1.224
1.424
0
0
1.224
1.224
1.324
2.448
2.448
3.772
0
2.448
1.224
1.224
0
1.224
0
1.224
1.224
1.224
2.448
1.324
0.2
2.648
0.2
0
1.224
1.224
1.324
1.224
1.424
1.224
1.224
1.224
0.1
1.324
0
0
1.424
1.324
0
0.1
1.224
0.2
1.224
0
0
2.448
0
1.224
2.548
1.224
1.524
1.324
0
1.224
1.224
1.224
1.324
0
0.1
1.224
0.1
1.324
2.448
1.224
1.224
0
1.224
0
1.224
1.224
2.448
1.224
1.224
1.224
1.324
0
1.224
2.448
1.324
1.224
1.224
1.224
0
0.1
1.224
0
1.224
1.224
0.1
1.224
1.324
1.224
1.224
1.224
0.2
0.1
0
1.324
0.1
3.672
1.224
0.2
1.324
0.3
0
0
2.648
3.672
0
0
1.224
1.224
0
0
1.224
1.224
1.224
0
1.224
0
1.224
1.224
0
0
1.324
2.448
1.224
0
2.548
1.424
1.324
1.224
1.324
0.1
1.224
2.548
0.1
0.1
1.224
1.324
2.548
0
1.524
1.224
0
1.224
0
1.424
0
1.224
0.2
0
2.448
1.224
1.324
2.448
1.424
1.324
0
1.224
1.224
2.448
1.224
2.548
1.224
1.224
1.224
1.224
1.224
1.324
1.324
2.448
0
1.224
1.224
1.324
1.224
1.224
1.224
1.224
0
0
0.1
1.224
0
0.2
1.224
0
1.224
1.224
2.448
0
1.224
1.224
0
1.224
0
0
1.224
0.1
2.648
1.224
1.224
0
0
0
1.224
1.424
0
1.224
1.224
0
2.448
1.224
0.1
1.324
0
1.224
1.224
0
0
0
0.1
2.448
1.424
1.224
0
1.224
1.224
1.224
0
1.224
2.548
2.448
1.224
1.224
1.224
1.324
2.548
0
0
2.448
1.324
0
0
1.324
1.224
1.224
1.224
1.424
0.1
1.224
1.224
1.724
0
1.224
0
2.448
1.224
0
0
2.548
1.324
1.224
0
1.224
0.1
1.224
1.224
2.448
1.224
0
0.1
1.324
2.448
0.3
1.224
0
0
0
2.448
2.448
2.448
2.448
1.224
0
0
0.2
0
1.224
0
0
0
0.3
1.224
2.448
1.224
1.224
2.448
2.548
2.448
1.324
0
1.224
0
0
0
0
1.224
2.448
0
1.224
1.324
1.224
1.224
2.448
1.224
1.224
0
1.324
1.324
1.424
1.224
1.424
0
1.324
1.324
2.448
1.324
1.224
2.848
1.224
0
1.324
1.324
1.224
0
0.1
0
0
0
1.524
0.4
0.2
0.1
0
0.2
1.324
0
1.324
0.1
1.224
1.224
1.224
1.224
0
0
0
1.224
1.224
0
1.224
0
1.424
1.224
2.448
0.6
1.224
1.224
0
0
1.424
0.2
0.1
0
1.424
1.224
0
1.324
1.224
1.324
0.1
0.2
1.624
0.1
1.324
1.324
2.748
1.224
1.424
1.224
1.224
1.224
0
1.224
1.224
0
1.224
1.324
1.224
1.224
0
1.324
3.772
0.2
1.324
1.224
1.224
1.224
2.448
0
0
2.448
2.548
0
0
0
1.224
2.548
2.448
2.548
1.224
2.548
1.224
0.3
0
0
2.448
1.324
1.224
1.224
0.1
1.324
0.2
0
0
1.224
1.224
1.224
1.224
0
1.424
2.548
2.448
1.224
2.548
1.524
1.324
0
1.224
0
3.672
3.16
1.424
1.224
1.224
1.224
2.448
0
2.548
1.224
1.324
0.1
0
0.3
0
1.224
0
0
1.224
0.6
0
2.448
0
3.06
3.06
0
0
0
0.3
2.548
0.1
1.224
0
2.448
0
0
0.3
1.224
2.448
3.06
3.26
3.16
3.36
3.36
3.06
2.136
4.484
3.06
1.836
3.06
3.06
1.836
2.036
3.06
3.06
3.06
1.836
1.836
3.06
3.16
1.836
4.384
1.936
3.06
3.06
4.384
3.16
1.836
1.836
3.06
3.06
3.06
1.836
1.836
4.384
3.06
4.284
1.836
3.06
3.26
3.16
3.672
5.296
1.836
6.12
5.396
3.672
3.06
5.508
1.836
4.284
5.508
3.26
3.16
1.836
1.836
4.484
4.384
5.708
3.06
4.484
3.06
3.06
3.06
4.284
1.836
3.06
0.1
0.6
0
0
1.824
0.3
1.324
