0.2
0.2
3.048
2.548
2.748
0
0
1.224
0.2
0
0
0
0.1
0.6
0.4
0
0
1.224
2.244
2.344
2.244
2.244
2.244
2.244
1.32
2.244
2.244
7.792
4.792
4.692
2.344
1.224
0.5
0
0.1
0
0
0
0
0.2
0
0.5
0
0
0
0
0.1
0.1
0
1.424
0
0
1.424
0.1
0
1.224
0
0
0
0.1
0.4
0.2
0.1
1.624
0.1
0.1
0
0
0
0.3
0.2
0.6
0.2
0
0.5
0.3
0
0.2
0.1
0
1.624
0
0
0
0
0
0
0
1.224
1.524
0
1.224
0
0
0
0
0
0
1.224
1.324
0
0.2
0.2
0
1.224
0
0
0.1
0
0
0.1
0
0
0
0
0.1
0.1
1.224
0
0
1.3
0
1.224
0
0.2
0
0
0
0
0.1
0
0
0.1
0
0.1
0.1
0.1
0
0
0.3
0.1
1.224
0
0
0
0
0.1
0
0.1
0
0
0
0
0
0.2
0.1
0
0
0.2
0
0
0
0
0
0
0
1.224
0
0
2.624
0
0.3
0
0.1
0
1.424
0.1
0
1.224
0
0.1
0.2
0
1.224
0.1
1.324
0.1
0.2
0
1.224
0
0.4
0
0.2
0.1
0.1
0
0.2
1.224
1.224
0.2
1.224
0
1.524
0.5
0
0
0.2
1.424
1.224
1.224
0
1.324
0
0.1
0.8
0
0.4
0
1.224
0
1.224
1.624
2.448
2.448
1.424
1.224
1.324
2.548
1.224
2.648
2.448
0
0
1.324
0
1.924
0
1.224
0.2
0
0.2
0.2
1.224
0
1.224
0
1.224
0
0.4
1.224
0
1.224
0
1.224
0
0
0.1
1.224
0
2.548
0
0
0.2
1.224
0
0.6
1.224
1.224
2.448
0
0
1.324
1.424
0.1
1.224
1.224
0
0
0
2.448
1.224
2.648
2.448
2.748
0
0
0
1.224
1.224
1.224
2.448
0
0.3
0
0
1.324
0
0
0.2
1.424
0.1
0
0.2
0
0
0.1
0.2
1.224
0.2
1.424
0
0.2
1.224
1.224
1.324
0
0
0
0.1
0
0
0.2
0
0.2
0
0
1.224
0
0
2.124
1.224
1.224
0.4
0
0
0
0.2
0.8
0
0
0
0.7
0
0.1
0.1
0.1
1.424
0.2
0
0
0
0.4
0.9
1.224
0
0
0
1.224
0.2
0
0
0
0
0
0
1.224
1.224
0
1.224
1.224
0
2.548
0
1.224
0
1.524
0
0.1
0.2
1.224
2.024
2.448
0
2.448
1.324
2.648
1.324
1.324
1.224
1.224
2.648
3.348
2.448
2.548
0
0
2.448
1.224
2.448
2.448
2.448
1.224
1.424
1.224
2.548
2.548
2.448
2.948
2.448
1.724
1.524
2.448
2.448
3.872
1.324
1.224
2.448
2.448
1.224
2.448
2.648
1.324
2.748
1.224
2.448
2.548
1.424
2.848
2.648
2.648
1.224
1.224
1.424
3.772
2.548
1.224
1.324
1.224
2.448
2.548
2.548
2.448
2.448
2.448
2.448
2.448
1.224
2.748
1.324
2.448
1.224
2.448
1.324
1.424
2.448
2.648
2.448
1.224
2.848
1.524
1.224
1.224
1.624
2.448
1.324
1.424
2.024
1.324
2.448
1.524
1.524
1.324
2.548
2.748
1.424
2.748
2.448
1.324
2.448
1.224
1.224
1.224
1.224
2.648
1.224
2.448
2.548
2.448
1.224
1.224
2.448
2.448
2.548
2.448
2.448
2.448
2.548
4.072
2.448
1.324
1.224
1.324
1.224
1.224
1.224
2.448
2.748
2.448
2.448
1.224
2.548
2.448
1.224
2.448
2.648
2.448
1.324
2.448
1.324
1.624
1.324
1.224
2.448
2.448
3.872
1.524
1.224
3.672
1.224
2.548
2.448
2.548
1.224
1.224
2.548
1.224
1.324
1.224
1.224
2.848
1.324
2.448
2.448
2.448
1.524
2.448
2.548
2.648
1.224
2.448
1.224
2.548
1.224
1.224
1.324
1.224
2.648
1.324
1.224
2.748
1.324
1.224
1.224
1.224
1.224
2.648
1.324
2.448
2.548
1.224
1.224
1.224
2.548
1.224
2.448
2.448
2.448
1.324
1.424
1.424
2.448
1.324
1.324
1.224
1.224
2.648
1.224
2.448
1.324
1.224
2.448
1.224
2.748
1.224
1.224
1.224
1.224
2.448
2.448
1.224
2.448
3.672
1.224
2.448
2.448
2.748
1.224
2.448
2.448
1.224
2.548
2.948
1.224
1.224
2.848
1.224
1.224
1.724
2.548
2.448
2.548
1.324
1.524
1.224
2.448
2.548
3.772
2.648
1.324
1.224
1.324
2.448
1.424
1.224
3.772
2.448
2.548
1.224
2.448
2.648
3.672
1.224
1.224
1.324
2.448
1.224
1.424
2.448
1.424
1.224
1.224
1.224
1.524
2.648
3.672
2.648
3.672
2.448
1.324
2.748
1.224
3.972
1.224
2.448
1.324
1.224
2.548
2.648
1.224
2.448
2.448
2.648
2.448
1.624
1.224
2.448
1.524
1.424
2.648
1.224
2.548
2.548
1.224
3.772
2.448
2.448
2.548
1.224
1.324
2.748
1.224
2.448
2.448
1.224
1.324
2.548
1.324
2.448
2.448
3.672
1.424
2.548
2.448
2.448
2.648
1.424
1.224
1.524
1.224
2.448
1.224
2.548
2.548
1.224
1.224
2.448
2.548
1.324
2.448
1.224
2.448
1.324
1.224
1.224
1.224
1.224
3.672
2.448
2.448
1.724
1.224
1.324
3.672
2.448
2.448
1.224
2.448
1.224
2.648
2.548
2.448
1.624
2.648
1.224
2.548
2.448
1.224
1.224
1.224
1.224
2.448
2.448
1.324
2.548
1.324
2.448
2.224
2.648
1.224
1.324
1.224
3.672
1.224
1.224
1.224
2.448
2.448
2.548
2.448
1.324
2.448
1.224
2.448
2.448
1.224
2.448
3.772
2.448
1.224
1.224
1.224
2.448
1.324
2.448
2.448
1.224
3.672
1.224
2.548
2.548
2.448
3.772
2.448
2.648
1.224
2.448
2.448
2.848
2.648
2.548
1.224
1.224
1.224
1.224
1.224
2.448
1.224
2.548
2.548
1.224
2.648
2.448
2.448
3.772
2.548
2.448
1.224
2.448
2.448
2.448
2.448
2.448
2.548
2.448
1.224
1.224
1.224
1.224
2.648
1.224
1.224
1.524
2.548
1.224
2.448
1.324
1.224
1.224
1.224
1.224
1.224
2.448
2.448
2.548
1.224
2.448
2.448
1.224
2.648
1.324
2.448
2.548
2.448
1.224
3.772
2.848
1.324
1.324
1.224
2.548
2.548
1.324
2.448
1.524
1.324
2.448
2.848
1.324
2.548
2.448
2.548
2.448
2.448
1.224
3.672
2.124
2.448
1.224
2.448
2.448
2.548
1.324
2.448
1.224
2.448
2.548
1.224
2.548
1.224
3.772
2.448
2.548
1.224
2.548
2.448
1.224
1.224
1.224
2.448
2.448
1.224
2.448
1.224
1.224
2.648
1.224
1.324
1.224
1.324
2.548
1.224
1.224
1.624
2.448
1.324
2.548
2.448
2.244
2.244
3.468
3.668
3.868
1.224
3.672
2.448
2.448
2.548
2.448
2.848
2.448
2.948
2.548
2.648
1.324
2.648
2.448
2.748
2.548
2.648
2.448
2.448
2.448
2.448
3.972
2.448
2.548
1.224
3.872
3.772
3.672
2.448
2.748
2.448
2.648
1.224
1.224
1.224
1.424
2.448
2.448
2.548
2.448
2.548
2.448
2.848
2.448
2.448
1.224
2.448
1.324
2.548
2.548
2.648
2.548
1.424
2.548
2.648
2.648
2.448
2.548
2.548
2.448
1.224
3.672
1.324
3.672
3.772
2.448
2.448
3.672
2.448
3.772
1.324
2.448
2.448
4.372
1.224
1.224
1.224
1.624
1.324
1.324
1.224
1.324
1.224
0
0.1
1.224
0
1.224
0
0.8
1.224
0.2
0
1.224
1.224
0.4
1.224
0.1
0
0
0.1
0
0
0
0
0
0
1.224
1.224
1.224
0
2.024
0.1
0.2
0
0
0
0.1
0
0
0
0
0
0.1
1.324
0.3
0.2
0
0
0
1.224
0
0
0.2
1
0
0
0.1
0
0.6
2.448
0.2
0.1
0.5
0.1
0
0
0
0
1.224
0.1
0
0.5
0.1
0.1
0
0.1
0
0
1.324
0.2
0
0
0.1
0
0
1.224
0.1
0
1.324
0
0
0
0
1.224
0
0.2
1.224
0
0
0
0
0.2
0.2
0
0
0.1
0
0.4
0.2
0
1.224
0.1
0.1
0
0
0
0.1
0.3
0.1
1.224
0
0
0.2
0
0
0
0
0.1
0
0
0.1
0
0
0
0
0.1
0
0.2
0.1
0
0
1.224
0.2
0.1
0
0.1
1.224
0.1
0
0
0.1
0
0
1.224
0
0.2
0
0.1
0
0.2
0
1.224
0
0
0.1
0.3
0.1
0
0.3
0
0
0.3
0.2
0
1.324
0
0.6
0.1
0
1.224
0.1
0
0.2
0.2
0
0
0
0
0.2
0
0
1.224
0
0
0.2
0.5
0
0
0
0
0
0.3
0.3
1.524
0.1
1.224
0.1
0
0.4
0
0
1.224
0
0.2
0
0
0.1
0
0.1
0
0
0.1
0.1
0.1
0
0.2
0.1
1.424
1.224
0
0
0
0
0
0
0
0.1
0
0
0.1
0
0.1
0.2
0.1
0.1
0.1
0.2
0.2
0
0
0
0.6
0.4
0
0.1
0
0.1
0
0
0
0.1
1.324
0
0
0
0.1
0
0
0
0
0
0.1
0.4
1.224
0.1
1.224
0.1
0
0.2
0
1.224
0
0
0
0
0
0.5
0
0
0.1
0
0.1
0
0
0.1
0
0
0
0.3
1.224
0
0.1
0
0.1
0
0
0.2
0.3
1.324
0.3
0
0.5
0
0
0.5
0.2
0
0
1.224
0
0
1.224
1.224
0
0
0
0.1
0.1
0
0.1
1.224
0
0
0
0.3
0.1
0
0
0
0
0.3
0.1
0
0.2
0
0
1.224
0.2
0.1
0
0.1
0
0.1
0.1
0.1
0.2
0
0
0
0
2.448
0
0
1.324
0
0.2
0
0.1
1.224
0
0
0
0.1
0.1
0.1
0.1
0
0
0.1
0
1.224
1.424
0
0
0
1.224
0
0
0
1.424
0.1
0
0.2
0
0
0
0.2
1.224
0
0
0.1
1.224
0.1
0
0.1
0.1
0.1
0
0.1
0.1
0
0
1.424
0.1
1.224
0
0.6
0.2
0
0
0
1.324
1.224
0.2
0
0
0.3
0
0
0
0
1.224
0
0
0
0
0.1
0
0
0
1.224
0
0.1
1.524
1.2
0.3
0.1
0
0
0
0.2
0.1
0.2
1.224
0
1.224
0
0.1
0.1
0
0
1.224
0.3
0
0
0.2
0
0
0.4
0.1
0
0.2
0
0
0
0
0.2
0
0
1.324
0.1
0.1
1.224
0
0
0.1
1.324
0
0
0.1
0
0
0
0
0
0
0.2
0.4
0
0
0.2
0
0
0
0
0
0.5
0
0
0
0
0.1
0
0
0
0
0
0.1
0
0
0
0
0.5
0
0
0.2
0
0
0
0.1
0
0
0
1.224
0
0
0
0
0.1
0.7
0
0
0
0
1.224
0
0.1
0.1
1.224
0
0
0.1
0.5
0.2
1.224
0
0
1.324
0
0
1.224
0
0
0
0
0.1
0
0.3
0.5
0.1
0
0
1.224
0
0.1
0
0
0
0.1
0
0
0.3
0
0.1
0.1
0
0
0.1
0.1
1.224
0.1
0
0
0
0.1
0.2
1.324
0.1
0
0
0
0
0
0.1
0.1
0
0
0
0.3
0.1
0.4
0.3
0.1
1.224
0.2
1.324
0
0
1.224
1.224
0
0.1
0
1.224
1.224
0
0
0.1
0
0.1
0
0
0
0
1.524
0
0.6
0
0
0
0.1
0.3
1.224
0
0
2.748
0
0
1.224
0.1
0.1
0.1
0.2
0.1
0
0
1.424
0
0
1.224
0.1
0.5
1.224
0
0
0
0.1
0
0
0
0.1
0.1
0
0.1
0.1
0
0
0
0
0
1.224
0.8
0
0
0
1.324
0.3
1.624
0.5
0
0.2
0
0
0.1
0
0.3
0.1
0.1
0.3
0.1
0.2
0.1
2.224
0.1
0.1
0
0.1
0
0
0.2
0
0
0
1.224
0
0
0
0.1
1.224
0.1
0.1
0
0.1
0
0
0
0
1.824
1.524
0
0.1
0
0
0.1
0
0.1
0
0.2
0.2
0.2
0
0.1
0
0
0
1.224
0
0
0.3
1.224
0
0.1
0.1
0
0
0.1
0.2
0.1
0.1
0.1
0
0.4
0.2
0
0.2
0
1.424
1.224
1.324
1.224
1.324
0
1.224
0
1.424
0
0.1
0
1.424
0.3
0.1
0
0.2
0.1
0
0.7
0.2
1.224
0
0
0
2.448
0
0.1
1.724
1.224
1.224
0
1.224
1.524
0
0
3.648
2.648
0
1.224
0.6
0.1
0.7
0.3
0
0.5
2.648
1.224
0
0.1
0
0
0.1
1.224
0
1.224
1.224
0.1
1.224
1.224
1.224
2.448
0.1
1.424
1.224
2.448
0.3
1.224
1.224
2.448
0
1.224
1.224
0
2.848
1.224
2.548
0.2
1.224
0
0
0
1.624
2.448
1.324
0
0.1
0
1.224
0
3.672
3.772
1.424
2.648
1.324
2.748
3.672
1.224
3.672
2.448
2.448
0.1
1.324
1.224
0
0
0
0.2
1
0.1
0
2.648
1.424
2.448
