0.4
0.4
2
1.3
1.324
0.1
0.1
0
0.1
0
0
0.1
1.624
3.1
1.9
0
1.324
0
0
0.5
0
0.2
0
0
0.6
0.3
0.4
0.3
0.2
0
0.2
0
5.3
0.1
1.524
1
0
0.1
0.5
1.3
0
1.7
0
0.2
0.3
0
1.1
1.824
0.4
0.4
0
0
0.9
1.424
0.1
0.2
1.424
1.224
0.2
1.3
5.624
2.424
0
1.7
1.5
0.5
1.424
1.224
0.2
5.524
1.1
1.924
1.324
0.1
5.3
1.1
1.324
0.3
1.224
0
1.8
1.524
0
1.424
0.2
1.324
1.224
0
0
3.824
0
0.1
1.324
1.224
1.224
0.4
0.4
1.324
0.2
0.1
0.3
2.724
2.624
0
0
0.2
0
2.1
1.224
0.4
1.824
1.524
0
1.324
0.1
0.6
0.1
1.424
0
0.2
7.824
0.1
0.1
1.924
1.424
0
0.2
0.2
0
1.724
0.4
0.4
1.324
0
0.4
1.2
0.2
1.424
0.4
1.2
0.1
1.324
1.324
0.9
1.224
1.524
0.4
1.324
0.2
1.224
0.2
0.1
0.3
0.1
1.9
0.8
2.124
0.5
1.1
0.2
0.3
1.224
0
1.324
0.2
1.524
0.1
1.224
0.6
3.5
1.324
2.424
1.224
0.2
1.324
0.6
1.324
1.224
1.22
0.4
0.8
2.224
0.3
1.224
2
1.524
0.7
1.224
1.424
1.224
0.4
0.1
0.2
2.224
1.624
0.6
0.1
0.4
0
2.2
1.524
0
0
1.524
2.1
1.224
0.1
0.2
0
0.1
0
0.1
0.7
1.224
0
7.124
0
4.824
0
1.224
1.224
0.1
1.6
0
0.1
0.2
0
0
0.5
1.224
0.1
0
1.324
0.1
0.1
0
6.224
0.2
0
0.2
0
1
0.8
0.1
1.324
0.1
1.424
1.224
0.3
1.6
0
1.724
1.324
1.224
0.3
0
1.324
3.524
0.2
0.5
0
1.224
0.6
0.5
0
1.224
2.2
0
0
0
0
0.3
0
0.1
6.124
0
0
1.224
1.324
1.224
1.224
1.424
1.924
0
1.324
0.1
0.1
0
1.424
0
0
0
1.224
16.344
1.02
1.02
0.1
0.5
1.424
0.2
0.8
1.324
0.3
0.6
0.4
1.224
3.824
1.624
0.1
1.624
1.524
1.224
1.424
0
0.1
0.2
0
0.5
0
0.3
0.1
0.4
0.6
0.9
1.824
0.1
1.224
0.3
0.1
1.224
2.5
1.524
0.1
0.3
0.1
1.224
0
0
2.9
0
1.324
0
6.724
1.724
0.4
0.5
0.3
0.4
2.5
1.324
0.1
1.424
3.624
7.524
0
0.3
0
1.624
0.1
2.624
0.6
0
0.1
0
1.224
0.1
0.1
0
0.1
0.3
0
0.2
0.2
0
0
1.224
3.524
0
0
0.1
0.4
1.8
0
1.224
0
0.7
0.1
1.2
0.2
0.1
0
0.2
3.1
1.524
0.6
0.2
0
0.5
0
0
0.1
0
0
2.124
1.424
0
1.324
1.224
0.9
0
1.7
0.7
1.424
0.1
0.3
1.424
0.1
0.1
1.424
1.724
0.1
0.1
0.4
0.9
0.1
0.3
0.1
1.224
0.7
0.8
1.424
2.224
0
0.1
0.3
0.4
0
3.124
0.2
0.2
0.1
0.4
1.224
0.1
0.2
0
1.224
1.224
0.4
0.3
0.3
0
0
1.624
1.324
0
0.8
1.324
0.2
1.3
0.3
1.324
0
0.6
0
1.424
0.2
4.7
0.8
0.1
0.8
4.3
0.2
0.1
0.3
0.6
1.2
1.224
0.3
0.5
1.224
0
0
0.3
0.2
0.1
1.224
0.8
0.2
1.224
0
1.224
0.1
1.624
0.1
0
0
0
0.7
0.1
0.2
2.024
0.3
0
0.1
1.224
0.1
0.3
0
1.224
0
1.424
0
0
0.1
1.224
0.1
0
0
1.224
5.524
0
1.224
0
0
1
2.024
1.224
0.1
0
0
0.7
0.8
0
0.2
1.524
0.1
0.4
0.1
0.2
0.7
1.224
1.824
0
0.3
0.6
0.4
0.5
1.324
0.1
0
0.7
0.1
0.1
0.2
0.1
0
0.5
0.1
0.1
1.624
0.1
1.324
1.224
2.424
0.1
1.624
0.1
0.4
0.2
0
0.4
1.224
0.1
0.1
0
0
0
0
4
1.6
0
1.324
0
0.1
0
0
0.1
0.2
0.2
0.2
0.1
1.224
1.1
0
1.224
0
0
0.3
0
1.224
0.2
1.524
0
0
0.5
1
0.1
0
0
0
1.324
1.5
1.324
0.1
0.9
0
0
2.4
0.4
0.1
0.2
0
0.7
1.224
0
0.4
0.3
0.1
0.1
0.1
1.224
0.1
0.2
1.324
0
0
0.1
0
0
0.7
0.3
0
1.224
0.4
0
0.3
0.6
0
0.3
1.224
0
0.1
1.1
0.1
0
0.1
0
0
0
1.9
0.2
0.2
0.1
1.224
1.224
0
0.1
1.624
0
0
0
0.2
0.1
1.724
0.1
1.224
0.4
0.6
0.7
0
0.2
0.8
0
0
0
0.2
1.624
0.2
0.8
0.3
0
0.1
1.324
0
0.3
1.224
0.5
1.224
0
0.1
0.2
0.2
1.624
1.324
1.2
0.1
1.1
0.7
0
0
1.224
0.2
0.1
1.324
0.1
0.1
0.5
0.1
0.1
0.6
0.4
0.1
1.324
0.1
0.1
0.1
0
0.1
0.4
3.9
0.1
0.1
0
0
0
1.224
0
0.4
0.1
0.2
1.524
0.5
2.124
0
0.4
0.1
1.224
0.1
1.224
0.3
0.1
1.424
1.224
0.1
0.2
1.324
4.8
1.4
0.4
0.4
1.224
1.224
1.224
0.1
0.1
0
0
0.1
1.324
0.7
0.3
0
1.224
0
0
0
0.1
0.2
0
0
0.1
0.3
0
1.224
0
0
0.8
1.224
1
2.9
0.1
0
0
1.824
0
0.1
1.324
0.5
5.024
0.1
0.1
0
0.2
0.1
0
2.724
1.224
0.2
0.3
0
0.9
0
0.1
0.4
0
0
0.3
0
0
0.1
1.224
0
0.2
1.224
0.1
0
0
0
0.2
1.224
1.224
1.524
0.1
0.1
0
0.1
0
0
0
0
1.724
0.1
0.6
0
1.224
1.324
0
0
1.324
1.224
1.224
1.2
0.1
0
0.1
2.524
1.524
0.1
0
0.2
0.1
0.5
0.2
0.2
0.7
0
2.524
1.424
0
1.324
0.1
1.324
0
0
1.1
2.224
0.1
0.3
0.1
0
0.1
0.2
0.1
0
0
0
0.7
0.1
0
0.1
0
0.3
0
0.1
1.324
0
1.224
1.524
0
0
0
1.324
1.324
1.524
1.3
1.624
0.3
1.224
0
0
0.1
1.224
0.1
1.224
0.1
0.2
0
0.4
1.724
0.1
0.6
1.2
0
1.224
0.1
1.224
0.3
1.224
3.7
1.324
2.124
1.824
0.3
1.324
0.4
1.224
2.024
1.524
0.2
0
0.1
0
0
0.1
0.1
1.224
0
0.2
0.2
0.1
0.5
6.024
1.224
1.924
1.224
0.1
0
0
0.2
0.4
2.124
0.2
0.2
0
2.024
0
1.224
0.1
0.1
0.4
1.224
1.824
1.724
0.2
1
0
0.1
1.524
1.224
1.424
0
0.1
1.224
1.324
1.324
0.1
0.6
0.3
0
0.1
0.1
1.4
1.924
0
0
2.024
0.5
0
0
0.8
0.5
1
0.2
0
0
1.824
1.624
0.3
1.324
1.224
0
2.1
0
4.224
0.1
0.1
0
2.024
0.1
1.3
0.1
0.6
0.3
0
3.924
0.7
1.224
0.1
0.1
0
0
0.2
0
7.224
0.2
0.6
0.1
0.1
1.424
0.1
1.224
1.224
0
0
0.1
0
1.3
2.224
0.4
0.1
0.1
0.1
0.1
0
0.1
0.4
5.2
0.1
0.1
0.4
0
2.5
0.1
0
0.1
1.4
0.1
2.524
0
0
1.224
0
0.3
0.3
0.7
0.2
0.3
0
1.224
0.2
1.624
0
0.1
0.5
0.1
0.6
0.1
1.424
0.2
0.1
1.624
0.4
1.724
1.424
0.2
1.624
1.724
0.1
0.2
1.324
0
0.1
0.1
0
1.5
0.3
0
1.224
0.7
0
1.3
1.324
0.1
1.324
0.2
1.424
1.224
1.424
0.2
0.4
4.324
0.5
0
1.324
0
2.424
0.1
0.1
0
1.224
1.624
1.724
0.6
0
0
1
0.1
0.1
1.824
1.724
0
0.5
0.4
0
0
0.2
1.624
1.224
0
0.5
0.3
1.224
0.1
1.224
1.224
0.3
1.224
0
0.5
1.324
0
1.324
0.2
0.2
0.1
0.5
0.1
0.4
1.4
1.5
0
1.6
0
0
0.1
0.4
1.624
1.724
1.324
1.9
1.324
0
0
0.4
0.2
0.3
0.2
0
0
0.2
0
0.4
0.1
1.324
0.2
1.224
1.224
0.1
1.3
0.1
0.4
0
0.4
1.624
1.424
0.5
0.3
2.124
0.3
0.2
0
7.924
0.1
0
0.3
1.224
0.8
0.1
1.524
2.024
0.2
1
1.524
0
0
0.4
0.2
0.1
1.6
0
2.224
0.7
0
0
0.4
0
0
0
0
0.2
0
0.1
1.424
1.424
1.724
0.2
0.8
1.924
1.524
0.5
0.4
0
0
0
5.024
1
0
1.224
1.824
0
1.224
0.7
1.424
0.4
0.8
0.1
1.524
0.2
1.524
1.324
0.1
1.224
0.2
0.1
0.6
4.024
1.224
0.1
0.1
1.324
0.6
0.6
0
0
1.424
0.2
0.5
1.324
0.1
0.6
1.524
0.5
0.4
0.2
1.624
1.424
0
0.5
0.1
0.1
0
0.2
0.6
1.324
0.2
0
0.5
0
0.2
0.7
0.5
0.1
1.624
0
1.724
1.224
0
1.2
0.2
0
1.224
0.1
1.224
1.424
0.1
1.924
0.2
1.624
1.224
0.1
0
0
1.4
1.324
0
0
1.324
0.2
1.3
1.524
0.1
0
1.224
0.7
0.2
0.1
1.824
0
0
1.724
0.3
1.824
0
0.2
0.1
0.4
0.1
0.2
0.2
0.3
1.224
0.3
0.1
0.1
0
1.424
1.524
0
0.2
0.3
0.3
1.224
0
0
0.5
0.2
0.5
0.4
0.5
1.324
1.224
1.224
0.2
0.1
0.1
0
0
0
1.224
0.1
0
1.424
0.9
0.2
1.324
1.624
0.1
1.524
0.1
1.324
0.2
0.5
1.324
0.4
1.224
0.6
0.2
0.7
0.4
0.3
1.224
0.4
0.1
0.7
0.1
0.3
0.1
1.924
0
0.6
0.4
1.9
0.1
0
1.524
1.224
0.7
0
0
1.4
0.1
0.1
0
1.224
0.2
0.1
1.324
0
0.3
0.1
0.3
0
0
0.1
0.1
0.1
0.3
2.2
1
1.724
0.6
0
1.424
1.824
0.9
0.4
0
0.1
1.424
0
0.3
0.1
0.3
0.2
0
3.824
0.1
0
0.4
0
1.524
1.724
2.324
1.624
1.824
0.6
0.4
0.2
0
2.924
1.224
1.324
0.9
0.3
0
1.324
0.1
1.224
0.8
0.1
0.1
0
1.324
1.324
0.1
1.224
0
1.224
0
0.8
0.9
0
0
0.2
0
0.1
0.1
1.324
1.224
1.6
0.1
1.424
0.2
0.3
0.2
0.2
0
0
1.324
1.424
1.424
0.2
0.2
0.2
0
5.324
0.1
1.224
0.7
1.3
1.224
1.224
0.2
0.3
0.5
0
0
0.2
0.1
0
0.1
1.524
1
0
0.1
0
1.224
0
0.4
0.3
1.524
1.724
0
1.524
0.1
1.5
1.824
0.1
0.1
1.224
0.2
0.1
0
1.524
1.224
1.224
0
0
0.7
0
1.924
1.3
0.2
0.3
0.5
0.1
0
0
0.2
1.224
0
0
0
0.1
0.2
1.324
2.624
2.024
0.1
0
0.7
0.6
1.924
0.4
0.1
0
0.2
0.3
2.024
1.724
1.424
1.524
0.1
0
0.1
0.4
0
0.7
0
0
0
0.5
0.2
2.324
1
0
0.2
1.324
1.224
0
0
0.2
0
0
0.3
0
0
1.224
0
0.2
1.424
1.224
0
1.224
1.324
0
0.1
0.6
1.324
3.124
1.424
2.324
0.3
1.724
2.3
1.324
1.424
1.324
1.5
0
0.3
0
0.5
0.1
0.1
0.2
0
0
0.1
0.2
0.3
0.2
0.7
0
1.3
0
0
0.2
0
0.1
0.6
0.1
1.924
0.3
0
0.1
0.3
0.1
0
0.1
0.6
0.8
0
0.2
2.7
0.3
0.1
0.2
0.2
1.824
2.4
0.7
0
0.3
0
0
0.8
1.424
2.424
0.4
0.3
0.4
0.2
0.6
0.2
3.624
0
0
0
1.324
0.3
0.1
0.6
0.1
0.2
0.1
1
0.1
0.7
0
0.2
2.424
0.2
0.2
1.324
0
2.924
1.324
0
0.2
0.7
0.4
0
0
0.1
0
1.524
1.624
2.224
0
1.524
0.6
0.9
0
0
1.224
0.4
1.7
1.224
0.1
0.7
1.3
0
0
0.3
1.724
1.324
0.3
0
1.3
1.824
1.324
0.4
1.924
0.3
1
0.1
1.2
0
1.624
0.1
0.8
0
0
1.224
0
0
1.2
1.224
1.324
0.1
0.2
0.6
0.1
0
0.1
2.7
1.224
4
0.2
0.1
0
1.224
1.224
0
0.1
0.2
0.4
0.1
0.8
1.224
0.1
0.2
0
0
4.8
0.4
1.224
0
1.4
0.7
5.424
1.6
1.224
2.1
0.3
0.1
0.2
0.1
0
0
0.4
1.324
1.324
0.2
0
0.5
1.224
0.3
0
0
0.1
0.5
0
1.424
0.4
0.1
0.3
0
1.424
0
0.3
0.2
2.024
0
0
0.1
1.224
0.1
0
1.1
1.6
0
0.6
0.5
0
1.224
1.224
0.1
0
1.224
0.8
0.1
0.1
0.4
0.2
1.324
1.324
1.224
1.624
1.224
0
1.224
1.224
0
1.324
0.4
7.2
0.6
0
1.8
4.5
1.1
