0
1.324
1.524
2.748
1.224
0
1.224
2.448
0
1.224
1.424
0
0
2.024
1.624
1.424
0
2.448
2.448
2.448
0
0
1.224
2.448
1.624
2.448
2.548
1.424
2.448
1.224
2.448
0
0.6
0
0
0.1
0
0.1
0
0.3
0
0.1
0
0.1
0
0
0
0.1
0.1
0
0
0
0.1
0
0
1.224
0
0
0
0
0.4
0.1
0
2.748
0.2
0.2
0.1
0
0
0.3
0.3
0.3
0
0
0.6
1.424
0
1.224
0
0
1.224
0
0
0
0
0
0
0
1.224
2.748
0
1.224
0
0
0
0
0
0.1
2.448
2.448
0
0.2
0.2
0
1.224
0
0
0.2
0
0
0
0
0
0
0
0.1
0
1.224
0
0
0.5
0
2.448
0.1
0
0
0.1
0
0
0
0
0
0
0
0
0.3
0
0
0
0.1
1.324
2.448
0
0
0
0
0
0
0
0
0
0
0
0
0.3
0.1
0
0
0.1
0.2
0
0
0
0
0
0
1.224
0.1
0
2.948
0
0.2
0
0
0
1.224
0
0
0.1
0
0.1
0
1.224
1.224
0
1.224
0
0
0
1.224
1.324
0
0
0
0
0.1
0
0
0
1.224
0
1.224
0
0
0.3
0
0
0
1.224
1.224
1.224
0.2
2.548
0
0
0.4
0
1.724
0
0
0
1.224
0
1.224
1.224
0
0
0
1.224
0
2.448
2.448
0
0
1.324
0
1.624
0
0
0
0
0.2
0.2
0
0
1.224
1.224
1.224
0
1.624
0
0
0
0
1.224
0
0
0.3
2.648
0
1.224
0
1.324
0
1.224
0
1.724
1.224
0
1.224
0
0
0
1.224
0.6
0
1.224
0
0
1.836
1.224
0.1
1.224
2.448
1.224
0
0
0
0
0
0
1.224
0
0.8
1.224
0
3.26
1.836
1.936
1.936
5.984
1.836
1.836
3.26
3.16
1.836
2.036
1.936
4.284
1.936
3.16
1.836
1.836
4.284
4.284
3.06
1.836
1.836
3.16
1.836
1.836
3.36
2.036
2.036
1.936
1.836
1.836
3.06
3.26
1.836
4.584
4.384
3.06
3.16
3.16
1.836
1.836
3.16
1.936
3.16
1.836
1.836
2.536
2.036
1.836
1.836
1.936
3.06
2.036
1.836
1.836
1.836
1.936
2.336
4.284
1.836
1.836
1.836
4.384
2.036
1.836
3.16
0
0
0
1.324
1.224
1.224
1.224
1.224
1.224
0
1.324
1.224
2.448
0
1.224
1.224
1.324
1.224
2.448
2.548
1.224
0
2.448
0.1
1.224
0.2
0.1
0
1.424
2.448
2.848
1.224
2.548
0
0
0
0
2.448
1.224
1.224
0
0
0
0
1.224
1.224
0
1.224
1.724
0
1.224
0
2.448
0
0.1
2.448
1.224
0
0
2.448
0
2.648
0
0
2.448
0
0
1.324
2.548
0
0
0
1.224
2.548
0
0.2
0.1
2.548
2.448
2.548
2.448
1.224
2.448
1.224
1.224
0
0
0
2.548
0
2.448
0
0
0
1.224
1.324
0
2.848
0
0
0
0
2.448
0.1
0.1
0.5
0.2
2.448
0.1
0.5
0
1.224
2.448
0
2.748
1.224
0
1.324
0
1.224
0
0
2.448
0
1.224
2.548
2.548
0
0
1.224
1.224
1.324
0
0
2.548
0
1.224
1.224
1.224
0
0
0
1.224
0
1.224
1.324
2.448
0
0
1.324
1.224
0
1.224
1.224
2.448
0
2.448
0
0.3
0
0
0
2.448
1.324
0
0
1.324
0
1.224
1.224
1.224
0
0
1.224
0.1
0
0
0
2.448
0
2.448
0
2.448
0
1.224
2.548
0
0
0
1.324
1.224
0
0
0.1
0
1.224
0
0
2.548
0
0
0
0
0
0
0.1
0
2.748
1.224
1.224
0
2.548
0
0
1.224
0
0
0.4
0.1
1.224
0
1.224
0.1
0
1.224
0
2.448
0
1.424
2.448
0
0.2
0
0
0
0
0
1.224
0
2.548
2.548
1.224
1.224
2.548
2.548
0
2.448
2.448
0
1.224
0.1
1.224
1.324
0.2
0
0
0.1
2.548
1.224
2.448
0
0.1
0
2.448
2.748
1.224
1.224
0
1.224
0
0
0
0
1.224
1.224
1.224
0
0
2.648
1.224
1.224
0
0
1.224
0
0.2
2.448
1.224
0
0
0
0.2
0.2
1.224
1.324
1.224
2.448
1.224
1.424
0.1
1.324
0
0.1
0
0
1.324
1.424
0
1.224
0
1.324
1.224
1.424
0
2.448
1.324
1.224
1.224
0
2.548
1.424
0
1.224
2.448
0
2.648
0
1.324
1.224
0
1.224
1.224
0
0
2.548
0.1
0
1.224
1.224
0
2.548
1.424
1.224
0.3
0
0
0.2
0
2.448
0
1.224
2.448
0
0.1
2.448
1.224
1.324
2.448
1.324
1.224
0
0
0
0
0
1.224
2.448
1.224
1.624
0
0
1.224
2.448
1.224
0
1.224
0.1
2.548
1.324
0
0
1.424
0
1.224
2.448
0
0
0
0
0.1
1.224
0
1.324
0
1.224
1.824
1.324
1.224
0
1.424
1.224
0
0
0
0
2.448
0
1.224
0
1.224
0
2.448
1.224
0
1.224
2.448
1.324
0
1.224
1.224
1.324
0
1.224
1.224
0
2.548
0
2.548
1.624
0.1
1.224
2.448
1.324
0
1.224
0
1.324
1.824
2.548
0
1.224
0.1
0
0
1.324
0
2.448
1.224
0
1.224
1.224
2.448
1.224
2.448
1.224
0
1.224
0
2.448
1.224
2.448
0
1.224
1.224
0
0
0
2.548
0
0
0.1
1.224
1.224
1.224
1.224
0
1.224
0
0
0
2.448
1.224
1.224
0
1.224
1.224
0
2.448
0
1.224
1.324
1.224
0
1.224
1.324
0
0
0
0
0
0.2
2.448
0
0
0
1.324
0
1.224
1.224
2.448
1.224
1.224
0
1.324
0.4
0
0.1
1.224
2.448
0
0
1.224
0.1
0
1.224
0
2.448
0
1.224
2.448
0
0
2.448
1.324
1.224
0
0
0.1
0
0
1.224
0
0.1
2.748
0.1
0
0
1.424
1.224
0
0
0
2.448
0
1.324
0
1.424
0.2
2.448
2.648
2.748
0
1.224
2.448
1.224
0.1
1.224
1.924
1.224
2.548
1.224
0
0
2.548
1.224
2.448
1.324
2.448
2.448
0
0
0
1.224
0
1.224
0
1.224
1.224
1.224
1.324
1.824
1.224
1.224
0
0
0
1.224
2.448
1.324
0.2
2.548
2.548
1.224
2.748
2.448
1.224
0.1
0
0
2.548
2.448
2.448
1.224
0.1
0
0
0.1
0
1.324
0
0
0
1.224
0.1
1.224
1.324
0.1
0
1.224
1.224
1.424
0
0
0
1.424
1.324
1.224
1.224
1.224
1.224
0.1
1.224
2.448
0
0
0
1.224
0
0
0
1.924
0
0.2
0
1.224
0
0
1.224
0.3
0
0.2
0
0
0.1
0
0
0
0
0
0.1
2.448
0
3.448
0
0
0
0
0
0
0
1.224
1.224
0
0
1.224
2.748
0
0.1
0
1.424
1.324
1.224
0
0
0
0.6
0.1
0
0
0.1
1.924
1.324
1.424
0
0
0
0.3
1.224
0
0
1.224
0.1
0
0.1
0
0.1
1.224
0
0
0.1
1.224
0
0.2
0
0
1.324
0.1
1.224
0
0
1.224
0
0
1.224
0
1.324
0.1
0.1
2.448
0
0
1.224
0
0
1.324
0
0
0
1.224
0
0.2
0
1.224
0.1
0
0
0
0
0.1
0.2
0
0.1
0
1.224
0
0
0
0
0
0.1
0
0.1
0
0
0
0
0
0
0
0
0
0
0
1.224
0
1.324
1.224
0
0
0
0
0
0
0
0
1.224
0
0.2
0.1
0
0
0
0
2.548
0.1
0
0
0
0
0
0.1
0
0
0.1
0
0.1
1.224
0
1.924
0
1.224
2.448
1.324
0
0
1.324
0
0
1.224
1.224
0
0
0
0
0
0
0.1
1.724
0
0.2
1.224
0
0
0
0
0
0.2
1.424
0
0
0.5
0
0.1
0
0
0
0
0
0
0.1
0.1
0
0
0
0.1
0
0
0
0
1.224
1.224
0
0
0
0.1
0
0
0
0
1.324
0
0
0
0
0
0.2
0
0.1
0
1.324
1.224
1.224
0
0.7
1.424
1.224
0
0.2
1.224
0
0
0
0
1.224
0
0
0
0.1
0
0
0
0.1
0
0.1
0
1.224
0
0
0
0
0
0
1.224
0
0
0
0
0
0
0.1
0
0
0
0
0.1
0
1.224
1.224
0
0
0
1.224
0
0.1
0
0
0
0
1.624
1.324
1.224
0.1
0
0.1
0
0
0.1
1.524
1.224
0
1.224
0
0
0
0
0
0.1
0
0
0
0
0.1
2.448
0
0
0
0
0.3
0
0
0
0
0
0
0
0
0
0
1.224
0.1
0.1
1.224
0
0
0
1.324
1.224
0.1
0.3
0
1.324
1.224
1.224
0
0
1.224
0
0
0
0.1
1.224
0
0
0
0
0.1
0
0
0
0
0
0
1.224
2.448
0
0
0
1.224
0
0
0
1.224
1.224
0
0
0
0
0
0.1
1.224
0.3
0.1
0
1.224
0
1.224
0.1
0.1
0
0
0
0
0
0
1.224
1.224
0
0
0.1
0
0
1.224
0.1
1.224
0
1.424
0
0
0
0
0
0
0
0
1.224
0
0
0
0.1
0.1
0
0
0
0
1.224
0
1.424
0
0
1.524
0
0
0.1
0
0
1.224
0
1.324
1.224
0
0
1.324
0
1.224
0
0
0
0.2
0
0
0
0.1
0
0.1
0
0
0
0
0.1
0
0
1.224
0
0
1.224
0
0
0
0
0
0
0
0
0
0
0
0
0
0.1
0
0
0
1.324
0
0
0
0
0
0.1
0
0
0
0
0
0.1
0
0
0
0
0
1.224
0
1.224
0
0.4
0
0
0
1.424
0
0
0.1
0
0
0
1.224
0
1.224
1.224
0
0
1.624
0
0
0
0
1.224
0
0
0
1.224
0
0
1.324
0
0
2.448
0
0
1.224
0
0
1.224
0
0
0
0
0
0
0
0
1.324
0
1.324
0
0
0.1
1.324
0.1
0
0
1.224
0
1.324
0
0
0
1.224
0
0
0
1.224
0
0
1.224
0
0
0.1
1.224
0
0
0
0
0
0
0
0
0
1.224
0
0.2
0
0
0.3
0
0
0
1.224
0
0
1.224
2.448
1.324
0
0
1.224
1.224
0
0
0
1.224
0
0
0
0
0.1
1.224
0.1
0.1
0
0
1.224
0.1
0.2
1.224
0
0
1.624
0
0
1.224
0.1
0
0
0
0
0
1.224
1.224
0
1.224
2.548
0
0.1
1.324
0
0
1.324
0
1.424
0
0
1.324
1.224
1.224
0
0.1
0
0
0.1
0
0
0
1.624
0
0
0
2.548
0.2
1.324
1.524
0
0
0
0
1.324
0
0.1
0.1
0.1
0
0.1
0.1
0
1.724
0
0
0
0
0
0
0
0
0
0
1.224
0
0.1
0
0
0.3
1.424
0
0
0
0.5
0
0
0
0
0
0
0.1
0
0
0
0
0.1
0
0.1
0
0
0
0
0
0
0
1.224
0
0
1.324
1.224
0
0
0
0
0
0
0
0
0
0
0.1
0
0
0
0
0
0
1.224
1.224
0
0
0
0
1.224
0.1
1.324
0
0
2.448
1.224
0
0
1.424
0.3
0
0.3
1.224
0
0
0
0
2.448
0
0
2.848
0
2.548
0
2.448
0
1.424
0
3.248
0.1
0
0
1.624
0.1
0.6
0.1
0
0.2
1.224
2.448
0
0
0
1.224
1.424
1.224
0
0
2.448
0
2.448
0
1.224
1.224
0.1
1.224
1.224
2.648
0
1.224
1.224
2.448
0
0
1.224
0.1
2.648
1.224
1.224
0
1.224
1.224
0
0.2
2.748
1.224
0
0
0
0
0
0
1.224
1.224
0.1
1.224
0
1.624
1.224
0
1.224
2.448
1.224
0
2.548
1.224
0
0
0
0
0.9
0.1
0
0
3.148
0.1
