0.2
1.624
0.6
1.524
0.1
0.1
1.224
1.224
0
1.224
1.224
0
0
1.824
1.824
1.424
0
1.224
1.324
1.324
0.2
0
0
1.224
1.224
1.424
1.324
0.2
1.224
0
1.224
0
0.8
0
0.1
0.1
0
0
0.1
0.4
0
0.4
0
0
0
0
0.3
0.2
0.1
0
0
0
0.2
0
0
0.1
0.1
0.2
0
0.3
1
0.3
0.1
1.924
0.1
0.1
0.2
0
0
0.3
0.1
0.4
0
0
1
1.924
0
1.324
0
0.1
0.2
0
0
0
0
0
0
0
0.1
2.024
0.1
0
0
0
0
0.1
0.2
0
1.224
1.324
0.1
0.2
0.5
0
0
0.1
0
0.4
0.1
0
0.1
0
0.1
0
0
0
0
0.1
0
0
1.8
0
1.324
0.3
0.1
0
0.2
0.1
0
0.2
0.2
0.1
0
0.1
0.2
0.4
0
0
0.2
0.3
1.324
1.224
0
0.1
0
0
0.2
0.1
0.1
0
0
0
0.1
0.1
0.6
0.4
0.1
0.1
0.1
0
0
0.2
0
0
0
0.1
0
0
0.1
2.324
0
0.3
0
0.1
0.1
0.1
0
0.1
0
0.1
0.2
0.2
1.424
0
0.2
0.1
0.5
0
0.1
0
1.324
0
0.1
0.1
0
0
0.1
0.2
0
0.6
0.4
0
0
0
0.7
0
0
0.3
0.1
0.2
0
0.3
1.724
0
0
1.4
0
1.824
0
0
0
0.1
0.5
0
0
0
0
0
0.4
0
1.424
1.224
0.1
0
0
0
0.6
0
0
0
0
0.2
0.1
0
0
0
1.224
0
0
2.124
0
0
0
0
0
0
0
0.1
1.324
0.1
0.1
0
1.324
0.1
0.1
0
1.924
0
0
0
0
0.2
0
0
0.3
0.1
0
0.1
0
1.836
0
0
0.1
1.224
0
0
0
0
0
0
0
0
0
0.6
1.224
0
1.936
1.836
2.136
1.836
3.26
1.836
1.936
7.06
3.36
1.836
2.636
2.036
3.16
1.836
1.836
1.836
1.836
3.06
3.06
2.136
1.836
1.836
3.06
1.936
1.836
3.36
1.936
2.036
2.036
1.836
1.836
1.936
3.06
1.836
3.36
3.16
1.836
3.06
3.26
1.836
1.836
3.16
2.236
3.06
1.836
1.836
2.936
1.836
1.836
2.136
2.036
2.036
2.236
1.836
1.936
2.136
2.236
2.636
3.06
1.936
1.836
1.836
3.06
2.236
1.836
3.06
0
0
0
1.224
0
0
1.224
0
0
0.1
0.1
1.224
1.224
0
0.2
1.224
1.324
1.224
1.224
1.724
0
0
1.224
0.4
0
0.1
0
0.1
1.224
1.324
2.124
0
1.324
0
0
0.2
0
1.224
0.1
0.1
0
0
0
0
0
0
0
0
1.924
0.1
0.1
0
1.224
0.1
0.1
1.224
0
0
0.1
1.424
0.1
1.824
0.2
0.1
1.224
0
0
0.1
1.224
0
0
0.1
0.3
1.324
0
0.2
0.3
1.324
1.224
1.324
1.224
0
1.324
0
0
0
0.3
0
1.224
0
1.224
0.3
0
0.1
1.324
0
0.1
1.624
0.1
0
0
0
1.224
0
0.1
0.9
0.4
1.224
0.4
0.5
0
0.1
1.324
0.3
1.624
0
0.1
0.2
0
1.224
0
0.2
1.424
0
0
1.524
1.424
0
0
0
0.1
0
0.1
0
1.224
0
0.4
0
1.324
0.1
0
0
1.224
0
0
0.3
1.224
0
0
0.1
0.1
0
0
0
1.224
0
1.324
0
0.6
0
0
0
1.224
0.1
0.2
0
0
0
0
0.2
0.2
0
0.1
0.1
0
0.3
0
0.1
1.524
0
1.424
0.1
1.224
0
0.2
1.524
0
0
0
1.424
0
0.3
0
0
0
0.2
0
0
1.224
0
0
0
0
0.1
0.1
0.1
0.1
1.224
1.224
1.424
0
1.224
0
0
0
0
0.1
0.4
0.2
0
0
1.224
0
0
0
0
1.224
0
1.224
1.224
0
0.2
0
0
0
0
0.1
0
0
1.224
1.224
1.224
0
1.224
1.724
0
1.324
1.224
0
0
0.4
1.224
1.324
0.4
0
0
0.8
1.224
0.1
1.224
0
0.2
0
1.224
1.424
0
0.5
0
1.224
0.1
0.1
0
0
0.1
0
0
0
0
1.224
0.1
1.224
0
0.1
0
0
0.2
1.224
1.224
0
0
0.1
0
0.2
0
1.524
0
1.224
1.224
0.1
0
0.1
0
0
0
0
0.1
0
0
0
0
0.2
0
1.524
0
1.224
1.524
1.424
0.2
0
1.224
0.2
0
0
1.224
0
1.424
0.1
1.524
0
0
0
0
0
0.1
1.324
0.2
0
0
0
0
1.224
0.1
0
0.1
0.1
0.1
0
0.1
1.324
0
0
1.224
0
0
1.224
0.2
1.424
1.324
1.224
0
0
0
0
0
0
0
1.224
0.1
1.624
0
0
0
1.224
0
0
0
0.3
1.224
0.1
0
0.3
0
0.2
0
1.224
0
0
0
0
0
0.1
0.1
0.1
0
0
2.624
0.7
1.524
0.1
1.624
0
0
0.1
0
0
1.224
0
0
0.1
0
0
1.224
0
0
0
1.324
0
0
1.224
1.224
0
0.1
0
0
0
1.424
0
1.624
0.3
0.1
0
1.224
0
0
0.1
0
0.4
0.6
1.324
0
1.224
0.1
0
0
0
0
1.324
0
0
0.1
0
1.224
0
1.224
0
0
0
0
1.224
0
1.224
0
0
1.224
0
0
0
1.224
0
0
0.1
0
1.224
0.1
1.224
0
1.224
0
0
0
1.224
0
0
0
0
0
0
1.224
0
0
0.2
0.1
0
0
0.1
0
0
0
0
0
0.1
1.224
0.1
0.3
0
0.3
0.1
0
0
1.424
0
0
0
0.3
0.7
0.1
0.1
0
1.224
0
0.1
0
0
0
0
0.1
1.324
0
0
1.224
0
0
1.224
0
1.224
0
0
0
0.1
0
0
0
0.1
1.424
0.1
0.1
0
1.224
0
0
0
0.1
1.224
0.1
0.3
0
1.224
0.1
1.224
1.424
1.624
0
0
1.224
0
0.1
0
0.5
0.1
2.024
0.1
0.1
0.2
1.624
0
1.324
0.1
1.224
1.224
0
0
0
0
0
0
0
0
0.1
0
0.1
0.5
0
0.1
0
0
0
1.224
1.324
0.2
0.3
1.324
1.424
0
1.724
1.224
0
0
0
0.1
1.324
1.324
1.524
0.1
0.3
0
0.1
0
0
0.1
0
0
0
0
0
0
0.2
0.1
0
0
0
0.4
0
0
0
0.2
0.2
0
0
0.4
0.2
0.4
1.224
1.324
0
0
0.4
0
0
0
0
2.024
0
0.5
0
0
0
0.3
0
0.1
0.1
0.2
0.1
0.1
0.1
0.1
0
0
0
0
0
1.324
0
2.224
0.2
0.1
0
0
0
0.1
0
1.224
1.224
0
0
1.424
1.424
0.5
0.1
0
1.224
1.224
0
0
0
0.1
1.6
0
0
0
0
2.824
0.1
1.624
0.1
0.1
0.1
0.1
1.224
0
0
0
0.3
0.1
0.2
0
0
1.224
0
0
0.1
0
0
0.3
0
0.2
1.324
0.2
1.224
0
0.1
0.1
0.1
0
1.424
0
0.1
0.1
0.3
1.224
0
0.1
1.324
0
0.5
1.424
0
0
0
1.224
0.3
0.2
0.1
0
0.1
0
0.1
0
0.1
0
0.5
0.1
0
0
1.224
0.2
0
0
0
0
0
0.3
0.2
0
0
0.3
0
0
0
0.1
0
0.1
0.2
0
0
0
1.524
1.324
0
0
0
0
0.1
0
0
0
0
0
0.1
0
0
0
0.2
0
1.224
0.1
0
0.1
0.3
0.3
0
0.6
0.1
0
0.1
0.5
0
0.1
0
2.624
0.3
1.224
1.224
1.324
0.1
0.1
1.324
0.1
0
1.224
1.224
0.5
0
0
0.1
0
0
0
2.124
0
0.5
1.224
0.2
0.1
0.2
0.5
0
0.5
0.1
0
0
1
0
0.2
0.2
0
0.2
0
0
0
0
0.3
0.1
0
0
0.3
0.1
0.2
0.3
0
0
0.1
0.1
0
0
0.1
0
0
0
0
1.324
0
0.1
0.1
0.4
0.1
0.3
0.3
0.1
0
1.424
1.224
1.324
0
1.5
2.324
1.224
0
0.2
1.224
0.1
0
0.1
0.5
0.2
0
0
0
0.2
0
0.1
0.1
0
0.1
0.2
0.3
0
0
0
0
0.1
0.2
0.1
0
0
0.1
0
0
0
0.1
0.4
0.1
0
0
0.1
0
0
1.324
1.224
0
0
0
0.2
0.1
0.2
0
0.1
0
0
1.924
1.824
1.224
0.4
0
0.2
0
0
0.8
1.524
1.224
0
0
0
0
0
0.2
0
0
0
0.2
0
0
0.2
1.224
0
0
0
0.1
0.2
0.1
0
0
0
0.3
0
0
0.1
0
0
0.1
0.1
0.2
1.224
0.2
0.1
0
1.324
1.524
0.1
0.2
0
1.224
1.424
0
0
0
0.1
0
0
0
0
0
0
0.1
0.1
0.2
0.1
0
0.1
0.1
0
0
0.1
0.4
1.324
0.1
0
0
0
0
0
0.1
0.4
1.624
0
0.2
0
0
0
0
0.1
0.3
0.1
0.1
0
0.1
1.324
0.2
0.2
0.1
0
0.1
0.2
0.1
0.1
0.3
1.524
0
0
0.2
0.3
0.5
1.324
0
0
0.1
1.624
0
0
0.3
0
0.1
0
0
0.1
1.224
0
0
0
0.2
0.3
0
0
0
0
1.324
0.1
2.624
0.4
0.1
1.624
0
0.1
0.1
0
0.2
0
0.1
0.1
1.224
0.2
0
1.424
0
0
0.6
0
0
0.5
0.1
0
0.6
0.4
0
0.3
0.2
0.1
0
0
0.1
0
0
0.1
0.2
0
0.1
0
0
0.2
0
0
0
0.1
0
0
0.2
0
0
0
0.3
0.3
0
0.1
1.524
0
0
0
0.1
0
0.9
0.3
0
0
0
0
0
0
0
0.2
0.1
0.1
1.324
0
1.324
0
0.8
0
0
0.2
1.924
0
0
0.1
0.2
0.1
0
0
0
1.224
1.224
0
0.1
2.224
0
0
0
0
0
0.1
0.1
0.1
0.1
0
0
1.224
0.4
0.1
1.324
0
0
0.3
0.1
0
0
0
0
0
0.1
0.3
0
0.1
0.4
1.324
0
1.524
0
0
0
1.324
0
0
0
1.224
0
1.624
0
0.1
0.3
1.224
0
0.4
0.2
0.4
0.1
0
1.224
0
0
0
0
0.2
0.1
0
0
0
0
0
0.1
0
1.224
0.1
0.1
0.1
0.1
0.3
0
0
0.1
0
0
0
0
1.224
1.224
0.1
0
0
0
0
0
0
1.224
0
0
0
0
0
0.1
0
0.5
0
0.1
1.224
0
0.5
0.1
0
0
0.7
0
0
0
0
0
0
0.1
0
0
1.224
0.1
0.2
1.524
1.624
0.2
0.6
0
0
0
1.324
0
1.424
0
0
1.324
1.424
1.224
0.1
0.1
0.1
0
0
0.4
0.1
0
3.024
0.1
0
0.1
1.324
0.3
0.5
2.324
0
0.1
0
0
1.324
0
0.3
0
0
0
0
0
0.2
0.5
0
0.1
0
0
0.2
0
0.3
0
0
0
0.2
0
0.2
0
0.2
0.6
1.624
0.1
0
0
0.3
0
0
0
0.2
0.2
0
0
0
0
0
0
0.3
0.1
0.1
0
0.3
0
0
0
0.1
0.6
0
0
0.1
1.924
0
0
0.1
0.3
0.1
0
0
0.4
0
0
0.1
0.2
0.4
0.2
0.1
0.4
0
0.3
0
0
0
0
0
0
1.224
0.6
1.224
0
0
1.624
1.524
0
0
1.424
0.3
0
1.2
1.324
0.1
0
0
0
1.224
0.1
0
1.624
0
1.424
0
1.324
0
1.224
0
2.424
0
0
0
1.724
0.3
0.7
0.3
0
0.6
0
1.224
0.1
0.1
0
1.224
1.424
0
0
0
1.224
0.1
1.224
0.1
0
0
0
1.324
0
1.524
0
0
0
1.324
0
0
0
0
1.524
0
0
0.1
0
1.224
0
0
1.924
0
0
0
0
0
0
0
0
0
0.2
0
0
0.3
0
0
0
1.224
0.1
0
1.224
1.224
0
0
0
0
1.7
0
0
0.3
2.024
0.3
