1.724
0.3
0.8
0.2
1.524
0.2
0
0
1.524
0
1.424
0
1.424
0.6
0.3
0
1.224
0
0
0.1
0
0
0
0
1.224
0
0
0.2
0.1
0
0.1
0.1
2.124
1.224
1.424
1.524
1.224
1.324
0
1.424
1.424
1.2
0
0
0.1
0
0.3
1.624
1.324
1.424
0
0.1
1.724
1.224
0
0
2.548
1.224
1.224
0.4
1.624
1.324
0
0.5
0.4
1.524
1.224
1.224
0.3
2.024
1.724
2.848
2.848
1.224
1.5
1.724
1.224
0
1.224
1.324
0.6
1.224
0
1.224
0
1.224
1.224
0
0
1.524
1.224
0.1
1.224
1.324
1.224
1.624
1.424
2.448
0
0
0
1.724
1.624
1.224
0
1.324
1.224
0.3
1.424
1.224
2.548
1.224
1.324
1.224
0
0.1
1.324
1.324
1.224
1.224
2.324
0
0
2.848
1.224
1.224
1.324
0.1
0
1.524
1.624
0.1
1.524
0.1
0.3
0.4
0.1
1.324
0.2
0.9
1.224
1.424
1.224
0.2
1.224
1.224
0
1.424
1.424
1.324
0
1.224
1.424
1.224
1.624
1.324
1.424
0
1.524
0
1.324
1.224
1.224
1.224
0.2
1.224
0
2.448
0
1.6
2.448
3.048
1.224
1.324
1.324
0.6
1.224
1.224
0
1.424
1.524
1.524
0
1.424
0.2
1.624
0.5
1.424
1.224
1.224
0.2
1.624
1.424
2.024
1.424
0.3
0
1.224
1.224
0.1
2.748
0
0
1.424
2.724
1.224
1.324
1.524
0.1
1.324
0
1.324
0.1
1.224
1.224
2.024
1.324
1.824
0
1.224
1.224
0
0.6
0
0.1
0.3
0
0
0.3
2.448
0.2
0
1.224
0
0.2
0
2.624
0
0
0.4
0
0.4
0.1
0
1.224
0
1.224
1.224
0
0.3
0
1.224
1.224
1.224
0.1
0
1.224
1.224
0.1
0
0.1
2.448
1.324
0.1
0
2.448
0.4
0
1.324
0
1.224
1.524
1.224
0
1.324
0
0.1
1.224
2.448
4.284
1.224
1.224
1.224
0
1.524
1.424
0.1
0.1
1.324
0
0
0
1.224
1.624
0
0
1.936
1.836
3.06
3.06
1.936
4.284
1.936
2.036
1.936
3.06
3.16
8.984
1.836
4.684
3.26
3.06
3.16
1.836
1.836
1.836
3.06
1.936
1.836
1.936
3.06
1.836
3.36
1.936
3.56
3.06
3.16
1.836
1.836
3.06
2.436
3.16
1.936
2.036
1.936
3.06
1.836
1.936
3.46
3.06
3.06
3.06
3.66
3.06
3.66
1.936
3.16
1.936
2.036
4.284
3.16
4.584
3.76
3.96
1.836
1.936
3.06
3.16
1.936
4.784
3.06
1.836
1.224
1.224
1.224
0
0
1.224
0
0
0
0
0.1
0
0
1.224
1.724
0
0.1
0.3
0
0.3
0
1.224
0
0.1
0
1.524
1.324
0
0
1.224
0.5
1.224
0.4
0
0
1.424
1.224
0
0
0
1.224
1.524
1.224
1.224
1.224
1.224
0.1
0
1.1
0
2.448
0
0.2
1.424
1.324
0
1.324
1.324
0.1
0
0.4
0.4
1.224
0.1
0.1
2.448
0.4
0.2
1.224
2.648
0
0.3
0.1
0.1
1.224
2.748
0
1.524
0.1
0.1
1.224
1.224
0
0
1.224
1.224
0
0
0
0
0
1.424
1.224
1.324
0.1
1.224
0.1
0.6
0.1
1.224
0
0.2
0
1.224
0.2
1.6
0.8
0
0.3
1.824
0
1.324
0.3
0.4
0.3
1.224
0
0
1.224
0
1.224
0.1
0.1
0
1.224
1.424
0.1
1.224
1.224
1.224
0
1.224
0.1
0
0
0
0.3
0
0
1.324
0.4
1.224
0.1
1.224
0
0.2
0
1.224
1.224
1.324
0.2
0
0
1.324
0.3
1.324
0
1.224
2.224
0
2.448
0
0
0.2
1.524
1.224
0
1.224
0
0.3
0.2
1.224
0
1.224
1.224
1.324
0
1.524
0.3
1.224
1.324
1.224
0.1
0.3
0.3
0.3
1.224
1.224
1.224
0
0.1
0.2
1.224
0
0
0.5
0
0
1.324
1.224
1.224
1.224
1.324
1.224
2.748
0.1
1.224
1.224
0
0.1
1.224
0
0
0
0
0
0
1.324
0.5
0
1.224
0
0
0
0
1.224
0
0.1
0.1
0
1.224
0.2
0
2.448
0
0
0
0
2.448
0
1.324
0
0
0
0.5
0
0.1
0
1.224
1.524
0.2
1.224
0.1
0.6
0
0
2.824
0
1.224
0.2
0.1
0
1.324
0
0.1
0.1
1.424
0
0
1.224
1.224
0
1.224
0.1
0
0.2
0
0
0
0
1.224
1.224
0
1.224
1.224
0.3
0
0.1
1.324
1.224
1.224
0.1
0.3
0
0.1
0
0
0.2
0.6
0.1
1.624
0
1.224
1.324
0
0
2.648
1.224
0.1
0.3
0.3
0
1.224
0
1.224
0.1
1.524
0.3
1.224
1.224
0.1
1.224
0
0
0
1.324
0
0.1
0.2
0
0
1.224
0
0.2
1.324
0.1
1.224
0
0
1.224
0
1.324
1.224
0.2
0.1
0.1
0.2
1.224
0.1
2.448
0
0
1.224
1.224
0
0.4
0
0
0.1
0.1
0.1
1.224
1.224
1.224
0
0
0.1
0
0.9
0
0
0
0
0.1
1.224
0
0.1
0
1.324
1.324
0.1
1.624
0.1
0.1
0
1.224
1.324
1.224
1.224
0.3
1.424
1.224
0.1
0
1.224
1.1
1.724
0
0.3
1.524
1.224
1.224
1.224
0
0
0
0
1.424
0.1
1.424
1.224
1.224
0
1.224
0.1
0
0
0
1.224
1.224
0.2
1.424
1.224
0
0
0.2
2.448
0.3
0.4
0.1
0.3
0
1.224
0
1.224
1.224
0.2
1.924
0
1.224
0
0
0
0
1.324
2.448
0.1
0
1.224
0.1
0
0
0.1
0.1
0
0
0
0.2
0
1.324
0
0.1
1.224
0.1
0
1.224
1.224
1.424
1.224
1.324
1.324
0
1.224
0.1
0
1.324
0
1.224
0
1.224
0
0.3
0
1.224
1.224
0
1.224
1.324
1.224
1.324
0.3
0
0
1.224
1.524
1.324
0
0
0
1.224
0
0
0.2
2.024
1.224
1.524
1.224
1.224
1.224
1.224
1.224
0
0
0.4
2.948
1.324
0
0.1
0
0
0.1
0
0.1
1.324
0.1
1.424
0.1
1.224
0
0
0
0
0
1.224
0
1.224
1.324
1.224
1.224
0
1.224
1.224
1.324
0.5
1.424
0
2.448
0.1
0
1.224
1.224
1.624
1.224
1.924
0
0
0.2
2.548
0
0.2
0.4
0
1.224
0
1.224
1.324
1.424
1.724
1.324
1.624
1.524
0.5
1.224
0.1
1.224
1.424
1.424
0
0.1
0
0
0
0
0
1.224
0
0
0.2
0
0.1
1.524
1.224
1.324
1.224
0.2
1.224
1.324
0
0.1
1.424
0
0.1
0
1.624
0
1.224
0
0
0.2
1.324
1.524
1.324
0
1.724
0.1
0
1.224
1.224
1.424
0
0
1.224
1.224
1.224
0
0.2
0.1
0
0.1
0.1
0.2
1.324
1.224
1.224
1.424
0
0
0
0.8
0.1
0.1
1.224
0.1
0
1.324
1.624
0.1
1.224
1.224
0
0.4
0
1.424
0.2
1.324
0
1.424
0
0.1
0.1
0.2
0.2
1.224
1.524
0.3
1.224
1.224
0
1.224
1.224
0.1
1.224
2.124
0
1.324
1.224
1.224
1.224
0.5
1.224
1.224
0
0
0.1
1.224
0.5
1.324
0.1
0.1
1.224
0
0
0
0
0
1.6
0.1
0
1.424
0
0.6
0
0.2
0.1
2.524
1.424
1.324
0
1.224
1.224
0
1.524
1.224
2.024
0
1.324
1.224
1.224
1.324
1.224
0.1
0
1.524
0.2
0.1
0
2.548
1.224
0
1.424
0.3
1.324
1.224
0
1.324
1.224
1.324
1.324
1.224
0
1.224
1.524
1.224
1
0.3
0
1.224
0
0.1
0.3
1.624
0
1.224
1.224
1.224
1.224
1.224
0
0
1.824
1.424
1.224
1.224
0
1.424
0.2
1.224
0
1.224
1.624
1.224
1.424
0.2
0
0.3
0.1
0
1.324
1.524
0
1.324
1.524
0
0
1.224
2.548
2.448
0.2
0
0
1.224
0
1.224
2.448
0
1.224
0
1.524
1.224
1.224
1.224
1.424
0.1
0
0.2
1.324
0.2
0.3
1.524
0
0.8
1.224
1.324
0
1.624
1.324
1.324
1.224
1.1
2.748
0
0
0
0
1.524
1.424
0
0
1.324
1.324
0.1
0.2
1.224
1.224
1.224
2.448
0.3
0.6
0
1.724
0
0.3
1.224
1.324
1.424
0.1
1.524
1.224
0
1.524
2.624
0
1.224
0
1.224
0
0.1
1.224
1.324
1.324
1.924
2.448
1.224
0
1.624
0
0
0.2
0
1.324
0.2
0
0
0
1.324
0
1.224
1.224
0
0
0
1.224
1.224
1.324
0.1
1.324
2.448
2.948
1.424
0.3
0
0.1
0
2.324
0.5
1.224
1.224
1.324
0
1.224
0
1.424
0.3
0.2
1.224
1.224
1.224
2.548
2.448
1.324
1.224
1.324
1.224
0.4
1.524
1.224
1.224
0
1.224
0
1.524
0
0
1.324
1.324
0
1.224
0
0.2
2.648
0.3
1.424
0
2.748
1.424
0
1.424
0
0
0
0
0.2
1.224
1.624
1.224
2.024
1.224
1.324
1.924
0.8
1.224
1.824
0
1.524
1.224
0
1.624
0.2
1.224
2.448
0
1.224
1.224
0
1.224
1.224
1.424
2.448
0.1
1.624
0
1.524
1.224
0
0
1.224
0.1
1.824
1.224
1.624
1.224
1.224
1.424
1.424
0.1
1.324
0.1
1.224
1.224
1.624
1.224
0
1.224
1.224
0.2
1.424
0.2
1.424
1.424
1.424
0
0.1
0
0
1.224
1.324
0.1
0.2
0
1.324
1.224
0.1
0.2
0.1
0
1.324
0.1
1.724
1.324
1.224
1.224
0
1.324
0
1.224
0
0
1.224
1.224
0
2.548
1.324
0
1.224
1.424
1.224
1.324
1.224
1.424
0
1.224
1.224
0
1.224
0.1
1.224
0.2
1.424
1.324
2.448
1.224
1.224
1.424
0.1
1.324
1.924
1.424
0
1.724
0.5
1.724
0
1.224
1.424
1.224
1.624
1.224
0
0.2
1.324
0
0
1.224
0
0.2
2.548
0
0.1
1.324
1.324
1.224
1.224
1.224
0
1.224
1.224
2.424
0.4
1.324
1.524
0
1.224
1.424
0.2
0
0
0.2
1.324
0
0.2
1.424
0.2
1.224
0
1.624
0
1.224
0.3
1.224
1.324
1.624
1.424
1.224
2.548
0.1
1.324
0
0
2.748
1.224
1.224
0.2
1.224
0.1
1.224
0
2.448
0.4
0
0.2
0
2.848
1.324
1.224
1.324
1.224
1.324
1.324
0.3
0.3
0
1.224
1.324
0
0
0.1
1.224
1.224
2.224
1.324
1.224
1.324
0
1.324
1.224
0
1.324
1.724
1.424
1.424
0
0
1.224
0
1.724
1.324
1.224
0.2
0.6
1.224
2.448
1.324
0
1.224
0
0
0.1
1.324
1.224
0
1.324
2.024
0
1.324
0
1.224
0.2
1.224
0.1
1.424
1.324
0
1.224
1.324
1.724
1.324
0
1.324
1.224
0.2
0.1
1.224
1.424
1.224
2.448
0
0.1
1.424
0
2.848
1.2
1.424
1.424
0
0
0
1.524
0
1.224
0
1.224
0.1
0
0.1
1.224
1.324
1.324
1.324
1.224
1.324
0
1.224
1.924
0
0
1.324
0
1.424
2.548
1.324
1.224
0
0
1.224
1.424
1.324
0.2
1.424
1.224
1.524
1.924
1.224
1.524
1.724
0
1.524
1.324
1.224
1.324
0
1.224
0
0
1.524
1.224
0
1.224
1.224
0.1
1.224
1.224
0
1.224
1.324
0
1.324
0.1
2.448
3.248
1.324
1.424
0
1.624
0.6
1.224
1.224
1.224
0.7
0
0
0.2
0.2
1.224
1.324
0.2
1.224
0
0.3
1.324
1.824
0.3
0.6
0.2
1.924
0.1
1.224
0
0.2
0.2
1.424
0
1.324
1.324
0
0
0.1
1.324
1.224
0
1.524
0.3
1.224
0.1
1.6
1.424
1.224
1.324
0.2
1.724
0.3
0.8
1.224
1.524
0
0
0.2
2.548
1.524
2.024
0
0.2
0
1.224
0.4
2.324
1.224
0
0
1.224
1.424
1.324
1.424
0
1.324
0
0.1
0.1
0.2
1.224
0
1.624
1.224
0.3
1.424
0
1.324
1.224
1.224
1.424
1.324
0.4
1.224
1.324
1.224
1.324
2.548
1.224
2.948
1.324
1.424
1.324
2.124
1.224
1.224
1.224
1.324
0.1
1.224
1.224
1.324
1.624
0
1.324
0
2.848
1.224
0
1.424
0.7
1.424
1.324
1.524
1.424
0.1
0.3
0
0.7
0
1.624
0
1.424
0
0
1.224
0
0.1
0.4
1.224
2.748
1.224
0.1
2.324
1.424
1.224
1.224
1.624
1.224
0.8
0.1
1.224
1.224
1.224
1.224
0
1.224
0
0.3
0.2
0.1
1.224
0.1
1.324
0
1.224
1.7
0
1.224
0
0.4
0.4
3.648
0.6
2.448
2.124
0.1
0
1.324
0
0
0.1
0.1
1.224
2.548
0.1
0
1.324
1.224
0
0
0.1
0
0.2
0
1.224
0.2
0
0.1
0
1.224
1.224
0
1.224
1.424
0.1
0
1.324
1.224
0
0
0
0.2
1.224
1.224
1.524
1.224
1.224
1.224
0
0
1.224
0
0
1.424
1.424
0.1
1.324
1.224
1.224
1.224
1.424
0.1
1.224
1.224
1.224
1.224
0
3.024
1.324
1.224
1.524
0.4
1.424
