0.1
0.1
2.024
3.66
2.448
0.1
0.1
1.224
0
0
0.2
0
1.224
0.3
0.3
0
1.224
1.224
1.224
1.224
0
0.1
1.224
1.224
1.936
1.224
1.224
1.424
1.224
1.224
1.224
0
0.7
0
1.324
0.1
0
0
0
0.4
0.1
0.1
0
0
0.1
0
0
1.324
0.3
0
0
0.1
0.3
1.324
0
1.224
1.224
1.224
0
0.4
1.324
1.324
0
1.824
0.2
0.2
1.224
1.324
0.2
1.524
0.1
1.224
1.324
0
0.3
0.4
1.224
0.4
1.224
0
1.624
1.224
0
1.224
0
1.224
1.224
0
1.224
2.648
0
1.224
1.224
1.224
1.224
0.1
0.1
1.224
1.224
1.224
0
1.224
1.424
0
3.06
0
0
0.5
1.224
0
1.424
1.224
0
1.224
0
0.2
0
2.448
0
0
1.824
0
1.224
1.224
1.324
0
0.1
0
0
1.324
0
0
1.224
0
0
0
0.1
1.224
0
0.2
0.1
2.448
1.224
0.1
1.224
1.224
0.1
1.324
0.1
1.224
0
0
0.2
0
0.3
0.2
1.324
0.1
0
0.1
0
1.224
0
1.224
0.1
1.224
1.224
1.224
0
2.024
1.224
1.324
1.324
0
1.224
1.424
1.324
1.224
0.1
0.2
0.1
1.524
0
2.448
0
2.548
0.5
1.224
1.324
2.448
0.3
0
0.1
1.324
1.224
0
0
0.2
0
1.424
1.424
1.224
0
1.424
0.7
1.224
0
0.1
1.224
1.224
1.224
0
1.324
1.224
0
1.724
0
1.324
0
1.224
1.224
1.224
0.8
1.224
1.224
0.2
0
0
1.224
1.224
1.324
1.224
1.224
1.836
3.26
0
2.848
0.1
0
0
1.836
0.2
2.436
0
1.224
1.224
1.224
2.448
0
2.636
0
1.224
1.224
1.224
1.224
0
1.324
1.224
1.324
0
3.06
1.224
0.1
0.1
1.224
1.224
0.4
1.224
0
1.224
0
0.1
0.1
1.224
1.524
0
1.224
1.224
1.224
3.06
2.448
1.224
2.648
1.224
2.448
0
0.1
0
1.324
0
0
1.224
1.224
1.524
0
0
3.06
1.836
3.16
1.836
3.16
3.06
1.936
1.836
1.936
3.06
3.06
3.26
3.06
3.06
8.92
3.06
3.16
3.06
3.06
3.16
1.836
1.836
1.836
1.836
1.836
1.836
2.136
2.236
3.16
1.836
3.06
3.06
1.936
3.06
3.06
4.284
3.06
3.672
4.072
3.06
1.836
1.836
2.136
1.836
3.06
1.836
3.56
3.06
1.836
3.772
1.836
4.896
2.036
3.06
1.836
3.36
3.36
3.46
3.06
3.672
1.836
3.06
3.06
3.36
2.036
1.836
0
0
1.324
0
3.06
1.224
1.836
1.224
1.224
0
3.16
1.836
1.224
1.224
2.748
0
0
0
1.324
1.624
1.224
1.224
1.224
0.2
1.224
0.1
0
1.836
0
1.224
3.76
2.448
3.36
0
0
0.3
0
1.224
1.224
3.06
0
1.324
1.224
0
2.448
2.448
1.936
1.224
0.7
0.2
2.548
0
1.224
1.424
0
1.224
2.448
1.224
0
1.324
0.2
1.424
0
1.836
1.224
1.224
2.636
3.46
4.484
1.224
1.936
2.136
3.16
1.224
0
1.524
0.1
1.324
3.06
1.324
2.448
1.224
1.224
3.06
2.448
1.224
2.236
0
1.224
0.1
1.224
1.324
1.324
0
0
2.448
1.836
3.56
0.2
1.224
0
1.936
3.06
1.224
0.1
0.6
0.3
1.224
0.2
0.3
0.1
3.06
1.324
0.1
1.424
2.448
0.1
1.324
1.224
0
0
0
1.524
0
2.448
3.26
1.224
1.224
0
2.448
3.16
4.384
0
0
1.224
0
1.624
1.224
0
1.324
2.236
0
1.936
1.224
3.06
3.26
1.224
1.224
0
2.448
1.224
0
1.224
4.384
1.224
0.1
3.06
1.224
1.424
0
1.224
1.836
1.224
1.324
3.76
1.224
1.224
0
1.224
1.324
1.524
0
0
2.448
0
0
0
0.1
1.224
1.224
2.448
0.1
3.16
0
3.16
1.524
1.224
0
0
0
3.16
0.1
0
1.836
0
1.324
0
0
2.548
0
1.224
1.224
1.424
0
1.324
2.036
0.1
1.224
0
0.1
1.224
3.06
0
0
1.224
0
0
0.1
0.1
1.224
1.224
0
0
0
1.224
0
1.224
1.836
0
1.324
1.224
2.636
0
1.224
0
0
0
1.224
1.224
1.324
2.548
0
1.224
1.324
1.424
0
1.224
1.224
0
2.448
2.536
1.224
0
2.536
0
1.836
0.5
1.324
1.224
1.324
1.836
0
3.26
1.224
3.36
3.06
1.424
1.836
1.936
3.16
2.036
1.936
1.224
1.324
3.06
1.224
1.936
1.936
1.524
3.06
0
1.224
1.836
1.224
0
1.936
1.324
2.136
1.224
0
0
2.036
0
1.224
0.1
3.16
1.224
0
1.724
1.836
1.424
1.836
1.224
1.224
0
3.06
2.548
0
1.224
0.1
1.224
1.224
3.16
0
2.448
0
2.036
1.224
1.836
3.06
1.524
0
3.06
1.224
0
2.548
1.836
0.1
1.224
1.836
1.224
2.448
0
1.836
2.448
0
1.224
1.224
1.224
2.036
1.324
2.548
2.448
0.5
0.2
0
1.936
0
3.06
1.224
1.224
1.224
1.224
0
1.224
1.324
0
1.224
0
1.224
1.936
1.224
0
1.836
0
1.224
3.06
1.224
0.3
0
1.836
3.16
1.224
3.16
1.224
3.16
2.036
1.224
1.324
3.36
0.3
2.448
0
1.324
1.324
3.06
1.936
1.224
0
1.936
2.748
1.224
1.224
0
2.548
0.7
1.724
0.4
0.1
1.224
2.448
1.224
0
0
0
1.224
0.1
2.448
0.2
1.424
0
2.448
1.224
0
1.224
1.224
1.224
0
1.936
1.936
1.324
0
2.448
3.16
0
1.224
1.224
1.424
1.524
0.1
3.16
1.224
2.848
1.836
1.224
1.324
1.224
2.648
1.224
0
1.836
0
0
0
2.448
1.224
3.36
1.224
0
1.324
3.06
3.06
1.224
1.224
1.224
0
1.224
0
1.224
2.648
3.06
1.936
2.448
0
0
0
0
1.224
1.224
1.324
3.26
3.06
0
3.16
0
0
0
0
1.836
1.224
1.224
1.224
1.224
1.224
2.448
1.224
0
2.448
1.224
2.448
1.324
1.224
1.836
1.224
2.748
1.224
0
0
0
0.1
0.1
1.224
0.3
0.2
0
2.648
1.224
1.324
2.448
1.324
2.448
3.06
0
3.36
3.96
1.836
0
3.16
1.224
1.836
0
1.224
0
1.836
1.224
0
1.324
1.836
1.424
1.224
0.1
1.836
1.324
2.448
0
1.224
1.224
0
0
1.936
2.548
1.224
1.224
1.624
3.26
0
1.224
0.1
3.06
0
1.224
0
2.548
0.1
1.224
0
0.5
1.324
1.224
3.26
3.56
0
2.448
3.06
2.548
0.2
2.448
1.424
2.448
2.848
2.448
0.1
1.224
3.06
2.448
2.548
2.448
1.324
1.224
0
0
0
3.06
0
2.448
0
3.06
3.16
3.06
1.224
2.648
2.448
2.448
1.224
0
0
1.836
1.224
3.16
1.924
3.06
1.224
1.224
2.748
1.324
2.448
1.836
0
1.836
2.448
2.548
2.548
1.224
0.3
0
0
1.424
1.324
2.448
0
1.936
1.224
2.448
1.224
1.224
1.524
0
0
1.224
1.224
1.224
1.224
1.836
1.836
2.548
3.26
1.224
1.224
1.824
1.324
2.136
0
1.224
0
1.224
1.424
3.16
1.224
1.224
1.836
0.4
0
1.324
0
1.224
1.836
1.524
1.224
0.2
0
0.1
0
0
1.224
0.1
1.224
0
0
0
0
1.224
0
2.948
0
0
0
0.1
1.224
0
1.224
1.324
0
0.1
0
0.1
1.324
1.324
2.036
0
0
0
1.224
0
0
0.2
0.9
0
0
0
0
0.4
1.224
0
0
0.3
0
1.224
1.836
0
1.224
1.224
0.2
0.1
0.1
0
0.1
0
1.224
0.1
1.224
1.224
0
0.4
0
0.3
0
1.224
0
0
1.424
1.324
1.324
1.224
0.1
1.224
2.548
0
0.4
2.448
0
0
0.1
0
0.3
0.1
0.1
1.224
0
1.836
0.5
1.324
0
2.448
0
1.324
1.224
1.224
0
0
1.524
0.1
0
1.224
0
1.224
0
0
0
1.224
1.324
1.224
0.1
0
0
0.3
0
0.1
1.224
1.324
0
0.1
0
0
1.224
0
1.524
1.524
0
0
0
1.224
0
1.224
1.224
0
2.448
0
0.2
1.224
0
1.324
0.3
0
1.224
0.1
0
0.1
0
0.1
0
0.1
0
0
0
0.2
1.224
2.748
1.224
0.5
1.524
0.1
1.224
0
1.836
0.1
0.2
0
0
0
0
0
0.1
1.224
0
1.224
1.224
0
0.4
0
0
0
0
1.424
1.224
0.2
0.1
1.324
1.324
0
0
1.924
0
0
0
1.224
0.1
0
1.224
1.224
0.2
0.2
1.324
0
0
0.2
0.1
0
0
0
2.548
1.324
0
0
0.1
0.1
0
0
0
0
0.2
0
1.324
1.224
1.524
0.1
0.2
1.424
1.224
0
0.1
0
0
0
1.824
0.3
0
1.224
1.324
0
1.224
0
1.224
0.1
1.224
0
1.224
0.1
1.324
1.224
0.1
1.224
0.1
0
0
1.624
2.448
0.1
0
1.224
0
0.2
0
1.224
1.224
0.1
0.1
1.224
0
0
1.324
0.1
0
0.1
1.224
1.224
0
0
0.1
0
0
0
1.324
1.324
0.1
0
0
0
0
0.2
0.6
0
1.224
0
1.624
1.224
0
0.6
0
0.1
1.224
1.224
1.224
1.224
0
1.524
0
1.224
1.224
0.3
0
0
0.1
2.448
0
0
1.224
0.3
0.2
1.224
0.1
0
1.224
0.2
0
0
1.324
0.1
0
2.448
0
1.424
0.1
0
0.1
0.1
0.1
0.1
0.1
0.1
1.224
0
0.2
1.224
0.1
1.224
2.548
0.1
0
0
0
2.448
0
0
0.1
0
0.1
0
0.2
1.224
1.224
1.324
0
1.324
1.224
0
0
0
2.548
0
0
1.424
1.324
0
1.224
1.324
0.1
1.224
0
1.224
1.224
0.2
1.324
2.036
2.448
0
0
0
0.2
0
1.224
0
1.936
0.1
0
1.424
0.2
1.224
0
0.3
0.1
0.3
0.2
0
2.648
1.224
0.3
0
0
0
0.1
0
0
1.224
0
0
1.224
0
0
0
0
0
0
0
0
0.1
0.2
0.9
0.2
1.324
0.3
0
1.324
1.224
0.1
0.1
1.324
0.1
2.548
0
0
0
0
0
1.224
1.524
0
0
0.4
0
1.224
1.424
1.224
1.224
1.524
0
0.1
0
0
1.724
1.224
1.224
1.224
0.2
0
2.548
0
1.224
0
0.1
0
0
1.224
1.224
0
1.224
0
1.224
0
0.2
0.2
0
0
0.1
0
0
0
1.224
1.224
0.4
0
1.224
0
0
0.1
0
0.1
0
1.324
1.224
1.224
0
0
0.1
0
1.524
0.1
1.224
0.1
0.3
1.224
1.224
0.1
0
0
0
1.224
2.136
0.2
0
0
1.224
0.3
0
0.1
0
1.224
1.224
0.1
0
1.424
2.548
0
1.224
0
0.2
1.224
1.224
0.1
1.224
1.324
0
0
2.448
1.324
1.224
0
0.1
0
0
1.324
0.3
0.1
0
0
0
0
0.1
0
1.224
0
0
0
0.1
0.1
1.224
1.224
1.324
0
0
0.1
0
2.448
0.1
0
0
0
0
1.324
2.548
1.424
1.224
0
0
0
0
0
0.3
0.1
0
0
0
0.2
1.224
0.3
0
0.2
1.224
2.448
0
0
1.424
1.224
0.1
0.1
0
1.224
2.448
0
0
1.324
1.224
0.2
1.224
1.224
0
0
1.324
1.224
1.524
1.224
1.324
0
1.424
0.3
2.448
1.224
1.324
1.324
0
2.036
1.224
0.1
0
0.1
0.2
0.2
0
0.2
1.324
0
0.1
1.324
0
0.3
1.224
0
0
0
0
0
0.1
1.224
0.1
0
0
0
0
0
0
0.3
0.3
0
0
1.1
0
0.1
0
1.324
1.324
1.624
0.3
0
0.1
0.1
0
0.2
1.224
1.324
0.3
0
2.536
0.4
0.1
0
2.748
0
0.1
0
1.324
0.4
0
0.4
0
0
0
1.524
0
0.2
0
0
1.324
0.3
0.1
1.224
0
1.324
1.224
0
0
0.2
0.3
0
0
0
0
1.224
1.324
1.324
0
1.224
0.2
0.2
0
0
1.224
0
0.1
2.448
0.1
0.1
0.6
1.224
0
0
1.424
1.224
0
0
0.2
1.224
1.324
0
1.424
0.2
0.2
0
0.4
0
1.324
1.224
1.324
1.836
0
1.224
0
0
0
1.224
1.324
0
1.224
0.3
0
0
0.1
0.3
1.224
0.3
0.1
0
0
1.224
1.224
3.06
0
0
1.324
2.036
1.224
1.224
1.224
1.836
0
0
2.624
0.4
1.224
1.836
0.4
2.036
1.424
0.1
1.224
0.6
1.624
1.224
0
0.1
1.836
1.836
1.836
2.448
1.224
0
1.224
0
2.448
1.936
1.224
1.224
0.1
0.1
1.224
2.448
2.036
1.324
1.224
1.224
1.224
0
1.224
0
2.848
1.224
1.224
0
2.448
0
0
0
3.56
1.224
0.1
0
0
1.224
1.224
1.936
1.224
2.648
0
3.06
0.2
1.224
1.224
1.224
2.448
2.448
2.548
1.224
1.224
3.06
1.224
0
1.224
0.1
0.6
0
0
0.2
1.624
0.3
