1.324
0.1
1.224
0
1.424
0
0
0
0.1
0
0
1.324
0.1
0.2
0.1
0
0
0
0
0
1.224
1.324
0
0
0
0
1.224
0.1
1.224
0.1
0
1.424
0.2
0
0
0.2
0
0.1
0
0.3
0
2.548
0
0.2
0
1.224
1.224
0.3
0.2
1.324
1.224
0
1.324
0
0
0
0
0.1
0.2
1.224
0.1
0.1
0.1
0.3
1.424
0.1
0
0
1.224
0.5
0.2
1.224
0.1
0
3.048
0.5
0
0
0.1
0
1.424
0
1.224
0.1
0
0
0
0
0
0.3
0.1
0.2
1.224
0
0
1.224
1.324
0
0
0
0
0.2
0.4
0
1.224
0
1.224
0.1
0
0.1
1.224
1.224
0
1.224
0
0.1
1.224
0.1
0
0
0.8
0
0
0
0.1
0
0
1.224
0.1
1.524
1.224
0
0
0
2.548
0.1
1.224
1.424
1.224
1.324
0.1
0.1
0
1.324
0
0
1.324
0
0
0
1.324
0
0.1
1.224
0.2
0
1.224
0
1.724
0.1
0
0
0
1.224
1.224
0
0
0
1.224
0.8
0
0.5
2.448
0
2.448
1.324
0
0
1.224
0
0
1.224
0
1.224
1.324
1.324
1.424
1.224
0
1.224
0
1.224
0
1.324
1.324
1.324
1.224
1.324
0
0.3
0
0
1.224
0
0.3
0
0
1.224
1.224
0.1
1.224
0.1
0
0
0
1.924
0
1.424
0
0
0
1.224
1.524
1.224
1.224
1.424
1.224
1.224
1.624
1.224
1.324
1.224
1.324
0
1.224
0
2.624
1.224
1.224
1.624
0
1.524
1.224
0.1
1.224
0
1.224
0.1
1.324
0.1
0
0
0.1
0
0
1.224
0
0.1
1.224
1.524
1.424
0
0
0.4
1.224
0
0.1
1.224
0
1.224
0
0
0
1.224
0.1
0
1.224
0.1
2.448
3.06
1.224
0
1.424
1.224
1.424
0
1.224
1.224
1.324
1.224
1.224
1.224
0
0.3
0
1.324
1.836
3.06
1.936
3.06
1.836
3.16
2.036
1.936
1.836
1.836
2.036
1.936
1.836
1.936
1.836
1.836
3.06
1.836
1.836
3.16
1.836
4.284
1.836
6.484
3.06
1.836
3.36
3.16
2.036
1.836
1.836
1.836
1.836
1.836
2.236
1.836
1.936
3.16
3.16
1.836
1.836
1.836
3.56
1.836
3.16
3.06
2.036
3.16
2.036
3.06
3.36
3.36
3.56
3.26
4.384
3.16
2.336
3.96
1.936
1.936
1.836
3.06
1.936
3.26
3.16
1.836
1.224
1.324
1.224
0
0
1.224
0
1.224
1.224
1.224
0
1.324
0
0
0.6
0
0
0.2
1.224
1.324
0.1
0
0
0
1.224
1.324
0
0
0
1.224
0.4
0
0
1.224
0
0
0
0
1.424
1.224
0
1.624
1.224
1.224
1.324
1.224
1.224
1.224
0.2
1.324
0
0
0
0.1
0
0
1.524
0.4
1.224
1.224
1.224
0
1.324
1.224
0
1.224
1.324
1.324
0
1.224
1.224
0
1.224
0
0
1.524
1.224
1.524
1.224
1.224
0
1.224
0.1
1.224
0
1.224
1.224
1.324
0
0
0
1.224
0
0.1
0
0.1
1.224
1.324
1.224
1.424
1.224
0.2
1.224
0.2
0.1
2.124
1.724
0
1.424
0.1
0
0
1.324
1.424
0.2
0
0.3
0
1.224
0
0
0.1
0
0
1.224
0.2
0
1.224
0.1
0
1.224
1.224
0
0
0
1.224
1.224
1.224
0
1.324
0
1.224
0
1.224
1.224
0.3
0
0
0
1.524
1.224
1.224
1.224
1.224
0
1.224
1.224
0
1.824
1.224
0
1.224
0
1.324
1.624
1.224
0
0
1.224
1.724
1.524
1.424
0
1.224
1.324
0.1
1.224
0.3
0.1
1.224
0
0
0
1.324
1.224
1.224
1.424
0
0
0
1.224
1.224
0
0.1
1.224
1.224
1.224
0
0.1
0
0
0
1.224
1.224
0.1
1.224
1.224
1.224
1.224
0.1
1.224
0
1.224
0
0
1.224
1.224
0.3
1.424
0
1.224
0
0.1
1.224
1.224
0.1
0
1.224
1.324
1.224
1.224
0
0
0
1.224
1.424
0
1.224
0
0
0
0
1.224
0
1.324
1.424
0
0
0
0.1
1.324
0
0
0
0.2
0
0.6
1.224
1.224
0
0
0
1.224
0
0
1.424
1.224
0
0
1.324
0
1.224
1.224
0
1.224
0.1
0
1.224
0
1.224
0
0
2.448
0
1.224
0
0
1.224
1.224
0
0
0.1
1.424
1.224
1.224
1.324
0
0.1
1.524
0
1.524
1.224
0
1.224
0.1
0
1.224
0
1.224
1.224
1.324
1.324
1.324
0
1.224
1.224
1.324
1.524
0
0.1
0
0
1.224
0
1.224
1.224
1.224
0
1.424
0
0
0.1
1.224
0
0
0.2
1.224
1.224
1.224
1.424
0
0.1
2.448
0
0
1.424
1.224
0.1
1.224
0
1.224
0
0
1.424
0
1.724
1.224
0.1
0
1.424
1.424
0
0
0
0
0.1
1.224
0.2
2.124
1.224
0
1.324
0
1.224
1.224
1.224
1.224
0
2.748
0
1.424
1.224
1.224
1.224
1.224
1.224
1.224
0
0.1
1.224
0.1
1.324
1.224
1.324
1.224
0.8
1.224
0
1.324
0
1.324
1.224
0
1.224
1.224
0
1.224
0
1.424
1.224
0
0
0
0
1.224
1.224
1.224
0
1.224
1.224
1.224
0
0.1
1.224
1.424
0
0
0.1
0.2
1.224
1.424
0
0
0
2.548
0
0.2
0.7
1.224
1.224
1.224
1.224
1.224
0
1.524
0
1.324
1.224
1.224
2.548
1.224
1.224
1.324
0
0
1.224
1.224
1.224
0.1
1.224
1.224
0
1.224
0
0.1
1.224
0.1
1.224
0
0
1.224
1.224
0
1.224
0
0
0
0
0.1
0.1
0
1.324
1.224
1.324
1.224
0
0
0
1.224
0
1.524
1.224
0
1.224
1.324
1.224
0.1
1.324
1.224
1.224
1.224
0
1.324
0.1
1.224
1.624
1.224
2.448
2.448
0
1.224
1.324
1.324
1.324
0
0.1
0
1.224
0
1.224
1.224
0
1.224
1.224
0
1.324
0
1.324
1.224
1.224
0
0
0
0
0
0
1.224
0
0.1
0
0.1
0
0.1
0
1.324
1.224
0
0
0
1.224
0
1.224
1.224
0.1
2.548
1.224
0
0
0
1.424
1.324
1.324
1.224
0
1.224
1.224
1.224
2.648
0.1
1.324
1.424
1.324
0.1
1.224
1.224
0.4
1.224
1.324
1.224
1.224
1.224
1.224
1.224
1.324
1.324
1.324
1.224
1.224
1.224
1.324
0.2
0
1.224
0
0
1.224
0
0
0
1.324
1.224
1.224
1.324
0.2
0
0
1.224
1.224
1.224
0.1
0.1
0.2
1.224
1.424
2.448
1.224
1.224
1.224
0.2
1.224
1.224
1.224
1.224
0
1.224
1.424
1.224
1.324
1.324
1.224
1.524
1.224
0
0
1.324
0.2
0
1.224
1.624
1.324
0
1.224
0
1.224
0.1
1.424
1.424
0.1
1.224
0
0.2
0
1.524
0
1.224
1.224
1.424
1.224
0.5
0
1.624
1.324
0
0.3
1.424
0
0
1.224
0
0
0
0
0.4
1.224
0
1.224
1.224
1.224
1.624
0
0
0
1.224
1.224
0
0
1.524
0
1.224
0
0.1
0
1.224
1.324
1.424
2.024
1.324
1.324
1.324
1.324
0.4
0
0.1
1.224
2.024
1.224
0
0
0
1.224
1.224
1.224
1.324
0.2
1.224
0
0
0.1
0.1
0.1
0
1.224
0.2
1.324
1.224
0
2.548
1.224
1.224
0.1
1.224
1.324
1.224
0
1.224
1.224
1.324
1.324
0
1.224
1.224
0
1.224
1.624
1.224
1.224
0
1.224
1.224
1.424
0.1
1.224
1.224
0.1
0
0
0
1.224
1.224
0.1
1.224
1.224
1.224
0
1.424
1.224
1.324
1.224
0
1.224
1.224
1.224
1.224
1.224
1.524
1.224
1.224
1.224
0.2
1.224
1.224
0
1.224
0
1.224
0
0
1.224
2.448
0.1
0
1.224
1.224
1.224
1.224
0
1.224
0.1
0
1.224
1.224
0.1
1.224
0
1.324
2.448
1.324
1.424
1.224
1.224
0.3
0
1.224
1.224
1.424
1.224
0
1.224
0.2
0.3
0
0
0
1.224
1.524
0
1.324
1.224
1.224
0
1.324
1.224
0
1.224
1.224
1.224
1.224
1.224
1.224
0.1
0
1.224
0.1
0
1.224
1.324
1.424
1.224
1.224
1.224
0.7
1.224
0
2.448
1.224
1.224
1.224
0
0.1
0
1.324
0
0
1.224
1.324
2.548
1.324
1.324
0
1.424
0
1.224
1.224
1.224
1.224
1.224
0
0
1.224
0
1.224
1.224
1.224
1.424
1.324
0
1.224
0.2
1.324
0
0
0
1.224
0.8
0.1
0
0
0
0
1.224
1.224
0
1.224
1.524
0
1.224
0.1
0
0
2.448
0
1.224
0
0.1
0.4
0
1.224
1.224
0
2.448
1.324
1.224
1.224
1.324
0
1.224
1.224
1.224
1.324
1.224
1.424
1.224
2.448
1.224
0
1.224
0
0
1.224
1.224
1.224
0
1.224
0
0
0.1
0
0
1.224
0.1
1.224
0
1.224
1.424
0
1.224
1.424
0
0
1.224
2.448
0
1.224
1.224
1.324
0
1.224
0
1.224
0.2
1.224
0.2
0
1.224
1.224
1.224
1.324
0.1
1.224
0
0
0
1.324
1.224
1.224
0.1
1.224
1.224
0
0
0.1
0
0
1.224
1.324
0
0
1.224
0.1
0
0
0
1.224
1.224
0
1.224
1.324
1.524
1.224
1.224
0
1.324
1.224
1.224
0
0
1.224
0.1
0.1
1.224
0
1.224
0
1.224
0
1.224
1.224
1.224
1.224
1.224
0
1.224
0
0
1.324
1.224
0
1.224
0
0
0
0
0
0
1.324
1.224
1.224
1.324
2.548
0
1.224
0
0.1
0
1.324
0.2
1.324
1.224
0.4
1.224
0.1
0
1.224
2.448
1.224
0
0
1.224
1.324
0.1
0
1.224
0
1.224
0
1.224
1.224
1.224
1.224
0
0
1.224
1.224
1.224
0.1
1.224
1.424
1.424
0
1.224
1.224
0.1
1.224
0.1
0
1.324
1.224
1.224
0
1.524
1.224
0
1.224
0
1.324
1.224
1.224
0.1
0
1.224
0.1
1.224
1.224
1.224
1.224
0.1
1.224
1.224
1.424
0
1.224
1.224
1.224
1.224
0
1.224
0
1.424
2.448
0
1.224
0
1.224
1.324
0
1.224
0.1
0
0.2
0.1
1.224
0
0
2.448
0
1.224
0
1.224
1.724
1.224
0
0
1.224
0
0.1
1.224
0
1.424
0
0
0
0.1
0
1.224
1.824
1.224
0
1.424
0.2
1.224
1.224
0
1.324
0
1.224
1.224
0
0
0
0.1
1.224
1.524
1.224
0
1.224
0
1.224
0
1.224
1.224
1.224
1.224
1.224
1.224
1.324
1.524
0.1
0
1.224
1.224
1.224
0
0
0
1.224
1.224
1.224
0.1
1.224
0.1
1.424
0.1
1.224
0
1.224
1.224
0
0
2.448
1.224
1.224
0
1.224
0
0
0
1.324
1.224
0
0
1.224
1.324
0.1
1.224
0
0
0
1.424
1.324
1.224
1.224
1.224
1.224
0
1.224
1.224
1.524
0
0
0
0
1.224
1.324
2.448
1.224
1.224
1.224
1.224
1.224
0
1.424
0
0
0
0
1.224
1.224
0
1.224
0
0
1.224
1.224
1.224
1.224
0
1.324
0.1
0.3
0
0.2
0
0.1
1.424
1.224
1.224
0
1.724
1.224
0
1.224
1.224
1.224
0
0
0
0
0
1.324
0.1
0
0.1
0
0.2
1.224
0
1.224
0
1.424
1.224
2.448
0
0.1
0
0
1.224
1.224
0
1.224
0.1
1.424
1.224
2.448
0.7
1.224
1.224
1.224
0
0.2
0.1
0.1
1.224
1.424
1.224
0
1.224
0.1
1.224
0
0.1
1.324
0
1.224
1.224
3.148
1.224
1.224
1.224
0
1.224
0
2.448
2.548
0
1.224
1.224
1.324
1.324
0
1.224
1.324
0.1
1.224
0.2
1.224
0.1
1.224
1.224
0
1.424
1.324
0
0
0
1.224
1.224
2.448
1.224
1.224
1.224
1.224
0.2
1.224
0
1.224
1.224
1.424
0
0.1
1.224
0.2
0
1.224
1.224
1.624
0
1.324
0
1.424
1.224
1.324
1.424
1.224
1.224
1.524
1.224
1.424
0
1.224
1.224
1.224
1.224
1.324
0
1.224
0
2.548
0
0
0.1
0
0
0
1.224
0
0.7
0
2.124
0.1
1.224
0
0
0
0
1.224
0.1
0
2.448
0
1.224
0
1.324
0
0
0.9
0
1.224
0
1.424
1.324
0.7
1.724
0
1.724
1.324
1.224
0.1
1.224
1.224
0
0.1
0.1
0
0
0
0
0
0
0
1.224
0.2
0.1
1.324
0
1.424
0
0.1
0
0.1
0
1.424
1.224
0.1
1.224
1.224
1.224
0
1.224
2.448
1.224
1.524
1.424
1.224
1.524
0
1.224
1.224
0.1
1.224
1.224
1.624
1.224
1.324
1.324
1.224
1.424
1.224
0
1.224
0.2
1.224
0
1.324
0
0
0.1
1.824
1.324
0
0.1
0
0.1
