0.4
0
0.4
0.1
1.224
0.1
0
0
0
0
0
0
1.324
0.6
0.6
0
1.224
0
0
0
0
0
0
0
0
0
0
0.2
0
0
0
0
0.9
0
1.424
0.5
0
0
0.1
0
0.3
0.8
0
0.1
0.2
0
0.5
1.624
0.1
0.1
0
0
0.2
1.324
0
0
1.224
1.224
0
0.5
1.924
1.424
0
0.7
0.4
0.3
1.224
1.324
0
2.124
0.2
1.924
1.424
0
2
0.8
1.224
0.1
1.224
0
0.5
1.224
0
1.324
0
1.224
1.224
0
0
1.924
0
0
1.324
1.224
1.224
0
0.1
1.224
0.1
0.1
0
1.624
1.824
0
0
0
0
0.4
1.324
0.1
1.424
1.324
0
1.224
0.1
0.2
0.3
1.224
0
0
2.524
0.1
0
1.724
1.424
0
0
0
0
1.524
0.4
0
1.324
0
0.2
0.2
0.1
1.324
0
0.8
0.3
1.324
1.224
0.3
1.224
1.224
0.1
1.324
0.3
1.224
0
0
0.1
0
0.4
0.5
1.424
0
1.1
0.1
0.3
1.224
0
1.224
0.3
1.224
0
1.224
0
1.6
1.324
1.924
1.224
0.1
1.224
0.4
1.224
1.224
0.1
0
0.2
1.324
0
1.424
0.3
2.024
0.5
1.224
1.224
1.224
0.2
0.2
0.2
1.524
1.324
0.1
0
0
0
0.1
1.424
0
0
1.324
0.5
1.224
0.1
0.3
0.2
0
0
0.1
0.3
1.224
0
3.124
0.2
1.924
0
1.224
1.224
0
0.6
0.3
0
0.2
0
0
0.2
1.224
0
0
1.324
0
0
0
3.124
0
0
0.5
0
0.4
0.2
0.2
1.224
0
1.224
1.224
0
0.8
0
1.324
1.224
1.224
0
0
1.224
1.524
0.1
0.2
0.1
1.224
0
0.3
0
1.224
0.1
0
0
0
0
0.2
0.1
0
1.624
0
0
1.224
1.224
3.06
1.224
1.224
1.324
0
1.424
0
0
0
1.224
0
0
0.1
1.224
1.824
0
0
1.836
2.036
3.46
1.836
1.936
3.26
1.936
2.036
2.036
3.06
3.56
3.56
1.836
3.46
3.16
3.06
3.36
1.836
1.836
1.936
1.836
1.836
1.836
2.036
1.936
1.936
2.536
2.736
7.66
1.936
3.16
1.836
1.836
3.06
2.636
3.06
1.936
1.936
2.136
3.06
1.836
1.836
3.236
1.836
3.06
1.836
4.16
3.06
2.436
2.036
2.036
2.336
2.336
3.16
1.936
3.46
4.06
4.86
1.936
1.836
1.936
3.06
1.936
3.36
2.036
1.836
0
0
1.224
0
0
0
0.2
0
0
0
0
0
0
1.224
2.124
0
0
0
0
0.3
0
1.224
0
0.1
0
0.2
0
0
0
0
0.6
1.324
0.4
0.1
0
0
0
0
0.1
0
0
1.324
1.224
0
1.224
1.224
0.1
0
0.5
0.2
1.324
0.1
0
1.424
0.3
0.1
1.224
1.224
0
0.1
0.4
0.2
0.1
0
0
1.224
0.5
0.2
1.224
1.524
0
0
0.4
0.3
0.2
2.124
0
0
0
0
1.224
0.2
0
0
1.224
1.224
0.2
0
0
0
0.1
1.324
1.424
0.1
0.1
1.324
0
0.3
0
1.224
0
0.3
0
1.224
0
1
0.2
0
0.2
1.5
0.1
0
0.2
0.1
0.4
1.224
0.3
0.2
1.224
0
0
0.3
0.2
0
1.224
0.3
0.1
1.224
0
1.224
0
1.224
0
0
0
0.1
0.2
0
0.1
1.224
0.4
0
0
1.224
0.1
0.7
0
1.224
0.1
1.224
0
0
0
1.224
0
0.1
0
1.224
2.524
0
1.224
0
0
0.1
1.724
1.224
0
0
0
0
0.2
0.1
0
1.324
0
0.2
0
0.6
0.1
1.224
1.524
0
0
0.3
0.4
0
1.324
0
0
0.3
0
0
0
0.1
0
0.2
0
0.1
1.324
0
1.224
1.224
1.224
0
1.424
0.1
0.2
0.1
0
0
1.224
0
0
0
0
0
0
1.1
0
0
1.224
0
0
0
0
0
0
0
0
0.1
1.224
0.1
0
1.224
0.1
0.1
0
0
1.324
0
1.324
0
0
0.2
0.2
0.1
0
0
0.1
1.224
0.3
1.224
0
0.3
0.1
0
1.4
0.1
0
0
0
0.2
1.324
0
0.3
0.2
0.2
0
0
1.224
0
0
1.224
0
0
0
0
0
0.1
0.1
0
1.224
0.1
0
0.1
0.4
0
0.2
1.224
0.1
0
0.2
0.2
0
0.1
0
0
0
0.5
0
0.2
0
1.324
1.224
0
0
1.224
0
0
0.1
0
0.1
1.224
0
1.224
0
0.1
0.3
0
0.1
0.1
0
0.1
0
0
1.524
0
0.2
0
0
0
1.224
0.1
0.1
1.324
0.2
1.224
0
0
0
0
1.324
1.224
0.2
0.1
0
0
0
0
1.224
0
0
1.224
0
0
0.1
0.1
0
0.1
0.1
0.1
1.224
0
0.1
0
0
0
0
1.3
0
0
0
0
0.1
1.224
0
0
0
0.1
1.324
0.1
1.324
0.1
0.1
0
1.224
0
1.224
0
0.1
1.324
1.224
0
0
1.224
1.9
0.4
0
0.5
1.224
1.224
1.224
0
0.2
0
0
0
1.324
0.2
0.2
0
1.224
0
0
0
0
0
0
0
0
0.1
0
1.224
0
0
0.2
1.224
0.2
0.8
0
0.2
0
1.624
0
0
1.324
0
2.124
0
0
0
0
0
0
1.524
1.224
0.2
0.1
0
0.1
0
0
0
0
0
0.1
0
0.1
0
1.324
0
0
1.224
0.1
0.1
0
0
0
1.224
1.424
1.224
0
0
0
0
0
0
0
0
1.324
0.1
0.1
0
1.224
1.224
0
0
1.324
1.224
1.224
0
0
0
0
1.324
1.224
0
0
0.1
0.2
0.3
0
0.4
0.6
0
1.524
1.224
0
1.224
0
1.224
0
0.1
0.3
1.424
0.1
0.1
0
0
0
0
0
0.1
0
0
0.3
0
0
0.4
0
0.1
0
0.1
1.224
0
1.224
1.424
0
0
0
1.324
1.324
1.424
0.3
1.324
0
1.224
0.1
0
0
1.224
0.2
1.224
0.5
0.2
0.1
0.1
1.324
0
0.2
0.3
0.2
1.224
0
1.224
0
1.224
0.7
1.224
1.424
1.424
0.3
1.424
0
1.224
1.524
1.224
0
0.1
0
0
0
0.1
0
1.224
0
0
0
0
0.1
2.024
1.224
1.324
1.224
0
0
0.1
0
0
1.624
0
0.1
0
1.424
0
1.224
0
0
0.1
1.224
1.524
1.424
0
0.3
0.2
0
1.224
1.224
1.324
0
0
1.224
1.224
1.224
0
0.2
0
0
0.1
0.2
0.1
1.224
0
0
1.224
0.4
0
0.1
0.4
0.2
0.5
0
0
0
1.624
1.424
0.1
1.324
1.324
0
0.9
0
1.824
0.1
0.1
0.1
1.424
0
0.4
0
0.1
0.1
0
1.824
0.1
1.224
0
0
0
0
0.1
0
1.924
0.3
0.6
0
0
1.324
0.3
1.224
1.224
0
0
0
0
0.5
1.824
0.2
0
0
0.1
0
0
0
0.1
1.4
0.1
0.2
0.2
0
0.7
0
0.1
0.2
0.4
0.3
1.324
0
0
1.224
0
0.2
0
0.6
0
0.1
0
1.224
0.2
1.324
0.1
0
0.4
0
0.2
0
1.424
0.1
0.1
1.524
0.1
1.324
1.224
0
1.224
1.224
0.1
0
1.224
0
0.1
0.1
0.1
0.8
0
0
1.224
0.3
0
0.1
1.424
0
1.224
0.1
1.224
1.224
1.224
0
0.1
1.524
0.1
0
1.224
0
1.624
0.2
0.1
0
1.224
1.424
1.224
0.1
0.1
0
0.1
0
0.1
1.224
1.424
0
0
0.1
0
0
0.1
1.324
1.224
0
0
0.1
1.324
0
1.324
1.224
0
1.224
0
0.2
1.224
0
1.324
0.2
0
0
0.1
0
0.2
0.2
0.4
0
0.3
0
0
0
0.5
1.224
1.424
1.224
0.9
1.224
0
0
0.1
0
0.4
0.4
0
0
0
0
0.1
0.1
1.224
0
1.224
1.224
0
0.3
0
0.4
0
0.2
1.224
1.324
0.1
0.1
1.324
0.1
0
0.1
2.724
0
0
0
1.224
0.1
0
1.224
1.224
0.1
0.4
1.324
0
0
0.5
0
0.1
0.3
0
1.324
0.3
0
0
0
0.1
0
0
0
0
0
0
1.424
1.224
1.424
0.1
0.3
1.324
1.924
0.1
0
0.1
0
0
2.424
0.5
0
1.224
1.224
0
1.324
0
1.324
0.1
0.3
0.1
1.224
0
1.424
1.224
0.1
1.224
0.1
0
0.2
2.124
1.224
0
0
1.224
0
0
0
0
1.424
0
0.1
1.324
0
0.3
1.324
0.1
0
0
1.324
1.224
0
0.1
0
0
0
0
0.2
1.224
0
0
0.5
0
0
0.5
0.1
0.2
1.524
0.1
2.024
1.224
0
0.9
0.2
0
1.224
0
1.224
1.224
0
1.224
0.1
1.224
1.224
0
0.2
0
0.2
1.224
0
0
1.324
0
0.5
1.224
0
0
1.224
0.1
0.1
0.1
1.424
0
0
1.324
0.7
1.324
0.2
0.1
0.2
0
0.1
0
0
0.4
1.324
0
0
0
0
1.224
1.324
0
0.2
0
0.1
1.224
0.1
0.1
0.1
0
0
0
0.4
1.224
1.224
1.224
0.1
0.1
0.1
0
0
0
1.324
0.1
0
1.224
0.3
0.2
1.224
1.424
0.1
1.224
0.1
1.224
0
0.1
1.224
0
1.224
0.2
0.1
0.2
0.1
0.1
1.224
0
0
0.2
0
0.1
0.3
1.324
0
0.4
0.3
0.8
0
0
1.524
1.224
0.3
0
0
0.2
0.1
0.1
0
1.224
0.1
0.1
1.424
0
0
0.1
0.1
0
0
0
0
0.2
0.1
0.8
0.2
1.224
0.1
0
1.224
1.524
0
0.3
0
0.1
1.224
0
0.1
0.2
0.1
0
0
2.024
0
0
0.2
0.2
1.324
1.524
1.424
1.224
1.324
0.4
0.1
0.1
0
1.724
1.224
1.324
0.2
0
0
1.224
0
1.224
0.2
0
0
0
1.224
1.324
0
1.224
0
1.224
0
0.1
0.2
0
0
0.1
0
0
0.2
1.224
1.224
0.7
0.1
1.324
0.1
0.1
0
0.1
0.1
0
1.424
1.224
1.224
0
0
0
0
2.224
0
1.224
0.4
0.6
1.224
1.224
0.2
0
0.1
0
0
0.1
0
0
0
1.324
0.9
0
0
0
1.224
0
0
0
1.324
1.224
0
1.224
0.1
0.3
1.324
0
0
1.224
0.3
0.1
0
1.224
1.224
1.324
0
0.1
0
0
1.324
0.9
0
0.1
0
0
0
0.1
0.1
1.224
0
0
0
0
0.3
1.224
1.424
1.524
0
0
0.4
0.2
1.324
0.1
0
0
0
0.1
1.524
1.324
1.524
1.224
0
0
0
0.2
0
0.1
0
0
0.1
0.1
0.1
1.424
0.6
0
0
1.324
1.224
0
0
0.1
0
0
0.1
0
0
1.224
0
0.1
1.424
1.224
0.1
1.224
1.224
0
0
0.1
1.324
2.024
1.624
1.724
0
1.524
0.6
1.224
1.224
1.324
0.6
0
0
0
0.3
0
0
0.1
0
0.1
0.1
0.4
0.4
0.2
0.3
0.1
0.4
0
0
0
0.1
0.1
0.2
0
1.224
0.1
0
0
0
0
0
0
0.1
0.2
0
0
1.4
0
0
0
0.1
1.524
0.5
0.5
0
0
0
0
0.1
1.224
1.624
0.1
0
0.1
0.2
0.2
0.2
2.324
0.1
0
0
1.424
0
0
0.3
0
0
0
0.1
0
0.1
0
0
1.624
0.3
0
1.324
0
1.524
1.424
0
0
0.5
0.5
0.1
0.2
0.2
0.2
1.224
1.424
1.424
0
1.324
0
0.9
0.1
0
1.224
0
0.1
1.324
0.2
0.2
0.5
0
0.1
0.1
1.624
1.224
0
0
0.5
1.224
1.224
0.2
1.224
0
0.1
0
0.3
0
1.424
0
0.3
0
0.1
1.224
0
0
0.3
1.224
1.524
0
0
0.5
0.1
0
0.1
1.2
1.224
1.1
0.1
0
0
1.324
1.224
0
0
0.1
0.1
0.1
0.2
1.224
0.1
0.1
0
0
1.5
0.2
1.224
0
0.8
0.1
2.724
0.4
1.224
1
0
0
0
0.1
0
0.1
0.2
1.224
1.224
0
0
0.2
1.224
0.1
0
0
0
0.2
0.1
1.324
0
0
0.1
0
1.224
0.1
0
0
1.424
0
0.1
0.1
1.224
0
0
0.2
0.5
0
0.1
0.1
0
1.324
1.224
0
0
1.324
0.1
0
0.1
0
0.2
1.424
1.224
1.324
1.424
1.224
0
1.224
1.224
0
1.224
0.3
1.3
0.1
0
0.1
0.8
0.2
