0.6
1.924
4.024
3.748
1.324
0.3
1.424
2.448
0.2
1.224
1.724
0
0.4
3.424
3.224
1.324
0
2.448
2.548
2.648
0.1
0.6
1.224
2.448
1.324
2.548
2.548
2.124
2.648
1.224
2.548
0
3.5
0
0.1
0.4
0.1
0
0.3
0.6
0.2
2.4
0.1
0.2
0.1
0.1
0.2
0.8
0.2
0.5
0
0.1
0.9
0.2
0
1.324
0.2
0.2
0.1
0.6
3.3
1.2
0.1
4.348
1
0.5
0.1
0.3
0.5
2.6
0.5
1.1
0.6
0.1
3.9
2.224
0
1.324
0
0
2.124
0
0
0.1
0.2
0
0
0
1.224
4.048
0
1.424
0.2
0
0
0.4
0.4
0
2.548
2.448
0.1
0.2
1.5
0
1.224
0
0.1
1
0.1
0.3
0.3
0.1
0
0
0.3
0.8
0.1
1.324
0
0
5.9
0.2
2.448
0.8
0.3
0
0.3
0.1
0
0.8
0.9
0.2
0.3
0.1
0.4
0.7
0.1
0.2
0.3
1.1
1.324
2.648
0.1
0.6
0
0.1
0.1
0.3
0.1
0
0.2
0.2
0
0.1
0.6
0.4
0.1
0.3
1.5
0.1
0.1
0.1
0.1
0
0.6
0.1
1.324
0
0.1
9.248
0.1
0.6
0.1
0.5
0
1.924
0.3
0
0
0.4
0.5
0.6
1.524
1.524
0.8
2.224
1
0.2
0.1
1.224
1.824
0.3
0.1
1
0.4
0.3
0
0.4
0
2.124
0.2
1.224
0
0.4
2.1
0
0.1
0.3
1.624
1.424
1.324
0.3
3.448
0
0
5.4
0.2
3.824
0
0
0
1.324
1.7
1.424
1.224
0.5
0
0
2.224
0
3.048
2.448
0
0
1.324
0.1
6.924
0.1
0
0.9
0
1.1
0.5
0
0.1
1.224
1.324
1.224
0
3.124
0
0.4
0.2
0
1.224
0.1
0
1.8
2.648
0.3
1.224
0
1.424
1
1.224
0.1
2.924
1.324
0
1.224
0
0.1
0
1.324
2.4
0
1.224
0
0.1
1.836
1.224
0.1
1.724
2.448
1.824
0.1
0.2
0.1
0.2
0.1
0
1.224
0
2.5
1.324
0
3.06
1.936
2.336
1.936
4.584
2.036
2.236
3.36
3.46
1.836
2.836
2.436
4.384
2.336
3.06
1.836
2.036
4.284
4.284
3.26
1.836
2.036
3.06
2.236
1.936
3.36
2.936
2.136
2.636
1.836
1.836
3.16
3.16
1.836
18.384
4.384
3.16
3.76
3.36
1.836
1.936
3.16
4.836
3.06
1.936
1.936
6.636
2.036
3.036
2.836
2.336
3.76
3.836
2.036
1.936
2.136
3.136
7.036
4.384
2.236
1.836
1.936
4.284
2.836
1.936
3.06
0.2
0
0
1.324
1.324
1.224
1.424
1.424
1.224
0.1
1.624
1.324
2.448
0
3.924
1.224
1.324
1.724
2.748
4.048
1.224
0
2.448
0.1
1.424
1
0.1
0.1
1.224
2.548
7.048
1.224
3.448
0.1
0
0.2
0
2.448
1.224
1.224
0
0.4
0.2
0
1.224
1.224
0.4
1.224
3.924
1.2
1.424
0
2.648
0.6
0.3
2.548
1.424
0.3
0
2.948
0.6
3.948
0.4
0.1
2.448
0.1
0.9
1.924
2.448
0.5
0.1
0.3
1.824
2.948
0
1.4
0.4
2.848
2.448
2.948
2.448
1.524
2.748
1.324
1.224
0
0.7
0.2
2.648
0
2.448
0.8
0.1
0.1
1.824
1.224
0
3.848
0.7
0.1
0.1
1.6
2.748
0
0.2
4.1
1.3
2.448
1.5
3.4
0.1
1.724
3.948
0.9
4.148
1.224
0.3
1.924
0
1.224
0
0.1
2.548
0.1
1.224
3.548
2.848
0
0
1.224
1.324
1.624
0
0
2.448
0.1
2.024
1.224
1.324
0.7
0.8
0.1
1.224
0
1.424
3.024
2.548
0
0
1.424
1.224
0
1.224
1.524
2.648
0
2.548
0
3.6
0.1
0
0
2.448
1.824
1.4
0
1.224
0
1.224
2.024
2.224
0
0
1.724
0.1
0.2
0.1
0.4
3.148
0.1
2.448
0.1
2.648
0.4
1.824
3.348
0.1
0
0
1.524
1.424
0.2
0.1
0.1
0
1.724
0
0
3.348
0.3
0
0
0.3
0.1
0.5
0.7
0.1
2.548
1.224
1.524
0
2.548
0.1
0.1
1.224
0
0
3.1
0.5
1.224
0
1.224
0.1
0
1.224
0
2.448
0.1
1.424
2.548
0
1
0
0
0.1
0.1
0.1
1.224
0
2.448
2.748
1.224
1.224
2.748
3.648
0.2
2.548
2.448
0
1.724
1.3
1.324
1.424
1.7
0.1
0.2
2.4
3.348
1.224
2.748
0.1
0.1
0
2.448
2.748
2.124
1.224
0
1.324
0.1
0.1
0.2
0
1.524
1.324
1.324
0
0
2.648
1.624
1.224
0
0.4
1.324
0
0.6
2.448
1.624
0.1
0
0
0.6
0.2
1.224
1.624
1.224
2.448
1.724
2.724
0
1.824
0.1
0
0
0
1.324
1.624
0
1.224
0.1
1.224
1.424
2.024
0.1
2.448
1.924
1.924
1.624
0.1
2.548
1.824
0
1.224
2.548
0.1
2.948
0.1
1.924
1.524
0
1.224
1.324
0
0.5
2.448
0.5
0
1.224
1.224
0.2
2.448
1.224
1.324
0.3
0.1
0.3
0.3
0
2.848
0
1.224
2.448
0
0.1
2.548
1.824
1.324
2.448
1.324
1.324
0
0.2
0
0.3
0
1.324
2.548
1.524
6.124
0.2
0.3
1.224
2.448
1.224
0
1.224
0.1
2.848
1.324
0.1
0.4
1.824
0
1.324
2.548
0
0.2
0
0
0.3
1.424
0
1.324
0.1
1.324
6.824
2.124
1.824
0.2
2.124
1.324
0
0
0.1
0
2.448
0.3
1.224
1
1.624
0
2.448
1.224
0
1.224
2.748
1.324
0
1.324
1.224
1.224
0.4
1.224
1.324
0
3.148
0.1
2.748
3.024
0.2
1.324
2.448
1.424
0
1.424
0
2.224
4.424
2.648
0
1.224
0.1
0.1
0
2.724
0
2.848
1.424
0
1.824
1.324
2.448
1.424
2.448
1.224
0.1
1.224
0.3
2.648
1.224
2.448
0.1
1.224
1.424
0
0
0.1
2.448
0
0
0.3
1.324
1.324
1.424
1.324
0
1.324
0
0
0.2
2.448
1.324
1.424
0
1.324
1.224
0
2.548
0.1
1.224
1.624
1.324
0.1
1.224
2.324
0
0.1
0
0.1
0.2
0.5
2.448
1
0.3
0
2.324
0.1
1.424
1.224
2.448
1.324
1.224
0.1
2.824
1.4
0.1
0
1.224
2.448
0.1
0.3
1.224
0.3
0
1.224
1.1
2.448
0.1
1.924
2.448
0.4
0.2
2.648
1.224
1.224
0.1
0.4
0
0.2
0.2
1.324
0
0.3
4.148
0.2
0
0
1.824
1.224
0
0
0.7
2.448
0.8
1.524
0
1.424
0
2.448
2.848
4.348
0.3
1.224
2.448
1.424
0.2
1.224
3.324
1.224
3.948
1.824
0.4
0.2
2.748
1.224
3.248
1.524
2.548
2.848
0.1
0.1
0
1.524
0.1
1.224
0
1.724
1.624
1.424
1.424
3.924
1.224
1.524
0.1
0.1
0
1.324
2.548
1.624
0.8
2.948
2.848
1.324
3.948
2.448
1.224
0.1
0.1
0.6
2.448
3.348
2.848
1.624
0.4
0.5
0.4
0.5
0.1
1.724
0
0.1
0
1.324
0
1.424
1.724
0.6
0.1
1.424
1.324
2.624
0.5
0
0
2.624
1.824
1.224
1.524
3.424
1.724
0.7
1.224
2.548
0
0.1
0.5
1.824
0.1
0
0
4.024
0
2.5
0
1.324
0
0.5
1.224
1.8
0.1
0.4
0.4
0
1.5
0.2
0
0
0.1
0
0.1
2.548
0
6.648
0.1
1
0.3
0.1
0.1
0.2
0
1.224
1.224
0
0
1.324
3.448
0.3
0.6
0.1
1.324
1.724
1.224
0.2
0.1
0.3
5.3
0.2
0.3
0.5
0.2
3.424
1.624
1.424
0
1.8
0.4
0.6
1.224
0
0
1.224
1.1
0.2
1.1
0
0.1
1.424
0.1
0.2
0.2
1.224
0.1
1.4
0
0.3
1.224
0.5
1.324
0
0.1
1.924
0.3
0.3
1.524
0.2
1.524
0.1
0.2
2.448
0
0.3
1.924
0
2.1
1.724
0.1
0
0.8
1.224
1.4
0.1
0
1.324
0.4
0.4
0.1
0.1
0.2
0.1
2.1
0.4
0
0
1.224
1.2
0
0
0.1
0
0.3
0.2
0.5
0.2
0
0.9
0.3
0.1
0.2
0.7
0.1
0.3
0.4
0
1.224
0.3
1.424
1.224
0.2
0.1
0.2
0
0.1
0.4
0
0
1.324
0
1.3
0.2
0
0
0.2
0.3
2.748
0.4
0.1
0.5
1.3
1
0
1.7
0
0.2
0.3
0.3
0.2
1.424
0.1
3.924
0.4
1.224
2.548
1.424
0
0.7
2.024
0.2
0
1.324
1.324
0.6
0.3
0
0.1
0
0
0.5
3.224
0
0.6
1.224
0.3
0.1
0.1
0.1
0.3
0.6
1.424
0.2
0
6
0.1
0.1
0
0
0.4
0
0
0.3
0.6
1
0.1
0
0
0.6
0.4
0.1
1.5
0
2.124
1.624
0
0
0.2
0
0
0
0
0.4
1.224
0.2
0.2
0
0.3
0.6
0.3
0.3
0.7
0.7
1.724
1.324
1.324
0
3.7
2.924
1.324
0.1
0.5
1.424
0.1
0.2
0.1
0.3
2.124
0.1
0
0
0.1
0.5
0.1
0
0.4
0
1.1
2.1
1.224
0.3
0.1
0
0
0.8
0
1.224
0.3
0
0.3
0
0
0.8
0.2
0.7
0.4
0.5
0.4
0
0
1.824
1.324
0
0
0.4
1.824
0
0.1
0.1
1.1
0
0.1
2.724
2.424
1.524
1
0
1.1
0
0
1.9
1.424
1.224
0.1
1.224
0.1
0.1
0.1
0.6
0.2
0
0
0.5
0.3
0
0.9
2.448
0
0
0.1
0.1
1.4
0.3
0.1
0.1
0
0.1
0
0
0.3
0.1
0
1.524
0.9
0.2
1.224
0.1
0.1
0.3
1.324
2.624
0.6
0.3
0
1.424
1.624
1.324
0
0.1
1.724
0.1
0.6
0
0.4
1.224
0.1
0.1
0.2
0.2
0.4
0
1.2
0.1
0
0
0.1
1.424
2.548
0.2
0
0
1.224
0
0
0.3
1.524
1.224
0.1
0.3
0.2
0.3
0
0.1
1.324
0.5
0
0.1
1.224
0.4
1.424
0.7
0
0.4
0
0.3
0.2
0.5
0
1.724
1.824
0.3
0
1.3
0.4
1.7
1.324
0
1.524
0
1.924
0
0
0.6
0
0.2
0
0.1
0.1
1.824
0
0.1
0
0
0.3
0
0
0.1
0
1.824
0.5
5.024
0.3
0.3
1.924
0.1
0
0.6
0.8
0.4
1.624
0
1.524
1.224
0.5
0.5
1.524
0
1.224
1.8
0
0
1.3
0
0.4
1.7
0.6
0.1
0.4
0.3
0.3
0.2
0
0.9
0
0
1.924
0.2
0
1.524
0
0
0.7
0.3
0.2
0.1
0.1
0.2
0
0.1
0
0
0.1
0.9
1.2
0.3
0
1.524
0
0
0.2
0
0
2.5
0
0.2
0.1
0.1
0
0.2
0
0
0.5
0
0
1.324
0
1.224
0
3.8
0
0
1.2
2.824
0
0
0.4
0
0.1
0
1.224
0.1
1.424
1.224
0
0.2
3.324
0
0.1
0
0
1.224
0.1
0.3
0.7
1.324
0
0.1
1.324
1.2
0.3
2.548
0
0
1.424
0
0
1.324
0
0
0
0.1
0.3
0
1.5
2.8
1.324
0.4
1.524
0.1
0
0.4
1.524
0
0
0.2
1.224
0
1.524
0.1
0.3
0.7
1.324
0
0.7
0.1
1.524
0
0
1.224
0
0.1
0.4
1.824
0.3
0.2
0
0
0
0.2
0.2
0.5
0.1
1.224
0.2
0.4
0.4
1
2
0.3
0.3
0.2
1.324
0
0
1.524
2.448
1.224
0.3
0
1.224
1.224
0
0.5
0
1.224
0
0
0.1
0
0.1
1.424
0.5
2.9
0.1
0.8
1.524
0.5
2.1
1.224
0
0.1
3.324
0
0.2
1.324
0.5
0.1
0.5
0.7
0.1
0.1
1.324
1.924
1.3
2.124
2.948
0.2
2.1
1.424
0
0.1
1.324
0.4
1.924
0.2
0.2
1.624
1.424
1.224
0.3
0
0
0.1
0
0.5
0
0.1
5.424
0.1
0
0
2.748
1
3.324
3.024
0
0.7
0
0
2.324
0.4
0.3
0.6
0.1
0.8
0.2
0.1
0.4
5.924
0.1
0.3
0
0.1
0.4
0.1
0.6
0
0.1
0.1
2.024
0.3
0.5
0
0.4
0.7
1.924
0.5
0.5
0.1
1.2
0.7
0
0
1.3
0.9
0
0.5
0.1
0
0
0
0.5
0
0.2
0.5
2
0
0.2
0.1
0.2
1
1.324
0.1
0.5
2.824
1.224
0.2
0
0.6
0.2
0.1
0.3
0.5
0.8
0
0.4
0.8
0.8
1
0.4
0.6
0
0.2
1.424
1.624
0
0.2
0.1
0
1.224
0.9
1.224
0
0.2
3.048
2.324
0.2
0.1
1.724
2.1
0
4.5
1.324
0.1
0
0
0
2.448
0
0.4
3.148
0
3.048
0
2.548
0.2
1.524
0
8.448
0.1
0
0
2.524
0.4
4.4
2.1
0
3.5
1.924
2.648
0.1
0.1
0
1.224
1.424
1.224
0.2
0.2
2.548
0.2
2.448
0
1.224
1.324
0.1
1.724
1.324
3.048
0.1
1.224
1.524
2.448
0.2
0
1.424
0
3.248
1.324
1.224
0.3
1.224
1.424
0
0.6
3.648
1.224
0.4
1
0
0
0
0.1
1.424
1.224
1
1.924
0
1.524
1.424
0.3
1.324
2.448
1.424
0.4
2.448
1.224
0.3
0
0
0.7
3.6
0.3
0.2
1.2
5.648
0.5
