0.4
1.524
2.024
3.46
1.524
1.936
1.224
1.224
0
1.224
1.324
1.224
0.2
1.824
1.824
1.224
0
1.224
1.224
1.324
3.16
3.16
0
1.224
3.16
1.324
1.324
0.4
2.448
0.1
1.224
1.324
1.2
0
0.1
0.1
0.1
0
0.1
0.1
0
3.96
0
0.1
0
1.224
0.1
0.1
0
1.424
1.324
0
1.424
0
0
0
0
0
0
1.624
1
0.1
0
1.724
2.236
0.2
0
0.1
1.524
0.9
0.3
1.524
0.3
1.836
3.96
1.824
0
1.524
0
0
1.524
0
1.224
0
0.1
0
0
0
0
1.824
0
0.1
0.3
0
0
1.424
1.524
0
1.224
1.224
0
0.3
0.6
0
1.836
0
0
0.9
0
0
0.1
0
0
1.224
0.1
2.136
0.1
0
0
0
1.8
0
1.224
0.2
0.1
0
0.2
1.224
0
1.624
0.1
0.1
0.1
0
3.26
0.2
1.224
1.324
1.424
0.3
1.324
1.424
0
1.424
0
0
1.224
0.1
0
0.1
1.224
0.1
0
0
0.2
0.2
0.4
0
0.4
0.1
0.2
0
0
0
0.1
0.1
0
0
0.1
3.224
0.1
0.6
1.224
0.1
1.324
1.724
0.1
0
3.06
0.3
0.3
1.324
1.224
1.224
0.4
1.524
1.624
1.224
0.1
1.324
1.424
1.324
0.5
1.624
1.224
1.524
1.224
0.1
0
0.1
2.036
0
0
0.3
1.1
0
0
1.624
1.624
0.2
1.224
0
2.024
0
1.836
1.6
0
4.16
0
1.836
0
1.424
1.824
1.224
1.224
1.424
1.224
1.224
1.324
1.224
2.548
2.448
1.324
3.672
3.36
0
2.824
3.26
1.836
1.424
3.672
1.324
4.996
0
0
0
1.224
0
1.224
4.96
0
0.1
0
0
0.1
1.224
1.836
0.3
2.548
1.224
3.16
0
1.224
0.1
1.224
0
1.324
1.224
0
1.224
0
0.1
0
1.224
0.2
0
1.224
0.1
1.424
1.836
0
0
1.524
2.448
1.224
0
1.224
1.224
1.324
3.06
3.06
1.224
0
0.3
1.224
0
1.836
1.936
1.836
2.036
3.16
1.836
2.036
3.06
3.06
1.836
2.036
2.036
3.06
2.136
3.672
1.836
3.06
3.06
3.06
3.16
1.836
3.16
3.06
3.16
1.936
3.16
2.236
1.836
1.936
1.836
1.836
1.836
3.06
1.836
3.76
3.06
1.836
13.056
8.256
1.836
1.836
3.06
2.836
3.06
1.836
3.26
3.036
2.036
2.336
5.196
3.36
5.096
2.136
1.836
3.36
1.936
2.936
2.936
3.06
5.908
1.836
1.936
3.06
3.36
3.26
3.16
1.324
1.224
1.224
1.324
2.036
1.224
4.896
1.224
1.224
1.224
1.936
4.284
1.224
0
0.4
1.224
1.224
1.424
2.448
3.148
0
0
1.224
0.2
1.224
1.524
0
1.936
1.324
2.448
4.36
0
3.26
1.224
1.836
0
0
1.224
1.224
4.996
0
1.624
1.324
3.06
1.224
1.224
3.56
1.224
2.524
1.324
0.2
1.836
1.224
0.1
0.2
1.224
0.1
0.1
3.06
4.284
1.524
1.824
0
3.36
3.16
1.224
3.66
3.26
3.16
0
3.16
2.136
3.56
1.324
0
0.7
1.324
1.324
4.284
3.06
1.424
0.1
1.224
4.896
0
1.224
3.36
3.06
1.424
1.836
1.224
1.424
0
0
3.56
0
1.936
4.584
1.424
1.224
1.224
2.436
4.584
0
0.4
2.024
2.036
1.224
1.524
0.5
0
1.836
2.848
1.324
1.424
1.836
0
0
1.224
1.224
0
0
1.224
0
1.224
3.06
1.724
1.224
0
0
5.096
3.16
0.1
1.836
1.224
1.224
1.324
1.224
3.16
1.224
2.236
0
3.06
1.324
5.096
2.336
1.224
0
0
1.324
1.324
3.06
1.224
3.16
3.06
1.324
4.284
0.1
1
1.224
0
3.06
1.324
1.224
4.06
1.224
1.836
0
1.324
1.724
1.724
1.224
0
1.424
0
0
1.324
0.3
1.524
1.224
1.324
0.2
3.26
1.224
3.26
4.384
1.324
0
0
1.224
3.26
1.324
0
3.772
1.224
1.324
1.324
0.1
1.524
0
0
0
0
3.16
2.436
3.56
3.26
2.548
2.448
1.424
1.224
3.06
1.324
1.836
0
1.224
1.224
0.1
1.424
0
1.224
1.224
0
3.06
1.224
0.1
1.324
3.16
2.548
2.448
1.836
1.936
0
0
1.224
1.324
1.836
1.224
0.1
1.224
1.524
1.224
1.324
1.224
3.26
1.324
1.224
1.224
0.1
0.1
4.06
3.06
1.324
2.636
0
1.836
0.8
2.648
1.224
1.224
1.836
0.3
3.16
1.224
3.16
3.26
1.224
1.836
3.16
3.26
1.836
4.896
1.324
0.2
4.996
0
1.836
3.06
1.324
3.16
3.06
0
3.06
0.1
0
2.336
1.224
4.584
0.1
0
0
2.036
1.524
1.224
4.484
3.06
1.224
1.224
1.524
1.836
1.524
4.896
1.936
1.224
0
1.836
1.424
0
1.224
1.224
1.224
1.224
4.384
0.1
2.448
2.948
4.984
1.624
1.836
3.16
1.936
0
3.06
1.224
1.224
2.648
3.06
1.324
1.424
3.772
0
0
1.224
1.936
1.224
0.1
1.224
1.224
1.224
3.26
1.324
0
1.224
1.836
0
1.324
5.096
0
4.284
0
1.324
1.324
0.1
0
1.324
1.624
2.448
1.224
1.224
1.224
3.06
0.1
0
1.836
1.836
0
4.284
0
4.36
1.224
2.036
3.06
1.324
4.896
1.224
4.996
3.26
1.224
1.224
1.836
1.424
0.1
1.224
1.324
2.648
3.06
3.26
0
0
3.36
0.2
1.224
1.424
1.224
1.224
3.224
1.724
1.324
0.2
1.624
1.224
1.224
0
1.224
3.06
1.224
3.26
1.836
1.624
1.324
0
1.224
0
0
1.224
2.448
1.324
0
4.384
4.384
1.224
0
0
4.896
1.224
1.424
0
1.424
0.3
3.16
3.26
1.324
0.2
1.836
1.224
1.836
0.6
0.8
4.284
0
6.12
1.224
1.224
1.836
0.2
0
4.584
1.324
0
1.324
3.16
4.284
1.324
1.224
0.1
1.424
1.224
1.524
1.224
3.16
4.284
3.772
3.06
1.324
0
0
0
2.648
0
0
3.16
4.896
1.224
4.896
1.224
0
1.324
0
1.836
0
1.224
1.424
1.224
1.224
1.224
0
1.836
1.324
1.224
0
1.324
1.224
1.936
1.224
1.424
0.1
0.1
1.224
1.324
3.16
1.524
1.224
1.424
0.3
0
1.924
0
1.324
1.224
1.224
1.224
5.096
1.224
3.66
2.736
2.036
0
4.896
1.224
3.06
1.224
1.836
1.224
3.16
0.1
0.2
1.324
3.06
1.724
2.448
0.4
1.836
1.324
0
1.224
0
1.324
0.1
0.1
2.136
0.1
0
0
1.924
3.16
1.324
0
1.424
1.936
1.224
0
1.324
2.448
0.1
3.26
3.16
3.36
1.836
1.224
5.284
5.084
1.224
1.224
3.06
1.224
3.16
1.324
1.724
0.1
2.948
1.324
1.324
0
4.384
1.224
1.724
1.324
2.548
2.748
3.06
3.06
3.06
3.06
1.224
1.424
1.224
3.16
3.26
3.06
1.324
0.6
0
1.424
0
0
0
3.06
1.324
1.936
3.36
4.384
4.684
1.224
2.024
1.324
0
4.996
1.224
4.896
3.06
3.86
3.26
1.224
1.424
3.06
3.06
3.06
3.06
0.2
3.06
3.06
0
1.224
0.1
1.224
1.524
1.324
1.224
1.224
1.324
1.324
1.224
1.836
1.936
1.724
2.536
0
1.424
2.024
1.324
4.172
2.648
1.224
1.224
0.3
1.324
3.06
0.1
3.06
1.836
2.424
1.836
0.8
0
1.224
3.16
1.524
1.224
0.2
0.1
1.836
1.324
0.1
0.3
1.224
0
0
1.224
0
0.1
1.224
0
1.624
1.224
0.2
1.324
0
0
1.424
0
1.224
1.324
1.324
1.224
1.224
1.524
0.2
1.936
1.224
1.224
1.324
0
1.224
1.224
1.424
2.724
0.1
1.224
0.1
1.224
1.524
0.1
1.224
0
1.424
1.224
0
3.16
1.836
1.324
1.224
1.624
1.224
0.7
0
0.1
3.06
0
0
0.1
0
1.324
0.3
1.324
1.324
1.224
1.624
2.548
1.324
0
1.324
1.224
1.324
1.224
0.1
1.324
1.224
1.524
1.224
1.224
1.224
1.424
1.836
2.624
2.548
1.224
0
1.424
3.06
1.824
0
1.224
1.224
0
1.936
0
0
0
0.1
0.4
1.424
1.224
1.324
1.224
1.924
1.224
1.224
1.224
0
0.1
1.224
0.1
3.06
1.224
1.424
1.224
1.224
1.224
0.5
1.324
1.324
0
1.224
0
0
1.524
1.524
1.224
3.26
0.2
0
0
1.324
0
1.224
0
1.224
0.2
0
1.324
0
0.1
1.324
1.224
1.224
1.224
1.324
1.924
0.1
1.224
0.7
0
0
1.524
1.224
1.224
0.4
1.224
2.124
0.1
1.224
1.224
1.224
2.036
0.6
1.924
1.224
1.224
2.448
1.224
1.324
1.224
0
1.224
1.324
0
1.324
1.724
1.224
0.7
1.224
1.424
0.2
0.1
1.324
1.524
2.124
1.324
1.224
1.224
0.9
1.224
0
1.224
0
1.424
1.224
0
0.1
0
0.2
0
0
1.324
1.324
1.424
1.324
1.724
0
1.624
0
1.224
1.224
0.1
3.16
1.224
0
0
3.16
1.424
1.224
1.224
1.224
1.324
1.324
0.1
1.624
0
1.224
1.524
1.224
1.224
1.224
1.1
1.924
1.324
0
2.136
1.224
1.324
1.224
0.2
1.424
1.624
0
0
0
0
0.1
1.224
0
1.224
0
2.036
0.6
0
1.224
1.324
0
1.324
1.324
1.224
1.224
1.224
0
1.324
1.224
1.224
1.324
1.224
1.424
1.324
3.06
1.224
0.1
1.324
3.16
1.224
1.224
1.224
1.224
0.3
0
0.1
0.1
0.3
0
0
3.548
1.724
2.448
0.2
1.224
2.636
0
1.224
1.824
1.424
1.224
0.1
1.224
0
1.224
1.224
1.224
0
1.324
0
1.324
0.2
1.224
0.2
1.224
1.224
1.224
1.224
1.424
0.3
1.224
0
0
0
1.324
1.224
1.224
0.1
1.224
3.06
0
0.1
0.2
1.224
0
3.16
1.424
1.224
1.724
1.324
0.1
0
1.324
1.424
1.224
0
0
1.424
1.324
1.524
1.224
0
0
1.324
1.324
1.224
2.036
0.1
1.224
0.3
0
1.224
0
1.224
0
2.448
0
1.224
1.224
1.224
1.224
1.224
0
1.524
1.224
0
1.224
1.324
0
1.224
0.3
0
0.1
0
3.672
0
1.524
1.224
3.06
1.424
1.424
0
1.224
1.836
0.4
0
1.424
3.06
1.224
1.224
0.4
1.424
0.5
1.324
0
1.524
1.224
1.724
0.1
1.224
1.524
0
0
1.224
1.836
0
1.424
0.1
0
1.224
1.324
0.2
0
1.224
1.224
1.224
3.06
1.624
3.548
1.524
0.2
3.048
0
0
1.524
0
0
1.224
1.324
1.224
1.224
3.26
1.724
1.324
1.224
0
0.5
0
1.224
2.436
0.1
1.324
0.4
0.5
1.224
0
1.624
0.1
1.224
1.224
1.524
0
1.224
1.224
1.324
1.324
0
1.224
0
1.524
3.06
1.836
1.224
0
0
1.224
0
1.224
0.2
0.2
0.8
0.3
1.324
0
1.824
1.224
0
1.224
0
1.224
0.9
1.424
0
0
1.524
0
0
1.224
0
1.424
0
0
1.324
0
1.224
1.224
0.7
0
0
1.724
1.524
1.224
0
0.2
1.224
0
1.224
1.224
1.836
1.224
1.224
0
1.324
5.284
1.224
0
1.224
0
1.224
0
1.324
1.424
1.224
1.224
0
2.548
1.524
1.224
1.324
0
1.224
1.324
0
0
0
0
0
1.224
1.224
0.2
1.224
0.1
1.824
1.224
1.624
1.424
3.06
1.224
0
1.224
3.06
1.224
1.324
1.224
1.224
1.424
0
0.4
1.324
4.284
0
0.4
1.424
1.324
0.2
1.224
1.224
0
0.1
1.424
1.324
1.324
1.424
1.324
0
0
0.2
0
1.524
0.2
1.224
0.3
0.4
1.224
1.824
1.724
1.224
1.324
1.624
1.224
1.224
0
1.324
1.224
1.224
0
0
1.224
1.224
0
1.224
0
1.224
1.324
1.224
0
1.224
0
1.524
0.1
1.3
0.1
0.1
1.224
0.3
1.624
1.224
0.1
0
1.924
1.224
1.836
1.224
1.324
3.16
0.1
1.836
0
0
1.424
1.724
0.1
1.824
1.524
0.1
0.9
1.224
0.1
1.224
1.224
1.224
4.484
1.324
0
3.16
1.224
1.224
1.224
1.224
0
1.224
0.1
1.324
1.224
3.16
3.624
1.324
1.224
0.1
1.324
0.5
0.5
2.224
0
3.26
1.224
0
3.048
0.1
0.1
0
0.1
3.26
1.936
1.424
1.524
2.324
1.224
1.324
1.224
1.936
1.324
0
1.524
1.224
0
1.224
1.424
1.224
1.524
0
1.424
1.524
1.324
1.424
0.1
1.324
0.3
1.224
1.836
0
2.224
1.624
0
0.2
0
1.224
1.224
1.424
1.624
1.224
1.224
3.26
0.6
1.836
0
1.224
1.524
1.424
0
0
1.524
1.924
0
0.1
1.424
0.3
0
1.224
0
1.924
1.424
1.324
1.424
1.324
1.624
1.424
0.1
1.624
0
3.26
1.324
1.324
3.06
1.324
0
3.06
1.224
1.324
3.06
0
0.1
1.324
1.724
0
1.224
1.424
0.5
0
1.8
1.424
1.224
0
0
0
3.06
0
1.936
1.624
3.16
1.324
0
1.324
3.06
3.06
0
4.26
0.2
1.224
3.672
3.548
3.36
1.4
1.724
0
1.2
1.324
4.284
0
1.224
3.06
3.16
3.56
0
1.836
1.936
1.224
0.3
1.224
3.772
1.836
1.224
0.1
1.424
1.224
1.424
3.36
0
0
1.224
0
0
0.1
0
2.024
1.224
1.224
0
0
2.548
1.224
0.1
4.884
0
1.424
1.324
0.1
0
1.224
1.836
1.224
1.324
1.324
3.16
0.3
0.2
1.324
1.324
1.324
1.224
1.424
0.2
2.448
4.896
1.224
0
0
0
1.5
0.3
0.3
0.6
1.724
0.2
