3.748
0.6
2.2
0.8
0.3
0.4
0.1
0
1.324
0
1.424
0.2
0.3
1.5
1.9
0
0
0
0
0.1
0.1
0.3
0.1
0
1.824
0.1
1.424
0.8
0.1
0.3
0
0
6.824
1.224
0.2
2.624
1.224
1.424
0
2.124
1.724
5.124
0
0.2
0
0
1.924
1.1
1.624
1.724
0.1
0
1.824
0.1
0
0.1
1.424
0.1
1.324
1.6
4.4
2.1
0.1
1.4
2.524
2.024
0.1
0.4
0.2
3.9
2.224
2.424
2.224
1.524
5.224
3.424
0.1
0.4
0
1.224
1.2
0.1
0.1
0.1
0.1
0
0
0
0.1
1.6
1.424
0
1.324
0
0
1.724
1.624
1.324
0
0.1
0.1
1.3
1.8
1.224
1.224
1.424
2.448
2.8
0.3
1.424
3.448
1.424
1.224
0
0
0.9
2.648
0.2
1.324
1.224
6.7
0.1
0.3
2.424
0.4
1.224
1.324
0
0.1
1.2
4.148
0.2
0.5
0.2
1.924
1.3
0.2
0.1
0.3
3.724
1.524
0.3
0
0.8
0
0
0.8
0.5
1.424
0.1
0.1
1.424
1.824
2.548
2.024
3.024
2.024
0.6
6.348
0
1.624
0
1.424
1.324
1.624
0.1
0
1.324
1.824
6.9
1.424
2.424
1.324
1.424
1.424
1.2
0.1
0
0
1.924
1.924
0.8
0.1
0
3.624
1.5
1.4
0
0
0.2
1
1.624
1.924
1.6
0.1
0.2
0
3.248
1.224
0.9
2.024
0
1.224
0.4
4.424
0
1.224
1.824
0.4
1.224
0.1
1.624
0.4
0
1.224
9.824
1.524
4.124
0
0
0
0.4
1.9
0.2
0
0.5
0
0.1
0.5
1.324
0.1
0
0.2
0
0.2
0
6.7
0.2
1.224
0.8
0
1
0.4
0
1.324
0
1.324
0
0.2
2.1
0.1
0.3
0.2
0
0.3
0.2
0.1
1.3
0
0.4
0.1
1.224
1.324
0.9
0
1.324
0.7
0.1
1.224
0
1.224
1.524
1.224
0.2
2.7
0.1
0
0.3
2.548
4.284
1.224
0
0.7
0
0.7
1.224
0
0.1
0.5
0
0
0
0
2.9
0
1.224
1.936
3.26
2.236
4.384
1.936
4.484
2.336
2.236
2.136
1.836
2.836
3.46
1.836
4.66
2.136
1.836
2.236
1.836
1.836
2.036
3.06
3.26
1.836
3.56
4.484
2.036
6.584
4.26
3.236
3.06
1.836
1.936
1.936
1.836
4.836
1.936
1.936
2.836
2.136
1.836
1.836
1.936
21.684
3.06
3.06
3.06
5.936
3.46
6.16
2.336
3.26
2.436
6.06
4.384
4.484
4.984
5.136
11.26
1.936
1.836
3.06
3.46
1.936
3.86
3.66
1.836
1.324
1.224
0
0.3
0.1
1.224
0.2
0.1
0
0.1
0.2
0
0
0
2.6
0
0
0.1
0.5
1
0
0
0
0.6
0.1
1.724
1.424
0.2
0
1.224
3.4
0.2
0.7
0.1
0
1.924
1.224
0
0
0
1.224
0.4
0.1
1.224
0
0
0.9
0
2.5
1.1
1.524
0.2
0.4
0.7
1.524
0
1.624
0.5
0
0.1
0.9
1.1
2.948
0.4
0.1
1.224
0.8
0.7
0.1
3.248
0.4
0.4
1
0.8
1.424
6.348
0.3
2.648
0.1
1.524
0.1
2.948
0.1
0.1
0
0
0.5
0.3
0.2
0.1
0
0.6
0.1
1.324
0.8
0
1.424
0.8
0.4
0.2
0
0.5
0.1
0.1
0.9
4.1
2.624
0
1
5.824
0
1.524
0.3
0.7
1.7
0
0.7
0.1
0.1
0
1.224
0.5
0.3
0.2
0.1
1.824
0.3
0
1.324
0
0.2
0.3
0.1
0
0
0.1
1.3
0.1
0.1
0.5
0.8
2.448
0
0
0
1.5
0.1
0
1.224
0.3
0
0.1
0
0.3
0.4
1.424
0.1
0
7.124
0.2
1.224
0
0
0.7
1.1
0
0.1
1.224
0.1
0.4
0.6
1.324
0
0
2.448
1.824
0
1.624
0.8
0
0.4
1.524
0.1
0.1
1.2
0.7
0.1
1.224
1.224
0.3
0.1
0.3
1.324
0.1
0
0.7
0
0.2
0.7
1.724
0
0
2.224
1.324
1.824
0.6
1.224
1.324
0
0.1
0
0.5
0.1
0
0.2
0
0
5.924
0.7
0
0.3
0
0
0.1
0
1.524
0.1
0.1
0
0.1
1.224
0.9
0
1.224
0.2
0.4
0
0
1.424
0.1
0.3
0
0.1
0.1
2.324
0.3
0.1
0
1.224
0.1
1
0.1
0.1
1.2
0.2
0
5.424
0.4
1.224
0.2
0
0.4
0.2
0
0.2
0.4
1.924
0
0
0
1.224
0.4
0
0.1
0
0.2
0.2
0.1
0.1
0.1
1.324
0
1.924
1.424
2.448
0.6
0
0.2
1.324
1.224
1.324
0.5
0.4
0
0.1
0
0
0.5
1.3
0.1
1.924
0
0.1
0
0
0
1.424
1.224
0
0.2
0.1
0.1
0.3
0
0
0.4
2.024
1.3
1.224
1.724
1.1
1.224
0.1
0
0
0.2
0
0.2
0.7
0
0
0.2
0.1
0.4
0
0.6
0
0.1
0
1.624
0.1
0.4
1.224
0.2
0.1
0.4
0.3
1.324
0.1
1.324
0.1
0
0.1
2.448
0.2
0.7
0.2
0
0.2
0.5
0.3
0
1.224
1.224
0.1
0
0.1
0.1
5.824
0.1
0.4
0.1
0
0
0.1
0
1
0.3
2.748
0.1
0.9
1.924
0.2
0.2
0
0
1.424
0
1.424
0.3
0.4
0
0.1
0.2
0
5.4
3.124
0.1
2.124
0.5
0.1
0
1.224
0
0
0
0.3
0.3
0.8
1.624
1.224
0
0
1.224
0
0.2
0
0
1.224
1.324
0.3
1.524
0
0
0.1
0.6
1.224
0.5
1.5
0.1
0.2
0.1
0.8
0.2
2.648
0.2
0.6
4.1
0.1
2.448
0
0
0
0
2.624
1.224
0.4
0
2.448
1.824
0.1
0
0.1
0.1
0
0.1
0
0.1
0.2
0
0
0.1
0
0.2
0.2
2.448
1.324
1.424
0
0.1
0.4
0
1.324
0.1
0
1.324
0.2
1.224
0
0.4
0
0.2
0
0.1
0
0
1.224
0.2
0.2
0
0.5
0.2
0
1.324
1.5
1.424
0
0
0
1.424
0.2
0
1.2
2.124
2.448
1.4
1.224
2.448
1.324
1.324
0.3
0
0.2
1.2
3.024
1.424
0
0
0
0.1
0.1
0.1
0.1
1.224
0
3.948
0
1.524
0.3
0
0.1
0
0
0
0
0
0.1
1.424
1.324
0.5
0.2
0.1
0.3
1.4
0.2
0.4
1.224
0.3
0.1
1.224
0
2.124
0.1
2.624
1.624
0
0.4
1.424
0
0.4
1.3
0.4
0
0
0.2
1.824
0
4.548
0
1.7
0.5
1.1
0.5
0.1
0
1.1
0.1
0
0.2
0.1
0
0
0.1
0.1
0
0
0.2
0.2
0.1
0.4
3.4
0
0.2
0.1
0.2
2.448
1.424
0
0.4
0.4
0.2
0.7
0.2
1.3
0
0
0.1
0
0.5
0
0.8
0.4
0.1
2.324
1.724
0.1
0.1
0.1
0.3
0.1
0
1.224
0.1
0
0
0.5
0.4
0.1
0.4
0.3
1
0.4
1.224
1.324
0.9
0.8
0
0.5
2
0.8
0.8
1.324
0
0
0.7
0.7
0.7
0
0.1
0
2
0
4.024
0.4
1.224
0.2
1.1
0
1.5
0.1
1.424
0.2
1.224
2.7
0.5
0.1
1.224
0.1
1.224
1.424
0.3
1.224
3.1
0.2
2.024
1.524
2.448
1.224
1.1
0
0
0
0.1
0
1.324
1
2.524
0.1
0.3
1.224
0.3
0
0.1
0.1
0.4
6
1.624
0.2
2.948
0
2.1
0.1
0.3
1.424
4.324
1.424
0.6
0
1.224
0
0
2.324
1.624
2.524
1.424
1.724
1.324
0
1.524
0.2
0.1
0.3
3.224
0.1
0.5
0
3.148
1.324
0.1
0.7
0.9
0.5
0
0.2
1.624
0.3
1.524
1.824
0
0
1.624
1.824
2.548
2.9
0.1
0.1
0
0.3
1.424
2.3
0.3
0.1
0.1
1.824
0.7
0.1
0.3
1.324
1.724
2.3
1.924
1.224
0.3
0
1.2
0.3
1.324
0.1
0
1.724
0.2
3.248
0.1
0
1.6
0.3
0.2
0.1
0.6
0
1.524
1.624
0.1
0
2.748
1.324
1.424
0.2
1.624
0.1
0
1.524
0
2.448
0.2
0
0
1.924
0
1.224
1.324
1.924
0.1
0.1
0.2
2.448
0.9
0.8
4.148
0
1.6
1.224
2.648
0.3
2.924
0.2
0.5
0.1
1.7
2.424
0
0
0.2
1.324
3.348
1.524
0.2
0
1.424
1.224
0.4
0.3
0.1
1.324
0
2.448
0.4
3.224
0
3.124
0
0.5
0.2
0.5
1.724
0.9
0.7
1.424
0.1
1.324
4.9
0.1
1.224
1.624
1.324
0.5
0.3
0.1
0.3
1.724
3.548
1.324
1.224
0.1
1.924
1.324
0.4
1.6
0
0.2
0.4
0
0
1.424
1.324
0
1.224
1.224
0.6
0
0
0.1
0.3
0.8
0.4
1.924
1.824
2.224
2.124
0.6
0.1
0.4
0.1
5.3
1.4
1.224
0
0.4
0.2
0.3
0.2
0.4
0.8
0.9
1.224
1.524
1.324
1.524
1.824
2.748
0
1.424
1.424
1.2
4.3
0
1.724
0
0.2
1.324
1.924
0.1
0.1
0.5
1.324
0.5
0
0.2
0.7
1.424
1
1.424
1.524
1.524
0.1
0
1.624
0
0.1
0
0
0.7
1.324
1.624
1.224
2.624
1.224
1.424
2.624
1.2
1.224
1.1
0.2
2.624
0
0
3.524
0.3
1.224
2.648
1.224
0.2
0
0
1
1.424
0
1.324
0.4
1.224
0
3.824
0.1
0
0
0
0.5
3.224
0.3
1.524
1.224
0
2.224
1.424
0.2
0.7
0.1
1.224
0.1
2.224
0.6
0
1.524
1.624
0
1.324
0.7
1.624
1.724
0.2
0
0.4
0
1.224
0.1
0.7
0.1
0.7
0.2
2.748
0
0.2
0.5
0.8
0.4
2.224
0.1
2.424
0
0
0
0.1
1.424
0.3
1.324
0
0
0.2
1.224
0
1.524
2.424
0.1
0.1
0
1.524
0.4
1.324
0.1
0
2.224
0.1
0.1
0
0.8
2.748
1.6
1.924
2.948
1.224
1.524
1.324
2.424
0
1.424
1.824
0.1
0
3.024
0.7
2.724
0.2
2.448
2.124
0
2.124
1.324
0
1.1
1.224
0
0.1
0
1.224
0.1
2.748
1.224
0.4
1.324
1.524
1.224
1.224
1.524
0
1.824
1.824
4.624
0.8
0.3
1.624
1.524
0
0.7
0.9
0.5
0.2
0.7
0.1
0
0.6
1.624
0.4
1.324
0
4.324
1.324
1.224
0.8
1.724
0.2
1.3
1.824
0.3
3.648
0.8
1.824
0.1
0
1.724
0
0.1
0.7
1.624
0.2
0.1
0
1.224
1.8
1.624
0.1
0.4
1.524
1.724
1.324
0.1
1.224
0.2
1.324
1.3
1.7
0
1.224
1.524
1.224
0.1
0.2
0
0
5.548
1.524
0
1.824
0.2
1.324
1.224
0
1.324
0.6
0.2
0.1
0.1
0
1.224
0.1
6.724
2.548
0
1.8
1.1
0.2
2.448
1.724
0
1.524
0
0
0.1
1.324
1.224
0
0.1
3.624
0
1.324
0
0
0.3
1.524
0.2
0.3
0.3
0
1.224
1.224
2.924
0.7
0.2
1.624
0.1
0.3
1.324
1.224
0.1
0.1
2.448
0
0.6
2.324
0
3.124
3.9
1.824
1.924
0.3
0
0.1
1.624
0.2
1.224
0
1.524
0.2
0.2
0.7
0
0.9
0.9
1.224
1.224
2.424
0.5
0.4
2.224
0.1
0
1.324
0.2
0.7
1.624
0.3
0.3
0.1
1.224
1.224
3.048
2.448
0.8
1.524
1.224
1.424
2.324
2.024
1.1
3.948
0.1
1.524
0.5
0.1
1.424
0
1.624
0
0
1.524
1.224
0.1
0
1.224
0.2
0.2
0.1
0
0
1.324
0
1.224
0.6
1.624
4.724
0.4
1.5
0.1
0.8
3.2
0.2
1.324
0.1
2
0
0.3
0.4
1
1.224
1.424
0.2
1.624
0.1
0.4
2.524
1.924
0.7
0.9
0.2
3.124
0.1
1.324
0.1
0.1
0.6
1.624
1.524
0.6
1.324
0.2
0
0.2
1.324
1.524
0.1
1.924
1
1.224
1.324
5.6
1.424
1.424
3.048
0.2
2
1.8
1.8
2.448
2.424
0.1
0
1.3
1.624
2.024
2.724
0.1
0.8
0.3
1.724
0.4
6.024
1.324
0.3
0
0.1
1.724
1.224
3.148
1.424
1.724
0.2
0.7
0.2
0.8
1.224
0.2
0.7
1.824
0.9
0.7
0.3
1.3
0.4
2.448
1.524
2.624
1.2
1.224
1.624
1.324
1.324
1.724
1.724
2.924
1.424
0.3
2.024
4.024
2.548
1.224
0.1
1.624
1.2
0.1
1.624
1.824
2.924
0
2.548
0.2
3.448
0.2
0.2
1.424
2.3
1
0.3
1.624
0.9
0.6
1.5
1.424
0.5
0.1
0.5
0.3
2.024
0.2
0.1
0.1
0
0
1.624
0
1.524
1.424
0.3
2.424
1.524
1.224
1.424
5.324
0
7.224
0.2
1.224
1.224
0.2
0
0.1
2.648
0.3
0.9
1.224
0.4
1.224
0.1
1.624
0.1
1.224
5
0.3
0
0
2.1
0.5
7.324
2.6
1.224
10.648
0.5
0
1.724
0
0
0.2
0.5
0
1.324
0.3
0
1.824
0
0.1
0
0.1
0.4
0.2
0
0.3
0.2
0.2
0.4
0
0.3
1.324
1.924
2.648
0.8
0
0.1
2.948
0
0.1
1.224
1.724
0.9
2.448
1.624
1.724
1.224
1.224
0
0.2
0
0
1
0.3
2.448
2.848
0.3
0.3
0.2
0.1
0.7
0.6
0
0
0.4
1.224
0
0.7
8.648
2.948
1.324
3.024
2.4
2.424
