2.924
0.7
3.8
1.5
0.2
0.1
0.3
0
1.624
0
1.624
0
0.4
4
2.7
0
0
0
0
0.6
0.2
0.5
0
0
1.924
0.3
0.5
0.5
0.1
0.1
0.2
0.1
24.744
2.344
0.7
3.024
1.224
1.224
0.4
2.424
1.524
3.4
0
0.1
0.4
0.1
1.1
0.7
2.424
2.124
0.1
0.1
2.624
0.3
0.2
0
1.324
0.2
1.724
1.9
5.5
1.7
0.2
2
1.8
2.624
0.1
0.3
0.1
5.2
2.024
2.324
1.724
1.524
6.3
3.024
0.1
0.5
0.1
1.224
2.2
0
0.2
0.3
0.2
0.1
0.1
0
0
2.4
1.224
0.1
0
0.1
0
1.924
1.824
1.324
0.1
0.2
0.3
2
1.6
1.324
0
1.324
1.224
3.4
0.2
1.724
1.924
0.4
1.324
0.2
0.3
1
1.324
0.1
1.424
1.224
8.9
0.1
0.3
3.124
0.4
1.224
1.324
0.1
0.1
1.3
2.424
0.4
0.3
0
0.6
0.9
0.6
0.2
0.6
2.3
1.524
0.6
0
1.1
0
0.3
0.2
0.7
1.424
0.2
0.1
1.524
1.524
1.324
4.224
2.624
0.8
0.5
3.724
0.3
1.524
0.1
1.224
0.1
0.4
0.3
0
1.224
0.7
8.1
1.624
3.124
0.2
1.424
0.5
1.5
0.4
0.1
0.1
2.824
2.224
1.7
0.4
0.1
2.6
1.7
1.7
0.1
0.4
0.1
0.5
1.624
1.724
1.6
0.5
0.9
0
2.124
1.224
1.7
1.824
0
0
0.7
5.724
0
1.424
2.324
0.4
1.324
0
1.724
1.1
0
1.224
10.5
1.324
4.6
0
0
0
0
3.3
0.2
0
0.2
0
0
0.9
1.224
0.4
0
0
0
0.3
0
7.1
0.4
0
0.7
0
1.8
0.9
0.1
0.1
0.1
0.1
0
0.1
2.6
0
0.6
0.1
0
0.3
0
0
2.6
0.3
0.4
0.1
1.224
1.624
1.1
0
1.224
2.1
0
1.224
0
1.224
1.924
1.424
0.1
4.3
0.2
0.1
0
1.424
1.224
0
0.1
0.9
0
0.4
1.324
0
0
0.1
0.1
0.1
0.1
0
5.3
0
0
0.1
0.7
0.2
1.424
0.6
1.224
0.2
0.8
0.4
0
1.6
2.124
0.1
2.524
0.7
0
0.3
0
0.1
0.4
1.224
0.1
0
0.2
1.324
0.6
3.024
0.9
0.9
1.424
0
0.1
0.1
0
3.5
0.2
0
1.2
0.1
0
0
0
6.824
1.224
0
1.224
5.9
0.7
3.224
1
1.524
0.1
3.4
1.324
1.624
1.924
4.2
8.4
0
0.2
1.224
0.4
0
2.924
2.224
0.1
1.424
1.224
0
0.3
0.1
1.224
0.3
0.3
0
0.1
0
0.1
0.2
0
2.8
0.2
0
0.3
0.8
2.1
0
0
0
0.5
0.3
2.724
1.524
0.1
0.1
1.424
4.7
0.2
1.3
0.1
0
2.024
1.224
0
0
0.1
1.224
0.3
0.1
1.224
0
0
0.9
0.1
3.8
1.1
1.224
0.2
0.3
0.6
1.324
0
0.3
0.4
0
0.2
1
1.5
1.524
0.2
0.1
1.324
1.3
0.6
0
2.224
0.1
0.6
0.8
0.8
1.224
4.824
0.5
1.724
0.1
0.2
0
1.524
0.1
0.1
0
0
0.6
0.4
0.4
0.1
0
0.9
0.3
1.224
0.5
0.1
0
2.5
0.2
0.1
0
0.9
0.3
0
0.5
5.8
1.7
0
0.9
7.324
0.2
1.424
1.2
1.1
2
0
0.5
1
0.1
0
1.224
0.4
0.3
0.1
0
2.324
0.8
0
1.324
0
0.1
0.4
0.2
0
0
0.1
1.3
0
0.2
1
0.9
1.224
0.3
0
0.3
1.6
0.1
0
1.224
0.4
0.3
0.1
0
0.3
0.3
1.524
0
0
6.3
0
1.224
0
0.1
1.6
2.1
0.1
0
1.224
0.1
0.7
1
1.424
0.1
0.4
1.324
1.924
0
2.124
0.8
0.1
0.4
1.424
0.6
0.6
1.7
1.4
0.2
1.224
1.224
0.4
0.5
0.6
1.424
0.1
0
0.7
0
0.2
0.5
1.724
0
0
1.2
1.224
2.024
0.5
1.924
1.424
0
0.4
0
0
0
0
0
0
0
7.424
0.9
0.1
0
0
0
0.1
0
1.224
0.1
0.1
0.3
0.2
0
1.8
0.2
1.224
0.2
0.1
0.2
0
1.324
0
0.6
0
0
0.2
1
0.4
0.1
0
1.224
0.3
1.8
0
0.1
1.8
0.1
0.1
7.024
0.6
1.224
0.1
0.3
0.8
0.2
0
0.2
0.5
1.724
0
0.2
0.1
1.524
0.5
0.1
0.2
0.1
0.2
0
0.1
0.3
0.7
1.224
0
1
1.224
1.224
1.2
0
0.2
0
1.224
1.324
1.2
0.3
0
0.4
0
0
0.1
2.3
0.1
1.724
0
0.4
0.1
0
0.2
1.424
1.224
0
0.3
0.2
0.2
0.9
0
0
1
2.324
0.7
1.324
1.524
1.3
1.224
0.2
0
0.1
0.5
0
0.5
0.6
0.1
0
0.2
0.1
0.3
0
0.7
0
0
0.1
1.624
0.2
0.5
0.1
1
0.2
0.4
1
1.224
0.2
1.324
0.1
0.1
0
1.224
0
1.1
0.4
0
0.2
0.4
0.2
0.2
1.224
1.424
0
0
0
0.1
5
0.1
0.4
0.3
0
0.1
0.1
0.1
1.4
0.2
1.424
0.5
1
1
0
0.4
0.1
0
1.524
0
1.424
0.1
0.5
0
0
0.2
0.1
6.9
3.924
0.6
0.7
0.6
0.3
0
1.224
0.1
0
0
0.6
0.2
0.9
1.724
1.224
0
0
1.224
0
0.3
0.1
0.1
1.324
1.324
0.5
1.524
0
0.2
0.1
0.9
1.224
0.7
2.3
0.1
0.1
0.1
0.3
0
1.524
0.1
0.6
4.8
0.1
1.424
0
0.2
0.2
0
1.5
1.224
0.4
0.1
1.224
0.8
0.1
0
0.3
0.1
0
0.2
0
0.2
0.2
0.2
0.1
0.2
0
0
0.1
1.224
1.424
1.724
0
0
0.6
0
1.324
0.2
0
1.224
0.2
1.224
0.1
0.4
0
0.6
0.6
0
0
0
1.224
0.3
0.5
0
1.5
0.2
0
1.224
1.6
0.6
0.4
0
0.2
1.424
0.4
0.3
0.6
2.324
1.224
1.6
0
1.424
0
1.324
0
0
0
1.7
3.824
1.224
0.2
0.1
0
0.2
0.3
0.2
0.1
1.424
0.1
2.324
0.1
1.324
0.2
0
0
0
0
0.1
0
0
0.2
1.324
1.324
0.1
0.3
0.1
0.4
1.8
0.3
0.1
1.224
0.7
0
1.224
0
2.324
0.1
2.424
0.4
0.2
0.2
1.724
0
1.4
1.5
1.62
0
0
0
1.424
0
6.524
0
1.6
0.5
1
0
0.1
0
1.5
0.3
0.2
0.2
0.1
0.1
0
0.4
0
0
0
0.5
0.6
0.2
0.1
5.7
0
0.5
0
0.2
1.224
1.324
0.2
0.3
1.1
0.3
0.4
0.1
1.4
0
0
0.1
0.1
0.5
0
1
0.5
0.1
2.924
0.5
0.2
0.4
0.2
0.2
0.2
0.1
0
0.1
0.1
0.1
1.1
0.3
0.1
0.4
0.3
1.2
0.9
1.224
1.324
1
0.8
0
0.4
2.1
1
1.2
1.224
0
0
0.2
0.8
0.6
0
0.1
0
3.6
0
4.7
0.2
1.224
0.1
1.2
0.1
1.7
0.3
0.8
0.3
1.424
2.6
0.8
0.1
1.424
0.1
1.224
1.324
0
1.224
6.7
0.1
2.224
1.724
1.324
0.1
0.7
0
0
0
0
0.1
1.524
1.1
1.4
0.8
0.1
1.224
0
0
0.1
0
0.6
7.3
0.3
0.4
1.724
0
3.4
0.4
0.2
0.1
4.024
1.624
1.2
0
1.224
0
0
3.724
1.524
3.224
0.3
1.324
1.224
0.1
1.424
0.4
0.1
0.3
3.024
0.1
0.9
0.4
1.624
1.724
0.1
1
1.4
0.6
0.5
0.1
0.3
0.9
1.624
2.624
0
0
1.424
2.024
1.324
3.5
0.6
0
0
0.8
0.1
2.6
0.4
0.2
0.1
1.724
0.6
0
0.1
0
0.5
2.9
1.824
1.224
0.2
0
1.8
0.2
1.624
0.2
0
0.5
0.3
2.724
0.3
0.1
1.2
0.1
0.3
0.5
0.8
0.2
2.024
1.924
0.2
0
1.424
2.224
1.524
0.6
0.4
0.2
0.1
0.2
0.2
1.224
0.4
0.2
0
2.624
0.1
1.224
0.1
2.124
0.4
0.2
0.2
1.524
1.1
1.8
3.224
0
3.3
1.224
1.224
0.5
3.024
0.7
0.8
0
4.5
2.324
0
0
0.4
0.3
2.724
2.024
0.2
0
1.224
1.224
0.4
0.5
0
1.324
0
1.224
0.7
2.5
0
3.124
0
0.7
0.1
0.5
2.124
0.5
0.9
1.424
0.3
1.524
8.6
0.2
1.224
0.3
0
0.5
0.2
0.5
0.5
1.924
2.424
1.324
1.324
0.1
2.324
0.2
0.5
1.9
0
1
0.5
0
0
0.2
1.424
0
1.324
1.224
0.2
0.2
0.1
0.5
0
0.7
0.2
2.924
2.224
2.224
2.024
0.4
0
0.2
0.1
6.6
2.4
1.324
0.1
0.8
0.1
0.4
0.3
0.5
1.1
1.2
1.224
0.3
1.424
2.024
1.624
1.424
0
1.724
1.324
1.3
4.9
0
2.024
0.1
0.2
0.2
2.824
0
0
0.2
1.424
0.8
0
0
1.5
1.824
1.4
1.624
0.2
1.724
0.2
0
1.724
0.1
0.3
0
0.3
1.3
0.1
1.624
1.424
2.424
1.324
1.524
3.224
2
1.424
0.8
0.2
1.1
0
0
4.624
0.4
1.224
1.224
0.1
0.1
0.3
0.1
0.6
1.524
0.6
1.224
0.2
1.424
0
3.124
0
0.2
0.1
0.1
0.7
3.824
0.4
1.724
1.324
0.1
2.424
1.824
0.2
0.8
0.1
1.324
0.4
1.724
1
0
1.424
1.524
0.3
1.324
0.3
1.424
1.624
0.1
0.2
0.1
0.2
0
0.1
0.6
0.3
0.4
0.2
1.924
0
0.2
0.3
0.4
0.5
2.524
0.2
2.424
0.1
0
0
0.5
1.724
0.2
1.324
0
0.2
0.1
1.224
0
1.824
2.424
0.2
0.1
0.7
1.524
0.3
1.324
0.4
0.1
2.224
0.1
0.3
0
0.8
1.324
1.1
2.524
1.924
1.224
1.624
1.424
3.324
0.1
1.924
1.724
0.5
0
3.824
1.3
4.324
0.1
1.224
1
0.1
2.524
1.424
0
1.2
1.324
0.2
0
0
0.2
0.2
1.624
0.1
0.6
1.424
1.624
1.224
1.224
1.524
0.2
1.824
2.024
6.224
0.8
0.9
2.124
0.2
0.1
1
1.3
0.8
0.2
0.2
0.3
0
0.5
1.824
0.4
1.324
0.3
3.8
0
1.224
1
1.524
0.5
1.5
0.6
0.1
2.524
0.7
2.224
0.3
0
2.824
0
0.1
0.3
1.924
0.2
0.2
0.1
1.224
1.4
0.4
0.1
0.2
1.424
0.1
1.224
0.1
1.224
0.1
1.424
1.8
2.2
0.1
1.424
1.424
0
0.2
0.7
0.1
0
5.224
2.124
0
1.824
0.6
1.224
1.324
0
1.224
0.9
0.1
0.1
0.2
0
1.724
0
6.2
1.424
0.1
1.9
2.9
0
1.224
1.624
0.4
1.624
0
0
0.5
1.224
1.224
0.1
0.4
4.424
0
1.524
0
0.1
0.2
1.524
0.2
0.6
0.4
0
0.3
1.324
3.024
0.4
0.1
1.424
0.2
0.9
0
1.324
0.4
0.1
1.324
0
0.5
2.424
0
3.024
3.9
1.724
1.524
0.7
0.2
0
1.624
0.2
0.2
0.3
1.424
0.1
0
0.6
0.1
1.5
1
1.224
1.424
3.524
0.5
0.8
1.824
0
0
1.324
0.3
0.8
2.024
0.8
0.4
0
0
1.524
2.124
1.424
1.3
1.824
1.224
1.924
1.924
2.124
1.4
4.024
0.2
1.724
0.4
0
1.224
0
1.524
0
0
1.824
1.424
0
0
1.224
0.7
0.3
0
0
0
0.1
0
1.224
0.6
1.724
5.624
0.4
2
0.4
0.8
4.2
0.1
0.1
0.2
2.6
0
0.2
0.4
1.4
1.524
1.524
0.4
1.724
0.5
0.6
2.424
2.924
1.1
0.6
0.2
4.024
0.2
1.424
0.3
0.1
0.6
1.524
0.1
0.7
1.624
0
0
0.3
1.424
1.424
0.3
2.224
1.2
1.424
0.1
6.7
1.524
1.324
1.624
0.2
1.6
3.7
2.5
1.224
2.524
0.3
0
1.2
1.524
1
2.424
0.4
0.8
0.6
2.024
0.7
5.9
1.424
0.4
0
0.3
2.624
1.324
2.924
0
1.624
0.1
1.2
0.1
1
1.224
0.3
1.1
2.424
0.5
0.5
0.2
2
0.2
1.324
1.424
3.224
1
1.224
1.824
1.524
1.324
1.524
0.5
3.124
1.224
0.5
2.024
3.724
1.324
1.324
0.1
1.924
2.2
0
1.524
2.324
3.224
0.1
1.624
0.3
2.524
0.1
0.2
1.224
2.9
1.2
0.4
2.124
1
1.1
1.1
0.1
1.6
0.1
1.1
0
2.124
0.3
0.1
0
0
0
0.7
0
1.224
1.424
0.3
2.324
1.624
1.224
1.824
6.224
0
7
0.3
1.224
1.224
0.1
0
0.1
1.424
0.1
0.6
0.2
0.6
0
0.2
1.624
0
1.224
8.6
0.5
0
0
2
1.4
10.224
2.9
1.224
8.024
0.8
0.1
1.624
0.2
0
0
0.4
0.1
1.524
0.1
0
1.824
0
0.2
0
0.1
0.3
0.6
0.1
0.4
0.4
0.2
0.4
0
0.3
1.424
0.6
1.524
0.8
0.1
0.2
1.824
0
0.1
0
0.9
1.7
1.224
2.124
2.124
1.324
0.1
0
0.2
0
0.1
1
0.7
1.524
1.624
0.4
0.4
0
0.1
0.8
0.3
0
0
0.2
1.224
0.1
0.9
8.724
1.824
1.324
3.124
4.6
2.524
