1.2
0.7
4.6
0.9
1.524
0.4
0.7
1.836
0.3
0
0.4
0.3
1.924
3.3
3.7
1.936
1.224
0
0
0.8
0.2
0.5
0
0
0.6
0.3
0.6
0.7
0.2
0
1.836
0
5.9
1.224
1.824
4.436
2.036
0.3
0.2
1
0.3
4.3
1.836
0.3
0.3
0.1
1.4
2.224
0.6
0.7
0.2
0.1
1.1
1.324
0.2
2.036
1.324
1.324
0.2
1.1
5.124
2.124
0.4
2.9
1.9
0.5
1.324
1.424
0.7
5.724
1.6
3.424
1.624
0.3
5.4
1.8
4.484
0.5
1.224
0
2.1
1.424
0
1.324
0.1
1.224
1.324
0
0
4.724
0.1
0.2
1.224
1.324
1.224
2.536
2.536
1.424
1.524
1.836
0.1
2.824
3.824
0.1
1.836
0.1
0
2.5
1.324
1.624
2.124
1.424
0.1
1.424
0.1
0.6
0.2
1.424
0.1
0.2
10.224
0
0.4
1.924
1.624
1.224
0.7
0.2
1.324
1.924
0.6
0.1
1.524
1.224
0.4
0.6
0.7
1.424
1
2
0.3
1.624
1.224
0.6
1.224
1.424
0.3
1.824
0.2
1.424
0.2
0.5
0.8
0.2
1.7
1.7
1.724
0.2
2.6
0.1
0.4
1.324
0
1.424
0.5
1.324
2.036
1.324
0.7
7.7
1.424
2.824
1.324
0.3
1.524
3.136
1.324
2.448
0.2
0.8
0.4
3.748
0.4
1.724
2.4
2.524
1.9
1.524
1.524
1.224
0.6
0
0.2
2.224
1.624
0.7
0
0.3
0
1.6
2.324
1.836
0
2.024
4.1
1.224
0.3
1
0.3
0
0.1
0.7
1.3
1.224
0
11.424
0.1
6.024
0
1.224
1.224
1.224
3.1
1.324
0.1
0.4
0
0
1.1
1.224
0.5
0
1.524
0.1
0.4
0
10.124
0.2
0
0.3
0.1
1.6
1
0.1
1.224
0.2
2.648
4.284
0.1
3.1
0
1.924
1.624
1.224
0.3
0.1
1.324
3.724
0.5
0.5
0.1
1.224
0.3
1.1
1.224
1.224
2.8
1.324
0
0
0
0.5
0
0.3
6.324
0
0
2.648
1.324
3.06
3.06
2.648
3.448
1.224
1.624
0.1
1.324
1.424
1.624
0
0
1.324
1.224
6.724
0
0
3.16
2.536
3.46
2.036
2.536
3.16
2.336
2.936
2.436
3.06
5.36
3.66
1.936
3.86
3.56
3.06
3.56
1.836
1.836
2.436
1.836
2.036
3.672
2.036
1.936
2.636
3.136
3.236
4.16
1.936
3.26
3.26
1.936
3.06
6.636
5.296
3.26
3.036
2.036
3.06
3.06
1.936
5.936
1.836
3.06
1.936
29.02
3.76
3.536
3.236
3.36
2.636
6.672
3.36
2.036
3.46
7.36
12.06
1.836
2.136
3.672
3.36
1.936
4.96
2.736
3.772
0.2
0
1.224
0.1
0.1
1.224
0.2
0.1
0.1
0
0.3
0.1
0
1.224
5.248
0.1
0.2
0.4
0.7
2.3
3.06
1.224
1.836
0.9
1.624
1.2
0.2
0.1
0.2
0.4
4.9
1.424
0.7
0.4
0
0.4
0
0
0.1
0.2
0
3.448
2.648
0
2.548
2.448
0.7
0
3.8
1.6
1.624
0.1
0.3
1.924
0.5
0.1
1.424
1.824
0.2
0.3
2.224
2.3
0.3
0.4
0.2
1.424
1.1
0.9
1.324
2.124
0.1
0.8
0.7
0.9
0
4.524
0.8
0.7
0.2
0.3
1.324
0.3
0.4
0
4.284
1.324
1.1
0.2
0.5
0
0
2.324
1.524
0
0.6
2.548
0.2
3.1
0.5
1.524
0.1
1
0.2
1.224
0.5
5.8
1.8
0.1
1.2
6.824
0.1
0.6
1.8
1.1
1.5
1.224
0.9
0.8
1.324
0.1
0
0.2
0.4
0
1.224
1.2
2.136
1.224
0.1
2.448
0.2
1.824
0.3
0
0
0.2
2.224
0
0.2
2.224
0.6
0.1
0.2
2.648
0.3
2
0.2
1.224
0
1.724
0.2
0
1.424
1.524
0.1
0.4
0
1.224
5.424
0
1.224
0
0
2.624
2.624
2.548
0
0
0.2
0.4
1.1
0.2
0.2
2.648
0.1
0.6
0.2
1.1
1.2
2.448
1.624
0.4
2.336
0.5
1.4
1.1
1.224
0
0
0.4
0.2
0.1
0.2
0.1
0
0.8
0.1
0
1.824
0.2
1.324
1.224
2.624
0
2.024
0.7
0.7
0.3
0
0.3
1.224
0
0
0
0.1
0
0.2
4.2
0.6
0
1.324
0
0
1.424
1.224
0
0.1
0.4
0.3
0.4
1.224
0.9
0.1
1.224
0.2
0.2
0.3
0
1.224
0
1.624
0
0
0.4
1.3
0.3
1.936
1.836
0
1.524
1.9
1.324
0.2
2.1
0.3
0.1
4
0.7
1.836
0.7
0.1
0.8
1.524
0
0.8
0.8
1.524
0.1
1.936
1.324
0.1
0.3
1.224
0.3
0.2
3.16
0.2
0
0.5
0.3
0
2.448
1.4
1.424
0.1
1.1
0.1
0.6
1.224
0
0.2
0.9
0.3
0
0.6
0.1
0
0.7
2.9
0.1
1.1
0.1
1.424
1.324
1.224
0.1
1.524
0
0
0.2
0.3
0.2
2.124
0
1.224
1.3
0.9
0.7
0
0.5
4.26
0
0.2
0.1
0.1
2.124
0.2
0.8
1.524
0
0
2.748
0.2
0.4
1.224
4.16
1.224
0
0
1.624
2.036
1.824
1.324
0.5
0.1
1.924
0.6
0.1
0
1.324
0.1
1.424
1.224
0.1
0.3
1
0.1
1.324
0.4
0.5
0.2
1.424
0.1
0.2
3.16
1.424
0.2
1.424
5.8
0.1
0.5
0.2
0.1
0.1
1.324
0
0.7
2.336
0.2
1.424
1
2.024
0
1.724
0.2
1.224
1.524
1.224
0.1
0.6
1.724
2.548
0.2
0.2
1.224
7.2
3.624
0.3
1.1
2.324
1.324
1.224
0
0.2
0
0
0.3
1.424
1.2
0.5
0
1.224
1.224
0
0.1
0.2
0.1
0.1
0.2
0
1.936
0.1
2.448
0
0.1
0.8
3.06
0.6
2.2
0.4
0.3
1.324
1.624
0.2
0.1
1.424
2.536
6.624
0.2
0.1
0
0.3
3.26
0.1
2.924
1.224
0.3
0.2
0
1.924
0
0
0.5
1.424
0
0.1
0
0.4
0.3
1.224
0
0.1
1.224
0.2
0.2
0
1.224
0.2
1.224
1.324
2.124
0
2.036
0.1
0.2
0
0.2
0
0
1.524
0.2
1.624
0
1.224
2.548
0
0
2.648
1.424
1.224
2.224
1.324
0
0.1
4.948
1.824
0.2
1.324
0.5
0.2
0.3
0.2
0.9
1.4
0
4.024
1.424
0.1
1.224
0.3
1.524
0.1
0
2.3
3.824
0.1
0.3
0
0.1
0.2
0.3
0.4
0.2
0.1
3.16
1
0.2
1.224
2.236
0
2.236
0
0.3
1.224
0
1.324
2.848
0.1
0.1
0.2
1.324
1.324
1.524
2.1
1.624
0.3
1.224
0.9
0.1
0
1.224
1.2
1.224
0.9
0.6
0.2
0.7
1.524
0.1
1.3
1.8
0.2
1.224
0.2
3.36
0.3
2.448
4
2.448
4.124
2.848
2.124
1.824
0.4
1.224
2.624
3.048
0.5
2.536
0.1
0
0
0.4
0.2
1.324
0
0.4
0.4
0
0.5
5.724
1.324
3.448
1.324
0.2
0
0
0.2
0.5
2.524
0.7
0.8
1.224
3.424
0.1
1.224
0.2
0.3
0.4
1.224
1.624
1.924
0.1
1.2
0.5
0.2
1.624
1.424
1.924
0.1
0
1.224
1.324
1.324
0
0.9
0.3
0.2
0.7
1.624
3.636
2.124
0
0
2.524
1.5
1.836
0.6
3.4
0.6
1.7
0
0.1
0
1.924
2.824
0.4
1.324
1.224
1.836
4.3
0
5.224
0.3
1.424
0
2.524
1.224
3.136
2.036
0.7
0.6
0
3.924
0.6
2.548
0.2
0.1
0
0.1
0.3
0
7.424
0.2
1.1
0
0.1
1.324
2.224
1.224
3.06
0
0
0.1
0.1
1.6
2.624
0.7
0
0.1
0.6
1.224
0.2
0.2
0.5
7.4
0.5
0.4
0.5
0.2
4.8
1.524
0.4
0.1
2.3
0.2
2.524
0.1
0
1.424
1.224
2.2
0.3
1.5
0.2
0.2
0
1.224
0.3
1.824
0.3
0.3
1.5
1.324
0.9
0.4
1.824
0.2
0.2
2.024
1.2
1.524
1.624
0.6
1.724
3.048
0.2
1.624
1.424
0
0.5
0.9
0
2.2
0.3
0.4
1.224
1
0.1
3.2
1.624
0
2.648
0.9
1.524
1.224
2.648
0.3
0.1
4.824
0.7
1.224
2.648
0
3.124
0.1
0.4
0.1
1.224
1.724
1.824
0.8
1.524
0
1.4
0.4
0.1
1.924
2.124
0
0.7
0.3
0.2
0
0.4
1.724
1.524
0.3
0.5
0.5
1.224
0.1
1.324
1.224
0.2
1.224
1.324
1.1
2.548
0
1.224
0.6
0.5
0.7
0.6
0.2
0.6
2
1.8
0
3.7
0
0
0.8
1.4
1.624
3.348
1.324
3.5
1.724
0
0.1
0.3
0.1
1.2
1
1.624
0.2
0.1
0
0.9
0.4
1.324
0.2
1.224
1.224
0.5
4.1
0.1
2.1
1.224
0.5
1.524
2.024
2.524
0.7
3.648
1.924
0.3
0.2
12.948
0
0.1
0.4
1.224
0.4
1.324
1.724
1.924
0.2
1.2
1.424
0
0
1
1.324
0.5
2.8
1.224
3.948
2.024
0
0
0.4
0.1
0
0
0.1
0.2
0.1
1.424
1.524
2.648
2.124
0.7
1.3
3.348
2.024
0.8
0.7
0
1.936
0.1
8.824
2.4
0.2
1.324
2.024
0
1.524
1.524
1.724
2.424
0.8
1.324
1.424
0.2
1.624
2.124
0
1.324
0.9
0.2
1.2
5.624
1.224
0.4
0.1
1.224
0.6
1
0.1
0.2
1.924
0.3
0.5
1.424
0.4
0.8
2.124
0.8
0.5
0.5
1.424
1.324
0.1
0.5
0
1.324
0.1
0.6
2.224
1.224
0.2
0
0.7
0
0.4
2.8
1.8
0.3
2.524
0
2.824
1.224
0
3.1
0.8
0.2
1.224
2.036
1.524
1.424
0.1
2.224
0.3
1.424
1.324
0.5
0.3
0
1.6
1.324
0
0
1.524
0.5
2.5
1.724
0.3
0.1
1.324
1.4
0.6
0.3
2.124
0.1
0.1
1.724
1
2.324
1.836
0.2
0.1
0.6
0.2
1.5
0.7
0.8
1.324
0.1
0.2
0.1
0
1.424
3.048
1.324
1
0.1
0.3
1.224
0.1
0
0.5
0.5
0.7
0.4
1.6
1.224
1.224
1.224
0.4
0.3
0
0.2
0.1
0
2.548
0.1
1.224
1.424
1.5
0.1
1.424
3.148
1.524
1.524
0.3
1.224
0.2
1.4
2.648
0.2
4.284
1.2
0.3
1.7
0.9
1.2
1.224
1.624
0.4
1.2
0
1.724
0.8
1.824
0.1
1.8
1.3
2.3
0.2
0
1.924
1.224
1.6
0
0.1
1.2
0
0.5
0.1
1.224
0.1
0.1
1.524
0.1
1.724
0.1
0.2
0
1.224
1.224
0
0.4
1.824
4.9
0.9
1.824
0.9
0.1
1.524
2.124
4.76
3.66
1.424
0.3
2.848
0.1
0.9
0.6
0.7
0.1
1.936
4.624
0.2
0
1.4
0
1.824
3.324
2.524
2.548
2.324
0.9
0.5
0.4
0
3.748
1.224
1.424
0.9
0.7
0.1
1.424
0
1.224
3.424
0.4
0.1
0.6
1.324
1.324
1.324
1.224
0
1.324
0.2
1.1
1.8
1.324
0
0.4
0
0.1
0.1
1.224
2.448
3
0.4
1.524
0.3
0.3
0.1
0.1
1.324
0.1
3.148
1.324
1.324
0.2
1.624
0.5
1.324
6.724
0.2
1.224
1.4
2.7
1.224
1.224
0.3
1.724
0.4
0
0.1
0.4
0.1
0
1.224
2.848
3.5
0.1
1.324
1.224
1.224
0.1
0.3
0.3
3.248
3.348
0
1.524
0.1
1.4
1.924
0
0.1
1.224
1
0.1
0
2.448
1.424
1.324
0.1
0.2
0.6
0
3.224
5.536
0.5
1.1
0.2
0.2
0
1.424
0.6
1.524
1.224
0.2
0
0.3
0.8
1.324
2.924
2.024
0.4
0
1
0.8
2.024
1.1
0.2
0
0.1
0.5
2.424
1.924
2.424
2.024
0.1
0
0.3
0.6
0.1
0.9
0.5
0
0.4
1
0.4
3.124
2.8
0.5
0.4
1.824
1.224
0.1
0.3
1.624
0
0
0.3
0
0.1
2.448
0
0.6
1.324
1.224
1.324
2.448
3.06
0
0.1
0.8
1.624
4.924
1.824
2.524
0
2.524
3.5
2.648
1.224
1.424
2.4
0
0.1
1.424
0.9
0.3
0.4
0.8
0.1
0.2
0.4
1.4
1.5
1
1.4
0.3
2.9
1.224
0
1.424
1.836
0.8
0.9
0.1
2.024
0.9
0
0
2.336
0
0
0.1
0.8
1.2
0.2
0.1
7
0.7
0
0.6
0.3
2.624
4.924
2.8
0
2.124
1.324
1.224
1.5
1.324
2.124
1.1
0.5
1
0.8
0.5
0.6
6.224
0.1
1.624
0
1.324
0.9
0
1.3
0.4
0.3
1.224
1.3
1.424
1
0
0.1
2.624
0.4
0.6
2.024
0.1
2.924
1.924
0.1
0.1
1.8
1
0
0.3
0.1
0
1.324
3.148
3.024
0.1
3.148
0.8
2.5
0
0
2.748
0.8
1.8
2.548
0.2
0.6
2.6
1.936
0.5
0.3
2.224
2.548
0.4
0.2
3.924
2.424
1.424
0.7
2.024
1.4
2
0
1.1
3.26
1.924
1.624
2.324
0
0.2
1.224
0
0
1.4
1.224
1.224
0.1
0.4
1.9
0.2
0.1
0.5
4.1
1.224
7.5
0.4
0.3
0
1.324
1.224
0
0.2
0.5
1.4
0.1
0.8
1.224
0
0.1
0.2
0
7.1
2.136
1.224
0
2
1.2
8.224
2.6
1.224
5.2
0.9
0.2
0
0.1
0.1
0.2
0.4
4.996
1.324
0.1
0
0.4
1.224
0.2
0.3
0.1
0.4
0.8
1.424
1.924
0.7
0.2
3.56
0.1
1.624
0
0.6
1.424
2.224
0.2
0.3
0.2
3.06
0.3
0
1
1.6
1.224
0.7
1.1
0.2
1.224
1.224
0.1
0.1
1.224
1.2
0.7
0.3
0.6
0.3
1.524
1.424
1.324
2.948
2.848
0
1.224
2.848
0
1.324
1.5
8
0.6
0.1
1.9
4.2
1.2
