1.224
0
0.4
0.1
1.224
0
0
0
0
0
0
0
1.224
0.2
0.4
0
1.224
0
0
0
0
0
0
0
0.2
0
1.324
0
0
0
0
0.1
0.7
0
1.224
0.2
0
0
0
0
0
1.724
0
0
0
1.02
1.324
1.324
0
0
0
0
0
1.224
0
0
1.324
1.224
0
1.02
1.724
1.324
0
0.1
1.424
0.2
1.224
1.224
1.12
1.624
0
1.524
1.424
0
1.824
0.2
1.224
1.12
1.224
0
0.1
1.224
0
1.224
0
1.224
1.224
0
0
1.624
0
0
2.448
1.224
1.224
1.02
1.02
1.224
0
0
0
1.224
1.624
0
1.224
0
1.324
0.2
1.224
0
2.448
2.548
0
1.224
0
1.02
1.224
1.224
0
0
1.924
0
0
1.324
1.224
0
0
0
0
2.344
1.224
0
1.224
0
1.224
0
1.02
2.244
0.1
1.324
0
1.224
1.224
0
1.224
2.244
1.02
1.324
0
1.324
0
0
0
1.224
0.1
0
2.548
0
1.324
0
0
1.224
0
2.448
1.224
1.224
0.1
1.224
1.324
0.6
1.224
1.424
3.468
0
3.468
0
2.244
1.224
0
0
0.1
1.224
0
1.324
1.624
1.324
0
1.224
1.224
1.224
0
0.1
0.1
1.324
1.224
0
0.1
1.224
0
0.1
1.224
0
1.224
1.324
0.2
1.224
0
0.1
0
0
0
0
0.2
1.224
0
3.348
0
3.148
0
1.224
1.224
0
0.3
0
0
0
0
0
0
1.224
0.1
0
1.324
0
0.1
0
1.724
0
1.224
0
0
0.2
0
1.02
2.448
0
2.448
1.324
0
0.1
0
1.324
1.324
2.244
0.2
0
1.224
1.524
0
0.1
0.1
1.224
0.1
1.02
0
1.224
0.3
0.1
0
0
0
0
0
0
1.624
0
0
1.224
2.448
4.284
2.448
1.224
1.324
0
1.224
0
0
0
1.224
0
0
0
1.224
1.724
0
1.224
1.836
3.16
3.06
3.06
2.036
4.284
1.836
1.836
1.836
3.06
3.26
3.06
1.836
3.06
3.06
3.06
3.06
1.836
1.836
1.936
1.836
3.06
1.836
3.16
3.06
1.936
3.06
3.06
3.06
1.836
3.06
1.836
1.836
3.06
2.036
3.16
1.836
2.036
1.836
3.06
1.836
1.836
3.46
1.836
4.284
1.936
3.76
7.824
1.936
1.836
1.836
1.936
3.36
4.384
3.16
4.284
3.56
4.984
1.836
1.836
1.836
4.284
1.836
3.26
1.836
1.836
0
0
1.224
0.1
0
0
0
0
0
0
0
0.1
0
1.224
1.424
0
0
0
0
0.1
0
1.224
0
0.1
0.1
0.2
0.1
0
0
0
0.4
1.224
0
0
0
0
0
0
0.1
0
0
1.324
1.224
0
1.224
1.224
0
0
0.4
0.1
1.224
0
0
1.224
0
0
2.548
1.224
0
0
0
0.2
1.224
0
0
1.224
0.1
0
1.224
2.448
0
0
0
0
0
2.648
0.1
1.224
0
1.224
1.224
1.224
0
0
1.224
1.224
0
0
0.2
0
0
1.224
1.224
0
0.1
1.324
1.224
0.2
0
1.224
0
0
0
1.324
0
0.4
1.524
0
0.1
0.5
0
0
0
0
0.1
1.224
0.1
0
1.224
0.1
0
0
0
0
1.224
0.2
0
1.224
0
1.224
0
1.324
0
0
0
0
0
0
0
2.244
0
1.224
0
1.224
0
0
0
1.224
0
1.224
0
0
0
1.224
0
0
0
1.224
2.648
0
1.224
0
0
0.1
1.324
1.224
0
0
0
0.1
0.1
0
0.1
1.224
1.224
0.1
0
0
0
1.224
1.224
0
0.1
0
0.1
0.1
1.324
0
0
0
0
0
0
0
0
0
0
0
1.324
0
1.224
1.224
2.848
0
1.224
0
0
0
0
0
1.224
0
0
0
0
0
0
0.7
0.1
0
1.224
0
0.1
0
0
0
0
0
0
0
2.448
0.1
0
1.224
0
0.1
0.1
0
1.224
0
1.224
0
0
0
1.224
0
0
0
0
1.324
0.1
1.424
0
0
0
0
0.1
0
0
0
0
0.1
1.324
0
0
0.1
0
0
0
1.224
0
0
1.224
0
0
0
0
0
0
0.1
0
1.224
1.324
0
1.224
0.1
0
0.1
2.548
0
0.1
0
0.1
0
0.1
0
0
0.2
0
0
0
0
1.224
1.224
0
0
1.224
0
0
0
0
0
1.224
0
1.224
0.2
0.1
0.1
0
0
0.2
0
0
0
0
1.324
0
0.1
0
0
0
1.224
0
0
1.224
0
1.224
0
0
0
0.1
1.324
2.448
0
0
0.1
0.1
0
0
1.224
0
0
1.224
1.224
0
0
0
0.1
0
0.1
0
1.224
0.1
0
0
0
0
0.1
1.624
0
0.1
0
0.1
0
1.224
0
0
0
1.224
1.224
0
2.448
0
0
0
1.224
0
1.224
0
0
1.224
1.224
0
0
1.224
0.5
0.5
0
1.324
1.224
1.224
1.224
0
0
0
0
0
1.224
0
0.1
0
1.224
0
0
0
0
0.1
0
0
0
0
0
1.224
0
0.1
0.2
1.224
0.1
0.3
0
0
0.1
1.224
0
1.324
1.224
0.1
1.624
0
1.224
0
0
0
0
2.748
1.224
0
0
1.224
1.324
0
0
0
0
0
0
0
0
0
1.224
0
0
1.224
0
0
1.224
0
0
1.224
1.224
1.224
0
0
0
0.1
0
0
0
0
1.224
0
0
0
1.324
1.224
0
0
1.224
1.224
1.224
0.1
0
0
0
1.324
2.448
0.1
0
0
0
0
0.1
0
0.2
1.224
1.424
2.448
1.224
2.448
0
1.224
0
0
0.1
1.324
0
0.1
0
0
0.1
0
0
0
0
0
1.224
0
0
0
0
0.1
0
0
1.224
0
1.224
1.224
0
0
0
1.324
1.224
1.324
0.2
1.324
0
1.224
0
0
0
1.224
0.1
1.224
0
1.324
0
0.1
1.324
0
0.2
0.4
0
1.224
0
1.224
0.1
1.224
1.424
1.224
1.424
1.224
0
1.224
0
1.224
1.224
1.224
0.1
0.1
0
0
0
0
0
2.244
0.1
0.1
0
0
0.2
1.824
1.224
1.324
1.224
0.1
1.224
0
0
0
1.224
0.1
0.1
0
1.424
0
1.224
0
0
0
1.224
1.224
1.224
0
0
1.224
0
1.324
1.224
1.224
0
0
2.448
1.224
1.224
0
0.2
0
0
0
0
0.3
1.224
0
0
1.224
0
0
0
0.4
0
0.1
0
0
0
1.324
1.524
0.1
1.224
1.224
0
0.2
0
2.948
0
0
0
1.324
0
0.2
0
1.224
0
1.02
1.424
0.1
1.224
0
0
0
0
0
0
1.624
0
0.1
0
1.224
2.448
0
1.224
1.224
0
0
0
0
0
2.548
0
0
0
0
0
0
0.1
0
0.7
1.324
0
1.224
0
0.3
0
0.1
1.224
0.1
0
1.524
0.1
0
1.224
0
0.1
0
0
1.224
0
0
1.224
0
1.224
0
0
1.12
0
0.2
0
2.648
0
0
1.224
0
1.324
1.224
0
2.448
1.324
0
0
1.224
0
0
0
1.224
0.3
0
0
1.224
0
1.224
0.1
1.224
0
1.224
0
1.224
1.224
1.324
1.224
2.244
1.524
0
0
1.224
0
1.224
0
0
0
1.224
2.448
1.224
1.324
0
0
0
1.12
0
1.224
1.324
0
0
0
0
0
1.324
1.224
1.224
0
1.224
1.02
1.224
1.224
1.224
2.448
0
1.224
0
0
1.224
0
2.448
0
0
0
0.1
1.224
0
0
1.424
0
0.3
0
1.224
0
0.1
1.224
1.224
1.224
0.1
1.224
0
0
0
1.224
1.324
0.1
0
0
0
0
0
0
1.224
0
1.224
2.448
0.2
1.424
0
0.1
0
0
1.224
1.224
0
0
1.224
0
0
0
2.124
0
0
1.224
2.448
0.1
0
1.224
1.224
0
1.224
1.224
0.1
0
0
1.224
0
0.1
0
1.324
0
0
0
1.224
0.1
0
0
0
0
0
0
1.224
1.324
1.324
0
0.1
1.324
1.224
0
0
0
0
0
1.924
0.4
0
1.224
1.224
0
1.224
0.1
1.224
0
0.1
0
2.448
0
1.324
1.224
1.224
1.224
0
0
0
1.724
1.224
0
0
1.224
1.224
0.1
0
0
1.224
0.1
0
1.224
0
0
1.224
0
0
1.224
1.224
1.224
0
0.2
0
0
0
0
0
2.448
0.1
0
0.1
0
0
0.2
0.1
0
1.224
0
2.548
1.224
0
0.2
0
0
2.448
1.224
1.224
1.224
0
1.224
0
1.224
1.224
0
0
0
0.3
1.224
0
0
1.224
0
0.1
1.324
0
0.1
1.224
0
0
0
1.324
0
0
1.224
0
1.224
0
0
0
0
0
0
0
0
1.224
0
0
0
1.224
1.224
1.324
0
0
0
1.324
1.224
0
0
0
0
0
0
0
1.224
1.224
1.224
0
0.1
0
0
1.02
0
1.224
0
0
1.224
0.2
0
1.224
1.224
0
1.224
0
1.224
0
0
1.224
0
1.224
0.1
1.324
0
0
1.224
1.224
0
0
0.1
0
0
0
1.324
0
0.1
2.04
0.1
0
1.224
2.548
1.224
0.1
1.02
0
0.1
0
0
0
1.224
1.224
0
2.448
1.224
0
0
0
0
0
0
0
0
0
0.4
0
1.224
0
1.224
1.224
1.224
0
0
0
0.1
1.324
0
1.12
0.1
0
0
0
2.648
1.224
0
0
0
1.224
1.324
2.548
1.224
2.548
0
0
0
0
1.224
1.224
1.224
0
0
0
1.324
0
1.224
0.1
1.224
0
0
1.224
2.448
0
1.224
0
1.224
0
0
0
0
1.02
0
1.224
0
0
1.224
1.224
1.424
0
1.224
0
0
0
0
0
1.02
1.324
1.224
1.324
0
0
0
0
2.548
1.224
1.224
0.1
0.2
1.224
2.448
0
0
0
0
0
0
0
0
0
1.224
0.3
0
0
0
1.224
0
0
0
1.224
1.224
0
2.548
0
0
1.224
0
0
1.224
0
1.224
0
1.224
1.224
2.448
0
0
0
0
1.324
0.1
0
0
0
0
0
0
0
2.448
0
0
0
0
0
1.224
1.224
1.324
0
0
0
1.02
1.324
0
0
0
0
0
1.324
1.224
1.224
1.324
0
1.224
0
1.324
1.224
2.04
0
0
0
0.2
0
1.324
1.524
0
0
1.224
1.224
0
1.02
0
0
0
0
0
0
1.224
0
0
1.224
1.224
0
1.224
2.448
0
0
0
1.224
1.324
1.224
1.224
0
1.224
0.3
1.224
2.448
1.224
0
0
0
0
0.2
0
0
0.1
0
0
0.1
0
0
0.1
0.1
0
0
0
0
0
0
0
0
1.224
1.224
0
0
0
0
0
0
0
0
1.22
0
1.224
0.3
0
0
1.224
0
1.224
0.2
0
1.224
0.1
0
0
0
1.224
2.548
0
0.1
0
1.12
0
0
2.748
0
0
0
1.324
0.1
0.1
1.424
1.224
0
0
0.1
0
0.2
0
0.1
1.324
0
0.1
1.224
2.04
1.624
1.224
1.224
0
0.1
0.1
0
0
0.1
0
1.224
2.448
1.524
0
1.224
0
0.2
1.224
0
1.224
0
0.2
1.224
0
0
0.1
0
1.224
0
2.448
1.224
0
0
0.2
1.324
1.224
0
1.424
0
0
1.224
0.1
0
1.324
0
0
0
0
1.224
0
0
1.324
1.224
1.224
0
0
0.1
0
0
0
0.2
1.224
1.924
0
0
0
1.224
2.244
0
1.324
0
0
1.224
0.1
2.448
0
0
0
0
0.2
0.1
1.224
0
0.1
0
1.924
0.2
1.224
1.424
0
0
0
1.02
0
0
0.1
1.224
1.224
0
0
0.1
1.224
0
0
0
0.2
0
0
1.324
0.1
0
0
0
1.224
0
1.224
1.224
1.224
0
0
1.224
1.224
0
1.224
1.324
0
1.224
0
0.2
0
2.448
1.224
0
0
1.224
0
0.2
1.224
1.324
0
1.224
1.224
1.224
1.224
1.324
0
1.224
1.324
0
1.224
0
1.824
1.324
0
0.1
0.3
0
