1.424
0
0.6
0.4
0
0.1
0
0
1.224
0
1.224
0
0.1
0.5
1.2
0
0
0
0
0
0
0.1
0
0
1.624
0.1
0.1
0.1
0
0
0.1
0
3.224
1.224
0.1
1.624
1.224
1.224
0.1
1.624
1.624
1.1
0
0
0.2
0
0.4
0.2
1.424
1.624
0
0.1
1.424
0
0
0.1
1.224
0
1.224
0.4
1.2
0.4
0
0.9
0.5
1.524
0
0
0
1.3
1.524
1.724
1.524
1.224
2
2.024
0
0
0
1.224
0.3
0
0
0.1
0
0
0
0
0
0.6
1.224
0
0
0
0
1.624
1.324
1.224
0
0
0
0.3
1
1.224
0
1.524
1.224
0.9
0.3
1.224
1.424
0
1.224
0
0.1
0.3
1.324
0.1
1.324
1.224
2
0
0
1.724
0.1
1.224
1.424
0
0
0.3
1.724
0
0.4
0
0
0.3
0
0
0.2
0.7
1.324
0.3
0
0.1
0
0
0
0.2
1.324
0.1
0.1
1.424
1.524
1.224
2.024
1.824
0.3
0.1
2.624
0
1.524
0
1.224
0
0.2
0
0
1.224
0.2
2.4
1.224
1.524
0.1
1.224
0.1
0.6
0
0
0.1
1.624
1.224
0.4
0
0.1
0.9
0.3
0.6
0.1
0.1
0
0.2
1.324
1.424
0.5
0.1
0.3
0
1.324
1.224
0.4
1.424
0
0
0.1
2.324
0
1.324
1.424
0.1
1.224
0
1.324
0.2
0
1.224
2.9
1.424
1.1
0
0.1
0
0
0.7
0
0
0.2
0
0
0
1.224
0.3
0
0.1
0
0.3
0.1
2.6
0.1
0
0.1
0
0.1
0.2
0.1
0
0
0
0
0
0.3
0.1
0.1
0
0
0
0.2
0
0.7
0.1
0.2
0
1.224
1.424
0.6
0
1.224
0.3
0
1.224
0
1.224
1.624
1.224
0
0.7
0
0
0
1.224
3.06
0
0
0.3
0
0.5
1.324
0
0
0
0.1
0
0
0
0.4
0
0
1.836
1.836
1.936
3.06
1.836
3.26
1.836
1.836
1.936
1.836
2.436
3.66
1.836
3.46
1.836
1.836
1.936
1.836
1.836
1.936
3.06
1.836
1.836
2.036
3.16
1.836
3.96
2.436
2.436
3.06
1.936
1.836
1.836
1.836
3.036
1.836
1.836
2.336
1.936
1.836
1.836
1.836
6.16
3.06
1.836
3.16
3.536
1.936
9.26
2.036
3.16
2.236
3.036
3.16
3.16
3.36
3.236
4.136
1.836
1.836
3.06
1.836
1.836
3.46
3.36
1.936
1.224
1.224
0
0
0
1.224
0.1
0
0
0
0
0
0
0.1
1.3
0
0
0.1
0
0.6
0
0
0
0
0
1.324
1.224
0
0
1.224
0.9
0.1
0.1
0.1
0
1.324
1.224
0
0
0
1.224
0.1
0.1
1.224
0
0
0.2
0
1.3
0.3
1.324
0
0.1
0.4
1.324
0
0.1
0.2
0.1
0
0.4
0.6
1.624
0.1
0
1.224
0.3
0.3
0
1.424
0.2
0.1
0.2
0.2
1.224
3.324
0
1.424
0.1
0.1
0.1
1.424
0.2
0.1
0
0
0
0.1
0
0
0
0.6
0.1
1.224
0.3
0
0.1
0.4
0
0.1
0
0.2
0
0
0.3
2
0.6
0
0.1
3.224
0
1.324
0.1
0.3
0.8
0
0.1
0.1
0.1
0
1.224
0.1
0.2
0
0
1.724
0.2
0
1.424
0
0.1
0.1
0.1
0
0
0
0.4
0
0.1
0.1
0.7
1.224
0
0
0
0.2
0.1
0
1.224
0.1
0
0
0
0.1
0
1.224
0
0.1
2.2
0
1.224
0
0.1
0.3
0.2
0
0
1.224
0
0.1
0.1
1.224
0
0
1.224
1.324
0
1.724
0.3
0
0.3
1.324
0.2
0
0.4
0.1
0
1.224
1.224
0.1
0
0
1.224
0
0
0.2
0.1
0
0.3
1.324
0
0
0.4
1.224
1.324
0.4
1.324
1.224
0
0.1
0
0
0
0
0
0
0
2.524
0
0
0
0
0
0.2
0
1.324
0
0
0
0
0
0.3
0
1.224
0.1
0.1
0
0
1.224
0
0.1
0
0
0.1
0.5
0.1
0.1
0
1.224
0.1
0.3
0.1
0
0.5
0.1
0
2.824
0.2
1.224
0
0
0
0.2
0
0.1
0.2
1.324
0
0
0
1.224
0
0.1
0.1
0
0.2
0
0
0.1
0
1.224
0
0.1
1.324
1.224
0.3
0
0
0
1.224
1.224
0
0.4
0
0
0
0
0.2
0.3
0
1.624
0
0
0
0
0
1.324
1.224
0
0.1
0.1
0
0.4
0
0
0
1.324
0.4
1.224
1.424
0.2
1.224
0.2
0
0
0.2
0
0
0
0.1
0
0.1
0.1
0.3
0
0.4
0
0
0
1.324
0
0.2
0.1
0.1
0.1
0
0.1
1.424
0.2
1.224
0
0
0
1.324
0.2
0.2
0
0
0
0.2
0.3
0
1.224
1.224
0
0
0.1
0.1
2
0.1
0.1
0
0
0
0.1
0
0
0.1
1.224
0.1
0.5
0.1
0
0
0.2
0
1.324
0
1.224
0.1
0.1
0
0
0
0
2.4
1.924
0.1
0.1
0.1
0.3
0
1.224
0
0
0
0.2
0.3
0.3
1.624
1.224
0
0
1.224
0
0
0
0
1.324
1.424
0.2
1.224
0
0
0
0
1.224
0.4
0.7
0
0.2
0.1
0.1
0.1
1.224
0
0.3
1.8
0
1.224
0
0.1
0
0
0.7
1.224
0.1
0
1.224
0.2
0
0
0.2
0.1
0
0
0
0.2
0.1
0.1
0
0.1
0
0.1
0.1
1.224
1.324
1.224
0
0
0.1
0.1
1.324
0.2
0
1.224
0.1
1.224
0
0.4
0
0.2
0
0
0
0
1.224
0.3
0.2
0
0.1
0.1
0
1.224
0.7
0
0
0
0
1.424
0
0
0.6
1.724
1.224
0.4
0
1.424
0
1.224
0
0
0
0.3
1.624
1.224
0
0
0
0
0
0.1
0
1.324
0
1.524
0
1.324
0.1
0
0.1
0
0.2
0
0
0
0.1
1.424
1.224
0.1
0.1
0
0.1
0.6
0.1
0
1.224
0.1
0
1.224
0
1.624
0
1.924
0.3
0.1
0
1.324
0
0.7
0.4
0
0
0
0
1.524
0
1.424
0
0.7
0
0.2
0.1
0.1
0
0.5
0
0.1
0.1
0.1
0
0
0.1
0
0
0
0.1
0
0
0.1
1.1
0
0.1
0
0.1
1.224
1.224
0
0.2
0.3
0
0.5
0.2
0.2
0
0
0
0
0.1
0
0.3
0
0
1.724
0.3
0.1
0
0.1
0.4
0
0
0
0
0.1
0.1
0.4
0.1
0.2
0.2
0.1
0.3
0
1.224
1.324
0.3
0.3
0
0.2
0.5
0.1
0.4
1.224
0
0
0.1
0.2
0.2
0.1
0
0
0.8
0
0.6
0
1.324
0
0.5
0
0.7
0.1
0.3
0.1
1.424
1.3
0.2
0
1.224
0
1.224
1.224
0.1
1.224
1.5
0
1.424
1.324
1.324
0
0.1
0
0
0.1
0
0.1
1.224
0.4
0.5
0
0
1.224
0.2
0
0
0.2
0.1
2.2
0.2
0
1.624
0.1
0.5
0
0
0.1
2.724
1.224
0.2
0
1.224
0
0
1.824
1.424
2.124
0
1.224
1.224
0
1.224
0.1
0
0.1
1.624
0
0.1
0
1.324
1.224
0
0
0.3
0.2
0
0
0
0.4
1.224
1.424
0
0.1
1.324
1.224
1.224
0.8
0
0
0
0.2
0
0.9
0.1
0
0.1
1.524
0
0.1
0
0.1
0
0.7
1.424
1.224
0
0
0.4
0
1.424
0.1
0.1
0.3
0.1
1.424
0.1
0
0.3
0.1
0.1
0.1
0.3
0
1.424
1.424
0
0
1.224
1.224
1.324
0.1
0.1
0.2
0.1
0.2
0.2
1.224
0
0
0
1.424
0
1.224
0
1.624
0.2
0
0.1
1.224
0.1
0.6
1.924
0
0.7
1.224
1.224
0
1.824
0.1
0.1
0
0.7
1.924
0
0
0
0.1
2.024
1.224
0
0
1.224
1.224
0.1
0
0
1.224
0.1
1.224
0.1
0.5
0
1.824
0
0.3
0.1
0
1.624
0.2
0.1
1.224
0.1
1.224
2.5
0
1.224
0
0.1
0
0
0
0.1
1.424
1.824
1.224
1.224
0
1.224
0
0.2
0.2
0
0.3
0.1
0
0
0
1.324
0
1.224
1.224
0.2
0
0
0.1
0.1
0.2
0.3
1.624
1.524
1.324
1.324
0
0
0
0
1.8
0.2
1.224
0
0.1
0
0
0
0
0.3
0
1.224
0.1
1.324
1.224
1.424
1.224
0
1.324
1.224
0.6
1.3
0
1.224
0.1
0
0.1
1.324
0
0
0
1.424
0.1
0
0
0.5
1.424
0.2
1.424
0
1.324
0
0.1
1.324
0
0
0
0.1
0.5
0
1.424
1.324
1.924
1.224
1.524
1.524
0.2
1.224
0.3
0
0.3
0
0
2.224
0.1
1.224
1.324
0.1
0
0
0
0.2
1.324
0
1.224
0
1.224
0
3.124
0
0
0
0
0.4
1.724
0
1.424
1.224
0
1.724
1.324
0
0.2
0.1
1.224
0
1.824
0.1
0
1.224
1.224
0.1
1.224
0
1.224
1.424
0
0.1
0
0
0
0
0.2
0
0.1
0
1.324
0
0
0.3
0
0.2
1.324
0.1
1.424
0
0
0
0.1
1.624
0
1.324
0
0
0.1
1.224
0
1.424
1.424
0
0.1
0
1.324
0.1
1.224
0.3
0
1.724
0
0.2
0
0.2
1.224
0.3
1.524
1.424
1.224
1.324
1.224
1.724
0
1.324
1.424
0.1
0
1.924
0.3
1.924
0
1.224
0
0
1.324
1.324
0
0.5
1.224
0
0.1
0
0.1
0.1
1.324
0
0
1.324
1.224
1.224
1.224
1.224
0
1.524
1.424
1.724
0.2
0.3
1.324
0.3
0
0.3
0.3
0.3
0.1
0.1
0.2
0
0
1.724
0.1
1.224
0
1.2
0.1
1.224
0.3
1.424
0.1
0.1
0.1
0
1.724
0.4
1.524
0
0
1.624
0
0
0.1
1.224
0
0.1
0
1.224
0.5
0.1
0
0.1
1.224
0.1
1.224
0
1.224
0
1.324
0.3
0.6
0
1.224
1.424
0
0
0.2
0
0
2.224
1.424
0.1
1.424
0
1.324
1.224
0
1.224
0.2
0.1
0
0.1
0
1.324
0
2
1.224
0
0.4
0.3
0
1.224
1.424
0
1.324
0
0
0
1.224
1.224
0
0
2.124
0
1.224
0
0
0
1.324
0
0.3
0.1
0
0.1
1.324
1.824
0.2
0
1.324
0
0.1
0
1.224
0.1
0
1.224
0
0.1
1.524
0
1.624
1.3
1.224
1.424
0.1
0
0.1
1.224
0.1
0
0
1.224
0
0.1
0
0
0.2
0.2
1.324
1.224
1.324
0.2
0.2
1.424
0.1
0
1.224
0.3
0.2
1.424
0
0.1
0.1
0
1.324
1.624
1.224
0.2
1.324
1.224
1.224
1.324
1.424
0.3
2.024
0
1.324
0.1
0
1.224
0.1
1.224
0
0
1.224
1.224
0
0
1.224
0.2
0
0
0
0
0.1
0
1.224
0.1
1.224
2.224
0.4
0.7
0
0.2
0.7
0
0
0.1
1.1
0
0.1
0.2
0
1.224
1.224
0.6
1.224
0
0.1
1.824
1.424
0.2
0.2
0
2.224
0
1.324
0
0
0.3
1.224
0.1
0.2
1.224
0
0
0.2
1.224
1.224
0.1
1.324
0
1.224
0
1.5
1.324
1.424
1.524
0
0.7
0.7
0.2
1.224
1.424
0
0
0.3
1.324
0.3
1.924
0.1
0.2
0.2
1.424
0
1.8
1.224
0
0
0
1.424
1.224
1.424
0.2
1.424
0
0.2
0
0.4
1.224
0.2
0.2
1.424
0.2
0.4
0.1
0.8
0
1.224
1.224
1.624
0.1
1.224
1.524
1.324
1.224
1.324
0.1
1.824
1.424
0.1
1.524
2.424
1.324
1.224
0.2
1.324
0.4
0.1
1.324
1.424
1.924
0
1.224
0
1.524
0
0.1
1.224
0.5
0.3
0
1.324
0.1
0.2
0.5
0
0.3
0.1
0
0
1.524
0
0
0
0
0
0.2
0
1.524
1.524
0.2
1.424
1.524
1.224
1.324
2.724
0
2.6
0.1
1.324
1.224
0
0
0.1
1.224
0
0.4
0.1
0.1
0
0
1.324
0
1.224
2
0.1
0
0
0.8
0.2
3.424
0.8
1.224
3.724
0.3
0
1.324
0
0
0
0
0
1.224
0.1
0
1.324
0
0
0
0.2
0
0.4
0
0.2
0
0.1
0.1
0
0.3
1.224
0.5
1.224
0.3
0
0.1
1.424
0
0
0
0.2
0.5
1.324
1.224
1.424
1.224
0.1
0
0
0.1
0.1
0.2
0.1
1.224
1.424
0.1
0.1
0
0.1
0.1
0.1
0
0
0.1
1.224
0
0.4
3.124
1.524
1.324
1.824
0.5
1.724
