0.5
0.3
2.724
1.836
1.224
0.1
0.2
0
0
0
0.1
1.224
0.1
0.6
0.7
0
0
0
0
0.1
1.424
1.524
0
0
2.036
0.1
0.1
0.1
1.224
0
0
1.224
1
0
0.2
0.1
0.1
0
0.1
0.2
0.1
2.524
0
0.1
0.2
1.224
0.2
0.3
0.2
1.324
1.224
0
2.024
0
0
0.1
0
0
0
1.624
1
0.2
0
0.3
0.3
0.3
0
0.2
1.624
0.5
0.6
1.824
0.2
0.1
2.724
0.9
0
0.1
0
0
1.624
0
1.324
0
0
0
0
0
0
0.7
0
0.1
0.3
0
0
1.424
1.324
0
0.1
0
0
0.2
0.1
0.1
1.836
0.1
0
0.6
0.1
0.1
0.3
0
0.1
1.224
0.1
0.6
0.1
0
0.1
0
1.5
0
0.1
0.5
0
0.1
0.2
1.224
0
1.424
0.2
0
0.3
0.1
1.724
0.7
1.424
1.224
1.724
2.036
0
0
1.836
1.524
0
0
1.624
0
0.1
0
1.324
0.1
0.1
0.1
0.3
0.2
0.1
0.3
0.2
0
0
0
0
0
0
0
0
0.1
0.1
1.4
0.1
0.5
1.224
0.1
1.224
1.824
0
0
1.424
0.2
0.4
1.824
0
1.224
0.1
1.624
1.824
1.324
0
1.224
0.2
1.324
0.1
1.624
1.324
1.524
1.224
0
0
0
0.3
0
0
0.4
3.236
0
0
1.924
1.424
0.1
1.224
1.936
0.7
0
1.836
2
1.836
0.6
0
1.836
0.1
1.224
1.924
1.324
1.224
1.524
1.224
1.224
1.424
1.224
1.324
1.224
1.324
1.836
3.16
0
3.024
1.324
0
1.224
1.836
1.724
3.16
0
0
0
0
0
1.224
2.636
0
0
0.1
0
0
1.224
0
0.1
1.224
1.424
3.16
0
0
0.1
1.224
0
0.2
1.224
0
1.224
1.836
0
0
1.224
0.2
0.1
1.424
0
1.324
1.836
0
0
1.524
1.224
1.524
0.1
1.324
1.224
1.224
1.224
1.224
1.224
0
0.5
0
0
1.836
1.936
1.836
1.836
1.836
1.836
2.036
2.136
1.836
1.836
2.236
1.936
2.036
1.936
3.772
1.836
3.26
1.836
1.836
3.16
1.836
3.06
1.836
3.06
1.836
2.036
1.936
2.136
2.036
1.936
1.836
1.936
1.836
1.836
2.836
1.936
1.836
5.196
4.996
1.836
1.836
1.836
2.336
1.836
1.836
3.16
3.236
1.836
2.036
12.532
3.16
5.096
2.236
2.036
3.06
1.936
2.236
3.736
1.836
3.872
1.836
1.836
1.836
3.16
3.26
1.836
1.224
1.224
1.224
0
1.836
1.224
1.936
1.324
1.224
1.224
2.036
3.16
0
0
0.3
0
0
0.2
1.224
1.824
0
0
0
1.936
1.224
1.424
0
1.836
0
1.324
3.236
0.1
2.136
1.224
0
0.1
0
0
1.224
3.16
0
1.224
1.224
1.224
1.324
1.224
5.296
1.224
0.9
1.524
0.1
1.836
0
0.2
1.836
0
0.1
0.1
1.324
1.324
1.524
0.5
0
3.16
0
1.324
3.66
3.56
2.036
0
3.06
2.036
3.26
0.2
1.836
0.4
1.424
0.1
3.06
0.2
0
0.1
0.1
3.06
0
1.324
3.36
1.224
0.1
0
0
1.324
0
1.936
0.2
0
1.836
3.86
1.424
1.224
1.324
2.136
3.16
0
0
2.824
0.5
0
1.724
0.7
0
2.036
1.824
1.424
0.1
0
0
0.1
1.224
0
1.836
0
0.1
0
1.224
2.036
0
1.224
0
0
3.26
3.06
1.836
1.836
0
1.224
1.424
1.224
0
1.424
2.336
0.1
1.836
1.324
3.16
2.936
0.1
0
0
1.424
1.224
1.224
1.224
3.26
0
1.224
3.16
0
1
1.224
0
4.896
0
1.824
3.56
1.324
1.836
0
1.324
1.424
1.524
1.224
1.836
1.224
0
0.2
1.224
0
0.1
1.224
0.1
0
2.036
1.224
3.66
1.824
1.224
1.836
1.836
0
3.06
1.424
0
1.936
1.224
1.424
1.324
1.836
0.1
0
0
0
0.1
1.224
0.5
3.46
1.324
1.224
1.224
0.1
1.224
1.836
1.224
0
0
1.224
1.224
0.5
1.224
0
1.224
0
0
1.324
1.224
0.1
0.1
3.16
1.424
1.224
1.936
2.236
0
0
1.324
1.224
1.836
1.224
0
0
0
0
1.224
0.1
0.5
1.224
0.1
0
1.836
0.3
3.76
0.1
0
3.436
0
1.836
1
1.424
1.324
0
1.836
1.836
3.06
0
2.236
3.16
1.224
1.836
1.836
3.16
3.972
3.26
1.224
0
3.16
0.1
1.836
3.06
0.1
3.06
0
0
3.36
0
0
2.436
0
3.46
0
0
1.836
1.836
1.424
1.224
1.224
3.16
0
0.2
1.924
1.936
1.224
3.16
0.1
1.324
0
1.936
1.324
0
1.224
1.224
1.424
1.324
3.26
0
1.224
1.324
3.26
1.524
2.036
1.936
0.4
0
3.06
0.1
1.224
1.324
3.06
0.3
1.224
1.936
0
0.1
1.224
2.236
0
0.4
1.224
1.224
1.224
3.06
0.1
0
1.224
2.136
0.1
1.424
3.26
0
3.36
0
1.224
0
0
0.1
0
1.424
1.224
0
0
1.224
3.16
0.1
1.836
1.836
0
0
3.06
0.1
0.9
1.224
2.236
3.26
0
3.06
1.224
3.06
3.46
0.1
1.224
2.036
1.924
0.2
1.224
1.224
1.224
3.06
3.06
0
0.1
3.16
0
1.224
1.224
1.224
1.224
1.1
1.724
0
0.2
0.1
1.224
1.224
0.1
1.224
1.224
0
1.324
0.1
1.324
1.724
1.836
0
0
0
1.324
1.224
1.324
0.1
3.06
3.06
1.224
1.936
0
3.16
1.224
0.2
0.1
0.1
0.2
1.224
3.26
0
0.2
1.836
1.224
0
0.2
0.6
1.224
0
3.06
1.224
1.224
0
0.4
1.836
3.26
1.324
0
1.224
3.16
3.16
1.224
0
0.2
1.224
1.224
1.524
0.1
1.324
3.06
1.936
1.224
0
0
0
0
1.224
0
1.836
3.16
3.06
0
3.26
0
0
0
0
1.836
0.1
0.1
1.724
1.224
1.224
1.224
0
1.836
0
1.324
0
1.224
1.324
1.836
1.324
1.824
0.1
0
1.224
1.224
1.324
1.424
0.1
1.524
0.6
0
1.524
0
1.224
1.224
0.1
1.324
3.06
1.324
3.96
2.836
1.836
0
3.06
0
3.06
1.324
0.1
1.224
3.16
0
0.3
0
3.06
1.524
1.224
0.4
1.936
0
0
0
0
1.224
1.836
2.036
2.036
0
0.1
0.1
1
3.16
1.324
0
0.4
1.836
1.224
0
3.36
1.224
0.2
1.524
1.324
0.1
2.036
0
3.36
3.76
1.324
1.224
1.836
1.324
1.424
1.224
2.024
0.1
2.224
1.424
3.46
0
3.26
1.224
0.8
1.324
1.224
1.224
1.224
1.324
1.224
3.06
3.06
1.224
1.224
3.16
3.16
3.16
1.324
0.3
0
1.424
0
1.836
1.836
1.836
0.1
1.936
1.524
3.36
1.524
1.224
0.7
0
0
3.06
1.324
3.26
0
0.2
0.3
1.224
1.624
1.224
1.324
1.424
1.224
0.1
3.16
3.16
0
1.324
0
1.224
1.224
1.224
1.224
1.324
1.224
1.324
1.324
1.836
1.836
1.224
2.236
0
1.524
2.024
1.424
2.736
1.224
0
1.224
0.2
1.424
3.26
0
1.224
1.836
1
1.836
0.6
0.2
1.224
3.26
1.424
1.224
0.1
0
0.1
1.424
0
0.5
1.224
0.1
0
1.324
0
0.1
0
0
0.4
1.224
0.5
1.324
0
0
1.524
0
0
0
1.224
1.224
0.1
0.2
0.1
1.936
1.224
0
0.1
0
1.224
1.224
1.224
3.724
0
1.324
0.1
1.224
0.7
0.1
0
0
1.624
1.324
0
1.936
1.836
1.224
1.224
1.924
1.324
0.6
0
0
0
0.1
0.3
0.1
0
1.424
0.2
1.324
1.624
0
1.424
1.324
1.324
0.2
1.424
1.324
1.424
0
0
1.324
1.524
1.824
0.1
1.224
1.324
0.2
0
2.224
1.624
1.424
0
1.424
1.936
2.024
0
1.224
1.224
0.3
0
0
0
0.1
0
0.2
1.424
1.224
1.324
0
1.524
1.324
1.224
1.324
0
0.1
1.424
0.9
1.324
1.224
1.624
1.724
1.324
1.224
0.4
1.324
1.624
0.1
1.224
0
0
0.2
0.1
1.324
1.524
0.2
0
0
1.324
0
1.224
0
1.324
0.4
0
1.224
0
0
1.624
0.2
1.324
1.424
2.024
1.724
0.1
1.224
0.8
1.836
0
1.524
1.724
1.424
0.3
1.224
0.7
0
0
0
0
1.936
0.2
0.6
1.324
1.224
1.224
0
1.524
1.224
0
1.224
1.224
0
1.324
1
1.224
1.1
0
1.324
0
0.1
1.424
1.424
1.324
1.324
1.224
1.224
1.4
1.224
0
1.424
0
1.524
1.224
0.1
0.5
0.1
0.4
0.1
0
1.224
1.524
1.224
1.224
1.724
0
1.724
0.2
1.224
1.224
0.2
1.224
1.224
0
0.1
1.324
0.1
1.224
1.224
1.224
1.624
1.524
0.2
1.324
0.2
1.424
0.4
0
0
1.224
1.3
0.7
0.1
0
0.1
0
1.424
1.324
0.2
1.524
1.524
0
0
0
0.1
0.2
1.224
0
1.524
0
0.3
1.3
0
1.424
1.224
0
1.424
1.624
1.324
1.224
1.324
0.1
1.424
1.324
1.224
1.624
1.424
1.524
1.224
1.324
1.224
0
1.324
1.836
0
1.224
1.224
1.224
0.2
0
0.2
1.836
2.036
0
1.936
1.924
0.6
1.224
0.2
1.324
0.3
0
1.224
2.424
0
0
0
1.224
0.1
1.424
1.224
1.524
0.1
1.324
0
1.924
1.836
1.224
0.2
0
1.224
1.224
1.324
1.324
0.6
1.324
0.1
0
0
1.924
1.324
1.224
0.2
1.224
1.224
0.1
0.2
0.4
0
2.036
1.224
1.424
0.1
0.8
1.324
0.3
0
0
0
1.224
0
0
1.324
1.324
1.624
1.224
0.1
0
1.224
1.324
1.224
0.3
0.3
1.224
0.8
0.1
1.224
0
1.224
0.2
1.224
0
1.324
1.224
1.324
1.224
1.224
0
1.424
0
0.1
1.524
1.224
0
1.224
0.1
0.1
0.3
0
1.936
0
1.524
0.1
1.624
1.724
1.524
0
1.324
3.972
0.4
0
1.724
0.2
1.224
1.324
0.4
1.924
0.7
0.1
0
1.324
1.224
0.5
0
1.224
1.324
0
0.1
1.224
0
0.1
0.1
0.2
0
1.324
1.324
0
0
1.224
1.324
1.324
0.3
1.324
3.024
1.624
0.4
1.224
0
0.1
1.524
0.2
0.3
1.224
1.224
1.224
0
1.424
1.324
0.3
1.224
0.1
0.5
0.2
1.224
0.3
1.936
1.224
0.9
0.3
1.224
0
1.424
0.2
1.324
1.224
1.724
0
1.224
1.524
1.524
1.224
0
1.224
0
1.524
1.324
0.1
1.224
0
0
1.224
0
1.224
0.1
0
0.7
0.6
1.224
0
0.1
1.224
0
1.324
0.1
1.224
0.8
1.424
0.1
0
1.224
0
0
1.224
0
1.424
0
0.1
0
0
0.1
1.224
0.5
0
0
1.324
0.9
1.224
0
0.3
1.224
0
1.224
1.224
1.936
0
0
0
1.324
2.324
1.224
0
1.224
0
1.324
0.2
1.224
1.324
1.324
1.224
0.2
1.224
1.624
1.424
0.1
0
1.224
1.624
0
0.1
0
0
0.1
1.324
1.324
0.2
1.224
0.3
1.924
0.1
1.424
0.1
1.324
1.324
0.2
0
1.224
1.224
1.324
0
1.324
0.1
0
0.3
1.424
1.224
0
0.2
1.624
1.524
0.3
1.224
0
0
0.3
1.524
1.524
1.524
1.224
1.224
0
0
0.3
0.1
1.524
1.836
0
0.1
0.2
1.624
1.624
1.924
1.324
1.224
1.224
1.224
1.224
0
1.324
0
0
0.2
0
1.224
1.224
0
1.324
0.1
0
1.224
1.224
0.1
1.224
0
1.324
0.1
0.9
0.3
0.1
0
0.4
1.724
1.224
0
0
1.924
1.224
1.836
1.224
1.524
1.424
0.2
0.1
0.3
0.1
0
1.724
0.4
0.5
0.1
0.2
0.4
1.324
0
1.224
0
1.524
1.424
1.224
0
0.2
0.1
0
1.324
1.224
0
1.324
0.3
1.524
1.224
1.224
2
1.224
1.324
0.1
0.2
0.2
0.7
0.8
0
1.424
1.224
0
1.824
0.1
0
0.3
0.1
3.86
0.3
1.324
1.424
2.824
1.224
1.324
1.224
0.1
1.824
0
1.424
1.324
0
1.224
1.524
1.224
1.424
0
1.524
1.424
0.2
1.324
0.1
1.224
0.1
1.424
0
0
2.324
1.924
0
0.2
0
1.224
1.224
1.224
1.624
1.224
1.524
1.324
0.5
0
0.1
1.224
1.324
1.724
0
0
1.324
1.1
0
0.2
1.424
0.4
0
1.324
0
2.224
1.824
1.424
1.424
1.424
2.024
1.824
0
1.724
0
1.724
1.324
1.324
3.06
1.224
0
1.224
0
1.424
0
0
0
0.3
0.5
0.1
1.224
0.1
0.4
0
1.7
0.1
1.324
0
0
0
1.836
0
0.2
0.1
3.26
0.1
0
0
3.16
0.1
0
2.6
0
1.224
3.672
1.724
3.96
1.2
1.724
0
1.4
1.724
1.224
1.836
1.224
3.06
1.936
2.136
0
0.2
0.2
0.1
0.2
0
3.972
0
1.224
0.2
0.3
1.224
0.1
3.26
0.1
0.1
0
0.3
0
0.2
0.1
0.4
1.324
1.224
0.1
0
1.224
1.224
0.2
3.46
0
3.16
1.424
0
0
1.224
1.936
1.224
1.224
1.324
3.36
0
0.3
1.224
1.324
1.224
0
1.324
0.1
1.224
1.836
1.224
0
0
0.2
2
0
0.1
0.5
0.7
0.3
