1.224
0
1.624
0
1.324
0
0
0
1.224
0
1.224
1.224
0.1
0.3
0.2
0
0
0
0
0
1.224
1.224
0
0
1.224
0
0.1
0.1
1.224
0
0
1.224
1.524
2.448
0
1.324
1.224
1.324
0
1.324
1.324
1.324
0
0.1
0
1.224
0.1
0.2
1.224
2.448
1.224
0
2.448
0
0
0
1.224
0.1
1.324
1.324
0.3
0.1
0
0.1
0.1
1.424
0
0
1.424
0.4
1.424
2.548
1.224
1.224
1.824
1.324
1.224
0.1
0
1.224
1.424
0
1.224
0
0
0
0
0
0
0.1
1.224
0
0.1
0
0
2.548
2.448
1.224
1.224
0
0
0.1
0.1
1.324
0
1.324
1.224
0.1
0.1
2.548
1.324
0
1.324
1.224
0
0.1
1.324
0
1.324
1.224
0.4
0
0.1
1.324
0
2.548
1.324
1.224
1.224
1.324
1.224
0
0.2
1.224
1.224
0.1
1.324
1.424
1.224
0.2
1.224
0
0
1.424
0
0
1.224
0
1.324
0
1.224
1.324
1.324
1.324
1.524
1.424
0.1
0.1
1.424
0.1
1.224
0
1.224
0
0.1
0
0
1.324
0
0.6
1.224
1.424
1.224
1.224
1.324
1.324
0
1.224
1.324
1.224
1.324
2.448
0.1
1.224
0
1.324
1.524
1.224
0.1
1.324
0
2.548
1.224
1.524
1.324
1.424
1.224
1.224
1.224
0.1
1.224
0
0
0
1.424
0
1.224
2.448
1.224
1.224
1.224
1.224
0.2
0
1.224
0.3
1.224
0.1
0
0
0
2.548
1.324
2.548
1.224
1.224
1.224
1.224
1.424
2.448
1.224
1.224
1.324
0
1.224
0
1.824
1.324
0
1.524
0
1.224
1.324
0
0
0
1.224
1.224
1.224
0.1
0
0
0
0
0
1.224
0
0.1
1.224
1.324
1.224
1.224
1.224
0.3
2.448
1.224
0.1
2.448
1.224
1.224
1.224
1.224
1.224
1.224
0.3
0
1.224
1.324
2.448
3.06
0
1.224
2.448
2.448
1.224
1.224
2.448
2.448
1.224
1.224
1.224
2.448
0
0.3
0
0
3.16
1.936
2.136
3.06
1.936
3.16
1.936
2.036
1.836
1.836
1.936
3.16
1.836
3.06
1.836
1.836
3.16
1.836
1.836
3.16
3.06
3.06
1.836
3.36
3.06
1.836
3.16
2.236
2.036
3.06
1.836
3.06
1.836
1.836
2.336
1.836
3.06
3.36
3.06
1.836
3.06
1.936
3.26
3.06
1.936
4.384
3.36
1.836
3.16
3.16
7.408
3.16
1.836
3.16
5.284
3.06
2.136
2.236
1.936
1.836
3.06
1.836
1.936
5.384
4.384
1.836
2.448
2.448
1.224
0
0
3.672
0
1.224
1.224
1.224
0
1.224
0
0
1.524
0
0.1
0
1.224
1.324
1.224
0
0
0
2.448
2.548
1.224
0
0
2.448
0.3
0
0.3
1.224
0
1.224
1.224
0
1.224
1.224
1.224
2.548
2.548
2.448
2.448
2.448
1.224
1.224
0.3
1.224
1.324
0
0
0
1.224
0
0.1
0
1.224
1.224
2.448
0
1.224
1.324
0
2.448
1.224
1.224
0
1.224
1.224
0.1
1.224
0
1.224
1.224
1.324
1.224
1.224
0.2
0.1
1.224
0
1.224
1.224
1.224
1.324
1.224
0
0
0
1.324
0
1.224
0.2
1.224
0
1.324
1.224
1.224
1.224
0.1
1.224
0.1
0
1.824
0.1
0
1.524
2.748
0
1.424
1.324
1.424
0
0
0.1
0.1
1.224
0
1.224
0
0
0
1.224
1.324
0.1
1.224
1.224
1.224
1.224
1.224
0
0
0
1.224
2.548
1.224
0
1.424
0.1
1.224
0
2.448
1.224
0.1
0
0
1.224
1.324
1.224
1.224
2.448
1.324
0
2.448
1.224
0.1
0.4
1.224
1.224
1.224
0
2.448
1.424
2.448
0
1.224
1.224
1.624
1.724
2.448
0
2.448
1.224
1.324
1.224
1.424
0
2.448
0.2
1.224
0
1.224
1.224
1.324
1.324
1.224
1.224
0
1.224
1.224
1.224
0
1.224
1.224
1.224
0
0
1.224
0
0
0
2.448
1.224
1.224
2.548
2.448
1.224
0
1.224
0
1.324
0
0
1.224
1.224
1.424
1.324
0
1.224
0
0
2.448
2.448
1.224
0
1.224
1.224
1.224
0
0.1
0
1.224
1.224
1.224
0
1.224
1.224
0
0
0
1.224
0
0.2
1.324
0
0
1.224
0
1.524
0
0
0
0
0
1.424
1.224
2.448
0
0
0
1.224
0
0.2
1.224
3.872
0
0
1.324
1.224
1.224
1.224
0
1.224
1.224
0
1.224
0
1.224
1.224
1.224
1.324
2.448
1.224
0.1
0
1.324
0
1.224
1.224
0.2
1.224
1.224
1.224
1.224
0
0
1.624
0
2.548
1.224
0
1.224
1.224
0
2.448
1.224
1.224
1.224
1.424
1.324
1.324
0
1.224
1.224
2.548
1.424
1.224
1.224
1.424
1.224
1.224
0
1.224
1.424
1.224
0
2.548
0.1
0
1.224
1.224
0
0.1
1.224
1.224
1.224
1.224
3.772
0
0
1.224
0.2
0
2.548
1.224
1.224
1.224
1.224
1.224
1.224
0
1.324
0
1.224
1.224
1.224
0
1.324
1.224
0
1.224
1.224
1.224
1.224
1.224
1.324
0.3
1.224
0
1.224
0
1.224
1.224
1.224
1.424
0
2.548
0
1.224
0.1
1.224
2.448
1.324
1.224
3.872
0
1.324
1.324
0.1
2.448
1.224
1.224
1.224
0.2
3.972
0
0.1
0
1.224
1.224
1.224
1.324
1.224
0
1.424
0
1.224
2.448
1.224
0
1.224
1.224
1.224
1.224
1.224
0
2.548
2.548
1.224
1.224
1.224
1.224
1.224
0.2
1.224
0.1
0.1
1.224
1.324
1.224
0
0
2.448
0
0
0.3
1.324
1.224
1.224
1.224
2.448
0
0.1
1.224
1.324
1.224
1.224
2.448
1.224
1.224
1.224
1.224
0
1.224
1.224
1.324
0
1.424
1.224
0
1.224
0
0
1.224
2.448
2.448
0
0
1.224
1.224
1.224
1.224
0
1.224
0
1.224
0
0
0
2.448
1.224
1.224
2.448
0
1.224
1.224
1.224
0
2.448
2.448
0
2.448
2.448
0
0
2.448
1.224
2.548
1.224
0
1.224
1.224
1.224
1.524
0
2.548
1.224
1.224
1.224
1.224
1.324
1.524
1.524
1.224
0
1.224
0
1.224
1.224
0
1.324
2.548
1.224
1.224
0
3.672
1.224
1.224
0
0
0
0
0
0
2.448
1.224
1.224
0.1
0.1
0
0
0.1
1.324
1.224
1.224
0
0
2.448
0
2.448
1.224
1.224
1.324
1.224
0
1.224
0
1.524
1.324
1.224
1.224
0
1.224
2.448
2.448
2.648
1.224
1.324
2.648
2.548
0
1.324
1.224
0.1
2.448
1.224
1.224
1.224
1.224
1.224
1.224
1.224
1.324
1.224
1.224
1.224
1.224
1.424
0.2
0
2.448
0
0
1.224
1.224
0.1
0
1.324
1.224
1.224
2.448
0
0
0
1.224
1.224
1.224
0.1
0.1
0
1.324
2.548
1.224
1.224
1.224
1.224
0
1.224
1.224
0
1.224
0
1.224
1.424
1.424
1.224
1.224
2.448
1.424
1.324
1.224
1.324
1.324
0.1
0
1.224
1.424
1.224
0.2
2.448
0
1.224
0
1.424
1.224
0.1
1.224
0
0.3
0
0.3
0.1
3.672
1.224
1.324
2.448
0.1
0
0.1
1.424
1.224
0.1
1.324
1.224
1.224
1.224
1.224
1.224
0
1.224
0.4
1.224
1.424
2.448
1.224
0
2.648
0
0
0.1
1.324
1.224
1.224
0.1
0.1
0
1.224
1.224
0
1.224
1.224
1.324
1.324
1.624
0
1.324
1.324
1.224
0.5
1.224
0
0
2.548
2.448
0
0
1.224
1.224
2.448
2.448
2.648
1.524
0.1
1.224
1.224
0
1.324
0
0
1.324
1.424
2.448
1.424
0
2.548
2.448
1.224
0.1
1.424
1.324
1.224
0
0.1
2.448
2.548
3.672
0
1.224
2.448
1.224
1.224
1.524
1.224
1.224
0
1.324
0
1.424
0
1.224
2.448
1.224
0
0.1
1.224
0
0
0.2
2.448
3.672
2.448
0
1.524
1.224
2.548
1.224
0
0
1.324
1.324
2.448
1.224
1.524
1.224
1.224
1.324
0.1
1.224
2.548
1.224
1.224
0
1.224
1.224
1.224
1.324
1.224
0.1
0
0
1.324
1.224
1.224
0
2.448
1.424
1.224
2.448
0
1.324
1.224
0
1.224
2.448
1.324
1.924
1.324
1.224
0.1
1.224
1.224
1.224
2.848
1.224
1.224
1.224
0.4
1.224
0
0
0
0
1.324
1.224
2.548
1.224
2.448
1.224
1.224
1.324
0
2.448
1.324
1.224
1.424
0.3
1.224
1.224
1.224
1.324
0.3
0
3.772
1.224
2.648
3.672
1.324
2.448
1.724
1.324
1.224
1.224
0
1.224
2.448
0
0.1
1.324
1.324
1.224
1.224
1.224
2.448
2.448
1.224
1.424
1.224
2.648
1.324
1.224
1.224
0
2.448
1.224
1.224
1.224
1.224
0
2.448
1.224
2.448
1.224
1.324
1.424
3.772
1.324
2.548
0
0
0
1.224
0.4
0
1.224
0
0.1
0
1.224
2.548
0
2.448
1.524
2.448
0
1.224
1.224
1.224
2.448
0
2.548
1.224
0.1
0.2
0
2.448
1.324
0
1.224
2.448
1.224
1.224
1.324
1.224
1.224
1.224
1.224
1.224
2.448
1.324
2.548
1.224
2.448
0
1.324
1.224
0
2.448
1.224
1.324
1.424
0
1.324
1.224
1.224
1.224
1.224
2.648
0
2.448
0
1.224
0.1
0
1.224
2.948
0.1
1.224
1.224
1.224
0
1.224
1.224
1.424
1.224
1.224
1.224
1.324
1.324
1.224
1.224
0
1.224
1.224
1.224
1.224
1.524
1.324
1.324
1.224
0
2.548
2.448
1.224
0
1.224
2.448
0.1
1.324
0.1
0
1.224
2.448
1.224
1.324
0
2.548
1.324
0
0
0
1.224
0
0
2.448
2.448
1.224
1.224
1.224
0
1.224
1.224
1.324
0.1
1.324
1.224
1.224
0.1
1.224
0
1.324
1.224
1.224
1.324
1.224
1.224
2.448
2.448
2.448
1.324
2.648
0
0
2.448
3.672
0.1
2.448
0
0
1.324
1.224
0
1.224
1.324
1.224
1.224
2.448
2.448
1.224
3.672
1.224
1.524
0
3.672
1.224
1.224
1.224
1.624
1.324
1.824
0
1.224
1.224
1.224
1.324
1.224
1.224
1.424
1.324
0.1
1.224
0
0
0
1.224
0
2.448
2.448
1.324
1.224
3.672
3.672
1.224
1.224
3.672
2.948
1.424
0
2.548
0
0
1.324
1.224
1.324
2.448
1.224
2.448
0
1.224
2.548
0
2.448
0
0.4
0
2.448
0
1.224
1.324
0.1
0
2.448
1.424
1.224
1.324
1.224
1.224
3.972
0
1.224
1.324
2.448
1.224
0
1.224
1.224
2.748
1.224
0
1.324
1.224
0
3.672
0
2.448
0
1.224
0.1
0.1
2.448
1.224
1.224
1.224
0
1.424
0
2.448
1.324
2.448
0
1.224
1.224
1.224
1.324
2.448
1.224
2.448
0.1
0
0
1.224
1.224
2.448
0.1
1.224
0
1.424
0.4
1.224
1.224
1.324
2.548
1.224
1.224
1.224
0
1.224
1.224
1.224
2.548
2.848
1.224
2.548
2.448
0
1.224
1.324
1.324
2.548
2.448
1.224
0
2.548
2.648
1.224
0
1.224
1.224
1.224
0
1.224
1.224
0
1.224
1.224
1.224
1.224
1.224
1.424
1.424
1.324
2.648
0
1.224
1.224
2.448
0
1.224
2.448
2.448
0
1.324
0.1
0
0.3
1.224
2.448
1.224
1.424
1.224
1.224
1.324
1.224
0
1.224
0.1
1.224
2.448
1.224
1.324
1.324
0
1.324
1.324
1.224
1.524
1.224
1.224
1.424
1.324
2.448
1.524
2.748
1.224
2.448
1.224
1.224
2.448
0
3.772
0
0
1.224
1.324
1.224
2.448
1.224
1.224
0
0
2.448
2.448
0
1.224
1.224
1.224
1.324
1.724
0
0.1
0
0
1.424
2.448
0
0
1.624
1.224
0
2.448
1.324
2.448
1.324
0.1
1.224
0
0.2
2.748
1.424
0.1
0
0
1.624
2.548
1.224
2.448
0
1.324
2.448
1.224
0.1
1.324
0
0
1.224
2.548
1.224
1.224
1.224
1.324
2.448
1.224
0.6
2.548
2.448
1.224
0
0.2
1.824
0
1.224
3.672
2.448
1.224
1.224
1.324
0.1
1.424
0
1.324
0
2.548
1.224
1.724
2.448
2.448
1.224
0
2.448
1.324
2.548
1.224
1.224
2.548
1.224
2.548
1.224
1.224
1.224
1.424
1.324
1.224
0
1.224
0
1.324
1.224
1.324
2.448
1.324
1.224
1.224
1.224
2.448
2.448
2.448
2.548
2.448
2.548
2.448
1.324
1.224
1.224
2.448
2.448
1.424
1.224
1.424
2.448
1.524
0
1.224
1.224
1.424
1.324
1.224
1.224
2.548
1.324
1.224
2.548
1.324
1.224
1.424
0
1.324
1.224
1.324
2.548
3.772
1.224
1.224
0
1.224
0
1.324
0
1.224
1.224
0
1.224
1.224
2.448
1.224
1.624
0
0.6
0
2.448
1.224
0
0
0
1.224
0
0.1
1.224
0
0
0
2.448
0
1.224
0.1
0.1
1.224
0
1.524
1.324
1.624
1.324
1.224
1.224
1.224
1.224
1.224
1.324
1.224
0
0.1
0
1.224
0.1
0
1.224
0
0
0
1.224
0
0.2
2.448
0
1.424
0
1.224
0
0
1.224
0
2.448
0.2
1.324
1.224
1.224
0
1.224
1.224
0.1
1.424
2.448
2.548
2.448
1.224
0
1.224
0.1
1.224
1.224
1.224
1.224
1.224
1.324
1.324
1.224
1.224
0
2.548
1.224
1.224
0
2.448
1.224
0
0.1
1.824
1.224
1.224
1.324
0.2
1.224
