1.524
0.2
1.2
0.9
0
0.1
0
1.836
0
0
0
0.1
0
0.9
0.8
1.836
0
0
0
0.3
0.1
0.2
0
0
0
0.1
1.424
0.2
0
0
1.836
0.1
3.4
0
0.2
2.736
1.836
0
0.1
0.4
0.2
2.124
1.936
0.1
0
0
1.324
0.4
0.5
0.2
0.2
0
0.2
0.1
0
1.836
0.1
0
0.1
0.4
2.3
1.3
0.1
1.4
1.924
0.4
0.2
0
0.1
2
0.3
1
0.2
0
3.624
0.5
1.936
0
0
0
0.5
0
0.1
0.1
0.1
0
0
0
0.1
0.8
0.1
0.1
1.224
0
0
2.136
1.936
0
0.2
1.836
0.1
0.3
1.3
0
3.06
0
1.224
1
0.1
0.2
1.324
1.224
0
0
0
0.3
1.224
0.2
0
0.1
4.2
0
0
0.4
0.1
0.1
0.2
0
0
0.4
1.724
0.2
0.3
0
1.324
0.4
0.1
0.1
0.5
1.724
0
0
0
0.3
0
0
0.2
0.3
0
0
0.2
0.3
0.2
1.324
0.8
0.1
1.524
0.3
2.724
0.1
0.1
0.1
0
1.324
1.224
0
1.936
0
1.424
3.1
0
0.4
1.224
0.1
1.424
2.236
0
0
0
0.1
0.1
0.3
0.1
0.1
2.724
0.4
0.7
0.1
0
0
0.1
0.1
0.1
0.3
0
0.1
0
1.424
0
0.5
0.3
1.836
1.224
0.2
1.1
0
0
0.3
0.1
0
0.1
0.1
0.4
0
0
5.724
0.1
3.524
0
0
0
0.2
1.1
0
0
0.2
0
0.1
0.4
0
0.1
0
0.2
0
0
0.1
3.1
0.1
1.224
0.2
0
0.5
0.3
0
1.324
0.1
1.324
1.936
0.2
0.8
0
0.4
0.3
0
0.1
0.1
0
1.7
0.1
0.3
0.1
0
0.3
0.4
0
0
0.9
0
0
0
0
0.4
0
0.1
2.5
0
0
0
1.324
3.06
3.06
0
0.3
0
0.5
0
0
0
0
0
0
0
0
2.5
0
1.224
1.836
3.56
1.936
3.16
2.036
3.06
2.036
2.236
2.236
1.836
2.436
2.036
1.936
2.136
2.036
1.836
2.036
1.836
1.836
2.136
1.836
3.26
3.672
3.56
3.06
2.136
3.86
3.36
2.336
1.836
1.836
1.836
1.836
1.836
3.836
3.872
1.836
2.136
1.936
1.836
1.836
1.836
6.06
1.836
3.06
1.836
6.672
3.36
3.036
2.236
1.836
2.036
12.696
3.26
3.16
3.26
3.536
7.46
1.836
2.036
3.672
3.06
1.836
2.136
2.336
3.672
0
0
0
0.1
0
0
0.1
0.1
0
0.1
0.1
0.1
0
0
1
0
0
0.1
0.1
0.9
1.836
0
1.836
0.3
0
0.8
0.1
0.1
0
0.2
1.9
0.2
0.4
0
0
0.3
0
0
0.1
0
0
0.3
0
0
0
0
0.1
0
1
0.2
0.1
0.1
0
0.3
0.2
0
1.424
0.4
0
0.1
0.1
0.8
1.624
0.1
0
0
0.1
0.2
0.2
1.824
0.1
0.1
0.4
0.2
0
3.024
0
1.524
0
1.224
0.1
1.624
0
0.1
1.836
0
0.1
0
0
0
0
0.3
0.1
0
0.2
0.1
1.324
0.5
0
0
0
0.4
0
0.1
0
2.1
1.824
0
0.4
3.2
0
0
0.3
0.3
1.4
0
0.2
0.2
0
0
0
0.1
0.1
0
0
0.7
2.036
0
0
0
0.1
0
0.1
0
0
0
0.2
0.1
0
0.2
0.2
1.224
0.1
0
0
0.6
0
0
0
0.2
0
0
0
0
0
0.1
0.1
0
4.324
0
0
0
0
0.4
0.7
0.1
0
0
0
0.2
0.4
0.1
0
0
1.224
0.3
0
0
0.7
0
0.1
0.1
1.836
0.2
0.4
0.1
0.1
0
0
0.3
0
0.3
0
0
0
0.2
0
0
0.2
0.2
0.1
0
2.024
0
0.1
0.1
0.3
0.1
0
0
0
0.1
0.1
0
0
0
0
2.4
0.5
0
0
0
0.1
0.2
0
0.1
0
0
0
0.1
1.224
0.9
0
0
0.1
0.1
0
0
0
0
0
0
0
0.1
1.824
0.2
1.836
1.836
0
0.1
0.8
0
0
0.3
0.2
0
1.5
0.1
1.836
0.2
0.1
0.2
0.3
0
0.1
0.2
0
0
1.836
0
0.1
0
0
0
0
1.936
0
0
0
0.1
0
0
1.424
0.1
1.224
0.2
0
0
1.224
0
0.1
0.2
0.1
0
0.1
0
0
0.1
0.6
0
0.4
0
0
0
0
0.1
0.1
0
0
0.1
0
0.1
0.3
0
0
0.3
0.1
0.4
0
0.3
2.136
0
0.1
0
0
0
0
0.3
0.3
0
0
0
0.1
0.3
0
2.336
0
0
0.1
0.2
1.836
0.4
1.224
0.2
0
0.2
0.2
0
0
0
0
0
0
1.224
0
0.4
0
0
0.2
0.3
0.2
0
0
0
1.836
0
0
0.1
4.024
0
0.1
0.1
0
0
0
0
0.2
1.936
1.324
0
0.5
1.924
0
0.1
0
0
0.1
0
0
0
0
0
0
0
0
3.3
0.6
0.3
1.524
0.2
0
0
0
0
0
0
0.1
0.3
0.4
0.1
0
0
0
0
0
0
0
0
0
0
1.836
0
0
0
0.1
0.3
1.936
0.1
1.2
0
0.1
0
0.3
0
1.324
0.1
1.836
3.1
0
1.324
0
0.1
1.836
0
2.224
0
0.1
0.1
1.224
1.424
0
0
0.2
0
0
0
0
0.1
0
0
0
0
0
0.1
0.1
1.224
0
0.1
0
0
0.1
0
1.836
0.1
0
0.1
0.1
0
0
0.3
0
0.1
0.1
0.1
0
0
0
0
0.1
0
0.3
0
0
0
0.5
1.324
0.3
0
0.1
0
0.2
0
0.3
0.1
1.224
0.9
1.224
1.324
1.224
0
0
0
0
0.3
0.4
0.1
0.1
0
0
0
0.1
0
0
0
1.836
1.924
0.1
0
2.036
0
1.836
0
0.2
0.1
0
0
0.1
0
0
0.2
0.1
0.1
0.1
0.7
0.3
0.1
0
0.2
0.1
0
0
0.4
0
0.3
1.724
0
0.2
0.1
0
0.2
1.1
0
0
0
1.936
0.1
0
2.624
0
0.7
0.2
0.3
0.2
0.1
0
0.7
0.1
0
1.836
0
0
0
0.1
0.2
0
0.1
0.1
0.4
0.1
0.1
3
0.1
0.3
0
0.1
1.224
0
0
0.2
0.5
0.1
0.5
0
0.2
0
0
0.1
0.1
0.1
0
0.4
0.3
0.1
0.4
1.324
0
0
0.1
0.1
0
0
1.224
0.1
0
0
0.2
0.2
0.1
0.2
0.2
2.636
0.5
0
0
0.3
0.4
1.836
0.5
0.8
0.3
0.1
0.1
0
0
0.2
0.5
0.4
0
0
1.836
1
0
3.424
0.1
0.1
0.1
0.6
0
3.336
1.936
1.524
0.1
0
2
0.2
0
0
0
0.1
0
0
0
3.2
0
0.4
0
1.324
1.324
0.3
0
1.936
0
0
0
0.1
0.3
1.924
0.2
0.1
0
0.3
0
0.1
0.1
0.1
3
1.424
0.3
1.424
0.2
1.1
0
0.1
1.224
0.9
0
0.9
0
0
0
0
0.5
0
0.4
1.224
0.2
0
0
0
0.2
0
0.1
0.5
0
0.3
0
1.324
0
0
0.1
0.2
0.1
0
0
1.224
0.1
0.2
0.2
0
0
0.1
0
1.224
0.8
0.1
0
0
0.1
1.324
0.9
0
0
0
0.2
0.1
0
0.1
1.224
1.324
1.5
0
0
0.1
0
0.3
0
0
0
0
1.424
0.2
1.524
0.1
0
0.2
0
0
0
0.3
0
0.3
0.3
0
0
1.424
0.3
0
0
1.224
0.2
0
1.224
0
1.224
0
0
0
0.3
0
0
1.224
0
0.4
0
0.2
1.424
0
0.1
1.624
0
0.9
0
1.224
0.1
0.5
0
0.4
0
1.4
0.3
0.1
0
0.1
1.224
1.824
0.3
0
0
0
0
0.1
0.2
0
0
0
1.224
0.2
1.824
0
0.2
0
0.3
0
0.5
0.1
0.3
0.3
0.2
0.1
0
4.2
0
0
1.224
1.224
0.3
0
0.1
0
0.1
1.524
0.1
0
0
0.2
1.324
0.2
0.3
0
0.3
0.1
0
0
1.224
0
0
0
0
0.2
0.2
0
0.1
0
0.2
0.3
0.1
0.4
0
0.2
0.3
0
1.936
0
2.1
0.5
0
0
0.4
0
0
0
0
0.3
0.3
0
1.424
0
0
0.3
1.324
0
0.1
0.1
0.2
1.9
0
0.1
0
0
1.224
0.2
0
0
0.1
0
0.1
0
0.1
0.5
0
0.2
0
1.224
0
0.1
0
0
0.1
0.1
0
0
0.2
1.324
0.1
0
0.4
0
0
0.7
0.3
0
0.3
0.1
1.624
0
0
0.6
0.1
0
1.224
3.06
0
0
0
0.2
0
0.1
0
0.3
0.1
0
1.3
0
0
0
0
0.3
0.7
0.2
0.1
0
0
0.5
0.1
0
0
0
0
0.2
0.1
0.2
1.936
0
0.1
0
0
0.1
0.1
0.1
0
0
0.2
0
1.224
0
0.2
0.1
0
0.1
1.524
0
0
0
0
0
0.3
0.1
0.5
0
0
0
0.1
0.2
0
0
0
0
0
0
0
0.1
0.2
0
0
0.1
0.1
0.1
0.1
0
0
0.5
0
0.1
1.836
0.3
1.324
0.3
0.2
1.324
0
0.2
0.1
0.4
0
0.1
0.1
0.3
0
0.8
0.3
0.6
0.1
1.224
1.424
0
0.2
0
0
0.4
0
0
0.1
0
1.324
0
1.324
1.224
0
0
0.1
0
0
0
0
0.2
0.1
1.1
0.3
0.1
0.5
1.324
0
0.4
2.236
1.936
0
0
0.1
0
0.2
0
0.1
0
1.836
3.124
1.224
0
0.4
0.2
0
0.5
1.624
0
1.824
0.2
0.4
0
0
0.6
0.1
0
0.3
0.2
0
0.1
0
0
0.5
1.224
0.1
0
0
1.224
0
0
0
0
0.1
0.7
1.2
0
0.1
0.2
1.224
0.1
0.1
0
0
2.424
0
0
0
0
0
0
0
0
0.1
0
0
0
0
0.3
0
3.824
1.224
0
0.4
0.6
0
1.224
0.2
0.1
0.3
0
0
0.1
0
0
0
0.1
1.7
0
0
0
0
0
0.1
0
0.2
0
0
1.524
0
0.4
0.2
0
0
0
0
1.224
0
0
0
1.224
0
0
0.5
0
0.5
2.636
0
0.1
0.4
0
0
0.1
0.1
1.224
0
0.1
0
0
0.3
0
0.3
0.3
0
0
0.4
0.1
0.5
0.3
0.1
0
0
0.3
0.4
0.3
0.1
0.1
0
1.224
0.1
1.224
1.324
0.4
0.2
0
0
0.2
0.2
0.2
1.924
0.1
0
0.1
0
0
0.1
0.1
0
0.1
0.2
0.1
0
0
0
0
0.2
0
0.1
0
3.06
0
0
0.2
0.3
0.9
0
0.7
0.1
0.3
1.1
0.1
1.224
0
0.5
0
0
0.1
0.4
0
0
0
0
0
0.1
0.3
0.1
0.5
0.1
0
0
0
0.2
0.1
1.836
0.2
0.4
1.224
0.3
0
0
0
1.936
0
0.1
0
0.1
0.6
0
1.224
2
0.1
0
1.424
0.2
0.3
0.7
0.9
1.224
0.1
0
0
0.6
0
1.424
0.4
0.2
0.4
0
0.1
0
3.124
0
0.1
0
0
0.2
0
1.224
1.424
0
0
0.4
0
0.3
0
0
0.4
0.4
0
0.3
0
0.8
0.1
1.224
0
0.5
0.2
0.1
0.1
0
0
0.2
1.424
0.6
0
0.1
0.4
0.8
1.224
0
0
0.1
0.9
0
0
0.3
0.6
1.836
1.224
0
1.524
0
0
0
0.4
0.3
0.1
0.2
0.2
0.7
0.4
1.224
0.7
1.936
0.4
0
0.3
0
0
0
0
0
1.624
0
0.1
0
0.4
0.6
0.1
0
0.1
2.2
0
4.024
0
0.1
0
0.1
0
0
1.424
0.1
0.1
1.224
0.3
1.224
0.1
0
0
0
3.5
1.836
0
0
0.8
0.5
3.6
1.1
0
3.624
0
0.1
0.1
0
0
0.1
0.4
3.672
0.1
0.1
0
0.1
0
0.1
0.1
0
0.4
0.1
0
0.2
0.1
0.1
1.936
0
0.1
0
1.524
1.424
0.7
0
0.1
1.224
1.836
0
1.224
1.924
0.7
1.224
0.4
0.6
0
1.224
0
0.1
0
0
0.5
0.1
1.224
1.324
0.2
0.2
0
0.1
0.2
0.2
0
0
0.3
0
0
0.2
3.624
1.524
0
0.9
2.4
0.5
