3.424
1.4
5.2
2.1
2.024
0.2
0.6
0
0.3
0
0.7
0.3
2.424
3.4
4.5
0
1.324
0
0
0.4
0.4
0.5
0.1
0
1.2
0.5
2.124
0.9
0.2
0.1
0
0
8.4
0.3
1.824
2.2
0.1
0.4
0.4
1.3
0.2
7.524
0.1
0.2
0.6
0.1
2.724
2.924
0.7
0.7
0.2
0.1
1.5
1.524
0.2
0.1
1.424
1.524
0.3
2.3
9.624
4.024
0
3.4
3.824
1.5
1.624
1.624
0.6
9.024
1.3
3.724
1.924
0.7
9.624
2.5
1.424
0.8
1.324
0
2.1
1.524
0.2
1.424
0.3
1.324
1.324
0
0
5.824
0.4
0.4
2.948
1.224
1.224
1.1
1.1
1.424
0.1
0.1
0.5
3.324
4.824
0.1
1.224
0.2
1.324
4
1.524
0.6
3.748
2.948
0
1.424
0.5
1.9
1.524
1.624
0.2
0.2
14.924
0.1
0.3
2.924
1.724
0
0.4
0.1
0.2
3.224
2.724
0.3
1.824
0.1
2.424
2
0.6
1.524
1.2
4.324
0.1
1.924
1.224
1.2
1.224
1.324
0.5
2.024
0.2
1.524
0.3
0.5
0.6
1.624
2.1
2
4.248
0.6
5.724
0.3
0.3
1.324
0
2.548
2.124
1.324
0.1
1.424
1.824
12.5
1.524
3.724
2.548
0.3
2.548
1.4
1.224
1.224
0
1.7
1.1
3.324
0.4
1.624
4.824
3.524
2.8
1.724
1.824
1.324
1.8
0.5
0.7
3.324
2.124
0.7
0
2.124
0
2
1.924
0
1.224
2.024
6.2
1.324
0.3
1.6
0.7
0.1
0.1
0.9
2.1
1.224
0
18.048
0.1
7.848
0
1.224
1.224
0.4
3.9
0.2
0.1
1.5
0
0.1
1.9
1.224
1
0
1.524
0
0.4
0.3
12.324
0.2
1.224
1.7
0
2.6
1
0.1
2.448
0
2.648
1.224
0.2
4.5
0.1
2.024
1.424
1.224
0.3
0.1
1.224
4.424
0.6
1.4
0.1
1.224
0.3
1.1
0
1.224
2.5
0
0.1
0
0
0.6
0
0.1
6.324
0.2
0.1
1.324
2.648
4.284
2.448
1.324
2.724
0
2.124
0.2
0
0.1
1.524
0.1
0
0
1.224
7.524
0.1
1.224
1.936
3.56
3.36
3.36
2.336
4.684
2.936
2.636
2.236
3.06
5.46
3.96
2.236
4.36
3.46
3.06
3.76
1.836
1.936
2.336
1.836
3.56
1.836
3.96
3.16
2.236
5.16
4.96
4.86
2.036
3.26
1.936
2.036
3.06
7.036
3.76
2.136
2.936
2.136
3.06
1.836
1.836
11.26
1.936
4.284
1.836
12.06
4.984
4.136
3.736
2.236
2.836
7.46
4.584
3.56
5.184
9.06
36.684
2.036
2.436
1.836
4.984
2.136
4.86
3.136
1.836
0.2
0
1.224
0.4
0.1
0
0.4
0.3
0
0.2
0.4
0.2
0.1
1.224
4.524
0.1
0
0.6
0.4
2.6
0.2
1.324
0
0.7
0.3
1.4
0.4
0.3
0
0.5
7
1.524
1.4
0.1
0
0.8
0
0
0
0.5
0
2.524
1.224
0
1.224
1.224
0.7
0
4.7
1.5
1.824
0.2
0.4
2.324
0.8
0.1
3.048
1.824
0.2
0.6
1.3
3.5
1.724
0.8
0.1
1.424
1.7
1.6
1.524
3.848
0.4
0.9
1.7
1.1
0.5
6.948
0.7
2.224
0.1
1.824
1.224
1.624
0.2
0.1
1.224
1.324
1.2
0.3
0.5
0
0.1
3.024
1.424
0.3
1.1
1.224
1.524
2.5
0.6
1.724
0.2
1.9
0.5
1.424
0.6
7.2
3.824
0.1
3
8.3
0.1
0.8
1.6
1.4
2.3
1.224
0.8
1
1.324
0.1
0
0.3
0.8
0.1
1.224
1.2
1
1.224
0
1.224
0.8
1.824
0.3
0
0
0
2
0.3
0.2
2.524
1.1
1.224
0.1
1.424
0
2.7
0
1.224
0.2
2.124
0.2
0.1
0.1
1.324
0.3
0.2
0
1.224
11.348
0.3
1.224
0.1
0
1.6
4.124
1.224
0
0
0.1
1
2
0.3
0.1
1.624
1.224
1
0.1
1.2
1.8
1.224
1.524
0.2
0.7
0.4
2.9
1.7
1.324
0.1
0
0.6
0.5
0.6
0.2
0.5
0
1.4
0
0.1
2.324
0.6
1.324
1.224
4.048
0
2.724
1.2
0.5
0.1
0
0.2
1.224
0.2
0.3
0
0.2
0
0
7
0.9
0
1.224
0
0.1
0.3
0.1
0.3
0.3
0.2
0.5
0.2
2.548
1.5
0
1.224
0.3
0.6
0.2
0
1.324
0
2.124
0
0.1
0.6
3.024
0.3
0.2
0
0.2
1.824
2.3
1.724
0.2
2.4
0.4
0.2
6.4
0.9
0.1
0.2
0.2
0.8
1.324
0
0.8
0.9
1.1
0.1
0.2
1.724
0.3
0.7
1.324
0
0.2
0.3
0.1
0
0.7
0.5
0
1.224
2.224
0.1
1.424
1.6
0
0.3
2.548
0.1
0.1
0.8
0.5
0
0.2
0.2
0
0.7
3.4
0.4
2.1
0.2
1.524
1.224
0
0.2
1.524
0
0
0.1
0.4
0.6
2.324
0
1.224
0.8
1.7
1.2
0
0.7
1.5
0
0.3
0.1
0.1
1.824
0
1
1.2
0.1
0
1.424
0.1
0.3
1.224
1
1.224
0
0.1
0.7
0.2
1.924
2.548
0.8
0.1
0.9
0.8
0.1
0.3
1.324
0
0.4
1.224
1.524
0.3
0.7
0.3
0.2
0.3
0.4
0.3
1.324
0
0.1
0.1
0.1
0
0.4
8.524
0
0.7
0.4
0.2
0.3
1.624
0.2
1.5
0.4
2.024
1.624
1.9
3.348
0.1
0.5
0.2
1.224
0.3
1.224
0.7
0.8
2.724
1.324
0.4
0.3
1.324
8.1
4.4
0.7
2.424
2.124
1.224
1.224
0.1
0
0
0.1
0.5
1.624
1.7
0.7
0
1.224
0
0
0
0
0.2
0.1
0.2
0.1
0.4
0.2
1.324
0.2
0.2
1.6
1.224
1.3
3.2
0.6
0.4
0.1
2.324
0.3
1.424
1.324
1
8.324
0.3
1.524
0
0.3
0.1
0
5.048
1.224
0.7
0.3
1.224
2.524
0.1
0.1
0.6
0
0
0.2
0.1
0.3
0.4
1.824
0
0.2
1.224
0.2
0.2
1.224
0.2
0.5
1.224
1.324
2.024
0.1
0.1
0.5
0.2
0.2
0.4
0
0.1
1.724
0.3
1.3
0.3
1.224
1.424
0.2
0
1.424
1.324
1.224
1
0.3
0
0.3
3.424
3.048
0.1
0.1
0.5
0.4
0.5
0.3
1.4
1.2
1.224
3.924
2.548
1.624
2.448
0.1
1.424
0
0.4
2.9
4.224
0.2
0.3
0.3
0
0.3
0.4
0
0.2
0.3
0.3
3.024
0.2
0.3
1.2
0
0.9
0.1
0.1
1.224
0.1
1.324
1.724
0.2
0.3
0.4
1.624
1.324
1.524
2.7
1.724
0.7
1.224
0.9
0.2
0
1.224
1.2
1.424
1.8
1.924
0.3
0.5
1.624
0.1
1.2
2.7
0.6
1.224
0.1
1.424
0.9
1.424
5.324
1.424
4.624
2.324
1.3
1.824
0.3
1.224
2.924
1.624
0.2
0.5
0.3
0
0
0.4
0.2
1.424
0
0.6
0.3
0.2
1.1
7.324
1.324
2.224
1.324
0.1
1.324
0.1
0.3
0.6
3.324
0.3
0.9
0.1
3.524
0.1
1.224
0.1
0.3
0.4
1.324
2.524
2.024
0.3
1.4
2.124
0.4
1.624
1.324
2.324
0.1
0.1
2.448
1.724
1.224
0.2
1.2
0.7
0.3
0.5
0.4
1.9
1.824
0
0
2.524
1.6
0
0.8
4.4
1
2.2
0
0
0
2.524
2.724
1.4
1.424
1.324
0
5.1
0
8.448
0.4
0
0
2.924
0
1.9
0.2
1.624
0.7
0.2
5.424
1
1.324
0.1
0.1
0
0.1
0.3
0.1
7.924
0.3
1.8
0.5
1.424
2.748
1.4
1.224
1.224
0
0
0
0.3
1.2
4.348
0.9
0.1
0.1
0.4
0
0.2
0.3
0.4
10.7
2.024
0.6
2.524
0.4
4.3
0.4
0.5
1.524
3.8
0.6
2.424
0.1
0
1.424
0
3.9
0.6
3.1
1.324
0.8
0.3
1.524
0.8
2.124
0.5
0.4
2
0.7
0.9
0.1
3.048
0.4
0.4
2.724
1.9
1.824
1.424
0.1
2.948
2.124
0.7
1.3
1.324
0
0.6
0.6
1.324
5.3
0.7
0.3
1.324
1.3
1.524
3.9
1.624
0.1
1.524
1.3
2.024
1.324
1.424
1.424
1.324
5.724
0.6
0
1.324
0
4.824
0.2
0.4
0.2
1.424
2.648
1.924
2.624
0.4
0
2.8
0.6
0.6
1.924
3.024
0
0.7
0.4
0.1
0
1.724
1.524
1.424
0.4
2.024
0.4
1.224
1.424
1.424
2.448
0.3
1.224
0
1.8
1.424
0
2.548
1
0.7
0.3
1
1.624
1.8
3.3
2.924
0
4.8
0.1
1.324
0.3
2.2
2.124
2.224
1.624
5.2
1.924
0
0.1
0.5
1.324
2.924
1.3
0.2
0.2
0.3
0.2
0.9
0.7
1.424
0
1.224
2.448
0.8
5.124
0.2
2.5
0.1
0.9
1.524
2.424
1.2
1.4
1.924
0.1
0.1
0.2
12.124
0.1
0.2
1.724
2.448
1.1
0.1
1.624
2.624
0.7
3.224
1.624
0.1
0.3
0.8
1.724
0.6
3.5
0.1
3.424
0.8
0
0
1.724
0.6
0
0
0.1
0.3
0.2
0
1.724
1.724
2.824
0.8
1.3
2.324
2.924
1.7
0.5
0
0
0.1
12.124
2.7
0
1.324
2.524
0.2
1.824
0.4
1.924
2.2
1.2
0.1
2.748
0.3
2.024
1.924
1.624
1.324
0.6
0.2
1.7
9.724
1.224
0.5
0
1.424
2.024
1.8
0
0.1
1.924
0.2
0.8
1.324
0.2
1.3
1.824
1.4
0.9
1.524
1.724
1.524
0
0.4
0
0.4
0
0.7
1.1
2.948
0.6
0.1
2.2
0
0.7
3.6
2.8
0.2
3.724
0.9
5.048
1.224
0
4.5
0.6
0.3
2.448
1.224
1.624
1.424
0
2.824
0.5
1.624
1.324
0.9
0.4
0
2.8
1.324
0.2
0
1.424
1.1
3.2
2.024
0.3
0
1.424
1.5
0.5
0.4
3.224
0.1
0.1
1.924
1.4
2.424
0
0.3
0.4
1
0.2
0.7
0.8
0.8
1.624
0.3
0.2
0
1.224
1.424
3.124
0.5
1.2
0.1
2.024
1.324
0.4
0.2
0.5
0.6
1.6
0.5
2.5
1.224
1.224
1.224
0.3
0.7
0.1
0.4
0
0.1
1.224
0.1
0
1.824
1.3
0.2
1.724
2.324
0.4
1.424
0.2
1.824
0
1.4
1.624
0.3
1.224
1.4
1.824
1.8
1.5
1.824
1.224
0.6
0.8
2.1
0
1.1
1
2.324
0
3.5
1.6
3.6
0.1
1.324
3.648
1.224
2.2
0.2
0.3
1.6
0.1
0.3
0.1
1.324
1.524
0.7
3.048
1.324
0.6
0
0.9
0
0
0.2
0.2
0.7
1.1
7
1.8
2.024
1
1.424
1.524
2.624
1.8
0.8
0.4
0.6
1.724
0
0.9
0.7
1
0.3
0
7.148
1.224
0.1
0.8
0.4
1.624
5.024
3.948
2.024
3.348
1.4
1
0.1
0.1
3.724
1.224
1.524
0.9
0.7
0.1
1.724
0
1.224
2.5
1.924
0.3
0.5
1.524
2.948
0.3
1.324
0
1.324
0.1
2.2
3.1
0.3
0.1
0.7
1.224
0.2
0.1
1.324
1.224
6.124
0.5
1.424
0.6
0.2
0.2
0.5
0.1
0
2.424
1.724
1.724
0.2
0.3
0.2
0.1
11.948
1.424
1.324
1.9
2.9
1.424
2.448
0.7
0.2
0.5
0
0.1
0.2
0.2
0
0.1
2.024
4.7
0.2
0.1
0
1.324
0.2
0.3
0.4
2.224
2.124
0
2.848
0.1
2.2
2.524
0.1
0.2
1.324
0.6
1.224
0.1
1.524
1.424
2.748
0
0.4
1.6
0
4.124
6.1
1.2
1.3
0.4
0.1
0.1
0.6
0.5
2.748
0.3
0.1
0.2
0.1
1
1.424
2.924
2.524
0.3
0.1
2.3
0.8
2.724
1.4
0.2
0
0.1
0.8
2.524
2.724
2.124
2.224
0.3
1.224
0.3
2.324
1.324
1.4
0.1
0
0.3
1.7
0.9
4.024
4.324
0.4
0.4
1.924
1.224
0
0
0.5
0
0
0.6
0
0.1
1.224
0.2
0.8
1.424
1.224
0.1
1.224
2.748
0.1
0.1
0.6
2.524
7.724
1.824
4.024
0.3
2.524
5.3
1.324
2.448
1.624
4.4
0.2
0.3
0.5
1.4
0.5
0.8
0.5
0.7
0.5
0.7
1.9
1.4
2.1
2.1
0.4
4.5
0.2
0
0.3
0
1.3
1.5
1.724
2.324
0.7
0.2
0
0.3
0
0.2
0.3
1.5
1.7
0.1
1.524
9.3
0.6
0.5
1.624
0.1
3.624
5.4
3.8
1.224
2
0
0
2.4
1.824
4.348
1.2
1
2
0.9
0.8
1.6
11.548
0.4
0.9
0
1.524
0.8
0
2.924
1.424
0.3
0.2
1.5
0.6
1.2
0
0.3
3.524
1.9
0.3
1.824
0.4
4.724
2.024
1.224
0.3
2.6
1.5
0.1
0.9
0.3
0.1
1.924
2.848
3.724
0.2
1.924
0.9
3.9
1.324
0.1
1.624
1.3
3
1.324
0.7
1.1
3.7
0.1
1.624
0.4
4.248
1.724
0.6
0.2
3.8
2.924
1.424
1.1
2.424
1.2
3
1.524
2.1
0
2.324
0.8
1.5
0.2
0.1
1.324
0.1
0
2.124
1.224
1.424
0.2
0.6
1.4
0.1
0
0.5
5.5
1.224
12.624
0.6
0.5
0
1.424
1.224
0
1.524
0.6
1.2
1.324
0.8
2.448
0.3
0.6
0.3
0
11.8
0.6
1.224
0
3.4
1.3
11.924
4.3
1.224
10.624
0.9
0.4
0.4
0.1
0
0.3
0.6
1.324
1.624
0.3
0
0.9
1.224
0.4
0.1
0.1
0.7
1
0
2.224
0.6
0.2
0.5
0
1.824
0.1
2.224
1.624
3.124
0.1
0.3
1.724
1.224
0
1.224
2.224
3.4
1.424
0.7
2
0.1
2.448
1.224
0.2
0.1
1.224
1.7
0.8
1.724
2.024
0.3
1.624
1.224
1.524
2.124
1.924
0
1.224
1.724
0
1.324
1.6
12.224
2.124
0.3
2.9
5
1.5
