1.524
0.2
2.324
0.2
2.448
1.224
1.324
1.224
2.748
1.224
2.548
2.448
2.748
1.824
2.124
0
1.224
0
0
0.1
1.324
1.424
0
0
1.624
0
0.1
0.2
1.424
0
0.2
1.224
2.924
1.224
1.324
1.724
1.224
1.424
0
1.724
1.224
1.824
0
0.1
0.2
1.224
0.5
1.624
1.324
2.848
1.224
0
2.748
1.224
0
0.1
2.448
1.424
1.324
1.624
2.224
1.324
0.2
0.4
1
1.324
1.224
1.224
1.324
2.324
1.324
4.072
2.448
1.324
3.124
1.924
1.224
0.2
1.324
1.224
1.824
1.224
1.224
1.324
0
1.224
1.224
0
0
1.824
1.324
0.2
1.424
1.224
1.224
2.448
2.648
2.448
0
0.1
0
1.424
1.524
1.324
0
1.224
1.224
0.9
1.324
1.324
2.648
1.324
1.224
2.448
0
0
1.224
1.224
1.224
1.224
3.624
0
0
2.948
1.224
1.224
1.224
1.224
0
2.848
1.324
0
1.624
0
1.424
0.4
1.224
2.548
1.524
0.7
1.324
1.324
1.224
1.624
1.224
1.224
1.224
1.224
1.224
1.224
1.224
1.224
1.524
1.324
1.724
1.924
1.424
0.1
1.624
0.1
1.224
1.324
1.224
1.224
0
1.224
0.1
2.448
0.1
2.2
2.448
2.648
2.548
1.224
2.448
1.324
1.224
1.224
1.324
2.024
1.524
2.848
1.524
3.672
2.024
3.772
2.848
3.672
2.648
3.672
1.524
3.772
2.648
4.472
3.672
2.648
2.448
2.548
1.224
0.3
2.848
0
0
1.524
2.824
1.224
1.224
2.548
1.324
1.224
1.224
1.224
0.3
1.224
1.224
3.024
1.224
2.824
0
1.224
1.224
1.324
2.024
1.324
1.224
1.324
1.224
1.224
2.024
3.672
1.424
1.224
2.648
0
1.224
0.1
3.948
1.324
0
1.424
0
1.424
1.624
0
1.224
0
1.324
1.224
1.324
0.8
0
1.324
1.224
1.224
0.1
1.224
1.324
1.924
1.324
1.524
1.324
2.448
1.324
0.3
1.224
2.448
0.9
1.324
1.224
1.224
1.224
1.424
1.224
1.324
2.424
0
1.224
1.324
3.672
4.284
1.224
1.224
2.748
1.224
2.548
1.324
1.224
1.324
2.548
1.224
1.224
1.224
1.224
2.624
0
0.1
1.936
1.936
3.06
3.06
2.036
4.284
1.936
2.236
1.936
3.06
3.56
4.784
1.836
4.484
3.36
3.06
4.384
1.836
1.836
3.36
3.06
3.06
1.836
3.26
3.16
1.836
3.16
2.136
3.36
3.06
3.06
1.936
1.836
3.06
2.836
3.26
1.836
3.36
3.06
3.06
1.836
1.936
3.86
3.06
3.06
4.384
4.96
3.26
3.46
3.16
5.384
3.56
2.136
4.384
5.084
4.384
3.96
4.86
1.836
1.936
3.06
3.26
1.936
12.932
5.608
1.936
2.448
2.448
2.448
0
0
2.448
0
1.224
1.224
1.224
0.1
1.224
0.1
1.224
1.824
0
0.1
0.2
1.424
1.724
0
1.224
0
0.2
1.224
3.348
1.224
0.1
0.1
2.448
1
1.224
0.5
2.648
0
1.424
1.224
0
1.424
1.224
1.224
2.648
2.548
2.548
2.448
2.448
1.524
1.224
0.8
1.624
2.748
0.1
0.1
1.324
1.224
0
1.224
1.224
1.224
1.224
1.524
0
1.224
1.224
0.3
3.672
1.624
1.224
1.324
2.548
1.324
0.2
1.424
0.3
1.324
2.648
1.524
1.224
1.424
0.2
1.324
1.224
0.1
1.224
1.224
2.448
1.424
1.724
0.2
0
0.1
2.548
1.224
1.224
0.3
1.224
0
1.824
1.524
2.448
1.324
0.5
1.224
1.424
0.1
2.724
0.5
0.1
1.724
2.624
0
1.424
1.624
1.624
0.1
1.224
0.3
0.5
2.448
0
1.224
0
0
0
2.448
1.524
0.2
2.448
1.224
1.224
1.224
2.448
0
0
0
1.224
1.724
1.224
0
2.848
0.4
1.224
0.1
2.448
1.324
0.1
0
1.224
1.224
2.448
1.224
1.224
1.224
2.448
0
2.448
1.224
1.324
2.024
1.224
2.448
1.224
0
1.724
2.648
2.548
0.1
1.224
1.324
1.724
1.724
2.448
0
2.648
1.224
1.524
1.324
1.324
0.2
2.548
1.424
1.424
0.1
1.424
1.424
1.624
2.548
1.224
1.224
0.1
1.324
1.324
1.224
0
1.224
1.324
1.224
0
1.224
1.324
1.324
1.224
1.724
2.448
2.548
1.624
2.648
2.648
1.224
0.1
2.448
0
1.324
0
0.1
1.224
1.324
2.224
1.524
0
2.448
0
0
1.224
1.224
1.224
0
1.424
1.224
1.524
1.224
0.7
0
2.448
1.424
1.624
0
1.224
2.448
0
1.324
0
1.224
0.1
0.5
1.524
0
0
1.224
1.224
1.524
1.324
0
0.3
0.1
0.1
2.324
1.424
2.448
0.1
0
0.1
2.548
0
0.2
1.224
2.748
0
0.1
2.448
1.224
1.424
2.448
0
1.224
0
0
1.324
0.4
1.324
1.224
1.224
1.524
1.224
1.324
0.3
0
1.324
1.224
1.224
1.224
0.1
1.424
1.224
1.524
1.224
0
0.2
1.824
0
2.748
1.224
1.224
2.548
0
0.1
3.772
1.224
1.224
1.424
1.524
1.324
2.548
0
2.448
1.724
2.548
1.524
1.224
1.324
0.3
1.224
1.224
0
1.224
2.948
1.224
0
1.624
0.1
0
1.224
1.324
0.1
1.324
0
2.448
1.224
1.224
2.548
0
1.324
2.448
0.6
0
1.524
1.424
1.224
1.224
2.448
1.324
0.1
1.224
1.224
0.1
1.524
1.324
0
0.3
1.324
1.324
1.224
1.224
1.224
0
0
1.224
0.3
1
1.224
0.1
1.224
0
1.224
2.448
1.224
1.724
0
2.748
1.224
1.324
1.324
1.324
1.224
1.324
2.548
2.748
1.224
1.324
1.324
1.324
2.448
1.224
1.424
2.448
1.4
3.548
0.2
0.3
1.524
2.448
2.448
1.224
1.324
1.224
0
1.424
1.224
1.724
2.648
1.224
1.224
0
1.224
1.224
1.224
1.224
0
2.548
2.548
1.424
1.324
1.224
1.224
1.424
0.5
2.448
0.3
0.5
1.524
1.224
0
1.224
0
2.648
1.324
0.3
2.524
1.324
1.324
1.224
1.324
1.224
0
1.824
2.448
1.424
1.224
1.224
1.224
1.224
1.224
1.224
0.1
0
1.224
1.224
1.324
0.1
2.648
1.224
0.1
2.648
0
0.1
1.224
1.224
2.548
1.224
1.224
2.548
1.224
1.224
1.224
0.1
1.224
0
1.224
0
1.224
0.1
1.324
1.224
2.448
2.448
0.1
1.224
1.324
2.548
1.224
2.024
1.224
0
2.448
2.648
1.224
0.1
1.224
1.324
2.548
1.324
0
1.424
1.524
1.224
2.948
1.224
2.548
2.448
1.324
2.548
1.224
1.324
1.724
3.248
1.224
0.1
1.224
0
1.324
1.324
0
1.324
2.548
0
1.424
0
2.548
1.324
1.224
0
0
0
1.224
0
1.224
2.548
1.224
1.224
0
1.324
1.224
1.324
0.8
2.548
1.224
2.448
0.1
0
2.448
1.224
2.748
2.448
1.524
1.324
1.224
0.3
2.448
0.1
1.624
1.624
1.324
2.448
0
2.448
2.548
2.448
3.548
1.324
3.048
2.648
1.324
1.224
1.724
2.448
1.624
2.648
1.424
1.324
1.224
1.224
1.224
1.224
1.224
2.648
1.224
1.524
1.324
1.224
1.624
2.524
1.224
2.548
1.224
0
1.224
1.324
0.1
0.1
2.848
1.324
1.624
1.324
1.724
0
1.224
1.324
1.224
1.624
1.424
1.424
1.224
2.548
4.372
2.648
1.224
2.648
2.548
1.424
1.224
1.224
1.224
2.448
1.224
1.224
1.524
1.424
1.424
1.224
1.224
1.824
2.848
1.224
1.324
2.748
0.3
0
1.324
2.124
1.524
0.3
2.448
0.1
1.224
1.324
2.748
1.224
1.324
2.448
0
1.2
0
2.124
0
2.448
1.224
2.748
1.224
0.6
0
0.4
1.424
1.224
1.724
1.624
1.224
1.224
1.224
1.224
1.224
0.1
1.224
3.124
1.324
1.224
2.448
1.224
1.224
1.324
1.224
2.548
0.1
1.224
1.224
1.324
0.6
1.324
0.4
1.224
1.324
0
0.1
1.224
1.324
1.524
3.124
0
1.324
1.224
1.224
1.6
0
0.1
0.1
3.148
2.448
1.624
0
1.224
2.548
2.448
3.872
3.772
3.148
1.324
2.648
2.448
2.448
2.548
2.648
1.224
2.548
2.948
2.548
2.948
1.324
4.996
3.772
2.448
2.848
2.948
3.772
3.672
1.324
2.648
3.672
3.772
3.672
2.448
2.448
3.772
2.748
2.448
3.148
2.648
2.448
2.448
2.748
1.224
3.048
2.548
2.448
3.672
2.448
2.448
2.548
2.648
1.324
1.524
3.248
3.872
3.672
3.672
1.224
4.572
2.548
3.672
2.548
2.448
2.648
3.772
2.748
2.548
2.548
2.748
2.448
2.448
3.872
2.848
2.548
3.872
2.648
2.448
1.224
2.548
3.872
3.672
2.648
2.548
1.224
2.448
1.324
3.772
3.672
2.448
2.448
2.448
2.748
2.448
3.672
2.548
2.648
2.448
1.324
2.648
3.772
2.448
3.248
3.348
2.448
1.424
2.448
2.448
2.548
4.172
3.672
2.548
3.672
2.024
4.072
1.324
1.224
1.224
1.224
2.648
2.548
2.548
2.448
3.672
2.448
2.648
2.548
2.548
3.772
3.772
3.672
2.748
1.824
2.548
2.948
1.224
2.848
2.748
2.548
3.872
2.448
4.172
3.672
2.648
3.872
4.248
2.548
2.448
2.448
2.448
2.648
2.448
2.548
2.648
2.548
2.748
3.772
2.448
2.548
4.072
2.448
2.648
3.148
1.224
3.972
1.324
2.448
2.448
1.224
3.672
2.448
2.448
2.448
2.548
1.324
2.448
3.872
3.772
3.772
2.548
3.048
4.996
3.872
3.972
1.324
1.224
1.324
2.448
4.148
1.924
2.448
2.448
2.548
1.224
3.672
2.548
2.648
2.848
2.748
2.448
2.448
2.548
4.172
3.872
3.772
2.448
3.672
2.548
1.824
3.248
2.448
3.772
2.548
2.548
2.648
3.972
2.548
2.448
3.872
2.548
2.448
3.672
2.548
2.648
5.196
2.848
3.972
2.448
5.096
2.448
2.548
2.748
1.324
2.448
2.448
2.648
1.524
2.448
2.748
2.448
2.748
2.448
2.648
3.972
1.424
3.772
2.748
2.448
2.648
2.448
2.448
5.072
1.324
2.448
3.672
2.448
2.448
3.672
2.448
3.772
2.548
3.672
3.672
2.748
2.548
2.448
2.548
2.448
2.448
2.448
3.672
2.448
3.348
3.872
2.648
2.448
2.448
3.772
3.772
2.448
2.848
2.448
3.672
2.548
2.848
2.548
1.324
2.548
3.672
2.548
2.648
1.424
3.872
2.648
2.448
1.224
1.424
2.448
1.224
2.448
3.772
2.548
2.648
2.548
2.448
2.448
2.448
2.448
2.548
1.524
2.848
2.548
2.848
2.448
3.672
2.448
2.548
2.448
2.448
2.648
2.448
2.548
3.872
3.672
2.448
3.872
4.272
1.224
2.548
3.672
3.772
2.548
3.672
2.648
1.224
2.848
2.448
1.324
2.448
2.648
2.448
2.848
3.772
3.772
3.672
3.772
2.448
2.948
1.224
3.672
2.548
3.772
2.448
3.148
2.748
3.548
1.424
2.548
3.672
3.672
2.648
2.548
2.448
2.848
2.548
1.224
2.448
2.448
1.224
1.224
3.672
1.224
2.548
3.772
2.748
2.448
3.672
3.672
2.448
2.548
3.972
4.872
2.948
2.648
3.972
1.224
2.448
3.972
1.424
1.524
2.448
2.448
3.672
1.224
2.648
3.772
1.524
3.672
1.224
3.248
1.224
3.672
1.624
2.448
3.972
2.648
2.848
3.772
4.172
2.648
2.648
2.448
2.448
5.796
2.448
3.672
3.048
3.772
2.648
2.448
2.448
3.772
2.748
2.448
1.224
2.548
3.872
2.548
3.672
2.548
3.672
2.448
2.448
1.424
1.524
2.548
2.448
2.648
2.448
1.224
2.648
2.448
3.672
2.848
3.672
2.448
2.548
2.548
2.448
2.548
2.448
2.448
3.872
2.548
2.548
1.224
1.224
2.448
2.448
2.948
2.548
2.448
2.848
1.524
3.672
3.672
2.448
2.548
2.748
2.448
2.448
1.324
2.448
2.448
1.324
4.072
4.772
2.448
2.748
2.448
2.448
2.448
2.448
2.648
3.872
3.672
2.448
2.548
3.872
4.272
3.872
1.224
2.448
3.672
2.448
1.224
2.648
2.448
2.448
3.672
2.448
2.448
2.648
2.448
4.072
3.448
2.948
3.972
1.324
2.448
2.448
2.548
1.224
3.672
2.448
3.672
1.224
2.548
1.324
2.448
2.948
4.072
3.772
2.448
3.048
2.548
4.072
2.548
2.448
1.224
2.548
1.324
3.672
4.896
3.772
3.772
2.548
1.224
2.748
2.448
2.448
2.848
2.448
2.448
2.848
2.748
3.772
4.372
4.272
2.548
3.872
3.872
3.672
3.672
1.224
3.672
1.224
1.324
2.648
2.648
2.448
3.672
2.548
2.448
2.448
2.448
2.448
3.672
2.448
2.448
2.448
2.748
3.872
4.472
2.548
2.748
1.224
2.448
3.248
3.672
2.448
2.448
3.348
2.448
1.324
2.548
2.548
3.772
2.548
1.524
2.548
1.224
1.424
4.072
2.948
1.424
1.524
1.224
3.648
2.548
2.548
2.448
1.224
2.548
3.672
2.648
2.548
2.648
1.224
1.224
2.448
3.772
2.548
2.448
2.748
2.548
3.772
2.448
3.624
3.872
3.772
2.648
1.324
2.948
2.424
1.424
2.448
3.972
2.548
1.224
2.548
3.772
2.548
3.148
1.324
2.648
1.524
3.972
2.548
4.872
3.672
2.548
2.448
2.448
3.672
2.448
3.972
2.448
2.448
2.548
2.748
2.548
2.548
2.448
2.548
3.872
2.648
2.548
2.648
2.548
2.848
3.872
2.448
2.548
4.072
2.648
2.548
2.648
2.648
3.672
4.896
3.872
5.396
3.772
3.972
3.972
3.048
2.448
2.448
3.672
3.972
2.948
2.448
2.548
3.872
3.348
1.224
2.448
2.448
4.072
2.548
2.548
2.448
2.748
4.072
3.772
3.672
3.972
2.748
2.848
1.224
2.448
1.224
3.972
2.548
3.972
2.448
2.448
2.448
2.548
1.224
2.648
2.448
2.548
1.324
0.2
1.724
1.224
2.448
1.424
2.024
1.224
1.5
0.1
2.548
1.224
1.224
1.224
0
1.224
0.2
0.3
1.324
0.3
1.224
0
2.748
0.1
1.224
1.6
0.1
2.448
0
1.724
1.224
3.648
1.924
2.448
2.024
1.324
1.324
1.324
1.324
1.224
0
0.3
1.224
2.548
0.1
0
1.224
1.224
0.2
0
1.224
0.2
0.3
1.224
1.324
1.424
0
0.2
0.1
1.324
1.224
0
1.224
1.924
1.324
1.224
1.324
1.224
1.224
1.224
0.1
1.624
1.224
2.748
2.648
1.224
1.224
2.448
0.1
1.224
2.448
1.424
1.524
1.324
1.724
1.324
2.548
2.448
1.224
2.448
1.324
1.324
1.224
2.448
1.224
2.548
0.2
3.724
1.424
1.224
2.024
1
1.624
