1.324
0.1
1.624
0.2
1.224
1.324
1.224
1.224
2.448
1.224
2.448
2.448
1.224
1.424
1.624
0
0
0
0
0
1.224
1.224
0.1
0
1.224
0
0.1
0
1.224
0
0
1.224
2.224
1.224
0
1.424
1.224
1.324
0.3
1.424
1.224
1.824
0
0
0.4
1.224
0.2
0
1.524
2.448
1.324
0
2.748
0.1
0
0
1.224
0
1.324
1.324
0.6
0.3
0.1
0.7
0.4
1.324
0
0
1.324
0.4
1.624
2.648
1.224
1.224
1.724
1.324
0
0.1
0
1.224
1.524
0.1
1.224
0.2
0.1
0.1
0
0
0
0.4
1.224
0.1
0
0
0
2.448
2.648
1.324
0
0
0.2
0.4
0.2
1.224
0
1.224
1.224
0.5
0.1
1.324
1.524
0
1.224
1.224
0.1
0.1
1.324
0
1.324
1.224
0.9
0.1
0.1
1.424
0
1.224
1.224
1.224
0.1
1.324
1.224
0.2
0.1
0
1.224
0.1
1.324
1.224
1.224
0.3
1.224
0
0
1.924
0.1
0.2
1.224
0.2
1.224
0
1.224
1.224
1.524
1.324
1.924
1.424
0.3
0.1
1.624
0.1
1.324
0
1.224
0
0.1
0.2
0
1.324
0
0.6
1.224
1.724
1.224
1.324
1.224
1.524
0
0
1.224
1.624
1.324
1.524
1.224
2.448
1.624
2.648
2.748
2.448
1.524
2.448
1.324
3.772
2.548
2.448
2.548
2.548
2.548
2.548
1.224
0.1
1.324
0
0
0
1.824
0
1.224
2.548
1.224
1.224
1.224
1.224
0.2
0
1.224
1.1
1.224
0.5
0
0
0
1.224
1.424
1.324
1.224
1.224
1.224
1.224
1.424
2.448
1.224
1.224
1.224
0
1.224
0
2.024
1.324
0
1.324
0
1.324
1.424
0
0
0
0.2
0
1.224
0.4
0
0.1
0
0
0
1.224
0
0.2
1.224
1.224
1.224
1.224
1.224
0.1
1.224
1.224
0.1
1.224
1.224
1.224
1.224
1.324
1.224
1.224
0.4
0
1.224
0
2.448
3.06
0
0
1.324
1.224
1.224
1.224
1.224
1.224
1.324
1.224
1.224
1.224
0
0.6
0
0
1.836
1.836
2.036
3.06
1.836
3.16
2.036
1.836
2.036
1.836
2.236
3.06
1.836
3.06
2.036
1.836
3.06
1.836
1.836
3.06
3.06
3.06
1.836
3.16
3.06
2.036
3.16
2.336
2.036
3.06
1.836
1.836
1.836
1.836
1.936
1.836
1.836
3.26
3.16
1.836
1.836
1.836
3.66
3.06
1.836
4.284
2.736
1.836
3.36
3.26
4.384
3.06
2.336
3.06
4.384
3.16
2.636
3.136
1.936
1.936
3.06
2.036
1.936
5.608
8.508
1.836
2.448
2.448
1.224
0
0
2.448
0
1.224
1.224
1.224
0
1.224
0
0
0.3
0
0
0.1
1.324
1.424
0
0
0
0
1.224
2.648
1.224
0
0
2.548
0.7
0
0.1
2.448
0
1.224
1.224
0
1.224
1.224
1.224
1.324
1.324
2.448
1.324
1.224
1.224
1.224
0.2
1.224
1.324
0
0.2
0.2
1.224
0
0
0
1.224
1.224
1.324
0.2
1.224
1.224
0
2.448
1.224
1.324
0
1.524
1.224
0
1.324
0
1.224
1.524
1.324
1.224
1.224
0
0
1.224
0
1.224
0
1.224
1.524
1.224
0
0
0
1.324
0
1.224
0.1
0
0
1.324
1.324
1.324
1.224
0
1.224
0
0
1.624
0.2
0
1.624
1.724
0
1.224
1.224
1.324
0.3
0
0
0.1
1.224
0
1.224
0
0
0
1.224
1.224
0.1
1.224
1.224
0
1.224
1.324
0
0
0
1.224
1.324
1.224
0
1.324
0
1.224
0.1
1.224
1.224
0.1
0
0
1.224
1.324
1.224
1.224
1.224
1.224
0
2.448
1.224
0
0.7
1.224
1.224
1.224
0.1
1.324
1.524
1.224
0
1.224
1.224
1.224
1.224
2.448
0
1.324
1.224
1.524
1.224
1.224
0
1.224
0.1
1.224
0.1
1.324
1.424
1.324
1.224
1.224
1.224
0
1.224
1.224
1.224
0
1.224
1.324
1.224
0
0
1.224
0
0
0.2
2.448
1.224
1.224
2.448
2.548
1.224
0.1
1.224
0
1.324
0
0
1.224
1.224
1.624
1.224
0
1.224
0
0
1.224
1.224
1.224
0
1.224
1.224
1.324
0
0
0
1.224
1.224
1.324
0
1.224
1.224
0
0.2
0
1.324
0
0.1
1.224
0
0
1.224
0
1.724
0
0
0.1
0
0
1.624
1.324
2.448
0
0
0
1.324
0
0
1.324
2.448
0
0.1
1.224
1.224
1.224
1.224
0.1
1.224
0
0
1.224
0
1.224
1.224
0
1.324
1.224
1.224
0.1
0.1
1.324
0
1.224
1.224
0
1.224
1.224
1.324
1.224
0
0
1.324
0
2.448
1.224
0
1.224
0
0
2.448
1.224
1.224
1.224
1.224
1.224
1.224
0
1.224
1.224
2.448
1.224
1.224
1.324
0.1
1.224
1.324
0
1.224
1.224
1.224
0
1.224
0
0
0.1
1.224
0
0
0
1.224
1.224
1.224
2.548
0
0.1
1.224
0
0
1.224
1.324
1.224
1.224
1.224
1.224
0
0
1.224
0
1.324
1.224
0
0
1.324
1.324
0
1.224
1.224
0
0
1.224
0
0.3
1.224
0.1
1.224
0
1.224
1.224
1.224
1.224
0.1
2.448
0.2
1.324
0.1
1.424
1.324
1.224
1.224
2.448
0
1.224
1.224
0.2
1.224
1.324
1.224
1.224
0.6
2.948
0.1
0.1
0.1
1.224
1.224
1.224
1.224
1.224
0
1.224
0
1.224
2.448
1.224
0
0
1.224
1.224
1.224
1.224
0
2.448
2.448
1.224
1.224
0
1.224
1.224
0.3
1.224
0.4
0.1
1.224
1.224
0
0.2
0
2.448
0
0
0.7
1.224
1.224
1.224
1.224
1.224
0
0.1
1.224
1.224
1.224
1.224
1.324
1.324
1.224
1.324
0
0
1.224
1.224
1.224
0
1.224
1.224
0
1.224
0.1
0
1.224
1.324
2.448
0
0
1.224
1.224
1.224
1.224
0
1.224
0
1.224
0
0
0
1.224
1.224
1.224
1.224
0
1.224
0.1
1.224
0
1.324
1.224
0
2.448
1.524
0.1
0
1.224
1.224
2.548
1.224
0
1.524
1.324
1.224
1.324
0
2.448
1.224
1.224
1.224
1.224
1.324
1.524
1.324
1.224
0
1.224
0
1.224
1.224
0
1.224
2.448
0
1.324
0
2.448
1.224
1.224
0
0
0
0
0
0
1.224
1.224
1.224
0
0
0.1
0.1
0.3
1.224
1.324
1.224
0.1
0
2.448
0
2.548
1.224
1.224
1.324
1.224
0
1.324
0
1.224
1.524
1.324
1.224
0
1.224
2.548
1.224
3.148
0
1.524
1.224
1.324
0.1
1.224
1.224
0.1
1.224
1.224
1.224
1.224
1.224
1.224
1.324
1.224
1.224
1.224
1.324
1.324
1.224
1.224
0.4
0
1.324
0
0
1.224
1.224
0
0.1
1.424
1.224
1.224
1.224
0.1
0.1
0
1.224
1.324
1.224
0
0
0.3
2.448
3.872
2.548
1.224
1.224
1.324
0
1.224
1.224
0
1.324
0
1.224
1.424
1.324
1.324
1.224
1.224
1.324
1.424
1.224
1.224
1.224
0
0
1.324
1.424
1.224
0.1
2.448
0
1.224
0.1
1.224
1.324
0
1.224
0
0.5
0
0.6
0
2.448
1.224
1.424
1.224
0.3
0.1
0
1.424
1.324
0.4
1.524
0
1.224
1.224
1.224
1.224
0
1.224
0.3
1.224
1.424
2.448
1.224
0
1.224
0
1.224
0
1.224
1.224
1.224
0.2
0.5
0
1.224
1.224
0.1
0
1.224
1.224
1.224
2.024
0
1.324
1.324
1.524
0.6
0
0
0
2.648
2.448
0.2
0
1.224
1.224
2.448
3.872
3.672
2.848
1.224
2.548
2.548
1.224
2.648
1.224
1.224
2.448
2.948
2.448
2.548
1.324
3.872
3.672
2.448
1.424
2.548
2.548
2.648
1.224
1.524
2.548
3.672
3.772
1.224
2.448
3.672
2.548
2.448
2.848
2.448
2.548
1.224
2.548
1.224
2.948
1.224
2.448
2.448
2.648
1.424
1.224
1.224
1.324
1.224
1.524
3.672
3.672
2.448
1.224
2.648
2.548
3.772
2.448
1.224
1.424
2.648
2.648
2.548
2.448
2.648
2.448
2.448
2.548
1.324
2.448
3.672
2.548
2.448
1.224
2.648
2.548
2.548
2.648
2.548
1.324
1.224
1.224
2.448
2.448
2.448
1.224
2.448
2.948
1.224
3.672
1.324
2.648
2.648
1.224
2.648
3.672
2.748
2.648
2.548
2.448
1.624
2.448
2.448
2.448
4.172
2.448
1.524
2.448
1.824
2.548
1.224
1.224
1.224
1.224
2.648
2.548
2.448
2.448
3.672
2.448
2.648
2.448
1.324
3.672
2.448
2.448
2.448
1.224
2.448
2.948
1.324
2.648
1.224
1.224
3.872
2.548
2.648
3.872
2.548
3.672
2.324
2.448
2.448
2.448
1.324
2.548
2.448
1.224
1.324
2.548
2.648
2.448
2.448
2.448
3.772
2.448
2.748
2.648
1.224
2.648
1.424
2.448
2.448
1.524
3.672
2.448
2.448
2.448
2.448
1.224
2.448
2.448
2.548
2.748
2.648
2.548
3.772
2.548
3.672
1.224
1.224
1.224
2.448
1.724
1.524
2.448
1.224
1.424
1.224
2.448
2.548
1.424
2.748
2.748
2.448
1.224
2.448
2.448
2.448
3.772
1.224
3.772
2.448
1.324
1.824
1.224
3.672
2.548
1.324
2.648
3.672
2.448
2.448
2.448
2.448
2.948
2.448
2.648
2.648
3.772
2.648
3.772
2.548
3.672
1.224
2.448
2.448
1.224
2.448
2.448
2.548
1.424
1.324
2.648
2.548
2.648
2.448
2.448
3.972
1.724
3.672
1.224
2.448
1.424
1.224
2.448
4.172
1.524
2.448
2.448
2.548
1.224
2.448
2.448
2.648
2.448
2.448
2.448
2.448
2.548
2.448
2.648
1.224
2.448
2.448
2.448
2.448
3.048
2.548
2.548
2.448
1.224
3.672
3.672
2.548
1.324
2.548
3.672
1.324
2.548
1.324
1.224
2.548
3.772
2.448
2.448
1.224
3.772
2.948
1.224
1.324
1.324
2.448
1.224
1.224
2.448
2.548
2.548
2.548
2.448
1.224
2.648
2.448
2.548
1.324
2.548
2.548
2.548
1.224
2.448
1.224
2.448
2.448
2.448
2.448
2.448
2.548
2.448
3.672
2.448
2.448
3.772
1.224
1.224
2.548
3.672
1.224
3.672
1.224
1.224
2.548
1.224
1.224
1.224
2.548
2.448
2.748
3.672
3.772
2.448
3.772
2.448
2.748
1.224
3.672
2.448
2.648
2.448
2.648
2.648
3.548
1.224
2.448
2.548
2.548
2.648
2.548
2.448
2.748
2.548
1.524
2.448
1.224
1.224
1.324
2.448
1.224
2.448
3.672
2.648
2.448
3.672
3.672
2.548
2.448
3.872
4.072
2.648
1.424
3.972
1.224
1.224
2.448
1.324
1.324
2.548
2.448
2.448
1.224
2.448
3.872
1.324
3.672
1.224
1.624
1.224
3.672
1.624
2.548
2.448
1.524
1.224
2.448
2.648
2.448
2.448
2.448
2.448
3.772
1.224
2.448
2.448
3.672
2.448
1.224
2.548
2.448
2.648
2.548
1.224
2.448
2.448
1.224
3.672
1.224
3.672
1.224
2.548
1.624
1.724
2.448
2.448
2.448
2.448
1.224
2.548
1.224
2.548
3.048
3.772
1.224
2.448
2.648
2.648
2.648
2.448
2.548
2.548
1.224
1.324
1.324
1.224
2.548
2.448
1.824
2.448
1.224
2.448
1.624
2.448
2.448
2.648
2.648
2.548
2.448
2.548
1.324
2.448
2.448
1.224
2.648
4.672
2.448
2.448
2.448
1.224
2.548
2.548
2.548
2.448
2.648
2.448
1.224
3.672
3.872
2.548
1.224
2.448
2.448
2.448
1.224
2.548
1.424
1.224
2.648
2.448
2.548
2.948
2.448
2.648
2.848
2.448
3.672
1.224
2.448
2.448
2.448
1.224
2.448
2.548
3.672
1.224
2.448
1.324
1.224
1.624
2.448
3.672
2.448
2.848
2.548
2.548
2.448
2.448
1.224
2.548
1.324
2.548
3.772
2.648
2.448
2.448
1.224
2.448
2.548
2.548
2.648
2.548
2.448
2.548
2.548
3.672
2.448
4.072
2.448
3.672
2.448
2.448
3.672
1.224
3.672
1.224
1.224
2.548
2.448
2.448
2.448
2.448
2.548
1.224
1.224
2.448
2.448
1.224
2.448
2.548
2.548
2.648
2.848
1.324
2.024
1.224
1.324
2.548
2.448
1.224
1.224
2.648
2.448
1.424
2.548
2.448
3.672
2.548
1.424
2.448
1.324
1.424
3.772
2.448
1.324
1.324
1.224
2.948
2.448
2.448
2.548
1.224
2.448
3.672
2.548
1.424
2.448
1.224
1.324
2.548
3.672
2.448
2.448
2.548
2.748
3.672
2.448
2.224
3.672
3.872
2.548
1.224
1.324
1.624
1.924
2.448
3.872
2.448
1.224
2.548
2.548
1.224
2.548
1.324
2.648
1.424
3.672
2.548
3.348
3.672
2.448
2.448
1.324
3.972
2.448
3.772
2.448
2.548
2.448
2.448
2.448
2.648
2.448
2.548
2.848
2.748
2.448
1.224
2.448
1.524
2.448
2.448
2.548
3.972
2.548
2.448
2.448
2.448
3.672
3.672
2.548
3.772
3.672
2.448
3.772
2.648
2.448
2.448
2.448
3.872
2.648
1.224
2.648
3.772
2.948
1.224
2.748
2.748
2.648
1.224
2.448
2.448
2.748
2.748
2.648
3.672
2.548
2.548
2.748
1.224
2.548
1.324
2.548
2.448
3.772
2.448
2.448
1.224
2.548
1.224
2.448
1.224
1.224
1.224
0.1
1.324
1.224
2.448
1.224
1.524
0
1.1
0
2.448
1.224
0
0
0
1.224
0
0.1
1.324
0.2
0
0
2.448
0
1.224
1
0
1.224
0
1.524
1.524
1.824
1.524
1.224
2.024
1.224
1.224
1.224
1.224
1.224
0
0.1
0
1.224
0.1
0
1.224
0
0
0
1.324
0.1
0
1.224
0.1
1.224
0
0.1
0
0
1.224
0.1
1.224
0.2
1.224
1.224
1.224
0
1.224
1.224
0
1.524
1.224
2.648
2.648
1.224
0
1.224
0
1.324
1.224
1.224
1.324
1.324
1.224
1.224
1.224
1.224
0
1.224
0
1.224
0
1.224
1.224
1.224
0.1
2.024
1.324
1.224
1.724
0.6
1.424
