0
0.1
1.624
3.16
1.324
0.1
0.1
1.224
0
0
0
0
0.1
0.2
0.2
0
0
1.224
1.224
1.224
1.224
1.324
1.224
1.224
1.836
1.224
1.224
2.548
2.448
2.448
1.224
0
0
0
0
0
0
0
0
0.1
0
0.3
0
0
0
0
0
0.1
0
1.224
0
0
1.224
0
0.1
1.224
0
0
0
0.1
0.1
0.1
0
1.324
0
0
0
0
0
0.1
0.2
0.1
0
0
0.2
0.4
0
0.1
0
0
1.224
0
0
0
0
0
0
0
1.224
1.224
0
1.224
0
0
0
0
0
0
1.224
1.224
0
0
0.1
0
3.06
0
0
0.1
0
0
0.1
0
0
0
0
0.1
0
1.224
0
0
0.3
0
1.224
0
0
0
0
0
0
0
0
0
0.1
0
0.1
0
0.2
0
0
0.2
0
1.224
0
0.1
0
0
0
0
0
0
0
0
0
0
0
0
0
0.1
0
0
0
0
0
0
0
0
1.224
0
0
1.624
0
0.1
0
0
0
1.224
0
0
1.224
0
0
0
0
1.224
0
1.324
0
0.1
0
1.224
0
0
0
0
0
0.1
0
0
0
1.424
0.1
1.224
0
1.224
0.2
0
0
0
1.224
1.224
1.224
0
1.724
0
0
0.1
0.1
0.5
0
1.224
1.02
2.344
0.2
1.224
1.224
0.1
0
0
1.324
0
1.324
1.224
0
1.836
3.16
0
1.324
0
1.224
0.1
1.836
0
1.836
0
0
1.224
0
1.224
0
2.036
1.224
0
1.224
0
1.224
0
0
0
1.224
0
4.284
0
0
0
1.224
0
0.2
1.224
1.224
2.448
0
0
1.224
1.224
0.1
1.224
1.224
0
0
0
2.244
0
1.324
1.224
1.224
0
0
0
1.224
1.224
1.224
1.224
0
0.2
0
0
1.224
0
0
0.1
1.324
0
0
0.1
0
0
0.1
0.1
1.224
0.1
3.16
0
0
1.224
1.224
1.224
0
0
0
0
0
0
0.2
0
0
0
0
1.224
0
0
1.624
1.224
1.224
1.936
1.836
0
0
0
0.2
0
0
0
0.3
0
0
2.036
0
3.16
0.1
0.1
0
0
0.3
0.4
1.224
1.936
0
0
1.224
0.1
0
0
0
0
0
1.02
4.08
2.244
2.856
2.244
2.244
1.12
7.624
2.856
2.244
1.02
2.444
1.02
1.02
1.02
2.344
2.344
2.344
1.02
2.244
1.02
2.244
1.12
1.02
2.856
1.02
2.244
4.28
2.244
4.08
1.02
0.1
1.324
0
1.224
1.224
3.16
0
0.1
0
1.224
1.224
1.224
3.06
1.224
0.2
0.1
1.424
1.224
2.448
0
0
1.224
1.224
0
1.224
1.224
0
1.324
0
3.06
1.224
0
3.26
3.16
3.26
0
1.936
1.936
4.484
1.324
0
0.1
0
1.424
3.06
1.324
1.224
1.224
1.324
3.06
1.224
0
3.06
0
1.224
0
1.224
0.2
0
1.224
1.224
1.224
1.836
3.56
0
0
0
2.136
3.06
0
0.1
0.3
0.2
1.224
0
0
0
3.06
1.224
0.1
1.224
1.224
0
1.324
0
0
0
0
1.224
0
1.224
3.16
1.324
0
0
1.224
3.16
3.06
1.224
1.224
1.224
1.224
2.548
1.224
0
0
1.936
0.1
1.836
0
3.06
3.16
2.244
1.224
0
1.224
1.224
0
1.224
3.06
1.324
0
3.06
0
0.4
0
0
3.06
1.224
2.448
1.836
0
2.448
0
1.224
1.224
1.224
0
0
1.224
0
0
0
0
1.324
0
1.324
1.224
3.16
0
3.06
1.324
1.224
0
1.224
0
3.16
0.2
0.1
1.836
0
1.324
0
0
1.224
0
0
0
0.1
0
1.324
1.936
1.224
1.224
0
0.1
0
3.26
0
1.224
1.224
1.224
0
0
0.1
1.224
0
0
0
0.1
1.224
0
1.224
1.836
0.1
1.224
0
3.26
0
0
0
0
1.224
1.224
0
1.424
2.448
0
1.224
1.224
1.424
0
1.224
1.224
0
1.324
3.46
0
0.1
3.66
0
1.936
0.2
1.324
1.224
1.324
1.836
0.1
1.836
1.224
3.06
4.284
1.324
1.836
1.936
1.836
3.06
1.836
0
2.648
3.06
1.224
1.836
3.06
1.224
4.384
0
0
1.936
1.224
0
2.136
1.224
1.936
0
0
0
2.136
1.324
2.448
1.224
4.284
1.224
0
1.424
1.836
2.548
1.836
1.224
0
0
3.06
1.224
0
1.224
1.224
1.224
1.224
2.036
0
1.224
0.1
1.836
1.224
1.836
3.06
1.424
0
4.284
1.224
1.224
1.224
1.836
0.1
1.224
1.836
1.224
1.224
0
1.936
1.224
0.1
1.224
1.224
2.448
1.836
1.424
1.224
1.224
1.224
0
0
1.936
0
3.06
0
1.224
1.324
0
0
1.224
1.424
0.1
1.224
0
1.224
1.836
0
0
1.836
0
2.448
3.06
1.224
0.3
0
1.936
4.284
1.224
3.16
0
3.06
1.936
1.324
1.224
3.16
0
1.224
0
1.224
1.224
1.836
1.836
0
0
3.06
1.224
0
1.324
0
1.224
0.4
1.324
0
0.1
0.1
2.448
0
0
0
1.224
1.224
1.224
1.224
0
1.324
0
1.224
1.224
0
1.224
2.448
1.224
0
1.836
1.836
1.224
0
1.224
3.16
0
2.548
0
1.424
1.424
1.224
4.284
1.224
1.424
1.836
1.224
1.224
1.324
1.324
1.224
0
1.836
0.1
0
0
1.224
0
3.26
1.224
0
1.324
3.06
3.06
2.448
1.224
1.224
0
1.224
1.324
1.224
1.224
3.06
3.06
1.224
0
0
0
0
1.224
0
0
1.836
3.06
0.1
3.06
0
0
0
0
1.836
0
1.224
1.224
1.224
0
1.224
1.224
0
1.224
0
1.224
1.424
1.224
1.836
2.448
1.224
0
0
0
1.224
1.224
0
1.224
0.1
0
1.224
1.224
0
1.224
1.224
1.224
1.224
3.16
0
4.384
2.136
3.06
0
3.06
1.224
3.06
0.1
1.224
0
3.06
1.224
0
1.224
1.836
2.648
1.224
1.224
1.836
1.324
1.224
0
0
0
1.224
1.224
1.836
1.224
0
0
1.324
1.836
0
0
0
3.06
0
0
0
1.324
0.1
1.324
1.224
0.3
0
1.224
3.16
3.46
0.1
2.448
3.06
1.224
1.224
1.224
1.224
1.224
1.224
1.224
1.324
0
3.06
1.224
1.524
1.324
2.244
2.244
1.224
1.224
1.224
4.284
1.224
1.324
0
4.284
4.284
4.384
1.224
1.324
1.224
1.224
0
1.02
1.02
2.856
2.244
4.38
2.744
4.18
1.224
1.224
1.424
1.224
1.224
1.836
1.224
1.936
1.224
1.224
1.324
1.324
0
1.224
1.224
1.224
1.224
1.424
1.224
3.06
0
2.448
0
2.448
2.448
1.324
1.224
2.448
1.224
2.448
0
3.06
3.06
2.548
3.06
1.224
1.224
1.324
1.224
3.06
1.224
1.224
1.224
0
0.1
3.06
0
1.224
1.836
0.3
1.224
0
0
1.224
1.836
0.1
1.224
0
0
0
0.2
0
0
0.1
0
0
0
1.224
1.224
1.324
0
1.424
0
0.1
0
0
0
0.1
0
0
0
0
0
0.1
1.224
0
1.936
0
0
0.2
1.224
0
0
0
0.6
0
0
0
0
0.3
2.448
0
0
0
0
0
1.836
0
0
1.224
0.1
0
0.1
0
0
0
0
0.1
0
1.224
0
0.1
0.1
0.1
0
0
1.224
0
0
1.224
0
0
0.1
0
1.224
0
0
1.224
0
0
0.1
0
0.2
0
0.1
0
0.1
1.836
0.1
0
0
1.224
0.1
0
0
0
0.1
0.1
0
0
1.224
0
0
0.2
0
0
0
0
0
0
0.1
0.1
0
0.1
0
0.1
0
0.1
0
0.1
0
0
1.224
0
0.1
0
0
1.324
0
0
0
0
0
0
1.224
0
0.1
0
0
0
0
0
1.324
0
0
0.2
0.1
0
0
0.1
0
0
0
0.1
0
1.424
0
0.3
0.1
0
1.224
0
1.836
0.1
0.1
0
0
0
0
0
0
0
1.224
0
0
0
0.2
0
0
0
0
0
0.1
0
1.224
0
1.224
0
0
0.3
0
0
1.324
0
0.1
0
0
0.1
0
0.3
0
0
0
0.1
0
0
0.1
0
1.224
1.424
0
0
0
0
0
0
0
0.1
0.1
0
0
0
0.2
0
0
0.1
0
0
0.1
0.1
0
0
0.3
0.1
0.1
0
0.1
0
0
0
0.1
0
1.324
0
0
0
0
0.1
0
0
0.1
0
0
0.1
1.224
0
1.224
0
0
0.1
0
1.224
0
0
0.2
0.1
0
0.1
0
0.1
0
0
0
0
0
0
0
0
0
0
1.324
0
0.1
0
0.1
0
0
0.1
0.1
1.224
0.1
0
0.2
0
0
0.2
0.3
0
0
1.224
0.1
0
1.224
1.324
0
0.1
0
0
0
0
0
1.224
0
0
0.1
0
0.2
0.1
0
0
0
0.2
0.1
0.1
0.2
0
0
1.224
0
0
0
0.1
0
0
0
0.1
0.1
0
0
0
0.1
2.448
0
0.1
1.224
0
0
0
0
1.224
0
0
0
0
0
0.1
0
0
0
0
0
1.224
1.224
0
0
0
1.324
0
0
0
1.224
0
0
0
0
0
0
0.2
1.324
0.2
0
1.836
1.224
0.1
0.3
0.1
0
0
0
0
1.836
0.1
0
1.224
0.1
1.324
0
0.1
0.1
0
0.1
0
1.224
1.224
0.1
0
0
0
0
0
0
0
1.224
0
0
0
0
0
0
0
0
1.224
0
0
1.224
0.1
0.2
0.1
0.2
0
0
0
0
0
1.224
0
1.224
0
0
0
0
0
1.224
0
0
0
0.1
0
0
0.1
0
0
0.1
0
0
0.1
0
0.1
0
0
1.324
0.1
0
1.224
0
0
0.1
1.224
0
0
0
0
0
0.1
0
0
0
0.1
0
0
0
0
0
0
0
0.1
0
0
0
0.1
0
0
0
0
0
0
0
0
0
0.1
0
0
0
0
0.1
0
0.1
0.1
0
0
0
0
0
0
1.224
1.836
0.1
0
0
0
0.2
0
0
0
0
1.324
0
0
0
1.224
0
0
0
0
0
1.224
0
0
1.424
0
0.1
1.224
0
0
0
0
0
0
0.2
0.1
0.1
0.1
0.1
1.224
0
0.1
0
0
0
0.1
0
0
0.1
0
0.1
0
0
0
0
0.1
1.324
0
0
0
0
0.1
0
1.324
0.1
0
0
0
0
0
0
0
0
0
0
0
0.1
0.1
0
0
1.224
0.1
1.224
0
0
1.224
1.224
0
0
0
1.224
1.224
0
0
0
0
0
0
0
0
0
1.224
0
0.1
0
0
0.1
0.1
0.2
1.224
0
0
2.548
0.1
1.936
1.224
0.1
0
0
0
0
0.1
0
1.224
0
0.2
1.324
0.1
0
1.224
0
0
0.1
0
0.2
0
0
0.1
0
0
1.02
0
0
0
0
0
0
1.224
0.3
0
0
0.1
1.424
0.1
1.624
0.1
0
0.1
0
0
0.2
0.1
0.1
0.1
0
1.836
0.1
0.2
0
1.524
0
0
0
0
0.1
0
0
0
0
0
1.224
0
0
0
0
1.224
0
0
0
0
0
0
0
0
1.324
1.324
0
0
0
0
0
0
0
0
0
0
0
0
0
0
0
0
1.224
0
0
0.1
1.224
0
0
0
0.1
0
0
0
0
0
0
0
0
0.1
0
0
0
1.224
1.224
2.244
1.836
0
0
1.224
0
1.224
0
0
0
1.424
0.2
0
0
0.1
0
0
0.2
0
1.224
0
0
0
3.06
0
0
1.424
3.06
1.424
0
1.224
3.06
0.1
0
1.524
1.324
0
3.06
0.3
1.836
0
0
0
0.1
2.448
1.224
0
0
1.836
1.836
1.836
1.224
0
1.224
1.224
0
1.224
3.06
1.224
2.448
0
1.324
1.224
2.448
1.836
1.224
1.224
2.548
0
1.224
1.224
0
2.748
1.224
2.448
0.1
1.224
0
0
0
3.16
1.224
1.224
0
0
1.02
1.224
2.956
2.448
2.448
0
3.16
0
1.224
2.448
0
2.448
1.224
2.244
0
1.224
1.836
0
0
0
0
0.1
0.1
0
1.324
1.324
1.424
