0.4
0.1
2.524
2.024
2.948
0.3
0
1.224
0.2
0
0
0.1
1.924
2
1.3
0
1.224
1.224
1.224
1.224
0
0
1.224
1.224
0
1.224
1.324
1.524
1.524
1.224
1.324
0
2.8
1.324
1.524
0.6
0.2
0.1
0.1
0.3
0
1.6
0
0
0.2
0
0.5
1.524
0.2
0.1
0
0
0.5
1.224
0.1
1.224
1.524
1.224
0.1
0.8
3.624
1.524
0.1
2.424
0.6
0.5
1.224
1.324
0.2
3.024
0.4
2.124
1.424
0.2
3
1.2
2.548
0.3
1.324
0.1
2.224
1.324
0
1.224
0.1
1.224
1.224
0
1.324
3.948
0
1.324
1.324
1.224
1.224
0.3
0.4
1.224
2.548
1.324
0
2.324
2.524
0
1.224
0
0
1.1
1.524
1.224
1.824
1.224
0.1
1.324
0
0.7
0.1
2.548
0.1
0.1
4.324
0.2
1.424
2.124
1.624
1.224
0.1
0
1.324
1.724
0.7
0
1.524
1.324
0.2
0.7
0.5
1.624
0.2
1.3
0.2
2.448
1.324
0.3
1.224
1.224
0.1
1.524
0.1
1.424
0
0.1
0.3
0.1
0.7
1.1
1.524
0.1
1.3
0.1
0.1
1.224
0.1
1.224
0.3
1.224
1.424
1.424
0.5
3.324
1.524
1.924
1.324
0.1
1.224
2.124
1.324
2.548
0.1
0.4
0.1
3.048
0.2
2.448
1
3.448
0.8
1.224
1.324
2.548
0.7
0.1
0.3
2.024
1.224
0.3
0
0.3
0
2.024
1.624
1.224
0
1.324
2.2
1.224
0.1
0.7
1.624
1.324
1.224
0
1.924
1.224
0
5.424
0.1
3.724
0
1.224
2.244
3.568
2.3
2.648
1.224
0.6
0
0
1.924
1.224
1.524
1.224
1.224
0
1.324
0
7.448
0.2
0
1.1
0
1.2
0.1
0
1.224
1.224
2.648
3.672
0.1
1.8
0
1.424
1.224
1.224
1.324
0
1.224
2.224
1.424
0.4
1.224
1.224
0.3
0.5
2.448
1.224
1.2
2.448
0
1.224
0
0.7
0
1.324
2.424
0
1.224
2.448
1.424
1.324
3.468
2.448
3.672
2.448
2.948
0.2
1.324
1.224
1.424
0
0
2.448
1.224
3.524
0
0
2.448
0.3
1.524
0
1.224
1.424
0.1
0.2
0.2
1.224
1.724
1.724
1.224
1.624
2.748
1.224
1.424
1.224
1.224
1.424
0
0.2
0
0.6
0
0.2
0.8
0.6
2.124
0
1.324
2.548
0
1.224
3.924
2.648
2.648
0.4
0.3
1.224
1.224
0
2.6
0.1
1.224
0.1
5.248
1.424
1.3
0.3
1.524
1.724
1
1.324
0.3
1.324
3.224
4.524
1.324
0.1
0
1.324
1.424
1.824
0.3
0
0
0
1.224
1.02
2.444
3.468
1.12
2.344
2.244
1.32
2.444
1.12
2.244
2.244
15.892
1.02
1.02
1.32
2.444
3.744
3.568
2.244
2.244
1.22
3.768
1.92
1.02
1.02
1.02
2.244
3.744
3.468
2.444
1.12
0
0.2
0
1.224
1.224
1.224
0
3.048
2.648
0
3.772
3.672
0.3
1.324
1.8
0.8
2.548
0
1.324
1.824
0.1
1.324
2.748
1.724
0
1.424
1.824
1.924
0.2
0.3
1.224
1.224
0.5
1.424
2.548
1.724
0.2
0.5
1.724
1.624
0
2.924
0.4
1.924
1.324
1.524
2.648
1.524
1.624
1.224
3.672
1.224
0.4
0.2
1.324
0
1.224
1.524
1.224
0
0.8
3.772
0
2.824
0
1.324
0.1
0.6
1.424
1.224
0.3
3.4
0.6
1.324
1
3.224
0
1.424
1.924
0.6
1.924
2.448
0.3
1.924
1.324
0
0
0.1
1.624
0
2.448
1.924
1.524
1.224
0.1
3.672
1.224
2.648
0.1
0
1.224
0
3.048
1.224
0.2
1.824
0.4
0
0
2.548
1.324
2.324
1.224
1.224
0
2.948
1.224
0
2.548
2.448
1.724
0.1
1.324
1.224
3.624
0
1.224
0
1.224
3.048
2.124
2.448
1.224
0
1.224
1.424
2.124
0.3
0
3.872
0
0.2
0
0.5
1.924
2.548
2.648
0
1.424
0.1
1.824
1.824
1.324
0
0
0.1
1.424
0.3
0
0.2
0.1
1.824
0
0
2.748
0.3
1.224
1.224
1.524
0
1.724
0.4
0.3
1.224
0
0.3
1.224
1.324
0.1
0.1
1.324
0
0
2.1
0.7
1.224
1.224
0
0
1.224
2.448
0.2
1.224
0
0
1.224
1.224
0.5
0
1.224
0.2
0.3
0
1.224
1.224
1.324
2.548
0
1.324
1.524
1.824
0.3
1.224
1.224
0
2.748
0.9
1.324
0
0.8
0.2
0
2.3
1.924
1.224
1.424
0.1
0.1
1.424
1.224
1.324
2.024
2.548
0
0.1
1.324
0
0.3
1.324
1.324
1.224
2.548
0
0
1.524
1.424
0
2.448
0.2
2.448
0.1
0.5
1.224
0
1.324
0
0
0.6
0.2
1.224
0.3
1.224
1.224
0.4
2.624
0
1.824
0
1.224
1.224
1.224
1.324
2.748
0
1.224
0.2
1.324
1.424
1.824
0
2.448
0.2
0.1
1.624
0
1.524
2.948
0
1.324
1.224
0
2.848
0.1
0.2
2.748
0
1.224
3.772
0.1
0.3
2.448
1.624
1.224
1.224
1.224
1.424
1.224
3.148
2.548
0.2
0
1.724
0.3
0.1
1.424
1.324
1.424
2.548
1.224
0.2
1.224
1.924
0
2.448
0.2
1.524
0.1
1.224
0
0.1
1.224
2.448
1.324
2.548
2.8
0.2
0.1
1.324
1.224
1.424
1.224
1.224
0.4
1.424
1.524
1.424
0.7
3.048
0
2.948
1.224
1.224
1.624
1.224
0.1
0.2
2.948
2.448
1.224
0.2
2.548
4
3.348
0.5
0.4
1.624
2.548
1.224
0
0.1
0
1.224
0.2
2.648
0.7
1.924
0
2.448
2.448
0
1.224
1.624
1.224
0
0.1
0
1.324
0
3.672
1.224
0
1.424
1.224
1.624
2.624
0.3
1.324
2.548
2.948
0
1.324
1.224
1.724
5.148
1.524
0.2
0
0.2
1.224
0
3.448
1.224
1.424
1.324
0
2.948
1.324
1.324
1.624
2.448
1.224
0
1.224
0.1
1.424
2.448
1.224
0
2.448
0
0
0
1.524
1.224
1.224
1.324
1.424
1.324
0.2
1.324
0.2
0.1
0.3
0
0
1.524
1.324
2.548
1.424
1.224
3.772
1.224
0
3.672
1.424
2.448
3.248
2.648
0
1.424
4.272
1.224
0.1
1.224
0.1
0.2
0.3
1.224
0.4
0.7
0
3.848
1.224
1.224
2.448
1.324
2.548
1.224
0.2
2.324
2.224
0
0
1.324
1.224
0
0.2
1.424
0.1
0.1
2.548
1
1.224
1.224
1.424
1.224
0.1
0.1
1.424
2.448
0
1.224
2.648
0.1
0
0.2
2.648
1.324
1.424
2.224
1.524
0
1.224
0.1
1.224
0
1.224
0.4
2.448
0.5
1.424
0
0.3
1.324
1.324
1.724
2.224
0.2
2.448
1.224
2.548
0.2
3.672
3.124
3.872
3.448
3.872
1.824
1.324
1.524
2.448
3.348
4.072
2.444
2.444
0
0
0
1.324
0.2
2.448
0
1.424
1.524
1.224
1.724
4.748
2.448
3.972
1.324
1.12
1.02
1.02
2.444
2.344
2.744
2.244
1.924
2.648
3.248
1.224
2.448
0.1
0.1
0.6
2.448
2.648
2.548
1.224
0.8
0.4
0.2
1.824
1.324
3.248
0
0
1.224
2.648
1.224
1.324
1.824
0.3
0
1.524
2.648
2.424
1.824
0.1
0
3.248
2.024
1.224
1.324
3.324
1.624
1.2
0
1.224
0
1.424
2.324
1.724
1.324
1.224
0
2.1
0
2.724
0
2.748
0.1
2.324
2.448
0.7
0
0.4
0.1
0.1
2.424
0.5
2.448
0
0
0
0
1.424
0
5.348
0
0.3
0
0
1.324
1.524
1.224
1.224
0
0
0.1
0.3
2.124
1.924
0.6
0
0.2
0.1
2.448
0.1
0.1
0.2
5
0
0.2
0.1
0.1
1.4
2.748
0.1
0
1.6
0.2
1.724
0
0
1.424
2.448
0.7
0.3
1.1
0.2
0
0.1
1.424
0
1.324
1.224
0.1
0.6
1.524
0.4
0.1
1.624
0.1
0
1.824
1.924
1.824
1.324
0.2
1.324
3.872
0.3
1.324
2.548
0
0
0.2
0
1.6
0.3
0.1
1.224
0.4
0.1
1.1
1.324
0
3.872
0.3
1.324
1.324
2.448
0.1
0.3
2.524
0.2
1.224
2.548
0
2.224
0
0.2
0.1
1.224
1.224
1.324
0.6
1.324
0.1
0.6
0.2
0.1
1.224
1.924
0.1
0.5
0.3
0
1.224
0.1
1.224
1.224
0.1
0.3
0.1
1.224
0.1
1.224
1.224
0.1
2.448
1.224
0.2
2.448
0
1.424
0
0.1
1.424
0.2
0.1
0.6
0.6
1.2
0
1.2
0
0.1
0.3
0.9
1.624
3.972
1.224
2.3
1.524
0.1
1.324
0.2
0
0.5
0.5
1.224
0.1
0.1
0
0.2
0
1.324
0
1.224
1.224
0.1
1.2
0
0.8
1.224
0.3
1.424
1.324
1.424
0.2
2.548
2.548
0
0
7.348
0.1
0.2
0.1
1.324
0.3
1.424
1.424
1.324
0.2
0.8
1.324
0.1
0
0.2
1.324
0.1
1.1
1.224
4.272
2.648
0
0
0.1
0.2
0
0
0
0.1
0.2
1.324
1.224
2.748
1.424
0.1
0.3
3.148
2.024
0.3
0.4
0
0.3
0.1
4.524
0.8
0
1.424
1.824
0
1.224
1.424
1.524
1.924
2.224
1.324
1.424
0.1
1.424
1.724
0.1
1.224
0.4
0.1
0.4
3.424
2.448
0.3
0
1.524
0.4
0.7
0
1.324
1.424
0.3
0.4
1.324
0.4
0.7
1.324
0.9
0.2
0.2
1.524
1.324
0
0.4
0.2
1.224
0
0.2
2.948
1.324
0.2
0
0.6
0
0.3
0.8
0.5
0.1
1.524
0.1
2.424
1.224
0
1.3
0.3
0.1
1.224
1.224
1.324
1.224
0
1.724
0.1
1.324
1.224
0.1
0.3
0
1.1
2.448
0.1
0
1.224
0.5
1.1
1.624
0.3
0.1
1.324
0.8
0
0.2
1.724
0
0.1
2.948
0.7
1.624
0
0
0.1
0.5
0
0.2
0.3
0.3
1.224
0.2
0.2
1.224
0
1.424
4.172
1.324
0.6
0
0.2
2.448
0.1
0.1
0.3
0.1
0.5
0.3
0.6
1.224
1.224
1.224
0.1
1.224
1.224
0
0
0.2
3.772
0
1.224
1.324
1.624
0.1
1.424
2.748
1.224
1.224
0
1.424
1.324
0.4
2.448
0
3.672
0.6
0.3
0.4
0.8
0.2
1.224
1.324
0.1
0.9
0
2.648
0.2
1.624
0
0.7
1
1
0
0
3.048
1.224
0.3
0.2
0
0.6
0.1
0.2
0.1
1.224
0.1
0.3
1.224
0
1.224
0.1
0.4
0
1.224
1.324
0
0.1
1.424
1.9
0.4
1.524
0.4
0.1
1.524
1.424
1.624
1.624
2.848
0.1
3.672
0
0.7
0.3
0
0
1.224
2.924
0
0
0.5
0
1.624
2.024
1.724
2.948
1.624
0.7
0.2
0
0
2.848
1.224
1.224
1.924
0.2
0
2.748
0
1.224
2.124
0.1
0
0.3
1.324
1.324
1.324
1.224
0
1.424
0.1
1.1
0.6
1.224
0
0.1
0
0
0
1.224
2.448
1.6
0.1
1.224
0.1
0.2
0.1
0.1
1.424
0
3.048
1.524
1.324
0.2
1.424
0
1.324
3.724
0.2
1.224
1.2
0.9
1.324
1.224
0.3
1.424
0.1
0
1.324
0.3
0.3
0
1.324
2.748
1.1
0.1
1.324
1.224
1.224
1.324
0
0.1
2.948
3.772
0
1.324
0
0.8
1.524
1.324
0.1
1.324
1.424
0
0
3.672
1.224
1.324
0
0.2
0.3
0
1.924
1.7
0.1
0.5
0.6
0.1
0
1.624
0.2
1.324
1.224
0
0
0
0.2
1.424
1.624
1.624
0
0
0.8
0.6
2.748
0.4
0
0
0
0
1.424
2.748
1.824
1.624
0
0
0
0.2
0
0.7
0
0
0
0.5
0.4
1.824
0.7
0.1
0.4
1.424
2.448
0.1
0
2.648
1.324
0
0.3
0
1.324
3.672
0
0.3
1.524
1.224
1.224
2.448
1.224
0
0
1.524
1.424
3.424
1.724
2.524
0.2
1.424
2.7
3.672
1.324
1.224
3.024
0
0.2
2.548
0.2
0.2
0.1
0
0.3
0.2
0.2
1.824
0.2
0.4
1.924
0.1
1.7
2.648
0.1
1.324
0.1
0.2
0.5
0.2
1.524
0.5
0
0
0.1
0
0.1
0.1
0.4
0.6
0.1
0.2
2.5
0.1
0
0.4
1.224
2.124
3.848
1.1
0
1.524
1.324
1.224
0.4
1.724
1.524
0.5
0.2
0.5
0.3
0.2
0.5
5.248
0.1
1.424
0
1.224
0.3
0.2
0.3
0
0.1
1.224
2.124
1.424
0.1
0
0.2
1.424
0.3
0.4
1.724
0
2.324
1.324
0
0.1
1.3
0.7
0
0.1
0.2
0
1.424
2.448
2.124
0.1
2.448
0.4
1.7
0
0
2.548
0
1
3.672
0.3
0.2
1.3
1.224
0.3
0
1.924
2.648
0.1
0
2.024
1.424
1.224
0.4
1.824
0.5
0.4
0.2
0.2
1.224
1.824
2.548
3.868
0
0
1.424
0
0
0.7
1.224
1.224
0.1
1.424
0.8
0.2
0
0.2
1.8
1.224
3
0.1
0.1
0
1.224
1.224
1.224
0
0
1.924
0.1
1.624
1.224
1.224
0.1
0.1
0
4.924
0
1.224
0
1.5
0.3
4.724
1.9
1.224
2.4
1.824
1.324
0.2
0.1
0
0
0.1
2.448
1.324
0
1.224
0.3
2.448
0
1.224
1.324
0
0.8
2.448
2.648
0.5
1.224
3.148
1.224
1.324
0
1.424
1.424
3.148
1.224
1.224
0.1
2.448
0
0
0.2
2.324
2.548
0.6
0.8
0
2.244
1.224
1.12
1.424
2.548
0.4
1.524
0.1
1.324
1.424
1.324
2.448
2.448
5.092
2.648
1.224
1.224
2.748
0
1.224
0.2
4.4
0.3
0
0.8
3.324
0.4
