0.1
1.224
2.948
2.648
2.548
0
1.324
2.448
0
1.224
1.324
1.224
0
1.824
1.324
1.224
0
2.448
2.448
2.448
1.224
1.324
1.224
2.448
1.424
2.448
2.548
1.224
3.672
1.224
2.448
1.224
0.8
0.1
0.1
0.1
0
0
0
0.2
0
1.324
0
0
0.1
1.224
0
0.2
0.1
1.224
1.224
0
1.424
0
0
1.224
0
0
0
1.524
0.1
0
0.1
2.648
0.3
0
0
0.1
1.224
0.3
0.1
1.224
0
0
1.624
1.324
0
1.224
0
0
2.648
0
1.224
0.1
0
0
0
0
1.224
2.648
0
1.324
0
0
0
1.224
1.324
0
2.448
2.448
0
0.1
0.1
0
1.224
0
0
0.4
0
0
0
0
0
1.324
0
0.3
0
1.324
0
0
0.9
0.1
2.448
0
0
0
0
1.224
0
1.324
0
0
0
0.1
1.224
0.2
1.224
1.224
1.224
0.1
1.224
2.548
0
1.224
0
0
1.224
0.1
0
0
1.224
0
0.1
0
0.3
0.1
0.1
0
0.2
0
0
0
0
0
0
0.1
1.224
0
0.1
3.348
0
0.2
1.224
0
1.224
2.648
0
0
1.224
0
0
1.424
1.324
2.448
0
2.448
1.524
1.224
0
2.448
1.224
1.224
0
1.424
1.224
1.224
1.224
0
0
1.724
0
1.224
0
0
0.1
0
0
1.324
2.448
1.224
2.448
0
2.848
0
0
0.7
0
1.924
0
0
1.02
3.468
1.724
2.548
2.448
1.424
1.224
1.324
2.648
1.224
3.872
3.672
1.224
0
2.448
0.1
3.148
1.324
0
1.424
0
1.924
1.324
0
0
1.224
1.224
1.224
1.324
1.924
0
0
0
0
1.224
1.224
0
0
3.672
1.324
2.448
0
1.224
0.1
2.448
0
1.424
2.448
0
2.448
0
0.1
0
2.448
0.2
0
2.448
0
1.224
0
2.244
0
2.548
3.672
2.648
0
1.224
1.224
1.324
1.424
1.224
2.448
0
0.4
1.224
0
1.224
0.1
0
0
2.448
0
0.2
1.224
1.224
0
0
0
2.448
0.1
1.324
0
1.224
2.448
2.548
2.548
0
1.224
1.224
1.224
0
1.224
0.1
0.1
0
0.1
0
1.224
1.224
0
2.748
2.448
1.224
2.448
2.448
0
0
1.224
0.5
1.224
0
1.224
0.7
0
0
1.224
1.224
2.548
0.1
0
1.224
0
0.4
0.4
2.448
0.1
0
0
2.448
1.424
1.324
1.224
1.224
1.224
1.224
2.344
2.244
3.468
2.244
3.568
3.468
2.244
2.344
3.468
3.568
1.12
2.444
2.244
2.244
2.444
7.192
5.492
2.244
1.02
3.468
1.02
3.568
2.644
1.02
1.02
2.244
4.692
4.468
2.244
3.568
2.244
0
0
0
2.448
2.448
2.448
0
1.524
1.424
1.224
2.448
2.448
1.324
2.548
2.024
1.424
1.224
0
2.448
0.1
0.1
2.448
1.424
0.1
1.224
3.672
1.324
2.448
0
1.224
2.448
1.224
1.524
2.648
2.448
0
1.224
0.1
2.548
2.548
0
0.3
1.224
2.548
3.672
2.648
2.448
1.224
2.448
2.448
1.224
1.224
1.324
1.424
2.448
0
2.448
1.324
0
0
1.424
1.224
0
4.172
1.424
1.224
1.224
0.2
3.772
0
0.1
1.824
0.1
2.448
1.424
0.3
0
1.224
3.672
1.724
2.648
1.224
0.2
1.524
1.324
1.224
0
0
2.548
0
2.448
2.548
2.448
1.224
0
1.224
2.448
2.548
0
0
2.448
1.224
2.448
2.448
1.224
1.324
0
0
1.224
1.224
2.448
1.424
2.448
0
0
2.748
2.448
1.224
2.548
2.448
2.448
1.424
3.772
0
0.4
1.224
0
1.224
2.448
2.548
1.424
1.224
1.224
0
2.448
2.548
2.648
1.324
0
2.448
0
0
1.224
0
2.548
1.224
2.448
0.1
2.548
1.324
2.448
3.772
1.324
0
0
1.224
2.548
1.324
0
0
1.224
2.948
1.224
0.1
2.448
0.1
0.1
0
0.3
1.224
0.1
1.224
1.224
3.672
2.448
1.324
1.224
2.448
1.424
0
1.324
1.224
1.224
0.7
1.624
1.224
1.424
1.224
0
1.224
2.448
0
2.648
1.224
2.448
3.672
0
0.1
0
0
1.524
1.224
0
2.448
0
2.448
2.748
1.224
2.448
2.548
2.848
1.324
2.448
2.448
0
1.324
1.724
1.224
1.224
0.3
0.1
0
0.7
3.672
2.448
2.448
0
0
1.224
2.448
2.548
2.548
2.448
0
1.524
1.224
0
1.224
1.224
1.224
2.448
1.224
0
1.224
2.548
2.448
1.224
0
1.324
1.224
0.1
0.3
2.448
2.548
0
0
0
0.1
1.224
2.448
2.548
2.448
2.448
1.224
3.548
0
2.448
1.224
0
1.224
0
1.224
2.448
0
2.448
1.224
2.448
2.448
2.648
0
3.672
2.448
2.748
2.848
0
2.448
1.524
0
2.448
2.448
1.324
3.872
1.224
1.224
2.648
0
1.324
1.624
1.324
0
2.448
0.1
1.224
2.448
2.448
1.224
2.548
1.424
2.448
0
0
1.524
1.224
0
3.672
0
2.548
2.448
0
0
2.448
2.648
2.448
2.448
1.224
2.648
1.324
0
0
0
0
1.224
3.672
1.324
1.524
1.324
0.1
2.448
2.448
2.448
1.224
2.448
1.224
2.548
2.748
0.1
1.824
1.324
1.324
2.648
3.672
1.224
1.324
0
0
1.224
1.524
1.224
2.448
1.224
2.448
2.224
2.548
1.224
0
1.324
2.448
1.224
0
1.224
1.224
2.448
1.224
1.224
1.524
2.648
0
2.448
1.224
0
2.448
3.672
2.448
0
2.448
2.448
2.548
0
1.224
2.448
1.224
2.748
0
2.748
1.524
1.224
2.548
2.548
1.424
0
2.448
0
1.224
1.724
3.772
0
2.448
1.324
1.224
0
1.324
0
3.872
2.448
0
2.548
2.448
3.672
2.548
2.448
1.224
1.224
2.448
1.224
2.448
2.448
3.672
0
2.448
1.224
0
0
0
3.672
0
0
1.524
2.448
1.224
2.448
1.224
0
1.224
0
0
0
2.448
2.548
2.648
1.224
2.448
1.224
0
2.448
1.224
1.224
3.148
2.548
0
2.448
2.448
0
0
1.324
1.324
1.224
1.224
2.448
1.524
0.2
0
2.848
0
2.448
2.448
2.448
2.448
2.448
1.324
2.748
0.2
0
0
2.448
2.448
1.224
1.324
1.324
1.224
1.224
1.224
0
2.448
1.324
2.548
3.672
0.1
0
2.448
1.224
1.224
0
1.424
0
0
0
1.324
0
0
2.648
1.324
1.224
0
1.324
1.224
1.224
0
1.424
3.672
0.2
2.648
1.224
1.224
0
2.448
3.772
3.872
1.524
2.448
2.448
2.448
1.224
2.448
3.248
1.224
3.872
2.748
1.224
0.1
3.772
2.448
2.948
2.548
4.692
4.692
1.324
1.224
1.224
2.548
1.324
2.548
1.224
2.548
2.648
2.448
2.448
1.524
1.224
2.648
0
1.02
1.12
2.244
3.568
2.244
2.444
4.892
3.772
2.648
2.648
2.448
1.224
1.324
1.324
1.224
2.448
2.448
2.548
2.448
1.324
1.424
1.324
1.224
1.224
1.424
1.224
1.224
0
2.548
0
2.448
2.848
1.424
1.224
2.448
2.548
2.848
1.324
0
0
2.648
1.524
1.224
2.848
2.848
2.748
0.1
2.548
2.448
1.224
0
1.524
2.448
0
1.224
0
1.724
0
0.4
0
2.448
1.224
1.524
2.448
0.1
0
0
1.224
0.1
0.2
1.224
0
0
1.224
0
0
2.548
0
3.048
1.224
0.2
1.324
0
0
1.524
0
1.224
1.224
1.224
1.224
1.224
2.548
0
0.1
1.324
1.224
1.224
1.224
1.224
1.224
1.224
1.924
0
1.324
0.1
1.324
1.724
1.224
1.224
0
1.424
1.324
0
1.224
0
1.324
2.448
1.424
1.224
0.5
0
0
1.224
0
0
0
1.224
1.224
0.1
1.324
1.424
1.224
1.324
2.448
1.224
0
2.548
1.324
1.324
1.224
0
2.448
1.224
1.324
2.448
1.224
1.224
1.424
0
1.524
2.748
1.224
0
1.324
1.324
1.524
0.1
1.224
2.448
0.2
0.2
0
0
0
0.1
0
1.224
1.224
1.224
1.224
1.424
1.224
1.224
1.224
0
0
1.224
0.1
1.224
1.224
1.524
1.224
1.224
1.224
0.1
1.224
1.224
0
1.224
1.224
0
1.624
1.224
1.224
1.224
0
0
0.1
1.224
0
1.224
1.224
1.224
0
0
1.224
0
0.1
1.224
2.448
1.224
1.224
1.224
1.424
0.1
1.224
0.1
0
0
1.224
1.424
1.224
1.324
1.224
1.424
0.1
1.224
2.448
1.324
0
0
1.324
1.324
1.224
2.548
1.224
1.324
1.224
0
1.224
1.224
0
1.224
1.424
1.224
0
1.224
1.224
0
0.1
1.324
1.224
1.424
2.448
1.224
1.324
1.4
1.224
0
1.224
0
1.224
1.224
0
0.1
0
0
0
0
1.224
1.224
1.324
1.224
1.424
0
2.448
1.324
1.224
1.224
0
1.224
1.224
0
0
1.224
1.324
1.224
1.224
1.224
1.324
1.224
0.2
1.324
0
1.224
1.324
1.224
1.324
1.224
1
1.424
1.224
0
0.1
1.224
1.224
1.324
0
1.324
2.648
0
0
0.1
0
0.1
1.224
0
1.324
0
0.1
0.3
1.224
1.224
1.224
0
1.224
1.224
1.224
2.448
1.224
0
1.424
1.224
1.224
1.324
1.224
1.424
1.224
1.224
1.224
0
1.224
1.324
1.224
1.224
1.224
1.224
1.324
0
0.1
0
0.1
0
0
2.648
1.424
2.448
0
1.224
0.2
0
1.224
1.524
1.224
1.224
0
2.448
0
1.224
1.224
1.424
0
1.224
0
1.224
0
1.224
0
2.448
1.224
1.224
1.224
1.224
0
1.324
0
0
0
1.224
1.224
1.224
0
1.324
1.224
1.224
0.1
0
1.224
0
1.224
1.224
1.224
1.224
1.324
0.2
0
1.224
1.224
2.448
0
0
2.448
1.324
1.224
1.324
0.1
1.224
1.224
1.224
1.224
0
0
1.224
0.1
0
1.224
0
1.224
1.224
3.672
0
1.224
1.224
2.448
1.224
1.224
0
2.548
1.224
0
1.224
1.224
0
1.224
0
1.224
0.1
0
0
1.224
1.324
1.224
1.324
1.324
1.324
0
1.224
0.1
0.1
0
2.548
1.224
1.224
1.224
0.1
1.224
0.2
1.224
0
2.448
1.224
1.224
0.1
1.224
1.224
0
0
1.224
0
0
1.224
0
0
1.324
1.224
0
0
1.224
1.224
1.224
1.324
1.224
2.948
1.224
0.1
2.548
0
0
1.224
0.2
0.3
2.448
1.224
2.448
1.224
1.424
1.224
1.224
1.224
1.324
0.3
0
1.224
0.4
0
1.224
0.2
0
1.324
0.2
1.524
0
1.224
1.224
1.324
0
1.224
3.048
1.224
1.224
1.224
1.224
0
1.424
1.424
0
1.224
0
0.1
1.224
0
1.224
0
0
0.2
0.3
1.224
0
1.424
1.224
0
1.224
0
1.224
0.1
1.224
0.1
0
1.424
0
0
1.224
0
1.324
0
0
1.224
0
1.224
1.224
0.4
0
0
1.424
1.324
1.224
0
0
1.324
0.1
1.224
2.448
0
1.224
1.224
0
1.224
2.548
1.324
0
1.224
0
2.448
0
1.224
1.224
2.448
1.224
0
2.448
1.224
1.324
2.448
0
1.224
2.448
0
0
1.224
0.1
0
1.224
1.324
0
1.224
0.3
1.424
1.224
1.224
1.324
1.224
1.224
0
1.224
1.224
1.224
1.224
1.224
1.224
1.424
0
0
1.324
2.448
0
0
1.524
2.448
0.1
1.224
1.224
0
0
1.224
2.548
1.324
1.224
1.224
0
0
0
0
1.424
0
1.224
0
0.2
1.224
1.324
1.324
1.224
1.224
1.224
2.448
1.224
0
2.448
2.448
1.224
0
0
2.448
2.448
0
1.224
0
1.224
1.224
1.224
0
1.224
0.1
2.848
0.1
0.7
0
0.1
1.224
0
1.824
2.448
0
0
2.548
1.224
0.1
2.448
1.224
1.324
0.2
0
0
0
1.224
2.648
0.1
1.424
2.548
0
0.2
2.448
0
1.224
1.224
1.324
2.448
1.224
0
1.224
1.224
1.224
1.224
1.324
0
1.224
0
1.324
1.324
1.224
1.924
1.224
1.224
0
2.448
0.2
1.824
1.424
0
1.324
1.224
0
2.648
0
0.1
0.1
0
1.424
0.2
1.324
1.224
2.648
1.224
1.424
1.224
0
1.224
0
1.324
1.224
0
1.224
2.648
1.224
1.224
0
1.224
1.324
1.224
1.224
0
1.224
0.1
1.224
0
0
1.324
1.324
0
0.1
0.1
1.224
1.324
1.224
1.324
1.224
1.324
1.324
0.3
0
0
1.224
1.224
1.524
1.224
0
1.324
1.324
1.224
0.1
1.224
0
0.1
1.224
0
1.524
1.424
1.324
1.224
1.424
1.224
1.224
0
1.424
0
1.324
2.448
3.468
1.224
1.224
0
1.224
1.224
1.324
1.224
0
0
2.548
1.424
0
1.224
1.224
0.2
0
0.6
1.224
1.224
0
0
0
2.448
0.1
0
2.448
1.224
2.548
0
2.448
1.224
1.224
0
3.248
0
1.224
0
3.048
1.424
0.6
1.624
0
0.5
2.548
3.772
0
1.224
1.224
1.224
1.224
1.224
0
0
2.448
0
2.448
0
1.224
2.448
0.2
1.224
2.548
2.448
1.324
1.224
1.324
2.548
0
0
1.224
0
2.648
2.448
2.448
0
1.224
2.448
1.224
0.1
4.172
1.224
1.324
1.724
0.1
1.02
1.224
1.02
2.448
2.448
1.224
2.448
0.1
1.224
2.548
1.224
2.548
2.448
3.768
0.1
3.672
1.224
1.224
0
0
0.2
0.8
0.1
0
0.2
2.948
0
