0.5
1.424
5.348
3.348
3.348
0.4
1.424
2.448
0.1
1.224
1.524
1.324
0
2.924
2.524
1.224
0.2
2.548
2.448
2.648
1.424
1.524
1.224
2.448
1.924
2.548
2.748
2.024
3.772
1.224
2.648
1.224
2.1
0.1
0.3
0.8
0.2
0.4
0
0.4
0.2
2.824
0
0.1
0.4
1.224
0.3
0.2
0.3
1.424
1.324
0
2.224
0
0
1.324
0.1
0
0.3
2.124
1.3
0.5
0
3.548
0.8
0.5
0.1
0
1.424
1.6
0.8
2.224
0.2
0.1
4.024
2.624
0
2.124
0.2
0
4.548
0
1.224
0.1
0.1
0
0.1
0
1.224
3.448
0
1.624
0.2
0.2
0
1.624
1.424
0.1
2.648
2.448
0.1
1.3
0.5
0.1
1.224
0
0
1.6
0.2
0.3
0.5
0.1
0.1
1.424
0.2
0.7
0.3
1.524
0.1
0
4
0.3
2.648
0.8
0.1
0.1
0.2
1.324
0
2.324
0.5
0.1
0.2
0
2.024
0.5
1.524
1.524
1.924
1.1
1.224
2.448
0
1.724
0
0.1
1.424
0.7
0.3
0.1
1.224
0.1
0.4
0.2
1.3
0.9
0.4
0
1.1
0.1
0
0
0.1
0
0.4
0.2
1.324
0.2
0.1
6.048
0.1
1.1
1.224
0.1
1.324
3.248
0.1
0.1
1.524
0.1
0.3
1.724
1.224
2.548
0.8
3.848
2.624
1.224
0.2
2.748
1.424
1.724
0.2
2.424
1.524
1.324
1.224
0.4
0.1
2.224
0.7
1.224
0
0.6
2.4
0.1
0.1
2.124
3.148
1.224
2.548
0.4
3.448
0.1
0.1
2.6
0
3.924
0
0
1.02
3.868
3.724
2.448
2.548
1.624
1.224
1.224
3.848
1.224
4.372
3.672
1.324
0
2.648
0.3
6.348
1.524
0
1.724
0
3.824
2.024
0.2
0.1
1.224
1.224
1.224
1.324
4.624
0
0.1
0.1
0
1.224
1.224
0
0.3
4.172
1.724
2.648
0
1.724
0.7
2.448
0
2.624
2.448
0.1
2.448
0
0.4
0.1
2.548
1.3
0
2.548
0.2
1.324
0
2.244
0.1
3.048
3.672
3.448
0.1
1.424
1.424
1.624
1.424
1.224
2.548
0
1.8
1.224
0
1.224
0.1
0.1
0
2.548
0
1.5
1.724
1.624
0
0.5
0.3
2.548
0.4
1.624
0.2
1.524
2.448
2.448
2.648
0
1.324
1.224
1.324
0
1.224
0.5
0.6
0.3
0
0
1.224
1.524
0
4.048
2.448
1.224
3.148
2.548
0
0.1
1.224
1
1.224
0
1.424
2.3
0.1
0.6
1.824
1.324
2.648
0.9
0
1.224
0.1
1.3
2.6
2.448
0.4
0
0
2.448
1.724
1.424
1.224
1.524
1.224
1.224
2.444
2.244
3.468
2.644
3.668
3.468
2.444
2.344
3.468
3.468
1.12
3.744
2.344
2.344
2.444
5.492
17.792
2.344
1.02
3.468
1.32
3.768
3.744
1.12
1.12
2.244
5.092
6.468
2.244
3.968
2.344
0
0.2
0
2.448
2.748
2.548
0
2.224
1.324
1.324
2.548
2.448
2.124
2.648
4.124
2.624
1.324
0
2.748
0.2
0.3
2.448
1.424
0.1
1.224
4.072
1.824
3.348
0.1
1.824
2.448
1.424
2.724
3.048
2.648
0.1
1.524
0.4
3.148
3.048
0.2
0.3
1.524
2.748
3.772
2.648
2.448
1.224
2.648
2.448
1.224
1.224
2.124
1.424
2.448
0
2.548
2.524
0.2
0.3
2.424
1.324
0
6.672
1.724
1.224
1.324
1.2
3.972
0.2
0.2
5.424
0.9
2.448
2.524
1.1
0.3
1.424
4.472
3.824
3.748
1.224
1.2
3.224
1.424
1.224
0
0
2.548
0.1
2.448
2.948
3.248
1.224
0
1.224
2.448
2.848
0.3
0
2.448
1.424
2.948
2.548
1.524
2.024
0.8
0
1.324
1.424
2.548
2.424
2.548
0
0
3.248
2.648
1.224
2.548
2.648
2.648
1.524
3.872
0.1
2.4
1.424
0
1.224
2.448
4.148
3.324
1.224
1.324
0.1
2.648
3.148
3.648
1.324
0.1
2.748
0
0.5
1.424
0.2
3.148
1.324
2.548
0.2
2.848
1.524
3.148
4.572
1.424
0
0
1.524
2.948
1.824
0
0.2
1.424
4.648
1.524
0
2.748
0
0.1
0
0.5
1.224
0.8
2.124
1.424
3.672
2.448
1.324
1.224
2.548
1.324
0.1
1.324
1.224
1.424
1.4
2.724
1.224
1.524
1.324
0.1
1.224
2.548
0.1
2.748
1.824
2.548
3.872
0
0.8
0.3
0
1.324
1.824
0.1
2.448
0
2.448
2.748
1.224
2.448
2.448
4.048
1.624
2.448
2.448
0
1.424
3.424
1.324
1.224
1.7
0.2
0
1.8
3.872
2.448
2.448
0.2
0.3
1.324
2.448
2.948
3.048
2.748
0.1
1.524
1.424
0.2
1.424
1.324
1.324
2.448
1.324
0
1.424
2.648
2.848
1.224
0
1.624
1.224
0
1.3
2.448
2.748
0
0
0.2
1
1.524
2.448
2.848
2.548
2.448
1.524
5.748
0.1
3.748
1.424
0.2
1.324
0
1.324
3.048
0
2.448
1.424
2.748
2.548
3.448
0.2
3.672
2.948
3.348
3.848
0
2.648
2.724
0
2.448
2.548
1.424
4.372
1.324
2.024
2.948
0
1.224
1.524
1.324
0.8
2.448
0.7
1.224
2.448
2.448
1.424
2.548
1.524
2.548
0.4
0.2
2.224
1.924
0
3.672
0
2.548
2.548
0.1
0
2.548
3.348
2.548
2.448
1.424
3.248
2.324
0.1
0.1
0.1
0.1
1.224
3.672
1.224
3.524
1.224
0.4
2.648
2.448
2.548
1.224
2.448
1.324
2.748
3.148
0.6
3.724
1.524
1.224
3.548
3.872
1.224
1.924
0
0.4
1.424
1.924
1.324
2.448
1.424
2.448
5.124
3.448
1.724
0
1.724
2.448
1.224
0
1.224
1.324
2.448
1.824
1.424
3.624
3.048
0
2.448
1.224
0
2.448
3.972
2.548
0.1
2.448
2.548
2.948
0.1
1.224
2.448
1.324
3.548
0
3.348
1.724
1.524
2.648
2.448
2.224
0.1
2.548
0
1.524
2.724
3.972
0.1
2.548
1.424
1.324
0
1.724
0
3.972
2.448
0
2.848
2.448
3.672
2.848
2.648
1.424
1.424
2.448
1.524
2.548
2.748
3.672
0.2
2.548
1.524
0.1
0
0
4.172
0
0.1
2.124
2.548
1.224
2.448
1.224
0
1.324
0
0
0
2.448
2.648
2.848
1.324
2.548
1.324
0
2.648
1.324
1.224
4.048
2.648
0
2.748
4.048
0
0.5
1.424
1.524
1.524
1.324
2.448
2.324
0.9
0
5.248
0
2.548
2.448
2.548
2.948
2.448
1.424
4.048
1.7
0.1
0.1
2.448
2.448
1.324
2.024
1.424
1.224
1.524
1.224
0.2
2.448
1.524
2.848
3.672
0.7
0
2.748
1.224
1.324
0.1
1.424
0
0.2
0.1
1.424
0
0.4
3.648
2.224
1.824
0
1.224
1.324
1.224
0
1.524
3.672
0.5
2.848
1.324
1.824
0.2
2.448
4.672
5.772
1.824
2.448
2.448
2.548
1.524
2.548
4.348
1.524
5.472
3.448
1.524
0.7
4.272
2.448
3.948
2.948
5.092
5.192
1.324
1.224
1.224
2.748
1.424
2.548
1.224
3.148
2.948
2.548
3.248
2.524
1.624
3.148
0
1.22
1.02
2.244
3.668
2.744
4.644
4.892
4.472
2.548
3.448
2.448
1.224
1.224
1.224
1.724
2.448
2.848
3.048
2.748
1.924
1.324
1.524
1.524
1.324
1.824
1.324
1.224
0
2.448
0.1
2.548
3.648
1.824
1.324
2.648
2.448
4.448
2.024
0
0.1
3.348
2.924
1.224
2.548
5.848
3.348
0.8
2.548
2.448
1.324
0.2
2.424
2.448
0
1.224
0
4.224
0
1.3
0
2.548
1.324
3.824
2.548
0.8
0.1
0.1
1.424
0.1
0.6
1.324
0
0
1.424
0
0
2.448
0
4.648
1.324
0.5
1.224
0
0
2.024
0
1.224
1.224
1.224
1.224
1.324
3.548
0.6
0.9
1.224
1.224
1.324
1.224
1.324
1.524
1.724
5.924
0
1.324
0.2
1.224
3.524
1.524
1.324
0.1
2.424
1.424
0
1.224
0
1.224
2.448
2.124
1.524
1.3
0
0.3
1.224
0.1
0.2
0.1
1.324
1.324
0.6
1.524
1.724
1.224
1.424
2.448
1.324
0.3
3.348
1.224
1.424
1.424
0.2
2.548
1.224
1.224
2.448
1.224
1.224
1.324
0
3.124
2.648
1.324
0
1.924
1.324
2.124
0.4
1.224
2.448
0.6
0.2
0
0.1
0
0.5
0.5
1.624
1.224
1.224
1.224
2.024
1.224
1.224
1.224
0.1
0.2
1.324
0.6
1.224
1.224
2.424
1.424
1.324
1.224
0.7
1.524
1.324
0.2
1.224
1.224
0.1
1.624
1.424
1.424
1.424
0.3
0
0.3
1.424
0
1.224
1.224
1.224
0.8
0.1
1.424
0
0.3
1.424
2.748
1.424
1.224
1.724
2.024
0.1
1.224
1.2
0.1
0
1.524
1.724
1.424
1.724
1.224
3.024
0.5
1.324
2.648
1.624
0
0.3
1.624
1.424
1.224
2.548
1.224
1.524
1.524
0.1
1.324
1.224
0
1.424
2.624
1.224
1.4
1.224
1.324
0.3
0.3
1.324
1.824
1.824
2.648
1.324
1.424
3.5
1.324
0
1.424
0.1
1.924
1.224
0.2
0.3
0.3
0.6
0.1
0
1.324
1.324
1.524
1.324
2.024
0.1
3.248
1.624
1.224
1.224
0
1.224
1.224
0.1
0
1.424
1.424
1.224
1.224
1.224
1.724
1.424
0.5
1.824
0.4
1.424
1.424
1.224
1.324
1.224
2.7
2.924
1.224
0.2
0.1
1.224
1.224
1.524
0.3
1.624
3.148
0
0.2
0
0.2
0.2
1.224
0.1
1.524
0
0.7
1.2
1.224
1.524
1.224
0.1
1.224
1.624
1.224
2.448
1.324
0
1.424
1.224
1.624
1.724
1.524
2.124
1.224
1.324
1.224
0
1.224
1.524
1.324
1.224
1.224
1.424
1.724
0.1
0.1
0
0.5
0.1
0.1
3.548
2.424
2.548
0.8
1.424
0.6
0
1.224
2.324
1.624
1.224
0
2.448
0.1
1.324
1.324
1.724
0
1.224
0.1
1.924
0.1
1.224
0.6
2.448
1.324
1.224
1.224
1.724
1.4
1.524
0.2
0
0
1.524
1.224
1.224
0.6
1.324
1.224
1.324
0.2
0.4
1.224
0
1.324
1.324
1.224
1.424
1.624
0.3
0.3
1.424
1.324
2.648
0
0
2.848
1.424
1.824
1.324
0.1
1.224
1.324
1.224
1.524
0.2
0.4
1.224
0.4
0.1
1.224
0
1.324
1.524
3.672
0
1.224
1.324
2.748
1.224
1.224
0.2
3.048
1.224
0
1.224
1.324
0
1.324
0.2
1.324
0.7
0.1
0.1
1.224
1.424
1.324
1.724
1.624
1.824
0
1.424
0.1
0.3
0
2.748
1.524
1.524
1.224
0.5
1.424
1
1.324
0
2.548
1.224
1.924
0.1
1.224
1.724
0
0
1.224
0
0
1.624
0.1
0
1.224
1.324
0.3
0
1.224
1.224
1.324
1.424
1.824
5.748
1.824
0.4
3.348
0.1
0.2
1.524
0.6
0.4
2.548
1.624
2.448
1.224
1.824
1.424
1.924
1.324
1.324
1.4
0
1.224
0.4
0
1.224
1.2
0.2
1.324
0.8
1.624
0.1
1.224
1.224
1.924
0
1.224
3.648
1.524
1.324
1.324
1.424
0
1.924
1.424
0
1.424
0
0.2
1.224
0
1.224
0.1
0.1
1.2
1
1.424
0.2
1.424
1.224
0
1.224
0.1
1.224
1.4
1.324
0.2
0
1.224
0
0
1.224
0
1.524
0.1
0
1.224
0
1.324
1.224
1.6
0
0
2.024
2.324
1.324
0
0.3
1.924
0.2
1.224
2.548
0
1.324
1.224
0
1.424
3.748
1.224
0
1.224
0
2.448
0.3
1.324
1.324
2.648
1.224
0
2.448
1.724
1.524
2.448
0.1
1.324
2.948
0
0
1.424
0
0.1
1.224
1.324
0.7
1.224
1
2.824
1.224
1.324
1.324
1.424
1.324
0.3
1.524
1.324
1.324
1.224
1.224
1.324
1.724
0.1
0.5
1.724
2.448
0
0.6
1.824
2.648
0.2
1.224
1.224
0
0.1
1.724
2.748
1.624
1.224
1.324
0
0
0.4
0
2.124
0.3
1.224
0
0.6
1.424
2.224
1.824
1.224
1.524
1.324
2.448
1.424
0
2.448
2.448
1.224
0
0.1
2.448
2.448
0
1.324
0.2
1.224
1.424
1.224
0
1.224
0.1
3.048
0.1
1.5
0.2
0.8
1.224
0.3
3.724
2.448
0
0.1
4.148
1.224
0.1
2.748
1.824
1.624
0.2
0.2
0.1
0
1.424
2.548
0.4
2.224
2.848
0
1.7
2.448
0
1.324
1.324
1.624
2.948
1.424
0.5
1.324
1.224
1.224
1.324
1.424
0.1
1.424
0.2
1.624
1.224
1.424
5.624
1.324
1.324
0
2.748
1
2.924
2.424
0
1.424
1.324
0
3.048
0.2
1
0.7
0.1
1.924
0.5
1.424
1.624
4.648
1.424
1.424
1.224
0
1.724
0
1.624
1.224
0.2
1.224
3.148
1.224
1.424
0
1.324
2.124
1.224
1.524
0.2
1.224
0.5
1.624
0
0
2.524
1.724
0
0.7
0.1
1.224
1.324
1.424
1.824
1.224
1.624
1.424
1.1
0
0.1
1.224
1.224
2.124
1.224
0
1.624
3.224
1.224
0
1.524
0.4
0.3
1.424
0.1
3.124
1.824
1.324
1.824
1.524
2.224
1.524
0
2.124
0
1.524
2.648
3.968
1.224
1.424
0
1.224
1.224
2.124
1.224
0.1
0.1
2.548
2.624
0.3
1.224
1.424
1
0
3
1.624
1.624
0
0
0
2.448
0
0
2.948
1.424
2.948
0
2.648
1.324
1.224
0
6.448
0.2
1.224
0
5.148
2.224
1.5
2.424
0
1.6
3.648
3.772
0.2
1.324
1.224
1.324
1.624
1.324
0
0.1
2.448
0.2
2.448
0.2
1.324
2.648
1.2
2.024
2.548
2.748
1.724
1.324
1.724
2.448
0.1
0
1.224
0
3.548
2.648
2.448
0.1
1.224
2.448
1.324
0.3
5.272
1.224
1.724
2.324
0.1
1.02
1.224
1.32
2.548
2.748
1.324
3.048
0.2
1.724
2.848
1.524
2.548
2.448
3.768
0.2
3.672
1.224
1.324
0
0
1
3.2
0.2
0.2
1.4
4.648
0.6
