0.2
0.2
1.924
1.624
1.324
0.1
0
0
0
0
0
0
0
0.2
0.3
0
0
0
0
0.1
0
0
0
0
0
0.1
0
1.324
1.224
1.224
0
1.224
0.5
0
0.1
0.1
0
0.1
0
0.1
0
0.3
0
0
0
0
0.2
0.3
0.1
0
0
0
0
0
0
0.1
0
0
0
0.2
0.5
0.1
0.2
0.1
0.3
0
0
0
0.1
0.7
0.3
0.3
0
0
0.7
0.5
0
0.2
0
0
0.5
0
0
0
0
0
0
0
0
0.4
0
0.1
0.1
0
0
0
0.2
0
0
0
0
0.3
0.1
0
0
0.1
0
2.22
0
0
0.1
0.1
0
0
0
0
0.1
0
0
0
0.7
0
0
0
0
0
0.1
0
0
0.3
0.1
0
0.2
0.1
0
1.72
0
0.1
0.1
2.236
0
0
1.836
0
0
0
0.1
0.3
0
0
0
0
0
0
0.1
0.3
0.1
1.32
0.2
0.2
0
0
0
0
0.1
0
0
0
0
0.7
0
0.2
0
0
0
0.1
0
0
0
0.2
0.1
0
0
0
0
0.3
0.1
0
0
0
0.1
0
0
0
0
0.1
0
0
1.324
0.3
0.2
0
0
0.2
2.436
0
0
0
0
0
0
3.056
0
0
1.836
0.5
2.956
0.2
0
1.836
1.02
1.12
1.524
1.224
1.224
1.324
1.224
1.224
1.224
1.224
1.324
1.224
0
0
0
0
0.6
0
0
0
0
0.4
0.3
1.224
0
0
0
0
0
0.2
1.02
0
0
0
0
0
0
0.3
0
0
0
0
0
0.1
0
0
0.3
0
0
0
1.836
0.4
0
0.1
0.5
1.02
0
0.1
0
0
2.244
1.224
1.624
1.224
1.424
0
0.2
0
0.2
0.1
0
1.224
0
0.7
0
0
0
0
0.2
0.1
0.1
0
0.1
0.4
0
0
0.1
0.1
0.1
0.1
0.2
0
0
0
0
0.3
0
0.1
0
0
0
0
0.1
0.2
0.1
0
0
0.1
0.1
0
0.1
0
0
0.2
0.2
0
0
0
0.6
0
0
0
0.9
0.1
0
1.936
0
0
0.3
0
0
0.1
0.5
0.7
0
0
0
0
0
0.2
0
0
0
0
0
1.02
1.02
1.12
1.12
1.02
1.02
1.02
1.02
1.02
1.02
1.02
1.22
1.02
1.02
1.02
1.02
1.32
2.244
1.02
2.244
7.9
2.244
2.344
3.364
2.344
2.244
2.244
3.044
2.244
2.444
1.02
1.02
2.544
1.224
1.224
1.224
1.224
1.224
1.324
1.224
1.224
1.224
1.224
3.36
1.224
1.724
1.424
1.324
3.16
1.324
1.324
4.18
1.224
1.224
1.224
1.324
1.224
1.224
1.524
1.224
1.224
1.224
1.324
1.524
1.424
1.224
1.224
1.324
1.324
1.424
1.324
4.18
1.624
1.324
1.224
1.224
1.224
1.224
1.224
1.324
1.224
1.224
1.224
1.224
1.224
1.224
1.324
1.224
1.424
1.224
4.08
1.324
1.224
1.224
1.624
1.424
1.224
1.224
1.624
1.224
1.224
2.544
2.024
1.524
1.224
1.324
1.924
1.224
1.224
1.424
1.424
1.324
1.224
1.424
1.424
1.224
1.224
3.06
2.644
1.424
1.224
1.224
1.224
1.524
1.224
1.224
1.224
1.224
1.224
3.06
4.08
1.224
1.224
1.324
1.224
1.224
1.324
1.424
1.224
1.224
1.324
1.224
1.424
1.224
1.224
1.324
1.424
1.224
1.224
1.224
1.224
1.324
1.224
1.424
1.224
1.724
1.224
1.224
3.06
1.224
1.324
1.724
1.224
3.06
1.224
1.224
1.324
1.324
1.424
3.26
1.224
1.224
1.324
1.224
1.424
1.724
1.224
1.324
1.524
1.224
1.224
1.324
1.324
1.224
3.06
4.08
1.324
1.324
1.324
1.224
1.224
1.224
1.424
1.324
4.08
1.324
1.224
1.224
1.224
1.524
1.224
1.224
1.424
1.224
1.224
1.224
1.324
1.224
1.224
1.324
1.224
1.224
1.224
1.324
1.524
1.424
1.224
1.224
1.224
1.224
1.324
1.224
1.324
1.224
1.324
1.224
1.224
3.06
1.824
1.224
1.224
1.224
1.324
4.48
1.224
1.324
1.224
1.224
1.224
1.224
1.324
1.424
1.424
1.224
1.224
3.26
1.224
1.624
1.224
1.224
1.524
1.224
2.244
1.624
1.224
1.224
1.324
1.224
5.18
1.224
1.224
1.324
1.224
1.424
1.224
1.224
1.224
3.16
1.224
1.224
1.224
1.224
1.324
1.224
1.224
1.224
1.424
1.224
1.224
1.324
1.224
1.324
1.424
1.224
1.224
1.224
1.324
3.16
1.424
1.424
1.224
1.224
1.224
1.224
1.224
1.724
1.224
1.424
1.324
1.224
1.224
1.224
1.324
1.224
1.224
1.224
1.424
1.324
1.324
1.224
1.224
1.224
1.524
1.324
1.424
1.224
1.324
1.824
1.224
1.224
1.224
1.224
1.224
1.224
1.324
1.424
1.324
1.224
1.224
1.224
1.224
1.224
1.324
1.224
1.224
1.224
1.324
1.324
1.224
1.224
3.26
2.444
1.524
1.424
1.324
1.324
1.224
1.224
1.224
1.224
1.224
1.224
1.224
1.224
1.224
1.224
1.324
1.324
1.224
4.18
1.224
1.224
1.224
1.224
1.224
1.524
1.324
2.444
1.224
1.224
1.224
1.224
1.224
1.424
1.224
1.424
1.224
1.424
1.524
1.224
1.324
1.324
1.224
1.324
1.224
1.224
1.324
1.424
1.224
1.324
1.224
1.224
2.024
1.824
1.324
1.324
1.324
1.224
1.224
1.224
1.224
1.224
1.224
1.224
1.324
1.224
1.224
3.06
1.224
1.224
1.224
1.224
1.224
1.224
2.244
1.224
1.324
1.224
3.06
1.224
1.224
1.224
1.524
1.224
1.324
1.424
1.224
1.324
1.224
1.524
1.224
1.224
1.224
1.524
1.824
1.224
1.224
1.224
1.224
1.224
1.224
1.324
3.06
1.324
1.224
1.224
1.424
1.224
1.224
1.224
1.224
1.224
1.224
1.224
1.224
1.224
1.324
1.224
1.224
1.224
1.224
1.224
1.224
1.224
1.324
1.224
3.06
1.224
1.224
1.224
1.224
1.224
1.224
1.324
1.224
1.224
1.224
1.224
1.324
1.224
1.224
1.224
1.224
4.08
1.224
1.224
1.224
1.524
1.224
1.224
1.224
1.424
1.324
1.224
1.224
1.224
1.324
1.324
1.224
1.324
1.324
2.244
2.024
1.224
1.224
1.224
1.324
1.224
1.224
1.224
1.624
2.324
1.224
2.844
1.224
1.224
1.224
1.224
1.224
1.324
1.224
1.324
1.424
1.224
1.224
1.324
1.224
1.324
1.224
1.324
1.224
1.224
1.224
1.224
4.18
4.08
1.324
1.224
1.224
1.224
1.424
1.424
1.324
1.224
1.324
1.224
1.224
1.224
3.06
1.224
1.424
1.224
2.244
1.424
3.26
1.224
1.324
1.424
1.224
1.224
1.224
1.224
1.324
1.224
1.724
1.224
1.324
1.224
3.16
1.324
1.224
1.224
1.324
1.224
2.444
2.244
1.224
1.224
1.224
1.224
3.16
1.324
1.224
1.224
1.224
1.224
1.324
1.824
1.224
1.524
1.224
5.2
4.08
2.244
2.444
2.344
2.444
2.244
1.424
1.224
1.324
1.224
1.224
1.224
1.224
1.224
1.224
1.524
1.424
1.224
1.324
1.224
1.224
1.224
1.224
1.224
3.06
1.324
1.224
1.224
1.224
1.224
1.424
1.224
1.224
1.224
1.224
1.424
1.324
1.224
1.224
1.324
0.2
0
0
0.3
0
0.3
0.1
0
0
0.1
0.1
0.1
0
0
1.02
0.4
2.856
0.4
1.22
0
2.344
0.1
0
0.2
0
0.1
0
0
0.4
0.1
0
0
0
0
0
0.1
0
0.4
0.1
0.1
0
0
0.1
0.1
0
0
0
0
0
0.2
0.1
0.1
0
0
0
0
0
0
0
0.1
0.7
0.1
0.1
0.1
0.2
0.3
0.1
0
0.1
0.3
0.1
0
0.1
2.856
0
0
0.1
0.1
0.1
0
0
0
0
0
0
0
0.1
0
0
0
0.1
0
0
0
0
0.2
0
0
0
0.1
0
0
0.1
0.1
0
0.1
0.2
0
0.1
0.2
0
0
0.1
0
0.2
0.1
0
0
0.1
0
0
0
0
0
0.3
0.2
0
0
0
0.1
0
0
0
0
0.2
0
0
0
0
0.1
0.1
0
0
0.1
0
0.1
0
0
0
0
0
0
0
0
0
0
0
0.1
0
0
0
0
0
0
0
0
0
0
0
0.1
0
0
0.1
0.1
0
0.2
1.936
0
0.1
0.1
0.1
0
0.1
0.5
0
0
0
0
0
0
0.1
0
0
0.1
0
0.1
0.1
0
0
0
0
0
0.5
0
0.2
0
0
0
0
0
0.3
0.2
0.2
0
0
0.4
0
0.1
0
0
0.1
0.1
0
0
0
0.1
0.1
0
0
0.2
0
0
0.1
0
0.1
0.1
0
0
0.1
0.2
0
0
0
0
0
0
0
0
0.1
0.1
0.1
0.1
0
0
0.2
0
0
0
0.2
0.5
0
0
0.1
0
0
0.1
0
0
0.1
0
0.1
0
0
0.1
0
0
0
0.1
0.3
0.1
0
0.1
0
0
0
0.1
0.1
0
0
0
0.1
0
0.1
0.1
0.1
0.1
0.2
0
0
0
0
2.036
0
0
0
0
0
0.1
0
1.836
1.936
0
1.836
0.5
0.5
0
0.1
0
0
0
0
0
0.2
0
0
0
0
0
0
0.1
0
0
0
0
1.836
0
0
0
0
0
0
0
0.3
0
0
0
0
0.1
0
0
0.1
0
0
0
0.1
0
0
1.836
0.1
0
0
0.2
0.1
0.1
0
0
0.1
0
0
0
0.1
0
0
0.1
0
0
0
0.1
0
0.1
0
0.1
0
0
0
0
0
0.1
0
0
0
0
0
0
0
0.2
0.3
0
0.1
0
0
0
0
0
0
0.2
0
0
0
0
0
0.2
0.1
0.1
0
0
1.836
0.1
0
0
0.1
0
0
0.2
0.1
0.3
0
0
0.1
0
0.2
0
0
0
0
0
0
0
0
0
0
0
0.1
0
0.1
0
0
0.1
0
0
0.2
0.6
0.2
0
0.2
0
0
0
0.1
0
0
0.1
0
0
0
0
0.1
0.1
0
0.5
0
0
0.4
2.036
0.1
0.2
0
0
0.1
0.1
0
0
0
0.1
0
0
0.1
0
0
0
0
0
0.2
0
0
0
0.1
0
0
0
0
0
0.1
0.1
0.3
0
0
0.1
0
0
0
0
0
0
0
0
0
0
0
0
0
0
0
0
0
0
0
0.1
0
0.2
0
0
0.2
0.3
0
0
0
0
0.1
0
0
0
0
0
0
0
0.6
0
0
0
0
0
0
0.1
0.1
0.1
0
0.1
0
0.1
0
0
0
0
0
0
0
0.1
0
0
0
0.1
0.1
0
0.1
0.2
0
0
0.2
0
0
0.1
0.1
0
0
0
0
0
0.1
0
0.2
0.3
0
0
0
0.1
0.1
0.1
0
0
0
0
0.2
0
0
0
0
0
0
0
0
0.1
1.836
0
0.2
0.2
0
0.2
0.1
0
0.1
0.2
0
0.2
0
0
0
0
0
0
0
0
0
0
0
0
0
0.1
0
0
0
0
0
0.3
0
0
0
0.1
0.2
0
0
0
0.4
0
0.1
0
0.1
0.1
0
0.1
0
0
0
0.3
0
0.2
0.1
0
0.1
0
0
0
0
0
0.3
0
0.1
0.1
0
0
0
0
0
0
0.1
0.2
0
0
1
0.1
0
0
0
0.2
0.2
0.8
0
0.3
0
0
0.3
0.1
0.3
0
0
0.1
0.1
0
0
0.4
0
0.1
0
0
0
0
0.1
0
0.1
0
0.1
0
0.1
0
0
0.2
0
0.1
0
0
0.3
0
0
0.1
0.1
0
0
0.1
0
0
0
0
0.2
0
0
0.2
0.1
0
0
0
0
0.3
0
0
0.1
0.3
0
0
0.1
0.2
0.1
0.1
0.1
0.2
0.1
0.1
0.2
0.1
0.1
0.2
0
0.2
0
0.1
0
1.12
1.224
1.224
0
0
0
0
0
0.2
0
0.2
0.3
0
0
0.2
0.3
0
0.6
0.3
0
0
0
0
1.224
0.1
0
0.2
0.1
0.1
0
0.2
0
0
0
1.824
1.324
0
1.836
0.5
0.1
1
0.2
0
0.6
0.1
0
2.956
0
0
0
0.1
0
0.1
0.1
0
0.2
0
2.236
0
0
0
0.1
0
0
0.3
0
0
0
0
1.02
0
0
0.2
0
0
0
0
0
0
0
0.3
1.224
1.936
0.2
0.1
1.02
0
1.12
1.224
1.224
1.324
1.224
1.224
1.624
1.224
1.224
1.224
1.224
2.244
0.1
0
1.224
0
0
0
0
0.9
0
0.1
2.944
0.4
2.944
