0
0
3.772
2.448
3.972
0.1
0
1.224
0
0
0
1.224
0.1
0.3
0.2
0
0
1.224
1.224
1.224
1.224
1.224
1.224
1.224
0.1
1.324
1.224
2.648
3.672
2.448
1.224
2.448
0.3
1.224
0
0.1
0
0
0
0.2
0
1.324
0
0.2
0
1.224
0
0
0.1
1.224
1.224
0
1.224
0
0
1.224
0
0
0
1.324
0
0
0
1.224
0
0
0
0.1
1.224
0.1
0.1
1.424
0
0
1.224
0
1.224
0.2
0.1
0
2.648
0
1.224
0
0
0
0
0
1.224
1.424
0
1.224
0
0
0
1.224
1.224
0
2.448
1.224
0
0
0
0
1.224
0
0
0.1
0
1.224
0
0.1
0
1.324
0.1
0.1
0
1.224
0
0
0.3
0
1.224
0.1
0
1.224
0
1.224
1.224
1.224
0
0
0.1
1.224
1.224
0
1.324
1.224
1.224
0
0
1.224
0
1.224
0
0
1.324
0
0
0
1.224
0
0
0
0.3
0.2
0
0
0
0
0.1
0
0
0.1
0
0
1.224
0
0
1.424
0
0.1
1.224
0
1.224
2.448
0
1.224
1.224
0.2
0
2.748
0
2.448
0.1
2.548
1.224
1.324
0
2.448
0
1.324
0
1.224
1.224
1.224
1.224
0
1.224
1.224
0
1.224
0
0
0.3
0
0.1
1.424
2.448
1.224
2.448
0
1.224
0
0
0.4
0
0
0
0
1.02
4.692
2.548
4.896
3.672
2.748
2.448
2.448
3.672
2.448
3.772
3.672
1.224
0
2.448
0
2.648
1.224
0
1.424
0
1.324
1.224
1.224
0
1.224
1.224
2.448
1.224
0
0
0.1
0
0
1.224
1.224
0
0
2.548
1.224
2.548
0
0
0.3
3.672
0
0.1
3.672
0
2.448
0
0
0
2.548
0.1
0
2.448
1.224
1.224
0
3.468
2.548
4.896
4.896
3.772
0
2.448
2.448
1.224
1.224
1.224
4.896
0
0.1
0
0
2.448
0
0
0
1.224
0
0
0
0
0
0
0
1.224
0
1.224
0
1.324
1.224
1.224
2.448
0
1.224
0
1.224
0
0
0
0
0
0
0
2.448
0
0
1.424
1.224
2.448
1.224
1.224
0
1.224
0
0.1
0
0
1.224
1.624
0.1
0
1.224
2.448
2.448
0
0
1.224
0
0.1
0.3
1.224
0
0
0
1.224
1.224
1.224
0
1.324
1.224
1.224
1.02
2.244
4.692
1.02
3.568
3.468
2.244
2.244
2.244
2.244
1.02
3.768
1.02
1.02
1.02
3.568
3.768
4.692
1.02
3.468
2.244
7.116
3.568
2.244
2.244
2.244
4.692
3.868
3.468
3.568
2.344
0
1.424
1.224
2.448
3.672
3.672
1.224
3.672
3.672
2.448
4.996
4.896
2.448
3.672
1.524
2.548
2.448
1.224
2.448
1.224
1.324
2.448
2.448
1.224
2.448
3.672
3.872
2.448
1.224
2.548
2.448
2.548
2.548
3.772
2.448
1.224
2.448
1.424
3.772
2.548
1.224
1.224
2.548
2.548
3.672
2.448
2.448
2.448
2.448
3.672
3.672
2.448
2.548
2.448
2.448
1.224
2.448
2.648
1.424
1.224
1.224
3.672
1.224
3.872
2.548
2.448
2.448
1.324
3.672
1.224
1.224
2.948
1.224
2.448
2.848
2.448
1.324
2.448
3.672
2.748
2.548
2.448
1.324
2.548
2.448
1.224
1.224
1.224
2.548
1.224
3.672
2.448
2.448
2.448
1.224
3.672
3.672
3.672
1.224
1.224
2.448
2.448
5.096
3.672
1.224
2.548
1.224
1.224
1.224
3.772
3.672
2.748
2.448
1.224
1.224
3.772
3.672
2.448
4.896
3.672
2.448
2.648
3.672
1.224
1.424
2.448
1.224
2.448
2.448
4.996
2.448
3.672
2.448
1.224
3.672
3.872
3.772
2.548
1.224
4.896
1.224
1.224
2.448
1.224
2.448
3.672
2.448
1.224
2.548
2.648
3.772
3.672
2.448
1.224
1.224
1.224
3.672
2.448
1.224
1.224
2.448
3.972
2.448
1.324
2.448
1.224
1.224
1.224
1.224
2.448
1.324
2.448
2.548
3.672
2.448
1.324
2.448
2.448
2.448
1.224
2.448
2.448
2.548
1.424
2.648
2.448
2.548
1.224
1.224
3.672
4.996
1.224
2.548
2.448
2.448
3.672
1.224
1.324
1.224
1.224
2.448
2.548
1.224
3.672
1.224
2.448
2.448
1.224
3.772
2.448
2.548
2.548
2.448
2.448
1.224
2.448
2.548
1.224
1.224
1.424
1.224
1.224
1.424
3.772
3.672
2.448
1.224
1.224
2.448
2.448
2.448
3.772
4.996
1.224
1.224
2.448
1.224
2.448
2.448
2.448
3.672
3.672
1.224
2.448
2.448
3.772
1.224
2.448
2.548
3.672
1.224
1.224
2.448
2.448
1.224
1.224
1.224
1.324
2.448
3.672
2.448
3.672
2.448
1.324
4.172
1.324
3.672
2.448
1.224
2.548
2.448
2.448
3.872
1.224
3.672
2.448
3.772
3.672
2.548
1.224
3.672
2.448
2.648
3.772
1.224
2.448
3.772
1.224
3.672
2.548
2.548
3.772
2.448
1.224
4.996
1.324
2.548
3.772
2.548
1.224
2.448
2.548
2.448
3.672
3.672
3.672
2.548
2.448
3.672
1.224
1.224
3.672
2.448
1.224
3.672
1.224
3.672
3.672
1.224
1.224
2.448
3.672
2.448
3.672
1.224
3.772
2.448
1.324
1.224
1.324
2.548
3.672
3.672
3.672
1.524
2.448
1.324
3.672
2.448
3.772
2.448
3.672
2.448
2.448
3.772
1.224
2.748
2.548
2.448
4.896
3.672
2.448
3.772
1.224
1.224
2.548
2.748
3.772
3.672
2.548
3.672
1.524
4.996
1.224
1.224
1.224
3.672
2.448
1.224
2.448
2.448
2.448
2.548
2.448
2.548
3.672
1.224
2.448
3.672
1.224
3.672
3.672
3.772
1.224
2.448
2.448
3.672
1.224
3.672
3.772
2.448
2.548
1.224
2.548
2.548
2.448
3.672
3.672
2.648
1.224
3.672
1.224
2.448
2.548
3.672
1.224
2.448
2.548
3.772
1.224
2.548
1.224
3.772
3.772
1.224
5.096
3.672
3.672
3.672
3.672
2.448
2.648
3.672
2.448
2.448
3.772
3.672
1.224
3.672
1.224
1.224
1.224
2.448
3.672
1.224
1.224
2.448
3.672
1.224
3.672
1.224
1.224
1.224
1.224
1.224
1.224
2.448
4.896
3.672
2.448
4.896
2.448
1.224
3.672
2.548
2.448
5.096
4.896
1.224
3.772
5.196
1.224
1.224
3.672
2.448
2.448
2.548
2.548
2.448
1.324
1.224
3.972
1.224
3.672
3.672
2.448
3.672
3.672
2.448
3.772
1.324
1.224
1.224
3.672
2.448
2.448
2.448
2.448
2.448
2.448
3.672
1.224
2.448
3.672
3.672
3.672
1.224
1.224
2.448
2.448
1.224
1.224
3.672
1.224
1.224
1.224
2.448
1.224
1.324
2.448
2.548
2.448
1.224
1.224
2.448
2.448
1.224
2.448
3.672
1.224
3.672
2.448
1.224
1.224
2.448
3.872
3.972
2.548
3.672
2.448
3.672
2.448
4.896
3.872
3.672
3.772
4.896
3.872
1.324
3.672
3.672
2.648
4.996
4.792
4.692
2.448
2.448
2.448
3.672
2.448
3.672
2.448
3.672
3.772
3.672
3.672
2.548
2.448
5.096
1.224
2.244
2.244
2.244
3.468
3.468
3.568
4.692
3.672
5.096
2.448
2.448
2.448
2.548
2.448
2.448
2.448
2.548
2.448
3.672
2.448
2.448
2.448
2.448
2.448
2.448
2.448
2.448
1.224
3.672
1.224
3.672
3.772
2.448
2.448
3.672
4.896
3.872
2.648
1.224
1.224
3.672
1.524
1.224
2.548
2.948
2.448
0.1
1.224
1.224
1.224
0
1.424
2.448
0
1.224
0
0.1
0
0.3
0
3.672
2.448
1.624
3.672
0
0
0
1.224
0
0
1.224
1.224
0
1.224
0
0
1.224
0
1.624
1.224
0
1.224
0
0
2.648
0
0
0
1.224
1.224
0
1.224
0
0.1
1.224
0
0
2.448
1.224
1.224
1.324
1.724
0
1.324
0
1.224
0.1
2.448
0
0
1.324
1.224
0
0
0
1.224
3.672
1.324
1.224
0.2
0
0
0
0
0
0.1
1.224
1.224
0
2.448
1.224
0
1.324
1.224
1.224
0
2.548
1.224
1.224
0
0
3.672
1.224
2.448
1.224
1.224
1.224
0
0
1.324
1.224
1.224
0
1.224
0
1.324
0
1.224
3.672
0
0.1
0
1.224
0
0
0
1.324
2.548
2.448
0
1.324
1.224
1.224
1.224
0
0
1.224
0.1
2.448
1.224
1.324
1.224
1.224
1.224
0
1.224
1.224
0
1.224
1.224
0
0
0.1
1.224
1.224
0
0
0
1.224
0
1.224
1.224
2.448
0
1.324
1.224
0
0
1.224
1.224
1.224
1.224
1.324
1.224
0
1.224
0
0
0
1.224
1.224
1.224
2.448
1.224
0
0
0
1.224
0
0
0
0
2.548
1.224
1.224
0
1.224
1.224
0
1.224
1.224
0
1.224
0.1
1.224
0.2
1.224
1.224
0
0
2.448
1.224
2.448
3.672
1.224
1.224
1.424
1.224
0
1.224
0
1.424
2.448
0
0
0
0
0
0
1.224
1.224
2.448
1.224
1.324
1.324
3.772
2.448
1.224
1.224
0
1.224
1.224
0
0
1.224
0
2.448
1.224
2.448
1.324
1.224
0
2.448
0
1.224
0
0
0
1.224
0.1
0.2
0
0
0
0
1.224
2.448
0
2.448
2.648
1.224
0
0
0
0
1.224
0
1.224
0
0.1
0.1
1.224
1.324
1.224
0
1.224
1.324
1.224
2.448
1.224
0.1
1.224
1.224
1.224
1.324
1.324
1.324
1.324
1.224
1.224
0
1.224
0
0
2.448
1.224
1.324
2.548
0
0
0
0.2
0
0
1.324
0.2
1.224
0
1.224
0
0
1.224
1.424
0
0
0
2.448
0
1.224
1.224
1.224
0
1.224
0
1.224
0
1.224
0
1.224
1.224
1.224
1.224
1.324
0.1
1.224
0
0
0
1.224
1.224
1.324
0
1.224
1.224
1.224
0
0.1
0
0
1.224
1.224
0
0
1.224
0
0
0
0
2.448
0
0
3.672
2.448
1.224
1.224
0
1.224
1.324
1.224
1.224
0
0
1.324
0.1
0
1.224
0
1.224
1.224
2.448
0
1.224
1.224
3.672
1.224
2.448
0.1
2.548
0
0
2.448
2.548
0
1.224
0
1.224
0.1
1.224
0
2.448
1.324
0
1.224
1.224
1.224
0
2.548
0
0.1
0
3.772
0
1.224
1.224
0.1
1.224
0.1
0
0
2.448
1.224
0.1
0.1
1.224
1.324
0
0
1.224
0
0
0
0
0
2.448
1.224
0
0
2.448
2.448
1.224
0
2.448
1.524
1.224
0
1.224
0
0
1.224
1.224
1.324
3.672
1.224
3.672
0
1.224
1.224
0
1.224
1.324
0.1
0
1.324
0
0.1
1.224
0
0
2.448
0
1.224
0
1.224
1.224
2.448
0
1.224
2.648
1.324
1.224
1.224
1.224
0
2.548
1.324
0
1.224
0
0
2.448
0
1.224
0
0
0
0
2.448
0
0
1.224
0
1.224
0
2.448
0
1.224
0
0
1.224
0
0.1
2.448
0
2.448
0.1
0
0
1.224
0
2.448
0.5
0.1
0
1.324
0.2
1.224
0
0
2.448
0
1.224
2.448
0
0
0
1.224
2.448
1.524
1.224
1.224
2.548
0
2.448
0
1.324
2.448
3.672
1.224
0
1.224
1.324
1.324
1.224
0
1.224
2.448
0
0
2.448
0.1
0
1.224
1.224
0
1.224
0.1
1.424
0
1.324
0
1.224
1.224
1.224
0
1.224
2.448
1.224
0
1.224
0
0
0.1
1.224
1.224
0
0
1.224
2.648
0
1.224
0
0
0
1.224
2.448
1.224
1.324
1.224
0
0
0
0
1.224
0
0
0
0.1
1.224
1.324
1.324
1.224
1.224
1.224
2.448
1.224
0
3.772
1.224
0
0
0
2.448
3.672
0
1.224
0
0
2.448
2.448
0
1.224
0
2.548
0
0
0
0
0
0
1.424
3.672
0
0
2.448
1.224
0
3.772
1.324
1.224
0.1
0
0
0
0
2.548
0
0
1.224
0
0.2
3.672
0.1
2.648
0
1.224
1.224
1.224
0
0
0
0
1.224
1.224
0
1.224
0
1.324
1.324
1.224
0.4
1.224
1.224
0
1.224
0.2
2.548
0
0
2.548
2.448
1.224
1.324
0
0.2
0.2
0.1
1.224
0.1
1.224
1.224
2.848
1.224
2.548
1.224
0
1.224
0
1.324
1.224
0
2.448
2.548
2.448
1.224
0
1.224
1.224
0.1
1.224
0
1.224
0.1
1.224
0
0
1.424
1.324
0
0
0
1.224
1.224
2.448
1.324
1.224
2.548
1.324
0.1
0
0
2.448
1.424
1.224
2.448
0
1.224
0.1
1.224
0
1.224
0
1.324
1.324
0
2.648
1.324
1.224
1.224
1.224
1.224
1.324
0
1.224
1.224
1.224
3.672
4.892
2.448
2.548
0
1.224
0
1.424
0
0
0
1.224
0.1
0
1.224
0
0
0
0
0
1.224
0
0
0
2.448
0
0
1.224
1.324
1.224
0
1.224
1.224
0
0
2.648
1.324
1.224
0
1.224
1.224
0.2
1.424
0
0.2
2.448
2.448
0
1.224
1.224
0
0
1.224
0
0
1.224
0
1.224
0
1.224
2.448
0
0
3.672
1.324
1.324
1.224
2.548
1.224
0
0
1.224
1.224
1.424
2.448
2.448
0
1.224
1.224
1.224
0
2.748
3.672
1.224
1.324
0
1.02
1.224
1.02
3.672
3.672
2.448
3.672
1.224
2.448
3.672
2.448
3.672
2.548
5.916
1.224
2.448
1.224
2.448
0
0
0.2
0.4
0
0
1.324
1.524
1.224
