1.324
1.324
4.072
3.672
3.672
0
1.224
2.448
1.224
1.224
2.448
1.224
0
1.324
1.224
1.224
0
2.548
2.448
2.448
1.224
1.224
1.224
2.448
2.448
2.448
2.448
2.648
4.896
2.448
2.448
2.448
1.424
1.224
0
1.224
1.224
1.224
0
1.224
1.224
1.424
0
0
0
1.224
0.1
0
1.224
2.448
1.224
0
2.548
0
0
1.224
1.224
0
1.224
1.224
0.2
0
0
2.548
0
1.224
0
0
1.224
0
1.224
2.748
1.224
1.224
1.324
2.448
0
1.224
0
1.224
2.848
0
1.224
0
0
0
0
0
1.224
2.548
1.224
1.224
0
0
0
2.448
2.448
1.224
2.448
2.448
0
0
0
1.224
1.224
1.224
1.224
0
0
1.224
1.224
0
1.224
1.224
0
0
1.224
1.224
1.224
1.224
0.5
0
2.448
1.224
0
1.224
1.224
1.224
0
1.224
1.224
0
0
0
1.224
0
1.224
1.224
1.224
0
2.448
2.448
0
1.224
0
0
1.224
0
1.224
0
1.224
1.224
1.224
1.224
1.324
1.224
0
0
1.224
0
1.224
0
1.224
0
0
0.1
1.224
1.224
0
2.948
1.224
1.324
1.224
1.224
1.224
2.448
0
0
1.224
1.224
1.224
1.224
1.224
2.448
0.1
2.448
1.424
1.224
0
2.448
1.224
2.448
1.224
1.324
1.224
1.224
1.224
1.224
2.448
1.224
3.16
3.06
1.836
1.836
3.26
1.936
3.06
4.484
4.284
4.384
4.284
3.06
4.284
1.836
3.06
2.136
3.06
3.36
1.836
1.836
2.856
5.304
4.484
5.508
5.508
4.284
4.284
4.284
5.608
5.508
6.732
6.732
1.224
0
2.448
0.1
2.848
1.324
0
1.224
0
1.324
1.324
1.224
0
1.224
1.224
1.224
1.224
1.324
0
0
0
0
1.224
1.224
0
0
3.672
1.224
2.448
1.224
2.448
0
2.448
1.224
1.224
2.448
1.224
2.448
1.224
1.324
1.224
2.448
0
0.1
2.448
0
4.284
3.06
3.468
1.224
3.672
4.896
5.608
1.224
3.06
3.06
1.224
1.224
1.324
3.672
0
0.2
1.224
0
1.224
0
0
1.224
2.448
1.224
0.1
1.324
1.224
0
0
1.224
2.448
1.224
1.224
0.1
1.424
2.448
2.448
2.448
1.224
1.224
1.224
1.224
1.224
1.324
1.224
0
0
1.224
0
1.224
1.224
0
2.548
2.448
1.224
2.448
2.448
0
0
1.224
1.224
2.448
0
2.448
0.4
0
1.224
1.324
2.448
2.448
0.2
1.224
2.448
1.224
0.3
0.5
2.448
0.2
1.224
0
2.448
2.448
2.548
1.224
2.448
2.448
1.224
2.544
2.244
4.692
2.244
3.468
3.468
2.244
2.244
3.468
3.468
1.02
2.244
2.344
2.244
2.244
4.692
5.092
5.304
1.02
4.692
2.244
4.692
4.692
3.468
2.244
3.468
9.876
4.692
3.468
4.692
2.244
1.836
2.448
2.448
3.672
3.672
3.772
2.448
2.448
2.448
3.672
3.672
3.672
2.448
3.672
2.448
2.448
3.672
1.224
3.672
1.224
2.448
3.672
2.548
1.224
2.548
5.096
2.448
3.772
2.448
2.648
3.672
3.672
2.648
3.972
3.672
2.448
2.448
1.224
3.872
3.672
2.448
2.448
2.448
4.896
4.896
3.872
3.672
3.672
3.672
3.672
2.448
2.448
2.448
2.448
3.872
1.224
3.672
2.548
1.224
2.448
2.548
2.448
1.224
5.196
2.548
2.448
2.448
1.224
4.896
1.224
1.224
2.948
1.224
3.672
2.548
2.448
1.224
3.672
4.896
2.448
3.672
2.448
1.324
2.548
2.448
2.448
2.448
1.224
3.672
1.224
3.672
4.896
3.672
2.448
2.448
2.448
3.772
3.672
1.224
1.224
3.672
2.448
3.672
3.672
2.448
2.448
1.224
2.448
2.548
2.448
3.672
2.448
3.672
1.224
2.448
3.872
3.672
2.448
3.672
3.672
3.672
3.672
4.896
1.224
1.224
2.448
2.448
2.448
3.672
3.772
2.548
2.448
2.448
2.448
3.672
3.772
3.772
3.672
1.224
3.672
2.448
2.448
2.448
2.548
3.772
2.448
3.672
2.448
3.772
2.648
3.872
5.096
2.448
2.448
2.448
2.548
3.672
2.548
2.448
1.224
2.448
3.672
2.448
1.224
3.672
2.448
1.224
1.224
1.224
3.672
2.448
2.448
3.672
6.22
3.672
2.448
2.448
3.672
2.448
1.224
2.448
2.448
2.448
2.448
2.448
2.448
2.448
2.448
1.224
2.448
3.672
2.448
3.672
2.448
3.772
4.896
1.224
1.224
1.224
2.448
2.448
2.448
1.224
3.672
2.448
3.672
3.672
2.448
3.672
3.672
3.872
2.448
3.672
3.672
2.448
2.448
2.648
2.548
2.448
1.224
1.324
1.224
2.648
4.896
4.996
3.672
1.224
1.224
2.548
3.672
3.672
3.772
4.896
1.224
2.448
2.548
2.448
2.448
2.448
2.448
3.672
2.448
1.224
2.448
3.872
3.672
3.672
1.224
2.448
3.672
2.548
1.324
3.672
3.672
1.224
2.448
2.448
1.324
2.448
3.672
3.672
3.672
3.672
2.448
3.972
1.224
4.896
2.448
1.224
2.448
1.224
2.448
4.896
2.448
3.672
2.448
3.772
3.672
3.872
1.224
4.896
3.772
4.996
3.772
2.448
4.896
2.448
2.448
3.672
3.672
2.448
4.896
2.448
2.448
3.672
1.224
2.448
2.448
2.448
1.324
3.672
1.324
2.448
3.672
3.672
3.672
3.672
2.448
3.672
1.224
1.224
2.448
2.548
2.448
4.896
2.448
3.672
3.672
1.224
2.448
3.872
3.672
3.672
3.672
2.448
3.672
2.448
1.224
2.448
2.448
1.224
2.448
4.896
2.448
2.648
2.448
1.324
3.672
3.672
3.672
2.448
3.672
2.548
3.772
4.896
1.224
2.648
2.448
2.448
3.772
4.896
2.448
3.772
1.224
2.448
2.548
2.448
2.448
3.672
2.448
3.672
2.748
4.896
2.448
1.224
2.448
3.672
2.448
2.548
2.448
2.448
3.672
2.448
2.448
2.648
4.896
2.448
3.672
2.448
2.448
3.672
4.896
3.672
1.224
4.896
4.896
3.672
2.448
2.448
3.672
2.448
3.872
2.448
3.872
2.748
2.448
3.672
3.672
2.448
1.224
4.896
1.224
2.548
2.448
4.996
2.448
3.772
2.448
2.448
1.224
2.448
2.448
4.896
3.672
2.448
3.772
3.672
4.896
3.672
3.672
2.548
2.448
3.672
2.448
3.672
3.672
4.896
1.224
3.672
2.448
1.224
2.448
2.448
6.22
1.224
1.224
2.548
3.672
3.672
3.772
2.448
2.448
2.448
2.448
1.224
1.224
3.672
3.672
3.672
2.448
3.672
2.448
2.448
3.672
2.548
2.448
3.672
3.672
1.224
4.896
3.772
1.224
1.224
2.448
2.448
3.772
2.448
3.772
2.648
2.448
2.448
3.772
1.324
4.896
3.672
4.896
3.672
3.672
2.448
3.672
2.748
2.448
1.224
3.672
3.672
2.448
2.448
2.448
2.448
3.672
2.448
2.548
3.672
3.672
3.672
4.896
1.224
1.224
3.672
2.448
2.448
1.224
2.448
2.448
2.448
1.224
2.448
1.224
1.224
3.672
2.548
2.548
2.448
2.448
2.548
3.672
1.224
3.772
4.896
2.448
3.872
2.448
2.648
2.448
3.672
4.896
4.996
2.448
5.508
5.508
5.508
5.508
5.608
6.932
4.284
7.032
5.608
4.284
3.06
6.732
5.508
5.608
5.608
7.752
7.852
4.284
4.284
4.284
5.608
4.284
5.508
2.448
3.672
3.772
3.672
3.672
4.284
4.284
3.872
1.224
2.244
3.468
4.692
4.692
3.468
3.668
7.752
4.996
3.672
3.672
3.672
2.448
2.448
2.448
2.448
3.672
3.672
3.872
3.772
3.672
2.448
2.548
2.448
2.548
2.548
2.448
2.448
1.224
3.672
1.224
3.672
3.772
2.548
2.448
3.672
3.672
5.508
4.484
2.448
2.448
3.672
1.224
1.224
2.448
2.748
2.448
0.2
3.672
2.448
1.224
0
1.424
2.548
0
1.224
0
1.524
0
0
0
3.672
2.448
1.424
2.448
0
0
0
1.224
1.224
0
1.224
0
1.224
1.224
1.224
1.224
2.448
1.224
2.448
1.224
1.324
2.448
1.224
0
1.224
0
1.224
1.224
1.224
1.224
2.448
2.448
0
0
1.224
2.448
1.224
1.224
1.224
1.224
1.324
1.524
0
1.224
1.324
1.224
1.224
1.224
1.224
0
2.548
2.448
0
1.224
1.224
1.224
2.448
2.548
2.448
1.224
0
1.224
2.448
0
1.224
0
1.224
1.224
1.224
1.224
1.224
1.224
2.548
3.672
1.224
0.1
2.448
1.224
1.224
1.224
0
2.448
2.448
2.448
2.448
1.224
2.448
2.448
1.224
1.224
2.548
1.224
0
1.224
1.224
1.324
0
1.224
2.448
1.224
0
0
0
0
0
0.1
2.548
2.448
1.224
1.224
1.324
1.224
2.448
1.224
0
0.1
1.224
1.224
1.224
1.224
1.224
1.224
1.224
1.224
0
1.224
2.448
1.224
1.224
1.224
1.224
2.448
2.448
1.224
1.224
0
0
0.1
1.224
1.224
1.224
1.224
1.224
1.224
0
2.448
0
1.224
1.224
2.448
1.324
2.448
1.224
1.324
1.224
1.224
0
1.224
1.224
1.224
2.448
1.224
1.424
1.224
1.224
1.224
1.224
2.448
1.224
0
1.324
2.448
1.224
1.224
3.772
2.448
1.224
1.224
0
2.448
1.224
1.224
1.224
1.324
1.224
1.324
1.224
1.224
0
0.1
2.448
1.224
1.224
3.672
1.224
2.448
0
1.224
1.224
1.324
0
1.224
1.224
0
0.1
1.224
1.324
1.224
1.224
1.224
2.548
1.324
1.224
1.324
0
2.648
1.224
1.224
1.224
0
2.448
1.224
1.224
1.224
1.224
1.224
1.224
1.224
1.224
1.324
1.224
1.224
2.448
1.224
2.448
1.224
1.224
1.224
1.224
0.3
1.424
2.448
0
0
1.224
1.224
1.224
0
1.224
2.548
1.224
0
1.224
1.224
1.224
2.448
0
2.448
1.224
0
0.2
1.224
2.548
1.224
0
1.224
2.548
1.224
2.448
1.224
1.324
1.224
1.224
1.224
1.224
2.448
1.224
2.448
1.224
2.448
0
1.224
2.448
1.224
1.224
1.224
1.224
1.224
0
1.224
1.224
1.224
1.224
1.224
3.772
1.324
3.672
0.1
1.224
0.1
0
1.224
2.548
1.224
2.448
1.224
2.448
0
1.224
1.224
1.224
1.224
1.224
1.224
1.324
1.224
1.224
1.224
2.448
1.224
1.224
1.224
1.324
1.224
1.224
1.224
1.224
0
2.648
2.448
1.224
0
1.224
2.448
1.224
1.224
0
1.224
1.224
2.448
1.224
2.448
1.224
2.448
1.224
0
1.224
1.224
2.448
0
0
2.548
1.224
1.224
1.224
1.224
1.224
1.224
1.224
1.324
0
1.224
1.224
1.224
0
1.224
0
1.224
2.548
3.672
1.224
1.224
1.224
2.448
2.448
1.224
1.224
3.772
1.224
0
1.324
2.448
0
2.448
0
1.224
1.224
0
0.1
1.224
1.324
2.448
1.424
2.548
2.448
1.224
2.448
1.324
1.224
0
3.672
2.448
1.324
1.224
1.324
1.224
1.224
1.224
1.224
2.548
1.224
2.548
1.224
1.224
1.224
1.224
0
1.224
0
0
1.224
1.224
0
1.224
2.448
1.224
1.224
2.448
2.448
1.224
2.448
2.448
3.972
1.224
0
3.672
0
0
1.324
0
0
2.448
1.224
2.448
1.224
1.224
2.448
1.224
2.448
1.224
0
0
2.448
0
1.224
1.224
0.1
0
1.224
1.224
1.224
1.224
1.224
1.224
2.448
0
1.224
2.548
2.448
1.224
1.224
1.224
1.224
1.324
1.224
0
1.224
1.224
0
2.448
0
2.448
0
1.224
0
0.1
1.224
1.224
2.448
1.224
0
1.224
0
1.224
1.524
2.548
0
1.224
1.224
1.224
1.224
1.224
1.224
1.224
0
0
1.224
0
2.548
1.224
0.1
1.224
0
1.324
1.324
1.224
1.224
1.224
1.324
1.224
1.224
2.448
0
2.448
2.448
0
1.224
3.772
1.224
1.224
1.224
0
2.448
1.224
1.224
1.224
2.548
1.224
0
3.672
2.548
1.224
2.448
1.224
1.224
2.448
0
1.224
1.224
0
1.224
1.224
1.224
1.224
1.224
1.224
1.224
2.448
2.448
1.224
1.224
1.224
1.224
1.224
1.324
1.224
2.448
1.224
1.224
1.224
0
0
1.224
3.672
1.224
1.324
1.224
2.548
1.324
1.224
1.224
1.224
0
1.224
3.672
1.224
1.224
1.324
0
1.224
1.224
1.224
1.224
1.224
2.448
1.224
1.224
2.448
1.324
2.448
1.224
2.448
1.224
2.448
2.448
0
3.672
2.448
1.224
1.224
1.224
2.448
2.448
1.224
1.224
0
1.224
1.224
1.224
0
1.224
1.224
2.448
1.324
1.324
0
0
1.224
0
1.224
2.448
0
0
2.448
1.224
0
2.448
1.224
2.448
1.224
0
1.224
0
1.224
3.672
1.224
1.224
2.448
0
1.424
2.448
1.224
1.224
1.224
1.224
3.672
1.224
0
2.448
1.224
1.224
1.224
2.448
1.224
1.224
1.224
1.224
2.448
1.224
1.524
2.448
2.448
1.224
2.548
0.1
1.324
1.524
1.224
2.548
1.224
0
2.448
1.224
0
1.224
0
1.324
0
2.448
1.324
2.948
2.448
1.224
1.224
0
2.448
1.224
2.448
1.224
1.224
1.224
2.448
1.224
1.224
1.224
1.224
1.224
2.448
1.224
0
1.224
0
1.224
1.224
1.224
2.448
1.324
1.224
1.224
1.224
2.448
2.448
1.224
2.548
2.448
1.324
2.448
1.424
1.224
1.224
1.224
2.448
1.324
1.224
1.224
2.448
2.448
1.224
1.224
1.224
1.224
0
1.224
1.224
1.424
1.424
1.224
2.448
1.224
1.424
1.224
0
1.424
0
1.224
2.448
4.792
2.448
2.448
0
1.224
1.224
1.224
1.224
1.224
1.224
2.448
2.448
1.224
2.448
2.548
1.224
0
0
1.224
2.548
1.224
0
0
3.672
1.224
0
2.448
1.224
2.448
0
2.448
2.448
1.224
1.224
3.972
1.224
1.224
0
2.648
1.424
1.324
1.324
1.224
1.224
2.448
3.672
1.224
1.224
1.224
1.224
1.224
1.224
1.224
0.1
2.448
1.224
2.448
0
1.224
2.448
0
1.324
2.448
2.448
1.224
1.224
1.224
2.448
0
1.224
1.224
1.224
2.548
2.448
2.448
1.224
1.224
2.448
3.06
1.836
5.608
5.508
2.448
2.648
1.224
1.02
1.224
1.02
3.672
3.672
2.548
3.772
2.448
3.672
3.672
2.448
3.672
5.508
4.692
0
3.672
2.448
1.224
1.224
0
0.1
1.424
1.224
1.224
2.548
2.448
2.448
