0.8
2.424
8.248
7.408
2.848
0.5
1.324
2.448
0
1.224
1.524
0
0.6
3.924
3.824
1.324
0.1
2.448
2.548
3.148
0
0.4
1.224
2.448
4.06
2.848
3.148
3.348
3.772
2.448
2.448
1.224
4.7
0.3
0.4
0.7
0
0.2
0.3
1.3
0.1
4.2
0
0.2
0.5
0
0.3
0.9
0.6
0.5
0
0.1
1.2
0.1
0
1.524
0.2
0.1
0.2
1.4
4.4
0.9
0.3
5.048
0.9
0.4
0.4
0.2
0.6
3.4
1.6
1.6
0.6
0
5.5
2.824
0
1.824
0
0
2.524
0
0.1
0.1
0.1
0
0
0
1.324
5.948
0.1
1.624
0.2
0
0
0.6
0.8
0.1
2.848
2.548
0.3
1.9
1.3
0
3.06
0.1
0
2.5
0.1
0.3
0.7
0.1
0.1
0
0.1
0.8
0.2
1.624
0.1
0
10
0.2
2.648
1.5
0.5
0
0.2
0.1
0
1.2
0.8
0.3
0.1
0.1
0.9
1.4
0.1
0.4
0.5
1.6
1.424
2.948
0
0.6
0
0
0.6
0.3
0.3
0.1
0.1
0.1
0.6
0
1.6
1
0.9
0.7
2.2
0.3
0.4
0.1
0
0
0.6
0.2
1.224
0
0
10.648
0
1.3
0.1
0.4
0.1
2.624
1.936
1.836
0
0.5
0.7
0.9
1.324
1.624
1.1
2.724
1.3
0.3
0.2
1.424
2.324
0.5
0.1
1.1
0.4
0.9
0
0.3
1.224
2.424
0.6
1.224
0
0.8
4.2
0
0.1
1
1.624
1.324
1.424
0.7
4.348
0
0
7.2
0.1
4.724
0
1.936
1.02
2.644
4.824
2.648
2.548
1.924
1.224
1.324
4.548
1.224
5.072
3.672
0.2
1.836
3.36
0.3
7.924
0.4
0
0.8
1.836
2.3
2.736
1.224
0.1
3.26
3.16
3.06
1.836
10.096
1.936
2.336
2.036
1.836
3.06
1.936
1.836
2.936
4.584
2.536
4.996
1.836
3.36
3.136
3.06
1.936
5.26
3.16
2.036
3.06
1.836
2.136
1.836
3.36
4.736
1.836
3.06
2.136
2.036
1.836
5.304
3.16
4.784
5.508
5.084
1.836
2.036
2.036
2.236
2.136
1.836
4.284
1.836
3.1
1.324
0
1.224
0
0.6
0.2
2.848
0.2
0.7
2.124
1.624
0
1
0.5
2.648
0.5
3.76
0
0.2
2.448
2.548
1.424
0
0.1
1.224
0.4
0
1.824
0.7
0.8
0.6
0
0
1.324
1.424
0
7.048
2.548
1.424
4.36
3.36
0
0.1
1.224
3.4
1.324
0.1
0.2
4.9
0.4
0.9
3.236
0.3
3.86
1.9
0.1
0.2
0.2
3.6
7
2.448
2.136
0
0.1
2.448
1
0.7
1.324
0.2
0
0.1
2.544
4.18
2.244
4.18
2.544
2.244
1.32
4.28
4.18
3.668
1.12
3.744
2.244
2.244
3.044
4.468
6.468
3.468
2.856
4.692
3.044
3.868
3.344
2.544
4.38
3.768
4.692
29.864
5.304
10.264
1.22
2.036
2.324
1.224
3.772
2.748
4.784
1.224
2.324
1.624
1.224
2.548
2.448
4.26
2.548
8.048
2.524
2.848
1.324
4.172
1.824
1.724
3.772
2.648
1.524
1.324
3.972
1.924
5.672
1.424
3.56
3.772
1.424
4.86
5.284
5.808
1.724
3.36
4.36
5.184
4.572
1.324
3.224
1.824
3.972
5.508
4.472
3.772
2.748
4.172
4.384
2.448
1.224
4.46
1.824
3.872
1.224
3.772
2.524
1.324
1.324
3.548
2.448
3.36
8.408
2.224
1.324
1.324
5.36
6.108
1.224
2.024
6.124
3.624
3.672
3.524
5.224
1.324
4.684
4.872
2.524
5.172
2.448
2.324
3.948
1.424
2.448
1.224
1.524
4.172
1.324
2.448
6.408
4.872
1.324
1.324
2.448
4.984
5.284
1.624
1.224
3.672
1.524
4.148
2.548
2.448
1.924
4.86
1.224
4.384
1.324
4.484
7.784
3.672
1.224
1.224
3.448
2.648
1.224
2.548
4.684
3.772
1.624
5.708
1.224
6.324
1.224
1.224
3.06
3.672
3.348
5.56
1.224
2.448
1.224
2.648
3.848
4.348
1.324
1.424
3.548
1.224
1.524
1.624
2.024
4.672
1.324
3.972
1.624
6.108
1.424
5.584
4.872
1.424
1.224
1.224
2.948
4.784
1.524
1.324
3.16
1.224
3.648
1.524
1.424
4.572
1.724
1.224
1.224
1.824
1.224
2.724
4.56
1.824
3.672
2.448
3.048
1.224
5.608
1.624
1.224
2.648
1.224
1.224
4.424
2.324
2.448
1.324
2.448
1.424
1.424
2.448
1.524
3.872
3.76
2.848
3.872
1.224
4.66
1.424
1.224
1.424
1.724
1.524
2.448
1.224
3.872
4.272
2.448
2.448
3.872
5.372
1.824
3.672
3.672
1.324
2.548
5.06
2.648
2.548
5.16
1.424
3.06
5.924
4.572
2.448
3.872
3.16
1.824
3.26
3.672
6.208
4.984
2.948
3.06
4.484
3.46
3.46
3.36
1.424
2.448
4.684
2.548
3.26
3.16
4.072
5.084
2.448
1.224
4.06
2.448
1.324
4.86
3.772
5.284
1.224
1.224
1.324
4.26
1.724
2.448
3.148
4.684
3.672
2.948
5.048
3.26
3.648
3.16
1.324
1.324
1.224
4.484
2.648
1.224
2.448
1.224
2.548
2.648
5.484
1.224
3.672
3.748
5.684
4.048
3.16
5.608
4.448
1.224
4.384
3.872
1.224
4.272
3.26
3.048
3.648
3.06
2.448
2.748
1.224
3.86
3.672
1.924
1.224
2.448
2.548
3.76
4.072
2.848
2.548
2.124
1.424
2.224
3.86
1.324
5.608
1.224
2.848
3.772
1.224
1.524
3.772
3.048
2.748
3.672
2.748
3.248
3.76
1.324
1.224
3.26
1.224
2.448
5.608
2.648
7.848
1.424
3.86
4.584
3.672
4.484
1.224
4.284
3.96
3.972
3.248
3.26
2.724
3.748
1.324
3.148
3.772
3.16
4.06
1.224
1.324
3.56
3.948
1.324
2.648
1.324
2.448
8.848
5.548
3.448
1.624
3.148
2.848
1.224
1.224
1.224
1.224
3.772
1.724
2.648
2.924
2.948
1.224
3.672
2.448
1.224
2.448
3.972
2.748
1.224
4.384
4.484
2.848
1.324
2.448
4.584
1.224
4.672
1.224
5.172
4.148
1.724
4.484
3.772
3.348
3.36
2.448
1.224
3.748
5.448
4.172
1.224
4.284
1.624
1.324
1.224
3.048
1.224
6.208
2.848
1.224
2.848
4.284
5.608
2.648
3.772
2.548
1.624
2.448
1.924
3.772
2.948
5.608
3.16
2.448
2.648
1.324
1.224
1.324
3.972
1.224
1.324
4.36
4.284
2.548
4.484
2.648
1.324
2.548
1.224
3.16
1.524
3.672
2.948
2.448
1.324
2.848
2.548
1.224
3.672
1.224
2.448
4.248
2.648
3.06
2.548
3.748
1.324
1.824
1.224
1.424
1.824
1.924
3.872
3.124
2.424
1.224
4.348
1.324
2.448
2.448
3.872
2.948
4.584
1.324
7.184
6.06
3.16
1.524
4.284
3.772
3.16
1.624
2.448
1.524
3.26
2.648
2.124
3.772
3.16
3.548
3.672
2.224
3.16
3.872
2.448
2.548
1.324
1.724
1.224
1.324
3.36
2.548
1.224
2.024
6.572
3.56
1.524
1.224
3.448
4.284
1.224
1.224
1.924
3.772
1.924
3.548
1.224
2.748
1.424
3.672
7.808
8.808
1.924
2.448
5.708
2.548
1.724
2.448
5.748
2.448
6.572
3.248
2.224
1.824
5.708
2.448
5.872
3.148
4.992
4.892
1.524
1.224
1.224
4.684
1.424
2.848
1.224
6.92
7.32
6.12
4.684
6.984
4.484
5.184
1.224
2.244
2.344
5.604
5.092
6.304
4.144
7.228
4.472
2.648
6.072
3.772
2.448
3.46
1.424
3.56
5.508
4.572
4.672
2.548
2.724
1.724
1.324
1.724
1.524
3.348
1.324
3.06
1.224
2.848
1.224
2.848
3.648
1.824
1.424
2.848
2.448
4.448
1.824
4.896
4.996
3.848
4.96
1.224
1.824
4.824
2.824
2.936
1.424
2.448
0
0.2
1.5
3.46
0.1
0
1.836
5.124
0
2.3
0
3.16
3.06
2.5
1.224
2
0.2
0.2
0.4
0.1
1.3
0.2
0
0
0.2
0
0.1
2.648
0
7.348
0.2
0.8
0.2
0.1
0
0.5
0
1.224
1.224
0.1
0
1.424
3.048
0.9
2.736
0.2
1.224
1.724
1.224
0.1
0.2
0.4
7.9
0.5
0.2
0.2
0.1
4.424
1.824
1.524
0.1
2.5
0.4
0.4
3.26
0
1.936
1.224
1.4
0.5
1.7
0.2
0.3
1.224
0
0.4
0.7
1.524
0.3
1.2
0.2
1
1.424
0.6
1.424
0.1
0.6
2.124
0.5
0.2
1.324
0.4
1.724
0.4
0.8
2.548
0.1
0.1
1.524
0
3.3
1.424
0.4
0
0.5
3.36
2.1
0.3
0
1.324
0.4
0.3
0
0.2
0
0.2
1.2
0.4
0
0.2
1.224
2.4
0.1
0
0.1
0.1
0
0.7
1.2
0.3
0
1.4
0.7
0.1
0.5
0.6
0.2
0.6
0.3
0
1.224
0.2
2.024
1.424
0.3
0.5
0.4
0
0.2
0.2
0
0.1
1.424
0
1.1
0.2
0
0.2
0.5
0.4
2.848
0.5
0.1
0.8
2.1
1.1
0
2.8
0
0
0.3
1.2
0.5
2.124
0
4.924
0.7
1.224
2.548
1.824
1.936
1.1
2.624
0.1
0
1.224
1.324
0.6
0.5
0.1
0.1
0
0
0.3
3.224
0
1.4
1.224
0.3
0.2
0.4
0.7
0.5
1.4
2.024
0.2
0.1
6.6
0
0.2
0.3
0.1
0.8
0
0.1
0.5
0.3
0.8
0.1
0
0
0.3
0.2
0.4
2.8
0
2.324
2.024
0
0
0.7
0.1
0
0
0
0.4
1.324
0
0.1
0.3
1
0.8
0.9
0.7
0.9
0.6
2.224
1.224
1.524
0
5.7
3.524
1.224
0
1
1.424
0
0.1
0.4
0.8
2.424
0.1
0.2
0.2
0.4
0.6
0.3
0
0.2
0
1.5
2.8
1.224
0.2
0.1
0.1
0.3
1.2
0.1
1.224
0.1
0.3
0.7
0.1
0.2
1
0.2
0.8
0.1
0.2
0.1
0
0
1.824
1.324
0.1
0.1
0.3
2.424
0.1
0.2
0
1.1
0
0
3.924
2.424
1.524
0.7
0.1
1.5
0
0
3
1.424
1.424
0.1
1.324
0.2
0.4
0
0.4
0.3
0.2
0
0.5
0.3
0
0.7
2.448
0
0
0
0.6
2
0.4
0
0
0
1
0.3
0.1
1.4
0.1
0.1
1.824
0.7
0.8
1.224
0.3
0.1
0.6
1.324
2.024
0.6
0.5
0
1.424
1.724
1.324
0.1
0
2.224
0
0.7
0.1
0.5
1.224
0.2
0.1
0.3
0.2
0.4
0.1
1.4
0.1
0
0
0.3
1.624
2.548
0
0
0
1.424
0
0
0.4
2.324
1.324
0.2
0.7
0.2
0.3
0.1
0.3
1.224
0.5
0.4
2.236
1.224
0.5
1.524
1.2
0.5
0.5
0
0.3
1.936
1.1
0
1.924
1.724
0.3
0
1.6
0.8
2.6
1.224
0.1
1.624
0
2.724
0
0
0.5
0
0.2
0
0
0.2
1.624
0.1
0
0.1
0.1
0.4
0
0.1
0.1
0
1.624
0.8
6.624
1.6
0.8
2.324
0
0.2
0.5
0.6
0.5
1.524
0.1
1.524
1.224
0.9
0.2
1.724
0
1.324
1.9
0.1
0
1.4
0.2
0.3
1.8
0.7
0.3
0.9
0.4
0.2
0
0
1.3
0
0.1
2.124
0.5
0.3
1.424
0.1
0
1.7
0.4
0.1
0.3
0.1
0.1
0
0
0
0
0.3
1.5
1.5
0
0.1
1.624
0
0.1
0.1
0.2
0.1
2.3
0.2
0.1
0.1
0.2
0.1
0.1
0
0
0.4
0.3
0.1
1.324
0
1.324
0
4.1
0.1
0
1.2
2.924
0
0
0.6
0.2
0.4
0
1.324
2.136
1.324
1.224
0.1
0.4
4.224
0
0
0
0
1.324
0.2
0.1
0.6
1.524
0
0.1
1.224
1.6
0.9
2.448
0.1
0
1.924
0
0.1
1.324
0.1
0.2
0
0.4
0.6
0
1
3.7
1.724
0.4
1.524
0
0
0.1
1.424
0.1
0
0.1
1.424
0.1
2.524
0
1
0.7
1.324
0
1.3
0.3
1.724
0.2
0.1
1.224
0
0.1
0.6
2.024
0.3
0.3
0
0
0.1
0.5
0.3
1.6
0.1
1.224
0.2
0.9
0.5
1.8
1.5
0.4
0.3
0.6
1.324
0
0
1.824
2.548
1.224
0
0
1.324
1.224
0
0.7
0.1
1.224
0
0
0
0
0.1
1.924
0.5
4
0.1
0.8
1.724
0.5
3.4
1.324
0
0
4.024
0.1
2.236
1.424
0.5
0.3
0.5
0.7
0
0.2
1.624
2.324
1.6
2.124
3.348
0.2
2.1
1.424
0.1
0.2
1.224
0.6
1.924
0.2
0.4
1.824
1.324
1.224
0.3
0.1
0.4
0.1
0.8
1
0
0
8.524
0.4
0.3
0.1
2.448
1
5.324
4.024
0
1.2
0
0
2.324
0.4
0.9
0.8
0.5
3.036
0.6
0.3
1.1
5.624
0.1
0.2
0
0.1
0.7
0
0.8
0
0.1
0
2.224
0.2
0.6
0
0.2
1
2.124
0.3
0.2
0.1
1.3
0.6
0
0
3
1.2
0
0.1
0
0
0.7
0.3
1.4
0.1
0.2
0.7
2.4
0
0
0.3
0.7
1.7
1.424
0.2
1.3
3.424
1.224
0.3
0.2
1.4
0.2
0.1
0.1
2.9
1
0.3
0.5
1.1
0.5
1.5
0.1
1.4
0
1
3.26
3.344
3.06
1.324
0
0
1.224
1.1
1.224
0.2
0.2
2.848
3.124
0.1
0
2.124
2.3
0
5.9
2.124
0.2
0
1.836
1.836
5.508
0.2
0.3
3.348
2.336
3.048
0
2.648
2.136
1.324
0
14.072
1.724
0
1.836
3.724
4.236
5.4
2.1
0
4.8
2.624
2.648
0.3
0
1.836
3.06
3.76
1.224
0.1
0.4
2.548
0.5
2.448
2.136
1.324
1.524
0.9
2.424
1.224
3.348
2.536
1.324
1.624
2.648
0.3
0
1.424
0.1
4.548
1.324
1.324
0
1.224
1.324
0
2.136
9.82
2.548
2.336
3.036
2.036
1.02
0
3.156
2.848
2.648
1.824
5.284
1.924
2.948
2.848
1.724
2.548
3.672
4.368
0.2
2.448
4.284
0.4
0
0
0.8
6.4
0.5
0.1
3.224
5.948
2.524
