0.2
1.424
3.848
6.008
2.548
0
1.224
2.448
0.1
1.224
1.224
0
0.1
1.724
1.824
1.224
0
2.448
2.448
2.548
0
0.1
1.224
2.448
3.16
2.448
2.648
2.548
3.672
2.448
2.548
1.224
1.3
0
0
0.2
0
0
0.1
0.5
0.1
0.8
0
0
0
0
0
0.2
0.3
0.1
0
0
0.6
0
0.1
1.224
0
0.1
0
0.3
0.7
0.3
0
2.948
0.3
0
0
0
0.1
0.7
0.5
0.1
0.1
0.1
1
1.524
0
1.324
0
0
1.724
0
0
0
0
0
0
0
1.224
2.648
0
1.324
0
0
0
0.3
0.2
0
2.448
2.448
0
0.4
0.4
0
3.06
0.1
0
0.7
0.2
0.1
0
0
0
0
0
0.2
0.1
1.224
0
0
1.2
0
2.448
0.3
0.2
0
0
0.1
0
0.8
0.1
0
0.2
0
0.2
0.1
0
0.3
0
0.2
1.224
2.448
0
0.1
0
0
0
0.2
0
0
0
0.1
0
0
0.5
0.1
0.2
0.4
0.7
0
0.1
0
0
0
0
0
1.324
0
0
3.948
0.1
0.1
0
0
0
1.524
1.936
1.836
0
0.3
0.2
0.2
1.224
1.324
0.2
1.524
0.2
0
0
1.224
1.324
0
0.1
0.1
0.1
0.1
0
0
1.324
1.424
0.3
1.224
0
0.1
0.7
0
0
0.3
1.224
1.224
1.224
0.1
2.848
0
0
1.7
0
2.124
0
1.836
1.02
2.244
1.824
2.448
2.548
1.424
1.224
1.224
2.748
1.224
4.172
3.672
0.2
1.836
3.06
0
2.024
0.1
0
0.3
1.836
0.6
2.036
1.224
0
3.16
3.06
3.06
1.836
5.396
1.836
1.936
1.836
1.836
3.06
1.836
1.936
2.036
4.284
1.936
4.896
1.836
3.06
2.136
3.06
1.836
3.56
3.06
1.936
3.06
1.836
1.836
1.836
3.06
2.336
1.836
3.06
1.836
1.836
1.836
5.304
3.06
4.284
5.508
4.384
1.936
1.836
1.836
1.936
1.836
1.836
4.284
1.836
0.6
1.324
0
1.224
0
0
0
2.548
0
0.2
1.324
1.324
0
0.3
0.4
2.448
0.1
3.36
0
0
2.448
2.448
1.324
0
0
1.224
0
0
1.324
0
0.1
0.4
0
0
1.224
1.224
0
3.448
2.448
1.224
3.26
3.06
0
0
1.224
0.7
1.224
0
0
0.7
0
0.1
2.136
0.3
3.06
0.4
0.1
0.4
0
0.7
1.4
2.548
1.836
0
0
2.448
0.5
0.1
1.224
0
0
0
2.244
4.08
2.244
4.18
2.244
2.244
1.02
4.08
4.08
3.468
1.02
2.444
2.244
2.244
2.344
3.568
3.968
3.468
2.856
4.692
2.444
3.568
2.544
2.244
4.08
3.568
4.692
10.264
5.304
12.664
1.02
1.836
1.424
1.224
3.672
2.548
4.284
1.224
1.324
1.224
1.224
2.448
2.448
3.16
2.448
3.048
1.824
2.548
1.224
3.872
1.324
1.324
3.672
2.448
1.224
1.224
4.072
1.424
4.272
1.224
3.16
3.672
1.224
3.36
4.684
5.608
1.424
3.06
3.26
4.284
3.872
1.224
1.724
1.224
3.672
5.508
3.972
3.672
2.448
3.872
4.284
2.448
1.224
3.46
1.224
3.672
1.224
3.672
1.524
1.224
1.224
2.748
2.448
3.16
6.108
1.224
1.224
1.224
3.56
5.808
1.224
1.224
2.224
1.724
3.672
1.624
2.124
1.224
4.384
3.872
1.424
3.772
2.448
1.324
2.748
1.224
2.448
1.224
1.224
3.672
1.224
2.448
5.608
3.772
1.224
1.224
2.448
4.284
4.484
1.324
1.224
3.672
1.224
2.648
2.448
2.548
1.524
3.46
1.224
4.284
1.324
4.484
5.184
3.672
1.224
1.224
2.448
2.548
1.224
2.448
4.484
3.672
1.424
5.608
1.224
2.024
1.224
1.224
3.06
3.672
2.748
3.56
1.224
2.448
1.224
2.448
2.648
2.748
1.224
1.224
2.748
1.224
1.424
1.224
1.324
4.172
1.324
3.772
1.424
5.608
1.224
4.684
4.172
1.324
1.224
1.224
2.648
4.484
1.424
1.224
3.16
1.224
2.548
1.324
1.224
3.972
1.324
1.224
1.224
1.324
1.224
1.424
3.26
1.324
3.672
2.448
2.448
1.224
5.508
1.224
1.224
2.548
1.224
1.324
1.524
1.324
2.448
1.224
2.448
1.224
1.324
2.448
1.224
3.672
3.16
2.548
3.672
1.224
3.56
1.224
1.224
1.224
1.424
1.224
2.448
1.224
3.672
3.772
2.448
2.448
3.772
4.072
1.224
3.672
3.672
1.324
2.548
3.66
2.448
2.548
3.56
1.324
3.06
2.324
3.872
2.448
3.872
3.26
1.524
3.16
3.672
5.808
4.384
2.748
3.16
4.384
3.36
3.16
3.16
1.224
2.448
4.284
2.448
3.06
3.06
3.672
4.784
2.448
1.224
3.26
2.448
1.224
3.46
3.672
4.384
1.224
1.224
1.224
3.26
1.224
2.448
2.548
4.384
3.672
2.448
2.548
3.26
2.548
3.06
1.424
1.224
1.224
4.284
2.548
1.224
2.448
1.224
2.548
2.548
4.284
1.224
3.672
2.748
4.484
2.548
3.06
5.508
2.948
1.224
4.284
3.672
1.224
3.672
3.06
2.748
2.548
3.06
2.448
2.448
1.224
3.16
3.672
1.324
1.224
2.448
2.448
3.16
3.672
2.448
2.448
1.424
1.224
1.424
3.06
1.224
5.608
1.224
2.448
3.672
1.224
1.224
3.672
2.448
2.548
3.672
2.448
2.448
3.26
1.224
1.224
3.16
1.224
2.448
5.508
2.448
3.648
1.224
3.16
4.484
3.672
4.484
1.224
4.384
3.46
3.672
2.448
3.06
1.524
2.448
1.224
2.448
3.672
3.06
3.26
1.224
1.224
3.36
2.848
1.224
2.448
1.224
2.448
3.748
3.148
2.548
1.224
2.548
2.448
1.224
1.224
1.224
1.224
3.672
1.724
2.548
1.424
2.448
1.224
3.672
2.448
1.224
2.448
3.672
2.548
1.224
4.284
4.284
2.448
1.524
2.448
4.484
1.224
4.072
1.224
3.972
2.548
1.324
4.484
3.672
2.748
3.06
2.448
1.324
2.648
2.948
3.772
1.224
4.284
1.224
1.224
1.224
2.448
1.224
5.608
2.548
1.224
2.648
4.284
5.608
2.448
3.672
2.448
1.324
2.448
1.324
3.772
3.048
5.508
3.16
2.448
2.548
1.224
1.224
1.224
3.672
1.224
1.224
3.26
4.284
2.448
4.384
2.448
1.224
2.448
1.224
3.06
1.224
3.672
2.548
2.648
1.224
2.448
2.448
1.224
3.672
1.224
2.448
2.548
2.548
3.06
2.448
2.648
1.224
1.324
1.224
1.224
1.324
1.524
3.672
1.624
1.224
1.224
3.048
1.224
2.648
2.548
3.672
2.648
4.284
1.224
4.684
3.46
3.16
1.224
4.384
3.672
3.06
1.324
2.548
1.224
3.26
2.548
1.224
3.872
3.06
2.648
3.672
1.324
3.06
3.672
2.548
2.448
1.324
1.224
1.224
1.224
3.06
2.448
1.224
1.324
3.972
3.46
1.224
1.224
2.448
4.284
1.224
1.224
1.524
3.672
1.224
2.548
1.224
2.548
1.224
3.672
5.908
6.608
1.224
2.448
5.508
2.448
1.324
2.448
3.048
2.448
4.172
2.448
1.424
1.624
5.708
2.448
4.072
2.548
4.692
4.692
1.324
1.224
1.224
4.384
1.324
2.648
1.224
6.22
6.52
6.12
4.284
4.784
4.384
4.384
1.224
2.244
2.244
5.504
4.792
5.304
3.044
6.628
3.872
2.448
3.772
3.772
2.448
3.06
1.224
3.06
5.508
3.972
3.772
2.548
1.324
1.224
1.324
1.524
1.424
2.548
1.224
3.06
1.224
2.448
1.224
2.448
2.548
1.424
1.224
2.548
2.548
2.548
1.324
4.896
4.896
2.648
3.36
1.224
1.324
2.124
1.624
2.136
1.224
2.448
0
0
0.7
3.56
0
0
1.836
1.824
0
0.4
0.1
3.06
3.06
0.2
1.224
0.4
0
0
0
0.1
0.2
0
0
0
0.1
0
0
2.448
0
3.048
0
0.5
0.1
0
0
0.1
0
1.324
1.224
0
0
1.324
2.448
0
2.136
0
1.224
1.324
1.224
0
0
0.2
1.3
0.1
0
0.1
0
2.324
1.324
1.224
0
0.3
0
0.1
3.06
0
1.836
1.224
0.2
0
0.4
0
0
1.224
0
0.1
0.2
1.224
0.1
0.3
0.1
0
1.424
0
1.224
0
0.1
1.324
0
0
1.224
0.2
1.324
0.1
0.2
2.448
0
0
1.224
0
0.7
1.324
0
0
0
3.06
0.3
0.2
0
1.224
0
0.1
0
0
0
0.1
0.3
0.2
0
0
1.224
0.4
0
0
0.1
0
0.1
0.1
0.2
0
0
0.4
0.1
0
0
0.2
0
0.1
0.1
0
1.224
0.2
1.524
1.224
0
0.2
0
0
0.1
0
0
0
1.224
0
0.3
0
0
0
0
0.1
2.548
0.1
0
0.1
0.7
0.1
0
0.5
0
0
0
0.4
0
1.324
0
1.724
0.4
1.324
2.448
1.224
1.936
0.3
1.224
0.1
0
1.224
1.224
0.1
0.1
0
0
0
0
0.1
1.924
0
0.2
1.224
0
0
0
0.3
0.2
0.4
1.424
0
0
1.3
0
0
0
0
0.1
0
0
0.1
0
0.2
0
0
0
0.1
0
0
0.4
0
1.324
1.324
0
0
0.1
0
0
0
0
0
1.324
0
0
0
0.3
0.3
0.2
0
0.3
0
1.224
1.224
1.224
0
1.2
1.624
1.224
0
0.2
1.224
0
0
0.1
0.1
1.424
0
0
0
0
0.1
0
0
0.1
0
0.2
0.8
1.224
0.1
0
0
0
0.2
0
1.224
0.1
0
0.1
0
0
0.2
0
0.3
0
0
0
0.1
0
1.324
1.324
0.1
0
0
1.224
0
0
0
0.4
0
0
1.524
1.424
1.224
0.2
0
0.4
0
0
0.3
1.224
1.224
0
1.224
0
0
0
0.2
0
0.1
0
0.2
0
0
0
2.448
0
0
0
0.1
0.4
0.1
0.1
0
0
0.2
0.1
0.1
0.1
0.1
0
1.224
0.1
0.1
1.324
0
0.1
0
1.424
1.324
0
0
0
1.324
1.324
1.324
0
0
1.224
0
0.1
0.1
0
1.224
0
0
0.1
0
0.1
0
0.1
0
0
0
0.1
1.324
2.448
0.1
0
0
1.224
0
0
0
1.324
1.324
0
0
0.2
0
0.1
0.1
1.224
0.5
0.1
2.036
1.224
0.2
1.224
0.1
0.3
0.3
0
0.1
1.936
0.7
0
1.324
1.324
0
0
0.6
0.3
0.7
1.424
0
1.324
0
1.324
0.1
0
0.1
0
0
0
0
0
1.224
0
0
0
0
0
0
0
0
0
1.324
0.1
2.224
0.1
0
1.524
0
0
0
0.1
0.1
1.324
0.1
1.224
1.224
0
0
1.324
0
1.224
0.5
0
0.1
0.3
0.1
0
0.2
0.3
0
0.3
0
0.1
0
0
0.2
0
0
1.224
0.1
0
1.324
0.1
0
0.2
0
0
0
0
0.1
0
0
0
0
0
0.1
0.4
0.1
0
1.524
0
0
0.1
0
0
0.4
0
0
0
0.1
0
0
0
0
0
0
0
1.224
0
1.224
0
1
0
0
0.3
1.924
0
0
0.1
0
0.1
0
1.224
1.936
1.224
1.224
0
0.2
2.024
0
0.2
0
0
1.224
0
0
0
1.224
0
0
1.224
0.4
0.1
2.448
0
0.1
1.224
0
0
1.224
0
0
0
0.2
0
0
0.3
0.7
1.424
0.2
1.224
0
0
0
1.224
0
0
0
1.224
0
1.424
0
0.4
0.2
1.224
0
0.6
0
1.324
0.2
0
1.224
0
0.1
0.1
1.324
0
0
0
0
0.2
0
0.2
0.4
0
1.224
0.1
0.2
0
0.5
0.3
0.1
0.1
0.1
1.224
0
0
1.224
2.448
1.324
0.1
0.1
1.224
1.224
0
0
0
1.224
0
0
0
0
0
1.224
0.1
0.7
0.1
0.1
1.224
0.2
0.6
1.224
0
0
2.324
0
2.136
1.224
0
0
0.3
0
0.1
0
1.324
1.524
0.3
1.424
2.548
0
0.4
1.224
0.1
0
1.224
0.1
1.424
0
0.2
1.224
1.224
1.224
0
0
0
0.1
0.1
0.2
0
0
2.624
0
0
0
2.548
0.1
2.424
1.724
0
0.1
0
0
1.424
0.2
0.2
0.4
0
2.136
0.1
0
0.1
2.324
0
0.2
0
0
0
0
0.3
0
0
0
1.424
0.2
0.2
0
0
0
1.524
0
0.1
0
0.4
0.1
0
0
0.3
0.1
0
0.2
0
0
0
0.1
0
0.1
0.2
0.2
0.5
0
0.1
0
0
0.3
1.224
0.2
0.3
1.724
1.224
0
0.1
0.3
0
0
0
0.4
0.1
0.1
0
0.3
0.2
0.3
0
0.4
0
0.2
3.06
2.744
3.06
1.324
0
0
1.224
0.3
1.224
0.1
0
2.548
1.524
0
0
1.524
0.5
0
0.8
1.424
0
0
1.836
1.836
5.508
0
0
2.548
2.036
2.448
0
2.448
2.236
1.224
0
5.372
1.224
0
1.836
1.524
2.536
1.1
0.3
0
1
1.524
2.448
0
0.1
1.836
3.16
3.86
1.224
0
0
2.448
0.3
2.448
1.836
1.224
1.224
0.1
1.324
1.224
2.748
2.136
1.224
1.224
2.448
0.1
0
1.324
0
2.748
1.324
1.224
0.1
1.224
1.224
0
1.936
6.72
2.448
2.036
2.236
1.836
1.02
0
2.956
2.448
2.448
1.424
4.384
1.224
2.748
2.448
1.324
2.448
3.672
3.668
0
2.448
4.284
0
0
0
0.2
1.2
0
0
1.724
2.948
1.624
