1.424
0.2
1.724
1.424
1.224
0.1
0
0
1.224
0
1.324
0.1
0.2
0
0.3
0
0.1
0
0
0.2
1.224
1.224
0
0
1.324
0
0.1
2.448
2.448
2.448
0
1.424
2.024
1.224
0.1
1.224
1.324
1.324
0.1
1.724
1.224
0.4
0
0.1
0.1
0
0.2
0.1
1.324
2.548
0
0.1
2.648
0
0.1
0.1
1.224
0
1.324
0.5
0.6
0.1
0
0.2
0
1.224
0.1
0.1
0
0.6
1.324
1.424
1.324
1.324
0.6
1.724
0
0.2
0
1.224
0.8
0.1
0.2
0
0
0
0
0
0
0.5
1.224
0.1
0
0
0
1.424
1.524
1.224
0
0
0.1
0.3
0.1
1.224
0
1.224
1.224
2.62
0
1.224
1.424
0
1.224
0.2
0
0
1.424
0
1.224
1.324
1
0
0
1.924
0.1
1.224
1.224
0
0
0.3
1.324
0
0.2
0
0
2.32
0
0
0.1
0.7
1.424
0
0
0
0
0
0.3
0.2
1.324
0
0
1.324
1.324
1.224
1.424
1.424
0
1.92
1.624
0.1
1.424
0
1.224
0
0
0
0.1
1.224
0.1
0.4
1.224
1.324
0
1.324
0
0.2
0
0
1.324
1.524
1.524
0.6
0
0
0
0.1
0.5
0.1
0.1
0
0.1
1.424
1.424
0.5
0
0
0
1.324
2.448
0.4
1.624
0
0
1.724
2.724
0
1.324
1.424
0
1.224
0
2.944
0.2
0
1.224
1.1
2.344
0.5
0
1.324
0
0.2
1.324
1.224
1.224
1.324
1.224
1.224
1.324
2.448
1.324
1.224
0.1
0
0.2
0.1
1.2
0.1
1.224
0.1
0
0.6
0.4
1.224
0
0
0
0
0
0.7
2.244
0.1
1.224
0
0
0
0
0.2
0
0.1
1.324
1.224
1.224
0.3
0
1.224
0.3
0
2.448
1.224
1.224
1.324
2.548
0
0.2
2.244
0
0
1.224
1.224
1.224
1.224
1.324
1.224
1.224
1.224
0
0
1.224
1.524
1.224
1.224
0
0.5
0
0
0
0
0.3
1.224
0
1.224
0.4
0.2
0.2
0
0.3
1.424
0
1.224
0.3
0
0
0
0
0.1
1.224
0
0
0
1.224
0.1
1.424
0.2
0
1.224
0
0
0
0
0.2
0.1
0
0
0
0
0
0
1.924
1.224
0
1.224
0.4
0
1.324
0.1
1.224
0
0.3
1.224
1.224
1.424
0.6
0.8
0
0
1.224
0.1
0
1.424
1.224
0
1.224
1.224
0
0
0.1
1.224
0
0
0
0
1.324
0
0
0.1
0.2
0
0
0
0
0.2
1.224
0
1.224
2.544
1.424
2.548
3.768
1.324
1.224
2.448
2.324
1.224
1.424
0.1
1.02
8.592
2.448
1.224
1.224
1.224
2.448
1.324
1.224
3.672
1.224
1.224
2.548
1.224
1.624
1.424
2.448
2.448
2.448
1.224
4.068
1.224
1.224
1.224
2.448
1.224
1.424
1.624
2.448
2.548
1.224
2.648
2.548
1.424
1.324
2.548
1.224
1.424
2.748
1.424
3.668
2.548
1.224
2.548
1.224
1.224
1.224
2.448
1.224
1.324
1.224
1.324
2.548
1.324
1.224
1.224
1.224
1.424
1.224
4.692
2.648
1.224
1.424
1.424
1.224
1.224
1.224
1.324
1.224
1.224
2.644
2.224
1.324
1.224
1.324
2.848
1.224
2.548
1.324
1.424
1.324
1.224
1.524
1.824
1.324
1.224
2.448
3.044
1.224
1.224
1.224
2.548
1.424
1.224
2.448
1.224
1.224
1.324
2.648
3.468
1.224
2.448
2.748
1.324
1.224
1.324
1.624
2.448
1.224
1.324
1.324
1.924
1.224
2.448
2.448
1.424
1.224
1.224
1.224
1.324
1.224
2.448
1.324
1.224
1.724
1.224
2.448
2.448
1.224
2.548
1.324
1.224
2.448
2.448
1.224
1.324
1.324
2.548
1.224
1.224
2.448
2.548
1.224
2.648
1.324
1.224
1.324
3.772
1.224
1.224
1.224
1.224
2.448
2.448
4.692
1.424
1.424
1.424
2.548
1.424
1.224
1.724
1.324
2.344
1.224
2.448
1.224
1.224
1.624
2.448
3.872
1.424
3.872
2.448
1.224
1.224
1.224
1.224
1.324
2.448
1.224
2.448
1.224
2.748
1.224
1.224
1.224
1.224
1.324
1.324
1.224
2.548
1.324
1.224
1.224
1.324
1.224
2.848
1.224
2.448
1.224
1.324
3.468
1.224
2.448
1.224
2.448
1.224
1.324
1.224
1.324
1.324
1.224
1.224
2.448
1.224
2.648
1.324
1.224
2.948
1.224
2.244
2.948
1.224
2.448
1.224
1.224
2.544
1.224
1.224
1.224
2.648
2.548
1.224
1.324
1.324
3.772
1.424
1.324
2.448
1.224
1.224
1.224
2.448
1.224
2.448
2.448
1.224
1.424
2.548
2.548
1.724
1.224
1.224
1.224
2.448
2.648
1.524
2.448
2.448
2.548
2.448
1.224
1.224
1.824
1.224
3.972
1.224
2.448
1.224
1.224
1.324
2.448
2.448
1.224
2.448
1.324
1.224
1.324
1.224
1.224
1.224
2.748
1.224
2.448
2.448
1.324
2.448
2.448
1.224
2.548
1.524
1.224
1.224
1.224
1.324
1.224
1.224
1.224
1.424
1.224
1.424
2.448
1.224
2.548
2.448
1.224
1.224
1.224
2.648
2.244
1.424
1.524
2.448
1.224
2.448
1.224
1.224
1.224
2.448
1.224
1.424
1.424
1.224
1.224
1.324
1.224
1.224
3.468
2.448
1.224
2.448
1.224
1.224
1.524
1.224
2.444
2.548
1.224
1.224
1.324
1.224
1.624
1.224
2.448
2.548
1.324
1.324
1.224
1.524
1.224
1.224
2.648
1.224
2.448
2.548
1.324
1.224
1.324
1.224
1.224
1.824
2.848
1.424
1.324
1.424
2.448
1.224
2.448
1.224
2.448
1.224
2.548
1.224
1.524
2.648
2.448
1.224
1.224
2.448
1.224
2.548
1.324
2.244
2.448
2.448
1.224
2.448
1.224
1.324
1.224
2.648
2.448
1.524
1.324
2.648
2.448
1.224
1.224
1.324
2.448
2.448
1.324
1.624
1.224
2.448
1.224
1.424
1.224
1.224
1.424
2.448
1.224
1.324
2.448
1.424
1.224
1.224
2.448
1.224
1.224
1.224
1.224
2.548
1.224
1.324
1.324
2.548
1.224
1.224
1.224
2.448
2.448
2.448
1.224
1.224
1.224
1.324
2.548
1.224
1.224
2.448
1.224
2.448
1.324
1.224
1.224
1.224
1.224
1.224
1.224
1.224
3.468
1.224
1.324
1.224
1.724
1.224
1.224
3.672
1.724
1.224
1.324
1.224
2.548
3.872
1.424
1.324
1.424
2.648
4.692
1.524
1.224
2.548
1.224
2.448
1.324
1.224
1.224
2.548
3.148
3.672
2.244
1.324
1.224
2.448
1.224
1.224
1.224
3.672
1.224
2.548
1.224
2.448
2.548
1.224
2.648
1.224
1.224
1.224
1.224
1.224
1.224
4.692
4.692
1.424
1.224
1.224
1.224
1.324
1.324
1.224
2.448
1.224
1.224
2.448
1.224
2.448
1.224
2.548
1.424
3.468
1.324
2.548
1.224
1.524
1.824
1.224
2.448
1.324
1.224
3.972
1.324
2.948
1.224
1.424
1.324
2.748
1.324
1.324
1.224
1.424
1.224
1.224
1.224
2.548
2.448
2.448
2.548
2.548
1.224
1.224
2.548
2.548
2.448
1.324
1.524
1.224
1.224
1.224
2.344
2.448
2.448
1.224
1.624
2.948
1.224
1.224
1.224
1.324
1.224
1.224
1.224
2.448
1.224
1.224
1.324
1.224
1.324
2.648
2.448
2.448
2.448
2.548
1.224
2.448
2.448
1.224
2.648
1.224
2.448
2.648
2.548
2.648
2.448
1.424
2.748
1.324
3.672
3.672
2.448
0.6
0
0
0.5
0
1.724
2.448
0
1.224
0
0.3
0
0
1.224
1.02
0.6
2.244
0.3
1.12
1.224
2.244
1.1
0
0.3
0
0
0.1
1.224
0.1
0.2
0
1.224
0.1
2.548
2.448
0
1.224
0.4
0.1
1.324
1.224
1.224
0
0.2
0
0.1
0
0
0
1.224
0.3
0.1
0.2
0
1.224
0
0
0
0
0
1.4
0.1
0
1.224
0.1
0.4
1.224
0
0
1.624
1.224
0
0
2.244
0
0
1.924
1.224
1.424
0.1
1.224
1.224
0.1
1.324
0.3
0
0.1
1.524
0.1
0.1
0.1
1.424
2.448
0
0.1
0.2
0
0
0
0
0.1
1.224
1.524
0
0
1.324
1.424
1.224
0.8
0.1
0.1
0
0
0
0.5
0
0
0
1.224
0.1
0
0.1
0
0
0.2
1.524
2.548
0.1
0
0.3
0
1.224
0
0
0.1
0.1
1.624
0.1
0
0.3
0
0.1
0
0.2
0
1.424
1.324
0
0
1.224
1.524
1.324
0.2
1.324
0
0
0
0
1.224
0.1
0
0
1.524
0
1.224
0
1.324
0
0.2
0.2
1.224
0.2
0.3
1.424
0
0.1
1.224
1.224
0.1
1.424
0.2
0.1
0.1
0.9
1.324
0.1
0
0
0.1
1.324
1.224
0.1
0
1.224
1.224
0
0.2
0.1
2.448
0
1.224
0
0.1
0
1.724
0
0.1
0
0.1
1.524
1.424
0
1.324
0
1.424
0.4
0.1
1.224
1.324
0
0.2
0
0
0.1
1.524
1.524
1.224
1.224
0
1.324
0.1
0.1
0.5
0
0.5
0
0
0
0.1
1.224
0
1.224
1.224
0.1
0.1
0
0.2
0.2
0
0.1
1.524
1.524
1.324
1.324
0.3
0
0
0.2
0.3
0.5
1.224
0
0.1
0.1
0.1
0.1
0.1
0.1
0.1
1.224
0
1.224
1.324
1.424
1.324
0
1.224
1.224
0.4
0.2
0
1.424
1.224
0
0
1.524
0
0
0.1
1.224
0
0.1
0.2
0.1
1.324
0.4
1.424
0.1
1.324
0.2
0
1.324
0.1
0
0
0.2
0.1
0
1.424
1.224
1.624
1.224
1.224
1.724
0.3
2.448
0.4
0.1
0
0
0
1.824
0
1.224
1.224
0
0
0
1.224
1.324
1.224
0.2
1.224
0
1.224
0
1.224
0.1
0
0
0
0.1
1.924
0.1
1.324
1.224
0
1.524
1.324
0
0.2
0
1.224
0
1.424
0.2
0.1
1.224
1.224
0.1
1.224
0
1.324
1.624
0
0.1
0
1.224
0
0
0.1
0
0.1
0.1
1.224
0
0.2
0
0
0.1
1.424
0
1.624
0
0
0
0.1
1.324
0
1.224
0
0.1
0
1.224
0
1.424
1.424
0
0
0
1.324
0
1.224
0
0
1.824
0
0
0
0
1.224
0.4
1.324
1.324
1.224
1.324
1.424
1.524
0
1.324
1.324
1.224
0
1.824
0.1
1.824
0.1
1.224
0.1
1.324
1.724
1.224
0
0
1.324
0
0
0
1.224
0
1.224
0
0
1.224
1.224
1.224
1.224
2.548
0
1.324
2.648
2.524
0.4
0
1.524
0
0.1
0
0.2
0.1
0
0
0
0
0.2
1.424
0.1
1.224
0
0.3
0.1
1.324
0.3
1.324
0
0.2
0.1
0.1
1.524
0.2
1.324
0
0
1.524
0.1
0.1
0.1
1.424
0
0
0
1.224
0.5
1.324
0
0.1
1.224
0
1.324
0
1.224
0
1.224
0.5
0.4
0
1.224
1.424
0
0
0
0
0
1.724
1.224
0.1
1.224
0
1.224
1.224
0
1.224
0
0
0
0.1
0
1.224
0
0.7
1.324
0
0.2
0.7
0
1.224
1.524
0
1.324
0
0
0.2
1.224
1.224
0
0.1
2.024
0
1.224
0.1
0
0
1.324
0
0.2
0.2
0
0
1.224
1.424
0.1
0
1.424
0
0.2
0
1.224
0.1
0
1.224
0
0
1.324
0
1.624
0.8
1.224
1.324
0.2
1.224
0
1.224
0
0
0
1.324
0
0.1
0
0
0.2
0.3
1.224
1.224
1.624
0.1
0.2
1.324
0
0
1.324
0
0.2
1.424
0.1
0.1
0
0
1.224
1.224
1.224
0.1
1.424
1.224
1.224
1.424
1.424
0.3
1.624
0.1
2.748
0.1
0
1.224
0
1.424
0
0.1
1.324
1.324
0
0
1.224
0
0
0
0.1
0
0.1
0
1.224
0
1.224
1.824
0.1
0.1
0
0
0.7
0
0
0.1
1.924
0
0.1
0
0.3
1.224
1.324
0.1
1.224
0.2
0
1.524
1.324
0.3
0
0
1.624
0
1.324
0.1
0
0
1.424
0
0
1.324
0
0
0.1
1.224
1.224
0.1
1.524
0.1
1.224
1.224
1.7
1.324
1.224
1.324
0.1
0.1
0.9
0.4
1.224
1.424
0
0
0.2
1.324
0
1.724
0.1
0.1
0.3
1.224
0.2
0.8
1.224
0
0
0.1
1.524
1.224
1.624
0.1
1.224
0
0.1
0
0.2
1.224
0
1.524
1.224
0.1
0.1
0.1
0.2
0
1.224
1.224
2.948
1.524
1.224
1.224
1.224
1.224
1.224
0.1
1.424
1.224
0
1.424
1.524
1.224
1.224
0
1.424
0.7
0
1.324
1.324
1.724
0
1.224
0.1
1.324
0.1
0.2
1.224
0.6
0.1
0.1
1.224
0.1
0.1
0.3
0
0.1
0
1.524
0
1.424
1.324
1.224
0
1.224
0
1.424
0
1.324
1.224
0.1
1.524
1.324
1.224
1.224
1.424
0
0.5
0.1
2.448
1.224
0
0
1.324
1.224
0
0
1.424
0.1
0
0
2.448
0
1.224
2.524
2.648
0
1.224
0.4
0.3
1.624
0
1.224
1.624
1.424
0
2.444
0
0
0
0.1
0
1.224
1.324
0
1.424
0
1.224
0
1.224
0.1
1.524
0
1.524
0.1
0
0.1
1.224
0
3.568
0
1.224
1.524
0
1.224
1.224
0
0
0
0
0.6
2.448
2.648
1.624
1.224
0
1.224
0.1
2.448
2.548
1.224
1.324
2.448
2.548
2.448
1.224
2.448
1.424
1.424
0.1
0
1.224
0
1.224
0
0.2
2.324
1.224
1.224
6.392
0.2
6.692
