1.1
1.7
22.372
3.748
4.172
0.5
0.5
1.224
0.2
0
0.9
1.424
0.4
2.6
1.8
0
0
1.224
1.224
1.724
1.624
2.124
1.224
1.224
0.7
1.324
1.824
3.048
3.872
2.448
1.424
2.548
3.8
0.1
0.2
0.6
0.2
0.2
0.2
0.9
0.3
5.524
0
0.1
0.3
1.224
0.5
0.4
0.5
2.124
1.224
0.1
3.024
0.2
0.2
1.324
0.2
0.2
0.2
2.624
2.5
1
0.4
2.724
1.1
0.7
0.1
0.3
2.024
2.6
1.3
2.824
0.4
0.3
5.724
0.9
0.1
0.5
0
0
4.048
0
1.224
0.2
0
0
0
0
1.224
2.824
0.1
1.424
0.3
0
0
1.824
1.724
0.1
1.524
1.224
0.2
2
1
0.2
1.224
0.1
0
3.3
0.2
0.7
0.7
0.1
0.2
1.324
0.1
0.9
0.3
1.724
0.1
0
6.7
0.3
1.524
2
0.3
0.2
0.7
1.224
0
2.124
0.7
0.1
0.5
0.2
2.024
1.4
1.624
1.624
2.124
2.1
0
1.324
0
2.324
0
0.1
1.724
0.6
0.5
0
1.224
0.6
0.7
0.1
1.7
0.9
0.5
0.6
1.2
0.4
0.1
0
0.2
0
0.2
0.2
1.224
0.3
0
6.824
0.1
2
1.324
0
1.224
4.048
0.1
0
1.424
1.3
0.5
2.524
0.2
2.748
0.8
4.048
2.624
1.324
0.3
2.448
1
2.024
0.1
2.224
1.624
1.924
1.324
0
1.224
2.224
0.6
1.224
0
0.4
3.5
0.1
0
2.324
2.948
1.424
2.448
0.9
3.024
0
0
5.4
0.1
2.2
0
0.1
0
2.648
6.248
3.672
3.672
3.248
2.448
2.448
4.572
2.448
4.472
3.672
1.324
0
2.648
0.2
7.148
1.524
0
2.224
0
3.224
1.724
1.224
0.1
1.324
0.1
1.224
1.224
3.2
0
0.4
0.2
0
1.224
1.324
0
0.4
2.748
1.724
2.548
0
0.5
0.8
2.448
0
1.6
2.548
0.1
2.448
0
0.3
0.1
2.548
1.8
0
2.548
0.1
1.324
0
2.448
1.224
4.472
3.672
3.672
0.1
1.324
1.424
1.424
1.224
1.224
3.672
0
2
0.1
0
1.324
0.1
0.2
0.1
1.524
0.1
0.3
0.6
0.2
0
0.6
0.8
1.424
0.3
2.024
0
1.624
1.224
1.224
2.948
0
1.224
0
1.224
0
0.2
0.5
0.7
0.4
0.1
0.1
1.224
0.4
0
4.024
1.224
1.324
2.024
1.324
0
0
0.1
2.2
0.1
0
1.324
4.6
0.4
0.6
2.724
1.624
3.048
1.2
0.2
1.524
0
2.8
5.2
1.524
0.6
0
0.2
1.424
2.324
1.624
0.1
1.224
1.224
1.224
0.4
1.224
2.448
0.3
2.448
2.448
1.224
1.624
1.324
1.224
0
2.524
0.2
0
0.4
2.948
5.348
2.448
0
2.448
1.924
3.772
3.248
1.524
1.624
1.424
4.072
8.248
2.448
3.848
1.224
0
1.724
1.224
2.448
3.672
4.072
1.224
2.848
2.448
2.448
3.672
3.672
3.048
3.672
5.424
4.048
3.148
1.224
2.748
1.624
1.624
2.448
2.448
1.224
2.548
4.172
3.348
3.948
1.524
3.048
2.648
2.548
3.548
4.572
2.748
1.624
2.448
1.924
4.572
3.548
1.324
2.524
3.048
2.948
3.672
3.148
2.548
2.848
2.848
3.772
2.448
2.448
3.048
2.748
2.748
1.224
2.448
2.948
1.324
1.324
2.124
2.448
1.224
6.372
2.848
2.548
2.448
2.924
4.072
1.224
1.424
6.648
3.224
2.448
4.548
3.124
1.224
2.848
5.372
2.948
3.248
2.448
1.624
3.648
2.548
1.224
1.224
1.724
2.848
1.324
3.672
3.348
3.048
2.448
1.324
2.448
4.072
4.572
1.324
1.224
2.448
2.448
4.872
3.772
1.324
3.248
2.424
1.324
1.724
2.448
3.672
4.048
2.448
1.224
1.224
4.072
4.072
2.448
3.672
3.972
2.548
2.548
3.772
1.324
4.224
2.448
1.224
2.448
2.448
4.872
4.148
2.448
2.448
1.324
3.672
4.372
5.372
2.548
1.424
3.972
1.324
1.324
2.548
1.524
3.448
2.448
2.748
1.224
2.848
2.948
5.072
5.272
2.448
1.424
1.224
1.724
3.972
2.848
1.524
1.524
2.448
4.772
2.848
1.324
2.748
1.324
1.324
1.224
1.724
2.448
1.924
3.148
2.748
3.972
2.448
1.824
2.448
2.648
2.648
1.324
2.648
2.448
2.448
3.024
3.348
2.448
2.548
1.224
1.324
2.548
3.672
1.324
2.548
2.648
2.848
4.072
1.324
2.224
1.324
1.224
2.448
2.648
1.324
3.672
1.224
2.548
3.148
1.224
3.672
2.748
3.548
2.748
2.448
2.448
1.224
2.848
3.948
1.524
1.324
3.724
1.424
1.324
4.724
4.572
3.672
2.648
1.424
1.624
2.748
2.448
3.448
3.872
4.172
1.324
1.424
2.848
1.324
2.848
2.448
2.548
3.872
2.548
1.324
2.648
2.948
3.872
1.224
1.224
2.848
2.448
1.324
2.424
2.548
3.248
1.224
1.224
1.324
2.124
3.048
3.672
2.848
3.972
2.448
1.624
5.672
1.224
4.472
2.648
1.724
2.548
1.224
2.648
3.772
1.224
3.772
2.448
3.672
3.872
3.048
1.224
3.672
4.348
3.448
4.172
1.224
2.748
3.948
1.224
3.772
2.548
2.448
4.372
2.548
1.624
4.172
1.224
2.448
2.448
2.648
1.824
2.448
2.024
2.448
3.672
3.672
2.748
2.748
2.848
3.672
1.824
1.324
3.148
2.648
1.224
3.872
1.224
3.672
2.548
1.224
1.324
2.648
4.472
2.948
2.448
1.524
3.772
2.448
1.224
1.324
1.324
1.324
2.448
3.872
2.548
5.224
2.548
1.824
3.872
2.448
3.872
2.548
3.872
2.948
2.948
4.172
1.624
3.048
3.248
2.448
4.072
3.772
2.448
2.848
1.224
1.524
2.648
3.148
2.448
3.872
2.448
3.672
5.824
6.172
2.124
1.424
2.324
3.872
2.448
1.224
2.448
2.548
2.448
2.848
2.648
3.148
4.372
1.224
2.448
2.448
1.224
3.772
3.772
3.872
1.224
2.648
2.748
3.872
1.424
2.448
3.672
2.548
3.348
1.224
3.748
3.348
2.748
3.872
2.648
3.048
1.324
3.872
1.324
3.448
4.148
3.972
1.324
2.448
2.448
2.548
1.224
2.848
1.224
4.072
4.072
1.224
4.272
3.672
3.772
3.972
2.448
2.548
2.448
3.672
2.748
2.448
4.372
3.772
1.324
3.672
1.424
1.424
1.224
1.324
3.972
1.224
1.224
3.148
3.672
1.324
3.772
1.224
1.224
1.524
1.224
1.224
1.224
2.448
4.272
3.772
2.448
3.672
2.448
1.224
2.548
2.448
2.548
4.372
3.972
1.224
3.772
4.872
1.424
1.324
2.448
2.448
2.748
2.848
2.548
3.248
2.524
1.224
5.572
1.324
3.872
3.872
2.748
3.872
3.772
2.648
5.772
4.824
1.324
1.324
3.972
2.448
2.448
2.448
2.748
2.748
2.448
2.548
1.724
2.748
2.548
4.172
3.672
1.624
1.224
2.648
2.448
1.324
1.224
2.448
1.224
1.324
1.424
2.548
1.224
1.324
4.548
3.448
2.848
1.224
2.024
2.548
2.448
1.224
3.748
3.772
1.724
4.072
2.448
1.824
1.524
2.448
5.572
6.372
3.048
3.672
2.448
3.872
3.148
3.772
5.572
2.448
5.872
4.372
3.348
1.324
3.972
3.672
4.148
3.872
3.872
3.872
2.548
2.448
2.448
4.072
2.548
3.772
2.448
3.972
4.172
3.772
4.072
3.748
2.448
4.272
1.224
1.324
1.224
1.424
2.748
2.948
4.148
4.172
3.972
3.672
3.548
2.648
2.448
2.448
2.448
2.848
2.448
3.348
3.048
3.772
4.048
2.748
2.648
2.948
2.748
3.048
2.648
2.448
1.224
3.872
1.324
3.772
4.972
2.848
2.548
3.972
3.972
4.272
2.948
1.324
1.224
4.972
2.224
1.224
2.948
5.148
3.448
2.3
1.524
1.224
1.224
0.2
2.524
2.648
0
1.224
0
3.6
0.1
2
0
2.648
2.448
2.424
2.448
0.8
0.1
0.3
1.724
0.2
1.1
1.724
0.1
0
1.224
0
0.2
1.224
0
3.924
1.424
0.8
1.624
0
0
1.924
0
0
0
1.224
1.224
0.1
2.424
0.5
0.5
1.324
0.1
0.6
1.224
1.224
1.324
1.524
7.924
0.2
1.524
0.3
1.624
3.3
1.424
0.2
0
3.424
1.524
0.3
0.2
0
1.224
2.448
3.424
1.724
1.6
0.3
0.2
0
0.1
0.1
0.6
1.224
1.424
1.1
1.524
2.524
0.2
1.624
1.324
1.424
0.8
3.648
1.424
1.424
0.5
0.2
2.948
1.424
2.024
1.324
1.224
1.424
0.4
0
4.424
1.724
1.624
0
1.424
0.3
3.524
0.5
1.424
2.548
0.8
0.5
0.1
0.2
0.2
0.5
1.1
1.924
1.324
1.224
0
3.224
1.324
1.224
1.224
0.2
0.3
1.424
1.1
1.924
1.224
2.624
1.724
1.224
1.424
0.7
1.324
1.624
0.7
1.224
1.224
0.1
0.9
0.1
1.224
1.724
0.3
0
0.2
1.324
0
1.524
1.324
1.224
1.3
0.1
1.224
0
0.2
1.724
1.424
1.924
1.324
1.924
3.624
0.9
1.224
2.9
0
0
1.424
2.724
1.624
1.924
1.224
2.7
0.8
0
1.224
0.6
0.4
1.5
1
1.524
1.224
1.224
0
1.624
1.724
0
1.324
1.224
0
1.924
2.6
1.324
1.7
0.2
1.824
0.4
0.6
2.024
2.024
2.824
2.748
1.824
1.624
5.4
1.324
0
1.624
0.1
1.624
1.324
0.2
0.4
0.5
1.5
0.2
0.1
1.324
2.624
1.324
1.524
3.424
0
3.548
2.124
1.224
1.224
0.5
1.724
1.224
0
0.1
1.624
0.4
1.224
1.324
1.324
1.824
1.924
1.1
1.724
0.8
1.424
0.8
0
0.1
1.224
5
2.5
0.2
0.2
0.5
0
1.424
1.324
0.8
2.124
3.548
0.1
0.3
0.2
0.2
0.3
1.624
0
2.124
0.1
1.4
2.2
1.224
1.624
1.324
0.2
1.324
2.624
1.224
2.448
1.524
0.6
1.724
1.224
1.824
2.424
1.824
2.524
2.024
1.424
1.824
0.1
1.224
0.7
0
1.224
1.224
1.424
2.124
0.1
0.2
0.1
1.3
0
0.3
3.524
1.9
1.424
0.9
1.524
1.6
0
1.224
3.524
0.3
0.1
0.1
2.448
0.2
1.424
1.224
1.724
0.4
1.424
0.2
2.024
0.3
1.224
0.5
1.324
1.224
1.524
1.424
1.924
2
1.524
0.2
0.1
0.1
2.424
1.524
1.224
0.9
1.424
1.324
1.324
0.5
0.6
0
0.4
1.324
1.624
0.2
1
2.024
0.7
0.1
0.3
0.6
2.548
0
0
3.148
1.424
2.324
1.224
0.3
1.224
1.324
1.324
1.624
0.2
1
1.224
1.5
0.1
1.224
0.1
1.424
1.824
2.448
0.1
1.224
1.324
2.548
1.224
1.224
0.6
3.748
0.1
0.2
1.324
1.624
0.5
1.224
0.2
1.424
1.6
0.3
0.6
1.224
1.824
0.2
2.924
2.224
2.124
0
1.224
0.3
1.2
0.1
3.048
0.4
1.624
1.224
1.8
2.224
1.9
0.1
0
2.948
1.324
1.4
0
1.424
1.824
0.1
0.2
1.424
0.1
0.2
0.5
0.2
0
1.424
1.424
0.1
0
1.224
1.224
1.324
0.3
2.724
7.324
2.524
0.5
2.624
0
0.3
1.924
0.4
0.5
3.048
1.424
2.448
0
1.924
1.624
0.6
1.324
1.224
1.7
0.1
1.224
1
0.3
1.724
2
0.7
1.224
0.6
1.724
0.3
1.424
1.224
3.124
0
1.224
3.448
1.824
1.424
1.524
1.224
0
3.224
1.624
0.2
1.624
0.2
0.1
1.224
0.1
1.224
0
0.4
1.2
2.3
1.524
0
0
1.224
0.1
1.524
0.2
1.324
2.2
1.524
0.3
0.3
1.524
0.1
0.1
1.324
0.2
1.924
0.1
0
0.1
0.1
0.1
1.224
2.7
0.2
0
2.424
2.1
1.224
0
0.5
1.424
0.2
1.224
2.448
0.4
0.2
0
0
1.724
4.624
1.324
0.1
1.224
0
2.648
0.4
1.324
2.024
2.648
1.224
0
1.324
2.824
1.824
1.324
0.1
1.324
2.948
0
0.1
1.524
0.2
0.4
1.224
1.724
0.4
1.224
1.8
4.524
0.5
1.924
0.3
1.424
1.324
0.5
0.2
1.424
1.324
1.324
0.1
1.424
0.6
0
1
2.524
1.424
0
1.4
1.524
2.648
1
1.324
0
0
0.2
1.724
3.448
1.624
1.624
1.224
0
0.2
0.7
0.1
2.424
0
0
0.2
0.6
1.924
3.624
3.224
1.424
2.024
2.024
2.448
1.224
0
3.048
1.224
0.1
0.3
0
2.448
2.448
0.1
1.524
0.1
0.1
1.424
1.224
0.1
1.224
0
3.248
0.5
2.9
0.5
0.5
0.1
0.4
4.224
2.448
0
0.1
5.348
1.424
0.1
2.748
1.924
1.824
0.7
0.9
0.3
0.2
0.4
3.548
1.1
0.7
2.124
0.1
2.1
2.548
0
1.224
0.3
1.624
1.924
1.624
0.5
0.3
0.1
0
1.624
1.324
0.2
1.324
0.7
2.224
1.424
1.624
6.2
1.824
1.424
0.4
1.624
1.4
4.924
2.8
0
2.624
1.324
0
2.224
0.3
1
1.1
0.1
2.024
0.5
1.424
1.924
6.848
1.424
1.624
1.224
0
2.124
0
2.424
1.324
0.2
1.224
3.548
1.724
1.924
0
1.624
1.824
0.8
1.924
0.3
1.224
0.7
1.724
0
0
2.924
2.324
0.1
0.3
0.1
1.224
1.424
1.524
2.124
1.324
1.824
2.324
2.7
0
0.1
1.324
1.924
1.824
1.324
0.3
1.824
2.7
1.224
0.2
1.424
0.8
0.4
1.624
0.2
4.124
2.124
1.424
1.924
2.124
2.424
2.424
0.1
3.124
0.1
2.424
2.448
3.148
2.548
2.548
0
1.324
0.1
2.424
0.1
0.4
0.1
1.524
1.8
0
1.324
0.9
1.2
0
4
0.7
1.424
0
0.2
0
2.448
0.1
0.5
1.924
1.524
1.724
0
1.424
1.324
0.3
0
9.248
1.524
1.224
0
3.524
2.524
3.8
3.124
0
4
3.148
2.548
0.3
1.224
1.224
0.1
0.9
1.324
0.3
0.2
1.324
0.4
1.224
0.1
1.324
2.448
0.7
1.1
2.648
1.624
2.124
1.224
1.424
1.324
0.1
0.1
1.424
0.1
2.924
2.548
2.648
0.1
1.224
1.224
1.224
0.1
5.148
2.548
1.524
1.924
0.2
0
1.224
0.2
3.872
3.672
2.948
4.572
1.424
3.448
4.272
2.548
3.772
2.448
4.172
0.2
2.548
1.224
1.324
0
0.1
0.6
5.4
0.3
0.2
3.124
3.224
2.124
