0.3
0.1
2.848
1.224
4.272
0
0
0
0.1
0
0.1
1.424
1.524
0.3
0.4
0
1.324
0
0
0.1
1.224
1.324
0
0
0.2
0
0
1.424
2.448
1.224
0.1
2.548
0.3
1.224
1.224
0.1
0
0.1
0
0.3
0
1.624
0
0
0.2
1.224
0.2
1.524
0.1
1.424
1.224
0
1.324
1.224
0
0
1.224
1.224
0
2.024
1.824
1.224
0
0.2
0
0.2
1.224
1.224
1.224
2.224
0.4
2.548
1.324
0
2.524
0.2
2.448
0.3
1.224
0
2.224
1.324
1.224
1.224
0
1.224
1.224
0
0
1.924
0.1
0.2
1.424
1.224
1.224
1.324
1.224
1.224
1.324
0
0.1
1.624
1.624
0
0
0
0
0.7
1.324
1.324
1.224
1.224
0
2.448
0
0.1
0
1.324
0
0
2.524
0.1
0
1.524
1.324
1.224
0.1
1.224
1.324
2.748
0
0.1
1.324
1.224
1.624
0.5
1.224
2.548
1.324
0.2
0
1.324
1.224
1.424
1.224
1.224
1.424
1.324
0
1.224
1.224
0.1
0.2
0
0.2
0.1
1.324
0.1
0.4
0.1
0.1
1.224
0
1.224
0
1.224
0.1
1.224
0
0.7
1.224
1.524
2.448
0.1
2.548
1.724
1.224
2.448
1.224
0.2
0.1
4.272
0
2.448
0.3
2.748
1.924
2.548
1.324
2.448
0.1
1.224
0.1
2.948
2.548
1.224
1.224
0
1.224
0.4
1.224
0
0
1.524
0.6
1.224
0
1.424
1.424
0.1
1.224
0.1
0.1
1.224
0.1
2.724
0.1
2.024
0
1.324
1.224
2.548
3.348
3.872
2.448
2.748
2.448
2.548
3.148
3.672
2.748
2.448
2.648
0.1
1.224
0.3
4.448
1.224
0
1.724
0
2.324
1.324
1.324
1.224
0
2.448
2.448
1.424
0.4
0
1.324
1.324
1.224
0
1.224
1.224
1.324
1.424
1.524
1.224
1.224
0
0.4
2.448
1.224
0.4
2.448
0
1.224
0
0.1
0.1
1.224
1.924
0
1.224
2.648
2.448
1.224
2.448
3.672
5.196
3.672
4.272
0
2.548
2.448
2.648
1.324
1.324
3.672
1.224
2.124
0
0
1.224
0
1.224
0
0
1.224
0.5
0
0.1
1.224
1.524
1.524
0
1.224
1.324
1.224
2.448
0
0
1.324
0
1.224
0
1.624
0
0
0.2
0.1
1.324
0.1
1.224
1.324
0
1.224
0.4
1.224
1.224
1.624
1.524
1.224
1.224
0
0.4
0
1.224
1.224
3.448
1.324
0.1
1.224
2.548
1.424
0.3
1.324
1.224
1.424
2.124
2.524
0
0.1
0.1
1.324
0
2.648
1.324
0
1.224
1.224
2.448
0
0
2.448
0
1.324
1.324
1.324
0.1
1.224
0.1
1.224
3.048
0
0
0
1.524
2.224
2.448
1.224
1.224
1.324
3.672
3.348
1.324
1.224
1.224
2.448
2.324
2.448
1.324
1.324
0
1.324
1.224
1.224
2.848
2.448
1.224
10.496
5.096
2.648
4.996
4.896
2.748
2.448
1.924
3.448
2.648
1.224
1.524
2.648
1.224
1.224
3.148
2.748
2.448
2.848
4.072
1.524
1.224
2.448
1.224
3.672
3.248
2.548
2.548
2.448
2.748
1.224
2.748
1.424
1.324
2.848
2.448
1.624
2.448
1.324
2.448
1.324
1.224
2.548
3.672
3.672
2.648
2.848
1.224
1.224
1.224
3.972
2.448
1.224
1.624
3.672
1.224
3.448
2.648
3.772
2.548
1.524
2.548
2.848
1.324
4.148
1.524
1.224
3.348
2.848
1.224
1.224
2.648
3.348
1.324
2.448
1.624
2.224
3.872
1.224
1.224
1.224
1.324
1.424
3.672
1.324
1.224
3.672
1.224
3.672
2.448
3.772
1.224
1.324
1.224
2.548
3.972
2.548
1.324
4.372
1.324
1.224
1.224
4.996
2.548
2.024
1.224
2.448
1.224
4.672
2.548
2.448
3.772
3.672
1.224
2.748
2.448
2.548
3.448
2.448
2.448
2.448
1.224
4.372
3.972
4.996
1.224
1.224
2.548
2.948
3.048
2.548
1.424
4.996
1.324
1.324
2.548
1.524
1.624
4.996
2.748
1.224
1.224
2.748
2.548
2.748
3.872
1.224
1.224
1.224
2.548
2.548
1.224
1.224
2.448
3.548
2.648
1.324
2.648
1.324
2.748
2.448
2.648
2.548
2.548
2.648
2.448
2.448
2.448
1.324
3.672
1.224
2.548
1.224
1.524
2.448
2.548
1.624
3.448
1.224
3.872
1.324
1.424
3.772
3.672
1.324
1.624
2.448
2.548
2.548
2.448
1.724
1.324
2.448
2.648
2.848
1.424
2.448
2.448
1.224
2.548
1.224
2.448
1.224
1.824
3.048
1.224
1.224
1.224
2.548
3.148
2.448
1.224
1.624
1.524
1.224
1.824
2.548
2.448
1.224
1.224
1.424
3.672
1.224
1.224
2.548
3.672
1.324
1.324
3.772
1.224
2.448
3.772
1.324
2.448
2.448
1.224
2.448
1.324
2.448
1.224
3.672
2.548
2.448
1.224
1.424
1.224
2.648
2.448
1.224
1.324
1.524
2.548
2.448
2.648
2.448
1.224
1.324
4.448
1.224
3.448
2.448
2.548
3.672
2.448
1.324
4.172
1.224
2.448
2.548
2.448
2.648
4.172
1.224
3.672
2.648
2.848
3.948
1.224
1.324
3.248
1.224
2.448
1.224
2.548
3.972
2.448
1.324
4.472
1.224
1.324
3.772
2.448
1.424
2.448
2.848
3.672
2.448
2.448
4.072
1.224
2.948
3.672
1.524
1.224
4.272
2.748
1.224
2.448
2.448
2.548
2.748
2.548
1.224
1.224
3.148
2.548
2.448
1.224
2.648
2.848
2.448
1.324
1.224
2.548
2.548
2.448
2.648
1.924
2.548
1.524
2.448
1.224
2.448
3.672
2.448
2.448
1.224
2.948
2.548
3.148
2.548
2.648
4.272
2.448
3.672
3.872
2.448
1.324
2.548
2.748
4.896
2.548
2.548
3.672
2.624
4.072
1.224
1.424
2.548
3.672
3.672
1.224
2.448
2.448
1.224
2.748
2.448
3.348
2.648
1.224
2.448
2.448
1.224
2.548
2.448
2.448
1.224
2.448
2.448
2.448
1.324
3.672
2.448
2.548
1.524
2.448
1.724
1.524
2.548
2.648
2.448
2.748
1.324
2.448
2.448
1.524
3.148
2.548
1.224
2.448
2.948
3.772
1.224
2.748
2.448
2.548
2.448
1.224
3.872
2.448
2.548
2.548
2.448
1.224
2.548
2.448
2.548
1.224
3.772
2.448
1.324
3.672
1.424
1.424
1.224
2.448
2.648
2.448
2.548
3.872
2.548
1.224
2.448
1.224
1.224
1.224
1.224
1.224
2.448
1.224
3.772
2.748
3.772
5.396
1.324
1.224
3.672
3.772
2.448
4.672
3.672
1.224
2.448
5.796
2.448
1.324
3.772
2.548
2.548
2.548
1.224
2.948
1.324
1.224
5.472
2.548
2.448
3.672
1.224
3.872
2.448
2.748
2.648
2.948
1.324
1.324
2.448
1.224
2.448
3.248
1.324
2.548
2.448
2.448
1.324
1.224
3.972
2.748
2.448
1.324
1.224
1.324
2.548
1.224
2.448
4.996
1.324
1.224
1.224
2.848
2.448
2.448
1.424
4.072
2.948
2.448
1.224
1.224
2.548
2.448
2.448
3.672
2.024
2.748
2.448
1.424
2.448
1.224
2.748
3.048
3.148
3.672
1.224
3.772
2.448
4.896
3.548
3.972
4.272
5.696
4.172
2.748
2.648
3.672
3.548
5.396
2.648
2.548
2.448
2.548
2.448
2.548
2.548
3.772
2.448
2.448
2.448
2.448
2.648
3.248
2.548
5.396
2.448
1.424
1.324
1.224
1.224
1.624
4.372
2.548
2.648
3.672
3.048
1.224
2.448
2.548
2.648
2.648
2.448
2.648
2.848
2.448
3.048
2.448
2.448
4.072
3.772
3.148
2.548
2.448
2.448
3.772
2.548
2.448
3.348
2.548
2.548
2.648
3.972
3.648
4.372
1.224
1.224
4.072
0.7
0
1.524
2.624
1.524
0
1.424
0
1.224
1.324
2.548
1.524
1.224
2.448
0
0.3
0
1.624
0.1
2.448
2.448
3.148
2.448
0
0
0.2
1.424
0
1.324
1.224
2.448
0
1.224
0
0
0.1
0
2.124
1.224
0.1
1.224
0
1.224
3.548
1.224
1.224
0
1.224
1.224
0
0.1
1.424
0.1
1.524
0
0.1
1.224
1.424
1.224
1.424
3.324
0
1.424
0.2
1.424
0.2
1.324
0
0
1.924
1.224
1.224
0
0
2.848
2.448
1.424
1.324
0.5
0
0.1
0
1.224
0.1
1.324
0
1.224
0.3
2.848
1.424
0.1
2.548
1.224
1.324
1.324
1.524
2.648
2.548
0
1.224
3.772
1.324
2.548
1.224
1.224
1.224
0
0
2.124
1.224
1.324
1.324
1.624
0
2.324
1.324
1.224
3.672
0.2
1.224
1.224
2.448
0
0.1
1.324
1.224
2.448
3.772
0
2.948
1.224
1.224
1.324
1.324
1.324
2.548
0.3
2.548
1.224
1.524
1.224
1.324
2.448
1.224
1.324
1.324
0
1.324
0
0
1.424
1.224
1.424
1.324
0
1.224
0
2.448
1.224
1.224
1.224
2.448
0
2.448
1.224
1.224
0.1
1.224
0.1
1.524
1.224
1.424
1.324
0.1
1.224
1.1
0
0
1.224
1.324
2.548
2.548
2.448
0.4
1.324
0
0
0.2
0
0.2
0.1
2.448
1.224
1.224
0
1.224
1.424
1.224
1.324
2.448
1.224
1.424
0.3
1.224
0.1
1.224
1.224
1.224
1.424
2.548
1.424
3.972
2.548
1.324
1.324
4.148
1.224
0.1
1.324
1.324
1.524
2.448
1.324
1.624
0.1
0.1
1.324
0
1.424
1.224
2.548
1.224
1.624
1.224
4.072
1.624
1.224
1.224
0
1.324
1.224
0
0
1.324
0.1
2.448
2.448
3.672
2.648
1.324
0
3.872
1.424
1.524
0.1
0
0
1.224
2.224
0.2
0
1.224
1.324
0
2.548
2.448
1.424
2.648
1.824
1.224
1.324
0
1.424
1.324
1.224
1.224
1.324
0
0.1
1.724
1.224
1.324
1.224
1.224
1.224
1.224
1.224
1.224
2.748
0.1
1.424
2.448
1.324
1.424
2.448
1.524
1.424
1.224
2.548
1.224
1.224
0.3
0
2.548
1.224
1.324
1.624
1.224
0.1
0
0.1
0
0
1.524
0
1.224
1.424
1.224
1.424
1.224
1.224
1.924
0.1
0
1.224
1.224
1.424
2.448
1.224
2.448
0
2.648
1.224
1.224
0.1
1.224
0.1
1.324
1.324
1.224
2.448
1.224
0.2
2.548
0.2
0
1.224
1.424
1.224
1.224
1.624
1.224
1.224
1.624
0
1.424
0
0
1.424
1.724
0
0.1
1.324
0
1.224
0
0
1.224
0
1.224
3.672
2.548
1.624
1.224
0.1
1.224
1.424
1.224
1.324
0.1
0.2
1.524
0.2
1.224
2.448
1.224
1.324
0
1.224
0
1.224
1.224
3.672
1.224
2.548
1.324
1.324
0
1.224
3.972
2.448
1.224
1.224
1.424
0
0
2.548
0
2.448
1.324
0.1
1.224
1.424
1.324
1.224
2.448
0.2
0.2
0
2.648
0.1
3.248
1.224
0.7
1.424
0.1
0.1
0
2.748
2.548
0.2
0
1.224
1.324
0
0
1.224
1.224
0
0
1.424
0
2.448
1.224
0.2
0
2.448
2.448
1.224
0.2
2.448
1.724
1.624
1.424
1.324
0
1.524
2.748
1.824
1.324
2.448
1.424
3.672
0
1.324
1.424
0
1.224
0
1.324
0
1.224
0.2
0
2.548
1.524
1.324
3.872
1.524
1.524
0
1.224
1.324
3.972
1.224
2.448
1.724
1.424
1.324
1.324
1.224
1.224
3.048
1.324
0
1.424
1.324
1.324
2.548
1.224
1.224
1.324
0
0.6
0.4
2.448
0
0
1.224
0
1.324
1.224
3.672
0.3
1.224
1.224
0.1
1.324
0
0
2.448
0
4.072
1.324
1.324
0
1.424
0
2.448
2.124
0
1.224
1.424
0.4
2.448
1.224
0.3
2.448
0
1.224
1.324
0
0.1
0
1.324
3.672
1.724
1.224
1.224
2.548
1.324
1.224
0
1.224
3.772
3.672
1.224
1.224
1.324
1.424
2.948
0
0.1
2.448
1.324
0
0
2.548
1.324
1.224
1.224
1.224
0.2
1.224
1.924
1.524
0.3
1.324
0
1.224
1.224
1.324
0.1
2.448
2.448
1.224
0
1.224
0.2
1.224
1.724
2.448
1.324
0.1
0
1.424
2.648
0.2
1.324
0
0
0.1
2.848
2.648
2.448
2.648
1.224
0
0.1
0.1
0
1.424
0.1
0
0.1
0.1
1.224
2.548
1.724
1.424
1.224
2.448
2.448
1.224
0.1
2.648
0
0
0
0
1.224
3.672
0.1
1.324
1.224
1.224
2.548
3.672
1.324
1.224
0
1.624
1.224
2.124
1.424
1.524
0
1.524
2.424
3.672
1.324
1.324
2.124
1.224
0
2.448
1.424
1.324
0
0.2
0
0.1
0
1.424
0
0.2
0
0
0.6
2.548
0.1
2.648
0.1
1.424
1.224
1.524
1.324
0.2
0
0
1.524
1.224
0
1.324
0.2
1.424
1.224
1.224
1
1.324
1.224
0
0
1.824
1.724
0.4
0
2.748
2.448
1.224
1.324
1.324
1.324
0.3
0.1
1.424
0.2
1.324
1.324
3.548
1.424
2.548
1.224
1.224
1.424
0
1.224
1.324
0
2.448
1.724
2.548
1.624
0.1
1.224
2.748
0.1
1.524
1.224
1.224
1.324
2.548
0
0
1.424
1.624
0
0.1
0.1
1.224
2.448
3.972
2.748
1.224
3.672
1.324
0.6
0
0.1
3.772
1.424
1.524
2.448
0
1.224
0.2
0
0
1.224
1.324
2.448
1.224
0
3.448
2.748
2.448
1.424
2.548
1.424
1.724
0
1.724
1.424
2.548
2.648
2.648
2.448
2.448
1.224
1.224
0
1.824
1.224
1.224
0.1
0.1
0.3
0
1.224
0.1
0.6
1.224
1.7
0
1.424
0
1.224
1.224
1.224
0.1
0
0.2
1.524
0.1
1.224
0
1.324
0
0
2.824
1.224
2.448
0
1.724
1.824
2.324
2.224
1.224
0.7
1.624
1.324
0.1
1.224
1.224
0.1
0.4
1.224
1.224
0.1
0
0.3
1.224
0.2
0
1.224
0.6
0.1
2.848
1.524
1.724
0
1.624
0
1.224
0
0
1.224
1.524
1.424
1.224
0.1
1.224
1.324
1.324
0
1.824
2.448
1.524
1.824
0
1.224
2.448
0.1
2.448
3.672
2.648
2.448
1.324
1.424
2.648
4.172
3.772
2.448
5.196
2.848
1.224
2.448
3.672
0
1.224
0.3
1
0.3
0.1
1.424
0.7
1.624
