0.2
0
3.048
3.16
2.748
0.1
0
0.1
0.1
0
0
1.224
0.2
0.7
0.4
0
0.1
0
0
0.2
2.448
2.648
0
0
2.236
0.1
0
2.948
3.772
2.548
0.1
2.448
0.9
0
0.2
0.1
0.1
0
0
0.2
0
2.124
0
0
0
1.224
0.3
0.2
0
2.848
1.224
0
2.848
0
0
0.1
0
0.2
0
1.824
1
0.4
0
0.7
0.2
0.2
0
0
1.424
0.7
0.4
1.824
0.4
0
2.624
0.6
0
0.1
0
0
1.724
0
1.224
0
0
0
0
0
0
0.6
0
0.1
0.2
0
0
1.324
1.424
0
0.2
0
0
0.3
0.3
0.1
1.836
0
0
0.6
0
0
0.2
0
0
1.224
0
0.2
0
0
0
0
1.4
0
0
0.1
0
0
0.1
1.224
0
1.424
0
0
0.3
0
1.224
0.2
1.324
1.224
1.424
2.436
0.2
0.1
1.836
1.624
0
0
1.424
0
0.2
0
1.224
0
0
0
0.3
0.2
0.2
0.1
0.6
0
0
0
0.1
0
0
0
0
0.1
0
1.2
0
0.5
1.224
0.1
1.324
1.424
0.2
0
2.548
0.1
0.2
1.424
0
1.224
0.4
1.824
1.324
1.224
0
1.224
0
1.424
0
1.424
1.224
1.324
1.324
0.2
1.224
0.3
0.3
0.1
0
1.424
2.936
0
0
1.324
1.424
0
1.224
1.936
0.1
0
1.836
0.8
1.836
0.3
0
3.06
0
1.224
2.948
2.548
2.548
2.548
2.448
2.448
2.848
2.448
2.448
2.448
1.324
1.836
3.26
0
2.024
1.324
1.224
1.424
1.836
1.624
3.56
1.324
0
0
0
0
1.324
2.536
1.424
0
1.224
0
0
1.224
0
0.3
1.224
1.224
4.384
0
0
0.2
1.224
0
0.3
1.224
1.224
2.448
1.836
0.2
1.224
1.224
0.6
1.224
1.224
0
1.224
0
1.224
1.224
2.748
2.448
2.448
0.1
1.324
1.224
2.748
2.448
2.448
2.448
0
0.9
0
0
0
0
0
0.1
0
0
0.2
0
0
0
0.2
0.1
0.2
0.2
1.936
0
1.224
0
0
1.424
0
1.224
0
1.224
0.1
0.2
0.3
0
0.1
0
0
0
0.1
0
0.4
0
0
3.56
3.06
0
0
0
0.9
0
0
1.224
0.7
0
0.2
5.296
1.224
3.26
0.1
0.1
1.224
0.1
0.6
0.7
0
1.836
0
0.1
0
1.524
1.224
0
1.224
1.224
1.224
0
1.836
1.224
1.936
1.224
1.224
1.224
3.06
3.06
0
0
0.3
0
0
0
1.324
2.124
1.224
0
1.224
3.36
2.448
2.848
1.524
3.06
1.224
2.448
4.26
1.224
3.16
1.424
0
2.548
1.224
1.324
2.448
4.384
1.224
2.748
2.548
3.672
2.548
2.448
12.044
2.448
2.024
2.948
1.224
4.284
2.548
1.324
3.06
1.224
1.224
1.224
3.672
2.448
2.648
1.924
1.224
5.708
1.224
2.448
6.208
4.384
3.26
1.224
4.284
3.36
6.208
1.724
3.06
1.524
2.648
1.224
4.384
1.324
1.224
1.224
1.424
4.284
1.224
2.448
6.108
2.748
1.224
1.224
1.224
2.548
1.224
4.284
2.648
1.224
3.06
5.084
2.748
2.448
2.448
3.56
4.284
1.224
1.524
3.648
1.424
1.224
2.748
1.624
1.324
3.16
3.048
2.748
1.524
1.224
1.424
1.224
2.448
1.224
3.06
1.324
1.324
1.224
2.448
3.26
1.224
2.548
1.224
1.224
4.484
4.384
4.284
4.284
1.224
3.672
4.172
2.448
1.524
2.448
3.66
1.224
3.16
2.448
4.384
3.26
1.324
2.448
1.224
2.648
2.448
2.448
2.548
4.384
1.324
2.548
4.484
1.224
1.824
2.548
1.224
7.344
1.224
3.772
4.884
2.448
4.284
1.224
2.448
2.548
2.848
2.448
3.06
2.448
1.224
1.424
2.448
1.324
1.324
2.548
1.224
2.748
3.16
2.648
4.484
2.748
3.672
3.06
4.284
1.324
4.584
2.448
1.224
3.36
2.448
2.548
2.548
3.16
1.524
1.324
1.224
1.224
1.224
2.548
2.948
4.384
3.772
2.448
2.448
1.424
2.448
3.26
2.548
2.448
1.224
3.672
2.448
1.424
2.648
1.224
2.548
1.324
1.324
2.448
2.448
1.324
1.424
4.484
2.548
2.448
3.16
5.284
1.224
1.224
2.448
2.448
4.284
2.448
1.324
1.324
2.648
1.224
2.448
1.224
1.424
2.448
1.224
1.224
3.06
1.424
6.508
1.224
1.224
5.284
1.224
3.26
2.124
2.448
2.448
1.224
3.16
3.16
4.384
1.224
3.26
5.708
3.048
3.16
3.06
4.284
6.22
4.684
2.448
2.448
4.384
1.224
3.06
5.508
1.224
5.808
1.224
1.224
4.684
1.224
1.324
3.56
1.224
4.584
1.224
1.224
3.06
3.76
3.772
3.672
3.672
5.608
1.224
1.424
3.148
3.06
4.172
4.384
2.648
2.448
1.224
3.06
2.448
1.224
2.448
3.672
2.448
2.448
4.584
1.324
2.448
2.748
4.884
2.748
3.16
3.06
1.524
1.224
5.608
1.224
3.772
2.548
4.284
1.624
2.848
3.06
1.224
1.424
2.448
3.16
1.224
1.224
3.672
2.448
3.672
4.384
1.324
1.224
2.448
4.484
1.324
2.548
5.084
1.224
4.384
1.224
2.548
1.424
1.324
1.224
1.224
2.648
2.448
1.224
1.324
2.548
4.584
1.224
3.06
3.06
1.324
2.448
4.284
1.224
1.724
2.548
3.36
5.508
1.224
4.284
2.448
4.284
4.384
1.324
2.448
4.584
2.748
1.224
2.448
2.748
2.548
4.384
4.384
1.224
1.324
5.708
1.524
2.448
2.548
2.548
2.448
2.224
3.248
1.324
1.424
1.424
3.772
2.448
1.224
2.448
3.772
1.324
3.872
1.224
2.648
2.448
3.06
1.224
1.224
1.224
2.448
3.772
2.448
1.224
4.284
4.384
2.548
3.26
1.224
4.384
2.448
2.648
1.224
1.424
1.324
3.672
5.508
1.224
1.524
3.16
2.548
2.448
1.524
1.924
2.648
1.224
4.284
2.448
2.448
1.224
1.324
3.06
4.684
2.448
1.224
2.548
4.284
4.284
3.672
1.324
1.324
2.548
2.448
3.872
1.324
2.648
4.284
4.584
2.448
1.324
1.224
1.224
1.224
2.648
1.224
3.06
4.484
4.284
1.324
4.284
1.324
1.224
1.224
1.224
3.06
1.324
1.224
2.548
2.548
2.448
2.448
1.224
3.06
1.324
2.448
1.224
2.748
2.448
3.06
3.672
2.748
1.324
1.224
2.448
3.672
3.872
2.448
1.224
2.648
1.724
2.448
3.148
1.224
2.448
2.448
1.224
2.448
4.284
2.548
6.308
3.96
4.384
1.224
4.284
1.224
5.608
2.548
1.324
2.548
5.508
1.324
1.424
1.224
4.384
3.972
2.448
2.748
3.06
1.524
1.224
1.224
1.224
2.548
4.284
4.284
3.06
1.324
1.324
1.324
2.124
4.284
2.848
1.224
1.424
3.06
2.448
1.224
4.784
2.448
1.524
2.648
3.672
1.324
3.36
1.224
4.284
4.784
2.448
3.672
3.06
2.448
3.872
2.448
3.248
1.324
3.148
2.648
5.708
1.224
4.584
2.448
1.624
2.548
2.548
2.548
3.672
3.672
3.672
5.508
5.508
2.448
2.448
5.608
5.708
5.508
2.648
1.624
1.224
2.448
1.224
3.06
3.06
3.16
1.324
3.16
4.072
4.384
2.948
2.448
1.424
1.224
1.224
4.284
3.672
4.484
1.224
1.524
1.624
2.448
2.748
3.672
3.772
3.772
3.672
1.424
5.508
5.508
1.224
3.672
1.324
3.672
3.972
3.672
3.772
3.772
2.448
3.872
2.548
4.384
4.284
4.272
1.936
0
1.324
1.624
1.324
3.66
2.548
0
2.448
0.1
1.324
3.06
0
2.448
1.836
0.4
3.06
0.1
0.1
1.224
4.384
1.724
1.224
0.2
0
0
1.324
0
0.4
1.224
0
0
1.324
1.224
1.224
0
0
0.8
1.324
0.3
1.324
0
0
1.424
0
0
0
1.224
1.224
0.2
0.3
0.1
2.036
1.224
0
0.1
0
1.224
1.224
1.324
2.424
0
1.224
0.1
1.324
0.6
1.224
0
0
1.724
1.324
0.1
2.036
1.836
1.224
1.224
1.424
1.224
0.4
0.1
0.1
0
0
0.2
0
0.1
1.424
0.2
1.224
1.324
0
1.324
2.448
1.224
0.1
1.724
1.324
1.324
0
0.1
1.324
1.224
1.324
0
1.224
1.224
0.1
0
1.724
1.324
1.224
0
1.324
1.836
1.424
0.1
1.224
1.324
0
0.1
0
0
0
0
0.2
1.324
2.448
1.324
0
1.624
1.224
1.224
1.224
0.1
0.2
1.224
0.1
1.224
1.224
1.324
1.424
1.224
1.624
0.2
1.224
1.424
0.1
1.224
0
0.2
0.2
0.3
1.224
2.548
0
0
0
1.324
0
1.324
0
1.224
0.1
0
1.224
0.1
0.2
1.224
0.2
1.224
1.224
1.324
1.624
0
1.224
0.3
1.836
0
1.224
1.224
1.424
0.3
1.324
0.8
0.2
0.1
0
0.2
1.836
0.1
0.5
1.224
1.224
1.224
0
1.324
1.324
0
2.448
1.224
0
1.324
0.5
1.224
0.7
0
1.324
0
0.1
1.424
2.748
1.424
1.324
1.324
1.324
0.9
1.324
0
2.548
0
1.424
1.224
0.1
0.1
0
0.2
0
0
1.224
1.624
1.324
1.224
1.724
0
1.424
0.4
1.224
1.224
0
1.224
1.224
0
0
1.224
0.1
1.324
1.224
1.324
1.524
1.324
0.3
1.424
0.4
1.224
0.1
0
0
1.224
1.1
0.3
0
0
0
0.2
1.324
1.524
0.1
1.424
1.424
0
0
0
0.2
0.3
1.224
0
1.324
0
0.2
0.4
0
1.224
2.448
0
1.324
1.324
1.324
1.224
1.224
0.1
1.224
1.324
1.224
1.724
1.324
1.224
1.424
1.224
1.424
0
1.224
1.936
0.2
1.224
1.224
1.224
0.2
0
0
1.836
2.136
0
1.936
1.624
0.5
2.448
0.3
1.324
0.4
0
1.224
1.824
0.1
0
0
1.224
0
1.424
2.448
2.648
0.1
1.324
0
1.324
1.836
1.224
0.4
0
1.224
1.224
1.224
1.424
0.5
1.424
0
0
0
1.324
1.324
1.224
0.1
1.224
1.224
0.2
0.1
0.1
0
1.836
1.224
1.424
0
0.2
1.324
0.2
0
0.2
0
2.448
0
0
1.224
1.224
1.424
1.224
0.1
0
1.224
1.224
1.424
0
0.1
1.224
0.2
0
1.224
0
1.224
0
1.224
0
1.224
1.224
1.224
1.224
1.324
0.3
1.324
0
0
1.424
1.224
0
1.424
0
0
0
0
1.936
0
1.224
0
1.224
1.324
1.524
0
1.424
3.772
0.2
0
1.324
0
2.548
1.224
0.7
2.024
0.3
0
0
1.224
2.448
0.2
0
1.224
1.324
0
0
1.224
0
1.524
0.1
0.1
0
1.224
1.224
0
0
1.324
2.448
1.224
0
2.748
2.224
1.724
0.3
1.324
0
0.1
1.424
0.3
0.3
1.324
1.324
1.224
0
1.424
1.424
0.2
1.224
0
0.4
0
1.224
0.3
1.836
1.424
0.6
0.1
1.424
0.1
1.624
0
1.224
1.224
1.824
0
1.224
1.424
1.324
1.224
0
1.324
0.1
1.324
2.548
0.1
1.324
0
0
1.224
0.1
1.224
0
0
0.5
0.4
1.224
0
0.3
1.224
0
1.324
0.2
1.224
0.6
1.224
0
0
1.224
0
0
1.224
0
1.424
0
0
0
0
0.1
1.224
0.8
0
0
1.324
0.3
1.324
0
0.1
1.324
0
1.224
1.224
1.836
0
0
0
1.324
2.024
1.224
0
1.224
0
1.224
0.1
1.224
1.324
1.324
1.224
0.1
1.224
1.224
1.224
0
0
1.224
1.524
0
0
0
0
0
1.224
1.324
0.1
1.224
0.2
2.224
0
1.324
0
2.648
1.224
0.2
0.2
1.224
1.224
1.224
0.1
1.224
0.2
0
0
1.324
1.224
0
0.1
1.824
1.524
0.1
1.224
0
0
0
1.524
1.424
1.324
1.324
1.224
0
0
0.1
0.2
1.424
1.836
0
0
0.2
1.324
1.524
1.524
1.224
2.648
1.324
1.224
1.224
0
1.224
0
0
0
0
1.224
1.224
0
1.224
0.1
0
1.224
1.324
0
1.224
0
1.324
0
0.4
0
0.3
0.3
0
2.024
1.224
0.1
0.1
3.548
1.324
1.936
1.324
1.424
1.424
0.2
0
0
0
0
1.424
0.6
0.3
0.1
0
0.9
1.324
0
1.324
0
1.424
1.224
1.224
0
0.1
0
0
1.224
1.324
0
1.224
0.1
1.424
1.224
2.448
1.6
1.224
1.224
0
0.1
0.6
0.6
0.9
0
1.824
1.224
0
1.224
0
0.3
0.8
0.3
3.86
0
1.424
1.824
2.024
1.224
1.324
1.224
0
1.224
0
1.424
1.224
0.1
1.324
1.324
1.224
1.224
0
1.324
2.748
0.3
1.224
0.2
1.324
0.1
1.324
0
0
2.948
3.048
0
0
0
1.224
1.224
1.224
1.424
1.224
1.324
1.324
0.2
0
0.1
1.324
1.424
1.924
0.1
0.2
1.324
0.3
0
0.2
1.424
0.2
0.2
1.324
0
1.924
1.224
1.224
1.724
1.424
1.424
1.324
0
1.524
0
2.548
1.224
1.424
4.284
2.448
0
2.448
0
2.548
0
0
0.3
0.1
0.3
0.2
1.224
0.2
0.2
0
0.8
0.5
2.748
0
0
0
3.06
0
0
0.4
4.284
0.1
0
0
4.484
0
0
2.524
2.648
1.224
4.896
1.924
3.46
0.8
1.824
0
0.4
2.548
1.224
1.836
1.224
3.06
1.936
2.036
0.1
0
1.424
0
0.3
0
5.196
0.2
2.548
0.1
1.424
1.224
1.324
3.06
0.1
0.1
1.324
0
1.224
0
0
1.524
1.224
2.448
0
0
1.324
1.224
0.1
3.86
1.224
4.384
1.524
0.1
0
2.448
1.936
3.672
3.672
2.448
4.384
1.224
1.524
3.872
2.448
3.772
1.224
2.748
0
1.224
3.06
1.224
0
0.1
0.1
1
0
0
2.948
0.7
2.548
