0.6
1.824
5.424
3.948
1.724
0.3
1.724
1.224
0.5
1.224
1.624
0
0.5
3.424
3.824
1.324
0
1.224
1.224
1.624
0
0.8
0
1.224
2.024
1.424
1.824
1.724
2.648
1.324
1.424
1.224
3.8
0
0.3
1
0.2
0.2
0.3
1.5
0.4
3
0
0.2
0.1
0
0.4
0.6
1.1
0.5
0.1
0
1
0.2
0
0.3
0.1
0.1
0.3
2.1
2.5
0.8
0.2
3.324
1.1
0.4
0.1
0.1
0.4
3.3
0.7
1.6
0.3
0
4.1
3.324
0
2.224
0
0
1.3
0
0
0.1
0.1
0
0
0
0.1
3.324
0
0.3
0.3
0
0
0.7
0.8
0
1.324
1.224
0.1
1.6
1.4
0
0
0.1
0
2.3
0
0.3
0.8
0.1
0
0
0.2
0.8
0.2
0.3
0.1
0.2
7.4
0.1
1.224
1.1
0.3
0
0.3
0.1
0.1
1.2
0.7
0.2
0.5
0.1
0.4
1
0.1
0.4
0.7
1.6
1.524
1.724
0
0.5
0
0.1
0.5
0.6
0.2
0
0
0.2
0.3
0.1
1.7
1.1
0.8
0.3
2.1
0.5
0.2
0.1
0
0
0.6
0.2
0.1
0
0.2
8.024
0
1.5
0
0.1
0.1
0.8
0
0
0
0.5
0.6
1.2
1.424
0.1
1.2
1.3
2
0.2
0.2
0.4
1.824
0.7
0.1
1.2
0.3
0.3
0
0.4
1.324
0.8
0.4
0
0
0.1
3.5
0
0.1
0.6
0.4
0.3
0
0.3
3.324
0
0
4.5
0.2
4.424
0
0.1
0
0.1
4.824
1.424
1.324
2.224
1.224
1.224
2.024
1.224
3.248
2.448
0.1
0
0.6
0.1
4.8
0.2
0
0.3
0
1.6
0.7
1.224
0.2
0
1.324
0
0
5.824
0.1
0.2
0
0
0.1
0
0
0.7
1.924
0.5
0.1
0
1.524
0.6
0
0
2.924
0
0
0
0
0.2
0
0.1
1.8
0
0.1
0
0.2
0
1.224
1.424
1.524
2.448
1.624
0.1
0
0
0.1
0.1
0
1.324
0
1.7
1.324
0
0.1
0.3
0.3
0.1
1.724
0
0.4
1.924
1.524
0
0.5
1.1
1.324
0.3
0.7
0
0.4
1.224
1.224
0.4
0
0.1
1.324
0.2
0
1.524
0.6
0.7
0.5
0
0.1
0.1
1.224
0
3.924
1.424
0
2.524
1.724
0
0.1
1.324
2.5
1.224
0
0.2
3.8
0.4
1.3
0.9
0.3
0.5
1
0.2
0.1
0.3
2.9
4.7
1.224
0.3
0.1
0.1
1.224
0.8
0.2
1.424
0.2
0
0
1.424
0
0
1.424
0.3
0
0.2
0.2
1.224
1.224
0
1.8
1.324
1.424
1.524
2.024
4.124
1.324
0
2.448
1.724
1.524
2.024
1.624
1.624
2.748
2.448
8.048
1.324
3.048
0.1
0.1
1.624
1.224
2.448
1.424
1.424
1.224
1.924
1.224
1.224
1.224
1.224
2.024
1.324
19.648
1.924
1.724
1.224
2.748
2.024
1.524
2.448
1.524
1.324
1.424
2.548
1.824
4.948
1.424
1.624
2.648
1.324
3.324
2.524
2.548
1.524
1.724
1.724
2.024
3.548
1.224
3.224
1.924
2.848
2.648
3.448
2.548
1.424
2.648
1.424
1.224
1.224
2.424
1.324
2.748
1.224
2.448
2.324
1.324
1.424
3.048
1.324
1.424
5.348
1.724
1.324
1.324
3.224
2.948
1.324
1.924
5.024
2.424
2.448
3.124
2.924
1.324
1.824
4.248
2.124
4.248
1.224
1.524
2.724
1.224
2.448
1.224
1.324
3.348
1.224
1.324
3.448
3.348
1.224
1.224
1.224
1.624
1.924
1.424
1.224
2.548
1.324
2.024
1.224
2.448
1.424
2.824
1.224
2.548
1.224
1.424
3.024
2.548
1.224
1.224
1.724
1.524
1.324
1.224
1.524
2.848
1.424
2.548
1.224
4.124
1.424
1.224
1.224
2.448
2.224
3.624
1.224
1.324
1.224
1.424
2.024
3.024
1.424
1.324
1.324
1.224
1.524
1.224
1.924
3.948
1.324
2.648
1.524
2.948
1.424
2.124
3.348
1.224
1.224
1.224
3.348
1.624
1.424
1.224
1.524
1.224
2.624
1.324
1.324
3.048
1.524
1.224
1.224
1.524
1.224
1.924
2.624
1.524
2.548
2.448
2.748
1.224
2.548
1.424
1.224
1.224
1.224
1.224
3.724
1.824
1.224
1.424
2.448
1.524
1.424
1.224
1.424
2.548
1.524
2.548
2.648
1.224
2.224
1.324
1.224
1.324
1.224
1.324
1.224
1.324
2.448
3.048
2.448
1.324
2.948
3.748
1.724
2.548
2.448
1.224
1.724
3.024
2.548
2.548
3.424
1.324
1.224
4.624
3.248
1.324
2.548
1.424
1.524
1.324
2.448
3.148
2.124
1.624
1.224
2.648
1.224
1.324
1.424
1.424
1.324
1.424
1.424
1.324
1.424
3.348
1.824
2.448
1.224
1.724
1.324
1.224
2.324
2.448
3.148
1.324
1.224
1.224
1.624
1.624
1.224
3.048
1.424
2.448
2.848
3.324
1.324
1.524
1.524
1.324
1.224
1.224
1.324
1.624
1.224
1.324
1.324
1.424
1.224
3.348
1.224
2.448
3.548
3.448
2.124
1.224
2.748
2.324
1.224
1.424
2.548
1.324
3.248
1.224
2.748
1.824
1.224
1.324
1.324
1.324
1.724
2.548
1.524
1.224
1.224
1.224
1.624
2.548
1.524
1.324
1.924
1.224
2.524
1.524
1.324
2.748
1.224
1.524
2.548
1.224
1.224
2.648
1.824
2.948
2.548
2.548
1.424
1.424
1.424
1.224
1.524
1.224
1.224
2.548
1.224
7.148
1.224
1.624
1.324
2.448
1.424
1.324
1.224
1.424
2.748
1.624
1.824
2.424
2.124
1.324
1.724
2.548
1.224
1.724
1.224
1.324
1.524
2.224
1.224
1.224
1.424
1.224
8.248
3.124
3.048
1.524
3.448
1.524
1.224
1.324
1.324
1.224
2.548
1.824
1.324
1.924
1.724
1.224
2.448
1.224
1.224
1.324
2.648
1.424
1.224
2.548
2.648
1.324
1.524
1.224
1.324
1.224
3.048
1.224
4.048
2.224
1.624
1.324
2.548
2.024
1.224
1.424
1.224
2.024
3.524
2.848
1.224
2.448
1.324
1.324
1.224
1.724
1.224
3.548
1.324
1.224
1.724
1.324
2.548
1.624
2.748
1.224
1.324
1.224
1.724
2.748
1.424
2.648
1.424
1.224
2.548
1.224
1.224
1.224
2.848
1.224
1.224
1.624
1.324
2.548
1.324
2.448
1.424
2.648
1.224
1.224
1.324
2.548
1.824
1.324
1.224
1.324
1.224
1.224
2.748
1.324
1.324
2.024
1.324
1.324
1.524
2.524
1.324
1.424
1.224
1.424
1.524
1.724
2.448
1.824
2.524
1.324
3.224
1.324
1.324
1.324
2.548
1.524
1.324
1.224
3.524
4.624
1.324
1.224
1.224
2.448
1.424
1.224
1.624
1.624
1.324
1.424
1.524
2.548
1.224
1.624
2.448
1.624
1.224
2.748
1.224
2.548
1.324
1.424
1.224
1.524
1.624
1.424
1.324
1.624
4.548
1.824
1.324
1.224
3.748
1.224
1.224
1.224
2.024
2.448
2.624
2.224
1.524
2.748
1.424
2.448
4.348
4.748
1.524
1.224
2.648
1.324
1.424
1.324
3.724
1.324
4.948
1.624
2.024
1.524
3.148
1.224
4.048
1.324
2.748
2.748
1.224
1.424
1.224
1.424
1.324
1.424
1.224
1.724
1.924
1.224
1.624
3.324
1.224
1.724
1.224
1.224
1.324
2.548
2.648
1.724
2.724
3.048
3.048
1.324
4.848
2.448
1.224
1.424
1.324
1.724
2.548
3.248
2.748
1.324
2.424
1.424
1.224
1.724
1.524
1.824
1.424
1.224
1.224
1.324
1.224
1.424
2.424
1.424
1.324
1.424
1.224
2.324
1.624
1.224
1.324
1.824
1.1
0
0.4
3.4
0.9
1.6
1.324
1.324
0
0.3
1.1
0.3
0
0
0
5.124
0
2.1
0.2
0.1
1.224
1
0
0.7
0.2
0.5
0.1
0
0.6
0.3
0.1
0
0
0
0.1
1.424
0
4.924
0
0.5
0.1
0
0
0.3
0
1.224
1.324
0.1
0
1.524
2.324
0.6
0.7
0.1
1.324
1.724
0
0
0.2
0.1
5.9
0.3
0
0.4
0.1
3.424
0.2
1.624
0
1.7
0.1
0.2
1.324
0
0
0
1.8
0.5
2.1
0.1
0.2
1.324
0
0.3
0.5
0
0.2
1.2
0.4
0.8
1.324
0.4
1.424
0
0.2
1.3
0.2
0.2
1.424
0.4
0.4
0.3
0.3
1.224
0
0.2
1.924
0
3.2
1.924
0.1
0
0.4
1.324
1.5
0.6
0
0.2
0.4
0.7
0
0
0
0.2
1.1
0.3
0
0.3
1.224
1.6
0
0.2
0.1
0
0.5
0.3
0.9
0
0
1.6
0.4
0.2
0.3
0.7
0.1
0.3
0.3
0
0
0.1
1.824
1.424
0.2
0.7
0.1
0
0.2
0.3
0
0.3
0.1
0
1
0.1
0
0.1
0.9
0.4
1.224
0.1
0.1
1
1.3
0.6
0
2.3
0
0
0.5
1.1
0.2
0.3
0.2
4.824
0.6
1.224
1.324
1.824
0.1
0.9
2.924
0.2
0
1.224
1.424
0.2
0.2
0.1
0
0
0
0.3
3.424
0
1.7
1.324
0.2
0.2
0.1
0.6
0.7
0.5
0.1
0.1
0.2
4.5
0.1
0
0.5
0.2
0.4
0.2
0.2
0.3
0.5
1.5
0.2
0
0.3
1
0.1
0.1
1.4
0
0.5
0.6
0
0
0
0.3
0
0
0
0.2
1.624
0
0.1
0
0.6
0.1
0.7
0.5
0.6
0.5
1.824
1.224
1.424
0
4.5
3.424
1.224
0
0.8
1.224
0.2
0.1
0.2
0.5
0.8
0
0.2
0.1
0.4
0.5
0.2
0
0.8
0
1.6
1.8
0
0.4
0
0
0
1
0.2
0
0.2
0
0.3
0
0.1
0.8
0.6
0.6
0.4
0.3
0.4
0.1
0
1.624
1.224
0.1
0.1
0.2
0.5
0.1
0.3
0
1.4
0
0.2
2.924
2.524
1.324
0.9
0
1
0
0
1.6
1.424
1.324
0
0
0
0.1
0
0.8
0.1
0.2
0.1
0.2
0.1
0
1
1.224
0
0
0.2
0.6
1.5
0.4
0.2
0
0.1
0.7
0.3
0.1
1.1
0
0
0.4
0.9
0.5
1.224
0.2
0.2
0.2
1.324
2.124
0.5
0.4
0.1
1.424
1.624
0
0
0
0.4
0.3
0.6
0
0.3
0
0.1
0.1
0
0.2
0.7
0.2
1
0
0
0
0
0.3
1.224
0
0
0
0.1
0
0
0.4
0.2
1.224
0.1
0.5
0.5
0.3
0.1
0.5
0
1.3
0.2
0.1
0
0.2
1.524
0.7
0.7
0.4
0
0.2
0.4
0.9
0
0.4
1.824
0.4
0
1.4
1
2
1.224
0
0.7
0
2.124
0
0.1
0.5
0
0.3
0
0
0.2
1.624
0.1
0
0.2
0.1
0.4
0
0
0.1
0
1.424
0.6
5.024
0.9
0.3
2.024
0.1
0.3
0.5
0.8
0.6
0.1
0.1
0.1
1.224
0.9
0.3
1.824
0.1
0
1.5
0
0
1.2
0
0.2
2.2
0.3
0.2
1.1
0.5
0.1
0.2
0
1
0
0
0.7
0.3
0.1
0.3
0
0
1.4
0.3
0
0.3
0.1
0.3
0.1
0.1
0
0
0.2
1.5
1.4
0.3
0
1.824
0
0
0.1
0
0
1.6
0
0.1
0.3
0.5
0.1
0.1
0
0.1
0.7
0.2
0.1
1.324
0
1.324
0
2.9
0.2
0
0.8
3.124
0
0
0.5
0.2
0.2
0
0.1
0.1
1.424
1.224
0.1
0.5
3.924
0.1
0
0
0
0.2
0.3
0.2
0.4
0.5
0
0
1.524
0.8
0.2
1.324
0.2
0.1
0.6
0
0
0.2
0
0.2
0
0.1
0.8
0
1.7
2.4
1.824
0.2
1.624
0
0
0.2
1.324
0.1
0.1
0
1.324
0.2
1.924
0
0.5
0.7
1.324
0.1
0.7
0.2
0.3
0.5
0.1
1.224
0.1
0.1
0.3
0.8
0.4
0.3
0
0
0.2
0.5
0.1
0.8
0.3
1.224
0.4
1
0.2
1.4
1.4
0.2
0.7
0.3
0
0
0
0.1
1.224
1.224
0.3
0
0
0
0
0.3
0
1.224
0.1
0
0
0
0.1
0.7
0.3
3
0.2
0.7
1.324
0.7
2.1
0
0
0
1.9
0.1
0
0.3
0.4
0.3
0.3
0.3
0.2
0.1
1.624
0.8
0.9
1.924
2.524
0.1
2.4
0.1
0.1
0.1
1.524
0.4
1.924
0.3
0.4
1.824
1.224
1.224
0.3
0.2
0.3
0.2
0.6
0.8
0.2
0.6
6.824
0.2
0.2
0
1.324
1.2
2.4
3.824
0
1.3
0.1
0
2.324
0.3
0.6
1.4
0.5
1.3
0.3
0.2
0.9
3.3
0.2
0.2
0
0
0.7
0
0.8
0
0.2
0
0.7
0
0.7
0
0.1
0.4
2.324
0.3
0.2
0
1
0.2
0
0.1
2
0.7
0
0.3
0
0.1
0.1
0.1
1
0
0.2
0.8
1.4
0
0.2
0.3
0.5
1.5
0.1
0.1
1.1
3.524
0
0.2
0.2
0.4
0.2
0.3
0.2
2
0.4
0
0.6
0.7
0.8
0.9
0
1.3
0.1
0.5
0.2
0.9
1.224
1.424
0
0
1.324
1.1
1.224
0.4
0.1
1.624
2.824
0.1
0
1.924
2.3
0
4.4
1.924
0.3
0
0
0
2.448
0.2
0.1
2.124
0.3
1.824
0
1.324
0.4
1.524
0
10.148
1.524
0
0
4.124
1
3.2
1.5
0
3.6
0.8
1.324
0
0
0
1.424
1.924
0
0
0.2
1.324
0.7
1.224
0.1
0
0.2
0.5
2.124
0.3
1.724
0.3
0.2
0.4
1.424
0.4
0
0.1
0
2.924
0.1
0
0.3
0
1.324
0
0.3
3.724
1.324
0.7
1.1
0.2
0
0
0.3
1.424
1.324
1.224
1.724
1.624
1.724
1.624
1.324
1.224
2.448
1.824
0.2
1.324
2.448
0.2
0
0
0.7
5.4
0.6
0.3
2.624
3.724
1.924
