0.2
0.1
4.048
1.524
3.048
0
0
0
0
0
0.2
1.324
0.2
0.4
0.6
0
0
0
0
0.1
1.324
1.424
0
0
0.3
0
0
1.524
2.448
1.224
0.2
2.448
1.1
0.1
0
0.4
0
0.2
0
0.3
0.1
2.024
0
0
0
1.224
0.2
0.2
0.2
1.424
1.224
0
1.524
0
0.1
0.1
0.2
0
0
2.024
0.4
0.3
0
0.2
0.3
0.1
0
0
1.524
1.2
0.2
1.624
0.1
0.1
2.424
0.8
0
0.1
0
0
2.124
0
1.224
0
0
0
0.1
0
0
0.6
0
0
0.2
0
0
1.424
1.324
0
0.1
0.1
0
0.7
0.5
0.1
0
0.1
0
0.7
0.1
0.2
0.2
0
0
1.224
0.3
0.2
0.4
0
0
0.1
1.5
0.1
0
0.3
0.1
0
0
1.224
0.1
1.424
0
0
0
0.1
1.624
0.4
1.324
1.424
1.724
0.2
0.2
0.1
0
1.224
0
0
1.224
0.1
0
0
1.224
0.2
0.1
0.1
0.3
0.2
0.2
0.2
0.8
0
0.2
0
0
0
0.1
0
0.2
0
0
1.9
0
0.2
1.324
0.3
1.224
1.724
0
0
1.224
0.3
0.1
1.724
0
1.324
0.3
2.124
2.224
1.324
0
1.224
0.2
1.224
0.1
1.624
1.324
1.324
1.224
0
1.224
0.4
0.3
0
0
0.2
1.2
0
0
1.824
1.624
0.2
1.224
0
0.7
0.1
0
2.1
0
1.1
0
0.1
0
1.224
3.448
2.648
2.448
3.248
2.448
2.448
3.248
2.448
2.748
2.448
1.224
0
1.224
0.2
3.424
1.324
0
1.624
0.1
1.924
1.524
1.324
0.2
0
0
0
1.524
1
0
0.2
0
0
0
1.224
0
0.1
1.424
1.624
1.224
0
0.1
0.5
1.224
0
0.5
1.224
0.1
1.224
0
0.1
0
1.324
0.5
0
1.424
0.1
1.224
0
1.224
1.224
3.248
2.448
2.648
0
1.224
1.224
1.524
1.224
1.224
2.448
0
0.7
0
0
0
0
0
0
0
0
0.3
0.1
0.1
0
0.7
0
0.1
0.1
0.2
0.1
1.324
0
0
1.524
0
1.224
0
1.324
0.1
0
0.4
0.2
0.2
0
0
0
0.1
0
1.2
0
0
1.324
1.224
0
0
0
1.1
0
0
1.224
1.6
0.1
0.3
1.524
1.224
1.424
0.2
0
1.324
0
0.9
1.5
0
0
0
0.1
0
1.624
1.224
0
1.224
1.224
1.224
0.1
0
1.224
0.2
1.224
1.224
1.324
0.1
1.224
0
0
0.8
0
0
0.1
1.424
2.624
1.224
0
1.224
1.424
2.548
3.248
1.324
1.224
1.224
2.448
2.524
1.224
1.824
1.224
0
1.424
1.224
1.224
2.548
2.448
1.224
3.448
2.548
2.448
2.448
2.448
2.948
2.448
1.924
9.048
1.424
1.224
1.424
1.424
1.424
1.224
1.424
1.324
2.548
2.648
2.948
1.624
1.224
2.648
1.224
2.448
3.348
2.748
1.224
1.424
2.548
1.424
3.148
1.424
1.324
1.624
2.548
1.624
2.448
1.524
1.224
1.424
1.324
2.448
1.224
2.448
2.848
2.748
1.224
1.224
1.224
2.948
1.224
1.324
1.324
1.224
1.324
3.648
2.548
2.548
2.548
1.624
2.548
1.224
1.324
4.448
1.524
1.224
3.648
2.524
1.324
1.224
2.648
3.448
1.624
1.224
1.824
2.024
2.548
1.224
1.224
1.224
1.224
1.424
2.448
1.424
1.324
2.448
1.324
1.224
2.448
2.548
1.224
1.224
1.224
2.448
3.248
2.448
1.224
3.148
1.424
1.224
1.224
2.448
2.648
2.324
1.224
1.224
1.224
3.048
2.448
2.448
2.548
2.448
1.324
2.648
2.648
1.224
2.524
2.448
1.224
2.448
1.224
3.148
3.348
2.448
1.324
1.224
2.548
2.948
3.248
2.648
1.324
2.648
1.224
1.224
2.648
1.524
1.524
2.448
1.224
1.224
1.424
2.748
2.948
3.348
2.448
1.224
1.324
1.324
2.548
2.648
1.224
1.424
2.448
3.248
2.448
1.224
1.224
1.324
1.224
1.224
1.524
2.448
1.624
2.748
2.748
2.448
2.448
1.624
2.448
1.324
2.448
1.224
1.324
2.448
2.448
2.024
2.848
1.224
2.548
1.224
1.424
2.448
2.448
1.324
1.224
2.648
2.448
2.448
1.224
1.624
1.324
1.224
2.648
2.748
1.324
2.448
1.224
1.224
1.324
1.224
2.448
1.224
1.824
2.548
1.224
1.224
1.224
1.324
3.048
1.424
1.224
1.924
1.424
1.224
1.924
2.648
2.448
1.324
1.324
1.324
2.548
1.224
1.224
2.648
2.948
1.224
1.324
2.748
1.324
2.748
2.448
1.224
2.448
1.324
1.324
2.448
1.324
2.548
1.224
1.224
2.848
1.424
1.224
2.024
1.224
2.848
1.224
1.224
1.524
1.524
2.648
2.448
2.548
2.548
1.224
1.324
4.148
1.224
3.048
2.448
1.224
2.448
1.224
1.324
2.748
1.224
2.448
2.448
2.648
2.748
2.648
1.224
2.448
2.548
2.748
3.348
1.324
1.424
2.424
1.224
2.548
1.324
2.448
2.948
2.448
1.324
3.148
1.424
1.224
1.224
2.448
1.424
1.224
1.424
2.448
2.448
2.448
2.848
1.424
1.424
2.448
1.324
1.324
3.248
2.948
1.324
2.548
1.224
2.548
1.224
1.324
1.224
1.424
2.948
2.448
1.224
1.224
2.748
2.748
1.324
1.324
1.224
1.224
1.224
2.448
1.424
2.324
2.548
1.524
2.648
1.224
2.748
2.448
2.548
2.848
1.224
2.648
1.224
3.248
1.324
2.548
2.848
2.448
2.448
2.548
1.224
1.324
2.648
1.324
2.448
2.448
2.648
2.548
2.924
3.848
1.324
1.224
1.524
2.448
2.448
1.224
2.648
2.448
1.224
2.448
1.424
3.348
2.448
1.224
1.224
1.224
1.224
2.448
2.448
2.448
1.224
2.448
2.448
2.748
1.224
1.224
2.448
2.548
1.524
1.224
1.824
1.724
2.648
2.648
1.224
1.624
1.324
2.648
1.224
1.424
2.224
2.448
1.224
2.448
2.648
2.448
1.224
1.424
1.224
2.448
2.448
1.224
2.848
2.448
2.448
2.448
1.224
1.224
2.448
2.448
2.448
1.224
2.548
2.448
1.324
2.448
1.324
1.324
1.224
1.324
2.448
1.224
1.324
2.948
2.448
1.224
2.548
1.224
1.224
1.324
1.224
1.224
1.224
1.224
2.648
2.548
2.548
2.448
1.324
1.224
1.224
2.548
1.224
3.248
2.448
1.224
2.448
3.648
1.224
1.224
2.548
2.548
2.448
2.748
1.324
3.248
1.424
1.324
4.148
1.224
2.548
2.448
1.324
2.848
2.448
2.648
2.948
2.124
1.424
1.324
2.548
1.224
2.548
2.648
1.224
2.548
2.448
1.224
1.424
1.224
2.748
2.848
2.448
1.224
1.224
1.224
1.224
1.224
1.224
2.448
1.224
1.324
1.224
1.324
1.224
1.524
2.324
2.848
2.648
1.224
1.324
1.224
2.448
1.224
2.948
2.448
1.924
2.548
2.448
1.324
1.224
1.224
2.848
2.948
2.948
2.448
1.224
2.448
2.548
2.448
3.248
1.324
3.648
3.248
2.648
1.624
2.548
2.448
2.224
2.548
2.548
2.548
2.548
2.448
2.448
2.448
2.548
2.548
2.448
2.548
2.548
2.448
2.648
1.824
1.324
3.148
1.224
1.524
1.224
1.224
1.224
1.324
3.348
2.748
2.648
2.548
1.624
1.224
1.224
2.448
2.448
2.648
1.224
1.724
1.324
2.448
3.048
2.648
2.548
2.648
2.548
1.924
2.548
2.448
1.224
2.548
1.324
2.448
3.048
2.548
2.448
2.648
2.948
3.548
2.848
1.224
1.224
2.948
0.7
0
1.424
3.124
1.624
0.2
1.224
0
1.224
0.4
1.424
1.624
0
1.224
0
0.4
0
0.5
0
1.224
2.448
1.624
1.224
0.4
0
0
1.224
0
0.5
1.224
0
0
1.224
0
0
0.2
0
0.8
1.224
0.2
1.324
0
0
1.824
0
0
0
1.224
1.224
0.1
0.2
0
0.1
1.324
0
0
0.1
1.324
1.324
1.324
4.924
0
1.524
0.2
1.424
1
0
0
0
2.124
1.424
0
0.1
0
1.224
1.224
1.824
1.224
0.2
0
0.2
0
0
0.2
0.1
0
1.324
0.2
1.424
1.824
0.1
1.524
1.224
1.424
0.3
1.424
1.224
1.424
0
0
1.224
1.324
1.224
0
1.224
1.224
0
0
2.524
1.224
1.324
0
1.324
0
2.324
0.1
1.224
1.224
0
0
0
0.1
0
0.1
0.2
1.224
1.224
1.424
0
1.524
1.224
1.424
1.324
0
0.1
1.324
0.7
1.224
1.224
1.624
1.524
1.324
1.324
0.3
1.324
1.524
0
1.224
0
0
0.1
0.1
1.324
1.224
0
0
0
1.224
0
1.324
0
1.224
0.2
0
1.324
0
0.1
1.224
0.2
1.424
1.224
1.224
1.424
0
1.224
0.9
0
0
1.324
1.624
1.224
0.3
1.324
0.7
0.1
0.1
0
0
0
0.2
0
1.224
1.224
1.224
0
1.524
1.224
0
1.224
1.224
0
1.424
0.4
1.224
0.1
0
1.324
0.2
0.3
1.624
1.424
1.524
1.224
1.224
1.324
1.3
1.324
0.2
1.224
0
1.524
1.224
0
0.1
0.1
0.5
0
0
1.324
1.424
1.224
1.324
1.624
0
1.424
0.4
1.224
1.224
0
1.224
1.224
0
0
1.224
0
1.224
1.224
1.224
1.524
1.224
0.4
1.524
0.3
1.424
0.3
0
0
1.224
1.5
0.6
0
0
0.2
0
1.224
1.424
0.2
1.424
1.624
0
0.1
0
0
0.2
1.324
0
1.424
0
0.6
0.8
0
1.424
1.224
0
1.324
1.524
1.224
1.224
1.324
0.1
1.324
1.424
1.224
1.424
1.224
1.824
1.224
1.324
1.424
0
1.224
0.1
0
1.324
1.224
1.524
0.5
0.1
0.1
0
0.4
0
0
1.724
0.3
1.224
0.4
1.224
0.1
0
1.224
2.524
0.1
0
0.1
1.224
0.2
1.224
1.224
1.824
0.2
1.424
0
1.324
0.1
1.224
0.1
0.1
1.324
1.224
1.224
1.424
0.8
1.424
0.2
0
0
1.524
1.324
1.224
0.2
1.424
1.224
0.2
0.3
0.3
0
0
1.224
1.424
0
0
1.424
0.1
0
0.1
0
1.324
0
0
1.224
1.324
1.524
1.224
0.1
0
1.524
1.424
1.224
0.1
0.1
1.324
0.3
0
1.224
0
1.424
0.2
1.224
0
1.224
1.224
1.224
1.224
1.224
0.1
1.724
0.2
0
1.424
1.224
0
1.224
0.2
0
0.6
0
0
0
1.424
0.1
1.424
1.424
1.724
0
1.324
0.1
0.6
0
1.424
0.1
1.524
1.224
0.6
1.624
0.6
0
0
1.324
1.224
0.2
0
1.224
1.424
0
0
1.224
0
0
0.2
0.2
0
1.324
1.224
0.1
0
1.324
1.224
1.224
0
1.324
2.224
1.524
0.3
1.424
0.1
0.1
1.424
0.2
0.3
1.224
1.324
1.224
0
1.324
1.224
0
1.224
0
0.5
0
1.324
0.1
0
1.424
0.5
0.3
1.224
0.4
1.424
0.2
1.224
1.224
1.624
0
1.224
1.624
1.324
1.324
0.1
1.224
0
1.624
1.324
0
1.324
0
0.1
1.324
0
1.224
0
0
0.3
0.2
1.224
0
0.2
1.224
0
1.224
0
1.224
0.5
1.224
0
0.1
1.324
0
0.1
1.324
0
1.624
0
0
0
0
0
1.224
1.1
0
0
1.824
0.5
1.224
0
0
1.524
0
1.224
1.224
0
0
0
0
1.224
2.324
1.224
0.1
1.224
0
1.324
0.1
1.224
1.224
1.324
1.224
0
1.224
1.524
1.224
0
0.2
1.224
1.324
0
0
0
0
0.1
1.224
1.324
0.2
1.224
0.2
1.824
0
1.224
0.2
1.324
1.224
0
0
1.324
1.224
1.224
0
1.224
0
0
0
1.824
1.224
0
0.9
1.524
1.824
0.1
1.224
0
0.1
0
1.424
1.424
1.324
1.224
1.224
0
0
0
0
1.724
0.1
0
0
0.6
1.524
1.524
1.624
1.324
1.324
1.324
1.224
1.224
0
1.324
0
0
0.1
0
1.224
1.224
0
1.224
0
0.1
1.324
1.224
0
1.224
0
1.524
0
1.1
0
0.2
0
0.2
2.624
1.224
0
0
2.124
1.224
0.1
1.624
1.524
1.224
0
0.3
0.1
0.1
0
1.724
0.5
0.3
0.2
0
0.8
1.324
0
1.324
0
1.524
1.324
1.224
0
0.2
0
0
1.324
1.224
0
1.224
0.1
1.524
1.224
1.224
1.7
1.224
1.324
0.2
0
0.5
0.4
0.5
0
1.624
1.224
0
1.724
0
0.3
0.6
0
1.424
0.1
1.224
1.224
2.424
1.224
1.624
1.224
0
1.524
0.1
1.624
1.224
0
1.224
1.224
1.324
1.424
0
1.224
1.824
0.4
1.324
0.2
1.424
0.3
1.824
0
0
1.924
1.324
0
0.2
0
1.224
1.324
1.224
1.824
1.224
1.224
1.324
0.4
0
0
1.224
1.624
2.124
0.1
0.2
1.424
0.9
0
0.2
1.424
0.6
0
1.224
0
2.324
1.424
1.224
1.324
2.224
1.524
1.524
0.1
1.824
0.1
1.524
1.424
1.824
2.448
2.448
0
1.224
0
1.824
0
0.1
0.2
0
0.4
0
1.224
0.2
0.4
0
1.4
0.3
1.324
0
0
0
1.224
0
0
0.3
1.424
0
0
0
1.324
0.1
0
2.924
1.224
1.224
0
2.024
1.424
1.8
2.624
0
1.3
1.724
1.224
0.2
1.224
1.224
0
0.1
0
0
0
0
0.1
0
0
0.1
1.424
0.4
0.2
1.324
0.3
1.724
0
0.1
0.1
0.1
0.1
0.3
0
0.5
1.324
1.324
0
0
1.324
1.324
0.1
2.024
1.224
1.424
2.024
0
0
1.224
0
2.448
2.548
2.948
2.548
1.324
1.524
2.448
2.548
2.448
1.224
2.748
0.1
1.224
1.224
1.224
0
0
0.1
1.7
0.3
0
1.424
0.7
1.524
