1.324
0.2
1.624
1.224
1.224
0.1
0
0
1.324
0
1.224
0
0
0.1
0
0.1
0
0
0
0
0
0
0
0
1.324
0
0.1
1.224
1.224
1.224
0
1.224
1.324
1.224
0.1
1.624
1.224
1.324
0.1
1.624
1.424
0.4
0
0
0
0
0.1
0.1
1.324
1.224
0
0.1
1.424
0
0
0
1.224
0
1.224
0.4
0.4
0
0
0.4
0
1.324
0
0.1
0.1
0.3
1.224
1.324
1.424
1.224
0.9
1.424
0
0
0
1.224
0.1
0
0
0
0
0
0
0
0
0.2
1.224
0
0
0
0
1.524
1.224
1.224
0
0
0
0.2
0.5
1.224
0
1.324
1.224
1.72
0
1.324
1.224
0
1.224
0
0
0.1
1.324
0
1.224
1.324
0.9
0
0
1.424
0
1.224
1.324
0.1
0
0.5
1.224
0
0.2
0
0.1
1.62
0
0
0
2.436
1.424
0
1.836
0
0
0
0.2
0.2
1.224
0.1
0
1.424
1.424
1.224
1.324
1.424
0
1.42
1.324
0.1
1.424
0
1.224
0
0.2
0
0
1.224
0
0.8
1.224
1.324
0
1.224
0.1
0.2
0
0
0
1.324
1.224
0.2
0
0.1
0.1
0
0.1
0
0
0
0.1
1.224
1.324
0.1
0
0
0
1.224
2.448
0
1.324
0
0
0.2
3.66
0
1.224
1.424
0
1.224
0
4.48
0.2
0
3.06
0.8
4.28
0.2
0
1.836
0
0.2
1.524
1.224
1.224
1.324
1.224
1.224
1.524
2.448
1.424
1.224
0
0
0
0
0.4
0
0
0
0
0.4
0.1
1.224
0
0
0
0
0
0.6
1.02
0
0
0
0
0.1
0
0
0
0.2
0.1
1.224
1.224
0.4
0
1.224
0.2
0
1.224
0
3.06
1.324
1.224
0
0.2
1.02
0
0
1.224
1.224
1.224
1.224
1.424
1.224
1.224
1.224
0
0
0
0.1
0
1.224
0
0.1
0
0
0
0
0.1
1.224
0.1
1.324
0.1
0.1
0
0
0.2
1.324
0
1.324
0
0
0
0
0
0
1.224
0
0
0
1.324
0.1
1.524
0.2
0.3
1.224
0.1
0
0
0
0.3
0
0
0.2
0.1
0
0
0
1.524
1.224
0
1.224
0.5
0
1.324
1.836
1.224
0
0.2
1.224
1.224
1.424
0.4
0.8
0
0
1.224
0
0
1.224
1.224
0
1.324
1.224
0
0
0
1.224
0
0
0
0
0
0
0
0
0.1
0
0
0.1
0.1
0.3
1.224
0
1.224
4.18
1.324
2.648
3.568
1.324
1.224
2.448
1.724
1.224
1.324
0
1.02
4.068
2.448
1.224
1.224
1.224
2.448
1.224
1.224
2.448
1.224
1.224
3.06
1.224
1.524
1.424
2.448
3.06
1.224
1.224
7.804
1.224
1.224
1.224
1.224
1.224
1.424
1.324
2.448
1.324
1.224
2.548
1.224
1.224
1.224
2.448
1.224
1.324
1.224
1.224
5.704
2.748
1.224
2.448
1.224
1.224
1.224
2.448
1.224
1.324
1.224
1.224
1.324
1.224
1.224
1.224
1.224
1.324
1.224
5.304
1.324
1.224
1.324
1.424
1.224
1.224
1.224
1.324
1.324
1.224
2.344
1.724
1.424
1.224
1.224
2.548
1.224
2.448
1.324
1.424
1.324
1.224
1.324
1.424
1.224
1.224
4.284
2.444
1.224
1.224
1.224
2.448
1.224
1.224
2.448
1.224
1.224
1.324
3.26
4.08
1.224
1.224
1.724
1.224
1.224
1.224
1.224
2.448
1.224
1.224
1.224
1.824
1.224
1.224
2.448
1.324
1.224
1.224
1.224
1.324
1.224
2.448
1.224
1.224
1.324
1.224
2.448
3.06
1.224
1.224
1.624
1.224
3.06
2.448
1.224
1.324
1.224
2.548
3.06
1.224
2.448
2.448
1.224
2.748
1.324
1.224
1.324
2.448
1.224
1.324
1.524
1.424
1.324
4.284
5.304
1.224
1.224
1.224
2.448
1.224
1.224
1.524
1.224
4.08
1.224
2.448
1.224
1.224
1.324
2.448
2.748
1.324
2.448
2.448
1.224
1.224
1.224
1.224
1.324
1.224
1.224
1.224
1.224
2.948
1.224
1.224
1.224
1.224
1.224
1.224
1.224
2.648
1.224
1.324
1.224
1.224
3.06
1.224
1.224
2.448
1.224
1.324
4.08
1.224
2.448
1.224
1.224
1.224
1.224
1.224
1.424
1.324
1.224
1.224
4.284
1.224
1.224
1.224
1.224
1.324
1.224
2.244
3.448
1.224
2.448
1.224
1.224
4.08
1.224
1.224
1.324
1.324
2.548
1.224
1.324
1.224
4.284
1.324
1.324
1.224
1.224
1.224
1.224
1.224
1.224
1.224
2.448
1.224
1.324
2.548
2.448
1.724
1.224
1.224
1.224
2.448
4.484
1.424
1.324
1.224
1.324
1.224
1.224
1.224
1.824
1.224
2.648
1.224
1.224
1.224
1.224
1.224
2.448
2.448
1.224
1.224
1.324
1.224
1.324
1.324
1.224
1.224
2.648
1.224
2.448
2.448
1.324
2.448
1.224
1.224
1.224
1.324
1.224
1.324
1.324
1.324
1.224
1.224
1.224
1.324
1.224
1.224
1.224
1.224
1.224
2.548
1.224
1.224
1.224
3.26
2.244
1.224
1.224
2.448
1.224
2.448
1.224
1.224
1.224
2.448
1.224
1.224
1.224
1.224
1.224
1.324
1.224
1.224
5.304
2.448
1.224
1.224
1.224
1.224
1.524
1.224
2.444
1.324
1.224
1.224
1.224
1.224
1.324
1.324
2.448
1.224
1.224
1.324
1.224
1.324
1.224
1.224
2.648
1.224
2.448
1.324
1.424
1.224
1.224
1.224
1.224
1.624
2.648
1.224
1.224
1.324
1.224
1.224
2.448
1.224
1.224
1.224
1.224
1.324
1.524
2.548
4.284
1.224
1.224
2.448
1.224
1.224
1.224
2.244
2.448
2.448
1.224
4.284
1.224
1.224
1.224
1.324
2.448
1.424
1.424
1.324
1.224
1.224
1.324
1.224
2.448
1.224
1.224
1.324
1.224
2.448
1.224
1.324
1.224
1.224
1.324
4.284
1.324
1.424
2.448
1.224
1.224
1.224
1.324
1.224
1.224
1.224
1.224
1.324
1.224
1.224
1.324
1.224
1.224
1.324
1.224
2.448
2.448
2.448
1.224
3.26
1.224
1.224
2.448
1.224
1.224
2.448
1.224
2.448
1.324
1.224
1.224
1.424
1.224
1.224
1.224
1.224
5.304
1.224
1.224
1.224
1.524
1.224
1.224
2.448
1.424
1.224
1.224
1.224
1.324
2.448
1.224
1.224
1.324
2.748
3.468
1.424
1.224
2.448
1.224
2.448
1.224
1.224
1.224
1.224
2.748
2.548
2.244
1.224
1.224
1.224
1.224
1.224
1.224
2.448
1.224
2.448
1.224
2.448
1.524
1.224
1.424
1.224
1.224
1.224
1.224
1.224
1.224
5.304
5.304
1.224
1.224
1.224
1.224
1.424
1.424
1.224
2.448
1.224
1.224
2.448
1.224
4.284
1.224
2.548
1.224
2.244
1.224
4.284
1.224
1.524
1.824
1.224
1.224
1.324
1.224
2.648
1.224
2.648
1.224
1.624
1.324
3.06
1.324
1.224
1.224
1.424
1.224
1.224
1.224
1.224
1.224
1.224
1.224
3.16
1.224
1.224
1.224
1.324
1.224
1.224
1.424
1.224
1.324
1.224
4.08
4.284
2.448
1.224
1.524
1.624
1.324
1.224
1.224
1.524
1.224
1.224
1.224
1.224
1.224
1.224
1.324
1.224
1.224
2.548
1.224
1.224
1.324
1.224
1.424
3.06
1.224
1.224
1.224
1.224
1.224
1.424
1.324
1.224
1.324
1.224
1.324
1.224
2.448
2.448
1.424
0.3
0
0
0.4
0.1
0
1.224
0
0
0.1
0.1
0
0
0
1.02
0.4
2.856
0.1
1.32
1.224
2.244
0.2
0
0.1
0
0
0
1.224
0.1
0
0
1.224
0
1.224
1.224
0
1.224
0.2
0
1.324
1.224
1.224
0
0.1
0
0
0
0
0.1
1.224
0.1
0.1
0
0
1.224
0.1
0
0
0
0
0.5
0.1
0
1.424
0.1
0.1
0.1
0.1
0
1.324
1.224
0.2
0
4.08
0
0
1.724
1.224
1.524
0
1.224
1.224
0
1.324
0.1
0
0
1.424
0
0
0
1.324
1.224
0
0.1
0
0
0
0
0
0
1.224
1.424
0
0
1.324
1.524
1.224
0.5
0.1
0
0
0
0
0.3
0.2
0
0
1.224
0
0
0
0
0
0.1
1.224
1.324
0.2
0
0.4
0.1
1.224
0
0
0
0.1
1.424
0
0
0
0
0
0
0.1
0
1.324
1.224
0
0
1.324
1.424
1.324
0.1
0.1
0
0
0
0
1.224
0.1
0
0
1.224
0
1.224
0
1.324
0.1
0.1
0
1.224
0.1
0.3
1.224
0
0.4
3.06
1.224
0
1.324
0
0
0
0.2
1.224
0
0
0
0
1.324
1.324
0.1
0
1.224
1.224
0
0
0
1.224
0
1.224
0
0.2
0
1.624
0
0.1
0.1
0.1
1.424
0.1
0.2
1.324
0
1.224
0.4
0
1.324
0.1
0
0
0
0
0
1.324
1.724
1.224
1.224
0.1
1.424
0
0.1
0.3
0
0.1
0
0
0
0
1.224
0
1.224
1.224
0
0
0
0
0
0.2
0
1.424
1.224
1.324
1.424
0.2
0
0
0
0.4
0.6
1.224
0
0
0
0
0.1
0
0.1
0.1
1.224
0
1.224
1.224
1.424
1.224
0
1.324
1.224
0.1
0.2
0
1.224
0
0
0
1.324
0
0
0.1
1.224
0
0
0
0.2
1.324
0.5
1.324
0
1.224
0
0
3.06
0
0
0
0
0.1
0
1.324
3.06
3.36
1.224
3.16
1.624
0.2
1.224
0.4
0
0
0
0
1.724
0.1
1.324
1.224
0
0
0
0
0.2
1.324
0.1
1.224
0.1
3.16
0
1.224
0
0
0
0.1
0
1.824
0
1.224
1.224
0
1.424
1.324
0
0.1
0
1.224
0.1
1.424
0
0
3.06
1.224
0
1.224
0
1.324
1.524
0.1
0
0
0
0
0
0.1
0
0
0.1
1.324
0
0
0
0
0
1.224
0
1.424
0
0
0
0
1.324
0
1.224
0
0
0
1.224
0
1.224
1.324
0.1
0.1
0
1.424
0
1.424
0.1
0
1.524
0
0
0
0
1.224
0.2
1.224
1.424
1.224
1.224
3.26
1.224
0
1.324
1.324
0
0
1.524
0.1
1.824
0.1
1.224
0.2
0
1.424
1.224
0
0.1
1.224
0
0
0
0
0.1
1.224
0
0
1.224
1.324
1.224
1.224
1.224
0
1.224
1.324
2.124
0.1
0
1.524
0.1
0
0
0.2
0.1
0
0
0.1
0
0.1
1.324
0.2
1.224
0
0.2
0
1.224
0.1
3.16
0
0.2
0.2
0
1.224
0.2
1.224
0
0
1.424
0
0
0.1
1.224
0
0
0
1.224
0.3
0.2
0
0
1.224
0
1.224
0
1.224
0
1.224
0.2
0.2
0
1.224
1.324
0
0
0
0
0
1.224
1.224
0.1
1.224
0
1.224
1.224
0.1
1.224
0
0
0
0
0
1.224
0
0.1
1.224
0
0.1
0.3
0
1.224
1.424
0.1
1.224
0
0
0
1.224
1.224
0
0.1
1.724
0
1.224
0
0
0
1.224
0
0
0.2
0
0
1.224
1.324
0
0
1.224
0
0.1
0
1.224
0
0
1.224
0
0
1.424
0
1.524
0.6
1.224
1.324
0.2
0
0
1.424
0
0
0
1.224
0
0
0
0
0.1
0.1
1.224
1.224
1.624
0.1
0.1
1.224
0.1
0
1.224
0.1
0.1
1.224
0.3
0.1
0
0
1.224
1.224
1.224
0.1
3.16
1.224
1.324
1.624
1.424
0.3
1.424
0
1.324
0.1
0
1.224
0
1.224
0
0
1.224
1.224
0
0
1.224
0.1
0.1
0
0
0
0
0
1.224
0.1
1.424
1.724
0.1
0
0
0.1
0.3
0
0
0
0.4
0.1
0.1
0
0
1.224
1.324
0
1.224
0
0.2
1.624
1.524
0.1
0.1
0
1.724
0
1.324
0.1
0
0.1
1.724
0
0.1
1.324
0
0
0
1.224
1.224
0
1.224
0
1.224
0
1.2
1.224
1.324
1.324
0.1
0.1
0.3
0.7
1.224
1.424
0
0
0.4
1.324
0.2
1.624
0.1
0.1
0.3
1.224
0.1
0.4
1.324
0
0
0
1.524
1.224
1.424
0.1
1.224
0
0.1
0.1
0
1.224
0
0.3
1.424
0
0
0
0.1
0
1.224
1.224
1.624
0.2
1.324
1.224
1.224
1.324
1.224
0
1.424
1.224
0
1.524
1.724
1.224
1.224
0
1.324
0.2
0
1.224
1.324
1.824
0
1.324
0
1.324
0
0
1.224
0.2
0.1
0
1.224
0.1
0.1
0.1
0
0.2
0
0.1
0
1.524
1.224
1.224
0
0
0
0.2
0
1.224
1.224
0
1.524
1.224
1.224
1.224
1.424
0
0.4
0.1
1.324
1.224
0
0
1.224
1.224
0
0.1
0.2
0.1
0
0
1.224
0
1.224
1.624
1.224
0
1.836
0.4
0.2
1.524
0
1.224
1.624
0.1
0
4.18
0
0
0
0
0
1.224
0
0
1.324
0
1.836
0
0.1
0
0.1
0
0.2
0
0
0
0
0
2.244
0
1.224
0.3
0
0
1.224
0
0
0
0
0.3
2.548
3.16
1.624
1.224
0
0
0
1.224
1.224
1.224
1.224
2.548
2.548
1.324
1.224
1.224
1.324
1.424
0
0
1.224
0
1.224
0
0
1.724
1.324
1.224
4.168
0.3
3.968
