0.5
1.824
3.948
3.872
2.648
0.5
1.424
2.448
0.1
1.224
1.724
0.1
0.1
2.224
3.024
1.424
0
2.448
2.448
2.848
0.2
0.5
1.224
2.448
1.524
2.548
2.748
2.748
3.772
2.548
2.448
1.224
1.5
0
0.3
0.8
0.2
0.1
0.1
0.3
0
1.7
0
0.1
0
0
0.2
0.6
0.5
0.1
0
0
0.5
0.1
0.3
1.224
0.1
0
0.1
0.8
1.2
0.4
0.2
4.348
0.4
0.2
0.1
0.2
0.1
1.4
0.5
0.8
0.3
0.1
1.5
2.224
0
1.524
0
0
1.624
0
0
0
0
0
0
0
1.424
3.948
0
1.224
0
0.1
0
0.7
0
0
2.648
2.448
0.1
0.2
1
0
1.224
0.1
0.1
1
0
0.2
0.6
0
0.1
0
0
0.6
0.1
1.524
0
0
4.1
0
2.548
0.4
0.1
0
0.1
0.1
0
0.9
0.7
0.1
0.1
0
0.2
0.6
0.2
0.2
0.3
0.5
1.524
2.448
0
0.3
0
0.1
0.2
0.5
0
0
0.1
0.2
0.1
0
0.5
0.4
0.4
0.2
1
0.3
0.1
0
0
0
0
0
1.324
0
0.1
5.848
0.2
0.5
0
0.1
0.2
1.924
0
0.1
0
0.5
0.2
0.5
1.224
1.324
0.7
1.924
0.7
0.2
0.2
1.324
1.624
0.1
0.2
0.8
0.1
0.7
0
0.2
1.224
1.624
0.2
1.224
0
0.2
1.5
0
0
0.1
1.424
1.224
1.224
0.3
3.748
0
0
2.9
0
2.924
0
0
0
1.224
2.324
2.548
2.548
1.524
1.224
1.224
2.948
1.224
4.072
3.672
0
0
1.224
0
3.824
0.1
0
0.1
0
0.5
0.3
1.324
0
1.424
1.324
1.224
0.1
3.624
0.1
0.1
0.1
0
1.324
0
0
0.7
2.548
0.3
1.324
0
1.324
0.4
1.224
0
1.824
1.224
0
1.224
0
0
0
1.224
1
0
1.324
0
0.3
0
2.448
1.324
3.048
3.672
2.748
0
0.1
0
0.3
0
0
2.448
0
0.9
1.224
0
1.224
0.3
0.1
0
2.648
0.1
0.5
1.824
1.624
0
0.4
0.4
2.548
0.4
1.424
0
0.1
2.448
2.448
1.524
0
0.1
1.324
0
0
1.524
0.8
0.2
0.2
0.1
0
1.224
1.224
0
3.948
2.748
1.224
1.824
1.324
0
0
1.224
1.1
1.224
0
0
2.3
0.2
0.6
0.5
0
1.624
0.8
0.1
0
0.2
1.2
3.5
2.548
0
0.1
0.2
2.448
0
0.2
1.224
0
0
0
1.224
1.324
1.224
1.324
1.324
1.224
0
1.324
1.224
2.448
0
1.924
1.224
1.324
1.224
2.448
3.348
2.448
0
3.672
1.524
2.448
1.424
1.524
1.524
2.548
3.772
5.672
2.548
4.272
0.1
0
1.624
1.224
3.772
2.648
2.448
1.224
1.524
1.224
1.224
2.448
2.448
1.924
2.448
4.948
1.624
2.948
1.224
3.872
1.724
1.324
3.672
2.448
1.324
1.224
3.872
1.524
13.672
1.424
1.324
3.672
1.324
1.924
2.948
3.672
1.424
1.324
1.724
3.248
4.272
1.324
1.724
1.224
3.672
3.672
3.872
3.772
2.448
3.872
2.448
2.448
1.224
1.524
1.324
4.072
1.324
3.672
1.524
1.224
1.224
2.748
2.448
1.324
4.972
1.824
1.224
1.324
1.524
4.072
1.224
1.624
2.524
1.924
3.672
2.524
2.424
1.224
2.548
4.472
1.224
4.272
2.448
1.624
3.148
1.224
2.448
1.224
1.424
3.972
1.224
2.448
4.372
3.972
1.324
1.224
2.448
2.548
2.748
1.224
1.224
3.772
1.324
2.648
2.548
2.448
1.924
1.724
1.224
2.448
1.424
2.548
3.248
3.672
1.224
1.224
2.648
2.748
1.224
2.448
2.448
3.872
1.224
3.772
1.224
2.224
1.424
1.224
1.224
3.672
2.748
2.724
1.324
2.448
1.224
2.448
2.848
3.348
1.224
1.324
2.448
1.224
1.424
1.224
1.524
4.372
1.224
3.672
1.624
3.772
1.624
3.448
3.872
1.224
1.324
1.224
2.848
2.548
1.424
1.224
1.424
1.224
3.248
1.224
1.224
4.672
1.324
1.224
1.224
1.424
1.324
1.524
1.724
1.324
3.872
2.448
2.648
1.224
3.672
1.424
1.224
2.448
1.224
1.224
2.124
1.524
2.448
1.324
2.448
1.224
1.224
2.548
1.424
3.872
1.324
2.948
3.872
1.224
1.724
1.224
1.224
1.224
1.224
1.224
2.448
1.324
3.772
4.072
2.448
2.448
3.772
3.772
1.424
3.672
3.672
1.324
2.448
2.024
2.548
2.748
2.024
1.524
1.224
2.824
4.172
2.548
3.772
1.324
1.324
1.224
3.672
4.072
2.548
2.648
1.324
2.548
1.324
1.324
1.324
1.424
2.548
2.448
2.448
1.324
1.224
3.772
2.548
2.548
1.224
1.224
2.448
1.224
1.824
3.772
2.948
1.224
1.224
1.224
1.524
1.424
2.448
2.648
2.448
3.672
2.848
3.148
1.324
3.248
1.324
1.324
1.224
1.224
2.548
2.548
1.224
2.448
1.324
2.448
2.448
2.548
1.224
3.672
3.548
2.848
2.548
1.224
3.872
2.948
1.224
2.648
3.672
1.424
3.972
1.324
2.948
2.848
1.224
2.548
2.648
1.324
1.324
3.672
1.624
1.224
2.448
2.448
1.424
3.672
2.548
2.548
1.224
1.324
1.724
1.524
1.224
3.672
1.224
2.448
3.772
1.224
1.324
3.772
2.848
2.648
3.772
2.548
2.748
1.524
1.224
1.224
1.324
1.224
2.448
3.672
2.448
4.848
1.224
1.424
2.448
3.772
2.548
1.324
2.448
1.624
4.172
2.448
1.524
1.524
2.548
1.324
2.848
3.672
1.324
1.324
1.224
1.224
1.324
3.048
1.224
2.448
1.224
2.448
4.548
2.948
2.848
1.524
3.748
2.448
1.224
1.324
1.224
1.224
3.672
1.424
2.448
1.524
2.548
1.224
3.672
2.448
1.224
2.448
3.772
2.548
1.224
2.448
2.448
2.548
1.524
2.448
2.448
1.224
3.872
1.224
4.572
2.948
1.424
2.648
3.672
2.848
1.224
2.448
1.224
3.348
3.648
3.872
1.224
2.448
1.424
1.224
1.224
2.748
1.224
3.772
2.548
1.224
2.848
2.448
3.672
2.648
3.772
2.448
1.224
2.448
1.524
3.672
2.548
3.672
1.324
2.448
2.548
1.224
1.224
1.224
3.772
1.224
1.224
1.424
2.548
2.548
2.448
2.548
1.424
2.648
1.224
1.224
1.424
3.672
2.848
2.548
1.224
2.448
2.448
1.224
3.672
1.324
2.448
2.748
2.448
1.224
2.448
3.448
1.224
1.324
1.224
1.224
1.524
1.624
3.672
1.724
1.624
1.224
3.248
1.324
2.548
2.448
3.672
2.548
2.448
1.224
3.248
2.524
1.224
1.224
2.448
3.672
1.424
1.224
2.548
1.624
1.224
2.548
1.224
3.772
1.224
3.048
3.672
1.324
1.224
3.972
2.548
2.448
1.224
1.324
1.324
1.324
1.324
2.448
1.324
1.324
4.772
1.324
1.324
1.224
3.048
2.448
1.224
1.224
1.524
3.872
1.524
2.848
1.224
2.648
1.424
3.672
4.072
4.572
1.424
2.448
3.672
2.548
1.424
2.448
3.248
2.548
4.772
2.748
1.824
1.524
4.072
2.448
4.472
2.548
3.672
3.872
1.224
1.224
1.224
2.748
1.424
2.548
1.224
2.648
3.148
2.448
2.448
3.348
2.548
2.448
1.224
1.324
1.224
2.648
3.672
2.948
1.624
3.972
4.172
2.448
5.272
3.972
2.448
1.224
1.224
1.424
3.672
4.172
3.872
2.448
1.824
1.324
1.424
1.324
1.324
3.248
1.224
1.324
1.224
2.548
1.324
2.448
2.748
1.324
1.424
2.548
2.548
3.248
1.524
1.224
1.224
2.948
1.724
1.224
1.424
2.424
1.724
0.8
1.324
2.448
0
0.1
0.7
1.924
0
0
0
3.624
0
0.6
0.1
1.424
1.224
0.3
1.224
0.3
0
0
0.1
0.1
0.8
0.3
0.1
0
0.1
0
0
2.448
0.1
3.948
0
0.5
0.1
0.1
0
0.3
0
1.224
1.224
0
0
1.424
3.048
0.4
0.1
0
1.324
1.624
1.224
0
0
0
4.3
0.3
0.2
0.2
0.2
2.924
1.324
1.624
0
0.8
0.3
0.1
1.324
0
0.1
1.224
1.4
0.3
0.9
0
0
1.224
0
0.3
0.2
1.424
0
1.1
0.1
0.2
1.824
0.1
1.224
0
0.3
1.624
0
0.1
1.524
0.1
1.424
0.2
0.7
2.448
0
0
1.424
0
1.9
1.824
0.1
0
0.5
1.224
1.2
0.4
0
1.224
0.3
0.3
0
0
0
0.2
0.8
0.6
0
0
1.224
1
0
0.2
0
0.1
0.1
0
0.1
0
0
0.7
0.4
0.1
0
0.4
0
0.4
0
0
1.224
0.2
1.824
1.524
0
0.3
0.1
0
0
0.1
0
0.1
1.224
0
0.3
0.1
0
0.1
0.3
0.2
2.648
0.5
0.1
0.4
1
0.3
0
1.8
0
0.1
0.4
0.6
0.3
2.024
0.2
4.024
0
1.224
2.548
1.424
0
0.6
2.024
0.1
0
1.224
1.324
0.2
0.1
0.1
0
0
0
0.3
3.524
0
0.9
1.224
0.2
0.2
0.3
0.6
0.3
0.8
1.324
0.1
0.2
1.9
0
0
0.1
0.1
0.2
0
0.1
0.4
0.2
0.6
0.2
0
0
0.3
0
0.1
0.9
0
1.824
1.424
0
0
0.1
0.3
0
0
0
0.1
1.424
0
0.1
0.1
0.6
0.3
0.3
0.4
0.3
0.1
1.824
1.224
1.324
0
2.5
3.324
1.224
0.1
0.5
1.224
0
0.1
0.1
0.6
2.124
0
0.1
0.1
0.3
0.5
0.2
0
0.2
0
0.5
0.9
1.224
0.1
0
0.1
0.2
0.7
0.1
1.224
0.4
0
0.1
0
0.3
0.2
0.4
0.2
0.3
0.2
0.4
0.2
0
1.524
1.224
0
0
0.3
1.624
0.1
0
0
1
0
0.1
2.324
3.424
1.324
0.7
0.3
1.4
0
0
1
1.524
1.324
0
1.224
0.1
0
0
0.4
0.1
0.1
0
0.2
0
0
0.4
2.448
0
0.1
0.1
0.4
1.2
0.4
0.3
0.1
0
0.4
0.5
0
0.5
0
0
1.324
0.4
0.2
1.224
0
0.2
0.2
1.324
2.124
0.3
0.1
0
1.624
1.824
1.224
0.1
0
1.624
0.2
0.7
0
0.1
1.224
0
0
0.1
0.5
0.5
0.1
1
0
0
0
0
1.724
2.448
0
0
0
1.224
0
0
0.3
1.924
1.324
0.2
0.4
0.1
0.1
0
0.1
1.224
0.4
0
0.1
1.224
0.7
1.624
0.8
0.7
0.5
0
0.1
0.7
0.5
0.1
1.924
2.224
0.1
0
1.9
1.1
1.5
1.224
0
1.624
0
2.224
0.2
0.1
0.2
0
0.1
0.3
0
0.2
1.824
0.2
0
0.2
0.1
0.3
0
0
0
0
1.324
0.3
5.324
0.6
0.3
2.024
0
0.1
0.4
0.6
0.6
1.424
0
1.524
1.324
0.3
0.3
1.424
0
1.224
0.5
0
0
1.5
0.2
0.1
1.6
0.2
0
0.3
0.5
0
0
0
0.5
0
0
1.624
0.3
0
1.224
0
0
1
0.2
0.3
0.4
0.1
0.2
0
0
0
0
0.1
0.6
0.8
0
0.2
1.924
0
0.1
0
0.1
0
1.5
0.1
0
0.2
0.1
0.1
0
0
0.1
0.3
0.1
0
1.324
0
1.224
0
1.2
0
0
0.3
2.824
0.1
0
0.2
0.1
0.2
0
1.224
0.1
1.224
1.224
0
0.2
3.624
0.1
0
0
0
1.224
0.2
0
0
1.424
0
0
1.224
0.9
0.3
2.448
0
0.1
1.824
0
0
1.324
0.2
0
0
0.1
0.2
0
1.2
1.8
1.724
0.5
1.524
0.2
0
0.3
1.224
0
0.1
0
1.424
0
1.724
0
0.4
0.1
1.524
0
0.8
0.4
1.324
0.5
0
1.224
0
0
0.4
1.424
0.2
0.2
0.2
0
0
0.3
0.1
0.1
0.2
1.224
0.2
0.8
0.3
0.7
1.2
0.1
0.6
0.7
1.224
0
0
1.624
2.448
1.224
0.2
0
1.224
1.224
0.1
0.1
0.2
1.224
0
0
0
0.1
0
1.424
0.2
2.7
0.2
0.3
1.324
0.7
1
1.324
0
0.1
3.224
0
0.2
1.524
0.2
0.2
0.1
0.7
0.1
0
1.524
2.724
0.7
1.924
3.448
0.3
1
1.224
0.1
0.1
1.324
0.2
2.024
0.3
0.1
1.624
1.224
1.224
0.1
0
0.1
0.1
0.3
0.5
0
0.1
6.224
0.1
0.2
0.1
2.548
0.5
2.624
3.824
0
0.7
0
0
2.824
0.1
0.3
0.5
0.4
1
0.3
0
0.4
3.424
0.1
0.2
0
0.1
0.6
0
0.4
0
0.1
0.1
1.424
0.2
0.2
0
0.1
0.4
1.824
0.2
0.1
0.1
0.3
0.1
0
0.1
1.3
0.9
0.1
0.2
0.1
0.1
0.1
0.3
0.6
0
0.1
0.3
1.8
0
0
0.1
0.2
0.8
1.324
0
0.4
3.824
1.224
0.2
0.2
0.1
0
0
0.2
1.3
0.8
0.1
0.1
0.3
0.5
0.4
0
0.7
0
0.4
1.324
1.624
1.224
1.324
0
0
1.324
0.2
1.224
0.1
0.1
3.048
3.324
0.1
0
1.524
0.6
0
2.2
1.424
0.3
0
0
0
3.772
0.3
0
3.348
0
2.648
0
2.648
0.3
1.524
0
6.572
1.224
0
0
2.724
0.5
1.9
0.6
0
1.2
1.524
2.448
0.1
0
0
1.224
1.624
1.224
0.1
0.1
2.448
0.2
2.448
0
1.224
1.324
0.1
1.924
1.224
2.748
0
1.424
1.324
2.448
0
0
1.424
0.1
3.448
1.224
1.424
0.3
1.224
1.224
0
0.1
3.648
2.448
0.4
0.6
0
0
0
0.1
2.448
2.448
1.624
2.748
1.424
3.148
2.548
1.324
2.448
3.672
2.948
0.3
2.448
2.448
0.1
0
0
0.4
2.4
0.4
0.3
1.924
3.548
1.924
