0.5
0.1
3.548
3.86
2.848
0.1
0
0
0.1
0
0.2
1.224
0.3
0.9
0.4
0
0
0
0
0.1
2.448
2.648
0
0
2.036
0.1
0.3
2.848
3.772
2.448
0.1
2.648
1.3
0
0.1
0.3
0
0
0
0.3
0.2
2.224
0
0.1
0
1.224
0.2
0.1
0.1
2.548
1.324
0
3.048
0.1
0
0
0.1
0
0
1.824
0.8
0.3
0
0.9
0.4
0
0
0.1
1.524
1.4
0.4
1.924
0.4
0.1
2.924
0.8
0
0.4
0
0
1.324
0
1.224
0
0.1
0
0
0
0
0.9
0
0.3
0.3
0
0
1.324
1.524
0
0
0
0.1
0.4
0.1
0.2
1.836
0
0
0.6
0.1
0
0.2
0.1
0
1.324
0.1
0.7
0
0.1
0
0
2.2
0.1
0
0.5
0
0
0
1.224
0
1.524
0.1
0.1
0.3
0
1.424
0.1
1.224
1.424
1.324
0.7
0.3
0.1
0
1.324
0
0
1.424
0.1
0.1
0
1.324
0.1
0.1
0.1
0.5
0.1
0.2
0
1
0.2
0.1
0
0
0
0.1
0.1
0
0
0.1
2.6
0
0.3
1.224
0
1.224
1.824
0.2
0
2.448
0.2
0.1
1.424
0
1.324
0.8
1.624
2.024
1.224
0.1
1.224
0.3
1.324
0.3
1.624
1.524
1.324
1.224
0.1
1.324
0.3
0.2
0.1
0
1.324
0.9
0.1
0.2
1.624
1.624
0
1.324
0.1
0.7
0
0
1.6
0.2
1.1
0
1.224
0
1.324
4.048
2.448
2.448
2.648
2.448
2.448
3.048
2.548
2.848
2.448
1.324
1.836
3.26
0.2
2.624
1.924
1.224
1.424
1.836
2.324
3.96
1.324
0
0
0
0
1.224
3.936
1.224
0.1
1.224
0
0
1.224
0
0.1
1.924
1.524
4.284
0
0
0.3
1.224
0
0.2
1.224
1.324
2.448
0
0.2
1.524
1.224
0.7
1.224
1.324
0
1.224
0
1.224
1.324
2.748
2.448
3.048
0.3
1.224
1.324
2.548
2.548
2.448
2.448
0
0.7
0
0
0
0.1
0.1
0
0
0.1
0.3
0
0
0
0.1
0.4
0
0.5
2.636
0
1.224
0
0
1.424
0
1.324
0
1.324
0.1
0
0.1
0.2
0.5
0.1
0
0
0
0
0.9
0
0
3.66
3.46
0
0
0
0.8
0
0
1.224
1.1
0.1
0.3
3.66
1.224
3.46
0.1
0
1.224
0.2
0.6
1.7
0
2.236
0
0
0
1.624
1.224
0
1.324
1.224
1.324
0.3
2.036
1.224
2.036
1.324
1.224
1.224
3.26
3.06
0
0
0.5
0
0
0
1.524
2.724
1.224
0
1.224
1.524
2.548
2.748
1.324
3.36
1.324
2.648
4.86
1.224
3.36
1.324
0
2.548
1.224
1.224
2.548
4.384
1.224
3.248
2.448
3.672
2.448
2.448
6.208
2.448
3.324
3.348
1.324
2.448
2.648
1.224
1.224
1.224
1.224
1.324
3.672
2.848
2.548
1.924
1.224
5.808
1.224
2.548
13.008
5.484
3.26
1.324
4.584
3.76
6.408
1.624
1.324
1.724
2.648
1.324
4.284
1.724
1.224
1.224
1.324
4.384
1.224
2.548
6.108
2.848
1.424
1.324
1.224
3.348
1.424
2.648
3.048
1.224
3.06
6.284
3.248
2.448
2.548
4.46
4.384
1.324
1.724
3.848
1.624
1.224
3.048
1.924
1.424
3.16
2.748
3.148
1.724
1.224
1.824
1.624
2.548
1.224
1.224
1.224
1.524
1.324
2.448
3.66
1.324
2.448
1.224
1.224
4.384
4.684
2.648
2.448
1.224
3.772
3.972
2.448
1.524
2.948
4.36
1.224
3.16
2.548
4.684
4.86
1.224
2.448
1.224
2.548
2.648
2.448
2.548
4.584
1.424
2.548
4.484
1.224
2.324
2.548
1.224
5.508
1.224
4.072
6.484
2.548
2.448
1.224
2.548
2.848
2.648
2.448
1.224
2.748
1.224
1.524
2.748
1.424
1.624
2.648
1.324
2.648
3.56
2.548
4.484
3.348
3.772
1.224
2.448
1.224
4.484
2.648
1.224
3.26
2.548
3.148
2.448
1.324
1.924
1.424
1.224
1.224
1.424
2.448
3.148
5.284
4.072
2.448
2.448
1.424
2.448
3.06
2.548
2.448
1.324
3.672
2.448
1.824
2.848
1.224
2.448
1.324
1.324
2.548
2.448
1.224
1.224
4.584
2.548
2.548
1.224
5.684
1.324
1.224
2.448
2.648
2.548
2.448
1.224
1.324
2.748
1.224
2.448
1.424
2.024
2.448
1.224
1.224
1.224
1.424
6.708
1.424
1.324
5.884
1.324
3.06
2.524
2.548
2.448
1.224
3.16
1.624
4.484
1.224
3.36
6.008
2.748
3.36
3.26
4.484
4.384
4.484
2.548
2.548
4.384
1.224
3.06
5.608
1.424
5.608
1.224
1.224
4.384
1.224
1.324
4.26
1.224
5.184
1.224
1.224
1.224
3.86
3.772
3.672
3.872
5.508
1.224
1.424
3.848
3.06
4.272
4.284
2.648
2.548
1.224
3.16
2.648
1.224
2.448
3.872
2.448
2.548
4.884
1.224
2.448
2.748
4.984
3.048
3.16
3.06
1.724
1.224
5.508
1.324
3.672
2.748
4.284
1.424
2.848
3.16
1.224
1.224
2.448
3.66
1.324
1.424
3.672
2.448
3.672
4.784
1.424
1.324
2.448
2.748
1.424
2.848
4.684
1.224
4.484
1.224
2.448
1.424
1.224
1.224
1.324
2.548
2.548
1.224
1.224
2.748
4.484
1.524
1.224
3.16
1.224
2.448
4.284
1.224
2.424
2.448
3.46
5.608
1.224
4.484
2.448
4.384
4.384
1.224
2.448
4.484
3.148
1.524
2.448
2.548
2.448
4.284
4.584
1.224
1.324
5.608
2.124
2.448
2.448
2.548
2.448
3.524
3.548
2.024
1.224
1.624
3.672
2.448
1.224
2.448
3.672
1.224
4.072
1.224
3.248
2.648
1.224
1.224
1.224
1.224
2.448
3.772
2.548
1.224
4.584
4.284
2.648
1.424
1.224
4.384
2.548
3.148
1.224
1.724
1.824
3.872
5.808
1.224
2.124
3.26
2.648
2.448
1.424
2.524
2.848
1.224
4.384
2.448
2.548
1.224
1.324
1.224
4.784
2.448
1.224
2.548
4.284
4.384
3.772
1.324
1.224
2.748
2.448
3.772
1.324
2.648
4.284
4.584
2.448
1.324
1.224
1.224
1.224
2.648
1.224
1.224
4.684
4.484
1.324
4.384
1.224
1.224
1.224
1.224
3.06
1.224
1.224
2.548
2.648
2.548
2.448
1.224
1.224
1.224
2.548
1.224
3.048
2.448
3.16
3.772
3.248
1.224
1.424
2.548
3.872
4.272
2.748
1.324
3.148
1.924
2.448
3.748
1.224
2.648
2.548
1.224
2.548
4.384
2.548
6.708
4.66
4.384
1.324
4.284
1.224
5.708
2.748
1.824
2.848
5.808
1.224
1.324
1.424
4.384
4.272
2.448
3.148
3.16
1.424
1.224
1.224
1.324
2.548
2.448
2.548
3.46
1.224
1.224
1.524
2.024
4.684
2.548
1.224
1.924
3.06
2.448
1.224
2.748
2.448
1.924
3.348
3.672
1.424
1.224
1.224
4.784
5.684
2.648
3.672
3.16
2.448
4.172
2.448
4.348
1.324
4.048
2.948
4.072
1.224
4.684
2.448
2.124
2.748
2.548
2.548
3.772
3.772
3.672
5.808
3.772
2.848
2.448
5.808
5.908
5.508
2.648
2.124
1.224
2.648
1.224
1.224
1.224
3.06
1.324
3.66
5.072
4.884
3.148
2.448
2.024
1.224
1.224
4.384
3.672
4.484
1.224
1.924
1.524
2.548
2.548
3.672
3.772
4.172
3.872
1.424
3.672
5.608
1.224
3.672
1.324
3.672
4.272
3.772
3.672
3.672
2.548
4.572
2.948
4.384
4.384
4.272
2.636
0
1.524
2.624
1.524
3.86
2.448
0
2.448
0.2
1.624
3.46
0
2.448
1.836
1.3
1.224
0.4
0
1.224
4.484
1.924
1.224
0
0.1
0.2
1.224
0
0.1
1.224
0.1
0
1.224
1.224
1.224
0
0
0.7
1.224
0.4
1.324
0.1
0
1.824
0
0
0
1.324
1.324
0.2
0.6
0.2
2.536
1.324
0
0.2
0
1.324
1.224
1.424
4.024
0
1.224
0.2
1.224
1
1.324
0.2
0
1.824
1.324
0
1.836
0
1.224
1.224
1.724
1.424
0.9
0.1
0
0
0
0.1
0
0
1.224
0.5
1.324
1.624
0.1
1.324
2.748
1.224
0.1
1.624
1.224
1.524
0
0.1
1.224
1.324
1.424
0
1.224
1.224
0.5
0
1.724
1.524
1.324
0
1.424
1.836
1.924
0.3
1.224
1.224
0.2
0
0
0
0
0.1
0.3
1.224
2.448
1.224
0
1.524
1.224
1.324
1.224
0.1
0
1.324
0.4
1.324
1.224
1.324
1.324
1.224
1.424
0.3
1.324
1.224
0.1
1.224
0
0.1
0.1
0.2
1.324
2.648
0
0
0
1.424
0
1.224
0
1.324
0.2
0.1
1.224
0.1
0.3
1.324
0.2
1.324
1.224
1.324
1.424
0.1
1.224
0.2
0
0
1.224
1.724
1.224
0.1
1.324
0.7
0.4
0.1
0
0
1.836
0.4
0.3
1.324
1.324
1.424
0
1.624
1.424
0
2.548
1.224
0
1.324
0.5
1.224
0.7
0
1.224
0.2
0.3
1.224
2.448
1.424
1.324
1.224
1.424
1.3
1.324
0.1
2.548
0
1.324
1.224
0
0.1
0.2
0.2
0.1
0
1.224
1.524
1.324
1.224
1.624
0
1.424
0.4
1.224
1.224
0
1.324
1.224
0
0.1
1.224
0.3
1.224
1.324
1.224
1.424
1.324
0.3
1.324
0.3
1.324
0.3
0
0
1.224
1.6
0.8
0
0
0.3
0
1.324
1.424
0.3
1.424
1.524
0
0.2
0
0
0.2
1.324
0
1.324
0
0.6
0.5
0
1.424
2.448
0
1.324
1.524
1.224
1.224
1.324
0
1.224
1.324
1.224
1.424
1.324
1.524
1.224
1.324
1.324
0
1.324
0.1
0
1.224
1.224
1.324
0.2
0
0.2
0
0.6
0
0
1.824
0.7
2.448
0.3
1.324
0.5
0
1.224
2.124
0.1
0.2
0
1.224
0.1
1.324
2.448
2.848
0.1
1.224
0
1.424
0.3
1.224
0.3
0
1.224
1.224
1.324
1.224
1
1.324
0.3
0
0
1.324
1.224
1.224
0.6
1.224
1.224
0.1
0.1
0.1
0
0.2
1.224
1.224
0.1
0.4
1.624
0.2
0
0.1
0
2.448
0.1
0
1.324
1.324
1.224
1.224
0.1
0.1
1.424
1.224
1.224
0
0.1
1.324
1.1
0
1.224
0
1.224
0
1.224
0.2
1.324
1.224
1.424
1.224
1.224
0.4
1.324
0
0
1.424
1.224
0
1.224
0.2
0
0.3
0.1
2.136
0
1.324
0.4
1.324
1.324
1.524
0
1.324
1.836
0.3
0
1.624
0.4
2.648
1.324
1
1.724
0.7
0.1
0
1.324
2.448
0.5
0
1.224
1.624
0
0
1.224
0
1.324
0.2
0.1
0
1.324
1.324
0.1
0
1.224
2.448
1.224
0.4
2.748
3.124
1.524
0.2
1.624
0
0.1
1.424
0.2
0.3
1.224
1.424
1.224
0
1.324
1.224
0.1
1.224
0
0.2
0
1.224
0.4
0.1
1.224
0.5
0.1
1.224
0.4
1.324
0.1
1.224
1.224
1.524
0
1.224
1.524
1.324
1.224
0.2
1.224
0
1.624
2.648
0
1.324
0.1
0
1.224
0.1
1.224
0.1
0
0.7
0.2
1.224
0
0
1.224
0
1.424
0
1.224
1.1
1.324
0
0
1.324
0
0
1.424
0
1.724
0
0
0
0
0.1
1.224
0.7
0
0
1.524
0.8
1.224
0
0.1
1.424
0.1
1.224
1.324
2.036
0.1
0
0
1.224
2.324
1.224
0
1.224
0
1.224
0.1
1.324
1.424
1.324
1.224
0
1.324
1.624
1.224
0
0
1.224
1.324
0
0
0
0
0
1.324
1.224
0.1
1.224
0.4
2.524
0.2
1.224
0.2
2.448
1.224
0.2
0
1.224
1.224
1.224
0
1.324
0.4
0
0.1
1.524
1.324
0
0.3
1.524
1.424
0.2
1.224
0
0
0
1.424
1.524
1.324
1.224
1.224
0
0.1
0.3
0.1
1.624
0.1
0
0.1
0.2
1.224
1.424
1.824
1.224
2.448
1.224
1.224
1.224
0
1.524
0
0
0.1
0
1.224
1.224
0
1.324
0.2
0
1.224
1.224
0
1.224
0
1.524
0.1
1
0
0.1
0
0.3
2.024
1.224
0
0.2
3.148
1.224
1.836
1.224
1.524
1.424
0.3
0.4
0.3
0
0.1
1.424
0.2
0.4
0.4
0
0.7
1.224
0
1.324
0.1
1.224
1.324
1.324
0
0.3
0
0
1.324
1.224
0.1
1.224
0.2
1.424
1.224
2.548
2
1.324
1.224
0.1
0.1
0.2
0.8
0.5
0
1.624
1.324
0
1.824
0
0.3
0.8
0.2
3.96
0.3
1.224
1.424
2.824
1.224
1.224
1.224
0.1
1.624
0.1
1.424
1.324
0
1.224
1.224
1.224
1.324
0
1.324
2.648
0.4
1.224
0.1
1.224
0.2
1.224
0
0
3.148
2.548
0
0.2
0
1.224
1.224
1.324
1.424
1.324
1.324
1.524
0.7
0
0.2
1.324
1.224
1.524
0.1
0
1.624
0.9
0
0.1
1.224
0.5
0
1.324
0
2.024
1.524
1.224
1.424
1.324
1.324
1.524
0
1.824
0
2.548
1.324
1.324
4.384
2.448
0
2.448
0
2.548
0
0.2
0.1
0
0.5
0.1
1.224
0
0.4
0
1.5
0.2
2.548
0
0
0
3.16
0
0
0.6
4.484
0
0
0.1
4.484
0.1
0
3.724
2.548
1.224
3.06
2.324
4.06
1.2
2.324
0
1.4
2.948
1.224
0
1.324
3.06
1.836
2.136
0
0
1.524
0.1
0.1
0
3.06
0
2.448
0.2
1.624
1.224
1.424
3.56
0.1
0.1
1.324
0.1
1.324
0
0
2.224
1.224
2.448
0.1
0
1.324
1.224
0
4.06
1.224
2.848
1.524
0.1
0
2.448
2.136
3.672
3.872
2.548
4.384
1.324
1.324
3.872
2.748
3.672
1.224
2.448
0.1
1.224
3.06
1.224
0
0
0.3
2.3
0.2
0.2
2.748
0.9
2.848
