0.1
0.2
4.572
4.784
4.072
0
0
1.224
0
0
0.1
1.224
0
0.9
0.4
0
0
1.224
1.224
1.224
1.224
1.424
1.324
1.224
2.036
1.324
1.424
2.648
3.672
2.448
1.224
2.448
0.6
0
0.1
0.2
0
0
0
0.3
0.1
1.824
0
0
0
1.224
0.1
0.2
0.1
1.324
1.324
0
1.624
0
0
1.324
0
0
0
1.524
0.8
0.1
0
1.724
0.3
0.1
0
0
1.224
0.5
0.3
1.424
0.1
0.1
2.024
0.5
0
0.5
0.1
0
3.148
0
1.224
0
0
0
0
0
1.224
1.724
0
1.224
0
0
0
1.324
1.324
0
1.224
1.224
0
0.2
0.3
0.1
3.06
0
0
0.9
0
0
0.2
0
0
1.224
0.1
0.2
0
1.324
0
0
1.7
0
1.224
0.4
0.1
0
0
1.224
0.1
1.324
0.1
0
0.1
0
1.524
0.3
1.224
1.224
1.424
0.4
0
1.324
0
1.324
0
0
1.424
0.1
0
0
1.324
0
0.1
0.1
0.3
0
0.2
0.2
0.4
0.2
0.1
0.1
0
0
0
0
1.224
0
0
2.824
0
0.5
1.224
0
1.224
2.948
0.1
0
1.224
0.3
0.2
1.324
0
2.448
0.4
2.548
1.524
1.224
0
2.448
0.1
1.224
0
1.524
1.224
1.224
1.224
0.2
1.224
1.824
0
1.224
0
0.3
1.3
0
0
1.724
2.748
1.424
2.448
0
1.524
0
0
0.8
0
0.7
0
0
0
2.448
3.548
3.772
3.772
2.648
2.448
2.448
3.772
2.548
3.772
3.672
1.324
1.836
4.584
0
3.748
1.324
0
1.224
1.836
2.024
3.76
1.224
0.1
1.224
0
1.224
1.224
2.636
0
0.1
0
0
1.224
1.224
0
0.3
2.648
1.524
4.284
0
0
0.4
2.448
0
1
2.448
0
2.448
0
0.1
0
2.548
0.4
0
2.548
0
1.224
0
2.448
1.224
3.872
3.672
3.872
0
1.224
1.224
1.324
1.224
1.224
3.672
0
0.8
0
0
1.224
0
0.2
0.1
1.324
0
0.2
0.1
0
0
0.2
0.2
1.224
0.4
3.46
0
1.324
1.224
1.224
2.648
0
1.324
0
1.324
0
0
0.1
0.1
0.2
0
0
1.224
0
0
1.924
1.324
1.324
3.26
3.36
0
0.1
0
0.7
0
0
1.224
0.9
0
0.3
3.56
1.224
4.684
0.2
0
1.224
0
0.3
1.6
1.224
2.036
0
0
1.224
1.224
1.324
0
1.224
1.224
1.224
0.1
3.16
2.448
2.136
2.448
2.448
1.224
3.16
3.06
1.224
0
1.424
0
0
0
2.648
3.048
2.548
0
2.448
1.424
3.772
2.648
1.324
3.16
1.224
3.972
5.284
2.448
4.684
1.224
0
1.424
1.224
2.448
3.672
5.608
1.224
2.548
2.548
2.448
3.672
3.672
4.384
3.672
2.524
2.748
2.448
1.224
2.448
1.324
1.224
2.448
2.648
1.224
2.448
3.772
2.548
2.948
1.324
4.484
2.448
2.648
5.484
10.108
4.484
1.224
4.384
3.36
5.608
2.648
1.324
1.624
2.548
2.848
5.508
2.548
2.448
2.548
2.448
5.508
2.448
2.548
4.784
2.748
2.448
1.324
2.448
2.748
1.224
1.424
1.624
2.448
3.26
6.408
2.748
2.648
2.548
3.36
5.508
1.224
1.324
4.048
1.424
2.448
3.048
1.824
1.224
4.284
3.972
2.948
2.848
2.448
1.324
2.848
2.448
1.224
1.224
1.224
2.648
1.224
3.672
4.584
2.548
2.448
1.224
2.448
5.608
5.608
1.424
1.224
2.448
2.448
3.772
3.672
1.324
2.648
3.46
1.224
3.26
2.548
5.608
5.184
2.448
1.224
1.224
3.972
3.772
2.448
3.772
5.608
2.548
2.548
5.508
1.224
2.224
2.448
1.224
4.284
2.448
4.172
4.584
2.548
2.448
1.224
3.872
3.772
3.772
2.548
1.224
3.672
1.224
1.224
2.548
1.524
2.848
2.448
2.548
1.424
4.284
2.748
6.108
4.372
2.448
1.224
1.224
1.224
5.508
2.748
1.224
3.16
2.448
4.172
2.448
1.224
2.848
1.224
1.224
1.224
1.224
2.448
1.624
4.684
2.548
3.772
2.448
1.324
2.448
4.284
2.548
1.224
2.448
2.448
2.548
1.324
2.548
2.448
2.448
1.224
1.224
2.648
3.672
1.224
2.548
4.384
2.448
3.672
1.224
3.76
1.224
1.224
2.448
2.548
1.224
3.672
1.224
2.448
2.448
1.224
3.672
2.748
3.248
2.548
2.448
2.448
1.224
2.548
4.884
1.324
1.224
3.56
1.224
3.06
1.824
3.772
3.672
2.448
3.06
1.324
4.484
2.448
4.484
5.708
3.672
3.16
3.06
4.484
3.26
4.284
2.448
2.448
5.508
2.548
3.06
4.284
2.748
5.608
1.224
1.224
4.384
2.448
1.324
3.86
2.448
4.484
1.224
1.224
1.224
3.26
2.748
3.672
2.448
5.608
2.448
1.524
4.672
3.36
3.972
4.384
1.224
2.548
1.224
4.284
3.772
1.224
3.772
2.548
3.772
3.872
4.884
1.224
3.672
2.648
4.584
3.972
3.06
4.284
3.148
1.224
5.508
2.448
2.448
3.972
4.384
1.224
3.872
3.06
2.448
2.548
2.448
3.26
2.448
1.424
2.448
3.672
3.672
4.684
2.548
2.548
3.672
1.324
1.224
2.848
4.784
1.224
5.508
1.224
3.772
2.448
1.224
1.224
2.448
3.872
2.448
2.548
1.224
3.772
4.384
1.324
1.224
3.26
1.224
2.548
5.508
2.448
2.324
2.548
3.46
5.608
2.548
5.808
2.448
5.508
4.384
2.548
3.672
3.16
2.848
2.748
2.448
4.272
3.772
4.284
4.284
1.224
1.224
4.284
3.148
2.548
3.772
2.548
3.672
2.424
3.972
1.324
1.324
1.624
3.772
2.448
1.224
2.448
2.448
2.448
2.548
2.448
2.748
3.772
1.224
2.448
2.448
1.224
3.772
3.672
3.672
1.224
4.484
4.284
3.772
1.224
2.548
5.808
2.448
2.748
1.224
2.848
2.848
2.448
5.608
2.548
3.248
3.06
3.672
1.224
2.648
3.148
3.972
1.224
4.384
2.548
2.448
1.224
2.548
1.224
5.908
3.672
1.224
3.772
5.508
5.508
3.772
2.448
2.448
2.548
3.672
2.448
2.448
3.872
5.508
3.16
3.672
1.224
1.224
1.224
1.224
3.672
1.224
1.224
4.384
5.508
1.324
5.508
1.224
1.224
1.224
1.224
3.06
1.224
2.448
3.772
3.772
2.448
3.772
2.548
1.224
2.448
2.548
2.548
4.072
3.772
3.06
3.672
3.972
1.224
1.224
2.548
2.448
2.748
2.648
2.448
2.648
1.524
1.224
4.272
1.424
3.672
3.672
2.548
3.772
5.508
2.548
5.608
3.66
3.16
1.224
5.508
2.448
4.284
2.548
2.648
2.548
4.384
2.548
1.324
2.548
4.484
3.872
3.672
1.224
3.06
2.648
2.448
1.224
1.224
2.548
1.224
1.424
3.16
2.548
1.224
1.324
2.748
4.784
2.748
1.224
1.424
4.284
2.448
1.224
2.648
3.672
1.524
4.472
2.548
1.324
1.324
2.448
6.108
6.408
2.648
3.672
4.284
3.672
2.548
3.672
4.072
2.548
4.172
4.372
2.548
1.324
5.608
3.672
2.848
3.972
3.772
3.772
2.448
2.448
2.448
5.508
2.548
3.672
2.448
5.708
5.708
5.708
3.872
3.048
2.448
3.972
1.224
1.224
1.224
3.06
2.548
4.384
3.448
5.608
3.972
3.672
2.948
2.448
2.448
4.284
2.448
4.384
2.448
2.748
2.548
3.772
2.948
2.448
2.448
2.648
2.548
2.548
2.448
4.484
1.224
3.772
1.224
3.872
3.972
2.548
2.448
3.872
3.772
3.772
2.848
3.06
3.06
3.972
3.26
1.224
2.648
3.148
2.448
2.336
1.224
1.224
1.224
0.1
1.524
4.484
0.1
1.224
1.836
0.5
0
0.3
0.1
2.448
4.284
1.524
2.448
0.2
0
0.1
1.224
0
0.3
1.224
0.1
0
1.224
0
0
1.224
0
2.324
1.324
0
1.224
0
0
1.524
0
0
0
1.224
1.224
0
1.424
0.1
2.036
1.224
0
0.2
1.224
1.224
1.324
1.424
2.424
0.2
1.324
0.4
1.324
0.5
1.424
0.1
0
1.524
1.224
0
1.836
0
1.224
2.448
1.724
1.424
0.2
0.1
0
0
0
0.1
0
1.324
1.224
0.2
1.424
1.224
0.2
1.224
1.524
1.324
0.1
2.548
1.324
1.224
0
0.1
2.448
1.324
1.224
1.224
1.224
1.224
0.2
0
1.424
1.524
1.224
0
1.224
1.836
1.624
0
1.224
2.448
0
0.1
0
0.1
0.1
0.2
0.1
1.324
1.224
1.224
0
1.424
1.224
1.224
1.224
0
0.2
1.424
0.2
1.224
1.224
1.424
1.324
1.324
1.224
0.1
1.224
1.324
0
1.224
1.224
0
0
0.1
1.224
1.224
0
0
0
1.324
0
1.224
1.224
1.324
0.1
0
1.224
0
0.2
1.324
1.224
1.524
1.224
1.324
1.624
0
1.224
0.3
0
0
1.324
1.324
1.324
1.324
1.324
0.9
0
0
1.224
0.2
1.936
0.1
0.3
1.324
1.224
1.324
0
1.224
1.324
0
1.224
1.224
0
1.424
0.4
1.224
0.3
0
1.224
0
0.1
1.324
1.224
1.224
2.548
1.224
1.224
1
1.224
0
1.324
0
1.324
1.224
0.1
0.1
0.1
0.2
0
0
1.224
1.424
1.224
1.224
1.324
0
2.648
1.224
1.224
1.224
0.1
1.224
1.224
0
0.1
1.224
0.1
1.224
1.324
1.324
1.324
1.224
0.2
1.424
0
1.224
0.2
0
0
1.224
0.6
0.5
0
0
0.1
0
1.224
1.424
0
1.424
2.748
0
0
0
0
0
1.224
0
1.324
0
0.3
0.4
1.224
1.224
1.224
0
1.424
1.524
1.224
2.448
1.224
0
1.224
1.224
1.224
1.424
1.324
1.324
1.224
1.424
1.224
0
1.324
0
0
1.224
1.224
1.224
1.324
0
0.1
0
0.3
0
0
1.424
0.2
1.224
0.2
1.224
0.6
0
1.224
1.724
0
0.1
0
2.448
0
1.324
1.224
1.524
0
1.224
0
1.424
0
1.224
0.1
1.224
1.224
1.224
1.424
1.324
0.2
1.224
0.1
0
0
1.324
1.224
1.224
0.4
1.224
1.224
1.324
0
0.2
0
0
1.224
1.324
0.1
0.1
1.624
0
0.1
0
0
2.448
0
0
2.648
1.224
1.324
1.224
0
1.224
1.324
1.224
1.324
0.2
0
1.224
0.3
0
1.224
0
1.224
1.424
2.548
0
1.324
1.224
2.448
1.224
1.224
0
2.648
0
0
1.424
1.224
0
1.224
0
1.224
0.2
0
1.836
1.224
1.324
0.1
1.324
1.224
1.224
0
1.224
2.036
0.5
0
2.548
0.2
1.224
1.324
0.5
1.224
0.5
0
0
2.548
1.224
0.2
0.1
1.224
1.424
0
0
1.224
0
0.1
0.3
0
0
1.524
1.324
0
0
1.224
1.324
1.224
0.2
1.324
2.424
1.324
0.3
1.324
0
0.1
1.424
0.2
0
2.648
1.224
2.448
0
1.424
1.224
0.2
1.224
1.324
0.3
0
1.324
0.4
0
1.224
0.4
0.2
1.224
0.1
1.324
0
1.224
1.224
1.224
0
1.224
2.548
1.224
1.224
1.224
1.224
0
1.324
1.224
0
1.324
0.1
0
1.224
0.1
1.224
0
0
0
0.3
1.224
0
0
1.224
0
1.224
0
1.224
0.3
1.324
0.1
0.1
1.224
0
0
1.224
0
1.524
0.1
0
0
0.1
0.1
1.224
1
0
0
1.424
0.3
1.224
0
0
1.324
0
1.224
2.448
1.836
0
0
0
1.224
1.824
1.224
0
1.224
0
2.548
0.1
1.224
1.224
2.648
1.224
0.1
1.224
1.624
1.224
1.324
0
1.224
2.648
0.1
0
1.224
0
0
1.324
1.224
0.4
1.224
0.3
1.724
0.1
1.224
0.1
1.224
1.324
0
0
1.224
1.324
1.224
0
1.324
0.1
0
0
1.424
1.224
0
0.4
1.324
2.648
0.1
1.224
0
0
0
1.324
2.548
1.324
1.224
1.224
0
0
0
0
1.324
0
0
0
0.4
1.224
1.424
1.524
1.224
1.224
1.224
2.448
1.224
0
2.448
1.224
0
0.1
0
2.448
2.448
0
1.224
0
0
1.224
1.224
0
1.224
0
2.648
0.1
0.7
0.1
0.2
0
0.3
1.824
2.448
0
0
2.848
1.224
1.936
2.748
1.324
1.324
0.1
0.2
0
0
0
2.648
0.2
0.2
1.324
0
0.5
2.448
0.1
1.224
0
1.324
1.224
1.224
0.1
0
0.1
0
1.224
1.224
0
1.224
0.1
1.424
1.224
1.224
1.7
1.224
1.324
0.1
1.224
0.1
1.524
0.5
0
1.424
1.324
0
2.024
0.2
0.3
0.4
0.1
3.56
0.1
1.324
1.424
3.548
1.224
1.424
1.224
0
1.324
0
1.724
1.324
0
1.224
2.548
1.224
1.324
0
1.224
1.324
0.3
1.224
0
1.224
0.2
1.524
0
0
1.524
1.324
0
0
0
1.224
1.224
1.224
1.324
1.224
1.324
1.524
0.4
0
0.1
1.224
1.324
1.524
1.224
0
1.324
0.7
1.224
0
1.224
0.1
0
1.324
0
1.624
1.624
1.224
1.324
1.324
1.524
1.624
0
1.624
0
1.224
2.548
2.648
4.284
2.448
0
1.224
0.1
1.524
0
0.2
0
1.324
0.4
0
1.224
0
0.3
0
0.8
0.1
1.224
0
0
0
4.284
0
0.1
1.424
3.36
1.224
0
1.224
3.16
0.1
0
3.948
1.524
1.224
1.836
1.724
3.56
0.7
1.524
0
0.6
2.648
2.548
0
1.224
3.06
1.836
1.836
1.324
0
0.3
1.224
0.2
1.224
1.836
1.224
2.448
0.3
0.5
2.548
1.524
3.36
1.224
1.324
1.224
0.2
0
1.224
0
1.924
2.448
2.548
0
1.224
1.224
1.224
0.1
5.584
2.548
1.224
1.724
0
0
1.224
1.936
3.772
3.772
2.648
5.708
1.224
2.648
3.872
2.548
3.672
2.448
3.972
0
2.448
3.06
1.224
0
0
0
1
0.2
0
2.024
1.924
1.524
