2.648
0
1.624
1.624
2.448
0
0
0
1.224
0
1.324
0
1.324
0.8
0.3
0
1.224
0
0
0.1
0
0.1
0
0
1.324
0
1.224
1.224
1.224
1.224
0
1.224
2.224
1.324
1.424
1.424
1.224
1.224
0.1
1.524
1.224
1.524
0
0
0.2
0
1.424
1.224
1.424
1.424
0
0
1.324
1.424
0.1
0
2.448
1.224
1.224
0
1.924
1.324
0
0.3
1.424
1.324
1.224
1.224
0
1.824
1.424
2.548
2.448
1.224
2.224
1.424
1.224
0.1
1.224
1.224
0.1
1.224
0
1.324
0
1.324
1.324
0
0
1.724
1.224
0
2.448
1.224
1.224
1.324
1.224
2.448
0
0
0.2
1.324
1.524
1.224
1.224
1.224
2.448
0.4
1.224
1.324
3.872
2.448
1.224
1.224
0.1
0
2.548
1.224
1.224
1.224
2.324
0
0
2.548
1.224
1.224
1.224
0
0
1.224
2.648
0.1
1.224
0
1.424
0.2
0
1.224
0.1
1.424
1.224
1.224
1.224
0.1
1.224
1.424
0
1.224
1.224
1.224
0
1.224
1.224
2.448
1.524
1.524
2.548
0.1
2.948
0
1.224
1.224
1.224
2.448
1.324
1.324
0
2.548
1.324
0.9
2.448
2.548
2.548
1.224
2.448
0
1.224
1.224
0
1.424
1.224
1.224
0
1.324
1.724
1.224
0
1.224
1.324
1.224
0.1
1.324
1.224
1.424
1.324
0.2
0
2.548
2.448
0.5
2.448
0
1.224
1.224
1.724
1.224
1.224
1.224
0.1
1.224
0
1.224
0.2
1.224
1.224
3.648
1.224
3.048
0
1.224
1.224
0
1.624
1.224
1.224
1.224
1.224
1.224
1.424
3.672
1.324
1.224
1.224
0
0
0
2.024
0
1.224
0
0
0.2
0.1
1.224
2.448
0
2.548
1.224
0
0.5
0
1.224
1.224
1.224
0
0
1.224
1.624
0
0.1
0
2.448
1.324
0
0
2.448
0.3
0
1.224
0
1.224
1.224
1.224
0
2.024
0
0
1.224
3.672
3.672
3.672
2.448
2.548
1.224
2.448
1.224
0
0
1.224
0
0
1.224
1.224
2.224
0
1.224
0
1.324
1.324
2.448
0
3.672
0.2
0
0.3
1.224
1.524
2.648
0.1
2.548
1.224
1.224
1.224
0
0
0
1.224
1.524
0
1.224
2.448
0
2.548
1.524
1.524
1.224
1.224
0
0
1.224
0.5
1.324
0
0
0
1.224
0
0
3.248
1.224
2.448
1.224
2.124
2.448
1.424
0
1.224
0
1.824
3.672
2.448
3.772
1.524
3.848
0
0
1.224
2.548
0
2.548
1.524
0
1.224
1.224
1.224
0.1
0
1.224
0
0
0
0
0
0
0
1.224
1.724
0
0
0
0
0.1
1.224
1.224
1.224
1.224
1.224
2.548
2.448
1.324
1.224
2.448
1.724
2.448
1.424
0
0
2.548
2.448
1.224
1.224
1.224
2.448
2.448
2.448
2.448
2.448
2.448
1.224
1.224
1.524
1.424
3.772
1.224
1.224
2.448
2.448
1.224
3.672
2.548
1.224
1.224
1.224
1.424
3.772
1.324
1.224
3.672
1.324
1.224
2.448
7.496
1.324
1.224
1.224
1.424
2.448
5.396
1.324
3.772
1.224
2.448
2.448
3.672
1.224
1.224
2.448
2.448
1.224
1.224
1.224
1.224
1.324
2.448
2.448
2.448
1.324
2.448
2.448
1.424
1.224
2.448
1.224
1.524
1.224
2.448
1.224
1.624
2.548
1.224
1.524
3.448
1.224
2.448
1.224
1.224
1.724
2.448
1.224
1.324
2.448
1.224
2.448
1.424
1.224
1.224
2.448
2.948
1.324
2.448
2.448
2.448
1.224
2.448
1.324
1.224
1.224
1.224
1.424
1.224
1.224
2.448
1.324
3.672
1.224
2.448
1.224
1.524
1.224
2.448
2.448
2.548
1.224
1.224
1.224
2.448
1.224
2.448
1.224
2.448
4.572
1.224
3.672
1.224
1.224
1.224
2.848
2.448
1.224
2.448
1.224
1.324
1.424
2.448
1.224
2.448
3.672
2.648
1.224
2.548
1.324
2.448
2.648
2.448
1.224
1.224
1.224
1.324
2.448
2.448
2.448
1.424
1.324
1.224
2.448
1.324
1.224
1.224
1.224
1.324
2.448
2.448
2.448
2.448
3.872
2.448
3.872
1.324
2.448
2.448
1.224
1.224
2.448
1.224
1.224
1.224
1.224
1.224
1.224
3.148
1.424
1.224
2.448
1.224
1.224
1.224
1.224
2.448
1.224
1.224
1.224
1.224
3.672
1.424
1.224
3.672
1.224
1.224
1.224
1.224
3.672
1.224
2.448
1.224
1.324
1.224
2.448
1.224
1.224
1.224
2.448
2.448
1.324
2.448
1.224
1.324
1.224
1.224
3.248
1.324
2.448
1.324
1.324
1.224
2.448
1.224
1.224
1.424
2.648
1.224
1.224
2.448
2.448
1.324
2.448
1.224
1.224
1.324
1.324
1.324
1.224
1.224
2.448
2.448
2.548
2.448
3.672
1.424
1.224
1.224
3.672
2.448
2.548
1.224
1.224
1.224
1.324
1.224
1.224
1.224
1.524
1.224
2.548
1.224
2.448
2.448
1.224
1.224
3.672
2.448
1.224
1.224
1.224
1.224
2.548
1.224
2.448
1.224
2.548
1.324
2.448
2.448
1.224
2.448
1.324
1.224
1.224
2.648
1.224
1.324
1.224
1.224
1.224
2.448
1.224
1.324
2.448
1.224
2.448
1.224
1.224
2.448
1.224
2.648
3.672
1.224
1.224
1.424
1.324
2.448
1.224
3.672
1.224
1.224
2.448
3.672
1.224
1.224
1.324
1.224
1.324
1.224
1.224
2.448
2.448
2.448
1.224
1.224
1.224
1.224
2.948
1.224
1.224
1.224
1.224
1.224
2.448
1.224
1.324
1.224
3.672
2.448
1.224
3.872
1.224
1.224
1.224
2.448
2.448
2.448
2.548
1.324
2.548
2.448
1.224
1.224
2.448
2.024
2.848
1.224
2.548
2.448
2.448
2.448
2.448
1.224
1.224
1.224
1.224
2.548
1.224
2.448
2.448
2.448
1.224
2.448
1.224
1.424
1.324
1.224
2.448
2.448
1.324
2.548
2.448
1.224
1.224
1.224
3.672
1.424
1.824
1.224
1.224
1.224
2.548
1.224
3.672
2.548
1.324
3.148
1.224
3.672
1.224
1.224
1.224
1.224
3.972
3.672
1.224
1.324
3.672
2.448
1.224
1.224
1.324
1.224
1.224
1.224
1.224
1.224
1.224
2.648
1.224
1.224
2.448
1.224
1.224
3.672
2.448
2.648
2.448
2.448
2.448
1.224
2.448
1.224
1.224
2.448
1.324
2.448
1.224
2.448
1.224
1.324
1.224
2.448
2.448
1.324
2.448
2.448
2.448
2.448
1.224
1.224
1.224
2.448
2.648
3.772
1.224
1.224
1.224
2.448
1.324
1.224
1.324
2.448
3.672
2.548
3.672
3.672
3.672
2.448
2.448
1.224
1.224
1.224
3.872
2.548
1.224
1.224
1.224
1.224
1.224
1.224
1.324
2.548
1.224
3.972
1.224
2.448
1.324
1.224
1.224
1.224
1.224
2.448
1.224
2.448
2.448
2.548
2.448
1.224
2.448
2.548
2.548
1.624
2.448
1.224
3.672
1.224
1.224
2.448
2.448
2.648
2.448
2.648
2.448
1.224
1.224
3.672
1.224
1.224
1.324
1.224
2.448
1.224
2.448
2.448
2.448
4.472
2.448
2.448
2.448
1.424
2.448
1.224
2.448
2.448
2.448
1.224
1.324
1.224
1.224
1.224
1.224
1.224
2.448
1.224
1.224
1.324
1.224
1.224
3.848
2.448
2.448
2.448
1.324
3.672
2.448
1.224
1.324
2.448
1.224
1.224
1.224
2.448
1.224
2.448
1.224
1.224
1.424
2.448
2.548
2.448
1.224
2.548
2.448
1.224
2.648
2.648
2.448
1.224
1.224
3.672
2.448
2.448
1.224
1.224
1.224
1.224
1.324
1.324
1.424
2.448
2.448
2.448
2.548
0
0
0
0.1
0.2
0.3
1.224
0
0
1.524
1.324
0
1.224
1.224
0
0.5
0
3.048
0
1.224
1.224
1.224
0
0.3
0
1.224
0.1
1.224
1.624
0.3
1.224
1.224
0
1.224
1.224
0
1.224
2.024
0
1.424
1.324
2.448
2.448
0.1
1.224
1.224
0
0
0
1.224
0.2
2.648
0.1
0
1.224
0
0
0
0
0
0.6
1.224
0
2.448
0
0.6
0
0.1
1.224
1.724
1.224
1.424
0
1.224
1.224
0
1.324
1.224
1.324
1.224
1.324
1.224
1.224
1.224
1.224
0
0
1.424
0
0.3
0.1
3.672
1.224
0.1
1.424
0.2
1.224
1.224
0
2.448
1.324
1.324
1.324
1.224
0
1.224
1.224
2.448
0.4
0.1
0.1
1.224
0.1
1.224
0.1
1.324
0
1.224
1.224
1.324
1.224
1.224
1.224
1.224
1.924
1.324
1.224
1.224
0
1.524
0
1.224
0
1.224
2.448
1.224
2.648
0
0
0.3
0
0
1.324
1.324
0
1.324
1.324
0
0
2.448
2.448
2.448
0
1.224
0
1.224
1.224
1.224
3.672
0
1.224
0
1.324
1.224
1.224
2.448
1.224
0
0
0
2.448
0.1
0.3
2.648
0
0.7
1.224
2.448
0.1
1.324
1.324
1.324
1.324
0.4
2.448
0
0
0.1
1.224
2.548
1.224
0
0
1.324
1.224
0
0.1
1.224
1.224
1.224
3.672
0
1.524
0
1.224
0
0.1
1.324
1.224
1.324
0
1.424
1.224
0.1
1.224
2.724
0
1.224
1.324
2.448
0
0
1.324
1.224
1.224
2.448
2.448
1.224
0
1.324
1.224
0
0.1
0
1.224
0.2
0
0
1.324
1.224
0
1.224
1.224
0
0
0
1.224
1.224
1.224
0
1.324
2.548
2.648
1.224
0
0
0
0
2.024
0.4
1.224
1.224
1.424
0
1.224
0.1
1.324
0.3
0.1
1.224
2.448
1.224
2.548
2.448
2.548
1.224
1.324
1.224
0.2
1.624
1.224
1.224
0
1.224
1.324
1.624
0.1
0
1.224
1.324
0.2
1.224
0
0
2.448
0.3
1.224
1.424
2.548
1.224
0
1.224
0
0
0
0
0.3
2.448
1.224
1.224
1.224
1.224
1.224
1.524
0
1.324
1.324
0
2.748
1.224
0
1.424
0
1.224
3.672
1.224
1.224
1.224
0
1.324
1.224
1.224
2.448
0
1.224
0
1.724
1.224
0
0
1.224
0
1.224
1.324
1.224
1.224
1.224
1.424
1.224
0.1
1.424
0
1.224
1.224
1.324
1.224
0
1.224
1.324
0.1
1.224
0
1.224
1.224
1.324
0
0
0
1.224
1.224
1.524
0
0
0.1
2.448
1.224
0
0
0
0
1.224
0
1.324
1.224
1.224
1.224
0
1.224
0
1.224
0
0
1.224
1.224
0
2.548
1.424
0.1
1.224
1.224
1.224
1.424
1.224
1.224
0
1.224
1.224
0
1.224
0
2.448
0
1.224
2.548
2.448
1.324
1.224
1.624
0.1
1.224
1.224
1.524
0
1.424
0.1
1.824
0
2.448
2.448
1.224
1.424
1.224
0
0.2
1.324
0.1
0
1.224
1.224
0
3.672
1.224
0
1.224
1.224
1.224
1.224
1.224
0
1.224
1.224
1.624
0
1.224
1.324
1.224
1.224
1.224
0.1
0
0
0
1.224
0
0.2
1.224
0
1.224
0
3.448
1.224
1.224
0.1
1.224
1.224
1.224
2.548
1.324
3.672
0
1.524
0
0
2.448
1.224
1.324
0.3
1.324
0
1.324
0
2.448
0.2
1.224
0
0.1
2.448
2.448
1.224
1.224
1.224
1.224
1.224
0.1
0
0
1.224
1.224
1.224
0
0
1.224
1.224
2.948
1.224
1.224
1.324
0.2
1.224
1.224
0
1.224
1.224
1.324
1.324
0
0
1.224
0
3.848
2.448
1.224
0.1
0.5
1.224
3.672
1.224
0.1
1.424
0
0
0.1
1.224
1.224
0
1.224
1.524
0
1.324
0
1.224
0
1.324
0
1.224
1.224
0
2.448
1.224
1.524
1.424
0.1
1.224
1.224
0
1.224
1.224
1.224
1.224
3.672
0
0.1
1.324
0
2.648
0.1
1.224
1.224
0
0
0
1.224
0
2.448
0
1.224
0
0
0.1
1.224
1.624
1.424
1.324
1.224
1.724
0
1.324
1.224
0
0
1.224
0
1.424
2.548
1.224
1.224
0
1.224
1.224
2.448
2.448
0
1.224
1.224
1.224
1.224
1.324
1.324
2.748
0.1
1.424
1.424
1.224
1.224
0
1.324
0
0
1.424
1.224
0
1.224
1.224
0
1.224
1.224
0
1.224
2.448
0
1.224
0.1
2.448
2.848
1.424
1.724
0
1.324
0.1
1.224
2.448
1.324
0.1
0
0
0
0.2
1.224
1.224
0
1.224
0
0
1.424
1.424
0.1
0
0
1.724
0
1.224
0.1
0
0
1.324
1.224
1.224
1.324
0
0
0
1.224
1.224
0.1
1.324
0
1.324
1.424
0.5
1.324
1.224
2.448
0.1
1.324
0.3
0.1
2.448
1.324
0
0
0.2
2.448
2.648
1.224
0.1
0.1
0.1
1.224
0
3.048
1.324
0
0
1.224
1.224
1.224
2.548
1.224
1.224
0
0.2
0
0
1.224
0
1.524
1.324
0
1.324
0
1.824
1.324
2.448
1.224
1.324
0.1
1.224
1.224
1.224
1.224
2.448
2.548
2.548
1.224
1.224
1.224
1.324
2.448
1.224
1.224
1.324
0.2
1.224
1.224
1.624
1.324
0
2.548
0
3.872
1.224
0
1.224
0.1
1.524
1.224
1.324
1.424
0.1
0
1.224
0.1
0
1.224
0
1.424
1.224
1.224
1.224
0
0
1.424
1.224
2.448
1.224
0
1.324
1.224
1.224
1.324
2.224
1.224
2.324
0.1
1.224
1.224
1.324
1.224
1.224
2.448
0
0.1
1.224
0.6
2.448
0
1.224
0.1
1.224
2.724
1.224
1.224
0
0.1
0.2
3.548
0.1
2.448
3.148
0
0
1.224
0
0
0
0
1.224
2.448
0
0
1.224
1.224
0
0
0
0
0.2
0
1.224
0
0
0.1
0
1.224
1.224
1.224
2.448
1.224
0
0.1
2.448
1.224
0
1.224
1.424
0.1
3.672
1.224
1.324
1.224
2.448
1.224
0
1.224
2.448
1.324
1.224
3.772
3.672
1.324
2.448
2.448
2.448
2.448
1.224
0
2.448
1.324
1.224
1.224
0.1
3.448
2.448
1.224
2.648
1.3
2.648
