0.8
0.2
4.572
4.384
3.972
0
0
1.224
0
0
0
1.324
0.1
0.8
0.3
0
0.1
1.224
1.324
1.224
2.448
2.648
1.324
1.224
1.836
1.224
1.424
3.772
4.896
3.872
1.224
2.548
0.8
0
0.3
0.3
0
0
0.1
0.2
0
2.324
0
0
0.1
1.224
0
0.3
0.1
2.448
1.224
0
2.448
0.1
0.1
1.224
0.1
0.1
0.1
1.724
0.1
0.2
0.1
2.024
0.1
0.1
0
0
1.424
0.8
0
1.624
0.3
0
2.424
0.8
0
0
0
0
3.048
0.1
1.224
0
0
0
0
0
1.224
1.724
0
1.524
0.1
0
0
1.224
1.224
0
1.224
1.224
0
0.4
0.2
0
3.06
0
0.1
0.7
0.2
0
0.3
0
0
1.324
0
0.3
0.1
1.424
0
0.1
1.5
0
1.224
0.3
0
0
0
1.224
0.1
1.424
0.2
0.1
0
0
1.424
0.2
1.224
1.224
1.424
0.5
0.2
1.424
0
1.524
0
0
1.224
0.4
0.1
0
1.224
0.1
0
0
0.2
0.3
0.2
0.1
0.6
0
0.2
0
0
0
0.1
0
1.324
0
0
3.124
0.1
0.5
1.224
0.2
1.224
2.948
0
0
2.448
0.2
0.1
1.424
0
2.448
0.2
3.148
1.824
1.224
0
2.448
0.2
1.424
0.1
1.824
1.424
1.224
1.324
0.2
1.224
1.324
0.5
1.324
0
1.624
1.2
0.1
0
2.024
2.948
1.424
2.448
0.2
2.324
0
0
1.8
0
0.9
0
1.224
0
2.448
3.048
3.872
3.672
2.848
2.448
2.448
4.172
2.448
3.872
3.672
1.324
1.936
4.384
0.1
3.748
1.424
1.224
1.624
1.836
1.624
3.56
1.224
0.1
1.224
0.1
1.224
1.224
2.836
1.224
0
1.224
0
1.224
1.224
0
0.1
2.448
1.624
5.708
0
0
0.4
2.448
0
0.1
2.448
1.224
3.672
0
0.3
1.424
2.548
0.3
1.224
2.448
0
1.324
0
2.448
1.224
4.172
3.672
4.172
0.1
1.324
1.224
2.748
2.548
2.448
3.672
0
0.3
0.1
0
1.324
0
0.1
0
1.224
0.1
0.4
0.3
0
0
0.3
0.1
1.224
0.2
3.16
0
1.324
1.224
1.224
2.548
0
1.224
0
1.224
0
0.2
0.3
0.2
0.4
0
0.1
1.224
0
0
1.824
1.224
1.224
3.56
3.36
0
0
0
1
0
0
1.224
0.7
0
0.2
3.26
1.224
5.084
0.4
0
1.324
0.1
0.9
1.7
1.224
1.936
0
0
1.224
1.424
1.324
0
1.224
1.224
1.224
0.1
3.16
2.548
2.036
2.448
2.448
1.324
4.484
3.06
1.224
0
1.724
0
0
0
2.548
3.148
2.448
0
2.448
1.424
3.772
2.648
1.424
3.16
1.224
3.872
5.184
2.448
4.284
1.324
0.1
2.748
1.224
2.448
3.672
6.008
1.224
2.748
2.448
3.672
3.672
3.672
6.208
3.672
2.024
3.148
2.748
2.548
3.772
1.424
1.224
2.448
2.448
1.224
3.772
3.672
2.948
3.248
1.224
5.908
2.448
2.648
6.408
5.608
4.284
1.224
4.684
3.46
12.732
2.948
1.224
1.624
2.748
2.548
5.508
2.848
2.448
2.648
2.548
5.508
2.448
2.548
5.608
2.648
2.548
1.224
2.448
2.748
1.424
2.548
2.548
2.448
3.16
6.708
2.948
2.548
2.648
3.96
5.608
1.224
1.524
3.848
2.124
2.448
3.448
1.524
1.324
4.384
3.972
2.648
2.548
2.448
1.724
2.748
2.448
1.224
1.224
1.224
2.448
1.224
3.672
4.584
2.848
2.448
1.324
2.448
5.808
5.508
2.448
2.448
2.448
3.672
5.496
3.672
1.424
2.448
4.06
1.224
3.06
2.448
5.608
4.984
2.448
2.448
1.224
4.172
3.672
2.448
3.672
5.608
2.748
2.548
5.708
1.224
2.924
2.448
1.224
5.508
2.448
5.196
5.184
2.448
3.672
1.224
3.772
4.072
4.072
2.648
1.224
3.772
1.224
1.524
2.548
1.524
2.548
2.448
2.448
2.748
4.784
2.548
6.108
4.672
3.672
1.224
2.448
1.424
5.808
2.648
1.224
3.36
2.448
4.272
2.548
1.324
2.648
1.424
1.224
1.224
1.224
2.448
3.148
5.084
3.772
3.772
2.448
1.424
2.448
4.384
2.448
2.448
2.448
3.672
2.448
1.724
2.648
2.448
2.448
1.224
1.224
2.648
3.672
1.224
2.648
4.484
2.648
3.672
1.224
5.084
1.224
1.224
2.548
2.648
2.548
3.672
1.324
2.548
3.872
1.224
3.672
2.448
3.248
2.848
2.648
2.448
1.224
2.448
6.308
1.524
1.224
5.284
1.424
3.16
2.524
3.872
3.672
2.548
3.16
1.624
4.384
2.448
4.484
7.132
4.172
3.06
3.06
4.484
4.284
4.884
2.548
3.672
5.908
2.548
3.16
5.508
2.548
6.832
1.324
1.224
4.584
2.448
1.324
4.16
2.448
4.384
1.224
1.224
1.224
3.46
3.972
4.896
3.772
6.832
2.448
1.324
4.672
3.16
5.496
4.384
2.448
2.448
1.224
4.284
3.672
1.224
3.672
3.772
3.672
3.872
4.684
1.224
3.672
2.648
5.084
4.272
3.26
4.584
3.248
1.224
6.732
2.448
3.872
3.772
4.384
1.224
4.172
3.06
2.648
2.748
2.648
3.16
2.448
1.424
3.672
3.672
4.996
4.784
2.548
2.548
3.672
2.548
1.324
2.548
4.484
1.224
5.708
1.224
3.672
2.448
1.224
1.224
2.648
3.772
2.448
2.448
1.224
4.072
4.584
1.224
1.224
3.06
1.324
3.672
5.508
2.548
2.424
2.548
3.86
6.832
2.448
5.708
2.548
5.508
4.484
2.448
3.972
4.384
3.148
2.548
2.648
3.972
3.672
4.484
4.484
1.224
1.424
5.808
3.048
2.448
3.872
2.448
3.672
3.124
4.572
1.224
1.424
1.524
5.096
2.448
1.224
2.448
3.672
2.448
3.672
2.548
2.848
3.672
1.224
2.448
2.448
1.224
3.672
4.896
3.672
1.224
4.284
4.284
3.872
1.224
2.448
5.608
2.448
3.772
1.224
2.948
2.948
3.872
6.932
2.448
3.348
3.06
3.772
2.448
2.648
2.948
3.772
1.224
4.284
2.448
2.448
1.224
2.648
1.224
5.708
3.672
1.224
3.972
5.608
5.508
4.996
2.448
2.448
2.448
3.672
3.972
2.448
3.672
5.508
4.584
3.672
1.224
1.324
1.224
1.224
3.672
1.224
1.224
4.484
5.508
1.324
5.508
1.224
1.224
1.424
1.224
3.06
1.224
2.448
3.772
3.672
2.448
3.772
2.448
1.224
2.548
2.548
2.448
4.172
3.672
3.06
4.996
4.272
1.224
1.424
2.448
3.772
4.172
2.648
2.548
2.848
1.624
2.548
4.472
1.324
3.772
3.672
2.548
3.772
5.808
2.448
8.032
4.26
4.384
1.224
5.608
2.448
5.608
2.648
2.648
2.648
5.608
2.448
1.424
2.548
4.384
5.796
3.672
2.948
3.06
2.448
2.448
1.224
1.224
2.648
2.448
2.648
3.36
2.448
1.324
1.324
3.048
4.484
2.748
1.224
1.724
4.284
2.448
1.224
2.748
3.772
1.524
4.172
3.772
1.524
1.424
2.448
5.908
6.308
2.748
4.896
4.284
3.672
4.072
3.672
4.572
2.648
4.972
3.872
3.672
1.424
5.708
3.672
3.148
3.672
3.672
3.672
3.772
3.672
3.672
6.732
3.672
3.772
2.448
6.932
6.832
6.732
4.072
2.648
2.548
3.872
1.224
1.224
1.224
3.16
2.448
4.784
3.872
5.508
4.172
3.772
2.848
2.448
2.448
4.384
3.672
4.584
2.548
2.748
2.848
3.672
2.448
3.772
3.672
3.672
3.672
2.748
3.672
5.608
1.224
4.996
1.224
4.896
5.396
3.772
3.972
5.096
3.872
5.196
3.048
4.384
4.284
5.296
3.36
1.224
2.748
3.848
2.448
3.56
2.548
1.224
2.448
0.3
1.424
4.484
0
2.448
1.836
0.8
1.224
0.2
0
2.448
4.284
2.124
2.448
0.3
0.1
0.3
1.224
0
0.3
1.424
0
0
1.324
1.224
1.224
1.324
0
1.924
1.324
0.2
1.224
0
0
1.524
0
0
0
1.224
1.224
0
1.324
0.3
2.136
1.324
0
0
1.224
1.224
1.224
1.324
3.424
0
1.524
0
1.224
0.3
2.448
0
0.1
1.624
1.324
0.1
2.136
0
1.224
2.448
1.924
1.324
1
0
0
0.1
0.1
0.3
0.1
1.224
1.324
0.1
1.324
1.324
0.2
1.624
2.548
1.324
0
2.648
1.224
1.324
0.1
0.1
2.448
1.324
1.324
1.224
1.224
1.324
0.3
0
2.324
1.324
1.224
0
1.424
1.836
1.824
0.3
1.224
2.448
0.2
0
0
0
0
0.2
0.4
1.424
2.448
1.324
0
1.624
1.224
1.224
1.224
0
0.1
1.324
0.4
1.524
1.224
1.224
1.724
1.224
1.224
0
1.224
1.424
0
1.224
1.224
0.1
0.3
0.2
1.324
2.548
0.1
0
0
1.224
0
1.424
1.224
1.224
0.1
0
1.224
0
0.3
1.324
1.424
1.424
1.224
1.424
1.424
0.2
1.224
0.7
0
0.1
1.324
1.524
1.424
1.324
1.424
0.6
0.1
0
1.224
0
1.936
0.7
0.2
1.224
1.224
1.224
0
1.324
1.324
0
2.448
1.224
0
1.224
0.4
1.224
0.6
0
1.424
0.1
0.2
1.424
2.848
1.324
2.448
1.224
1.324
0.7
1.224
0
2.548
0
1.224
1.224
0
0.2
0
0.8
0.2
0
1.324
1.424
1.324
1.224
1.624
0
2.748
1.324
1.224
1.224
0
1.224
1.224
0
0
1.224
0.1
1.224
1.424
1.224
1.424
1.324
0.1
1.524
0.2
1.424
0.2
0
0
1.324
1.2
0.3
0
0
0
0
1.224
1.324
0.2
1.224
2.748
0
0.1
0
0.2
0.3
1.224
0
1.324
0
0.5
0.7
1.224
1.324
2.448
0
1.224
1.424
1.224
2.448
1.224
0.1
1.324
1.224
1.324
1.424
1.324
1.524
1.224
1.324
1.324
0
1.224
0.2
0
1.224
1.224
1.224
1.424
0
0.1
0.1
0.5
0
0
1.624
0.4
2.448
0.2
1.324
0.3
0
1.224
2.024
0.1
0
0.1
2.448
0
1.324
2.448
2.648
0
1.424
0
1.524
0.1
1.224
0
1.224
1.424
1.224
1.224
1.324
0.4
1.424
0
0
0
1.624
1.224
1.324
0.2
1.224
1.224
1.224
0.1
0.3
0
0.2
1.524
1.324
0
0
1.324
0.1
0
0.1
0
3.672
0
0
2.548
1.324
1.424
1.224
0
1.224
1.424
1.424
1.324
0.1
0.1
1.224
0.6
0.1
1.224
0
1.324
1.524
2.448
0.1
1.224
1.224
2.448
1.224
1.224
0
2.648
0
0
1.224
1.224
0
1.324
0.1
1.224
0.1
0
1.936
1.224
1.324
0.2
1.324
1.524
1.524
0
1.324
1.936
0.2
0
2.648
0.3
2.748
1.224
0.4
1.724
0.3
0
0
2.848
2.448
0.3
0
1.224
1.424
0
0.1
1.224
0
1.224
0.2
0.1
0
1.224
1.224
0.3
0
1.224
2.448
1.224
0.1
2.648
2.124
1.624
0
1.524
0
0
1.624
0.1
0.3
2.448
1.524
2.548
0
1.524
1.324
0
1.224
1.324
0.5
0.1
1.324
0.5
0.4
1.224
0.2
0.2
1.324
0.1
1.424
0.1
1.224
1.224
1.624
0
1.224
2.648
1.424
1.224
1.224
1.224
0.1
1.524
2.548
0.1
1.524
0.1
0
1.324
0.1
1.224
0
0.1
0.5
0.6
1.224
0.1
0.1
1.224
0
1.324
0
1.224
0.8
1.324
0
0
1.224
0
0
1.224
0.2
1.324
0
0.1
0.1
0
0
1.224
0.3
0
0
1.624
0
1.224
0
0.3
1.224
0.2
1.224
2.448
1.936
0
0
0
1.224
1.824
1.224
0
1.224
0
2.648
0
1.424
1.324
2.648
1.224
0
1.224
1.324
1.324
1.224
0.1
1.224
2.648
0
0
1.324
0.1
0
1.224
1.324
0.2
1.224
0.3
2.024
0.2
1.324
0.2
2.548
1.224
0.2
0
1.224
1.324
1.224
0
1.224
0.3
0
0
1.324
1.324
0
0.3
1.324
2.848
0.1
1.224
0
0.1
0
1.324
2.448
1.224
1.224
1.324
0.1
0
0.2
0.2
1.324
0.1
0
0.2
0.1
1.224
1.424
1.524
1.324
2.548
1.324
2.448
1.224
0
2.448
1.224
0
0.1
0
2.448
2.448
0
1.224
0.1
0
1.224
1.224
0
1.224
0
2.648
0
0.8
0
0.1
0
0.4
1.924
2.448
0
0.1
4.372
1.224
1.836
2.448
1.924
1.324
0.1
0.2
0.2
0
0
2.648
0.5
0.3
1.324
0.1
1
2.448
0
1.224
0
1.524
1.324
1.224
0.1
0.1
0.1
0
1.324
1.224
0.3
1.224
0.1
1.424
1.224
2.548
1.5
1.324
1.224
0
1.224
0.5
1.524
0.7
0
1.524
1.224
0
1.524
0
0.5
1
0.2
3.76
0
1.224
1.324
3.448
1.224
1.324
1.224
0
1.424
0
1.424
1.224
0
1.224
2.448
1.424
1.424
0
1.324
2.448
0.1
1.424
0.2
1.224
0.1
1.424
0
0
3.148
2.748
0
0.3
0
1.324
1.224
1.524
1.924
1.224
1.424
1.224
1.2
0
0
1.224
1.324
1.424
1.224
0.1
1.224
0.7
1.224
0.1
1.224
0.2
0.2
1.424
0.1
2.324
1.524
1.424
1.424
1.524
1.624
1.524
0.3
1.524
0
2.848
2.448
2.748
4.284
2.548
0
2.448
0
2.748
0
0.2
0.1
1.224
0.2
0
1.224
0.2
0.6
0
1.4
0.2
2.748
0
0
0
4.284
0
0
1.524
4.484
1.424
0
1.224
4.284
0
0
4.248
2.548
1.224
3.06
1.824
3.86
0.9
2.024
0
1.6
4.272
2.648
0
1.324
3.06
1.936
2.036
1.324
0
1.424
1.224
0.2
1.224
3.06
1.224
3.672
0
1.624
2.448
2.448
3.36
1.224
1.324
2.448
0
1.324
1.224
0
2.948
2.448
3.672
0
1.224
1.324
1.224
0
5.084
2.448
2.848
1.524
0
0
2.448
2.036
4.896
4.996
2.548
5.508
1.324
2.648
5.096
2.648
4.896
2.548
3.872
0
2.448
3.06
1.224
0
0
0.4
1.5
0.2
0.3
2.648
1.624
2.748
