1.224
0
1.324
1.224
1.324
0
0
0
1.224
0
1.224
0
0
0
0.1
0
0
0
0
0
0
0
0
0
1.224
0
0
1.224
1.224
1.224
0
1.224
1.224
1.224
0
1.324
1.224
1.224
0
1.224
1.324
0.2
0
0
0.1
0
0
0.1
1.224
1.224
0
0
1.324
0
0
0
1.224
0
1.224
0
0.2
0
0
0.2
0
1.224
0
0
0
0.2
1.224
1.324
1.324
1.224
0
1.424
0
0
0
1.224
0.1
0
0
0
0
0
0
0
0
0.1
1.224
0
0
0
0
1.224
1.224
1.224
0
0
0
0.1
0.1
1.224
0
1.224
1.224
1.12
0
1.324
1.324
0
1.224
0
0
0
1.324
0
1.224
1.224
0.1
0
0
1.524
0
1.224
1.224
0
0
0.1
1.224
0
0.1
0
0.1
1.12
0
0
0
2.036
1.324
0
1.836
0
0
0
0
0
1.224
0
0
1.224
1.224
1.224
1.224
1.324
0
1.12
1.224
0
1.324
0
1.224
0
0
0
0
1.224
0
0.2
1.224
1.224
0
1.224
0
0
0
0
0
1.324
1.224
0
0
0
0
0
0.1
0
0.1
0
0.1
1.224
1.224
0
0
0
0
1.324
2.448
0.1
1.224
0
0
0.1
3.16
0
1.224
1.224
0
1.224
0
4.18
0
0
3.06
0.2
4.18
0.1
0
1.836
0
0.1
1.324
1.224
1.224
1.224
1.224
1.224
1.224
2.448
1.224
1.224
0
0
0
0
0.2
0
0
0
0
0.3
0
1.224
0
0
0
0
0
0.1
1.02
0.1
0
0
0
0
0
0
0
0
0
1.224
1.224
0.1
0
1.224
0
0
1.224
0
3.06
1.224
1.224
0
0
1.02
0
0
1.224
1.224
1.224
1.224
1.224
1.224
1.224
1.224
0
0
0
0.1
0
1.224
0
0
0
0
0
0
0
1.224
0
1.224
0.1
0
0
0
0.1
1.224
0
1.324
0
0
0
0
0
0
1.224
0
0
0
1.324
0
1.324
0.1
0.2
1.224
0
0
0
0
0
0
0
0
0
0
0
0
1.424
1.224
0
1.224
0
0
1.224
1.836
1.224
0
0
1.224
1.224
1.324
0.1
0.5
0
0
1.224
0
0
1.324
1.224
0
1.224
1.224
0
0
0
1.224
0
0
0
0
0
0
0
0
0
0
0
0
0
0.2
1.224
0
1.224
4.18
1.224
2.448
3.468
1.224
1.224
2.448
1.324
1.224
1.224
0
1.02
3.668
2.448
1.224
1.224
1.224
2.448
1.324
1.224
2.448
1.224
1.224
3.06
1.224
1.224
1.324
2.448
3.06
1.224
1.224
5.704
1.224
1.224
1.224
1.224
1.224
1.224
1.324
2.448
1.224
1.224
2.548
1.324
1.324
1.224
2.448
1.224
1.224
1.224
1.324
6.004
2.748
1.224
2.448
1.224
1.224
1.224
2.448
1.224
1.224
1.224
1.224
1.224
1.224
1.224
1.224
1.224
1.224
1.224
5.404
1.224
1.224
1.224
1.224
1.224
1.224
1.224
1.224
1.224
1.224
2.244
1.324
1.224
1.224
1.224
2.548
1.224
2.448
1.224
1.224
1.224
1.224
1.424
1.324
1.224
1.224
4.284
2.444
1.224
1.224
1.224
2.448
1.224
1.224
2.448
1.224
1.224
1.224
3.06
4.08
1.224
1.224
1.424
1.324
1.224
1.224
1.224
2.448
1.224
1.224
1.224
1.324
1.224
1.224
2.448
1.224
1.224
1.224
1.224
1.224
1.224
2.448
1.224
1.224
1.424
1.224
2.448
3.06
1.224
1.224
1.224
1.224
3.06
2.448
1.224
1.224
1.224
2.548
3.06
1.224
2.448
2.448
1.224
2.548
1.324
1.224
1.324
2.448
1.224
1.224
1.424
1.224
1.224
4.284
5.304
1.224
1.324
1.224
2.448
1.224
1.224
1.324
1.224
4.08
1.324
2.448
1.224
1.224
1.224
2.448
2.548
1.324
2.448
2.448
1.224
1.224
1.224
1.224
1.324
1.224
1.224
1.224
1.224
2.548
1.224
1.224
1.224
1.224
1.224
1.224
1.224
2.548
1.324
1.224
1.224
1.324
3.06
1.224
1.224
2.448
1.224
1.424
4.08
1.224
2.448
1.224
1.224
1.224
1.224
1.224
1.224
1.324
1.224
1.224
4.284
1.224
1.224
1.224
1.224
1.224
1.224
2.244
2.848
1.224
2.448
1.224
1.224
4.08
1.224
1.224
1.224
1.224
2.548
1.224
1.224
1.224
4.284
1.224
1.224
1.224
1.224
1.224
1.224
1.224
1.224
1.224
2.448
1.224
1.224
2.448
2.448
1.524
1.224
1.224
1.224
2.448
4.384
1.324
1.224
1.224
1.224
1.224
1.224
1.224
1.324
1.224
2.648
1.224
1.224
1.224
1.224
1.224
2.448
2.448
1.224
1.224
1.324
1.224
1.224
1.224
1.224
1.224
2.448
1.224
2.448
2.448
1.224
2.448
1.224
1.224
1.324
1.224
1.224
1.224
1.224
1.224
1.224
1.224
1.224
1.224
1.224
1.324
1.224
1.224
1.224
2.448
1.224
1.224
1.224
3.06
2.244
1.224
1.224
2.448
1.224
2.448
1.224
1.224
1.224
2.448
1.224
1.224
1.224
1.224
1.224
1.224
1.224
1.224
5.304
2.448
1.224
1.224
1.224
1.224
1.324
1.224
2.344
1.224
1.224
1.224
1.224
1.224
1.324
1.224
2.448
1.224
1.224
1.224
1.224
1.324
1.224
1.224
2.548
1.224
2.448
1.324
1.224
1.224
1.224
1.224
1.224
1.224
2.548
1.224
1.224
1.224
1.224
1.224
2.448
1.224
1.224
1.224
1.324
1.224
1.224
2.448
4.284
1.224
1.224
2.448
1.224
1.224
1.224
2.244
2.448
2.448
1.224
4.284
1.224
1.224
1.224
1.324
2.448
1.224
1.324
1.224
1.224
1.224
1.224
1.224
2.448
1.224
1.224
1.324
1.224
2.448
1.224
1.224
1.224
1.224
1.224
4.284
1.224
1.324
2.448
1.224
1.224
1.224
1.224
1.224
1.224
1.224
1.224
1.224
1.224
1.224
1.224
1.224
1.224
1.324
1.224
2.448
2.448
2.448
1.224
3.16
1.224
1.224
2.448
1.224
1.224
2.448
1.224
2.448
1.224
1.224
1.224
1.224
1.224
1.224
1.224
1.224
5.304
1.224
1.224
1.224
1.424
1.224
1.224
2.448
1.224
1.224
1.224
1.224
1.224
2.448
1.224
1.224
1.224
2.548
3.468
1.324
1.224
2.448
1.224
2.448
1.224
1.224
1.224
1.224
2.548
2.548
2.244
1.224
1.224
1.224
1.224
1.224
1.224
2.448
1.224
2.448
1.224
2.448
1.224
1.224
1.324
1.224
1.224
1.224
1.224
1.224
1.224
5.304
5.404
1.224
1.224
1.224
1.224
1.424
1.324
1.224
2.448
1.224
1.224
2.448
1.224
4.384
1.224
2.548
1.224
2.244
1.224
4.284
1.224
1.224
1.524
1.224
1.224
1.224
1.224
2.548
1.224
2.448
1.224
1.224
1.224
3.06
1.224
1.224
1.224
1.224
1.224
1.224
1.324
1.224
1.224
1.224
1.224
3.16
1.224
1.224
1.224
1.224
1.224
1.324
1.324
1.224
1.224
1.224
4.18
4.284
2.448
1.224
1.224
1.524
1.224
1.224
1.224
1.324
1.224
1.224
1.224
1.224
1.224
1.224
1.224
1.224
1.224
2.548
1.224
1.224
1.224
1.224
1.224
3.06
1.224
1.224
1.224
1.224
1.224
1.224
1.224
1.224
1.224
1.224
1.424
1.224
2.448
2.448
1.224
0.2
0
0
0.2
0
0
1.224
0
0
0
0
0
0
0
1.02
0
2.856
0.2
1.02
1.224
2.244
0.2
0
0
0
0
0
1.224
0
0
0
1.224
0
1.224
1.224
0
1.224
0.1
0
1.224
1.224
1.224
0
0
0
0
0
0
0
1.224
0.1
0.1
0.1
0
1.224
0
0
0
0
0
0.4
0
0
1.424
0.1
0
0
0
0
1.224
1.224
0
0
4.08
0
0
1.224
1.224
1.224
0
1.224
1.224
0
1.424
0
0
0
1.224
0
0
0
1.224
1.324
0
0
0.1
0
0
0
0
0
1.224
1.224
0
0
1.224
1.424
1.224
0
0
0
0
0
0
0
0.1
0
0
1.224
0
0
0
0
0
0
1.224
1.224
0
0
0
0.1
1.224
0
0
0
0
1.224
0
0
0
0
0
0
0.2
0
1.224
1.224
0
0
1.224
1.224
1.224
0.1
0
0
0
0
0
1.224
0
0
0
1.224
0
1.224
0
1.424
0
0
0
1.224
0
0
1.224
0
0
3.06
1.224
0
1.224
0
0
0
0.1
1.224
0
0
0
0
1.224
1.324
0
0
1.324
1.224
0
0
0
1.224
0
1.224
0
0
0
1.224
0
0
0
0
1.224
0
0
1.224
0
1.224
0
0
1.224
0
0
0
0
0
0
1.224
1.224
1.224
1.224
0
1.224
0
0
0
0
0
0
0
0
0
1.224
0
1.224
1.224
0
0
0
0
0
0
0
1.324
1.224
1.224
1.224
0
0
0
0
0.3
0.1
1.224
0
0
0
0
0
0
0
0.1
1.224
0
1.224
1.224
1.224
1.224
0
1.224
1.224
0
0.2
0
1.224
0
0
0
1.224
0
0
0
1.224
0
0
0
0
1.224
0.1
1.224
0
1.224
0
0
3.06
0
0
0
0
0
0
1.224
3.06
3.16
1.224
3.06
1.224
0.1
1.224
0
0
0
0
0
1.424
0
1.224
1.224
0
0
0
0
0
1.224
0
1.224
0
3.06
0
1.224
0
0
0
0
0
1.324
0
1.224
1.224
0
1.224
1.224
0
0
0
1.224
0
1.324
0
0
3.06
1.224
0
1.224
0
1.324
1.224
0
0
0
0
0
0
0
0
0
0
1.224
0
0
0
0
0
1.224
0
1.324
0
0
0
0
1.224
0
1.224
0
0
0
1.224
0
1.224
1.324
0
0
0
1.324
0
1.324
0
0
1.324
0
0
0
0
1.224
0
1.224
1.324
1.224
1.224
3.06
1.224
0
1.224
1.224
0
0
1.424
0
1.224
0
1.224
0.1
0
1.424
1.224
0
0
1.224
0
0
0
0
0
1.224
0
0
1.224
1.324
1.224
1.224
1.224
0
1.224
1.224
1.324
0
0
1.224
0
0
0
0
0.1
0
0
0
0
0
1.324
0.2
1.224
0
0.1
0
1.224
0
3.16
0
0
0
0
1.324
0.1
1.224
0
0
1.224
0
0
0.2
1.224
0
0
0
1.224
0
0
0
0
1.224
0
1.224
0
1.224
0
1.224
0
0
0
1.224
1.224
0
0
0
0
0
1.224
1.224
0
1.224
0
1.224
1.224
0
1.224
0
0
0
0
0
1.224
0
0.1
1.224
0
0.1
0
0
1.224
1.224
0
1.224
0
0
0
1.224
1.224
0
0
1.324
0
1.224
0
0
0
1.224
0
0
0
0
0
1.224
1.224
0.1
0
1.224
0
0
0
1.224
0
0
1.224
0
0
1.224
0
1.324
0.1
1.224
1.224
0
0
0
1.224
0
0
0
1.224
0
0
0.1
0
0
0.1
1.224
1.224
1.324
0.1
0.1
1.224
0
0
1.224
0
0
1.224
0
0
0
0
1.224
1.224
1.224
0
3.06
1.224
1.224
1.324
1.324
0
1.224
0
1.224
0
0
1.224
0
1.224
0
0
1.224
1.224
0
0
1.224
0
0
0
0
0
0
0
1.224
0
1.224
1.324
0.1
0
0
0
0
0
0
0
0.1
0
0
0
0
1.224
1.224
0
1.224
0
0.1
1.424
1.224
0
0
0
1.224
0
1.224
0
0
0
1.324
0
0
1.224
0
0
0
1.224
1.224
0
1.224
0
1.224
0
0.2
1.224
1.224
1.224
0
0
0
0.1
1.224
1.224
0
0
0.1
1.224
0
1.224
0
0
0
1.224
0.1
0
1.224
0
0
0
1.224
1.224
1.324
0
1.224
0
0
0
0.1
1.224
0
0.2
1.224
0
0.1
0
0
0
1.224
1.224
1.324
0
1.224
1.224
1.224
1.324
1.224
0
1.224
1.224
0
1.224
1.324
1.224
1.224
0
1.224
0
0
1.224
1.224
1.324
0
1.324
0
1.324
0
0
1.224
0
0
0
1.224
0.1
0.1
0
0
0
0
0
0
1.424
1.224
1.224
0
0
0
0.1
0
1.224
1.224
0
1.524
1.224
1.224
1.224
1.324
0
0.2
0
1.224
1.224
0
0
1.224
1.224
0
0
0.1
0
0
0
1.224
0
1.224
1.324
1.224
0
1.836
0.1
0
1.324
0
1.224
1.324
0
0
4.38
0
0
0
0.1
0
1.224
0
0
1.224
0
1.836
0
0
0
0
0
0
0
0
0.1
0
0
2.244
0
1.224
0.2
0
0
1.224
0
0
0
0
0.2
2.448
3.16
1.324
1.224
0
0
0
1.224
1.224
1.224
1.224
2.448
2.448
1.224
1.224
1.224
1.224
1.224
0
0
1.224
0
1.224
0
0.1
1.424
1.324
1.224
3.568
0.1
3.668
