2.948
0.3
2.524
1.524
2.648
0.2
0.1
0
1.424
0
1.224
0.1
1.424
0.9
1.3
0
1.224
0
0
0.1
0
0
0
0
1.724
0.2
1.424
1.324
1.224
1.424
0
1.224
4.824
1.324
1.224
1.824
1.324
1.324
0.2
1.224
1.424
3.224
0
0
0.2
0
1.324
1.624
1.424
1.624
0
0
1.424
1.324
0
0.2
2.448
1.224
1.324
0.4
3.324
1.724
0
1
2.124
1.724
1.324
1.224
0.2
3.624
1.524
2.948
2.848
1.324
3.624
2.724
1.224
0.1
1.224
1.224
0.3
1.324
0
1.424
0.2
1.224
1.224
0
0
2.124
1.224
0
2.448
1.224
1.224
1.424
1.824
2.448
0.1
0
0.1
2.024
2.524
1.224
1.224
1.224
2.448
0.8
1.324
1.424
4.072
2.548
1.224
1.224
0.1
0.5
2.548
1.224
1.224
1.224
4.424
0
0.1
3.148
1.524
1.224
1.224
0
0
2.024
3.248
0
1.524
0
1.424
0.4
0.2
1.324
0.2
2.224
1.324
1.624
1.224
0.5
1.224
1.224
0.1
1.524
1.224
1.324
0.2
1.324
1.324
2.548
1.524
1.424
3.048
0.1
4.248
0
1.424
1.224
1.224
2.548
1.424
1.224
0
2.448
1.824
3.4
2.648
2.748
2.548
1.224
2.448
0.5
1.324
1.224
0
1.624
1.624
1.624
0
1.424
2.224
1.924
0.5
1.224
1.224
1.224
0.2
1.224
1.624
1.924
1.224
0.1
0
2.948
2.448
0.8
2.748
0
1.224
1.424
2.724
1.224
1.324
1.824
0.2
1.324
0
1.324
0.5
1.224
1.224
7.148
1.424
4.248
0
1.224
1.224
0
2.324
1.224
1.324
1.724
1.224
1.324
1.424
3.672
1.524
1.224
1.324
0
0.4
0
5.324
0.2
1.224
0.1
0
0.7
0.1
1.324
2.448
0
2.548
1.224
0.2
1.4
0
1.624
1.224
1.224
0.1
0
1.224
2.324
0
0.4
0.1
2.448
1.524
0.5
0
2.448
0.3
0
1.224
0
1.224
1.624
1.224
0
3.024
0.1
0
1.224
3.672
3.672
3.672
2.448
2.548
1.224
2.848
1.424
0
0
1.324
0
0
1.224
1.224
3.124
0
1.224
0
1.524
1.424
2.548
0.2
3.672
0.2
0.2
0.1
1.224
2.124
2.748
0.1
3.148
1.524
1.224
1.324
0
0.1
0.3
1.224
1.424
0
1.524
2.548
0.2
2.948
1.824
2.124
1.324
1.224
0
0
1.224
1.4
1.224
0
0.7
0.2
1.224
0
0.1
6.348
1.224
2.448
1.224
4.524
2.648
3.324
0.4
1.224
0.3
3.024
3.672
2.448
3.972
3.724
6.948
0
0.1
1.224
2.548
0
2.648
1.524
0
1.224
1.224
1.224
0
0
1.224
0.2
0
0
0
0.1
0
0.1
1.224
2.924
0
0
0
0.3
0.3
1.224
1.224
1.224
1.624
1.224
2.748
2.448
1.224
1.224
2.448
3.224
2.548
1.724
0
0
2.548
2.448
1.224
1.224
1.224
2.448
2.848
2.448
2.448
2.448
2.448
1.524
1.224
3.224
1.624
3.772
1.324
1.224
2.548
2.748
1.324
3.872
2.948
1.224
1.324
1.624
1.724
4.072
1.524
1.224
3.672
1.724
1.624
2.548
5.396
1.324
1.424
1.624
1.424
2.748
14.296
1.524
3.872
1.324
2.648
2.448
3.972
1.324
1.224
2.448
2.448
1.624
1.224
1.324
1.224
1.224
2.748
2.548
2.548
1.324
2.448
2.748
2.424
1.524
2.548
1.224
1.424
1.224
2.448
1.624
3.324
3.148
1.224
1.824
5.748
1.224
2.748
1.524
1.624
2.024
2.448
1.424
1.424
2.448
1.224
2.448
1.324
1.524
1.224
2.448
2.848
1.424
2.448
2.548
2.448
1.424
2.648
1.224
1.224
1.224
1.224
1.924
1.324
1.224
2.648
1.924
3.672
1.224
2.448
1.224
2.024
1.324
2.448
2.448
2.548
1.224
1.224
1.224
2.448
1.524
2.748
1.224
2.448
7.072
1.324
3.672
1.224
1.324
1.924
3.148
2.448
1.224
2.448
1.224
1.324
1.824
2.548
1.424
2.548
3.672
2.748
1.224
3.248
1.824
2.448
2.748
2.548
1.424
1.224
1.724
1.824
2.448
2.448
2.448
1.324
1.224
1.424
2.548
1.224
1.224
1.724
1.224
1.324
3.148
2.648
2.548
2.448
4.072
2.448
4.172
1.424
2.448
2.548
1.224
1.324
2.448
1.724
1.224
1.224
1.224
1.224
1.224
5.448
1.424
1.224
2.448
1.224
1.224
1.324
1.224
2.448
1.324
1.324
1.424
1.224
3.672
1.724
1.224
3.672
1.324
1.224
1.324
1.224
3.672
1.324
2.748
1.224
1.324
1.524
2.648
1.524
1.224
1.224
2.448
2.548
1.824
2.548
1.324
1.824
1.424
1.224
5.648
1.524
2.548
1.424
1.224
1.524
2.548
1.224
1.524
1.624
2.748
1.224
1.224
2.448
2.548
1.424
2.448
1.524
1.324
1.424
1.324
1.224
1.324
1.224
2.448
2.448
2.848
2.548
3.672
2.024
1.224
1.424
3.672
2.448
2.548
1.624
1.524
1.224
1.324
1.224
1.224
1.424
2.124
1.424
2.748
1.224
2.448
2.448
1.224
1.224
3.972
2.448
1.224
1.224
1.224
1.324
2.748
1.224
2.448
1.424
2.548
1.624
2.448
2.848
1.724
2.448
1.324
1.224
1.424
2.648
1.224
1.624
1.424
1.224
1.324
2.448
1.324
1.324
2.448
1.624
2.448
1.224
1.224
2.548
1.224
2.948
3.672
1.424
1.324
1.524
1.224
2.548
1.524
3.672
1.224
1.324
2.448
3.972
1.324
1.624
1.224
1.324
1.524
1.324
1.324
2.448
2.448
2.448
1.224
1.224
1.324
1.324
5.448
1.324
1.524
1.424
1.224
1.324
2.448
1.224
1.924
1.324
3.772
2.448
1.524
4.272
1.224
1.324
1.224
2.448
2.448
2.448
2.448
1.624
2.648
2.448
1.224
1.224
2.548
5.024
3.248
1.324
2.648
3.048
2.648
2.448
2.548
1.224
1.224
1.424
1.324
2.648
1.424
2.648
2.448
2.448
1.224
2.448
1.224
1.224
1.224
1.224
2.548
2.648
1.424
2.748
2.448
1.224
1.224
1.424
3.672
1.524
3.024
1.224
1.324
1.324
2.748
1.224
3.772
2.548
1.624
5.248
1.224
3.672
1.224
1.424
1.224
1.224
4.972
3.672
1.624
1.424
3.672
2.648
1.324
1.324
1.324
1.324
1.224
1.224
1.224
1.224
1.524
2.448
1.224
1.224
2.448
1.324
1.324
3.672
2.548
2.548
2.448
2.448
2.848
1.224
2.648
1.324
1.224
2.448
1.424
2.448
1.224
2.948
1.324
1.324
1.424
2.448
2.448
1.224
2.448
2.848
2.448
2.448
1.824
1.224
1.224
2.448
2.948
3.772
1.324
1.224
1.324
2.548
1.424
1.224
2.024
3.248
3.672
2.948
3.672
3.772
3.672
2.548
2.548
1.224
1.224
1.824
5.072
2.548
1.324
1.224
1.224
1.324
1.224
1.324
1.224
2.548
1.324
4.172
1.224
2.448
1.524
1.224
1.324
1.224
1.524
2.448
1.224
2.448
2.648
2.648
2.648
1.324
2.648
2.548
2.748
2.224
2.448
1.224
3.672
1.824
1.224
2.448
2.448
2.948
2.548
3.348
2.648
1.224
1.524
3.672
1.224
1.524
2.124
1.324
2.448
1.324
2.448
2.648
2.448
5.272
2.548
3.548
2.648
1.324
2.648
1.424
2.448
2.948
2.448
1.324
1.424
1.224
1.224
1.224
1.424
1.324
2.448
1.224
1.424
1.324
1.324
1.524
5.048
2.448
2.648
2.448
1.224
3.672
2.448
1.224
1.524
2.948
1.424
1.624
1.324
3.448
1.224
2.448
1.224
1.424
1.424
2.448
2.748
2.748
1.224
3.148
2.548
1.224
2.548
2.448
2.948
1.224
1.324
3.672
2.448
2.448
1.224
1.824
1.324
1.224
1.424
1.424
1.624
2.748
2.448
2.448
3.048
0.4
0
0.3
0.9
0.2
0.9
1.224
0
0
1.724
1.624
0.1
1.324
1.224
0
1.5
0
4.948
0
1.224
1.224
1.624
0
0.7
0
1.624
0.1
1.224
2.624
0.5
1.224
1.324
0
1.224
1.324
0.1
1.224
3.424
0.1
1.824
1.424
2.548
2.548
0.2
1.224
1.224
0
0
0.1
1.324
0.4
3.148
0.1
0.1
1.224
0.4
0
0
0
0.1
2.9
1.624
0.2
3.048
0.1
0.9
0
0
1.224
2.924
1.224
1.724
0
1.224
1.224
0
1.824
1.324
1.924
1.224
1.324
1.324
1.224
1.524
1.324
0
0
1.524
0.1
0.1
0
3.672
1.624
0
1.524
0.2
1.324
1.224
0.2
2.548
1.324
1.324
1.424
1.224
0
1.324
1.524
2.448
1.4
0.1
0
1.224
0.2
1.324
0.8
1.324
0
1.224
1.824
1.424
1.224
1.224
1.224
1.224
2.624
1.224
1.224
1.424
0
1.924
0
1.224
0
1.224
2.648
1.224
3.048
0.1
0
0.7
0.1
0
1.424
2.124
0
1.424
1.324
0
0
2.648
2.648
2.548
0.1
1.224
0.3
1.324
1.424
1.224
3.672
0
1.224
0
1.524
1.224
1.224
2.548
1.824
0.2
0.2
0.1
2.448
0.2
0.3
3.248
0
0.7
1.224
2.448
0.1
1.924
1.324
1.224
1.224
1.1
3.048
0
0
0
1.424
2.948
1.924
0
0
1.324
1.224
0.2
0.1
1.224
1.224
1.224
3.672
0.1
2.424
0
2.124
0
0.1
1.224
1.324
1.624
0.3
1.424
1.324
0.2
1.224
5.224
0
1.224
1.224
2.448
0.2
0
1.524
1.424
1.424
3.248
2.448
1.224
0.1
1.724
1.224
0.1
0.4
0
1.624
0
0
0
1.324
1.224
0
1.224
1.224
0.1
0.1
0.1
1.324
1.224
1.224
0.3
1.624
2.848
3.248
1.324
0.2
0.1
0.1
0.1
5.024
0.8
1.224
1.324
1.624
0.1
1.324
0
1.224
0.2
0
1.324
2.448
1.324
2.448
2.548
2.748
1.224
1.224
1.324
0.6
3.324
1.224
1.424
0
1.224
1.324
1.424
0
0.1
1.324
1.224
0.2
1.224
0.2
0.3
2.548
0.5
1.224
1.224
2.548
1.224
0
1.324
0.1
0.1
0
0
0.2
2.548
1.724
1.324
2.124
1.224
1.324
1.624
0.2
1.324
1.624
0
3.348
1.224
0
2.624
0.2
1.224
3.672
1.224
1.224
1.224
0
1.424
1.324
1.224
2.448
0.3
1.424
0
3.124
1.224
0.1
0
1.224
0.2
2.224
1.424
1.624
1.224
1.224
1.524
1.424
0.1
1.624
0
1.224
1.324
1.524
1.424
0
1.224
1.524
0.1
1.224
0.4
1.424
1.424
1.324
0.2
0.2
0
1.224
1.224
1.624
0.1
0.3
0.1
2.748
1.224
0
0.3
0
0.1
1.524
0
1.724
1.224
1.224
1.224
0.2
1.324
0
1.324
0
0
1.224
1.224
0
2.448
2.124
0
1.224
1.224
1.424
1.324
1.324
1.224
0
1.724
1.324
0.2
1.224
0.3
2.548
0.5
1.624
2.748
2.448
1.224
1.424
1.624
0
1.424
1.424
1.424
0
1.924
0.1
1.824
0
2.548
3.048
1.224
1.824
1.324
0
0.3
1.224
0.1
0.1
1.224
1.224
0.1
3.772
1.224
0
1.224
1.324
1.224
1.224
1.224
0
1.524
1.324
2.824
0.5
1.324
1.624
1.324
1.224
1.324
0.5
0.6
0
0.2
1.324
0
0
1.424
0.1
1.224
0
4.348
1.224
1.224
0.5
1.324
1.324
1.824
2.648
1.324
4.172
0.5
1.924
0
0
3.148
1.224
1.224
0.1
1.224
0.1
1.324
0
2.448
0.3
1.324
0
0.2
2.448
2.548
1.224
1.324
1.224
1.324
1.524
0.3
0.5
0
1.224
1.324
1.224
0
0.2
1.224
1.224
3.448
1.424
1.224
1.324
0.1
1.324
1.224
0
1.224
1.524
1.224
1.224
0.2
0.1
1.524
0
5.448
2.448
1.224
0.6
0.7
1.224
3.672
1.324
0
1.324
0
0
0.1
1.424
1.224
0
1.224
2.624
0
1.224
0
1.224
0
1.324
0
1.524
1.424
0
2.648
1.224
1.824
1.324
0.1
1.224
1.224
0.1
1.224
1.224
1.224
1.224
3.672
0
0
1.424
0
3.148
1.8
1.424
1.424
0.1
0
0
1.324
0.2
2.548
0
1.224
0.1
0.1
0.4
1.224
1.824
1.424
1.224
1.324
1.824
0.4
1.424
1.424
0
0
1.224
0.1
1.324
2.848
1.224
1.624
0
1.224
1.424
2.848
2.448
0.3
1.224
1.224
1.224
1.424
1.424
1.524
3.448
0
1.424
1.324
1.224
1.224
0.1
1.224
0
0
1.224
1.224
0
1.224
1.224
0.1
1.224
1.224
0
1.224
2.448
0
1.224
0.1
2.748
4.548
1.524
2.324
0.4
1.324
1.2
1.224
2.448
1.324
0.5
0
0
0
0.3
1.224
1.324
0
1.324
0
0.4
2.224
1.424
0.4
0.5
0
2.524
0
1.324
0
0
0.3
1.724
1.224
1.524
1.324
0
0
0.1
1.224
1.224
0
1.524
0.2
1.224
1.224
2.3
1.224
1.224
2.448
0.1
1.824
0.9
1.5
2.448
1.524
0.1
0
0.8
2.448
2.648
2.424
0
0.6
0.1
1.524
0.3
4.648
1.324
0
0
1.224
1.524
1.224
3.148
1.324
1.524
0
0.7
0.2
0.3
1.324
0
1.524
1.524
0.1
1.624
0
2.324
1.324
2.448
1.224
2.024
0.3
1.224
1.424
1.324
1.224
2.748
2.648
2.848
1.224
1.424
1.524
2.724
2.448
1.224
1.324
1.524
0.6
1.224
1.324
1.424
2.724
0
2.748
0.2
4.372
1.224
0.1
1.224
0.8
1.724
1.224
1.224
1.424
0.4
0.4
1.224
0.3
0
1.324
0
1.924
1.224
1.224
1.224
0
0
1.424
1.224
2.648
1.324
0.5
2.024
1.424
1.224
1.324
4.124
1.224
4.924
0.2
1.324
1.224
1.324
1.224
1.324
2.448
0.2
0.5
1.224
0.3
2.448
0
1.324
0.1
1.224
5.124
1.224
1.224
0
1
0.4
6.548
1.2
2.448
6.348
0.1
0.1
1.424
0
0
0.2
0.4
1.224
2.548
0
0
1.324
1.224
0
0
0.1
0.1
0.4
0
1.624
0.1
0.1
0
0.1
1.224
1.224
1.724
2.548
2.224
0
0.1
2.948
1.224
0
1.224
1.524
1.1
3.772
1.424
1.924
1.224
2.548
1.224
0.1
1.324
2.448
1.824
1.524
3.972
3.972
1.524
2.548
2.448
2.648
3.048
1.424
0
2.448
1.224
1.224
1.224
0.4
5.748
2.648
1.424
3.048
1.8
2.848
