1.424
1.324
3.148
3.972
2.448
1.936
1.224
2.448
0.1
1.224
1.224
0
0
1.624
1.324
1.224
0
2.448
2.448
2.448
1.836
1.936
1.224
2.448
1.324
2.448
4.272
2.548
3.672
2.448
2.448
1.224
0.2
0
0.2
0.1
0
0
0
0.2
0
3.56
0
0
0
0
1.324
0.1
0
0.1
0
0
0.1
0
0
1.324
0
0
0
0.4
0.2
0.2
0
2.848
3.26
0
0
0
0
0.5
0.1
0.3
0.2
1.836
3.76
1.624
0
1.324
0
0
1.424
0
0
0
0
0
0
0
1.224
2.548
0
1.224
1.424
0
0
0.1
0.3
0
2.448
2.448
0
0.2
0.1
0
2.448
0
1.324
0.5
0
0.1
1.324
1.224
0
0
0
2.036
1.224
1.224
0
0
1.1
0
2.448
0.2
0
0
0.1
0
0
0.2
1.424
0
0.1
0
3.16
0.1
0.1
0
0
1.424
1.224
2.548
0
0
0
0
0
0.3
0
0
0
0.1
0
1.224
0.1
0.2
1.324
0
1.524
0
0.1
0
0
1.224
1.324
0
1.324
0
1.324
3.548
0.1
0
1.224
0.1
1.324
1.224
0
0
1.836
0.4
0.1
0
1.224
1.224
1.424
1.324
0.2
0
0
1.224
1.324
0
0
0.1
0.1
0
0
1.224
1.224
1.424
2.036
1.224
1.224
0.1
0.6
0.1
0
0.2
1.424
1.324
1.224
0.2
2.748
0
1.836
1.824
0
4.784
0
1.836
0
1.224
1.724
2.448
2.448
1.224
1.224
1.224
2.548
1.224
3.872
3.672
0
1.936
1.224
0.2
1.724
1.936
3.06
0.1
1.836
0.2
2.136
1.224
1.324
1.224
2.448
1.224
0
1.924
0
0
0
0
1.224
0
1.836
0
2.448
0
1.224
0
1.224
0.1
1.224
0
1.324
1.224
0
1.224
0
0
0.1
1.224
0.1
0
1.224
0.1
1.224
1.224
3.672
1.224
2.448
3.672
2.548
0.1
0
0
0
1.836
1.836
2.448
0
0.4
1.324
1.224
1.424
1.224
0.1
1.224
2.548
1.324
0.1
1.324
1.324
0
0.1
0.1
2.448
0.1
1.324
0
0
2.448
2.448
1.224
0
1.224
1.224
1.224
1.224
1.324
1.324
1.624
0
0.1
0
1.224
1.224
0
2.948
2.448
1.224
3.06
3.16
0
0
1.324
1.524
1.224
1.224
0
0.3
1.224
0.1
0.2
0.2
1.424
1.224
1.324
1.324
1.224
0.5
1.824
2.448
2.136
0
1.224
2.448
0.2
0
1.224
0
0
0
1.324
1.224
1.224
3.16
1.224
1.224
0.1
1.324
1.224
2.448
0
1.524
1.224
1.324
1.224
2.648
2.648
2.448
0
3.672
1.224
2.448
1.424
1.324
1.224
2.448
3.872
4.472
2.448
3.972
0
1.836
1.224
1.224
3.672
2.548
4.284
1.224
1.324
1.224
3.06
2.448
2.448
1.324
2.448
3.448
1.524
2.548
3.06
3.872
1.324
1.224
3.672
3.672
1.224
3.06
5.608
1.224
3.872
2.448
1.424
5.508
1.224
1.724
2.548
3.672
2.448
1.224
1.324
2.848
3.772
1.224
2.648
1.324
4.896
3.672
9.532
3.672
3.672
3.772
4.284
2.448
1.224
1.224
3.16
3.772
3.06
3.672
1.324
1.224
1.324
4.384
2.448
2.448
4.372
1.224
1.224
1.324
1.824
3.772
1.324
1.324
1.824
4.384
3.672
1.524
1.524
1.224
2.448
4.072
1.324
3.672
4.284
1.324
2.648
1.224
2.448
1.224
1.224
3.772
1.224
2.448
3.772
3.772
1.224
1.224
2.448
4.384
2.648
1.324
3.06
3.672
1.224
2.448
2.548
4.384
1.324
1.524
2.448
2.448
1.224
4.384
3.048
3.672
1.324
1.224
2.548
2.548
3.06
2.448
2.548
5.508
1.224
3.672
1.224
2.948
1.324
1.224
1.224
3.672
2.648
1.624
1.224
4.284
1.224
2.448
2.548
2.648
1.224
1.224
2.448
2.448
1.224
1.224
1.324
3.772
1.224
3.772
1.424
3.972
1.324
2.448
5.708
1.224
1.224
1.224
2.648
2.548
1.324
1.224
3.06
1.224
2.548
1.224
1.324
3.772
1.224
1.224
1.224
2.548
3.16
3.16
1.524
3.16
3.772
2.448
2.648
1.224
3.672
1.324
3.06
2.548
1.224
1.224
1.524
1.324
2.448
1.224
2.448
1.224
3.06
2.448
1.224
3.672
1.224
2.448
3.672
4.284
1.424
1.224
1.224
1.324
1.224
3.06
2.448
1.224
3.672
3.772
2.448
2.448
3.672
7.832
1.224
3.672
3.672
1.224
2.448
1.624
4.484
2.448
1.524
1.324
1.224
1.924
3.672
2.448
3.672
1.224
1.324
1.324
3.672
3.972
2.648
2.548
1.324
2.648
1.324
1.424
3.06
1.224
2.548
4.284
2.548
1.324
1.224
3.872
2.448
4.284
1.224
2.448
2.448
2.548
1.724
3.672
2.648
2.448
1.224
1.224
1.324
1.224
2.548
4.284
2.448
3.672
2.548
3.048
1.224
2.648
3.16
3.06
1.224
1.224
2.648
2.448
1.224
2.448
1.224
2.548
2.648
2.848
1.224
3.672
2.448
2.548
2.548
1.224
3.672
4.684
1.224
2.448
3.672
1.224
3.772
1.324
2.548
2.648
3.06
2.448
2.448
1.224
1.224
3.772
1.324
1.224
2.448
2.448
1.224
3.772
2.648
3.672
3.36
1.224
1.424
3.26
1.224
3.972
1.224
2.548
3.772
1.224
2.448
3.972
2.448
2.448
3.672
2.448
2.548
1.224
1.224
1.224
1.324
3.06
2.448
3.772
2.448
6.208
1.224
1.424
2.448
3.672
4.284
1.224
4.284
1.324
3.672
3.672
1.224
1.324
3.872
1.224
2.448
3.672
1.224
1.424
1.224
1.224
1.324
2.548
1.224
2.448
1.224
2.448
3.448
2.748
2.448
2.448
2.448
2.448
1.224
1.224
1.224
3.06
3.672
3.16
4.284
1.424
2.548
1.224
3.672
2.448
1.224
2.448
3.672
2.448
1.224
2.448
2.548
2.548
1.324
2.448
4.384
1.224
3.872
1.224
4.072
2.748
3.16
2.548
3.672
2.548
1.224
3.672
3.06
2.548
2.748
5.808
2.448
4.284
1.224
1.224
3.06
3.672
1.224
3.772
2.448
2.448
3.772
2.448
3.872
2.548
3.672
2.448
1.224
2.448
1.224
3.672
4.584
3.672
3.16
4.384
2.448
1.224
2.448
1.224
3.672
1.224
1.224
1.424
4.284
2.448
4.384
2.448
1.224
2.548
1.224
1.224
1.224
3.672
2.548
2.448
1.224
2.548
2.448
3.06
3.672
1.224
2.448
2.748
2.548
1.224
2.448
2.648
2.448
1.224
1.224
1.324
3.16
1.224
3.772
1.324
1.424
2.548
2.848
2.548
3.672
3.772
3.672
2.448
4.284
1.224
2.648
1.924
1.224
1.224
4.284
3.672
1.224
1.224
4.484
1.224
1.224
2.448
2.448
3.872
1.224
2.648
3.672
1.424
1.224
3.772
2.448
2.448
1.224
1.224
1.224
1.324
1.224
2.448
1.224
1.224
4.172
1.424
1.224
1.224
2.548
2.448
1.224
1.224
1.224
3.672
1.524
6.008
3.06
4.384
3.06
3.672
3.672
3.872
1.224
2.448
3.672
2.448
3.16
2.548
3.972
2.448
3.972
2.648
1.424
1.224
4.072
2.448
3.772
2.448
3.672
3.672
3.06
3.06
3.06
2.748
1.224
2.648
1.224
2.548
2.748
2.448
2.548
2.548
2.448
2.548
1.224
1.224
2.448
2.448
3.672
2.548
3.36
3.872
5.808
2.448
3.972
3.672
2.448
3.06
1.224
3.16
5.708
5.808
5.808
2.448
1.324
4.384
3.06
3.16
3.16
2.848
3.06
1.324
2.448
2.448
1.224
2.448
2.548
1.324
1.224
2.448
2.448
2.548
1.224
1.224
1.224
2.648
1.324
1.224
1.224
1.524
1.224
2.036
1.324
2.448
0
0.1
0.5
1.324
0
1.836
0
1.624
1.836
1.524
0.1
1.224
1.324
0.2
1.224
0
0
3.16
0.1
0
0
0
0
0
0
0
0
2.548
0
2.848
0
0.2
0
1.224
1.224
0.1
0
1.224
1.224
0
0
1.224
2.648
1.324
0
0
1.224
1.324
1.224
0
0.1
0.1
0.5
1.224
0
1.524
0.1
1.624
1.224
1.224
1.324
0.1
0
0
1.224
1.836
0
1.224
0.2
0.2
0.3
1.224
0.1
3.06
0
0
0
1.224
0
0.5
0
0.2
1.224
1.224
1.224
0
0.1
1.324
0.1
0
1.224
1.224
1.324
0
0.1
2.448
0
0
1.224
3.06
0.5
1.324
0
0
0
2.448
0.2
0
0
1.224
0
1.936
0
0
1.224
1.324
0.2
0.1
0
0
1.224
0.4
0
0
0.1
0
1.424
0
1.224
1.836
0
0.3
0.1
0
0
0.1
0
0.2
0
0
1.224
1.324
1.224
1.224
0
3.26
0
0
1.224
0
1.224
0.1
1.224
0
0
0
0
1.224
0.2
0
2.548
0.2
1.224
0.1
0.4
1.424
0
0.2
0
1.224
0
0.4
0
1.224
0.1
1.824
0.2
1.224
2.448
1.324
1.224
1.424
1.224
0
0
1.324
1.224
0
0
0
0
0
1.224
0
2.848
0
0.2
1.224
0
0
0.1
0
0.2
0.1
1.324
0
0
0.7
0
0
1.224
1.224
0
0
0
0.2
0
1.424
0
0
0
0.1
1.224
0.1
0.4
0
1.324
1.224
0
0
1.224
1.836
0
0
0
1.836
1.224
0
0
0
0.1
0
0
0.1
0.1
0
1.224
1.224
1.224
0
0.5
1.424
1.224
0
1.936
1.324
0
0
0
0
1.424
0
1.224
0
0
0.1
1.324
0
0
0
1.936
0.3
1.224
0.1
0
0
1.224
0.1
0
1.224
0.2
0
0
0
0.1
0
0.2
0
0
3.06
0.1
0
0
3.16
1.224
0
0
0
1.324
1.224
0.1
0
0.2
0
0
1.524
1.424
1.224
0
0.1
3.26
0
0
0.3
1.324
1.224
1.224
2.448
0
0
0
0
0
0.1
0
0.1
0.1
0
0
2.448
0
0
0
0
0.4
0.1
0.1
0.1
0
0.3
0.1
0
0.2
0
1.836
1.324
0.3
0
1.224
0
1.836
0
1.324
1.424
0.1
0.1
0
1.224
1.224
1.224
1.224
0
1.424
0
0
0
1.324
1.224
0.1
0
0.1
1.936
0.4
0
0.2
0
0
0
0
1.424
2.448
0
0
0
1.224
0
0
0
1.224
1.224
0
0.2
0.2
0.1
0
0
1.224
0.2
0
1.936
1.224
0
2.448
2.136
0.1
1.224
0
0.1
0
0.1
0
1.224
3.06
0.2
0
0.3
0.2
0.5
1.224
1.224
2.548
0
1.224
0
0
0.2
0
0
0
1.836
1.224
1.224
1.224
1.224
0.1
0
0
0
0
0
0
3.16
0
1.924
0
0
1.224
1.224
0.1
0
0.1
0.1
1.224
0.1
1.224
1.224
2.036
0.1
1.224
0
1.224
1.424
1.224
0
1.836
0
0
0.1
1.424
0
1.424
0
0
0
0
0.3
0.1
0
1.424
0
0
1.224
0
0
0
3.06
1.836
0.1
0
1.224
0
0
0
0
0
0.1
0.3
0.1
0
1.224
1.224
0
0
0
0
1.624
0
0
0
0
0
0
0
0
0.1
0
0
1.224
0
1.224
0
1.524
1.224
0
0.2
1.324
0
1.224
0.1
0
0
0
1.224
0
1.224
1.224
0.1
0
3.46
0
0
0
0
1.224
0
0
0
1.324
0
1.224
1.224
0.2
0
2.448
0
0.1
1.224
1.224
0
1.224
0
1.224
0
0.1
0
0
0.1
0.4
1.224
0
1.324
1.836
0
0.1
1.224
3.06
0.1
0
1.224
0.1
1.224
0
0
0.1
3.06
0
0.1
0.1
1.224
0.1
0
1.224
0
0
0.1
1.224
0
0.1
0.1
1.224
0
1.424
1.224
0.2
0
1.224
0.1
0.1
0
0.2
1.624
0
0
0
1.224
0
0
1.324
2.448
1.224
0
0.1
1.224
1.224
0.1
0.1
0
1.224
0
0
1.224
0
0
1.424
0
0.2
0
0
1.224
0.1
0.2
1.224
1.224
0
1.824
0
0
1.224
0.1
1.936
0
1.836
0.1
0
1.324
1.324
0.2
1.224
2.448
0
0.2
1.224
0
0
1.224
0.1
3.06
1.224
0.1
3.06
1.324
1.224
0
0.1
0
0.1
0
0.2
0
3.06
1.824
0
0
1.224
2.448
0.1
1.924
1.524
1.224
2.136
0
0
1.224
0
1.524
0.3
0
0.2
1.936
0
0.1
2.948
0
0
0
1.836
0.1
0
1.224
1.224
0
0
1.324
0
0
0
0
0.1
1.424
0
0
0
0
0.2
3.06
0
0.3
0.1
0
0.2
0
0
0
1.224
0.2
0
0.1
1.836
0.6
3.06
0.1
0.1
0
0.2
1.224
0.2
0.2
1.424
1.224
1.224
0
1.424
0
0
0
0.3
0.2
0
0
0.2
0.2
0
1.224
0.1
0
1.836
1.224
1.324
1.224
1.224
0
1.836
1.224
1.224
3.06
0
0
2.448
1.424
0
0
1.224
0.2
0
1.424
1.224
0.1
0
0
0
3.772
1.324
1.836
2.648
1.324
2.448
1.224
2.448
0.1
3.06
0
6.808
1.224
0
1.836
1.524
0.1
0.4
0.2
0
1.824
1.424
4.384
0.1
0
0
1.224
1.324
1.224
1.836
2.136
2.448
0.1
2.448
1.836
3.06
1.224
0
1.324
1.224
2.448
0.1
1.224
1.324
2.548
0
0
2.448
1.224
2.548
1.224
1.224
1.224
1.224
1.224
1.224
1.224
2.848
3.672
0.3
0.2
0
1.224
0
0
2.448
2.448
1.224
2.748
2.648
3.872
2.448
1.224
2.448
3.672
2.648
0
2.448
4.284
0
0
0
0.3
2.424
1.224
0
1.324
2.848
1.424
