0.1
0.1
3.048
3.36
2.548
0
0
0
0
0
0.2
1.224
0
0.6
0.3
0
0
0
0.1
0.2
2.548
2.548
0
0
2.136
0
0
2.748
3.672
2.448
0
2.448
0.6
0
0.1
0.3
0
0.1
0
0.5
0.1
1.524
0
0
0.1
1.224
0.1
0.1
0.1
2.548
1.224
0
3.048
0
0
0.2
0
0
0.1
1.624
1
0.2
0
0.2
0.5
0.1
0
0.1
1.524
0.7
0.6
1.424
0.2
0.1
2.224
0.5
0
0.6
0
0.1
1.624
0
1.224
0
0
0
0
0
0
0.4
0.1
0
0
0
0
1.424
1.424
0
0.1
0
0
0.5
0
0.1
1.836
0
0
1
0.2
0.1
0.2
0
0
1.224
0.1
0.2
0.1
0
0.1
0
1.4
0
0
0.3
0
0
0.2
1.224
0
1.324
0.1
0
0
0.1
1.324
0.2
1.224
1.224
1.624
0.6
0.1
0.1
0
1.224
0
0
1.424
0.3
0
0
1.224
0.1
0.1
0
0.6
0.2
0
0
0.3
0
0.1
0
0
0
0.1
0
0
0
0
1
0.1
0.3
1.224
0.2
1.224
1.424
0
0
2.548
0
0.1
1.324
0
1.224
0.2
1.324
1.524
1.224
0.1
1.224
0.3
1.324
0
1.524
1.224
1.224
1.224
0.2
1.224
0.1
0
0
0
1.324
1.1
0
0
1.324
1.224
0.2
1.224
0
0.4
0
0
0.9
0
0.4
0
1.224
0
1.224
3.048
2.548
2.448
2.548
2.448
2.448
2.648
2.448
3.048
2.448
1.324
1.836
3.16
0
2.524
1.224
1.224
1.424
1.836
1.424
3.46
1.224
0
0.1
0
0
1.224
2.536
1.224
0.2
1.224
0
0
1.224
0
0.1
1.224
1.224
4.384
0
0.1
0.2
1.224
0
0.7
1.224
1.324
2.448
0
0
1.224
1.324
0.2
1.224
1.224
0
1.224
0
1.224
1.224
2.548
2.448
2.848
0
1.224
1.224
2.548
2.448
2.448
2.448
0
0.4
0
0
0
0
0.1
0
0
0.1
0.3
0.3
0
0
0.3
0
0.1
0.2
2.236
0
1.224
0
0
1.524
0
1.224
0
1.224
0
0.1
0.3
0
0.2
0.1
0
0.1
0
0
0.7
0
0.1
3.36
3.16
0
0
0
0.5
0
0
1.224
1.1
0
0
3.36
1.324
3.16
0.1
0.1
1.324
0.1
0.2
1.2
0
1.936
0
0
0
1.424
1.524
0
1.224
1.224
1.224
0
1.936
1.224
1.936
1.224
1.224
1.224
3.06
3.06
0
0
0.4
0
0
0.2
1.324
2.124
1.224
0
1.224
1.224
2.548
2.448
1.324
3.16
1.324
2.448
4.46
1.224
3.46
1.224
0
2.548
1.224
1.224
2.448
4.384
1.224
2.648
2.448
3.672
2.548
2.448
6.108
2.448
2.424
2.848
1.324
2.448
2.448
1.324
1.324
1.224
1.224
1.224
3.672
2.548
2.448
1.524
1.224
5.608
1.224
2.448
6.108
4.784
3.16
1.224
4.284
3.16
5.608
1.624
1.224
1.624
2.548
1.324
4.284
1.224
1.224
1.224
1.324
4.284
1.224
2.448
9.508
2.648
1.224
1.324
1.224
2.648
1.224
2.648
2.648
1.224
3.06
4.484
2.848
2.448
2.548
3.56
4.284
1.224
1.224
3.548
1.324
1.224
3.048
1.824
1.224
3.06
2.848
2.848
1.624
1.224
1.724
1.624
2.448
1.224
1.224
1.224
1.424
1.224
2.448
3.06
1.324
2.448
1.224
1.224
4.384
4.684
2.548
2.448
1.324
3.672
3.972
2.448
1.524
2.548
3.26
1.224
3.16
2.448
4.384
3.66
1.224
2.448
1.324
2.648
2.448
2.448
2.448
4.384
1.324
2.448
4.284
1.224
1.524
2.448
1.224
5.508
1.324
3.772
4.984
2.448
2.448
1.224
2.448
2.548
2.748
2.448
1.324
2.848
1.224
1.324
2.448
1.324
1.624
2.448
1.324
2.548
3.06
2.448
4.484
2.548
3.772
1.224
2.448
1.324
4.284
2.448
1.224
3.46
2.448
2.648
2.548
1.224
1.424
1.224
1.324
1.224
1.224
2.448
2.848
4.384
3.772
2.448
2.448
1.224
2.448
3.06
2.448
2.548
1.224
3.672
2.448
1.524
2.648
1.224
2.448
1.324
1.324
2.448
2.448
1.224
1.424
4.384
2.448
2.448
1.224
4.784
1.224
1.224
2.448
2.448
2.548
2.448
1.224
1.224
2.748
1.224
2.448
1.324
1.524
2.448
1.224
1.224
1.224
1.324
6.408
1.224
1.224
4.684
1.224
3.06
2.024
2.548
2.548
1.224
3.06
1.224
4.384
1.224
3.16
5.908
2.548
3.16
3.16
4.384
4.384
4.484
2.448
2.448
4.284
1.224
3.06
5.508
1.324
5.808
1.224
1.224
4.384
1.224
1.224
3.66
1.224
4.484
1.224
1.224
1.224
3.46
3.772
3.672
3.972
5.508
1.224
1.224
2.948
3.06
3.972
4.284
2.548
2.448
1.224
3.16
2.448
1.224
2.448
3.772
2.448
2.448
4.484
1.224
2.448
2.548
4.684
2.748
3.06
3.06
1.524
1.224
5.608
1.224
3.772
3.148
4.284
1.424
2.548
3.06
1.324
1.224
2.448
3.06
1.224
1.324
3.672
2.448
3.672
4.284
1.224
1.224
2.448
2.448
1.224
2.548
4.484
1.224
4.284
1.224
2.448
1.424
1.224
1.224
1.224
2.548
2.548
1.424
1.224
2.448
4.484
1.224
1.224
3.16
1.224
2.448
4.284
1.224
1.424
2.548
3.26
5.508
1.224
4.284
2.448
4.284
4.384
1.324
2.448
4.384
3.048
1.424
2.548
2.448
2.448
4.284
4.284
1.224
1.224
5.608
1.724
2.448
2.648
2.548
2.448
2.124
2.948
1.324
1.224
1.424
3.772
2.448
1.324
2.448
3.672
1.224
3.772
1.224
2.648
2.548
1.224
1.224
1.224
1.224
2.448
3.772
2.748
1.224
4.384
4.284
2.448
1.224
1.224
4.284
2.448
2.648
1.224
1.624
1.724
3.972
5.508
1.224
2.524
3.16
2.448
2.448
1.424
2.024
2.548
1.224
4.284
2.448
2.448
1.224
1.424
1.224
4.784
2.648
1.224
2.448
4.284
4.284
3.672
1.224
1.224
2.648
2.448
3.672
1.224
2.448
4.284
4.284
2.448
1.224
1.224
1.224
1.224
2.448
1.224
1.224
4.384
4.384
1.224
4.284
1.224
1.324
1.224
1.224
3.06
1.324
1.224
2.548
2.448
2.448
2.448
1.224
1.224
1.224
2.448
1.224
2.548
2.448
3.06
3.672
2.748
1.224
1.224
2.448
3.672
3.972
2.948
1.224
2.648
1.524
2.448
2.848
1.224
2.448
2.448
1.224
2.448
4.284
2.448
5.908
4.16
4.384
1.324
4.284
1.224
5.508
2.548
1.224
2.748
5.608
1.224
1.224
1.224
4.284
3.972
2.448
2.448
3.06
1.324
1.224
1.324
1.224
2.448
2.448
2.548
3.16
1.224
1.224
1.524
1.724
4.384
2.548
1.224
1.324
3.06
2.448
1.224
3.048
2.448
1.324
2.448
3.672
1.224
1.224
1.224
4.884
5.184
2.448
3.672
3.06
2.448
3.872
2.448
3.348
1.224
2.848
2.548
3.872
1.424
4.384
2.448
1.424
2.648
2.548
2.548
3.672
3.672
3.672
5.508
3.672
2.448
2.448
5.608
5.508
5.508
2.548
1.524
1.224
2.548
1.224
1.224
1.224
3.16
1.224
3.16
4.272
4.384
2.548
2.448
1.624
1.224
1.224
4.284
3.672
4.384
1.224
1.424
1.424
2.548
2.748
3.672
3.672
3.872
3.672
1.224
3.672
5.508
1.224
3.672
1.324
3.672
3.972
3.772
3.672
3.772
2.548
3.672
2.548
4.284
4.284
3.772
2.336
0
1.324
2.024
1.424
3.26
2.548
0.1
2.448
0.2
1.424
3.26
0
2.448
1.836
1
1.224
0.3
0
1.224
4.284
1.724
1.224
0.3
0
0
1.224
0.1
0
1.224
0
0
1.424
1.224
1.224
0.1
0
0.7
1.224
0
1.324
0
0
1.224
0
0
0
1.224
1.224
0
0.1
0.1
2.536
1.224
0
0.1
0
1.224
1.224
1.224
2.924
0.2
1.224
0
1.224
0.6
1.224
0.1
0
1.724
1.324
0.1
1.836
0
1.224
1.224
1.524
1.224
0.3
0
0.1
0
0
0
0
0
1.224
0.5
1.224
1.324
0.1
1.424
2.448
1.224
0.2
1.624
1.424
1.224
0
0.1
1.424
1.224
1.324
0
1.224
1.224
0
0
1.824
1.324
1.224
0
1.224
1.836
1.524
0.1
1.224
1.224
0
0.2
0
0
0
0
0.1
1.324
2.448
1.324
0
1.624
1.224
1.224
1.224
0
0
1.224
0
1.224
1.224
1.424
1.224
1.324
1.424
0
1.224
1.224
0.1
1.224
0
0
0.2
0.1
1.224
2.548
0
0
0
1.224
0
1.224
0.1
1.224
0.1
0
1.224
0
0.2
1.224
0.1
1.324
1.224
1.424
1.624
0.2
1.224
0.5
0
0
1.224
1.424
1.224
0.1
1.224
0.7
0.4
0
0.1
0
2.036
0
0.3
1.224
1.224
1.224
0.1
1.224
1.224
0.1
2.448
1.224
0
1.224
0.5
1.224
0.6
0
1.224
0
0.2
1.624
2.548
1.224
1.224
1.224
1.324
1.2
1.224
0
2.448
0
1.224
1.224
0
0
0.4
0.7
0
0
1.224
1.424
1.324
1.224
1.424
0
1.324
0
1.224
1.224
0
1.224
1.224
0
0
1.224
0.1
1.224
1.324
1.224
1.424
1.224
0.3
1.224
0.1
1.224
0.1
0
0.1
1.224
0.8
0.5
0
0
0.3
0
1.324
1.224
0.2
1.624
1.424
0
0
0.1
0
0.1
1.224
0
1.424
0
0.2
0.4
0
1.224
2.448
0
1.224
1.324
1.224
1.224
1.324
0
1.224
1.224
1.224
1.224
1.324
1.424
1.224
1.324
1.224
0
1.224
0
0
1.224
1.224
1.224
0.3
0
0.3
0
0.4
0
0
1.524
0.2
2.648
0.4
1.324
0.4
0
1.224
1.824
0.1
0
0
1.224
0
1.224
2.448
2.548
0
1.224
0
1.224
0.1
1.224
0
0.1
1.224
1.224
1.224
1.424
0.6
1.224
0.1
0
0
1.224
1.224
1.324
0.2
1.324
1.224
0.1
0.3
0.2
0
0
1.324
1.324
0.1
0
1.224
0.3
0
0.1
0.1
2.548
0
0
1.424
1.324
1.224
1.224
0.1
0
1.224
1.424
1.224
0.1
0.1
1.224
0.4
0
1.224
0
1.224
0
1.224
0.1
1.224
1.224
1.224
1.224
1.224
0
1.224
0.1
0
1.224
1.324
0
1.224
0.1
0
0
0.1
1.836
0
1.424
0.1
1.424
1.324
1.324
0
1.224
2.136
0
0
1.224
0
2.648
1.224
0.4
1.324
0.4
0
0
1.324
2.448
0.2
0
1.324
1.424
0
0
1.224
0
1.224
0.1
0
0
1.224
1.324
0.2
0
1.224
2.448
1.224
0.1
2.548
2.124
1.424
0.1
1.524
0
0
1.224
0.1
0.1
1.324
1.224
1.324
0
1.224
1.424
0.1
1.224
0
0.3
0
1.224
0.2
0
1.224
0.4
0.1
1.324
0.3
1.424
0.1
1.224
1.224
1.524
0
1.224
1.224
1.224
1.224
0.1
1.324
0
1.224
2.548
0
1.224
0
0
1.224
0
1.224
0
0
0.4
0.6
1.224
0
0.1
1.224
0
1.224
0.1
1.224
0.4
1.224
0
0
1.224
0
0
1.324
0
1.424
0
0
0.1
0
0
1.224
0.3
0
0
1.624
0.2
1.224
0
0.1
1.224
0
1.224
1.224
1.836
0
0
0
1.324
1.624
1.224
0
1.224
0
1.224
0
1.224
1.224
1.324
1.224
0
1.224
1.324
1.324
0
0
1.224
1.524
0
0
0
0
0.1
1.224
1.324
0.1
1.224
0.1
1.824
0
1.424
0.1
2.448
1.224
0
0
1.224
1.224
1.224
0
1.224
0
0.1
0.3
1.424
1.224
0
0.4
1.524
1.224
0.2
1.224
0
0
0
1.324
1.424
1.524
1.224
1.224
0
0
0
0
1.524
0.1
0
0.1
0.2
1.324
1.524
1.424
1.224
2.448
1.224
1.224
1.224
0
1.224
0
0
0
0
1.224
1.224
0
1.224
0
0
1.224
1.224
0
1.224
0
1.424
0.1
0.7
0
0.2
0
0.1
1.724
1.224
0
0
2.948
1.224
1.936
1.224
1.224
1.224
0
0
0
0
0.1
1.324
0.2
0.2
0
0
0.7
1.424
0
1.224
0
1.224
1.224
1.324
0
0
0
0
1.224
1.224
0
1.224
0
1.724
1.224
2.448
1.1
1.224
1.324
0.1
0.1
0.4
0.5
0.5
0
1.324
1.324
0
1.524
0.1
0.1
0.2
0
3.36
0.1
1.224
1.524
1.824
1.324
1.224
1.224
0
1.524
0
1.524
1.224
0
1.224
1.524
1.224
1.324
0
1.224
2.748
0.1
1.224
0.1
1.224
0.1
1.424
0
0
2.648
2.648
0
0.2
0
1.224
1.224
1.324
1.524
1.224
1.324
1.224
0.4
0
0
1.224
1.424
1.424
0
0
1.524
0.4
0
0
1.224
0.3
0
1.224
0.1
1.824
1.324
1.324
1.224
1.224
1.224
1.224
0.1
1.824
0
2.748
1.324
1.524
4.284
2.448
0
2.448
0
2.548
0
0.1
0.1
0.2
0.4
0
1.224
0.1
0.4
0
0.9
0.1
2.448
0
0
0
3.06
0
0
0.1
4.284
0
0
0
4.284
0.1
0
2.724
2.548
1.224
3.06
1.724
3.36
0.5
1.524
0
0.2
2.648
1.224
0
1.224
3.06
1.936
2.136
0
0
1.224
0
0.3
0
3.06
0
2.448
0.3
1.324
1.224
1.724
3.16
0
0.1
1.324
0
1.224
0
0
1.924
1.324
2.448
0
0
1.224
1.224
0.1
3.96
1.224
2.648
1.324
0
0
2.448
1.836
3.772
3.872
2.448
4.484
1.324
1.324
3.872
2.448
3.672
1.224
2.548
0
1.224
3.06
1.224
0
0
0.3
1.1
0
0
3.048
1
2.648
