0.2
0.1
2.948
1.524
4.072
0
0.1
0
0.2
0
0.1
1.224
1.524
0.4
1.1
0
3.06
0
0
0.2
1.224
1.224
0
0
0.1
0.1
0.2
1.324
2.548
1.224
0
2.448
0.9
0
1.224
0.2
0.1
0
1.936
0.3
0
2.424
0
1.936
1.936
1.324
0.1
1.324
0
1.324
1.224
0.1
1.624
3.06
0.1
0
1.224
1.324
0
1.624
2.024
1.724
1.936
0.6
0.2
0.1
1.224
1.224
1.424
2.124
0.2
3.048
1.424
0.3
2.424
0.5
1.224
0.6
1.224
0
1.424
1.224
1.324
1.324
1.836
1.224
1.324
1.836
0
1.624
0
0.1
1.324
1.224
1.224
1.424
1.524
1.224
0
0
1.836
1.324
1.724
0.1
0
0.1
0
0.7
1.224
0
1.424
1.324
0
2.548
2.036
0.5
0
1.424
0
0
2.624
1.936
0
1.424
1.224
0
1.936
1.224
0.1
2.948
0.1
1.836
1.424
0
1.324
0.4
1.324
2.548
1.524
0.5
0
1.324
1.224
1.324
1.224
3.06
1.324
1.424
0
1.224
1.224
0
0
0
2.236
0.2
1.424
0.1
0.5
0.1
0
1.324
0
1.224
0
3.06
0
1.224
0
1.8
1.224
1.324
2.448
0
2.448
1.424
3.16
1.224
1.224
0.2
0.1
2.648
0
2.448
0
2.948
1.824
2.748
1.424
2.548
0.1
1.224
0.1
2.748
2.648
1.424
1.224
0
1.324
0.2
1.424
0
0
1.324
1.3
3.06
0.1
1.624
1.624
0
1.224
0.1
0.6
3.16
0
3.024
0
1.624
1.836
1.224
1.224
1.424
3.148
2.448
2.448
2.748
2.448
2.448
3.248
3.672
2.748
2.448
2.548
0.2
1.224
1.936
4.648
1.324
1.836
1.724
0
1.824
1.524
3.16
3.16
0
1.224
1.224
1.324
0.7
0
3.46
3.16
3.06
0
1.224
1.224
1.224
1.324
1.524
1.224
1.224
0
1.936
1.224
1.224
0.2
1.224
0
1.224
0
0.2
0
1.324
1.424
0
1.224
1.424
2.448
1.224
2.448
2.548
3.872
2.448
3.972
0
1.324
1.224
2.648
1.224
1.224
2.448
1.224
1.624
0
1.836
0
0
1.324
0
0
1.324
2.136
0.3
0
3.06
1.424
1.424
0
1.524
1.324
3.16
2.548
0
0
1.324
0
1.224
0
1.224
0
0
0.2
0
1.324
0
1.224
0
0
1.224
0.8
1.224
0
1.424
1.324
1.224
0
0
0.6
0
1.224
1.224
2.324
1.224
0.6
1.324
1.324
1.424
0.3
1.224
1.324
1.324
2.024
3.024
0.1
0
0
1.224
0
2.548
1.324
0
1.324
1.224
2.448
0.1
0
1.224
0
1.324
1.224
1.224
0.2
1.224
0
1.224
1.524
0
0
0.1
1.324
2.524
1.324
1.224
1.224
1.424
2.648
2.848
1.224
1.224
1.324
2.548
2.524
2.548
1.524
1.324
0.1
1.424
1.224
1.224
2.648
2.748
1.224
3.972
3.672
2.448
3.672
3.672
2.548
2.448
2.324
2.948
2.548
1.224
1.424
2.848
1.324
1.224
2.648
2.748
2.448
2.448
2.648
1.524
1.324
2.548
1.224
3.772
3.348
2.748
2.448
2.448
2.548
1.424
2.748
1.524
1.224
2.748
2.748
1.624
2.448
1.324
2.448
1.324
1.524
2.448
2.448
3.672
2.648
2.448
1.224
1.224
1.224
10.808
4.384
1.224
1.324
2.448
1.224
3.448
2.748
3.672
2.548
1.524
2.648
4.284
1.424
3.848
1.924
1.224
4.884
1.724
3.26
1.424
2.748
2.948
1.424
2.448
3.76
1.524
5.508
1.224
1.224
1.324
1.224
3.16
3.672
1.324
1.424
3.672
1.224
2.448
2.648
3.772
1.224
1.224
1.224
2.548
3.048
2.448
1.224
5.808
1.424
1.224
1.224
3.772
2.448
1.724
1.224
2.448
1.224
4.072
2.448
2.448
2.448
3.672
1.524
4.384
2.648
2.448
3.648
2.448
2.448
2.548
1.224
2.948
4.372
3.672
1.224
1.224
2.448
3.048
3.148
2.448
1.224
3.772
1.224
1.224
2.548
1.424
1.624
3.672
2.448
1.224
1.424
2.548
2.848
2.748
5.508
1.324
1.224
1.224
2.448
2.748
1.324
1.424
2.448
2.948
2.448
1.424
2.848
1.224
2.548
2.448
2.648
2.448
2.948
3.048
2.648
2.448
2.448
1.424
3.672
1.224
2.548
1.224
1.224
2.448
2.648
1.624
2.548
1.324
5.608
1.224
3.16
2.448
2.448
1.224
1.324
2.548
2.548
2.448
2.548
1.224
1.324
2.448
2.448
2.748
1.324
2.448
2.448
1.224
2.548
1.224
2.548
1.224
2.024
2.648
1.324
1.224
1.224
2.448
2.948
2.448
1.224
1.824
3.06
1.324
2.224
2.548
2.448
1.324
1.324
1.524
3.672
1.224
1.424
2.848
2.848
1.224
1.224
3.772
1.324
2.548
5.508
1.224
2.448
1.224
1.324
2.448
1.324
2.648
1.224
2.448
2.748
1.224
1.224
1.524
1.224
2.648
2.448
1.224
1.224
1.724
2.648
2.448
2.448
2.448
1.224
1.224
3.548
1.424
2.648
2.548
2.448
3.672
1.224
1.224
3.672
1.224
2.448
4.284
2.548
2.548
4.072
3.06
3.672
2.548
2.848
3.048
1.224
1.224
1.824
1.224
2.448
1.324
2.448
3.872
2.448
1.324
3.048
1.224
1.224
2.648
2.448
1.524
2.448
1.624
5.508
2.448
2.448
2.848
1.224
2.548
3.672
1.224
1.324
2.548
2.548
1.324
2.548
2.448
2.448
1.224
2.548
1.224
1.224
2.748
2.648
1.224
1.224
2.748
4.784
2.548
1.224
1.224
1.224
1.224
2.448
1.224
1.824
2.448
1.224
2.648
1.224
2.648
5.508
2.448
2.748
1.324
2.548
2.448
5.284
2.448
4.384
2.648
2.448
3.672
2.748
2.448
1.424
2.748
2.848
3.672
2.548
2.448
3.672
2.624
3.148
1.324
1.224
2.648
3.672
3.672
1.224
2.448
2.448
1.224
2.648
2.448
3.848
2.448
1.224
2.448
1.224
1.224
2.448
2.548
2.548
1.224
2.448
2.448
2.548
1.324
2.448
2.548
2.448
1.524
2.448
1.624
1.424
2.448
2.648
1.224
3.048
1.324
2.648
2.448
1.324
3.148
2.448
1.224
2.548
2.448
2.548
1.224
2.648
2.448
2.548
2.548
1.224
2.848
2.448
2.448
2.548
1.324
1.324
2.548
2.548
2.448
1.324
3.672
2.448
1.224
3.672
1.224
3.16
1.224
1.224
2.448
2.448
2.448
3.872
2.548
1.224
2.448
1.224
1.224
1.224
1.224
1.224
2.448
1.224
2.548
2.548
3.772
3.672
1.224
1.224
2.448
3.672
2.448
2.548
2.448
1.224
2.448
4.472
2.448
1.224
2.448
2.548
2.448
2.648
1.324
5.084
1.324
1.224
4.972
2.448
2.648
3.672
1.224
5.708
2.548
2.448
3.148
2.948
1.224
1.224
2.448
1.224
2.448
2.648
1.224
2.448
2.448
1.224
1.324
1.224
2.548
2.748
2.448
1.324
1.224
1.324
2.448
1.224
2.548
3.672
1.224
1.224
1.324
2.448
2.448
2.648
1.624
3.672
4.684
2.448
1.224
1.224
4.284
2.448
2.748
3.672
1.424
2.548
2.548
1.624
2.448
1.224
2.548
3.048
2.848
3.672
1.324
3.672
2.548
3.672
3.348
2.648
4.572
4.172
2.748
4.684
2.748
3.672
3.648
3.972
2.548
2.648
2.448
2.548
2.448
2.548
2.548
3.672
4.284
2.548
2.648
2.548
2.648
2.748
2.548
4.672
2.448
1.324
1.224
1.224
1.324
1.324
4.372
2.448
2.448
2.448
2.848
1.324
2.448
2.448
2.448
2.848
2.448
2.548
2.548
2.548
2.548
2.548
2.548
3.672
3.672
2.548
2.448
2.448
2.448
3.672
4.284
2.448
2.848
2.548
4.384
2.648
2.448
2.948
3.972
1.224
1.224
3.772
2.836
0
3.66
4.56
3.06
0.1
1.224
0
1.224
1.224
2.748
3.26
1.224
2.448
0
0.9
0
1.624
0.1
1.224
2.448
4.984
1.224
0.1
0
0.1
1.424
0.1
1.424
1.324
1.224
0
3.06
0
0
0.1
0
1.724
1.224
0.1
1.224
0
1.224
1.724
1.224
1.224
0
1.424
1.224
0.1
0.3
1.224
0.2
1.224
0
0
0
1.224
1.224
1.224
3.024
0
1.324
0
1.224
0.4
0
0
0
2.424
1.324
1.224
0
0
2.448
1.224
1.524
1.324
0.3
0
0.1
0
1.324
0.2
1.324
0
1.224
0.6
1.224
1.324
0.1
2.548
1.224
1.224
1.224
1.424
2.648
2.548
0
1.424
2.448
1.324
1.224
1.224
1.224
1.324
0.2
0
1.724
1.224
1.324
1.224
1.424
0
1.524
1.424
1.224
2.548
0.2
1.324
1.224
1.224
0
0.1
1.424
1.424
1.224
2.548
0
3.348
1.224
1.324
1.224
1.324
1.224
2.548
0.3
1.324
1.224
1.724
1.324
1.424
2.448
1.624
1.224
1.324
0
1.324
0
0
1.324
1.224
1.424
1.424
0
1.324
0
2.648
1.224
1.224
1.224
1.224
0.2
1.324
1.224
1.224
0.3
1.224
0
1.324
1.224
1.724
1.924
0.2
1.224
0.4
0.1
0
1.224
1.524
4.484
1.324
2.548
0.3
1.424
0
0
0.1
0
0.2
0.1
1.324
1.324
1.224
0
1.424
1.324
1.224
3.06
2.448
1.224
1.224
0.3
1.224
0.7
0
1.324
1.224
1.324
1.524
1.324
2.548
1.324
1.224
1.324
2.324
1.224
0.1
1.224
1.224
1.424
1.224
1.224
1.324
0
0.2
1.324
0
1.224
1.324
1.224
1.224
2.024
0
2.848
0.3
1.224
1.224
0.1
1.324
1.224
0
0
1.224
0.1
1.224
2.548
2.448
2.648
1.224
0
2.548
1.424
1.324
0
0
0
1.224
2.624
0.4
0
1.324
1.424
0.1
2.448
1.224
1.424
1.524
1.624
0
1.224
0.1
1.224
1.224
1.224
1.224
1.324
0
0.7
1.824
1.224
1.624
1.224
1.224
1.224
1.424
1.224
1.224
2.448
0
1.324
2.448
1.224
1.824
2.548
1.624
1.324
1.224
2.548
1.224
1.224
0
0
1.224
1.224
1.324
0.5
1.224
0.1
0
0.6
0
0.1
1.824
0.2
1.224
1.224
1.324
1.424
1.224
1.224
1.824
0.1
0.1
1.224
1.224
1.324
2.448
1.224
2.648
0.1
2.448
1.224
1.224
0
1.224
0.3
1.224
1.224
1.224
2.448
1.324
0.6
2.648
0
0
1.224
1.424
1.524
1.424
1.624
1.224
1.224
1.224
0.1
1.524
0
0.1
1.324
1.524
0
0.2
1.324
0.1
1.224
0
0.1
1.224
0
1.324
2.548
1.224
1.424
1.224
0
1.224
1.324
1.324
1.324
0
0.2
1.224
0.7
1.324
2.448
1.224
1.524
0.1
1.224
0
1.224
1.324
2.448
1.324
1.224
1.424
1.424
0.1
1.224
2.448
1.224
1.224
1.224
1.424
0
0.2
1.424
0
1.224
1.324
0.1
1.624
1.224
1.224
1.224
1.324
0
0.2
0.1
1.424
0.2
2.648
1.224
0.3
3.26
0.3
0
0
2.448
2.448
0.2
0.1
1.224
1.524
0
0
1.224
1.224
0
0.1
1.324
0.1
1.224
1.224
0.1
0
1.224
1.224
1.224
0.2
1.224
2.324
1.424
1.324
1.624
0
1.224
2.548
0.1
0
1.224
1.424
2.548
0
1.424
1.324
0.2
1.224
0
1.524
0
1.224
0.1
0.2
2.548
1.824
1.224
2.448
1.424
1.324
0.1
1.224
1.224
2.548
1.224
2.448
1.224
1.424
1.224
1.224
1.224
1.224
1.524
1.424
0.1
1.324
1.224
1.224
1.224
1.224
1.224
1.224
0.1
0.5
0.3
1.224
0
0.4
1.224
0
1.324
1.224
2.448
0.6
1.524
1.224
0.1
1.224
0.1
0
1.324
0
2.748
1.324
1.224
0.1
0.1
0.1
1.224
2.324
0
1.224
1.624
0.4
2.448
1.224
0.2
1.324
0
1.224
1.224
0
0
0
0
2.548
1.724
1.224
0
1.324
1.224
1.224
0
1.324
2.548
2.648
1.224
1.224
1.224
1.424
2.648
0
0
2.648
1.424
0
0
1.224
1.224
1.224
1.224
1.224
0.6
1.224
1.724
2.124
0.1
1.524
0.2
1.224
1.224
0.2
0.1
2.548
1.224
1.224
0
1.224
0.3
1.224
1.524
2.448
1.324
0
0.2
1.424
2.848
0.1
1.224
0
0
0.1
2.548
2.548
2.448
2.448
1.224
0
0
0.2
0
1.224
0
0
0
0.1
1.224
3.148
1.924
1.324
1.224
2.748
2.448
1.224
0
1.324
0
0
0
0
1.224
2.448
0
1.424
1.224
1.224
1.224
2.448
1.324
1.224
0
1.324
1.224
1.824
1.224
1.324
0
1.424
1.924
2.548
1.224
1.224
2.124
1.324
0
1.324
1.324
1.424
0
0.1
0.1
0.1
0
1.424
0
0.3
0.4
0.1
0.4
1.224
0
1.524
0.1
1.324
1.324
1.324
1.324
0.1
0
0
1.324
1.224
0
1.324
0.2
1.524
1.324
1.224
2
1.224
1.424
0
0
1.924
0.6
0.5
0
1.324
1.224
0
1.424
1.224
1.524
0.2
0
1.224
0
1.424
1.424
4.548
1.224
1.424
1.224
1.324
1.524
0
1.524
1.224
0
1.224
1.524
1.224
1.224
0
1.224
2.448
0
1.224
1.424
1.224
1.424
2.448
0
0
1.824
1.324
0
0
0
1.224
2.548
2.448
2.648
1.224
2.448
1.624
0.6
0
0
2.548
1.324
1.724
1.224
0
1.324
0.7
0
0
1.224
1.524
1.324
1.424
0
2.124
2.748
2.448
1.224
2.748
1.324
1.824
0
1.724
0
2.648
1.524
1.324
2.448
2.548
1.224
1.224
0
1.424
1.224
1.224
0
0.1
0.4
0.2
1.224
0.1
0.4
1.224
1.3
0
3.36
0
1.324
1.224
1.224
0
0
0.4
1.224
0
1.224
0
1.224
0
0
2.724
1.324
2.448
0
2.024
1.424
2.424
1.724
3.06
0.4
1.924
1.224
0.2
3.06
1.224
0.1
0
1.224
1.224
0.1
0
0
1.224
0.1
0.1
1.324
2.236
0.2
1.224
1.324
1.424
0.1
0.1
0.1
1.224
1.836
0
0
1.724
1.324
1.224
0.1
1.224
1.324
1.324
0
1.824
1.224
1.524
1.624
1.836
1.324
2.448
0
2.448
3.772
2.548
2.448
1.224
1.524
2.448
5.608
3.772
4.284
3.772
1.224
1.224
2.448
2.448
0
1.324
2.336
1.5
0.2
0.1
1.624
0.4
1.724
