1.224
0.1
1.324
1.324
1.424
0
0
0
1.224
0
1.224
0
0
0
0
0
0
0
0
0
1.224
1.324
0
0
1.224
0
0.2
2.448
2.448
2.448
0
1.224
1.224
1.224
0
1.324
1.224
1.224
0
1.324
1.224
0.1
0
0
0
0
0
0
1.324
2.548
0
0
2.448
0
0
0
1.224
0.1
1.224
0.1
0.3
0.1
0
0.1
0
1.224
0
0
0
0.2
1.224
1.324
1.224
1.224
0.1
1.524
0
0
0
1.224
0.1
0
0
0
0
0
0
0
0
0.1
1.224
0
0
0
0
1.224
1.224
1.224
0
0
0
0.1
0
1.224
0
1.224
1.224
1.22
0.1
1.224
1.324
0
1.224
0
0
0
1.224
0
1.224
1.224
0.1
0
0
1.424
0.1
1.224
1.224
0
0
0
1.224
0
0
0
0.1
1.22
0
0
0
1.836
1.224
0
1.836
0
0
0
0
0
1.224
0
0
1.224
1.224
1.224
1.324
1.324
0
1.02
1.224
0
1.224
0
1.224
0
0
0
0
1.224
0
0.2
1.224
1.224
0
1.324
0
0.1
0
0
1.224
1.324
1.324
0
0
0
0
0.1
0.1
0
0
0.1
0
1.224
1.224
0
0.1
0
0
1.324
2.448
0
1.224
0
0
1.324
3.26
0
1.224
1.424
0.1
1.324
0
4.08
0.1
0
3.06
0
4.08
0.1
0
3.06
0
0
1.324
1.224
1.224
1.224
1.224
1.224
1.324
2.448
1.324
1.224
0
0
0
0
0.1
0
1.224
0
0
0.2
0
1.224
0
0
0
0
0
0.1
2.244
0
1.224
0
0
0
0
0
0
0
1.224
1.224
1.224
0.2
0
1.224
0
0
2.548
1.224
3.06
1.224
2.448
0
0.1
2.244
0
0
1.224
1.224
1.224
1.224
1.324
1.224
1.424
1.224
0.1
0
1.224
1.224
1.224
1.324
0
0
0
0
0
0
0
1.224
0
1.324
0
0.1
0
0
0
1.324
0
1.424
0
0
0
0
0
0
1.224
0
0
0.1
1.224
0
1.324
0
0.1
1.324
0
0
0
0
0.1
0
0
0
0
0
0
0
1.324
1.224
0
1.224
0
0
1.224
1.936
1.224
0
0
1.224
1.324
1.224
0
0.3
0
0.1
1.224
0
0.1
1.224
1.224
0
1.224
1.324
0
0
0
1.224
0.1
0.1
0
0
1.224
0
0
0
0
0
0
0
0
0.3
1.224
0
1.224
4.08
1.224
2.448
3.468
1.224
1.224
2.448
1.324
1.224
1.224
0
1.02
4.692
2.448
1.224
1.224
1.224
2.448
1.224
1.224
3.672
1.224
1.224
4.284
1.224
1.424
1.324
2.448
4.284
2.448
1.324
5.304
1.224
1.224
1.224
2.448
1.224
1.224
1.224
2.448
2.448
1.224
2.448
2.648
1.424
1.224
2.448
1.224
1.224
2.548
1.224
5.404
2.548
1.224
2.448
1.224
1.324
1.224
2.448
1.224
1.224
1.224
1.224
2.648
1.224
1.224
1.224
1.224
1.224
1.224
7.328
2.448
1.224
1.224
1.224
1.224
1.224
1.224
1.524
1.224
1.224
2.344
1.424
1.224
1.224
1.524
2.448
1.224
2.448
1.324
1.324
1.324
1.224
1.224
1.424
1.224
1.224
4.284
2.344
1.224
1.224
1.224
2.448
1.224
1.224
2.448
1.224
1.224
1.324
4.284
5.304
1.224
2.448
2.648
1.224
1.224
1.224
1.324
2.448
1.224
1.224
1.224
1.424
1.224
2.448
2.448
1.424
1.224
1.224
1.224
1.224
1.224
2.448
1.224
1.224
1.424
1.224
2.448
4.284
1.224
2.548
1.424
1.224
4.284
2.448
1.224
1.224
1.224
2.448
3.06
1.324
2.448
2.448
1.224
2.448
1.224
1.224
1.224
3.672
1.424
1.224
1.224
1.224
2.548
4.284
6.528
1.224
1.224
1.224
2.448
1.224
1.224
1.224
1.224
4.08
1.324
2.448
1.224
1.224
1.224
2.448
3.772
1.424
3.672
2.448
1.224
1.324
1.224
1.224
1.224
2.448
1.224
2.448
1.224
2.448
1.324
1.224
1.224
1.224
1.224
1.224
1.224
2.548
1.224
1.224
1.224
1.224
3.06
2.448
1.224
2.448
1.224
1.224
5.304
1.224
2.448
1.224
2.448
1.224
1.224
1.224
1.324
1.224
1.224
1.224
4.284
1.224
2.648
1.224
1.324
2.448
1.224
2.244
2.748
1.224
2.448
1.224
1.324
4.18
1.224
1.224
1.224
2.448
2.648
1.224
1.224
1.324
5.508
1.224
1.224
2.448
1.224
1.324
1.224
2.448
1.224
2.448
2.448
1.224
1.224
2.448
2.448
1.424
1.224
1.224
1.224
2.448
4.284
1.224
2.448
2.448
2.448
2.448
1.224
1.224
1.324
1.224
3.772
1.324
2.448
1.224
1.224
1.224
2.448
2.448
1.224
2.548
1.224
1.224
1.224
1.224
1.224
1.224
2.448
1.324
2.448
2.448
1.224
2.448
2.448
1.224
2.448
1.324
1.224
1.324
1.224
1.224
1.224
1.324
1.224
1.324
1.224
1.324
2.448
1.224
2.448
2.448
1.224
1.224
1.224
4.284
2.244
1.224
1.224
2.448
1.224
2.448
1.224
1.224
1.224
2.448
1.224
1.224
1.224
1.224
1.224
1.224
1.224
1.224
5.304
2.448
1.224
2.448
1.224
1.224
1.424
1.224
2.344
2.548
1.224
1.224
1.224
1.224
1.224
1.224
2.548
2.448
1.224
1.224
1.324
1.324
1.224
1.224
2.448
1.224
2.448
2.448
1.224
1.224
1.224
1.224
1.224
1.524
2.548
1.224
1.324
1.224
2.448
1.224
2.448
1.224
2.448
1.224
2.448
1.224
1.324
2.448
4.284
1.224
1.224
2.448
1.224
2.448
1.224
2.244
2.448
2.448
1.224
4.284
1.224
1.224
1.224
2.448
2.448
1.224
1.324
2.448
2.548
1.224
1.324
1.224
2.448
2.448
1.224
1.524
1.224
2.448
1.224
1.224
1.224
1.224
1.224
4.284
1.324
1.224
2.448
1.224
1.224
1.224
2.448
1.224
1.224
1.324
1.224
2.548
1.224
1.324
1.224
2.448
1.224
1.324
1.224
2.448
2.448
2.448
1.224
3.06
1.224
1.224
2.448
1.224
1.224
2.448
1.224
2.448
1.224
1.224
1.224
1.224
1.224
1.224
1.224
1.224
5.304
1.224
1.224
1.224
1.324
1.224
1.224
3.672
1.224
1.224
1.324
1.224
2.448
3.872
1.224
1.224
1.224
2.648
4.692
1.324
1.224
2.448
1.224
2.448
1.224
1.324
1.224
2.548
2.548
3.972
2.244
1.224
1.224
2.448
1.224
1.224
1.324
3.672
1.224
2.448
1.224
2.448
2.448
1.224
2.448
1.224
1.224
1.224
1.324
1.224
1.224
6.528
6.928
1.224
1.224
1.224
1.224
1.224
1.224
1.224
2.448
1.224
1.224
2.448
1.224
4.384
1.224
2.548
1.224
3.468
1.224
4.284
1.224
1.224
1.324
1.224
2.448
1.224
1.224
3.672
1.224
2.548
1.224
1.424
1.224
4.384
1.324
1.224
1.224
1.224
1.224
1.224
1.324
2.448
2.448
2.448
2.448
4.284
1.224
1.224
2.448
2.548
2.448
1.424
1.224
1.224
1.224
1.224
4.08
4.284
2.448
1.224
1.324
2.648
1.224
1.224
1.224
1.224
1.224
1.224
1.224
2.448
1.224
1.324
1.324
1.324
1.224
2.448
2.448
2.448
2.448
2.448
1.224
4.284
2.448
1.224
2.448
1.224
2.448
2.448
2.448
2.448
2.448
1.224
2.548
1.224
3.672
3.672
2.448
0
0
0
0
0
1.224
2.448
0
1.324
0
0
0
0
1.224
1.02
0.1
4.08
0
1.02
1.224
2.244
0.2
0
0
0
0.1
0
1.224
0
0
0
1.224
0
2.448
2.448
0.1
1.224
0
0
1.224
1.224
1.224
0
0
0
0
0
0
0
1.224
0.1
0
0.2
0
1.224
0
0
0
0.1
0
0.5
0
0
1.324
0
0.1
1.224
0
0
1.324
1.224
0
0
4.08
0
0
1.224
1.224
1.424
0
1.224
1.224
0
1.324
0
0
0
1.224
0
0
0
1.224
2.548
0
0
0
0
0
0
0
0
1.324
1.224
0
0
1.224
1.324
1.224
0.1
0
0
0
0
0.1
0
0.1
0
0
1.224
0
0
0
0
0
0.1
1.224
2.448
0
0
0
0
1.224
0
0
0
0
1.224
0
0
0.2
0.1
0
0
0
0
1.224
1.224
0
0
1.224
1.224
1.224
0
1.224
0
0
0
0
1.224
0
0
0
1.224
0
1.224
0
1.224
0
0
0
1.224
0
0.1
1.224
0
0.1
3.06
1.224
0
1.224
0
0
0
0.2
1.224
0
0
0
0
1.224
1.324
0
0
1.324
1.224
0
0
0
2.448
0
1.224
0
0.1
0
1.224
0
0
0
0.1
1.324
1.224
0
1.224
0
1.224
0.2
0
1.224
1.224
0
0
0
0
0
1.224
1.224
1.224
1.224
0
1.224
0
0
0
0
0
0
0
0
0
1.224
0
1.224
1.224
0
0
0
0
0
0
0
1.324
1.224
1.324
1.224
0
0
0
0
0.1
0.1
1.224
0
0
0
0
0
0
0
0
1.224
0
1.324
1.224
1.224
1.224
0
1.224
1.224
0.1
0.1
0
1.224
1.224
0
0
1.224
0
0
0
1.224
0
0
0
0
1.224
0
1.224
0
1.224
0
0
3.16
0
0
0
0
0
0
1.324
3.06
3.06
1.224
3.06
1.224
0
2.448
0.1
0
0
0
0
1.424
0
1.224
1.224
0
0
0
1.224
1.224
1.224
0
1.224
0
3.06
0
1.224
0
0
0
0
0
1.324
0
1.224
1.224
0
1.324
1.224
0
0.1
0
1.224
0
1.224
0
0
3.06
1.224
0
1.224
0.1
1.224
1.224
0
0
0
1.224
0
0
0
0
0
0
1.224
0
0
0.1
0
0
1.224
0
1.324
0
0
0
0
1.224
0
1.224
0
0
0
1.224
0
1.224
1.224
0
0
0
1.224
0
1.224
0
0
1.224
0
0
0
0
1.224
0
1.324
1.224
1.224
1.224
3.06
1.224
0
1.324
1.224
1.224
0
1.424
0
1.224
0
1.224
0
1.224
1.324
1.224
0
0
1.224
0
0
0
1.224
0
1.224
0
0
1.224
1.224
1.224
1.224
2.448
0
1.224
2.448
1.424
0.2
0
1.224
0
0
0
0
0
0
0
0
0
0
1.224
0.1
1.224
0
0.1
0
1.224
0
3.06
0
0
0
0
1.324
0
1.224
0
0
1.224
0
0
0
1.224
0
0
0
1.224
0
1.224
0
0
1.224
0
1.224
0
1.224
0
1.224
0
0
0
1.224
1.224
0
0
0
0
0
1.324
1.224
0
1.224
0
1.224
1.224
0
1.224
0.1
0
0
0
0
1.224
0
0.2
1.224
0
0
0.1
0
1.224
1.224
0
1.224
0
0
0
1.224
1.224
0.1
0
1.424
0
1.224
0
0
0
1.224
0
0
0
0
0
1.224
1.224
0
0
1.224
0
0
0
1.224
0
0
1.224
0
0
1.224
0
1.224
0.2
1.224
1.224
0
1.224
0
1.224
0
0
0
1.224
0
0
0.1
0
0
0.2
1.224
1.224
1.224
0.1
0
1.324
0
0
1.224
0
0.1
1.224
0
0
0
0
1.224
1.224
1.224
0
3.06
1.224
1.224
1.224
1.224
0
1.224
0
2.448
0
0
1.224
0
1.324
0
0
1.224
1.224
0
0
1.224
0
0
0
0
0
0
0
1.224
0
1.224
1.324
0
0
0
0
0
0
0
0
1.224
0
0
0
0
1.224
1.224
0
1.224
0
0
1.224
1.224
0
0.1
0
1.324
0.1
1.224
0
0
0.1
1.224
0
0
1.224
0
0
0
1.224
1.224
0
1.224
0
1.224
1.224
0.3
1.224
1.224
1.224
0
0
0.2
0
1.224
1.224
0
0
0.2
1.224
0.2
1.224
0.1
0
0
1.224
0
0.1
1.224
0
0
0
1.224
1.224
1.324
0
1.224
0
0.1
0
0.1
1.224
0
1.224
1.224
0
0
0
0
0.1
1.224
1.224
2.448
1.224
1.224
1.224
1.224
1.224
1.224
0
1.324
1.224
0
1.224
1.224
1.224
1.324
0
1.224
0
0
1.224
1.324
1.324
0
1.224
0
1.224
0
0
1.224
0
0.1
0
1.324
0
0
0.1
0
0
0
1.324
0
1.224
1.224
1.324
0
1.224
0
1.324
0
1.224
1.224
0
1.224
1.224
1.224
1.224
1.224
0
0.3
0
2.448
1.224
0
0
1.224
1.224
0
0.1
1.224
0
0
0
2.548
0
1.224
1.724
2.448
0
3.06
0.1
0
1.224
0
1.224
1.324
1.224
0
4.08
0
0
0
0
0
1.224
1.224
0
1.324
0
3.06
0
1.224
0
1.224
0
1.324
0
0
0
1.224
0
3.468
0
1.224
1.424
0
1.224
1.224
0
0
0
0
0.1
2.448
4.384
1.224
1.224
0
1.224
0
2.448
2.448
1.224
1.324
2.448
2.548
2.448
1.224
2.448
1.224
1.224
0
0
1.224
0.1
1.224
0
0
1.524
1.324
1.224
4.892
0.1
4.792
