0.3
1.424
2.124
3.148
1.224
2.036
1.324
1.224
0
1.224
1.324
0
0
2.124
1.624
1.224
0
1.224
1.224
1.224
3.06
3.36
0
1.224
1.324
1.224
1.324
2.648
3.772
2.548
1.324
1.224
0.5
0
0
0
0
0
0.1
0.3
0.1
2.536
0
0
0.1
0
0.1
0.1
0.2
1.224
0
0.1
1.724
0
0
0.1
0
0
0
0.3
0.8
0.1
0
1.424
2.036
0
0
0.1
0
0.4
0.1
0.4
0.3
1.936
2.736
1.324
0
1.624
0.1
0
0.7
0
0
0.1
0
0
0
0
0
1.724
0
0
0.2
0
0
0
0.1
0
1.224
1.224
0
0.5
0.3
0
0
0
0
0.6
0
0
0.2
0
0
0.1
0
2.136
0
0
0
0
1.4
0.1
1.424
0.4
0
0
0
0
0
0.3
0.1
0
0.1
0
1.836
0.1
0.1
0
0.1
0.6
1.224
1.224
0
0
0.1
0
0.2
0.2
0
0.1
0
0.3
0
0
0.5
0.4
0.1
0.2
0.3
0
0
0
0
0
0
0
0.1
0
0
2.124
0.1
0.4
0
0
0
0.4
0
0.1
3.26
0.3
0.3
0.1
1.224
0
0.2
0.3
0.4
0
0
0.1
1.324
0.1
0
0.1
0
0.1
0.1
0
1.224
0.6
2.136
0
0
1.424
0.8
0
0
0.1
0.1
0
0.1
0
1.524
0
1.936
1.1
0
4.16
0
3.16
0
0.1
1.924
1.224
1.224
1.324
1.224
1.224
1.524
1.224
2.448
2.448
0.1
1.836
0
0.1
1.4
1.836
3.06
0.1
1.836
0.3
2.136
1.224
0
0
1.224
0
0
2.124
1.224
0
1.224
0
0.1
0
1.836
0.3
1.324
0
1.224
0
1.424
0
0
0
1.824
0
1.324
1.224
0
0
1.324
0
0.4
1.224
0
0
0
0
1.224
1.224
1.524
2.448
1.224
0.1
0
0
1.324
3.46
3.06
1.224
0
0.8
1.224
0
0
0.1
0.1
0
1.224
0
0.1
1.324
1.324
0
0.1
0.1
1.324
0
0
0
0.1
1.224
1.224
0.2
0
0.1
1.224
0
0
1.224
0
0.2
0.1
0
0
0
1.224
0
1.824
1.324
0
3.56
3.06
0
0
1.224
0.8
1.224
0
0.1
0.6
0.1
0.3
0.2
0.2
0
0.2
0
0.3
0.1
0.7
1.1
1.524
1.936
0
0.1
1.324
0.3
0.1
1.224
0
0
0
1.224
0.1
0
3.26
0
0
0
1.224
1.224
1.224
0.1
0.8
1.224
1.224
1.324
1.424
2.424
1.224
0
2.448
1.324
1.224
1.624
1.224
1.424
2.448
2.548
3.548
1.224
2.748
0
1.836
2.648
1.224
2.448
1.224
3.06
1.224
1.624
1.524
4.384
1.324
1.224
2.648
1.224
3.048
1.324
1.324
4.284
3.872
1.224
1.324
2.448
1.324
1.224
4.284
4.484
1.324
2.748
1.224
2.448
4.284
1.324
3.048
1.624
2.548
1.324
1.224
1.624
2.548
2.748
1.224
1.324
1.324
2.448
2.448
4.384
2.548
1.224
2.448
3.16
1.224
1.224
2.648
3.26
2.448
3.06
2.448
1.324
1.224
2.448
9.908
1.224
1.324
3.148
1.424
1.224
1.224
1.624
2.548
1.424
1.424
2.424
3.16
2.448
1.824
1.524
1.224
1.224
2.548
1.424
2.748
3.06
1.324
1.624
1.424
2.448
1.224
1.224
2.448
1.224
1.224
2.548
2.548
1.224
1.224
1.224
3.06
1.524
2.548
4.284
2.448
2.548
2.548
1.224
4.484
1.324
1.324
1.224
2.448
1.224
3.16
1.524
2.448
2.448
1.224
1.424
1.324
3.06
1.324
1.224
4.284
1.324
2.448
1.424
2.024
1.224
1.224
2.448
2.448
2.948
1.824
1.224
4.284
1.224
1.224
1.424
1.524
1.224
1.224
1.324
1.224
1.324
1.324
1.324
2.748
1.224
2.548
2.548
2.548
1.224
1.424
4.784
2.548
1.224
2.448
2.448
1.624
1.424
1.224
3.06
1.224
1.324
1.424
1.324
2.648
1.224
1.224
1.224
1.424
3.16
4.384
1.624
4.484
2.448
2.448
2.548
1.224
2.448
1.424
4.284
1.324
2.448
1.324
1.724
1.624
1.224
1.224
2.448
1.224
3.06
1.224
1.424
2.448
1.224
2.548
2.448
3.06
2.948
1.224
1.224
1.324
1.324
4.384
1.224
1.224
2.448
3.872
2.448
1.224
2.448
4.984
1.324
2.448
2.448
1.224
1.224
3.348
4.384
2.548
3.248
1.224
1.324
1.324
2.548
1.224
2.448
1.424
1.224
1.324
2.448
2.548
2.648
1.224
1.424
2.548
1.324
2.448
3.06
1.324
2.448
3.06
1.224
1.224
2.448
2.548
2.448
4.284
1.224
1.324
1.224
1.324
1.524
2.448
2.748
1.224
1.224
1.224
1.624
2.448
2.448
6.108
2.448
2.448
2.548
1.724
1.224
2.448
3.06
4.284
1.224
1.224
1.324
1.324
1.224
1.224
2.448
1.224
1.224
2.748
1.224
2.448
2.548
2.648
1.524
1.224
2.448
3.46
1.224
2.448
2.448
2.448
2.448
1.224
2.648
1.324
3.16
1.224
1.324
1.224
1.524
2.448
1.224
2.448
1.224
2.448
1.324
2.448
1.324
1.224
4.584
1.224
1.324
3.56
1.224
2.448
1.224
1.324
2.448
1.324
1.224
2.448
1.224
2.548
2.448
2.448
1.224
1.224
1.224
1.224
1.424
3.06
2.448
2.448
1.224
5.284
1.324
1.224
2.448
2.448
3.06
1.224
3.06
1.424
2.548
1.224
2.648
1.724
1.224
1.224
1.324
2.548
1.324
1.324
1.224
1.324
2.448
1.424
1.224
1.224
1.224
1.224
3.248
1.624
2.848
1.424
2.748
2.448
1.224
1.224
1.224
4.284
2.448
4.684
3.16
1.224
1.324
1.224
2.448
1.224
1.224
1.224
3.972
1.324
1.224
2.548
2.548
1.224
1.524
1.224
3.16
1.224
4.172
1.224
2.548
1.324
4.584
2.448
2.448
1.324
1.424
1.224
4.284
1.424
2.224
4.584
1.224
4.284
1.324
1.224
3.06
1.424
1.224
2.648
1.324
1.224
1.424
1.224
2.548
2.448
2.448
1.224
1.524
1.224
2.648
2.448
3.36
2.448
4.584
3.06
2.548
1.224
1.224
1.224
2.648
1.224
1.224
1.324
3.16
2.448
3.06
2.448
1.224
2.448
1.224
1.324
1.224
2.448
1.324
1.224
1.224
1.224
1.224
3.06
2.448
1.224
1.224
1.724
1.324
1.224
2.448
1.824
1.324
1.524
1.224
2.648
4.384
1.224
2.448
1.424
1.324
2.448
1.824
1.224
1.224
1.424
2.548
1.224
3.06
1.224
3.048
1.824
2.548
1.324
3.06
2.448
2.448
1.224
3.16
1.324
2.448
1.224
1.224
2.648
1.224
2.548
2.448
2.848
1.224
2.448
1.224
2.448
1.224
1.424
2.448
2.448
1.424
1.224
1.224
1.324
2.848
1.524
1.424
1.224
2.548
1.424
1.224
1.224
1.324
2.448
1.424
3.66
4.384
4.384
3.16
2.448
2.848
3.248
1.224
2.448
2.448
1.224
4.784
1.224
1.924
1.324
3.148
1.324
2.448
1.324
2.548
1.224
2.748
1.224
2.548
2.448
4.384
4.384
4.284
2.648
2.548
1.324
1.224
2.648
2.648
2.548
1.524
1.724
1.224
1.224
1.224
1.224
1.224
2.548
2.548
1.424
4.984
2.548
4.884
1.224
2.748
2.448
1.224
3.06
2.448
3.06
4.284
4.984
4.484
1.224
1.424
4.284
4.384
4.984
4.584
1.324
4.384
2.548
1.224
2.548
1.224
2.448
2.548
2.648
2.548
2.548
1.224
2.948
1.224
2.448
2.648
2.948
0.2
0
0
0.5
0.3
3.26
2.548
1.224
1.224
0.3
0.6
0.1
0.1
3.06
0
2.724
3.06
0.8
0
0
1.224
0.5
0
0.2
0
1.936
0
0
0.2
0.1
0
0
0.1
1.224
1.224
1.224
0
2.324
0
0.2
0
0
0
0.2
0
1.224
1.324
0.1
0
1.224
1.224
0.1
0.2
0.1
1.224
1.224
0
0
0
0.1
1.7
0.1
0
0.1
0.1
1.824
1.224
1.224
0
0.3
0
0.1
1.224
1.836
0
0
0.2
0.1
0.6
0
0
3.06
0.1
0
0
0
0
0.2
0.1
0.3
1.224
0
2.448
0.1
0.1
0.2
0
0
1.324
0
0
0.1
0
1.224
0
0
1.324
1.836
0.5
1.224
0
0
0.2
1.324
0.1
0
0
0.1
0.1
2.236
0
0
0.1
0
0.2
0.1
1.224
0
1.224
0.6
0
0
0.1
0
0
0.1
0.3
1.836
0
0.1
0.2
0
0
0.2
0
0
0.1
0
0
0
1.324
1.224
0
3.26
0
0
0
0.2
0
0
0
0
0.1
0
0
0
0
0.1
1.224
0.1
0
0.1
0.3
0.3
0
0.7
0
0
0.2
0.3
0.1
0.2
0
2.224
0
1.224
1.224
1.224
0.1
0
1.224
0
0
1.224
1.224
0
0
0
1.324
0.1
0
0.1
2.024
0
0.1
1.224
0
0.1
0.1
0
1.624
0.2
0
0
0
1.1
0
0
1.324
0
0.2
0
0
0.3
0.2
0.3
0
0
0.1
0.2
0.1
0
0.4
0
0.2
0
0
0
0.1
1.836
0
0
0
1.836
1.324
0
0
0
0.2
0.1
0.1
0.3
0.1
0.2
1.524
1.224
1.224
0
0.9
1.724
1.224
0
1.836
1.224
0
0.1
0
0.4
0.2
0
0.1
0
0
0
0.1
0
0.2
0
2.336
0.5
0
0
1.324
0
0.2
0
0
0
0
0
0
0
0.1
0.3
0.3
0.1
0
2.036
0
0
0.1
3.36
1.224
0
0
0
0.2
0
0
0
0.2
0
0.2
1.324
1.524
2.448
0.2
0
2.236
0
0
0.8
1.324
1.224
0
0
0.1
0.1
1.224
1.224
0.1
0
0
0.3
0.1
0
0
1.224
0.1
0
0.1
0.3
0.3
0.1
0.1
0
0
0.1
0
0
0.2
0
1.836
0.1
0
0.2
1.224
0
1.936
0
1.324
1.424
0
0.1
0
1.324
1.324
1.324
0
0
0
0
0
0
0
0
0
0
0.1
1.836
0
0.1
0.3
0
0
0
0
0.1
1.224
0
0
0
0
0
0
0
0.2
1.324
0
0.1
0
0
0
0.2
0
0.1
0
1.836
0
0.1
1.224
2.136
0.1
0.1
0
0
0
0.2
0
0.2
3.26
1.224
0
0.1
0.2
0.7
1.324
0
0
1.224
1.524
0
0
0.1
0
0.2
0
1.936
1.224
1.324
0.2
0
0
0.1
0
0
0
1.224
0
3.06
1.224
2.524
0.1
0.4
1.824
0
0
0.3
0.1
0
0
0
0.1
1.224
2.036
0
1.424
0
0
0.3
0
0
2.336
0.2
0.1
0.5
0.3
0
0
0.2
0.2
0
0
0
0
0
0.2
0.2
0
0.2
0.1
0
0.4
3.06
1.936
0.1
0
0.1
0
0.1
0
0
0
0.5
0.2
0
0
1.324
0
0
0.1
0
0
0.6
0.2
0
0.3
0
0
0.2
0
0
0.2
0
0.1
1.324
0
1.224
0
0.6
0
0
0.1
1.624
0
0
0.1
0.1
0.1
0
0.1
0.2
1.324
1.224
0
0
3.66
0
0
0
0
0
0
0
0
0
0
0
1.324
0.4
0
1.224
0
0
0
0
0
0
0
0.1
0
0
0.2
0
0.1
0.6
1.624
0
1.224
3.06
0
0
1.224
1.836
0
0
1.324
0
1.624
0
0.1
0.2
3.06
0.1
0.4
0.3
0.2
0.4
0
1.224
0
0
0
0
0
0.2
0.1
0
0
0
0.1
0.2
0
1.224
0
0.2
0.1
0.3
0.3
0.1
1.324
0.1
0
0
0
0
1.224
1.224
0.1
0
0
0
0
0
0.1
1.324
0
0
0
0
0
0
0
0.8
0.2
0
1.324
0
0.5
0
0.1
0
1.424
0
0.2
0
0.2
2.136
0
2.136
0
0
1.324
0.1
0.1
1.324
1.324
0
0.4
0.1
0.1
0
1.424
0.1
3.16
0.1
0.1
3.16
1.324
1.224
0
0
0
0
0.2
0.2
0
3.16
2.424
0.1
0.1
0
1.524
0.3
0.7
1.724
0
1.936
0
0
1.324
0.1
0
0.1
0
0.3
1.936
0.1
0.1
0.9
0
0
0
1.836
0
0
0.3
0
0.2
0
0.1
0.1
0.2
0.1
0.1
1.424
1.424
0.1
0
0.1
0.5
0
1.836
0
1.524
1.424
0
0.1
0.3
0.1
0
0.1
0.3
0
0.1
2.136
0.4
1.836
0.1
0
0.1
0.7
0
0.1
0.1
1.524
0
0
0
0.2
0
0
0
0.4
0.2
0.2
0
0.1
0.3
0.1
0
0.2
0
3.26
0.1
0.2
1.324
1.224
0
3.16
1.224
1.724
3.06
0
0.1
1.224
1.624
0
0
1.224
0.1
0
0.7
1.224
1.224
0
0
0
2.448
0.1
2.036
1.324
1.224
1.324
0
1.224
1.224
3.16
0
5.884
2.748
0
3.06
2.224
0.5
0.7
0.7
0
0.3
1.524
3.06
0
0
0
1.224
1.524
0
1.936
3.46
1.224
0.2
1.224
3.16
1.836
1.224
0.2
2.748
0
2.848
0.2
0
0
2.448
0
1.224
0
0
3.248
0
1.224
0
0
1.324
0
0
2.224
1.224
1.424
0.1
0.1
0
1.224
0.3
2.448
2.548
1.224
1.524
1.224
1.524
2.448
1.224
2.548
2.448
1.524
0.1
1.224
4.284
0
0
0
0
1.3
0.2
0
2.948
2.024
2.948
