0.5
1.524
6.372
6.308
4.172
0.5
1.224
2.448
0.1
1.224
1.624
1.324
0.1
2.824
3.224
1.324
0.1
2.448
2.448
2.948
1.224
1.724
1.224
2.448
3.76
2.648
3.048
2.848
5.096
2.448
2.548
2.548
2.5
0.1
0.3
0.5
0.3
0.1
0
0.6
0.1
3.324
0.1
0
0.2
1.224
0.3
0.3
0.7
1.724
1.224
0.1
2.024
0
0.2
1.224
0
0
0
1.924
1.3
0.5
0
3.348
0.8
0.3
0.1
0.1
1.424
0.9
0.8
2.124
0.2
0.1
3.124
2.524
0
1.424
0
0
3.348
0
1.324
0
0
0
0
0
1.224
3.248
0.1
1.424
0
0.1
0
1.424
1.624
0
2.448
2.448
0.1
1
1.1
0.2
3.06
0
0
1.2
0.2
0.2
0.2
0
0.1
1.324
0.1
0.5
0
1.224
0
0
4
0.1
2.448
0.5
0.1
0.1
0.2
1.224
0
1.724
0.5
0.1
0.3
0
1.524
0.9
1.424
1.224
1.524
1
1.424
2.648
0
1.524
0
0.1
1.324
0.4
0.2
0
1.324
0.2
0.4
0.2
1
0.6
0.4
0.4
1
0.1
0.2
0
0.1
0
0.1
0
1.324
0.1
0.3
6.248
0.3
0.7
1.224
0.2
1.224
3.348
0
0
1.324
0.5
0.5
1.724
1.224
2.448
0.3
3.148
2.024
1.224
0
2.448
1.424
1.624
0.3
2.024
1.324
1.524
1.224
0.2
1.324
2.024
0.6
1.224
0
0.5
2.5
0.1
0.1
1.924
2.548
1.324
2.448
0.2
3.748
0
0
3
0.1
3.624
0
0
0
2.448
4.348
3.772
3.772
2.548
2.448
2.548
4.372
2.448
5.696
4.896
1.424
1.936
4.884
0.3
5.448
2.024
0
1.824
1.836
2.624
3.76
1.424
0
1.224
1.324
1.224
1.224
6.26
0
0
0.1
0
1.224
1.224
0
0.6
3.872
1.424
4.584
0
1.324
0.4
2.448
0
2.524
2.448
0
2.448
0
0.4
0.3
2.648
1.4
0
2.548
0
1.324
0
2.448
1.324
4.572
4.896
4.372
0.4
1.524
1.324
1.424
1.224
1.324
3.672
0
1.3
1.224
0
1.324
0.1
0.3
0
2.848
0.1
0.7
1.624
1.524
0
0.6
0.6
2.648
0.3
3.56
0
1.424
2.448
2.448
2.748
0
1.324
1.324
1.324
0
1.224
0.4
0.4
0.3
0
0
1.324
1.224
0
3.848
2.748
1.224
4.584
4.484
0
0.1
1.324
0.8
1.224
0
1.324
3.1
0.2
0.4
3.86
1.324
4.684
0.5
0.1
1.324
0.2
1.8
2.5
2.448
2.136
0
0.1
2.548
1.824
1.324
1.224
1.324
1.224
1.224
1.524
3.26
2.548
3.36
2.448
2.448
1.324
3.56
4.384
2.448
0
2.824
1.524
1.424
1.424
4.172
6.672
2.448
0
3.672
1.624
3.872
3.348
1.624
3.26
2.648
5.196
8.408
2.448
6.108
1.224
0
1.424
1.224
3.672
3.972
5.908
1.224
3.448
2.648
2.548
3.872
3.672
5.084
3.672
5.348
3.648
2.848
1.224
3.972
1.724
1.424
3.672
2.648
1.224
2.448
5.396
2.848
4.972
1.224
4.884
3.772
2.548
6.284
6.408
5.608
1.424
4.484
3.86
6.708
4.172
1.224
2.424
3.148
4.172
6.932
4.372
3.672
2.448
3.872
5.508
2.448
2.548
4.484
3.148
3.972
1.224
3.672
3.448
1.224
1.224
3.148
2.548
3.16
19.332
2.748
2.448
2.448
4.66
6.832
1.424
1.524
5.448
2.724
3.772
3.648
2.524
1.324
4.384
5.796
3.748
4.472
2.448
2.324
3.448
2.448
2.548
1.224
1.224
3.972
1.424
3.672
6.208
4.272
2.448
1.224
2.448
5.908
5.708
1.324
1.224
3.772
2.648
4.172
3.772
2.648
2.948
4.26
1.224
4.284
2.648
5.708
6.284
3.872
1.224
1.224
4.372
4.072
2.448
3.772
5.908
3.872
2.748
6.932
1.324
2.924
2.448
1.224
4.284
3.672
4.572
5.984
2.548
2.748
1.324
3.872
4.272
4.372
2.448
1.224
3.872
1.524
1.224
2.848
1.624
4.472
2.548
4.172
1.524
6.108
2.648
6.308
6.496
2.448
1.224
1.224
2.648
5.908
2.748
1.324
3.16
2.448
4.672
2.648
1.224
4.372
1.224
1.324
1.224
1.424
2.448
2.224
5.384
2.648
5.196
3.672
2.648
2.448
5.708
2.548
1.324
2.648
2.448
2.448
2.424
3.248
2.448
2.448
2.448
1.424
2.548
3.672
1.224
4.072
4.684
4.672
4.996
1.324
4.16
1.624
1.224
2.448
2.648
1.324
3.672
1.224
4.072
3.872
2.448
3.672
3.972
5.472
2.948
3.772
3.672
1.224
2.748
6.684
2.848
2.548
4.56
1.324
3.16
2.624
5.096
3.672
3.872
3.26
1.524
4.284
3.672
6.208
6.108
4.072
3.16
4.684
4.884
3.16
4.684
2.548
2.648
5.908
2.448
3.16
4.284
4.272
5.708
2.448
1.224
4.984
2.448
1.324
4.36
3.672
5.808
1.224
1.224
1.224
3.76
2.648
3.672
3.872
5.708
3.672
2.748
6.572
3.46
4.372
4.284
1.424
2.548
1.224
4.684
4.172
1.224
3.672
2.748
3.972
3.772
7.308
1.324
4.896
4.072
6.508
4.472
3.06
5.808
3.648
1.224
5.608
3.772
2.548
5.496
4.384
2.748
4.272
3.06
2.548
2.748
2.448
3.26
3.772
1.524
2.448
3.672
3.672
5.184
3.872
2.548
3.772
1.624
1.224
3.048
5.184
1.224
7.032
1.224
3.872
3.772
1.224
1.324
3.772
4.172
3.872
3.772
2.548
3.972
4.984
1.324
1.224
3.06
1.324
2.548
6.732
2.448
4.748
2.648
3.86
5.808
3.772
5.808
2.448
5.708
4.884
3.872
4.172
3.26
3.148
3.048
2.448
4.372
4.996
4.384
4.784
1.224
1.224
4.284
2.948
2.448
3.672
2.648
3.672
7.148
4.772
2.748
1.624
3.048
3.872
2.448
1.224
2.448
2.448
3.672
2.748
2.548
3.548
4.072
1.224
3.672
2.448
1.224
3.672
5.096
3.672
1.224
5.508
5.608
3.772
1.224
2.448
5.508
2.548
4.872
1.224
4.872
3.348
2.748
5.808
3.872
2.848
3.16
3.672
1.224
3.048
3.648
5.496
1.224
5.608
2.648
2.448
1.224
2.748
1.224
7.232
3.672
1.224
4.172
5.508
6.932
3.872
3.872
2.448
2.448
3.672
2.448
3.972
3.972
6.832
3.36
3.872
2.548
1.324
1.224
1.324
5.696
1.224
1.324
5.284
5.508
2.748
5.708
2.648
1.224
2.548
1.224
3.16
1.224
3.872
3.772
3.972
2.548
3.672
2.448
1.224
3.772
2.648
2.448
4.472
3.672
3.06
3.672
4.872
1.224
1.424
2.448
2.848
2.748
2.448
3.672
2.948
2.624
1.224
5.372
1.324
3.872
3.772
3.772
3.972
5.708
2.648
7.708
5.26
3.06
1.224
5.608
3.672
4.384
2.648
2.948
2.948
4.584
2.448
1.524
3.772
4.484
4.572
4.896
2.224
3.06
3.972
2.548
2.448
1.324
2.648
1.224
1.424
3.16
2.648
1.224
1.524
5.072
4.984
2.748
1.224
3.348
4.284
2.548
1.224
3.048
4.996
1.924
5.472
2.448
3.648
1.624
3.772
8.332
8.932
2.948
3.672
5.608
3.672
2.648
3.672
5.872
2.648
7.896
4.472
3.048
1.424
7.332
3.672
4.772
4.072
5.096
4.996
2.548
2.548
2.448
5.808
2.448
3.872
2.448
6.108
6.008
5.808
3.872
3.948
2.648
4.172
1.224
1.324
1.224
4.484
3.772
5.084
5.548
7.132
6.396
3.772
5.372
3.672
2.448
4.584
2.548
4.584
3.772
4.172
4.272
3.772
2.848
2.548
2.448
3.048
2.748
3.148
2.448
4.384
1.224
3.672
1.324
3.672
4.572
2.848
2.548
3.872
3.972
5.472
2.848
3.06
3.06
4.572
3.96
1.224
2.848
4.848
2.948
3.036
2.648
2.548
1.224
0.4
2.824
4.784
0
1.224
1.836
4.224
0
0.8
0.2
2.548
4.284
2.724
2.448
0.6
0.2
0.5
1.224
0
0.7
1.424
0.1
0
1.224
0
0.1
2.448
0
4.948
1.324
0.4
1.224
0
0
1.724
0
1.224
1.224
1.224
1.324
1.424
3.648
0.4
2.136
1.224
1.424
1.324
1.224
1.224
1.224
1.424
5.524
0.2
1.324
0.4
1.324
3.524
1.224
1.324
0
3.024
1.424
0
3.36
0
1.324
2.448
1.924
1.324
0.9
0.1
0
1.224
0
0.3
0.1
1.324
1.224
0.9
1.524
1.524
1.324
1.524
2.648
1.224
0.4
2.648
1.324
1.424
1.324
0.2
2.548
1.324
1.324
2.448
1.224
1.424
1.524
0
3.024
2.848
1.324
0
1.524
3.06
2.624
0.3
1.224
2.448
0.3
0
0
0.3
0.1
0.2
0.6
1.524
1.224
1.324
1.224
1.724
1.324
1.224
1.224
0
0.1
1.324
0.3
1.424
1.224
2.124
1.824
1.324
1.524
0.2
1.224
1.324
0.1
1.324
1.224
0.1
1.724
1.324
1.324
1.424
0.1
0
0.1
1.524
0
1.224
1.324
1.324
0.6
0
1.224
0
0.2
1.524
2.648
1.424
1.424
1.724
1.924
0.9
1.224
1.4
0.1
0.1
1.524
1.824
1.624
1.324
1.424
3.424
0.2
1.324
2.548
1.324
1.936
0.4
1.724
1.624
1.224
2.548
1.224
1.524
1.524
0.1
1.324
1.224
0
1.324
2.524
1.224
0.8
1.224
1.324
0.2
0.4
1.424
1.624
1.624
2.548
1.224
1.624
3.9
1.224
0
1.424
0
1.324
1.224
0.1
0.3
0.4
0.9
0
0.1
1.224
1.624
1.224
1.324
2.524
0
3.148
1.424
1.224
1.224
0.1
1.224
1.224
0.1
0.1
1.324
1.324
1.224
1.224
1.324
1.524
1.324
0.3
1.924
0.8
1.224
1.524
1.324
1.324
1.224
2.2
2.624
1.224
0.2
0.1
1.224
1.224
1.424
0.1
1.824
3.148
0.1
0.3
0
0.1
0.2
1.324
0
1.524
0
1
1
1.224
1.624
1.224
0.1
1.324
1.824
1.224
2.448
1.324
0.3
1.724
1.224
1.524
1.724
1.624
1.824
1.224
1.224
1.324
0
1.324
1.624
1.224
1.224
1.224
1.524
1.624
0.2
0.3
0
0.4
0.1
0.1
3.848
2.324
2.448
0.6
1.424
0.7
0
1.224
2.824
1.624
1.324
0
2.448
0.1
1.424
1.224
1.624
0
1.324
0.1
1.324
0
1.224
0.2
2.448
1.224
1.324
1.324
1.724
1
1.424
0.3
0.1
0
1.624
1.324
1.224
0.8
1.224
1.224
1.524
0.6
0.4
1.224
0
1.224
1.424
1.324
1.824
1.724
0.3
0.3
1.424
1.324
2.448
0
0
2.548
1.324
1.624
1.224
0.1
1.224
1.324
1.224
1.224
0.2
0.6
1.424
1.4
0
1.224
0
1.224
1.424
3.772
0
1.324
1.324
2.548
1.224
1.224
0.4
2.948
1.224
0
1.524
1.224
0.2
1.324
0
1.224
0.4
0.2
2.036
1.224
1.424
1.524
2.024
2.024
1.524
0
1.324
2.036
0.7
0
2.848
1.724
1.324
1.324
1.2
1.624
1.3
1.424
0.1
2.548
1.224
2.024
0
1.224
1.324
0
0.3
1.224
0
0.1
1.824
0
0
1.424
1.324
0.1
0
1.224
1.224
1.224
1.324
1.524
5.448
1.424
0.5
2.848
0.1
0.3
1.524
0.6
0.1
2.448
1.424
2.548
1.224
1.424
1.424
1.424
1.224
1.324
0.8
0.1
1.224
0.5
0.4
1.224
1.9
0.4
1.224
0.3
1.524
0.4
1.324
1.224
1.724
0
1.224
3.048
1.724
1.424
1.324
1.224
0
2.024
1.424
0
1.524
0
0
1.224
0.1
1.224
0
0.2
0.7
0.7
1.324
0.1
1.224
1.224
0.1
1.224
0
1.224
0.7
1.424
0.2
0.2
1.324
0
0
1.224
0.1
1.624
0.1
0
1.424
0.1
1.224
1.224
1.4
0
0
1.824
2.524
1.224
0
0.4
1.424
0
1.224
2.448
2.136
1.324
1.224
0
1.424
4.548
1.224
0
1.224
0
2.448
0.1
1.324
1.724
2.648
1.224
0
2.548
1.624
1.624
2.648
0
1.324
2.648
0
0
1.424
0
0
1.324
1.424
0.4
1.224
1
3.124
1.624
1.324
1.624
1.424
1.224
0.1
1.424
1.324
1.424
1.324
1.224
1.324
1.624
0
0.5
1.824
2.548
0
0.7
1.524
2.648
0.5
1.224
1.224
0
0.2
1.624
2.848
1.424
1.424
1.224
0
0
0.3
0
1.424
0.2
1.224
0.2
0.4
1.624
2.024
2.324
1.324
1.324
1.324
2.448
1.224
0
2.748
2.448
1.224
0
0.2
2.448
2.448
0
1.324
0.1
1.224
1.224
1.324
0
1.224
0
3.048
0.2
2
0.2
0.3
1.324
0.4
2.724
2.448
0
0.1
3.348
1.224
1.936
2.548
1.624
1.424
0.4
0.2
0.1
0
1.224
3.048
0.6
2.424
2.748
0.2
1.4
2.448
0
1.324
1.424
1.724
2.948
1.324
0.1
1.624
1.224
1.224
1.324
1.324
0
1.324
0.3
2.124
1.324
1.224
5.524
1.424
1.424
0.3
2.848
0.4
3.024
3.024
0
1.824
1.224
0
3.248
0
1
1.1
0.1
3.56
0.4
1.424
1.624
4.348
1.224
1.624
1.224
0
2.124
0
1.524
1.324
0.3
1.224
3.548
1.324
1.524
0
1.324
1.724
1.824
1.524
0.3
1.224
1
1.224
0
0
2.224
1.424
0.1
0.2
0.1
1.324
1.324
1.324
1.624
1.224
1.324
1.324
1.2
0
0
1.224
1.424
2.324
1.224
0.1
1.524
2.624
1.224
0.1
1.424
0.4
0.3
1.224
0
2.324
1.924
1.324
1.624
1.624
1.724
1.624
0
1.824
0
1.724
2.748
2.548
4.384
2.648
0
1.224
1.224
1.624
1.224
0.4
0.1
2.548
2.124
0.1
1.324
1.824
0.8
0
2.6
1.624
1.624
0
0
0
5.508
0.1
0.1
3.148
3.36
3.248
0
2.648
3.16
1.424
0
8.372
1.424
1.224
1.836
4.648
4.66
2.2
2.724
0
1
3.248
3.672
0
1.224
3.16
3.16
3.56
1.324
0
0.2
2.448
0.3
2.448
2.036
1.424
2.548
0.9
2.424
2.748
2.748
3.76
1.424
1.424
2.548
0.2
0.1
1.224
0.1
4.148
2.648
2.448
0.3
1.224
2.648
1.324
0.1
8.108
2.448
1.724
1.724
0
0
1.224
2.036
3.772
3.772
2.648
6.008
1.424
2.948
3.772
2.748
3.772
3.672
3.972
0.2
3.672
4.284
1.224
0
0
0.2
3.4
0.2
0.4
2.124
4.148
1.724
