0.3
0.3
2.924
3.76
1.424
0.1
0.3
0
0.1
0
0.3
0
0.2
1.2
0.4
0
0
0
0
0
0.1
0.3
0
0
2.136
0.1
0.3
1.624
1.324
1.224
0.2
1.224
0.9
0.1
0.1
0.3
0.2
0.1
0
0
0.2
1.2
0
0
0
0
0.2
0.2
0.2
0
0.1
0
0.4
0
0
0
0
0
0
1.2
0.9
0.4
0
0.6
0.5
0
0.1
0
0.2
1.3
0.4
0.5
0.3
0.1
1.7
0.7
0
0.2
0.1
0
0.5
0
0
0
0
0
0
0
0
0.6
0
0.3
0.2
0
0
0.1
0.2
0
0.1
0
0
0.4
0.5
0
1.836
0
0
0.6
0
0.1
0.5
0
0
0.1
0
0.3
0.1
0
0
0
2.6
0
0.2
0.1
0
0
0
0
0
0.2
0
0.1
0.2
0
0.2
0.3
0.1
0.2
0.2
0.8
0
0.1
0
0.1
0
0
0
0.3
0
0
0
0.3
0
0
0.5
0.4
0.1
0.3
0.8
0
0.1
0
0
0
0.3
0
0.1
0
0
2.4
0
0.2
0
0
0
0.2
0.1
0.1
0.2
0.4
0.3
0.2
0
0
0.3
0.4
0.7
0
0.1
0
0.5
0.1
0.2
0.6
0.5
0.1
0
0.2
1.324
0.3
0.4
0
0
0.5
1.2
0
0
0.4
0.3
0.1
0
0.3
1
0
0
1.4
0
0.9
0
0.1
0
0
1.924
1.224
1.224
1.324
1.224
1.224
1.524
1.224
1.924
1.224
0
1.836
2.036
0
1.6
0.2
0
0
1.836
0.5
2.336
1.324
0.1
0.1
0
0
0
3.736
0
0
0
0
0.1
0
0
0.1
0
0
2.036
0
0.1
0.5
0
0
0.2
0
0.1
0
0
0.2
0.2
0.3
0.6
0
0
0
0
0
1.224
1.224
1.424
1.224
1.624
0
0.1
0
0.1
0.1
0
1.324
0
0.6
0.1
0
0
0
0
0
0
0.2
0.5
0
0.1
0
0.3
0.2
0.1
0.3
1.936
0
0
0
0
0.2
0
0
0
0.2
0
0
0.2
0.2
0.3
0.1
0
0
0
0
1.6
0
0
2.436
2.036
0
0
0
0.5
0
0
0.1
1
0
0.2
2.136
0.1
2.136
0.4
0.1
0
0.1
0.9
1.9
0
1.936
0
0
0.1
0.5
0
0
0.1
0
0
0
1.936
0.1
2.036
0
0
0
2.136
1.936
0
0
0.6
0
0.1
0.1
0.2
1.2
1.224
0
1.224
1.624
1.324
1.924
1.324
3.26
1.224
1.224
5.36
1.224
3.56
0
0
1.324
1.224
1.224
1.224
3.46
1.224
1.524
1.224
1.224
1.324
1.224
3.56
1.224
3.224
1.624
1.624
1.224
1.324
1.424
1.324
1.224
1.224
1.324
1.224
1.424
1.324
1.524
1.224
3.26
1.224
1.324
4.46
3.36
3.16
1.524
3.36
3.56
3.96
1.924
1.224
1.424
1.524
1.424
3.06
1.824
1.224
1.224
1.324
3.06
1.224
1.224
3.56
1.424
1.324
1.224
1.224
1.524
1.224
1.524
1.624
1.224
3.16
4.66
1.824
1.224
1.324
10.26
3.26
1.224
1.624
2.524
2.024
1.224
2.124
2.224
1.224
3.26
1.724
1.824
1.724
1.224
1.424
1.824
1.324
1.224
1.224
1.224
1.524
1.224
1.224
3.56
1.624
1.224
1.224
1.224
3.56
3.56
1.224
1.224
1.224
1.324
2.424
1.324
1.324
1.224
4.46
1.224
3.06
1.224
3.36
5.06
1.324
1.224
1.224
1.724
1.324
1.224
1.224
3.16
1.224
1.224
3.16
1.224
2.724
1.224
1.224
3.06
1.224
1.624
5.36
1.224
1.224
1.224
1.224
1.624
1.524
1.224
1.324
1.524
1.324
1.524
1.424
1.224
1.824
1.324
1.224
1.224
3.76
1.324
3.26
1.724
1.424
1.224
1.224
1.224
3.56
1.324
1.224
3.26
1.224
1.524
1.324
1.224
1.624
1.324
1.324
1.224
1.524
1.224
2.124
4.16
1.424
1.224
1.224
1.624
1.224
3.06
1.224
1.224
1.224
1.224
1.324
2.124
1.724
1.224
1.324
1.324
1.324
1.424
1.224
1.424
1.324
3.36
1.424
1.324
1.224
4.26
1.424
1.224
1.324
1.224
1.524
1.224
1.224
1.224
1.524
1.224
1.224
1.424
2.124
1.424
1.224
1.224
1.224
1.424
4.76
1.324
1.324
4.46
1.224
3.26
2.824
1.424
1.224
1.224
3.46
1.624
3.06
1.224
3.26
3.26
1.624
3.16
3.26
3.36
3.06
3.26
1.224
1.224
3.16
1.524
3.06
3.06
1.424
3.16
1.224
1.224
3.36
1.324
1.224
4.46
1.224
3.36
1.224
1.224
1.224
3.66
1.624
1.224
1.624
3.36
1.224
1.324
2.224
3.16
1.424
3.16
1.224
1.224
1.324
3.36
1.224
1.224
1.224
1.424
1.324
1.424
3.86
1.324
1.224
1.524
3.96
1.524
3.06
3.06
1.624
1.224
3.06
1.224
1.224
1.524
3.16
1.524
1.324
3.06
1.324
1.424
1.324
3.26
1.224
1.424
1.224
1.224
1.324
3.26
1.324
1.324
1.224
1.524
1.224
1.424
3.16
1.224
3.36
1.224
1.224
1.324
1.224
1.224
1.224
1.324
1.224
1.224
1.224
1.324
3.36
1.424
1.224
3.16
1.224
1.324
3.06
1.224
2.624
1.324
3.46
3.26
1.224
3.16
1.224
3.06
3.36
1.224
1.724
3.26
1.624
1.724
1.224
1.324
1.324
3.06
3.36
1.224
1.324
3.26
1.724
1.224
1.224
1.324
1.224
3.324
2.524
1.324
1.424
2.024
1.224
1.224
1.224
1.224
1.224
1.224
1.524
1.424
1.924
1.424
1.224
1.224
1.224
1.224
1.224
1.324
1.224
1.224
3.06
3.06
1.324
1.324
1.224
3.06
1.224
1.524
1.224
1.624
1.924
1.724
3.36
1.224
1.924
3.06
1.224
1.224
1.424
2.124
1.724
1.224
3.06
1.224
1.224
1.224
1.424
1.224
3.66
1.524
1.224
1.424
3.06
3.06
1.224
1.224
1.224
1.324
1.224
1.424
1.224
1.724
3.06
3.26
1.424
1.324
1.224
1.224
1.224
1.324
1.224
1.224
3.36
3.06
1.324
3.06
1.224
1.224
1.424
1.224
3.16
1.224
1.224
1.224
1.324
1.224
1.224
1.424
1.224
1.224
1.424
1.224
1.724
1.224
3.16
1.224
1.724
1.224
1.324
1.224
1.324
1.524
1.624
1.224
1.324
1.524
1.324
2.024
1.224
1.224
1.224
1.224
1.324
3.26
1.224
4.66
4.56
3.46
1.324
3.06
1.224
3.26
1.324
1.324
1.524
3.36
1.224
1.424
1.224
3.06
1.924
1.224
2.024
3.16
1.524
1.224
1.224
1.224
1.324
1.324
1.524
3.36
1.224
1.224
1.524
2.324
3.56
1.224
1.224
1.724
3.06
1.224
1.224
1.524
1.224
1.424
2.024
1.224
1.324
1.224
1.224
3.76
4.66
1.424
1.224
3.06
1.224
1.424
1.224
2.724
1.324
2.524
1.524
1.624
1.224
3.36
1.224
1.724
1.224
1.224
1.224
1.324
1.224
1.224
3.06
1.324
1.524
1.224
3.16
3.26
3.26
1.324
1.724
1.324
1.324
1.224
1.224
1.224
3.16
1.224
3.26
2.724
3.26
1.724
1.224
2.224
1.224
1.224
3.16
1.224
3.16
1.224
1.924
1.324
1.324
1.224
1.224
1.224
1.524
1.424
2.024
1.324
3.06
1.224
1.224
1.324
1.224
1.624
1.324
1.224
1.224
1.324
1.324
1.624
3.06
3.06
1.924
2.336
0
0
1.1
0.3
2.336
0.1
0.1
0.1
0.2
0.4
1.936
0
0
1.836
1.8
0
0.9
0
0
3.06
0.8
0
0.3
0.1
0
0.2
0.1
0.1
0.3
0
0
0
0
0
0
0
1.3
0.1
0.7
0.1
0
0
0
0
0
0
0
0
0.1
0.5
0.2
2.736
0
0
0.1
0
0
0
0.1
2.8
0
0
0.1
0.2
1.2
0
0
0
0.7
0.1
0
1.936
0
0
0
0.9
0
0.8
0
0.2
0
0
0.1
0.1
0
0.1
0.6
0.1
0.4
0.1
0.2
0.1
0
0.2
0.4
0
0
0
0.2
0.2
0.3
0.2
0.1
0
0
0.1
0
1.7
0.3
0
0
0
1.936
0.5
0.3
0
0.1
0.2
0.1
0
0.2
0
0
0.5
0
0
0
0
0.9
0
0.1
0
0
0
0.2
0.6
0
0
0.7
0.2
0
0.1
0.6
0
0
0
0
0
0.2
0
0
0
0.2
0.1
0
0.1
0.1
0
0
0
0
0.3
0
0
0
0.1
0.1
0
0
0
0.2
0.5
0
0
0.7
0
0
0.1
0.8
0.1
0
0.1
1.2
0.1
0
0
0
1.936
0.6
0.4
0
0
0
0
0.1
0.1
0
0.1
0
0
0
0.4
0
0.5
0
0
0.1
0.3
0.2
0.3
0.5
0
0
0
2.1
0
0
0.2
0.1
0.1
0
0.1
0
0.1
0.4
0.1
0
0
0.1
0
0
0.7
0
0
0.3
0
0
0
0.3
0
0
0
0.1
0.1
0
0.1
0
0.2
0
0.1
0.3
0.3
0.1
0.2
0
0
0
1
0.6
0
0
0.2
0
0
0.1
0
0.2
0.2
0
0.1
0.1
0.1
0.2
0
0
0
0
0.8
0.6
0
0
0
0
0
0.4
0
0
0
0.1
0.1
0
0
0.3
0.2
0.3
0
0.2
0
0
0
0.2
0
0
0
0
0.4
0
0.3
0
0.7
0
0
0.4
0.3
0
0.5
0.1
0.2
0
0
0.8
0
0
0.1
0
0
0.1
0
0.1
0
0
0
0
0.1
0
0
0
0
0
0.1
0.2
0.7
0.1
0
0
0
0.4
0
0
0.6
0
0
0
0.1
0.1
0
0.1
0.1
0
0.1
0.6
0.1
0.1
0
0.1
0.1
0
0
0
0.1
0
0.1
0
0.2
0
0.1
0
0
0.1
0.3
0
0.3
0
0
0
0.1
0.2
0.1
0.1
0
0
0
0
0
0.1
0.3
0
0.2
0
0
0
0
0.1
0
0.3
0
2.036
0
0.2
0.1
0.4
0.4
0.2
0
0
1.836
0.4
0
0.1
0.3
0.1
0
0.5
0.2
0.9
0
0
0
0
0.4
0.1
0
0
0
0
0
0
0.1
0.1
0
0.1
0
0
0
0
0
0
0
0.1
0.6
1.5
0.4
0.2
0.1
0
0
0.2
0.2
0.2
0
0
0
0
0.2
0
0
0
0.1
0.5
0
0
0.4
0.2
0
0.6
0.1
0
0.3
0.1
0.4
0
0
0.5
0
0
0.5
0
0
0
0
0
0.7
0
0
0.1
0
0
0.1
0.1
0
0
0.1
0.7
0.3
0
0.1
0.3
0
0
0.1
0
0
1.3
0.2
0.1
0
0.1
0
0
0
0
0.1
0.1
0
0
0
0
0
0.8
0.1
0
0.1
0.2
0
0
0.3
0.1
0.3
0
0
1.836
0
0
0
0.1
1.1
0.1
0
0
0
0
0
0
0.1
0.1
0
0
0.1
0.6
0.2
0.2
0
0
0.2
0
0
0
0.1
0
0
0
0.2
0
0.3
1.3
0.1
0
0.2
0
0
0
0
0.1
0
0
0
0
0.1
0
0.3
0.6
0
0
0.7
0.1
0.4
0.3
0
0
0
0.1
0.1
0.2
0.2
0
0
0
0.1
0.2
0.2
0.4
0.1
0
0.1
0.2
0
0.4
0.9
0.2
0.1
0
0
0
0
0.2
0
0
0
0
0
0
0
0
0
0
0
0
0
0
0
0.5
0.2
0.7
0
0.1
0.1
0.3
0.7
0.1
0.1
0
0.7
0
1.836
0.2
0.2
0
0.2
0
0.1
0
0
0.3
0.3
0.5
0.5
0
0.4
0.2
0
0
0
0
0.3
0
0.1
0.2
0
0
0
0
0
0
0.2
0.6
0
0.2
2.6
0.1
0
0
0
0.4
0.8
0.8
0
0.5
0
0
0.5
0
0.9
0.6
0
2.436
0.3
0.1
0.3
1.8
0
0.1
0
0
0.2
0
0.4
0
0.1
0
0.4
0.1
0.2
0
0
0.6
0.4
0
0
0.1
0.1
0.1
0
0
0.8
0.2
0
0.2
0
0
0.1
0
0.3
0
0
0.1
0.6
0
0.1
0.1
0.2
0.9
0
0
0.4
0.7
0
0
0
0.2
0.2
0.1
0
0.9
0.2
0.3
0
0.4
0.4
0.4
0.1
0.4
0.1
0.4
0.1
0.3
3.06
1.224
0
0
0.1
0.8
0
0.2
0
0.1
0.3
0
0
0.1
0.3
0
2
0.4
0.1
0
0
0
3.16
0
0.1
0.4
2.136
0
0
0.1
2.036
0
0
4.324
1.324
0
1.836
0.9
2.936
0.9
0.4
0
1.1
0.6
0.1
0.1
0
1.936
1.936
2.336
0
0
0.1
0
0.5
0.1
1.936
0.1
0
0.2
0.2
0
0.4
2.236
0
0.1
0.2
0
0
0
0
1.2
0.1
0
0
0
0.2
0
0
3.336
1.224
0.6
0.4
0.1
0
0
2.136
1.224
1.224
1.224
3.06
1.424
1.424
1.324
1.224
1.224
1.224
1.324
0.1
0
3.06
0
0
0
0.2
2.4
0
0.3
1.824
1.5
1.624
