0.1
1.424
4.072
5.608
3.672
0.1
1.224
2.448
0
1.224
1.324
1.324
0
1.624
1.424
1.224
0
2.448
2.548
2.548
1.224
1.224
1.224
2.448
3.06
2.448
2.548
2.448
4.896
2.448
2.448
2.448
0.3
0
0
0.3
0
0
0
0
0
1.724
0
0
0
1.224
0
0.2
0.2
1.224
1.224
0
1.324
0
0.1
1.224
0
0
0
1.524
0.1
0
0
2.748
0.2
0
0
0
1.224
0
0
1.324
0
0
1.424
1.424
0
1.524
0
0
2.448
0
1.224
0
0
0
0
0
1.224
2.448
0
1.324
0
0
0
1.324
1.424
0
2.548
2.448
0
0
0
0.1
3.06
0
0
0.6
0
0
0
0
0
1.224
0
0
0
1.224
0
0
0.6
0
2.448
0
0
0
0
1.224
0
1.624
0.1
0
0
0
1.324
0.5
1.324
1.224
1.224
0.1
1.324
2.648
0
1.324
0
0
1.224
0.1
0
0
1.224
0.1
0
0
0
0
0.1
0.1
0
0
0.1
0
0
0
0
0
1.224
0
0
3.148
0
0.2
1.224
0.1
1.224
2.448
0
0
1.224
0.2
0.2
1.224
1.224
2.548
0.2
2.548
1.424
1.324
0.1
2.448
1.324
1.324
0
1.224
1.224
1.224
1.224
0.1
1.224
1.224
0.2
1.224
0
0
0.2
0
0
1.224
2.548
1.224
2.448
0
3.248
0
0
0.4
0
1.524
0
0
0
2.448
2.448
3.672
3.672
2.548
2.448
2.448
4.072
2.448
4.896
4.896
1.224
1.836
4.284
0.1
2.848
1.224
0
1.424
1.836
1.624
3.16
1.224
0
1.224
1.224
1.224
1.224
3.46
0
0
0
0
1.224
1.224
0
0.1
3.772
1.324
4.284
0
1.224
0.1
2.448
0
1.224
2.448
0
2.448
0
0
0
2.448
0
0
2.448
0
1.324
0
2.448
1.224
3.872
4.896
3.672
0
1.224
1.224
1.224
1.224
1.224
3.672
0
0
1.224
0
1.224
0
0.1
0
2.448
0
0
1.224
1.324
0
0.2
0
2.448
0
3.06
0
1.224
2.448
2.448
2.448
0
1.224
1.224
1.224
0
1.224
0.1
0.1
0
0
0
1.324
1.224
0
2.748
2.448
1.224
4.584
4.384
0
0
1.224
0.1
1.224
0
1.224
0.2
0
0
3.16
1.224
4.284
0
0
1.224
0
0.3
0.5
2.548
1.836
0
0
2.448
1.224
1.224
1.224
1.224
1.224
1.324
1.224
3.06
2.448
3.06
2.548
2.448
1.224
3.06
4.284
2.448
0
1.424
1.224
1.224
1.324
3.772
3.972
2.448
0
3.672
1.224
3.672
2.548
1.224
3.06
2.448
4.896
6.108
2.448
5.808
1.224
0
1.224
1.224
3.672
3.672
5.508
1.224
2.548
2.448
2.448
3.672
3.672
4.284
3.672
2.948
2.548
2.548
1.224
3.672
1.424
1.324
3.672
2.448
1.224
2.448
4.996
2.548
4.072
1.324
4.284
3.672
2.448
4.384
5.508
5.508
1.224
4.284
3.26
5.608
3.872
1.224
1.224
2.448
3.672
6.732
3.772
3.672
2.448
4.072
5.508
2.448
2.448
4.284
2.448
3.772
1.224
3.672
2.648
1.224
1.224
2.548
2.448
3.06
6.832
2.748
2.548
2.448
3.26
8.832
1.224
1.224
2.548
1.324
3.672
2.548
1.424
1.224
4.284
5.296
2.548
3.672
2.448
1.424
2.548
2.448
2.448
1.224
1.224
3.672
1.224
3.672
5.608
3.872
2.448
1.224
2.448
5.508
5.508
1.224
1.224
3.672
2.448
3.872
3.672
2.448
2.548
3.16
1.224
4.284
2.448
5.508
4.384
3.672
1.224
1.224
3.772
3.772
2.448
3.672
5.508
3.772
2.448
6.832
1.224
1.324
2.448
1.224
4.284
3.672
3.772
4.284
2.448
2.448
1.224
3.672
3.772
3.872
2.448
1.224
3.772
1.224
1.224
2.448
1.324
3.872
2.448
3.672
1.224
5.508
2.448
5.708
4.996
2.548
1.224
1.224
2.548
5.508
2.448
1.224
3.06
2.448
3.972
2.548
1.224
3.772
1.424
1.224
1.224
1.224
2.448
1.324
4.484
2.448
4.996
3.672
2.548
2.448
5.508
2.448
1.224
2.448
2.448
2.448
1.324
2.448
2.448
2.448
2.448
1.224
2.448
3.672
1.224
3.672
4.284
3.672
4.896
1.224
3.06
1.224
1.224
2.448
2.448
1.224
3.672
1.224
3.672
3.772
2.448
3.672
3.672
3.872
2.448
3.672
3.672
1.224
2.448
4.484
2.448
2.448
3.06
1.324
3.06
1.924
5.196
3.672
3.772
3.06
1.324
4.284
3.672
5.808
5.508
3.672
3.06
4.384
4.284
3.06
4.284
2.548
2.448
5.508
2.448
3.06
4.284
3.772
5.608
2.448
1.224
4.484
2.448
1.224
3.06
3.672
5.508
1.224
1.224
1.224
3.16
2.448
3.672
3.672
5.508
3.672
2.648
3.872
3.06
3.972
4.284
1.224
2.448
1.224
4.284
3.672
1.224
3.672
2.448
3.672
3.672
5.508
1.224
4.896
3.772
5.908
3.772
3.16
5.508
2.548
1.224
5.508
3.672
2.448
4.896
4.384
2.548
3.872
3.06
2.448
2.448
2.448
3.06
3.672
1.224
2.448
3.672
3.672
4.284
3.672
2.448
3.672
1.324
1.224
2.548
4.284
1.324
6.832
1.224
3.672
3.672
1.224
1.224
3.672
3.772
3.672
3.672
2.548
3.772
4.284
1.224
1.224
3.16
1.224
2.448
6.732
2.448
3.048
2.448
3.06
5.508
3.772
5.508
2.448
5.508
4.384
3.772
3.872
3.06
2.748
2.448
2.448
3.672
4.896
4.284
4.284
1.224
1.224
4.384
2.848
2.448
3.672
2.448
3.672
2.948
3.972
2.448
1.324
2.748
3.672
2.448
1.224
2.448
2.448
3.672
2.548
2.448
2.748
3.772
1.224
3.672
2.448
1.224
3.672
4.896
3.672
1.224
5.608
5.508
3.672
1.224
2.448
5.508
2.448
3.772
1.224
3.872
2.448
2.448
5.508
3.672
2.548
3.06
3.672
1.224
2.548
2.448
4.896
1.224
5.508
2.448
2.448
1.224
2.548
1.224
6.732
3.672
1.224
3.872
5.508
6.732
3.772
3.672
2.448
2.448
3.672
2.548
3.672
3.772
6.732
3.06
3.672
2.548
1.224
1.224
1.224
4.896
1.224
1.224
4.284
5.508
2.448
5.608
2.448
1.224
2.648
1.224
3.06
1.224
3.772
3.872
3.672
2.448
3.772
2.448
1.224
3.672
2.448
2.448
3.672
3.672
3.06
3.672
3.972
1.224
1.224
2.448
2.448
2.548
2.648
3.672
2.448
1.224
1.224
3.872
1.224
3.672
3.672
3.672
3.672
5.508
2.448
5.908
3.56
3.06
1.224
5.508
3.672
4.284
2.548
2.448
2.548
4.284
2.448
1.224
3.672
4.284
3.672
4.896
1.224
3.06
3.772
2.448
2.448
1.324
2.448
1.224
1.324
3.06
2.448
1.224
1.224
4.072
4.384
2.448
1.224
2.548
4.284
2.448
1.224
2.448
4.896
1.224
3.672
2.448
2.448
1.224
3.672
6.732
6.932
2.648
3.672
5.508
3.672
2.448
3.672
3.672
2.448
5.296
3.772
2.448
1.324
6.832
3.672
3.772
3.672
4.896
4.996
2.548
2.448
2.448
5.508
2.448
3.672
2.448
5.508
5.608
5.508
3.772
2.548
2.448
4.072
1.224
1.224
1.324
4.384
3.672
4.284
2.848
6.832
4.996
3.672
3.672
3.872
2.448
4.284
2.448
4.284
3.672
3.872
3.772
3.672
2.448
2.648
2.448
2.548
2.448
2.448
2.448
4.284
1.224
3.772
1.224
3.672
3.772
2.448
2.448
3.772
3.672
3.772
2.448
3.06
3.06
3.872
3.16
1.224
2.448
2.848
2.648
1.836
2.448
2.448
1.224
0.1
1.324
4.284
0
1.224
1.836
1.724
0
0.2
0
2.448
4.284
1.224
2.448
0
0
0
1.224
0
0
1.224
0
0
1.224
0
0.1
2.448
0
2.648
1.224
0
1.324
0
0
1.224
0
1.224
1.224
1.224
1.224
1.224
2.548
0
2.036
1.224
1.224
1.324
1.224
1.224
1.224
1.224
1.924
0
1.224
0.1
1.224
1.424
1.224
1.224
0
1.224
1.224
0
3.06
0
1.224
2.448
1.324
1.224
0.3
0
0
1.224
0
0
0
1.224
1.224
0.1
1.224
1.224
1.224
1.324
2.548
1.224
0
2.548
1.324
1.224
1.324
0
2.448
1.324
1.324
2.448
1.224
1.424
1.524
0
1.524
2.548
1.324
0
1.224
3.16
1.524
0.1
1.224
2.448
0.1
0
0
0
0
0.1
0
1.324
1.224
1.224
1.224
1.524
1.224
1.224
1.224
0.1
0
1.324
0.1
1.224
1.224
1.424
1.224
1.224
1.224
0
1.224
1.224
0
1.224
1.224
0
1.524
1.324
1.224
1.324
0
0
0
1.224
0
1.224
1.224
1.224
0.2
0
1.224
0
0
1.224
2.448
1.324
1.324
1.324
1.624
0
1.224
0.5
0
0
1.224
1.424
1.224
1.224
1.324
1.424
0.1
1.224
2.448
1.324
1.936
0
1.324
1.324
1.324
2.448
1.224
1.324
1.224
0
1.224
1.224
0
1.224
1.824
1.224
0.3
1.224
1.224
0.1
0
1.224
1.324
1.324
2.448
1.224
1.224
0.4
1.324
0
1.324
0
1.424
1.224
0
0
0
0.1
0
0.1
1.224
1.324
1.224
1.224
1.624
0
2.448
1.224
1.224
1.224
0
1.324
1.224
0
0
1.324
1.224
1.224
1.224
1.224
1.424
1.224
0.2
1.424
0
1.224
1.424
1.224
1.224
1.224
0.2
1.524
1.224
0
0.2
1.224
1.224
1.324
0.1
1.224
2.548
0
0
0
0
0
1.224
0
1.224
0
0.3
0.3
1.224
1.424
1.224
0
1.224
1.224
1.224
2.448
1.324
0
1.224
1.224
1.224
1.224
1.224
1.324
1.324
1.224
1.324
0
1.224
1.424
1.224
1.224
1.224
1.224
1.324
0
0
0
0
0
0
3.048
1.524
2.448
0.2
1.224
0.2
0
1.224
1.324
1.224
1.224
0
2.448
0
1.324
1.224
1.424
0.1
1.324
0
1.424
0
1.224
0.1
2.448
1.324
1.224
1.224
1.224
0
1.324
0
0
0
1.224
1.324
1.324
0
1.224
1.224
1.224
0.2
0
1.224
0.1
1.224
1.224
1.224
1.324
1.324
0.1
0
1.324
1.524
2.448
0
0
2.448
1.224
1.224
1.324
0.1
1.224
1.324
1.224
1.224
0
0.2
1.324
0.1
0.1
1.224
0
1.224
1.624
3.672
0
1.224
1.224
2.448
1.224
1.224
0.1
2.548
1.224
0.1
1.624
1.224
0.1
1.224
0.2
1.324
0.1
0
1.836
1.224
1.224
1.324
1.424
1.324
1.224
0
1.324
1.836
0
0
2.548
1.424
1.324
1.224
0.2
1.524
0.3
1.324
0
2.448
1.224
1.524
0.1
1.324
1.224
0
0
1.324
0
0.1
1.324
0.1
0
1.224
1.224
0.1
0
1.324
1.324
1.224
1.424
1.324
3.048
1.424
0
2.648
0
0
1.424
0
0
2.448
1.224
2.548
1.224
1.224
1.224
1.524
1.224
1.224
0
0
1.224
0.5
0.1
1.324
0.3
0.1
1.224
0.1
1.224
0
1.224
1.224
1.324
0
1.224
2.448
1.224
1.224
1.224
1.224
0
1.424
1.424
0
1.424
0
0
1.224
0
1.224
0
0
0.1
0
1.324
0
1.324
1.224
0
1.224
0
1.224
0.1
1.324
0
0
1.224
0
0
1.224
0
1.224
0.1
0
1.224
0
1.324
1.224
0.1
0
0
1.524
1.524
1.224
0
0.1
1.224
0
1.224
2.448
1.836
1.224
1.224
0
1.224
2.948
1.224
0
1.224
0
2.448
0.1
1.224
1.224
2.448
1.224
0
2.448
1.224
1.224
2.448
0
1.224
2.448
0
0
1.324
0.2
0
1.224
1.224
0
1.224
0.1
1.624
1.224
1.324
1.324
1.224
1.224
0
1.324
1.224
1.224
1.324
1.224
1.224
1.524
0
0.2
1.324
2.548
0
0.2
1.324
2.748
0
1.224
1.224
0
0
1.324
2.448
1.224
1.424
1.224
0.1
0
0
0
1.424
0.2
1.224
0.1
0.2
1.224
1.624
1.324
1.224
1.224
1.324
2.448
1.224
0
2.448
2.448
1.224
0
0
2.448
2.448
0
1.424
0
1.224
1.224
1.224
0
1.224
0
2.548
0.1
0.4
0.1
0
1.224
0.1
1.624
2.548
0
0
2.848
1.224
1.836
2.448
1.324
1.324
0.1
0
0.1
0
1.224
2.648
0.1
1.524
2.648
0.1
0.4
2.448
0.1
1.224
1.224
1.224
2.648
1.324
0
1.224
1.224
1.224
1.224
1.224
0
1.224
0.1
1.324
1.224
1.224
2.224
1.324
1.224
0
2.548
0
1.524
1.524
0
1.324
1.224
0
2.648
0.2
0
0.1
0.1
3.06
0
1.224
1.224
3.248
1.324
1.224
1.224
0.1
1.324
0
1.224
1.224
0
1.224
2.448
1.324
1.324
0
1.424
1.424
1.324
1.324
0
1.224
0
1.224
0
0
1.424
1.524
0
0
0
1.224
1.224
1.224
1.324
1.224
1.224
1.524
0.4
0
0
1.224
1.324
1.424
1.224
0
1.224
1.724
1.224
0.1
1.224
0.2
0.1
1.224
0
1.324
1.424
1.224
1.224
1.324
1.324
1.324
0
1.424
0
1.224
2.448
2.648
4.284
2.448
0
1.224
1.224
1.324
1.224
0
0
2.548
1.524
0
1.224
1.324
0
0
0.5
1.324
1.224
0
0
0
5.508
0.1
0
2.848
3.06
2.448
0
2.448
3.16
1.224
0
4.072
1.224
1.224
1.836
2.848
3.26
0.1
1.324
0
0.4
2.648
3.672
0
1.224
3.06
3.06
3.16
1.224
0
0
2.448
0
2.448
1.936
1.224
2.548
0.1
1.324
2.448
2.448
3.06
1.224
1.224
2.448
0
0
1.224
0
2.548
2.448
2.448
0.1
1.224
2.448
1.224
0
5.908
2.448
1.224
1.524
0
0
1.224
1.836
3.672
3.672
2.448
5.508
1.224
2.748
3.672
2.448
3.672
3.672
3.672
0
3.672
4.284
1.224
0
0
0.1
0.6
0
0
1.524
2.548
1.324
