0.2
0.2
1.424
1.624
1.424
0
0
0
0
0
0
0
0.1
0.2
0.1
0
0
0
0
0.1
0.1
0.2
0
0
0
0
0
1.424
1.224
1.224
0
1.224
0.5
0
0.1
0.4
0
0.1
0
0
0.1
0.7
0
0
0
0
0.1
0.1
0
0
0
0
0.1
0
0.1
0
0
0
0
0.5
0.3
0
0.1
0.1
0.4
0
0
0
0
0.6
0.1
0.3
0.3
0
0.6
0.1
0
0.1
0
0
0.2
0.1
0
0
0
0
0
0
0
0.4
0
0
0.1
0
0
0.3
0.3
0
0
0
0
0.1
0.2
0
0
0
0
2.02
0
0
0.4
0
0
0
0
0.1
0
0
0
0
0.9
0
0
0.3
0
0
0
0.1
0
0
0
0
0.2
0.1
0.2
1.72
0.1
0
0.1
0.4
0.1
0.1
0
0
0
0
0.2
0.1
0
0
0
0
0
0
0.4
0.2
0.1
1.12
0.4
0.2
0
0
0
0
0
0
0.1
0
0.2
1
0.1
0.3
0
0
0
0.4
0
0
0
0.2
0.2
0.3
0.1
0
0.3
0.2
0.4
0
0
0
0.1
0
0
0.1
0.1
0.1
0
0.1
1.224
0.3
0.2
0
0
0.4
1
0
0
0.2
0
0
0
1.22
0.2
0
0.1
0.9
1.02
0.4
0
0
0
0
1.924
1.224
1.224
1.524
1.224
1.224
1.424
1.224
1.524
1.224
0
0
0.2
0
0.6
0.1
0
0
0
0.2
0.4
1.224
0
0
0
0
0
0.7
1.12
0
0
0
0.1
0
0
0.1
0.1
0.1
0.1
0
0
0.1
0
0
0
0
0.1
0
0
0
0.1
0
0.4
1.12
0
0
0
0
1.224
1.224
1.424
1.224
1.224
0
0
0
0
0
0
1.224
0
0.2
0
0
0
0.1
0
0
0.1
0.1
0
0.1
0
0
0.1
0.2
0
0.1
0.1
0
0
0
0
0.1
0
0
0
0.1
0
0
0.4
0.1
0
0
0
0
0
0
0.2
0
0
0.4
0
0
0
0
0.9
0
0
0
0.5
0
0.3
0
0
0.3
0
0
0
0
0.4
0.6
0
0.1
0
0
0.1
0.1
0
0
0
0
0
0.2
0
0
0
0
0
0
0.1
0
0
0
0.3
0
0
0.1
0.1
0.2
1.224
0
1.224
2.544
1.224
1.324
2.444
1.224
1.224
1.224
2.024
1.224
1.224
0.1
1.12
2.644
1.224
1.224
1.224
1.324
1.224
1.324
1.224
1.324
1.224
1.224
1.524
1.224
1.924
1.324
1.324
1.224
1.224
1.224
2.344
1.224
1.224
1.424
1.224
1.424
1.224
1.624
1.324
1.324
1.224
1.224
1.724
1.324
1.224
1.224
1.324
1.424
1.524
1.424
2.244
1.624
1.224
1.224
1.224
1.324
1.224
1.224
1.324
1.224
1.224
1.224
1.224
1.324
1.224
1.324
1.224
1.424
1.224
2.344
1.424
1.224
1.224
1.524
1.224
1.324
1.224
1.624
1.224
1.324
5.444
2.224
1.724
1.224
1.524
1.624
1.224
1.224
1.324
1.324
1.424
1.224
1.224
1.324
1.224
1.224
1.224
2.344
1.224
1.224
1.224
1.424
1.524
1.224
1.324
1.224
1.424
1.324
1.224
2.244
1.224
1.324
1.524
1.224
1.324
1.224
1.424
1.224
1.224
1.224
1.324
1.324
1.224
1.224
1.224
1.424
1.224
1.224
1.224
1.224
1.224
1.224
1.224
1.324
1.924
1.224
1.224
1.224
1.224
1.424
1.624
1.224
1.224
1.224
1.224
1.324
1.424
1.224
1.224
1.224
1.224
1.224
1.324
1.424
1.524
1.224
1.224
1.424
1.324
1.224
1.324
1.424
1.324
1.224
2.244
1.224
1.224
1.324
1.224
1.224
1.224
1.424
1.424
2.244
1.224
1.324
1.224
1.224
1.324
1.224
1.824
1.524
1.324
1.324
1.224
1.224
1.224
1.224
1.224
1.224
1.224
1.224
1.324
1.624
1.224
1.224
1.224
1.224
1.224
1.224
1.224
1.224
1.324
1.224
1.224
1.224
1.224
1.824
1.324
1.224
1.224
1.224
2.244
1.224
1.224
1.224
1.524
1.224
1.224
1.324
1.724
1.324
1.224
1.224
1.224
1.324
1.724
1.324
1.324
1.524
1.224
2.244
1.824
1.224
1.224
1.224
1.224
2.444
1.324
1.224
1.224
1.424
1.524
1.224
1.224
1.224
1.324
1.424
1.224
1.224
1.224
1.324
1.424
1.224
1.224
1.324
1.224
1.224
1.224
1.224
1.224
1.624
1.224
1.424
1.324
1.224
1.224
1.624
1.324
1.224
1.424
1.224
1.224
1.424
1.624
1.224
1.524
1.224
1.324
1.224
1.224
1.424
1.324
1.224
1.224
1.424
1.324
1.224
1.524
1.224
1.224
1.424
1.524
1.324
1.224
1.224
1.724
1.224
1.224
1.224
1.224
1.324
1.224
1.424
1.424
1.224
1.324
1.324
1.224
1.324
1.224
1.424
1.224
1.224
1.224
1.424
1.224
1.224
1.224
1.524
2.344
1.224
1.624
1.324
1.324
1.224
1.224
1.224
1.224
1.324
1.224
1.424
1.424
1.224
1.224
1.224
1.224
1.324
2.244
1.224
1.224
1.224
1.224
1.224
1.624
1.224
2.744
1.224
1.224
1.324
1.224
1.224
1.324
1.224
1.424
1.224
1.324
1.324
1.224
1.224
1.224
1.224
1.224
1.224
1.224
1.424
1.224
1.224
1.224
1.224
1.224
1.924
1.524
1.524
1.324
1.224
1.324
1.224
1.224
1.224
1.224
1.224
1.224
1.224
1.524
1.324
1.224
1.224
1.224
1.224
1.224
1.324
1.224
2.244
1.224
1.224
1.224
1.324
1.224
1.324
1.224
1.524
1.224
1.324
1.224
1.324
1.624
1.224
1.324
1.224
1.324
1.224
1.424
1.924
1.224
1.224
1.224
1.324
1.224
1.224
1.224
1.224
1.224
1.224
1.224
1.324
1.224
1.224
1.224
1.224
1.224
1.224
1.224
1.224
1.224
1.324
1.224
1.224
1.324
1.224
1.224
1.224
1.424
1.424
1.224
1.224
1.324
1.224
1.324
1.224
1.224
1.224
1.224
1.224
1.224
1.324
1.224
1.324
1.224
1.224
1.224
1.224
2.244
1.224
1.224
1.224
1.324
1.224
1.324
1.224
1.724
1.224
1.324
1.224
1.324
1.424
1.224
1.324
1.524
1.524
2.244
1.524
1.224
1.224
1.224
1.224
1.224
1.324
1.224
2.024
2.124
1.224
2.344
1.224
1.224
1.424
1.224
1.224
1.324
1.224
1.224
1.424
1.224
1.224
1.424
1.224
1.624
1.224
1.224
1.224
1.224
1.224
1.224
2.344
2.244
1.324
1.224
1.224
1.524
1.424
1.324
1.224
1.224
1.424
1.224
1.224
1.224
1.324
1.224
1.324
1.624
2.244
1.324
1.424
1.224
1.224
1.424
1.324
1.224
1.224
1.224
1.424
1.324
1.924
1.224
1.824
1.224
1.524
1.324
1.224
1.224
1.424
1.224
1.424
1.224
1.324
1.224
1.224
1.224
1.224
1.324
1.224
1.224
1.224
1.224
1.324
1.424
1.224
1.524
1.224
2.244
1.224
1.224
1.224
1.524
1.424
1.424
1.624
1.324
1.324
1.224
1.224
1.224
1.224
1.324
1.224
1.624
1.224
1.324
1.524
1.224
1.224
1.324
1.224
1.224
1.424
1.224
1.224
1.224
1.224
1.224
1.524
1.224
1.224
1.224
1.324
1.424
1.424
1.224
1.324
1.224
0.5
0
0
0.6
0.2
0.4
0
0
0
0
0.3
0.1
0
0
1.02
0.2
1.02
0.2
1.32
0
2.244
0.2
0
0.1
0
0.1
0.2
0
0.3
0
0
0
0
0
0.1
0
0
0.1
0
0.3
0.2
0
0
0
0
0
0
0
0
0
0
0.2
0
0
0
0
0
0
0
0
1.5
0.1
0
0.1
0
0.4
0
0.1
0
0.5
0.1
0
0
1.02
0
0
0.3
0.1
0.2
0
0.2
0
0
0
0.1
0
0.1
0.3
0
0.1
0.1
0
0
0
0
0.1
0
0
0.1
0.1
0.1
0
0.2
0
0
0
0.2
0
0.2
0.2
0
0
0.1
0.1
0.4
0.1
0.1
0
0.1
0.1
0
0.1
0
0
0.2
0
0
0
0
0
0
0
0
0
0.2
0
0.1
0
0
0.1
0
0
0.1
0.2
0
0
0.1
0
0
0.1
0
0
0
0.1
0.2
0
0
0
0
0
0
0
0
0
0
0
0.1
0
0
0
0
0.3
0.1
0.1
0
0.5
0
0
0
0.1
0
0
0
0.4
0.2
0
0
0
0
0.2
0.2
0
0
0
0
0
0
0
0
0
0
0.2
0.6
0
0.3
0
0
0
0
0.2
0.1
0
0.1
0
0
0.3
0.1
0
0.1
0
0.2
0
0
0.2
0.1
0.2
0.1
0
0
0.2
0.1
0
0.2
0
0.2
0
0
0
0
0
0
0
0
0.2
0
0
0
0
0.1
0
0.3
0.1
0.2
0
0.1
0
0
0
0.7
0.3
0
0
0
0.1
0
0
0
0.2
0
0
0
0
0
0.1
0
0
0
0
0
0.4
0
0.1
0
0.1
0
0.2
0
0
0
0
0
0
0
0.3
0
0.1
0.1
0
0
0.1
0
0.1
0
0
0
0.1
0.1
0
0.2
0
0.3
0
0.1
0.2
0.3
0
0.1
0
0.1
0
0
0.2
0.3
0
0.1
0
0
0
0
0.5
0
0
0
0
0.1
0
0.2
0
0
0
0
0.2
0.5
0
0
0
0
0.4
0.1
0
0.1
0
0
0
0.1
0.1
0
0
0
0.2
0
0.4
0.1
0.2
0.1
0.1
0
0
0
0
0.1
0
0.3
0
0.1
0
0
0
0
0.1
0
0
0.2
0
0
0
0
0.1
0
0.1
0
0
0
0
0
0.2
0.1
0
0
0
0
0
0.1
0.1
0
0.1
0
0
0
0.1
0
0.2
0.1
0.1
0
0
0.1
0.2
0
0.2
0.1
0
0
0.2
0.3
0.4
0
0
0
0
0.2
0.1
0
0.1
0
0
0
0
0.1
0
0
0
0
0
0.1
0
0
0
0
0
0.2
0.7
0
0
0.1
0
0.1
0
0
0.2
0
0.1
0
0
0
0
0
0
0
0.2
0
0
0.3
0.1
0.1
0.2
0.3
0.1
0.2
0.2
0
0
0
0.2
0
0
0.1
0
0
0
0
0
0
0.1
0
0
0
0
0
0
0
0
0.1
0.1
0.1
0
0
0.1
0
0
0.1
0
0
0.3
0
0.1
0
0
0.1
0
0
0
0.1
0
0
0
0
0
0
0.7
0
0
0.2
0.2
0
0
0.2
0
0
0
0.1
0
0
0
0
0
0.4
0
0
0
0
0
0
0
0.1
0.2
0
0
0
0.1
0
0
0
0
0.1
0
0
0
0
0
0
0.1
0
0
0.1
0.7
0
0.1
0.1
0
0
0.2
0
0
0
0.1
0
0.1
0
0
0.3
0
0
0
0.3
0.2
0.3
0.2
0.1
0
0
0.1
0
0
0
0.1
0
0
0
0.1
0
0.4
0.1
0
0
0.3
0.1
0
0
0
0.2
0.1
0
0
0
0.1
0
0
0
0
0
0
0
0
0
0
0
0
0
0
0
0.1
0.1
0.3
0
0
0
0.1
0.2
0
0
0.2
0.5
0
0.1
0.1
0
0
0.2
0
0
0
0
0.4
0.2
0.2
0.2
0.1
0.4
0.1
0
0
0
0.1
0.2
0.1
0
0.2
0
0
0
0
0
0
0.3
0.1
0
0.1
1.1
0
0
0
0
0
0.5
0.4
0
0.2
0
0
0
0
0
0.2
0
0.4
0.1
0
0.3
0.6
0
0
0
0.1
0.2
0
0
0.1
0
0
0.1
0
0
0
0.2
0.1
0
0.2
0
0.1
0.2
0
0
0
0.8
0.2
0.1
0
0
0
0
0.1
0.1
0
0
0.3
0.2
0
0
0.1
0
0.1
0.1
0
0.2
0.3
0
0
0
0.1
0
0.1
0
0.2
0.1
0
0.1
0.3
0.2
0.3
0
0.1
0
0.1
0
0.1
1.224
1.224
0
0
0
0
0
0
0.1
0
0.3
0
0
0.1
0.5
0
1.2
0
0
0
0
0
1.324
0
0
0.1
0.1
0
0
0
0
0
0
2.624
1.324
0
0
0.3
0.1
0.4
0.3
0
0.6
0.2
0
1.12
0
0.1
0
0
0
0
0.1
0
0
0
0
0.1
0
0.2
0.2
0
0
0.1
0
0
0
0
1.02
0.1
0
0.3
0
0
0.1
0
0
0
0
0.5
1.324
0
0.3
0
0
0
0
1.224
1.224
1.224
1.224
1.424
1.324
1.224
1.224
1.224
1.224
1.324
0
0
1.224
0
0
0
0
1.4
0.1
0.1
2.944
0.2
2.744
