1.5
1.1
6.648
2.424
3.348
0.4
0.2
0
0.3
0
0.3
1.324
0.6
2.8
2.2
0.1
0
0
0
0.1
1.424
2.024
0
0
0.9
0.1
0.4
2.024
2.648
1.324
0.1
2.548
5.8
0.1
0.2
0.8
0.1
0.1
0.2
2
0.2
5.024
0.1
0.2
0.3
1.224
1.4
1.5
0.7
1.924
1.324
0
2.924
0.2
0.2
0.3
0.2
0.4
0.2
3.824
4.6
0.9
0.3
1.8
1.1
0.3
0.3
0.2
1.824
4.6
1.1
2.924
0.2
0.3
7.624
2
0
0.7
0
0
4.924
0.1
1.524
0.3
0.1
0
0
0
0
2.9
0
0.5
0.4
0
0
1.624
1.824
0
0.3
0
0.2
2.4
1.9
0.2
0
0.5
0.1
3.3
0.3
0.2
1
0.1
0.1
1.324
0.2
0.9
0.3
0.4
0.2
0.1
8.2
0.4
0.3
1.1
0.2
0.1
0.5
1.424
0
2.424
0.9
0.3
0.5
0
2.024
2.1
1.724
1.524
2.424
1.8
0.2
0.3
0
2.324
0.1
0.1
1.824
0.2
0.2
0
1.324
0.5
0.7
0.1
2.3
1
0.6
0.7
1.7
0.4
0.1
0.1
0
0
0.5
0.3
0.1
0.3
0.6
6
0.3
2
1.324
0
1.324
2.724
0.4
0
1.724
0.8
0.4
2.124
0.3
1.424
1.7
3.424
3.624
1.624
0.1
1.624
0.6
2.124
0.5
2.724
1.624
1.824
1.224
0.5
1.224
2.3
1
0
0
0.9
4.7
0
0.2
2.424
1.924
0.1
1.424
0.7
1.5
0
0
7.8
0.3
3.8
0
0
0.1
1.524
6.648
2.848
2.548
3.648
2.448
2.448
4.048
2.448
3.048
2.448
1.424
0
1.624
0.2
11.924
1.424
0
2.124
0
3.924
2.024
1.224
0.1
0
0
0.1
1.224
2.8
0.1
0.2
0.2
0
0.2
1.324
0.1
1.5
1.924
2.124
1.624
0
0.4
2.1
1.224
0
2.4
1.224
0.1
1.224
0
0.4
0.1
1.624
2.3
0
1.324
0.1
1.324
0
1.224
1.324
3.648
2.448
4.148
0.1
1.224
1.324
1.524
1.524
1.224
2.548
0
4.7
0
0.1
0.1
0.4
0.6
0.1
0.5
0.1
1
0.9
0.3
0
0.9
1.6
0
0.9
0.6
0
1.624
0
0
1.824
0
1.724
0
2.124
0.1
0.4
1.5
0.7
1
0
0
0.1
0.1
0
4.1
0.1
0
2.024
1.524
0
0.1
0.1
4.1
0
0
1.324
5.8
0.4
2
2.824
1.824
1.624
2.1
0.2
1.524
0.5
3
7.2
0
0.5
0
0.2
0.1
2.724
1.624
0
1.224
1.324
1.224
0.1
0.1
1.224
0.4
1.324
1.224
1.424
0.3
1.424
0.1
0.1
3.4
0
0.2
0.7
1.824
5.424
1.324
0
1.224
2.024
2.948
4.448
1.324
1.324
1.224
2.948
6.124
1.424
2.224
1.224
0
2.224
1.224
1.224
2.748
2.448
1.224
4.148
2.548
2.448
2.748
2.448
3.648
2.748
5.024
4.448
1.624
1.324
1.524
1.824
1.724
1.224
2.124
1.624
2.548
2.948
4.348
2.524
1.724
2.848
1.224
2.548
3.848
4.048
1.724
1.624
2.548
1.724
3.848
1.924
1.324
3.324
2.948
2.324
2.448
1.824
1.224
1.524
1.424
2.448
1.224
2.448
3.548
3.048
1.424
1.224
1.224
3.848
1.424
1.424
2.424
1.524
1.424
5.448
2.948
2.748
2.448
2.524
2.548
1.624
2.224
26.248
2.824
1.224
5.048
5.424
1.224
1.724
3.448
4.648
3.324
1.224
2.824
3.224
2.448
1.224
1.224
2.124
1.724
1.424
2.548
2.324
1.524
2.448
1.424
1.224
2.648
2.848
1.424
1.224
1.224
2.548
4.048
2.448
1.424
3.248
2.324
1.324
1.624
2.548
2.948
3.024
1.324
1.224
1.324
3.548
2.848
2.448
2.748
2.648
1.624
2.648
2.548
1.224
5.524
2.548
1.224
2.448
1.224
5.148
4.848
2.448
1.324
1.224
2.548
3.948
4.948
3.048
1.324
2.648
1.324
1.624
2.548
2.324
2.524
2.548
1.624
1.424
1.724
3.248
4.248
3.648
2.648
1.224
1.224
1.524
2.648
3.248
1.424
1.424
2.548
3.948
2.548
1.224
1.824
1.524
1.324
1.224
2.124
2.448
2.524
2.848
2.748
2.748
2.448
1.724
2.448
1.424
2.948
1.224
1.424
2.448
2.548
4.324
4.348
1.324
2.548
1.324
1.624
2.648
2.448
1.324
1.424
2.948
2.648
2.548
1.224
2.424
1.324
1.224
2.748
2.948
1.424
2.448
1.324
1.324
1.324
1.224
2.448
1.524
3.324
3.248
1.324
1.224
1.424
1.624
4.848
1.324
1.324
3.424
1.724
1.224
5.624
2.948
2.448
1.524
1.224
2.124
2.848
1.224
1.824
3.948
3.148
1.324
1.424
2.848
1.424
2.548
2.548
1.424
2.448
1.424
1.324
2.548
2.024
2.948
1.224
1.224
3.148
1.224
1.624
2.724
1.224
2.748
1.224
1.324
1.324
2.724
3.248
2.548
2.848
2.548
1.224
1.824
7.648
1.524
4.248
2.548
1.424
2.548
1.224
1.424
2.648
1.224
2.448
2.548
3.048
2.848
3.948
1.224
2.448
3.048
3.648
4.648
1.224
1.624
3.324
1.224
2.548
1.424
2.548
3.248
2.448
1.624
3.748
1.324
1.324
1.724
2.948
1.524
1.324
2.124
2.448
2.448
2.448
2.648
1.324
2.024
2.548
2.024
1.424
3.848
3.548
1.324
2.848
1.224
2.648
1.524
1.224
1.324
1.324
4.248
2.648
1.224
1.624
3.448
3.348
1.324
1.324
1.424
1.224
1.224
2.448
2.024
6.424
2.648
1.524
2.748
1.224
2.748
2.548
2.548
3.348
1.424
3.248
1.724
4.548
2.424
2.448
3.248
2.548
2.448
3.248
1.224
1.724
3.048
2.024
2.548
2.748
2.748
2.548
7.924
5.048
1.724
2.024
1.724
2.748
2.448
1.224
2.548
2.548
1.224
2.748
1.424
4.648
2.648
1.224
1.224
1.224
1.224
2.548
2.848
2.548
1.324
2.548
2.448
3.048
1.324
1.224
2.548
2.748
2.224
1.324
2.024
3.424
2.748
2.748
1.324
2.124
1.424
2.748
1.324
2.024
6.624
2.748
1.224
2.648
2.848
2.548
1.224
2.724
1.224
2.948
2.848
1.224
3.948
2.448
2.548
3.048
1.224
1.324
2.548
2.448
2.648
1.424
3.048
2.548
1.324
2.648
1.324
1.624
1.224
1.524
2.948
1.224
1.224
2.848
2.448
1.424
2.648
1.224
1.324
1.424
1.224
1.224
1.724
1.224
3.348
2.748
2.648
2.648
1.424
1.224
1.324
2.648
1.224
4.548
2.548
1.324
2.548
5.248
1.524
1.424
2.648
2.648
2.548
2.648
1.524
3.948
2.524
1.224
6.348
1.424
2.648
2.448
1.324
2.848
2.548
2.648
4.748
3.424
1.324
1.524
2.748
1.224
2.548
3.148
1.624
2.548
2.648
1.324
2.224
1.424
2.748
2.948
2.448
1.724
1.224
1.424
1.324
1.224
1.324
2.848
1.524
1.224
1.624
1.724
1.224
1.524
3.124
3.648
3.248
1.224
1.624
1.324
2.448
1.224
3.348
2.448
2.124
3.548
2.548
1.624
1.524
1.224
3.948
5.248
3.348
2.448
1.324
2.548
2.748
2.648
6.748
1.424
4.948
4.048
4.048
1.824
3.148
2.448
3.424
3.048
2.848
2.648
2.448
2.548
2.448
2.748
2.648
2.648
2.548
2.848
2.848
2.648
3.348
5.024
1.324
3.948
1.224
1.324
1.224
1.424
1.424
1.624
4.848
2.648
2.948
2.748
2.124
1.224
1.224
2.748
2.648
3.148
1.424
2.124
1.824
2.748
4.348
2.748
2.448
2.948
2.648
2.224
2.548
2.548
1.224
2.748
1.524
2.648
4.048
3.048
2.848
3.048
2.648
5.948
4.148
1.224
1.224
3.748
1.9
0
1.524
5.924
2.424
1.2
1.224
0
1.224
0.4
2.924
1.824
0
1.224
0
4.2
0
3.2
0.2
1.224
2.448
4.224
1.224
1
0
0.6
1.724
0
2.6
2.124
0
0
1.324
0
0
0.2
0
5.8
1.524
1
1.424
0.1
0.2
2.724
0
0
0
1.324
1.324
0.1
1.4
0.9
1
1.424
0
0.3
0
1.624
1.524
2.224
10.824
0.4
1.524
0.7
1.524
3.4
0.7
0.2
0.1
4.924
1.524
0.3
0.1
0
1.324
1.224
3.024
1.624
2.2
0
0.5
0
0.1
0.1
0.4
0.2
1.524
1.5
1.724
2.224
0.1
2.124
1.224
1.324
0.4
2.524
1.524
1.524
0.1
0.2
1.824
1.924
2.024
0
1.324
1.324
0.2
0
4.124
1.524
1.524
0
2.324
0.2
3.824
0.3
1.324
1.324
0.5
0.3
0.1
0
0.3
0.6
2
1.924
1.324
1.624
0
2.524
1.324
1.624
1.424
0
0.2
1.724
1.9
1.524
1.324
3.224
1.324
1.524
1.824
1
1.324
1.524
0.5
1.224
0
0.2
0.6
0.4
1.724
1.924
0.5
0
0.1
1.324
0
1.624
0.1
1.224
1
0.1
1.224
0.2
0.9
1.724
0
1.824
1.224
2.824
2.624
1
1.224
3.4
0
0.1
1.524
3.024
2.124
1
1.424
3.4
0.7
0.1
0.1
0.3
0.3
0.9
0.6
1.424
1.424
1.324
0
2.324
2.124
0
1.424
1.224
0
1.624
2.1
1.224
1.4
0
1.624
0.3
0.8
2.124
2.224
1.924
1.824
1.924
1.524
8
1.324
0.1
1.824
0
2.124
1.224
0.8
0.5
0.3
1.2
0.1
0
1.224
2.124
1.424
1.324
2.824
0.1
2.924
1.5
1.224
1.224
0.4
1.224
1.224
0.1
0.2
1.924
0.2
1.224
1.424
1.524
2.024
2.024
1.3
2.124
1.4
1.724
0.2
0
0.2
1.324
5.5
1.9
0.2
0.1
0.3
0
1.524
1.824
0.3
2.224
2.524
0
0.1
0.3
0.5
0.9
1.324
0.2
1.824
0
0.6
3.4
0
1.724
1.324
0.1
1.524
2.824
1.324
1.224
1.524
0.2
1.724
1.224
1.524
2.424
2.024
2.324
1.724
1.324
1.824
0.2
1.224
0.5
0.1
1.424
1.224
1.724
1.3
0.1
0.2
0.1
1.4
0
0.2
2.524
1
1.324
1
1.524
0.9
0
1.224
4.224
0.7
0
0
1.324
0.2
1.424
1.324
2.924
0.5
1.624
0
2.124
0.2
1.224
1.3
0.2
1.624
1.224
1.424
1.724
2.6
1.624
0.1
0
0.1
2.424
1.424
1.224
0.8
1.324
1.424
0.7
1.1
0.9
0
0.1
1.324
2.324
0.3
0.9
1.824
1.2
0
0.2
0.3
1.624
0
0.1
2.124
1.324
2.224
1.524
0.4
0
1.224
1.224
1.824
0.7
0.7
1.624
1.2
0
1.224
0
1.324
0.5
1.224
0
1.224
1.524
1.324
1.224
1.224
0.6
2.724
0.1
0.1
1.724
1.324
0
1.324
0.7
0.1
1.4
0.2
0.4
0
2.224
0.4
2.424
2.024
2.424
0
1.724
0.4
0.9
0
1.824
0.3
2.224
1.224
2.2
2.324
1.9
0.3
0
2.124
1.324
1
0.1
1.324
2.624
0.1
0.2
1.224
0
0.3
0.3
0.6
0
1.424
1.324
0.4
0
1.224
1.424
1.424
0.2
2.024
6.524
2.924
0.9
2.224
0
0.2
2.424
1.3
0.4
1.524
1.524
1.724
0
2.024
1.624
0.5
1.524
0.1
2.9
0.3
1.224
0.2
0.2
1.624
1.2
1
1.524
1.2
1.924
0
1.624
1.224
2.724
0
1.424
2.624
1.524
1.424
0.3
1.324
0
3.024
1.424
0
1.524
0.1
0.2
1.324
0
1.224
0
0.2
1.2
1.8
1.324
0.1
0.2
1.224
0.3
1.424
0.2
1.224
3.2
1.524
0.4
0.3
1.224
0.1
0.3
1.224
0
2.024
0.3
0.4
0
0.1
0.2
1.224
5.1
0
0
2.924
2
1.224
0
0.1
1.624
0.2
1.224
1.324
0.2
0
0
0.2
1.724
3.724
1.224
0.3
1.224
0
1.324
0.3
1.224
1.524
2.124
1.224
0.1
1.224
2.824
2.024
0.1
0.1
1.324
1.824
0.1
0.1
0.2
0.2
0.2
1.224
1.424
0.6
1.224
1.3
4.724
0.6
2.424
0.2
1.524
1.324
0.2
0.5
1.524
1.224
1.524
0.1
1.224
0.4
0
1.6
2.224
1.324
0
0.9
2.224
2.224
1.1
1.224
0
0
0.4
1.924
2.124
1.624
1.624
1.324
0
0.1
0.6
0.2
2.424
0.1
0
0.2
0.8
1.724
2.824
2.924
1.324
1.424
1.524
1.224
1.224
0
1.624
0
0
0.7
0
1.224
1.224
0.1
1.524
0.1
0
1.224
1.224
0.2
1.224
0
2.124
0.5
4.6
0.6
1.2
0.2
0.5
5.324
1.324
0
0.2
4.424
1.224
0.2
1.724
2.424
1.424
0.3
0.4
0.2
0.3
0.9
2.724
0.6
1.1
0.9
0.1
3.2
1.524
0.1
1.324
0
2.024
1.924
1.524
0.5
0.2
0.1
0
1.724
1.424
0.1
1.624
0.8
1.924
1.324
1.324
5.4
1.624
1.424
0.3
0.3
2.2
2.4
1.8
0
2.424
1.424
0
2.124
0.3
1.2
1.1
0.7
2.524
0.6
1.424
1.824
6.524
1.424
2.024
1.224
0
2.224
0
2.524
1.324
0.1
1.424
2.524
1.524
2.324
0
1.724
2.124
0.7
1.424
0.5
1.624
1.2
1.724
0
0.2
3.424
2.224
0
0.3
0.2
1.224
1.424
1.624
3.324
1.524
1.724
2.824
2.4
0
0
1.424
1.924
3.324
0.1
0.2
2.024
2.7
0
0.3
1.424
0.9
0.4
1.724
0.2
4.724
2.224
1.624
2.024
2.324
2.824
3.224
0.2
3.224
0
2.424
1.824
2.924
2.548
2.648
0
1.324
0.1
2.724
0
0.1
0.5
0.2
1.9
0.1
1.224
0.4
2.4
0
5.9
0.4
1.424
0
0.1
0
1.424
0
0.1
1.3
1.524
0.5
0
0.1
1.524
0
0
9.624
1.824
1.224
0
3.624
2.224
5.9
6.024
0
4.1
2.424
1.424
0.1
1.324
1.224
0.3
0.8
0.1
0.3
0.2
0
0.6
0
0.1
0.2
1.424
0.9
0.8
1.524
0.4
2.224
0
0.8
0.2
0.3
0
0.4
0.1
2.3
1.424
1.424
0.2
0
1.224
1.224
0.4
4.324
1.324
1.624
3.324
0
0
1.224
0.3
2.548
2.548
3.748
2.848
1.624
2.124
2.848
2.948
2.448
1.424
3.248
0.4
1.224
1.224
1.624
0
0
1.1
8
0.9
0.5
4.024
4.2
2.924
