2.224
0.4
3.224
2.024
1.524
1.836
0.1
0
0.3
0
0.1
0.1
0.1
1.3
0.8
0
0
0
0
0.2
1.936
2.036
0
0
0.2
0.2
1.624
1.324
1.424
1.324
0
1.224
1.7
0.1
0.1
0.2
0
0
0
0.5
0.1
5.16
0
0.3
0
0
1.424
0.7
0.1
0.1
0
0.2
0.2
0.2
0.1
0
0.1
0
0
0.3
1.4
0.3
0.1
0.7
3.76
0.2
0
0
0.6
1.1
0.1
0.6
0.1
1.836
5.86
0.9
0
0.2
0
0
0.7
0
0
0.1
0
0
0
0
0
1
0
0.3
1.324
0
0
0.3
0.5
0.1
0.3
0
0.1
0.6
0.7
0
1.224
0
1.224
1.4
0.3
0.1
1.624
1.224
0.1
0
0
2.536
1.224
0
0
0
2.7
0
0
0.3
0
0
0
0.1
0
0.9
1.624
0
0.3
0
3.36
0.7
0.2
0
0.3
1.524
0.2
0.1
0.1
0.2
0
0
0.2
0.5
0.1
0
0
0
0.3
1.324
0.1
0.5
1.724
0.1
2.024
0.1
0.1
0
0
1.224
1.524
0
0.1
0.1
1.224
2.8
0
0.7
1.224
0
1.324
0.9
0.2
0.1
1.936
0.4
0.2
0.8
0
0.2
1.424
0.7
0.9
0.2
0
0
0.4
0.2
0.2
0.8
0.2
0.3
0.1
1.424
1.324
0.3
2.136
0
1.224
0.4
1.8
0
0
0.4
0
0
0
0.3
0.6
0
1.836
4.424
0
3.76
0
1.836
0
0.1
2.324
1.224
1.224
1.724
1.224
1.224
1.924
1.224
1.624
1.224
0.1
1.836
0.1
0
1.6
1.936
3.06
0.2
1.836
0.6
2.036
1.224
1.224
0
1.224
0
0
1.2
0
0
0.2
0
0
0
1.836
0.3
0.1
0.1
0.3
0
0
0.6
0
0
0.5
0
0
0
0
0.2
0.2
0.1
0.8
0
0.1
0.1
1.224
1.224
2.448
1.224
1.724
1.224
1.624
0
0.1
0
0.1
1.836
1.836
1.224
0
0.8
0
1.324
0.1
1.224
0.1
1.224
0.2
1.224
0.1
0.4
0
0
0.1
0.8
0
0.6
0.3
0
0
0
0
0
0
1.224
0
1.724
1.224
0.2
1.724
1.524
0.2
0
0.1
0
0.1
0
1.3
0.1
0
2.036
1.936
0
0
0
2.624
0.1
1.324
0
1.8
1.524
0.6
0.5
0.1
0.2
1.824
1.324
1.224
1.824
0.7
3.824
0
1.836
0
1.324
0.1
0.5
0.2
0.2
0.1
0
0.1
0.2
0
0
1.836
0.1
0
0
0.2
0
0.1
0
0.6
0
0
0.1
0.1
0.9
1.224
0
1.224
1.524
1.224
1.724
1.524
1.224
1.524
1.224
3.624
1.324
1.724
0
1.936
1.324
1.224
1.224
1.324
3.56
1.224
1.524
1.224
3.06
1.224
1.224
1.424
1.224
2.424
1.524
1.324
3.06
1.624
1.224
1.424
1.224
2.548
1.524
3.16
3.06
1.424
1.924
2.548
1.424
3.16
1.324
1.624
1.424
1.324
2.548
1.224
1.624
2.124
1.724
1.224
3.148
1.324
2.648
1.224
4.384
1.224
2.548
1.524
3.06
1.224
1.224
1.324
3.26
1.524
3.06
1.224
1.924
1.324
1.224
3.16
1.324
2.448
2.724
1.524
1.324
1.224
2.024
1.324
1.324
1.724
2.824
13.604
1.224
1.824
1.724
1.324
1.324
1.824
1.824
1.524
3.06
1.724
1.424
1.224
1.324
1.224
1.224
1.324
1.224
1.224
1.824
1.524
1.224
1.324
1.224
3.56
1.524
1.224
3.06
1.224
1.324
1.624
1.324
3.16
1.224
1.724
2.448
1.324
1.324
3.06
2.024
1.224
1.224
1.224
1.524
1.324
3.06
1.224
1.524
3.16
1.324
1.324
1.224
4.148
1.224
1.224
1.224
1.224
1.624
1.924
1.224
3.06
1.224
1.324
1.824
1.524
1.224
1.424
1.224
2.548
1.624
1.324
1.624
1.824
1.224
1.524
1.224
1.224
1.324
1.724
3.56
1.224
1.224
1.224
1.224
1.324
1.224
1.224
3.16
1.324
1.924
1.424
1.324
1.424
1.524
1.224
1.224
2.648
3.06
3.76
2.024
3.16
1.224
1.224
1.424
1.224
1.324
1.324
3.06
1.224
1.224
1.224
2.824
1.724
1.224
1.224
1.224
1.224
3.16
1.224
1.224
1.324
1.224
1.724
1.224
4.284
1.724
1.424
1.224
1.224
1.224
3.26
1.224
1.224
1.224
1.524
1.224
1.224
1.224
5.684
1.424
1.424
1.224
1.224
1.424
2.124
3.26
1.224
1.824
1.324
1.324
2.724
1.424
1.224
1.324
1.224
1.424
1.424
1.224
1.424
1.424
1.524
1.224
1.424
1.324
1.224
3.06
1.224
1.224
3.36
1.324
1.324
1.224
1.224
1.324
3.06
1.224
2.748
1.224
2.448
1.824
1.224
1.324
2.448
1.224
1.324
1.624
1.724
1.224
3.36
1.424
1.224
1.524
2.224
1.324
1.724
3.06
3.06
1.324
1.224
1.424
1.524
1.224
1.224
1.424
1.424
1.524
1.424
1.224
1.224
1.524
1.524
1.524
1.224
1.424
3.76
1.224
1.224
1.324
1.224
1.324
1.224
1.224
1.624
3.16
1.324
1.324
1.224
1.224
1.224
1.724
1.224
1.224
1.224
1.424
1.224
1.324
2.448
3.26
1.424
1.424
3.06
1.324
1.424
1.324
1.324
1.224
1.224
2.648
1.224
1.524
1.324
1.324
1.324
1.524
1.424
1.224
1.324
1.224
3.16
1.224
1.224
1.324
6.384
1.224
1.424
1.424
1.324
3.16
1.324
3.06
1.724
1.224
2.848
1.224
1.524
3.048
1.324
1.324
1.224
1.324
1.424
1.224
1.524
1.324
1.524
1.224
1.324
1.224
1.224
3.124
2.624
1.324
2.548
1.324
1.324
1.224
1.224
1.224
3.06
1.224
3.26
3.26
1.624
1.624
1.224
1.224
1.224
1.224
1.224
1.324
1.224
1.224
1.224
1.224
1.524
1.424
1.224
3.16
1.424
1.924
1.224
1.224
1.924
3.36
1.424
1.224
1.424
1.224
2.548
3.06
1.324
2.024
3.16
2.548
3.06
1.224
1.224
3.06
2.948
1.224
1.524
1.224
2.448
2.848
1.224
1.224
1.224
1.324
1.224
1.224
1.224
1.624
1.424
3.06
1.224
3.06
3.16
1.424
1.324
2.448
1.324
1.224
1.224
1.224
1.224
3.06
1.324
3.16
1.324
1.324
1.524
1.224
1.224
1.424
1.224
1.324
1.224
1.224
1.224
1.224
3.06
1.224
1.324
1.224
1.424
1.424
1.224
1.424
1.824
2.648
1.324
1.224
1.424
3.36
1.324
1.224
2.024
1.424
2.448
2.024
2.548
2.448
2.448
1.224
1.224
3.26
1.224
2.124
2.624
1.324
1.424
3.06
1.224
1.324
1.324
3.16
1.424
1.224
1.224
2.548
1.224
1.224
1.524
1.224
1.324
1.224
1.224
1.224
1.224
1.224
1.324
1.324
1.324
1.224
1.224
1.224
1.624
1.724
1.424
1.424
1.224
1.624
1.224
1.224
1.224
1.824
1.224
1.624
4.584
3.06
3.36
3.36
1.224
1.624
2.024
1.424
1.224
1.324
1.224
3.36
1.324
3.648
1.324
2.424
1.524
1.624
1.224
1.324
1.224
2.024
1.224
1.624
1.324
3.26
3.06
3.06
1.424
1.324
1.224
1.224
1.324
1.624
1.324
1.524
1.624
1.224
1.324
1.224
1.324
2.448
1.224
1.324
1.424
3.26
1.424
3.46
1.324
2.324
1.324
1.224
3.06
1.324
3.06
3.06
3.76
3.36
1.224
1.824
4.584
3.26
3.16
3.06
1.324
3.16
1.224
2.448
1.324
1.224
1.224
1.724
1.324
1.424
1.324
1.324
1.924
1.324
1.224
1.224
1.924
0.2
0
0.5
1.9
0.6
2.236
0.1
0
0
0.3
0.9
0.5
0
1.836
0
1.4
1.836
2.124
0.2
0.1
1.224
0.8
0
0.6
0
3.26
0.1
0.3
0.9
0.2
0
0
0
0
0
0
0
1.6
0
0.4
0
1.324
1.224
0.2
0
0
0
0.1
0
0.1
0.4
1.524
0.3
0.1
0.1
0.1
0
0
0.1
0.2
3.8
1.224
0.1
1.424
0.3
1.1
0.1
0.2
1.424
1.1
0.1
0.1
0.1
1.836
0.1
0
0.8
0.1
1.1
1.224
0.3
1.936
0
0.1
0.1
0
0
0.4
0.1
0.1
0
1.624
0.1
0.1
0.3
0.4
0
0
0
1.524
0.1
0.2
0.3
0
0
0
0.2
3.06
1.1
0.1
0
0
0.2
1.324
1.3
0.1
0
0
0.3
2.036
0.1
0.1
1.224
1.324
0.5
0.2
0.1
0
0
0.5
0.1
0
0.1
0.1
1.424
0
1.924
2.036
0
0.5
0.3
0
0
0.7
0.1
0
0.1
0.1
0
1.224
0.1
0
0.1
3.26
0.2
0
1.224
0
1.224
0
0
0
0.5
0.1
0
1.324
0.5
0.1
0.1
0.1
1.324
0.4
0.6
1.824
0
1.6
0
1.324
0.1
0.4
0.2
0.3
0.1
1.1
0.4
0
0.1
0.1
1.224
2.124
0.4
0.1
0
0
0
0.1
0.1
0
0
0
1.224
0.1
2.224
0
1
0
0.3
0
0.2
0.5
0.2
0.6
0.1
0
0
1.4
0
0
1.324
1.224
0.2
0
0
0
0.3
1.924
0.3
0
0
0.3
1.224
0.1
0.7
0
0.5
0.3
0
0
1.324
1.836
0
0
0
1.836
0
0
0.1
0
0.2
0.3
0.4
0.1
0.3
0.1
0.1
0
0.1
0.1
2.5
1
0
0.1
1.836
0
0
0.1
0.1
0.3
0.4
0
1.224
0.3
0.1
0.3
1.524
0
0.3
0
2.536
1.3
0
0.2
0
0
1.224
0.4
0
0
0.1
0.1
0.3
0
0.1
0.5
0.3
0.6
0.2
3.26
0.2
0.3
0
2.136
0
0.1
0
0.2
0.3
1.324
0
0
0.9
0
0
1.1
0.6
0.1
0.5
0
3.56
0
0
1.4
0.1
0.1
1.224
1.324
0
0.1
0
0.5
0
0.2
0
0.2
0.3
0
0.6
0
0
0
0
0.2
1.1
0
0.1
0
0.1
0.4
0.1
0
0.2
0
1.836
0
0.5
0.3
0
0.1
2.036
0.1
0.1
0.4
0.2
0.4
0
0.2
0.1
0
1.324
0
0.1
0.1
0.5
0
1.324
0
0
0
0.1
2.036
0.1
0
1.2
0.1
0
0
0.2
0.2
0
0.1
0
0.1
0
0
0
0.2
0.4
0
0.1
0.1
0.2
0
0.1
0.2
0
0.4
0.1
2.136
0
0.2
1.224
2.536
0.4
1.424
0
0.1
0.2
0.7
0.1
0.1
2.436
0
0
0.5
0.6
0.7
0
1.224
1.424
0.1
0.3
0
0
0.2
0
0.2
0
1.836
1.424
0.2
1.324
1.224
0.1
0.2
0.4
0
0
0.1
0
2.236
0.3
1.8
0.4
0
0.2
1.224
0
0.1
0.4
0.4
0
0.2
0.1
0
2.336
0.3
0
0
0
2.224
1.324
0
2.036
0.3
0.1
0.6
1.524
0
1.724
0.3
0.2
0
0
0.8
0
0
0.1
0.2
0.2
0
0
0
0.6
3.06
2.036
0
0.1
1.224
0
0
0
0
0.1
0.9
1.3
0.2
0
0.1
1.224
0
0
0
0
2.824
0.2
0.1
0.1
0.2
0.2
0
0
0.1
0.3
0.2
0.1
0.1
0
0.1
0
2.924
1.324
0
0.6
0.5
0
1.224
0.2
0
0
0
0.1
0.3
0.1
0
0
0.1
2.636
0
0
0
0
0.1
0
0
0.2
0.2
0
1.324
0
0.6
0.1
0.1
0
0.1
0.3
1.224
0
0
0
1.224
0
0.2
0.6
0
0.5
1.8
0.1
0.1
0.3
1.836
0.1
0.4
0
3.06
0
0
0.1
0
0.2
0.3
0.4
0.3
1.836
0.1
0.4
0
0.3
0.4
0.1
0
0
0
0.2
0.5
0.1
0
0
1.224
0.1
1.624
1.224
0.6
0.1
0
0.1
0.7
0.1
0.6
1.524
0.3
0.1
0.1
0
0.1
0
0.3
0
0.1
0
0
0
0
0
0.4
0.2
0
0
0
1.224
0
0
0.2
0.1
1.5
0.2
0.5
0
0.5
1
0
1.224
0
1.3
0
0.1
0.3
0.2
1.836
0.1
2.136
0.2
0
0.2
0.5
0.7
0.2
0.5
0.2
1.1
0
0
0.2
0
0.8
2.236
1.224
0.1
2.236
0
0
0
0
0.1
0.1
0.3
0.3
0
3.16
3
0.2
0
1.224
0
1
1
1
1.224
2.436
0.1
0
0.2
0.1
2.124
0.9
0.1
0.4
1.936
0
0.1
2.924
0.1
0
0
1.836
0.4
0.1
1.824
1.224
0.1
0
0.2
0
0.6
0
0.2
0.3
0.5
0.4
0.3
0
0.4
0.1
3.06
0.1
0.5
0.4
0.1
0
0
0
0.1
1.324
0.7
0
0.2
2.036
1.7
3.06
0
0
0.7
0.4
0
0
0.2
1.3
0
1.324
0.2
2.024
0.1
0.2
0
1
0.3
0
0.4
0.5
0.6
0.8
1.324
0.4
0
2.236
0.1
0.4
1.224
1.224
0
1.836
0
1.524
1.936
0.1
0.2
0.1
0.3
0.1
0.1
0.2
0.7
0
5.124
0.2
0.1
0
0.1
0
1.224
1.224
1.936
0.6
1.224
0.4
1.224
0
0
1.936
0
5.16
1.324
0
1.836
0.7
0.3
2.2
0.8
0
3.224
0.5
1.936
0.1
0.1
0.1
0
0.1
0
1.936
1.836
0
0.4
0
1.936
2.036
0
0.4
0.3
0
0.2
0.2
0.2
0.1
0
0.1
0
1.424
1.324
0.3
0
0
1.224
0
0.2
1.324
1.524
0.8
2.548
0.5
0.4
0
1.224
0
0
1.224
1.324
1.524
1.524
2.648
2.848
1.224
1.224
1.324
1.224
1.524
0.1
0.1
3.06
0
0
0
0.3
4.324
1.524
0.2
1.824
0.4
1.724
