2.024
0.7
3.124
2.824
1.224
0.3
0.1
0
1.324
0
1.624
0
0.5
2.2
1.8
0
0
0
0
0.2
0
0.4
0
0
2.024
0.2
0.3
1.524
1.224
1.224
0.3
1.224
7.324
2.548
0.3
3.324
1.324
1.224
0.2
1.724
1.424
1.7
0
0
0.1
0
0.4
0.6
1.624
1.824
0.1
0
2.124
0.1
0
0.1
1.424
0
1.224
1.1
4.7
1.5
0.1
1.9
1.7
1.824
0.2
0.3
0.2
3.8
1.924
2.524
1.624
1.424
5.3
2.324
1.324
0.4
0
1.224
1.1
0
0
0.1
0.1
0
0
0
0.1
2.4
1.224
0
0.1
0
0
1.824
1.924
1.524
2.444
0
0.2
1.1
2.1
1.224
0.1
1.324
1.224
1.9
0.3
2.648
2.024
0.3
1.224
0.1
0.1
0.6
1.424
0
1.224
1.224
7.1
0
0.3
1.924
0.4
2.448
1.524
0.1
1.424
0.6
2.324
0.2
0.3
1.324
0.4
0.9
0.3
0.1
0.4
0.9
1.224
0.1
0
0.2
0
0
0.1
0.6
1.324
0
0.2
1.524
1.324
1.324
2.024
2.024
0.7
0.4
3.224
0.3
1.724
0.2
1.224
0.1
0.5
0.2
0.1
1.424
0.7
5.7
1.424
1.924
0.1
1.624
0.1
0.9
0.2
1.224
0.1
1.424
1.724
1.924
0.2
0.1
1.8
0.7
0.8
0.3
0.1
0
0.5
1.524
1.424
0.7
0.3
0.3
0.1
1.624
2.448
1.5
1.724
0
0
0.7
3.724
0
1.224
1.824
0.4
1.324
0
1.424
0.7
0
1.224
7.3
1.324
4.3
0
0
0
1.224
2.924
2.548
1.224
1.524
1.224
1.224
1.624
2.448
1.824
1.224
0.2
0.1
0.1
0
4.9
0
0
0.3
0
1.6
0.9
1.324
0.1
0.1
1.324
1.224
0.2
2.5
0
0.4
0
0
0.4
0.1
0.1
2.8
0.5
0.4
0
1.224
1.524
0.7
1.224
1.224
1.9
1.224
1.224
0
1.224
1.624
1.224
0.2
4.4
0.2
0
1.224
1.324
1.224
1.224
2.448
3.148
2.448
1.724
1.624
1.224
1.224
0.2
0
0
2.448
0
4.3
0
0
1.324
0.5
0.2
1.324
0.5
1.324
0.1
0.5
0.4
0
1.8
1.824
0
1.724
0.3
0
0.1
0
0.1
0.4
1.224
0.4
0
0.1
1.324
0.3
2.624
1.3
1.5
1.324
0
1.324
0
0
3.4
0.2
1.224
0.5
0.2
0
1.324
0
5.824
1.224
0
1.324
6.824
0.5
3.224
0.7
2.748
0.1
3.2
1.424
1.624
1.624
3.4
8.3
0
0.1
1.224
0
0
2.624
1.724
0
1.224
1.224
0
0.4
0
2.448
0.2
0
0
0.1
0
0.1
0.1
0
3.224
0
0
0.1
0.3
1.1
2.448
0
1.224
1.924
2.448
3.548
2.648
1.224
1.224
2.448
5.224
1.424
2.124
0.1
0
2.848
2.448
1.224
1.224
1.324
2.448
2.848
2.548
2.548
2.448
2.448
1.624
1.224
2.924
2.524
2.748
1.424
1.324
1.924
2.548
1.224
1.624
1.424
1.224
1.324
3.448
2.424
2.948
1.524
1.324
2.548
1.924
1.824
1.324
3.448
1.624
1.424
1.524
1.824
2.548
5.748
1.624
2.748
1.224
1.524
1.324
2.848
1.324
1.324
2.448
1.224
1.824
1.424
1.524
1.424
1.324
1.724
1.424
2.448
1.524
2.448
1.424
2.524
1.524
1.424
1.324
2.224
1.424
1.324
1.624
5.424
1.724
1.224
2.224
21.112
1.224
2.848
1.924
1.524
2.824
1.224
1.624
1.824
1.224
1.224
2.448
1.624
1.424
1.324
1.224
3.748
2.124
1.224
2.648
2.448
1.324
1.624
1.524
1.224
1.224
1.224
3.148
1.224
1.324
2.224
2.224
2.448
1.224
2.648
1.224
2.424
1.224
1.224
2.548
1.224
1.224
1.224
2.448
1.424
1.324
2.448
1.324
1.224
6.324
1.224
2.448
1.324
1.224
3.348
2.324
2.448
1.424
2.448
1.224
1.724
2.024
2.448
1.324
2.748
2.448
2.948
1.324
3.248
2.024
2.548
1.724
2.848
1.524
1.424
2.024
1.824
1.324
2.448
2.448
1.524
1.424
1.224
2.448
1.624
1.224
1.924
1.224
1.224
1.624
2.748
1.324
1.224
2.424
2.448
2.948
1.624
2.748
2.648
1.224
1.324
1.224
1.224
1.424
1.224
1.224
1.224
1.324
6.948
1.824
1.224
1.224
1.224
1.224
2.648
2.448
2.548
1.224
1.424
1.524
1.324
1.324
2.524
1.324
2.448
1.424
1.224
1.324
1.224
2.548
1.224
1.624
1.224
1.324
1.724
2.324
1.424
1.224
1.224
2.648
1.324
2.224
1.424
1.224
2.424
1.424
1.224
8.688
1.724
2.448
1.424
1.424
1.824
1.324
1.224
1.524
1.524
3.972
1.224
1.224
1.224
2.648
1.424
1.224
1.224
1.324
2.648
1.324
1.224
1.524
1.624
2.448
2.448
1.724
3.772
2.548
2.124
1.224
1.524
1.224
2.548
2.548
1.824
1.424
1.324
1.524
1.224
1.224
1.424
2.424
1.524
3.148
1.224
1.424
1.224
2.448
1.424
2.648
2.448
1.224
1.324
1.424
1.224
2.124
1.224
1.224
1.324
3.048
2.024
2.448
2.548
3.648
2.448
1.324
1.224
1.224
2.024
1.224
1.724
3.048
1.224
1.224
2.448
1.524
1.424
1.224
3.048
1.224
1.224
1.324
3.872
1.224
1.724
1.224
1.724
1.424
3.148
2.224
2.648
1.224
2.448
1.224
2.648
1.224
2.548
1.324
1.324
1.424
2.448
1.624
1.424
1.424
1.224
2.448
2.548
2.448
2.548
1.324
2.748
5.924
1.324
1.324
1.224
1.224
1.224
1.224
1.224
1.624
1.324
2.548
1.324
1.924
2.124
1.224
2.748
1.324
1.224
3.672
1.224
2.648
1.824
1.924
2.448
1.324
1.424
1.224
7.624
5.572
1.724
1.924
1.724
1.424
1.224
2.448
1.324
1.224
1.324
1.424
1.324
1.824
2.848
2.448
1.224
3.468
2.448
1.224
1.424
1.324
1.324
2.648
2.648
1.524
2.548
2.448
1.224
1.224
2.224
2.548
1.824
4.224
1.724
1.424
2.448
1.624
1.224
2.548
1.424
1.624
5.824
1.324
2.448
1.224
1.224
2.548
1.224
2.724
2.448
1.624
1.524
2.448
3.048
1.224
1.224
1.424
2.448
1.224
1.224
1.324
1.624
1.324
1.524
1.224
1.524
1.424
1.324
1.424
2.448
3.772
2.648
1.224
1.224
1.524
1.324
2.648
1.424
1.224
2.548
1.424
2.448
1.224
1.624
1.324
2.948
1.424
1.224
2.548
1.224
2.448
2.548
1.224
1.224
2.948
2.448
1.224
2.548
3.648
1.524
1.324
2.448
1.224
2.748
1.724
1.324
1.824
3.048
2.448
2.424
1.224
2.648
1.224
2.548
1.424
1.224
1.224
2.724
3.548
2.448
1.524
1.224
1.224
1.424
1.424
1.224
1.424
2.748
2.448
3.448
1.224
3.672
1.624
1.224
1.424
1.424
1.324
1.224
1.324
1.224
2.548
2.648
2.448
1.724
1.324
1.324
1.624
2.924
1.424
1.224
2.448
1.924
1.224
2.448
1.224
2.848
1.224
3.048
1.424
1.224
1.624
2.748
1.224
1.824
2.924
1.424
1.224
1.324
1.224
2.548
2.548
5.848
2.548
2.624
2.848
3.148
1.324
1.424
1.224
1.824
2.648
1.324
1.524
1.224
1.224
1.224
1.524
1.224
1.524
1.224
1.524
1.424
1.224
1.624
7.424
1.224
3.248
1.224
1.224
2.448
2.548
1.424
2.124
1.624
1.524
1.724
2.448
2.424
1.224
1.224
1.224
1.224
1.524
1.224
2.524
1.424
1.224
3.148
1.324
1.324
1.924
1.424
1.724
1.424
1.324
1.224
1.224
1.224
1.224
2.224
1.524
1.324
1.724
2.648
2.624
1.524
2.448
2.548
2.024
0.5
0
0
1.3
0.7
0.9
1.324
0
0
0.2
0.6
0.6
0
0.1
0
2.7
0
4.8
0
2.448
1.224
0.9
1.324
1.7
0
0.5
0.1
1.224
2.8
0.4
1.224
1.324
0
1.224
1.324
0.1
1.224
5
0.2
1.724
1.524
1.424
0.1
1.624
0
0
0
0
0
1.324
1.1
1.3
0.2
0.1
1.224
0.2
1.324
0
0
0.4
4.9
0.4
0.3
1.624
0.2
2.6
1.424
0.3
0.1
2.924
1.324
1.3
0
1.224
0.1
1.224
2.024
1.224
2.224
0
1.424
1.424
0
1.424
0.3
0.2
0.3
1.824
1.224
0.7
0
1.524
1.324
0
0.4
0.4
0.2
0
0.1
0.2
1.324
1.324
2.848
0.1
0
1.424
1.424
1.324
2
0.2
0
0
0.3
0
1.4
0.2
0
1.224
1.424
0.1
0
1.424
0
0.1
3.4
1.624
2.448
1.224
0
1.5
0
1.424
0.1
0
0.3
0.4
1.624
1.324
0
1
0.3
0.2
0.2
0.5
0
1.524
1.424
0
0
1.424
1.524
1.324
0.1
0
0.2
0
0.2
0.3
1.224
0
0
1.224
1.824
1.224
1.224
0.1
1.624
0.2
0.2
0.5
1.224
0.2
1.3
2.524
0
1.8
1.324
1.224
0.3
2.424
0.3
1.724
0
3
1.624
0
0.1
0
0
2.224
2.024
1.224
0
1.324
1.224
0.3
0.2
0
1.324
0
1.224
0.2
1.7
0
1.924
1.224
0.2
0.2
0.2
2.948
0.4
1.924
2.548
0
1.224
8.124
0
1.224
0.1
0
0.4
1.224
0.2
0.4
1.524
1.924
1.224
1.224
0
1.724
1.224
0.2
1.1
1.224
1.424
1.524
0
0
0.2
1.324
0
1.224
1.224
0
0.1
1.224
0.3
1.424
0.5
0.5
1.924
3.148
1.824
1.424
0.5
0
0.1
0
4.8
1.1
1.224
0.1
0.9
0
0.3
1.224
0
1.724
0.2
2.448
0.2
1.224
1.424
1.424
1.424
0
1.524
1.224
0.8
2.9
0
1.224
0
0.1
0.3
1.924
0
0.1
0.1
1.224
0.2
0
0.4
0.7
1.524
0.5
1.324
0
1.424
0.1
0
1.524
0
1.224
0
0.2
1.524
2.24
1.524
1.224
1.824
1.224
1.324
2.724
1.3
1.524
0.4
0.1
0.5
0
0
2.624
0.3
1.324
1.324
0
0
0.1
0
0.9
1.324
0.3
1.324
0.2
1.324
0
2.724
0.2
0
0
0
0.3
2.724
0.2
1.424
1.224
0
1.924
1.424
0
0.5
0.1
1.224
0.2
1.724
0.2
0
1.224
1.324
0.2
1.324
0.1
1.424
1.624
0.1
0.1
0.2
0
0
0
1.924
1.424
0.2
0.1
1.624
0.1
0.2
0.2
0.3
0.1
1.724
0.3
1.924
0
0
0
0.2
1.224
0
1.224
0
0
1.224
1.224
1.224
1.324
2.124
0
0.2
1.424
2.548
0.2
1.424
0.2
0
1.924
1.324
0.2
1.224
0.8
1.424
0.4
1.824
1.324
1.224
2.648
1.524
1.724
0
3.248
1.524
0.3
0
2.624
0.7
2.724
0.1
1.224
0.5
0.1
2.024
1.324
0.2
0.8
1.224
0.3
0
0.1
0.1
0.4
1.224
0
1.424
1.324
1.224
1.224
2.448
2.448
0.1
1.524
2.848
3.724
0.7
0
1.624
0.3
0.1
0.2
1.924
2.024
1.224
0
1.324
0
0.4
1.324
0.2
1.224
0
3.7
0
1.224
1.1
1.524
0.2
1.1
0.6
1.624
1.524
0.5
1.924
0
0
3.148
0
0
0.7
1.524
0.1
0.2
0
1.224
1.824
0.3
0.1
0.2
1.324
0
2.448
0
1.224
0
1.324
0.9
1
1.224
1.224
1.324
0
0.1
0
0
1.224
3.624
1.324
0
1.324
0
1.424
1.224
1.224
1.224
1.324
0
0.2
0.1
1.324
1.324
1.224
4.3
1.224
0
0.5
1.4
0.1
1.224
1.424
1.324
1.624
0
0
0.2
1.324
1.224
1.224
1.424
3.024
0
2.548
1.224
0
0.1
1.324
0.1
1.524
1.524
0
0.2
1.324
2.724
0.2
0
1.324
0
0.3
0
1.224
1.324
0
1.224
0
0
1.524
0
2.524
2
1.624
1.624
0.1
0
0
2.548
2.14
0.1
1.324
1.324
0
0.1
0.4
0.1
1.1
0.7
1.324
1.224
1.824
0.3
0.9
1.524
0
0
1.224
0.2
0.8
1.824
0.2
0.3
0
0
1.224
1.524
1.324
0.8
1.324
1.224
1.624
1.624
1.924
1.2
3.124
0.1
1.324
0.1
0
1.224
0
2.748
0
0
1.624
1.324
0
1.224
1.224
0.3
0.1
0
1.224
1.224
0.1
0
1.224
0.2
1.424
3.124
0.2
1.3
0.2
0.3
1.9
1.324
0
0
1.1
0
0.2
1.424
0.6
1.324
1.324
0.3
1.224
0.1
0.5
1.924
1.724
1
0.3
0.1
2.624
1.224
1.324
1.224
0
0.5
1.924
0
0.4
1.324
0
0
0.1
1.224
1.324
0
1.524
0.5
1.224
0
3.6
1.324
1.324
1.324
0
0.4
3.924
1.9
1.224
2.848
1.224
1.224
1.1
1.224
1.1
1.624
0.3
0.9
0.5
1.424
0.6
4.9
1.324
1.424
0
0.2
1.624
1.224
1.724
0
1.524
1.224
0.7
1.224
0.5
1.224
0.1
1
1.524
0.5
0.5
0
1.3
0.2
1.224
1.224
2.424
0.8
1.224
1.724
1.324
1.224
1.524
1.324
2.424
1.224
1.624
1.824
2.524
1.324
1.324
1.424
1.424
1.7
1.224
1.524
1.824
2.624
0
1.524
0.2
2.124
1.224
0.1
1.224
2.424
0.7
0
1.624
0.6
0.7
1
0.1
1
1.324
0.8
1.524
3.048
1.224
1.224
0
0
0
0.7
0
1.424
1.424
0.2
2.124
1.324
1.224
1.524
6.124
0
5.8
0.4
1.324
1.224
0.1
0
1.224
1.324
0.2
0.6
0.1
0.6
0
0.2
1.424
0.1
1.224
8.924
1.424
0
0
1.6
0.7
8.824
1.9
1.224
5.624
0.4
0.2
1.424
0.2
0
0
0.6
0.1
1.424
0.3
0
1.224
0.1
0.2
0.2
0.2
0.4
0.4
1.224
0.6
0.2
0
1.524
0.1
0.3
1.324
0.5
2.548
1.4
0.2
0.1
1.424
0
0
0
1
1.7
3.672
1.924
1.624
1.224
0
0
0.1
1.324
1.224
1.924
1.524
2.848
2.748
1.524
1.524
1.224
1.424
2.748
1.424
0
1.224
1.324
1.224
0
0.5
7.624
1.724
1.324
3.248
4.2
3.148
