0.5
0.1
2.948
1.724
3.348
0
0
0
0.2
0
0
1.324
0.2
0.5
0.4
0
0
0
0
0.1
1.324
1.324
0
0
0.3
0
0.1
1.424
2.448
1.324
0
2.448
1.1
0.1
0
0.2
0
0.2
0
0.3
0.1
2.324
0
0
0.1
1.224
0.3
0.2
0.2
1.324
1.324
0.2
1.324
0
0.1
0.1
0.2
0
0.2
1.624
0.8
0.2
0
0
0.2
0.1
0
0
1.324
0.7
0.4
1.724
0.1
0.1
2.224
0.3
0
0.1
0.1
0
1.924
0
1.224
0.1
0
0
0.1
0
0
0.3
0
0.1
0.1
0
0
1.424
1.424
0
0
0
0
0.7
0.3
0
0
0.2
0
0.7
0.2
0
0.1
0
0.1
1.224
0.1
0.1
0.1
0.1
0
0
1.7
0.2
0
0.2
0.1
0
0.2
1.224
0.1
1.724
0.2
0
0.2
0
1.524
0.8
1.224
1.424
1.624
0.7
0
0.2
0
1.424
0
0
1.224
0.6
0.1
0.2
1.324
0
0.2
0
0.2
0.5
0.1
0
0.5
0
0.1
0
0
0
0.2
0.1
0
0
0
2
0
0.6
1.224
0
1.224
1.724
0
0
1.224
0.2
0.1
1.724
0
1.224
0.4
2.324
2.224
1.324
0
1.324
0.1
1.224
0.2
1.924
1.424
1.224
1.224
0.1
1.324
0.3
0.5
0
0
0.3
1.6
0
0.1
1.524
1.824
0.1
1.224
0.1
0.3
0.1
0
1.7
0.1
0.7
0
0
0
1.524
3.548
2.548
2.448
3.148
2.448
2.448
3.048
2.448
2.748
2.448
1.224
0
1.424
0.4
4.224
1.324
0
1.724
0
2.324
1.324
1.224
0.1
0
0
0
1.324
0.7
0
0
0
0
0
1.224
0
0
1.324
1.724
1.224
0
0
0.6
1.224
0.1
0.7
1.224
0
1.224
0
0.1
0
1.524
0.3
0
1.324
0.1
1.324
0
1.224
1.224
2.648
2.448
3.148
0.2
1.324
1.324
1.324
1.324
1.224
2.548
0
0.6
0
0
0
0
0.1
0
0
0
0.6
0.3
0.1
0
0.1
0.4
0
0.4
0.1
0.1
1.324
0
0
1.524
0
1.224
0
1.424
0.1
0
0.5
0.2
0.1
0
0
0
0
0
0.9
0
0.3
1.324
1.224
0
0.1
0
0.7
0
0
1.324
1.1
0
0.3
1.424
1.424
1.624
0.3
0.1
1.224
0.1
0.6
1.4
0
0.1
0
0
0
1.624
1.324
0
1.324
1.224
1.224
0.1
0
1.324
0
1.324
1.224
1.524
0.1
1.324
0
0
0.6
0
0
0
1.724
3.824
1.424
0
1.224
1.424
2.748
3.748
1.324
1.224
1.224
2.448
2.524
1.224
1.424
1.224
0
1.424
1.224
1.224
2.448
2.548
1.224
3.348
2.648
2.448
2.448
2.448
2.748
2.548
2.124
3.448
1.224
1.224
1.524
1.524
1.424
1.224
1.624
1.224
2.448
2.648
2.848
1.224
1.224
2.748
1.224
2.548
3.148
2.948
1.224
1.224
2.648
1.524
2.648
1.224
1.224
1.624
2.448
1.524
2.448
1.324
1.224
1.224
1.224
2.448
1.224
2.548
2.848
2.948
1.224
1.224
1.224
2.948
1.224
1.324
1.424
1.324
1.324
3.748
2.648
2.548
2.448
1.824
2.548
1.324
1.324
4.648
1.824
1.224
3.048
1.524
1.324
1.224
2.648
8.748
1.624
1.224
1.424
2.324
2.448
1.224
1.224
1.224
1.424
1.224
2.448
1.224
1.424
2.448
1.224
1.224
2.548
2.648
1.324
1.224
1.224
2.648
3.048
2.448
1.324
3.148
1.724
1.224
1.224
2.648
2.548
1.724
1.224
1.224
1.224
3.548
2.648
2.448
2.548
2.548
1.224
2.648
2.648
1.224
2.324
2.548
1.224
2.448
1.224
3.248
3.448
2.548
1.224
1.224
2.648
2.948
3.148
2.748
1.224
2.448
1.224
1.224
2.448
1.324
1.624
2.548
1.424
1.324
1.624
2.648
2.848
2.948
2.448
1.224
1.224
1.224
2.648
2.948
1.224
1.324
2.548
4.448
2.448
1.224
1.524
1.324
1.224
1.224
1.324
2.448
1.524
2.648
2.448
2.448
2.448
1.324
2.448
1.224
2.448
1.224
1.324
2.448
2.648
2.224
3.748
1.324
2.448
1.324
1.224
2.548
2.448
1.224
1.524
2.648
2.448
2.548
1.224
1.624
1.524
1.224
2.648
2.748
1.324
2.448
1.324
1.224
1.424
1.224
2.548
1.224
2.124
2.748
1.224
1.224
1.224
1.224
3.448
1.224
1.224
1.924
1.224
1.224
2.524
2.548
2.448
1.224
1.324
1.624
2.448
1.224
1.324
2.448
2.648
1.324
1.424
2.648
1.324
2.648
2.448
1.224
2.448
1.224
1.224
2.448
1.324
2.648
1.224
1.224
2.848
1.324
1.224
1.924
1.224
2.548
1.224
1.224
1.324
1.824
2.548
2.448
2.548
2.548
1.224
1.324
4.748
1.424
3.048
2.448
1.224
2.548
1.224
1.224
2.948
1.224
2.448
2.448
2.748
2.848
2.748
1.224
2.448
2.548
2.648
3.348
1.224
1.324
1.524
1.224
2.448
1.224
2.548
2.548
2.448
1.424
2.848
1.324
1.324
1.524
2.548
1.624
1.224
1.224
2.448
2.448
2.448
2.748
1.224
1.624
2.448
1.324
1.224
2.948
2.648
1.224
2.648
1.224
2.648
1.324
1.324
1.224
1.324
3.248
2.548
1.324
1.224
3.348
2.848
1.224
1.224
1.324
1.224
1.324
2.448
1.324
2.024
2.548
1.324
2.548
1.224
2.548
2.448
2.448
2.748
1.224
3.248
1.324
3.548
1.524
2.448
2.948
2.448
2.448
2.748
1.224
1.424
2.548
1.624
2.648
2.448
2.648
2.448
3.424
3.248
1.524
1.224
1.224
2.448
2.448
1.224
2.448
2.448
1.224
2.648
1.224
3.648
2.748
1.224
1.224
1.224
1.224
2.448
2.648
2.448
1.224
2.448
2.448
2.648
1.224
1.324
2.548
2.548
2.024
1.224
1.224
1.324
2.448
2.548
1.224
1.724
1.224
2.648
1.224
1.224
1.824
2.448
1.324
2.448
2.848
2.448
1.224
1.324
1.224
2.548
2.548
1.224
2.748
2.448
2.548
2.548
1.224
1.224
2.548
2.448
2.448
1.224
2.748
2.548
1.224
2.448
1.324
1.324
1.224
1.224
2.748
1.224
1.224
2.848
2.448
1.224
2.548
1.224
1.224
1.224
1.224
1.424
1.224
1.224
2.648
2.748
2.448
2.648
1.324
1.224
1.224
2.548
1.224
3.748
2.548
1.224
2.448
3.148
1.224
1.224
2.648
2.448
2.448
2.448
1.224
2.948
1.624
1.224
3.648
1.224
2.448
2.448
1.224
2.648
2.448
2.648
2.648
2.024
1.324
1.224
2.448
1.224
2.448
3.048
1.424
2.448
2.648
1.224
1.324
1.224
2.748
2.548
2.448
1.224
1.224
1.324
1.324
1.224
1.224
2.748
1.224
1.324
1.224
1.424
1.224
1.324
1.424
3.048
2.748
1.224
1.324
1.224
2.448
1.224
2.548
2.448
1.624
2.648
2.448
1.324
1.224
1.224
2.548
3.248
3.148
2.448
1.324
2.448
2.448
2.448
3.748
1.524
2.948
3.548
2.748
1.524
2.548
2.448
1.924
2.848
2.548
2.448
2.448
2.448
2.448
2.448
2.548
2.448
2.448
2.548
2.748
2.648
2.848
2.024
1.324
3.048
1.224
1.224
1.324
1.224
1.324
1.724
3.348
2.548
2.748
2.748
1.524
1.224
1.224
2.448
2.448
2.848
1.224
1.624
1.424
2.548
2.748
2.448
2.448
2.648
2.448
1.824
2.448
2.448
1.224
2.548
1.324
2.448
3.048
2.748
2.448
2.448
2.448
3.248
3.148
1.224
1.224
2.648
0.7
0
1.324
3.224
1.424
0.1
1.324
0
1.324
0.2
1.724
1.424
0.1
1.224
0
0.3
0
0.8
0.1
1.224
2.548
2.024
1.224
0.2
0
0.1
1.324
0.1
0.5
1.224
0.1
0.1
1.324
0
0
0.2
0
0.8
1.324
0.2
1.224
0
0
1.924
0
0
0
1.224
1.324
0
0.3
0.2
0.3
1.324
0
0
0
1.324
1.524
1.524
3.924
0
1.324
0.1
1.224
0.9
0.1
0
0
2.324
1.224
0
0.1
0
1.324
1.224
1.524
1.424
0.3
0
0.1
0.1
0.1
0
0.1
0
1.224
0.7
1.324
1.324
0
1.624
1.324
1.224
0
1.224
1.424
1.324
0
0.2
1.424
1.224
1.224
0
1.224
1.224
0.2
0
2.524
1.224
1.224
0
1.324
0
1.624
0.1
1.224
1.224
0
0.1
0.1
0
0
0
0.2
1.324
1.224
1.424
0
1.824
1.224
1.224
1.224
0
0
1.324
0.1
1.224
1.224
1.624
1.324
1.224
1.324
0.3
1.224
1.224
0
1.224
0
0
0.1
0
1.224
1.324
0
0
0.1
1.324
0
1.224
0
1.324
0.1
0
1.224
0
0.4
1.224
0.2
1.324
1.324
1.224
1.624
0.1
1.224
0.5
0.1
0
1.224
1.424
1.324
0.1
1.224
0.6
0.2
0
0
0.2
0.1
0.1
0
1.424
1.224
1.224
0
1.324
1.324
0
1.224
1.224
0
1.424
0.2
1.224
0.5
0
1.324
0.1
0.1
1.424
1.324
1.524
1.324
1.324
1.224
1.7
1.324
0
1.424
0
1.324
1.224
0
0.2
0
0.4
0.2
0
1.224
1.324
1.224
1.224
1.824
0
1.324
0.5
1.224
1.224
0
1.224
1.224
0
0.2
1.324
0
1.224
1.224
1.224
1.524
1.324
0.1
1.524
0.2
1.524
0.2
0
0
1.224
1.4
0.3
0
0
0.1
0
1.324
1.224
0
1.724
1.924
0
0
0.1
0.1
0.1
1.224
0
1.324
0
0.3
0.6
0
1.324
1.224
0
1.324
1.524
1.224
1.224
1.224
0
1.224
1.224
1.424
1.524
1.224
1.724
1.224
1.324
1.424
0
1.324
0.2
0
1.324
1.224
1.324
0.2
0.1
0
0
0.5
0
0
1.524
0.2
1.324
0.2
1.224
0.3
0
1.224
1.824
0
0
0
1.324
0
1.324
1.224
1.324
0
1.324
0.1
1.324
0.1
1.224
0.2
0
1.224
1.224
1.224
1.324
0.6
1.324
0
0
0
1.324
1.224
1.224
0.3
1.324
1.224
0.1
0.3
0.2
0
0
1.224
1.224
0
0.1
1.324
0.3
0.1
0
0
1.224
0
0
1.324
1.524
1.624
1.324
0.2
0
1.224
1.224
1.224
0
0
1.324
0.1
0.1
1.224
0
1.224
0.1
1.224
0
1.324
1.224
1.224
1.224
1.224
0.1
1.724
0.1
0.1
1.324
1.224
0.1
1.324
0.2
0
0.1
0
0
0
1.224
0.1
1.424
1.524
1.624
0
1.424
0.1
0.4
0
1.324
0.1
1.424
1.324
0.6
1.224
0.6
0
0.1
1.624
1.224
0.3
0.1
1.224
1.524
0
0
1.224
0
0
0
0
0
1.424
1.224
0
0
1.224
1.324
1.224
0
1.224
2.424
1.424
0.2
1.424
0
0.2
1.324
0.3
0.5
1.224
1.524
1.324
0
1.424
1.324
0
1.324
0.2
0.5
0
1.324
0.1
0.2
1.224
0.3
0.2
1.324
0.6
1.324
0
1.224
1.224
1.824
0
1.224
1.724
1.224
1.324
0.1
1.224
0
1.724
1.324
0
1.324
0
0.2
1.224
0
1.224
0
0.1
0.5
0.7
1.224
0
0
1.224
0
1.324
0
1.224
0.9
1.424
0.1
0
1.324
0
0
1.324
0
1.324
0
0
0
0.1
0
1.224
0.7
0
0
1.424
0.4
1.324
0
0.1
1.424
0.1
1.224
1.324
0
0
0
0.1
1.324
1.924
1.224
0
1.224
0
1.224
0.2
1.324
1.324
1.424
1.224
0
1.224
1.624
1.324
0
0
1.224
1.424
0
0
0.1
0.2
0
1.324
1.324
0.4
1.224
0.2
2.524
0
1.324
0
1.224
1.224
0
0.1
1.224
1.324
1.224
0
1.324
0
0.1
0.4
1.224
1.224
0
0.4
1.424
1.424
0.1
1.224
0
0
0
1.324
1.324
1.324
1.224
1.224
0
0
0.1
0.1
1.524
0
0
0
0.3
1.224
1.824
1.824
1.224
1.224
1.224
1.224
1.324
0
1.324
0
0
0.1
0
1.224
1.224
0
1.324
0.1
0
1.224
1.224
0
1.224
0
1.424
0
1.1
0.2
0.4
0
0.3
2.624
1.324
0
0
2.524
1.224
0.1
1.424
1.324
1.324
0.1
0.1
0.1
0
0.1
1.624
0.2
0.2
0
0
0.4
1.224
0.3
1.324
0
1.424
1.324
1.224
0
0
0
0
1.324
1.224
0
1.224
0.2
1.324
1.224
1.324
1.1
1.324
1.224
0.1
0
0.5
0.7
0.4
0
1.524
1.224
0
1.224
0.1
0.5
0.5
0.1
1.224
0.2
1.224
1.324
2.024
1.224
1.424
1.224
0
1.424
0
1.724
1.424
0
1.224
1.524
1.224
1.224
0
1.224
1.424
0.4
1.324
0
1.224
0
1.524
0
0
1.824
1.224
0
0.1
0
1.224
1.224
1.224
1.324
1.224
1.324
1.224
1
0
0
1.224
1.324
1.824
0
0
1.224
0.3
0.1
0.3
1.224
0.4
0.1
1.424
0.1
2.224
1.324
1.324
1.424
1.324
1.424
1.624
0
1.624
0
1.224
1.324
1.524
2.448
2.548
0
1.224
0
1.324
0
0.1
0
0.1
0.2
0
1.224
0.2
0.2
0
2
0.2
1.224
0
0
0
1.224
0.1
0
0.4
1.324
0.1
0
0
1.324
0
0
2.824
1.424
1.224
0
1.924
1.824
0.8
2.024
0
0.5
1.524
1.324
0
1.224
1.224
0
0.2
0.1
0
0.2
0
0.4
0
0.1
0
1.224
0.6
0.2
1.324
0.1
1.424
0
0.4
0
0.3
0
0
0
0.5
1.424
1.224
0
0
1.224
1.324
0
1.924
1.324
1.524
2.424
0
0
1.224
0.2
2.448
2.448
2.548
2.548
1.224
1.324
2.448
2.648
2.448
1.224
3.048
0.3
1.224
1.224
1.224
0
0
0.1
1.8
0
0.1
2.024
0.9
1.424
