0.3
1.724
3.248
4.372
2.648
0.2
1.224
2.448
0
1.224
1.324
0
0
2.624
2.824
1.524
0
2.448
2.448
2.748
0
0.2
1.224
2.448
1.624
2.548
2.548
2.748
3.672
2.448
2.448
1.224
2
0
0.2
0.5
0
0.1
0
0.4
0.1
0.6
0
0
0.1
0
0.2
0.2
0.1
0.2
0
0
0.1
0.1
0
1.324
0
0.1
0.1
0.5
1.4
0.5
0
3.948
0.4
0.1
0.1
0
0
1.4
0.4
0.4
0
0
2
1.524
0
1.424
0.1
0
1.624
0
0
0.1
0.1
0
0
0
1.424
3.448
0
1.224
0
0
0
0.2
0
0
2.548
2.448
0.1
0.3
0.7
0
1.224
0
0
0.8
0
0.1
0.2
0
0
0.1
0
0.1
0.1
1.224
0.1
0
3
0
2.648
0.5
0.2
0
0.2
0
0
0.1
0.4
0.1
0
0
0.2
0
0.1
0
0
0.8
1.324
2.448
0
0
0
0
0
0.1
0
0
0
0
0.1
0.1
0.4
0.3
0.1
0
0.8
0.1
0
0
0
0
0.2
0
1.224
0
0.3
4.848
0
0.4
0
0
0
1.524
0
0.1
0.1
0.1
0
0
1.224
1.224
0.6
1.624
0
0.1
0
1.324
1.424
0
0
0.1
0.2
0
0
0
1.224
1.824
0.2
1.224
0
0.1
0.6
0
0
0.3
1.224
1.224
1.324
0.2
2.748
0
0
2.1
0
2.624
0
0
0
1.224
2.024
2.448
2.448
1.424
1.224
1.224
2.948
1.224
3.672
3.672
0
0
1.324
0
3.324
0
0
0
0
0.2
0
1.224
0
1.324
1.324
1.224
0
3.024
0
0.1
0.2
0
1.224
0
0
1
2.648
0.1
1.224
0
1.324
0
1.224
0
1.624
1.224
0.2
1.224
0
0
0
1.224
0.8
0
1.224
0
0.1
0
2.448
1.224
2.648
3.672
2.548
0
0
0
0.1
0.1
0
2.448
0
1.2
1.224
0
1.224
0.1
0.2
0
2.748
0.1
0.2
1.624
1.624
0
0.4
0.3
2.548
0.2
1.424
0
0
2.448
2.448
1.324
0
0.1
1.324
0.2
0
1.624
0.7
0.3
0.4
0
0
1.224
1.224
0
4.148
2.748
1.224
1.424
1.524
0
0
1.324
1.7
1.224
0
0
1.5
0.1
0.8
0.1
0
1.224
1.4
0.2
0
0.3
1
2.3
2.448
0
0
0
2.548
0.1
0.3
1.224
0
0
0
1.524
1.224
1.224
1.324
1.324
1.224
0
1.224
1.224
2.448
0
1.924
1.224
1.324
1.524
2.648
3.748
2.448
0
3.672
1.324
2.548
1.724
1.224
1.324
2.648
3.672
5.172
2.548
3.772
0
0
1.324
1.224
3.672
2.448
2.548
1.224
1.324
1.324
1.224
2.448
2.448
1.524
2.448
4.248
1.624
2.448
1.224
3.672
1.424
1.324
3.672
2.548
1.424
1.224
3.772
1.324
4.272
1.324
1.224
3.672
1.324
1.724
2.848
3.772
1.724
1.324
1.424
2.548
4.072
1.224
2.024
1.324
3.772
3.672
3.672
3.872
2.448
3.672
2.448
2.448
1.224
1.624
1.324
3.772
1.224
3.672
1.424
1.224
1.324
2.748
2.448
1.224
4.472
1.224
1.324
1.224
1.724
3.672
1.224
1.424
3.324
1.524
3.672
1.524
2.824
1.224
2.648
3.772
1.624
9.272
2.448
1.224
2.648
1.324
2.448
1.224
1.224
3.972
1.324
2.448
4.372
3.972
1.224
1.224
2.448
2.448
2.548
1.424
1.224
3.772
1.224
2.648
2.448
2.548
1.324
1.424
1.224
2.448
1.224
2.448
2.948
3.672
1.224
1.224
2.548
2.448
1.224
2.448
2.448
3.672
1.224
3.672
1.224
3.024
1.324
1.224
1.224
3.672
2.848
1.824
1.224
2.548
1.224
2.548
2.548
2.648
1.224
1.224
2.648
1.224
1.524
1.224
1.424
4.272
1.224
4.072
1.224
3.672
1.224
2.548
3.872
1.224
1.224
1.224
2.848
2.548
1.324
1.224
1.224
1.224
2.748
1.324
1.224
4.272
1.424
1.224
1.224
1.624
1.224
1.424
1.224
1.224
3.872
2.448
2.548
1.224
3.772
1.324
1.224
2.448
1.224
1.324
2.624
1.824
2.448
1.324
2.548
1.224
1.224
2.448
1.324
3.672
1.424
2.448
3.672
1.224
1.824
1.224
1.224
1.324
1.224
1.324
2.448
1.224
3.672
3.672
2.448
2.448
4.072
3.872
1.424
3.672
3.672
1.224
2.448
1.924
2.448
2.648
1.724
1.224
1.224
2.124
3.872
2.448
3.772
1.324
1.324
1.224
3.672
4.072
2.548
2.648
1.324
2.448
1.224
1.324
1.224
1.324
2.748
2.448
2.548
1.224
1.224
3.772
2.648
2.448
1.224
1.324
2.448
1.224
1.524
3.672
2.448
1.224
1.224
1.224
1.624
1.324
2.448
2.748
2.448
3.672
2.548
3.348
1.224
2.648
1.224
1.424
1.224
1.224
2.548
2.448
1.224
2.448
1.324
2.448
2.448
2.548
1.224
3.672
2.948
2.648
2.648
1.224
4.072
2.948
1.224
2.448
3.672
1.224
3.872
1.224
2.948
2.648
1.224
2.448
2.448
1.224
1.324
3.672
1.424
1.224
2.448
2.448
1.324
3.672
2.648
2.448
1.324
1.224
1.524
1.524
1.224
3.772
1.224
2.548
3.772
1.224
1.224
3.772
2.448
2.448
3.672
2.548
2.648
1.324
1.224
1.224
1.224
1.224
2.448
3.672
2.448
4.048
1.224
1.324
2.448
3.672
2.448
1.224
2.448
1.524
3.772
2.648
1.224
1.724
2.648
1.224
2.648
3.772
1.224
1.324
1.224
1.224
1.224
2.548
1.224
2.448
1.224
2.448
5.348
2.648
2.748
1.524
2.548
2.448
1.224
1.224
1.224
1.224
3.672
1.224
2.448
1.524
2.448
1.224
3.672
2.448
1.224
2.448
3.872
2.648
1.224
2.448
2.448
2.548
1.424
2.448
2.548
1.224
3.972
1.224
4.272
3.248
1.624
2.548
3.672
2.648
1.224
2.648
1.224
2.548
4.348
3.772
1.224
2.448
1.324
1.224
1.224
3.448
1.224
3.672
2.448
1.224
2.448
2.448
3.672
2.548
3.672
2.448
1.324
2.448
1.224
3.672
2.448
3.672
1.324
2.448
2.448
1.224
1.224
1.324
3.972
1.224
1.324
1.424
2.448
2.448
2.448
2.448
1.324
2.448
1.224
1.224
1.524
3.772
2.548
2.448
1.224
2.448
2.448
1.224
3.772
1.224
2.448
2.948
2.548
1.224
2.448
2.848
1.324
1.324
1.224
1.324
1.224
1.224
3.672
1.524
1.224
1.224
2.948
1.224
2.548
2.448
3.772
2.448
2.448
1.224
2.648
1.724
1.224
1.324
2.448
3.672
1.224
1.324
2.548
1.324
1.224
2.448
1.524
3.672
1.224
2.448
3.672
1.224
1.224
3.972
2.448
2.448
1.224
1.424
1.224
1.224
1.224
2.448
1.324
1.424
4.072
1.524
1.224
1.224
2.748
2.448
1.224
1.224
1.624
3.672
1.324
2.548
1.324
2.648
1.224
3.672
3.972
4.272
1.224
2.448
3.672
2.548
1.324
2.448
3.548
2.448
3.972
2.548
1.424
1.424
3.672
2.448
3.772
2.648
3.672
3.772
1.224
1.224
1.224
2.448
1.224
2.448
1.224
2.548
2.648
2.448
2.548
3.948
2.448
2.548
1.224
1.224
1.224
2.548
3.772
2.548
1.824
3.872
3.672
2.548
4.272
3.672
2.448
1.324
1.224
1.224
3.672
4.072
3.872
2.448
1.524
1.224
1.224
1.424
1.324
2.548
1.224
1.224
1.224
2.448
1.324
2.548
2.748
1.424
1.424
2.648
2.448
3.048
1.324
1.224
1.224
2.748
1.424
1.224
1.224
1.724
1.624
0.5
1.324
2.448
0
0.1
0.2
1.324
0
0
0
2.624
0
1.2
0
1.224
1.224
0.4
1.224
0.4
0.2
0.2
0
0
0.9
0.1
0
0
0
0
0
2.548
0
4.948
0
0.1
0
0
0.1
0.1
0
1.224
1.224
0
0
1.324
3.048
0.4
0.3
0
1.324
1.624
1.224
0.1
0.1
0.1
1.8
0.1
0
0.2
0
2.324
1.424
1.724
0
0.5
0
0.3
1.224
0
0
1.224
0.3
0
0.3
0
0
1.224
0
0.1
0
1.224
0
0.4
0.1
0.4
1.224
0
1.224
0
0.1
1.724
0
0
1.324
0
1.524
0
0
2.448
0
0
1.324
0
0.3
1.324
0
0
0.2
1.324
0.2
0.1
0
1.224
0.2
0
0
0
0
0.1
1.3
0
0
0
1.224
0.1
0
0
0
0
0.1
0
0
0.2
0
0.4
0
0
0
0.2
0
0
0.1
0
1.224
0.2
1.524
1.424
0.1
0
0
0
0
0
0
0
1.224
0
0.2
0
0
0
0.1
0.1
2.448
0.1
0.1
0.1
0
0.2
0
0.7
0
0
0.1
0.2
0.1
1.424
0
2.624
0.3
1.224
2.448
1.324
0
0.4
1.524
0
0
1.324
1.224
0
0.1
0.1
0
0
0
0.2
1.824
0
0.2
1.224
0
0.1
0
0.2
0.1
0.3
1.324
0.1
0
2.7
0
0.1
0.1
0
0
0
0
0.1
0.1
0.5
0.1
0
0
0.2
0
0
0.3
0
1.224
1.224
0
0
0
0.1
0
0
0
0.1
1.324
0
0
0
0.1
0.2
0.1
0.3
0.3
0
1.324
1.324
1.324
0
1.6
1.824
1.324
0.1
0.3
1.224
0
0.2
0
0.1
1.224
0
0
0
0
0.1
0.1
0
0.1
0
0.2
0.8
1.224
0
0
0
0
0.1
0
1.224
0
0
0
0
0
0.1
0.1
0.2
0
0
0.1
0
0
1.524
1.224
0
0
0
1.524
0.1
0
0
0.1
0
0
1.724
1.424
1.224
0.2
0
0.7
0
0
0.2
1.324
1.224
0
1.224
0
0
0
0.2
0
0
0
0.1
0
0
0.9
2.448
0
0
0
0.1
0.7
0.3
0
0
0
0.4
0
0
0.2
0
0
1.524
0.1
0
1.324
0
0.1
0
1.324
1.324
0.1
0.2
0.1
1.224
1.424
1.224
0
0
1.324
0
0
0
0.1
1.224
0
0.1
0
0
0.1
0
0.2
0
0
0
0
1.524
2.448
0
0
0
1.224
0
0
0
1.424
1.424
0
0
0
0.1
0.1
0
1.224
0.3
0.1
0
1.224
0
1.324
0.1
0.3
0.1
0
0.1
0.1
0.2
0.1
1.324
1.324
0.1
0
0.4
0.1
0.5
1.224
0
1.324
0
1.524
0
0
0.2
0.1
0
0
0
0
1.424
0
0
0
0.1
0.1
0
0
0
0
1.324
0
2.024
0.3
0.2
1.624
0.1
0
0
0.4
0.2
1.224
0
1.524
1.224
0.2
0
1.424
0
1.224
1
0
0
0.5
0
0
0.4
0.2
0
0.4
0.1
0.1
0
0
0.2
0
0
1.524
0
0
1.224
0
0
0.2
0
0.1
0.1
0
0.1
0
0
0
0
0
0.2
0.3
0
0.1
1.424
0
0
0.1
0
0
1.1
0
0
0.1
0.1
0
0
0
0
0
0
0
1.224
0
1.224
0
2.2
0
0
0.1
1.824
0
0
0.3
0.1
0.1
0
1.224
0.1
1.324
1.224
0
0.2
2.024
0
0
0
0
1.224
0
0.1
0
1.424
0
0.1
1.224
0.1
0.1
2.448
0
0
1.424
0
0
1.224
0
0.1
0
0
0.2
0
0.4
0.6
1.324
0
1.424
0
0
0
1.624
0
0
0
1.224
0
1.624
0
0.4
0.1
1.224
0
0.1
0
1.424
0.2
0
1.224
0
0.1
0.3
1.424
0
0
0
0
0
0
0
0.2
0.1
1.224
0
0.1
0
0.1
0.4
0
0.2
0
1.224
0
0
1.224
2.448
1.224
0.3
0
1.224
1.224
0
0.1
0.1
1.224
0
0
0
0
0
1.324
0.1
0.5
0
1
1.324
0.1
0.7
1.224
0
0
1.724
0
0
1.224
0.3
0
0
0
0
0
1.324
1.424
0.1
1.424
2.948
0
0.4
1.324
0.1
0
1.224
0
1.424
0
0
1.424
1.224
1.224
0.2
0
0.2
0
0
0.2
0
0.2
2.724
0
0
0
2.648
0.2
1.724
2.324
0
0.1
0
0
1.724
0
0.2
0
0.1
0.3
0.1
0
0
2.124
0
0.2
0
0
0.1
0
0.1
0
0
0
1.724
0
0.1
0
0.1
0.3
1.624
0
0.1
0
0.7
0.2
0
0
0.3
0.1
0
0.1
0
0
0
0
0.1
0
0
0
0.1
0
0
0
0.1
0.5
1.224
0
0.2
1.624
1.224
0
0
0.2
0
0.1
0
0.8
0.3
0
0.1
0.2
0.3
0.4
0.1
0.2
0.1
0.1
1.324
1.224
1.224
1.224
0
0
1.224
0.3
1.224
0
0.1
2.748
1.724
0
0
1.324
0.9
0
1.5
1.424
0
0
0.1
0
3.672
0.1
0.1
2.548
0.1
2.748
0
2.548
0
1.324
0
7.172
1.524
0
0
2.124
0.5
1.4
1.2
0
1
1.324
2.448
0
0
0
1.224
1.424
1.224
0
0
2.448
0.1
2.448
0
1.324
1.224
0.2
1.324
1.224
2.548
0.1
1.424
1.524
2.448
0.2
0
1.524
0.1
2.948
1.224
1.224
0.1
1.224
1.224
0
0.3
3.348
2.448
0.1
0.1
0
0
0
0.1
2.548
2.448
1.524
2.448
1.324
2.848
2.648
1.224
2.448
3.672
2.548
0
2.448
2.448
0.2
0
0
0.2
1.6
0
0
1.624
4.248
1.424
