0.1
0.1
1.624
1.324
1.424
0
0
0
0
0
0.1
0.3
0
0.4
0.1
0
2.136
0
0
0.1
0
0.1
0
0
0.1
0
0.2
1.324
1.324
1.224
0
1.324
0.5
0
0
0.3
0
0
1.836
0.3
0.1
0.4
0
2.136
1.836
0
0.1
0.3
0
0.1
0
0
0.3
1.836
0
0
0
0
0
0.2
0.3
0.1
2.336
0.4
0.2
0.1
0
0
0
0.4
0.3
0.2
0
0.1
0.8
0.1
0
0.4
0
0
0.3
0
0
0.1
1.836
0
0
1.836
0
0.2
0
0
0
0
0
0.1
0
0
0
0
1.836
0.3
0.3
0.1
0
0.1
0
0.3
0.1
0
0
0
0
0.1
1.836
0.4
0
0
0
0
0.7
2.036
0
0.2
0
0
1.836
0
0
0.4
0.2
1.836
0
0
0
0.2
0.1
0
0.2
0.2
0.2
0.1
0
0.2
0
1.836
0.1
0.1
0.1
0
0
0
0.1
0
1.936
0
0
0.1
0.2
0
0.1
0
0
0
0.1
1.836
0
0
0
1.2
0
0
0
0
0
0
1.936
0
0
0
0
0
0
0
0.3
0.1
0.3
0
0
0
0.2
0
0
0.1
0.2
0.2
0
0
1.224
0.3
0.1
0
0
0.2
0.5
1.936
0
0
0.2
0
0
0.1
0.1
1.836
0
0.5
0.1
0.7
1.836
0
0
0.2
1.624
1.224
1.324
1.424
1.224
1.224
2.124
1.224
1.224
1.224
0.5
0
0.1
2.136
1.2
0.1
1.836
0.4
0
0.9
0.3
3.16
1.836
0.1
0
0.1
0
0.3
0
1.936
1.936
1.836
0
0
0
0
0
0.2
0.2
0
0
2.236
0
0
0.2
0
0
0
0
0.1
0
0.1
0.2
0
0
0.4
0
0
1.224
1.224
1.624
1.224
1.424
0
0
0.1
0
0.3
0
1.224
0
0.3
0
1.936
0
0.1
0.2
0
0
0
2.736
0.1
0
1.836
0.1
0
0
0
0.1
1.836
0.1
0
0
0.1
0
0
0
0.3
0
0
0.2
0.3
0.3
0
0
0
0
0
0.3
0
0
0
0.3
0
0
0
0.7
0
0.1
0
0.9
0.1
0.1
0
0.1
0.2
0.2
0.1
0
0.1
0.4
0.8
0
0.1
0.1
0
0
0.3
0
0
0
0
0
0.1
0
0
0
0
0
0
0
0.2
0
0.1
0.3
0
0.1
0
0.2
1.2
1.224
0
1.224
1.424
1.324
1.324
1.224
1.224
1.324
1.324
2.324
1.324
1.324
0
0
1.524
1.224
1.224
1.824
1.324
1.224
1.624
1.224
1.224
1.524
1.324
1.424
1.324
1.524
1.824
1.324
1.224
1.324
1.224
1.324
1.224
1.424
1.224
1.324
1.224
1.724
1.624
1.324
1.424
1.224
1.424
1.824
1.324
1.224
1.224
1.324
1.424
1.724
1.524
1.424
1.424
1.224
1.324
1.224
1.324
1.224
1.324
1.424
1.224
1.224
1.324
1.724
1.424
1.224
1.324
1.224
3.76
3.26
1.224
1.324
1.324
1.224
2.324
1.324
1.224
1.324
1.424
1.424
3.26
1.224
2.824
1.724
1.224
3.66
1.624
3.16
1.224
1.224
1.424
1.224
1.224
6.86
1.824
3.16
1.224
1.224
1.424
1.424
3.16
1.224
1.324
1.224
1.224
1.324
1.224
1.324
1.224
1.224
1.224
1.224
1.324
1.324
1.324
1.224
3.56
1.324
1.224
1.224
1.224
1.324
1.624
1.324
1.224
1.224
1.424
1.224
1.224
1.224
1.224
1.324
3.36
1.424
1.224
1.624
1.224
1.224
1.224
1.224
1.424
1.524
1.224
1.224
1.224
1.224
1.724
1.524
1.324
1.224
1.224
1.224
1.424
1.324
1.424
1.424
1.324
1.224
1.324
1.224
1.324
1.824
1.524
3.36
1.224
1.224
1.324
1.324
1.324
1.224
1.324
1.224
1.724
1.224
1.224
1.224
1.324
1.224
1.224
1.324
1.224
1.424
1.624
1.224
1.224
1.224
1.424
1.224
1.224
1.324
1.224
1.324
1.224
1.324
1.724
1.524
1.224
3.26
1.224
3.26
1.224
1.224
1.324
1.424
1.324
1.324
1.324
1.224
1.424
1.424
1.224
1.224
1.824
1.224
1.224
1.224
1.224
1.324
1.224
1.224
1.224
1.824
1.324
1.224
1.224
1.224
1.324
1.524
1.324
1.224
1.424
3.66
1.224
2.124
1.324
1.224
1.224
1.224
1.224
1.324
1.224
1.324
1.624
1.224
1.224
1.224
1.324
1.224
1.224
3.06
1.224
1.224
1.224
1.224
1.224
1.324
1.324
1.224
1.224
1.524
1.224
1.324
1.324
1.224
1.424
1.224
1.224
1.224
1.924
1.324
1.224
1.324
1.324
1.224
1.224
2.124
1.224
1.524
1.224
1.224
1.224
1.224
1.224
1.324
1.224
1.224
3.06
1.324
1.224
1.724
3.16
1.224
1.224
1.424
1.724
1.324
1.324
1.624
1.224
1.224
1.324
1.424
1.524
1.224
1.224
1.524
1.324
1.224
1.324
1.424
1.224
1.224
1.624
3.06
1.224
1.324
1.324
1.224
1.324
1.224
1.224
1.224
1.424
1.224
1.324
1.224
1.224
1.224
1.224
1.224
1.324
1.324
1.324
1.224
1.224
1.324
1.424
3.76
1.224
1.224
1.224
1.324
1.324
1.224
1.324
1.824
1.224
1.324
1.224
1.224
1.224
3.16
1.224
1.524
1.224
1.324
1.224
4.16
1.324
3.16
1.424
1.324
1.324
1.424
1.224
1.224
1.224
1.724
1.224
1.424
1.324
1.224
1.724
1.724
1.324
1.324
1.324
1.324
1.224
1.224
1.324
1.324
1.224
1.224
1.224
2.424
1.224
1.224
1.224
1.224
1.224
1.224
1.224
1.224
1.224
1.224
1.224
1.324
1.224
1.224
1.224
1.624
1.724
1.224
1.324
1.724
1.424
1.324
1.224
1.724
1.324
1.324
1.224
1.324
1.624
1.324
1.224
1.224
1.224
1.224
1.224
1.324
1.224
1.324
1.324
1.224
1.424
1.224
1.224
1.224
1.324
1.224
1.224
1.224
1.324
1.324
1.224
1.224
1.424
1.224
1.324
3.46
1.224
1.224
1.224
1.224
1.324
1.524
1.224
1.324
1.224
1.224
1.224
1.224
1.224
1.224
1.324
1.224
1.324
1.324
1.424
1.324
1.224
1.224
1.324
1.224
1.224
1.624
1.224
1.224
1.224
1.724
1.224
1.424
1.324
1.424
1.224
1.324
1.224
3.86
1.724
1.224
2.224
1.224
1.224
1.224
1.224
3.26
1.224
1.324
1.524
2.024
1.224
1.224
1.224
1.224
1.324
1.724
1.224
1.224
1.224
1.224
1.424
1.224
1.524
1.224
1.224
1.424
1.224
1.224
1.224
1.224
1.324
1.224
1.224
1.224
1.224
1.524
1.224
1.324
1.724
1.424
3.26
1.224
1.324
1.224
3.06
1.224
1.524
1.224
1.224
1.424
1.224
1.324
1.424
1.224
1.524
1.724
1.324
1.224
1.324
1.224
1.424
1.224
2.224
1.324
1.924
1.724
1.424
3.56
1.324
1.224
1.724
1.424
1.324
1.324
1.224
1.224
1.224
1.324
1.324
1.424
3.16
1.424
1.324
1.224
1.224
1.624
1.424
1.424
1.224
1.324
1.224
1.224
1.324
1.224
1.724
1.324
1.324
1.324
1.324
1.224
1.224
1.224
1.224
1.324
1.224
1.224
1.324
1.224
1.424
1.324
1.224
1.224
1.224
1.424
1.224
1.224
1.224
1.424
3.06
1.224
1.624
1.424
3.36
1.424
1.324
1.924
1.524
1.224
1.224
1.524
2.836
0
1.936
3.136
1.936
0
0
0.1
0
0.1
0.2
2.036
0
0
0
0.2
0
0.4
0
0
1.224
3.636
0
0.1
0
0
0
0
0.3
0
0
0
1.936
0
0
0
0
0.6
0
0
0
0
0
0.2
0
0
0
0
0
0
0.1
0.1
0.3
0
0
0
0
0
0.1
0
1.4
0
0
0
0.1
0.4
0
0
0
0.4
0
0
0
0
0
0
0.2
0
0.1
0.1
0
0
0
0
0
0.1
0
0.1
0.2
0.1
0
0.1
0
0
0
0.1
0
0.1
0
0
0
0
0.1
0
0
0.1
0
0
0.3
0
0
0
0
0
0.2
0
0
0
0.1
0.1
0
0
0
0.2
0.2
0.3
0
0
0
0.1
0
0
0
0
0
0
0.2
0
0
0.3
0.1
0.1
0.1
0.1
0
0.1
0
0.1
0
0
0
0.1
0.1
0.1
0
0
0
0.1
0
0.1
0
0
0.2
0
0
0
0.1
0
0
0.1
0
0.2
0.3
0
0
0.5
0.1
0
0
0.3
2.036
0
0
0.2
0.3
0
0
0
0
0
0
0
0
0
0
0
0.1
0
1.836
0
0
0
0.2
0
0.2
0
0
0
0.1
0.2
0
0
0
0
0.2
1
0.1
0.1
0
0
0.1
0
0
0
0
0
0
0
0
0
0.1
0
0.4
0
0
0.4
0
0
0
0.1
0
0
0
0.1
0
0
0.2
0
0.1
0.1
0.4
0.1
0.1
0
0
0
0.1
0.2
0.9
0
0
0
0.1
0
0
0
0
0.2
0.3
0
0.1
0.1
0
0.1
0
0
0
0
0.2
0.1
0
0
0
0
0
0.1
0
0
0.1
0
0
0
0
0
0
0.1
0
0
0
0
0
0.1
0
0
0
0
0.2
0
0
0
0.3
0
0
0
0.1
0
0.1
0.1
0
0
0
0.2
0
0
0
0
0
0
0
0.3
0
0
0
0
0
0
0.2
0.1
0
0
0
0
0.4
0
0
0
0
0
0
0
0.2
0
0
0.1
0
0
0
0
0.1
0
0
0.1
0
0.2
0
0
0
0
0
0
0
0
0.2
0
0
0
0.1
0
0.1
0.1
0.2
0
0.3
0.1
0
0
0.1
0
0
0
0
0
0
0
0
0.1
0.2
0
0
0
0
0
0
0
0
0.1
0
0.1
0
0.1
0
0.3
0.2
0.1
0
0
0.1
0.1
0
0
0.1
0.1
0
0.2
1.936
0.3
0
0.1
0.1
0
0
0.1
0
0
0
0
0.1
0
0.1
0
0
0
0.2
0
0
0
0
0
0
0
0
0.4
0.5
0.2
0
0
0
0.2
0.1
0
0
0.1
0
0
0.1
0.1
0
0
0
0.8
0
0.1
0.1
0.2
0
0.2
0
0
0
0.2
0
0
0
0.2
0
0
0.3
0.1
0.1
0
0
0
0
0.1
0
0
0
0
0
0
0
0
0
0.3
0
0
0
0.1
0
0
0
0
0
0.2
0.1
0.1
0.1
0
0
0
0.1
0
0
0
0
0
0
0
0
0.7
0
0
0.3
0.1
0.1
0
0
0
0
0
0
0.1
0
0
0
0
0.4
0
0
0
0
0
0.1
0.1
0
0
0
0
0.1
0.2
0
0
0
0
0
0
0
0
0.1
0
0
0
0.1
0
0
0.4
0
0.1
0
0
0
0
0
0
0.1
0
0
0
0
0
0.1
0
0
0
0.4
0.2
0.1
0
0
0
0
0
0.2
0.3
0
0
0
0
0
0
0
0.4
0.2
0
0.1
0
0
0.1
0.1
0.1
0
0.1
0
0
0
0.1
0
0
0.1
0
0
0
0
0.1
0
0
0
0
0
0.1
0
0.2
0
0.5
0
0.2
0
0
0.4
0
0
0
0.4
0
0
0
0.2
0
0
0
0
0.1
0
0.4
0.1
0.2
0
0.1
0.2
0
0.1
0
0
0
0.1
0
0
0.1
0
0
0.1
0
0
0
0.1
0.3
0
0
0.9
0
0.1
0
0
0.1
0.4
0.3
0
0.2
0.1
0
0.1
0
0.1
0.2
0
0
0
0
0
0.9
0
0.1
0
0
0.1
0
0.1
0
0
0
0.1
0
0.1
0
0
0.3
0.1
0.2
0.1
0
0.2
0
0
0
0.6
0.2
0
0
0.1
0
0
0
0.1
0
0
0.2
0.1
0
0
0
0
0.2
0
0.1
0
0.2
0
0
0.1
0.3
0.1
0
0
0.6
0.2
0
0.1
0.2
0.2
0.2
0
0.1
0
0.2
0.2
0.4
1.224
1.224
0
0
0
0
0
0
0.1
0
0.2
0.1
0
0.1
0.4
0
1
0.1
2.136
0
0
0
1.224
0
0
0.4
0.1
0
0
0
0
0
0
2.124
1.324
0
0
0.5
0.2
0.9
0.8
1.836
0.2
0.7
0
0.2
1.836
0
0.1
0.2
0.2
0.1
0.1
0
0
0
0
0
0.1
2.636
0
0.1
0
0.2
0.1
0.2
0
0
1.836
0
0
0.3
0.2
0
0.1
0
0.2
0
0
0.3
1.224
0
0.5
1.836
0
0
0
1.224
1.324
1.224
1.324
1.324
1.324
1.324
3.26
1.224
3.26
1.324
0.1
0
1.224
0.1
0
0
2.836
0.7
0.1
0
1.424
0.4
1.424
