3.36
0.1
0.5
0
0.2
0.2
0
0
0
0
0
0
0
0.4
0.4
0
0
0
0
0
0
0.1
0
0
0.1
0
1.424
0.1
0
0
0
0
1.1
0
1.936
2.136
1.836
1.836
1.836
2.036
1.936
3.56
1.836
1.836
1.836
1.836
6.76
1.936
1.836
1.936
1.836
1.836
2.436
1.836
1.836
1.836
1.836
1.836
1.836
2.136
2.636
1.836
1.836
2.236
3.66
2.236
1.836
1.836
1.936
2.536
2.336
2.036
1.936
1.836
4.36
2.636
1.836
2.136
1.836
1.836
2.536
1.836
1.836
1.836
1.836
1.836
1.836
1.836
1.836
2.436
1.836
1.836
3.36
1.836
1.836
1.836
1.836
1.836
1.836
1.936
1.836
2.736
2.236
2.036
3.06
2.036
3.16
2.136
1.836
2.136
3.36
3.26
1.936
1.836
1.836
1.936
3.36
1.836
1.936
1.836
3.236
1.936
1.936
2.036
2.036
1.936
1.936
1.836
1.836
1.936
3.16
1.836
2.136
1.836
3.26
1.936
1.836
1.836
1.836
3.86
2.036
2.036
1.936
2.236
1.836
1.836
1.936
2.136
2.136
1.936
1.836
2.036
2.136
3.16
2.336
2.536
3.36
1.936
3.86
1.836
1.836
1.836
1.836
3.06
3.16
1.836
1.836
2.036
3.26
2.736
2.036
2.636
3.06
1.836
3.06
2.236
1.836
1.836
1.936
2.036
2.036
2.036
1.936
1.836
4.26
2.136
2.036
1.936
1.836
1.836
1.936
1.936
1.836
2.036
2.036
2.136
1.836
3.16
0
0.3
0.3
0
1.224
0
1
0
0
0
0
0
0
0.2
0.1
0
0
2.124
0
1.924
0
0
0
0.1
0.6
0
0
0.1
0
0
0.1
0
0.1
0
0
0
0.1
0
1.5
0
1.224
0
0
0.3
0.2
0
1.224
0
1.224
0
0
0.3
0
0
0
0
0.1
0
0
0.4
0
0
0
0
0
0
0
0
0.3
0
0
0
0
0.3
0
0
0.4
0
0
1.836
1.224
1.224
1.224
0
0.1
0
0
0
0
0
0
0
0
0
0
1.1
0
1.224
0
1.324
0.3
1.224
0
1.324
0
0.3
0.1
0
0.4
0.3
0
0.1
0
0
0.1
0
0
0
0
1.324
0
1.224
1.224
0.1
1.424
1.924
0.5
0.1
0.1
0
0
0
0.2
0.1
0
0.1
0
0
0
0
1.924
0
1.224
0
1.4
1.324
0.4
0.2
0.1
0.1
1.324
1.424
1.324
1.424
1.1
2.724
0
0.1
0
3.16
0
0.5
0.2
0
0
0
0
0
0
0
0
0
0
0
0
0
0
0
0.5
0
0
0
0
0.3
0
0
0
0.2
0
0
0
0
0
0.1
0.3
0
0
0
0
0.2
0
0
0
0
0
0.2
0
0
0
0
0.3
0
0.4
0.2
0.1
0
0.2
0.2
0.1
0
1.324
0
0
0
0
0.2
1.224
0.1
0.1
0
0.2
0.1
0.1
1.424
0
0.1
0
0
0
1.324
0
1.224
0
1.324
0
1.224
0
0
0
0
0.1
0.1
0
0
0
0.1
0
0
0.1
0
1.224
0.3
0
0
0
0.2
0
0
0.1
1.4
1.424
0
0.1
0.4
0
0.1
0
0.3
0.2
0
0.1
0.1
0
0
0
0.2
0
0
0
0
0.1
0
0
0
0
0
0
0
0
0
0.3
0
0.2
0.1
0.1
1.224
0.2
0
0.1
0
0
0.1
0.1
0.1
0
0
0.1
0
0
0
0
0
1.724
0
0
0
0
0.2
0.3
0
0
0
0
0.1
0.1
0
0
0
1.224
0
0
0.5
0
0
0.1
0.1
0
0.1
0.4
0
0
0
0
0.1
0
0.1
0
0
0
0.3
0
0
0
0
0
0
1.324
0
0.1
0
0
0.1
0
0
0
0
0
0
0
0
0
0.5
0.2
0
0
0
0
0
0
0.1
0
0
0
0
1.224
0.2
0
0
0
0
0
0
0.2
0
0.1
0
0
0
1.324
0
0
0
0.1
0.1
0.6
0
0
0.1
0
0
0.2
0
0
0
0
0.2
0.1
0
0
0
0.3
0
0.1
0
0
0
0
0
0
0
0
0
0.1
0
0
0
1.424
0
1.324
0.2
0
0.1
1.324
0.1
0
0.1
0
0
0
0
0
0
0.2
0
0.1
0
0.1
0
0
0
0
0
0
0
0.2
0
0.2
0
0
0
0.2
0.1
0
0
0.1
0
0
0
0
0
0
0
0
0
0
0
0
0
0
0
0
0
0
0
0
0
1.224
0.2
0
0.1
0.4
0
0
0.1
0
0
0
1.224
0
0
0
0
0.1
0.1
0
0
0
0
0
0
0
0
1.724
0
0
0
0
0
0
0
0.1
0
1.224
0.3
0.1
1.224
0
0.1
0
0
0
0
0
0.3
0
0.1
0
0.1
0
0.8
0.6
0
1.424
0
0
0
0
0
0.1
0
0
0
0.2
0.2
0
0
0
0
0
0
0
0
0
0
0
0
0
0
0
0.3
0
0.1
0.2
0
0.1
0
0.1
0.1
1.224
0
0
0.9
0.1
1.224
0
0
0
0
1.224
0
0.1
0.1
1.224
1.424
0
0
0
0
0
0
0
0.1
0
0.2
0
0
0
0
0
1.224
0
0.1
0
0.1
0
0
0
0
0
0
0
0
0
0
0
0
0
0
0
0
0
0
0
0
0.1
0
0
0.1
0.2
1.224
0
0.1
0
0
0
0
0
0.5
1.224
0.2
1.324
1.224
1.224
0
0.1
0
0
0.3
0.3
0
0.1
0
0
0
0.1
0
0
0
0
1.224
0
0
0.1
0
0.1
0
0
0
0
0
0
0
0
0
0
0
0
0.3
0
0.1
0
0
0
0
0
0.1
0
0.3
1.524
0
0
0
0
0
0.2
0
0
0
0
0.1
0.1
1.724
0.1
0.2
0
0.2
0
0
0
0
0.1
0.1
0
0
0
0
0
0
0
0
0
0
0
0
0.3
0
0.2
0
0
1.224
0
0
0
0.4
0.1
0.1
0
0.1
0
0
0
0
0.1
0
0.1
0.1
0
0.1
1.224
0
0
0.1
0.2
0
0
1.224
0.1
0
0
0.2
0.1
0
0.1
0
0.2
0.2
0
0
0
0.2
0
0
0.3
0.2
0.3
0
0
0
0
0
0
0
0
0
0.3
0
1.924
1.836
0.1
0
0.2
0
0.2
0
1.424
0.1
0
0.4
0.5
0.1
0
0
0
0
0
0.1
0.8
0.3
0
0.2
1.224
1.324
0
0
0
0
0
0
0
0.1
1.824
0.1
0
0
0
0
0.1
0.1
0.2
1.3
1.224
0
1.224
0.1
0.9
0
0.1
1.524
0.8
0
0.1
0
0
0
0
0.2
0.1
0.3
1.324
0
0
0
0
0.1
0
0
0.2
0
0.3
0
1.324
0
0
0.3
0.2
0.2
0
0.1
1.424
0.2
0
0
0
0
0.1
0
1.224
0.6
0.1
0
0
0.3
1.224
0.4
0.2
0
0
0
0
0
0.1
1.424
1.224
0.6
0
0
0
0
0.4
0.1
0
0
0
1.424
0.2
1.324
0
0
0.4
0
0
0.2
0
0
0
0.2
0
0
1.424
0
0.1
0.1
1.324
0
0
1.324
0
1.224
0.1
0
0
0.1
0
0
1.224
0.2
0
0
0.1
1.324
0
0.3
2.024
0
0.5
0
1.224
0.2
0.1
0
0
0
0.6
0.2
0
0
0.4
1.324
1.624
0.1
0
0
0
0
0.2
0
0.1
0
0
1.224
0
1.624
0.1
0.3
0.1
0
0.2
0.1
0
0.2
0
0
0
0.1
2
0
0
1.224
1.224
0.1
0
0.1
0
0.1
1.524
0.1
0
0.1
0.1
1.224
0.2
0.4
0
0.1
0.2
0
0
1.324
0
0
0
0
0.1
0
0
0.1
0
0.3
0
0.3
0.3
0.3
0.1
0
0
0.1
0
1
0.4
0
0
0.1
0
0
0.1
0.1
0.4
0.1
0
1.324
0.1
0.3
0
1.224
0
0.3
0
0.1
0.8
0
0
0
0
1.324
0
0
0
0
0.1
0.1
0
0.1
0.1
0
0.1
0.1
1.324
0.1
0
0
0.4
0.1
0.1
0
0
0.4
1.224
0.1
0
0.1
0
0.3
0.2
0.3
0
0.1
0.1
1.624
0
0
0.3
0.1
0
1.224
1.224
0
0
0
0.1
0
0.1
0
0
0
0
0.3
0
0
0
0
0
0.6
0.1
0.3
0
0
0.3
0
0
0.2
0
0
0
0.2
0.1
0
0.1
0.1
0
0
0.2
0
0.3
0
0.1
0
0
1.224
0
0.2
0.1
0.2
0.1
1.424
0
0
0
0.4
0.2
0.2
0
0.1
0
0
0
0.1
0.2
0.1
0
0
0
0
0
0
0
0.1
0.1
0
0
0
0
0
0.1
0
0.4
0
0
0
0
1.324
0.4
0
1.224
0
0.1
0
0.2
0
0
0.3
0.2
0
0.6
0.1
0.5
0
1.224
1.324
0
0.2
0
0
0.5
0
0
0
0
1.224
0.1
1.224
1.224
0.1
0.1
0
0
0
0.1
0
0
0.1
0.8
0.2
0
0.1
1.324
0.1
0
0
0.1
0
0
0
0
0
0
0.1
0
0
1.824
1.224
0
0
0
0
0.2
1.524
0
1.424
0
0.2
0
0
0.4
0.1
0
0.3
0
0
0.1
0
0
0.3
1.224
0
0.1
0.1
1.224
0
0
0
0
0
0.1
0.2
0
0
0
1.224
0
0
0
0
2.624
0.2
0
0.1
0
0
0
0.1
0
0.1
0.1
0
0
0.1
0.1
0
2.224
1.424
0.1
0.2
0.6
0
1.224
0
0.1
0.1
0
0
0
0
0
0
0.1
0.7
0
0
0
0
0
0.1
0
0.1
0.2
0
1.224
0
0.6
0.1
0.1
0
0
0.1
1.224
0.1
0
0.1
1.324
0
0
0.2
0
0.2
0.3
0.3
0
0.1
0
0
0.1
0.2
1.224
0
0
0
0.1
0.3
0
0.3
0.3
0.1
0
0.2
0.3
0.1
0.1
0
0
0.1
0.2
0.2
0
0
0.2
0
1.224
0
1.324
1.224
0.2
0.1
0
0.1
0.1
0
0.2
1.624
0
0
0
0
0
0
0
0
0
0.1
0
0
0
0
0.1
0.1
0
0
0
1.224
0.1
0
0.1
0
0.1
0.2
0.6
0
0.1
0.5
0
1.224
0
0.7
0
0.2
0
0.2
0
0
0.2
0
0
0
0.1
0.2
0
0.3
0
0.8
0
0
0
0
0
0
1.324
0.2
0.2
0
0
0
0.1
0
0
0.3
0.3
0.1
1.424
1.1
0.2
0.1
1.424
0
0.2
0.3
0.2
1.224
0.1
0
0
0
0.1
1.424
0.3
0.2
0.4
0
0.1
0.2
1.924
0.1
0
0
0
0.1
0.1
1.524
1.224
0
0
0.2
0
0.2
0
0.1
0.4
0.1
0
0.2
0
0.2
0.1
1.224
0.2
0.1
0.1
0
0.3
0.2
0
0
1.224
0.2
0
0.1
0.1
0.3
1.324
0
0
0.4
0.4
0
0
0.2
0.4
0
1.224
0.2
1.824
0
0.1
0.1
0.4
0.1
0.1
0.1
0.4
1.936
2.136
3.16
2.136
1.836
1.836
0
0
0
0
0
0
0
3.46
0
0.1
0.2
0
0.1
0
0
0
0.3
0
2.124
0
0
0
0
0
0
1.324
0
0
1.424
0.2
1.224
0.1
0
0
0
0.9
0
0
0
0.5
0.2
0.7
0.5
0
1.824
0
0
0
0
0
0
0
0
0
0.1
0
0
0
0.1
0.1
0
0
0
0
0
0
0.1
0.1
0
0
0
1.224
1.224
0
0.1
0.1
1.324
0
0
1.224
1.224
0.7
1.224
0
0.1
0
1.224
0
0
0
0
0.2
0
1.324
1.324
0
0
0
0
0
0.1
0
0
0
0
0
0
3.524
1.424
0
0.3
0.4
0.3
