1.524
1.224
3.348
5.708
2.448
0
1.324
2.448
1.224
1.224
2.448
0
0.1
2.424
1.924
1.224
0
2.448
2.448
2.548
0.1
0.2
1.224
2.448
4.484
2.448
2.548
2.548
3.672
2.448
2.448
1.224
2.324
1.224
0.1
1.524
1.324
1.224
0
1.224
1.324
0.5
0
0
0
0
0
0.3
1.324
1.224
0
0
1.324
0.2
0
1.224
1.224
0.1
1.224
0
0.9
0.2
0.1
3.048
0.2
1.424
0
0.1
0
0.3
1.424
1.324
1.324
1.224
1.1
2.848
0
1.324
0
1.224
1.324
0
0
0
0
0
0
0
1.224
3.148
1.224
1.224
0
0
0
1.224
1.324
1.224
2.448
2.448
0
0
0.4
1.224
3.06
1.224
1.224
1.1
0
1.324
1.324
0
1.324
0
0
0
1.224
1.224
1.224
1.224
1.3
0
2.448
1.424
0
1.224
1.224
0
0
0
1.224
0
0.1
0
0.1
0.3
0
0
0
0
2.548
2.548
0
0
0
0.1
0
0.1
1.224
0
0
1.224
1.224
1.324
1.224
1.324
0.3
0
1.624
0
1.224
0.1
1.224
0
0
0
1.224
1.224
0
3.648
1.224
1.324
0
1.224
0.1
1.324
0
0.1
0
1.324
1.224
0.1
1.224
1.224
0.4
1.224
0.1
0
0
1.224
1.324
1.224
1.324
0.2
0.1
0.1
0
1.424
2.448
1.524
1.424
1.324
0
0.4
2.124
0
1.224
1.324
1.324
2.448
1.224
1.324
2.748
0
1.224
0.9
1.324
2.324
0
0
0
1.224
1.824
2.448
2.448
1.224
1.224
1.224
2.648
2.448
3.772
3.672
0.1
1.836
3.06
0
2.324
0.2
0
0
1.836
0.7
2.136
1.224
0
1.224
1.224
1.224
0
4.16
0
0
0.1
0
1.224
0
0
0.3
2.548
0
3.06
1.224
2.748
0.6
1.224
1.224
1.524
1.224
1.224
1.224
1.224
1.424
1.324
1.224
0.6
0.1
1.224
0
1.224
1.224
2.448
1.324
2.648
3.672
2.548
1.324
0
0
0
0
0
2.448
0
0.8
1.224
0
1.224
0.1
0
1.224
2.548
1.224
0.1
1.524
1.224
0
0.1
1.424
2.448
1.224
3.26
0
0
2.448
2.448
1.224
1.224
0.2
1.224
0.2
1.224
1.324
1.324
0.2
0.3
1.224
0.1
1.224
1.324
0
3.548
2.648
1.224
3.06
3.26
0
0
1.224
1.824
2.448
0
1.324
1.2
0.2
1.724
2.036
1.324
3.16
0.7
1.324
1.324
1.324
0.4
1.2
2.448
1.836
1.224
0
2.448
1.524
1.224
1.224
1.224
1.224
0
1.424
3.06
2.448
3.26
1.324
1.224
0
3.16
3.16
2.448
0
1.924
1.224
1.324
1.524
2.548
2.948
2.448
0
3.672
1.224
2.448
2.748
2.548
3.06
2.448
4.896
6.408
2.548
5.608
0
0
2.548
2.448
3.672
2.548
4.284
2.448
1.324
1.224
2.448
2.448
2.448
3.26
2.448
3.448
1.424
3.972
1.224
3.672
1.424
2.448
3.672
2.448
1.424
1.324
3.672
1.324
4.372
2.648
3.06
3.672
2.448
3.66
4.584
5.608
2.948
3.16
3.06
4.584
3.972
2.448
2.848
1.224
4.896
5.508
3.772
3.672
3.672
3.872
4.284
2.448
1.224
3.06
1.324
3.872
1.324
3.672
1.324
1.324
2.448
2.548
2.448
3.16
6.208
1.424
1.324
1.224
3.56
5.608
1.224
1.424
2.324
1.824
3.672
1.724
3.748
1.324
5.608
4.472
1.224
4.372
2.448
1.324
2.948
1.224
2.448
2.448
1.324
3.672
1.224
2.448
10.532
3.872
1.224
2.548
2.448
4.284
4.284
1.324
1.224
3.672
1.224
2.548
2.448
2.648
1.424
3.26
2.448
4.284
1.224
4.284
4.684
3.772
1.224
2.448
2.448
2.448
1.224
2.448
4.284
3.772
2.448
5.608
1.224
2.224
1.224
2.448
3.06
3.672
2.648
3.56
1.224
2.548
2.448
2.448
2.648
2.648
2.448
1.224
2.448
2.548
2.648
1.224
2.548
3.972
1.224
3.772
2.548
5.608
1.224
4.384
3.872
1.224
2.448
2.448
2.548
4.384
1.224
2.448
3.16
1.224
2.648
1.224
1.224
3.772
2.448
1.224
1.224
1.224
2.448
2.548
3.36
2.548
5.096
2.448
2.548
1.224
5.508
1.224
1.224
2.448
1.224
1.224
3.148
1.424
2.448
1.224
2.448
1.224
1.324
2.448
2.448
3.672
3.16
2.548
3.672
1.224
3.66
1.224
2.448
1.224
1.224
1.224
2.448
2.448
3.772
3.972
2.448
2.448
3.972
3.972
1.324
3.772
3.672
2.448
2.548
3.16
2.448
2.448
3.66
1.324
3.06
3.148
3.772
3.672
3.772
3.16
1.324
3.06
3.672
5.508
4.584
3.872
3.06
4.284
3.06
4.284
3.16
1.224
2.548
4.284
2.448
3.06
3.06
3.772
4.484
3.672
1.224
3.06
3.672
2.448
3.36
3.672
4.384
1.224
2.448
2.448
3.46
1.424
2.448
2.548
4.284
3.672
2.548
2.948
3.06
3.972
3.06
1.224
1.224
1.224
4.284
3.772
2.448
2.448
1.224
2.448
2.448
4.684
1.224
3.672
2.648
5.608
2.648
4.284
6.932
2.748
2.448
4.384
3.672
1.224
3.872
3.06
2.648
2.448
3.06
2.448
2.448
1.224
3.26
3.672
1.524
1.224
2.448
2.448
4.284
3.672
2.548
2.448
1.424
1.324
1.224
3.46
2.548
5.608
2.448
2.448
3.772
1.224
2.548
3.772
2.548
2.748
3.672
2.448
2.548
3.06
1.224
2.448
4.384
1.224
2.548
5.508
2.448
3.648
1.224
3.16
4.284
3.672
4.284
1.324
4.284
3.06
3.872
3.672
3.26
1.324
2.648
1.324
2.548
3.772
3.06
4.284
1.224
2.448
3.06
2.848
1.224
2.448
1.224
2.448
4.048
3.872
2.648
1.424
3.048
2.548
1.224
2.448
1.224
1.224
3.672
1.224
2.448
1.224
3.672
2.448
3.672
2.448
2.448
2.448
3.772
2.448
1.224
5.508
5.508
2.448
2.448
2.448
4.284
1.224
3.872
2.448
3.772
3.148
1.424
4.284
3.772
2.548
3.06
3.772
1.324
2.648
3.348
3.672
2.548
4.284
1.224
1.224
1.224
2.848
2.448
5.608
2.548
2.448
2.448
4.284
5.508
2.648
3.672
2.448
1.224
2.448
1.224
3.672
2.648
5.508
3.26
2.448
2.548
1.224
2.448
2.548
4.996
1.224
1.224
3.16
4.284
3.772
4.284
2.448
2.448
2.448
2.448
3.06
1.524
3.672
2.548
2.448
1.224
2.448
2.448
2.448
3.672
1.224
2.448
2.548
2.448
3.06
3.672
2.548
1.324
1.224
1.224
1.324
2.448
1.224
3.672
1.424
2.748
2.448
2.948
1.324
3.672
2.448
4.896
2.448
4.284
1.224
4.784
4.784
4.284
1.224
4.284
3.672
3.16
1.224
2.548
1.524
4.384
2.448
2.748
3.672
4.284
2.448
3.672
1.224
3.16
3.772
2.448
2.448
1.224
1.324
2.448
2.448
3.16
2.448
1.324
1.324
3.972
3.26
1.224
2.448
2.748
4.284
2.448
1.224
2.548
3.672
2.648
2.548
1.224
2.548
2.648
3.672
5.808
5.908
1.424
2.448
5.508
2.448
2.548
2.448
4.172
2.448
4.072
2.548
1.424
1.324
5.808
2.448
3.872
2.448
3.772
3.872
1.224
1.224
1.224
4.284
1.224
2.448
1.224
4.284
4.384
4.284
2.648
3.448
2.448
2.648
1.224
1.224
2.448
5.508
3.772
4.484
1.524
5.708
3.772
2.548
3.972
3.672
2.448
3.06
1.224
3.06
3.772
4.172
3.672
2.448
2.448
1.224
1.224
1.624
1.424
2.448
1.324
3.06
1.224
2.448
1.224
2.448
2.548
1.324
1.224
2.648
2.548
2.648
1.224
4.384
4.384
3.048
3.26
1.224
1.424
1.424
1.524
2.136
2.448
2.548
0
0.1
0.2
3.16
0
0
1.836
2.324
0
0.8
0
2.448
3.06
0.2
1.224
0.1
0
0
0
1.224
0.6
0
0
1.224
0
1.224
1.224
2.448
1.224
3.848
0
1.224
1.324
1.224
0
0
0
1.224
1.224
0
0
2.448
2.848
0.8
2.036
0
2.448
1.624
1.224
0
0
0.1
1.4
0.1
0.1
1.324
0.1
1.824
1.224
1.324
0.1
1.624
1.324
0.1
3.06
1.224
0
1.224
1.524
1.224
1.724
0
1.224
2.448
0
1.224
0
1.224
0
1.224
0
0.2
1.324
1.224
2.548
0
0
1.324
0
0.1
1.324
0
1.324
1.324
1.224
2.448
0
1.224
2.548
1.224
0.5
1.224
0
0
0.2
3.06
0.2
0
0
1.224
1.224
0
0
0
0.1
0
0.4
1.224
1.224
0
1.224
0.1
0
1.224
0
0
0
0
1.224
0.1
0
0.1
0.1
0
0
0
0
1.324
1.224
0
1.224
1.224
2.448
2.448
0
0
0
0
0
0
1.224
0
1.224
0
1.324
0
1.224
0
1.324
0
2.548
0.1
1.324
0.2
0.2
1.524
0
0.2
1.224
1.224
0
1.224
0.1
1.224
0
2.324
1.424
1.224
2.448
1.224
1.836
1.624
2.548
0
0
2.548
2.448
0.1
0.1
0
1.224
0
1.224
0.2
1.724
0
1.324
1.224
0
0.2
0
1.224
0.1
0.1
2.548
0
1.224
1.9
0
1.224
0.1
0
0.1
0
0
0
1.324
1.324
1.224
1.224
0
1.324
0
0
0
0
1.324
1.424
0
0
0
1.224
0
1.224
1.224
0
1.324
0
0.1
0.1
0.1
0
1.224
1.224
1.424
1.224
1.224
1.224
1.224
0
1
1.724
2.548
0
0
1.224
0
0
0
0.2
1.424
1.224
0
1.224
1.224
1.224
1.324
0
1.224
1.224
0.2
0.3
1.224
1.324
0
0
0.1
1.324
0
1.224
0
1.224
0
0
0.1
0
1.224
0.1
1.224
0
1.224
0
0
2.548
1.224
0
0
0
1.324
0
1.224
1.224
1.424
1.224
1.224
2.848
1.824
2.448
0.2
0
0.4
0
0
1.624
1.324
2.448
1.224
1.224
0
0
0
0.2
1.224
0
1.224
0.1
1.224
0
1.524
2.448
0
0
0
0
1.324
0
1.224
1.224
0
1.224
1.224
0
0.1
0
1.324
1.324
1.424
0
1.224
1.224
1.224
0
2.448
1.224
1.324
1.224
0
1.324
1.224
1.224
0
0
1.424
0
0
0
1.324
1.224
0
0
0
0.2
1.224
0.1
1.624
0
0
0
0.1
2.648
2.448
1.224
0
0
1.324
1.224
0
1.224
2.648
1.224
0
0
1.224
0.1
1.224
0.1
1.224
1.324
0
1.836
1.224
0.1
2.548
0
1.224
1.424
1.224
1.224
3.06
1.224
0.1
2.448
2.648
0
0
1.624
0.1
1.824
1.224
1.224
1.224
0
2.548
1.224
0
0.2
1.224
0
0
0
0
1.624
1.324
0
0
1.224
1.424
1.224
1.224
1.224
0
2.548
1.224
3.348
0.1
0.3
2.648
0
0
0.1
0.1
0.2
1.224
0.1
1.324
1.224
0.1
1.324
1.224
1.224
1.224
0.6
0
1.224
0.1
1.224
0
0.5
0.3
0
1.224
0.2
1.324
0
0
1.324
0
0
1.424
1.224
0
1.224
0
1.224
0.1
0
0.1
0.1
1.224
0
1.224
0
1.224
0
1.224
0.1
0.1
0
1.224
2.448
0
0
0
0
0
1.724
1.224
0
1.224
0
1.224
1.224
0
1.224
0.2
0
0
1.224
0
2.448
0
0.9
1.224
0
0.2
1.424
0
1.224
1.224
0
1.324
0
1.224
1.936
2.448
2.448
0
0.1
2.948
0
1.224
0
0
1.224
1.224
0
0.2
1.224
0
0
2.548
1.524
0
2.448
1.224
0
1.224
0.1
1.224
1.224
0
1.224
0
0
1.324
0
1.424
0.3
2.548
1.324
1.224
0
0
1.324
1.224
0
0
1.224
1.224
0
1.324
0
0.2
0
2.448
1.224
1.424
0
1.224
1.224
0
1.224
1.224
0
0.3
2.548
0
0
0
0
1.224
1.224
1.224
0.1
1.324
2.448
1.224
1.324
1.224
0
1.424
0
1.224
0.1
1.224
1.224
0
2.648
2.448
1.224
1.224
1.224
1.224
1.224
1.224
0
0.2
1.224
0
0
0
0
1.224
1.724
1.224
2.024
0.1
0.1
1.324
0.2
0.3
1.224
0
0
1.424
0
1.836
1.224
0.3
1.224
1.224
0.3
1.224
0
1.324
2.748
1.424
1.324
2.648
0.1
1.724
1.224
1.224
0
1.224
0.2
2.448
0
0
2.448
1.224
1.224
0
1.224
1.224
0
1.324
0
1.224
0
2.324
1.224
1.224
1.224
2.548
0.1
1.824
1.524
1.224
1.424
0
0
1.624
1.224
0.3
1.324
0.1
2.036
0
1.324
0.1
2.224
1.224
0.2
0
0
1.324
1.224
1.324
0
1.224
0
1.324
0
0.1
1.224
0
0.1
2.448
0
0.1
0
0.5
0
1.224
1.224
1.424
0.2
1.324
1.324
1.324
1.224
1.324
0
1.424
1.324
0
1.224
1.924
1.224
1.224
0
1.224
0
1.224
1.224
1.524
3.048
1.224
1.324
0
1.324
0
0
1.224
0.2
0.4
0
1.224
0.2
0.2
0.1
0
0.2
0
0.1
1.424
2.448
3.06
1.224
0
0
1.224
0.3
1.224
1.224
1.324
2.448
2.848
1.224
1.324
2.648
1.824
0
1
1.424
1.324
1.224
0.1
0
5.508
1.224
0
2.648
1.836
2.548
0
2.448
3.16
1.224
1.224
5.872
1.224
0
1.836
1.624
2.436
2.624
0.6
1.224
1.924
1.624
2.448
1.224
0.1
1.836
3.06
3.06
1.224
1.224
0
2.448
1.224
2.448
1.836
1.224
1.224
0.2
1.724
1.324
2.548
2.036
1.324
1.224
2.548
0.1
1.224
1.424
1.324
2.948
1.224
1.324
1.224
1.224
1.324
0
0.3
4.984
3.772
1.724
1.624
1.224
0
0
1.936
2.448
2.548
1.424
4.284
2.448
3.772
2.548
1.324
2.548
3.672
2.448
0
2.448
4.284
0
1.224
0
0.4
2.224
1.324
1.224
2.548
3.748
2.648
