0.1
0
4.072
4.884
3.772
1.836
0
1.224
0
0
0.1
1.224
0.1
0.3
0.4
0
0
1.224
1.224
1.224
3.06
3.16
1.224
1.224
1.836
1.324
1.324
2.448
3.672
2.448
1.224
2.448
0.1
0
0.1
0
0
0
0
0
0
3.36
0
0
0.1
1.224
0
0.2
0
1.224
1.224
0
1.324
0
0
1.224
0
0
0
1.224
0
0
0
1.424
1.836
0.2
0
0
1.424
0.3
0.1
1.424
0.1
1.836
3.56
0.1
0
0
0
0
2.648
0
1.224
0
0
0
0
0
1.224
1.324
0.1
1.224
0
0
0
1.224
1.224
0
1.224
1.224
0
0
0
0
3.06
0
0
0
0.1
0
0.1
0
0
1.224
0
2.136
0
1.224
0
0
0.6
0
1.224
0.1
0
0
0
1.224
0
1.224
0.2
0
0
0
3.16
0
1.224
1.224
1.224
0.2
0
1.224
0
1.324
0
0
1.224
0
0
0
1.224
0
0
0.1
0
0.1
0
0
0.1
0
0
0
0
0
0.1
0
1.224
0
0
2.024
0.1
0.2
1.224
0
1.224
2.548
0.1
0
3.06
0
0.1
1.224
0
2.448
0
2.548
1.424
1.224
0
2.448
0.2
1.224
0
1.224
1.424
1.224
1.224
0
1.224
1.224
1.836
1.224
0
0
0.6
0
0
1.324
2.548
1.324
2.448
0
1.424
0
1.836
0.5
0
2.036
0
1.836
0
2.448
2.748
3.672
3.672
2.548
2.448
2.448
3.772
2.448
3.872
3.672
1.224
3.672
4.484
0
2.748
3.06
1.836
1.324
3.672
1.224
4.896
1.224
0
1.224
0
1.224
1.224
2.336
0.1
0
0
0
1.224
1.224
1.836
0
2.448
1.224
4.584
0
0
0
2.448
0
0
2.448
0
2.448
0
0.1
0
2.448
0
0.1
2.448
0
1.224
0
2.448
1.224
3.672
3.672
3.772
0
1.224
1.224
1.224
3.06
3.06
3.672
0
0.1
0
0
1.224
0
0
0
1.224
0.1
0
0.1
0
0
0.1
0
1.324
0.1
3.16
0
1.224
1.224
1.224
2.448
0
1.224
0
1.224
0
0
0
0.1
0
0
0
1.224
0
0
1.324
1.224
1.224
5.096
4.896
0
0
0
0.2
0
0
1.224
0.2
0
0.1
3.26
1.224
4.284
0.1
0
1.224
0.1
0.1
0.8
1.224
3.672
0
0
1.224
1.224
1.224
0
1.224
1.224
1.324
0
3.06
2.448
3.672
2.448
2.448
1.224
3.16
3.06
1.224
0
1.224
0
0
0
2.448
2.448
2.448
0
2.448
1.224
3.672
2.448
1.224
3.06
1.224
3.772
4.984
2.448
4.284
1.224
1.936
1.224
1.224
2.448
3.672
8.444
1.224
2.448
2.448
4.284
3.672
3.672
4.484
3.672
1.624
2.448
2.448
3.06
2.448
1.224
1.224
2.448
2.448
1.224
4.384
5.608
2.448
2.548
1.224
4.284
4.284
2.448
4.384
5.608
4.384
1.224
4.384
3.16
5.808
2.548
1.224
1.424
2.648
2.548
5.508
4.384
2.448
2.448
2.448
7.344
2.448
2.448
4.384
4.284
2.448
3.06
2.448
2.648
1.224
1.224
3.06
2.448
3.16
5.908
2.648
2.448
2.448
3.56
5.508
1.224
1.424
2.648
3.56
2.448
2.548
1.324
1.224
4.384
3.772
2.548
2.448
4.284
1.324
2.648
2.448
1.224
1.224
1.224
2.448
1.224
3.772
4.284
2.548
2.448
1.224
2.448
9.144
5.708
1.224
3.06
2.448
2.448
3.772
3.672
3.06
2.448
3.36
1.224
3.06
2.448
7.344
4.584
2.448
1.224
1.324
3.772
3.672
4.284
3.672
5.608
4.284
2.548
5.508
1.224
1.624
2.448
1.224
4.284
2.448
3.672
4.484
2.448
4.284
1.224
3.672
3.772
3.872
2.448
1.224
3.672
1.224
1.224
2.648
1.224
2.648
2.548
2.448
1.224
4.584
2.448
5.908
5.608
2.448
1.224
1.224
1.224
5.608
2.648
1.224
4.896
2.448
3.772
2.548
1.224
2.548
1.224
1.224
1.224
1.324
4.284
3.36
4.684
4.284
3.672
2.448
1.324
2.448
4.284
2.448
3.06
2.448
2.448
2.448
1.324
2.448
2.448
2.448
1.224
1.224
4.384
3.672
1.224
2.448
4.384
2.548
3.672
3.06
3.26
1.224
1.224
2.448
2.448
3.06
3.672
1.224
2.448
2.748
1.224
3.672
2.448
4.484
2.548
2.448
2.448
1.224
2.448
4.684
3.06
1.224
3.06
1.224
3.06
1.924
3.672
3.772
2.448
3.06
1.224
4.384
2.448
4.284
5.608
3.772
3.06
3.06
4.784
3.06
6.12
2.448
2.448
7.744
2.448
3.06
4.284
2.448
5.508
3.06
1.224
4.384
2.548
1.224
3.36
2.448
4.384
1.224
1.224
1.224
3.16
2.448
3.672
4.384
5.908
2.448
1.224
3.872
3.26
3.872
6.12
3.16
2.448
1.224
4.284
3.672
1.224
3.672
2.448
3.872
3.672
4.684
1.224
3.672
2.448
4.484
3.672
3.06
4.284
4.384
1.224
5.508
2.448
2.448
3.672
4.384
1.224
3.772
4.896
2.448
2.448
2.448
3.06
2.448
1.324
2.448
3.672
3.672
4.384
2.448
2.448
3.672
3.06
1.224
2.448
6.22
1.224
5.608
1.224
3.672
2.448
1.224
1.224
2.448
3.672
2.448
2.448
1.224
3.772
4.284
1.324
1.224
3.06
3.06
2.448
5.508
2.448
3.16
2.448
3.16
5.708
2.448
7.644
2.448
7.544
4.284
2.448
3.772
3.06
2.548
2.548
2.448
3.672
3.672
4.284
4.284
1.224
1.324
4.284
2.548
2.448
3.672
2.448
3.672
1.424
3.972
1.224
1.224
1.224
3.672
2.448
1.324
2.448
4.284
2.448
4.384
4.484
2.648
3.772
1.224
2.448
2.448
1.224
3.672
3.672
3.672
1.224
4.284
4.284
3.672
1.224
2.448
7.444
2.448
2.548
1.224
2.548
2.548
4.384
5.508
2.448
2.548
3.06
3.672
3.06
2.448
2.648
5.708
1.324
6.12
2.448
2.448
3.06
2.448
1.224
5.808
3.672
1.224
3.672
5.508
5.608
3.672
2.448
2.448
2.448
3.672
2.648
2.448
5.508
5.608
4.896
5.508
1.224
1.224
1.224
1.224
3.672
1.224
1.224
4.384
7.344
1.324
7.444
1.224
1.324
1.224
1.224
3.06
1.224
2.548
3.672
3.772
2.448
3.672
2.448
3.06
2.448
2.448
2.448
3.672
3.672
3.06
3.672
3.672
1.224
1.224
2.448
2.448
4.384
2.448
2.448
2.548
1.224
1.224
3.672
1.224
3.672
3.672
2.448
3.672
7.644
2.448
5.808
3.36
3.26
1.224
7.344
2.448
4.284
2.448
4.284
2.448
4.284
2.448
1.224
2.448
4.284
3.772
3.672
1.324
3.06
2.548
2.448
1.224
1.224
2.448
1.224
1.224
3.06
2.448
1.224
1.224
2.648
4.384
2.448
1.224
1.424
4.284
2.448
1.224
2.448
3.672
1.324
5.808
4.284
3.06
3.16
2.448
5.708
6.108
2.548
3.672
4.384
3.672
4.484
3.672
3.672
2.448
3.972
3.672
2.548
1.224
5.508
3.672
2.648
3.672
3.672
3.672
4.284
4.284
4.284
5.508
2.448
3.672
2.448
5.608
5.708
5.708
3.772
2.448
2.448
3.672
1.224
1.224
1.224
3.16
2.448
4.584
4.684
5.608
5.608
3.672
2.748
2.448
2.448
6.12
2.548
6.12
4.284
4.384
4.384
3.672
2.448
4.284
4.384
4.384
4.284
2.648
4.384
4.384
1.224
3.672
1.224
3.672
3.672
2.548
2.448
3.672
3.772
3.672
2.448
3.06
3.06
3.872
3.26
1.224
2.548
2.648
2.648
3.872
1.224
1.224
1.224
0.1
1.524
4.284
0
3.06
1.836
0.2
1.836
0.1
0
2.448
4.284
1.224
2.448
0
0
1.836
1.324
0
0.1
1.224
0
0
1.224
0
0
1.224
0
1.324
1.424
0.2
1.324
0.1
0
1.324
0
0
0
1.324
1.224
0
1.324
0.1
1.836
1.224
0
0
1.224
1.224
1.224
1.224
2.024
0
1.224
0
1.224
0.1
1.224
0
0
1.524
1.224
0
1.836
1.836
1.224
2.448
1.524
1.224
0.4
0
0
1.836
0
0
0.1
1.224
1.224
0.2
1.224
1.224
0.1
1.524
1.224
1.224
0
2.448
1.324
1.224
0
0
2.448
1.324
1.424
1.224
1.224
1.224
0.1
1.836
1.424
1.424
1.224
0
1.224
1.836
1.724
0
1.224
2.448
0
1.836
0
0.1
0
0
0
1.324
1.224
1.224
0
1.524
1.224
1.224
1.224
0
0
1.224
0.1
3.06
1.224
1.424
1.324
1.224
1.224
0
1.224
1.224
0.1
1.224
1.224
0
0
0.1
1.224
3.26
0
0
0
1.324
0
1.224
1.224
1.224
0.1
0
1.224
0.1
0.2
1.224
1.224
1.224
1.224
1.324
1.424
0.1
1.224
0.1
0
0
1.224
1.324
1.224
1.224
1.224
0.1
0
0
1.224
0
1.836
0.1
0.1
1.224
1.224
1.224
0
1.324
1.224
0
1.224
1.224
0
1.224
0.2
1.224
0
0
1.224
0
0
1.424
1.424
1.324
2.448
1.224
1.224
0.3
1.324
0
1.224
0
1.224
1.224
0
0.1
0
0.3
0
0
1.224
1.224
1.224
1.224
1.524
0
2.548
1.324
1.224
1.224
0
3.16
1.224
0
0
3.06
0
1.224
1.224
1.224
1.324
1.324
0.2
1.224
0
1.224
0
0
0
1.224
0.4
0
0
0
1.936
0
1.224
1.224
0
1.224
2.548
0
0
0
0
0.2
1.324
0
1.224
0
1.936
0.4
1.224
1.224
1.224
0
1.224
1.224
1.224
2.448
1.224
0
1.224
1.224
1.224
1.324
1.224
1.224
1.224
3.06
1.224
0
1.224
1.836
0
1.224
1.224
1.224
1.224
0
0.2
0
0.2
0
0
1.424
0
1.224
0.1
1.224
1.936
0
1.224
1.724
0
0
0
2.448
0
1.224
1.224
1.224
0
1.224
0
1.224
0
1.224
0.1
1.224
1.224
1.224
1.324
1.324
0.2
1.224
0
0
0
1.324
1.324
1.224
0.5
1.224
3.06
1.324
0
0.1
0
0
3.06
1.224
0
0.1
1.324
0.1
0
0
0
2.448
0.1
0
2.448
1.224
1.224
1.224
0
1.224
1.224
1.224
1.224
1.836
0
1.224
0.1
0
1.224
0
1.224
1.224
2.448
0
1.224
1.224
2.448
1.224
1.224
0
2.548
0
0
1.224
1.224
0
1.224
0
1.224
0.1
0
3.772
1.224
1.224
0
3.16
1.224
1.224
0
1.224
1.836
0.1
0
2.448
1.836
1.224
1.224
0.1
1.324
0.1
0
0.1
2.548
1.224
0
0
1.224
1.224
0
0
1.224
1.836
0
0
0
0
1.324
1.224
0
0
1.224
1.224
1.224
2.036
1.424
1.624
1.424
0
1.224
0
0
1.324
0.1
0
2.448
1.224
2.448
0
3.16
1.324
0
1.224
1.224
0
0
1.224
1.836
0
1.224
0
0
1.324
0
1.524
0
1.224
1.224
1.324
0
1.224
2.548
1.224
1.324
1.324
1.224
0
1.224
3.06
1.936
1.324
0
0
1.224
0
1.224
0
0
0.2
0.1
1.224
0
0
1.224
0
1.224
0
1.224
0.2
1.224
0.2
0
1.224
0
0
1.324
0
1.424
0
0
0
0
0
1.224
0
0
0
1.424
0
1.324
0
0
1.224
0
1.224
2.448
1.936
0
0
0
1.224
3.26
1.224
0
1.224
0
2.448
0.1
1.324
1.424
2.448
1.224
0
1.224
1.224
1.324
1.324
0
1.224
2.548
0
0
1.224
0
0
1.224
1.324
0
1.224
0.2
1.524
0
1.224
0
3.06
1.224
0
0
3.06
1.224
1.224
0
1.224
0
0
0
1.324
3.06
0
0.1
1.324
2.548
0.1
1.224
0
0
0
1.324
2.548
1.224
1.224
1.224
0
0
0
0
1.224
0
0
0
0
1.224
1.324
1.324
1.324
1.224
1.224
2.448
1.224
0
2.548
1.224
0
0.1
0
2.448
2.448
0
1.224
0
0
1.224
1.224
0
1.224
0
2.448
0.1
0.5
0
0
0
0.2
1.424
2.448
0
0
2.748
1.224
1.836
2.548
1.224
3.06
0.1
2.036
0
0
0
2.748
0.1
0.1
1.224
0
0.1
2.448
0.1
1.224
0
1.224
3.06
1.224
0
1.836
0
0
1.324
1.224
0
1.224
0
1.224
1.224
3.06
0.6
1.224
1.224
0
1.224
0.2
1.724
0.1
0
3.26
1.224
0
1.224
0
0
0.1
0
3.26
1.836
1.224
1.324
3.148
1.224
1.324
1.224
1.836
1.324
0
1.224
1.224
0
1.224
2.448
1.224
1.224
0
1.224
1.224
0
1.324
0
1.224
0
1.324
1.836
0
1.524
1.224
0.1
0.1
0
1.224
1.224
1.224
1.224
1.224
1.224
3.06
0.3
1.836
0
1.224
1.324
1.224
1.324
0
1.424
0.2
1.224
0
1.224
0
0
1.224
0
1.624
1.224
1.224
1.224
1.224
1.224
1.224
0
1.324
0
3.26
2.448
2.548
4.284
2.548
0
3.06
0
1.224
1.836
0
0
1.224
0
0
1.224
0
0.1
0
0.5
0.1
1.224
0
0
0
4.284
0
1.836
1.324
3.06
1.224
0
1.224
3.06
1.836
0
4.884
1.224
1.224
3.672
1.324
3.16
0.3
1.524
0
0.6
2.448
4.384
0.1
1.224
3.06
1.836
1.936
1.224
1.836
1.836
1.224
0.1
1.224
3.672
3.06
2.448
0
0
2.448
1.324
3.16
1.224
1.324
1.224
0
0
1.224
0
1.524
2.448
2.448
0.1
1.224
1.224
1.224
0
4.884
2.448
1.224
1.324
0
0
1.224
1.936
3.672
3.672
2.448
5.508
1.324
2.548
3.672
2.448
3.672
2.448
3.672
0
2.448
4.896
1.224
0
0
0
0.6
0.1
0
1.324
1.324
1.324
