0
0.1
4.572
4.984
5.096
0
0
1.224
0
0
0
1.224
1.224
0.1
0.2
0
1.224
1.224
1.224
1.224
1.224
1.324
1.224
1.224
1.936
1.224
1.424
2.548
3.672
2.448
1.324
2.448
0.4
0
1.324
0.1
0
0.1
0
0.1
0
1.824
0
0
0.1
1.224
0
1.224
0
1.224
1.224
0
1.324
1.224
0
1.324
1.224
1.224
0.1
1.424
1.324
1.324
0
1.324
0
0
1.224
1.324
1.324
1.424
0.1
2.448
1.524
0
1.624
0.1
1.224
0.2
1.224
0
2.448
1.224
1.224
1.224
0
1.224
1.224
0
1.224
2.548
0
1.224
1.324
1.224
1.224
1.324
1.224
1.224
1.224
1.224
0
1.324
1.324
0
3.06
0
0
0.2
1.224
0.1
1.424
1.224
0
2.448
0
0.2
0.1
2.448
0.1
0
2.024
0
1.224
1.524
1.224
0
0
1.224
0
2.648
0.1
0
1.324
0
1.224
0.1
1.324
2.448
1.224
0.1
0.1
2.548
1.224
1.224
1.224
1.224
1.324
1.224
0
1.224
1.224
0.1
0.1
0
0.3
0
1.224
0
0.1
0
0
1.224
0
1.224
0
1.224
1.224
1.224
0
1.624
1.224
1.224
2.448
0.1
2.448
2.648
1.324
1.224
1.224
0.1
0.1
2.448
0
3.672
0
3.772
1.424
2.448
1.224
3.672
0.1
1.224
0
2.448
2.448
1.324
1.324
0.1
1.224
1.224
1.224
1.224
0
1.324
0.7
1.224
0
1.224
2.548
1.224
2.648
0.1
1.524
1.224
0
1.824
0
1.524
0
1.224
1.224
2.548
2.848
3.672
3.672
2.448
2.448
2.448
3.972
3.672
3.872
3.672
2.448
1.836
4.584
0
4.072
1.224
0
1.224
1.836
1.724
3.36
1.224
1.224
1.224
1.224
2.448
1.224
2.236
0
1.224
1.224
1.224
1.224
1.224
1.224
1.224
2.448
1.324
4.384
1.224
0
0.2
2.448
1.224
0
2.448
0.1
2.448
0
0.1
0.1
2.548
1.224
0
2.448
1.224
2.448
1.224
3.672
2.548
4.896
3.672
4.896
0
1.324
1.224
2.448
1.324
1.224
3.772
1.224
1.624
0
0
1.224
0.1
1.224
0
1.324
1.324
0
0
0
1.224
1.324
1.224
1.224
1.224
4.384
1.224
2.448
1.224
1.224
2.648
0
1.224
0
1.224
0
0
0.2
0
1.224
0
1.224
1.224
0
1.224
1.624
2.448
1.224
3.16
3.06
1.224
0
0
0.3
0
1.224
1.324
1.824
1.324
0.1
3.06
1.224
4.384
0
1.224
1.224
1.224
1.524
1.824
1.224
1.836
0
1.224
1.224
2.448
1.324
0
1.224
1.224
2.448
0
3.06
2.448
1.836
2.448
2.448
1.224
3.06
3.06
1.224
1.224
2.648
0
0
0
2.548
2.848
2.448
1.224
2.448
1.224
3.672
2.648
1.324
3.06
1.224
3.672
5.284
3.672
4.484
1.224
0
1.324
1.224
2.448
3.672
5.608
1.224
3.772
3.672
2.448
4.896
4.896
4.384
3.672
1.924
2.548
3.772
1.224
2.548
2.448
1.324
2.448
3.672
2.448
2.448
3.772
2.448
2.748
1.224
4.284
2.448
3.772
4.684
5.608
5.508
2.448
4.284
3.26
5.508
2.648
1.224
2.648
2.648
2.448
5.508
2.648
3.772
2.448
2.448
5.608
3.672
3.672
4.684
2.448
2.448
1.224
2.448
3.772
2.448
1.324
1.524
3.772
3.06
5.708
2.548
3.672
2.548
3.56
5.508
2.548
1.324
2.848
1.524
2.448
2.648
1.624
1.224
4.384
3.872
2.648
2.548
3.672
1.224
2.548
3.672
1.224
1.224
1.224
2.448
1.224
4.896
4.284
2.448
3.672
1.224
3.672
5.708
8.932
1.324
1.224
2.448
2.448
3.772
3.672
1.224
3.872
3.46
1.224
3.16
3.672
5.508
4.384
2.448
2.448
1.224
5.096
3.672
2.448
3.672
6.832
2.448
2.448
5.508
2.448
2.648
2.448
2.448
4.284
2.448
3.772
5.908
3.672
2.548
1.224
3.672
3.872
3.772
2.448
1.224
5.196
1.324
1.324
2.648
1.324
2.448
3.772
3.672
1.224
4.484
2.448
5.608
3.772
3.672
1.324
1.224
1.224
5.508
2.448
1.224
3.06
2.448
3.772
2.548
1.224
3.772
1.324
2.448
2.448
2.548
2.448
2.548
4.584
2.548
3.772
2.448
1.424
3.672
4.284
2.448
1.224
2.448
2.448
2.448
1.524
2.648
2.448
3.672
1.224
1.324
2.548
3.672
1.224
2.548
4.384
2.448
3.672
2.448
3.26
1.324
2.448
2.448
2.448
1.224
3.672
2.448
2.548
4.572
1.224
3.672
2.448
2.648
2.448
2.448
2.448
1.324
3.772
4.584
2.448
1.224
3.36
1.324
3.06
1.724
3.672
3.672
2.448
3.26
1.324
5.608
2.448
4.384
5.508
3.672
3.06
3.06
5.508
3.06
4.284
3.672
2.448
5.608
2.448
3.06
4.284
2.548
5.508
1.224
2.448
4.284
2.448
1.224
3.36
2.448
4.884
2.448
1.224
1.324
3.36
2.448
3.672
2.848
5.608
2.448
1.224
3.972
3.16
3.672
4.284
2.448
3.672
1.224
4.484
4.996
1.224
3.672
2.548
3.872
3.672
5.608
1.224
4.896
2.648
4.384
3.872
3.06
4.284
2.448
1.224
5.508
2.448
2.448
4.896
4.284
1.224
3.672
3.06
2.548
3.772
2.448
3.06
3.672
1.324
3.672
3.672
3.672
4.284
2.448
3.672
4.896
1.324
1.224
2.548
4.284
1.224
5.608
2.448
3.672
2.448
2.448
1.224
2.548
3.672
2.448
2.448
1.224
3.672
4.384
2.448
1.224
3.26
1.224
2.448
5.708
2.548
1.224
2.448
3.16
5.608
2.448
5.508
3.672
5.508
4.384
2.448
3.772
4.284
2.548
3.772
2.448
3.872
3.672
5.508
4.384
2.448
1.224
4.284
3.672
3.672
3.672
2.448
4.896
1.824
3.972
1.324
1.224
2.448
4.896
3.672
1.224
2.448
2.448
2.448
2.748
3.672
2.548
3.872
1.224
3.672
2.448
1.224
3.672
3.872
3.672
1.224
4.484
4.384
3.772
1.424
3.672
5.508
2.448
2.548
2.448
2.548
2.448
2.848
5.608
2.448
3.972
3.16
3.672
2.448
2.648
3.772
3.972
1.224
4.284
2.548
2.448
1.224
3.672
2.448
5.508
3.772
1.224
3.672
5.508
5.508
3.672
2.448
2.448
2.548
3.672
2.548
2.448
4.996
5.608
3.16
4.996
1.224
1.224
1.224
1.224
3.872
2.448
2.448
5.608
5.608
1.324
5.508
1.224
1.224
1.224
1.224
3.16
2.448
2.448
3.672
3.772
3.672
4.896
2.448
1.224
3.672
3.672
3.672
3.972
3.672
3.06
3.672
5.196
2.448
1.324
2.448
2.448
2.448
2.448
2.448
2.548
1.424
1.224
4.996
2.448
3.672
4.896
2.448
4.896
5.608
2.448
6.008
4.684
3.16
1.224
5.608
2.448
4.284
2.448
2.448
2.748
4.284
2.448
1.224
2.448
4.284
3.672
3.672
1.524
3.06
2.548
3.672
1.224
2.448
3.672
1.224
1.324
3.06
3.672
2.448
2.748
2.648
5.608
2.548
2.448
1.224
4.284
2.448
2.448
2.448
4.996
1.324
3.872
2.448
1.224
2.548
2.448
5.808
5.808
2.448
4.896
4.384
4.896
2.448
4.896
4.072
3.672
5.396
4.896
2.748
2.548
5.508
4.896
3.872
4.996
3.772
3.772
2.548
2.548
2.448
5.508
2.448
4.996
2.448
5.508
5.608
5.508
3.672
3.772
3.672
4.996
2.448
1.224
1.224
3.06
2.448
4.784
3.972
6.108
3.772
3.672
3.772
2.448
3.672
4.384
2.448
4.284
3.672
3.872
3.672
3.672
2.448
2.448
2.548
3.872
3.672
3.672
2.548
4.284
2.448
4.996
2.548
3.672
3.972
2.548
2.448
3.672
3.672
3.772
3.672
3.06
3.16
4.996
3.26
1.224
2.448
2.948
2.448
1.936
1.224
1.224
1.324
1.224
2.748
4.284
1.224
2.448
1.836
0.3
0
1.324
0
2.448
4.284
2.448
2.448
0.1
0
0
1.324
0
1.424
1.324
1.224
0
1.224
0
0
1.324
0
2.848
1.224
0.3
1.224
0
1.224
1.224
1.224
1.224
0
1.224
1.224
0.1
1.224
1.224
1.936
1.324
0
0
1.224
1.224
1.224
1.224
2.024
0.1
1.224
0
1.224
0.3
1.224
0
0
1.624
1.224
1.224
1.936
0
2.448
2.448
1.424
1.224
0.3
0
0
0
1.224
0
1.224
1.224
1.224
0.1
1.224
1.224
0
2.448
1.224
1.224
1.224
2.548
2.448
2.448
0
1.224
3.772
1.324
1.224
2.448
1.224
1.224
0.1
0
1.824
1.224
1.224
1.224
1.224
1.936
1.624
1.224
1.224
3.772
0.1
1.224
1.224
1.224
0
0
1.324
1.224
1.224
2.548
0
2.648
1.224
1.224
1.224
1.224
1.224
2.448
0
1.224
1.224
1.224
1.224
1.224
2.448
1.224
1.224
1.224
0.1
1.224
1.224
0.1
1.324
1.224
1.224
1.324
0
1.224
0
2.448
1.224
1.224
2.448
1.224
0.1
1.224
1.224
1.224
0.1
1.224
1.324
1.224
1.224
1.224
1.324
0
1.224
0.3
0
0
1.324
1.224
2.448
2.448
2.448
0.2
1.224
0
1.324
0
1.836
0.2
0.2
1.224
1.224
1.224
0
1.324
1.224
1.324
1.224
2.448
1.224
1.224
0.1
1.224
0
0
1.224
1.224
1.224
1.224
1.324
2.448
2.448
1.224
1.224
2.024
1.224
0
1.224
1.224
1.224
1.224
1.224
1.324
0.2
0.1
1.224
0
1.224
1.324
1.224
1.224
1.324
0
3.672
1.324
1.224
1.224
0
1.224
1.224
0
0
1.224
0
1.224
2.448
2.448
2.548
1.224
0.2
2.748
1.324
1.224
0.1
0
0
1.224
1.824
0.1
0
1.224
1.224
0
2.448
1.224
1.224
1.324
2.448
0
1.224
0
1.224
1.324
1.224
1.224
1.224
0.1
0
1.624
2.448
1.224
1.224
1.224
1.224
1.224
1.224
2.448
2.448
0
1.224
2.448
1.324
1.424
2.448
1.324
1.224
1.224
2.448
1.224
1.224
0.1
0
1.224
1.224
1.224
1.324
1.224
0.1
0
0
0
0
1.524
0.2
1.424
1.324
1.224
1.424
1.224
1.224
1.324
0
0
1.224
2.448
1.224
2.448
1.224
2.548
0
2.448
1.224
1.324
0
1.224
0
2.448
1.324
1.224
2.448
1.224
0.2
2.448
0
0
1.224
1.224
1.224
1.224
1.424
1.224
1.224
2.548
0.1
1.324
0
0
1.324
1.224
0
0
1.224
0
1.224
0
0
2.548
0.1
1.224
3.772
1.224
1.324
1.224
0
2.448
1.224
1.224
1.224
0
0
1.224
0.1
1.224
2.448
1.224
1.224
1.224
2.448
0
1.224
1.224
3.672
1.224
1.224
1.224
2.448
0
1.224
2.448
1.224
1.224
1.224
1.224
1.224
0.2
1.224
1.936
2.448
1.324
0
1.424
1.224
1.224
1.224
1.224
1.836
0.1
0
2.648
0
2.648
1.224
0.1
1.224
0.3
0
0
3.772
2.448
0.3
0
1.224
1.424
0
0
1.224
1.224
0
0
1.224
0
1.224
1.224
0.1
0
1.224
1.224
1.224
0
1.224
1.724
1.324
1.224
1.224
0
1.224
2.448
0
0
2.548
1.224
3.672
0
1.424
1.224
0.1
1.224
1.224
1.224
0
1.224
0.1
0.1
2.448
1.524
1.324
2.448
1.324
1.324
0
1.224
1.224
2.548
1.224
2.448
2.448
1.324
1.224
2.448
1.224
1.224
1.424
1.224
0
1.324
1.224
1.224
1.224
1.224
1.224
1.224
0
0.3
0.2
1.224
0
0
1.224
0
1.224
1.224
2.448
0.3
1.224
1.224
0.1
1.224
0
0
1.224
0
2.548
1.224
1.224
0.1
0.1
0
1.224
1.424
0
1.224
1.324
0.1
2.448
1.224
0.1
1.224
0
1.224
2.448
1.836
0
0
0
2.548
1.524
1.224
0
1.224
1.224
2.448
0
1.224
2.448
3.772
1.224
1.224
1.224
1.324
2.448
1.224
0
2.448
2.548
0
0
2.448
1.224
1.324
1.224
1.324
0.1
1.224
1.324
1.324
0.1
1.224
0
1.224
1.224
0
0
2.448
1.224
1.224
0.1
1.324
0
1.224
1.424
2.648
1.224
0
0.1
1.224
3.672
0.2
1.224
0
0
0
2.448
3.672
2.648
2.548
1.224
0
0
0
0.1
1.524
0
0
0
0
1.224
2.548
1.324
1.224
1.224
2.448
3.672
1.224
0
2.448
1.224
0
0
0
2.448
3.672
0
1.224
1.224
1.224
1.224
2.448
1.224
1.224
0
2.648
1.224
1.324
1.324
1.324
0
1.324
1.624
3.672
1.224
1.224
2.648
1.224
1.936
2.448
1.424
1.324
0
0
0
0
0.1
2.548
0.1
0
1.224
0
0.2
2.448
0
1.224
0
1.324
1.224
1.324
1.224
0
0
0
1.224
1.224
0
1.224
0
1.324
1.224
1.324
0.5
1.224
1.224
0
1.224
1.424
1.524
0.3
0
1.324
1.324
0
1.224
1.224
1.324
0
0
3.26
0
1.224
1.324
3.972
1.224
1.224
1.224
1.224
1.224
0
1.224
1.224
0
1.324
2.548
1.224
1.224
0
1.224
2.648
0
1.324
1.224
1.224
1.324
2.448
0
0
1.424
1.224
0
0
0
1.224
2.548
2.448
2.748
1.224
2.448
1.224
0.5
0
0.2
2.548
1.224
1.224
2.448
0.1
1.324
0.3
1.224
0
1.224
1.224
1.324
1.224
0
1.724
2.548
2.448
1.224
2.548
1.224
1.224
0
1.524
0
2.648
2.448
2.448
4.284
2.448
1.224
1.224
0
1.424
1.224
1.224
0
1.224
0.3
0
1.224
0.1
0.2
1.224
0.4
0.1
1.224
0
1.224
1.224
4.284
0
0
1.324
3.06
1.224
1.224
1.224
3.26
0.1
0
3.448
1.324
2.448
1.836
1.324
3.36
1.524
1.424
1.224
0.3
2.548
2.548
0.1
1.224
3.16
1.836
1.936
2.448
1.224
0
1.224
0.1
2.448
1.836
1.324
2.448
0
0.1
2.448
2.548
3.06
1.224
1.224
1.224
1.224
0
1.224
0.1
2.948
2.448
2.448
0
2.448
1.224
1.224
0.1
4.884
2.448
1.324
1.324
0.1
1.224
2.448
2.036
3.772
4.896
2.548
5.708
1.224
2.448
3.672
3.672
4.896
3.672
4.996
1.324
2.448
4.284
2.448
0
1.224
0.1
0.5
0.1
0
1.224
1.524
1.324
