0.8
0.3
4.872
2.748
3.972
0
0
1.224
0.3
0
0.2
1.224
0.3
1
0.3
0.1
0
1.224
1.324
1.224
2.448
2.748
1.224
1.224
0.4
1.224
1.324
4.072
4.896
3.672
1.224
2.448
1.3
1.224
0.2
0.3
0.1
0
0.1
0.9
0
2.424
0.1
0
0.2
1.524
0.3
0.2
0.6
2.848
1.324
0.2
3.448
0
0.1
1.324
0.2
0.1
0.1
2.124
1.3
0.6
0
1.724
0.3
0
0
0.1
1.424
1.2
0.5
1.824
0.3
0.2
2.324
0.6
1.224
0.5
0.1
0
3.248
0.1
1.324
0
0
0
0
0
1.324
2.024
0
1.424
0.1
0
0
1.224
1.324
0
2.448
1.324
0
0.6
0.5
0
1.224
0.1
0
0.9
0.1
1.224
0.6
0.1
0
1.224
0
0.1
0.1
1.424
0.2
0.2
2.1
0
1.224
1
0.1
1.324
0.2
1.224
1.424
1.824
0.1
0.2
0.1
1.424
1.724
0.9
1.524
1.424
1.724
1
0
1.424
0
2.224
0.1
0
1.224
0
0.2
0.1
1.224
0
0.2
0.1
1.2
0.5
0.2
0.3
0.7
0.1
0.2
0.1
0.1
0
0.4
0.1
1.224
0
0.2
4.324
0
0.6
1.224
0.2
1.224
3.048
0
1.224
2.448
0.8
0.4
4.948
0
2.448
0.5
3.148
2.424
1.324
0.1
2.448
0.3
1.324
0.4
1.824
1.424
2.124
1.224
0.3
1.224
1.324
0
1.224
0
1.524
1.7
0
0.1
1.624
2.848
1.424
2.448
0.1
1.524
0
0
2.6
0
0.7
0
1.224
0
3.772
3.448
4.996
3.672
2.848
2.448
2.448
4.272
2.448
3.872
3.672
1.224
0
2.448
0
4.648
1.324
1.224
1.624
0
2.124
1.624
1.224
0
1.324
1.224
2.448
1.324
0.5
1.224
0
1.224
0
1.224
1.224
0
0
2.548
1.524
3.772
0
0.1
0.1
3.672
0
0.3
3.672
1.324
3.672
0
0.3
1.224
2.548
0.4
1.224
2.448
1.324
1.224
0
2.448
2.448
5.696
4.896
3.972
0
2.648
2.448
2.648
2.448
2.448
4.896
0
0.7
0
0
2.448
0
0.1
0
1.224
0
0.3
0.4
0.1
0
0.2
0.3
1.224
0
1.624
0
1.324
1.224
1.224
2.448
0
1.224
0
1.224
0.1
0
0.2
0.3
0.2
0
0
2.448
0.1
0
2.024
1.224
2.448
1.324
1.424
0
1.224
0.1
1.3
0
0
1.224
2.224
0
0.4
1.424
2.548
2.448
0.2
0
1.424
0.3
1.1
2
1.224
0
0
0.2
1.324
1.724
1.324
0
1.324
1.224
1.224
0
1.224
3.672
0.1
2.448
2.448
1.324
2.548
1.224
1.224
0
3.048
0
0
0
2.448
2.948
3.672
0
2.448
1.324
5.096
3.148
1.424
1.324
1.224
3.672
4.148
2.448
2.648
1.224
0.1
2.748
1.224
2.448
3.672
3.872
1.224
3.972
3.772
3.672
4.996
4.896
4.172
3.772
2.024
3.248
2.448
2.448
3.872
1.324
1.724
2.448
2.548
1.224
3.672
3.672
3.972
2.648
1.224
3.872
2.448
2.548
3.972
3.772
2.448
1.424
2.648
1.224
5.496
2.748
1.424
1.924
2.448
2.448
3.672
2.448
2.448
2.448
2.848
3.672
3.672
2.448
3.972
2.548
2.448
1.224
2.448
3.048
1.324
2.648
2.548
3.672
1.324
4.172
2.548
2.548
2.448
2.424
3.872
1.324
1.524
4.048
1.624
2.448
3.348
3.148
1.224
2.548
4.072
3.048
2.648
2.448
1.324
2.748
2.448
1.224
1.224
1.424
2.648
1.324
3.772
2.548
2.548
2.448
1.224
3.672
3.772
3.772
2.548
2.448
2.448
3.672
16.02
3.672
1.224
3.048
1.624
1.324
1.224
3.672
3.672
2.948
2.448
2.448
1.224
4.072
3.772
2.448
4.896
3.672
2.648
2.648
3.772
1.224
2.124
2.448
1.224
3.672
2.448
6.72
3.248
3.672
3.672
1.224
3.672
3.972
4.372
2.448
1.224
5.196
1.224
1.324
2.548
1.524
2.848
3.672
2.648
2.448
2.448
2.648
4.972
4.272
3.672
1.224
2.548
1.224
3.772
2.648
1.224
1.224
2.448
4.072
2.448
1.324
2.448
1.224
1.324
1.224
1.324
2.448
3.048
2.948
3.772
3.672
2.448
1.324
2.448
2.548
2.448
2.448
2.448
3.672
2.448
2.124
2.848
2.448
2.648
1.224
1.224
3.872
4.996
1.324
2.548
2.648
2.448
3.772
1.224
2.948
1.224
1.224
2.548
2.448
2.448
3.672
1.224
2.548
3.672
1.224
3.672
2.448
2.848
2.648
2.548
2.448
1.224
2.448
4.572
1.224
1.424
3.148
1.224
1.224
2.224
4.072
3.672
2.448
1.424
1.224
2.448
2.448
2.548
4.996
8.996
1.224
1.224
2.448
2.548
2.648
2.448
3.672
3.672
3.772
1.324
3.772
2.548
5.096
1.224
2.448
4.548
3.672
1.224
1.724
2.448
2.748
1.224
1.224
1.624
1.724
4.072
4.896
3.772
4.896
2.448
1.324
3.972
1.324
5.696
2.548
2.448
2.548
2.448
2.548
3.872
1.224
3.672
3.772
3.672
3.672
2.848
1.324
3.672
2.848
3.048
4.072
1.324
2.448
4.572
1.224
4.896
2.448
3.772
3.972
2.548
1.324
5.196
1.224
2.448
3.772
2.448
1.424
2.448
2.648
3.672
3.772
4.996
3.972
2.548
2.648
3.672
2.648
1.424
3.872
2.648
1.224
3.672
1.224
3.672
3.772
1.224
1.224
2.448
4.272
2.448
3.672
1.224
3.672
2.648
1.224
1.224
1.224
2.448
4.896
3.672
3.672
2.024
2.548
1.524
4.996
2.448
3.872
2.448
3.672
5.248
2.448
3.972
2.548
2.848
2.548
2.748
5.096
3.872
2.448
3.972
1.224
1.224
3.872
2.748
3.772
3.672
2.648
3.672
2.424
10.596
1.624
1.324
1.324
4.996
2.448
1.224
2.448
3.672
2.448
3.772
2.448
2.848
3.672
1.224
2.448
3.672
1.224
3.672
5.096
3.672
1.224
2.448
2.548
3.772
1.424
3.672
3.772
2.448
3.872
1.224
2.848
2.948
3.872
5.196
3.672
2.548
1.224
3.772
2.448
2.648
3.248
3.772
1.224
2.448
2.548
3.672
1.224
2.448
1.224
4.272
3.972
1.224
5.796
3.672
3.672
5.196
3.672
2.448
2.448
3.672
3.872
2.448
3.972
3.772
2.448
3.672
1.324
1.324
1.224
2.548
3.772
1.224
1.224
2.648
3.672
1.224
3.672
1.224
1.224
1.224
1.224
1.424
1.224
2.448
5.596
3.772
2.448
4.996
2.448
1.224
3.672
2.748
2.448
5.196
4.896
1.224
4.996
6.596
1.224
1.224
3.672
3.672
3.772
2.648
2.548
2.848
1.824
2.448
4.272
1.224
3.672
3.672
2.448
3.772
3.772
2.448
5.496
1.924
2.548
1.224
3.672
2.448
3.672
2.448
2.548
2.548
3.672
3.672
1.424
2.448
3.672
5.296
3.672
2.648
1.324
2.548
2.448
1.224
1.224
3.672
2.448
2.548
1.224
2.448
1.224
1.424
3.248
2.548
2.648
1.224
1.224
2.448
2.448
1.224
3.248
3.672
1.724
3.872
3.772
1.324
1.324
2.448
4.072
4.572
2.848
4.896
2.548
3.672
3.872
4.896
4.472
3.672
4.972
5.196
5.396
1.324
3.872
3.672
3.348
4.896
3.772
3.672
3.672
3.672
3.672
5.096
3.672
3.672
2.448
5.196
5.396
4.896
3.972
3.248
2.448
5.996
1.224
1.524
1.224
1.224
2.448
2.848
4.872
3.772
3.772
4.896
3.348
2.448
2.448
2.448
3.672
2.848
2.448
2.548
2.748
3.772
4.048
3.772
3.672
3.772
3.772
2.748
3.672
3.672
1.224
4.996
1.224
4.896
5.696
3.672
3.672
5.296
4.996
4.996
2.748
2.448
2.548
5.296
1.224
1.224
2.448
4.048
2.548
1.524
2.448
1.224
2.448
0.2
1.724
2.448
0
2.448
0
0.8
1.224
0.6
0.1
3.672
2.448
1.824
3.672
0.2
0
0.1
1.524
0.1
0.2
1.524
1.224
0
1.324
1.224
1.224
1.324
0
2.024
1.324
0.6
1.624
0
0
2.848
0.1
0
0
1.224
1.224
0.1
1.824
0.2
0.3
1.224
0
0
2.448
1.224
1.224
1.324
5.324
0
1.424
0.2
1.324
1.1
3.672
0.1
0
2.224
1.424
0.2
0
0
1.224
3.672
2.624
1.724
0.5
0.2
0.4
0
0.1
0.4
0
1.324
1.324
1.6
2.548
1.924
0.1
1.624
2.448
1.224
0.5
3.148
1.424
1.424
0
0
4.472
1.724
3.148
1.224
1.224
1.424
0.6
0
2.924
1.424
1.624
0
1.624
0.1
2.324
0.4
1.224
3.772
0.3
0.3
0.2
1.424
0.2
0
0.3
2.824
3.672
2.648
0
2.524
1.524
1.324
1.424
0.1
0.1
1.424
1.4
2.548
1.224
1.824
1.324
1.324
2.024
0.2
1.224
2.224
0.3
1.424
1.224
0.1
0.4
0
1.724
2.548
0.1
0
0.2
1.224
0
1.324
1.224
2.448
0.5
1.224
1.224
0
0.5
1.324
1.524
1.324
1.224
1.724
2.224
0.3
1.224
1.8
0
0
1.524
2.624
1.724
2.848
1.724
0.7
0.3
0
1.224
0
0
0.2
0.2
2.548
1.224
1.224
0
1.324
1.324
0
2.448
1.224
0
1.324
0.5
1.224
0.5
1.224
1.924
0.3
0.3
4.348
3.148
4.448
4.572
1.424
1.424
3.324
1.224
0
2.848
0.3
1.924
2.448
0.3
0.2
0.5
1.8
0
0
1.324
1.824
2.548
1.624
2.524
1.324
4.372
3.048
1.224
1.224
0
1.324
1.224
0.1
0
1.324
0
2.548
1.224
2.548
1.824
1.324
0.6
3.148
0.4
1.824
0.3
0
0
1.324
1.3
0.8
0
0
0.1
0.1
1.224
2.548
0.5
3.148
2.848
1.224
0.3
0.1
0.4
0.9
1.524
0
2.224
0
0.9
0.6
1.224
1.324
2.448
0
1.324
3.524
1.324
2.448
1.724
0.3
1.424
1.324
1.324
2.924
1.924
3.024
1.224
1.424
1.324
0.1
1.224
0.1
0
2.648
1.224
1.324
3.048
0
0.4
0.1
1.1
0
0.1
1.924
0.7
2.548
0.7
1.424
0.2
0
1.224
3.224
0.3
0
0
2.448
0.1
1.224
2.448
3.448
0.3
1.524
0.1
1.724
0
1.224
0.2
1.224
1.224
1.324
1.224
2.124
2.3
1.724
0.2
0
0.2
3.024
2.124
1.324
0.4
1.224
1.224
1.524
0.1
0.5
0
0.2
1.524
1.324
0
0.2
1.724
0.9
0.3
0
0
3.772
0
0
4.172
2.648
1.524
1.224
0.1
1.224
1.224
1.324
1.624
0.1
0.7
1.324
0.7
0.1
1.224
0
1.224
1.524
2.548
0.2
1.224
1.224
3.772
1.324
2.448
0
5.648
0.2
0.1
2.848
2.848
0.2
1.424
0.2
1.224
1.1
1.224
0.2
2.448
1.424
0.1
1.624
2.824
2.724
0
3.248
0.2
1.7
0.1
4.772
0.3
2.548
1.224
2.2
2.024
2.7
0
0
2.848
2.448
0.5
0
1.224
1.424
0
0
1.424
0
1.624
0
0.4
0
2.448
1.324
0.4
0
2.548
3.772
1.224
0.1
5.372
2.624
3.524
0.7
1.524
0
0.1
2.124
1.324
1.624
3.972
1.424
3.772
0
1.424
1.624
0.1
1.224
1.224
0.7
0.1
1.324
0.3
0.4
1.224
0.2
0.1
2.548
1
1.724
0.4
1.224
1.224
3.348
0.1
1.324
2.848
1.924
1.324
1.224
1.224
0
3.448
2.648
0
1.924
0.4
0.2
2.448
0.1
1.224
0
0
0.9
0.3
2.448
0.2
0.2
1.224
0
1.424
0
2.448
1.2
1.824
0.1
0.2
1.324
0.1
0.2
2.448
0
3.148
0.5
0.1
0
1.224
0.1
2.448
1.1
0
0
1.724
0.5
1.224
0
1.1
2.548
0
1.224
2.448
0.1
0
0
1.224
2.448
2.324
1.224
1.224
2.448
0
2.548
0.3
1.224
2.548
4.172
1.224
0
1.224
1.824
1.424
1.524
0
1.324
2.948
0.1
0.1
2.548
0.1
0.2
1.224
1.224
0.3
1.224
1.8
3.224
0
2.424
0.4
2.448
1.324
1.424
0.1
1.424
2.548
1.224
0
1.324
0.1
0
0.7
2.024
1.324
0
1.8
1.724
3.348
0.3
1.224
0
0.1
0.1
1.524
3.148
1.724
1.324
1.224
0
0.2
0.5
0
1.824
0.1
0
0.1
0.6
1.724
2.524
3.324
1.424
3.748
2.124
2.448
1.224
0
4.472
1.324
0
0.1
0
2.448
3.672
0
1.524
0
0
2.448
2.448
0
1.224
0
2.648
0.3
2.3
0
0.6
0.1
0.2
2.324
3.972
0.2
0
4.572
1.324
0
3.772
1.924
1.324
0.5
0.3
0.4
0.2
0.5
3.748
1.6
0.2
1.624
0.2
0.6
3.972
0
2.648
0
1.824
1.524
1.324
0.2
0.4
0
0
1.424
1.224
0.3
1.224
1.3
2.624
1.324
2.648
2.4
1.324
1.424
0
1.324
1.2
4.048
1.1
0
3.848
2.448
1.224
1.824
0.2
0.4
0
0.2
1.724
0.1
1.524
2.124
3.948
1.224
2.848
1.324
0
2.324
0
3.224
1.324
0.4
2.448
3.048
2.648
2.124
0
1.624
3.948
1.1
1.524
0.1
1.324
0.1
1.324
0
0
5.448
3.248
0
0.1
0.1
1.224
1.324
2.748
3.924
1.224
2.948
2.024
0.7
0
0
2.448
1.924
2.424
2.448
0.3
1.524
0.5
1.224
0.4
1.424
0.5
1.424
1.324
0
3.648
2.724
1.624
1.824
2.324
1.624
2.324
0.1
2.324
1.224
4.048
3.772
5.472
2.548
2.848
0
2.448
0
2.848
0
0.2
0.1
1.424
0.4
0
1.224
0.1
0.4
0
2
0.2
2.548
0
0
0
2.448
0
0.1
1.524
2.448
1.224
0
1.224
2.548
0.1
0
4.148
2.548
1.224
1.224
1.924
1.724
1
2.024
0
1
4.272
2.648
0.1
1.224
1.224
0
0.1
1.224
0.1
1.224
1.224
0.3
1.224
1.324
1.224
3.872
0
1.424
3.672
2.448
1.624
1.224
2.448
2.448
0
1.324
1.324
1.224
3.348
2.448
3.872
0.1
1.224
1.224
1.224
0
3.448
3.672
2.448
1.624
0
0
2.448
0.2
4.896
4.896
2.748
3.972
1.324
2.848
5.096
2.648
4.896
2.448
5.196
1.324
2.448
1.224
2.448
0
0
0.1
2.7
0.1
0.3
3.348
2.424
2.848
