3.26
0.3
0.5
0.4
0
0
0.1
0
1.224
0
1.324
0
0.1
0.3
0.4
0
0
0
0
0
0
0.2
0
0
1.224
0
0
0
0
0
0
0
2.424
1.224
2.036
3.56
3.06
3.06
2.236
4.66
3.36
2.636
1.836
1.936
1.936
1.936
1.836
2.036
7.56
3.36
2.036
1.936
3.66
2.036
1.836
1.836
3.26
1.936
3.26
1.936
2.536
2.336
1.936
2.136
2.036
3.36
1.936
1.836
1.836
2.736
3.86
3.26
3.26
3.06
2.436
3.46
1.836
1.936
1.836
3.06
2.236
1.936
1.836
1.936
1.836
1.936
1.836
1.836
1.836
2.436
3.06
1.836
1.936
2.036
1.836
3.16
3.06
3.16
1.936
1.836
2.036
2.636
2.236
3.16
1.836
3.26
3.06
2.236
1.836
3.16
3.46
1.836
3.06
1.836
2.036
1.936
3.06
1.936
3.16
3.16
2.936
1.936
1.836
3.66
1.836
3.16
3.56
2.036
2.036
1.836
3.26
2.036
1.936
2.136
2.436
2.236
2.036
2.036
2.136
2.136
3.16
2.036
1.836
2.236
1.836
2.136
1.836
2.136
3.16
1.936
1.836
3.16
3.16
3.06
4.56
3.56
2.036
2.036
3.26
2.136
3.16
1.836
3.06
1.836
1.936
2.236
1.836
3.16
1.836
3.036
3.06
3.76
1.836
3.26
1.836
2.436
1.836
1.836
1.836
3.76
3.46
2.436
1.836
1.936
2.436
2.336
2.436
1.936
1.936
1.836
2.236
3.16
3.26
2.136
1.936
2.036
1.936
3.06
1.224
0
1.224
0
0
0.1
1.924
0
1.224
1.724
0.1
1.224
0
1.324
0.5
0
1.224
1.1
1.224
0.5
0
0
0
0
0.5
0.1
0
0
0
0
0.2
1.224
0
0
0
0
0
0
1.4
0.1
0
0.2
0
0.2
0.1
0
0
0
0
0
0.1
0.5
0
0
0
0
0
0
0
0
0.1
0
0
1.224
1.324
0.1
0
1.224
0.2
0
1.224
0
1.224
1.224
1.224
0
0.7
0
0
1.836
1.324
1.224
0
0
0.5
0
0.3
1.224
0
0
0.1
0
0
0
0
0.4
0
0
0
0
0.1
1.224
0.1
1.224
0.3
0.1
0
0
0.2
1.324
0
1.324
0.3
0
0.1
0
0
0
1.224
0
0
0.2
1.224
0
1.324
0.5
0.1
1.324
0
0.1
0
0
0.2
0
0
0
0
0
0
0
1.624
1.224
0
1.224
0.6
0
1.424
0.2
1.224
0
0.5
1.224
1.224
1.324
0.9
0.7
0
0
1.224
1.936
0
1.324
1.524
0
1.224
1.324
0
0
0
1.224
0
0
0
0.1
0
0
0
0
0.2
0
0
0.1
0.1
0.3
0
0
0
0.1
0.1
1.224
1.224
0
0
1.224
0.6
0
0.3
0
0.1
1.324
1.224
0
0
0
1.224
0.1
0
1.224
0
0
0
0
1.1
0.2
1.324
0
0
0
1.324
0
0.1
0
0.1
0.1
0
0.5
1.224
0
0
1.224
0.1
0.1
0.2
1.424
0
0.1
0.1
0
1.224
1.424
0.1
1.524
0
0
0
1.224
0.1
0
0
0
0.1
0.2
0
0
0
0
0
1.324
0.2
0
0
0.7
0
0
0
0.2
0.2
0.1
0
0.7
0.1
0
0.3
1.624
0
1.224
0.1
0.2
0.1
0
0
0
0
0
1.224
0.2
0.1
0
0
1.324
0.1
0
1.224
0
0
0
0
0
0
0.2
0.6
0
0
0.2
0.1
1.224
0
0
0
0.2
0
0
1.224
0.1
0.2
0
0
0
0.2
1.224
0
0
0.2
0
1.224
0
0
0
0.3
0
0
1.224
0
0.1
0.3
1.224
0
0
1.224
1.324
0
1.424
0.1
0
0
1.424
0
0
0.2
0.1
0
1.224
1.224
0.1
0
0
1.224
0.1
0
0.1
0
0.1
0
1.224
0
0
0
1.224
1.224
0
1.224
1.224
0
0
0
0
0
0
0
0
0
1.424
0.2
0
0
0
0
0.1
0
1.324
0.1
0
0.1
0.1
0
0.2
0.1
1.224
0.1
0
0.1
0
1.224
0
0
0
0
0
0
0
0
0
1.224
0.1
0.3
0
0.1
0.7
0
0
1.824
0.2
1.224
0
0.1
0
0
0
0.1
0.1
1.324
0
0
0.2
1.324
0.1
0
0.1
0
0
0
0.1
0.1
0.2
1.224
0
0.2
1.224
1.224
0
0
0.1
0
1.224
1.224
0
0
0
0.1
0
0
0
0.2
0
1.224
0
0
0
0
0
1.324
1.224
0
0
0
0
0
0
0
0.2
1.324
0.2
1.224
1.224
0.2
1.224
0.1
0
0
0
0
0.2
0.2
0
0
0.2
0
0
0
0.1
0
0
0
1.424
0
0.2
0
0
0
0.4
0.2
1.224
0
1.224
0
0
0
1.324
0
0.1
0
0
0
0.1
0.2
0
1.224
1.224
0
0
0
0
0.6
0
0
0.2
0
0.1
0.1
0
0.1
0
1.324
0
0.1
0.1
0
0
0
0
1.224
0
1.224
0
0.3
0
0
0.1
0
1
2.624
0.1
0
0.2
0
0
1.224
0
0
0
0
0
0.1
1.224
1.224
0
0
1.224
0
0.1
0
0
1.324
1.224
0
1.324
0
0
0
0.1
1.224
0.1
0
0.2
0
0
0.1
0
1.224
0
0
0.5
0.1
1.224
0
0
0
0
0.1
1.224
0.1
0
1.224
0.2
0
0
0
0
0
0
0
0
0
0.2
0
0
0
0
0
1.224
1.224
1.224
0
0.1
0
0
1.224
0
0
1.224
0
1.224
0.1
0
0
0.1
0.1
0
0
0
1.224
0
0
0
0.1
0
0
1.224
0.2
0
0.1
0
0
1.224
0.1
0
0.3
1.424
1.224
0.4
0
1.224
0
1.224
0
0.1
0.1
0.2
1.624
1.224
0
0
0
0
0
0.1
0
1.224
0
1.224
0
1.224
0.2
0
0.1
0
0.1
0.1
0
0
0.1
1.224
1.224
0
0
0
0
0.1
0.2
0
1.224
0
0
1.224
0
1.424
0
1.424
0.2
0
0.2
1.224
0
0.1
0.4
0.3
0
0
0.1
1.424
0
1.624
0
0.2
0.1
0
0
0.1
0
0.3
0
0.1
0
0
0
0
0
0
0
0
0
0.1
0
0.1
0.2
0
0.1
0
0
1.224
1.324
0
0.1
0.2
0.2
0.1
0
0.6
0
0
0.2
0.1
0
0.1
0.1
0.2
0.1
1.724
0.1
0
0
0
0.1
0
0
0
0
0
0
0.1
0
0
0.1
0.1
0.1
0.3
1.224
1.224
0
0
0
0.1
0.7
0.1
0.3
1.224
0
0
0.2
0
0
0
0
0
0.4
0
0.1
1.836
1.224
0
0.3
0
0.3
0
0.1
0.3
1.324
0.2
0.1
0
1.224
0.1
1.224
1.224
0.1
1.224
0.5
0
1.624
1.224
1.224
0
0
0
0.1
0
0
0
1.224
0.1
0.2
0
0
1.224
0.1
0
0
0
0
1.7
0
0.1
1.324
0
0.7
0
0.1
0
1.724
1.324
0.2
0
1.224
0.1
0
1.924
1.524
1.324
0
1.324
1.224
0
1.424
0
0
0.1
1.524
0.1
0.2
0.3
1.324
1.224
0
0.2
0.3
0.1
0.1
0.1
0.1
0.1
1.524
1.324
0
0
1.324
1.524
1.224
0.8
0.2
0.2
0
0.1
0
1.2
0.2
0
0
1.324
0.1
0
0
0
0
0.4
1.524
1.224
0
0
0.1
0.1
1.624
0.2
0
0.1
0.2
1.724
0
0
0.3
0
0
0.1
0.2
0
1.524
1.524
0
0
1.224
1.724
1.224
0.1
0
0.1
0
0
0.1
1.224
0.1
0
0
1.524
0.1
1.224
0
1.224
0.1
0
0.1
1.324
0.1
0.1
1.424
0
0.8
1.224
1.224
0.1
1.824
0.1
0.1
0.1
1.3
1.224
0.1
0
0
0.1
1.224
1.224
0.1
0
1.324
1.324
0.2
0
0
1.224
0
1.224
0.2
0.6
0
1.524
0.1
0.1
0.1
0.2
1.224
0.4
0.9
1.424
0.1
1.424
0.8
0.1
1.224
0.2
0.1
0.2
0
0
0.2
1.524
2.024
1.324
1.224
0
1.424
0.1
0
0.4
0
0.3
0.2
0
0
0
1.224
0
1.224
1.224
0
0.1
0
0
0
0.6
0.1
1.624
1.424
1.424
1.624
0
0
0
0
0.7
0.9
1.224
0
0.2
0
0.1
0.2
0.1
0.4
0.1
1.224
0
1.424
1.324
1.424
1.224
0
1.424
1.324
0.5
0.2
0
1.224
0
0
0
1.524
0
0.1
0
1.224
0.2
0
0
0.4
1.424
0.2
1.224
0
1.224
0.1
0
1.324
0.1
0.1
0
0
0.2
0
1.424
1.224
1.524
1.224
1.224
1.624
0.5
1.224
0.5
0
0.1
0
0
2.324
0.1
1.324
1.224
0
0
0
0
0.2
1.324
0
1.224
0.5
1.224
0
1.424
0
0
0
0
0.3
1.724
0.1
1.324
1.224
0
1.524
1.424
0
0.2
0
1.224
0.1
1.624
0.1
0.1
1.224
1.324
0
1.224
0
1.424
1.524
0
0.1
0
0
0
0
0.1
0.1
0.1
0.1
1.224
0
0
0
0
0.1
1.424
0.2
1.524
0
0
0
0
1.524
0
1.224
0
0
0
1.224
0
1.324
2.124
0
0
0.3
1.424
0.1
1.224
0.1
0.1
1.324
0.1
0
0
0.2
1.424
0
1.724
1.424
1.224
1.324
1.324
1.924
0
1.724
1.424
0.3
0
2.224
0.2
2.024
0.1
1.224
0.2
0.1
1.624
1.324
0
0.3
1.224
0
0.1
0
0.3
0.2
1.224
0
0
1.224
1.224
1.224
1.224
1.224
0
1.224
1.624
2.224
0.5
0.2
1.624
0
0.1
0.1
0.4
0.2
0
0
0.1
0
0.2
1.224
0.1
1.224
0.1
0.3
0
1.224
0.5
1.324
0.1
0.6
0.3
0
1.824
0.1
1.424
0
0
1.324
0
0
0
1.324
0
0
0
1.224
0.3
0.1
0
0.1
1.324
0
1.224
0
1.224
0
1.224
0.4
0.6
0
1.324
1.524
0
0
0.2
0.1
0
1.624
1.524
0
1.224
0
1.324
1.224
0
1.224
0
0.1
0.1
0
0
1.324
0
0.8
1.224
0
0.3
1.2
0
1.224
1.524
0.2
1.324
0
0
0.2
1.324
1.224
0.1
0.1
2.324
0
1.324
0
0
0.1
1.524
0
0.2
0.5
0
0
1.224
1.624
0.1
0
1.424
0
0.1
0
1.324
0.1
0.1
1.324
0
0.1
1.324
0
1.624
0.9
1.324
1.324
0.1
0
0
1.224
0.1
0.1
0
1.224
0
0.1
0.1
0
0.6
0.6
1.224
1.224
2.024
0.3
0.2
1.524
0.1
0
1.224
0.1
0.6
1.424
0.1
0.4
0
0
1.324
1.224
1.324
0.1
1.324
1.224
1.424
1.624
1.524
0.2
1.724
0.1
1.224
0.4
0
1.224
0.1
1.524
0
0.1
1.524
1.224
0
0
1.224
0.2
0
0
0.1
0
0
0
1.224
0
1.324
2.524
0.1
0.1
0
0.3
0.7
0.1
0
0
0.6
0
0
0
0.3
1.224
1.224
0.1
1.424
0
0.2
1.724
1.724
0.3
0.3
0.1
1.824
0
1.224
0
0.1
0.3
1.524
0
0.1
1.324
0
0
0.1
1.224
1.224
0
1.624
0.3
1.424
0
1.7
1.324
1.324
1.224
0.1
0.1
0.4
0.7
1.224
1.624
0
0
0.8
1.324
0.1
1.524
0.1
0.2
0.1
1.224
0.4
0.7
1.224
0.1
0
0
1.524
1.224
1.324
0.1
1.524
0
0.1
0.1
0.4
1.224
0.2
0.2
1.624
0.1
0
0.1
0.1
0
1.224
1.324
2.024
0.5
1.224
1.424
1.224
1.424
1.324
0.1
2.524
1.224
0.1
1.724
2.024
1.224
1.224
0
1.624
0.3
0
1.224
1.224
1.724
0
1.424
0
1.324
0
0
1.224
0.7
0.7
0
1.524
0.3
2.136
2.936
1.836
2.436
1.836
2.036
0
1.324
0.1
0.1
0
0
0
2.236
0
1.324
1.224
0
1.624
1.224
1.224
1.224
1.524
0
1
0.2
1.324
1.224
0
0
0
1.224
0.2
0.1
0
0
0
0
1.424
0.1
1.224
1.3
0.1
0
0
0.2
0.1
1.524
0.3
1.224
1.424
0
0
1.324
0
0
0
0.1
0
1.224
0
0
1.324
0
0.1
0
0.1
0.1
0.3
0.1
0
0.1
0.1
0
0.1
0
1.224
0.1
1.224
0.1
0
0
1.224
0
0
0
0
0.3
1.224
1.224
1.324
1.224
0
0
0
0.1
0
0.1
0
1.224
1.624
0.1
0.1
0
0
0.2
0
0
0
0
1.224
0
0
2.524
1.324
1.424
1.624
0.6
1.424
