0.2
1.524
3.748
11.208
2.548
0.1
1.224
2.448
0
1.224
1.424
0
0
2.324
1.924
1.224
0
2.448
2.448
2.448
0
0.3
1.224
2.448
3.36
2.548
2.648
2.548
3.672
2.448
2.548
1.224
1.5
0
0.2
0.1
0
0
0
0.4
0.2
0.7
0
0
0
0.1
0
0.2
0.4
0.3
0
0.1
0.4
0
0
1.424
0
0
0
0.3
0.8
0.4
0.1
3.248
0.4
0.1
0
0.1
0.1
1
0.3
0.3
0.1
0
1.4
1.424
0
1.624
0
0
1.524
0
0.1
0
0
0
0
0
1.324
2.748
0
1.324
0.1
0
0
0
0.3
0
2.448
2.448
0
0.6
0.5
0.1
3.06
0.1
0
0.7
0
0
0
0
0
0
0
0.5
0
1.224
0
0
1.9
0
2.448
0.7
0.2
0
0
0
0
0.1
0.3
0
0.2
0
0.3
0.3
0.1
0
0
0.4
1.224
2.648
0
0.1
0
0
0
0.1
0
0
0
0.1
0.1
0
0.7
0.3
0.4
0.2
0.6
0.2
0
0
0
0
0.2
0
1.224
0
0.1
4.248
0
0.2
0
0.1
0
1.524
0.1
0
0.1
0.5
0.1
0.2
1.324
1.224
0.2
1.524
0.4
0
0.1
1.224
1.824
0.1
0
0.3
0.1
0.1
0
0
1.324
1.924
0.2
1.224
0
0.2
1.1
0
0
0.2
1.424
1.224
1.224
0
2.848
0
0
1.8
0
2.424
0
0
0
1.324
2.424
2.448
2.448
1.324
1.224
1.224
2.548
1.224
3.872
3.672
0
1.836
3.26
0
2.624
0
0
0.1
1.836
0.4
2.236
1.224
0
1.224
1.224
1.224
0
4.36
0.1
0.1
0
0
1.224
0
0
0.7
2.848
0.1
3.16
0
1.624
0.2
1.224
0
2.324
1.224
0
1.224
0
0.2
0
1.224
1.1
0
1.224
0.1
0.1
0
2.448
1.324
3.048
3.672
2.648
0
0.1
0
0
0
0
2.548
0
1.3
1.224
0
1.324
0.1
0.2
0
2.748
0.1
0.1
1.524
1.324
0
0.2
0.2
2.448
0.4
3.66
0
0
2.448
2.448
1.424
0
0.3
1.224
0
0
1.524
0.1
0.2
0.1
0
0
1.224
1.324
0
3.748
2.548
1.324
3.46
3.16
0
0
1.224
0.8
1.324
0
0
0.9
0.1
0.4
1.836
0
3.26
0.9
0
0
0.1
0.5
2.1
2.448
2.036
0
0
2.548
0.2
0.2
1.324
0
0
0.1
1.524
3.06
1.224
3.06
1.224
1.224
0.1
3.16
3.06
2.448
0
2.024
1.224
1.224
1.424
2.648
3.348
2.448
0
3.672
1.624
2.448
1.924
1.324
3.06
2.548
3.672
7.408
2.448
6.008
0
0
1.424
1.224
3.672
2.448
4.584
1.224
1.224
1.224
1.224
2.448
2.448
3.16
2.448
3.948
1.524
2.448
1.324
3.872
1.224
1.224
3.672
2.448
1.324
1.224
3.872
1.424
3.872
1.224
3.16
3.672
1.324
3.86
4.784
5.708
1.624
3.16
3.16
4.384
3.972
1.224
1.524
1.524
3.672
5.508
3.972
3.772
2.448
3.872
4.284
2.448
1.224
3.36
1.324
3.672
1.224
3.672
1.524
1.224
1.324
3.148
2.548
3.06
6.308
1.424
1.224
1.224
3.76
5.608
1.324
1.624
2.424
2.024
3.672
1.424
2.824
1.224
4.384
3.772
1.724
4.372
2.448
1.324
3.148
1.224
2.448
1.224
1.424
3.772
1.224
2.448
5.708
3.872
1.224
1.224
2.448
4.884
4.984
1.324
1.224
3.672
1.224
2.748
2.448
2.448
1.324
3.96
1.224
4.384
1.324
4.484
4.984
3.672
1.224
1.224
2.648
2.648
1.324
2.448
4.484
3.672
1.224
5.708
1.224
2.924
1.224
1.224
3.06
3.672
2.748
4.16
1.224
2.548
1.224
2.448
2.748
2.648
1.224
1.224
2.548
1.324
1.324
1.424
1.224
3.972
1.224
3.772
1.324
5.708
1.224
4.684
4.272
1.224
1.224
1.224
2.548
4.384
1.424
1.224
3.06
1.224
2.748
1.224
1.224
3.972
1.424
1.224
1.224
1.524
1.224
1.624
3.36
1.224
3.772
2.448
2.748
1.224
5.608
1.224
1.224
2.448
1.224
1.324
2.224
1.624
2.448
1.224
2.448
1.324
1.424
2.448
1.324
3.672
3.16
2.548
3.672
1.224
3.66
1.224
1.224
1.224
1.324
1.324
2.448
1.224
3.772
4.372
2.448
2.448
3.772
4.272
1.224
3.672
3.672
1.324
2.448
3.86
2.448
2.448
3.86
1.224
3.06
2.524
3.772
2.448
3.772
3.16
1.724
3.26
3.672
6.108
4.484
2.548
3.06
4.284
3.26
3.16
3.06
1.224
2.548
4.484
2.448
3.06
3.06
3.772
4.384
2.448
1.224
3.16
2.448
1.224
3.46
3.672
4.584
1.224
1.224
1.224
3.56
1.324
2.448
2.548
4.584
3.672
2.448
3.148
3.26
2.648
3.06
1.424
1.224
1.224
4.384
2.548
1.224
2.448
1.224
2.548
2.448
4.584
1.224
3.672
2.648
4.684
2.648
3.06
5.508
3.148
1.224
4.284
3.672
1.224
3.772
3.16
2.748
2.648
3.06
2.448
2.448
1.224
3.46
3.672
1.324
1.224
2.448
2.448
3.16
3.672
2.648
2.448
1.424
1.224
1.424
3.26
1.324
5.608
1.224
2.448
3.672
1.224
1.224
3.772
2.548
2.548
3.672
2.548
2.448
3.06
1.424
1.224
3.06
1.224
2.448
5.608
2.448
4.248
1.224
3.06
4.584
3.672
4.584
1.224
4.484
3.26
3.672
2.648
3.26
1.524
2.848
1.224
2.648
3.672
3.06
3.06
1.224
1.324
3.16
2.748
1.224
2.548
1.224
2.548
4.548
2.848
2.948
1.224
2.548
2.448
1.224
1.224
1.224
1.224
3.672
1.424
2.548
1.424
2.648
1.224
3.672
2.448
1.224
2.448
3.772
2.548
1.224
4.584
4.384
2.548
1.324
2.448
4.284
1.224
4.172
1.224
4.072
2.948
1.224
4.284
3.672
2.648
3.06
2.548
1.224
2.948
3.448
3.972
1.324
4.284
1.324
1.224
1.224
2.748
1.224
6.008
2.448
1.224
2.648
4.284
5.508
2.448
3.672
2.448
1.324
2.448
1.324
3.672
2.648
5.508
3.16
2.448
2.448
1.224
1.224
1.224
3.972
1.224
1.324
3.16
4.284
2.548
4.384
2.448
1.324
2.448
1.224
3.06
1.224
3.672
2.548
2.548
1.224
2.448
2.448
1.224
3.672
1.324
2.448
2.848
2.448
3.16
2.448
2.948
1.224
1.224
1.224
1.224
1.224
1.524
3.672
1.424
1.324
1.224
2.848
1.224
2.548
2.448
3.772
2.448
4.384
1.224
5.084
3.66
3.16
1.424
4.384
3.672
3.06
1.324
2.548
1.224
3.06
2.448
1.624
3.672
3.06
2.548
3.672
1.424
3.16
3.672
2.448
2.448
1.224
1.324
1.224
1.324
3.26
2.448
1.224
1.424
3.972
3.76
1.324
1.224
2.848
4.384
1.224
1.224
1.324
3.772
1.424
2.648
1.224
2.548
1.424
3.672
5.908
6.408
1.224
2.448
5.508
2.448
1.424
2.448
3.548
2.448
4.272
2.448
1.324
1.324
5.508
2.448
3.872
2.648
3.772
3.672
1.424
1.224
1.224
4.584
1.224
2.548
1.224
4.384
4.584
4.384
2.548
3.748
2.448
2.748
1.224
1.224
1.224
4.284
3.772
4.884
2.124
5.808
4.172
2.448
4.172
3.672
2.448
3.16
1.224
3.16
3.672
4.372
3.772
2.648
1.624
1.324
1.324
1.724
1.324
2.448
1.324
3.06
1.224
2.448
1.324
2.548
2.548
1.524
1.224
2.548
2.548
3.148
1.224
3.06
3.06
2.848
3.46
1.224
1.224
2.024
1.424
2.136
1.324
2.448
0.1
0.2
0.6
3.06
0
0
1.836
2.424
0
0.6
0
1.224
3.16
0
1.224
0.5
0
0.2
0.3
0
0.7
0
0
0
0
0
0
2.448
0
4.348
0.2
0.2
0.1
0.1
0
0
0
1.224
1.224
0.1
0
1.224
2.748
0.1
2.136
0
1.324
1.324
1.224
0
0
0.1
1.8
0
0
0.1
0.1
2.224
1.424
1.524
0
0.4
0
0.5
3.06
0
0
1.224
0.6
0
0.3
0
0
1.224
0
0.1
0
1.224
0.1
0.3
0
0.2
1.324
0.2
1.224
0
0
1.624
0.1
0
1.324
0.2
1.324
0
0.3
2.448
0
0.1
1.424
0
0.7
1.524
0
0
0.1
3.16
0.9
0
0
1.224
0.1
0.3
0
0.1
0
0
0.3
0
0.1
0
1.224
0.4
0
0
0.1
0
0
0
0
0
0
0.1
0
0.1
0
0.1
0
0.1
0
0
1.224
0.1
1.424
1.324
0.3
0.1
0.1
0
0
0
0
0.1
1.224
0
0.6
0.1
0
0.1
0.3
0
2.448
0
0
0.1
0.4
0.1
0
1
0.1
0
0.2
0.3
0.1
1.324
0.1
1.824
0
1.224
2.448
1.324
1.836
0.3
1.524
0
0
1.324
1.224
0
0.1
0
0
0
0
0.2
2.024
0
0.1
1.224
0.1
0
0.1
0.5
0.2
0.3
1.224
0.1
0
1.7
0
0.1
0.1
0
0.1
0
0.1
0.1
0.2
0.2
0
0
0
0.2
0.1
0
0.5
0
1.424
1.224
0
0
0
0.2
0
0
0
0.2
1.324
0
0
0
0.3
0.2
0.3
0.1
0
0
1.224
1.224
1.424
0
1.3
1.524
1.224
0
0.3
1.324
0.1
0.1
0
0
1.324
0
0.3
0
0.1
0.3
0.2
0
0.2
0.1
0.3
0.7
1.224
0
0
0
0
0
0
1.224
0
0
0.1
0
0
0.4
0.1
0
0
0.1
0
0
0
1.324
1.224
0
0
0.1
1.224
0.1
0.1
0
0.1
0
0.1
2.124
1.824
1.224
0.1
0
0.5
0
0
0.9
1.224
1.324
0
1.224
0
0
0
0
0
0.2
0
0.3
0.1
0
0.3
2.448
0
0
0.1
0.2
0.6
0
0.1
0.1
0
0.1
0
0
0.5
0
0.1
1.224
0
0.1
1.224
0
0.2
0
1.224
1.524
0.1
0.1
0
1.424
1.324
1.224
0.1
0
1.324
0
0
0
0.1
1.224
0
0
0
0.3
0.2
0
0.1
0
0
0
0
1.424
2.548
0
0
0.1
1.224
0
0
0.1
1.624
1.424
0
0.1
0.1
0.1
0
0.2
1.224
0.3
0
2.036
1.224
0
1.224
0.1
0
0
0
0
1.836
0.4
0
1.324
1.324
0
0
0.7
0.3
1.1
1.224
0
1.524
0.1
1.424
0
0
0.1
0.1
0.1
0
0
0.1
1.424
0
0
0
0
0
0
0
0
0
1.324
0.1
2.124
0.1
0.1
1.724
0
0
0.1
0.1
0
1.224
0
1.324
1.224
0.2
0.1
1.224
0
1.224
0.7
0
0
0.5
0.2
0
0.3
0.3
0
0.3
0.1
0.2
0
0
0.3
0
0
1.424
0.1
0
1.224
0
0
0.2
0.1
0
0.1
0.1
0
0
0
0
0
0
0.3
0.7
0
0
1.324
0
0
0.1
0
0
0.9
0.3
0.2
0
0
0
0
0
0
0
0
0.1
1.224
0
1.224
0
0.8
0
0
0.1
1.424
0
0
0.2
0.1
0.2
0
1.224
2.236
1.324
1.224
0
0
1.924
0
0
0
0
1.224
0
0
0
1.424
0
0.1
1.224
0.3
0
2.548
0
0
1.324
0
0
1.224
0
0
0
0
0.2
0
0.1
0.4
1.424
0
1.224
0
0
0.1
1.224
0.1
0
0.1
1.224
0.1
1.424
0
0.1
0.3
1.224
0
0.4
0.2
1.524
0.2
0
1.224
0
0.1
0
1.324
0.1
0.2
0
0
0
0
0
0.3
0.1
1.224
0.1
0.1
0.1
0.2
0.4
0.1
0.2
0.1
1.224
0
0
1.324
2.448
1.324
0
0.1
1.224
1.224
0
0.1
0.1
1.224
0
0
0
0
0
1.324
0.2
0.7
0.3
0.1
1.224
0.2
0.8
1.224
0.2
0
1.624
0
1.836
1.324
0
0
0.1
0.2
0.1
0.2
1.324
1.324
0.5
1.524
2.548
0.1
0.6
1.224
0.1
0
1.224
0.3
1.424
0.1
0
1.224
1.224
1.224
0.1
0
0.1
0
0
0.3
0
0.1
2.624
0
0
0
2.448
0.1
2.224
1.824
0
0.2
0.1
0
1.524
0
0.3
0.2
0
2.536
0.2
0
0.3
2.424
0
0.3
0
0.2
0.1
0
0.2
0
0
0
1.324
0
0.3
0
0.2
0
1.524
0.2
0
0.1
0.4
0
0
0
0.5
0
0
0.2
0
0
0
0
0.4
0
0.1
0.2
0.6
0
0
0.1
0.1
0.2
1.324
0.2
0.3
1.824
1.224
0
0
0.3
0.1
0
0
0.5
0.3
0.1
0.1
0
0.3
0.5
0
0.4
0
0.6
1.224
1.524
3.16
1.324
0
0
1.224
0.3
1.324
0
0
2.548
1.624
0
0
1.424
0.9
0
1.8
1.424
0
0
0
0
5.608
0
0.1
2.648
1.936
3.048
0
2.448
1.836
1.524
0
7.072
1.424
0
1.836
2.324
2.036
1.4
0.9
0
0.8
1.224
2.548
0.1
0
1.836
3.06
3.16
1.224
0.1
0
2.448
0.3
2.448
1.936
1.224
1.224
0
1.424
1.224
2.548
2.236
1.324
1.324
2.448
0
0
1.224
0
3.248
1.224
1.224
0
1.224
1.224
0
0.5
5.184
2.448
0.3
0
0
0
0
2.136
2.548
2.448
1.524
4.484
1.224
2.748
2.548
1.324
2.448
3.672
2.548
0
2.548
4.284
0.1
0
0
0
1.7
0.1
0.1
1.724
4.048
1.624
