0
0
3.248
1.324
3.972
0
0
0
0
0
0.1
1.224
1.224
0.5
0.6
0.1
3.06
0
0
0.2
1.324
1.324
0
0
0.3
0
0.1
1.224
2.548
1.224
0.1
2.448
1
0
1.324
0.1
0.1
0.2
1.936
0.1
0
1.524
0
1.836
1.936
1.224
0.1
1.624
0.2
1.224
1.224
0
1.424
3.16
0
0
1.324
1.224
0.1
1.624
1.724
1.324
2.036
0.2
0
0.1
1.224
1.224
1.324
1.424
0.1
2.648
1.224
0
1.624
0.2
1.224
0.1
1.224
0
1.624
1.224
1.224
1.324
1.836
1.224
1.324
1.836
0.1
1.724
0
0
1.224
1.224
1.224
1.324
1.224
1.224
0
0
1.936
1.624
1.424
0.1
0
0
0
0.6
1.424
0.2
1.424
1.224
0.1
2.448
2.036
0.1
0
1.224
0
0
2.224
2.036
0
1.724
1.224
0.1
2.136
1.224
0.1
4.068
0.2
1.936
1.224
0
1.324
0.4
1.324
3.568
1.324
0.1
0.1
1.224
1.224
1.224
1.224
4.18
1.324
1.224
0.2
1.224
1.324
0
0.2
0
2.136
0.1
1.224
0.1
0.2
0
0.2
1.224
0.1
1.224
0
3.06
0
1.224
0
0.6
1.224
1.624
3.468
0.1
3.468
1.424
4.08
1.224
1.224
0.1
0
2.648
0
2.448
0.2
2.748
1.824
2.448
1.324
2.448
0
1.224
0
2.748
2.448
1.424
1.224
0.1
1.224
0.2
1.224
0
0
1.324
1
3.06
0
1.524
1.624
0
1.224
0.1
0.1
3.16
0
2.224
0.1
1.924
1.836
1.224
1.224
1.324
3.248
2.548
2.448
2.848
2.448
2.548
2.948
3.672
2.548
2.448
2.548
0
1.224
2.036
4.548
1.224
1.836
1.524
0
2.024
1.424
4.08
3.16
0
1.224
1.224
1.624
0.5
0
3.16
3.06
4.08
0
1.224
1.224
1.324
1.324
1.624
1.224
1.224
0
3.156
1.224
1.224
0.2
1.224
0
1.224
0
0.2
0
1.324
1.824
0
1.224
1.424
2.448
1.224
2.448
2.548
4.072
2.448
3.872
0
1.424
1.424
2.848
1.224
1.224
2.448
1.224
2.024
0
1.836
0
0
1.224
0
0
1.224
2.236
0.1
0
3.06
1.324
1.324
0.1
1.324
1.324
3.16
2.448
0
0
1.324
0
1.224
0
1.324
0
0.2
0
0
1.224
0.1
1.224
0
0
1.224
0.7
1.224
0
1.224
1.424
1.224
0
0.1
0.5
0
1.224
1.224
2.224
2.244
0.1
1.424
1.424
1.224
0.2
1.224
1.324
1.224
1.724
2.524
0.1
0.1
0
1.224
0
2.848
1.324
0
1.224
1.224
2.448
0
0
1.224
0
1.324
1.224
1.324
0
1.324
0
1.224
1.824
0
0
0
1.324
2.024
1.224
1.224
1.224
1.324
2.548
3.048
1.224
1.224
1.224
2.448
1.924
2.448
1.524
1.224
0
1.324
1.224
1.224
2.448
2.448
1.224
4.372
3.772
2.448
3.772
3.772
2.448
2.448
1.424
3.148
2.548
1.224
1.224
2.448
1.224
1.224
2.548
2.448
2.548
2.548
2.848
1.924
1.224
2.648
1.224
3.772
2.948
2.648
2.448
2.448
2.448
1.324
2.448
1.324
1.224
2.648
2.548
1.324
2.448
1.324
2.448
1.224
1.324
2.448
2.448
3.772
2.548
2.548
1.324
1.324
1.224
5.808
4.284
1.224
1.324
2.448
1.224
2.948
2.448
3.772
2.648
1.224
2.548
4.684
1.224
3.248
1.224
1.224
5.284
2.224
3.16
1.224
2.748
3.148
1.324
2.448
3.56
2.124
5.508
1.224
1.224
1.224
1.324
3.16
3.772
1.424
1.224
3.672
1.224
2.448
2.448
3.872
1.324
1.224
1.224
2.548
3.048
2.448
1.224
10.928
1.724
1.224
1.224
3.772
2.448
1.524
1.224
2.448
1.224
3.972
2.448
2.448
2.548
3.772
1.224
4.484
2.448
2.448
3.048
2.448
2.448
2.448
1.224
3.048
4.072
3.772
1.224
1.324
2.548
2.748
3.048
2.448
1.224
3.972
1.224
1.424
2.448
1.324
1.424
3.772
2.448
1.224
1.424
2.548
3.148
2.748
5.608
1.324
1.224
1.324
2.548
2.548
1.224
1.224
2.448
3.148
2.548
1.224
2.548
1.224
2.548
2.448
2.448
2.448
2.448
2.648
2.448
2.448
2.448
1.424
3.672
1.224
2.448
1.324
1.224
2.448
2.648
1.424
3.148
1.224
5.708
1.224
3.16
2.548
2.448
1.224
1.224
2.548
2.548
2.448
2.448
1.524
1.324
2.448
2.748
2.848
1.224
2.448
2.548
1.224
2.648
1.224
2.448
1.224
1.524
2.648
1.224
1.224
1.324
2.448
3.348
2.448
1.424
1.224
3.26
1.224
1.524
2.848
2.448
1.224
1.224
1.524
3.772
1.224
1.224
2.548
2.648
1.224
1.224
3.672
1.224
2.548
5.508
1.224
2.448
1.224
1.224
2.448
1.424
2.948
1.224
2.448
2.548
1.224
1.324
1.324
1.224
2.748
2.548
1.224
1.224
1.224
2.448
2.548
2.648
2.448
1.224
1.424
3.248
1.324
2.848
2.448
2.448
3.772
1.224
1.324
3.972
1.224
2.448
4.284
2.748
2.548
3.972
3.06
3.672
2.548
2.648
2.848
1.324
1.224
1.924
1.224
2.448
1.224
2.448
3.872
2.448
1.324
3.048
1.424
1.224
2.548
2.448
1.424
2.448
1.224
5.508
2.548
2.448
2.648
1.224
2.648
3.772
1.324
1.224
3.248
2.548
1.224
2.548
2.448
2.448
1.324
2.548
1.224
1.324
2.848
2.548
1.224
1.224
2.748
4.584
2.448
1.224
1.324
1.224
1.224
2.448
1.424
1.724
2.448
1.324
2.448
1.224
2.448
5.708
2.448
2.548
1.224
2.748
2.448
4.984
2.648
4.284
2.748
2.548
3.672
2.548
2.448
1.424
2.448
2.848
3.672
2.448
2.648
3.772
1.924
3.048
1.424
1.324
2.748
3.672
3.672
1.224
2.648
2.548
1.224
2.548
2.448
3.148
2.648
1.224
2.448
1.224
1.224
2.448
2.448
2.448
1.224
2.448
2.448
2.548
1.224
2.448
2.548
2.648
1.624
2.448
1.424
1.924
2.748
2.648
1.224
2.748
1.224
2.548
2.448
1.624
3.348
2.448
1.224
2.448
2.448
2.448
1.224
2.648
2.448
2.748
2.548
1.224
2.648
2.548
2.448
2.648
1.224
1.224
2.548
2.448
2.448
1.224
3.972
2.448
1.324
3.772
1.224
3.06
1.224
1.224
2.548
2.448
2.448
3.772
2.448
1.224
2.448
1.224
1.224
1.224
1.224
1.224
2.448
1.224
2.848
2.548
3.672
3.672
1.224
1.224
2.448
3.872
2.448
3.048
2.448
1.224
2.448
4.472
2.448
1.224
2.548
2.448
2.448
2.548
1.324
4.984
1.224
1.224
4.672
2.448
2.448
3.672
1.224
5.708
2.448
2.448
2.748
3.048
1.224
1.224
2.548
1.224
2.548
2.748
1.324
2.648
2.448
1.224
1.324
1.224
2.448
2.448
2.448
1.324
1.224
1.224
2.448
1.224
2.548
3.772
1.224
1.224
1.224
2.448
2.548
2.548
1.824
4.072
4.584
2.448
1.424
1.224
4.284
2.448
2.548
3.772
1.524
2.548
2.448
1.324
2.548
1.224
2.748
2.748
2.748
3.672
1.224
3.772
2.448
3.872
3.248
2.448
4.572
4.672
2.548
4.784
2.648
3.672
3.048
3.772
2.548
2.648
2.448
2.448
2.448
2.548
2.648
5.092
4.284
2.548
2.748
2.448
2.648
3.148
2.548
3.872
2.448
1.224
1.224
1.224
1.324
1.324
4.472
2.748
2.648
2.448
2.848
1.224
2.448
2.448
2.648
2.648
2.448
2.548
2.448
2.448
2.948
2.548
2.548
3.772
3.672
2.548
2.448
2.448
2.448
3.872
4.284
2.548
3.548
2.448
4.284
2.648
2.648
2.948
4.372
1.224
1.224
4.072
2.536
0
3.26
4.26
3.16
0
1.224
0
1.224
1.224
2.648
3.16
1.224
2.448
0
0.3
0
1.524
0.1
1.224
2.548
4.684
1.224
0.1
0
0.1
1.324
0
1.324
1.224
1.324
0.1
3.06
0
0
0
0
2.024
1.224
0.2
1.224
0
1.224
1.324
1.224
1.224
0
1.224
1.224
0
0.1
1.324
0.1
1.324
0
0.1
0.1
1.324
1.424
1.524
2.824
0
1.424
0
1.424
0.8
0
0.2
0
1.624
1.224
1.324
0
0
2.548
1.224
1.424
1.424
0
0
0.1
0.1
1.224
0
1.224
0
1.324
0.2
1.224
1.224
0
2.548
1.324
1.224
1.324
1.524
2.548
2.448
0
1.224
2.748
1.224
1.424
1.224
1.224
1.324
0
0
1.824
1.224
1.224
1.224
1.524
0
1.724
1.224
1.224
2.448
0.1
1.324
1.224
1.324
0.1
0.1
1.624
1.324
1.224
2.448
0
2.748
1.224
1.324
1.324
1.224
1.224
2.648
0.1
1.224
1.224
1.324
1.324
1.224
2.448
1.224
1.224
1.524
0.1
1.224
0
0
1.324
1.224
1.324
1.324
0
1.224
0.1
2.448
1.224
1.224
1.224
1.324
0.1
1.224
1.224
1.224
0
1.324
0
1.624
1.224
1.424
1.724
0.2
1.224
0.5
0
0.1
1.324
1.324
4.384
1.524
2.448
0.4
1.324
0
0
0
0
0
0.1
1.324
1.224
1.224
0
1.324
1.324
1.224
3.06
2.448
1.224
1.424
0.5
1.224
0.2
0
1.324
1.324
1.324
1.524
1.324
2.748
1.224
1.324
1.324
2.524
1.224
0
1.224
1.224
1.324
1.224
1.324
1.224
0.3
0
1.224
0.1
1.224
1.324
1.224
1.224
1.324
0
2.848
0.1
1.224
1.224
0
1.224
1.224
0
0.2
1.324
0
1.224
2.448
2.448
2.648
1.224
0.3
2.648
1.424
1.424
0
0
0
1.224
1.624
0
0
1.224
1.324
0
2.548
1.224
1.224
1.524
1.324
0
1.324
0
1.324
1.324
1.224
1.224
1.324
0
0.1
1.824
1.224
1.324
1.224
1.224
1.524
1.524
1.224
1.224
2.448
0.1
1.324
2.448
1.424
1.424
2.448
1.524
1.224
1.224
2.548
1.324
1.324
0
0
1.224
1.224
1.224
0.2
1.224
0
0
0.5
0
0
1.524
0
1.224
1.324
1.324
1.424
1.224
1.224
1.524
0
0
1.224
1.224
1.424
2.548
1.224
2.548
0
2.448
1.224
1.324
0
1.224
0.1
1.224
1.224
1.224
2.448
1.324
0.3
2.448
0
0
1.324
1.524
1.424
1.224
1.324
1.224
1.224
1.324
0
1.424
0
0
1.324
1.224
0.1
0.3
1.424
0.3
1.224
0.1
0
1.224
0.1
1.324
2.448
1.224
1.624
1.324
0
1.224
1.324
1.224
1.424
0
0.2
1.324
0.1
1.224
2.448
1.224
1.324
0.1
1.224
0
1.324
1.224
2.448
1.224
1.224
1.224
1.624
0.1
1.224
2.548
1.324
1.424
1.224
1.224
0
0.1
1.224
0
1.224
1.424
0.1
1.324
1.524
1.324
1.224
1.424
0
0
0
1.624
0
2.548
1.324
0.2
4.18
0.3
0
0
2.648
2.448
0
0.1
1.224
1.524
0
0
1.224
1.324
0
0.2
1.224
0
1.324
1.224
0
0
1.224
1.324
1.224
0
1.224
2.024
1.924
1.324
1.324
0
1.424
2.648
0
0.4
1.424
1.224
2.548
0
1.424
1.224
0.1
1.224
0
1.524
0
1.324
0.3
0
2.648
1.524
1.324
2.448
1.324
1.424
0.1
1.224
1.224
2.648
1.224
2.548
1.424
1.324
1.224
1.324
1.224
1.224
1.724
1.224
0.1
1.224
1.224
1.224
1.224
1.224
1.224
1.224
0
0.3
0.3
1.324
0.1
0
1.224
0
1.324
1.224
2.448
0.4
1.324
1.224
0.1
1.224
0
0.1
1.224
0
2.648
1.224
1.324
0
0
0
1.224
2.024
0
1.224
1.524
0.3
2.448
1.224
0
1.424
0
1.224
1.224
0.1
0
0
0
2.448
1.824
1.224
0.1
1.224
1.224
1.324
0
1.224
2.448
2.648
1.224
1.224
1.224
1.624
2.548
0
0
2.448
1.224
0
0
1.424
1.324
1.224
1.324
1.224
0
1.224
1.524
1.824
0.1
1.424
0.1
1.224
1.224
0.1
0
2.448
1.224
1.224
0.1
1.324
0.1
1.224
1.424
2.648
1.224
0
0.2
1.524
2.748
0
1.224
0
0
0
2.448
2.648
2.448
2.448
1.224
0
0
0
0
2.444
0.1
0
0
0.2
1.324
2.848
1.424
1.224
1.324
2.548
2.448
1.324
0
1.424
0
0
0
0
1.224
2.448
0
1.224
1.224
1.224
1.224
2.448
1.224
1.224
0
1.224
1.224
1.624
1.224
1.424
0
1.424
2.124
2.448
1.224
1.224
1.724
1.224
0.1
1.324
1.424
1.324
0.1
0.1
0.1
0
0.1
1.424
0.1
0.1
0.1
0.1
0.5
1.224
0.1
1.224
0
1.224
1.224
1.224
1.324
0
0.1
0
1.324
1.224
0
1.224
0.1
2.444
1.224
1.224
1.4
1.324
1.224
0.1
0
1.624
0.8
0.4
0
1.624
1.224
0
1.224
1.324
1.324
0.1
0
1.424
0
1.224
1.424
3.448
1.224
1.224
1.224
1.224
1.224
0
1.424
1.424
0
1.224
1.324
1.224
1.424
0
1.224
2.748
0.4
1.324
1.224
2.244
1.424
2.548
0
0
1.624
1.424
0
0.1
0.1
1.324
2.548
2.448
2.748
1.224
2.448
1.224
0.4
0
0
2.448
1.324
1.624
1.224
0
1.424
0.1
0
0
1.224
1.524
1.224
1.224
0
1.524
2.748
2.448
1.424
2.648
1.424
1.724
0.1
1.424
0
2.548
1.224
1.624
2.448
2.448
1.324
1.224
0
1.524
1.224
1.424
0
0.1
0.3
0
1.224
0.1
0.2
1.224
0.9
0
3.16
0
1.224
2.244
1.224
0
0.1
0.2
1.324
0
1.224
0
1.324
0
0
2.424
1.224
2.448
0
1.724
1.424
2.124
1.924
3.06
0.6
2.024
1.324
0.1
4.18
1.224
0
0.3
1.224
1.324
0
0
0
1.224
0
0
1.324
2.036
0.1
1.324
1.324
1.724
0
0.1
0
1.324
1.836
0
0
1.424
1.224
1.224
0
1.224
1.224
1.324
0
1.624
1.224
1.324
1.624
1.836
1.224
2.448
0.1
2.448
3.672
2.748
2.548
1.324
1.424
2.848
5.808
3.672
4.284
3.872
1.424
1.224
2.448
2.448
0
1.224
2.136
0.8
0
0
1.724
0.7
1.524
