0.1
0.3
2.424
3.96
1.424
0.1
0
0
0
0
0.1
0
0.1
0.3
0.4
0
0
0
0
0.1
0
0.4
0
0
2.336
0
0.3
1.324
1.224
1.324
0.1
1.324
0.9
0
0.4
0.3
0
0
0
0
0.1
1
0
0
0.2
0
0.1
0.1
0.1
0.1
0.1
0
0.3
0
0
0.1
0
0
0
0.5
0.3
0.2
0
0.8
0.1
0.1
0
0
0.4
0.9
0.1
0.6
0.2
0
1.2
0.9
0
0.2
0
0
0.3
0
0.1
0
0
0
0
0
0
0.5
0
0.2
0
0
0
0.2
0.2
0
0
0
0
0.2
0.2
0
1.836
0
0
0.5
0.1
0.1
0.1
0
0
0.1
0
0.3
0
0
0
0
1.4
0.1
0
0.5
0
0
0
0
0
0.2
0.4
0
0.1
0
0.1
0.3
0
0.1
0.3
0.6
0
0.1
0
0.2
0
0
0
0.2
0.1
0
0.1
0.1
0
0.1
0.4
0.1
0.1
0.1
0.8
0
0.3
0
0
0
0
0
0
0
0
1.7
0
0.2
0
0
0
0.6
0
0
0
0
0
0.3
0
0.1
0.2
0.3
0.1
0.1
0
0
0.2
0.3
0
0.3
0.1
0
0
0.1
1.324
0.2
0.3
0
0
0.3
1.3
0
0.1
0.1
0.4
0.1
0
0.2
0.6
0
0
1.3
0.1
0.9
1.02
0
0
0.1
1.924
1.324
1.224
1.224
1.224
1.224
1.724
1.224
1.324
1.224
0
1.836
2.036
0
1.3
0.2
0
0.1
1.836
0.5
2.336
1.224
0
0
0
0
0.1
2.736
0.1
0.1
0
0
0
0.1
0
0
0
0.5
2.036
0
0
0.4
0
0
0.1
0
0
0
0
0
0.2
0
0.6
0
0
0.1
0
0
1.224
1.224
1.524
1.224
1.624
0.1
0.2
0
0
0
0
1.324
0
0.3
0
0
0
0.1
0
0
0
0
0.2
0
0
0
0
0.4
0.1
0.4
2.236
0
0
0
0
0.1
0
0
0
0
0
0
0.1
0.3
0.4
0
0
0
0.1
0
0.8
0
0
2.236
1.936
0
0
0
0.8
0
0
0
0.6
0
0.7
2.336
0.1
2.136
0.2
0
0.1
0
0.9
1.1
0
1.936
0
0
0
0.4
0
0
0
0
0
0
1.936
0
2.036
0
0
0
1.936
1.836
0
0
0.4
0
0
0
0
0.8
1.224
0
1.224
1.424
1.224
1.724
1.324
3.16
1.224
1.224
4.86
1.224
3.46
0
0
1.624
1.224
1.224
1.224
3.16
1.224
1.324
1.224
1.224
1.224
1.224
3.66
1.224
2.824
1.424
1.324
1.224
1.324
1.224
1.224
1.224
1.224
1.224
1.224
1.324
1.324
1.724
1.224
3.26
1.224
1.324
4.36
3.46
3.06
1.324
3.36
3.56
4.06
1.424
1.224
1.924
1.424
1.224
3.06
1.524
1.224
1.324
1.224
3.06
1.224
1.324
3.26
1.424
1.324
1.224
1.324
1.424
1.224
1.324
1.324
1.324
3.06
4.26
1.424
1.224
1.224
4.46
3.16
1.224
1.424
2.324
1.724
1.224
1.324
2.224
1.224
3.26
1.524
1.724
1.424
1.224
1.324
1.624
1.224
1.224
1.224
1.324
1.224
1.224
1.324
3.26
1.424
1.224
1.224
1.224
3.36
3.46
1.224
1.224
1.224
1.224
1.624
1.224
1.324
1.724
9.18
1.224
3.16
1.324
3.16
4.66
1.224
1.224
1.224
1.324
1.224
1.224
1.224
3.36
1.224
1.224
3.26
1.224
2.224
1.324
1.224
3.06
1.224
1.424
4.66
1.324
1.224
1.224
1.324
1.524
1.324
1.224
1.224
1.524
1.224
1.324
1.324
1.224
1.424
1.224
1.224
1.224
3.36
1.324
3.66
1.424
1.224
1.224
1.224
1.324
3.36
1.424
1.224
3.16
1.224
1.524
1.224
1.224
1.724
1.224
1.224
1.224
1.324
1.224
2.024
3.56
1.324
1.224
1.224
1.324
1.224
3.06
1.224
1.224
1.224
1.224
1.224
1.324
1.524
1.224
1.224
1.224
1.324
1.324
1.224
1.224
1.224
3.16
1.324
1.324
1.224
4.16
1.224
1.224
1.224
1.224
1.224
1.224
1.224
1.224
1.324
1.224
1.224
1.324
1.424
1.524
1.224
1.224
1.224
1.224
4.16
1.224
1.224
4.06
1.324
3.06
1.924
1.224
1.224
1.324
3.16
1.624
3.16
1.224
3.26
3.26
1.424
3.06
3.06
3.16
3.06
3.16
1.224
1.224
3.26
1.224
3.16
3.06
1.624
3.16
1.224
1.224
3.06
1.224
1.224
3.76
1.224
3.36
1.224
1.224
1.224
3.26
1.324
1.224
1.224
3.06
1.224
1.324
1.624
3.16
1.624
3.06
1.324
1.324
1.224
3.06
1.224
1.224
1.224
1.224
1.324
1.224
3.56
1.224
1.224
1.324
3.46
1.524
3.16
3.06
1.424
1.224
3.06
1.224
1.224
1.424
3.06
1.424
1.324
3.06
1.224
1.224
1.224
3.26
1.224
1.224
1.224
1.224
1.224
3.16
1.324
1.224
1.224
1.724
1.324
1.424
3.26
1.224
3.26
1.224
1.224
1.224
1.224
1.224
1.324
1.324
1.224
1.224
1.224
1.424
3.16
1.224
1.224
3.06
1.224
1.224
3.16
1.424
2.424
1.224
3.36
3.26
1.224
3.06
1.224
3.06
3.16
1.224
1.424
3.26
1.424
1.524
1.224
1.324
1.324
3.06
3.26
1.224
1.524
3.46
1.424
1.224
1.324
1.224
1.224
2.424
1.724
1.424
1.424
1.224
1.224
1.224
1.224
1.324
1.224
1.224
1.524
1.324
1.524
1.624
1.224
1.224
1.224
1.224
1.224
1.224
1.224
1.224
3.26
3.36
1.224
1.224
1.224
3.06
1.224
1.424
1.224
1.724
1.724
1.224
3.16
1.224
1.524
3.06
1.224
1.224
1.524
1.624
1.324
1.224
3.06
1.224
1.224
1.224
1.324
1.224
3.46
1.324
1.224
1.324
3.06
3.16
1.224
1.224
1.224
1.324
1.224
1.324
1.224
1.724
3.16
3.16
1.224
1.224
1.224
1.224
1.224
1.224
1.224
1.224
3.26
3.06
1.324
3.26
1.224
1.224
1.224
1.224
3.06
1.224
1.324
1.324
1.224
1.224
1.224
1.224
1.224
1.224
1.524
1.224
1.524
1.224
3.06
1.224
1.824
1.224
2.344
1.224
1.224
1.524
1.424
1.224
1.324
1.624
1.224
1.524
1.224
1.324
1.224
1.224
1.324
3.16
1.224
4.66
3.86
3.16
1.224
3.06
1.224
3.06
1.224
1.424
1.324
3.26
1.224
1.224
1.224
3.06
1.824
1.224
1.824
3.16
1.424
1.224
1.224
1.224
1.324
1.224
1.324
3.36
1.224
1.324
1.324
1.924
3.36
1.324
1.224
1.824
3.06
1.224
1.224
1.324
1.324
1.524
1.824
1.224
1.424
1.324
1.224
3.66
4.26
1.224
1.224
3.16
1.224
1.324
1.224
1.624
1.224
1.924
1.524
1.424
1.224
3.16
1.224
1.524
1.224
1.324
1.424
1.224
1.224
1.224
3.26
1.224
1.324
1.224
3.36
3.36
3.16
1.524
1.724
1.224
1.324
1.224
1.224
1.224
3.16
1.224
3.76
1.924
3.26
1.524
1.224
2.324
1.224
1.224
3.16
1.324
3.26
1.224
1.724
1.424
1.224
1.324
1.424
1.224
1.424
1.224
1.424
1.324
3.16
1.224
1.224
1.224
1.224
1.524
1.324
1.224
1.324
1.324
1.424
1.424
3.06
3.06
1.424
2.236
0
0.2
1.3
0.1
2.736
0
0
0.1
0.2
0.1
2.036
0
0
1.836
0.8
0
0.3
0
0
3.06
0.4
0
0.1
0.2
0.1
0.1
0
0.1
0.1
0.1
0
0
0
0
0
0
0.4
0
0.2
0
0
0
0.1
0
0
0
0
0.1
0
0.3
0.1
2.136
0
0
0.1
0.1
0
0
0.2
1.7
0
0.1
0
0
0.5
0.1
0.1
0
0.3
0
0
1.836
0
0
0
0.2
0.1
0.4
0
0.1
0.2
0.1
0.1
0.3
0
0.1
0.4
0.1
0.2
0
0.4
0.2
0
0.1
0.3
0
0
0.1
0.1
0
0.1
0
0
0
0
0
0
0.8
0.2
0
0
0
1.836
0.5
0
0
0
0.1
0
0
0
0
0.2
0.3
0.3
0
0
0
0.3
0
0
0
0
0.1
0.2
0.4
0.2
0
0.3
0
0
0.1
0.4
0.1
0.2
0
0
0
0.1
0.2
0
0.2
0.3
0
0
0.1
0
0
0
0
0.1
0.1
0
0
0
0.3
0
0.1
0.1
0
0.3
0.2
0.1
0
0.2
0
0
0
0.7
0.1
0.2
0.1
0.6
0.5
0
0
0
1.936
0.2
0.4
0.1
0
0
0
0.1
0.2
0
0
0
0
0
0.2
0
0.7
0
0.3
0.1
0
0.1
0.3
0.3
0.3
0
0.1
1
0
0
0
0.1
0
0
0
0.2
0.3
0.3
0.1
0
0
0.3
0
0
0.2
0
0.1
0.2
0
0
0
0.1
0
0
0.1
0.1
0
0
0
0
0.3
0.1
0
0.2
0.2
0.1
0
0
0
0
1.2
0.2
0
0
0
0.1
0
0
0.1
0.2
0.1
0
0.1
0
0.2
0.1
0
0
0.1
0
0.3
0.7
0
0.1
0
0
0.2
0.3
0
0
0
0
0
0
0.1
0.2
0.1
0.3
0
0
0.1
0
0.1
0.2
0
0
0
0.2
0.1
0
0.2
0.1
0.3
0
0
0.3
0.1
0.1
0.3
0.3
0.3
0
0
0.5
0
0
0
0.1
0
0.1
0
0.1
0
0.1
0
0.2
0.1
0
0.1
0
0
0
0
0.1
0.6
0.1
0
0
0
0.5
0.1
0.1
0.4
0
0
0
0.4
0.2
0
0
0
0.1
0
0.3
0.1
0
0
0.2
0
0
0
0
0.3
0
0.1
0
0.2
0
0.1
0.1
0.1
0.1
0.1
0.1
0.4
0
0
0
0.1
0.1
0
0
0.1
0.1
0
0
0
0
0.1
0
0.1
0
0
0
0
0
0
0.3
0
1.836
0
0
0
0.2
0.3
0.3
0
0
1.936
0.2
0
0.1
0.1
0.3
0.1
0.7
0.3
0.3
0
0
0.1
0.1
0.3
0
0
0.2
0
0
0
0
0.1
0.1
0
0
0.1
0
0.1
0
0
0.1
0
0
0.3
1.2
0.3
0
0.1
0
0.1
0.1
0.1
0.1
0
0.1
0.1
0
0.3
0.3
0.1
0.1
0
0.2
0
0
0.3
0.1
0.2
0.7
0.4
0.1
0.1
0.1
0
0
0
0.3
0
0
0.2
0.1
0
0.1
0
0
0.4
0
0
0.1
0
0
0
0
0
0
0.1
0.4
0.7
0
0
0.2
0
0
0.1
0
0
1.2
0
0
0.1
0
0
0
0
0
0.2
0
0
0
0
0
0
0.4
0.1
0
0.1
0.4
0
0
0.3
0
0.1
0
0
1.836
0
0
0
0
0.8
0
0
0
0
0
0
0.2
0.2
0.1
0
0
0
0.4
0
0
0
0
0.1
0
0
0
0
0
0.1
0
0.1
0
0.2
0.6
0.2
0.1
0.1
0
0
0
0
0
0
0
0.1
0.2
0.1
0
0.1
0.1
0
0
0.2
0.1
0.2
0.2
0
0
0
0
0
0.1
0.1
0.1
0
0
0.1
0.2
0
0.3
0
0
0
0.2
0.1
0.3
0.5
0.1
0.2
0
0
0
0
0.1
0
0
0.1
0
0
0
0
0.2
0
0
0
0
0
0
0
0.2
0.1
0.8
0.1
0.1
0.1
0.3
0.4
0
0
0
0.8
0
2.036
0.1
0.2
0.1
0.2
0.3
0
0.1
0.1
0.3
0.3
0.1
0
0
0.9
0
0
0
0
0.3
0.1
0
0
0
0.1
0
0.1
0
0
0
0
0.2
0
0.1
1.6
0
0
0
0
0.2
0.7
0.5
0
0.2
0.1
0
0.1
0
0.5
0.6
0
2.336
0.4
0.1
0.2
1.3
0.1
0.1
0
0
0.2
0
0.1
0.1
0
0
0.2
0.2
0
0
0
0.1
0.2
0.1
0.1
0
0.4
0
0
0
0.7
0.3
0
0.4
0
0
0.1
0
0
0
0
0
0.8
0
0
0.1
0.1
0.2
0.1
0.1
0.4
0.6
0
0.2
0
0.2
0.1
0.2
0
0.5
0.2
0
0.1
0.1
0
0.2
0
0.3
0
0
0.1
0.2
3.06
1.224
0
0
0
0.3
0
0.1
0
0
0.3
0
0
0.2
0.6
0
1.4
0.4
0.1
0
0
0
3.26
0
0
0.2
2.036
0.1
0
0
1.936
0
0
3.324
1.324
0
1.836
0.8
2.636
0.9
0.5
0
1.5
0.1
0
0
0
1.836
1.836
2.036
0
0
0.1
0
0.2
0
1.936
0
0
0.1
0.3
0
0.1
2.036
0
0
0
0.1
0.1
0.1
0
0.8
0
0
0.1
0
0
0
0
2.636
1.224
0.1
0.1
0
0
0
1.836
1.224
1.224
1.324
3.36
1.224
1.424
1.324
1.424
1.224
1.224
1.524
0.1
0
3.06
0
0
0
0
0.8
0
0
1.524
0.7
1.424
