3.36
0.1
2.124
0.3
1.224
0.1
0.1
0
1.324
0
1.324
1.324
0.1
0.3
0.2
0
0
0
0
0
2.448
2.748
0
0
1.324
0
0.1
1.424
2.448
1.224
0.1
1.224
2.124
1.224
2.036
3.36
3.06
3.06
1.936
3.76
3.06
3.56
1.936
1.836
1.936
3.16
1.936
1.836
3.36
9.508
3.06
1.936
6.308
1.936
1.836
1.936
3.06
2.036
3.26
3.16
2.336
2.136
1.936
2.036
2.236
3.06
2.036
1.836
3.16
2.536
3.36
4.684
3.16
3.06
3.86
3.56
1.836
1.836
1.836
3.06
3.36
1.936
3.16
1.936
1.836
1.836
1.836
1.836
1.836
2.436
3.06
1.836
1.936
1.836
1.836
4.384
4.684
3.06
1.936
1.936
1.936
2.636
2.036
3.26
1.836
3.26
3.06
2.436
1.836
3.06
3.36
1.836
3.06
3.06
1.836
1.936
3.16
1.836
3.06
3.16
2.636
1.936
1.936
3.56
1.936
3.06
3.26
3.06
1.836
3.36
3.26
2.036
2.036
1.836
3.46
2.636
3.16
3.06
3.16
2.636
3.16
2.036
1.836
3.46
1.836
1.836
3.16
2.036
3.36
1.836
3.06
3.16
3.26
3.06
3.76
3.46
2.036
1.836
3.36
2.136
3.26
1.836
3.16
1.836
1.836
1.936
1.836
3.06
1.836
3.036
3.16
3.66
3.16
3.06
3.06
3.16
1.936
1.836
4.384
3.76
3.66
3.86
1.836
3.06
2.236
3.26
3.16
3.26
1.836
3.06
2.136
4.484
3.06
3.46
3.06
3.36
3.06
3.26
1.224
0.1
1.424
0
0
1.424
2.324
0
1.324
2.648
1.324
1.324
1.224
1.224
0
0
1.224
0.4
1.224
0.1
0
1.224
0
1.224
1.824
1.224
1.224
1.324
1.224
1.224
1.324
2.448
1.324
1.224
1.224
0
1.324
0
2.224
1.224
1.224
1.324
0
1.524
1.324
0
0
0
0
0
1.224
0.1
1.224
0.1
1.324
0
0
1.224
0
0.1
1.224
1.224
2.448
1.224
1.324
0.2
1.224
1.224
0.2
1.224
2.448
2.448
1.224
1.224
2.448
1.224
0.3
1.324
1.224
1.836
2.448
1.224
0
0
1.724
1.224
1.424
1.324
1.324
1.224
2.548
2.448
2.448
1.224
0
0.4
0
0
0
0
0.3
1.224
0
1.224
0.1
0
0
0
0
1.424
0
1.224
0
0
1.324
0
0
1.224
1.224
1.224
0
1.324
1.224
0.1
1.424
0.1
0.1
1.224
0
0
0
0
0.5
0
0
1.424
1.224
0
0
0
1.724
1.224
0
2.548
0.7
0
1.624
1.324
2.448
1.324
0.2
1.224
2.448
1.324
0.3
0.7
0
0.1
1.224
1.836
0
2.848
2.448
0
2.448
2.548
1.224
0
0
2.448
0
1.224
1.324
1.224
1.224
1.224
0.1
0
0.1
0
0
0
1.224
1.424
0
0
0
0
1.224
2.648
1.324
0
0
2.448
0.5
0
0.1
1.224
0
2.548
1.224
0
1.224
1.224
1.224
1.424
1.224
3.772
1.224
1.224
2.848
1.224
0.5
1.424
1.224
1.224
1.224
0
1.224
0
0
0
2.448
1.224
1.224
0.1
1.224
2.548
0
2.448
2.548
1.324
0
1.424
1.324
0.2
2.448
0.2
1.224
1.624
1.224
1.224
1.324
0.1
0
1.224
0.1
1.224
0
1.224
2.548
1.324
0.1
0
0
1.324
0
2.548
1.224
0
0
1.724
1.324
1.324
1.224
0
1.224
0
0
1.924
0.1
0
1.324
1.824
0
1.224
1.524
1.324
0.2
0
0.1
0.1
1.224
0
1.224
0.4
0.1
0
1.224
1.224
0
1.224
1.224
0
1.224
1.224
1.224
1.224
0
2.448
2.848
1.224
0.1
1.224
0.1
1.224
0
1.224
1.424
0.4
0.1
1.224
1.224
1.324
1.324
1.224
1.324
1.224
0
2.448
1.224
0
0.4
1.224
1.224
2.448
0
2.448
1.724
1.224
1.324
1.224
1.224
1.324
1.324
2.448
0
1.424
1.224
1.324
1.224
1.324
0
1.224
0.2
2.648
0
1.224
1.324
1.224
2.448
1.224
2.448
0
1.224
1.224
1.224
0.1
1.224
1.424
1.224
0
0
1.224
0.1
0
0.1
2.448
2.548
1.424
3.672
2.448
1.224
0.1
1.224
0
1.224
1.224
0
2.448
1.224
1.524
1.324
0
1.224
0
0
1.224
1.224
1.224
0
1.224
1.224
1.224
0
1.424
0
1.224
1.324
1.224
1.224
1.224
1.224
0
1.324
0
1.224
0
0
1.224
0
0
1.224
0
2.748
0
0
1.824
0
0
1.624
1.324
2.448
0
0.1
0.1
1.224
0
0.1
2.548
2.648
0
0
1.324
2.448
1.324
1.224
1.224
1.224
0.1
0
2.448
0
2.548
1.224
0
1.524
1.224
1.224
0.2
0
1.224
0
1.224
1.324
0.1
2.848
2.448
2.648
2.448
0
0.1
1.624
0
3.672
1.224
1.224
1.224
0
0
2.548
1.224
1.224
2.448
1.324
1.324
1.324
0
1.224
1.324
2.648
1.524
1.224
1.424
0.5
1.224
2.448
0
2.448
1.224
1.224
0.1
1.224
0
0
0.1
1.224
0.2
0
0.1
2.448
1.224
2.448
2.448
0
0
1.224
1.224
0
1.324
1.424
1.224
1.224
1.224
1.224
0.1
0
1.224
0
1.324
1.224
0
0
1.224
1.224
0
1.224
1.224
0
1.224
1.224
0
0.4
1.224
0
2.548
0.1
1.224
1.224
1.224
1.424
0.1
2.448
1.224
1.324
0
1.224
1.224
1.224
1.224
2.548
0
1.224
2.548
0
1.224
1.224
1.324
1.224
0.3
3.048
0
0
0
2.448
1.224
1.224
1.224
2.448
0
2.448
0
1.424
2.748
1.224
0
0
1.224
1.324
2.548
1.224
0
2.548
2.548
1.224
1.224
0
1.224
1.224
1.224
1.224
0
0.3
2.548
2.448
0
0
0
2.448
1.224
0.2
0.4
1.224
1.224
1.224
1.224
1.224
0
0
1.224
1.224
1.224
1.224
1.424
1.224
1.224
2.448
0.1
0
1.324
1.224
2.548
0.2
1.224
1.224
1.324
1.324
0
0
1.224
1.224
2.648
0
0
1.324
1.224
1.224
1.224
0
1.224
0
1.224
0
0
0
1.324
1.424
1.224
1.224
0
1.224
0.2
1.224
0
1.424
1.224
0
3.672
1.424
0
0
1.224
2.548
3.672
1.424
0
1.424
1.224
2.448
1.524
0
2.448
1.224
1.224
1.224
1.324
1.224
2.648
1.424
2.548
0
1.224
0
2.548
1.224
0
1.224
3.672
0
1.224
0
2.448
2.648
1.224
1.224
0
0
0
0
0
1.224
2.448
2.448
0
0
0
0
0.2
1.324
1.224
1.224
0.2
0
2.448
0
2.648
1.224
1.224
1.224
2.448
0.2
1.224
0
1.524
1.524
1.224
2.448
0
1.324
3.872
1.224
3.348
0
1.424
1.224
2.448
0
1.324
1.224
0.1
1.324
1.224
1.224
2.448
2.448
2.448
2.548
2.448
1.224
1.224
2.448
2.448
2.448
1.224
0.2
0
1.424
0
0
1.224
1.224
0
0
2.648
1.224
1.424
1.224
0.3
0
0
1.224
2.548
1.324
0.1
0
0.1
1.324
2.948
2.448
2.448
2.548
2.548
0
2.448
2.448
0
2.448
0
2.448
2.548
2.448
2.448
2.448
1.324
2.448
1.324
2.448
2.548
2.548
0.1
0
1.324
1.524
1.324
1.324
3.672
0
2.448
0
1.324
1.224
0
2.448
0
0.2
1.224
0.4
1.836
2.448
1.324
1.424
1.224
0
0.1
0.1
1.224
1.324
0.1
1.324
0
1.224
1.224
2.548
2.548
0
1.224
0.8
1.424
1.424
2.848
1.224
0
1.324
0
0
0
1.224
1.224
1.224
0.2
0.2
0
1.224
1.224
0
0
1.224
1.424
1.324
2.224
0
1.224
1.224
1.224
0.5
1.324
0
0
3.448
2.548
0
0
1.224
1.224
1.224
3.148
2.448
1.724
0
1.424
1.224
0
1.224
0.1
0.1
1.424
2.024
1.224
1.324
0.2
2.548
3.772
1.224
0.3
1.224
1.324
1.324
0
0
1.324
2.648
2.548
0
1.224
2.648
1.524
1.224
1.724
1.224
1.224
0
1.324
0
1.624
0.2
1.224
1.224
1.424
0.3
0.1
0
0
0.2
0.2
2.448
3.672
1.224
0
1.524
1.224
2.648
1.324
0.2
0.3
1.224
1.724
1.224
1.224
1.324
1.324
1.224
1.324
0.1
1.224
3.048
1.524
1.324
0
1.224
1.324
1.224
1.524
2.548
0
0
0
1.224
1.224
1.324
0
1.224
1.724
0
2.448
0.1
1.324
1.224
0
1.224
2.448
1.424
1.524
1.424
1.224
0.9
1.224
1.224
1.324
2.548
1.324
0.1
1.324
0
1.424
0
0
0
0
1.224
1.424
1.324
1.324
2.548
1.224
1.324
1.324
0
3.772
1.224
1.224
1.424
0.2
1.224
1.424
0
1.224
0
0.2
2.548
2.648
1.824
2.448
1.324
2.648
0.6
1.224
1.224
2.448
0
1.224
1.224
0.1
0.1
1.624
1.624
1.224
1.224
1.224
3.148
1.224
1.324
1.524
0
1.424
0.1
1.224
1.224
0.3
2.448
1.224
1.224
1.224
1.324
0
1.224
1.224
1.224
1.224
1.324
1.824
2.748
1.524
2.648
0.2
0
0.1
1.224
0.5
0.1
1.224
0
0.1
0.1
1.324
1.224
0
1.424
1.524
1.224
0
1.424
1.224
1.424
2.448
0
2.748
1.224
0.6
0.4
0
2.448
2.448
0.1
1.224
3.048
1.324
1.224
1.324
1.424
1.424
1.224
1.324
1.924
2.848
1.524
2.548
1.224
2.648
0.2
1.224
1.224
0
1.424
1.224
1.224
0
0
1.424
1.224
1.424
1.224
1.224
3.148
0.5
3.672
0.3
1.324
0.1
0
1.224
3.448
0.2
1.224
1.224
1.224
0
1.224
2.448
2.548
1.224
1.324
1.224
1.324
1.424
1.224
1.524
0
1.224
1.224
1.224
1.424
1.624
1.324
1.324
1.224
0
3.048
2.648
1.224
0.3
1.224
2.448
0
1.524
0.3
0
1.224
2.548
1.224
1.224
0.2
2.648
1.424
0.1
0
0
2.548
0
0
1.424
1.424
1.324
1.224
1.324
0
1.224
1.424
1.324
0
1.824
1.224
1.624
0
1.224
0
1.224
1.424
1.224
1.224
1.224
1.224
1.324
2.448
1.224
1.424
2.748
0.1
0.1
1.224
2.548
0.1
2.448
0.1
0
1.724
0.1
0.2
0
1.224
1.224
1.224
2.848
2.648
1.224
2.448
1.324
1.824
0.1
2.848
1.424
2.448
1.224
1.824
1.524
2.124
0
1.324
1.324
2.448
1.324
1.324
1.224
1.524
1.324
0
1.224
0
1.224
0.2
1.224
0
1.224
2.548
1.324
1.224
2.448
3.672
1.224
1.324
3.772
3.648
1.624
0.1
2.748
0.1
0
1.324
0
0.4
1.224
1.324
1.324
0
1.424
2.548
0.1
2.548
0
0.8
0
2.448
0.2
1.224
1.224
0.7
0.1
1.224
1.624
1.424
1.424
1.224
1.224
2.748
0.1
1.324
1.724
2.948
1.224
0
1.224
1.224
1.224
2.648
0
1.224
1.324
0.1
2.448
0.1
2.448
0
1.324
0.2
0.4
1.224
1.324
1.224
1.224
0
1.324
0
1.224
1.824
2.448
0.2
1.524
1.324
1.324
1.224
1.224
1.224
1.424
0
0.1
0
0
1.224
1.224
0.5
1.224
0
1.324
0.8
1.224
1.224
1.724
1.324
1.224
1.224
1.224
0.2
1.324
1.224
0.1
1.224
3.748
1.324
1.324
1.224
0
1.224
1.424
1.224
1.324
1.324
1.224
0
2.448
3.148
1.424
0.2
1.224
1.224
1.424
0
1.224
0
0
1.324
1.224
1.324
1.324
1.224
1.724
2.024
1.324
2.848
0.2
2.548
1.224
1.224
0
1.424
1.224
2.448
0
1.224
0.2
0
0.1
2.124
2.448
1.224
1.724
1.324
1.224
1.424
1.224
0
1.324
0
1.624
2.848
1.424
1.324
1.224
0
1.224
1.424
1.224
1.324
1.424
1.224
1.724
1.324
2.648
1.524
3.248
1.324
3.972
1.324
1.224
2.448
0.1
2.648
0
0
1.424
1.524
1.224
1.224
1.224
1.224
0.1
0
1.324
1.224
0
1.224
1.224
1.224
1.424
1.824
0.1
0.3
0
0.1
1.724
1.224
0
0
2.748
1.224
0
1.224
1.524
2.548
1.524
0.1
1.224
0
0
2.448
1.924
0.3
0
0
1.824
1.224
1.424
1.224
0.1
1.624
2.448
1.324
0.1
1.324
0.1
0
1.224
2.448
1.224
1.224
1.324
1.424
2.448
2.448
1.3
2.548
2.648
1.624
0.2
0.4
0.9
0.8
1.224
2.748
1.224
0
1.424
1.224
0.3
1.724
0.3
1.224
0.3
2.448
1.824
1.524
2.448
1.324
1.224
0
2.948
1.324
3.048
1.224
1.324
1.224
1.824
1.324
1.224
1.224
1.424
2.548
1.824
1.324
0.2
1.224
0.1
1.424
1.224
1.224
4.272
3.148
1.224
1.524
1.224
2.548
2.548
1.224
2.848
2.448
1.224
2.948
1.424
1.224
1.224
1.224
2.648
1.524
0
1.324
2.748
1.424
0
1.324
1.224
1.524
0
1.224
1.224
1.524
1.924
1.224
2.948
1.224
3.36
3.46
1.836
3.76
1.836
4.584
1.324
2.748
1.324
1.524
0
2.448
0
4.684
0
1.324
1.324
0
1.524
1.324
2.448
1.324
1.824
0
0.5
0
3.672
1.224
0
0
0
1.224
0
0.2
2.448
0.1
0
0.1
3.972
0
1.224
0.7
1.224
1.224
1.224
1.624
1.324
1.624
1.624
1.224
1.524
2.448
1.224
1.224
1.224
1.224
0
0.1
0
1.224
1.224
0
1.324
0
1.224
0
2.448
0.1
1.224
1.224
1.424
1.324
0.1
0
1.224
0
2.448
0
1.224
1.624
1.224
2.448
1.324
0
1.224
1.224
0
1.624
1.224
3.772
2.748
1.224
0
2.448
0.1
2.448
2.448
1.324
1.324
1.324
1.624
2.448
1.224
2.448
0.1
1.224
0
1.224
0
1.224
1.224
0.1
0.1
2.924
1.424
1.224
3.148
0.3
2.548
