0.1
0.1
4.072
2.648
5.396
0.1
0
1.224
0
0
0.1
1.324
1.224
0.2
0.2
0
1.324
1.224
1.224
1.224
1.324
1.224
1.224
1.224
0.1
1.324
1.324
2.548
3.672
2.448
1.224
2.448
0.4
0
1.324
0.1
0
0
0
0.3
0
2.124
0
0
0
1.224
0.1
1.324
0.1
1.324
1.224
0.1
1.224
1.224
0
1.224
1.324
1.224
0
1.324
1.724
1.424
0
1.424
0.2
0.1
1.224
1.224
1.424
1.824
0.2
2.748
1.324
0.1
1.824
0.2
1.224
0
1.224
0
2.548
1.324
1.224
1.224
0
1.224
1.224
0
1.224
2.748
0.1
1.224
1.224
1.224
1.224
1.324
1.324
1.224
1.224
1.224
0
1.524
1.224
0
1.224
0
0
0.6
1.424
0
1.324
1.224
0
2.448
0
0
0.1
2.648
0
0
1.924
0
1.224
1.424
1.224
0
0.1
1.224
0
2.548
0.1
0
1.224
0
1.424
0.5
1.324
2.548
1.524
0.2
0
2.648
1.224
1.324
1.224
1.224
1.224
1.324
0
1.224
1.224
0
0.2
0
0.2
0.5
1.224
0.1
0.4
0
0
1.224
0
1.224
0.1
1.224
1.324
1.224
0
2.424
1.324
1.624
2.448
0.2
2.448
2.448
1.224
1.224
1.224
0.1
0.3
2.648
0
3.672
0.1
4.272
1.724
2.448
1.224
3.772
0.3
1.324
0.1
2.848
2.648
1.224
1.224
0
1.224
1.324
1.524
1.224
0
1.624
1.6
1.224
0.1
1.624
3.048
1.424
2.448
0.5
1.624
1.324
0
2.124
0
1.324
0
1.224
1.324
2.748
3.248
3.872
3.672
2.848
2.448
2.548
4.572
3.672
3.872
3.672
2.448
0.1
2.448
0.1
5.872
1.324
0
2.024
0
2.024
1.424
1.324
1.224
1.224
1.224
2.548
1.424
0.8
0
1.224
1.324
1.224
1.224
1.224
1.224
1.224
2.448
1.824
2.548
1.224
0.1
0.5
2.448
1.224
0.2
2.448
0
2.448
0
0.2
0
2.648
1.224
0.1
2.548
1.324
2.448
1.224
3.672
2.448
5.096
3.672
5.396
0
1.324
1.324
2.748
1.224
1.324
3.772
1.224
1.424
0
0
1.224
0
1.224
0
1.324
1.224
0.6
0.1
0
1.224
1.324
1.324
1.224
1.424
2.448
1.224
2.448
1.224
1.224
2.748
0
1.224
0
1.524
0
0.1
0.1
0
1.224
0
1.224
1.324
0
1.224
1.424
2.448
1.224
1.324
1.224
1.224
0
0
0.3
0
1.224
1.224
1.724
1.224
0.1
1.424
1.324
2.648
0.2
1.324
1.424
1.224
1.524
2.124
1.224
0.1
0
1.224
1.224
2.448
1.324
0
1.224
1.224
2.448
0
1.224
2.548
0.2
2.548
2.548
1.224
1.224
1.224
1.224
1.224
2.948
0.1
0
0
2.748
3.248
2.448
1.224
2.448
1.424
3.772
2.848
1.424
1.324
1.224
3.872
3.448
3.672
2.448
1.424
0
1.424
1.224
2.548
3.772
3.772
1.224
4.672
3.672
2.548
5.096
4.896
2.648
3.672
1.724
3.048
3.772
1.224
2.548
2.748
1.324
2.448
4.172
2.548
2.448
3.772
2.648
2.648
1.224
2.848
2.448
3.672
2.548
3.972
3.772
2.548
2.448
1.324
4.172
2.548
1.224
2.548
2.448
2.748
3.672
2.548
3.672
2.448
2.448
3.672
3.672
3.772
2.648
2.448
2.548
1.324
2.448
4.072
2.448
1.424
1.424
3.672
1.224
4.372
2.548
3.772
2.548
1.724
3.772
2.548
1.424
3.548
1.524
2.448
3.348
1.224
1.224
2.548
3.672
3.548
2.548
3.672
1.424
3.048
3.772
1.224
1.224
1.224
2.448
1.224
4.896
2.448
2.548
3.772
1.224
3.672
3.772
5.096
1.324
1.224
2.548
2.648
4.072
3.672
1.224
3.972
1.324
1.224
1.324
3.672
3.672
3.248
2.548
2.448
1.224
9.396
3.772
2.448
3.672
4.896
2.548
2.648
3.672
2.448
2.848
2.448
2.448
2.448
2.548
3.972
3.872
3.772
2.448
1.224
3.772
4.172
4.372
2.648
1.324
4.896
1.524
1.224
2.448
1.524
2.548
3.672
3.672
1.224
2.748
2.748
3.972
3.872
3.772
1.224
1.224
1.324
3.672
2.648
1.224
1.224
2.448
4.672
2.548
1.224
3.672
1.324
2.648
2.448
2.448
2.448
2.748
2.648
2.448
3.772
2.448
1.424
3.672
2.448
2.548
1.224
2.448
2.448
2.448
1.424
3.048
2.448
3.672
1.224
1.324
2.548
3.672
1.324
2.648
2.648
2.548
3.672
2.448
1.324
1.424
2.448
2.548
2.648
1.324
3.672
2.448
2.448
3.872
1.224
3.672
2.448
2.848
2.848
2.448
2.448
1.224
3.772
3.048
2.448
1.224
1.624
1.524
1.224
1.924
3.672
3.672
2.448
1.324
1.424
3.772
2.448
2.448
3.872
3.972
1.224
1.324
3.972
1.224
2.448
3.872
2.448
3.672
2.448
1.224
2.448
2.548
3.672
1.224
2.448
2.748
2.448
1.324
1.624
2.448
2.748
2.448
1.224
1.324
1.424
2.548
3.672
2.648
3.772
2.448
1.224
5.372
1.224
4.172
2.548
2.448
3.672
1.324
2.448
5.096
1.224
3.672
2.548
3.772
3.772
3.772
1.224
4.896
2.548
2.448
4.572
1.224
2.648
3.048
1.224
3.672
2.548
2.548
4.996
2.548
1.324
4.372
1.224
2.548
3.872
2.548
1.324
3.672
1.324
3.672
3.672
3.672
2.848
2.448
3.872
4.896
1.324
1.224
2.748
2.848
1.224
3.772
2.448
3.772
2.448
2.448
1.224
2.548
4.072
2.448
2.448
1.324
3.872
2.848
2.448
1.224
1.224
1.224
2.448
3.672
2.448
1.324
2.648
1.324
3.972
2.448
3.772
3.672
3.672
2.548
2.448
4.572
2.548
3.148
4.172
2.648
4.472
3.672
3.672
2.748
2.448
1.424
2.748
3.972
3.672
3.672
2.448
4.896
2.124
4.372
1.224
1.224
2.748
4.896
3.672
1.224
2.448
2.448
2.448
2.548
3.772
3.048
3.772
1.224
3.672
2.448
1.224
3.972
3.872
3.672
1.324
2.448
2.448
3.672
1.324
3.672
3.672
2.448
2.548
2.548
2.848
2.648
2.548
3.772
2.448
3.972
1.224
3.672
2.448
2.548
4.172
3.772
1.324
2.448
2.948
2.448
1.224
3.672
2.448
3.772
3.672
1.224
3.872
3.672
3.672
3.972
2.448
2.548
2.448
3.672
2.448
2.448
5.096
3.772
1.324
4.896
1.224
1.224
1.224
1.224
3.772
2.448
2.548
3.872
3.672
1.224
3.672
1.324
1.224
1.224
1.224
1.424
2.548
2.448
3.872
3.872
3.772
5.096
2.548
1.224
3.672
3.772
3.672
4.272
3.672
1.224
3.672
5.296
2.448
1.224
2.448
2.548
2.448
2.448
2.548
2.848
1.524
1.224
6.196
2.448
3.672
4.896
2.448
5.096
3.672
2.448
3.972
2.848
1.624
1.324
3.672
2.448
2.448
2.848
2.448
2.548
2.548
2.448
1.324
2.448
2.448
3.772
3.672
1.324
1.224
2.448
3.672
1.224
2.448
3.672
1.324
1.524
1.424
3.772
2.448
2.548
2.648
3.772
2.848
2.448
1.224
2.448
2.448
2.448
2.748
4.896
1.624
3.972
2.448
1.424
2.548
2.448
3.872
3.872
3.048
4.896
2.548
4.996
2.448
4.896
4.472
3.972
5.596
5.596
2.748
2.748
3.772
4.896
4.672
4.996
3.672
3.972
2.448
2.448
2.448
3.772
2.648
4.996
2.448
3.672
3.972
3.672
4.072
3.772
3.772
5.296
2.448
1.224
1.324
1.324
2.448
2.748
4.072
3.772
3.672
3.772
3.672
2.448
3.672
2.448
2.548
2.548
3.672
3.772
3.972
3.772
2.748
2.448
2.448
3.872
3.872
4.072
2.448
2.448
2.448
4.996
2.548
3.672
4.172
2.548
2.448
3.772
3.872
4.072
4.172
1.224
1.224
5.096
2.124
1.324
2.848
3.648
3.048
0.2
1.324
1.224
1.324
1.224
2.548
2.648
1.224
2.448
0
0.4
0
1.424
0
2.448
2.448
2.948
2.448
0.4
0
0.1
1.324
0
1.524
1.224
1.224
0
1.324
0
0
1.324
0
2.648
1.224
0.1
1.224
0
1.224
1.824
1.224
1.224
0
1.424
1.224
0
1.524
1.224
0.1
1.424
0
0
1.224
1.224
1.324
1.324
3.024
0
1.324
0.2
1.424
0.2
1.224
0.1
0
2.024
1.224
1.224
0.1
0
2.448
2.448
1.324
1.224
0.4
0
0.1
0
1.324
0.1
1.324
1.224
1.224
0.5
1.424
1.224
0.1
2.548
1.224
1.224
1.224
2.648
2.448
2.548
0
1.224
3.672
1.424
1.324
2.448
1.224
1.224
0.1
0
2.224
1.424
1.224
1.224
1.324
0
1.524
1.224
1.324
3.672
0.3
1.324
1.224
1.324
0
0
1.424
1.324
1.224
2.548
0
2.948
1.224
1.224
1.224
1.324
1.524
2.448
0.4
1.224
1.224
1.524
1.524
1.224
2.648
1.424
1.224
1.224
0
1.224
1.224
0
1.324
1.224
1.224
1.224
0
1.224
0
2.448
1.224
1.224
2.448
1.224
0.2
1.224
1.224
1.324
0
1.224
1.424
1.424
1.424
1.324
1.424
0
1.224
0.4
0
0
1.324
1.424
2.548
2.548
2.448
0.4
1.224
0
1.224
0
0
0.2
0
1.224
1.224
1.324
0
1.224
1.224
1.224
1.224
2.448
1.224
1.324
0.5
1.224
0.4
0
1.224
1.324
1.324
1.424
1.224
2.948
2.448
1.224
1.224
2.424
1.224
0
1.224
1.224
1.424
1.224
1.424
1.524
0.2
0.2
1.224
0
1.224
1.324
1.324
1.224
1.724
0
3.772
1.324
1.224
1.224
0
1.224
1.224
0
0
1.224
0
1.224
2.448
2.448
2.548
1.224
0.2
2.548
1.324
1.224
0.3
0
0.1
1.224
1.924
0.3
0
1.224
1.324
0
2.448
1.224
1.424
1.524
2.948
0
1.224
0.1
1.324
1.224
1.224
1.224
1.424
0
0.4
1.624
2.448
1.424
1.224
1.224
1.424
1.524
1.324
2.448
2.548
0
1.324
2.548
1.324
1.424
2.448
1.324
1.224
1.324
2.448
1.224
1.224
0.2
0
1.224
1.224
1.324
1.524
1.224
0.1
0
0.2
0
0.2
1.724
0.1
1.224
1.524
1.224
1.424
1.224
1.224
1.624
0.1
0
1.224
2.448
1.224
2.448
1.224
2.648
0
2.448
1.224
1.324
0.1
1.224
0
2.448
1.224
1.324
2.448
1.524
0.5
2.648
0
0
1.224
1.224
1.224
1.224
1.424
1.224
1.224
2.648
0.3
1.324
0
0.1
1.224
1.324
0
0.1
1.224
0.2
1.224
0.1
0
2.448
0
1.224
3.772
1.324
1.424
1.224
0.1
2.448
1.224
1.424
1.324
0.1
0.2
1.224
0.1
1.224
2.448
1.224
1.224
1.324
2.548
0
1.224
1.224
3.672
1.224
1.224
1.524
2.948
0
1.324
2.548
1.224
1.224
1.224
1.224
1.224
0.2
1.224
0
2.448
1.324
0.1
1.424
1.324
1.624
1.224
1.224
0
0.5
0
2.548
0.2
2.648
1.224
0.4
1.324
0.2
0
0
3.672
2.448
0.1
0
1.224
1.224
0
0.1
1.224
1.224
0
0.1
1.324
0
1.224
1.224
0.2
0
1.324
1.224
1.224
0.2
1.524
1.824
1.824
1.524
1.324
0
1.424
2.748
0.1
0.1
2.648
1.224
3.772
0
1.524
1.224
0
1.224
1.424
1.424
0.1
1.224
0.2
0.2
2.448
1.424
1.224
2.448
1.624
1.224
0
1.224
1.224
2.548
1.224
2.448
2.748
1.424
1.224
2.448
1.224
1.224
1.524
1.324
0
1.324
1.224
1.224
1.224
1.224
1.224
1.224
0.1
0.1
0.4
1.224
0
0.1
1.224
0
1.224
1.224
2.448
0.6
1.324
1.224
0.1
1.224
0
0
1.224
0
2.648
1.224
1.224
0
0.1
0.1
1.224
1.324
0
1.224
1.324
0.2
2.448
1.224
0.2
1.324
0
1.224
2.448
0
0
0
0.1
2.448
1.424
1.224
0
1.224
1.224
2.448
0.1
1.224
2.448
3.772
1.224
1.224
1.224
1.424
2.548
1.224
0.1
2.448
2.548
0
0
2.448
1.424
1.224
1.224
1.224
0.3
1.224
1.424
1.924
0
1.424
0.3
1.224
1.224
0
0
2.448
1.224
1.324
0
1.324
0.1
1.224
1.424
2.648
1.324
0
0.3
1.224
3.672
0.1
1.224
0
0.1
0
2.648
3.972
2.548
2.648
1.324
0
0
0.4
0
1.324
0.1
0
0.1
0.2
1.324
2.748
1.324
1.424
1.224
2.448
3.672
1.224
0.1
2.548
1.224
0
0
0
2.448
3.672
0
1.224
1.324
1.224
1.224
2.448
1.224
1.224
0
2.448
1.224
2.124
1.224
1.324
0
1.524
1.924
3.672
1.224
1.424
2.948
1.224
0
2.448
1.224
1.224
0
0
0.1
0
0.2
2.648
0.1
0.2
1.224
0
0.4
2.548
0
1.424
0
1.424
1.324
1.324
1.224
0
0
0
1.324
1.224
0
1.224
0.4
1.324
1.224
1.324
1.3
1.224
1.224
0
1.224
1.424
1.624
0.8
0
1.824
1.224
0
1.424
1.224
1.624
0.2
0
1.424
0.2
1.224
1.224
4.672
1.224
1.424
1.224
1.224
1.324
0
1.324
1.324
0
1.224
2.648
1.224
1.224
0
1.224
2.748
0
1.524
1.224
1.224
1.424
2.548
0
0
1.724
1.324
0
0.1
0
1.224
2.648
2.448
2.648
1.224
2.448
1.224
1.1
0
0
2.448
1.224
1.524
2.448
0.1
1.224
0.1
1.224
0
1.224
1.424
1.524
1.424
0
1.824
2.548
2.548
1.324
2.448
1.424
1.424
0
1.524
0
2.548
2.848
2.848
2.548
2.548
1.324
1.224
0
1.424
1.224
1.324
0.1
1.324
0.2
0
1.224
0.1
0.4
1.224
1.1
0
1.424
0
1.224
1.224
2.448
0.1
0
1.324
1.324
1.424
1.224
1.224
1.324
0.1
0
3.348
1.224
2.448
0
1.824
1.924
1.724
2.224
1.224
0.3
2.748
2.548
0
1.224
1.224
0
0
2.448
1.224
0
1.224
0.3
2.448
0.1
1.224
2.548
0.2
0.1
2.648
2.448
1.424
1.224
1.424
1.324
1.224
0
1.224
0
2.948
2.548
2.448
0
2.448
1.324
1.224
0
2.848
2.448
1.724
1.924
0
1.224
2.448
0.1
3.672
4.896
2.448
3.672
1.324
2.648
3.772
3.872
4.896
3.672
5.396
1.424
2.448
2.448
2.548
0
1.224
0.1
1.3
0.1
0.1
1.724
1.324
1.224
