0
1.224
2.548
3.672
2.548
2.136
1.224
2.448
0.1
1.224
1.424
0
0
1.324
1.424
1.224
0
2.448
2.548
2.448
1.836
1.836
1.224
2.448
1.324
2.448
2.448
2.448
3.672
2.448
2.448
1.224
0.3
0
0
0
0
0
0
0.2
0
1.936
0
0
0
0
0
0
0.2
0
0
0
0.3
0
0
1.224
0
0
0.1
0
0.1
0.1
0
2.648
1.836
0.2
0
0
0
0.1
0
0.1
0.3
1.836
1.936
1.324
0
1.224
0
0
1.224
0
0
0
0
0
0
0
1.224
2.548
0
1.324
0
0.1
0
0
0
0
2.448
2.448
0
0.2
0.2
0
1.224
0
0
0.4
0
0
0
0
0
0
0.1
2.036
0
1.224
0
0
0.1
0
2.448
0.2
0
0
0.1
0.1
0
0
0.1
0
0.2
0
1.836
0.2
0
0
0
0.3
1.224
2.548
0
0
0
0
0
0.2
0
0
0
0
0
0
0
0
0.1
0.1
0.1
0
0.1
0
0
0
0
0
1.224
0
0
2.648
0
0.1
0
0.1
0
1.324
0.1
0
1.836
0.1
0
0
1.224
1.224
0
1.424
0.2
0
0
1.224
1.424
0
0
0.1
0
0.1
0
0
1.224
1.224
1.936
1.324
0
0
0.1
0
0
0.2
1.324
1.224
1.224
0
2.648
0
1.836
0.3
0
3.26
0
1.836
0
1.224
1.324
2.448
2.448
1.324
1.224
1.224
2.648
1.224
3.672
3.672
0
1.836
1.224
0
1.524
1.836
1.836
0.1
1.836
0.1
1.936
1.224
0
1.224
1.224
1.224
0
1.324
0
0
0
0
1.224
0
1.836
0
2.448
0.1
1.224
0
1.224
0
1.224
0
1.224
1.224
0
1.224
0
0
0
1.224
0.1
0
1.224
0
0
0
2.448
1.224
2.448
3.672
2.448
0.1
0
0
0.1
1.836
1.836
2.448
0
0.1
1.224
0
1.224
0
0.1
0
2.448
0
0
1.224
1.224
0
0.1
0.3
2.448
0.2
1.224
0
0
2.448
2.448
1.224
0
0.1
1.224
0
0
1.224
0.1
0
0
0
0
1.224
1.224
0
2.648
2.448
1.224
3.06
3.06
0
0
1.224
0.4
1.224
0
0
0.1
0
0
0
0
1.424
0
0
0
0
0
0.3
2.448
1.836
0
0
2.448
0
0
1.224
0
0
0
1.224
1.224
1.224
3.06
1.224
1.224
0
1.324
1.224
2.448
0
1.724
1.224
1.224
1.224
2.448
2.648
2.448
0
3.672
1.324
2.448
1.224
1.324
1.224
2.448
3.672
3.772
2.448
3.672
0
1.836
1.224
1.224
3.672
2.448
4.284
1.224
1.224
1.224
3.06
2.448
2.448
1.324
2.448
2.848
1.324
2.448
3.06
3.672
1.224
1.224
3.672
2.448
1.224
3.06
5.508
1.224
3.872
1.224
1.324
5.608
1.224
1.424
2.548
3.672
1.224
1.224
1.224
2.748
3.672
1.224
1.524
1.224
3.772
3.672
5.508
3.672
2.548
3.772
4.284
2.448
1.224
1.324
3.06
3.672
3.06
3.672
1.524
1.224
1.224
4.284
2.448
1.224
3.872
1.324
1.224
1.224
1.224
3.772
1.224
1.224
1.624
3.16
3.672
1.224
1.324
1.224
2.448
3.772
1.224
3.672
4.284
1.324
2.448
1.224
2.448
1.224
1.224
3.672
1.224
2.448
3.772
3.672
1.224
1.224
2.448
4.284
2.448
1.224
3.06
3.672
1.224
2.648
2.448
4.384
1.224
1.224
1.224
2.448
1.224
4.284
2.548
3.672
1.224
1.224
2.548
2.548
3.06
2.448
2.448
7.008
1.224
3.772
1.324
1.524
1.224
1.224
1.224
3.672
2.448
1.424
1.224
4.284
1.224
2.448
2.448
2.548
1.224
1.224
2.448
1.224
1.224
1.224
1.324
3.872
1.224
3.672
1.324
3.672
1.224
2.548
5.608
1.224
1.224
1.224
2.448
2.448
1.224
1.324
3.16
1.224
2.548
1.224
1.224
3.672
1.324
1.224
1.224
1.224
3.06
3.06
1.324
3.06
3.772
2.448
2.548
1.224
3.772
1.224
3.06
2.448
1.224
1.224
1.624
1.224
2.448
1.224
2.448
1.224
3.06
2.448
1.224
3.672
1.324
2.448
3.672
3.16
1.224
1.224
1.224
1.224
1.224
3.06
2.448
1.224
3.672
3.772
2.448
2.448
3.772
5.608
1.224
3.672
3.672
1.224
2.548
1.224
4.284
2.548
1.424
1.224
1.224
1.624
3.772
2.448
3.672
1.224
1.324
1.224
3.672
3.672
2.648
2.648
1.224
2.448
1.324
1.224
3.06
1.224
2.548
4.284
2.448
1.224
1.224
3.672
2.548
4.284
1.224
1.324
2.448
1.224
1.324
3.672
2.548
1.224
1.224
1.224
1.224
1.224
2.448
4.284
2.448
3.672
2.548
2.448
1.224
2.748
3.06
3.06
1.224
1.224
2.448
2.448
1.224
2.448
1.224
2.448
2.448
2.448
1.224
3.672
2.448
2.548
2.548
1.324
3.672
4.384
1.224
2.448
3.672
1.224
3.672
1.324
2.448
2.548
3.06
2.448
2.448
1.224
1.224
3.672
1.224
1.224
2.448
2.448
1.324
3.672
2.448
2.448
3.06
1.224
1.224
3.16
1.224
3.672
1.224
2.448
3.672
1.224
1.224
3.672
2.448
2.548
3.672
2.448
2.448
1.224
1.224
1.224
1.224
3.06
2.448
3.672
2.448
4.284
1.224
1.224
2.548
3.672
4.384
1.224
4.284
1.424
3.772
2.648
1.224
1.224
2.448
1.224
2.548
3.672
1.224
1.224
1.224
1.224
1.224
2.648
1.224
2.448
1.224
2.448
2.848
2.548
2.448
1.224
2.848
2.448
1.224
1.224
1.224
3.06
3.672
3.06
4.284
1.424
2.448
1.224
3.672
2.448
1.224
2.448
3.672
2.448
1.224
2.448
2.548
2.448
1.324
2.448
4.284
1.224
3.672
1.224
3.872
2.548
3.06
2.448
3.672
2.648
1.224
2.448
3.06
2.548
2.548
5.508
1.224
4.284
1.224
1.224
3.06
2.548
1.224
3.672
2.448
1.224
2.448
2.448
3.672
2.448
3.672
2.448
1.224
2.448
1.324
3.672
4.284
3.672
3.16
4.284
2.448
1.224
1.224
1.224
3.672
1.224
1.224
1.224
4.284
2.448
4.284
2.448
1.224
2.448
1.224
1.224
1.224
3.672
2.648
2.448
1.224
2.548
2.448
3.06
3.672
1.224
2.448
2.448
2.448
1.224
2.448
2.548
1.224
1.224
1.224
1.224
3.16
1.324
3.672
1.224
1.324
1.224
2.548
1.224
2.448
2.448
3.672
2.448
4.284
1.224
2.648
1.424
1.224
1.224
4.284
3.672
1.224
1.224
4.384
1.524
1.224
2.448
1.324
3.672
1.224
2.448
3.672
1.224
1.224
3.672
2.448
2.448
1.224
1.224
1.224
1.224
1.224
2.448
1.224
1.224
3.672
1.224
1.224
1.224
2.448
2.448
1.224
1.224
1.224
3.672
1.324
4.284
3.06
4.484
3.06
3.672
3.672
3.672
1.224
2.448
3.672
2.448
3.06
2.448
2.448
2.548
3.672
2.448
1.324
1.224
3.872
2.448
3.672
2.448
3.672
3.672
3.06
3.06
3.06
2.448
1.224
2.448
1.224
2.448
2.448
2.448
2.448
2.548
2.448
2.548
1.224
1.224
1.224
2.448
3.672
2.448
3.06
3.672
5.508
2.448
3.772
3.672
2.448
3.06
1.224
3.06
5.508
5.508
5.508
2.448
1.324
3.06
3.06
3.06
3.06
2.448
3.06
1.224
1.224
2.448
1.224
2.448
2.548
1.224
1.224
2.548
2.448
2.448
1.324
1.324
1.224
2.548
1.224
1.224
1.324
1.524
1.224
1.836
1.224
2.448
0
0
0
1.224
0
1.836
0
1.424
1.836
0.1
0
1.224
1.224
0
1.224
0
0
1.836
0.2
0
0
0.1
0
0
0
0
0
2.448
0
2.648
0
0
0.1
0
0
0
0
1.224
1.224
0
0
1.424
2.448
0
0
0
1.224
1.224
1.224
0
0
0
0.2
0
0
0.1
0
1.424
1.224
1.224
0
0.2
0
0
1.224
1.836
0
1.224
0.1
0.1
0.5
0
0
3.06
0
0
0
1.224
0
0.1
0
0
1.324
0
1.224
0
0
1.324
0.1
0.1
1.324
0
1.224
0.2
0
2.448
0
0.2
1.624
1.836
0.2
1.224
0
0
0
1.224
0
0.2
0
1.224
0
1.936
0
0
0
0
0.1
0
0
0
1.224
0
0.1
0.1
0
0
0.1
0
0.2
1.836
0
0.1
0
0
0
0
0
0
0.1
0
1.224
0
1.324
1.224
0
1.936
0
0
0
0
0
0
1.224
0
0
0
0
0
0
0
2.548
0
0
0.1
0
0.1
0
0.1
0
0
0
0.1
0.1
1.224
0
1.624
0
1.224
2.448
1.324
0
0
1.224
0
0
1.224
1.324
0.1
0
0
0
0
0
0.1
1.824
0
0.2
1.224
0.1
0
0
0
0
0.1
1.224
0
0.2
0.5
0
0
0
0
0
0
0
0
0.1
0.1
0
0.1
0
0
0
0.1
0
0
1.224
1.324
0
0
0
1.936
0
0
0
1.936
1.224
0
0
0
0
0
0
0
0
0.1
1.424
1.324
1.324
0.1
0.4
1.724
1.224
0
2.036
1.224
0
0
0.3
0
1.224
0.1
0
0.1
0
0
0
0
0.1
0
2.136
0.2
1.224
0.1
0
0
0
0.1
0
1.224
0
0
0
0
0.1
0.1
0
0
0.1
1.836
0.1
0
0
3.26
1.224
0
0
0
1.224
0
0
0
0.1
0
0.1
1.624
1.424
1.224
0
0
2.036
0
0
0.2
1.324
1.224
0
1.224
0
0
0
0.1
0
0
0
0.1
0
0
0.3
2.448
0
0.1
0
0
0
0
0.1
0.1
0
0.3
0.1
0.1
0.1
0
1.836
1.224
0.2
0
1.224
0
1.836
0
1.224
1.524
0.2
0
0.1
1.224
1.324
1.224
0
0
1.224
0
0
0
0
1.224
0
0
0.1
1.836
0
0
0.1
0
0
0
0.1
1.324
2.448
0
0
0
1.224
0
0
0
1.324
1.224
0
0
0.1
0
0
0
1.224
0
0
1.836
1.224
0
1.424
1.836
0.5
0.1
0
0.2
0
0.2
0
1.324
3.16
0
0
0.3
0.3
0
1.224
0
1.324
0
1.424
0
0
0.1
0
0
0
1.836
0
1.324
0.2
0
0
0
0.1
0
0
0
0
3.06
0.1
1.924
0
0
1.324
0
0.1
0
0.1
0.1
1.224
0
1.224
1.224
1.936
0
1.324
0
1.224
0.1
0.1
0
1.936
0
0.1
0.2
0
0
0.1
0
0.1
0
0
0
0
0
1.224
0
0
1.324
0
0
0.1
1.836
1.936
0.1
0
0
0
0.1
0
0
0.1
0.1
0.1
0
0
1.424
0
0
0
0
0
0.1
0.3
0
0
0
0
0
0
0.1
0.1
0.1
0
1.324
0
1.324
0
0.1
0
0
0.1
1.824
0
0
0.2
0
0
0
1.224
0.2
1.324
1.224
0
0
3.46
0
0
0
0
1.224
0
0
0
1.224
0
0
1.224
0.2
0
2.448
0
0
1.324
0
0
1.224
0
0
0
0
0.1
0
0.4
0.3
1.224
0.1
1.324
1.836
0
0.1
1.324
1.836
0
0
1.224
0
1.224
0
0.1
0
3.26
0
0
0
1.224
0.2
0
1.224
0
0
0
1.224
0
0
0
0
0
0
0
0
0.1
1.224
0.1
0.2
0
0
0.1
0.1
0.1
0.1
1.224
0
0
1.224
2.448
1.224
0
0
1.224
1.224
0
0
0
1.224
0
0
0
0
0.1
1.224
0.1
0.5
0.1
0.1
1.324
0
0
1.224
0
0
1.224
0
0
1.224
0
2.036
0.1
1.936
0.1
0
1.324
1.324
0.2
1.324
2.548
0.1
0.1
1.224
0
0
1.224
0
3.36
0
0.1
3.06
1.224
1.224
0
0
0
0
0.2
0.2
0.1
1.836
1.924
0.1
0
0.1
2.548
0.2
1.224
1.624
0
1.836
0.1
0
1.424
0.1
0.1
0.2
0
0
1.836
0
0.2
1.524
0
0
0
1.836
0
0
0
0
0
0
1.224
0
0
0
0
0
1.324
0
0.1
0
0.2
0
1.836
0
0
0.1
0
0.1
0
0
0
0
0.2
0
0
2.036
0.1
1.836
0
0
0
0
1.224
0.1
0.1
1.424
1.224
0
0
0
0
0
0
0.2
0.1
0
0.1
0.2
0.1
0.1
0
0.2
0
1.936
1.224
1.224
1.224
1.324
0
1.836
1.224
0.1
3.06
0
0
2.448
1.624
0.1
0
1.224
0
0
0.2
1.224
0
0
0
0
3.672
0
1.836
2.448
0
2.448
0
2.448
0
3.16
0
5.708
1.224
0
1.836
1.224
0.1
0.3
0.1
0
0.4
1.324
4.284
0
0
0
1.224
1.224
1.224
1.936
1.836
2.448
0
2.448
1.836
3.06
1.324
0
1.324
1.224
2.448
0
1.224
1.224
2.448
0
0
1.224
0
2.448
1.224
1.224
0.1
1.224
1.224
0
0
2.548
2.448
0
0
0
0
0
0.1
2.448
2.448
1.224
2.448
1.224
2.448
2.448
1.224
2.448
3.672
2.448
0
2.448
4.284
0
0
0
0
0.4
0
0.2
1.424
2.548
1.324
