0
1.224
3.772
5.708
3.672
0
1.224
2.548
0
1.224
1.224
1.224
0.1
1.324
1.324
1.224
0
2.448
2.548
2.548
1.224
1.324
1.224
2.448
3.16
2.448
2.448
2.448
4.996
2.448
2.448
2.448
0
0
0
0
0
0
0
0
0
1.324
0
0
0
1.224
0
0.1
0
1.224
1.324
0
1.224
0
0
1.224
0
0
0
1.224
0
0.1
0.2
2.448
0
0.1
0
0
1.224
0.1
0
1.424
0
0.1
1.224
1.224
0
1.324
0
0
2.548
0
1.224
0
0
0
0
0
1.224
2.448
0
1.424
0
0
0
1.224
1.224
0
2.548
2.448
0
0
0
0
3.06
0.1
0
0.2
0
0
0.1
0
0
1.224
0
0
0
1.224
0
0
0
0
2.448
0
0
0
0
1.224
0
1.224
0
0
0
0
1.224
0.2
1.224
1.324
1.224
0
1.224
2.548
0
1.224
0
0
1.224
0.1
0
0
1.224
0
0
0
0
0
0
0
0
0
0.1
0
0
0
0
0
1.224
0
0
2.548
0
0
1.224
0.1
1.224
2.548
0
0
1.224
0
0
1.224
1.224
2.448
0
2.548
1.324
1.224
0
2.448
1.224
1.224
0
1.324
1.324
1.224
1.224
0
1.324
1.224
0.1
1.224
0
0.1
0.2
0
0
1.324
2.448
1.224
2.448
0
2.448
0
0
0
0
1.324
0
0
0
2.448
2.548
3.772
3.672
2.448
2.448
2.448
3.772
2.448
4.996
4.896
1.224
1.836
4.284
0
2.748
1.224
0
1.224
1.836
1.624
3.16
1.224
0
1.224
1.224
1.224
1.224
3.16
0.1
0
0
0
1.224
1.224
0
0
3.772
1.224
4.284
0
1.224
0
2.448
0
1.324
2.448
0
2.448
0
0.1
0
2.448
0
0
2.448
0.1
1.224
0
2.448
1.224
3.772
4.896
3.772
0
1.224
1.224
1.224
1.224
1.224
3.672
0
0
1.224
0
1.224
0
0.1
0
2.448
0
0.2
1.324
1.224
0
0.1
0
2.548
0.1
3.06
0
1.224
2.448
2.448
2.548
0
1.224
1.224
1.224
0
1.224
0
0
0
0
0
1.224
1.224
0
2.548
2.448
1.224
4.284
4.384
0
0
1.224
0.1
1.224
0
1.224
0
0
0
3.16
1.224
4.284
0.1
0
1.224
0
0.2
0
2.448
1.836
0
0
2.448
1.224
1.224
1.224
1.224
1.224
1.224
1.224
3.06
2.448
3.06
2.448
2.448
1.224
3.06
4.284
2.448
0
1.324
1.224
1.224
1.224
3.772
3.872
2.448
0
3.672
1.424
3.672
2.648
1.324
3.06
2.448
4.896
5.708
2.448
5.608
1.224
0
1.324
1.224
3.672
3.672
5.508
1.224
2.448
2.448
2.448
3.672
3.672
4.484
3.672
2.548
2.648
2.448
1.224
3.872
1.224
1.224
3.672
2.448
1.224
2.448
4.996
2.448
3.772
1.224
4.284
3.672
2.448
4.484
5.508
5.508
1.224
4.284
3.06
5.708
3.772
1.224
1.224
2.448
3.672
6.732
3.672
3.672
2.448
4.072
5.508
2.448
2.448
4.284
2.448
3.672
1.224
3.672
2.648
1.224
1.224
2.448
2.448
3.06
6.932
2.448
2.448
2.448
3.16
6.832
1.224
1.224
2.548
1.324
3.672
2.448
1.324
1.224
4.284
5.096
2.648
3.672
2.448
1.424
2.548
2.448
2.448
1.224
1.424
3.672
1.224
3.672
5.608
3.672
2.448
1.224
2.448
5.508
5.508
1.224
1.224
3.672
2.448
3.772
3.672
2.448
2.448
3.26
1.224
4.284
2.448
5.608
4.484
3.672
1.224
1.224
3.672
3.772
2.448
3.672
5.508
3.772
2.548
7.632
1.224
1.324
2.548
1.224
4.284
3.672
3.772
4.584
2.448
2.448
1.224
3.672
3.772
3.672
2.448
1.224
3.672
1.224
1.224
2.448
1.224
3.672
2.448
3.672
1.224
5.608
2.448
5.508
5.096
2.548
1.224
1.224
2.448
5.508
2.448
1.224
3.06
2.548
3.972
2.448
1.224
3.772
1.224
1.224
1.224
1.224
2.448
1.224
4.384
2.448
4.896
3.672
2.848
2.448
5.508
2.448
1.224
2.448
2.448
2.548
1.224
2.648
2.448
2.548
2.448
1.224
2.448
3.672
1.224
3.672
4.284
3.672
4.996
1.224
3.06
1.224
1.224
2.448
2.448
1.224
3.672
1.224
3.672
3.672
2.448
3.672
3.672
3.772
2.448
3.672
3.672
1.224
2.548
4.284
2.448
2.448
3.16
1.224
3.16
1.424
4.996
3.672
3.672
3.06
1.424
4.284
3.672
5.508
5.508
3.672
3.06
4.284
4.284
3.06
4.384
2.448
2.448
5.508
2.448
3.06
4.284
3.672
5.508
2.448
1.224
4.384
2.448
1.224
3.16
3.672
5.508
1.224
1.224
1.224
3.06
2.548
3.672
3.672
5.508
3.672
2.448
3.672
3.06
3.772
4.284
1.224
2.448
1.224
4.284
3.672
1.224
3.672
2.448
3.672
3.672
5.608
1.224
4.896
3.672
5.608
3.672
3.16
5.508
2.448
1.224
5.508
3.672
2.448
4.896
4.384
2.448
3.672
3.06
2.448
2.548
2.448
3.06
3.672
1.224
2.448
3.672
3.672
4.284
3.672
2.448
3.672
1.224
1.224
2.448
4.384
1.324
6.732
1.224
3.672
3.672
1.224
1.224
3.672
3.672
3.672
3.672
2.448
3.672
4.284
1.224
1.224
3.06
1.224
2.448
6.732
2.448
2.548
2.448
3.16
5.508
3.672
5.608
2.448
5.508
4.284
3.672
3.772
3.06
2.548
2.448
2.548
3.672
4.896
4.284
4.284
1.224
1.224
4.284
2.548
2.448
3.772
2.448
3.672
2.548
3.672
2.548
1.224
2.548
3.672
2.448
1.224
2.448
2.448
3.672
2.448
2.448
2.448
3.672
1.224
3.672
2.448
1.224
3.672
4.896
3.672
1.224
5.508
5.508
3.772
1.224
2.448
5.508
2.448
3.772
1.224
3.772
2.448
2.448
5.508
3.672
2.548
3.06
3.672
1.224
2.548
2.448
4.896
1.224
5.508
2.448
2.448
1.224
2.448
1.224
6.732
3.772
1.224
3.672
5.508
6.732
3.672
3.672
2.448
2.448
3.672
2.548
3.672
3.672
6.732
3.06
3.672
2.548
1.224
1.224
1.224
4.896
1.224
1.224
4.284
5.508
2.448
5.508
2.448
1.224
2.448
1.224
3.06
1.224
3.672
3.772
3.772
2.448
3.772
2.448
1.224
3.672
2.448
2.448
3.672
3.672
3.06
3.672
3.772
1.224
1.224
2.448
2.448
2.548
2.548
3.672
2.648
1.324
1.224
3.872
1.224
3.672
3.672
3.672
3.672
5.508
2.448
5.808
3.56
3.06
1.224
5.508
3.672
4.284
2.648
2.548
2.448
4.284
2.448
1.324
3.672
4.384
3.672
4.896
1.224
3.06
3.672
2.448
2.448
1.224
2.448
1.224
1.224
3.06
2.448
1.224
1.324
3.972
4.284
2.548
1.224
2.448
4.284
2.448
1.224
2.548
4.896
1.224
3.672
2.448
2.448
1.224
3.672
6.732
6.832
2.448
3.672
5.508
3.672
2.448
3.672
3.772
2.448
4.996
3.772
2.448
1.324
6.832
3.672
3.672
3.672
4.896
4.896
2.448
2.448
2.448
5.508
2.448
3.672
2.448
5.508
5.508
5.508
3.672
2.448
2.448
3.772
1.224
1.224
1.224
4.284
3.672
4.284
2.448
6.732
4.896
3.772
3.672
3.672
2.448
4.284
2.448
4.284
3.672
3.672
3.672
3.672
2.448
2.548
2.448
2.448
2.448
2.448
2.448
4.284
1.224
3.672
1.224
3.672
3.672
2.448
2.448
3.672
3.672
3.672
2.448
3.06
3.06
3.672
3.16
1.224
2.448
2.848
2.448
2.036
2.448
2.448
1.224
0
1.224
4.284
0
1.224
1.836
1.424
0
0.1
0
2.448
4.284
1.424
2.448
0
0
0
1.224
0
0
1.224
0
0
1.224
0
0
2.448
0
2.548
1.224
0
1.224
0
0
1.324
0
1.224
1.224
1.224
1.224
1.324
2.448
0
1.836
1.224
1.224
1.224
1.224
1.224
1.224
1.324
1.724
0
1.224
0
1.324
1.324
1.324
1.224
0
1.324
1.224
0
3.26
0
1.224
2.448
1.224
1.224
0.1
0
0
1.224
0
0.1
0
1.224
1.224
0
1.224
1.224
1.224
1.224
2.448
1.224
0
2.448
1.224
1.224
1.224
0.1
2.448
1.224
1.224
2.448
1.224
1.424
1.324
0
1.324
2.448
1.324
0
1.224
3.06
1.324
0.1
1.224
2.448
0
0
0
0
0
0.1
0
1.224
1.224
1.224
1.224
1.324
1.224
1.224
1.224
0
0
1.224
0
1.224
1.224
1.324
1.324
1.224
1.224
0
1.224
1.224
0
1.224
1.224
0
1.324
1.324
1.224
1.224
0
0
0
1.224
0
1.224
1.224
1.224
0
0
1.224
0
0
1.224
2.448
1.224
1.224
1.224
1.224
0.1
1.224
0.1
0.1
0
1.224
1.224
1.224
1.224
1.224
1.324
0
1.324
2.448
1.324
1.836
0
1.324
1.224
1.224
2.448
1.224
1.224
1.224
0
1.224
1.224
0
1.224
1.324
1.224
0
1.224
1.224
0
0
1.224
1.224
1.224
2.548
1.224
1.324
0.2
1.224
0.1
1.224
0
1.224
1.224
0
0
0
0
0
0
1.224
1.224
1.224
1.224
1.424
0
2.448
1.324
1.224
1.224
0
1.324
1.224
0
0
1.224
1.224
1.224
1.224
1.224
1.224
1.224
0
1.224
0
1.224
1.224
1.224
1.224
1.224
0.2
1.224
1.224
0
0
1.224
1.224
1.324
0
1.224
2.448
0
0
0
0
0
1.224
0
1.224
0
0
0.1
1.224
1.224
1.224
0
1.224
1.224
1.224
2.448
1.224
0.2
1.224
1.224
1.324
1.224
1.224
1.324
1.224
1.224
1.224
0
1.224
1.224
1.324
1.224
1.224
1.224
1.324
0
0
0
0.1
0
0
2.548
1.324
2.448
0
1.224
0
0
1.224
1.224
1.224
1.224
0
2.448
0
1.224
1.224
1.224
0
1.324
0
1.324
0
1.224
0
2.448
1.224
1.224
1.224
1.224
0.1
1.224
0
0
0
1.224
1.224
1.224
0
1.224
1.224
1.224
0
0
1.224
0
1.324
1.224
1.224
1.224
1.224
0
0
1.324
1.224
2.448
0
0
2.448
1.224
1.224
1.224
0
1.224
1.224
1.224
1.224
0
0
1.224
0
0
1.224
0
1.324
1.324
3.672
0
1.224
1.224
2.448
1.224
1.224
0.1
2.548
1.224
0
1.224
1.224
0
1.224
0.1
1.224
0.1
0
1.836
1.224
1.224
1.224
1.224
1.224
1.224
0
1.324
1.836
0
0
2.448
1.224
1.224
1.224
0
1.324
0
1.224
0
2.448
1.224
1.224
0
1.224
1.224
0
0
1.224
0
0
1.224
0
0
1.324
1.224
0.1
0
1.224
1.224
1.224
1.224
1.224
2.548
1.224
0
2.548
0
0
1.224
0
0
2.448
1.224
2.448
1.224
1.224
1.224
1.224
1.224
1.224
0.1
0
1.224
0.1
0.1
1.224
0.2
0
1.324
0
1.424
0
1.224
1.224
1.324
0
1.224
2.648
1.224
1.224
1.224
1.224
0
1.224
1.224
0
1.324
0
0
1.224
0.1
1.224
0
0
0.1
0.1
1.224
0
1.324
1.224
0
1.224
0
1.224
0
1.224
0
0
1.224
0
0
1.224
0
1.224
0
0
1.224
0
1.324
1.224
0.1
0
0
1.324
1.224
1.224
0
0.1
1.224
0
1.224
2.448
1.836
1.224
1.224
0
1.324
2.648
1.224
0
1.224
0
2.448
0
1.224
1.324
2.448
1.224
0
2.448
1.424
1.224
2.448
0
1.224
2.448
0
0
1.224
0
0
1.224
1.224
0.2
1.224
0
1.424
1.224
1.224
1.224
1.324
1.224
0
1.324
1.224
1.224
1.224
1.224
1.224
1.224
0
0
1.224
2.448
0
0
1.224
2.448
0
1.224
1.224
0
0
1.224
2.448
1.224
1.224
1.224
0
0
0
0
1.224
0
1.224
0
0.1
1.224
1.324
1.224
1.224
1.224
1.224
2.448
1.224
0
2.548
2.448
1.224
0
0
2.448
2.448
0
1.224
0
1.224
1.224
1.224
0
1.224
0
2.448
0
0.1
0
0
1.324
0
1.424
2.448
0
0
2.548
1.224
1.836
2.448
1.224
1.224
0
0
0
0
1.224
2.548
0.2
1.324
2.448
0
0
2.448
0
1.224
1.224
1.224
2.448
1.224
0
1.224
1.224
1.224
1.224
1.224
0
1.224
0
1.424
1.224
1.224
1.324
1.224
1.224
0
2.448
0
1.424
1.324
0
1.324
1.224
0
2.548
0
0.1
0.1
0.1
3.26
0
1.224
1.224
2.548
1.224
1.224
1.224
0
1.224
0
1.224
1.224
0
1.224
2.448
1.224
1.224
0
1.224
1.224
1.224
1.224
0
1.224
0
1.224
0
0
1.224
1.324
0
0
0
1.224
1.224
1.224
1.224
1.224
1.224
1.224
0
0
0
1.224
1.224
1.424
1.224
0
1.324
1.324
1.224
0
1.224
0
0.1
1.224
0
1.424
1.224
1.224
1.224
1.324
1.224
1.224
0
1.224
0
1.224
2.548
2.448
4.284
2.448
0
1.224
1.224
1.324
1.224
0
0
2.448
1.224
0
1.224
1.224
0
0
0.3
1.424
1.324
0
0
0
5.508
0
0
2.448
3.06
2.448
0
2.448
3.06
1.224
0
3.972
1.324
1.224
1.836
2.748
3.06
0.2
1.224
0
0.2
2.448
3.672
0
1.224
3.06
3.06
3.16
1.224
0
0
2.448
0
2.448
1.836
1.224
2.448
0.1
1.524
2.448
2.448
3.06
1.224
1.224
2.448
0
0
1.224
0
2.548
2.448
2.448
0
1.224
2.448
1.224
0
5.608
2.448
1.224
1.224
0
0
1.224
1.836
3.672
3.672
2.448
5.508
1.224
2.448
3.672
2.448
3.672
3.672
3.672
0
3.672
4.284
1.224
0
0
0.1
0.1
0
0
1.424
2.648
1.324
