2.824
0.8
4.224
2.924
2.848
0.2
0.2
0
0.1
0
0
0.1
1.524
1.6
2.3
0
1.224
0
0
0.4
0.1
0.3
0.1
0
0.5
0
1.624
1.624
1.424
1.324
0.1
1.224
6.3
0.4
1.524
1.3
0.1
0.1
0.2
0.6
0.4
4.724
0
0.3
0.2
0.1
1.724
2.124
0.2
0.4
0
0
0.7
1.424
0.2
0.2
1.424
1.224
0.2
1
5.224
3.124
0.2
2.5
2.924
0.7
1.224
1.324
0.3
6.024
0.8
2.724
2.124
0
6.124
2.3
1.324
0.4
1.224
0
1.5
1.224
0.2
1.324
0.2
1.324
1.424
0
0
2.824
0
0.2
2.848
1.224
1.224
0.7
0.7
1.224
0
0
0.5
3.124
3.024
0.1
1.224
0
1.224
2.9
1.924
0.1
3.148
2.548
0.1
1.224
0.2
0.7
1.424
1.424
0
0.1
9.324
0
0.3
2.424
1.624
0
0
0
0.1
1.724
2.524
0.2
1.624
0.1
1.824
1.5
0.5
1.424
0.4
3.424
0.2
1.524
1.224
1.1
1.224
1.324
0.2
2.124
0.1
1.224
0.2
0.1
0.2
1.324
1
1.5
3.548
0.5
3.824
0.1
0.5
1.224
0.1
2.648
2.124
1.424
0.1
1.224
1.724
6.6
1.424
2.724
2.448
0.3
2.748
0.7
1.324
1.324
0.1
0.6
1
2.624
0.2
1.524
3.024
2.624
1.3
1.724
1.524
1.324
0.7
0.2
0.4
2.724
1.924
0.7
0
1.824
1.224
1.1
1.724
0
1.224
1.524
3.8
1.224
0.1
0.8
0.4
0.2
0
0.4
1.4
1.324
0
11.248
0.3
5.548
0
1.224
1.224
0.2
4.124
1.324
1.224
1.624
1.224
1.224
2.224
2.448
1.724
1.224
1.524
0.2
0.2
0.2
6.824
0.1
1.224
0.9
0.1
1.7
1
1.524
2.648
0
2.648
1.224
0.1
2.5
0.1
1.424
1.324
1.224
0.2
0
1.224
3.024
0.1
0.4
0
1.224
0.2
0.8
0
1.324
1.3
0
0
0
0
0.3
0.1
0.1
4.624
0
0
1.524
2.548
2.448
3.672
2.448
3.248
1.224
3.048
0.2
0
0.1
1.524
0
0
1.224
1.224
5.524
0.1
1.224
0.2
1.624
1.324
1.324
0.3
2.648
0.3
0.6
0.4
1.224
2.824
2.224
0.1
2.424
1.424
1.324
1.624
0
0.1
0.1
0
1.424
0
1.824
1.324
0.2
2.824
1.824
2.524
0.1
1.324
0.1
0
1.224
3.6
1.424
0.1
1
0.3
1.224
0
0
7.124
0
2.548
0
5.424
2.648
2.2
1
0.4
0.6
4.324
2.748
1.424
2.848
4.324
11.348
0.1
0.2
0
2.548
0.2
2.024
0.7
0
0
0
1.224
0.1
0.1
0
0
0.1
0
0
0.4
0
0.1
1.224
3.624
0
0.1
0.4
0.4
2.4
1.324
1.324
1.224
1.724
1.424
2.424
1.524
1.224
1.224
1.224
6.324
2.648
2.024
0
0
1.724
1.224
1.224
1.224
1.424
1.224
3.448
2.748
1.224
2.448
2.448
1.824
1.224
4.124
2.524
2.648
1.424
1.624
3.048
1.324
1.224
4.072
2.948
1.424
1.624
2.024
2.224
2.848
1.424
1.324
2.648
2.324
2.224
2.548
4.572
1.724
1.924
2.924
2.024
1.424
7.072
1.724
2.848
1.424
2.948
2.448
2.648
1.524
1.324
2.448
2.448
1.524
1.424
1.224
1.224
1.224
3.648
2.548
1.424
2.024
2.448
2.548
2.924
1.424
2.748
1.524
2.724
1.324
2.548
1.924
5.524
4.148
1.324
2.424
6.324
1.324
1.724
2.024
2.324
3.024
2.448
1.624
2.024
2.448
1.224
1.224
1.424
1.324
1.324
2.448
2.224
1.924
2.448
1.324
2.448
1.624
2.648
1.524
1.224
1.224
1.224
2.124
1.424
1.324
3.048
2.224
2.448
1.224
2.648
1.424
2.824
1.324
2.448
1.224
2.848
1.224
1.224
1.324
2.448
1.524
1.224
1.324
2.448
22.572
1.324
2.448
1.324
1.224
2.024
3.948
2.448
1.224
1.224
1.224
1.924
1.824
1.224
1.324
2.748
2.548
2.024
1.324
1.624
2.024
2.448
2.948
1.324
1.724
1.524
1.924
2.024
2.548
1.324
1.224
1.524
1.524
1.524
1.324
1.524
1.224
2.324
1.224
1.424
3.148
1.524
2.448
2.448
4.772
1.224
3.648
1.724
1.524
1.424
1.224
1.624
2.448
1.624
1.524
1.224
1.324
1.224
1.324
6.624
2.424
1.224
2.548
1.224
1.224
1.324
1.324
1.424
1.324
1.424
1.224
1.324
3.772
2.424
1.324
2.448
1.324
1.524
1.424
1.224
2.548
1.324
2.748
1.224
1.224
1.524
3.748
1.624
1.324
1.224
1.324
2.548
2.224
2.748
1.324
3.024
1.324
1.224
5.724
1.924
1.224
1.324
1.324
2.124
2.448
1.224
1.624
1.524
2.024
1.224
1.224
2.548
1.624
1.824
2.548
1.324
1.324
1.424
1.224
1.224
1.424
1.424
1.324
2.448
2.948
1.324
2.548
2.124
1.224
1.524
3.672
1.224
1.224
1.724
1.724
1.224
1.624
1.524
1.224
1.624
3.124
1.424
2.124
1.224
2.648
2.448
1.324
1.224
2.748
1.224
1.224
1.324
1.724
1.324
3.148
1.224
2.448
1.824
2.424
2.124
1.224
1.624
2.324
1.224
1.424
1.224
1.224
2.948
1.324
1.624
1.824
1.224
1.224
2.548
1.324
1.924
2.448
2.024
2.448
1.224
1.224
1.424
1.224
2.748
3.672
1.524
1.324
1.624
1.624
1.424
1.724
2.548
1.324
1.324
2.548
2.748
1.424
1.924
1.324
1.224
1.524
1.724
1.324
2.548
1.224
1.324
1.424
1.224
1.324
1.224
8.148
1.324
2.024
1.424
1.324
1.524
2.548
1.424
2.424
1.324
2.748
2.648
2.424
4.472
1.524
1.624
1.324
2.448
1.524
2.448
1.624
1.524
2.948
2.448
1.324
1.224
2.448
8.124
2.924
1.724
3.248
2.948
2.548
2.448
1.224
1.424
1.224
1.224
1.324
2.648
2.424
1.924
1.224
2.448
1.224
1.224
1.224
1.424
1.324
1.324
1.324
1.324
1.824
1.524
2.448
1.524
1.224
2.124
2.448
2.224
2.624
1.624
1.624
1.324
3.248
1.424
2.748
2.548
2.124
7.348
1.424
2.648
1.224
1.724
1.224
1.224
5.372
2.448
1.424
1.324
2.448
3.048
1.224
1.224
1.524
1.324
1.324
1.324
1.324
1.524
1.524
2.848
1.224
1.324
2.448
1.224
1.424
2.448
1.524
1.324
2.448
2.548
3.348
1.224
1.324
1.724
1.424
1.224
1.424
1.224
1.324
2.948
1.424
1.724
1.324
2.448
2.448
1.324
1.224
2.648
2.648
2.448
2.024
1.424
1.324
1.524
3.648
4.072
1.324
1.224
1.324
1.624
1.824
1.324
2.224
2.124
2.548
3.748
3.772
2.648
3.772
1.624
2.648
1.224
1.424
2.824
4.548
1.624
1.524
1.324
1.224
1.224
1.524
1.324
1.224
1.524
1.224
3.748
1.324
1.224
2.024
1.224
1.624
1.324
1.424
2.448
1.224
2.448
2.748
1.224
1.524
1.424
2.548
2.548
3.048
3.624
2.848
1.524
2.448
1.824
1.224
1.224
2.448
1.924
2.548
2.324
2.848
1.324
1.624
2.848
1.324
2.324
3.124
1.724
2.448
1.224
2.548
1.624
2.548
5.648
2.648
3.848
3.448
1.924
2.748
1.324
2.448
3.748
2.848
1.324
1.724
1.324
1.224
1.224
1.524
1.324
2.748
1.224
1.624
1.724
1.424
1.624
6.648
2.548
3.048
2.448
1.324
2.448
1.324
1.424
1.824
3.448
1.324
1.724
1.424
3.348
1.324
2.448
1.224
1.324
1.724
2.548
4.048
3.248
1.224
2.424
2.748
1.424
3.048
2.648
3.248
1.324
1.424
3.672
2.648
2.548
1.324
2.024
1.524
1.324
1.724
1.524
2.524
2.748
1.224
1.224
3.048
1.3
0
0.3
2.1
0.4
0.9
0.1
0
0
1.724
1.824
0.6
1.224
1.224
0
2.4
0
5.648
0.3
0
1.324
2.924
0
1.4
0.1
1.724
0.3
0.1
4.024
0.7
1.224
0
0.1
0
0.3
0.2
0
5.224
0
1.2
0.4
1.424
2.548
0.5
1.224
1.224
0
0
0.1
0.1
0.9
3.748
0.2
0.2
0.1
0.3
0
0
0.2
0.5
6.2
1.524
0.3
1.624
0.3
2.2
0.2
0.1
1.324
3
0.2
2.224
0.1
0
1.324
0
1.5
0.3
2.1
1.624
0
0
1.424
0.3
1.624
0.1
0
0.7
0
0.6
0
3.048
0.1
0.1
1.924
1.1
1.824
1.724
0.3
2.648
1.424
0.2
0.8
1.424
0
0.2
0.3
1.224
3.2
0.1
0
1.224
0.4
1.424
1.9
1.624
0
1.524
0.5
1.524
1.324
1.324
1.524
1.224
3.424
0.4
0
1.324
0
2.824
0.2
0.2
0.1
1.324
2.748
1.424
2.124
0.2
0
1.3
0.2
0.3
1.424
2.224
0.1
0.7
0.1
0
0
1.324
1.624
1.224
0.1
1.524
0.2
1.224
1.524
1.324
2.448
0.2
1.224
0
0.7
1.224
0
2.448
0.7
0.1
0.1
0.2
1.324
0.9
1.2
2.424
0
2.7
0
1.224
0.1
1.3
1.824
2.124
1.524
2.3
2.224
0
0
0.4
1.224
2.324
0.7
0.1
0
0.1
0.1
0.5
0.1
1.424
0.1
1.224
2.448
0.1
2.824
0.2
1.7
0
0.4
1.424
1.724
1.2
0.8
1.824
0.5
0
0.1
8.024
0
0
1.324
2.448
0.4
0
1.524
1.324
0.3
2.224
1.424
0
0.2
0.4
1.324
0.1
1.6
0
2.224
0.8
0
0
1.724
0.3
0
0
0
0.2
0.2
0
1.324
1.424
2.224
0.3
0.6
1.924
1.724
0.3
0.8
0.1
0
0
7.124
1.4
0
1.224
2.324
0.1
1.324
0.2
1.724
0.7
1
0
2.648
0.1
1.624
1.524
1.424
1.224
0.4
0.1
1.2
4.824
1.224
0.4
0
1.424
1.524
1.2
0
0
1.524
0.1
0.6
1.224
0.3
1.4
1.524
1.5
0.1
1.424
1.624
1.324
0
0.3
0
0.2
0
0.3
0.8
2.448
0.6
0
1.5
0
0.4
1.5
0.9
0.2
1.824
0.1
3.548
1.224
0
2.4
0.5
0
2.648
1.224
1.224
1.324
0
2.524
0.3
1.424
1.324
0.4
0.3
0
2.1
1.224
0.3
0
1.224
0.7
1.6
1.724
0.2
0
1.224
1.1
0.1
0.3
2.424
0
0
1.624
0.4
1.924
0.1
0.1
0.4
0.6
0
0.5
0.4
0.3
1.324
0.1
0.2
0
1.224
1.324
2.424
0.4
0.3
0.1
1.624
1.224
0.2
0.3
0.5
0.1
0.8
0.1
1
1.324
1.224
1.224
0.3
0.4
0.2
0.1
0
0
1.224
0
0
1.324
1.2
0.1
1.524
1.824
0.3
1.324
0.3
1.724
0.1
0.9
1.524
0
1.224
0.5
1.524
1
0.8
2.124
1.224
0.1
0.1
1
0.2
0.7
0.5
1.624
0
1.6
0.9
1.8
0
1.324
2.848
1.224
0.9
0.1
0.1
0.8
0
0.1
0
1.224
1.324
0.2
2.848
1.224
0.2
0.1
0.2
0
0
0
0
0.7
0.9
3.4
0.5
1.624
1
1.324
1.324
2.024
0.5
0.4
0.3
0.4
1.424
0
0.7
0.6
0.3
0
0
5.848
1.224
0
0.8
0.2
1.424
3.024
2.948
1.324
3.148
1.1
0.8
0
0
2.624
1.224
1.324
0.4
0.4
0
1.224
0
1.224
1.2
1.524
0.2
0.7
1.524
2.748
0.1
1.424
0
1.224
0.2
1.6
1.2
0.2
0
0.6
1.224
0
0.2
1.324
1.224
3.624
0.4
1.224
0.4
0.2
0
0
0
0
1.824
1.224
1.324
0.1
0
0.1
0
8.048
1.424
1.224
1.3
1.3
1.224
2.448
0.4
0.3
0.4
0
0.1
0.2
0.2
0
0.1
1.424
2.8
0.1
0
0
1.224
0
0.4
0.1
1.824
1.924
0
2.748
0
1
1.524
0.1
0.2
1.324
0.6
1.424
0
1.224
1.324
2.548
0
0.1
0.7
0
3.224
3
0.5
0.8
0
0.1
0
0.2
0.1
2.548
0
0.1
0.1
0.2
0.6
1.424
2.124
1.924
0
0.1
0.8
0.7
1.624
0.5
0
0
0.1
0.4
1.724
1.824
1.724
1.624
0.1
1.224
0.2
1.624
1.224
0.9
0
0
0.1
0.9
0.8
2.424
3.024
0
0.4
1.724
1.324
0.1
0
0.7
0
0
0.3
0
0
1.224
0
0.2
1.424
1.324
0
1.224
2.448
0
0
0.7
1.824
4.324
1.724
2.724
0.2
2.524
2.4
1.224
2.448
1.224
1.7
0.1
0
0.6
0.8
0.1
0.3
0.1
0.2
0.2
0.3
1.5
1
1.2
0.6
0.3
2
0
0.1
0.2
0.1
0.6
0.8
1.424
1.724
0.6
0.2
0
0.2
0.1
0
0.1
0.8
0.8
0
1.424
4.7
0.4
0
1.424
0.2
2.424
2.4
2.1
1.224
1.3
0
0
1.2
1.624
3.448
1.7
0.3
0.7
0.2
0.4
0.7
7.948
0.1
0.2
0
1.324
0.4
0
2.124
1.324
0.5
0
0.6
0
0.7
0.1
0.1
1.724
0.8
0.6
1.824
0.1
2.124
1.524
1.224
0.1
1.4
1
0.1
0.2
0.3
0.1
1.524
2.748
2.624
0.1
1.424
0.4
2.6
1.224
0
1.524
0.6
1.2
1.324
0.4
1
1.4
0
1.824
0.1
3.548
1.524
0.4
0.1
1.9
2.124
1.524
0.7
1.524
0.5
0.6
1.424
1.2
0
1.924
0.1
0.9
1.224
1.624
1.224
0
0
2.624
1.224
1.724
0.3
0.5
0.9
0.2
0
0.2
4.7
1.224
8.024
0.6
0.1
0
1.424
1.224
1.224
1.324
0.3
0.8
1.324
0.6
2.448
0.1
0.1
0.1
0
7.924
1.424
1.224
0
1.5
0.9
8.024
2.6
1.224
8.424
0.5
0.4
0.2
0.1
0
0.1
0.4
1.224
1.324
0.3
0
0.5
1.224
0.1
0
0
0.4
0.8
0.1
1.624
0.4
0.2
0.4
0.1
1.624
0
1.624
1.524
2.324
0.1
0.2
1.524
1.224
0.1
1.324
2.124
2.3
2.648
0.5
0.9
0
2.448
1.224
0.1
1.224
2.448
2.124
1.424
2.948
3.148
1.524
2.748
2.448
2.548
2.848
1.424
0
2.448
1.424
0
1.324
0.9
7.224
1.824
0.3
2.824
3.7
2.424
