0.1
0.3
4.872
2.748
3.972
0
0
1.224
0.1
0
0
1.324
0.1
0.9
0.1
0
0
1.224
1.224
1.224
2.648
2.648
1.224
1.224
0
1.224
1.524
3.872
4.996
3.772
1.324
2.448
1.6
1.224
0
0.2
0
0.1
0
0.3
0
1.924
0
0
0.1
1.224
0.2
0.1
0
2.448
1.324
0
2.848
0
0
1.324
0
0
0
1.924
1
0.2
0
1.624
0.3
0.1
0
0
1.424
0.6
0.2
1.424
0
0
2.224
0.5
1.224
0.2
0
0
3.448
0
1.224
0
0
0
0.1
0
1.224
1.724
0
1.224
0
0
0
1.224
1.424
0
2.448
1.224
0
0.3
0.6
0
1.224
0
0
0.5
0
1.324
0.1
0
0
1.224
0.1
0.2
0
1.224
0
0
1.3
0.1
1.224
0.1
0.2
1.224
0.3
1.224
1.224
1.624
0
0
0
1.224
1.324
0.3
1.324
1.424
1.724
0.2
0
1.324
0
1.324
0
0
1.324
0
0
0
1.324
0.2
0
0
0.7
0.2
0
0.2
0.6
0
0
0
0
0
0.1
0
1.424
0
0.3
2.624
0.2
0.2
1.224
0
1.224
2.648
0
1.224
2.448
0.1
0
3.048
0.1
2.448
0.5
2.648
2.124
1.224
0
2.448
0.1
1.324
0.1
1.624
1.424
1.424
1.224
0
1.224
1.724
0
1.224
0
1.524
1.5
0
0
1.524
2.648
1.324
2.448
0
1.324
0.1
0.1
1.4
0
0.7
0
1.424
0.1
3.772
3.948
4.896
3.672
2.848
2.448
2.448
4.172
2.448
3.672
3.672
1.224
0
2.448
0.2
5.148
1.324
1.224
1.424
0
2.524
1.724
1.224
0.2
1.224
1.224
2.448
1.424
0.4
1.224
0.1
1.224
0
1.224
1.224
0
0.3
2.648
1.524
3.772
0
0.1
0.3
3.672
0
0.5
3.672
1.224
3.672
0
0.2
1.224
2.548
0.3
1.224
2.548
1.324
1.224
0
2.448
2.548
5.196
4.896
4.572
0
2.448
2.448
2.548
2.548
2.548
4.896
0
1
0
0
2.448
0.2
0
0
1.324
0
0.2
0.1
0.2
0
0.4
0.2
1.224
0.3
1.324
0.1
1.224
1.224
1.224
2.648
0
1.224
0
1.324
0
0
0.2
0.2
0.1
0
0
2.548
0
0
1.824
1.324
2.448
1.224
1.224
0
1.224
0.1
0.7
0
0
1.224
2.624
0.1
0.3
1.824
2.448
2.448
0.4
0
1.324
0.3
0.9
1.6
1.224
0.1
0.1
0
1.224
1.724
1.324
0
1.324
1.224
1.224
0.1
1.224
3.672
0.1
2.548
2.448
1.224
2.448
1.224
1.224
0.1
3.048
0
0
0.1
2.548
4.148
3.672
0
2.448
1.324
4.996
3.348
1.224
1.324
1.224
3.772
3.348
2.448
2.748
1.224
0
2.548
1.224
2.448
3.872
3.672
1.224
4.372
3.772
3.872
4.996
4.896
3.772
3.672
2.224
3.148
2.448
2.448
3.872
1.424
1.224
2.448
2.648
1.324
3.672
3.872
4.072
2.748
1.224
3.772
2.448
2.448
4.072
4.172
2.448
1.224
2.548
1.224
5.196
2.648
1.224
1.924
2.748
2.648
3.672
2.648
2.448
2.548
2.548
3.672
3.672
2.448
3.772
2.548
2.448
1.224
2.448
2.948
1.224
2.548
2.948
3.772
1.324
4.572
2.548
2.448
2.548
1.624
3.772
1.724
1.424
5.148
1.624
2.448
3.548
3.348
1.324
2.548
3.972
3.248
2.848
2.448
1.424
3.648
2.548
1.224
1.224
1.224
2.448
1.324
3.672
2.648
2.548
2.448
1.224
3.672
3.672
3.772
2.548
2.448
2.448
3.772
6.72
3.672
1.324
3.048
1.424
1.224
1.324
3.672
3.772
3.248
2.548
2.448
1.224
3.972
3.872
2.448
4.996
3.672
2.448
2.748
3.772
1.324
2.024
2.548
1.224
3.672
2.448
11.62
2.848
3.672
3.772
1.224
3.672
3.672
4.272
2.448
1.324
5.196
1.424
1.324
2.548
1.224
2.448
3.772
2.548
2.448
2.748
2.548
4.072
4.372
3.872
1.224
2.448
1.224
3.772
2.648
1.224
1.324
2.548
4.172
2.648
1.324
2.548
1.224
1.324
1.224
1.424
2.448
2.748
2.648
3.772
3.872
2.448
1.424
2.448
2.448
2.448
2.448
2.448
3.672
2.648
2.324
3.048
2.448
2.648
1.224
1.524
3.872
4.896
1.224
2.548
2.648
2.448
3.772
1.224
2.648
1.224
1.224
2.548
2.648
2.448
3.672
1.224
2.548
3.772
1.224
3.672
2.448
3.248
2.548
2.548
2.448
1.224
2.648
4.472
1.324
1.224
3.048
1.224
1.224
2.024
3.872
3.672
2.548
1.224
1.224
2.448
2.448
2.548
5.096
4.996
1.224
1.324
2.448
2.548
2.548
2.548
3.772
3.672
3.872
1.224
3.672
2.648
5.096
1.224
2.448
2.548
3.672
1.224
1.724
2.448
2.548
1.224
1.224
1.224
1.924
3.672
4.896
3.872
4.896
2.448
1.324
5.272
1.424
5.196
2.548
2.548
2.548
2.448
2.648
3.872
1.224
3.672
3.672
3.772
3.672
3.148
1.224
3.672
2.648
2.648
4.472
1.224
2.548
4.272
1.224
4.896
2.448
3.672
3.972
2.448
1.324
5.296
1.224
2.548
3.772
2.548
1.524
2.448
2.648
3.672
3.672
4.896
3.872
2.448
2.648
3.772
2.648
1.224
4.172
2.848
1.224
3.772
1.224
3.672
3.772
1.324
1.224
2.448
4.472
2.448
3.672
1.324
3.972
2.648
1.224
1.224
1.224
2.548
4.896
3.672
3.772
2.324
2.548
1.424
4.896
2.448
3.772
2.448
3.672
2.748
2.448
3.872
2.648
3.048
2.848
2.448
4.896
3.772
2.448
3.972
1.224
1.424
3.672
2.748
3.672
3.772
2.448
3.772
3.424
5.696
1.324
1.624
1.224
5.096
2.448
1.224
2.448
3.672
2.448
3.972
2.448
3.048
4.072
1.224
2.448
3.672
1.224
3.772
4.896
3.672
1.224
2.448
2.448
4.172
1.224
3.672
3.772
2.548
4.072
1.324
2.748
2.848
3.772
4.996
3.672
2.648
1.324
3.672
2.448
2.448
3.348
3.972
1.224
2.648
2.648
3.772
1.224
2.548
1.224
3.872
3.672
1.224
5.096
3.672
3.672
5.096
3.672
2.548
2.448
3.672
3.872
2.548
3.972
3.672
2.548
3.772
1.324
1.224
1.224
2.448
3.972
1.224
1.224
2.548
3.672
1.224
3.672
1.224
1.224
1.224
1.224
1.324
1.224
2.448
5.196
3.872
2.548
4.896
2.548
1.224
3.772
2.448
2.448
5.696
4.896
1.224
4.896
5.996
1.424
1.324
3.772
3.872
3.772
2.448
2.548
3.048
1.324
2.548
4.672
1.224
3.672
3.672
2.448
3.972
3.672
2.448
5.196
1.924
2.448
1.224
3.672
2.448
3.772
2.948
2.548
2.448
3.672
3.672
1.224
2.448
3.872
4.896
3.672
2.548
1.224
2.448
2.448
1.224
1.324
3.772
2.448
2.548
1.324
2.548
1.224
1.324
2.848
2.748
2.748
1.224
1.224
2.448
2.448
1.224
2.648
3.672
1.424
4.272
3.672
1.424
1.324
2.448
4.072
4.272
2.548
4.896
2.448
3.672
3.672
4.896
4.572
3.872
4.972
5.696
5.196
1.424
3.872
3.672
2.648
5.596
3.872
3.672
3.772
3.772
3.672
4.896
3.672
3.772
2.448
5.096
5.096
4.896
4.072
3.348
2.548
5.396
1.224
1.224
1.224
1.224
2.448
2.548
4.872
3.672
3.972
4.996
2.548
2.448
2.448
2.548
3.672
2.848
2.448
2.448
2.748
3.772
2.748
3.672
3.672
3.972
3.872
2.748
3.772
3.672
1.224
4.996
1.324
4.996
5.796
3.972
3.772
5.196
4.896
6.196
3.148
2.448
2.448
5.296
1.724
1.224
2.648
3.648
2.848
1.424
2.448
1.224
2.448
0.2
1.724
2.648
0
2.448
0
0.4
1.224
0.5
0
3.672
2.448
1.724
3.672
0.3
0
0.1
1.224
0
0.4
1.524
1.224
0
1.224
1.224
1.224
1.224
0
2.724
1.224
0
1.224
0
0
2.548
0
0
0
1.224
1.224
0
1.424
0.4
0.4
1.224
0
0
2.448
1.324
1.224
1.424
3.324
0
1.324
0.1
1.324
0.7
3.872
0
0
1.624
1.324
0
0
0
1.324
3.672
1.424
1.224
0.2
0.1
0.1
0
0.1
0.1
0.1
1.224
1.224
0.1
2.648
1.724
0.1
1.224
2.548
1.324
0.2
2.648
1.224
1.224
0
0.1
3.772
1.224
2.548
1.224
1.224
1.224
0
0
1.824
1.324
1.224
0
1.424
0
1.724
0.1
1.324
3.672
0.1
0
0
1.224
0
0.2
0.6
1.224
3.672
2.548
0
1.524
1.224
1.224
1.324
0
0.2
1.224
0.2
2.648
1.224
1.624
1.424
1.224
1.224
0.3
1.224
1.224
0
1.324
1.224
0.1
0.2
0.1
1.224
2.548
0.2
0
0.1
1.224
0
1.224
1.324
2.448
0.3
1.224
1.224
0
0.1
1.324
1.224
1.224
1.224
1.424
1.624
0.3
1.224
0.8
0
0
1.324
1.524
1.524
2.648
1.224
0.5
0.2
0
1.224
0
0.2
0.3
0.2
2.548
1.224
1.224
0
1.224
1.424
0
2.448
1.224
0
1.524
0.5
1.224
0.5
1.224
1.424
0
0.3
2.648
2.848
2.748
3.972
1.424
1.224
3.024
1.224
0
2.448
0
1.424
2.448
0.3
0
0.1
0.1
0
0
1.224
1.324
2.448
1.224
1.724
1.224
3.972
2.548
1.224
1.224
0
1.224
1.224
0
0
1.224
0
2.448
1.324
2.448
1.424
1.424
0.3
2.748
0
1.224
0.1
0
0
1.224
1.3
0.3
0
0.1
0
0
1.224
2.548
0
2.648
2.548
1.224
0.1
0
0
0.1
1.324
0
1.324
0.1
0.2
0.6
1.224
1.324
2.448
0
1.324
1.624
1.224
2.448
1.324
0
1.324
1.224
1.224
1.324
1.324
1.524
1.224
1.224
1.324
0
1.224
0.1
0
2.448
1.224
1.224
2.448
0.1
0
0
0.2
0
0
1.424
0.1
2.448
0.1
1.224
0.2
0
1.224
1.224
0
0
0
2.448
0
1.224
2.448
2.748
0
1.224
0
1.424
0
1.224
0.2
1.224
1.324
1.224
1.224
1.324
0.3
1.424
0
0
0
1.224
1.324
1.224
0.3
1.224
1.224
1.224
0
0.2
0
0
1.224
1.224
0
0.3
1.224
0
0
0
0.2
3.672
0
0.1
3.972
2.448
1.324
1.224
0.1
1.224
1.424
1.224
1.824
0.1
0
1.324
0.1
0
1.224
0
1.224
1.324
2.448
0
1.224
1.224
3.672
1.224
2.448
0.2
2.748
0
0.1
2.548
2.448
0
1.224
0
1.224
0.3
1.224
0
2.448
1.424
0
1.224
1.424
1.324
0
2.548
0
0.1
0
3.672
0
2.448
1.224
0.4
1.724
0.6
0
0
2.448
2.448
0.1
0
1.224
1.324
0
0
1.224
0
1.224
0
0
0
2.548
1.224
0
0
2.448
3.672
1.224
0
3.672
2.324
1.424
0
1.524
0
0
1.224
1.424
1.324
3.972
1.224
3.672
0
1.324
1.224
0
1.224
1.324
0.6
0.1
1.224
0.3
0.3
1.324
0.1
0
2.448
0.2
1.424
0.1
1.224
1.224
2.648
0
1.224
2.748
1.324
1.324
1.224
1.224
0
2.748
2.448
0
1.424
0
0
2.448
0
1.224
0
0
0.4
0.6
2.448
0
0
1.224
0
1.324
0
2.448
0.4
1.324
0
0.1
1.224
0
0
2.448
0
2.748
0
0
0
1.224
0
2.448
1.3
0
0
1.424
0.2
1.224
0
0.1
2.548
0
1.224
2.448
0
0
0
1.224
2.548
2.024
1.224
1.224
2.448
0
2.448
0
1.224
2.448
3.972
1.224
0
1.224
1.524
1.324
1.224
0.1
1.224
2.548
0
0
2.448
0.2
0
1.224
1.224
0.2
1.224
0.4
1.824
0
1.324
0
2.448
1.224
1.224
0
1.224
2.448
1.224
0
1.224
0
0
0.1
1.224
1.224
0
0.2
1.524
2.948
0.2
1.224
0
0
0
1.224
2.648
1.324
1.224
1.224
0
0
0.2
0
1.724
0.1
0
0
0.2
1.224
1.624
1.724
1.524
2.448
1.324
2.448
1.224
0
3.772
1.224
0
0.1
0
2.448
3.672
0
1.224
0
0
2.548
2.448
0
1.224
0
2.548
0.1
0.5
0
0.5
0
0.2
2.424
3.672
0
0
4.272
1.224
0
3.972
1.524
1.324
0
0.2
0.3
0
0
2.648
0.1
0.2
1.324
0
0.7
3.672
0
2.448
0
1.524
1.324
1.324
0.2
0
0
0
1.324
1.224
0
1.224
0.1
1.624
1.224
2.448
1.5
1.224
1.224
0
1.224
0.4
2.648
0.4
0
2.448
2.448
1.224
1.424
0.1
0
0.1
0.3
1.324
0.2
1.224
1.424
3.948
1.224
2.548
1.224
0
1.224
0
1.624
1.224
0
2.448
2.848
2.448
1.424
0
1.224
2.648
0.3
1.224
0.1
1.224
0.2
1.524
0
0
2.848
2.748
0
0.2
0.1
1.324
1.324
2.448
1.624
1.224
2.448
1.424
0.3
0
0.1
2.448
1.524
1.724
2.448
0
1.224
0.3
1.224
0.1
1.224
0.2
1.224
1.424
0
3.348
1.624
1.224
1.424
1.424
1.524
1.524
0
1.824
1.324
2.648
3.872
4.172
2.448
2.548
0
2.448
0
3.048
0
0
0
1.424
0.6
0
1.224
0
0.2
0
1.3
0
2.548
0
0
0
2.448
0
0.1
1.424
2.748
1.424
0
1.224
2.648
0
0
4.748
2.448
1.224
1.224
1.824
1.624
0.9
2.324
0
0.8
4.572
2.648
0
1.324
1.224
0.1
0.4
1.224
0
1.224
1.224
0.2
1.224
1.224
1.224
3.872
0.5
1.324
3.772
2.648
1.524
1.224
2.848
2.448
0
1.224
1.424
1.224
2.848
2.548
3.672
0
1.224
1.224
1.324
0.1
3.548
3.672
2.648
2.024
0
0
2.448
0.1
4.896
4.996
2.848
3.972
1.224
2.548
5.096
2.548
4.896
2.448
5.196
1.224
2.448
1.224
2.448
0
0
0.3
1.5
0.3
0
2.648
1.724
2.448
