1.3
0.1
4.148
4.16
3.872
0.1
0.1
0
0
0
0.1
1.324
1.324
1.1
0.9
0
1.224
0
0
0.2
1.224
1.624
0
0
2.236
0.1
0.6
1.524
2.548
1.324
0.2
2.548
2.1
0.2
1.824
0.5
0.1
0.1
0
0.3
0.3
2.524
0
0.1
0.1
1.324
0.3
1.724
0.3
1.724
1.424
0.1
1.624
1.224
0
0
1.324
1.424
0.1
2.524
2.324
1.624
0
1.1
0.7
0.2
1.324
1.324
1.524
2.324
0.4
3.548
1.724
0
3.824
1.4
1.224
0.5
1.324
0
2.324
1.224
1.224
1.224
0
1.224
1.224
0
0
2.524
0
0.3
1.624
1.224
1.224
1.624
1.524
1.224
0
0.1
0
2.124
2.124
0
1.836
0
0
1
1.424
0.2
1.724
1.224
0
2.548
0.1
0.6
0.5
1.424
0.1
0
4.424
0.1
0.2
1.524
1.324
0
0
1.224
0.1
3.148
0.5
0.1
1.324
0
1.324
0.5
1.324
2.848
1.624
1.1
0.1
1.324
1.324
1.724
1.224
1.224
1.424
1.724
0.2
1.224
1.324
0
0.1
0
0.5
0.6
1.624
0.1
1.2
0.3
0
1.224
0
1.224
0.2
1.224
0.2
1.224
0
4
1.224
1.724
2.448
0.1
2.448
2.124
1.324
1.324
1.624
0.6
0
2.848
0.1
2.548
0.4
3.148
2.524
2.548
1.324
2.448
0.6
1.524
0.2
3.148
2.748
1.424
1.224
0.3
1.324
0.3
1.724
0.1
0
1.424
2.1
1.224
0.1
2.024
1.824
0.3
1.224
0.3
0.9
1.224
0
4.624
0.1
2.524
0
1.224
1.224
1.324
4.348
2.748
2.548
2.748
2.448
2.448
3.248
3.672
2.948
2.448
2.548
1.836
3.36
0
5.348
1.524
0
1.724
1.836
2.124
3.86
1.324
1.324
0
1.224
1.324
1.224
4.636
0
1.324
1.324
1.224
0.1
1.224
1.224
1.224
1.324
1.524
3.26
1.224
0.3
0.4
1.224
1.224
0.3
1.224
0
1.224
0
0.3
0.1
1.224
1.924
0.1
1.324
1.224
2.448
1.224
2.448
2.448
4.472
2.448
4.372
0.3
1.224
1.224
2.648
1.424
1.224
2.448
1.224
2.024
0
0
0
0
1.224
0
0
1.324
0.6
0.2
0.3
1.224
1.524
1.524
0.2
1.624
3.76
1.224
2.548
0
0
1.724
0
1.424
0
1.624
0
0
0.5
0.2
1.724
0.1
1.324
0
0
1.224
1.4
1.224
0.1
4.06
3.26
1.224
0
0
1.1
0
1.224
1.224
2.624
1.324
0.2
3.56
1.424
3.66
0.7
1.224
1.424
1.224
2.924
4.124
0
2.136
0
1.224
0
2.648
1.524
0
1.324
1.324
2.448
0
2.036
1.224
2.136
1.224
1.224
1.324
1.836
3.26
0
1.224
2.124
0.1
0.2
0
1.424
3.324
1.224
1.224
1.224
1.724
2.448
2.948
1.424
3.56
1.224
2.548
5.56
2.448
3.56
1.224
0
1.324
1.224
1.224
2.648
4.484
1.224
3.972
3.772
2.448
3.672
3.672
4.884
2.448
3.624
3.348
2.648
1.224
1.724
2.648
1.624
1.224
2.648
2.648
2.548
2.948
2.948
2.724
1.224
4.484
1.224
3.672
6.484
4.584
4.284
2.848
4.584
4.26
5.184
1.924
1.224
3.148
2.648
1.224
4.284
1.624
2.448
1.224
1.324
4.384
2.448
3.672
4.984
2.448
1.424
1.424
1.224
4.372
2.448
1.424
1.824
2.648
3.16
5.984
3.248
3.672
2.548
5.36
4.284
2.548
1.624
4.848
1.924
1.224
3.348
2.324
1.224
3.16
3.048
3.448
1.824
2.448
1.524
1.824
3.772
1.224
1.224
1.424
1.624
1.224
3.772
3.56
1.524
3.672
1.224
2.448
4.484
5.908
1.224
1.224
1.324
2.648
3.248
2.548
1.624
4.072
4.66
1.224
3.16
3.672
4.784
6.16
1.324
2.448
1.224
3.872
2.848
2.448
2.448
5.808
1.424
2.548
4.584
2.448
3.948
2.548
2.448
4.284
1.324
2.848
16.308
3.672
1.224
1.224
2.448
2.948
3.248
2.448
1.324
4.072
1.224
1.324
2.548
1.424
2.024
3.672
2.548
1.524
3.56
2.448
5.484
3.748
3.972
1.224
1.324
1.324
4.784
2.648
1.224
3.56
2.548
3.348
2.448
1.324
2.948
1.224
2.448
2.448
2.748
2.448
3.248
5.284
2.648
2.448
2.448
1.424
3.672
3.06
2.448
1.224
1.424
2.448
2.448
2.124
2.748
1.324
3.672
1.224
1.324
2.448
2.448
1.324
1.324
4.484
2.848
2.548
2.448
3.96
1.224
2.448
2.648
2.748
1.324
2.448
2.448
1.224
2.948
1.224
2.548
1.424
1.924
2.848
1.224
1.224
1.224
2.548
5.284
2.548
1.424
4.46
1.224
3.06
3.524
2.548
2.648
1.324
3.36
1.424
5.608
1.224
3.56
4.684
2.948
3.16
3.36
5.908
3.16
4.584
3.772
1.324
4.484
1.524
3.26
4.484
1.524
4.284
1.224
2.448
4.584
1.224
1.224
4.46
1.224
4.984
2.448
1.224
1.424
3.66
2.648
2.448
2.548
4.384
1.224
1.424
3.948
3.16
2.948
4.284
2.448
3.672
1.224
3.36
3.972
1.224
2.448
2.748
2.648
2.648
6.108
1.324
3.672
2.748
5.084
2.948
3.16
3.06
2.124
1.224
4.284
1.224
2.548
3.872
4.384
1.424
2.648
3.16
1.324
2.748
2.448
3.36
2.448
1.424
3.672
2.448
2.448
4.784
1.324
2.748
3.672
1.624
1.324
2.948
4.584
1.224
4.384
2.448
2.448
1.324
2.448
1.224
1.224
2.948
2.448
1.324
1.324
2.548
4.284
2.648
1.224
3.06
1.224
1.324
4.284
1.424
2.624
2.548
3.46
4.584
1.224
4.484
3.672
4.284
4.684
1.424
2.648
4.684
3.148
2.748
2.448
2.848
2.548
5.508
4.584
2.448
1.524
4.484
3.148
3.672
2.448
2.548
3.672
3.324
3.348
1.624
1.324
3.448
3.672
3.672
1.424
2.448
2.448
1.224
2.748
2.748
3.548
2.448
1.224
2.448
1.224
1.224
2.448
2.648
2.448
1.224
4.484
4.284
2.748
1.324
2.448
4.384
2.548
1.824
2.448
1.624
2.424
2.548
4.684
1.324
3.448
3.16
2.548
2.448
1.724
3.648
2.648
1.224
4.284
2.448
2.548
1.324
2.548
2.448
4.484
2.648
1.224
2.848
4.284
4.384
2.648
1.224
1.324
2.548
2.448
2.748
1.224
3.972
4.384
3.36
3.672
1.424
1.224
1.224
1.224
2.648
2.448
2.548
6.008
4.384
1.324
4.484
1.224
1.224
1.324
1.224
3.06
2.648
1.224
2.448
2.648
3.772
3.672
1.324
1.224
2.448
3.672
2.448
2.548
2.448
3.16
2.648
5.072
2.448
1.424
2.448
2.648
2.848
2.748
1.324
2.848
1.724
1.324
5.172
2.448
2.448
3.772
1.224
3.672
4.484
2.448
6.784
6.184
3.16
1.324
4.284
1.224
4.384
2.548
1.724
3.148
4.484
1.224
1.324
1.324
4.284
3.948
2.448
2.024
3.16
1.324
2.448
1.224
2.448
3.872
1.324
1.324
3.46
2.748
2.448
2.748
2.424
6.008
2.648
2.448
1.824
3.16
2.448
2.448
3.048
3.772
1.624
3.048
2.448
1.424
2.548
1.224
5.184
5.684
2.748
3.672
3.26
3.772
2.848
3.672
4.148
2.548
5.972
4.372
2.848
2.748
4.784
3.672
3.448
3.672
2.648
2.748
2.548
2.548
2.448
4.384
2.448
3.872
2.548
4.484
4.284
4.384
2.648
3.648
2.548
4.072
2.448
1.424
1.224
3.16
1.324
3.46
4.772
4.684
2.948
2.448
3.948
1.224
2.448
4.384
2.548
4.484
2.548
3.548
3.248
2.648
2.748
2.748
2.548
4.072
3.772
3.248
2.448
4.384
2.448
3.772
2.448
2.448
3.148
2.548
2.548
2.548
2.548
2.748
3.972
3.16
3.06
4.272
2.636
0
1.224
3.324
2.024
3.036
1.424
0.1
1.224
1.924
3.348
3.56
1.224
2.448
1.836
2.7
0
2.524
0.3
1.224
4.284
3.248
1.224
0.3
0
0.4
1.324
0
1.724
1.324
1.324
0
1.224
0
0
0
0.1
2.324
1.324
0.6
1.324
0
1.224
1.824
1.224
1.224
0
1.224
1.324
0.2
0.5
1.424
2.636
1.324
0
0
0
1.224
1.224
1.324
4.924
0.2
1.324
0.1
1.224
1.3
0.1
0.2
0
2.624
1.424
1.224
2.036
0
2.448
1.224
2.724
1.324
1.6
0.1
0.4
0.2
1.324
0.3
1.524
0
1.424
0.7
1.324
1.624
0.1
2.948
1.324
1.324
1.324
2.024
2.448
2.548
0.1
1.424
2.548
1.324
1.524
1.324
1.224
1.224
0
0
3.224
1.424
1.424
1.224
1.624
1.936
3.224
1.624
1.324
2.548
0
1.324
1.224
1.324
0
0.1
1.624
1.324
1.224
2.448
0
3.648
1.224
1.324
1.324
1.224
1.324
2.748
0.6
1.324
1.224
2.124
1.524
1.424
2.648
2.124
1.324
1.524
0.1
1.224
0
0.1
1.424
1.324
1.624
1.424
0
1.224
0.2
2.448
1.224
1.424
1.324
1.224
0.6
1.224
1.324
1.224
0.6
1.324
0.1
1.524
1.224
1.424
2.024
0.2
1.224
1.5
0
0
1.424
1.924
2.548
1.224
2.648
1.3
1.524
0.1
0.1
0.1
2.036
0.6
0.3
1.224
1.224
1.224
0
1.624
1.624
1.324
1.324
2.448
1.224
1.324
0.9
1.224
0.9
0
1.624
1.424
1.624
1.624
1.524
2.748
1.324
1.324
1.524
3.524
1.224
0
1.524
1.224
1.424
1.224
1.324
1.424
0.3
0.7
1.324
0
1.424
1.424
1.324
1.324
2.024
0
3.148
0.6
1.224
1.224
0
1.324
1.224
0
0
1.224
0.3
1.224
2.448
2.448
2.948
1.224
0.3
2.948
2.124
1.524
0.4
0
0.2
1.224
3.024
0.5
0
1.224
1.424
0.1
2.548
1.624
1.324
1.724
1.924
0
1.324
0.1
1.224
1.424
1.324
1.224
1.624
0
0.7
2.524
1.224
1.524
1.224
1.224
1.424
1.624
1.224
1.224
2.748
0
1.424
2.448
1.324
1.724
2.548
1.824
1.224
1.224
2.448
1.224
1.224
0.2
0.1
1.224
1.224
1.424
0.9
1.324
0.1
0.1
1.1
0
0.1
2.424
0.7
1.224
2.024
1.624
2.124
1.224
1.224
2.924
0.1
0.1
1.324
1.324
1.224
2.448
1.224
3.048
0
2.548
1.224
1.224
0
1.224
0.2
1.224
1.224
1.224
2.448
1.624
1.3
2.948
0.1
0.1
1.224
1.624
1.324
1.224
1.724
1.324
1.224
1.324
0.4
1.824
0
0.1
1.324
1.224
0
0.3
1.324
0.2
1.324
0.3
0.1
1.324
0
1.224
2.448
1.324
1.424
1.224
0.6
1.224
1.324
1.224
1.324
0.1
0.2
1.224
0.7
1.224
2.448
1.224
1.224
0.2
1.224
0
1.224
1.224
2.448
1.224
1.224
1.324
1.524
0.1
1.424
2.648
1.424
1.324
1.324
1.424
0
0.2
1.424
1.836
1.224
1.324
0
1.524
1.324
1.724
1.224
1.424
2.236
0.7
0.1
1.724
0.2
2.548
1.224
1.1
1.824
1.4
0.2
0
2.548
2.448
0.7
0
1.224
1.724
0.2
0.2
1.224
1.224
0.1
0.5
1.324
0
1.424
1.224
0.3
0
1.224
1.224
1.324
0.2
1.624
3.624
1.424
1.324
1.824
0
1.424
2.748
0.3
0.3
1.224
1.424
2.448
0
1.624
1.224
0.4
1.324
0.1
2.124
0
1.224
0.3
0.1
2.448
1.924
1.424
2.448
1.724
1.224
0.1
1.224
1.224
3.348
1.224
2.448
1.824
1.324
1.224
1.324
1.224
1.224
1.824
1.624
0
1.324
1.224
1.324
1.224
1.224
1.224
1.224
0.3
0.9
0.8
1.224
0
0.6
1.224
0.1
1.524
1.224
2.448
1.3
1.324
1.324
0.2
1.424
0
0
1.324
0
2.748
1.224
1.224
0.2
0
0.1
1.224
3.124
0
1.224
2.024
0.7
2.448
1.224
0.2
1.624
0.2
1.224
1.324
2.136
0
0
0.1
2.548
2.824
1.224
0
1.224
1.224
1.324
0.1
1.224
2.648
2.748
1.224
1.224
1.324
2.324
2.748
0
0.1
2.448
2.024
0
0
1.224
1.224
1.424
1.224
1.424
0.6
1.224
2.024
3.124
0.4
1.224
0.3
1.324
1.224
0.3
0.1
2.548
1.224
1.224
0.1
1.324
0.2
1.224
1.624
3.048
1.224
0
1
1.524
2.948
0.3
1.224
0
0
0.1
2.948
2.648
2.748
2.648
1.324
0
0
0.2
0
1.924
0.4
0
0.2
0.5
1.524
3.348
2.224
1.224
1.624
2.448
2.448
1.224
0
1.424
0
0
0.1
0
1.224
2.448
0.1
1.424
1.324
1.224
1.424
2.448
1.324
1.324
0
1.724
1.324
3.624
1.324
1.624
0.2
1.524
2.924
2.548
1.224
1.224
2.724
1.324
2.136
1.524
1.624
1.524
0.4
0.4
0.2
0.1
0.2
1.924
0.7
0.3
0.4
0
1.3
1.324
0
1.224
0
1.624
1.324
1.324
1.324
0.3
0
0
1.424
1.324
0.1
1.224
0.3
1.824
1.224
1.324
3.7
1.424
1.224
0
0
2.124
1.1
1.2
0
1.524
1.324
0
1.924
1.324
2.224
0.5
0.3
4.16
0.3
1.524
1.624
5.348
1.524
1.224
1.224
1.324
1.624
0.1
1.924
1.224
0
1.224
1.524
1.324
1.624
0
1.424
3.148
0.4
1.524
1.324
1.424
1.324
2.648
0.1
0
2.324
1.724
0
0.2
0
1.224
2.548
2.448
3.048
1.324
2.648
1.624
1.4
0
0.1
2.548
1.524
2.424
1.224
0
1.624
1.8
0
0.1
1.324
1.424
1.324
1.324
0.1
2.924
3.148
2.548
1.424
2.948
1.824
1.924
0.2
2.024
0
3.048
1.424
1.324
4.384
2.748
1.224
1.224
0.1
1.824
1.224
1.424
0
0.3
0.8
0.1
1.224
0.2
0.8
1.224
2.8
0.4
1.524
0
1.224
1.224
3.16
0.1
0
0.4
3.26
0.1
1.224
0.1
3.36
0.1
0
3.924
1.424
2.448
1.836
3.524
4.16
3.224
2.524
1.224
1.6
2.224
1.224
0
1.224
3.06
1.836
2.536
1.224
1.224
0
0
0.3
1.224
1.836
0.1
1.224
0.4
0.9
1.224
1.524
3.56
0.1
0
0.1
1.224
0.1
0.1
0
2.424
1.224
1.324
0.2
1.224
1.324
1.224
0
4.36
1.224
1.424
1.824
0
1.224
2.448
2.136
2.448
3.672
2.548
4.384
1.524
1.524
2.448
3.872
3.672
2.448
3.972
1.524
1.224
4.284
2.548
0
1.224
0.3
3.2
0.3
0.3
2.324
1.9
1.824
