0
0.3
4.372
2.748
3.972
0.4
0.1
1.224
0.1
0
0
1.324
0
0.5
0.2
0
0.1
1.224
1.224
1.224
1.324
1.224
1.224
1.224
0.1
1.224
1.224
2.448
3.672
2.448
1.224
2.448
0.7
0
0.1
0.1
0
0.1
0
0.6
0
2.624
0
0.1
0
1.224
0.1
0.4
0.1
1.324
1.224
0
1.324
0.1
0.1
1.224
0
0
0.2
1.724
0.3
0.4
0.1
1.524
0.2
0.1
0
0.2
1.424
0.7
0.4
1.524
0.1
0.1
2.724
0
0
0
0
0
3.148
0
1.224
0
0
0
0
0
1.224
1.724
0.1
1.324
0
0
0
1.324
1.324
0
1.224
1.224
0
0.2
0.8
0
1.224
0
0
0.7
0.2
0
0.1
0
0.1
1.224
0.1
0.1
0
1.324
0
0
1.9
0
1.224
0.5
0
0
0.1
1.224
0
1.524
0.1
0.1
0
0
1.224
0.2
1.224
1.224
1.524
0.5
0.1
1.224
0
1.324
0
0.1
1.424
0.4
0.1
0
1.324
0
0
0.2
0.1
0.2
0.1
0.1
0.3
0
0.3
0
0.1
0
0.1
0
1.224
0
0
2.824
0.1
0.2
1.224
0.1
1.224
2.848
0
0
1.224
0.3
0.3
1.624
0
2.548
0.2
2.648
1.624
1.424
0.1
2.548
0.2
1.324
0.1
1.624
1.424
1.624
1.224
0.1
1.324
1.524
0
1.224
0
0.3
1.2
0
0
1.624
2.848
1.524
2.548
0.1
1.624
0.1
0
1
0
1
0
0
0
2.648
3.948
3.672
3.772
3.248
2.448
2.448
4.072
2.448
3.972
3.672
1.424
0
2.648
0.1
4.348
1.324
0
2.124
0
1.824
1.324
1.324
0
1.324
0
1.324
1.224
0.6
0
0.1
0
0
1.224
1.224
0
0.2
2.648
1.724
2.548
0
0.1
0.6
2.448
0
0.3
2.448
0.1
2.448
0
0.3
0
2.648
0.6
0.2
2.648
0.1
1.224
0
2.448
1.224
4.272
3.672
3.772
0
1.224
1.324
1.324
1.224
1.224
3.672
0
0.7
0
0
1.224
0
0
0
1.224
0
0.4
0.2
0
0
0.1
0.3
1.224
0.2
1.324
0
1.424
1.224
1.224
2.548
0
1.224
0
1.724
0
0
0.3
0.1
0
0
0
1.224
0
0
2.024
1.224
1.224
1.724
1.224
0
0
0
0.4
0
0.1
1.324
0.4
0.1
0.1
1.424
1.624
2.648
0.2
0
1.424
0
0.5
1
1.224
0.1
0
0
1.224
1.724
1.224
0.1
1.224
1.224
1.224
0.1
1.224
2.448
0
2.448
2.448
1.224
1.224
1.224
1.224
0
1.424
0
0
0
2.548
3.148
2.448
0
2.448
1.324
3.872
3.048
1.224
1.224
1.224
3.772
3.848
2.448
2.648
1.224
0
1.324
1.224
2.448
3.672
3.872
1.224
2.948
2.548
2.448
3.872
3.672
2.548
3.672
2.024
2.948
2.548
1.224
2.648
1.424
1.324
2.448
2.848
1.224
2.548
3.772
3.248
2.848
1.224
2.748
2.448
2.448
2.848
3.772
2.448
1.324
2.548
1.324
4.072
2.448
1.224
1.324
2.548
2.548
3.672
2.548
2.448
2.448
2.448
3.672
2.448
2.548
2.548
2.548
2.448
1.224
2.448
3.048
1.224
1.224
1.424
2.448
1.224
4.272
2.848
2.448
2.448
1.624
3.772
1.424
1.324
3.948
1.824
2.448
5.248
1.724
1.324
2.548
3.872
2.948
2.548
2.448
1.724
3.048
2.548
1.224
1.224
1.224
2.448
1.224
3.672
2.648
2.448
2.448
1.224
2.448
3.772
3.872
1.224
1.224
2.448
2.548
3.972
3.772
1.224
2.748
1.524
1.224
1.224
2.548
3.672
3.148
2.448
1.224
1.224
4.172
3.672
2.448
3.672
3.772
2.448
2.448
3.772
1.224
1.924
2.448
1.224
2.448
2.448
3.672
2.948
2.448
2.548
1.224
3.772
9.172
6.972
2.548
1.324
3.972
1.224
1.324
2.548
1.524
2.548
2.548
2.448
1.224
2.448
2.648
4.172
3.872
2.548
1.224
1.224
1.324
3.672
2.548
1.224
1.324
2.448
4.372
2.448
1.224
2.548
1.324
1.224
1.224
1.424
2.448
1.824
2.948
2.748
3.672
2.448
1.324
2.448
2.448
2.648
1.224
2.548
2.448
2.448
1.424
2.948
2.448
2.448
1.224
1.324
2.448
3.672
1.224
2.748
2.448
2.648
3.672
1.224
1.924
1.324
1.224
2.448
2.748
1.224
3.672
1.224
2.448
2.548
1.224
3.872
2.448
2.948
2.748
2.448
2.448
1.224
2.548
2.548
1.224
1.224
1.624
1.224
1.224
2.424
3.872
3.872
2.548
1.324
1.324
2.548
2.448
2.648
4.072
3.772
1.224
1.224
2.648
1.324
2.548
2.548
2.448
3.672
2.448
1.324
2.448
2.648
3.772
1.224
1.224
2.748
2.448
1.324
1.324
2.448
2.648
1.224
1.224
1.224
1.524
2.648
3.672
2.748
3.672
2.448
1.324
4.672
1.224
4.272
2.548
1.224
2.448
1.224
2.448
3.772
1.224
3.672
2.448
3.972
3.872
2.548
1.324
3.672
2.748
2.548
3.972
1.224
2.548
3.248
1.224
3.772
2.448
2.748
3.672
2.448
1.324
4.272
1.424
2.648
2.648
2.548
1.424
2.448
1.324
2.448
3.672
3.772
2.548
2.448
2.548
3.872
1.524
1.224
2.848
2.848
1.224
3.872
1.224
3.672
2.448
1.224
1.324
2.448
3.972
2.448
2.548
1.324
3.872
2.548
1.224
1.224
1.324
1.324
2.448
3.672
2.648
2.224
2.548
1.224
3.772
2.448
3.672
2.448
3.672
2.648
2.448
4.072
1.224
2.748
2.648
2.448
4.272
3.672
2.448
2.548
1.224
1.424
2.548
2.748
2.448
3.772
2.448
3.672
2.524
4.472
1.324
1.224
1.224
3.772
2.448
1.424
2.448
2.448
2.448
2.548
2.448
3.248
3.872
1.224
2.448
2.448
1.224
3.772
3.872
3.672
1.224
2.448
2.448
3.772
1.224
2.448
3.672
2.548
2.748
1.224
2.448
2.748
2.548
3.872
2.448
2.848
1.324
3.872
1.224
2.948
2.748
3.772
1.424
2.448
2.448
2.448
1.224
2.648
1.224
3.772
3.772
1.224
4.172
3.672
3.672
4.272
2.448
2.448
2.648
3.672
2.748
2.448
3.972
3.672
1.224
3.672
1.224
1.224
1.224
1.224
3.672
1.224
1.224
2.548
3.672
1.224
3.772
1.224
1.224
1.224
1.224
1.224
1.324
2.448
4.172
3.672
2.648
3.672
2.448
1.224
2.548
2.448
2.448
4.172
3.672
1.224
3.672
4.272
1.324
1.324
2.448
2.448
2.648
2.648
2.448
3.048
1.724
1.224
4.372
1.224
3.772
3.672
2.448
3.672
3.672
2.448
4.272
2.024
1.224
1.224
3.672
2.448
2.448
2.748
2.448
2.448
2.548
2.448
1.324
2.448
2.548
3.872
3.672
1.724
1.224
2.448
2.448
1.224
1.224
2.448
1.224
1.324
1.324
2.548
1.224
1.524
3.248
2.648
2.648
1.224
1.224
2.448
2.448
1.224
2.748
3.672
1.524
3.872
2.548
1.224
1.424
2.448
4.272
4.372
2.848
3.672
2.448
3.672
2.448
3.672
4.472
2.748
3.872
4.372
2.748
1.224
3.672
3.672
3.448
3.972
3.672
3.872
2.548
2.448
2.448
3.672
2.448
3.872
2.448
3.872
3.872
3.672
3.972
2.548
2.448
3.972
1.224
1.224
1.224
1.224
2.448
2.548
2.648
3.772
3.872
3.772
3.048
2.448
2.448
2.448
2.548
2.848
2.448
2.748
2.748
3.672
2.948
2.748
2.548
2.548
2.448
2.748
2.448
2.448
1.224
3.772
1.424
3.772
4.172
2.848
2.448
3.872
3.672
4.172
2.548
1.224
1.324
3.872
1.824
1.324
2.648
3.748
2.648
0.3
1.324
1.224
1.224
0.2
1.624
2.648
0
1.224
0
0.8
0
0.6
0
2.448
2.448
1.724
2.448
0.2
0.1
0.3
1.224
0
0.2
1.224
0
0
1.224
0
0
1.224
0
1.924
1.224
0
1.324
0
0
1.924
0
0
0
1.324
1.224
0
1.324
0.2
0
1.324
0
0
1.224
1.324
1.324
1.724
3.324
0.2
1.324
0.1
1.324
0.6
1.424
0.2
0
2.424
1.224
0.1
0.2
0
1.224
2.448
1.724
1.524
0.4
0
0.1
0
0
0.1
0.1
1.224
1.224
0.6
1.324
1.424
0.1
1.624
1.224
1.224
0.2
2.748
1.224
1.324
0.1
0.2
2.548
1.424
1.424
1.224
1.324
1.224
0.2
0
2.024
1.224
1.224
0
1.324
0.1
1.724
0
1.324
2.448
0.4
0.1
0
0.1
0
0.2
0
1.324
1.324
1.224
0
1.624
1.224
1.324
1.224
0
0
1.224
0.2
1.324
1.324
1.724
1.424
1.224
1.224
0.3
1.324
1.224
0
1.224
1.224
0.1
0
0.1
1.324
1.224
0
0
0
1.224
0
1.224
1.424
1.224
0.6
0.1
1.224
0
0
1.424
1.224
1.524
1.224
1.724
2.124
0.2
1.224
0.6
0
0
1.224
1.424
1.424
1.424
1.324
0.4
0.1
0.1
1.224
0.1
0
0.2
0.4
1.324
1.224
1.224
0
1.324
1.324
0
1.224
1.224
0
1.524
0.1
1.224
0.2
0
1.224
0.1
0.2
1.624
1.524
1.724
2.548
1.224
1.324
1.1
1.224
0
1.424
0
1.524
1.224
0
0.1
0.1
0.2
0
0
1.224
1.224
1.224
1.424
1.724
0
2.748
1.324
1.224
1.224
0.2
1.224
1.224
0
0
1.224
0.2
1.224
1.224
1.224
1.624
1.324
0.2
1.524
0.1
1.624
0.2
0
0
1.224
1.4
1
0.1
0
0.3
0.1
1.224
1.324
0
1.524
3.048
0
0
0
0
0.2
1.224
0
1.324
0
0.7
0.5
1.224
1.324
1.224
0
1.324
1.824
1.224
2.448
1.324
0.1
1.224
1.224
1.324
1.424
1.224
1.624
1.324
1.324
1.224
0
1.224
0.1
0
1.324
1.224
1.224
1.324
0.1
0
0
0.3
0
0
1.824
0.7
1.224
0.1
1.224
0.1
0
1.224
1.924
0
0
0.1
2.448
0.2
1.224
1.224
1.424
0.3
1.224
0
1.224
0.1
1.224
0
1.224
1.224
1.324
1.224
1.324
0.7
1.224
0.1
0
0
1.524
1.324
1.224
0.2
1.224
1.324
1.324
0.1
0.3
0
0
1.224
1.524
0
0
1.324
0.2
0
0.3
0
2.448
0
0
2.848
1.324
1.424
1.224
0
1.324
1.424
1.224
1.324
0.1
0.3
1.224
0.3
0.1
1.224
0
1.224
1.224
2.448
0
1.224
1.224
2.448
1.224
1.224
0.2
2.748
0
0
1.224
1.424
0
1.224
0
1.224
0.3
0
0
1.224
1.324
0.1
1.324
1.424
1.524
0
1.224
0
0.4
0
2.748
0.5
1.524
1.224
0.9
1.324
0.9
0
0
2.548
1.224
0.4
0
1.224
1.324
0
0.2
1.224
0
0.1
0
0.1
0
1.324
1.224
0
0
1.224
1.224
1.224
0.1
1.424
2.324
1.524
0.3
1.324
0
0
1.624
0.2
0.2
2.448
1.224
2.548
0
1.624
1.424
0.1
1.224
1.324
0.2
0
1.224
0.2
0
1.224
0.3
0.1
1.324
0.4
1.524
0
1.224
1.324
1.524
0
1.224
2.648
1.324
1.224
1.224
1.224
0
2.024
1.324
0
1.324
0
0.2
1.324
0
1.224
0
0.2
0.5
0.5
1.224
0
0.1
1.224
0.1
1.224
0.1
1.224
0.6
1.324
0
0.1
1.224
0
0
1.224
0
1.524
0.1
0
0
0
0
1.224
0.7
0
0
1.524
0.5
1.224
0
0.1
1.324
0
1.224
2.448
0
0.1
0
0.1
1.324
2.224
1.224
0.1
1.224
0
2.548
0.1
1.224
1.224
2.648
1.224
0
1.224
1.224
1.424
1.324
0
1.224
2.448
0
0
1.224
0.1
0
1.224
1.324
0.1
1.224
0.6
2.324
0
1.224
0.3
1.324
1.224
0.1
0
1.224
1.224
1.224
0
1.324
0.2
0
0.1
1.424
1.424
0
0.6
1.324
2.648
0.4
1.224
0
0
0
1.524
2.848
1.224
1.224
1.224
0
0
0.1
0
1.524
0
0
0.1
0.5
1.324
1.624
2.224
1.224
1.224
1.424
2.448
1.224
0
2.748
1.224
0
0
0
2.548
2.448
0
1.424
0
0
1.224
1.224
0
1.224
0
2.648
0.3
1.1
0.2
0
0
0.5
2.024
2.448
0
0
3.148
1.224
0
2.548
1.424
1.424
0.1
0.5
0.2
0
0.1
2.748
0.3
0.3
1.524
0
0.8
2.448
0
1.224
0
1.624
1.224
1.224
0.1
0.1
0.1
0
1.224
1.224
0
1.224
0.1
1.524
1.324
1.224
1.9
1.224
1.324
0.2
1.324
0.3
2.024
0.3
0
1.724
1.224
0
1.424
0.1
0.1
0.3
0.1
1.524
0.1
1.224
1.524
3.948
1.224
1.424
1.224
0
1.524
0
1.324
1.324
0
1.224
2.548
1.224
1.524
0
1.224
1.524
0.2
1.324
0.3
1.224
0
1.424
0
0
1.624
1.624
0
0
0
1.224
1.224
1.424
1.424
1.224
1.224
1.324
0.5
0
0
1.224
1.324
1.624
1.224
0.1
1.324
0.5
1.224
0.1
1.324
0.4
0.1
1.324
0
2.124
1.824
1.224
1.224
1.524
1.324
2.024
0.1
1.624
0
1.424
2.648
2.948
2.448
2.448
0
1.224
0
1.724
0
0
0
1.324
0.3
0.1
1.224
0.1
0.3
0
1
0
1.324
0
0
0
2.448
0
0
1.324
1.324
1.324
0
1.324
1.224
0
0
4.448
1.224
1.224
0
1.424
1.524
0.9
1.924
0
0.6
2.748
2.448
0
1.324
1.224
0
0.1
1.324
0
0.1
1.224
0.1
1.224
0.1
1.224
2.648
0.1
0
2.548
1.524
1.424
1.224
1.324
1.224
0
0
1.224
0
1.924
2.548
2.548
0
1.224
1.324
1.224
0
2.948
2.448
1.424
1.324
0.1
0
1.224
0.2
3.872
3.672
2.548
3.772
1.324
2.448
3.772
2.548
3.672
2.548
3.772
0
2.448
1.224
1.224
0
0
0.4
1.4
0.2
0
1.424
1.824
1.324
