0.3
0.4
5.372
2.648
4.172
0.2
0.1
1.224
0.2
0
0.2
1.224
0.3
1
0.5
0
0
1.224
1.224
1.224
1.424
1.224
1.224
1.224
0.1
1.224
1.324
2.548
3.672
2.448
1.224
2.448
1
0
0.1
0.3
0.1
0.2
0.1
1
0
2.824
0
0
0
1.224
0.1
0.6
0.3
1.324
1.224
0
1.624
0
0.1
1.324
0
0.1
0.2
2.024
0.9
0.4
0.1
1.524
0
0.4
0
0
1.524
1.3
0.7
1.824
0.2
0.2
3.224
0.4
0
0.1
0.1
0
3.748
0
1.224
0
0
0
0
0
1.224
1.924
0
1.324
0.1
0
0
1.524
1.524
0
1.224
1.224
0
0.6
0.6
0.1
1.224
0
0
1
0.2
0.2
0.4
0.1
0.2
1.324
0.2
0.3
0
1.324
0
0
2.4
0
1.324
0.6
0.1
0.1
0.4
1.224
0
2.224
0.4
0
0
0.1
1.524
0.7
1.424
1.624
2.124
0.7
0.1
1.524
0
1.324
0
0
1.324
0.3
0.2
0
1.324
0
0.1
0.2
0.6
0.5
0.1
0.2
0.6
0
0.2
0
0.3
0
0.2
0
1.224
0
0
2.724
0.2
0.4
1.324
0.1
1.224
3.048
0
0.1
1.324
0.5
0.3
1.624
0
2.448
0.3
3.248
2.424
1.224
0.1
2.648
0.1
1.224
0.4
2.224
1.324
1.624
1.224
0.3
1.224
1.524
0
1.224
0
0.1
1
0
0
2.124
2.848
1.324
2.448
0.2
1.724
0
0
2.1
0
1.4
0
0
0
2.648
5.748
3.772
3.672
3.548
2.448
2.448
4.172
2.448
3.972
3.672
1.424
0.1
2.748
0.2
5.448
1.224
0
2.024
0
2.124
1.424
1.224
0
1.224
0
1.224
1.224
0.9
0
0.2
0
0
1.324
1.224
0
0.5
2.748
1.624
2.548
0
0.2
0.6
2.448
0
0.6
2.448
0
2.448
0
0.2
0
2.548
0.6
0.2
2.648
0.1
1.224
0
2.448
1.224
4.272
3.672
3.872
0
1.324
1.424
1.324
1.224
1.224
3.672
0
0.8
0
0
1.224
0
0.1
0
1.224
0
0.4
0.2
0
0
0.2
0.2
1.224
0.2
1.524
0
1.524
1.224
1.224
2.548
0
1.324
0
1.524
0
0
0.3
0.1
0.2
0
0
1.224
0
0
2.224
1.324
1.224
1.724
1.224
0
0
0
0.6
0
0
1.324
1.1
0.1
0.1
1.524
1.724
2.548
0.4
0.1
1.424
0.1
1
2
1.224
0
0
0.1
1.224
1.724
1.224
0.1
1.224
1.224
1.224
0.2
1.324
2.448
0
2.548
2.448
1.324
1.224
1.224
1.324
0
2.124
0
0
0
2.648
3.648
2.548
0
2.448
1.324
3.772
3.148
1.324
1.224
1.224
3.772
4.348
2.548
2.748
1.224
0
1.324
1.224
2.448
3.672
3.872
1.224
3.048
2.548
2.448
3.672
3.672
2.848
3.772
3.024
3.248
2.548
1.224
2.648
1.424
1.224
2.448
2.748
1.224
2.648
3.772
3.448
3.348
1.324
2.848
2.448
2.548
2.648
3.772
2.448
1.424
2.448
1.424
4.072
2.548
1.224
1.824
2.648
2.548
3.672
2.648
2.448
2.748
2.648
3.672
2.448
2.448
2.748
2.548
2.548
1.224
2.448
3.148
1.224
1.224
1.524
2.448
1.324
4.372
2.848
2.448
2.448
1.524
3.872
1.424
1.424
4.948
1.524
2.448
6.948
2.024
1.224
2.548
3.872
3.148
2.648
2.448
1.524
3.348
2.548
1.224
1.224
1.324
2.548
1.224
3.672
2.648
2.648
2.448
1.224
2.448
3.872
3.772
1.324
1.224
2.448
2.448
4.372
3.772
1.324
3.048
1.324
1.224
1.224
2.648
3.672
2.648
2.448
1.224
1.224
4.372
3.672
2.448
3.672
3.872
2.548
2.548
3.672
1.224
1.824
2.448
1.224
2.448
2.448
4.272
3.248
2.448
2.548
1.324
3.772
6.972
11.772
2.548
1.324
3.772
1.224
1.324
2.448
1.424
2.748
2.648
2.448
1.224
2.448
2.648
4.572
4.072
2.548
1.324
1.224
1.424
3.772
2.848
1.224
1.424
2.448
4.672
2.548
1.324
2.548
1.324
1.224
1.224
1.424
2.448
1.424
2.748
2.648
3.672
2.448
1.424
2.448
2.548
2.748
1.324
2.548
2.448
2.448
1.524
2.948
2.448
2.448
1.224
1.224
2.448
3.772
1.224
2.548
2.548
2.548
3.672
1.224
1.624
1.224
1.224
2.448
2.848
1.224
3.672
1.224
2.448
2.748
1.224
3.772
2.448
2.848
2.648
2.448
2.448
1.224
2.648
2.848
1.224
1.224
1.824
1.224
1.224
2.324
3.872
3.872
2.548
1.324
1.224
2.648
2.448
2.648
4.172
4.272
1.224
1.324
2.648
1.524
2.448
2.448
2.548
3.772
2.548
1.324
2.448
2.648
3.772
1.224
1.224
3.348
2.448
1.324
1.424
2.448
2.648
1.324
1.224
1.224
1.224
2.748
3.672
2.648
3.772
2.448
1.524
5.572
1.224
4.372
2.548
1.224
2.448
1.224
2.448
3.772
1.224
3.672
2.448
3.872
4.072
2.748
1.224
3.672
2.748
2.648
4.372
1.224
2.548
3.248
1.224
3.772
2.448
2.548
3.872
2.448
1.324
4.372
1.324
2.548
2.548
2.448
1.324
2.448
1.424
2.448
3.672
3.672
2.648
2.448
2.648
3.872
1.424
1.224
3.248
2.648
1.224
3.772
1.224
3.672
2.548
1.224
1.224
2.448
4.772
2.448
2.548
1.324
3.972
2.448
1.224
1.224
1.224
1.224
2.448
3.672
2.648
2.524
2.648
1.324
3.772
2.448
3.772
2.448
3.672
3.148
2.448
3.972
1.224
3.248
2.648
2.448
4.372
3.672
2.448
2.748
1.224
1.624
2.648
2.648
2.448
3.672
2.548
3.772
3.424
5.072
1.224
1.224
1.524
3.772
2.448
1.424
2.548
2.448
2.448
2.748
2.448
3.148
3.972
1.224
2.448
2.448
1.224
3.672
3.772
3.672
1.224
2.548
2.548
3.772
1.424
2.448
3.672
2.548
2.748
1.224
2.548
2.948
2.648
3.872
2.448
2.648
1.224
3.772
1.224
2.548
2.948
3.672
1.324
2.448
2.448
2.548
1.224
2.648
1.224
4.072
3.772
1.224
4.272
3.672
3.672
4.072
2.448
2.448
2.448
3.672
2.748
2.548
3.872
3.672
1.224
3.672
1.224
1.224
1.224
1.224
3.672
1.224
1.224
2.648
3.672
1.324
3.772
1.224
1.324
1.224
1.224
1.224
1.324
2.448
4.472
3.872
2.548
3.672
2.448
1.224
2.648
2.548
2.448
4.172
3.672
1.224
3.672
4.572
1.324
1.324
2.448
2.448
2.748
2.748
2.448
3.248
1.524
1.224
5.072
1.224
3.772
3.672
2.448
3.672
3.672
2.548
4.172
2.124
1.224
1.224
3.772
2.448
2.548
2.648
2.448
2.448
2.548
2.448
1.424
2.448
2.548
3.772
3.672
1.624
1.224
2.448
2.448
1.224
1.224
2.548
1.224
1.324
1.324
2.548
1.324
1.424
3.448
2.648
2.848
1.224
1.424
2.448
2.448
1.224
3.148
3.772
1.724
3.772
2.448
1.324
1.324
2.448
4.172
4.272
2.748
3.672
2.448
3.872
2.648
3.772
4.572
2.448
4.372
4.472
2.848
1.224
3.772
3.672
4.348
3.972
3.672
3.872
2.448
2.448
2.448
3.772
2.548
3.872
2.448
3.972
3.872
3.672
4.172
3.148
2.448
4.272
1.224
1.224
1.324
1.224
2.548
2.548
2.948
3.772
3.872
3.672
2.948
2.448
2.448
2.548
2.548
2.648
2.448
2.548
2.748
3.672
2.948
2.648
2.548
2.448
2.448
2.848
2.448
2.448
1.224
3.972
1.324
3.772
4.672
2.848
2.448
3.972
3.672
4.372
2.848
1.224
1.224
3.872
1.924
1.224
2.548
4.848
2.648
0.5
1.324
1.224
1.224
0.3
1.724
2.648
0
1.224
0
1
0
0.6
0
2.448
2.448
2.024
2.448
0.1
0
0.1
1.424
0
0.2
1.424
0
0
1.324
0
0
1.324
0
2.424
1.224
0.2
1.224
0
0
1.924
0
0
0
1.424
1.224
0.2
1.524
0.1
0.3
1.324
0
0
1.224
1.324
1.424
1.624
4.224
0.2
1.324
0.1
1.224
1.1
1.324
0.1
0
2.424
1.224
0
0.2
0
1.424
2.448
1.924
1.524
0.4
0
0.4
0
0
0.4
0.1
1.224
1.224
1
1.324
1.524
0.1
1.524
1.324
1.324
0.5
2.948
1.324
1.224
0.1
0.2
2.548
1.424
1.624
1.224
1.324
1.224
0.3
0
2.524
1.324
1.224
0
1.624
0
2.724
0.2
1.324
2.448
0.5
0
0
0.4
0
0.3
0.3
1.524
1.224
1.324
0
2.524
1.224
1.324
1.224
0
0
1.324
0.6
1.424
1.224
1.924
1.624
1.224
1.424
0.5
1.224
1.524
0
1.224
1.224
0.1
0.1
0.1
1.224
1.424
0
0
0
1.224
0
1.224
1.424
1.224
0.4
0.1
1.224
0
0
1.424
1.424
1.524
1.224
1.524
2.224
0.2
1.224
0.8
0
0
1.224
1.924
1.624
1.824
1.324
0.8
0.1
0.1
1.224
0.2
0.1
0.3
0.5
1.324
1.224
1.224
0
1.324
1.424
0.1
1.224
1.224
0
1.724
0.5
1.224
0.7
0
1.224
0.1
0.4
1.624
1.624
1.624
2.548
1.324
1.324
1.6
1.224
0
1.324
0
1.824
1.224
0.2
0.2
0.1
0.5
0.1
0
1.224
1.424
1.224
1.324
2.424
0
3.248
1.324
1.224
1.224
0.2
1.324
1.224
0
0
1.224
0.2
1.224
1.224
1.224
1.624
1.424
0.3
1.724
0.5
1.624
0.4
0
0.1
1.224
1.7
1.1
0.1
0
0.4
0.1
1.224
1.324
0.2
1.524
3.148
0
0.1
0.1
0
0.3
1.224
0.1
1.324
0
0.8
0.7
1.224
1.524
1.224
0
1.324
1.924
1.224
2.448
1.224
0.1
1.224
1.324
1.524
1.424
1.624
1.624
1.524
1.224
1.424
0.2
1.224
0.1
0
1.324
1.224
1.224
2.124
0.2
0.2
0
0.2
0
0.1
2.124
0.6
1.224
0.4
1.324
0.6
0
1.224
2.124
0.1
0
0
2.448
0.3
1.224
1.224
1.324
0.2
1.224
0.1
1.624
0
1.224
0.2
1.224
1.324
1.224
1.224
1.724
1
1.324
0.1
0
0
1.524
1.324
1.324
0.3
1.324
1.324
1.424
0.2
0.3
0
0
1.224
1.324
0
0
1.424
0.3
0
0.2
0.2
2.548
0
0
2.948
1.424
1.824
1.224
0.1
1.324
1.324
1.224
1.424
0.1
0.4
1.424
0.6
0
1.224
0
1.224
1.224
2.448
0
1.224
1.224
2.448
1.324
1.224
0.4
3.048
0
0
1.424
1.224
0.1
1.224
0.1
1.224
0.4
0
0.1
1.224
1.824
0.2
1.624
1.424
1.524
0
1.424
0.1
0.5
0
3.148
0.7
1.424
1.224
1.2
1.624
0.7
0
0
2.648
1.224
0.2
0
1.224
1.424
0
0.3
1.224
0
0.2
0
0.2
0
1.224
1.224
0.1
0
1.324
1.224
1.224
0.1
1.424
3.324
1.624
0.4
1.624
0
0.1
1.724
0.6
0.2
2.648
1.324
2.548
0
1.724
1.524
0.2
1.324
1.224
0.9
0
1.224
0.4
0
1.324
0.5
0
1.524
0.5
1.824
0.2
1.224
1.324
1.624
0
1.224
2.948
1.324
1.224
1.324
1.324
0
2.324
1.224
0.1
1.324
0.1
0.1
1.324
0
1.224
0
0.1
0.6
0.9
1.224
0
0.4
1.224
0.1
1.324
0.1
1.224
0.5
1.324
0
0.1
1.424
0.1
0
1.224
0
1.724
0.2
0
0
0.1
0.1
1.224
1.2
0
0
1.724
0.8
1.224
0
0.4
1.524
0.2
1.224
2.448
0
0.1
0
0
1.324
2.624
1.224
0.1
1.224
0
2.648
0.1
1.224
1.324
2.648
1.224
0
1.224
1.524
1.424
1.224
0
1.224
2.648
0
0.1
1.224
0.1
0
1.224
1.424
0.1
1.224
0.6
2.324
0.3
1.624
0.1
1.324
1.224
0.1
0
1.224
1.324
1.224
0.1
1.324
0.3
0
0.5
1.624
1.424
0
0.6
1.524
3.048
0.4
1.224
0
0
0
1.524
2.848
1.324
1.324
1.224
0
0
0.2
0
1.824
0.1
0
0.1
0.6
1.424
2.124
2.124
1.224
1.224
1.324
2.448
1.224
0
2.648
1.224
0
0.2
0
2.548
2.448
0
1.224
0
0
1.324
1.224
0.1
1.224
0.1
2.748
0.3
1.9
0.1
0.1
0
0.4
2.824
2.548
0
0
3.848
1.224
0
2.448
1.624
1.424
0.1
0.4
0.2
0.1
0.2
2.948
0.5
0.5
1.724
0
1
2.548
0
1.324
0
1.624
1.224
1.324
0.1
0.3
0.1
0
1.424
1.224
0
1.324
0.1
1.624
1.424
1.324
3.1
1.224
1.324
0.2
1.324
0.7
2.324
0.8
0
1.924
1.224
0
1.724
0.2
0.3
0.6
0.1
1.624
0
1.324
1.724
4.448
1.224
1.524
1.224
0
1.524
0
1.524
1.424
0.3
1.224
2.648
1.224
1.724
0
1.224
1.624
0.4
1.524
0.3
1.224
0.4
1.324
0
0.1
2.124
1.424
0
0.1
0
1.224
1.324
1.324
1.924
1.224
1.224
1.424
0.8
0
0
1.324
1.724
2.324
1.324
0.3
1.324
0.9
1.224
0
1.224
0.3
0
1.324
0
2.724
1.924
1.324
1.224
1.724
1.424
1.924
0.1
2.324
0
1.324
2.748
3.148
2.448
2.648
0
1.224
0
2.024
0
0.2
0
1.324
0.6
0.1
1.224
0.2
0.5
0
1.6
0.2
1.224
0
0
0
2.448
0.1
0.1
1.524
1.324
1.624
0
1.324
1.224
0
0
4.948
1.224
1.224
0
1.924
1.424
1.2
2.424
0
0.8
2.948
2.448
0
1.324
1.224
0
0.2
1.224
0
0
1.224
0.2
1.224
0.1
1.224
2.748
0
0
2.448
1.424
1.624
1.224
1.324
1.224
0
0
1.224
0
2.124
2.448
2.548
0
1.224
1.224
1.224
0.2
3.348
2.548
1.424
1.924
0
0
1.224
0.1
3.872
3.672
2.548
3.872
1.524
2.748
3.872
2.548
3.672
2.548
3.972
0
2.448
1.224
1.224
0
0
0.4
1.9
0.2
0.3
1.724
1.924
1.424
