3.56
0.5
3.024
0.4
1.324
0
0
0
1.424
0
1.424
1.224
0.2
0.3
0.3
0.1
0
0
0
0
2.448
2.548
0
0
1.324
0
0.1
1.424
2.448
1.224
0.1
1.324
2.624
1.224
2.136
3.46
3.06
3.16
2.236
3.96
3.06
4.06
1.836
1.936
1.936
3.06
2.436
2.336
3.66
6.308
3.16
2.036
13.108
1.936
1.836
1.836
3.36
1.936
3.26
3.66
3.136
2.136
1.936
2.036
2.236
3.36
1.936
2.136
3.26
2.536
3.96
4.684
3.56
3.16
4.76
3.86
1.836
1.936
1.836
3.16
3.76
1.836
3.16
1.936
1.836
1.836
1.836
1.836
1.836
3.236
3.06
1.936
1.836
1.836
1.836
4.884
4.784
3.06
1.936
1.936
1.936
3.136
2.336
3.16
1.836
3.26
3.06
3.236
1.936
3.26
3.56
1.836
3.06
3.16
1.936
2.536
3.16
1.936
3.06
3.16
3.636
1.936
1.936
3.36
2.036
3.16
3.56
3.26
1.936
3.46
3.26
1.836
2.336
1.836
3.66
2.436
3.16
3.06
3.56
3.036
3.16
2.036
1.836
3.56
1.836
1.936
3.46
2.036
3.16
1.836
3.06
3.26
3.26
3.06
4.16
3.56
2.036
2.236
3.46
2.136
3.26
1.936
3.06
1.836
2.036
2.036
1.836
3.06
1.836
3.536
3.06
3.96
3.16
3.16
3.06
4.16
2.036
1.836
4.584
3.86
3.86
4.26
1.836
3.06
2.336
3.46
3.46
3.26
2.236
3.06
2.036
4.484
3.26
4.06
3.06
3.36
3.06
3.26
1.224
0.3
1.324
0
0
1.424
2.324
0
1.224
3.048
1.324
1.324
1.224
1.224
0.2
0
1.224
1.3
1.224
0.7
0
1.224
0
1.224
2.524
1.224
1.224
1.324
1.224
1.224
1.524
2.448
1.324
1.224
1.224
0
1.324
0
3.224
1.324
1.224
1.324
0
2.024
1.524
0
0.1
0
0
0
1.224
0.4
1.324
0.1
1.324
0
0
1.224
0
0.1
1.224
1.224
2.448
1.224
1.424
0.2
1.224
1.224
0.8
1.224
2.448
2.448
1.224
1.424
2.448
1.224
0.3
1.224
1.224
1.836
2.448
1.224
0
0
1.524
1.224
1.424
1.224
1.224
1.224
2.448
2.548
2.448
1.224
0
0.9
0
0
0
0
0.2
1.224
0.1
1.224
0.4
0.2
0.1
0
0.4
1.724
0.1
1.324
0.3
0
1.224
0
0
1.324
1.224
1.324
0.1
1.324
1.224
0.2
1.424
0.4
0.2
1.324
0
0
0
0
0.9
0.2
0
1.424
1.224
0
0.1
0
1.824
1.224
0
2.548
1.1
0
1.424
2.024
2.448
1.424
0.2
1.224
2.548
1.324
0.9
1.5
0.2
0
1.224
2.036
0.1
2.748
2.748
0
2.448
2.448
1.224
0.1
0
2.448
0
1.224
1.224
1.224
1.224
1.324
0
0.1
0.5
0
0
0.2
1.424
2.224
0
0
0
0
1.224
2.448
1.224
0.1
0.1
2.548
1.2
0
0.6
1.224
0
2.648
1.224
0
1.224
1.224
1.224
1.324
1.224
3.672
1.224
1.224
2.848
1.324
1
1.524
1.224
1.224
1.324
0.1
1.424
0
0.1
0
2.448
1.324
1.224
0.5
1.224
2.548
0
2.448
3.048
1.624
0
1.324
1.224
0.3
2.448
0.2
1.324
1.424
1.224
1.524
1.224
0.1
0
1.424
0.1
1.224
0
1.224
3.048
1.324
0.1
0
0
1.624
0
2.448
1.724
0
0
2.024
1.224
1.224
1.224
0.4
1.324
0.1
0.1
2.924
0.2
0
1.424
2.124
0
1.324
1.524
1.324
0.1
0
0.3
0.3
1.224
0
1.224
0.2
0.1
0
1.224
1.324
0
1.224
1.224
0
1.324
1.324
1.324
1.224
0.1
2.448
3.448
1.224
0
1.424
0.3
1.224
0
1.224
1.324
0.6
0
1.224
1.224
1.224
1.324
1.224
1.324
1.424
0.3
2.448
1.224
0
0.7
1.224
1.224
2.448
0
2.848
1.624
1.224
1.224
1.224
1.224
1.324
1.624
2.448
0
1.324
1.224
1.324
1.224
1.424
0.1
1.324
0.3
2.548
0
1.224
1.724
1.324
2.448
1.224
2.448
0
1.224
1.324
1.324
0.1
1.224
1.424
1.324
0.1
0.1
1.324
0.1
0
0.1
2.448
2.548
1.224
3.672
2.548
1.224
0.1
1.224
0
1.224
1.224
0
2.448
1.224
1.724
1.624
0
1.224
0
0
1.224
1.224
1.224
0.1
1.224
1.324
1.224
0
1.624
0
1.224
1.224
1.224
1.224
1.224
1.224
0
1.224
0
1.224
0
0.2
1.224
0
0
1.224
0.2
3.448
0
0
1.924
0
0
2.224
1.424
2.448
0
0.1
0.1
1.224
0
0.5
2.748
2.948
0
0
1.324
2.448
1.424
1.224
1.224
1.224
0
0
2.448
0.1
2.548
1.224
0
1.624
1.224
1.224
0.1
0
1.224
0
1.224
1.224
0.5
2.648
2.448
2.748
2.448
0
0
2.024
0
4.072
1.224
1.324
1.224
0
0
2.548
1.224
1.224
2.448
1.324
1.324
1.324
0
1.224
1.424
2.648
1.424
1.224
1.324
0.2
1.224
2.448
0
2.448
1.224
1.224
0.2
1.224
0
0
0.1
1.224
0.3
0
0.1
2.448
1.224
2.448
2.448
0
0.1
1.224
1.624
0.2
1.324
1.224
1.224
1.224
1.224
1.224
0
0
1.224
0
1.224
1.324
0
0
1.324
1.524
0
1.224
1.224
0
1.224
1.224
0
0.8
1.324
0.1
2.448
0
1.224
1.224
1.224
1.824
0.2
2.548
1.524
1.624
0
1.224
1.224
1.224
1.224
2.548
0
1.324
2.548
0.4
1.224
1.324
1.324
1.224
1.3
4.448
0.2
0.2
0.3
2.448
1.224
1.224
1.224
2.448
0
2.648
0
1.824
2.648
1.224
0
0
1.224
1.224
2.548
1.324
0
2.448
2.448
1.224
1.524
0
1.224
1.224
1.524
1.224
0.2
0.6
2.748
2.448
0
0.2
0
2.448
1.224
0.1
1
1.324
1.224
1.324
1.224
1.224
0
0.1
1.224
1.224
1.424
1.224
1.424
1.224
1.224
2.448
0
0
1.224
1.224
2.648
0
1.424
1.224
1.324
1.224
0
0
1.224
1.224
2.448
0
0
1.324
1.224
1.224
1.224
0
1.224
0
1.224
0
0
0
1.724
1.424
1.224
1.224
0
1.224
0
1.224
0
1.424
1.224
0
3.672
1.924
0.1
0
1.424
2.448
3.672
1.524
0
1.524
1.724
2.448
1.924
0
2.448
1.324
1.324
1.224
1.224
1.224
3.048
2.224
2.548
0
1.224
0
2.448
1.224
0
1.324
3.672
0
1.424
0
2.448
2.448
1.224
1.324
0
0
0
0.1
0
1.224
2.448
2.548
0.1
0
0
0.1
0.2
1.524
1.324
1.224
0.3
0
2.448
0
2.748
1.224
1.524
1.324
2.448
0.1
1.224
0
1.624
2.124
1.224
2.448
0
1.324
3.772
1.224
3.348
0
1.924
1.424
2.748
0
1.624
1.224
0.3
1.524
1.324
1.224
2.448
2.448
2.448
2.448
2.448
1.224
1.224
2.448
2.848
2.448
1.324
0.9
0
1.724
0
0
1.224
1.324
0
0.1
3.148
1.224
1.224
1.224
0.2
0
0
1.324
2.548
1.324
0
0.2
0.2
1.324
3.148
2.748
2.448
2.548
2.448
0.2
2.548
2.448
0
2.648
0
2.448
2.748
2.448
2.548
2.648
1.324
2.748
1.424
2.448
2.448
2.748
0.2
0
1.324
2.324
1.524
1.624
3.672
0
2.448
0.1
1.824
1.324
0
2.448
0
0.7
1.324
0.6
2.136
2.548
1.224
1.824
1.224
0.2
0.1
0.1
1.324
1.524
0.4
1.424
0
1.424
1.324
2.448
2.548
0
1.224
1
1.624
1.524
2.848
1.224
0
1.424
0
0
0
1.224
1.224
1.524
0.2
0.2
0.2
1.224
1.324
0.1
0
1.324
1.224
1.224
4.224
0
1.224
1.424
1.224
0.9
1.224
0
0.1
3.948
2.548
0
0
1.224
1.224
1.224
3.548
2.548
2.024
0.1
1.324
1.224
0.1
1.324
0.2
0.1
1.224
2.624
1.224
1.724
0.2
2.548
3.672
1.224
0.9
1.524
1.324
1.324
0.1
0.2
1.624
2.948
2.748
0
1.224
2.448
1.624
1.224
2.724
1.624
1.224
0
1.624
0.2
2.624
0.3
1.324
1.224
2.024
0.2
0
0
0
0
0.2
2.948
3.672
1.224
0
2.024
1.424
2.648
1.324
0.2
0.3
1.424
2.024
1.324
1.224
1.524
1.724
1.424
1.324
0.1
1.324
2.748
1.324
1.224
0
1.424
1.924
1.224
1.324
2.548
0.1
0
0
1.324
1.224
1.324
0.2
1.224
1.924
0
2.548
0
1.524
1.424
0.1
1.524
2.648
1.924
1.924
1.724
1.224
1.8
1.224
1.224
1.424
3.548
1.724
0.2
1.324
0.8
1.524
0
0
0.2
0.3
1.224
1.624
1.224
1.224
2.448
1.224
1.724
1.524
0
3.772
1.224
1.224
1.524
0.7
1.224
1.924
0.1
1.424
0.1
0.3
3.148
3.148
2.224
2.748
1.724
2.548
1.2
1.224
1.224
2.648
0.1
1.824
1.224
0.1
0.3
1.424
2.424
1.424
1.224
1.224
3.148
1.524
1.424
1.924
0
2.024
0.1
1.224
1.224
0.2
2.448
1.224
1.224
1.224
1.324
0
1.224
1.324
1.224
2.024
1.324
1.824
2.748
1.624
3.148
0.3
0
0
1.224
0.7
1
1.224
0
0.1
0.1
1.424
1.324
0.4
2.024
1.724
1.224
0.1
1.424
1.524
1.624
2.448
0
3.148
1.224
0.6
0.8
0
2.748
2.448
0.1
1.224
3.248
1.224
1.224
1.424
1.224
1.424
1.224
1.224
1.924
3.148
1.824
2.548
1.324
2.648
0.2
1.224
1.524
0
1.424
1.224
1.224
0
0
1.624
1.224
1.824
1.224
1.424
3.148
1.1
3.672
0.5
1.624
0.3
0
1.224
3.748
0.1
1.324
1.224
1.224
0.1
1.324
2.448
2.948
1.324
1.224
1.224
1.424
1.424
1.224
1.424
0
1.224
1.224
1.224
1.924
2.624
1.424
1.424
1.224
0
3.548
2.748
1.324
0
1.324
2.448
0
1.524
0.3
0
1.324
2.548
1.324
1.224
0.3
2.648
1.824
0.1
0.1
0
2.648
0
0
1.524
1.424
1.824
1.324
1.224
0
1.224
1.224
1.824
0.1
2.224
1.224
1.824
0
1.224
0
1.224
1.424
1.424
1.324
1.224
1.224
1.324
2.448
1.224
1.324
3.448
0.2
0
1.524
2.548
0.1
2.548
0
0
1.724
0.1
0.5
0
1.424
1.324
1.924
3.148
2.848
1.224
3.048
1.424
1.724
0
3.048
1.424
2.748
1.224
2.224
2.024
2.624
0
1.224
1.424
2.448
1.624
1.424
1.324
2.224
1.324
0
1.424
0
1.324
0.3
1.624
0
1.224
2.748
1.324
1.224
2.448
3.772
1.324
1.224
4.372
5.248
2.024
0.2
2.748
0
0
1.724
0.3
0.2
1.424
1.324
1.324
0
1.324
2.848
0.3
2.548
0
0.6
0
2.448
0.5
1.324
1.424
0.5
0.4
1.524
2.324
1.824
1.424
1.224
1.224
2.848
0
1.324
1.624
2.848
1.224
0
1.224
1.224
1.724
2.648
0
1.424
1.224
0.1
2.448
0
2.448
0.1
1.224
1.2
0.9
1.324
1.324
1.324
1.224
0.1
1.224
0.1
1.224
2.624
2.848
0.2
1.224
1.224
1.424
1.324
1.224
1.224
1.324
0
0.1
0
0
1.524
1.224
0.7
1.224
0
1.624
1
1.224
1.224
1.524
1.224
1.224
1.224
1.224
0.1
1.424
1.224
0
1.524
3.848
1.324
1.224
1.224
0
1.224
1.324
1.224
1.424
1.624
1.224
0
2.448
3.348
1.524
0.1
1.324
1.224
1.424
0
1.224
0.1
0
1.324
1.224
1.224
1.424
1.224
2.324
2.724
1.624
3.248
0
2.448
1.324
1.224
0.1
1.224
1.324
2.448
0.1
1.224
0.4
0
0.3
2.124
2.548
1.224
1.924
2.224
1.724
1.724
1.224
0
1.324
0.3
1.724
3.048
1.624
1.424
1.224
0
1.324
1.624
1.324
1.524
1.324
1.224
1.424
1.624
2.948
1.824
3.948
1.324
4.172
1.524
1.224
2.448
0
2.848
0
0
1.324
1.224
1.224
1.224
1.224
1.324
0.1
0.1
1.224
1.224
0
1.224
1.324
1.224
1.524
2.724
0.1
0.4
0
0.2
2.424
1.224
0
0
3.948
1.324
0.1
1.324
1.724
2.548
1.424
0
1.724
0.2
0.3
3.248
2.724
0
0.3
0.1
2.124
1.424
1.224
1.324
0.1
1.424
2.648
1.424
0.4
1.324
0
0
1.424
2.448
1.224
1.324
1.724
1.624
2.548
2.448
2.5
2.848
2.848
1.424
0.2
0.6
1
1.2
1.224
3.348
1.424
0
1.424
1.624
0.4
1.524
0.3
1.624
0
2.648
1.824
3.224
2.448
1.524
1.324
0.1
3.748
1.224
3.548
1.224
1.424
1.224
1.824
1.424
1.824
1.224
1.324
2.948
1.924
1.324
0.4
1.324
0.1
1.524
1.224
1.424
4.672
2.748
1.224
1.424
1.424
2.448
2.648
1.324
3.848
2.448
1.324
3.148
2.224
1.224
1.324
1.224
2.748
1.924
0.2
1.424
2.648
2.324
0
1.524
1.524
1.824
0
1.224
1.224
2.024
2.624
1.424
3.048
2.024
3.76
3.86
1.936
4.76
1.836
4.684
1.224
3.148
1.324
1.424
0
2.448
0
4.684
0
1.324
1.324
0
2.124
1.224
2.448
1.224
1.524
0
1.2
0
3.672
1.224
0
0
0
1.224
0
0.2
2.548
0
0
0
3.772
0.1
1.224
1.3
1.224
1.224
1.224
1.924
1.624
1.724
1.724
1.224
2.024
2.648
1.224
1.224
1.224
1.224
0
0.2
0
1.324
1.224
0
1.224
0
1.224
0
2.448
0.5
1.324
1.324
1.424
1.424
0
0.1
1.224
0.1
2.448
0
1.224
1.624
1.224
2.548
1.224
0
1.224
1.224
0.1
1.824
1.224
3.672
2.848
1.224
0
2.448
0.2
2.448
2.548
1.324
1.324
1.224
1.624
2.448
1.224
2.448
0
1.224
0.1
1.224
0
1.224
1.224
0
0.1
3.724
1.324
1.324
3.248
0.8
2.648
