0.1
1.224
2.848
5.708
2.548
0
1.224
4.284
0
1.224
1.224
0
0.1
1.624
1.524
3.06
0
2.448
2.448
2.548
0
0
1.224
2.448
3.16
2.448
2.648
2.448
3.672
2.548
4.284
1.224
0.6
0
0
1.936
1.836
0
0
0.1
0
0.4
1.836
0
0
0
0
0.2
0
0
0.1
0
0
0
0
3.06
0
0
0
0.1
0.6
0.1
0
2.548
0
0
0
0
0
0.2
0.1
0
0
0
0.1
1.324
1.836
1.324
0
0
1.424
0
0
0
0
0
0
0
1.224
2.648
0
1.324
0
0
0
1.836
1.936
0
2.548
4.284
0
0
0.1
0
4.896
0
0
0.3
0.2
0
0.1
0
0
0
0
0
0
1.224
0
0
0.7
0
2.448
0.3
0.1
0
0
0
0
0.1
0.2
0
0.1
0
0
0.1
0
0.1
0.1
0.2
1.224
2.448
0
0.1
0
0.1
0
0
0
0
0
0.2
0
0
0.1
0.1
0
0
0
0
0
0
0
0
0
0
3.06
0
0
3.448
0
0.1
0
0
0
3.06
0
0
0
0.1
0
0
1.224
1.224
0
1.224
0.1
0
0.1
1.324
1.324
0.2
0.1
0.1
0.1
0
0
0.1
1.224
1.624
0.2
3.06
0
0.3
0.8
0
0.1
0.3
1.424
1.224
1.224
0
3.248
0
0
0.7
0.1
1.824
0
0
0.1
1.224
1.424
2.448
2.448
1.324
1.224
1.224
2.548
1.224
4.172
3.672
0
1.936
3.16
0
1.824
0.3
0
0.1
1.836
0.6
1.936
1.224
0
1.224
1.224
3.06
0
3.86
0
0
0
0
1.224
0
0
0
2.648
0.1
3.16
0
1.224
0.1
1.224
0
1.224
1.224
0
1.224
0
0.1
0
1.424
0.2
0.1
1.424
0
0
0
4.284
1.224
2.548
3.672
2.548
0.1
0.1
0
0.1
0
0
2.548
0
0.3
1.324
0
1.224
0
0
0
2.448
0.1
0.1
1.224
1.224
0
0.2
0.1
2.448
0.1
3.16
0
0
2.448
2.448
1.324
0
0
3.06
0
0
1.324
0.1
0.2
0
0
0
1.224
1.224
0
2.648
4.284
1.224
3.26
3.06
0
0
1.224
0.1
1.224
0
0
2.336
0.1
0.2
2.036
0
3.16
1.836
0
0
0
0.4
0.7
2.448
1.836
1.836
0
2.448
0.1
0.1
3.06
0
0
0
1.324
3.06
1.224
3.36
1.324
1.224
0.1
3.16
3.16
2.448
0
1.424
1.224
1.224
1.224
2.548
2.848
4.284
0
5.508
1.224
2.548
1.324
1.224
3.06
2.448
3.772
6.108
2.448
5.608
0
0
1.224
1.224
3.672
2.448
4.484
1.224
1.224
1.224
1.224
2.548
2.448
3.16
2.448
2.948
1.424
2.648
1.224
3.772
1.224
1.224
3.672
2.448
1.224
1.224
3.772
1.324
3.772
1.224
3.16
3.672
1.324
3.56
4.284
5.508
1.224
3.16
3.36
4.784
3.872
1.224
1.424
1.624
3.772
5.508
3.972
3.672
2.448
3.672
4.284
4.284
1.224
3.06
1.324
3.772
1.324
3.672
1.424
1.224
1.424
2.548
2.448
3.16
6.108
1.224
1.324
1.424
3.76
5.508
1.324
1.324
1.724
1.224
3.672
1.424
1.524
1.224
4.284
3.872
1.624
3.672
2.448
1.224
2.548
1.224
2.448
1.224
1.224
3.672
1.224
2.448
5.608
5.908
1.224
1.224
2.448
4.584
4.484
1.224
1.224
3.672
1.324
2.448
2.448
2.648
1.424
3.36
1.224
4.284
1.224
4.384
4.584
3.772
1.224
1.224
2.748
2.548
1.224
2.448
4.284
3.672
1.424
5.608
1.224
1.724
1.324
1.224
3.06
3.772
2.748
3.56
1.224
2.448
1.224
2.448
2.448
2.448
1.224
1.224
2.448
1.224
1.224
1.324
1.324
3.772
1.324
3.672
1.224
9.944
1.324
4.384
4.372
1.224
1.224
1.224
2.548
4.484
1.324
1.224
3.06
1.324
2.548
1.224
1.224
3.872
1.324
1.224
1.224
1.424
1.224
1.624
3.26
1.324
3.772
2.448
2.848
1.224
5.508
1.224
1.224
2.448
1.224
1.424
1.624
1.524
2.448
1.224
2.448
1.224
1.224
2.448
1.324
3.672
3.16
2.548
3.772
1.224
3.26
1.324
1.224
1.324
1.324
1.224
2.448
1.324
3.672
3.972
2.448
2.448
3.672
3.972
1.224
5.508
5.508
1.224
2.548
3.46
2.448
2.448
3.36
1.224
3.06
1.524
3.872
4.284
3.672
3.16
1.424
3.06
3.672
5.608
4.384
2.548
3.06
6.22
3.16
3.16
3.06
1.224
2.548
4.484
4.284
3.06
3.06
3.772
4.384
2.448
1.224
3.06
2.448
1.324
3.66
3.672
4.484
1.224
1.224
1.224
3.26
1.224
2.448
2.448
4.284
3.672
2.548
2.948
3.06
2.448
3.06
1.224
1.224
1.224
4.484
2.448
1.224
2.448
1.224
2.548
2.648
4.784
1.224
3.672
2.448
4.484
2.748
3.16
5.608
4.684
1.224
4.284
3.672
1.224
3.872
3.06
2.448
2.448
3.16
2.448
2.548
1.224
3.26
3.672
3.16
1.224
2.448
2.448
3.16
5.908
2.448
2.448
1.224
1.224
1.324
3.06
1.224
5.608
1.224
2.448
3.672
1.224
1.224
3.772
2.548
2.548
3.672
2.448
2.448
3.06
1.324
1.224
3.06
3.06
2.448
5.508
2.448
2.748
1.224
3.26
4.284
3.672
4.384
1.224
4.384
3.06
5.508
2.548
3.16
1.324
2.548
1.224
2.648
3.672
3.06
3.16
1.224
1.224
3.26
2.448
1.224
2.448
1.224
2.448
3.148
2.648
2.548
1.424
2.748
2.548
1.224
1.224
1.224
1.224
3.672
1.224
2.448
1.324
2.648
1.224
3.672
2.448
1.224
2.548
3.672
2.448
1.224
4.284
4.284
4.384
1.224
2.448
4.384
1.224
3.772
3.16
4.172
2.848
1.224
4.284
3.672
2.648
3.06
2.548
1.224
4.284
2.948
3.672
1.224
4.284
1.224
3.06
1.224
2.448
1.224
5.708
2.448
1.224
2.548
4.284
5.508
2.548
3.672
2.548
1.224
2.448
1.424
3.672
2.548
5.508
3.16
2.448
2.648
1.224
1.224
1.224
3.672
1.224
1.224
3.26
4.284
4.284
4.384
2.448
1.224
2.448
1.224
3.16
1.224
3.672
2.448
2.548
1.224
2.448
2.448
1.224
3.772
1.224
2.448
2.848
2.448
3.06
2.448
2.948
1.324
1.324
1.224
1.224
1.324
1.324
3.972
1.424
1.424
1.224
2.548
1.224
2.448
2.448
3.672
2.548
4.384
1.224
4.684
3.46
3.16
1.224
4.284
3.672
3.06
1.724
2.548
1.324
3.16
4.284
1.224
3.672
3.06
4.384
3.672
3.26
3.06
3.672
2.448
2.548
1.224
1.324
1.224
1.324
3.06
2.448
1.224
1.224
3.872
3.16
1.324
1.224
2.548
4.284
1.224
1.224
1.224
3.672
1.524
2.648
1.224
2.448
1.324
3.672
5.608
6.108
1.224
2.448
5.508
4.284
1.524
2.448
2.848
2.548
4.172
2.548
1.324
1.224
5.608
2.448
3.772
2.448
3.672
5.508
1.224
1.224
1.224
4.284
1.224
2.548
1.224
4.384
4.384
4.284
2.448
2.448
2.448
2.548
1.224
1.224
1.224
4.384
3.672
4.684
1.624
5.808
3.672
2.448
3.872
3.672
2.448
3.06
1.324
3.16
3.672
3.672
3.772
2.548
1.324
1.224
1.224
1.224
1.224
2.648
1.324
3.06
1.224
2.448
1.224
2.448
2.648
1.224
1.224
2.548
2.448
4.384
1.324
3.06
3.16
2.448
3.56
3.06
1.224
1.524
1.224
2.036
1.224
2.448
0.1
0.2
0
3.06
0
0
3.672
2.024
0
0.2
0
1.224
3.06
0.3
1.224
1.936
1.836
0.1
0.1
0
0.1
0
0
0.1
0
0
0
2.448
0
2.648
0
0.1
0
0
0
0.2
0
3.06
1.224
0
0.1
1.324
2.948
0.1
2.036
0
1.224
1.224
1.224
0
0.1
0.1
0.8
0
0
0.1
0
1.724
1.324
1.224
0
0.1
0
0
3.16
0
0.1
1.224
0.2
0
0.2
0
0
1.224
0.1
0
0
1.224
0.1
0
0.1
0.1
1.224
0.1
1.224
0
0
1.224
0
0
1.224
0
1.224
0
0
2.448
0
0
1.324
0
0.3
1.224
0
0
0.2
3.06
0.6
0
0
1.324
0
0
0
0
0
0
0.1
0
0
0
1.224
0.3
0
0
0
0
0.1
0
0
0
0
0
0
0
0
0.2
0
0
0
0
1.224
0.1
1.224
1.424
0
0
0
0
0
0
0
0
1.224
0
0.4
0
0
0
0.2
0
2.448
0.2
0
0
0.2
0
0
0.1
0
0
0
0
0.2
1.224
0.1
1.624
0
1.224
2.448
1.224
1.836
0.3
1.324
0
0
1.224
1.224
0.2
0.1
0
0
0
0
0
1.424
0
0.3
1.224
0.1
0
0
0
0
0
1.224
0
0
0.8
0
0
0
0
0
0
0
0.1
0.2
0
0.1
0
0
0
0
0.1
0.4
0
1.424
1.224
0
0
0
0.1
0
0
0.1
0
1.324
0
0
0
0.2
0
0.2
0
0.1
0.2
1.324
1.224
3.06
0
0.6
1.624
1.224
0
0.3
1.224
0
0
0
0.1
1.224
0
0
0
0.1
0
0
0
0.1
0
0
0.5
1.224
0.1
0
0
0.2
0.1
0
1.224
0
0.1
0
0
0
0.1
0.1
0
0
0
0.1
0
0
1.224
1.224
0
0
0
1.224
0
0.1
0.1
0.3
0
0
1.424
1.524
1.224
0
0
0
0
0
0.4
1.324
1.324
0
3.06
0
0
0
0
0
0.1
0
0.1
0
0
0
2.448
0.1
0
0
0.1
0
0.1
0.1
0
0
0
0.1
0
0.2
0
0
1.324
0
0.1
3.06
0
0.1
0
1.224
1.224
0
0
0
1.324
1.224
1.224
0
0
1.324
0.1
0
0.1
0.1
1.224
0
0
0.2
0.1
0
0.1
0.1
0
0
0
0
1.324
2.448
0
0
0
1.224
0
0
0.1
1.224
1.224
0.1
0
0
0
0
0
1.224
0
0
1.836
3.06
0
1.224
0.1
0.1
0
0
0
1.836
0
0
1.224
1.224
0.1
0
0.3
0.1
0.2
1.224
0
1.324
0
1.324
0
0
0
0
0
0
0
0
1.224
0
0
0
0
0.1
0
0
0.1
0
1.224
0
1.524
0
0.1
1.424
0
0
0.1
1.936
1.836
1.224
0
1.324
1.224
0
0.1
1.224
0
3.06
0
0.1
0
0.5
0
0
0.1
0
0
0
0.1
0
0
0
0
0
0.1
1.424
0
0
1.324
0
0
0
0
0
0.1
0
0
0
0
0
0
0.1
0.2
0.1
0
0
1.324
0
0
0
0
0
0.1
0
0
0.1
0
0
0
0.1
0
0.1
0
0
1.324
0
1.324
0
0.1
0
0
0.2
1.524
0
0
0
0
0
0
1.224
1.836
1.324
1.224
0
0
1.624
0
0
0
0
1.224
0
0.1
0.1
1.224
0
0
1.224
0.1
0.1
2.448
0
0
1.224
0
0
1.224
0
0
0
0
0.1
0
0.3
2.436
1.224
0
1.224
0
0
0
1.224
0
0
0
1.224
0
1.324
0
0
0.1
1.224
0.1
0.1
0
1.324
0.1
0
1.224
0
0
0
1.224
0.1
0
0.1
0
0.1
0.2
0.1
0.1
0
1.224
0
0.1
0
0.2
0.2
0
0
0
1.224
0
0
1.224
2.448
1.224
0
0
1.224
1.224
0
0
0
1.224
0
0
1.836
0
0
1.324
0.1
0.4
0
0
1.224
0.1
0.3
1.224
0
0.1
1.624
0
1.836
1.324
0
0
0.2
0
0.2
0
1.224
1.224
0
1.224
2.548
0
0.3
1.224
0
0
3.06
0
1.324
0
0.1
1.424
1.224
1.224
1.936
0
0
0
0.1
0
0
0
1.724
0
0
0
2.448
0.1
1.824
1.424
0
0
0
0
1.424
0
0.3
0.2
0.1
1.936
0
0
0
1.824
0
0
0
0
0
0
0
0.1
0
0
1.424
0
0.1
0
0
0.1
1.324
0.1
0
0
0.2
0
0
0
0.1
0.1
0.1
0.2
0
0.1
0
0
0.2
0
0
0
0.1
0
0
0
0
0.2
1.224
0
0.2
1.724
3.06
0.1
0
0
0.1
0.1
0
0.4
0
0
0
0.1
0.1
0.1
0
0.2
1.836
0
1.324
1.424
3.06
1.324
0
0
1.224
0
1.224
0
0
2.648
1.224
0
0
1.324
0.1
0
0.4
1.424
0.1
0
0
0
5.508
0
0
2.548
1.836
2.448
0
2.448
2.036
1.224
0
4.472
3.16
0
1.836
1.924
2.236
0.4
0.2
0
0.3
1.224
2.548
0.1
0
1.836
3.06
3.26
4.896
0
0
2.448
0.1
2.548
1.836
1.224
1.224
0.1
1.724
1.224
2.848
2.036
1.224
3.16
2.648
0
0
1.224
0
2.848
1.324
1.224
0
3.06
1.224
0
0
4.584
2.448
0.2
0.3
0
0
0
1.836
2.448
2.448
1.224
4.284
1.324
2.448
2.548
1.224
2.448
3.672
2.448
0.1
2.448
4.284
0.1
0
0
0
0.9
0.2
0
1.924
2.748
1.424
