1
0.4
5.072
4.684
3.872
0.1
0.3
1.224
0
0
0
1.224
0
0.7
0.5
0
0
1.224
1.224
1.224
1.424
1.324
1.224
1.224
2.036
1.224
1.324
2.448
3.672
2.548
1.224
2.448
1.7
0.1
0.2
0.5
0
0
0
0.3
0.1
3.024
0
0
0.1
1.224
0.4
0.4
0.2
1.324
1.324
0
1.724
0
0
1.224
0
0.1
0
2.124
1.4
0
0.1
1.924
0.3
0
0
0
1.524
0.9
0.8
2.124
0.3
0.1
2.624
0.3
0
0.4
0
0
3.548
0.2
1.324
0
0
0
0
0
1.224
2.324
0.2
1.224
0.2
0
0
1.524
1.324
0
1.224
1.224
0
0.6
0.8
0
3.06
0.1
0
0.7
0.1
0.2
0.4
0
0
1.224
0.1
0.4
0.2
1.224
0
0
2.5
0.1
1.324
0.3
0
0
0
1.224
0
1.824
0.4
0
0.1
0.1
1.724
0.7
1.424
1.324
1.624
0.8
0
1.724
0
1.424
0.1
0
1.324
0.2
0.2
0
1.224
0
0
0.1
0.7
0.2
0.4
0.1
0.7
0
0.2
0
0
0
0.3
0
1.324
0
0
3.524
0.2
0.3
1.224
0.1
1.224
3.448
0
0
1.224
0.3
0.3
2.224
0
2.548
0.5
3.548
2.124
1.324
0.1
2.548
0.5
1.224
0.1
1.824
1.324
1.924
1.224
0.1
1.224
1.424
0.4
1.224
0
0.4
2.1
0
0
1.624
2.748
1.424
2.448
0
2.024
0
0
2.1
0
0.9
0
0
0
2.648
3.948
3.772
3.672
2.848
2.448
2.448
4.372
2.448
4.072
3.672
1.324
1.836
4.384
0
4.648
1.224
0
1.424
1.836
2.224
3.36
1.224
0
1.324
0
1.224
1.224
2.736
0
0.2
0
0
1.224
1.224
0
0.1
2.548
1.724
4.484
0
0
0.3
2.448
0
0.1
2.448
0
2.448
0
0.1
0
2.448
0.4
0.1
2.448
0.1
1.324
0
2.448
1.224
5.072
3.672
4.072
0
1.224
1.224
1.524
1.224
1.224
3.772
0
0.4
0
0
1.224
0
0
0
1.224
0
0.4
0.2
0
0
0.3
0.3
1.224
0.5
3.16
0
1.224
1.224
1.224
2.548
0
1.224
0
1.224
0
0
0.2
0.5
0.4
0
0.1
1.224
0
0
1.824
1.324
1.224
3.26
3.06
0
0
0.1
1.2
0
0
1.324
1.4
0.1
0.4
3.66
1.224
4.384
0.4
0
1.224
0.1
1.1
2.9
1.224
2.036
0
0.1
1.224
1.424
1.424
0
1.224
1.224
1.224
0.1
3.06
2.448
1.936
2.448
2.448
1.224
3.06
3.06
1.224
0
1.824
0
0
0.1
2.448
3.148
2.448
0
2.448
1.324
3.772
2.748
1.324
3.06
1.224
3.872
5.584
2.448
4.684
1.224
0
1.224
1.224
2.448
3.672
5.908
1.224
2.548
2.448
2.448
3.772
3.672
4.484
3.672
2.124
2.948
2.448
1.224
2.548
1.224
1.524
2.448
2.648
1.224
2.548
3.872
2.948
3.448
1.324
4.684
2.448
2.548
4.484
6.108
4.284
1.224
4.384
3.46
6.108
2.948
1.424
1.724
2.648
2.548
5.508
2.448
2.448
2.648
2.548
5.608
2.448
2.448
4.484
2.748
2.448
1.224
2.448
2.848
1.224
1.224
1.424
2.648
3.16
6.308
2.748
2.648
2.448
3.26
5.708
1.324
1.324
4.248
1.724
2.448
3.748
2.024
1.224
4.384
3.872
2.848
2.548
2.448
1.824
3.048
2.448
1.224
1.224
1.224
2.648
1.324
3.772
4.384
2.448
2.448
1.224
2.448
5.908
5.608
1.324
1.224
2.448
2.448
4.972
3.672
1.224
3.148
3.66
1.224
3.16
2.548
5.708
4.884
2.448
1.224
1.324
3.972
3.772
2.548
3.672
5.508
2.548
2.648
5.508
1.224
1.924
2.448
1.224
4.284
2.448
4.072
5.484
2.448
2.448
1.224
3.772
4.172
4.572
2.548
1.224
3.872
1.324
1.224
2.648
1.624
2.848
2.448
2.548
1.424
4.384
2.848
13.408
4.272
2.448
1.224
1.224
1.324
5.708
2.548
1.224
3.26
2.448
3.972
2.548
1.224
2.448
1.224
1.224
1.224
1.324
2.448
2.124
4.984
2.548
3.772
2.448
1.424
2.448
4.284
2.448
1.224
2.448
2.448
2.448
1.924
2.548
2.548
2.548
1.224
1.224
2.648
3.672
1.224
2.548
4.284
2.848
3.672
1.224
3.56
1.224
1.224
2.548
2.648
1.224
3.672
1.224
2.448
2.448
1.224
3.672
2.448
3.148
2.548
2.448
2.448
1.224
2.548
4.684
1.224
1.224
3.56
1.224
3.06
2.524
4.172
3.772
2.448
3.06
1.224
4.584
2.448
4.384
5.808
4.172
3.06
3.06
4.584
3.06
4.484
2.448
2.448
5.708
2.548
3.06
4.284
2.548
5.808
1.324
1.224
4.784
2.448
1.224
3.66
2.448
4.484
1.324
1.224
1.324
3.26
2.448
3.672
2.748
5.608
2.448
1.424
4.172
3.06
4.372
4.284
1.224
2.448
1.224
4.284
3.772
1.224
3.672
2.448
3.872
3.672
4.584
1.224
3.672
2.748
4.584
3.772
3.06
4.284
3.348
1.224
5.508
2.548
2.448
3.672
4.284
1.324
3.972
3.06
2.448
2.548
2.448
3.26
2.448
1.524
2.448
3.772
3.672
4.384
2.448
2.448
3.672
1.324
1.224
3.048
4.584
1.224
5.508
1.224
3.672
2.448
1.224
1.224
2.448
3.872
2.448
2.448
1.224
3.872
4.484
1.224
1.224
3.16
1.224
2.448
5.508
2.448
2.224
2.448
3.06
5.508
2.448
5.508
2.448
5.508
5.184
2.648
3.872
3.16
3.148
2.748
2.448
3.872
3.672
4.384
4.284
1.224
1.524
4.284
3.048
2.448
3.672
2.448
3.672
2.624
5.972
1.224
1.324
1.424
3.772
2.448
1.324
2.548
2.448
2.448
2.648
2.448
2.948
3.672
1.224
2.448
2.448
1.224
3.672
3.872
3.672
1.224
4.284
4.284
3.672
1.224
2.448
5.508
2.448
2.848
1.224
2.548
2.948
2.648
5.808
2.448
2.448
3.16
3.772
1.224
2.748
2.848
3.672
1.224
4.284
2.448
2.448
1.224
2.548
1.224
5.808
3.972
1.224
4.572
5.508
5.508
3.972
2.448
2.448
2.448
3.672
2.748
2.448
3.872
5.508
3.06
3.672
1.224
1.224
1.224
1.224
3.672
1.224
1.324
4.384
5.508
1.324
5.708
1.224
1.324
1.224
1.224
3.16
1.224
2.448
4.172
4.072
2.448
3.672
2.448
1.224
2.448
2.548
2.448
4.172
3.672
3.06
3.872
5.972
1.224
1.224
2.448
2.448
2.548
2.748
2.448
2.748
1.924
1.224
4.572
1.224
3.672
3.672
2.548
3.872
5.608
2.448
6.208
3.86
3.06
1.224
5.508
2.448
4.284
2.548
2.548
2.448
4.284
2.448
1.324
2.448
4.384
3.872
3.672
1.424
3.06
2.448
2.448
1.224
1.224
2.548
1.324
1.224
3.16
2.448
1.324
1.224
3.448
4.384
2.748
1.224
1.524
4.284
2.448
1.224
2.848
3.672
1.524
4.172
2.548
1.224
1.324
2.448
6.108
6.708
2.648
3.672
4.284
3.772
2.648
3.672
4.572
2.448
5.272
4.472
2.548
1.324
5.808
3.672
2.948
3.772
3.772
3.872
2.448
2.448
2.448
5.708
2.548
3.672
2.448
5.708
5.608
5.608
3.872
3.048
2.448
5.072
1.224
1.324
1.224
3.06
2.548
4.484
3.648
5.608
4.172
3.672
2.948
2.448
2.448
4.384
2.448
4.484
2.448
3.048
2.748
3.672
3.248
2.548
2.548
2.448
2.548
2.648
2.448
4.284
1.224
4.172
1.224
3.872
4.072
2.448
2.448
3.972
3.672
4.072
2.748
3.06
3.06
3.872
3.56
1.224
2.448
4.148
3.048
1.936
1.224
1.224
1.224
0.2
1.624
4.484
0
1.224
1.836
0.8
0
0.6
0
2.448
4.284
1.524
2.448
0.1
0
0
1.324
0
0.4
1.524
0
0
1.224
0
0.1
1.224
0
2.024
1.224
0.5
1.424
0
0
1.224
0
0
0
1.224
1.224
0
1.524
0
2.236
1.224
0
0
1.224
1.224
1.324
1.424
4.424
0
1.324
0.1
1.524
0.5
1.424
0
0
1.524
1.424
0
1.936
0
1.224
2.448
2.624
1.524
0.9
0.2
0
0.2
0
0.2
0
1.324
1.324
0.6
1.224
1.524
0
1.624
1.324
1.324
0.1
3.248
1.224
1.424
0
0
2.648
1.724
1.824
1.224
1.224
1.224
0
0
2.924
1.424
1.224
0
1.324
1.836
2.924
0.2
1.324
2.548
0.4
0.3
0
0.1
0.2
0.4
0.4
2.024
1.224
1.224
0
1.924
1.224
1.224
1.224
0
0.3
1.424
0.7
1.424
1.224
1.624
1.424
1.424
1.224
0.5
1.224
1.624
0.1
1.324
1.224
0.2
0.1
0.2
1.524
1.524
0.1
0
0.1
1.224
0
1.324
1.324
1.224
0.6
0
1.224
0
0.2
1.324
1.424
1.724
1.324
1.724
1.924
0.4
1.224
1.2
0
0.1
1.324
2.124
1.424
1.624
1.324
1.2
0.2
0
1.224
0.1
1.936
0.3
0.5
1.224
1.224
1.224
0
1.224
1.524
0
1.224
1.224
0
1.524
0.5
1.224
1
0
1.824
0
0.6
1.724
1.724
1.624
2.748
1.424
1.324
1.6
1.224
0
1.324
0
1.724
1.224
0.1
0.3
0.1
0.7
0
0
1.224
1.424
1.324
1.224
1.824
0
2.848
1.324
1.224
1.224
0
1.224
1.224
0
0.1
1.224
0
1.224
1.324
1.424
2.124
1.324
0.2
1.724
0.3
1.824
0.1
0
0
1.224
1.6
0.4
0
0
0.1
0
1.324
1.224
0
1.724
2.848
0
0.2
0.1
0.2
0.4
1.324
0
1.624
0.1
0.5
1
1.224
1.424
1.224
0
1.324
1.924
1.224
2.448
1.324
0.3
1.324
1.224
1.324
2.524
1.524
1.924
1.224
1.324
1.324
0
1.224
0.3
0
1.324
1.224
1.324
1.924
0
0
0.1
0.9
0
0.2
1.824
0.6
1.224
0.4
1.524
0.1
0
1.224
2.724
0.2
0
0
2.548
0.2
1.224
1.224
2.024
0.1
1.324
0
1.424
0
1.224
0.4
1.224
1.224
1.324
1.324
1.624
0.7
1.524
0.3
0
0
1.624
1.424
1.424
0.3
1.224
1.224
1.424
0.4
0.8
0
0
1.224
1.424
0.1
0.3
1.524
0.5
0.1
0
0.1
2.448
0
0
2.748
1.324
2.024
1.224
0
1.224
1.224
1.224
1.524
0.1
0.4
1.224
1
0
1.224
0
1.324
1.524
2.548
0
1.224
1.224
2.448
1.224
1.224
0.3
3.448
0
0.1
1.724
1.324
0.1
1.224
0
1.224
0.5
0
1.836
1.224
1.524
0
1.624
1.624
1.624
0
1.424
2.336
0.8
0
3.048
0.2
1.424
1.224
1.3
1.924
0.9
0
0.1
2.648
1.224
0.5
0
1.224
1.424
0
0.3
1.224
0
0.3
0
0.1
0
1.424
1.224
0.1
0
1.224
1.524
1.224
0
1.624
3.724
2.524
0.4
1.424
0
0
1.624
0.3
0.4
2.848
1.324
2.548
0
1.724
1.424
0.2
1.524
1.324
0.8
0
1.324
0.5
0.3
1.224
0.4
0.2
1.324
0.6
1.724
0.1
1.424
1.224
1.624
0
1.224
2.848
1.824
1.224
1.324
1.224
0
1.424
1.524
0.1
1.224
0
0.2
1.224
0
1.224
0
0
0.7
0.9
1.324
0
0.1
1.224
0
1.324
0
1.224
1.1
1.524
0.1
0
1.224
0.1
0.2
1.324
0
1.624
0.3
0
0
0
0.1
1.224
1.5
0
0
1.324
0.3
1.324
0
0.4
1.324
0.1
1.224
2.548
1.836
0
0
0
1.324
1.824
1.224
0
1.224
0
2.448
0.3
1.224
1.324
2.848
1.224
0
1.224
1.724
1.424
1.224
0.1
1.224
3.148
0
0
1.424
0.1
0
1.224
1.424
0.6
1.224
1.1
2.224
0.1
1.624
0
1.224
1.224
0.4
0
1.324
1.524
1.224
0
1.224
0.2
0
0.2
1.624
1.324
0
1.1
1.224
3.148
0.2
1.224
0
0
0.2
1.624
3.148
1.624
1.424
1.224
0
0
0.1
0.1
2.224
0
0
0.1
0.5
1.424
2.024
1.824
1.324
1.524
1.824
2.448
1.224
0
2.748
1.224
0
0
0
2.448
2.448
0
1.424
0.1
0
1.224
1.224
0.1
1.324
0
2.448
0.1
1.9
0.1
0.3
0.1
0.3
2.224
2.448
0
0
3.648
1.224
1.836
2.848
1.924
1.324
0.2
0.2
0.2
0.2
0.3
3.848
0.3
0.1
1.524
0
0.7
2.548
0
1.324
0
1.924
1.524
1.324
0.4
0.1
0
0
1.424
1.224
0
1.424
0.2
1.624
1.224
1.224
2.9
1.424
1.324
0.1
1.224
1.3
2.024
0.9
0
2.124
1.324
0
1.524
0.2
0.2
0.5
0.2
3.46
0.1
1.224
1.524
4.248
1.324
1.324
1.224
0
1.624
0
1.824
1.224
0.1
1.324
2.648
1.224
1.924
0
1.324
1.924
0.8
1.324
0.2
1.424
0.2
1.324
0
0
3.024
1.824
0
0.2
0.2
1.224
1.424
1.224
2.224
1.324
1.424
1.524
1.2
0
0
1.224
1.524
1.724
1.224
0.1
1.524
0.9
1.224
0.3
1.324
0.3
0.1
1.324
0
2.524
1.924
1.424
1.724
1.924
1.924
2.224
0.1
2.524
0
1.724
2.648
3.648
4.384
2.548
0.1
1.324
0.1
1.524
0
0
0
1.324
0.5
0
1.224
0
0.5
0
1.6
0.1
1.224
0
0
0
4.384
0
0
1.424
3.46
1.424
0
1.224
3.06
0
0
4.448
1.424
1.224
1.836
2.224
3.66
1.3
1.824
0
1.9
3.248
2.448
0.1
1.224
3.06
1.936
2.236
1.224
0
0.1
1.224
0.2
1.224
1.836
1.224
2.448
0.3
0
2.548
1.524
3.16
1.224
1.224
1.224
0
0
1.224
0
1.624
2.448
2.748
0.1
1.224
1.224
1.224
0.1
5.084
2.548
1.824
1.924
0
0
1.224
1.836
3.772
3.672
2.648
5.608
1.324
2.648
3.972
2.648
3.672
2.448
4.272
0.2
2.448
3.06
1.224
0
0
0.3
1.7
0.5
0.1
1.524
1.724
1.324
