0.4
1.424
5.272
4.272
3.772
1.836
1.224
2.448
0.1
1.224
1.224
1.224
0
2.324
1.824
1.224
0
2.448
2.448
2.548
3.06
3.26
1.224
2.448
1.424
2.448
2.648
2.548
4.896
2.548
2.448
2.448
1.4
0.1
0.1
0.1
0
0
0
0.2
0
4.06
0
0
0.1
1.224
0
0.4
0.1
1.224
1.424
0
1.324
0
0
1.224
0.1
0.1
0
1.924
0.7
0.3
0
2.748
1.936
0.1
0
0
1.424
0.3
0.4
1.624
0.2
1.836
3.96
1.524
0
1.424
0
0
2.948
0
1.224
0
0
0
0
0
1.224
2.848
0
1.424
0
0
0
1.224
1.224
0
2.548
2.548
0
0.3
0.5
0
1.224
0
0
0.6
0.1
0.2
0.2
0
0
1.224
0
2.336
0
1.324
0
0
2
0
2.448
0.6
0.1
0
0.1
1.224
0
1.624
0.2
0
0.1
0.1
3.16
0
1.224
1.424
1.424
0.5
1.224
2.548
0
1.424
0
0
1.224
0
0.1
0
1.224
0.3
0.1
0
0.3
0.1
0.3
0
0.4
0.1
0.1
0
0
0
0.2
0
1.324
0
0
4.148
0
0.2
1.224
0.1
1.224
3.248
0
0
3.06
0.3
0.2
1.624
1.224
2.548
0.1
2.548
1.624
1.324
0
2.448
1.424
1.424
0.3
1.724
1.324
1.324
1.224
0.3
1.224
1.624
2.236
1.224
0
0.3
1.3
0.1
0
1.624
2.848
1.224
2.448
0.1
3.248
0
1.836
1.2
0
4.26
0
1.836
0
2.448
3.648
3.872
3.672
2.848
2.448
2.448
4.172
2.448
5.396
4.896
1.224
1.836
2.748
0.1
3.648
3.16
1.836
1.424
1.836
2.124
3.26
1.224
0
1.224
1.224
1.224
1.224
2.424
0
0
0
0
1.224
1.224
1.836
0.2
3.972
1.624
2.448
0
1.424
0
2.448
0
1.824
2.448
0
2.448
0
0.1
0
2.548
0.6
0.1
2.548
0
1.224
0
2.448
1.224
4.372
4.896
3.872
0
1.224
1.224
1.224
3.06
3.16
3.672
0
0.5
1.224
0
1.224
0.2
0.2
0.1
2.548
0.1
0.2
1.524
1.424
0
0.3
0.3
2.448
0.2
1.524
0
1.324
2.448
2.448
2.548
0
1.224
1.224
1.224
0.1
1.224
0.2
0.4
0
0
0.1
1.224
1.224
0
3.348
2.648
1.224
4.384
4.384
0
0
1.224
0.7
1.224
0
1.224
1.1
0.1
0.1
1.824
1.324
2.748
0.1
0
1.424
0
0.8
1.7
2.448
2.036
0
0
2.448
1.624
1.324
1.224
1.224
1.224
1.224
1.524
1.324
2.448
3.26
2.448
2.448
1.224
1.324
2.548
2.448
0
1.824
1.324
1.224
1.324
3.772
4.572
2.448
0
3.672
1.324
3.672
2.748
1.324
1.224
2.448
5.096
4.872
2.448
4.172
1.224
1.936
1.224
1.224
3.672
3.672
5.708
1.224
2.748
2.648
4.284
3.772
3.772
2.748
3.672
3.348
3.348
2.648
3.06
4.072
1.324
1.424
3.672
2.748
1.224
4.584
7.532
2.748
3.872
1.224
2.648
5.508
2.648
3.348
4.372
3.772
1.324
2.548
1.624
4.672
3.972
1.224
1.824
3.648
3.772
4.896
5.708
3.672
2.548
3.672
5.508
2.448
2.448
2.548
4.484
3.872
3.26
3.672
2.748
1.224
1.224
4.784
2.448
1.224
6.496
2.548
2.548
2.448
1.724
4.996
1.324
1.424
3.648
3.56
3.672
3.048
1.824
1.224
2.448
5.196
2.948
3.872
4.284
1.524
2.748
2.448
2.448
1.224
1.224
3.872
1.224
3.672
3.872
4.072
2.448
1.224
2.448
5.608
3.772
1.324
3.06
3.672
2.548
4.272
3.672
4.484
2.748
1.424
1.224
2.448
2.448
5.608
3.648
3.672
1.224
1.224
3.872
3.872
4.284
3.672
3.672
5.608
2.548
5.096
1.224
2.024
2.548
1.224
2.448
3.672
4.372
3.748
2.448
4.284
1.224
3.672
3.872
4.072
2.448
1.224
3.772
1.224
1.424
2.548
1.424
3.872
2.448
3.772
1.224
4.372
2.548
4.272
12.732
2.448
1.224
1.324
2.548
3.972
2.548
1.224
3.06
2.548
3.972
2.548
1.224
3.672
1.224
1.224
1.224
1.424
4.284
3.46
3.048
4.384
4.996
3.672
2.548
2.448
3.672
2.448
3.06
2.448
2.448
2.548
2.024
3.148
2.448
2.548
2.448
1.224
4.384
3.672
1.224
3.772
2.748
3.872
4.996
3.06
1.824
1.324
1.224
2.548
2.448
3.06
3.672
1.324
3.672
3.872
2.448
3.672
3.672
6.508
2.448
3.872
3.672
1.224
2.448
3.248
4.584
2.448
2.124
1.324
1.224
2.324
5.096
3.672
3.672
1.424
1.324
2.648
3.672
4.172
3.872
3.872
1.224
2.448
2.848
1.324
4.584
2.448
2.448
5.508
2.448
1.224
2.548
3.872
3.972
4.284
1.224
2.748
2.448
1.224
2.324
3.672
4.172
1.224
1.224
1.324
1.524
2.548
3.672
5.608
3.872
3.672
2.548
4.372
1.324
4.172
4.384
3.06
2.448
1.224
2.648
3.772
1.224
3.672
2.548
3.672
3.972
4.972
1.224
4.896
3.772
4.172
3.972
1.424
3.672
5.084
1.224
3.672
3.672
2.448
5.296
2.648
2.548
4.072
3.26
2.448
2.548
2.448
1.424
3.672
1.324
2.448
3.672
3.672
2.648
3.872
2.648
3.672
3.16
1.324
2.648
4.684
1.224
5.096
1.224
3.672
3.672
1.224
1.224
3.772
3.872
3.772
3.672
2.448
3.672
2.448
1.424
1.224
1.224
3.06
2.448
4.896
2.548
5.484
2.448
1.724
3.872
3.672
6.008
2.448
5.608
2.948
3.672
3.672
1.224
3.148
2.548
2.448
3.972
4.896
2.548
2.648
1.224
1.224
2.648
2.748
2.448
3.772
2.448
3.772
3.748
4.672
2.948
1.524
2.848
3.672
2.448
1.224
2.548
4.384
3.672
4.484
4.284
2.748
3.972
1.224
3.672
2.448
1.224
3.672
4.896
3.672
1.224
3.672
3.672
3.772
1.424
2.448
5.608
2.448
4.172
1.224
4.372
2.748
4.384
3.872
3.772
2.748
1.324
3.872
3.06
2.448
2.748
7.232
1.224
5.508
2.548
2.448
3.06
2.448
1.224
5.096
3.772
1.224
3.972
3.672
4.896
3.872
3.672
2.448
2.448
3.672
2.548
3.772
5.608
4.896
3.16
5.508
2.548
1.224
1.224
1.224
4.996
1.224
1.224
2.948
5.508
2.448
5.608
2.448
1.224
2.548
1.224
1.324
1.224
3.672
3.772
3.872
2.448
3.772
2.548
3.06
3.672
2.648
2.448
4.072
3.872
1.224
3.672
4.572
1.324
1.224
2.448
2.448
4.384
2.648
3.772
3.048
1.424
1.224
4.272
1.224
3.772
3.672
3.872
3.772
5.508
2.448
4.772
2.124
1.224
1.224
5.608
3.672
2.648
2.748
4.384
2.548
2.448
2.448
1.424
3.872
2.448
4.272
4.896
1.724
1.224
3.672
2.448
2.448
1.224
2.648
1.224
1.224
1.224
2.548
1.224
1.324
4.772
3.048
2.848
1.224
2.748
2.448
2.448
1.224
2.848
4.996
1.424
6.608
4.384
4.484
3.26
3.672
5.696
6.096
2.648
3.672
3.672
3.772
4.384
3.672
4.372
2.748
7.996
4.472
3.048
1.224
4.896
3.672
4.572
3.672
4.896
4.896
4.384
4.384
4.284
3.872
2.548
3.772
2.448
4.072
3.872
3.772
4.072
3.048
2.448
4.072
1.324
1.324
1.224
2.448
3.872
2.848
5.084
5.396
7.532
3.672
4.272
3.672
2.448
4.384
2.448
4.784
5.508
5.508
6.008
3.672
2.648
4.384
4.284
4.484
4.284
2.648
4.384
2.448
1.224
3.872
1.224
3.872
4.072
2.748
2.448
3.772
3.772
4.272
2.648
1.224
1.324
3.972
1.524
1.224
2.648
3.648
2.948
2.436
2.448
2.448
1.224
0.2
1.624
2.748
0
3.06
0
2.424
1.836
0.4
0
2.448
2.448
1.524
2.448
0
0
1.836
1.224
0
0.2
1.224
0
0.1
1.224
0
0.1
2.548
0
3.248
1.324
0.2
1.224
0
0
1.424
0
1.224
1.224
1.224
1.224
1.224
2.648
0.3
0.2
1.324
1.224
1.224
1.224
1.224
1.424
1.424
3.524
0.1
1.424
0
1.324
1.824
1.524
1.224
0.1
1.924
1.424
0
1.324
1.836
1.324
2.448
1.624
1.324
0.6
0.2
0
3.06
0.1
0.3
0
1.224
1.524
0.4
1.224
1.524
1.524
1.224
2.548
1.224
0.3
2.548
1.224
1.224
1.324
0
2.548
1.524
1.424
2.448
1.224
1.224
1.524
1.836
1.824
2.748
1.324
0
1.324
1.224
1.924
0
1.224
2.448
0.1
2.036
0
0.1
0
0.3
0.4
1.324
1.224
1.224
1.224
1.624
1.224
1.224
1.224
0
0.1
1.524
0.1
3.16
1.224
1.424
1.424
1.324
1.224
0.2
1.324
1.224
0.1
1.224
1.224
0.1
1.324
1.224
1.424
3.16
0.2
0
0
1.224
0
1.224
1.224
1.224
0.5
0
1.224
0
0.1
1.524
2.448
1.324
1.224
1.224
1.624
0.3
1.224
0.6
0
0
1.224
1.324
1.224
1.324
1.224
1.724
0.4
1.224
2.448
1.324
0
0.2
1.624
1.324
1.224
2.448
1.224
1.624
1.324
0
1.224
1.224
0
1.224
1.824
1.224
0.3
1.224
1.324
0.1
0.2
1.524
1.424
1.324
2.548
1.224
1.224
1.2
1.224
0
1.424
0
1.324
1.324
0
0.1
0.1
0.3
0
0
1.224
1.324
1.224
1.424
1.624
0
2.748
1.424
1.224
1.224
0.1
3.06
1.224
0
0.1
3.06
1.224
1.224
1.224
1.224
1.824
1.224
0.3
1.724
0.2
1.224
1.224
1.224
1.224
1.224
1.5
1.724
1.224
0
1.836
1.224
1.224
1.424
0.1
1.324
2.748
0
0.3
0
0.1
0.1
1.324
0
1.424
0
2.436
0.5
1.224
1.524
1.224
0
1.324
1.324
1.224
2.448
1.224
0.2
1.224
1.224
1.224
1.324
1.224
1.524
1.224
3.16
1.324
0
1.224
3.16
1.224
1.224
1.224
1.324
1.324
0.1
0
0
0.5
0
0.1
2.948
1.624
2.548
0.5
1.224
1.936
0
1.224
1.924
1.224
1.224
0
2.448
0
1.324
1.224
1.524
0.2
1.324
0
1.424
0.1
1.224
0
2.448
1.324
1.224
1.324
1.224
0.4
1.624
0
0
0
1.624
1.324
1.224
0.2
1.324
3.06
1.324
0.1
0.1
1.224
0
3.06
1.324
1.324
1.524
1.324
0
0
1.224
1.324
2.548
0
0
2.648
1.224
1.324
1.224
0.2
1.224
1.224
1.324
1.324
1.836
0
1.424
0.2
0
1.224
0
1.224
1.424
3.672
0
1.224
1.224
2.548
1.224
1.224
0.2
2.748
1.224
0
1.324
1.224
0.1
1.224
0
1.324
0.5
0
1.936
1.224
1.324
1.224
3.16
1.324
1.224
0
1.424
0.1
0.7
0
2.648
3.06
1.224
1.224
0.7
1.424
0.9
1.324
0
2.448
1.224
1.624
0
1.224
1.224
0
0.1
1.224
1.836
0
1.224
0
0
1.324
1.224
0.2
0
1.224
1.524
1.224
3.06
1.224
3.448
1.424
0
2.548
0
0
1.324
0
0.2
2.548
1.424
2.448
1.224
3.36
1.324
1.324
1.224
1.224
0.5
0
1.224
2.136
0.2
1.224
0.3
0
1.224
0
1.224
0.2
1.224
1.224
1.524
0
1.224
2.748
1.324
1.224
1.224
1.224
0
1.324
3.36
1.836
1.324
0.2
0
1.224
0
1.224
0
0.2
0.2
0.8
1.224
0
1.224
1.224
0
1.224
0
1.224
0.8
1.324
0.2
0.1
1.224
0
0
1.224
0
1.424
0
0
1.224
0
1.224
1.224
1.1
0
0
1.424
1.524
1.224
0
0.2
1.324
0
1.224
2.448
0
1.224
1.224
0
1.224
5.284
1.224
0
1.224
0
2.448
0.2
1.324
1.724
2.448
1.224
0
2.448
1.424
1.224
2.548
0
1.324
2.548
0
0
1.324
0.1
0
1.224
1.424
0.2
1.224
0.6
1.824
1.424
1.224
1.424
3.16
1.224
0.1
1.224
3.06
1.324
1.224
1.224
1.224
1.324
0
0
1.324
4.284
0
0.5
1.224
3.048
0.1
1.224
1.224
0
0.1
1.324
2.448
1.324
1.324
1.224
0
0
0.5
0
1.624
0.1
1.224
0.1
0.4
1.224
1.624
1.624
1.224
1.224
1.224
2.448
1.324
0
2.448
2.448
1.224
0
0
2.448
2.448
0
1.324
0.1
1.224
1.324
1.224
0
1.224
0
2.748
0.2
0.8
0.1
0.3
1.324
0
2.024
2.448
0
0
3.548
1.224
0
2.448
1.424
3.06
0.2
2.036
0.1
0
1.424
2.748
0.4
1.424
2.548
0
0.7
2.448
0
1.224
1.224
1.624
4.384
1.324
0.2
3.06
1.324
1.224
1.224
1.224
0.2
1.224
0.1
1.424
1.324
3.06
2.924
1.224
1.224
0
2.448
0.4
1.624
1.724
0
3.36
1.224
0
2.648
0
0.1
0.5
0.4
1.824
1.936
1.324
1.224
4.348
1.424
1.324
1.224
1.836
1.424
0.1
1.424
1.324
0
1.224
2.648
1.224
1.624
0
1.324
1.424
1.524
1.424
0
1.324
0.3
1.424
1.836
0.2
2.024
1.424
0
0
0.1
1.324
1.224
1.224
1.924
1.324
1.424
3.26
0.4
1.836
0
1.224
1.224
1.824
1.224
0.1
1.424
1.724
1.224
0
1.224
0.2
0.1
1.324
0.1
1.724
1.424
1.224
1.324
1.924
1.724
1.624
0
1.624
0
3.46
2.648
2.548
2.448
2.448
0
3.06
1.224
1.524
3.06
0.1
0
2.448
1.524
0
1.224
1.324
0.6
0
0.9
1.624
1.624
0
0
0
3.672
0
1.836
2.548
1.324
2.548
0
2.448
1.424
3.16
0
7.608
1.324
1.224
1.836
3.148
1.824
1.3
1.624
0
0.6
3.148
5.608
0
1.224
1.224
1.324
1.924
1.224
1.836
1.936
2.448
0.2
2.548
1.836
3.06
2.448
0.1
1.524
2.448
3.048
1.824
1.224
1.224
2.548
0
0.1
1.224
0
3.348
2.448
2.548
0
1.224
2.548
1.224
0
4.472
2.448
1.424
1.624
0
0
1.224
0.1
3.872
3.672
2.548
4.072
1.224
2.648
3.972
2.448
3.672
3.672
3.872
0.2
3.672
4.284
1.224
0
0
0.2
1.4
0.1
0
2.424
3.248
1.324
