1.724
0.2
1.724
1.524
2.448
0
0
0
0
0
0
0
1.324
0.3
0.5
0
1.224
0
0
0.1
0
0.3
0
0
0.2
0
1.324
1.224
1.224
1.324
0
1.224
1.2
0
1.224
0.6
0
0
0
0.2
0.1
1.424
0
0
0.1
0
1.324
1.324
0
0.1
0
0
0.1
1.224
0.1
0
1.224
1.224
0.1
0.4
2.224
1.524
0
0.4
1.624
0
1.324
1.224
0
2.524
0.1
1.424
1.224
0
2.424
0.3
1.224
0.1
1.224
0
0.6
1.224
0
1.324
0
1.224
1.224
0
0
1.924
0
0
2.448
1.224
1.224
0
0
1.224
0.1
0
0
1.424
1.824
0
1.224
0.1
1.224
0.7
1.224
0
2.448
2.548
0
1.324
0
0
1.224
1.224
0
0
2.424
0.1
0.1
1.324
1.224
0
0
0
0
1.224
1.424
0
1.224
0
1.224
0.4
0
1.224
0.1
1.824
0
1.224
1.224
0.1
1.224
1.224
0
1.224
0
1.224
0
0.3
0.2
1.224
0.4
0.2
2.448
0.1
1.424
0.1
0
1.224
0
2.548
1.324
1.324
0.1
1.224
1.524
1
1.224
1.424
2.448
0
2.548
0.1
1.324
1.224
0
0.2
0.2
1.424
0
1.224
1.924
1.324
0.2
1.324
1.224
1.224
0.2
0
0.1
1.524
1.324
0.1
0
1.224
1.224
0.5
1.524
0
1.224
1.324
0.9
1.224
0
0
0
0
0
0.2
0.2
1.224
0
4.148
0
3.548
0
1.224
1.224
0
1.524
1.224
1.224
1.324
1.224
1.224
1.324
2.448
1.224
1.224
1.224
0
0
0
1.924
0
1.224
0
0
0.2
0.1
1.224
2.448
0
2.448
1.224
0
0.2
0
1.524
1.224
1.224
0.2
0.1
1.324
1.924
0.1
0
0
1.224
0.1
0.1
0
1.224
0.5
0
0
0
0
0
0
0
2.624
0
0
1.224
2.448
2.448
3.672
2.448
2.548
1.224
2.648
0
0
0
1.224
0.1
0
1.224
1.224
2.424
0
1.224
0
1.524
1.324
1.224
0
2.548
0.2
0
0.1
1.224
1.524
1.324
0
1.224
1.424
1.224
1.324
0
0
0.1
0
1.224
0
1.224
1.224
0
1.424
1.624
1.224
0
1.224
0
0
1.224
0.3
1.324
0
0
0
1.224
0
0
2.224
0
2.448
0
2.624
2.848
0.4
0.1
0
0
2.024
2.448
1.324
2.448
2.424
4.048
0
0
0
2.448
0
1.724
0.2
0
0
0
1.224
0
0
0
0
0
0
0
0.1
0
0
1.324
1.524
0
0
0
0.3
0.5
1.224
1.224
1.224
1.524
1.224
1.424
1.324
1.324
1.224
1.224
1.824
2.448
1.324
0
0
1.624
1.224
1.224
1.224
1.224
1.224
2.648
3.468
1.224
2.448
2.448
1.224
1.324
1.524
1.524
2.448
1.324
1.224
2.548
1.324
1.224
4.792
2.548
1.224
1.224
1.424
1.424
2.448
1.224
1.224
2.448
1.424
1.224
2.448
3.872
1.324
1.424
1.224
1.324
1.224
4.072
1.424
2.448
1.224
2.548
2.448
2.548
1.224
1.224
2.448
2.448
1.224
1.224
1.224
1.224
1.224
2.648
2.448
1.224
1.424
2.448
2.448
1.424
1.224
2.448
1.224
1.524
1.224
2.548
1.324
2.124
2.648
1.224
1.524
2.424
1.224
1.224
1.224
1.324
1.624
2.448
1.324
1.424
2.548
1.224
1.224
1.424
1.224
1.224
2.448
1.224
1.224
2.448
1.324
2.448
1.324
2.548
1.324
1.224
1.224
1.224
1.324
1.224
1.324
2.448
1.324
2.448
1.224
2.448
1.224
1.424
1.224
2.448
1.224
2.448
1.224
1.224
1.224
2.448
1.224
1.324
1.224
2.448
4.772
1.224
2.448
1.224
1.224
1.424
2.748
2.448
1.224
1.224
1.224
1.424
1.424
1.224
1.324
2.448
2.448
1.324
1.224
1.424
1.224
2.448
2.548
1.224
1.424
1.224
1.324
1.424
2.448
1.224
1.224
1.324
1.424
1.324
1.324
1.324
1.224
1.324
1.224
1.324
2.548
1.224
2.448
2.448
7.992
1.224
2.548
1.324
1.224
1.224
1.224
1.324
2.448
1.224
1.424
1.224
1.224
1.224
1.224
2.324
1.524
1.224
2.448
1.224
1.224
1.224
1.224
1.224
1.224
1.224
1.224
1.224
3.672
1.424
1.224
2.448
1.224
1.224
1.324
1.224
2.448
1.224
2.548
1.224
1.324
1.224
2.548
1.224
1.224
1.224
2.244
2.448
1.424
2.548
1.224
1.624
1.224
1.224
2.224
1.224
1.224
1.324
1.224
1.524
2.448
1.224
1.224
1.224
1.324
1.224
1.224
2.448
1.224
1.224
2.448
1.224
1.224
1.224
1.324
1.324
1.224
1.224
1.224
2.448
2.448
1.324
2.548
1.224
1.224
1.224
3.672
1.224
1.524
1.424
1.224
1.224
1.224
1.224
1.224
1.324
1.624
1.224
1.224
1.224
2.448
2.448
1.224
1.224
2.448
1.224
1.224
1.224
1.224
1.224
2.548
1.224
2.448
1.424
1.324
1.224
1.224
1.224
1.524
1.224
1.224
1.224
1.224
2.648
1.224
1.224
1.224
1.224
1.224
2.448
1.224
1.324
2.448
1.324
2.448
1.224
1.224
1.224
1.224
2.648
3.672
1.224
1.224
1.524
1.324
1.324
1.224
3.468
1.224
1.224
2.448
2.448
1.224
1.224
1.324
1.224
1.224
1.224
1.324
2.448
1.324
1.224
1.224
1.224
1.224
1.224
3.148
1.224
1.224
1.224
1.224
1.224
2.448
1.224
1.424
1.324
2.548
2.548
1.524
4.992
1.224
1.224
1.224
2.448
1.224
2.448
1.324
1.224
2.548
2.448
1.224
1.224
2.448
1.924
1.424
1.324
4.068
2.548
2.448
2.448
1.224
1.224
1.224
1.224
1.224
2.548
1.524
1.424
1.224
2.448
1.224
1.224
1.224
1.324
1.224
1.324
1.224
1.224
1.224
1.324
2.448
1.324
1.224
1.324
2.448
1.324
1.524
1.224
1.224
1.224
2.648
1.324
2.448
2.548
1.224
3.448
1.224
2.448
1.224
1.224
1.224
1.224
4.072
2.448
1.224
1.224
2.448
2.648
1.224
1.224
1.324
1.224
1.224
1.224
1.224
1.224
1.224
2.448
1.224
1.224
2.448
1.224
1.224
2.448
1.224
1.224
2.448
2.448
2.548
1.224
1.224
1.224
1.224
1.224
1.224
1.224
1.324
2.448
1.224
1.224
1.324
2.448
2.448
1.224
1.224
2.448
2.448
2.448
1.324
1.224
1.224
1.224
2.648
3.972
1.224
1.324
1.224
1.224
1.224
1.324
1.424
1.324
2.448
2.848
3.672
2.448
3.672
1.224
2.448
1.224
1.224
1.524
2.548
1.224
1.424
1.224
1.224
1.224
1.224
1.224
1.224
1.224
1.224
2.748
1.224
1.224
1.224
1.224
1.324
1.224
1.224
2.448
1.224
2.448
2.448
1.224
1.224
1.224
2.448
2.448
2.548
1.724
2.548
1.324
2.448
1.224
1.224
1.224
2.448
1.424
2.448
1.324
2.548
1.224
2.544
2.548
1.224
1.524
1.524
1.224
2.448
1.224
2.448
1.224
2.448
3.048
2.548
3.048
2.448
1.524
2.548
1.224
2.448
2.648
2.448
1.324
1.224
1.224
1.224
1.224
1.224
1.224
2.448
1.224
1.424
1.224
1.224
1.424
3.848
2.548
2.648
2.448
1.524
2.448
1.224
1.224
1.224
2.648
1.224
1.324
1.224
2.448
1.224
2.448
1.224
1.224
1.324
2.448
2.548
2.448
1.224
1.324
2.548
1.224
2.548
2.448
2.448
1.224
1.224
3.672
2.448
2.448
1.224
1.424
1.224
1.224
1.224
1.224
1.724
2.448
1.224
1.224
2.548
0.4
0
0
0.3
0.1
0
0
0
0
1.324
1.424
0.2
1.224
1.224
0
0.1
0
3.348
0
0
1.224
1.824
0
0.2
0.1
1.224
0.1
0
1.824
0.3
1.224
0
0
0
0
0.1
0
2.324
0.1
0
0
1.324
2.548
0.2
1.224
1.224
0
0
0.1
0
0.3
2.548
0.2
0
0
0.1
0
0
0
0
1.2
1.324
0
1.324
0.1
0.3
0
0
1.224
0.2
0
1.924
0
0
1.224
0
0.2
0
0.1
1.224
0
0.1
1.324
0
1.324
0
0
0
0
0.3
0
2.448
0
0
1.224
0
1.424
1.324
0
2.448
1.324
0
0
1.224
0
0.1
0
1.224
0.8
0
0
1.224
0.2
1.324
0.2
1.224
0
1.224
0.1
1.324
1.224
1.224
1.224
1.224
2.024
0.2
0
1.224
0
1.424
0
0.1
0
1.224
2.448
1.324
1.524
0
0
0.3
0
0
1.224
1.424
0
0
0
0
0
1.224
1.224
1.224
0
1.324
0
1.224
1.324
1.224
2.448
0
1.224
0
0.2
1.224
0
2.448
0.1
0
0
0
1.224
0.1
0.1
1.524
0
0.3
0
1.224
0
0.2
1.224
1.424
1.224
0
1.324
0
0
0.1
1.324
1.524
0.1
0
0
0
0
0
0
1.224
0
1.224
2.448
0
1.424
0
0
0
0
1.224
1.324
0.1
0.1
1.224
0
0.1
0
2.724
0
0
1.224
2.448
0
0
1.224
1.224
0
1.524
1.224
0
0
0.1
1.224
0.1
0.4
0
1.224
0
0
0
1.324
0
0
0
0
0.1
0
0.1
1.224
1.224
1.324
0
0.4
1.424
1.324
0.2
0.1
0
0
0
2.424
0.2
0
1.224
1.324
0
1.224
0.1
1.324
0.1
0
0
2.448
0.1
1.224
1.424
1.324
1.224
0
0
0.1
1.924
1.224
0
0
1.224
1.324
0.2
0
0
1.324
0
0
1.224
0
0.1
1.324
0
0
1.224
1.224
1.224
0
0
0
0
0
0
0
2.548
0.1
0
0
0
0
0.4
0.2
0
1.324
0.2
2.548
1.224
0
0.5
0
0
2.548
1.224
1.224
1.224
0
1.524
0
1.324
1.224
0
0
0
0.4
1.324
0.1
0
1.224
0
0.3
1.424
0
0
1.224
0.1
0
0
1.424
0.1
0
1.224
0.1
1.324
0
0
0
0.1
0.1
0
0
0.1
1.324
0
0
0
1.224
1.324
1.224
0
0
0.2
1.224
1.324
0.1
0.1
0
0
0.2
0.2
0
1.224
1.224
1.224
0
0
0
0
0
0
1.224
0
0
1.224
0.2
0
1.224
1.324
0.1
1.224
0
1.224
0
0.3
1.224
0.1
1.224
0.1
1.224
0.2
0
1.224
1.224
0
0
0.3
0
0
0.1
1.324
0
0.1
0
0.3
0.1
1.224
2.448
1.224
0.2
0
0
0.1
0
0
0
1.224
1.224
0
2.448
1.224
0
0
0
0
0
0.1
0
0
0
0.3
0.1
1.224
0.1
1.424
1.224
1.324
0.2
0
0
0
1.224
0
0.1
0
0
0
0
3.348
1.224
0
0.2
0
1.224
1.324
2.648
1.224
2.648
0.1
0.2
0.1
0
1.224
1.224
1.224
0.3
0.1
0
1.224
0
1.224
0.1
1.224
0
0
1.224
2.448
0
1.224
0
1.224
0
0.2
0.2
0
0
0.1
1.224
0
0.1
1.224
1.224
1.424
0
1.324
0.2
0
0
0
0
0
1.224
1.224
1.224
0
0
0
0
3.448
1.324
1.224
0.2
0.2
1.224
2.448
0.1
0
0.2
0
0
0
0
0
0
1.224
0.3
0
0.1
0
1.224
0
0
0.1
1.224
1.224
0
2.748
0
0.1
1.224
0
0
1.224
0
1.224
0
1.224
1.224
2.448
0
0
0.1
0
1.624
0.4
0.1
0
0
0.1
0
0
0
2.448
0
0
0
0
0
1.224
1.324
1.324
0
0
0.3
0.3
1.424
0
0.1
0
0
0.1
1.324
1.324
1.324
1.224
0
1.224
0
1.324
1.224
0.2
0.1
0
0
0
0
1.324
1.824
0
0
1.224
1.224
0
0
0
0
0
0
0
0
1.224
0
0
1.224
1.224
0
1.224
2.448
0
0
0
1.324
1.824
1.224
1.324
0
1.324
0.7
1.224
2.448
1.224
0.3
0
0.1
0
0.2
0
0
0
0
0
0.1
0.2
0.2
0.3
0
0
0
0
0
0
0
0.1
0
1.224
1.424
0
0
0
0.1
0.1
0
0
0
0.1
0
1.224
0.7
0
0.1
1.424
0
1.224
0.7
0
1.224
0.2
0
0
0.1
1.224
2.548
0.4
0
0
0.1
0.1
0
2.848
0
0.1
0
1.224
0.2
0
1.324
1.324
0
0
0.5
0.1
0.2
0
0
1.824
0
0.1
1.324
0
1.824
1.224
1.224
0
0.2
0.2
0
0
0.2
0.1
1.224
2.548
1.624
0
1.324
0.1
0
1.224
0
1.224
0
0.7
1.224
0
0.2
0.1
0
1.224
0.2
2.548
1.224
0.1
0
0.5
1.524
1.224
0.1
1.524
0.2
0.2
1.224
0.3
0.1
1.424
0
0.1
1.224
1.224
1.224
0
0
1.424
1.224
1.224
0.2
0
0.1
0
0
0
1.1
1.224
2.724
0
0
0
1.224
1.224
1.224
1.324
0
0
1.224
0.3
2.448
0
0
0
0
2.324
1.224
1.224
0
0.3
0
3.024
0.4
1.224
2.124
0
0
0.1
0
0
0
0
1.224
1.324
0
0
0
1.224
0.1
0
0
0.3
0.1
0
1.524
0.1
0
0.1
0
1.524
0
1.524
1.224
1.324
0
0
1.224
1.224
0
1.224
1.524
0.2
2.448
0.1
0.2
0
2.448
1.224
0
1.224
2.448
1.424
1.324
2.448
3.568
1.224
2.448
2.448
2.448
2.448
1.224
0
2.448
1.324
0
1.224
0.1
2.424
1.424
0
1.624
0.7
1.524
