1.424
0.2
1.924
1.624
2.748
1.936
0
0
1.224
0
1.324
0
1.424
0.2
0.3
0
1.224
0
0
0.2
3.06
3.26
0
0
1.424
0.1
0.1
2.648
2.548
2.448
0
1.224
2.024
1.424
1.224
1.324
1.324
1.224
0
1.724
1.224
2.736
0
0
0.1
0
0.1
1.324
1.224
2.548
0
0
2.548
1.224
0.1
0
2.448
1.224
1.224
0.2
1.724
1.324
0
0.3
2.336
1.324
1.224
1.324
0.2
1.924
1.424
2.748
2.748
3.26
2.536
1.824
1.224
0.2
1.224
1.224
0.4
1.224
0
1.224
0
1.224
1.224
0
0
1.624
1.524
0.1
1.524
1.224
1.224
1.324
1.424
2.448
0
0
0
1.324
1.524
1.224
0
1.324
1.224
0.6
1.324
1.324
2.648
1.224
1.324
1.224
0.1
2.136
1.324
1.324
1.224
1.224
2.824
0
0
3.048
1.324
1.224
1.324
0
0
1.224
1.224
0
1.424
0
1.936
0.3
0.1
1.224
0.2
0.7
1.224
1.324
1.324
0.3
1.224
1.224
0.2
1.224
1.224
1.324
0
1.324
1.224
1.424
1.524
1.524
1.324
0
1.724
0
1.524
1.224
1.224
1.224
0.1
1.224
0
2.448
0.1
1.3
2.648
2.548
1.224
1.324
1.224
0.3
1.224
1.224
3.06
1.624
1.424
1.224
0
1.324
0
1.624
0.5
1.324
1.224
1.324
0.2
1.324
1.324
1.824
1.424
0
0
1.424
2.448
0.1
4.384
0
0
2.648
2.724
1.224
1.324
1.624
0
1.424
0
1.224
0.4
1.224
3.06
2.024
1.324
3.46
0
4.284
1.324
0
2.024
1.324
1.224
1.424
1.224
1.224
1.424
3.672
1.524
1.224
1.224
1.836
0.2
0
2.624
1.836
3.06
0.4
1.836
0.6
2.236
1.224
1.224
0
1.224
1.224
0
1.1
1.224
1.424
2.448
1.224
0
0
3.06
1.324
0
0.1
1.324
2.448
1.224
0.1
0
2.448
0.1
0
2.448
1.224
1.224
1.224
2.448
0
1.624
1.224
0.1
1.224
2.448
2.448
2.448
2.448
2.648
1.224
2.648
1.424
0
0
2.448
3.06
3.06
1.324
1.224
1.624
0
0
0
0
1.224
1.224
0
2.448
0.1
0.1
0
1.224
1.224
2.748
0.2
2.748
1.324
1.224
1.224
0
0
0.2
1.224
0
0
0.1
1.224
0
1.224
0.3
1.424
1.224
1.224
0
0
1.224
0.5
1.224
0.1
2.436
1.836
1.224
0
0
1.824
1.224
1.224
1.224
2.024
1.224
1.324
0.5
1.224
0.5
0.1
2.548
1.224
2.548
1.524
2.724
0
2.036
1.224
1.224
0
2.548
1.224
0
1.224
1.224
1.224
0
0.1
1.224
2.236
0.1
0
0
1.324
0
0
1.224
1.724
0
0
0.1
0.1
0.8
1.224
1.224
1.224
1.224
1.324
2.648
2.648
1.524
1.324
2.448
2.724
2.448
1.424
0
1.836
3.872
2.448
1.224
1.224
3.46
2.448
2.548
2.448
5.508
2.648
2.448
2.948
1.224
1.924
1.624
3.772
4.284
2.548
2.448
2.748
1.224
2.548
2.548
4.284
3.06
1.524
1.524
2.448
2.648
3.06
3.772
3.148
1.624
2.548
3.872
1.624
1.624
3.148
1.524
2.548
4.172
1.324
2.648
1.224
3.16
2.448
2.448
1.324
3.06
2.448
2.448
2.848
3.06
1.324
3.06
1.224
2.948
2.448
3.772
4.384
2.548
1.224
2.224
1.524
2.448
1.224
2.124
1.324
2.448
1.824
2.524
3.76
1.224
1.724
2.948
1.224
2.448
1.524
1.524
1.424
4.284
1.424
1.424
2.448
1.224
2.448
1.224
1.224
1.224
2.448
2.548
1.324
2.448
2.448
2.448
3.36
2.548
2.548
4.284
1.224
2.548
3.048
1.224
3.16
2.448
2.024
2.448
1.224
2.548
3.46
2.224
1.324
3.672
2.548
2.748
1.224
3.06
1.224
2.548
3.06
2.648
1.224
2.448
3.648
1.224
3.672
2.548
1.224
2.748
3.248
2.448
4.284
2.448
1.224
1.824
1.424
2.548
1.224
2.648
2.448
2.648
1.224
2.948
1.524
2.448
2.548
3.772
1.624
1.624
2.124
3.46
3.772
2.448
3.672
1.224
1.424
1.324
2.448
3.16
1.224
1.524
1.224
1.324
2.648
2.448
2.448
2.448
2.548
4.284
11.732
2.024
5.908
2.448
1.224
1.224
2.448
1.324
1.224
4.284
1.224
2.448
1.224
2.848
1.324
1.224
2.448
1.224
1.324
3.16
1.224
2.648
1.224
1.324
1.424
1.324
4.384
3.348
1.324
3.672
1.224
1.224
4.284
1.224
3.672
1.324
3.772
1.224
1.224
1.224
3.56
1.324
1.324
1.224
2.448
2.648
3.048
4.484
1.224
2.948
1.224
1.224
3.448
1.324
2.448
1.324
1.324
1.224
2.548
1.224
1.524
2.848
2.648
1.324
1.324
2.648
3.872
3.36
2.548
2.448
3.16
1.224
1.424
2.548
1.324
2.848
4.284
2.448
1.624
2.448
2.448
2.024
1.224
1.424
2.448
2.448
2.548
1.524
2.548
2.448
4.484
2.448
1.224
1.324
1.924
1.424
4.172
3.16
5.508
2.448
1.224
1.224
3.672
2.448
1.224
2.448
1.224
1.224
2.548
1.224
2.448
1.324
2.948
1.524
2.448
2.448
3.36
2.448
2.548
1.424
2.448
2.548
1.224
1.224
1.724
3.16
1.224
2.448
1.224
1.524
2.448
1.324
3.672
1.224
2.448
2.948
1.224
2.448
2.448
4.384
1.324
1.424
3.36
2.448
1.324
3.672
1.224
1.224
2.448
2.448
1.224
1.424
1.224
1.224
1.224
1.324
1.224
2.548
2.448
2.548
3.06
2.448
1.224
1.224
3.56
1.224
1.724
2.548
1.224
3.06
2.448
3.06
1.624
1.224
2.748
3.672
1.624
2.748
1.224
1.424
1.224
2.448
2.448
2.448
2.548
2.448
2.748
2.448
1.324
1.224
2.448
2.324
3.348
1.324
1.324
2.448
3.872
2.448
2.448
1.324
4.284
1.224
4.384
4.584
1.724
2.448
2.448
2.448
1.224
2.448
1.324
2.548
1.224
1.224
2.448
2.448
1.324
2.548
2.448
3.16
1.224
2.548
3.772
1.224
1.524
4.384
2.748
1.224
2.548
1.324
2.548
5.508
1.524
3.148
3.06
2.448
3.06
1.224
1.224
3.06
2.648
3.672
1.524
1.324
2.448
1.524
1.224
1.324
2.748
1.324
1.424
1.324
1.324
2.548
1.324
4.484
1.224
4.484
4.284
1.324
1.224
2.448
2.448
2.448
2.448
2.448
2.748
3.06
2.448
3.16
1.224
2.548
1.224
2.448
1.224
2.448
1.324
1.224
1.224
2.448
2.448
1.324
4.284
2.448
2.448
2.448
1.324
1.224
1.324
3.672
3.148
2.448
1.324
1.224
2.448
5.808
1.224
1.224
1.524
2.848
3.672
2.948
2.448
2.448
2.448
2.548
2.548
3.16
1.224
3.448
4.472
3.772
1.224
3.06
1.224
2.448
1.324
3.06
1.224
3.872
1.224
2.648
1.324
2.548
2.748
1.224
2.948
1.224
1.224
2.448
1.324
2.448
2.548
3.672
3.672
1.424
2.448
2.448
2.548
2.324
2.648
1.424
3.672
1.424
1.224
2.448
2.448
2.848
2.548
2.848
3.46
4.484
3.16
5.508
1.224
1.624
2.124
1.524
3.672
1.324
2.448
5.808
2.448
2.748
2.548
3.248
2.748
2.548
2.448
1.324
2.448
3.048
2.648
1.224
1.324
4.484
4.284
4.284
2.448
2.548
2.548
1.224
2.648
2.548
2.548
1.224
2.948
2.448
3.048
2.448
1.324
2.448
2.448
1.324
1.424
6.208
1.424
3.26
1.224
2.948
1.224
2.448
3.16
2.548
3.26
4.284
4.684
4.384
1.224
2.548
4.384
4.384
5.508
5.508
2.648
4.284
2.548
2.448
3.772
2.448
2.548
2.748
2.448
2.448
2.448
1.224
2.748
2.448
3.672
3.672
4.272
0.3
0
0.3
0.6
0.3
3.36
2.448
0
1.224
1.324
1.324
0.3
1.224
4.284
0
0.9
3.06
1.524
0
1.224
1.324
1.724
0
0.1
0.2
2.036
0.2
1.324
1.624
0
1.224
1.224
0
2.448
2.548
0
1.224
1.224
0
1.724
1.324
1.224
1.224
0.1
1.224
1.224
0
0
0.1
1.224
0.3
1.324
0
0
1.224
0
0
0
0.1
0
1.9
0
0.1
1.424
0.1
0.3
1.324
0
0
1.724
1.324
1.324
0
3.06
1.224
0
1.524
1.224
1.824
0.1
1.324
3.06
1.224
1.524
1.424
0
0
1.424
0.1
0.2
0
2.648
2.648
0
1.524
0.2
1.324
1.224
0
1.224
1.224
1.424
1.324
1.224
0
1.224
1.224
3.06
0.5
0.1
0
1.224
0.2
0
0.7
1.324
0
1.224
1.324
3.16
1.224
1.224
0.1
0.2
1.424
1.524
2.548
1.224
0
1.624
0.1
1.324
0
1.224
1.524
1.224
1.824
1.836
0
0.2
0
0
1.224
1.524
0
1.324
1.324
0
0
1.324
2.448
2.548
0
3.16
0.2
1.224
0
1.224
2.448
0
1.224
0
1.724
1.224
1.224
1.224
1.224
0.1
0
0.1
1.224
0.6
0.5
1.324
0
0.7
1.224
1.224
0
1.524
1.424
1.324
1.224
0.8
2.548
0
0
0.2
0.1
1.724
1.624
0
0
1.224
1.224
0
0.1
1.224
2.448
1.224
2.448
0.3
0.6
0
2.224
0
0
1.324
1.224
1.524
1.324
1.424
1.224
0
1.224
2.424
0
1.224
1.224
1.224
0
0
1.224
1.324
1.424
1.624
2.448
1.224
0
1.424
0.1
0
0.4
0
1.724
0.1
0
0
0.1
3.16
0
1.224
1.224
1.936
0
0
1.324
1.324
1.224
0
1.324
2.848
2.848
1.324
0
0
0
0
2.524
0.4
1.224
1.324
3.06
0
1.324
0
1.324
0.5
0.2
1.224
1.324
1.224
2.648
2.448
1.424
1.224
1.324
1.224
2.136
2.024
1.224
1.324
1.224
1.224
0.1
1.524
0
0
1.224
1.224
0.1
1.224
0
0.5
2.648
0.1
1.224
1.936
2.648
1.224
0
3.16
0
0
0
0
0.1
1.224
1.324
1.224
1.624
1.224
1.324
1.424
0.3
2.448
1.624
0
3.06
1.224
0
1.724
0
1.224
2.448
0
1.224
1.224
1.224
2.648
1.224
1.324
2.448
0
1.324
0
1.224
1.224
0
0
1.424
0
1.824
1.224
1.224
1.224
1.224
1.424
1.224
0
1.924
0
3.06
1.224
1.224
1.624
0
1.524
3.06
0.2
1.224
0.3
1.224
1.524
1.324
0.1
0
1.224
0
1.224
1.524
0
0.2
0
1.224
1.224
0
0
0
1.936
1.324
0.1
1.824
1.224
1.224
1.224
0
1.324
0
1.224
0
0.1
1.224
1.224
0
2.548
1.524
0
1.224
1.224
1.424
1.224
1.224
1.324
0
1.524
1.224
1.936
1.224
0.2
1.224
1.936
1.424
1.524
2.448
1.224
1.324
1.624
0
1.224
3.06
2.548
0
1.524
0.2
2.024
0.1
1.224
1.224
2.448
1.524
1.424
0
0
1.224
0
0
3.06
1.324
0.1
2.448
0
0.1
1.224
1.224
1.224
1.224
2.448
0
3.16
2.748
2.724
0.4
1.224
1.324
0
1.224
1.224
0.2
0.3
0.1
0
1.424
0
2.036
1.424
0
1.224
0.1
1.524
0.1
1.224
2.136
1.224
1.324
1.724
1.424
1.224
2.448
0.2
1.324
0.1
0
2.848
1.224
1.224
0.2
1.324
0
1.224
0
2.448
0.3
3.26
1.936
0
2.448
1.224
1.324
1.224
1.224
1.224
1.324
0.3
0.2
0
1.324
1.224
0
0
0
1.224
1.224
2.024
1.224
1.324
1.324
0
1.324
1.224
0
1.224
1.424
1.224
1.224
0
0
1.224
0
1.524
1.224
1.224
0.2
0.5
1.324
2.448
1.524
0
1.324
0
0
0
1.224
1.224
0
1.224
3.56
0
1.224
0
1.224
0
1.224
0
1.324
1.424
0
1.224
1.224
1.424
1.324
0
1.224
1.324
0.1
0
1.224
1.224
1.224
2.448
0
0.1
1.424
0
2.848
0.8
1.224
1.324
0.4
3.06
0
1.424
0
3.16
0
1.324
0
0
0.1
1.224
1.324
1.724
3.06
1.224
1.824
0.1
1.424
1.324
0
0
1.224
0.1
1.324
2.548
1.324
1.424
0
0
1.324
1.324
1.324
0.3
1.224
1.224
1.324
1.824
1.224
1.724
1.624
0.1
2.548
1.324
1.224
1.224
0
1.224
0
0
1.324
1.224
0
1.224
1.224
0.2
1.224
1.224
0
1.224
1.224
0
1.224
0
2.548
2.648
1.224
1.324
0.1
1.424
0.3
1.224
1.224
1.224
1.824
0
0.1
0.1
0
3.06
1.424
1.936
1.324
0
0.1
1.724
1.424
0.1
0.1
0.3
2.024
0
1.324
0
0
0
3.26
0.1
1.224
3.36
0
0
0
1.224
1.324
0.1
1.424
0.1
1.224
3.16
1.8
1.324
1.324
1.224
0.1
1.824
0.4
0.8
1.224
3.26
0
0
0.2
2.448
1.324
1.624
0.2
0.3
2.036
1.224
0.2
2.124
1.224
0
0
3.16
1.424
1.324
1.724
0
1.324
0
0.4
0
0
1.224
0.2
2.648
1.524
0
1.224
0.1
1.324
1.324
3.06
1.224
3.348
1.724
1.224
1.424
1.224
1.224
2.548
1.224
2.748
1.224
1.424
3.36
2.024
3.06
1.224
1.224
1.424
0
1.224
1.224
1.624
1.924
0
1.424
0
2.648
1.324
0.1
1.324
0.8
1.324
1.224
1.424
1.424
0.2
0.5
0.1
0.3
0
4.384
0
1.524
1.224
1.224
1.224
3.06
0
1.624
3.06
2.448
1.224
0
1.624
1.224
1.224
1.424
1.724
1.224
2
0.3
2.548
1.224
1.224
1.224
1.224
1.224
1.836
0.2
1.624
0.1
1.224
0
2.448
1.836
1.224
4.56
2.548
1.224
3.06
0.2
0.9
3.348
0.6
2.448
1.824
1.524
1.836
1.224
0
0
0.1
0.1
1.224
4.284
3.16
0
1.524
1.224
3.06
1.836
1.224
0
1.324
0.2
2.648
0.2
0.1
0.2
1.224
1.224
2.448
0
1.224
2.948
0.1
1.224
1.424
1.224
0.1
0
0.2
0.8
2.548
2.548
1.324
1.224
1.224
2.448
0
2.548
3.672
1.224
1.324
2.648
2.748
2.748
2.548
3.672
2.548
2.748
1.224
0
4.284
1.324
1.224
1.224
0.2
2.624
1.224
1.524
3.972
0.4
3.772
