0.3
0
3.148
3.36
2.548
0
0.1
0
0.1
0
0
1.224
0
0.9
0.6
0
0
0
0
0.2
1.224
1.524
0
0
2.136
0
0.4
1.324
2.548
1.224
0
2.448
0.5
0
0.2
0.2
0
0
0
0
0.1
1.724
0
0.1
0.1
1.224
0
0.1
0
1.424
1.224
0
1.224
0
0
0
0
0
0
1.424
0.5
0.2
0
0.4
0.3
0.1
0
0
1.524
0.6
0.2
1.624
0.1
0.1
2.324
0.5
0
0.1
0.1
0
1.624
0
1.224
0
0.1
0
0
0
0
0.4
0.2
0.1
0.1
0
0
1.224
1.424
0
0
0.1
0
0.4
0
0
1.836
0
0
0.4
0
0
0.1
0
0
1.224
0.1
0.1
0
0
0
0
1.5
0
0
0.8
0.1
0
0
1.224
0
1.524
0.1
0.2
0.1
0
1.424
0
1.224
1.324
1.524
0.5
0
0
0
1.224
0
0
1.424
0.2
0
0
1.224
0
0
0
0
0.1
0
0
0.3
0
0
0
0
0
0.3
0.1
0
0
0
1.9
0.2
0.3
1.324
0.1
1.224
1.524
0
0
1.324
0.2
0.2
1.524
0
1.224
0.2
1.324
1.924
1.224
0.1
1.324
0.3
1.224
0.1
1.424
1.424
1.324
1.224
0
1.324
0.1
0.4
0
0
0.1
1.5
0
0
1.424
1.524
0
1.224
0.2
0.6
0
0
1.1
0
0.7
0
0
0
1.324
3.348
2.448
2.448
2.848
2.448
2.448
2.748
2.448
3.048
2.448
1.224
1.836
3.06
0
2.324
1.424
0
1.724
1.836
2.224
3.16
1.224
0
0
0
0
1.224
3.136
0
0.1
0
0
0
1.224
0
0.1
1.424
1.424
3.16
0
0
0.1
1.224
0
0.2
1.224
0
1.224
0
0.2
0
1.224
0.3
0
1.224
0
1.224
0
1.224
1.224
2.748
2.448
2.648
0
1.224
1.224
1.324
1.324
1.224
2.448
0
0.1
0
0
0
0
0
0
0.1
0
0.2
0.1
0
0
0.1
0.1
0
0.4
2.036
0
1.324
0
0
1.224
0
1.224
0
1.224
0
0
0
0
0.1
0
0
0.1
0.1
0
0.7
0
0
3.56
3.16
0
0
0.1
0.6
0
0
1.224
0.7
0
0.4
3.46
1.224
3.36
0.1
0
1.224
0
0.6
1.2
0
1.936
0
0.1
0
1.624
1.224
0
1.324
1.224
1.224
0.1
1.936
1.224
1.936
1.324
1.224
1.324
1.936
3.26
0
0
0.4
0
0.1
0
1.224
2.124
1.224
0
1.224
1.424
2.448
2.748
1.324
3.16
1.324
2.448
4.56
1.224
3.26
1.224
0
1.424
1.224
1.224
2.448
4.784
1.224
2.648
2.448
2.448
2.448
2.448
4.384
2.548
2.624
2.748
1.324
1.224
1.524
1.424
1.324
1.224
1.224
1.224
2.448
2.448
2.448
1.724
1.224
4.684
1.224
2.548
5.284
4.684
3.06
1.324
4.684
3.66
5.084
1.724
1.324
1.424
2.648
1.324
4.284
1.524
1.224
1.224
1.424
4.384
1.224
2.448
4.384
2.548
1.324
1.224
1.224
3.048
1.224
1.424
1.624
1.224
3.16
5.384
2.848
2.448
2.448
4.16
4.484
1.324
1.524
2.848
2.024
1.224
3.148
1.624
1.224
3.16
2.848
2.648
1.224
1.224
1.624
1.424
2.448
1.224
1.224
1.324
1.324
1.324
2.548
3.36
1.424
2.448
1.224
1.224
4.684
4.584
1.224
1.224
1.224
2.548
2.948
2.448
1.224
2.648
3.56
1.224
3.06
2.448
4.484
3.86
1.324
1.224
1.324
2.648
2.448
2.448
2.448
4.284
1.324
2.548
4.384
1.224
1.724
2.448
1.224
4.284
1.224
2.648
5.284
2.448
1.224
1.224
2.448
2.948
2.748
2.448
1.224
2.448
1.324
1.224
2.548
1.424
1.524
2.548
1.224
1.224
3.26
2.448
4.984
3.048
2.448
1.224
1.324
1.224
4.684
2.648
1.324
3.16
2.448
2.748
2.548
1.224
1.424
1.224
1.224
1.224
1.324
2.448
2.024
8.984
2.648
2.548
2.448
1.224
2.448
3.06
2.448
1.224
1.224
2.448
2.448
1.824
2.548
1.224
2.548
1.224
1.224
2.748
2.448
1.324
1.224
4.384
2.748
2.548
1.224
3.66
1.324
1.224
2.448
2.548
1.324
2.448
1.224
1.224
1.324
1.224
2.448
1.224
2.224
2.448
1.224
1.224
1.224
1.224
4.784
1.424
1.224
3.96
1.224
3.06
2.324
2.748
2.448
1.224
3.26
1.424
4.384
1.224
3.06
4.684
2.648
3.06
3.06
4.584
3.26
4.484
2.448
1.224
4.484
1.324
3.16
4.284
1.224
4.384
1.224
1.224
4.584
1.224
1.224
3.76
1.224
4.584
1.224
1.224
1.324
3.16
2.648
2.448
2.448
4.484
1.224
1.424
3.048
3.06
2.648
4.584
1.224
2.448
1.224
3.06
2.448
1.224
2.448
2.448
2.448
2.448
4.484
1.324
2.448
2.448
4.784
2.648
3.06
3.06
1.624
1.224
4.384
1.324
2.448
2.548
4.384
1.224
2.648
3.06
1.224
1.324
2.448
3.26
1.224
1.324
2.448
2.548
2.448
4.484
1.224
1.224
2.548
1.524
1.424
2.548
4.484
1.224
4.384
1.224
2.448
1.224
1.224
1.224
1.224
2.448
2.448
1.224
1.324
2.548
4.384
1.224
1.224
3.16
1.224
1.324
4.284
1.224
2.324
2.448
3.56
4.484
1.224
4.484
2.448
4.384
4.784
1.224
2.448
3.06
2.748
1.224
2.448
2.548
2.548
4.384
4.284
1.224
1.224
4.384
1.624
2.448
2.448
2.548
2.448
2.224
3.248
1.224
1.324
1.524
2.548
2.448
1.224
2.448
2.448
1.224
2.748
1.224
2.948
2.548
1.224
1.224
1.224
1.224
2.448
2.448
2.448
1.224
4.284
4.284
2.548
1.224
1.224
4.384
2.448
1.724
1.224
1.424
1.624
2.448
4.384
1.224
1.524
3.06
2.448
1.224
1.324
1.624
2.548
1.224
4.284
2.448
2.448
1.224
1.324
1.224
4.484
2.448
1.224
2.648
4.284
4.284
2.748
1.324
1.224
2.448
2.448
2.648
1.324
2.548
4.284
3.06
2.448
1.424
1.224
1.224
1.224
2.448
1.224
1.224
4.484
4.484
1.324
4.284
1.224
1.324
1.424
1.224
3.06
1.224
1.224
2.548
2.548
2.548
2.448
1.224
1.224
1.224
2.648
1.224
2.548
2.648
3.06
2.448
2.848
1.224
1.324
2.448
2.748
2.748
2.548
1.224
2.548
1.524
1.224
3.048
1.224
2.548
2.448
1.224
2.548
4.584
2.448
5.284
3.86
3.06
1.324
4.284
1.224
4.484
2.448
1.224
2.748
4.484
1.224
1.224
1.224
4.284
2.948
2.448
1.424
3.06
1.224
1.224
1.324
1.224
2.448
1.324
1.324
3.26
1.224
1.224
1.324
1.524
4.384
2.648
1.224
1.524
3.06
2.448
1.224
2.748
2.548
1.524
2.848
2.648
1.524
1.324
1.224
4.584
5.084
2.448
2.448
3.16
2.448
2.448
2.448
3.048
1.324
3.648
2.548
2.448
1.224
4.484
2.448
1.924
2.548
2.448
2.448
2.548
2.548
2.448
4.484
2.448
2.548
2.448
4.584
4.684
4.284
2.648
1.724
1.224
2.748
1.224
1.324
1.224
3.06
1.324
3.16
3.148
4.484
3.048
2.448
1.624
1.224
1.224
4.384
2.448
4.484
1.224
1.224
1.324
2.448
2.748
2.448
2.548
2.548
2.448
1.424
2.548
4.284
1.224
2.548
1.224
2.548
2.848
2.548
2.448
2.648
2.548
2.748
2.748
3.06
3.16
2.648
1.936
0
1.524
2.524
1.624
2.236
1.224
0.1
1.224
0.1
1.724
3.26
0
1.224
1.836
0.5
0
0.4
0
1.224
4.384
1.624
1.224
0.1
0
0.1
1.224
0
0.1
1.424
0
0
1.224
0
0
0
0
0.5
1.224
0.2
1.224
0
0
1.424
0
0
0
1.224
1.224
0
0.6
0
2.036
1.424
0
0
0
1.224
1.324
1.224
2.624
0
1.424
0.1
1.324
0.4
0
0
0
1.524
1.324
0.1
1.836
0
1.224
1.224
1.724
1.424
0.7
0
0.2
0
0
0.1
0
0
1.224
0.2
1.224
1.424
0.1
1.324
1.324
1.224
0.1
1.524
1.224
1.224
0
0.1
1.224
1.224
1.224
0
1.224
1.224
0.2
0
2.324
1.324
1.224
0
1.224
1.836
1.724
0.1
1.224
1.224
0.2
0.1
0
0.1
0
0
0.2
1.424
1.224
1.224
0
1.624
1.224
1.224
1.324
0
0
1.224
0.3
1.224
1.224
1.524
1.424
1.224
1.224
0.2
1.224
1.324
0.2
1.324
0
0
0
0.1
1.424
1.324
0.1
0
0
1.524
0
1.224
0.1
1.224
0.2
0
1.224
0
0.1
1.324
0
1.224
1.224
1.424
1.824
0.3
1.224
0.4
0
0
1.324
1.224
1.324
0.2
1.224
1
0.1
0
0
0
1.936
0
0
1.324
1.224
1.224
0
1.224
1.224
0
1.224
1.224
0
1.224
0.6
1.224
0.7
0
1.324
0
0.1
1.324
1.424
1.524
1.324
1.224
1.224
1
1.324
0
1.324
0
1.224
1.224
0
0.1
0.1
0.2
0
0
1.224
1.224
1.224
1.224
1.724
0
1.424
0.2
1.224
1.224
0.1
1.224
1.224
0
0
1.224
0
1.224
1.324
1.224
1.624
1.324
0.1
1.424
0.1
1.224
0
0
0
1.224
1.1
0.6
0
0
0
0
1.324
1.224
0
1.424
1.424
0
0.1
0
0.1
0.3
1.224
0
1.224
0
0.7
0.4
0
1.324
1.224
0
1.224
1.524
1.324
1.224
1.324
0
1.324
1.224
1.324
1.324
1.224
1.424
1.224
1.324
1.224
0
1.224
0.2
0
1.224
1.224
1.224
0.4
0
0.2
0
0.3
0
0.1
1.324
0.1
1.224
0
1.224
0.1
0
1.224
1.924
0
0
0
1.224
0
1.324
1.224
1.324
0
1.224
0
1.224
0
1.224
0.2
0
1.224
1.224
1.224
1.324
0.3
1.224
0
0
0
1.424
1.424
1.224
0.6
1.224
1.224
0
0
0.4
0
0
1.224
1.224
0
0.1
1.224
0.1
0
0
0
1.324
0
0
1.224
1.324
1.224
1.224
0
0
1.324
1.324
1.224
0.2
0.2
1.224
0.5
0
1.224
0
1.224
0.1
1.224
0
1.224
1.224
1.224
1.224
1.224
0.1
1.224
0
0
1.224
1.224
0
1.224
0.2
0
0.3
0.1
1.836
0
1.224
0.1
1.424
1.324
1.224
0
1.224
1.836
0.4
0
1.324
0.1
1.224
1.224
0.4
1.424
0.6
0
0.1
1.324
1.224
0
0
1.224
1.324
0
0
1.224
0
0.1
0
0
0
1.324
1.224
0
0
1.224
1.224
1.224
0.4
1.324
2.924
1.424
0.1
1.324
0
0
1.324
0.1
0.1
1.224
1.224
1.324
0
1.224
1.324
0.2
1.224
0
0.4
0
1.224
0.1
0.2
1.224
0.5
0
1.324
0
1.324
0.1
1.224
1.224
1.524
0
1.224
1.324
1.324
1.224
0
1.224
0
1.624
1.524
0
1.224
0
0
1.224
0
1.224
0
0.1
0.6
0.3
1.324
0
0
1.224
0
1.224
0
1.224
0.2
1.224
0.1
0.1
1.224
0
0
1.324
0
1.624
0
0
0
0
0
1.224
0.5
0.1
0
1.524
0.2
1.324
0
0.3
1.224
0
1.224
1.224
1.836
0
0
0.1
1.224
2.224
1.224
0
1.224
0
1.224
0.1
1.324
1.224
1.224
1.224
0.1
1.324
1.324
1.424
0.1
0
1.224
1.324
0
0
0
0
0
1.224
1.224
0.2
1.224
0.4
2.324
0.1
1.224
0.4
1.224
1.324
0.1
0
1.224
1.224
1.224
0.1
1.224
0.2
0
0
1.324
1.224
0
0.5
1.224
1.424
0.2
1.224
0
0
0
1.324
1.324
1.324
1.224
1.224
0
0
0.2
0
1.424
0.1
0
0
0.1
1.324
1.524
1.524
1.224
1.224
1.224
1.224
1.224
0
1.224
0
0
0.1
0
1.324
1.224
0
1.224
0.1
0
1.224
1.224
0
1.224
0
1.524
0
1.1
0.1
0.2
0
0.3
1.724
1.224
0
0
1.624
1.224
1.936
1.224
1.524
1.324
0.2
0.3
0.1
0
0
1.524
0.4
0.1
0
0
0.6
1.224
0.1
1.224
0.1
1.524
1.224
1.224
0
0.1
0.1
0
1.224
1.224
0
1.224
0.1
1.324
1.224
1.224
1.9
1.324
1.224
0
0
0.6
0.5
0.3
0
1.524
1.324
0
1.424
0.1
0.2
0.2
0
3.56
0
1.224
1.424
2.624
1.224
1.224
1.224
0
1.424
0
1.424
1.224
0.1
1.224
1.424
1.324
1.324
0
1.224
1.624
0
1.424
0.1
1.224
0.2
1.624
0
0
1.624
1.324
0
0.3
0
1.224
1.324
1.224
1.524
1.224
1.224
1.324
0.7
0
0.2
1.324
1.224
1.524
0
0
1.624
0.6
0
0.1
1.324
0.2
0
1.224
0
2.024
1.424
1.224
1.224
1.524
1.724
1.724
0
1.624
0
1.524
1.324
1.324
4.284
2.648
0
1.224
0
1.524
0
0
0
0.1
0.1
0.1
1.324
0
0.4
0
1.3
0.2
1.224
0
0
0
3.06
0
0
0.4
3.36
0.1
0
0
3.16
0.1
0
3.024
1.224
1.224
1.836
1.524
3.46
0.7
1.524
0
1.1
1.524
1.324
0.1
1.224
3.06
1.936
2.136
0
0
0
0
0.1
0
1.836
0
1.324
0
0.1
1.224
0.1
3.26
0.1
0
0
0
0.1
0
0
0.3
1.224
1.324
0.1
0
1.524
1.224
0.1
3.86
1.224
1.424
1.424
0
0
1.224
2.036
2.548
2.448
2.648
4.584
1.324
1.224
2.648
2.548
2.548
1.224
2.648
0
1.224
3.06
1.324
0
0
0.1
1.3
0.1
0
1.624
0.5
1.524
