1.424
0
2.748
1.224
2.648
1.836
0
0
1.224
0
1.224
1.224
0
0.2
0.1
0
0
0
0
0
4.384
4.384
0
0
1.224
0.1
0.1
2.448
3.672
2.448
0
2.448
1.924
1.224
0
1.424
1.224
1.224
0
1.324
1.224
3.16
0
0
0.1
1.224
0
0.1
1.224
3.672
1.324
0
3.672
0
0
0
1.224
0
1.224
1.424
0.4
0.1
0
0
2.236
1.224
0
0
1.224
0.5
1.224
2.748
1.224
3.16
3.76
1.324
0
0.1
0
1.224
1.524
0
1.224
0
0
0
0
0
0
0.5
1.324
0
0
0
0
2.448
2.448
1.224
0
0
0
0.1
0.2
1.224
0
1.224
1.224
0.2
0.1
1.224
1.324
0.1
1.224
1.224
0
2.036
1.224
0
1.224
1.224
0.9
0
0
1.524
0
1.224
1.224
1.224
0
1.224
1.224
0.1
0
0
3.06
0.1
1.324
1.224
1.224
0
1.224
0
0
1.224
0
0
1.224
0
1.224
0
1.224
1.224
1.224
1.224
1.224
1.324
0.1
0.1
1.224
0
1.224
0.1
1.224
0
0
0
0
1.324
0
0.4
1.224
1.224
1.224
1.224
1.324
1.224
0
0
4.284
1.224
1.224
1.224
0
1.224
0
1.424
1.524
1.224
0
1.224
0.1
2.448
1.324
1.224
1.224
1.224
1.224
1.324
2.448
0
3.06
0
0
1.324
1.424
0
1.324
2.448
1.224
1.224
1.224
1.224
0.2
0
3.06
0.7
1.224
2.236
0
3.16
0
1.324
2.548
2.548
2.448
2.448
2.448
2.448
2.648
3.672
2.548
2.448
1.324
1.836
1.224
0.1
1.624
3.16
3.06
1.324
1.836
1.324
3.26
1.224
0
0.1
0
0
1.224
0.1
1.224
0
1.324
0
0
1.224
1.836
0.1
1.324
1.324
2.448
1.224
1.324
0
1.224
1.224
0
1.224
2.448
2.448
1.224
1.424
2.448
1.224
0.3
1.224
1.324
0
2.448
1.224
1.224
1.324
2.648
2.448
2.448
1.224
1.224
1.224
2.448
4.384
4.284
2.548
0
0.4
0
0
0
0
0
1.224
0
1.224
0
0.1
0
0
0
1.224
0
1.224
0.1
0
1.324
0
0
1.424
1.224
1.224
0
1.224
1.224
0.1
1.324
0.1
0.2
1.224
0
0
0
0
0.1
0
0
3.26
3.06
0
0
0
1.224
1.224
0
2.448
0.7
0
1.324
1.324
2.548
1.224
0.3
1.224
2.548
1.324
0.2
0.5
0
1.836
1.224
0
0
2.648
2.448
0
2.548
2.448
1.224
0
0.2
2.448
1.936
1.324
1.224
1.224
1.224
1.224
0
0.1
0.3
0
0
0
1.224
1.424
1.224
0
1.224
1.224
2.548
3.872
2.448
1.424
1.224
3.672
1.824
1.224
1.324
1.324
1.836
3.872
2.448
1.224
2.448
4.284
2.448
2.448
2.448
6.732
2.448
2.448
3.772
2.448
1.524
2.748
2.548
4.284
2.548
1.224
2.448
1.224
1.224
1.224
5.508
4.284
2.448
1.324
2.548
3.872
3.06
3.672
4.072
2.548
1.224
2.448
2.448
1.624
3.772
1.324
2.448
2.448
2.448
2.448
2.448
3.16
1.224
2.448
1.224
4.284
1.224
2.448
3.772
4.284
1.224
3.06
1.224
2.648
1.324
3.672
4.484
1.424
1.324
2.648
2.648
2.448
2.448
1.424
2.448
1.224
1.324
2.748
3.16
1.224
2.548
2.748
1.324
2.648
2.548
2.448
1.224
3.06
1.224
1.524
2.548
1.224
2.448
1.224
1.224
1.224
2.448
2.548
1.424
2.448
2.448
1.224
4.284
2.548
2.448
4.284
1.224
3.672
3.772
2.448
3.06
2.448
1.324
2.448
1.224
2.448
4.484
1.524
1.224
2.448
2.448
2.448
2.448
4.284
2.448
2.448
3.06
3.772
2.448
1.224
1.524
2.448
2.448
3.672
1.224
3.772
2.648
2.448
4.284
2.448
2.448
2.748
2.648
3.772
1.224
2.448
2.448
2.448
2.448
2.548
1.324
2.448
1.224
3.672
1.324
2.648
2.548
4.384
3.772
2.448
3.672
1.224
2.548
2.448
2.448
3.16
2.548
2.448
2.548
1.224
1.324
2.448
1.224
1.224
1.224
5.508
5.908
2.648
8.632
3.772
2.448
1.224
2.448
1.224
2.448
4.284
1.224
3.672
2.448
2.848
2.448
1.224
2.448
1.224
1.224
4.284
2.448
2.448
1.224
2.548
2.448
2.448
3.06
2.948
1.224
2.448
2.448
2.448
4.284
2.448
2.448
1.224
2.448
1.224
2.448
1.324
3.26
2.448
1.224
1.224
2.448
1.224
3.772
3.06
1.224
2.548
1.224
1.224
2.648
2.448
3.672
1.224
1.224
1.224
2.548
1.224
1.324
3.672
3.772
1.324
1.224
2.448
3.772
4.284
2.548
2.448
4.284
1.224
1.324
3.672
1.224
3.772
4.284
1.224
2.548
2.448
2.448
1.324
1.224
2.548
1.224
2.448
2.448
1.224
3.672
3.672
5.808
3.672
1.224
1.224
2.648
1.224
4.896
4.284
4.284
2.448
1.224
1.424
3.772
2.448
2.448
3.672
2.448
2.548
2.548
1.224
2.448
2.448
3.972
2.548
2.548
2.448
3.16
2.448
3.672
1.224
3.672
2.548
2.448
1.224
2.448
3.16
1.224
1.224
2.448
1.224
1.224
1.524
3.672
2.448
3.772
3.772
1.324
1.224
2.448
4.384
1.224
2.448
4.484
2.448
2.448
2.448
2.448
1.224
1.224
2.448
1.224
2.448
2.448
1.224
1.224
2.448
2.448
1.424
2.448
2.548
3.06
2.448
2.448
1.224
3.46
2.448
1.324
3.672
1.224
4.384
2.448
4.284
2.648
1.224
3.672
2.448
2.448
1.224
2.448
2.448
2.448
2.448
3.772
1.224
2.548
3.772
1.224
2.448
2.448
2.448
2.448
1.824
3.972
1.224
1.324
1.324
3.672
2.448
2.448
2.548
5.508
1.224
5.708
3.06
2.548
3.872
2.448
1.224
1.224
2.448
2.448
3.772
2.548
1.224
3.672
3.672
2.548
2.448
1.224
4.384
2.448
2.648
2.448
1.224
1.224
5.708
3.672
1.224
1.224
1.324
3.772
4.284
1.324
1.424
4.284
2.548
4.284
2.448
2.548
3.06
1.224
2.448
2.448
2.448
2.448
2.648
2.448
2.448
3.672
1.224
1.224
2.548
2.448
4.172
1.224
4.584
2.448
4.384
4.284
1.224
1.224
2.448
2.448
3.672
1.224
1.224
2.748
4.384
2.448
4.284
1.224
2.448
1.324
2.448
1.224
1.224
1.224
2.448
2.448
2.448
2.448
1.224
4.284
1.224
2.448
1.224
2.448
2.448
1.224
4.996
2.848
1.224
1.224
2.448
3.672
7.332
2.648
1.324
2.648
2.448
3.672
2.648
1.224
3.872
2.448
2.448
2.448
4.384
2.448
3.872
2.448
3.672
1.224
4.384
1.224
3.672
2.448
3.06
2.448
5.096
1.224
2.448
1.424
3.672
3.772
2.448
2.548
1.224
1.224
1.224
1.224
1.224
2.548
3.672
3.672
1.424
1.224
1.224
1.324
1.524
2.548
2.448
2.448
1.224
1.224
3.672
1.224
3.672
2.448
2.648
4.584
5.608
3.06
4.284
1.224
2.948
2.648
2.548
3.672
1.224
2.448
6.932
2.448
4.072
1.224
2.748
2.448
3.872
1.224
2.448
2.448
1.424
2.448
2.448
2.448
5.608
5.508
5.508
3.672
3.772
2.648
2.448
3.772
3.772
3.672
2.648
1.224
1.224
2.548
1.224
1.224
2.448
2.448
1.224
1.224
5.808
2.548
4.484
2.448
1.524
1.224
1.224
4.384
3.672
4.284
3.16
3.16
3.16
2.448
3.672
5.508
5.708
5.508
5.608
1.224
5.508
3.672
1.224
3.672
1.224
3.672
3.672
3.872
3.772
3.672
2.448
3.672
2.448
3.672
3.672
3.772
0.1
0
1.324
1.324
1.224
3.06
3.672
0
2.448
0
1.324
1.224
0
4.284
0
0.7
3.06
0.3
0
2.448
2.448
1.324
1.224
0.1
0
1.836
1.224
1.224
0.2
1.224
0
1.224
1.224
2.448
2.448
0
1.224
0.5
1.224
1.324
2.448
1.224
0
1.424
0
0
0
1.224
1.224
1.224
0.2
0
0.1
1.224
1.224
0
0
1.224
1.224
1.224
1.924
0
1.224
1.224
1.224
0.1
1.224
0
0
2.448
2.448
0
0
3.06
1.224
1.224
2.748
2.448
1.424
0.1
1.324
3.06
0
1.224
0.1
0
1.224
1.224
1.224
1.324
0
2.448
3.872
1.224
0
1.524
1.224
1.224
0
0
1.324
2.448
2.448
0
1.224
2.448
1.224
3.06
1.624
1.224
1.224
0
1.324
0
1.424
0
1.224
1.224
1.324
1.836
0
0
0
0
0
2.448
3.672
1.224
0
1.224
1.224
2.448
1.224
0
0
1.324
1.224
3.06
1.224
1.324
1.224
1.224
1.224
0.1
1.224
2.448
1.324
1.224
0
1.224
1.224
1.224
1.224
4.484
0
0
0
1.224
1.224
1.324
0
1.224
1.224
0.1
2.448
0
1.324
1.324
0
1.224
2.548
1.224
1.424
1.324
1.224
0
1.224
1.224
1.224
2.548
1.224
0.1
1.224
0.4
1.224
0
0.1
0
0
1.324
1.224
1.224
1.224
2.448
1.224
1.424
1.224
0
3.672
1.224
1.224
1.224
0.2
1.224
1.324
0
1.324
0
0.2
2.448
2.548
1.424
2.448
1.224
2.448
0.3
1.224
1.224
2.448
0
1.224
1.224
0
0.2
1.224
1.224
1.224
1.224
1.224
2.648
1.224
1.324
1.324
0
1.324
0.1
1.224
1.224
0
4.384
1.224
1.224
1.224
3.06
0
1.224
1.224
1.224
1.324
1.224
1.324
2.448
1.324
2.448
0
0
0
1.224
0.5
0.3
1.224
0
1.836
0
1.224
1.224
0
1.424
1.224
1.224
0
1.224
1.424
1.224
2.548
0
2.548
1.424
2.036
0
0
2.448
2.448
0
1.224
2.448
1.224
1.224
1.224
1.224
1.224
1.224
1.224
1.424
2.448
1.324
2.448
3.16
2.448
0
1.224
3.06
0
1.224
1.224
1.224
0
0
1.324
1.224
1.424
1.224
1.224
2.448
0.1
3.772
0.2
1.224
1.836
0
1.224
2.548
0.1
1.224
1.224
1.224
0
1.324
2.448
2.548
1.424
1.224
1.224
1.224
1.224
1.224
1.224
0
1.224
1.224
1.424
1.224
1.424
1.224
1.224
1.224
0
2.448
2.448
1.224
0.1
1.224
4.284
0.1
1.324
0.1
0.1
1.224
4.284
1.224
1.224
0.1
2.548
1.224
0
0
0
2.448
0
0
1.224
1.224
1.224
1.224
1.324
0
1.224
1.224
1.224
1.836
1.224
1.224
1.324
0
1.224
0
1.224
1.224
1.224
1.224
1.224
1.224
1.224
2.448
1.224
1.224
2.548
0
0
1.324
2.448
0
2.548
0
0
1.424
0
1.836
0
1.224
1.224
3.26
2.448
2.448
1.224
2.448
1.224
1.324
0
2.448
3.06
2.548
1.224
1.424
1.424
1.324
0
1.224
1.224
2.448
1.324
1.224
1.224
1.324
1.224
0
1.224
1.836
1.324
0
1.324
0
1.224
2.448
1.224
1.224
2.448
3.672
1.224
3.06
3.672
2.648
1.224
0.1
2.448
0
0
1.324
0
0
1.224
1.224
1.224
0
3.16
2.548
0
2.448
0
0.3
0
2.448
1.936
1.224
1.324
0
0.2
1.224
1.324
1.224
1.224
1.324
1.224
2.648
0
1.224
1.224
2.448
1.224
0
1.224
1.224
1.324
4.284
1.836
1.324
1.224
0
2.448
0
2.448
0
1.224
0.1
0
1.224
1.224
1.224
1.224
0
1.224
0.1
1.224
1.524
2.548
0
1.224
1.224
1.224
1.224
1.324
1.224
1.324
0
0
0.2
0
1.224
1.224
0
1.224
0
1.424
0.1
1.224
1.224
1.324
1.224
1.224
1.224
1.224
0
1.324
1.224
0
1.224
4.584
1.224
1.224
1.224
0
1.224
1.224
1.324
1.224
1.224
1.224
0
2.448
2.448
1.224
0
1.224
1.224
1.324
0
1.224
0
0
1.224
1.224
1.224
1.324
1.224
1.324
1.424
1.224
2.448
0.2
4.284
1.224
1.224
0
3.16
1.224
2.448
0
1.224
0
0
0.1
1.324
4.284
1.224
1.324
1.324
1.224
1.224
1.224
0
1.224
0
1.224
2.448
1.524
1.224
1.224
0
1.224
1.324
1.224
1.524
1.224
1.224
1.224
1.224
2.448
1.324
2.648
1.224
3.672
1.224
1.224
2.448
0
2.448
0
0
1.224
1.224
1.224
1.224
1.224
1.224
0
0
1.224
1.224
0
1.224
1.224
1.324
1.224
1.324
0
0
0
0
1.624
1.224
0
0
2.648
1.224
0
1.224
1.424
4.284
1.224
2.036
1.224
0
0
2.548
1.424
0
0
0
1.524
1.224
1.224
1.324
0
1.224
4.284
1.224
0
3.06
0
0
1.224
2.448
1.224
1.224
1.224
1.324
2.448
4.384
0.4
2.448
2.448
1.324
0
0.1
0.4
0
1.224
4.284
1.224
0
1.224
1.224
0.1
1.324
0.1
1.424
1.836
2.648
1.424
1.924
2.448
1.224
1.224
1.836
2.548
1.224
2.448
1.224
1.224
1.224
1.224
1.224
1.224
1.224
1.224
2.648
1.224
1.224
0
1.224
0.3
1.224
3.06
1.224
3.772
2.448
1.424
1.324
1.424
2.448
2.448
1.324
2.548
2.548
1.324
4.284
1.424
3.06
1.224
1.224
2.448
1.424
0
1.324
2.548
1.724
0
1.324
1.224
1.324
0
1.324
1.224
1.424
1.224
1.224
2.448
1.324
1.224
1.224
0
1.324
0
4.584
1.224
2.748
2.448
2.548
0
4.284
0
2.448
1.836
1.224
1.224
0.1
1.324
1.224
2.448
1.224
1.324
0
0.2
0
3.772
1.224
0
0
1.224
1.224
1.836
0
2.648
0
0
0
3.872
1.836
1.224
3.76
2.548
1.224
3.06
1.424
1.524
1.524
1.324
1.224
1.224
2.548
3.06
1.224
1.324
1.224
0
0
0
3.06
3.16
0
1.424
0
3.06
1.836
2.448
0
1.224
1.324
1.524
1.424
0
0.1
1.224
0
2.448
0
1.224
1.524
1.224
2.448
1.324
0
1.224
1.224
0
1.724
2.448
3.972
2.548
1.224
0
2.448
0
3.672
3.772
2.448
2.448
2.448
2.548
3.672
2.448
3.672
1.224
2.548
0
1.224
3.06
1.224
1.224
0.1
0.2
1.724
1.224
1.224
3.772
0.2
3.772
