0
0.1
2.648
3.16
2.548
0
0
0
0.1
0
0
1.224
0.1
0
0.2
0
0
0
0
0
1.224
1.224
0
0
1.836
0
0.3
1.324
2.448
1.224
0
2.448
0.1
0
0
0.3
0
0
0
0.2
0
1.424
0
0
0
1.224
0
0
0
1.224
1.224
0
1.224
0
0
0
0
0
0
1.324
0.3
0.2
0
0
0
0
0
0
1.424
0.2
0.1
1.224
0.2
0
1.524
0
0
0
0
0
1.324
0
1.224
0
0
0
0
0
0
0.1
0
0.1
0
0
0
1.224
1.324
0
0
0
0
0.1
0
0
1.836
0
0
0.2
0
0
0
0
0
1.224
0
0.1
0
0
0
0
0.6
0
0
0
0
0
0
1.224
0
1.524
0
0
0
0
1.324
0
1.324
1.224
1.324
0
0
0
0
1.224
0
0
1.224
0
0
0
1.224
0.1
0.1
0
0.1
0
0
0
0.2
0.1
0
0
0
0
0
0
0
0
0
0.6
0
0.1
1.224
0
1.224
1.224
0
0
1.224
0
0
1.324
0
1.224
0.2
1.324
1.224
1.224
0
1.324
0
1.224
0
1.324
1.224
1.224
1.224
0
1.224
0
0.1
0.1
0
0
0.3
0
0
1.324
1.224
0
1.224
0.2
0.1
0
0
0.2
0.1
0.3
0
0
0
1.224
3.148
2.448
2.448
2.448
2.448
2.448
2.748
2.448
2.648
2.448
1.324
1.936
3.26
0
1.624
1.224
0
1.224
1.836
1.624
3.26
1.224
0
0
0
0
1.224
2.236
0
0
0
0
0
1.224
0
0
1.224
1.224
3.26
0
0
0.1
1.224
0
0.1
1.224
0
1.224
0
0.1
0
1.424
0
0
1.224
0
1.224
0
1.224
1.224
2.648
2.448
2.448
0.1
1.324
1.224
1.424
1.224
1.224
2.448
0
0.2
0
0
0
0
0
0
0
0
0
0
0
0
0.1
0.1
0
0
1.836
0
1.224
0
0
1.224
0
1.224
0
1.224
0
0
0
0
0
0
0
0
0
0
0.1
0
0
3.16
3.06
0
0
0
0.1
0
0
1.224
0.4
0
0
3.16
1.224
3.16
0
0
1.224
0.1
0.1
0.2
0
1.836
0
0
0
1.424
1.224
0
1.224
1.224
1.224
0
1.936
1.224
1.836
1.224
1.224
1.224
1.836
3.06
0
0
0
0
0.1
0
1.224
1.824
1.224
0
1.224
1.324
2.448
2.848
1.224
3.26
1.224
2.448
3.76
1.224
3.16
1.224
0
1.224
1.224
1.224
2.548
4.384
1.224
2.448
2.448
2.448
2.448
2.448
4.484
2.448
1.524
2.648
1.224
1.224
1.224
1.324
1.324
1.224
1.224
1.224
2.448
2.548
2.648
1.324
1.224
4.384
1.224
2.548
4.584
4.384
3.06
1.224
4.284
3.26
4.484
1.224
1.224
1.324
2.948
1.224
4.284
1.224
1.224
1.224
1.224
4.284
1.224
2.448
4.384
2.548
1.224
1.224
1.224
2.548
1.224
1.224
1.224
1.224
3.06
4.684
2.748
2.448
2.548
3.36
4.284
1.224
1.224
2.948
1.224
1.224
2.448
1.424
1.224
3.16
2.548
2.648
1.424
1.224
1.324
1.624
2.448
1.224
1.224
1.224
1.224
1.224
2.448
3.16
1.224
2.448
1.224
1.224
4.384
4.384
1.224
1.224
1.224
2.448
2.648
2.448
1.324
2.548
3.16
1.224
3.06
2.448
4.384
3.46
1.224
1.224
1.224
2.648
2.448
2.448
2.448
4.284
1.324
2.648
4.284
1.224
1.424
2.448
1.224
4.284
1.224
2.648
4.484
2.448
1.224
1.224
2.548
2.448
2.548
2.448
1.224
2.548
1.224
1.324
2.548
1.224
1.224
2.448
1.224
1.424
3.16
2.448
4.284
2.748
2.448
1.224
1.224
1.224
4.384
2.448
1.224
3.06
2.448
2.548
2.548
1.224
1.224
1.224
1.324
1.224
1.224
2.448
1.324
4.384
2.548
2.448
2.448
1.224
2.448
3.06
2.548
1.224
1.224
2.448
2.648
1.224
2.448
1.224
2.548
1.224
1.224
2.448
2.448
1.224
1.224
5.884
2.448
2.448
1.224
3.26
1.224
1.224
2.448
2.548
1.224
2.448
1.224
1.224
1.424
1.224
2.448
1.224
1.624
2.448
1.224
1.224
1.224
1.224
4.384
1.224
1.224
3.16
1.224
3.06
1.524
2.448
2.448
1.224
3.06
1.324
4.284
1.224
3.16
4.384
2.648
3.06
3.16
4.384
3.26
4.284
2.548
1.224
4.284
1.224
3.06
4.384
1.324
4.584
1.224
1.224
4.384
1.224
1.224
3.36
1.224
4.484
1.224
1.224
1.224
3.16
2.448
2.448
2.448
4.384
1.224
1.224
2.748
3.26
2.548
4.284
1.224
2.448
1.224
3.06
2.448
1.224
2.448
2.448
2.448
2.448
4.484
1.224
2.448
2.448
4.384
2.548
3.06
3.06
1.524
1.224
4.284
1.224
2.448
2.448
4.384
1.224
2.648
3.16
1.224
1.224
2.548
3.06
1.224
1.224
2.448
2.448
2.448
4.284
1.224
1.324
2.448
1.324
1.224
2.548
4.384
1.224
4.384
1.224
2.548
1.224
1.224
1.224
1.224
2.548
2.448
1.224
1.224
2.448
4.384
1.324
1.224
3.06
1.224
1.224
4.284
1.224
1.224
2.448
3.36
4.284
1.224
4.384
2.448
4.284
4.384
1.224
2.648
3.06
2.548
1.324
2.448
2.648
2.448
4.284
4.484
1.224
1.224
4.284
1.324
2.448
2.448
2.448
2.448
1.524
2.648
1.224
1.224
1.324
2.448
2.448
1.224
2.448
2.448
1.224
2.448
1.224
2.648
2.448
1.224
1.224
1.224
1.224
2.448
2.548
2.448
1.224
4.284
4.284
2.448
1.224
1.224
4.284
2.448
1.224
1.224
1.224
1.224
2.448
4.284
1.224
1.224
3.06
2.448
1.224
1.224
1.324
2.648
1.224
4.284
2.448
2.448
1.224
1.224
1.224
4.284
2.548
1.224
2.548
4.284
4.284
2.548
1.224
1.224
2.448
2.448
2.548
1.224
2.648
4.284
3.16
2.548
1.224
1.224
1.224
1.224
2.448
1.224
1.224
5.184
4.284
1.224
4.284
1.224
1.224
1.224
1.224
3.06
1.224
1.224
2.548
2.448
2.448
2.448
1.324
1.224
1.224
2.448
1.224
2.748
2.448
3.06
2.448
2.548
1.224
1.324
2.448
2.448
2.548
2.448
1.224
2.748
1.224
1.224
2.748
1.224
2.448
2.448
1.224
2.648
4.384
2.448
4.484
3.26
3.16
1.224
4.284
1.224
4.384
2.548
1.424
2.648
4.384
1.224
1.224
1.224
4.284
2.548
2.448
1.324
3.06
1.324
1.224
1.224
1.324
2.648
1.224
1.224
3.16
1.224
1.224
1.224
1.324
4.684
2.448
1.224
1.224
3.06
2.448
1.224
2.448
2.448
1.224
2.648
2.448
1.224
1.224
1.224
4.784
4.884
2.448
2.448
3.06
2.448
2.448
2.448
2.548
1.324
3.248
2.548
2.448
1.324
4.484
2.448
1.324
2.448
2.448
2.448
2.448
2.448
2.448
4.284
2.448
2.548
2.448
4.484
4.284
4.384
2.548
1.324
1.324
2.648
1.224
1.224
1.224
3.06
1.224
3.06
3.048
4.384
2.648
2.448
1.224
1.224
1.224
4.384
2.448
4.484
1.224
1.224
1.324
2.448
2.448
2.448
2.448
2.548
2.548
1.224
2.448
4.284
1.224
2.448
1.224
2.448
2.848
2.648
2.548
2.748
2.548
2.448
2.548
3.16
3.06
2.548
1.836
0
1.224
1.924
1.224
1.836
1.224
0
1.224
0
1.424
3.06
0
1.224
1.836
0.2
0
0
0.1
1.224
4.384
1.324
1.224
0.1
0
0
1.224
0
0.2
1.224
0
0
1.224
0
0
0
0
0
1.324
0
1.224
0
0
1.224
0
0
0
1.224
1.224
0
0.1
0.1
1.836
1.224
0
0
0
1.224
1.224
1.224
1.424
0
1.224
0
1.324
0.1
0
0
0
1.524
1.224
0
1.836
0
1.224
1.224
1.224
1.224
0.2
0
0
0
0
0.1
0
0
1.224
0
1.224
1.324
0.1
1.324
1.324
1.224
0
1.224
1.324
1.224
0
0
1.224
1.224
1.224
0
1.224
1.324
0
0
1.524
1.324
1.224
0
1.424
1.836
1.324
0
1.224
1.224
0
0
0
0.1
0
0.1
0.1
1.224
1.224
1.324
0
1.324
1.224
1.224
1.224
0
0
1.224
0
1.224
1.224
1.224
1.224
1.224
1.224
0
1.324
1.224
0
1.224
0
0
0
0
1.224
1.324
0
0
0
1.224
0
1.224
0
1.224
0
0
1.224
0
0.1
1.224
0.2
1.224
1.224
1.224
1.324
0
1.224
0
0
0
1.324
1.224
1.324
0
1.224
0.1
0.1
0
0
0
1.836
0.1
0
1.224
1.224
1.224
0
1.324
1.224
0
1.224
1.224
0
1.324
0
1.224
0.2
0
1.224
0
0
1.424
1.224
1.424
1.324
1.224
1.224
0.5
1.224
0
1.224
0
1.324
1.224
0.1
0.1
0
0
0
0
1.224
1.224
1.324
1.224
1.424
0
1.324
0.2
1.224
1.224
0
1.224
1.224
0
0
1.224
0
1.224
1.224
1.224
1.324
1.224
0.1
1.324
0.2
1.224
0.1
0
0
1.224
0.1
0
0
0
0.1
0
1.224
1.224
0.1
1.324
1.324
0
0
0
0
0
1.224
0
1.224
0
0
0.1
0
1.224
1.224
0
1.324
1.224
1.224
1.224
1.224
0
1.324
1.324
1.224
1.224
1.224
1.324
1.224
1.224
1.224
0
1.224
0
0
1.224
1.224
1.224
0.1
0
0
0
0
0
0
1.224
0.1
1.324
0.1
1.224
0.1
0
1.224
1.324
0
0
0
1.224
0
1.224
1.224
1.324
0
1.224
0
1.224
0
1.224
0.1
0
1.224
1.224
1.324
1.324
0
1.324
0
0
0
1.224
1.224
1.224
0
1.224
1.224
0
0
0
0
0
1.224
1.324
0
0.1
1.224
0
0
0
0
1.224
0
0
1.224
1.224
1.224
1.224
0
0
1.224
1.224
1.324
0
0.2
1.224
0
0
1.224
0
1.224
0
1.224
0
1.224
1.224
1.324
1.224
1.224
0.1
1.624
0
0
1.224
1.224
0
1.224
0
0
0.1
0
1.836
0
1.224
0
1.424
1.224
1.524
0
1.224
1.836
0
0
1.224
0
1.224
1.224
0.3
1.324
0.2
0
0
1.224
1.224
0.2
0
1.224
1.324
0
0
1.224
0
0
0.1
0
0
1.224
1.224
0
0
1.324
1.224
1.224
0
1.224
1.524
1.524
0
1.224
0
0
1.224
0.1
0.1
1.224
1.224
1.224
0
1.224
1.224
0
1.224
0
0
0
1.224
0
0
1.224
0.1
0.1
1.224
0.1
1.224
0
1.224
1.224
1.524
0
1.224
1.324
1.224
1.224
0
1.224
0
1.324
1.224
0
1.324
0
0
1.224
0
1.224
0
0
0
0
1.224
0
0.1
1.224
0
1.224
0
1.224
0
1.224
0.1
0
1.224
0
0
1.224
0
1.324
0
0
0
0
0
1.224
0.1
0
0
1.224
0.1
1.224
0
0
1.224
0
1.224
1.224
1.836
0
0
0
1.224
1.224
1.224
0
1.224
0
1.224
0
1.224
1.224
1.224
1.224
0
1.224
1.224
1.324
0.1
0
1.224
1.224
0
0
0
0
0
1.224
1.224
0
1.224
0.2
1.224
0
1.324
0
1.224
1.224
0.1
0
1.224
1.224
1.224
0
1.224
0
0
0.1
1.224
1.224
0
0
1.224
1.324
0
1.224
0
0
0.1
1.224
1.224
1.224
1.224
1.224
0
0
0.1
0
1.524
0
0
0
0
1.224
1.324
1.224
1.224
1.224
1.224
1.224
1.324
0
1.224
0
0
0
0
1.224
1.224
0
1.224
0
0
1.224
1.224
0
1.224
0
1.324
0
0
0
0
0
0
1.324
1.224
0
0
1.224
1.224
1.836
1.224
1.224
1.224
0.1
0.1
0
0
0
1.324
0.1
0
0
0
0.2
1.324
0
1.324
0
1.224
1.224
1.224
0
0
0
0
1.224
1.224
0.1
1.224
0
1.224
1.224
1.324
0.4
1.224
1.224
0
0
0
0.2
0.1
0
1.324
1.224
0
1.324
0
0
0.1
0
3.06
0
1.224
1.224
1.424
1.224
1.424
1.224
0
1.224
0
1.424
1.224
0
1.224
1.324
1.224
1.224
0
1.224
1.224
0
1.224
0
1.224
0.2
1.324
0
0
1.524
1.224
0
0
0
1.224
1.224
1.224
1.324
1.224
1.224
1.224
0.1
0
0
1.224
1.224
1.424
0
0.1
1.224
0.1
0
0
1.224
0
0
1.324
0
1.324
1.224
1.224
1.224
1.224
1.224
1.224
0
1.424
0
1.324
1.224
1.424
4.284
2.448
0
1.224
0
1.224
0
0
0
0
0
0
1.224
0
0.2
0
0.2
0
1.224
0
0
0
3.06
0
0
0
3.26
0
0
0
3.16
0
0
1.524
1.224
1.224
1.836
1.624
3.36
0.2
1.424
0
0.1
1.524
1.224
0
1.224
3.06
1.836
1.936
0
0
0
0
0
0
1.836
0
1.424
0.1
0.1
1.224
0.2
3.26
0
0
0
0
0
0
0
0.3
1.324
1.224
0
0
1.224
1.224
0
3.56
1.224
1.324
1.424
0
0
1.224
2.036
2.548
2.448
2.448
4.484
1.224
1.224
2.648
2.548
2.448
1.224
2.448
0
1.224
3.06
1.224
0
0
0
0.4
0
0
1.524
0.1
1.324
