0.4
0.2
2.224
3.66
1.324
0
0.1
0
0
0
0.2
0
0.2
1.2
0.4
0
0
0
0
0.2
1.224
1.424
0
0
2.236
0.2
0.1
2.748
2.448
2.448
0.1
1.224
1.8
0
0.3
0.2
0
0
0.1
0.4
0.1
0.7
0
0
0.1
0
0.2
0.1
0.2
1.424
0
0
1.624
0.2
0
0
0.1
0
0
0.3
1
0.6
0.1
0.4
0.3
0.1
0
0
0.3
1
0.5
0.1
0.4
0.1
1.3
0.9
0
0.4
0
0
0.3
0
0
0
0.1
0
0
0
0
0.7
0
0.1
0.1
0
0
0.1
0.1
0.1
0
0
0
0.4
0.3
0.1
1.836
0
0
0.8
0
0
0.5
0
0
0
0
0.4
0.1
0
0
0
2.3
0
0
0.7
0.1
0
0
0
0
0.2
0.1
0.1
0.5
0
0.3
0.3
0.1
0
0.2
0.9
0.2
0.1
0
0.1
0
0.1
0.1
0.1
0
0
0.1
0.1
0
0.2
0.4
0.4
0.2
0.3
0.7
0.2
0
0
0
0
0
0
0
0.2
0
1.5
0
0.3
0
0
0.1
0.2
0.1
0
1.224
0.6
0.2
0.4
0
0
0.5
0.3
0.5
0
0
0
0.6
0
0.1
0.6
0.1
0.1
0
0.2
1.224
0.5
0.6
0
0
1.724
1.5
0
0
0.3
0.2
0
0
0.1
1
0.1
0
1.7
0.1
1
0
1.224
0
0
2.124
1.324
1.224
1.524
1.224
1.224
1.424
1.224
1.424
1.224
0
1.936
1.936
0.1
1.3
0.1
1.224
0.1
1.836
0.5
2.836
1.224
0
0.2
0
0.1
0
2.836
1.224
0
1.224
0
0
0
0
0.5
0.3
0.3
3.16
0
0.1
0.2
0
0
0.9
0
1.324
1.224
0
0.2
1.324
0.1
1.1
1.424
0
0
0
0
1.224
1.224
1.924
1.224
1.424
0
0.1
0.1
1.524
1.324
1.224
1.224
0
1.1
0
0
0
0.2
0.1
0.1
0.2
0
0.4
0.2
0.2
0
0.3
0.2
0.2
0.3
2.636
0
0
0
0
0.3
0
0
0
0
0
0
0.1
0.8
0.1
0
0
0.1
0
0
1
0
0
1.936
1.936
0
0
0.1
0.9
0
0
0
0.9
0.1
0.3
2.236
0.1
2.036
0.9
0.1
0
0
0.8
1.5
0
1.836
0
0
0
0.7
0
0
0
0
0
0.3
2.036
0
2.036
0
0
0
3.26
1.836
0
0
0.5
0
0
0.1
0.1
0.8
1.224
0
1.224
1.824
1.324
1.724
1.624
3.36
1.324
1.224
4.66
1.224
3.56
0
0
2.848
1.224
1.224
1.324
3.16
1.224
1.724
1.324
2.448
1.224
1.224
5.284
1.224
2.224
1.624
1.524
2.448
2.548
1.224
1.224
1.224
1.224
1.224
2.448
1.524
1.224
1.724
1.224
4.584
1.224
1.224
5.684
3.76
3.36
1.424
3.66
3.86
5.084
1.824
1.224
1.724
1.424
1.324
3.06
1.424
1.224
1.224
1.224
3.06
1.224
1.324
4.784
1.424
1.224
1.424
1.224
1.224
1.324
2.448
2.948
1.224
3.06
4.16
1.524
1.224
1.224
4.26
3.06
1.424
1.824
2.424
1.724
1.224
1.724
2.524
1.324
3.06
1.424
1.624
1.824
1.224
1.424
1.624
1.224
1.224
1.224
1.224
1.524
1.424
1.324
3.66
1.424
1.224
1.224
1.224
3.26
3.26
2.648
2.448
1.224
2.548
2.948
1.324
1.324
1.524
4.16
1.224
3.26
1.224
3.26
3.96
1.224
2.448
1.224
1.324
1.224
1.224
1.224
3.16
1.224
1.324
3.06
1.224
2.424
1.324
1.224
4.284
1.224
2.648
3.96
1.224
2.448
1.224
1.224
1.924
1.624
1.224
1.324
1.524
1.224
1.424
1.224
1.324
2.124
1.424
1.624
2.848
3.26
1.324
3.56
1.824
2.448
1.224
2.448
1.624
3.66
1.524
1.224
3.16
1.224
1.324
1.424
1.224
1.624
1.424
1.324
1.224
1.424
1.224
3.348
3.66
2.948
1.324
1.224
1.224
1.224
3.06
1.224
2.448
1.224
2.448
1.324
1.924
1.324
1.224
1.324
1.224
1.524
1.424
1.224
1.224
1.224
3.26
1.224
1.324
1.224
11.084
1.324
1.224
1.324
1.424
2.548
1.224
1.224
1.224
2.648
1.224
1.224
1.424
1.824
1.624
1.224
1.224
1.224
1.324
5.584
1.324
1.224
5.684
1.224
3.06
2.424
1.624
1.224
1.224
3.26
1.424
3.46
1.224
3.36
4.384
1.624
3.16
3.06
3.06
4.484
3.26
1.424
2.548
3.16
1.224
3.16
4.284
1.324
4.884
1.224
1.224
3.36
1.224
1.324
3.66
1.224
3.26
1.224
1.224
1.324
3.76
2.448
2.448
2.748
4.284
1.224
1.224
2.024
3.26
2.748
3.06
2.948
1.224
1.224
3.26
1.524
1.224
1.224
2.548
1.424
1.324
3.96
1.224
1.224
2.024
3.76
1.324
3.06
3.06
1.924
1.224
4.384
1.224
2.448
1.524
3.06
1.424
1.324
3.06
1.224
1.324
1.224
3.36
1.224
1.424
2.448
1.324
2.548
3.36
1.224
1.324
1.224
3.348
1.324
1.424
3.96
1.224
3.36
1.224
1.224
1.324
1.224
1.224
1.224
1.324
1.424
1.224
1.324
1.224
3.16
1.224
1.324
3.26
1.224
2.448
3.06
1.324
2.924
1.224
3.56
4.484
1.224
3.16
1.224
3.16
3.46
1.224
1.224
4.784
1.524
1.424
1.224
1.424
1.224
3.06
3.16
1.224
1.224
4.384
1.424
1.224
1.224
1.424
1.224
3.124
2.224
1.524
1.524
1.224
2.548
1.224
1.224
1.224
2.548
1.224
2.748
1.324
1.424
1.524
1.224
1.224
1.224
1.224
1.324
2.648
1.424
1.224
3.16
3.16
1.224
1.424
1.224
3.26
1.324
3.048
1.224
1.524
1.624
2.548
4.484
1.224
1.724
3.06
1.324
2.448
1.324
2.224
1.424
1.424
3.06
1.224
1.224
1.224
1.524
1.224
3.56
1.224
1.224
1.324
3.06
3.16
2.548
1.224
1.224
1.324
1.224
2.548
1.224
1.924
3.06
4.584
1.224
1.224
1.224
1.224
1.224
1.324
1.224
1.224
3.66
3.06
1.324
3.06
1.324
1.224
1.324
1.224
3.06
1.324
1.324
1.324
1.524
1.324
1.224
1.224
1.224
1.224
1.424
1.224
1.624
1.324
3.06
2.548
2.024
1.224
1.324
1.224
2.448
2.848
1.424
1.224
1.624
1.624
2.448
1.824
1.224
1.224
1.224
1.324
1.424
3.16
1.224
5.184
4.36
4.284
1.324
3.06
1.224
4.284
1.224
1.324
1.224
4.484
1.224
1.224
1.324
3.06
2.948
1.224
2.948
3.06
1.224
1.224
1.224
1.224
1.524
2.448
2.548
3.56
1.224
1.224
1.424
2.024
3.96
1.424
1.224
1.424
3.06
1.324
1.224
1.624
1.224
1.524
1.824
2.448
1.424
1.424
1.224
3.66
4.36
1.224
2.448
3.06
1.224
3.148
1.224
2.424
1.324
2.124
1.224
2.748
1.324
3.26
1.224
1.724
1.424
1.524
1.224
2.548
2.448
2.448
4.284
2.548
1.424
1.224
4.584
4.884
4.484
1.424
2.224
1.224
1.424
1.224
1.324
1.224
3.16
1.324
3.46
3.548
3.26
1.624
1.224
1.624
1.224
1.224
3.16
2.548
3.36
1.224
1.724
1.724
1.224
1.424
2.548
2.648
3.048
2.548
1.524
2.648
4.584
1.224
2.448
1.324
2.448
2.948
2.848
2.448
2.648
1.224
3.148
1.324
4.284
4.384
3.248
2.236
0.1
0.1
0.5
0.3
3.86
1.424
0
1.224
0.1
0.4
2.036
0
1.224
1.836
2
1.224
0.7
0
0
3.06
0.3
0
0.4
0
0.3
0
0
0.3
0.1
0
0
0
1.224
1.224
0
0
1.5
0
0.5
0.2
0
0
0
0
0.1
0
0
0
0.3
0.4
0.3
2.436
0.1
0
0.2
0
0
0
0.2
1.7
0.1
0
0.5
0
0.6
1.324
0.1
0
0.3
0.2
0.1
1.836
0
0
0
0.6
0.2
0.7
0.2
0.1
0.2
0
0.1
0.1
0.1
0.1
0.3
0.1
0.3
0.1
0.1
1.324
0.1
0.1
0.3
0.2
0.1
0
0
0
0.2
0.1
0.1
0
0.1
0.1
0
1.3
0.1
0
0
0.3
1.836
0.9
0
0.1
0
0.1
0
0
0
0
0.1
0.3
0
1.224
0
0
0.5
0
0
0
0
0
0.3
0.9
0
0.1
0.6
0.1
0
0.2
0.2
0
0.2
0
0
0
0.2
0.4
0.1
0.2
1.624
0.1
0
0
0.1
0
0.1
0
0
0.3
0
0
0
0.2
0.1
0
0.1
0
0.2
0.3
0
0
0.7
0
0
0
0.3
0.3
0.1
0.2
0.8
0.2
0.1
0
0.1
1.836
0.3
0.3
0
0
0
0
0.3
0.3
0
1.224
0
0
0.1
0.5
0
0.4
0
0.3
0
0
0.4
1.324
0.8
0
0.2
0.2
1.6
0
0
1.424
0.1
0.1
0
0
0.2
0.4
0.3
0
0
0
1
0.1
0.1
0.4
0
0.5
0.1
0
0
0
0.3
0
0
0
0.1
0.2
0
0.1
0.1
0.2
0.1
0.4
0.2
0.2
0.1
0.1
0
0
0
0.9
0.5
0
0
0.2
0
0.1
0.1
0
0.3
0.2
0
0.2
0.1
0.3
0.1
0.1
0
0
0
0.6
0.3
0
0
1.224
0
0
0.3
0
0
0.1
0.1
0
0
0
0.2
0.3
0.4
0.1
0.1
0.1
0
0
0.3
0.1
0
0
0.2
0.1
0.1
0.2
0.1
0.2
0
0.1
0.3
0.8
1.324
0.4
0
0.1
0
0
0.8
0.2
0
0
0
0
0.1
1.224
1.324
0.1
0.2
0
0
0.1
0
0.1
0
0.1
0
0.1
0
0.7
0.1
0
0
0
0.5
0
0
0.5
0
0
0.2
0.2
0.2
0.1
0
0
0
0
0.2
0.1
0.4
0
0
0
1.224
0
0
0.3
0
0.1
0
0
0
0
0
0.2
0
0.4
0.1
0.3
0
0
0
0.1
0.1
0
0.1
0
0.1
0
0
0
0
0.4
0
0.3
0.1
0
0
0.1
0.4
0
0.3
0
1.936
0
0
0
0.2
0.7
0.4
0
0
1.936
0.3
0
0.1
0.2
1.424
0
0.7
0.2
0.8
0.1
0.1
0.2
1.224
0.3
0.1
0
0.3
0.1
0.1
0
0
1.324
0
0.1
0
0.1
0
0.1
0
0
1.224
0
0
1.324
1.1
0.6
0.4
0.5
0
0
0.3
0.1
0.2
0
0.3
0
0
0.2
0.1
0.1
0
0
0.9
0.1
0.1
0.3
0.2
0
0.5
0
0.1
0.3
0.2
0.1
0
0
0.6
0
0
0.3
0.1
0
0
0
0
0.5
1.324
0
0.3
0
0
0
0
0
0
0
0.3
0.3
0
0
0.1
0
0
0
0.1
0
0.8
0.1
0
0
0
0
0.1
0
0
0.2
0
0
0
0
0.1
0
0.8
0.1
0
0.2
0.7
0
0
0.2
0.1
0
0
0
1.936
0
0
0.1
0
0.9
0
0
0
0
0
0.1
0
0.1
0.1
0
0
0
0.2
0.1
0
0.1
0
0.1
0
0.1
0
0
0
0
0
0.2
0
0.4
1
0.1
0.1
0.3
1.224
0
0
0.1
0
0
0
0
0
0.2
0
0.1
0.5
0
0
0.2
0.1
0.4
0.3
0
0
0
0.2
0.1
0.1
0.3
0.1
0
0
0.2
0.4
0.1
0.2
0
0
0
0.3
0
0.2
0.8
0
1.424
0.1
0
0
0
0.2
0
0.1
0.2
0
0
0
0.1
0
0.2
0
0
0.1
0
0
0
0.1
0.1
0.5
0.1
0.2
0.2
0.2
0.9
0
0
0.1
1.624
0
1.936
0
0.2
0.2
0.4
0.3
0.1
0
0.2
0.7
0.3
0.3
0
0
0.9
0
0.2
0
0
0.1
0
0
0
0
0.1
0
0
0.1
0
0
0.3
0.4
0
1.324
2.3
0
0
0.1
0.1
0.3
1
0.8
0
0.3
0.1
0
0.1
0
0.4
0.8
0
2.336
0.4
0.1
0.1
1
0
0
0
0
0.3
0.1
0.3
0
0
0
0.3
0.1
0.1
0
0
1.424
0.4
0
0.1
0
0.2
0.1
0
0.1
1.824
1.424
0
0.2
0
0
0.1
0.1
0.5
0
0.1
0.1
0.7
0
0.1
0
0.3
0.2
0
0
0.2
0.2
0
0.2
0
0.3
0.2
0.2
0
0.4
0.5
0
0.2
0.1
0.1
0.2
0
0.7
0
1.624
0
0.4
3.06
1.224
0
1.224
0
2.024
0
0.1
0.2
0.2
0.6
0
0
0.2
0.5
0
1.2
0.1
1.324
0
0
0
3.16
0.1
0.1
0.5
3.56
0
0
0.1
3.16
0
0
3.824
2.648
0
3.06
0.7
2.936
1.5
0.6
0
1.3
1.524
0.1
0
0.1
1.836
1.836
2.036
0
0
1.424
0
0.3
0
3.06
0.1
1.224
0
1.224
0
1.324
2.236
0
0
1.224
0
1.224
0
0
2.124
0
1.224
0.1
0
0.1
0
0.1
2.936
1.224
1.624
0.1
0
0
1.224
1.836
2.448
2.548
1.524
3.06
1.224
1.724
2.648
1.324
2.448
1.224
1.624
0
0
3.06
0
0
0
0.1
2.2
0
0
3.248
1.2
2.948
