0.2
0
4.172
2.548
8.096
0
0
1.224
0.1
0
0
1.324
1.424
0.4
0.3
0
1.324
1.224
1.224
1.224
1.224
1.224
1.224
1.224
0.1
1.224
1.324
2.748
3.672
2.448
1.224
2.448
0.2
0
1.224
0
0
0
0
0.2
0
1.824
0
0
0
1.224
0.2
1.424
0
1.224
1.224
0
1.324
1.224
0
1.224
1.324
1.224
0
1.424
1.624
1.424
0
1.724
0.2
0
1.224
1.224
1.324
1.524
0.2
2.748
1.324
0
2.024
0.4
1.224
0
1.324
0
2.848
1.224
1.224
1.224
0
1.224
1.224
0
1.224
2.848
0.1
1.224
1.224
1.224
1.224
1.324
1.224
1.224
1.224
1.224
0
1.424
1.324
0
1.224
0
0
0
1.224
0
1.724
1.224
0
2.448
0.1
0.1
0.1
2.548
0
0.1
1.924
0.1
1.224
1.424
1.324
0
0
1.224
0.1
2.548
0.1
0
1.224
0
1.224
0.1
1.324
2.648
1.224
0.2
0.1
2.548
1.224
1.424
1.224
1.224
1.224
1.224
0
1.324
1.224
0
0.1
0
0
0.3
1.324
0
0.1
0
0
1.224
0
1.224
0
1.224
1.224
1.424
0
1.924
1.224
1.524
2.448
0.1
2.548
2.548
1.224
1.224
1.224
0.1
0
2.648
0
3.672
0.2
3.872
1.424
2.448
1.324
3.772
0.1
1.324
0
2.748
2.448
1.324
1.224
0.2
1.224
1.424
1.224
1.224
0
1.324
0.9
1.224
0
1.424
2.948
1.424
2.448
0
1.724
1.224
0
1.824
0
1.824
0
1.224
1.224
2.548
2.748
3.672
3.772
3.248
2.448
2.448
3.972
3.672
3.772
3.672
2.448
0
2.548
0.1
4.572
1.424
0
1.724
0
1.824
1.224
1.324
1.224
1.224
1.224
2.448
1.224
0.4
0
1.224
1.324
1.224
1.324
1.224
1.224
1.224
2.548
1.624
2.448
1.224
0
0.5
2.448
1.224
0.3
2.448
0
2.448
0
0
0
2.448
1.424
0
2.548
1.224
2.448
1.224
3.672
2.448
4.996
3.672
4.996
0
1.324
1.224
2.448
1.224
1.224
3.772
1.224
1.324
0
0
1.224
0
1.224
0
1.224
1.224
0.1
0.1
0
1.224
1.324
1.524
1.224
1.424
2.448
1.224
2.448
1.224
1.224
2.548
0
1.224
0
1.424
0
0
0.3
0
1.224
0
1.224
1.224
0
1.224
1.324
2.448
1.324
1.524
1.224
1.224
0
0
0.3
0
1.224
1.224
1.524
1.224
0
1.224
1.324
2.748
0
1.324
1.324
1.324
1.324
2.024
1.224
0
0
1.224
1.224
2.448
1.224
0
1.224
1.224
2.448
0
1.224
2.448
0
2.448
2.448
1.324
1.324
1.324
1.224
1.224
2.948
0
0
0
2.548
3.348
2.648
1.224
2.448
1.324
3.972
2.848
1.224
1.224
1.224
3.672
2.848
3.672
2.548
1.224
0.1
1.224
1.224
2.448
3.672
3.772
1.224
4.272
3.672
2.448
5.096
4.896
2.748
3.772
1.724
3.048
3.672
1.224
2.548
2.448
1.224
2.448
3.872
2.448
2.448
3.672
2.748
2.648
1.224
2.848
2.448
3.672
2.848
4.072
3.672
2.448
2.448
1.524
3.972
2.548
1.324
2.648
2.448
2.948
3.672
2.448
3.672
2.448
2.448
3.672
3.672
3.672
2.548
2.648
2.448
1.224
2.448
4.072
2.448
1.424
1.224
3.772
1.224
4.172
2.548
3.772
2.548
1.424
3.672
2.448
1.424
3.348
1.524
2.448
3.048
1.224
1.324
2.548
3.772
3.348
2.648
3.672
1.424
2.948
3.672
1.224
1.224
1.224
2.548
1.224
4.896
2.448
2.548
3.672
1.224
3.672
3.772
5.096
1.224
1.224
2.448
2.448
3.972
3.672
1.324
3.972
1.424
1.224
1.224
3.672
3.672
2.748
2.448
2.448
1.224
5.396
3.672
2.448
3.772
4.996
2.548
2.448
3.672
2.448
2.848
2.448
2.448
2.448
2.448
3.972
3.872
3.672
2.448
1.224
3.672
3.972
4.172
2.748
1.224
4.896
1.224
1.224
2.448
1.424
2.648
3.772
3.672
1.224
2.548
3.048
3.872
3.772
3.672
1.324
1.224
1.224
3.672
2.648
1.224
1.224
2.548
4.372
2.448
1.224
3.872
1.224
2.448
2.448
2.448
2.448
2.748
2.548
2.648
3.672
2.448
1.424
3.672
2.548
2.448
1.224
2.548
2.448
2.448
1.524
2.948
2.448
3.672
1.324
1.224
2.448
3.672
1.224
2.648
2.548
2.548
3.672
2.448
1.324
1.324
2.448
2.448
2.448
1.224
3.672
2.448
2.448
3.872
1.224
3.672
2.448
2.748
2.748
2.448
2.448
1.324
3.972
3.048
2.548
1.224
1.924
1.224
1.224
1.924
3.772
3.672
2.448
1.324
1.324
3.672
2.448
2.548
3.872
3.872
1.324
1.224
3.972
1.224
2.448
3.672
2.448
3.672
2.548
1.224
2.448
2.448
3.672
1.224
2.448
2.648
2.448
1.224
1.524
2.448
2.548
2.548
1.224
1.224
1.624
2.648
3.672
2.548
3.672
2.448
1.424
4.372
1.224
4.172
2.448
2.448
3.672
1.224
2.448
5.096
1.224
3.772
2.448
3.672
3.772
3.772
1.324
4.896
2.548
2.848
4.572
1.224
2.448
2.648
1.224
3.672
2.548
2.648
4.896
2.448
1.324
4.072
1.224
2.548
3.772
2.548
1.224
3.672
1.324
3.672
3.672
3.672
3.048
2.448
3.772
4.896
1.224
1.224
2.648
2.448
1.224
3.672
2.448
3.672
2.548
2.448
1.324
2.548
4.072
2.448
2.548
1.224
3.972
2.748
2.448
1.224
1.224
1.324
2.548
3.672
2.448
1.724
2.448
1.224
3.772
2.448
3.872
3.672
3.672
2.548
2.448
4.072
2.448
2.948
3.772
2.448
4.272
3.672
3.672
2.748
2.448
1.324
2.648
3.772
3.772
3.672
2.648
4.896
2.124
4.072
1.224
1.224
2.748
4.896
3.672
1.224
2.448
2.448
2.448
2.548
3.672
2.948
3.872
1.224
3.672
2.448
1.224
3.772
3.672
3.672
1.224
2.448
2.448
3.772
1.324
3.772
3.772
2.548
2.548
2.448
2.648
2.548
2.548
3.972
2.448
4.072
1.224
3.772
2.448
2.648
3.872
3.672
1.224
2.448
2.548
2.448
1.224
3.772
2.448
3.672
3.672
1.224
3.972
3.672
3.672
3.672
2.448
2.448
2.448
3.672
2.548
2.448
5.096
3.672
1.224
4.896
1.224
1.324
1.224
1.224
3.772
2.448
2.448
3.772
3.672
1.224
3.672
1.224
1.324
1.324
1.224
1.224
2.448
2.448
3.672
3.772
3.672
4.996
2.448
1.224
3.672
3.672
3.772
4.372
3.672
1.224
3.772
5.296
2.448
1.224
2.648
2.448
2.548
2.448
2.448
2.848
1.424
1.224
5.696
2.448
3.672
4.896
2.448
4.896
3.772
2.648
4.172
2.648
1.424
1.224
3.672
2.448
2.448
2.548
2.448
2.448
2.448
2.448
1.424
2.448
2.648
3.772
3.672
1.224
1.224
2.548
3.672
1.224
2.448
3.772
1.224
1.424
1.224
3.972
2.448
2.448
2.748
3.872
2.648
2.448
1.224
2.448
2.448
2.448
2.648
4.896
1.724
3.772
2.448
1.224
2.548
2.448
3.872
3.872
2.848
4.896
2.448
4.896
2.448
4.996
3.872
3.972
5.196
5.296
2.748
2.448
3.672
4.896
4.372
4.996
3.672
3.872
2.448
2.448
2.448
3.672
2.548
4.996
2.448
3.772
3.672
3.672
3.872
3.872
3.672
5.096
2.448
1.224
1.224
1.224
2.448
2.648
4.072
3.772
3.672
3.872
3.972
2.448
3.672
2.448
2.448
2.448
3.672
3.772
3.772
3.672
2.448
2.548
2.548
3.672
3.672
3.972
2.448
2.448
2.448
4.896
2.548
3.672
4.072
2.648
2.448
3.672
3.672
4.072
3.972
1.224
1.224
5.096
1.524
1.224
2.848
3.248
2.448
0.2
1.224
1.224
1.324
1.424
2.648
2.548
1.324
2.448
0
0.7
0
1.324
0
2.448
2.448
2.948
2.448
0
0
0.1
1.324
0
1.224
1.224
1.224
0
1.224
0
0
1.224
0
2.948
1.224
0.1
1.324
0
1.224
1.724
1.224
1.224
0
1.224
1.224
0
1.424
1.324
0.1
1.224
0
0
1.224
1.324
1.324
1.224
2.224
0
1.424
0.1
1.224
0.5
1.224
0.1
0
1.624
1.224
1.224
0
0
2.548
2.448
1.424
1.524
0.5
0
0
0
1.224
0.1
1.224
1.224
1.224
0.2
1.524
1.224
0.1
2.448
1.324
1.324
1.224
2.648
2.548
2.648
0
1.224
3.672
1.224
1.224
2.448
1.224
1.324
0.1
0
1.724
1.224
1.224
1.224
1.524
0
1.724
1.224
1.224
3.672
0.1
1.224
1.224
1.224
0.1
0
1.324
1.224
1.224
2.448
0
2.448
1.224
1.224
1.224
1.224
1.224
2.548
0.1
1.224
1.224
1.424
1.324
1.224
2.448
1.324
1.324
1.224
0.1
1.224
1.224
0
1.224
1.224
1.224
1.224
0
1.224
0
2.448
1.224
1.224
2.448
1.224
0
1.224
1.324
1.224
0.1
1.224
1.324
1.224
1.224
1.324
1.424
0.1
1.224
0.2
0
0
1.324
1.224
2.748
2.448
2.448
0.2
1.224
0
1.324
0
0
0.3
0.1
1.224
1.224
1.324
0
1.324
1.224
1.224
1.224
2.448
1.224
1.524
0.2
1.224
0.2
0
1.224
1.224
1.224
1.224
1.424
2.648
2.548
1.224
1.224
1.824
1.224
0
1.324
1.224
1.324
1.224
1.324
1.224
0
0.1
1.224
0
1.324
1.224
1.324
1.224
1.424
0
4.072
1.424
1.224
1.224
0
1.224
1.224
0
0
1.224
0
1.224
2.448
2.448
2.548
1.224
0.1
2.748
1.424
1.224
0
0
0
1.224
1.624
0.3
0
1.224
1.224
0
2.448
1.324
1.224
1.424
2.848
0
1.224
0
1.224
1.324
1.424
1.224
1.224
0.2
0.3
1.424
2.448
1.324
1.224
1.224
1.224
1.324
1.224
2.448
2.448
0
1.424
2.448
1.224
1.324
2.448
1.424
1.324
1.224
2.648
1.324
1.224
0
0
1.224
1.224
1.224
1.324
1.224
0
0
0.3
0
0
1.524
0.1
1.224
1.324
1.224
1.324
1.224
1.224
1.424
0
0
1.224
2.448
1.324
2.448
1.224
2.548
0.1
2.448
1.224
1.224
0
1.224
0.2
2.448
1.224
1.224
2.448
1.224
0.3
2.548
0
0
1.224
1.324
1.224
1.224
1.224
1.224
1.224
2.548
0.2
1.324
0
0
1.324
1.324
0
0
1.324
0
1.224
0
0
2.448
0.1
1.224
3.772
1.224
1.624
1.224
0.1
2.448
1.224
1.224
1.224
0
0.1
1.224
0.5
1.324
2.448
1.224
1.224
1.224
2.448
0
1.224
1.224
3.672
1.224
1.224
1.224
2.648
0.1
1.224
2.448
1.224
1.224
1.224
1.324
1.224
0.2
1.224
0
2.448
1.424
0.1
1.324
1.224
1.324
1.224
1.324
0
0.2
0
2.548
0.1
2.548
1.224
0.4
1.424
0
0
0
3.672
2.448
0.1
0
1.224
1.324
0
0
1.224
1.224
0
0
1.224
0
1.324
1.224
0.1
0
1.224
1.224
1.224
0
1.324
1.524
1.324
1.224
1.224
0
1.224
2.548
0.2
0.1
2.448
1.324
3.772
0
1.424
1.324
0.1
1.224
1.324
1.324
0
1.224
0
0
2.548
1.224
1.324
2.648
1.324
1.324
0
1.224
1.224
2.448
1.224
2.448
2.548
1.224
1.424
2.448
1.224
1.224
1.524
1.324
0
1.224
1.224
1.224
1.224
1.324
1.224
1.224
0
0.1
0.1
1.224
0
0.1
1.224
0
1.324
1.224
2.448
0.3
1.324
1.224
0
1.324
0
0.1
1.324
0
2.548
1.324
1.224
0
0.2
0
1.224
1.624
0
1.224
1.324
0.1
2.448
1.224
0
1.224
0
1.224
2.448
0
0.1
0
0
2.448
1.524
1.224
0
1.224
1.224
2.548
0
1.224
2.548
3.772
1.224
1.224
1.224
1.324
2.448
1.224
0
2.448
2.548
0
0
2.448
1.324
1.224
1.224
1.224
0
1.224
1.424
1.724
0
1.224
0.1
1.224
1.224
0
0
2.548
1.224
1.224
0.1
1.224
0.2
1.224
1.224
2.548
1.224
0
0.1
1.324
3.972
0.1
1.224
0
0
0.2
2.648
3.772
2.448
2.448
1.224
0
0
0.1
0
1.324
0
0
0
0.3
1.224
2.548
1.224
1.324
1.224
2.548
3.672
1.224
0
2.448
1.224
0
0
0
2.448
3.672
0
1.324
1.224
1.224
1.324
2.448
1.224
1.224
0
2.548
1.224
1.624
1.224
1.224
0.1
1.424
1.724
3.772
1.224
1.224
3.148
1.224
0
2.648
1.224
1.224
0.2
0
0
0.1
0.1
2.748
0
0
1.524
0
0.3
2.648
0
1.324
0
1.324
1.224
1.324
1.224
0
0
0
1.324
1.224
0
1.224
0
1.224
1.224
1.324
0.5
1.324
1.224
0
1.224
1.724
1.324
0.4
0
1.324
1.224
0
1.424
1.424
1.424
0.3
0
1.224
0
1.224
1.424
4.072
1.224
1.424
1.224
1.224
1.324
0
1.524
1.224
0
1.224
2.748
1.224
1.424
0
1.324
2.448
0
1.324
1.224
1.224
1.224
2.548
0
0.1
1.324
1.224
0
0.1
0
1.224
2.448
2.548
2.848
1.224
2.448
1.324
0.5
0
0
2.448
1.324
1.224
2.448
0
1.224
0.3
1.224
0.1
1.424
1.224
1.324
1.424
0.1
1.624
2.648
2.448
1.324
2.448
1.224
1.424
0
1.424
0
2.548
2.448
2.748
2.448
2.548
1.224
1.224
0.1
1.224
1.224
1.224
0
1.224
0.2
0
1.224
0.2
0.2
1.224
0.7
0.1
1.424
0
1.224
1.224
2.448
0
0
1.424
1.224
1.324
1.224
1.224
1.224
0
0
3.248
1.224
2.448
0
1.524
1.324
1.824
2.124
1.224
0.3
2.548
2.448
0
1.224
1.224
0
0.1
2.648
1.224
0
1.224
0.1
2.448
0
1.224
2.448
0.2
0.1
2.648
2.448
1.324
1.224
1.824
1.224
1.224
0
1.224
0
2.748
2.548
2.448
0
2.448
1.224
1.224
0
2.848
2.548
1.324
1.424
0
1.224
2.448
0
3.672
4.896
2.548
3.772
1.424
2.548
3.672
3.672
4.896
3.672
4.996
1.324
2.448
2.448
2.448
0
1.324
0
0.6
0.1
0
1.224
1.624
1.324
