1.524
1.324
3.548
4.272
2.748
1.836
1.224
2.448
0.3
1.224
1.324
0
0.2
2.124
1.624
1.224
0.1
2.448
2.448
2.648
1.836
1.836
1.224
2.448
1.824
2.548
4.472
2.748
3.772
2.448
2.448
1.224
1
0.1
0
0.4
0
0
0
0.3
0.1
4.36
0
0
0
0
1.324
0.1
0
0
0.1
0.1
0.2
0
0
1.424
0
0
0
0.5
1.2
0.4
0
3.048
3.46
0.2
0
0
0.4
0.9
0.5
0.6
0.3
1.836
4.26
1.624
0
1.424
0
0
2.024
0
0
0
0
0
0
0
1.224
2.948
0
1.424
1.424
0
0
0.1
0.2
0
2.548
2.448
0
0.4
0.3
0
2.448
0
1.224
0.8
0.2
0
1.224
1.224
0
0
0
1.936
1.324
1.424
0
0
2.4
0
2.448
0.2
0
0
0.2
0
0
0.6
1.624
0
0.1
0
3.46
0.3
0.1
0
0.1
1.624
1.224
2.648
0
0
0.1
0
0.3
0.2
0
0
0
0
0
1.324
0.5
0
1.424
0.1
1.824
0
0.2
0
0
1.224
1.424
0
1.324
0
1.224
4.748
0.1
0.3
1.224
0.1
1.424
1.524
0
0
1.836
0.2
0.1
0.4
1.324
1.324
1.524
1.824
0.8
0
0
1.224
1.524
0.1
0.1
0.5
0.1
0.1
0
1.324
1.324
1.924
2.136
1.224
1.224
0.4
1.8
0.1
0
0.4
1.624
1.324
1.224
0.1
3.748
0
1.936
2.924
0
5.684
0
1.836
0
1.324
2.224
2.448
2.548
1.424
1.224
1.224
3.248
1.224
4.072
3.672
0.4
1.936
1.324
0.2
3.324
2.036
3.06
0.4
1.836
1.1
2.136
1.324
1.224
1.224
2.448
1.224
0
2.324
0
0
0.1
0
1.224
0
1.836
0.1
2.648
0.2
1.524
0
1.224
0.4
1.224
0
1.724
1.224
0
1.224
0
0.2
0
1.524
0.5
0
1.324
0.1
1.324
1.224
3.672
1.224
2.948
3.672
2.848
0
0
0
0.4
1.936
1.836
2.448
0
1
1.224
1.224
1.324
1.324
0.1
1.224
2.548
1.324
0.5
1.724
1.424
0
0.5
0.5
2.448
0.3
1.424
0
0.2
2.448
2.548
1.324
0
1.224
1.224
1.324
1.224
1.224
1.424
1.424
0.2
0
0.1
1.224
1.224
0
3.648
2.448
1.224
3.26
3.26
0
0.1
1.424
2.324
1.224
1.224
0.1
1.3
1.224
0.5
0.5
0.2
1.824
1.824
1.224
1.324
1.624
1
3.024
2.448
2.236
0
1.324
2.448
0.5
0.1
1.224
0.1
0
0
1.424
1.224
1.224
3.06
1.224
1.224
0.1
1.424
1.224
2.448
0
1.824
1.224
1.324
1.324
2.848
4.048
2.448
0
3.672
1.424
2.548
2.524
1.424
1.324
2.548
3.872
5.372
2.448
4.072
0
1.836
1.324
1.224
3.672
2.648
4.384
1.224
1.824
1.424
3.16
2.748
2.448
1.424
2.448
3.748
1.824
2.648
3.06
3.772
1.524
1.424
3.672
3.872
1.224
3.16
5.708
1.724
3.772
2.448
1.624
5.508
1.424
2.024
3.248
3.972
2.448
1.424
1.324
3.248
4.172
1.224
2.648
1.424
5.096
3.672
7.832
3.672
3.672
3.972
4.284
2.448
1.224
1.524
3.36
3.672
3.06
3.672
2.024
1.224
1.324
4.984
2.448
2.548
5.472
1.524
1.224
1.424
2.124
3.872
1.524
1.724
3.324
5.684
3.672
1.924
2.324
1.324
2.448
4.172
2.124
3.872
4.284
1.824
3.248
1.224
2.448
1.224
1.224
3.872
1.324
2.548
3.972
4.072
1.224
1.224
2.448
4.484
2.648
1.224
3.06
3.672
1.424
2.848
2.448
4.284
1.524
1.424
2.448
2.448
1.224
4.284
3.448
3.672
1.224
1.224
2.848
2.448
3.06
2.448
2.548
5.608
1.324
3.772
1.324
3.748
1.224
1.224
1.224
3.672
3.248
1.924
1.224
4.284
1.224
2.448
2.948
2.848
1.224
1.224
2.548
2.548
1.524
1.224
1.524
4.072
1.224
3.872
1.524
3.972
1.224
3.148
6.508
1.324
1.224
1.224
2.548
2.748
1.724
1.224
3.26
1.224
3.148
1.324
1.324
3.872
1.224
1.324
1.224
2.548
3.16
3.56
2.224
3.26
3.672
2.448
2.748
1.224
3.672
1.224
3.06
2.448
1.224
1.524
2.024
1.724
2.548
1.324
2.448
1.224
3.16
2.448
1.324
3.772
1.624
2.548
3.672
4.284
1.824
1.324
1.224
1.424
1.424
3.16
2.448
1.224
3.672
3.772
2.448
2.448
3.672
13.532
1.324
3.972
3.672
1.224
2.548
2.424
4.584
2.448
2.024
1.324
1.224
2.224
3.772
2.448
3.672
1.224
1.324
1.424
3.672
4.172
3.048
2.648
1.224
2.648
1.424
1.524
3.16
1.224
2.548
4.284
2.548
1.324
1.224
3.772
2.848
4.284
1.224
2.748
2.448
2.448
2.124
3.672
2.648
2.448
1.224
1.224
1.824
1.324
2.448
4.584
2.448
3.672
2.648
3.748
1.224
2.648
3.16
3.06
1.224
1.224
2.548
2.748
1.224
2.548
1.224
2.548
2.548
3.448
1.324
3.672
2.448
3.148
2.948
1.224
3.772
5.484
1.224
2.448
3.772
1.324
4.072
1.324
2.648
2.848
3.06
2.448
2.448
1.324
1.524
3.772
1.424
1.224
2.548
2.448
1.424
3.772
2.448
3.672
3.56
1.224
1.524
3.66
1.224
3.772
1.324
2.448
3.872
1.324
2.448
3.972
2.748
2.548
3.672
2.448
2.448
1.524
1.224
1.224
1.324
3.16
2.448
3.772
2.448
7.408
1.324
1.724
2.548
3.672
4.384
1.224
4.284
1.624
3.672
4.172
1.224
1.524
3.972
1.224
3.048
3.772
1.224
1.424
1.224
1.224
1.224
2.648
1.224
2.448
1.224
2.448
4.448
3.148
2.548
2.548
2.648
2.448
1.224
1.224
1.224
3.06
3.672
3.16
4.484
2.024
2.748
1.224
3.672
2.448
1.224
2.548
3.772
2.548
1.224
2.448
2.548
2.648
1.324
2.448
4.284
1.224
4.672
1.224
4.472
3.048
3.16
2.548
3.672
3.048
1.224
3.672
3.06
2.448
3.348
5.708
2.448
4.384
1.324
1.224
3.06
3.972
1.224
3.772
2.648
2.448
4.172
2.448
3.672
2.748
3.772
2.448
1.424
2.448
1.524
3.772
4.484
3.672
3.16
4.384
2.648
1.224
2.448
1.224
3.972
1.224
1.224
1.824
4.284
2.448
4.284
2.448
1.224
2.548
1.224
1.224
1.224
3.672
2.548
2.548
1.224
2.448
2.548
3.06
3.772
1.424
2.548
3.048
2.648
1.224
2.648
3.348
2.448
1.424
1.224
1.324
3.26
1.324
3.772
1.724
1.824
2.448
3.348
2.748
3.772
3.672
3.672
2.748
4.284
1.224
2.948
1.924
1.524
1.324
4.384
3.672
1.424
1.524
4.284
1.224
1.324
2.448
2.548
3.772
1.324
2.748
3.672
1.524
1.224
3.772
2.548
2.448
1.324
1.524
1.224
1.324
1.224
2.548
1.224
1.224
4.272
1.424
1.724
1.224
2.648
2.448
1.224
1.224
1.524
3.672
1.524
6.208
3.06
4.584
3.26
3.672
4.172
4.772
1.324
2.448
3.772
2.448
3.06
2.448
4.872
2.748
5.072
3.148
1.724
1.524
4.072
2.448
4.172
2.648
3.772
3.672
3.16
3.16
3.06
2.548
1.224
2.648
1.224
2.648
2.648
2.548
2.648
3.148
2.548
2.948
1.224
1.224
2.448
2.448
3.872
2.848
4.36
3.772
6.008
2.548
4.172
3.672
2.448
3.06
1.324
3.56
5.608
5.908
5.908
2.648
1.524
4.284
3.06
3.26
3.06
2.548
3.16
1.224
2.448
2.448
1.224
2.448
3.048
1.624
1.324
3.048
2.448
2.948
1.724
1.224
1.224
3.048
1.524
1.224
1.424
2.724
1.424
2.136
1.424
2.448
0
0
0.6
1.624
0
1.836
0
2.624
1.836
2.424
0.1
1.224
1.224
0.9
1.224
0.5
0
3.06
0.2
0
0.6
0
0
0
0
0
0
2.548
0
4.248
0
0.2
0
1.224
1.224
0.4
0
1.224
1.224
0
0
1.224
2.748
1.824
0.3
0
1.224
1.224
1.224
0.1
0
0.2
2.3
1.324
0
1.524
0.1
2.024
1.324
1.424
1.324
0.7
0
0.1
1.224
1.836
0.1
1.224
0.4
0.1
0.5
1.224
0.1
3.06
0.1
0
0.1
1.224
0.1
0.6
0.1
0.4
1.324
1.224
1.224
0
0.2
1.524
0
0.1
1.224
1.324
1.224
0.2
0.3
2.448
0
0
1.324
3.06
1
1.424
0
0
0.1
2.448
0.7
0
0
1.224
0
1.836
0
0.1
1.424
1.224
0.2
0
0
0.1
1.224
0.5
0
0
0.1
0
1.324
0
1.424
1.936
0
0.4
0.1
0
0
0.3
0
0.3
0.1
0
1.224
1.224
1.224
1.224
0.2
3.26
0.2
0
1.224
0
1.224
0.2
1.224
0
0.3
0
0
1.224
0.1
0.3
2.548
0.3
1.324
0.4
0.5
1.324
0
0.8
0
1.224
0
0.2
0.2
1.324
0
2.324
0.1
1.224
2.448
1.324
1.224
1.624
1.424
0.1
0
1.224
1.224
0
0
0
0
0
1.224
0.1
2.848
0
1
1.224
0
0
0
0.1
0.1
0.4
1.224
0
0
1.9
0
0
1.224
1.224
0.2
0
0.1
0.1
0
1.424
0
0
0
0
1.324
0.1
0.6
0
1.324
1.324
0
0
1.224
1.836
0
0
0
2.036
1.324
0
0
0.1
0.3
0.2
0.3
0.1
0.1
0
1.324
1.224
1.224
0
1.2
1.624
1.224
0.1
1.836
1.224
0
0
0
0.1
1.524
0
1.324
0
0
0.1
1.324
0
0
0
2.336
0.4
1.224
0.1
0
0.2
1.324
0.3
0.1
1.224
0.2
0
0.1
0
0.1
0.4
0
0.6
0
3.16
0
0
0
3.26
1.224
0
0.1
0
1.524
1.424
0.2
0
0.4
0
0.1
1.724
1.824
1.224
0.2
0
3.16
0
0
0.3
1.324
1.224
1.224
2.448
0
0.2
0
0.3
0
0
0
0.1
0
0
0.1
2.448
0.1
0
0
0
0.2
0.1
0.2
0
0
0.2
0.1
0.1
0.3
0
1.836
1.424
0.4
0
1.224
0.1
1.836
0.1
1.424
1.324
0.1
0.1
0
1.224
1.324
1.224
1.224
0
1.524
0.1
0.3
0
1.324
1.224
0
0
0.4
2.136
0.1
0.1
0.6
0
0
0
0
1.324
2.548
0
0
0
1.224
0
0
0.2
1.624
1.324
0
0.2
0.1
0.1
0
0
1.224
0.1
0
2.036
1.224
0.1
2.448
2.236
0
1.324
0
0
0.1
0.4
0
1.324
3.26
0
0
0.2
0.4
0.6
1.224
1.224
2.648
0
1.424
0
0
0.2
0
0.2
0
1.836
1.324
1.224
1.224
1.224
0.1
0.1
0
0
0
0
0
3.36
0.1
2.124
0.2
0.1
1.424
1.324
0
0.1
0.3
0.4
1.324
0.1
1.224
1.224
2.136
0.1
1.324
0
1.224
1.924
1.224
0
2.136
0.1
0
0.2
1.424
0
1.324
0.1
0.1
0
0
0.2
0
0
1.524
0.2
0
1.224
0
0
0.2
3.16
1.836
0.1
0
1.224
0
0.1
0
0
0
0.5
0.7
0.1
0
1.224
1.224
0
0
0
0
1.724
0
0
0
0
0
0.1
0
0
0.2
0
0
1.224
0
1.224
0
2.224
1.224
0
0.5
1.324
0
1.224
0
0
0
0
1.324
0
1.224
1.224
0
0
3.56
0
0
0
0
1.424
0
0
0.2
1.324
0
1.324
1.224
0.1
0.1
2.548
0
0
1.424
1.424
0
1.224
0.1
1.224
0
0.1
0.2
0
0.2
1.1
1.324
0.1
1.424
1.836
0.1
0
1.224
3.06
0
0.1
1.224
0.1
1.424
0
0.2
0.1
3.06
0
0.1
0.3
1.424
0.3
0
1.224
0
0
0.4
1.324
0
0.1
0.1
1.224
0
1.424
1.324
0.2
0.1
1.224
0.2
0.1
0
0.3
1.324
0.1
0
0.2
1.224
0
0
1.224
2.448
1.224
0
0
1.224
1.224
0.1
0
0.1
1.224
0.1
0
1.324
0
0
1.624
0
0.8
0.1
0.4
1.224
0
1.1
1.224
1.324
0
2.124
0
0.1
1.324
0.1
1.836
0
1.936
0.1
0
1.224
1.624
0.2
1.524
2.748
0.1
0.7
1.224
0
0.1
1.224
0.2
3.26
1.324
0.1
3.16
1.224
1.224
0
0.1
0.1
0
0.1
0.1
0
3.16
2.624
0.2
0.1
1.324
2.448
0.4
2.224
1.524
1.224
2.436
0
0
1.324
0.1
1.924
0.6
0.4
0.6
1.836
0.1
0
3.948
0
0.1
0
1.836
0
0
1.324
1.224
0
0
1.524
0
0.2
0
0.1
0.2
1.424
0.2
0.1
0
0.2
0.3
3.06
0
0.3
0.2
0
0
0
0
0.1
1.224
0.4
0
0.2
2.236
0.7
3.06
0.1
0.1
0.1
0.2
1.224
0.2
0.2
2.024
1.224
1.224
0.1
1.624
0
0.2
0
1
0.4
0
0
0.4
0.6
0.4
1.324
0.5
0
1.936
1.224
1.224
1.324
1.224
0
1.936
1.324
1.424
3.06
0.1
0.1
2.648
1.624
0
0
1.324
0.4
0
3.124
1.224
0.2
0
0
0
3.672
1.224
1.836
2.948
1.424
2.648
1.224
2.448
0
3.06
0
7.908
1.524
0
1.836
2.624
0.6
1.3
0.7
0
2.024
2.024
4.584
0.1
0
0
1.224
1.324
1.324
1.836
2.136
2.448
0.2
2.448
2.036
3.06
1.324
0.7
1.824
1.224
2.648
0.4
1.324
1.524
2.548
0.2
0
2.448
1.224
3.048
1.324
1.224
1.224
1.224
1.524
1.324
1.224
3.448
3.672
0.4
0.9
0
1.224
0
0
2.448
2.448
1.424
2.748
2.548
3.972
2.648
1.424
2.548
3.672
2.648
0.2
2.448
4.284
0
0
0
0.2
3.124
1.324
0.1
1.324
3.548
1.524
