2.636
0.4
2.624
0.3
1.424
0
0.1
0
0
0
0.3
1.324
0.2
1.2
0.5
0
0
0
0
0
1.324
1.424
0
0
0.2
0
0.1
0.1
1.224
0.1
0.1
1.324
1.9
0.1
2.036
2.136
1.836
1.936
1.936
2.236
1.836
4.56
1.836
1.836
1.836
4.18
2.136
2.236
1.936
3.16
3.26
1.836
3.66
1.836
1.936
1.936
1.836
2.136
1.836
13.58
3.336
2.136
1.836
2.636
2.436
1.936
1.936
2.036
4.58
3.236
2.336
3.76
2.036
2.136
5.46
2.736
1.836
3.356
1.936
1.836
4.56
1.836
3.26
1.836
1.836
1.836
1.836
1.836
1.836
2.536
1.936
1.936
1.936
1.836
1.836
4.28
4.38
1.936
1.936
1.836
1.936
2.636
2.636
1.836
1.836
1.936
1.836
3.836
1.936
1.936
2.236
1.836
1.836
3.16
1.836
3.556
2.136
2.236
1.836
1.836
4.836
1.836
1.936
2.636
1.936
1.836
2.136
3.16
1.936
3.96
2.236
1.936
2.036
1.836
3.16
3.036
4.18
3.06
3.66
3.036
1.936
2.036
1.836
3.46
1.836
1.836
4.48
2.236
2.236
1.836
3.06
2.136
1.936
1.936
2.636
2.536
2.136
2.536
2.536
1.936
1.936
1.936
1.936
1.836
2.036
1.836
1.936
1.936
1.836
5.036
1.836
2.336
3.06
2.036
3.06
4.26
1.836
1.836
3.16
2.136
2.536
3.56
2.136
3.06
2.236
4.46
4.16
3.46
2.136
3.06
1.936
3.46
2.036
4.16
3.36
3.46
3.06
2.236
0
0.4
0.2
0
0
0.6
1.7
0
0
1.724
1.824
0.1
1.224
0.4
0.8
0
0.1
2.3
0.1
1.1
0
0.1
0
1.424
3.324
1.424
1.224
1.524
1.224
1.324
1.824
1.224
1.624
1.224
1.224
0
1.424
0
3.924
1.324
0
1.324
0
2.624
1.724
0
0.1
0
0
0
1.324
1.4
0
0.1
0
0
0.1
1.224
0
0.4
1.424
1.724
1.324
0
0.1
0.4
1.324
0
0.9
1.224
0.2
1.224
0
0.4
0.1
1.424
0.9
0
1.224
1.836
1.324
0.1
0
0
1.824
1.224
1.424
0
1.224
1.224
1.224
1.324
1.224
1.224
0
1.3
0
0
0
0.3
0.2
0
0
0
0.2
0.3
0
0
0.7
0.4
0.1
0.3
0.4
0
1.224
0
0
1.424
0
1.224
0
1.224
0.1
0.1
0.5
0.4
0.5
0
0
0.1
0
0
0.6
0.1
0
1.624
1.424
0
0
0
1.6
0
0
1.224
1.1
1.02
0.4
1.624
1.324
1.324
0.4
0
1.224
0.1
1.2
2.3
0
0.1
0
2.036
0.1
1.624
1.324
0
1.224
1.224
1.224
0
0.1
1.224
0
1.224
1.224
1.224
0.1
1.424
0.1
0
0.8
0
0
0
1.524
2.124
0.1
0
0
0.2
1.324
2.024
0
0.2
0
1.224
1.4
0
0.3
1.324
0
0.5
0
0
1.224
1.224
0
2.024
1.224
1.324
1.224
1.224
1.824
1.224
2.1
2.024
0
0.1
0.1
0.3
0.4
0
0.4
0
1.324
1.524
1.624
0.8
0.1
1.624
0
1.224
1.824
1.524
0
0
1.324
0.4
1.724
0.1
0
0.4
1.324
0.2
1.224
0.4
0
0
0.1
1.424
0
1.224
1.624
1.424
0
0
0
1.624
0
0.1
0.3
0
0
1.924
1.524
1.224
1.324
1.2
1.524
0.2
0.5
3.824
0.3
0
2.024
1.1
0
0.4
1.524
1.624
0.5
0
0.2
1.1
1.424
0
0
0.4
0.3
0
1.224
0
0.2
1.224
0
0
1.224
1.424
0.2
0.1
0
1.524
2.124
1.224
0.1
1.624
0.5
0
0.1
1.324
1.224
0.7
0
0
0
1.324
1.324
1.324
1.224
1.324
0
1.324
1.224
0.1
1
1.224
0
1.224
0
1.924
2.524
1.224
0
0
1.224
1.724
2.024
1.224
0.2
1.324
0
0.1
1.224
0.4
0.4
1.224
0.2
0.1
0.1
1.524
2.124
1.924
1.324
0
0
0
1.324
1.324
0.3
0.1
1.224
1.524
1.324
0.2
0.1
0.2
0.2
0
0.4
1.324
0.2
1.424
1.424
1.224
1.224
0.1
1.224
0
1.224
0
0
1.224
1.524
1.1
2.024
0
1.324
0
0.1
1.224
1.224
0.1
0.2
1.324
1.424
1.224
0
0.3
0.1
0
1.724
1.324
0
1.224
0.2
0
0.1
0
1.224
0.1
0.5
1.824
0
0
0
0.3
2.424
0
0.1
0.6
0.3
0
1.5
1.424
1.324
0
0
0.2
1.324
0
0.6
1.524
1.824
0
0.2
1.224
0.2
1.424
1.224
0
1.224
0.2
0.1
1.224
0.4
1.224
0
0
1.424
0
0.1
0.4
0
1.424
0.1
0
0
0.1
1.324
1.324
1.524
1.224
0
0.1
3.124
0.1
1.724
1.324
0
1.224
0
0.2
1.324
0
1.224
1.424
1.224
1.424
1.824
0
1.224
1.424
2.024
1.424
0
0
1
0
1.224
0
1.324
1.324
1.224
0.3
1.724
0
0.1
0.2
1.324
0.5
0.1
0.1
1.224
1.224
1.224
1.324
0
0.5
1.224
0.4
0
1.924
1.824
0
1.224
0
1.224
0
0
0
0
1.724
1.224
0.1
0.1
1.624
1.324
0
0
0
0
0
1.224
0
1.3
1.224
0
1.324
0
1.224
1.224
1.224
1.624
0.2
1.524
0.2
1.924
0.3
1.324
1.424
1.224
1.224
1.524
0
0.1
1.824
0.6
1.224
1.224
1.224
1.424
2
3.324
0.1
0.6
0.3
1.224
1.224
0.1
1.224
1.224
0
1.724
0
2.024
1.624
0
0
0
0
1.224
1.224
1.224
0
1.424
1.224
1.424
0
0
1.324
1.224
0.3
0
0.3
0.7
1.424
1.824
0
0.3
0.1
1.424
0
0.1
0.8
1.524
0
1.224
1.424
1.224
0
0.2
0
1.724
1.524
0
1.724
1.224
1.224
1.524
0
0
1.224
1.224
1.324
0
1.624
1.224
0
1.424
0.1
0
0
0
1.324
0
0.1
1.524
1.324
0
1.224
0
0
0
0
0
0.1
0
1.724
1.424
1.224
1.224
0.1
0
0
1.324
0
1.724
1.324
0
1.324
2.324
0
0.2
1.224
1.324
1.224
1.324
0
1.524
0.3
0.1
2.324
0
1.324
1.224
0
1.324
1.224
1.224
2.324
1.6
0
0.1
1.324
0
1.424
1.524
0.1
1.524
1.224
0
0.1
0
1.224
1.524
1.224
0.1
0
0
0
0
0
1.424
0.2
0
0.1
0.1
0
0
0.8
1.624
1.424
0
0.2
0
1.224
0
1.624
1.324
0.6
1.824
1.224
0.1
0
0
2.024
1.924
1.324
1.224
0
1.224
1.324
1.424
2.924
0.2
2.624
2.124
1.624
0.1
1.524
1.224
0.6
1.624
1.324
1.224
1.224
1.324
1.224
1.624
1.324
1.424
1.224
1.424
1.424
1.324
1.224
1.1
0.1
1.624
0
0.1
0
0.2
0.2
0.4
2.524
1.424
1.624
1.324
0.4
0
0
1.224
1.324
1.624
0
0.7
0.3
1.224
1.924
1.324
1.224
1.624
1.324
0.5
1.424
1.224
0
1.424
0.1
1.324
2.224
1.224
1.224
1.424
1.424
2.124
1.524
0
0
1.424
0.5
0
1.324
3.324
1.724
0.3
1.324
0
1.224
0.3
1.724
1.324
0
1.224
0
1.2
0
0.9
2.236
1.224
1.424
2.024
1.324
0.4
0
0
1.624
1.02
0.4
1.424
0
0.1
1.324
0
0.1
0.1
0
1.5
1.424
0.6
1.424
0
0
2.024
0
0
0
1.224
1.224
0
0.5
0.1
0.2
1.424
0
0
0
1.224
1.424
1.824
5.724
0.1
1.324
0.1
1.524
0.8
0.1
0
0
2.424
1.324
0
0
0
1.324
1.224
2.024
1.424
0.9
0.2
0.4
0
0.1
0
0.2
0
1.324
2.12
1.324
2.124
0
1.724
1.424
1.224
0.3
1.924
1.324
1.424
0
0.2
1.424
1.424
1.624
0
1.224
1.324
0
0.1
2.324
1.624
1.424
0
1.224
0.1
2.224
0.2
1.224
1.324
0.2
0.3
0.1
0
0
1.22
0.5
1.724
1.224
1.624
0
1.624
1.224
1.324
1.224
0
0.1
1.724
0.7
1.524
1.224
2.124
2.444
1.624
1.724
0.8
1.324
1.624
0.2
1.324
0
0
0.2
0.2
1.424
1.724
1.22
0
0.2
1.224
0
1.424
0
1.224
0.3
0
1.224
0
0.1
1.524
0.2
1.724
1.324
1.524
1.624
0.2
1.224
2.2
0
0
1.324
1.824
1.424
0.5
1.224
1.8
0.2
0
0
0
0.1
0.2
0.2
1.224
1.224
1.324
0
1.724
1.524
0
1.224
1.224
0
1.324
0.4
1.224
1.1
0
1.324
0
0.7
1.624
1.724
1.624
1.324
1.524
1.424
2
1.324
0.1
1.424
0.1
1.924
1.224
0.1
0.2
0.1
0.8
0.1
0
1.424
1.824
1.424
1.424
1.724
0
1.524
0.7
1.324
1.224
0.1
1.424
1.224
0.1
0.1
1.524
0
1.224
1.224
1.324
2.224
1.424
1
1.724
0.8
1.524
0.2
0
0.1
1.224
1.8
0.8
0
0
0.1
0
1.424
1.424
0.1
1.724
1.724
0
0.5
0.2
0.2
0.3
1.224
0.1
1.324
0.1
0.8
0.8
0
1.324
1.224
0
1.224
1.724
1.224
1.224
1.424
0
1.324
1.224
1.324
2.024
1.924
1.824
1.524
1.324
1.624
0
1.224
0.2
0
1.224
1.224
1.224
0.8
0.2
0.2
0
0.4
0
0
2.324
0.8
1.224
0.7
1.624
0.4
0
1.224
2.224
0.1
0
0
1.324
0.1
1.324
1.224
2.224
0.2
1.224
0
1.624
0.1
1.224
0
0.1
1.224
1.224
1.324
1.424
1.1
1.624
0.1
0
0
1.824
1.524
1.424
0.2
1.224
1.224
0.2
0.2
0.5
0
0
1.324
1.424
0.1
0.3
1.224
0.6
0
0
0.3
1.224
0
0.1
1.324
1.324
1.424
1.324
0.2
0
1.424
1.224
1.524
0
0.4
1.324
0.3
0
1.224
0.1
1.224
0.2
1.224
0
2.244
1.224
1.324
1.224
1.224
0.3
1.924
0.2
0
1.524
1.424
0.1
1.224
0.1
0.1
0.8
0
0
0
1.524
0
1.824
1.624
1.724
0
1.524
0.1
0.3
0.1
1.724
0.3
1.724
1.224
0.8
2.744
1.2
0.1
0.1
1.524
1.224
0.6
1.12
1.224
1.724
0.1
0.2
1.424
0
0.1
0
0.1
0
1.324
1.224
0.4
0
1.224
1.424
1.324
0.2
1.624
3.324
2.224
0
1.424
0
0.2
1.424
0.5
0.4
1.324
1.224
1.424
0
2.444
1.424
0.5
1.324
0
1.3
0.1
1.224
0.3
0.1
1.424
0.7
0.6
1.224
0.9
1.724
0.1
1.224
1.224
1.724
0
1.324
2.224
1.524
1.324
0
1.224
0
2.024
1.524
0
1.424
0
0.3
1.224
0.1
1.224
0
0
1.8
1
1.224
1.02
0.2
1.224
0
1.324
0.1
1.224
1.7
1.324
0.2
0.1
1.324
0
0
1.224
1.02
1.624
0.2
0
0.1
0
0.1
1.224
2.1
0
0
1.724
0.6
1.224
0
0.9
1.424
0.2
1.224
1.224
0
0
0
0
1.524
2.124
1.224
0.2
1.224
0
1.224
0.4
1.324
1.224
1.424
1.224
0.1
1.324
1.624
1.524
0
0.1
1.324
2.124
0
0
0.2
0
0
1.224
1.224
0.3
1.224
0.7
2.324
0.1
1.524
0.2
1.224
1.224
0.1
0
1.224
1.324
1.324
0
1.224
0.1
0
0.4
2.124
1.224
0
0.5
3.044
1.724
0.5
1.224
0
0
0.5
2.324
1.924
1.524
1.524
1.224
0
0
0.2
0
3.044
0.1
0
0
0.3
1.424
1.624
2.124
1.324
1.424
1.524
1.224
1.224
1.12
1.524
0.1
0
0.2
0
1.324
1.224
0
1.524
0.1
0.1
1.324
1.224
0.1
1.224
0
1.724
0.1
1.9
0.1
0.1
0.2
0.7
3.024
1.224
0.1
0
2.924
1.624
0.2
1.524
1.824
1.324
0.2
0
0.1
0.2
0.1
1.324
0.4
0.3
0.5
0.2
1
1.424
0
1.324
0.1
1.524
1.624
1.224
0.1
0
0.1
0
1.324
1.324
0.2
1.324
0.3
2.024
1.224
1.424
2.9
1.224
1.424
0.2
0.1
0.9
1.1
1.2
0
1.624
1.224
0
1.924
0.1
0.6
0.3
0.2
2.224
1.12
1.324
1.524
2.624
1.324
1.324
1.224
0
1.724
0.1
1.624
1.324
0.1
1.224
2.224
1.524
1.724
0
1.624
2.124
0.5
1.424
0.3
2.244
0.2
1.524
0
0.1
2.124
2.324
0
0.1
0.1
1.224
1.324
1.424
1.924
1.324
1.424
2.124
0.8
0
0.1
1.224
1.824
2.524
0.1
0.2
2.024
1.4
0
0.1
1.324
0.2
0.2
1.424
0
2.824
1.524
1.424
1.724
2.424
4.16
3.86
1.836
3.96
1.936
3.46
1.324
1.424
1.224
1.324
0
1.224
0.1
3.76
0
0
0
0.1
0.4
0.1
1.224
0.1
0.5
0
2
0
1.224
0
0
0
0.1
0
0
0.3
1.524
0.1
0
0
1.324
0
0
3
0.1
1.224
0
2.124
1.724
1.6
2.124
0
1.3
1.924
1.224
0
1.224
1.224
0
0.3
0
0.2
0.1
0
0.4
0
0.1
0
1.224
0.5
0
1.224
0.2
1.424
0
0.3
0
0.2
0.1
0.1
0
0.5
1.324
1.424
0.2
0
1.224
1.224
0.1
2.324
0.2
1.624
1.924
0
0
1.224
0.3
1.224
1.324
1.524
1.424
0.3
0.1
1.424
1.324
1.224
0
1.524
0.1
1.224
0
1.224
0
0
0.1
3
0.4
0.1
1.2
1.4
1
