0.5
0.3
3.948
3.86
3.048
0.1
0.1
0
0
0
0.1
1.224
0.1
1.7
0.6
0.1
0
0
0
0.1
2.448
2.648
0
0
2.236
0
0.3
2.948
3.672
2.448
0
2.548
1.8
0
0.2
0.4
0
0.1
0.1
0.2
0
2.724
0
0.1
0.3
1.224
0.6
0.2
0.3
2.748
1.324
0
3.448
0
0
0.1
0
0.1
0.2
2.424
2
0.1
0.1
0.5
0.3
0.4
0.1
0
1.824
0.9
0.4
1.424
0.2
0.1
2.924
0.7
0
0.3
0
0
2.624
0
1.324
0.1
0.2
0
0.1
0
0.1
0.9
0
0
0.2
0
0
1.524
1.724
0
0.1
0
0
0.9
0.6
0
1.836
0
0.1
1.4
0
0.3
0.5
0
0
1.424
0.1
0.2
0.1
0.1
0.1
0
2.6
0.1
0.1
0.4
0.1
0
0.3
1.324
0
1.524
0.2
0.1
0.2
0
1.524
0.6
1.524
1.324
1.624
1
0.1
0
0
1.424
0.1
0.1
1.424
0.2
0.1
0
1.224
0.2
0.2
0.1
1.3
0.5
0.2
0.1
1
0.1
0
0
0.1
0
0
0.2
0
0
0.2
1.6
0.1
0.7
1.224
0
1.324
1.824
0
0
2.648
0.5
0.4
1.924
0
1.224
0.5
1.624
2.024
1.224
0
1.324
0.3
1.624
0.1
1.724
1.224
1.624
1.224
0.3
1.224
0.6
0.1
0
0
1.824
2.3
0
0
1.424
1.424
0
1.224
0.1
1
0.1
0
1.5
0
1.5
0
1.224
0
1.324
4.248
2.448
2.448
3.148
2.448
2.548
3.048
2.448
2.848
2.448
1.324
1.936
3.46
0.1
4.224
1.724
1.224
1.624
1.836
2.724
4.26
1.324
0.1
0
0
0
1.424
3.736
1.224
0.1
1.224
0
0
1.224
0
0.3
1.224
1.524
4.484
0
0
0.3
1.224
0
1.1
1.224
1.224
2.448
0
0.1
1.424
1.224
0.8
1.224
1.224
0.1
1.224
0
1.224
1.224
2.848
2.448
2.848
0
1.524
1.224
2.848
2.648
2.448
2.548
0
1.5
0
0
0
0.3
0.5
0.1
0.1
0
0.5
0.4
0.1
0
0.6
0.2
0.2
0.2
2.536
0.1
1.224
0
0
1.424
0
1.324
0
1.324
0
0.2
0.5
0.7
0.3
0.1
0
0.1
0.1
0
1.3
0
0
4.06
3.26
0
0
0.1
1
0
0
1.324
1.9
0.1
0.3
3.76
1.524
3.36
0.8
0.1
1.424
0.1
1.3
2.3
0
2.236
0
0
0
1.524
1.724
0
1.224
1.224
1.224
0
1.936
1.224
1.936
1.324
1.224
1.324
3.46
3.06
0
0.1
0.9
0
0
0.2
1.724
3.424
1.224
0
1.224
1.624
2.548
3.548
1.224
3.06
1.224
2.648
5.06
1.324
3.66
1.524
0.1
2.648
1.224
1.324
2.548
4.484
1.224
3.148
2.648
3.672
2.548
2.448
6.508
2.548
3.024
3.048
1.424
2.448
2.648
1.324
1.224
1.224
1.524
1.424
3.672
2.648
2.648
2.024
1.224
5.808
1.224
2.548
6.708
4.884
3.36
1.324
4.484
3.56
6.308
1.724
1.224
1.824
2.848
1.524
4.284
1.624
1.324
1.224
1.324
4.284
1.224
2.448
6.408
2.648
1.324
1.324
1.224
2.948
1.224
2.648
3.348
1.224
3.16
6.684
2.948
2.448
2.448
4.76
4.484
1.424
1.724
4.848
2.124
1.224
3.448
2.224
1.324
3.26
2.948
3.448
1.924
1.224
1.524
2.224
2.448
1.224
1.224
1.224
1.624
1.424
2.548
3.16
1.524
2.548
1.224
1.224
4.684
4.584
2.748
2.448
1.224
3.672
4.572
2.448
1.324
3.348
4.16
1.224
3.16
2.448
4.384
3.86
1.224
2.548
1.224
3.048
2.448
2.448
2.548
4.384
1.224
2.648
4.284
1.324
2.224
2.548
1.224
5.508
1.224
4.472
5.284
2.448
2.448
1.224
2.448
2.548
2.848
2.548
1.224
2.748
1.224
1.524
2.648
1.524
1.524
2.448
1.324
2.648
3.46
2.548
4.684
3.248
3.672
1.224
2.448
1.424
4.584
2.748
1.224
3.16
2.448
2.948
2.648
1.224
1.324
1.224
1.424
1.224
1.424
2.448
3.048
4.784
3.772
2.548
2.448
1.424
2.448
3.16
2.448
2.448
1.224
3.672
2.548
2.024
3.448
1.224
2.548
1.324
1.224
2.448
2.448
1.324
1.324
4.384
2.548
2.548
1.224
5.584
1.324
1.224
2.748
2.848
2.548
2.448
1.224
1.224
2.648
1.224
2.448
1.224
2.424
2.548
1.324
1.224
1.224
1.424
15.008
1.224
1.324
5.684
1.524
3.26
2.024
2.648
2.448
1.224
3.16
1.524
4.384
1.224
3.36
5.808
3.448
3.16
3.16
4.484
4.284
4.584
2.548
2.448
4.384
1.224
3.06
5.508
1.624
5.908
1.224
1.224
4.684
1.224
1.324
4.16
1.224
4.784
1.224
1.224
1.424
4.06
3.972
3.672
4.072
5.608
1.224
1.324
4.348
3.36
4.272
4.384
2.448
2.448
1.224
3.16
2.548
1.224
2.448
3.972
2.748
2.448
5.084
1.224
2.448
3.048
4.984
3.548
3.06
3.06
2.024
1.224
5.508
1.224
3.672
2.448
4.384
2.024
2.748
3.16
1.324
1.324
2.448
3.76
1.224
1.424
3.672
2.548
3.672
4.684
1.424
1.324
2.448
2.948
1.324
2.648
4.984
1.224
4.484
1.324
2.448
1.324
1.324
1.224
1.324
3.048
2.448
1.224
1.224
2.548
4.784
1.424
1.224
3.16
1.224
2.448
4.284
1.224
2.624
2.448
3.56
5.608
1.224
4.484
2.448
4.384
4.584
1.224
2.748
4.684
3.748
1.424
2.448
2.848
2.648
4.384
4.584
1.224
1.324
5.908
1.524
2.448
2.548
2.548
2.448
3.324
3.848
1.524
1.424
1.524
3.672
2.448
1.224
2.448
3.672
1.224
3.972
1.324
3.448
2.848
1.224
1.224
1.224
1.224
2.448
3.772
2.648
1.224
4.384
4.484
2.648
1.324
1.224
4.484
2.448
3.748
1.224
1.924
2.424
3.872
5.908
1.224
1.924
3.06
2.448
2.448
1.524
2.324
2.648
1.224
4.284
2.548
2.448
1.224
1.624
1.224
4.784
2.448
1.224
2.948
4.284
4.384
3.772
1.224
1.224
2.648
2.448
3.872
1.224
3.048
4.284
4.284
2.548
1.324
1.224
1.224
1.224
2.548
1.224
1.224
4.684
4.284
1.224
4.284
1.324
1.224
1.324
1.224
3.06
1.224
1.324
2.648
2.748
2.448
2.448
1.224
1.224
1.224
2.648
1.224
3.548
2.548
3.16
3.772
3.248
1.224
1.424
2.648
3.872
3.872
2.648
1.324
3.048
1.624
2.448
3.848
1.424
2.648
2.448
1.324
2.548
4.384
2.448
6.608
5.06
4.384
1.324
4.284
1.224
5.708
2.748
1.324
2.548
5.508
1.224
1.324
1.424
4.284
3.972
2.448
3.048
3.16
1.424
1.224
1.324
1.224
2.648
2.448
2.548
3.26
1.224
1.224
1.624
1.724
4.784
3.048
1.224
1.424
3.06
2.548
1.224
2.548
2.448
1.924
3.048
3.672
1.424
1.324
1.224
5.084
5.784
2.648
3.672
3.06
2.448
3.772
2.448
4.348
1.224
3.748
2.748
3.872
1.524
4.484
2.448
2.124
2.648
2.548
2.448
3.672
3.772
3.672
5.808
3.772
2.448
2.448
5.808
6.308
5.808
2.648
2.624
1.424
2.648
1.224
1.324
1.224
3.26
1.324
3.86
5.972
4.584
2.748
2.448
2.224
1.224
1.224
4.284
3.872
4.484
1.224
2.224
1.924
2.548
3.148
3.772
3.672
3.772
3.772
1.724
3.672
5.708
1.224
3.672
1.324
3.672
4.372
4.172
3.872
4.072
2.748
4.772
2.848
4.384
4.384
4.272
2.736
0
1.424
2.524
1.424
4.06
2.648
0
2.548
0.2
1.824
3.26
0.1
2.448
1.836
1.9
1.224
0.4
0
1.224
4.384
2.124
1.224
0.4
0
0.2
1.424
0.1
0.3
1.324
0
0
1.424
1.324
1.224
0
0
1.6
1.524
0.3
1.524
0
0
1.424
0
0
0.1
1.224
1.224
0.1
0.5
0.2
2.436
1.324
0
0.1
0
1.324
1.524
1.824
5.124
0
1.324
0.1
1.524
1.2
1.324
0.2
0.1
1.824
1.424
0.1
1.836
0
1.324
1.224
1.724
1.424
0.7
0.3
0.2
0.1
0
0
0.3
0.1
1.324
0.9
1.224
1.724
0.1
1.324
2.448
1.224
0.6
1.824
1.424
1.224
0
0
1.424
1.424
1.324
0.1
1.224
1.224
0.2
0
2.424
1.424
1.324
0
1.424
1.836
1.824
0.2
1.224
1.224
0.2
0.3
0.1
0.2
0.1
0.1
0.5
1.424
2.448
1.224
0
2.024
1.224
1.224
1.224
0.2
0.1
1.424
0.8
1.324
1.224
2.024
1.224
1.324
1.324
0.4
1.224
1.524
0.3
1.224
0
0
0.2
0.1
1.324
2.848
0.3
0
0
1.624
0
1.324
0
1.224
0.3
0
1.224
0.1
0.2
1.324
0.1
1.524
1.224
1.424
1.624
0.3
1.224
1.5
0
0
1.424
2.124
1.724
0.3
1.624
1.5
0.1
0
0
0
2.036
0.3
0.4
1.224
1.224
1.324
0
1.624
1.524
0.1
2.448
1.324
0
1.324
0.8
1.224
0.9
0.1
1.224
0.1
0.2
1.524
2.748
1.924
1.424
1.324
1.424
2.2
1.224
0
2.448
0.1
1.624
1.224
0
0.1
0.4
0.9
0
0
1.224
1.724
1.324
1.324
2.024
0
1.424
0.1
1.224
1.224
0.1
1.324
1.224
0
0
1.324
0
1.224
1.224
1.224
1.624
1.324
0.6
1.924
0.2
1.224
0.2
0
0
1.224
1.8
0.8
0
0
0.2
0
1.424
1.324
0
1.724
1.424
0
0.2
0
0.2
0.2
1.324
0
1.424
0
1
1.1
0
1.224
2.548
0
1.224
1.624
1.324
1.224
1.224
0.2
1.324
1.224
1.224
1.724
1.224
1.624
1.424
1.324
1.424
0.2
1.324
0.2
0
1.224
1.224
1.324
0.3
0
0.3
0
0.3
0
0.1
2.024
1.2
2.448
0.4
1.324
0.2
0
1.224
2.324
0
0
0.1
1.224
0
1.324
2.448
2.748
0.1
1.324
0
1.324
0
1.224
0
0
1.224
1.224
1.324
1.324
0.9
1.324
0
0
0
1.924
1.424
1.224
0.5
1.224
1.224
0.2
0.2
0.3
0
0
1.324
1.524
0
0.5
1.524
0.2
0.1
0.1
0.1
2.548
0
0
1.424
1.224
1.324
1.224
0.2
0
1.424
1.224
1.324
0.2
0.3
1.324
0.7
0.1
1.224
0.1
1.224
0.3
1.224
0.1
1.224
1.224
1.324
1.224
1.224
0.3
1.524
0.3
0.2
1.324
1.324
0
1.224
0
0
0.4
0
1.936
0
1.424
0.1
1.424
1.924
1.524
0
1.224
1.836
0.6
0
1.224
0.1
2.548
1.224
0.7
1.824
1.3
0.1
0
1.324
2.448
0.7
0.1
1.224
1.824
0
0.2
1.224
0
1.324
0
0
0
1.224
1.524
0.3
0
1.224
2.448
1.224
0.1
2.848
3.424
1.624
0.2
1.824
0
0.1
1.324
0.6
0.3
1.424
1.324
1.224
0
1.624
1.324
0.1
1.224
0
0.8
0.1
1.324
0.8
0.1
1.424
1.6
0.5
1.424
0.3
1.624
0.3
1.224
1.224
1.624
0.2
1.224
1.724
1.424
1.324
0.1
1.324
0.1
1.624
2.448
0
1.424
0.1
0.2
1.224
0.1
1.224
0
0
1.1
0.7
1.224
0.1
0.2
1.224
0
1.324
0
1.224
1.3
1.324
0.1
0.1
1.324
0.2
0.1
1.224
0
1.424
0
0
0
0
0.2
1.224
1.1
0.1
0
1.424
1
1.224
0
0.2
1.524
0.1
1.224
1.424
1.936
0
0
0
1.424
3.024
1.324
0
1.224
0
1.224
0.2
1.324
1.324
1.324
1.224
0
1.324
1.324
1.524
0.1
0
1.224
1.524
0
0
0
0.1
0.1
1.224
1.224
0.3
1.224
0.5
2.424
0.1
1.624
0.3
2.448
1.224
0.1
0
1.224
1.224
1.324
0
1.224
0.3
0
0.6
1.924
1.224
0
0.7
1.824
1.824
0.4
1.324
0
0
0.2
1.524
1.524
1.424
1.424
1.424
0
0
0.3
0.1
2.024
0.2
0
0
0.3
1.424
1.524
2.224
1.324
2.548
1.324
1.224
1.224
0
1.424
0
0
0
0.1
1.224
1.224
0
1.224
0
0
1.424
1.324
0
1.224
0
1.324
0.2
1
0.1
0.4
0.1
0.1
2.224
1.524
0
0
3.848
1.224
1.936
1.424
1.724
1.324
0.4
0
0.2
0
0.1
1.624
0.3
0.7
0.4
0.1
0.6
1.224
0.2
1.224
0
1.324
1.524
1.324
0
0.1
0
0
1.224
1.224
0
1.224
0.1
1.924
1.224
2.448
3.5
1.324
1.324
0
0.2
0.6
1.4
2.1
0
1.624
1.224
0
2.024
0
0.4
0.5
0.4
4.06
0.2
1.324
1.324
2.624
1.224
1.524
1.224
0.1
1.724
0.1
1.624
1.224
0.2
1.224
2.024
1.424
1.824
0
1.424
3.148
0.3
1.324
0.2
1.324
0.4
1.524
0
0.1
3.748
2.748
0
0.2
0.1
1.324
1.224
1.224
1.624
1.224
1.324
1.724
0.8
0
0
1.224
1.524
2.024
0
0.2
1.624
0.8
0
0.1
1.224
0.3
0.1
1.324
0
2.424
1.624
1.324
1.524
1.524
1.724
1.624
0.1
2.424
0
2.748
1.224
1.424
4.284
2.448
0
2.548
0
3.148
0
0.2
0
0.3
0.6
0
1.224
0
0.7
0
1.6
0.1
2.448
0
0
0
3.06
0.1
0
0.4
4.584
0.2
0
0
4.384
0
0
4.524
3.048
1.224
3.06
2.724
4.46
1.3
2.024
0
0.9
3.348
1.324
0
1.324
3.16
1.836
2.136
0
0
1.524
0
0.3
0
3.26
0.1
2.548
0.7
1.624
1.224
1.524
3.66
0
0.2
1.224
0
1.324
0.1
0
2.624
1.224
2.448
0.1
0
1.324
1.424
0.2
4.56
1.224
2.948
1.824
0.1
0
2.448
2.036
3.672
3.772
2.748
4.384
1.224
1.424
3.872
2.648
3.672
1.224
2.648
0.2
1.224
3.06
1.324
0
0
0.2
2.7
0.2
0.2
3.548
1.3
2.948
