0
1.224
1.524
2.448
2.548
1.836
1.224
1.224
0
1.224
1.224
0
1.224
1.324
1.224
1.224
1.224
1.224
1.224
1.224
1.836
1.836
0
1.224
1.324
1.224
1.224
1.224
2.448
1.224
1.224
1.224
0
0
1.224
0
0
0
0
0
0
2.236
0
0
0
0
0
1.224
0
0
0
0
0
1.224
0
0
1.224
1.224
0
0
1.324
1.224
0
1.224
1.836
0.1
1.224
1.224
0
1.324
0
1.424
1.524
1.836
2.136
1.424
1.224
1.224
1.224
0
0
1.224
0
1.224
0
1.224
1.224
0
0
2.648
0
0
1.224
1.224
1.224
0
0
1.224
1.224
1.224
0
1.324
1.324
0
0
0
0
0.1
1.224
0
1.224
1.224
0
1.224
0
1.836
0.1
1.224
0
0.1
1.624
0
1.224
1.324
1.224
0
0
0
0
1.224
0
0
1.224
0
1.836
0.1
0
1.224
0
0
1.324
2.448
1.224
0
1.224
1.224
0
1.224
0
1.224
0
0
0
0
0
0
1.224
0.1
0.1
0
0.1
1.224
0
1.224
0.1
1.224
0.1
1.224
0
1.624
1.224
1.424
1.224
0
1.224
0
1.224
1.224
1.836
0
0
1.224
1.224
1.324
0
1.224
0.1
1.224
1.224
1.224
1.324
0
0
1.224
1.224
0
0.1
0
1.224
0
3.06
0
0
1.324
0.3
1.324
0
0
0
0
0
0
1.324
1.224
1.836
1.524
0
4.684
0
3.06
1.224
0
1.424
1.224
1.224
1.324
1.224
1.224
1.324
2.448
2.448
2.448
1.224
1.836
0
0.1
1.424
1.836
1.836
0
1.836
0
1.936
1.224
1.224
0
2.448
1.224
0
1.524
0
1.224
1.224
1.224
0
0
3.06
1.324
1.224
0
0
1.224
1.224
0
0
1.224
1.224
0
0
0
0
0
0
0
1.324
0
0
1.224
1.224
1.224
2.448
2.448
2.448
2.448
2.448
0
0
0
1.224
1.836
1.836
1.224
1.224
1.324
1.224
0
0
0
1.224
0
1.224
1.224
0.1
1.224
1.224
1.224
1.224
1.224
1.224
1.324
1.224
1.224
1.224
1.224
1.224
0.1
0
0
1.224
0
0
1.324
0
0
1.224
0
1.224
0
1.224
1.224
1.324
2.548
0
3.06
3.06
1.224
0
1.224
0.1
1.224
1.224
0
1.324
1.424
0.1
0.1
0
0.3
0
1.424
0.1
1.224
1.424
1.724
1.224
1.936
0
1.224
1.224
1.324
0
1.224
0
0
1.224
1.424
0
0
3.06
0
0
0
0
1.224
1.224
1.224
1.324
1.224
1.224
1.224
1.224
1.324
1.224
1.224
2.448
1.224
1.224
1.224
1.424
1.224
2.448
2.548
2.648
2.448
2.448
0
1.836
1.324
1.224
2.448
1.224
3.06
1.224
2.448
2.448
3.06
2.448
2.448
1.224
1.224
2.548
1.424
2.448
3.06
2.448
2.448
1.224
2.448
2.448
2.448
3.06
4.284
1.324
2.548
1.224
1.324
4.284
2.448
1.424
1.324
3.672
2.448
1.324
1.324
1.524
2.448
1.224
2.548
1.324
2.448
2.448
4.484
3.672
1.224
2.448
3.06
2.448
2.448
1.224
3.06
2.548
3.06
2.448
2.448
2.448
1.224
4.384
2.448
1.224
2.848
1.224
2.448
1.224
1.324
2.448
2.448
1.324
1.324
3.26
2.448
1.324
1.424
1.224
1.224
2.448
1.224
2.448
4.284
1.324
1.224
2.448
2.448
1.224
1.224
2.548
1.224
2.448
2.448
2.448
2.448
1.224
2.448
3.06
2.448
1.224
3.06
2.448
1.224
1.224
1.224
4.284
2.448
1.224
1.224
2.448
2.448
3.06
1.324
2.448
2.448
1.224
2.448
1.224
3.06
1.224
2.448
4.284
1.224
2.448
2.448
2.748
1.324
2.448
1.224
2.448
1.324
2.548
2.448
3.06
1.224
1.224
1.224
1.224
1.224
1.224
2.448
1.224
1.224
1.224
1.224
2.448
2.448
3.672
1.324
2.448
1.324
1.224
4.584
2.448
1.224
1.224
2.448
1.224
1.224
1.224
3.16
1.224
1.224
1.224
1.224
3.672
1.224
2.448
2.448
2.548
3.16
4.484
1.424
3.06
2.448
2.448
2.448
2.448
2.448
1.224
3.06
1.224
1.224
1.224
1.424
1.224
1.224
2.448
2.448
1.224
3.06
1.224
1.224
2.448
1.224
2.448
2.448
4.284
1.324
1.224
2.448
1.224
1.224
3.06
1.224
2.448
2.448
3.672
2.448
1.224
2.448
4.584
1.224
2.448
2.448
1.224
2.548
1.224
6.408
2.448
1.324
1.324
1.224
1.424
2.448
1.224
2.448
1.224
1.224
2.448
2.448
2.448
1.224
1.224
1.224
2.448
2.448
1.224
3.16
2.448
1.224
3.06
1.324
1.224
1.224
2.448
1.224
4.284
2.448
1.224
1.224
1.224
1.224
2.448
2.448
2.448
1.224
1.224
1.324
1.424
1.224
4.284
1.224
2.448
2.648
1.424
1.224
1.224
3.06
4.284
2.448
1.224
1.224
2.448
1.224
1.224
1.224
1.224
1.224
3.772
1.224
3.672
2.448
2.548
1.224
1.224
2.448
3.06
1.224
1.224
2.448
1.224
3.772
1.224
2.448
1.224
3.06
1.224
2.448
1.224
1.224
3.672
1.224
2.448
1.224
1.224
1.424
2.448
2.448
2.448
3.06
1.224
1.224
3.16
1.224
2.448
2.448
1.224
2.448
2.448
1.224
2.548
1.224
2.448
2.448
2.448
1.324
1.224
2.448
1.224
1.224
3.06
1.224
2.448
1.224
4.484
1.224
1.424
1.224
2.448
3.06
2.448
3.06
1.224
2.448
1.224
2.448
1.324
2.448
1.224
1.224
2.448
2.448
1.324
2.448
1.224
1.224
2.448
2.448
1.224
1.224
2.448
2.648
1.324
2.448
1.324
3.672
2.448
2.448
1.224
1.224
3.06
2.448
3.06
4.284
1.324
1.324
1.224
3.672
1.224
1.224
1.224
2.448
1.224
1.224
2.448
2.448
1.224
1.224
2.448
3.06
1.224
2.548
2.448
2.448
1.424
3.06
1.224
2.448
2.548
1.224
1.224
4.284
1.224
2.648
4.384
1.224
4.284
1.224
1.224
3.06
2.648
2.448
2.448
1.224
1.224
1.224
1.224
2.448
1.224
2.448
1.224
1.224
1.224
1.224
2.448
4.284
2.448
3.06
4.284
2.448
1.224
1.224
1.224
2.448
2.448
2.448
2.548
3.06
2.448
3.06
2.448
1.224
2.448
1.224
1.224
2.448
2.448
1.224
1.224
2.448
2.448
1.224
3.06
3.672
2.448
2.448
1.324
1.324
1.224
1.224
2.448
2.448
1.224
1.224
1.224
3.16
1.324
2.448
1.324
1.224
1.224
2.448
2.448
1.224
2.448
2.448
2.648
3.06
1.224
1.324
2.548
1.224
1.224
3.06
2.448
1.224
1.224
3.06
1.224
1.224
1.224
1.324
2.448
1.224
1.424
2.448
1.324
1.224
2.448
2.448
2.448
2.448
2.448
1.224
1.224
1.224
2.448
2.448
2.448
2.448
2.448
1.224
2.448
2.548
1.224
1.224
2.448
1.324
3.672
1.324
3.36
3.06
4.484
4.284
2.448
2.448
2.448
1.224
2.448
2.448
2.448
3.16
2.448
1.324
2.448
3.872
2.548
1.224
2.448
2.448
2.448
3.772
2.448
2.448
2.448
3.16
3.06
3.06
1.224
1.224
2.448
1.224
1.324
1.324
1.224
1.324
2.548
2.448
2.548
2.448
1.224
1.224
2.448
2.448
1.224
4.384
2.448
4.584
1.224
3.672
2.448
2.448
3.06
1.224
3.06
5.508
5.608
5.608
1.224
1.224
3.06
3.06
4.384
4.284
2.548
3.06
1.224
2.448
2.448
2.448
1.224
1.224
1.324
1.224
1.224
1.224
1.424
2.448
1.224
1.224
2.448
0
0
0
0.2
0.1
2.036
1.224
1.224
0
1.224
1.224
0.1
1.224
3.06
0
1.324
1.836
1.224
0
0
1.224
1.324
0
0.1
0
1.836
0
0
1.224
0
1.224
0
0
0
0
1.224
0
2.448
0
0
0
0
1.224
0
1.224
2.448
1.224
0
0
1.224
1.224
1.224
0
0
1.224
1.324
0
0
0
0
0.5
0
0
0.1
0
1.324
0
1.224
0
0
0
1.224
1.224
1.836
1.224
0
0.1
0
0.1
0
0
3.06
1.224
0
1.224
0
0
0.1
0
0.1
1.224
1.224
1.224
0
1.324
0
1.224
1.224
1.224
1.224
1.224
0
0
2.448
0
0
1.224
1.836
0.1
1.324
0
1.224
0
1.224
0.1
1.224
0
1.224
0
3.06
1.224
1.224
0.1
0
1.224
0
0
1.224
1.224
1.224
0
0
0
1.224
1.424
1.224
0
1.836
0
0.1
0.1
0
1.224
1.324
0
0
0
0
0
0.1
2.448
2.448
0
1.836
0
1.224
0
1.224
1.224
0.1
1.224
0
0
1.224
0
1.224
0
0
1.224
0
0
0
0.1
0.1
0
0
0
0
0
0
1.224
1.224
1.324
1.324
1.224
1.224
1.224
1.224
0
0.1
1.224
0
0
1.224
1.224
0
0
1.224
0
1.224
1.224
0
1.224
0
0.1
1.224
0
1.224
1.224
0
0
1.224
0
0
0
1.524
0
0
0
1.224
0
0
1.224
1.224
0
0.1
1.224
0
0
0.1
0
0
0
0
1.424
0
0
0
0
1.836
0
0
0
1.836
1.224
0
1.224
1.224
1.224
0
0
1.424
1.224
0
1.324
1.224
1.224
0
1.424
1.224
1.224
1.224
3.06
1.224
1.224
0
1.324
0
0
0
1.224
0
1.224
1.324
0.3
1.224
0
0
1.936
1.524
1.224
0
0
1.224
0
0
0
0
1.224
0
0
1.224
0
0
1.324
0
0
1.836
1.224
1.224
0
3.06
1.224
0
0
0
0
1.224
0
0
0
0
0
1.224
1.224
1.224
1.224
0
3.16
1.224
0
0.1
1.224
1.224
1.224
0
1.224
1.224
0
1.224
0
1.224
1.224
0
0
0
0
2.448
0
0
1.224
0
0.2
1.324
0
0.1
1.224
0
0
0
1.224
0
1.836
1.224
0.1
1.324
1.224
0
1.836
0
1.224
1.224
0
0.1
1.224
1.224
1.224
0
0
1.224
1.224
0
0
0
0
1.224
0
0
0
1.936
0
0
0.2
1.224
1.224
1.224
0
0.1
1.224
0
0
0
1.224
0
0
1.224
0.1
1.224
1.224
1.224
0
1.224
0
1.224
0
0
1.224
1.936
1.224
0.1
1.224
2.036
0
0
1.224
0
0
0.2
0
0
3.06
1.224
0
0.1
0
0.1
1.224
0
1.224
1.224
1.224
0
0
0
0
0
0
3.06
0
1.224
1.224
0
0
0
0
0
0
0
0
3.16
0
1.324
0
1.224
1.224
0
1.224
1.224
0
0.1
0
0
1.324
1.224
1.836
0.1
1.224
0
0
1.224
0
0
1.836
0
1.224
1.224
1.324
1.224
1.224
0
0
0
0
1.424
1.224
1.224
0
0
0
1.224
0
1.224
0
1.836
1.836
0
1.224
1.224
0.1
1.224
0
1.224
0
0
0
0
0
1.224
0
0
0
1.224
1.224
0.1
0
1.224
0
0
0
0
0
0
1.224
1.224
1.224
1.224
0
1.224
0
1.324
0
1.224
0
1.224
1.224
1.224
0
0
0
0
0
0
1.224
1.224
0
1.224
3.06
0
0
0
1.224
0
0
0
1.224
1.224
0
1.324
1.224
0
1.224
1.224
0.1
1.224
0
0
0
1.224
1.224
1.224
0
0
0
0
1.424
0.2
1.224
0
1.224
1.836
0.1
0
1.224
3.06
0
0
1.224
0
1.224
1.224
1.224
1.224
3.06
0
0.1
0
1.424
0.1
0
1.224
0.1
0
1.224
1.224
1.224
1.224
0
0
0
0.1
0
0
0
1.224
0
0
0
1.324
0.2
0
0
1.224
1.224
0
0
0
1.224
1.224
0
0
0
1.224
0
0
1.224
2.448
0
1.224
1.224
0
0
0
1.224
1.324
1.324
1.224
1.224
1.324
0.2
1.224
1.224
1.224
0
0
0
0
0
1.836
0
1.836
0
0
1.224
0
0
1.224
1.224
0
0.2
0
0
0
1.224
0
3.16
0
1.224
3.06
1.224
1.224
0.1
0
0
0
0.1
0.1
0
1.836
1.424
0
0
0
1.224
1.224
0
1.224
0
1.936
0
0
1.224
1.224
1.224
0.1
0
0.2
1.836
0
0
1.324
0
0
0
3.06
0.1
0
0.1
0
0
0
0.1
0
0
0
0.1
1.224
1.224
0.1
1.224
0
1.324
1.224
1.836
0
0.1
0.2
0
0.1
0.1
0
1.324
1.224
1.224
0
1.224
1.836
0.2
1.836
0
1.224
0
0.1
1.224
0
0
1.324
0
0
0
1.324
1.224
0
0
0
1.224
1.224
0
1.224
0
0.1
0
0
0
3.06
0
0
1.224
1.224
1.224
1.836
1.224
0
4.284
1.324
0
1.324
1.324
0
0
1.224
0
1.224
0.4
1.224
0.1
0
1.224
1.224
2.448
0
1.836
1.224
0
1.224
1.224
1.224
0
3.06
0
4.684
1.224
1.224
1.836
1.324
0.1
1.324
0.1
1.224
0.2
0
3.06
0.1
0
0
1.224
1.224
1.224
3.06
1.936
1.224
0.1
2.448
1.836
1.836
0
0
1.324
0
2.448
0
0
0
1.224
1.224
0
0
0
2.448
0
0
0
1.224
1.224
0
0
1.224
1.224
0.1
0.1
0
1.224
1.224
0
1.224
2.448
1.224
1.324
1.224
1.224
1.224
2.448
2.448
3.672
2.548
1.224
1.224
5.508
1.224
0
1.224
0.1
0.3
0
0
1.224
1.324
1.324
