0.6
0.7
3.724
3.86
1.924
0
0.2
0
0.1
0
0.2
0
0.4
1.4
1.2
0.1
0
0
0
0
1.324
1.624
0
0
2.336
0
0.1
2.848
2.548
2.448
0
1.324
1.8
0
0.3
0.5
0.1
0.1
0.1
1.1
0.1
1.3
0
0.3
0
0.1
0.1
0.4
0.7
1.824
0.1
0.2
1.924
0.1
0.1
0
0.1
0
0
0.6
0.9
0.3
0.1
0.6
0.6
0.2
0
0.1
0.2
1.4
0.7
0.8
0.3
0.2
1.7
0.7
0
0.5
0.1
0
1.3
0
0
0
0.1
0
0
0
0
0.7
0
0
0.1
0
0
0.4
0.6
0
0
0
0
0.8
0.2
0
1.836
0.1
0
1.6
0
0
0.4
0
0
0.2
0.3
0.3
0
0.2
0
0.1
2.5
0
0.3
0.9
0.1
0
0.2
0
0
0.4
0.2
0.1
0.5
0.1
0.6
0.5
0.5
0.2
0.3
1.1
0.1
0.2
0
0.2
0
0.1
0.2
0
0.1
0
0
0.1
0.1
0
1.4
0.4
0.2
0.2
0.8
0.3
0.1
0.1
0
0.1
0.2
0.1
0
0.1
0
3
0
0.8
0
0
0.1
0.8
0
0.1
1.524
0.8
0.4
1
0.1
0
0.7
0.8
0.9
0
0.1
0
0.5
0.3
0.2
1.1
0.3
0.3
0.1
0
1.224
0.6
0.6
0
0
1.524
2.3
0
0
1
0.5
0.2
0
0.6
1.2
0
0
2.6
0.1
1.1
0
1.224
0
0.3
2.224
1.324
1.224
1.624
1.224
1.224
1.824
1.224
1.524
1.224
0
1.836
2.036
0
2.2
0.3
1.224
0.2
1.836
0.7
2.336
1.224
0
0.1
0
0
0
4.136
1.224
0.2
1.224
0
0.1
0
0.1
0
0.2
0.5
3.06
0
0.1
0.3
0
0
0.6
0
1.224
1.224
0
0.2
1.424
0
0.8
1.224
0.1
0.1
0
0
1.224
1.324
1.724
1.224
1.624
0.2
0.1
0
1.224
1.324
1.324
1.224
0
0.9
0
0
0
0.1
0.4
0.1
0.2
0
0.2
0.4
0.2
0
0.3
0.6
0
0.2
2.536
0
0
0
0
0.2
0
0
0
0
0
0.2
0.2
0.1
0.3
0
0.2
0
0
0
1.7
0
0
2.636
1.936
0
0
0
1.2
0
0
0.1
2.1
0
0.5
3.436
0
2.436
0.3
0.2
0
0
0.8
2.4
0
2.036
0
0
0
0.3
0.1
0
0
0
0
0
1.836
0
1.936
0
0
0.2
3.66
1.836
0
0
0.8
0
0
0.2
0.3
1.7
1.224
0
1.224
1.524
1.424
1.524
1.324
3.06
1.224
1.224
5.16
1.224
3.56
0.1
0
2.948
1.224
1.324
1.224
3.06
1.224
1.624
1.224
2.548
1.224
1.224
5.284
1.224
3.424
1.924
1.524
2.448
2.848
1.324
1.324
1.224
1.224
1.224
2.548
1.624
1.624
2.024
1.324
4.584
1.224
1.424
5.884
3.56
3.46
1.324
3.46
4.16
5.284
1.924
1.224
1.824
1.624
1.524
3.16
1.524
1.224
1.324
1.324
3.06
1.224
1.224
4.684
1.624
1.324
1.224
1.224
1.824
1.224
2.448
3.248
1.424
3.06
4.56
1.624
1.224
1.224
4.46
3.06
1.424
1.524
3.424
1.824
1.224
2.324
2.424
1.224
3.26
2.224
1.924
1.724
1.224
1.424
2.024
1.324
1.224
1.224
1.424
1.624
1.224
1.224
3.66
1.924
1.324
1.224
1.224
3.06
3.36
2.648
2.448
1.224
2.448
3.148
1.324
1.524
1.224
4.06
1.324
3.16
1.224
3.26
4.46
1.324
2.448
1.224
1.624
1.624
1.224
1.224
3.26
1.424
1.224
3.16
1.224
3.024
1.424
1.224
4.284
1.224
3.048
4.46
1.224
2.548
1.224
1.224
1.624
1.824
1.224
1.324
1.424
1.424
1.724
1.224
1.324
1.924
1.224
1.524
2.448
3.36
1.324
3.56
2.124
2.448
1.224
2.448
1.224
3.56
1.424
1.324
3.06
1.424
1.624
1.224
1.424
1.524
1.224
1.224
1.224
1.624
1.224
2.948
3.96
2.548
1.324
1.224
1.524
1.224
3.16
1.224
2.448
1.324
2.448
1.224
1.924
1.824
1.224
1.224
1.324
1.424
1.324
1.224
1.224
1.324
3.16
1.524
1.424
1.324
5.684
1.324
1.224
1.224
1.224
2.448
1.224
1.224
1.324
2.548
1.224
1.224
1.324
2.024
1.424
1.424
1.224
1.224
1.424
5.684
1.324
1.224
14.184
1.224
3.06
2.424
1.624
1.224
1.324
3.16
1.424
3.16
1.224
3.36
5.084
1.724
3.26
3.26
3.36
4.584
3.26
1.224
2.548
3.16
1.224
3.16
4.284
1.324
4.684
1.224
1.224
3.66
1.224
1.324
3.76
1.224
3.56
1.224
1.224
1.324
3.66
2.748
2.448
2.748
4.384
1.224
1.524
2.724
3.16
2.848
3.26
2.648
1.224
1.224
3.26
1.524
1.224
1.324
2.448
1.224
1.324
4.26
1.224
1.224
1.824
4.16
1.724
3.26
3.06
2.024
1.224
4.284
1.424
2.448
1.324
3.06
1.924
1.624
3.06
1.224
1.324
1.224
3.46
1.324
1.524
2.448
1.224
2.448
3.36
1.424
1.224
1.224
2.848
1.324
1.424
3.76
1.224
3.26
1.224
1.224
1.524
1.224
1.224
1.224
1.624
1.424
1.224
1.224
1.424
3.26
1.224
1.224
3.06
1.324
2.448
3.06
1.224
3.224
1.224
3.66
4.484
1.224
3.36
1.224
3.26
3.66
1.424
1.224
4.884
1.824
1.624
1.224
1.524
1.324
3.16
3.26
1.224
1.324
4.584
1.724
1.224
1.324
1.224
1.224
3.024
2.324
1.524
1.524
1.624
2.548
1.224
1.224
1.224
2.448
1.224
2.448
1.224
1.424
1.924
1.224
1.224
1.224
1.224
1.324
2.548
1.224
1.224
3.26
3.16
1.524
1.524
1.224
3.06
1.224
3.148
1.224
1.824
1.824
2.748
4.484
1.224
2.024
3.06
1.324
2.548
1.424
2.124
1.824
1.224
3.06
1.424
1.224
1.224
1.424
1.224
3.56
1.324
1.224
1.624
3.06
3.16
2.448
1.324
1.324
1.324
1.224
2.748
1.324
1.824
3.06
4.484
1.224
1.324
1.224
1.224
1.224
1.524
1.224
1.224
3.26
3.16
1.224
3.16
1.324
1.224
1.524
1.224
3.06
1.224
1.224
1.524
1.324
1.224
1.224
1.224
1.224
1.324
1.324
1.324
2.024
1.224
3.06
2.548
2.024
1.324
1.424
1.224
2.448
2.748
1.424
1.224
2.024
1.724
2.448
2.424
1.224
1.624
1.324
1.224
1.424
3.06
1.324
6.484
4.76
4.284
1.224
3.16
1.224
4.384
1.624
1.524
1.324
4.484
1.324
1.424
1.424
3.06
3.348
1.224
2.848
3.16
1.324
1.224
1.224
1.224
1.524
2.448
2.548
3.26
1.324
1.324
1.324
2.624
3.86
1.324
1.224
1.824
3.06
1.224
1.224
1.924
1.224
1.824
2.224
2.648
1.624
1.624
1.224
3.96
4.86
1.524
2.448
3.06
1.224
2.548
1.224
2.624
1.324
2.824
1.824
2.948
1.224
3.36
1.224
2.324
1.524
1.524
1.424
2.548
2.548
2.448
4.584
2.448
1.324
1.224
4.584
4.484
4.284
1.324
1.924
1.224
1.424
1.224
1.224
1.224
3.16
1.324
3.46
3.848
3.36
2.024
1.224
1.624
1.224
1.224
3.16
2.448
3.46
1.224
1.924
2.024
1.424
1.524
2.548
2.648
2.748
2.548
1.724
2.548
4.284
1.224
2.648
1.424
2.448
3.148
2.748
2.448
2.448
1.324
2.848
1.424
4.384
4.284
2.848
2.436
0
0.4
1.6
0.4
4.06
1.224
0
1.224
0.1
0.8
2.136
0
1.224
1.836
1.9
1.224
1
0.4
0
3.36
0.6
0
0.3
0.2
0
0.3
0
0.4
0.1
0
0
0
1.224
1.224
0
0
1.8
0.1
0.7
0.3
0
0
0.1
0
0.1
0
0
0
0.1
0.7
0.3
2.236
0.1
0
0.2
0
0
0
0.2
2.9
0
0.3
0.1
0
1.3
1.424
0.3
0.1
1
0
0
1.936
0
0.1
0
1
0
1.1
0.2
0
0
0.1
0.2
0.2
0.1
0.2
0.5
0.3
0.7
0.3
0.2
1.224
0.1
0.2
0.4
0
0.1
0.1
0
0
0.3
0.6
0
0
0.2
0.3
0
1.6
0.3
0.1
0
0.3
1.936
0.4
0.4
0
0.1
0.2
0.1
0.1
0
0.1
0.1
0.6
0
1.224
0
0
0.7
0
0
0.2
0.1
0.1
0.2
0.9
0.2
0
0.5
0.4
0.1
0.3
0.4
0
0.3
0.2
0
0
0
0.3
0.1
0.1
1.524
0.2
0
0.2
0.2
0
0.2
0
0
0.3
0
0
0.1
0.4
0.2
0.4
0.1
0.1
0.7
0.5
0.1
0
0.9
0.1
0
0.3
0.9
0.2
0.2
0.2
2
0.1
0.1
0.1
0
1.936
0.4
0.7
0
0
0
0
0.4
0.1
0
1.224
0
0
0.2
1.2
0
1.2
0
0.1
0.1
0.2
0.4
1.524
0.6
0.4
0
0.1
2.6
0
0.1
1.524
0
0.2
0
0.1
0.3
0.1
1
0.1
0
0
0.7
0.2
0.2
0.6
0
0.4
0.5
0
0
0.3
0
0
0
0
0
0.2
0
0
0
0.3
0.1
0.5
0.4
0.2
0.1
0.5
0
0
0
2.2
1.2
0.1
0
0.1
0
0.3
0.2
0.4
0.4
0.4
0
0.1
0
0.1
0.2
0.1
0
0.2
0
1.1
1.2
0
0
1.224
0
0
0.6
0.1
0
0.1
0
0
0.1
0
0.4
0.3
0.1
0.2
0.1
0.2
0
0
0.5
0.1
0
0
0.1
0.5
0
0.3
0
0.7
0
0.2
1.1
1.2
1.224
0.4
0
0.4
0
0
1.4
0.3
0.2
0.1
0
0.1
0.2
1.224
1.324
0.1
0.2
0.2
0.6
0.1
0
0.3
0.1
0
0
0.1
0.3
0.6
0.2
0
0
0.1
0.7
0
0.1
0.5
0
0
0.1
0.3
0.2
0.1
0.2
0.1
0.2
0.1
0.7
0.3
0.2
0.1
0
0
1.224
0
0
0.3
0
0.3
0.1
0.1
0
0.1
0.1
0.1
0.1
0.5
0.1
1.1
0
0
0
0
0.1
0
0
0
0
0.1
0
0
0.1
0.6
0
0
0
0
0
0.1
0.6
0.1
0.6
0
2.036
0
0.2
0.1
0.3
0.7
0.5
0
0
1.936
0.7
0
0.9
0.5
1.424
0
1
0.4
0.6
0.3
0
0.2
1.224
0.5
0
0
0.4
0.1
0.1
0
0
1.324
0.2
0.1
0
0
0.2
0.2
0
0
1.224
0
0.5
1.524
2.7
0.6
0.5
0.8
0
0
0.1
0.2
0.5
0.1
0
0.1
0
0.3
0.2
0.2
0
0
1
0
0
1.2
0.4
0.2
1.2
0.4
0.2
0.5
0.3
0.2
0.1
0
0.7
0
0
0.6
0.3
0
0
0
0
0.3
1.524
0
0.2
0.3
0
0
0.1
0
0
0
0.7
0.8
0
0
0.3
0
0
0.1
0.1
0
1.5
0.2
0.3
0.1
0.1
0.1
0.1
0
0.1
0.4
0
0
0
0
0.1
0
1.7
0.4
0
0.4
1.2
0
0
0.1
0.3
0.1
0
0
2.236
0.2
0
0
0.1
2.1
0
0.1
0
0
0.2
0.2
0.1
0.1
0.1
0
0.1
0.1
0.8
0.2
0
0.1
0
0.4
0
0.2
0.1
0.1
0.1
0
0.1
0.4
0
0.8
1.4
0.3
0.3
0.3
1.224
0
0.2
0.1
0.1
0.1
0.1
0
0
0.4
0
0.3
0.5
0
0
0.6
0.4
0.2
0.4
0
0
0
0.2
0.2
0.4
0.3
0
0
0
0
0.4
0.1
0.4
0.1
0
0.1
0.5
0.3
0.4
0.8
0
1.524
0.2
0
0
0
0.5
0
0.1
0.3
0
0
0
0
0.2
0
0
0
0.1
0
0.1
0
0
0
1
0.2
0.1
0
0.2
1.3
0.1
0
0
2.224
0
1.936
0.3
0.6
0.2
0.4
0.2
0
0.2
0.3
0.6
0.4
0.6
0.4
0.2
1.2
0.1
0
0
0.1
0.3
0.4
0.1
0.2
0.4
0
0
0.1
0.1
0
0
0.5
0.4
0.1
1.224
3.1
0
0.2
0.1
0.2
0.2
1.1
1.8
0
0.8
0.1
0
0.8
0.1
0.5
1
0.1
2.536
0.4
0.3
0.5
1.7
0
0
0
0.2
0.6
0
0.8
0
0.1
0
0.4
0.1
0.2
0
0.1
1.624
0.4
0
0
0.1
0.2
0.3
0
0
2.324
1.824
0
0.3
0
0
0
0.1
0.9
0
0.3
0.4
1.1
0
0
0
0.5
1.2
0.1
0.1
0.3
1.7
0
0.7
0.1
0.4
0.1
0
0.1
1
1.1
0
0.1
0.5
0.6
0.4
0.1
0.7
0
1.624
0.2
0.4
3.16
1.324
0
1.224
0.1
2.124
0
0
0
0.2
1.1
0.2
0
0.3
0.7
0
1.5
0.2
1.224
0
0
0
3.06
0
0.2
0.5
3.26
0.1
0
0.1
3.16
0.1
0
4.424
2.448
0
3.06
1.3
2.936
1.5
0.8
0
1.8
1.924
0
0
0.1
1.836
2.036
2.336
0
0
1.324
0
0.4
0
3.16
0
1.224
0
2.024
0.1
1.724
2.336
0.1
0.1
1.324
0
1.324
0
0
2.324
0
1.224
0.1
0
0.1
0
0
3.336
1.224
1.624
0.3
0.1
0
1.224
2.036
2.448
2.448
1.324
3.16
1.224
1.724
2.548
1.224
2.448
1.224
1.324
0
0
3.06
0
0
0
0
2.4
0.2
0.2
3.148
1.5
2.648
