2.624
0.9
4.724
2.524
1.924
0.3
0.4
0
1.524
0
1.524
0
0.3
2
2.2
0
0.1
0
0.1
0.2
0.1
0.6
0
0
1.724
0
0.1
1.724
1.324
1.424
0
1.224
7.024
1.224
0.4
2.424
1.224
1.524
0
1.924
1.524
2.9
0
0.4
0.3
0
0.2
0.9
1.824
1.624
0
0.1
2.224
0.2
0
0
1.324
0.4
1.624
1.5
3.2
1.5
0.2
1.4
1.2
1.924
0
0.1
0.4
3.6
2.424
2.124
1.924
1.524
4.8
3.724
0
0.5
0.1
1.324
1.6
0.1
0
0.3
0
0
0
0
0
1.7
1.524
0.2
0.2
0.1
0
1.824
2.024
1.324
1.22
0
0.1
2.2
1.6
1.224
0
1.224
1.224
2.2
0.6
1.724
1.924
0
1.224
0.1
0
1.1
1.924
0.3
1.324
1.324
6.2
0.1
0.2
2.224
0.4
1.224
1.424
0.2
0.1
1
2.224
0.1
0.8
0
1
1.2
0.6
0.5
0.2
2.5
1.324
0.4
0
0.6
0
0.1
0.3
0.6
1.424
0.1
0
1.724
1.924
1.224
2.724
2.424
0.5
0.4
3.224
0.2
1.524
0.2
1.224
0.2
0.5
0.1
0.1
1.324
0.2
7.4
1.324
2.824
0.1
1.724
0.1
1
0.2
0
0
2.424
1.824
1.7
0
0.1
2.1
2.2
1.8
0.2
0.2
0.2
0.7
1.624
1.724
1.4
0.7
0.7
0
1.824
2.548
1.2
1.824
0
0
0.6
5.024
0
1.324
2.324
1.2
1.524
0.1
1.624
1.5
0
1.224
6.8
1.524
2.2
0
0
0
0.2
3.724
1.324
1.324
2.124
1.224
1.324
2.624
2.448
1.924
1.224
0.1
0
0.3
0.2
5.2
0.2
0
1.1
0
2.3
0.4
1.524
0.2
0.2
0.1
0
0
3.5
0
0.3
0
0
0.2
0
0
1.3
0.3
1
0.2
1.224
1.424
1.1
0
1.224
1.1
0
1.424
0
1.224
1.824
1.224
0.2
1.9
0.1
0
0.2
1.424
1.324
1.224
1.224
2.324
1.224
1.924
1.624
0
0.1
0.2
0.1
0
1.224
0
2.4
0
0.1
0
0.3
0.2
1.224
0.1
1.524
0.8
0.8
0.2
0
1.1
2.824
0
2.824
0.5
0
0.5
0
0
0.4
1.224
0.1
0
0.6
1.324
0
2.624
0.7
1.4
1.424
0
0
0.1
0
2.4
0
0.2
0.8
0.3
0
0
0
5.424
1.224
0.1
1.224
4
0.1
2.824
1
1.424
0.5
1.5
1.624
1.424
1.824
3.5
6.4
0
0
1.224
0.2
0.1
2.324
1.624
0.1
1.224
1.224
0.1
0.3
0
1.224
0.2
0.1
0
0.1
0.2
0.1
0
0
2.3
0.1
0.1
0.5
0.7
1.8
1.424
0
1.224
1.624
1.424
3.148
2.648
1.324
1.324
2.648
5.924
1.224
2.324
0.1
0.1
2.948
2.448
1.324
1.424
1.824
2.448
1.824
1.224
2.448
1.524
1.324
2.124
1.324
4.624
1.924
2.948
1.424
1.524
2.324
3.448
1.224
1.524
1.324
1.524
1.624
2.124
2.824
2.648
1.824
1.324
2.548
2.524
1.824
1.324
3.248
1.524
1.924
2.524
2.624
2.848
5.648
1.624
3.048
1.324
1.924
1.224
2.748
1.424
1.224
1.224
1.224
2.024
1.424
1.524
1.324
1.324
2.224
1.224
2.748
1.324
1.224
1.524
2.624
1.924
1.524
1.424
2.824
1.924
1.224
1.824
5.624
2.724
1.224
2.724
8.688
1.324
2.448
2.124
2.524
2.124
1.224
2.124
2.024
1.224
1.224
2.448
1.724
1.824
1.224
1.224
3.148
1.624
1.324
2.448
1.224
1.924
1.724
1.224
1.224
1.224
1.224
2.224
1.224
1.324
1.524
1.924
2.448
1.324
1.324
1.424
3.124
1.224
1.224
2.448
1.924
1.424
1.324
1.224
1.724
1.624
2.548
1.424
1.224
5.724
1.324
2.448
1.224
1.324
2.024
3.524
1.224
1.224
2.448
1.324
2.424
2.324
2.848
1.324
1.724
2.548
2.748
1.224
3.648
2.124
1.324
1.724
2.948
1.524
1.924
2.524
2.324
1.524
2.448
2.448
1.524
1.524
1.724
2.548
1.524
1.224
2.724
1.424
1.424
2.024
2.848
1.324
1.224
2.224
2.548
3.448
2.324
2.648
2.448
1.224
1.724
1.224
1.324
1.624
1.224
1.324
1.224
1.224
6.348
1.524
1.224
1.424
1.224
1.224
1.524
1.224
2.748
1.424
1.524
1.824
1.324
1.224
2.424
1.224
2.448
1.324
1.524
1.324
1.224
2.548
1.224
1.824
1.224
1.324
1.724
2.224
1.924
1.224
1.224
2.448
1.424
2.024
1.424
1.324
2.424
1.424
1.224
24.188
2.124
2.548
1.324
1.424
1.624
1.524
1.224
1.624
1.624
2.948
1.224
1.324
1.424
2.748
1.624
1.424
1.424
1.424
1.624
1.324
1.224
1.524
1.324
2.448
1.224
2.624
2.648
2.448
2.524
1.324
1.624
1.224
2.448
2.448
2.024
1.824
1.224
1.524
1.524
1.224
1.824
3.124
1.324
3.748
1.424
1.724
1.324
1.324
1.224
2.748
2.448
1.224
1.524
1.824
1.724
1.924
1.324
1.224
1.824
3.348
2.124
2.648
2.848
2.424
2.448
1.424
1.324
1.524
1.724
1.424
1.524
2.124
1.324
1.324
1.424
1.224
1.524
1.224
1.924
1.224
1.224
1.324
2.848
1.224
2.324
1.324
1.624
1.324
1.924
1.424
2.548
1.724
2.548
1.224
1.324
1.224
2.748
1.224
2.324
1.624
1.324
1.424
1.924
1.524
1.224
2.448
2.548
1.524
1.324
1.424
1.324
6.224
1.324
1.524
1.224
1.224
1.424
1.224
1.324
2.024
1.524
3.048
1.424
2.124
2.324
1.424
2.224
1.224
1.224
2.748
1.224
2.648
1.624
1.824
1.324
1.324
1.524
1.324
6.824
4.548
1.924
2.224
2.024
1.424
1.224
2.548
1.424
1.324
1.224
1.624
1.324
2.024
2.748
2.448
1.224
2.244
2.448
1.224
1.424
1.324
1.324
2.548
2.448
1.524
2.948
1.324
1.424
1.324
2.024
2.548
1.524
3.224
1.424
1.824
1.324
1.924
1.324
2.748
1.324
2.124
3.824
1.224
2.648
1.224
1.524
1.224
1.224
1.924
2.448
1.924
1.524
2.448
1.824
1.324
1.224
1.724
1.324
1.324
1.324
1.224
1.724
1.324
1.424
1.224
1.324
1.224
1.224
1.424
2.448
2.548
2.548
1.224
1.324
1.824
1.224
2.848
1.624
1.424
2.448
1.524
2.448
1.324
1.324
1.324
2.024
1.424
1.224
1.424
1.224
2.448
1.624
1.224
1.224
2.124
1.424
1.224
2.448
2.724
1.424
1.224
1.324
1.224
3.048
1.624
1.224
2.124
3.548
2.548
2.324
1.424
2.448
1.224
2.548
1.424
1.224
1.424
2.924
4.448
2.848
1.324
1.224
1.324
1.524
1.324
1.524
1.624
2.648
1.324
3.348
1.424
2.648
1.824
1.224
1.424
1.224
1.424
1.224
1.324
1.224
1.224
2.648
2.848
1.424
1.524
1.324
1.724
3.424
1.724
1.524
2.448
1.924
1.224
2.448
1.224
3.148
1.324
3.948
1.924
1.324
1.524
2.948
1.224
2.024
3.024
1.824
1.224
1.224
1.224
2.948
1.224
4.948
1.424
3.024
2.224
2.524
1.724
1.524
1.224
2.524
1.424
1.324
1.624
1.324
1.224
1.224
1.424
1.524
1.424
1.224
1.524
1.924
1.224
1.824
4.524
1.224
2.024
1.224
1.324
2.548
2.748
1.224
1.324
2.524
1.624
2.224
1.224
2.624
1.324
1.224
1.324
1.324
1.724
1.224
1.924
1.624
1.224
3.448
1.624
1.624
1.624
1.324
2.224
1.324
1.224
1.224
1.324
1.224
1.324
2.324
1.524
1.424
1.624
1.524
2.224
1.724
2.448
2.448
2.124
0.8
0
0.1
2.5
1
1.5
1.324
0.1
0
0.2
1
0.5
0.1
0.1
0
2.7
0
1.5
0.1
1.324
1.324
1.4
0
1
0
0.9
0.7
1.424
1.6
0.6
0.1
1.224
0
1.224
1.524
0.3
1.224
2.4
0
2.324
1.324
1.424
0
1
0
0
0
0.1
0.3
1.324
0.5
0.9
0.3
0.3
1.224
0.6
0
0
0.2
0.3
6.3
0.1
0.4
1.824
0.2
2.6
0
0.3
0.1
5.224
1.724
0.4
0
1.224
0
0
3.624
1.524
3.624
0.2
1.524
1.224
0.1
1.524
0.6
0.3
0.3
2.524
0
0.5
0.3
2.124
1.424
0.2
0.7
1.5
0.6
0.3
0.2
0.5
0.6
1.724
1.924
0.1
0.1
1.424
2.124
1.324
3.8
0.8
0.2
0
0.7
0.2
2.2
0.4
0
0.1
1.824
0.2
0
0.1
0.1
0.1
1
1.824
1.224
0.4
0
2.2
0.1
1.524
0.2
0.1
0.5
0.6
2.324
0.2
0
1.5
0.6
0.2
0.7
0.6
0.1
1.824
1.924
0.1
0
1.424
1.824
1.524
0.2
0.2
0
0
0.3
0.2
1.224
0.2
0
0
2.524
0
1.324
0.2
2.124
0.2
0.4
0.2
1.424
0.7
2.3
1.924
0
2.5
1.324
1.224
0.3
2.724
0.8
0.8
0.2
1.7
1.924
0
0
0.1
0.2
2.224
1.924
0.3
0.1
1.324
1.324
0.9
0.2
0.1
1.324
0
1.224
0.2
1.8
0
3.324
0
0.4
0.1
0.4
2.424
0.5
0.9
1.224
0.3
1.424
5.2
0.2
1.224
0.2
0
0.4
0.1
0.4
0.4
1.724
2.424
1.324
1.224
0.5
2.324
0.2
0.2
2.7
0
1.2
0.7
0
0
0.4
1.724
0
1.224
1.224
0.1
0.1
0.2
0.1
0.4
0.6
0.4
2.624
2.124
2.524
1.924
0.4
0
0.1
0
5.9
1.5
1.224
0
0.7
0.1
0.2
0.1
0.7
0.8
1.1
1.224
0.1
1.624
1.624
1.824
1.624
0
1.424
1.224
1.5
3
0
1.924
0
0
0.4
2.224
0.2
0.1
0.2
1.324
0.4
0.1
0.1
0.9
2.024
0.9
1.724
0.1
1.724
0.2
0
1.424
0
0
0
0.5
1.2
2.14
1.624
1.324
3.124
1.224
1.424
2.924
1.4
1.524
1.9
0.1
1.2
0
0
4.424
0.3
1.324
1.224
0.2
0
0
0
1.2
1.424
0.4
1.324
0.7
1.724
0
2.724
0.1
0.2
0
0.1
0.8
3.424
0.3
1.324
1.324
0
2.324
1.724
0.2
0.9
0.1
1.324
0.3
2.324
0.6
0.1
1.524
1.724
0
1.324
0.8
1.924
2.224
0.2
0.1
0.4
0.1
0.1
0.1
0.9
0
0.6
0.2
1.624
0.1
0.3
0.4
0.2
0.2
1.824
0.4
2.524
0.2
0
0
0.2
1.424
0
1.324
0
0
0
1.224
0
2.024
2.824
0.2
0.2
0.6
1.724
0.3
1.524
0.4
0
1.724
0.5
0.3
0
0.8
1.524
0.9
2.024
1.724
1.224
1.524
1.624
2.324
0.1
1.624
1.524
0.5
0
3.924
1.1
3.524
0.1
1.524
0.9
0
2.824
1.324
0.2
0.7
1.224
0.1
0
0
0.2
0.3
1.324
0
0.3
1.324
1.724
1.224
1.224
1.524
0.1
1.824
1.824
5.224
1
0.3
2.024
0.1
0
0.8
0.9
0.7
0.2
0.5
0.3
0
1.1
1.924
0.3
1.324
0
2.3
0.2
1.224
1.2
1.724
0.4
0.8
0.4
0.4
2.624
0.7
1.624
0.2
0
3.624
0
0.1
0.9
1.624
0.1
0
0
1.224
1.1
0.8
0.3
0.4
1.524
0.1
1.224
0
1.224
0.1
1.424
1.5
2
0.1
1.224
1.324
0
0.2
0.4
0.1
0
3.824
1.624
0.2
1.724
0.2
1.324
1.224
0.1
1.224
0.4
0.4
0.2
0.2
0.1
1.424
0
3.4
1.424
0
2
1.9
0.1
1.224
1.824
0.1
1.424
0
0.1
0.3
1.424
1.224
0
0.5
3.324
0.2
1.524
0.1
0
0.3
1.724
0.1
0.7
0.7
0
0.1
1.324
2.824
0.7
0.1
1.424
0
0.7
0.1
1.224
0.1
0.1
1.324
0
0.3
2.424
0
2.624
4.3
1.624
1.924
0.4
0.2
0
1.724
2.14
0.2
0.1
1.424
0
0
0.3
0
1
1.3
1.324
1.324
2.624
0.6
0.8
2.324
0.1
0
1.224
0.2
0.8
1.724
0.6
0.6
0
0
1.224
2.124
1.324
0.9
1.524
1.224
1.524
2.524
1.924
2.4
3.824
0
1.624
0.3
0
1.224
0
1.724
0.1
0
1.624
1.224
0
0
1.224
0.3
0.1
0
0.1
0
0.1
0
1.324
0.6
1.824
6.324
0.9
0.7
0.1
1.2
3.4
0.2
0
0.2
2.1
0.1
0
0.4
0.8
1.424
1.324
0.6
1.524
0.1
0.6
2.824
2.424
1
0.5
0.1
3.624
0.2
1.524
0.3
0.1
0.3
1.824
0.2
0.1
1.824
0
0
0.5
1.324
1.224
0.4
1.824
0.7
1.424
0.3
6.1
1.624
1.324
1.424
0.1
1.5
4.1
2.5
1.224
2.324
0
0
0.6
1.724
0.9
3.324
0.2
0.6
0.4
1.724
0.7
5.3
1.424
0.3
0
0.1
2.124
1.224
2.624
0
1.224
0.1
0.9
0.3
0.5
1.324
0.1
1
2.224
0.8
0.6
0
0.9
0.3
1.224
1.324
3.824
1.7
1.424
1.824
1.424
1.424
1.524
0.4
3.024
1.624
0.6
1.624
5.024
1.324
1.224
0.3
1.624
1.1
0
1.424
1.624
2.724
0
1.424
0.4
2.124
0.2
0.5
1.324
3.1
0.7
0.2
1.724
1.3
0.8
1.5
0.1
1.1
0
1.7
0.4
2.124
1.224
1.424
0
0
0.1
0.6
0
1.324
1.324
0.3
2.324
1.524
1.224
1.624
4.124
0
6.6
0.6
1.524
1.224
0.2
0
1.424
1.324
0
1.2
0.2
0.1
0
0
1.224
0
1.224
7.124
1.324
0
0
2
1
7.224
2
1.224
7.524
0.5
0
1.624
0
0
0.3
0.9
0.2
1.424
0.2
0.1
1.724
0
0
0.1
0.3
0.4
0.5
0.1
0.4
0.4
0
0.2
0.1
0.3
1.324
0.1
1.424
1.3
0
0.1
1.624
0
0
0
0.4
2.2
2.648
1.424
2.824
1.324
0
0
0
1.424
1.224
1.724
1.624
2.848
2.848
1.624
1.524
1.224
1.224
1.924
0.4
0.1
1.224
0.1
1.224
0
0.9
7.424
1.324
1.324
3.648
2.3
3.348
