2.636
0.7
2.5
0.8
1.624
0.1
0.1
0
0.1
0
0.3
0.1
1.724
2.3
2.4
0.1
1.224
0
0
0.2
0.3
0.1
0
0
0.8
0.1
0.4
0.4
0.1
0.1
0.1
0
5.5
0
3.26
3.536
1.936
1.936
2.336
2.936
1.936
5.636
1.836
2.036
2.236
1.836
2.636
3.76
2.536
2.336
2.136
1.836
3.136
3.16
1.936
2.136
3.16
3.46
1.936
3.336
21.06
5.46
1.936
3.836
4.136
2.536
3.26
3.16
2.336
6.86
3.136
4.46
3.36
1.936
7.836
3.436
3.16
2.236
3.06
1.836
3.936
3.26
1.936
3.26
2.136
3.16
3.06
1.836
1.836
6.16
2.036
1.836
3.36
3.06
3.06
2.436
2.836
3.26
2.236
1.836
2.036
4.76
4.96
1.936
1.936
1.836
1.836
4.336
3.16
2.036
4.06
3.26
1.936
3.26
1.936
2.836
1.936
3.46
1.836
1.836
10.56
1.936
1.936
4.16
3.36
1.836
2.036
1.936
1.836
4.46
2.636
2.136
3.36
1.936
2.636
3.336
2.236
3.26
2.536
3.636
2.136
3.56
3.06
3.036
3.06
3.36
2.436
3.46
2.036
3.16
2.036
2.236
1.936
1.936
3.436
3.336
4.26
2.236
3.636
1.836
2.136
3.26
1.936
3.06
2.236
3.36
2.036
3.16
2.136
8.236
3.16
4.16
3.16
2.136
3.46
2.936
3.36
3.16
1.936
2.836
2.936
3.96
2.136
3.16
3.736
4.56
3.336
3.66
3.76
3.26
2.736
2.536
2.136
4.56
3.46
2.536
1.936
2.536
0
1.1
1.524
0
0
1.824
3.3
1.224
0
0.4
0.3
0.1
0
0.3
0.8
1.224
0
10.024
0.1
3.624
0
1.224
1.224
0.1
2.8
0.2
0
0.4
0
0
0.7
1.224
0.6
0
1.424
0.1
0.1
0
7.024
0.2
0
0.8
0
1.5
0.6
0
1.324
0.2
1.224
1.224
0
2.1
0
1.524
1.224
1.224
0.1
0
1.224
3.224
0.1
0.1
0
1.224
0.2
0.9
0
1.224
1.3
0
0.1
0
0
0.3
0
0.2
4.524
0
0.1
3.06
1.324
1.224
1.224
1.224
2.124
0
1.524
0.3
0.1
0
1.424
0.1
0
0.1
1.224
5.624
0
0
0.2
0.2
1.524
0.1
0.4
1.324
0.7
1
0.2
1.224
2.324
1.624
0
1.524
1.324
1.224
1.324
0
0
0.2
0
0.1
0
0.1
0.1
0.6
0.9
1.3
1.924
0
1.324
0.2
0.1
1.224
3.3
1.424
0.1
1
0.1
1.224
0
0.1
4.4
0
1.224
0
5.124
1.724
1.2
1
0.3
0.1
2.3
1.624
0.2
1.824
4.024
9.624
0
0.3
0
3.26
0
2.224
0.6
0
0
0
1.224
0.3
0
0
0.1
0
0
0.2
0.1
0.1
0
1.324
3.624
0
0.1
0.3
0.1
1.3
0.1
1.324
0
0.5
0
0.6
0.3
0.1
0.1
0.2
4.4
1.224
0.7
0
0
0.6
0
0
0.1
0.1
0
1.824
1.224
0.1
1.224
1.224
1
0.2
2.5
0.4
1.224
0.1
0.2
1.824
0.4
0
1.524
1.524
0
0.1
0.4
1.2
0.7
0.4
0.1
1.324
0.8
0.8
1.424
1.924
0.1
0.8
0.1
0.5
0.2
3.324
0.4
0.2
0
0.2
1.324
0.2
0.1
0
1.224
1.324
1
0.1
0.3
0
0
2.024
1.224
0.3
0.8
1.224
0.3
1.3
0.2
1.524
0.1
0.9
0.1
1.524
0.3
4.6
1.4
0
1.6
4.7
0
0.4
0.9
0.8
1.4
1.224
0.3
0.7
1.224
0.1
0
0.5
0.4
0.2
1.324
0.9
0.3
1.224
0.1
1.224
0
1.324
0.2
0
0
0.1
1.3
0.1
0.3
1.724
0.3
0
0.1
1.324
0
1.7
0
1.224
0.1
1.724
0
0
0
1.424
0.1
0.1
0
1.224
5.224
0
1.224
0
0
1
2.324
1.224
0.1
0
0.1
0.3
0.9
0
0
1.424
0
0.5
0.1
0.9
0.8
1.324
1.724
0.5
0.6
0.1
1.4
0.7
1.224
0
0
0.5
0.3
0.1
0.4
0.2
0
0.6
0.1
0
1.824
0.2
1.224
1.224
2.224
0
1.724
0.5
0.4
0.1
0
0.3
1.224
0.1
0.2
0
0
0
0.1
4.1
0.8
0.1
1.424
0.1
0.1
0.1
0
0.2
0.1
0.3
0.2
0.2
1.324
1
0
1.224
0
0.1
0.2
0
1.324
0
1.224
0
0.1
0.2
1.2
0.3
0
0
0.2
1.324
2
1.324
0
0.9
0.1
0
3.2
0.7
0
0.2
0.2
0.4
1.524
0
0.4
0.7
0.5
0.1
0.1
1.224
0.2
0.2
1.424
0.2
0
0.1
0.1
0
0.2
0.3
0
1.224
0.4
0
0.3
0.8
0
0.4
1.324
0.1
0.1
1
0.4
0
0.3
0
0
0.4
1.5
0.1
0.5
0.1
1.524
1.224
0
0.1
1.524
0
0
0
0.1
0.2
1.824
0
1.224
0.3
0.6
1.1
0.2
0.1
1.1
0
0.3
0
0
1.524
0
0.7
0.4
0.1
0
1.224
0.1
0.3
1.224
0.4
1.224
0.1
0.1
0.2
0.1
1.624
1.324
0.4
0.2
0.3
0.9
0.1
0
1.324
0.1
0.2
1.224
0.3
0.3
0.5
0.2
0.1
0.4
0
0.3
1.324
0
0
0
0
0
0
3.3
0.1
0.3
0.1
0.2
0
1.224
0
0.8
0.3
0.6
1.224
0.7
1.824
0.1
0.4
0
1.224
0
1.224
0.2
0.2
1.524
1.224
0.2
0.1
1.224
4.3
2.5
0.4
0.7
1.624
1.624
1.224
0
0.2
0
0.1
0
1.224
0.6
0.3
0
1.224
0
0
0
0.3
0.3
0
0.1
0
0.1
0.1
1.224
0.1
0
0.8
1.224
0.6
1.9
0.4
0.1
0.1
1.524
0.1
0.3
1.224
0.7
5.724
0
0
0
0.1
0
0
2.524
1.224
0.4
0.3
0
0.7
0.1
0
0.1
0
0.1
0.1
0
0.2
0
1.724
0
0.1
1.324
0.1
0
0
0.3
0.2
1.224
1.324
1.624
0
0.1
0
0.1
0
0.1
0
0.1
1.424
0
0.6
0.1
1.224
1.224
0
0
1.224
1.424
1.224
0.5
0.1
0
0
3.224
1.324
0.1
0.1
0.1
0
0.5
0.2
0.7
0.6
0
2.024
1.424
0.1
1.224
0
1.324
0
0.2
0.7
3.224
0.2
0.3
0
0
0.1
0.2
0.1
0
0.1
0
1
0.2
0
0.5
0
0.1
0
0.2
1.224
0
1.224
1.324
0.1
0.3
0.1
1.324
1.324
1.624
1.4
1.324
0.3
1.224
0.1
0
0
1.224
0.3
1.224
0.3
0.5
0
0.3
1.524
0
0.7
1.6
0
1.224
0
1.324
0.4
1.224
3.6
1.424
3.024
1.824
0.5
1.224
0.2
1.224
1.924
1.524
0.2
0.5
0
0
0
0
0.1
1.324
0
0.3
0.4
0.1
0.5
5.524
1.224
2.124
1.224
0.2
0
0.2
0.2
0.1
2.324
0.3
0.3
0.1
2.624
0
1.224
0
0
0.3
1.224
2.224
1.724
0.1
1
0.5
0
1.724
1.624
1.524
0
0
1.224
1.624
1.324
0.1
0.8
0.1
0.2
0.6
0
1.5
1.724
0
0
1.724
0.4
0
0.3
1.7
0.7
0.6
0.1
0
0.1
1.524
1.924
0.2
1.224
1.224
0
2.7
0
4.624
2.036
0.1
0.3
2.524
0.1
1.3
0.2
0.2
0.2
0.1
3.624
0.8
1.324
0.1
0
0
0.2
0.3
0
5.724
0.2
1
0.7
0.1
1.424
0.7
1.224
1.224
0
0
0.1
0
1.2
1.924
0.6
0.2
0
0.4
0
0
0
0.4
6.2
0.3
0.1
0.2
0.4
1.9
0.2
0.2
0.2
2
0.3
1.924
0
0
1.424
0
1.3
0.3
1.2
0.1
0.4
0.2
1.424
0.2
1.524
0.4
0.3
0.8
0.4
1.2
0.2
1.724
0.1
0.1
2.124
1.3
1.724
1.524
0.1
1.524
1.724
0.5
0.4
1.224
0
0.3
0.3
0
2.6
0.4
0.3
1.224
1
0
1.9
1.424
0.1
1.324
0.5
2.224
1.324
1.424
0.2
0.2
4.024
0.6
0
1.424
0
3.124
0.2
0
0.1
1.324
1.424
1.724
1.4
0.1
0
1.2
0.6
0.3
1.824
2.624
0
0.4
0.5
0
0
0.2
1.524
1.624
0.2
0.5
0.1
1.224
0.3
1.424
1.224
0
1.224
0
0.9
1.224
0
1.624
0.4
0.2
0.2
0.6
0
0.7
1.2
1.4
0
2.5
0
0.1
0.3
1
2.024
2.424
1.324
3.2
1.724
0
0
0.1
0.4
0.9
0.4
0.2
0
0.3
0
0.9
0.2
1.224
0.1
1.224
1.224
0.2
1.2
0.1
1.7
0.1
0.4
1.424
1.824
0.6
0.7
1.924
0.2
0.3
0.2
8.024
0.2
0.1
0.4
1.324
1
0.1
1.424
1.624
0.5
1.2
1.424
0.1
0
0.3
0.1
0.2
2.2
0.1
1.924
0.8
0.1
0
0.6
0.3
0
0
0
0.2
0.3
0.2
1.324
1.424
2.024
0.6
0.9
1.924
2.024
1.1
0.4
0
0.2
0.1
6.324
1.6
0.1
1.324
1.924
0
1.424
0.7
1.624
1
0.8
0
1.524
0.3
1.424
1.724
0.2
1.324
0.3
0.2
1.1
4.224
1.224
0.3
0.1
1.424
0.2
1.2
0.1
0.1
1.724
0.2
0.1
1.224
0.1
1.3
1.724
0.6
0.4
0.2
1.624
1.324
0
0.1
0
0.1
0
0.3
1.1
1.324
0.2
0.1
1.4
0
0
1.9
1.2
0.1
2.124
0.3
2.124
1.224
0
3.4
0.3
0.1
1.224
0.1
1.524
1.524
0.1
2.324
0.2
1.524
1.224
0.1
0.1
0
1.4
1.324
0.2
0
1.224
0.3
2
2.024
0
0.1
1.224
0.9
0.5
0.2
1.624
0
0.1
1.524
0.5
1.924
0
0.2
0.1
0.5
0
0.4
0.5
0.7
1.224
0
0.4
0.2
0
1.424
2.424
0.2
0.5
0.1
0.3
1.224
0.2
0.2
0.6
0.3
1.1
0.5
0.8
1.224
1.224
1.224
0.2
0.4
0
0
0
0.1
1.224
0
0.1
1.624
1.3
0.3
1.324
1.524
0.4
1.624
0
1.324
0
0.9
1.524
0.3
1.224
0.5
0.3
0.8
0.9
0.6
1.224
0.3
0.4
1.1
0.1
0.7
0.5
1.924
0
2
1.2
2.7
0
0.1
1.824
1.224
0.6
0.1
0
1.3
0
0.1
0.2
1.324
0.5
0.1
1.524
0
0.6
0
0.6
0
0
0.3
0
0.2
0.7
3.4
0.8
2.024
0.7
0
1.524
2.124
1.1
0.6
0.5
0.3
1.424
0
0.2
0.3
0.2
0.1
0.1
4.924
0
0
0.4
0.1
1.624
2.624
1.824
1.524
1.924
0.7
0.4
0.2
0
2.224
1.224
1.324
0.8
0.7
0
1.424
0.1
1.224
0.9
0.4
0
0.4
1.324
1.624
0
1.324
0
1.324
0.1
1.8
1.9
0.1
0
0.3
0
0.1
0.1
1.324
1.224
3.5
0.2
1.324
0.3
0.2
0.3
0.1
0.1
0
2.124
1.324
1.324
0.1
0
0.1
0
7.424
0
1.224
1.1
1.9
1.224
1.224
0.3
0.4
0.4
0
0
0.1
0
0
0.2
1.724
2.8
0.1
0.1
0
1.324
0.1
0.6
0.1
1.624
1.924
0
1.524
0.1
1.2
1.824
0.2
0
1.324
0.2
0.1
0.1
1.324
1.324
1.224
0
0.3
1
0
2.724
3.1
0.5
0.6
0.5
0.2
0
0.2
0
1.424
0.2
0
0
0
0.5
1.324
2.824
2.124
0.2
0.2
1.1
0.9
2.124
0.5
0.1
0
0.1
0.4
1.624
1.624
1.624
1.524
0.3
0
0.1
0.4
0.1
0.6
0
0
0.3
0.8
0.5
2.724
1.9
0.1
0.5
1.424
1.224
0
0
0.3
0
0
0.8
0.1
0
1.224
0
0.5
1.324
1.224
0.1
1.224
1.324
0
0
0.5
1.724
5.324
1.424
2.624
0.3
1.824
3.4
1.324
1.324
1.524
2.6
0.2
0.2
0.1
0.8
0.1
0
0.1
0.1
0.2
0.4
1.2
0.7
0.7
0.7
0.3
2
0.2
0
0.1
0
0.7
0.6
0.3
1.624
0.3
0.2
0
0.3
0
0
0
0.6
1.3
0
0.1
4.8
0.4
0
0.3
0
2.424
3.5
2.4
0
1.1
0.1
0
1
1.524
2.524
0.9
0.8
0.7
0.2
0.3
1
7.024
0.3
0.6
0
1.324
0.7
0.1
0.8
0
0.2
0
2
0.3
1.3
0
0.4
2.424
0.5
0.3
1.524
0.4
3.224
1.624
0.1
0.2
1.5
0.9
0.1
0.4
0.4
0.2
1.424
1.524
2.424
0
1.324
1.2
2
0
0.2
1.224
0.8
2
1.224
0.3
1
1.2
0
0.2
0.2
2.524
1.224
0.4
0.2
2.5
2.424
1.324
0.5
2.324
2.436
3.036
2.136
3.636
1.836
3.66
0.2
0.8
0.2
0
1.424
0
0
2.736
1.224
1.324
0.2
0.2
0.9
0.2
0
0.3
3.2
1.224
5.7
0.3
0.3
0
1.224
1.224
0
0.1
0.3
0.6
0.1
0.5
1.224
0.2
0.3
0
0
6.3
0.2
1.224
0
1.3
1
7.124
1.8
1.224
3.7
0.2
0.1
0.2
0
0
0.1
0.5
1.224
1.424
0.3
0
0.4
1.224
0.4
0.1
0.3
0.8
0.4
0.1
1.724
0.2
0
0.1
0.2
1.424
0
0.3
0.3
2.424
0.1
0.1
0.3
1.224
0
0.1
0.4
1.3
0.1
0.8
0.9
0
1.224
1.224
0.2
0.2
1.224
0.5
0.4
0.1
0.6
0.6
1.424
1.224
1.224
1.424
1.724
0
1.224
1.224
0
1.324
0
7
0.4
0.2
2
3.2
1.2
