0.1
0.2
1.624
1.724
1.324
0.1
0
0
0
0
0
0
0.2
0.2
0.2
0
0
0
0
0.2
0
0
0.1
0
0
0
0.1
1.524
1.224
1.324
0
1.324
0.8
0
0.1
0.1
0
0
0
0.1
0.1
0.7
0
0
0
0
0.2
0.1
0
0.1
0
0
0.1
0
0.1
0
0
0
0
0.2
0.4
0.1
0
0.1
0.3
0.1
0
0
0.1
0.5
0.1
0.4
0.1
0
0.9
0.5
0
0.2
0
0
0.1
0
0
0
0
0
0
0
0
0.2
0
0.1
0.1
0
0
0
0.1
0
0
0.1
0
0.2
0.4
0
0
0
0
2.12
0
0
0
0.1
0
0.1
0
0.1
0.1
0
0
0
0.6
0
0
0
0.1
0
0
0
0.1
0.4
0
0
0
0
0.1
1.92
0
0.1
0
2.136
0
0
1.836
0
0
0.1
0.1
0.3
0.1
0
0
0
0
0
0.2
0.4
0.2
1.22
0.3
0.1
0
0
0
0
0.2
0
0
0
0
0.9
0.1
0.3
0
0
0
0.3
0
0
0.1
0
0.2
0
0
0
0
0.1
0.1
0
0.1
0
0
0.1
0
0.1
0
0
0
0.1
1.324
0.3
0.5
0
0
0.2
2.436
0
0.1
0.1
0.3
0
0
3.156
0.2
0
1.836
0.8
2.956
0.3
0
1.836
0
0
1.524
1.224
1.324
1.224
1.224
1.224
1.224
1.224
1.324
1.224
0
0.1
0.1
0
0.9
0.1
0
0
0
0.6
0.2
1.224
0
0.1
0
0
0
0.3
1.02
0
0
0
0
0
0
0.1
0.1
0
0
0
0
0.1
0
0
0.3
0
0
0
1.836
0.2
0.1
0.1
0.5
1.02
0
0
0
0
1.224
1.224
1.424
1.224
1.324
0
0.2
0
0.4
0
0
1.324
0
0.7
0.1
0
0.1
0
0.1
0.2
0.1
0
0.1
0.2
0
0
0.1
0
0
0.2
0
0
0
0
0
0
0
0.1
0
0
0
0
0.3
0.2
0.2
0
0
0
0
0
0.1
0
0
0.3
0
0
0
0
0.4
0
0
0
0.8
0.1
0
1.836
0
0
0.2
0
0
0.2
0.8
0.8
0.1
0
0
0
0
0.1
0
0
0
0
0
0.1
0
0.1
0
0
0
0
0.1
0
0
0
0.1
0
0
0.1
0
0.3
1.224
0
1.224
5.18
1.224
1.324
2.444
1.224
1.224
1.224
1.824
1.224
1.524
0
1.02
2.544
1.224
1.224
1.224
1.224
1.224
1.424
1.224
1.224
1.224
1.224
3.16
1.224
1.524
1.324
1.224
3.26
1.424
1.324
4.08
1.224
1.224
1.224
1.224
1.424
1.224
1.324
1.224
1.224
1.224
1.224
1.624
1.324
1.324
1.224
1.224
1.224
1.624
1.424
4.08
1.524
1.324
1.224
1.224
1.324
1.224
1.224
1.324
1.224
1.224
1.224
1.224
1.324
1.224
1.224
1.224
1.524
1.224
4.18
1.224
1.224
1.224
1.524
1.324
1.324
1.224
1.624
1.324
1.224
2.444
2.124
1.424
1.224
1.424
1.824
1.224
1.324
1.424
1.624
1.324
1.224
1.224
1.724
1.224
1.224
3.06
2.444
1.224
1.224
1.224
1.324
1.324
1.224
1.224
1.224
1.224
1.324
3.06
4.08
1.224
1.224
1.224
1.224
1.224
1.524
1.624
1.224
1.224
1.324
1.224
1.524
1.224
1.224
1.324
1.424
1.224
1.224
1.324
1.224
1.324
1.224
1.424
1.224
2.124
1.224
1.224
3.06
1.224
1.224
1.424
1.224
3.06
1.224
1.224
1.324
1.224
1.224
3.26
1.224
1.224
1.324
1.224
1.324
1.424
1.224
1.324
1.324
1.424
1.224
1.224
1.324
1.224
3.06
4.08
1.224
1.324
1.224
1.224
1.224
1.224
1.524
1.324
4.18
1.524
1.224
1.224
1.224
1.524
1.224
1.224
1.424
1.224
1.324
1.224
1.324
1.224
1.324
1.224
1.224
1.224
1.224
1.224
1.724
1.524
1.224
1.224
1.224
1.224
1.324
1.224
1.224
1.224
1.324
1.324
1.224
3.06
1.424
1.224
1.224
1.324
1.224
4.48
1.224
1.324
1.224
1.224
1.224
1.224
1.424
1.324
1.324
1.224
1.224
3.26
1.224
1.524
1.224
1.224
1.424
1.224
2.244
1.624
1.324
1.224
1.324
1.324
6.68
1.224
1.224
1.424
1.224
1.224
1.224
1.224
1.224
3.06
1.324
1.224
1.224
1.224
1.324
1.224
1.224
1.224
1.324
1.224
1.224
1.224
1.224
1.324
1.324
1.224
1.224
1.224
1.324
3.16
1.424
1.324
1.224
1.224
1.224
1.224
1.224
1.724
1.224
1.324
1.224
1.324
1.224
1.224
1.224
1.224
1.224
1.224
1.224
1.324
1.324
1.224
1.224
1.224
1.424
1.224
1.424
1.224
1.324
1.524
1.224
1.224
1.224
1.224
1.324
1.224
1.224
1.424
1.324
1.224
1.224
1.224
1.324
1.224
1.224
1.224
1.224
1.224
1.224
1.324
1.324
1.224
3.06
2.344
1.324
1.324
1.224
1.424
1.224
1.224
1.224
1.224
1.224
1.224
1.224
1.324
1.224
1.224
1.324
1.324
1.224
4.18
1.224
1.224
1.224
1.224
1.224
1.624
1.324
2.544
1.224
1.224
1.224
1.224
1.224
1.224
1.224
1.424
1.224
1.324
1.324
1.224
1.424
1.224
1.224
1.224
1.224
1.224
1.224
1.324
1.224
1.324
1.224
1.224
2.224
1.524
1.424
1.424
1.224
1.224
1.224
1.224
1.224
1.224
1.224
1.224
1.224
1.424
1.324
3.06
1.224
1.224
1.224
1.224
1.224
1.324
2.244
1.224
1.224
1.224
3.16
1.224
1.224
1.224
1.324
1.224
1.324
1.624
1.224
1.324
1.224
1.524
1.224
1.424
1.224
1.424
1.824
1.224
1.224
1.224
1.224
1.224
1.224
1.424
3.06
1.224
1.324
1.224
1.324
1.224
1.224
1.324
1.224
1.224
1.224
1.224
1.224
1.224
1.424
1.224
1.224
1.224
1.224
1.224
1.224
1.224
1.424
1.224
3.06
1.224
1.224
1.224
1.224
1.224
1.224
1.224
1.224
1.224
1.224
1.224
1.224
1.224
1.224
1.224
1.224
4.08
1.224
1.224
1.224
1.524
1.224
1.224
1.224
1.324
1.324
1.324
1.224
1.324
1.224
1.224
1.324
1.424
1.424
2.244
1.824
1.224
1.324
1.224
1.324
1.224
1.224
1.224
1.424
1.924
1.324
2.744
1.224
1.224
1.224
1.324
1.224
1.324
1.224
1.324
1.324
1.324
1.224
1.224
1.224
1.224
1.224
1.224
1.224
1.224
1.224
1.224
4.08
4.18
1.224
1.224
1.224
1.324
1.224
1.424
1.224
1.224
1.324
1.224
1.224
1.224
3.06
1.224
1.324
1.224
2.244
1.224
3.06
1.224
1.324
1.524
1.324
1.224
1.224
1.224
1.324
1.224
2.024
1.224
1.324
1.424
3.06
1.324
1.224
1.224
1.324
1.324
1.324
1.224
1.224
1.224
1.224
1.224
3.06
1.324
1.224
1.224
1.224
1.224
1.324
2.124
1.224
1.424
1.224
4.18
3.06
1.224
1.324
1.424
1.524
1.224
1.324
1.224
1.424
1.324
1.224
1.224
1.424
1.224
1.324
1.424
1.324
1.224
1.324
1.224
1.224
1.224
1.224
1.324
3.06
1.324
1.224
1.224
1.224
1.224
1.524
1.224
1.224
1.224
1.324
1.524
1.324
1.224
1.224
1.424
0.2
0
0
0.7
0
0.2
0.1
0
0.1
0
0.1
0
0
0
1.02
0.4
2.856
0.5
1.12
0
2.344
0.4
0
0.1
0
0.4
0
0
0.2
0.1
0
0
0
0
0
0
0
0.4
0.2
0.1
0
0
0.1
0.1
0
0
0
0
0
0
0.1
0.2
0.1
0
0
0
0
0
0
0.1
0.4
0
0
0
0.1
0.4
0.2
0.1
0.2
0.5
0
0
0.1
2.856
0
0
0.1
0
0
0
0
0
0
0
0
0
0.1
0.1
0
0
0
0
0
0
0
0.1
0
0
0
0.1
0
0
0.1
0
0
0
0.1
0
0
0.1
0
0
0.2
0
0.2
0.2
0
0
0
0
0
0
0
0.1
0.2
0
0
0
0
0
0
0
0
0
0
0
0.1
0.2
0
0
0.2
0.1
0
0
0
0
0
0
0
0
0.1
0
0.1
0.1
0
0
0
0
0
0
0
0
0
0
0
0
0
0.1
0.1
0.1
0
0
0.1
0.5
0
0.4
1.836
0
0.2
0.1
0
0
0
0.4
0
0
0
0.1
0
0.1
0
0
0.1
0
0
0.1
0
0
0
0
0
0
0.3
0
0.2
0
0
0
0.1
0
0
0
0.1
0
0.1
0.4
0
0
0
0
0
0
0
0
0
0
0
0
0
0.1
0
0
0.2
0
0.1
0
0
0
0
0
0
0
0
0
0
0
0
0
0
0.2
0.2
0.1
0.1
0.1
0
0
0
0
0.3
0.2
0
0
0.1
0
0
0
0
0.1
0
0
0
0
0
0
0
0
0
0
0
0.2
0
0
0
0
0.1
0
0
0
0
0
0
0
0.2
0.1
0
0.1
0.1
0
0.1
0
0
2.136
0
0
0
0
0
0
0
1.836
1.936
0
1.836
0.4
0.1
0
0
0
0.2
0
0
0
0
0
0
0
0
0.1
0
0
0
0
0
0
1.936
0
0
0
0
0
0
0
0.1
0.1
0
0
0
0
0.1
0
0.3
0
0
0
0
0
0
1.936
0.1
0.1
0
0.2
0
0
0
0
0.2
0
0
0
0
0
0
0.1
0
0
0.1
0
0.1
0
0
0
0.1
0
0
0
0.1
0
0.1
0
0
0
0
0
0
0
0.1
0.1
0
0
0
0
0
0
0
0.1
0
0
0
0
0
0.1
0
0
0
0
1.836
0.3
0
0
0.1
0
0
0
0.2
0.3
0
0
0.2
0
0.2
0
0
0.1
0
0
0
0
0
0
0
0
0
0.1
0
0
0
0
0.1
0
0.2
0.4
0.1
0
0
0
0
0.1
0.1
0
0
0.1
0.1
0
0.1
0
0
0
0
0.3
0
0
0
1.936
0
0
0
0
0.1
0.1
0
0
0
0
0
0.1
0.1
0
0
0
0
0
0.4
0.1
0
0
0
0
0
0
0
0
0.1
0
0.2
0
0
0.1
0
0
0
0
0
0.3
0
0
0
0
0
0
0
0
0.1
0
0
0
0
0.1
0
0.5
0.1
0
0.1
0.1
0
0
0
0
0.1
0
0
0.1
0
0
0
0
0.5
0
0
0
0
0
0
0
0.1
0
0
0.1
0
0
0.1
0
0
0
0
0
0
0
0
0
0
0
0
0
0
0.2
0
0.1
0
0
0
0
0.1
0.1
0
0
0
0
0.1
0
0.1
0
0
0
0.1
0.1
0
0
0
0
0
0
0.1
0
0
0
0
0
0
0
0
0.1
1.836
0
0.1
0
0
0
0
0
0
0.1
0
0.1
0
0.1
0
0
0
0
0
0
0
0
0
0
0
0
0
0
0
0
0
0.6
0
0
0
0.1
0
0
0
0
0.5
0
0
0.1
0.1
0.1
0
0.1
0
0
0
0
0
0.2
0.1
0.1
0.1
0
0
0
0
0
0.1
0
0.1
0
0
0
0
0
0
0
0
0
0
0
0.4
0.2
0
0
0
0.2
0.3
0.1
0
0.2
0
0
0.1
0
0.4
0
0
0.2
0
0.1
0
0.2
0
0.2
0
0
0.1
0
0.1
0
0
0
0.1
0
0.1
0
0
0.2
0
0
0
0
0.2
0
0
0
0
0.1
0
0.1
0
0
0
0
0.2
0
0
0.1
0.4
0
0
0
0
0.1
0
0
0.3
0.2
0.1
0
0
0.3
0
0
0
0.2
0
0.1
0.2
0
0.2
0.2
0
0
0
0.1
0.1
0
1.224
1.224
0
0
0.1
0.1
0
0.1
0
0.1
0.1
0
0
0.2
0.4
0
0.6
0.2
0
0
0
0
1.224
0
0
0.3
0
0
0
0.1
0
0
0
1.924
1.324
0
1.836
0.3
0.3
1.1
0.2
0
0.5
0
0.1
2.856
0
0
0
0.1
0
0.1
0.1
0
0.3
0
2.036
0
0
0.1
0.2
0.1
0
0.2
0
0
0
0
1.12
0
0
0.2
0
0
0
0
0
0
0
0.1
1.224
2.136
0.2
0.1
0
0
0.1
1.224
1.224
1.424
1.224
1.224
1.624
1.324
1.224
1.224
1.224
1.324
0
0
1.224
0
0
0
0.1
0.4
0.1
0.1
2.944
0.5
3.044
