0.1
1.424
3.448
6.108
2.548
0.1
1.224
2.448
0
1.224
1.424
0
0.1
1.824
1.324
1.324
0.1
2.448
2.448
2.548
0
0.1
1.224
2.448
3.06
2.548
2.948
2.548
3.672
2.448
2.448
1.224
0.2
0
0
0.2
0
0
0.1
0.2
0
0.3
0
0
0.1
0.1
0
0
0.1
0.1
0
0
0.5
0
0.1
1.224
0
0
0
0.6
0.4
0.2
0
2.848
0.5
0
0.1
0
0.1
0.3
0
0.2
0.1
0
0.6
1.324
0
1.324
0
0
1.324
0
0
0
0
0
0
0
1.224
2.748
0
1.224
0
0
0
0.1
0.2
0
2.648
2.448
0
0.2
0.1
0
3.06
0
0
0.5
0
0
0
0
0
0
0
0.3
0
1.224
0
0
0.9
0
2.448
0.1
0
0
0.1
0
0
0.2
0.1
0
0.1
0
0
0.6
0
0
0.3
0.5
1.224
2.448
0
0
0
0
0.1
0
0
0
0
0
0
0
0.1
0.2
0.3
0.1
0
0.1
0
0
0
0
0
0
1.224
0
0
3.448
0
0
0
0
0
1.424
0
0
0.1
0.2
0.2
0.1
1.224
1.324
0.1
1.524
0
0.1
0
1.224
1.324
0
0
0.3
0.3
0.1
0
0
1.224
1.324
0.3
1.224
0
0.1
0.4
0
0
0.1
1.224
1.224
1.224
0.1
2.848
0
0
0.8
0
1.324
0
0
0
1.224
2.024
2.548
2.548
1.324
1.224
1.224
2.548
1.224
3.672
3.672
0
1.936
3.16
0
2.324
0.1
0
0.1
1.836
0.6
2.036
1.324
0
1.224
1.224
1.224
0
3.66
0
0
0
0
1.224
0
0
0.1
2.448
0.1
3.06
0
1.424
0
1.224
0
1.424
1.224
0
1.224
0
0
0
1.324
0.5
0
1.224
0
0
0
2.448
1.324
2.548
3.672
2.448
0.1
0
0
0
0
0
2.548
0
0.4
1.224
0
1.324
0.1
0.1
0
2.748
0
0.1
1.424
1.424
0
0.3
0.1
2.548
0
3.36
0
0
2.448
2.448
1.324
0
0
1.324
0
0
1.224
0.1
0.4
0.3
0
0
1.224
1.224
0
2.748
2.548
1.324
3.16
3.16
0
0
1.324
0.2
1.224
0
0
0.8
0
0.1
2.236
0.2
3.26
0.1
0
0
0
0.4
0.8
2.548
1.836
0
0.1
2.448
0.2
0
1.224
0
0
0
1.224
3.06
1.224
3.16
1.224
1.224
0
3.06
3.06
2.448
0
1.324
1.224
1.324
1.324
2.548
2.948
2.448
0
3.672
1.324
2.448
1.724
1.324
3.06
2.548
3.672
6.208
2.448
5.808
0.1
0
1.224
1.224
3.672
2.548
4.384
1.224
1.224
1.224
1.224
2.548
2.448
3.26
2.448
3.148
1.224
2.448
1.224
3.672
1.224
1.324
3.672
2.448
1.224
1.224
3.672
1.224
4.072
1.224
3.16
3.672
1.324
3.36
4.484
5.608
1.224
3.06
3.16
4.484
3.672
1.224
1.524
1.524
3.672
5.508
3.972
3.672
2.548
3.872
4.284
2.448
1.224
3.16
1.224
3.772
1.224
3.672
1.424
1.224
1.224
2.548
2.648
3.06
6.208
1.324
1.224
1.324
3.26
5.808
1.324
1.224
1.824
1.424
3.672
1.524
1.524
1.324
4.284
3.872
1.324
4.072
2.448
1.324
2.748
1.224
2.448
1.224
1.224
3.872
1.224
2.448
5.508
3.972
1.224
1.224
2.448
4.284
4.384
1.224
1.224
3.772
1.224
2.548
2.448
2.548
1.224
3.26
1.224
4.284
1.324
4.384
4.584
3.672
1.224
1.224
2.448
2.548
1.224
2.448
4.284
3.672
1.324
5.508
1.224
1.624
1.224
1.224
3.06
3.672
2.548
3.56
1.224
2.548
1.224
2.448
2.648
2.648
1.324
1.224
2.448
1.324
1.324
1.224
1.324
3.972
1.224
3.772
1.324
5.608
1.224
4.384
4.172
1.224
1.224
1.224
2.548
4.384
1.324
1.224
3.06
1.224
2.448
1.324
1.224
3.872
1.224
1.224
1.224
1.224
1.224
1.524
3.06
1.324
3.872
2.448
2.548
1.224
5.508
1.224
1.224
2.548
1.224
1.324
1.524
1.224
2.448
1.224
2.448
1.324
1.224
2.448
1.224
3.772
3.16
2.448
3.672
1.224
3.36
1.224
1.224
1.324
1.324
1.224
2.448
1.224
3.772
3.772
2.448
2.448
3.772
4.172
1.224
3.772
3.672
1.324
2.548
3.36
2.448
2.448
3.36
1.224
3.06
1.624
3.872
2.448
3.772
3.06
1.424
3.06
3.672
8.508
4.284
2.448
3.16
4.384
3.16
3.26
3.16
1.224
2.648
4.284
2.448
3.06
3.06
3.872
4.384
2.448
1.224
3.16
2.448
1.224
3.56
3.672
4.284
1.224
1.224
1.224
3.26
1.424
2.448
2.548
4.284
3.672
2.648
2.948
3.16
2.448
3.06
1.224
1.224
1.224
4.384
2.548
1.224
2.448
1.324
2.548
2.448
4.584
1.324
3.672
2.548
4.584
2.448
3.06
5.608
2.848
1.224
4.284
3.672
1.324
3.972
3.16
2.648
2.448
3.06
2.448
2.448
1.224
3.26
3.772
1.224
1.224
2.448
2.448
3.06
3.672
2.448
2.448
1.424
1.224
1.324
3.06
1.224
5.508
1.224
2.448
3.772
1.224
1.224
3.672
2.548
2.448
3.672
2.448
2.448
3.16
1.224
1.224
3.16
1.324
2.448
5.508
2.448
3.048
1.224
3.16
4.284
3.672
4.284
1.224
4.284
3.36
3.772
2.448
3.06
1.324
2.748
1.224
2.548
3.672
3.06
3.06
1.224
1.224
3.16
2.548
1.224
2.448
1.224
2.548
3.348
2.748
2.648
1.424
2.748
2.448
1.224
1.224
1.324
1.224
3.672
1.324
2.448
1.424
2.748
1.224
3.672
2.448
1.224
2.448
3.672
2.448
1.224
4.384
4.284
2.648
1.224
2.448
4.384
1.224
3.872
1.224
3.872
2.648
1.224
4.284
3.672
2.648
3.06
2.448
1.224
2.548
2.848
3.972
1.224
4.284
1.224
1.224
1.224
2.948
1.224
5.608
2.448
1.224
2.448
4.284
5.608
2.448
3.672
2.448
1.224
2.448
1.224
3.672
2.648
5.508
3.06
2.448
2.648
1.224
1.224
1.224
3.772
1.224
1.324
3.26
4.284
2.448
4.284
2.448
1.224
2.448
1.224
3.06
1.224
3.672
2.548
2.448
1.224
2.448
2.448
1.224
3.672
1.224
2.448
2.448
2.448
3.06
2.448
2.648
1.224
1.224
1.224
1.224
1.224
1.324
3.672
1.424
1.324
1.224
2.748
1.224
2.448
2.548
3.672
2.448
4.284
1.224
4.484
3.46
3.06
1.224
4.284
3.672
3.06
1.224
2.548
1.424
3.06
2.448
1.224
3.772
3.06
2.748
3.672
1.524
3.06
3.772
2.448
2.448
1.224
1.324
1.224
1.324
3.16
2.548
1.224
1.224
3.972
3.06
1.324
1.224
2.748
4.284
1.224
1.224
1.324
3.772
1.324
2.648
1.324
2.548
1.424
3.672
5.508
5.708
1.324
2.448
5.508
2.548
1.224
2.448
2.848
2.548
4.072
2.648
1.324
1.324
5.608
2.448
3.772
2.648
3.672
3.672
1.224
1.224
1.224
4.284
1.224
2.548
1.224
4.384
4.284
4.284
2.448
2.648
2.448
2.648
1.224
1.224
1.224
4.284
3.772
4.284
1.424
5.608
3.872
2.448
4.172
3.772
2.448
3.16
1.224
3.16
3.772
3.772
3.872
2.448
1.424
1.324
1.224
1.324
1.324
2.548
1.224
3.06
1.224
2.448
1.324
2.448
2.648
1.324
1.224
2.548
2.448
2.648
1.224
3.06
3.06
2.948
3.26
1.224
1.224
2.024
1.424
1.936
1.224
2.448
0
0.1
0.5
3.16
0
0
1.836
1.924
0
0.3
0
1.224
3.06
0.3
1.224
0.1
0.1
0
0
0
0.3
0
0
0
0.1
0
0
2.448
0
3.248
0.1
0.2
0
0
0
0.1
0
1.224
1.224
0
0
1.224
2.548
0.2
1.936
0
1.324
1.324
1.224
0
0
0.1
1.1
0
0
0.2
0
1.624
1.324
1.224
0
0.3
0
0.1
3.06
0
0
1.224
0
0
0.4
0.1
0
1.224
0
0.1
0
1.224
0.1
0.3
0
0
1.324
0
1.224
0
0
1.224
0
0.1
1.424
0
1.324
0.2
0.1
2.448
0
0
1.324
0
0.1
1.424
0
0
0
3.16
0.5
0.1
0
1.224
0.1
0
0
0
0
0
0
0.1
0
0
1.224
0.2
0
0
0
0.1
0
0.1
0.1
0
0
0.1
0.1
0
0
0
0
0.1
0
0
1.224
0
1.424
1.324
0.1
0
0.1
0
0
0
0
0.1
1.224
0
0.2
0
0
0
0
0.2
2.448
0
0
0.1
0.3
0.1
0
0.5
0
0
0.1
0.1
0.4
1.324
0
1.524
0.1
1.224
2.448
1.324
1.836
0.1
1.424
0.1
0
1.224
1.224
0
0
0
0
0
0
0.1
1.924
0
0.2
1.224
0
0
0.2
0.1
0.1
0.1
1.224
0
0
0.6
0
0
0
0
0
0
0
0
0.1
0
0
0
0
0
0
0
0.4
0
1.624
1.224
0
0
0
0.2
0
0
0
0
1.224
0
0
0
0.2
0.1
0.3
0.1
0
0
1.224
1.224
1.224
0
0.5
1.424
1.224
0
0
1.224
0
0.1
0
0
1.424
0
0
0
0.1
0
0
0
0.1
0
0.2
0.1
1.224
0
0
0
0
0
0
1.224
0.1
0
0
0
0
0
0.1
0
0.1
0
0.1
0
0
1.324
1.224
0
0
0
1.224
0.1
0.1
0
0.1
0
0
1.724
1.724
1.224
0.2
0
0.3
0
0
0.4
1.324
1.224
0
1.224
0
0
0
0
0
0
0
0.4
0
0
0
2.448
0
0
0.1
0
0.2
0.1
0
0
0
0.2
0
0
0
0
0
1.324
0.2
0
1.224
0.1
0
0
1.324
1.424
0.2
0
0
1.224
1.424
1.224
0
0
1.224
0
0.1
0
0.1
1.224
0
0
0.2
0
0
0
0.1
0
0
0
0
1.324
2.448
0.1
0
0
1.324
0
0
0.1
1.524
1.224
0
0
0
0
0
0
1.224
0
0
1.836
1.224
0.1
1.224
0.2
0.2
0
0
0
1.836
0
0
1.224
1.624
0.1
0
0.1
0
0.4
1.224
0
1.324
0
1.524
0
0
0
0
0.1
0
0
0
1.224
0
0
0.1
0.1
0.1
0
0
0
0
1.324
0.1
1.924
0.2
0
1.424
0
0
0
0.2
0
1.224
0
1.424
1.224
0.2
0
1.524
0
1.224
0.2
0
0
0.1
0
0
0.3
0
0
0
0.2
0.1
0.1
0
0.1
0
0
1.324
0.2
0
1.224
0
0
0.2
0
0
0
0
0.1
0
0
0
0
0.1
0.2
0.4
0
0
1.324
0
0
0
0
0
0.3
0
0.1
0
0
0
0
0
0
0
0
0
1.224
0
1.224
0
0.5
0
0
0
1.624
0
0
0.2
0.1
0.2
0
1.224
1.836
1.324
1.224
0
0
1.724
0
0
0
0
1.224
0.1
0
0.1
1.324
0
0
1.224
0
0.1
2.448
0
0
1.424
0
0
1.224
0
0
0
0
0
0
0.2
0.3
1.324
0.1
1.324
0
0
0
1.224
0
0
0
1.224
0
1.324
0
0.1
0
1.224
0
0.1
0.3
1.224
0
0
1.224
0
0.1
0.3
1.624
0
0.1
0
0
0
0.3
0
0
0
1.224
0.1
0.1
0
0.3
0.2
0
0
0
1.224
0
0
1.224
2.448
1.224
0
0
1.224
1.224
0.1
0.1
0
1.224
0
0
0
0
0
1.324
0.1
0.4
0.1
0.1
1.324
0
0.3
1.224
0
0
2.124
0
1.836
1.224
0
0.1
0.2
0
0
0
1.424
1.524
0
1.324
2.748
0.1
0.1
1.224
0
0
1.224
0.1
1.424
0
0
1.224
1.224
1.224
0
0.1
0.1
0
0
0.1
0
0.1
1.924
0
0
0
2.548
0.2
1.624
1.624
0
0.1
0
0
1.324
0
0.2
0.1
0.1
2.236
0.1
0
0
1.924
0.1
0.2
0
0
0
0.1
0.1
0
0
0
1.424
0.1
0
0
0
0.1
1.624
0
0
0
0.2
0.1
0
0.1
0.1
0.2
0
0
0
0
0
0
0
0
0.3
0
0.3
0
0
0
0
0.2
1.224
0
0.1
1.824
1.224
0
0.1
0.1
0
0.2
0
0.6
0.1
0
0.2
0
0.2
0.2
0
0.3
0
0
1.224
1.324
3.06
1.224
0
0
1.224
0.1
1.224
0
0
2.548
1.524
0
0
1.424
0.1
0
0.3
1.424
0.1
0
0
0
5.508
0
0.1
2.748
1.836
2.448
0
2.448
1.936
1.324
0
4.972
1.524
0
1.836
1.624
1.936
0.4
0.2
0
0.2
1.324
2.448
0
0
1.836
3.06
3.36
1.324
0
0
2.448
0.2
2.448
1.836
1.224
1.224
0.2
1.424
1.324
2.448
1.836
1.324
1.424
2.448
0
0
1.224
0
2.448
1.224
1.224
0.1
1.224
1.224
0
0.2
4.384
2.448
0.1
0.3
0
0
0
1.836
2.448
2.448
1.324
4.384
1.224
2.848
2.548
1.224
2.448
3.672
2.648
0
2.448
4.284
0
0
0
0.1
1.1
0.1
0
1.724
2.948
1.724
