0.3
0
3.872
4.484
3.872
0.1
0
1.224
0.1
0
0
1.324
0.2
0.2
0.3
0
0.1
1.224
1.224
1.424
2.448
2.448
1.224
1.224
2.036
1.224
1.424
3.772
5.096
3.672
1.224
2.548
0.5
0.1
0.2
0.1
0.1
0
0
0.2
0
1.724
0
0
0.1
1.224
0
0
0.1
2.548
1.224
0
2.748
0
0
1.324
0
0.2
0
1.524
0.7
0
0.1
1.524
0.3
0.1
0.1
0
1.524
0.4
0
1.424
0.1
0
1.724
0.3
0
0.1
0
0
2.748
0
1.224
0
0.1
0
0
0
1.224
1.424
0.1
1.224
0
0
0
1.224
1.524
0
1.224
1.224
0
0.2
0.1
0
3.06
0
0
0.4
0
0
0.3
0
0
1.324
0.1
0.4
0.1
1.224
0
0
0.7
0.1
1.224
0.1
0
0.1
0
1.224
0
1.324
0
0
0.1
0
1.324
0.1
1.224
1.224
1.224
0.3
0
1.224
0
1.424
0
0
1.224
0.1
0.1
0
1.224
0
0
0.2
0.1
0.4
0
0
0.3
0
0
0
0.1
0
0.2
0.1
1.224
0
0.1
2.124
0
0.3
1.224
0
1.224
2.648
0
0
2.448
0.1
0.3
1.424
0
2.448
0.1
2.748
1.424
1.224
0
2.448
0.2
1.424
0
1.524
1.224
1.324
1.224
0.2
1.224
1.524
0.1
1.224
0
1.424
1
0
0
1.824
2.748
1.224
2.448
0.2
1.424
0
0
1.2
0
0.8
0
1.224
0
2.548
3.348
3.672
3.672
2.548
2.448
2.448
4.072
2.448
3.972
3.672
1.424
1.836
4.484
0
4.148
1.624
1.224
1.824
1.836
2.024
3.36
1.224
0
1.224
0
1.324
1.224
2.536
1.224
0
1.324
0
1.224
1.224
0
0
2.648
1.424
5.708
0
0
0.6
2.448
0
0.2
2.448
1.224
3.672
0
0.1
1.224
2.448
0.2
1.224
2.548
0.1
1.224
0
2.448
1.224
3.772
3.672
4.072
0
1.224
1.224
2.448
2.548
2.448
3.672
0
0.3
0
0
1.224
0.2
0.1
0
1.224
0
0.2
0
0
0.1
0
0.1
1.224
0
3.06
0
1.224
1.224
1.224
2.448
0
1.224
0
1.424
0
0
0.1
0.3
0.2
0
0
1.224
0
0
2.124
1.224
1.224
3.26
3.06
0
0
0
0.4
0
0
1.324
0.8
0.1
0.2
3.16
1.224
4.384
0.2
0
1.224
0.1
0.3
0.9
1.224
2.036
0
0.1
1.224
1.224
1.324
0.1
1.224
1.224
1.224
0.1
3.06
2.448
1.836
2.548
2.448
1.424
4.284
3.26
1.224
0
2.024
0
0
0.2
2.548
3.048
2.448
0
2.448
1.224
3.772
2.648
1.324
3.06
1.324
3.772
4.984
2.448
4.384
1.224
0
2.648
1.224
2.448
3.772
5.508
1.224
2.548
2.448
3.672
3.672
3.672
5.708
3.772
2.124
2.648
2.548
2.448
3.772
1.224
1.324
2.448
2.648
1.324
3.672
3.772
3.048
2.548
1.424
5.608
2.448
2.548
6.008
5.708
4.384
1.424
4.384
3.16
7.132
2.448
1.224
1.624
2.448
2.548
5.508
2.648
2.448
2.448
2.648
5.508
2.448
2.548
5.908
2.448
2.448
1.224
2.448
2.848
1.324
2.448
2.648
2.548
3.06
6.108
2.548
2.548
2.448
3.26
5.508
1.324
1.424
3.948
1.424
2.448
3.048
1.524
1.224
4.284
3.772
2.448
2.548
2.448
1.624
2.948
2.448
1.224
1.224
1.224
2.548
1.224
3.772
4.584
2.548
2.448
1.424
2.448
5.608
5.508
2.448
2.448
2.448
3.772
4.996
3.672
1.324
2.548
3.26
1.224
3.06
2.648
5.508
4.884
2.448
2.448
1.224
3.872
3.672
2.448
3.672
5.708
2.648
2.448
5.508
1.224
1.524
2.448
1.224
5.508
2.448
5.096
4.684
2.448
3.672
1.224
3.672
4.072
4.172
2.448
1.224
3.772
1.224
1.324
2.448
1.424
2.648
2.548
2.448
2.548
4.384
2.648
5.808
3.872
3.872
1.224
2.448
1.424
5.608
2.648
1.224
3.06
2.448
3.872
2.448
1.324
2.448
1.224
1.224
1.224
1.224
2.448
2.848
4.684
3.672
3.672
2.448
1.424
2.448
4.284
2.448
2.448
2.448
3.672
2.448
1.624
2.548
2.448
2.448
1.224
1.524
2.448
3.672
1.224
2.448
4.384
2.648
3.672
1.224
4.384
1.324
1.224
2.448
2.548
2.548
3.672
1.224
2.448
3.672
1.224
3.672
2.548
3.048
2.548
2.448
2.448
1.224
2.448
5.808
1.224
1.224
5.084
1.324
3.06
1.624
3.972
3.672
2.448
3.06
1.224
4.284
2.448
4.284
10.732
3.872
3.06
3.06
4.584
4.284
4.484
2.448
3.672
5.608
2.448
3.06
5.508
2.548
6.932
1.224
1.224
4.384
2.448
1.224
3.36
2.448
4.284
1.224
1.224
1.224
3.26
3.772
4.896
3.772
6.732
2.448
1.324
4.172
3.06
5.096
4.384
2.548
2.448
1.224
4.284
3.672
1.224
3.672
3.672
3.672
3.672
4.484
1.224
3.672
2.448
4.484
4.072
3.06
4.284
2.848
1.224
7.232
2.648
3.672
3.772
4.284
1.324
3.872
3.06
2.448
2.548
2.548
3.26
2.548
1.424
3.672
3.672
4.996
4.384
2.548
2.548
4.172
2.548
1.224
2.648
4.384
1.324
5.508
1.224
3.672
2.448
1.224
1.324
2.448
3.772
2.448
2.448
1.224
3.772
4.284
1.224
1.224
3.06
1.224
3.672
5.508
2.648
1.824
2.548
3.16
6.832
2.448
5.608
2.548
5.508
4.484
2.448
3.772
4.284
2.948
2.748
2.448
4.072
3.672
4.284
4.284
1.224
1.324
5.508
2.548
2.448
3.772
2.548
3.772
2.524
4.272
1.224
1.524
1.324
5.596
2.448
1.224
2.448
3.672
2.448
3.672
2.448
2.648
3.672
1.224
2.448
2.448
1.224
3.672
4.996
3.772
1.224
4.284
4.284
3.672
1.224
2.448
5.508
2.548
3.772
1.224
2.848
2.448
3.772
6.932
2.448
2.748
3.06
3.872
2.548
2.548
2.948
3.672
1.224
4.384
2.448
2.448
1.224
2.648
1.224
5.708
3.672
1.224
4.072
5.508
5.508
5.696
2.548
2.448
2.548
3.672
3.872
2.548
3.672
5.608
4.384
3.672
1.224
1.324
1.224
1.424
3.672
1.224
1.224
4.284
5.508
1.224
5.508
1.224
1.224
1.224
1.224
3.06
1.324
2.448
3.772
3.672
2.548
3.672
2.448
1.224
2.548
2.448
2.448
3.972
3.772
3.06
4.896
4.272
1.224
1.324
2.448
3.872
3.772
2.448
2.448
2.648
1.424
2.448
4.172
1.224
3.672
3.672
2.448
3.672
5.508
2.548
7.132
3.46
4.384
1.324
5.508
2.448
5.508
2.548
2.548
2.548
5.608
2.448
1.324
2.448
4.284
5.196
3.672
2.448
3.16
2.448
2.448
1.224
1.224
2.448
2.448
2.548
3.16
2.548
1.224
1.324
3.048
4.484
2.548
1.224
1.324
4.284
2.448
1.224
2.548
3.672
1.724
3.972
3.672
1.324
1.424
2.448
5.708
6.208
2.448
4.896
4.484
3.672
3.872
3.672
4.272
2.548
4.372
3.872
3.772
1.224
5.808
3.672
3.048
3.872
3.872
3.672
3.672
3.672
3.672
6.932
3.672
3.672
2.548
6.732
7.032
6.732
3.872
2.848
2.448
3.972
1.224
1.224
1.224
3.06
2.548
4.284
4.072
5.508
4.072
3.772
2.548
2.448
2.448
4.284
3.772
4.384
2.448
2.848
2.648
3.872
2.548
3.872
3.672
3.872
3.772
2.448
3.672
5.508
1.224
5.396
1.224
5.296
5.696
3.772
3.872
5.696
3.672
5.196
2.948
4.284
4.284
5.296
3.46
1.224
2.648
3.248
2.648
3.26
2.448
1.224
2.448
0
1.624
4.684
0
2.448
1.836
0.9
1.224
0.4
0
2.448
4.384
1.924
2.448
0.1
0
0
1.224
0
0.1
1.324
0
0
1.324
1.224
1.224
1.224
0
1.924
1.224
0.1
1.424
0
0
1.524
0
0
0
1.224
1.224
0.1
1.624
0.4
2.136
1.324
0
0
1.224
1.324
1.224
1.424
2.424
0
1.324
0.1
1.424
0.6
2.548
0
0
1.924
1.424
0
1.936
0
1.224
2.448
1.424
1.224
0.2
0
0.1
0
0
0.1
0.2
1.224
1.224
0.2
1.424
1.224
0.1
1.424
2.448
1.224
0.1
2.848
1.324
1.224
0
0.1
2.548
1.324
1.224
1.224
1.224
1.224
0.1
0
2.124
1.424
1.224
0
1.424
1.836
1.224
0.4
1.224
2.448
0.2
0.3
0
0.1
0
0.1
0.1
1.424
2.448
1.224
0
1.424
1.224
1.324
1.224
0
0.1
1.224
0.3
1.224
1.224
1.424
1.224
1.224
1.324
0.2
1.224
1.324
0.2
1.224
1.224
0
0.1
0
1.224
2.648
0
0
0.1
1.224
0
1.224
1.324
1.224
0.1
0.2
1.224
0
0.1
1.224
1.224
1.324
1.224
1.424
1.424
0.1
1.224
0.3
0
0
1.424
1.324
1.424
1.224
1.224
0.3
0.3
0
1.224
0
1.836
0.1
0
1.224
1.224
1.224
0
1.224
1.224
0
2.448
1.224
0
1.324
0.3
1.224
0.5
0
1.324
0
0
1.324
2.748
1.324
2.548
1.224
1.224
0.9
1.224
0
2.648
0
1.324
1.224
0
0
0.1
0.2
0
0
1.224
1.424
1.324
1.324
1.524
0
3.148
1.324
1.224
1.224
0.1
1.224
1.224
0
0
1.224
0
1.224
1.324
1.224
1.424
1.324
0
1.224
0.1
1.324
0
0
0
1.324
0.3
0.3
0
0
0
0
1.224
1.224
0
1.424
2.548
0
0
0
0.1
0.2
1.224
0
1.324
0
0.6
0.4
1.224
1.224
2.448
0.1
1.324
1.324
1.224
2.448
1.224
0
1.324
1.224
1.224
1.724
1.324
1.324
1.224
1.324
1.224
0
1.224
0
0
1.224
1.224
1.224
1.324
0
0
0
0
0
0
1.424
0.3
2.448
0.4
1.224
0.2
0
1.224
2.024
0.2
0
0
2.448
0
1.224
2.448
2.548
0
1.324
0
1.324
0
1.224
0
1.224
1.224
1.224
1.224
1.324
0.2
1.224
0
0.1
0
1.424
1.224
1.224
0.2
1.224
1.224
1.324
0.5
0.3
0
0
1.224
1.324
0
0.1
1.324
0.3
0
0.1
0
3.672
0
0.1
2.748
1.224
1.324
1.224
0.1
1.224
1.324
1.324
1.224
0.1
0.2
1.224
0.4
0
1.224
0
1.224
1.224
2.448
0
1.224
1.324
2.448
1.224
1.224
0.3
2.648
0.1
0
1.224
1.224
0
1.224
0
1.224
0.2
0
1.836
1.224
1.724
0
1.424
1.324
1.324
0
1.224
1.936
0.2
0
2.748
0.1
2.548
1.224
0.2
1.324
0.4
0
0
2.648
2.448
0
0
1.224
1.224
0
0.1
1.224
0
1.224
0
0.1
0
1.324
1.224
0.1
0
1.224
2.448
1.224
0.1
2.548
2.224
1.424
0.3
1.324
0
0
1.324
0.1
0.2
2.448
1.324
2.448
0
1.524
1.524
0.1
1.224
1.224
0.3
0
1.324
0.1
0
1.324
0.1
0.1
1.224
0.2
1.424
0.2
1.224
1.224
1.424
0
1.224
2.448
1.424
1.224
1.324
1.224
0
1.424
2.548
0
1.324
0
0.1
1.224
0
1.224
0
0
0.4
0.3
1.224
0
0
1.224
0
1.224
0
1.224
0.4
1.324
0.1
0
1.224
0.2
0.1
1.224
0
1.324
0
0.1
0
0
0.1
1.224
0.6
0
0
1.424
0.1
1.224
0
0.3
1.224
0
1.224
2.448
1.836
0
0
0
1.424
1.624
1.224
0
1.224
0
2.448
0
1.224
1.324
2.648
1.224
0
1.324
1.324
1.324
1.224
0
1.324
2.448
0
0
1.324
0
0
1.224
1.424
0.1
1.224
0.6
1.624
0
1.424
0.2
2.548
1.224
0.1
0
1.224
1.224
1.224
0
1.324
0.1
0
0.1
1.624
1.324
0
0.2
1.224
2.748
0.1
1.224
0
0.1
0
1.224
2.548
1.324
1.424
1.224
0
0
0.2
0
1.224
0.2
0
0.1
0.2
1.324
1.324
1.424
1.324
2.448
1.224
2.448
1.224
0
2.648
1.224
0
0
0
2.448
2.448
0
1.324
0
0
1.224
1.224
0
1.224
0
2.448
0.1
0.9
0
0.2
0
0.2
1.624
2.448
0
0
4.272
1.224
1.836
2.548
1.424
1.224
0.2
0.1
0
0
0.1
2.648
0.3
0.1
1.324
0
0.7
2.448
0
1.224
0.1
1.324
1.224
1.324
0
0.2
0
0
1.224
1.224
0
1.324
0.1
1.424
1.224
2.548
0.7
1.324
1.224
0
1.324
0.4
1.624
0.2
0
1.324
1.224
0
1.424
0.1
0.1
0.2
0
3.36
0
1.324
1.524
3.348
1.324
1.224
1.224
0
1.324
0
1.324
1.224
0
1.224
2.648
1.224
1.324
0
1.324
2.648
0.1
1.324
0
1.224
0
1.224
0
0
2.848
2.648
0
0.2
0
1.224
1.224
1.424
1.324
1.224
1.324
1.324
0
0
0
1.224
1.524
1.324
1.324
0.2
1.524
0.3
1.224
0.2
1.224
0
0
1.324
0.1
1.724
1.524
1.224
1.424
1.424
1.524
1.424
0
1.624
0
2.548
2.448
2.648
4.284
2.548
0
2.448
0
2.648
0
0
0.1
1.224
0.4
0
1.224
0
0.5
0
1.1
0
2.448
0
0.1
0
4.284
0
0
1.324
4.284
1.324
0
1.324
4.384
0.1
0
3.748
2.648
1.224
3.06
1.824
3.26
0.7
1.924
0
0.8
3.972
2.448
0
1.324
3.06
2.036
1.936
1.324
0
1.224
1.224
0.3
1.224
3.06
1.224
4.372
0.1
1.424
2.448
2.448
3.06
1.324
1.324
2.448
0
1.224
1.324
0
3.048
2.448
3.872
0
1.224
1.324
1.224
0
4.984
2.648
2.948
1.724
0
0
2.448
1.836
5.296
4.996
2.448
5.508
1.224
2.448
5.696
2.548
4.896
2.548
3.772
0.2
2.448
3.06
1.324
0
0
0.3
0.8
0
0.2
2.548
1.624
2.648
