1.524
0.3
4.172
2.548
3.872
0
0
1.224
1.224
0
1.324
1.224
0.1
0.5
0.3
0.1
0
1.224
1.224
1.224
1.224
1.424
1.224
1.224
1.524
1.224
1.324
2.648
3.672
2.448
1.224
2.448
1.724
2.448
0.4
1.324
1.324
1.224
0.1
1.724
1.224
1.924
0
0
0.2
1.324
0.3
0.2
1.324
2.648
1.224
0.1
2.948
0.1
0.1
1.224
1.324
0.2
1.224
1.824
0.5
0.4
0.1
1.724
0.2
1.324
0
0.2
1.324
0.6
1.524
2.548
1.424
1.324
2.124
1.624
1.224
0.3
0.1
1.224
2.848
0
1.224
0.1
0
0
0
0
1.324
1.524
1.224
1.324
0.1
0
0
2.448
2.448
1.224
2.448
1.324
0.1
0.3
0.2
1.224
1.224
1.324
1.224
0.8
0.2
2.448
1.624
0.1
1.224
1.324
0
0
1.324
1.424
1.324
1.324
0.8
0.1
1.224
1.624
0.1
2.548
1.424
1.224
1.224
1.424
1.424
0.1
0.1
1.224
1.324
0.9
1.224
1.224
1.624
0.6
1.224
1.224
0
1.724
0.1
0
1.324
0.1
1.324
0
1.224
1.324
1.224
1.324
1.824
1.824
0
0.2
1.824
0
1.424
0
1.324
0
0.1
0.2
1.224
1.224
0.2
3.124
1.224
1.624
1.224
1.324
1.224
2.648
0
1.224
1.224
1.624
1.524
3.648
0
2.448
0.1
2.948
1.924
1.324
0.2
2.448
0.2
2.548
1.524
1.824
1.424
1.624
1.224
1.224
2.448
1.324
1.224
1.324
0
0.2
1.824
0
1.324
2.848
2.648
2.548
2.448
1.224
1.524
0
1.224
1
1.224
0.2
0
0
0
3.672
2.948
4.896
3.672
2.648
2.448
2.448
4.272
3.672
3.872
3.672
1.324
0
2.448
0
3.448
1.324
0
1.424
0
1.624
1.524
1.224
0
1.224
1.224
2.448
1.224
0.5
0
0
0
0
1.224
1.224
0
0.1
2.448
1.424
2.548
1.224
1.324
0.2
3.772
1.224
0.1
3.672
1.324
2.448
1.224
1.324
1.224
2.448
0.3
0
2.448
1.224
2.448
1.224
2.448
2.448
5.196
4.896
3.872
1.324
2.548
2.448
1.524
1.224
1.224
4.896
0
0.1
0
0
2.448
0
0
1.224
1.224
1.224
0.2
0.5
0
0
0
1.424
1.224
1.224
1.424
0
1.224
1.224
1.224
2.448
1.224
1.224
0
1.224
1.224
0
1.324
0.2
0.2
1.224
0
2.448
0.1
0
1.224
1.224
2.448
1.224
1.224
0
1.224
0.1
1.924
1.224
0
2.448
1.524
0
1.324
1.224
3.872
2.548
0
1.224
2.748
1.424
1
1.1
1.224
0
1.224
0.1
1.324
2.748
2.448
0
2.448
2.448
1.224
0
1.224
4.896
0
2.448
2.448
1.224
1.324
1.224
1.224
0
2.548
0
0
0
2.448
2.748
3.672
0
2.448
1.424
4.996
3.872
2.548
1.324
1.224
4.896
2.948
2.448
2.748
1.324
0.1
2.548
2.448
2.448
3.672
3.772
2.448
3.672
3.672
3.672
4.896
4.896
3.048
3.672
1.624
2.948
3.672
1.224
2.548
1.324
2.548
2.448
2.548
1.224
2.448
3.672
3.672
2.648
2.448
2.448
2.448
3.772
2.748
3.672
2.448
2.648
2.548
1.224
4.172
2.648
2.548
2.748
2.548
3.672
3.672
2.548
2.448
3.672
2.448
3.672
3.672
2.448
2.548
2.548
2.448
1.224
2.448
2.848
1.324
2.648
1.224
3.672
1.224
4.072
2.548
2.448
2.448
1.624
3.672
1.324
1.524
3.148
1.524
2.448
2.848
3.972
1.224
3.872
4.072
2.648
2.648
2.448
1.224
2.648
2.448
1.224
2.448
1.324
2.448
1.324
3.772
3.872
2.548
2.448
2.448
3.672
3.772
3.672
1.224
1.224
2.448
2.448
8.996
3.672
1.324
2.648
1.424
2.548
1.224
3.672
3.672
2.648
2.448
1.224
2.448
3.972
3.672
2.448
4.896
3.772
2.648
3.872
3.672
1.224
2.024
2.448
2.448
2.448
2.448
4.996
2.948
3.672
2.548
2.448
3.672
3.772
4.272
3.672
1.224
4.896
2.448
2.648
2.548
2.748
2.548
3.672
2.748
2.548
2.548
2.548
4.172
3.872
2.548
2.448
2.548
1.224
3.772
2.548
2.448
1.324
2.448
4.072
2.448
1.324
2.548
2.448
1.324
1.224
1.324
3.772
2.648
2.648
3.772
4.896
2.448
1.324
2.448
2.448
2.448
1.224
2.448
2.448
2.448
2.848
2.648
2.448
2.648
1.224
1.224
3.672
4.996
2.448
2.548
2.648
2.448
3.672
1.224
1.624
1.224
2.448
2.448
2.448
1.224
3.672
2.448
2.548
2.648
1.224
3.672
2.448
2.648
2.448
2.448
2.448
2.448
2.448
3.448
1.224
1.424
1.724
1.224
1.324
2.948
3.872
4.896
2.448
1.324
1.224
2.448
2.448
2.448
3.872
12.12
1.224
1.224
2.448
2.448
2.648
2.448
2.448
3.672
3.772
1.324
2.548
2.448
3.772
2.448
2.448
3.848
4.896
2.448
1.424
2.448
2.648
1.224
2.448
2.648
1.324
2.448
3.672
2.548
3.672
2.448
1.224
3.872
1.224
5.496
2.448
1.224
2.548
2.448
2.448
4.996
2.448
3.672
2.548
3.672
3.672
2.648
1.224
3.672
2.648
3.872
3.972
2.448
3.672
4.272
2.448
3.672
2.448
2.448
3.672
2.448
1.324
4.996
1.224
2.448
3.772
2.448
1.224
2.448
2.448
2.448
3.772
3.672
4.996
2.548
2.548
3.772
1.324
1.424
3.772
2.748
2.448
3.672
2.548
3.672
3.672
1.224
2.448
2.448
3.772
2.448
3.672
1.224
3.672
2.648
1.224
2.448
2.448
2.448
3.672
3.672
3.672
1.624
2.548
1.324
3.772
2.448
3.872
2.448
3.672
4.448
2.448
4.896
1.324
2.648
2.448
2.648
4.996
3.772
2.548
4.896
1.224
2.448
2.648
2.648
3.772
3.672
2.548
3.672
1.824
10.12
1.324
1.324
1.424
3.772
2.448
2.448
2.448
2.448
2.448
2.448
2.448
2.448
4.896
2.448
2.448
3.672
2.448
3.672
3.872
3.672
1.224
3.672
3.772
3.872
2.648
3.672
3.772
2.448
2.748
2.448
2.848
2.748
2.548
3.772
3.672
2.448
1.224
4.896
1.224
2.548
2.848
3.972
2.448
2.448
2.448
3.672
1.224
2.448
2.448
3.972
3.772
2.448
5.396
3.672
3.672
3.772
3.672
2.448
2.448
3.672
2.548
2.448
3.972
3.672
1.324
3.672
1.224
1.324
2.448
3.772
4.896
1.224
1.224
2.648
3.672
2.448
3.672
1.224
2.448
1.224
2.448
1.324
1.224
2.448
5.096
3.772
2.448
4.896
2.448
2.448
3.672
2.648
2.448
4.996
4.896
1.224
5.096
5.596
1.224
1.224
3.672
2.448
3.772
2.548
2.448
2.648
2.848
2.448
3.972
1.224
4.996
3.672
3.672
3.772
3.772
2.548
4.172
2.848
2.648
1.224
3.672
2.448
2.448
2.448
2.548
2.648
3.772
3.672
2.448
2.548
4.896
3.872
3.672
1.324
1.224
2.548
2.448
1.224
1.224
3.672
2.448
2.548
1.224
2.448
1.224
1.324
2.648
2.448
2.548
2.448
1.224
2.448
3.672
1.224
4.272
3.672
2.648
3.872
2.448
1.324
2.548
2.448
3.672
3.872
2.548
3.672
2.448
3.672
3.872
4.896
5.296
3.672
4.872
4.896
4.072
1.324
3.872
3.672
2.748
4.896
3.872
3.672
2.448
2.448
2.448
3.772
2.448
3.772
2.448
3.772
3.972
3.672
3.872
2.948
2.448
5.296
1.224
1.424
2.448
2.448
2.448
2.648
2.948
3.672
3.772
4.896
2.648
2.448
2.448
2.448
2.448
2.648
2.448
2.548
2.648
3.672
4.872
2.448
2.448
2.548
2.548
2.448
2.448
2.448
1.224
3.772
1.224
3.672
4.272
2.548
2.548
4.072
4.996
3.672
2.448
2.548
2.448
3.772
1.224
1.224
2.448
3.548
2.548
0.2
2.448
1.224
1.224
0.2
1.524
2.448
0
1.224
0
0.3
0
0.2
0
4.896
2.448
1.624
3.672
0
0
0.2
1.224
1.224
0.1
1.224
1.224
1.224
1.324
1.224
1.224
1.324
1.224
1.724
1.324
1.724
2.648
1.224
0
2.648
0.1
0
0
1.224
1.224
1.424
1.524
0
0.1
1.224
1.224
0
2.448
1.224
1.224
1.324
3.324
0
1.324
1.424
1.224
0.5
2.448
0.1
0
2.848
2.548
0
0
1.224
1.224
3.672
3.348
2.748
1.824
0.3
1.224
1.324
0
1.324
0
1.324
1.224
2.324
2.648
1.524
0
2.948
2.448
1.224
0.7
3.148
1.324
1.324
0
0
3.872
3.048
4.272
1.224
1.224
2.448
1.524
1.224
2.024
1.424
1.424
0
1.424
0.1
1.624
0.3
1.224
3.772
1.224
0.1
0.1
1.324
0.1
0
0.1
3.648
3.672
2.548
0
2.024
1.324
2.448
1.224
0.1
0.1
1.224
1.824
2.548
1.224
1.524
1.324
1.224
1.524
0
1.224
3.348
1.324
1.324
1.224
1.324
1.324
1.224
1.424
1.424
0.1
0
0.2
1.324
1.224
1.224
1.224
2.448
1.424
1.224
2.448
0
1.524
1.224
1.424
1.224
2.448
1.324
2.124
1.424
1.224
1.6
1.224
1.224
1.424
3.248
1.524
2.648
1.624
0.5
1.524
0
1.224
0
0
1.324
1.424
2.448
1.224
2.448
1.224
1.524
1.224
0
2.448
1.224
1.224
1.324
0.3
1.224
1.424
1.224
1.424
0.3
0.2
5.272
1.324
4.348
5.496
1.224
2.548
2.424
1.224
1.224
1.624
0.1
1.424
2.448
0
0.1
1.524
2.024
1.224
1.224
1.224
3.148
2.548
1.424
2.224
1.324
3.972
2.848
1.224
1.224
0
2.448
1.224
1.224
1.224
1.324
0
2.448
1.224
2.448
1.624
1.224
1.524
3.972
1.724
2.648
0.1
0
0
1.224
0.6
0.3
1.224
0
0.1
0
1.224
2.548
0.5
2.548
2.848
2.448
0.2
1.324
1.424
1.524
2.748
0
2.948
1.224
0.8
0.4
1.224
2.748
1.224
0
1.424
3.948
1.224
2.448
1.324
1.424
1.324
1.324
1.224
1.924
3.048
2.624
2.448
1.224
2.448
0.1
1.224
1.324
0
2.548
1.224
1.324
2.648
0
1.524
1.324
1.824
1.224
1.224
2.948
0.8
2.548
0.3
1.224
0.2
0
1.224
3.648
0.2
1.224
1.224
2.448
0
1.224
1.224
2.024
1.224
1.524
1.324
1.424
1.224
1.224
1.524
1.224
1.224
1.324
1.224
1.924
2.424
1.324
1.224
1.224
0.1
3.848
3.148
1.324
0.3
1.224
2.448
1.224
1.324
0.2
0
1.424
2.548
1.324
1.224
0.2
2.748
1.724
0.3
0
0
2.548
0
0
3.872
2.548
1.224
1.224
1.324
1.224
1.224
1.324
1.524
0
1.624
1.324
1.824
0.1
1.224
0
1.224
2.648
2.548
1.324
1.224
1.224
3.772
2.448
2.448
1.224
5.572
0.3
0
2.448
3.872
0
2.648
0.3
1.224
1.824
1.324
0.1
2.448
1.624
1.324
1.624
3.848
3.248
1.224
4.072
1.324
2.624
0
6.196
1.324
1.224
1.224
2.724
1.824
2.424
0
1.224
2.748
1.224
1.524
1.224
1.224
1.324
1.224
0
1.224
0
0.2
0.2
1.524
0
2.548
2.548
1.324
1.224
3.772
3.672
1.224
1.324
4.772
3.648
3.024
0.4
2.548
0
0.1
1.824
1.324
1.524
3.872
1.424
3.772
0
1.524
2.848
0.1
2.448
1.224
0.4
0.1
2.548
0.2
1.424
1.224
0.3
0
2.448
1.524
1.524
1.524
1.224
1.224
4.072
0
1.224
2.548
3.048
1.324
1.224
1.224
1.324
2.948
1.224
0
1.524
1.724
0
3.672
0.1
2.448
0
1.224
0.2
0
2.448
1.424
1.424
1.224
0
1.324
0
2.448
2.024
2.948
0
1.324
1.424
1.224
1.324
2.448
1.224
2.748
0.3
0.1
0
1.224
1.424
2.448
0.6
1.224
0
1.524
0.3
1.324
1.224
1.924
2.448
1.224
1.224
2.448
0.1
1.224
1.224
1.224
2.548
3.148
1.224
2.448
2.448
0
2.448
1.324
1.324
2.448
3.972
1.224
0
2.448
2.548
1.324
1.224
1.224
1.224
2.748
0
1.324
2.448
0
1.324
1.224
1.424
1.424
1.224
2.424
2.624
1.324
3.148
0.1
1.224
1.224
2.748
0.1
1.324
2.548
2.448
0
1.424
0
0
0.4
1.624
2.548
1.324
2.424
1.224
2.848
1.624
1.224
0
1.324
0.1
1.624
3.972
1.724
1.224
1.224
0
1.324
1.524
1.224
1.624
1.224
1.224
1.224
1.524
2.948
2.124
3.448
1.224
3.248
1.924
2.448
2.448
0
5.796
1.224
0
1.224
1.224
2.448
3.672
1.224
1.424
0
0
2.448
2.548
0
1.224
1.224
2.548
1.424
2.724
0
0.2
0
0
2.024
3.772
0.1
0
3.048
1.224
0
3.872
1.724
2.548
1.524
0
1.624
0.1
0.4
4.572
2.024
0.2
1.524
0
1.824
3.872
1.224
2.648
0
1.724
2.648
1.324
0
1.524
0
0
1.324
2.448
1.324
1.424
2.224
1.724
2.648
1.224
1.5
2.648
2.448
1.224
1.224
0.7
3.548
0.7
1.224
4.472
2.448
1.224
1.424
1.224
0.4
1.424
0.2
1.624
0
2.548
2.024
3.248
2.448
2.748
1.224
0
3.248
1.224
4.448
1.324
1.424
2.448
2.648
2.648
1.424
1.224
1.424
1.824
1.824
1.424
0.1
1.224
0.1
1.324
1.224
1.224
4.248
1.424
1.224
1.324
1.224
2.448
2.448
2.648
4.048
2.548
2.748
2.748
1.724
1.224
1.224
2.448
2.748
1.724
2.448
1.624
2.748
1.924
1.224
1.324
1.324
1.624
1.324
1.324
1.224
3.148
2.424
1.324
2.648
1.824
1.424
2.024
0
1.724
1.224
2.524
3.672
6.496
2.448
2.648
0
1.224
0
1.524
0
1.324
1.324
1.424
1.724
1.224
2.448
1.224
1.724
0
1
0.1
2.448
1.224
0
0
2.448
1.224
0
1.524
1.224
1.224
0
1.224
2.448
0.1
1.224
3.148
1.324
1.224
0
1.824
1.424
1.824
2.024
1.224
1.824
2.648
2.448
1.224
1.324
1.224
0
0
1.224
1.324
0
1.224
1.324
1.224
0.1
1.224
2.648
0
0.1
3.672
1.324
1.324
1.224
2.448
1.224
0
1.324
1.224
2.448
1.824
2.448
2.548
1.324
1.224
1.224
1.224
0
3.148
4.896
2.448
2.848
1.224
0
1.224
0.2
3.672
3.672
2.548
3.772
2.548
3.672
3.872
2.648
3.672
2.448
4.996
1.224
2.448
1.224
2.448
1.224
0
0.2
2.624
1.224
1.424
2.948
1.524
2.848
