0
0.3
2.848
3.06
2.448
1.836
0
0
0
0
0
1.224
0
0.3
0
0
0
0
0
0
3.16
3.26
0
0
1.836
0
0
1.424
2.548
1.224
0
2.548
0.5
0
0
0
0
0.1
0
0.1
0
3.56
0
0
0
1.224
0
0.1
0.1
1.324
1.224
0
1.424
0
0
0
0
0
0
1.424
0.2
0.1
0
0
1.836
0
0
0
1.224
0.6
0
1.424
0.2
1.936
3.46
0.1
0
0
0
0
1.324
0
1.224
0
0
0
0
0
0
0.1
0
0
0.1
0
0
1.324
1.224
0
0.1
0
0
0.1
0
0
1.836
0
0
0.4
0.1
0
0
0
0
1.324
0
1.936
0
0
0
0
0.7
0.1
0
0.1
0
0
0.2
1.224
0
1.224
0
0
0
0
3.06
0.4
1.224
1.224
1.424
0.3
0
0
0
1.224
0
0
1.324
0.2
0
0
1.224
0
0.1
0
0.2
0.1
0
0
0.1
0
0
0
0
0
0
0
0
0
0
0.5
0
0
1.224
0
1.224
1.424
0
0
3.16
0.1
0.1
1.424
0
1.224
0
1.424
1.424
1.224
0
1.224
0.1
1.324
0
1.324
1.224
1.224
1.224
0.1
1.224
0.3
1.936
0
0
0.3
0.6
0
0
1.424
1.324
0
1.224
0.1
0.3
0
1.836
0.6
0
1.836
0
1.836
0
1.324
2.848
2.548
2.448
2.748
2.448
2.448
2.548
2.448
2.648
2.448
1.224
3.672
3.06
0
1.724
3.16
1.836
1.624
3.772
1.624
5.196
1.324
0
0
0
0
1.224
1.936
0
0
0
0
0
1.224
1.836
0
1.224
1.224
3.06
0
0
0
1.224
0
0.1
1.224
0
1.224
0
0.1
0.1
1.224
0.1
0
1.224
0
1.224
0
1.224
1.224
2.648
2.448
2.548
0
1.224
1.224
1.324
3.06
3.06
2.448
0
0.2
0
0
0
0
0
0
0
0
0.1
0
0
0
0.1
0
0.1
0
1.936
0
1.324
0
0
1.224
0
1.224
0
1.224
0
0
0
0
0
0
0
0
0
0
0.2
0
0
4.896
4.896
0
0
0
0.4
0
0
1.224
0.3
0
0
3.26
1.224
3.26
0
0
1.224
0
0.1
0.7
0
3.672
0
0
0
1.424
1.224
0
1.224
1.224
1.224
0
1.836
1.224
3.672
1.324
1.224
1.224
1.836
3.06
0
0
0.3
0
0
0
1.224
1.424
1.224
0
1.224
1.224
2.448
2.648
1.424
3.06
1.224
2.448
3.36
1.224
3.16
1.324
1.836
1.424
1.224
1.224
2.448
6.22
1.224
2.448
2.448
4.284
2.448
2.448
4.684
2.448
1.424
2.748
1.324
3.06
1.324
1.324
1.324
1.224
1.324
1.224
4.384
4.284
2.448
1.324
1.224
4.284
3.06
2.448
4.484
4.284
3.06
1.324
4.384
3.26
4.884
1.324
1.224
1.424
2.448
1.224
4.284
3.06
1.224
1.224
1.324
6.12
1.224
2.448
4.484
4.484
1.224
3.06
1.224
2.548
1.224
1.224
3.06
1.224
3.16
4.684
2.448
2.448
2.448
3.26
4.284
1.224
1.424
2.548
3.06
1.224
2.548
1.424
1.224
3.16
2.748
2.648
1.224
3.06
1.224
1.224
2.448
1.224
1.224
1.224
1.324
1.224
2.448
3.16
1.224
2.448
1.224
1.224
6.12
4.284
1.224
3.06
1.224
2.448
2.648
2.448
3.06
2.548
3.16
1.224
3.06
2.448
6.12
3.36
1.224
1.224
1.224
2.448
2.448
4.284
2.448
4.284
3.06
2.548
4.384
1.224
1.824
2.448
1.224
4.284
1.224
2.548
4.584
2.448
3.06
1.224
2.448
2.548
2.448
2.448
1.224
2.548
1.224
1.224
2.448
1.224
1.224
2.448
1.224
1.224
3.06
2.448
4.484
4.584
2.548
1.224
1.224
1.224
4.384
2.448
1.224
4.996
2.448
2.648
2.448
1.224
1.324
1.224
1.324
1.224
1.224
4.284
3.36
4.484
4.284
2.448
2.448
1.424
2.448
3.06
2.448
3.06
1.224
2.448
2.448
1.624
2.448
1.224
2.448
1.224
1.224
4.284
2.448
1.224
1.324
4.284
2.448
2.448
3.06
3.26
1.224
1.224
2.448
2.448
3.06
2.448
1.224
1.224
1.324
1.224
2.448
1.224
3.16
2.448
1.224
1.224
1.224
1.324
4.584
3.16
1.224
3.26
1.224
3.16
1.624
2.648
2.448
1.224
3.26
1.324
4.284
1.224
3.16
4.484
2.648
3.06
3.06
4.284
3.06
7.92
2.448
1.224
6.12
1.224
3.06
4.284
1.224
4.384
3.06
1.224
4.484
1.324
1.224
3.46
1.224
4.284
1.224
1.224
1.224
3.06
2.448
2.448
4.284
4.284
1.224
1.224
2.548
3.06
2.548
6.22
3.06
2.448
1.224
3.06
2.448
1.224
2.448
2.448
2.548
2.448
4.284
1.224
2.448
2.548
4.584
2.648
3.06
3.06
3.06
1.224
4.284
1.224
2.448
2.448
4.284
1.224
2.548
4.896
1.224
1.324
2.448
3.16
1.224
1.224
2.448
2.448
2.448
4.484
1.224
1.224
2.548
3.06
1.224
2.448
6.22
1.224
4.284
1.224
2.448
1.224
1.224
1.224
1.324
2.448
2.448
1.224
1.224
2.548
4.284
1.224
1.224
3.06
3.06
1.224
4.284
1.324
3.06
2.448
3.16
4.284
1.224
6.12
2.448
6.12
4.384
1.324
2.448
3.06
2.648
1.224
2.448
2.548
2.448
4.384
4.284
1.224
1.224
4.384
1.424
2.448
2.548
2.448
2.548
1.724
2.648
1.224
1.224
1.224
2.448
2.448
1.224
2.548
4.284
1.224
4.284
3.06
2.448
2.448
1.224
1.224
1.224
1.224
2.448
2.548
2.448
1.224
4.284
4.284
2.548
1.224
1.224
6.12
2.448
1.224
1.224
1.424
1.324
4.284
4.384
1.224
1.724
3.06
2.548
3.06
1.224
1.424
4.284
1.224
6.12
2.548
2.448
3.06
1.424
1.224
4.384
2.448
1.224
2.648
4.284
4.284
2.648
1.224
1.224
2.448
2.448
2.448
1.224
4.384
4.284
4.896
4.284
1.224
1.224
1.224
1.224
2.448
1.224
1.224
4.284
6.12
1.224
6.12
1.224
1.224
1.224
1.224
3.16
1.224
1.224
2.548
2.548
2.448
2.448
1.224
3.06
1.224
2.448
1.224
2.548
2.448
3.06
2.548
2.748
1.224
1.324
2.448
2.448
4.384
2.548
1.224
2.548
1.224
1.224
2.448
1.224
2.548
2.448
1.324
2.448
6.12
2.448
4.684
3.56
3.06
1.224
6.12
1.224
4.284
2.448
3.06
2.448
4.384
1.224
1.224
1.224
4.284
2.648
2.448
1.324
3.06
1.224
1.224
1.324
1.224
2.448
1.224
1.224
3.06
1.324
1.224
1.324
1.624
4.284
2.548
1.224
1.424
3.06
2.448
1.224
2.648
2.448
1.224
4.384
4.384
3.06
3.06
1.224
4.484
4.384
2.448
2.448
3.06
2.448
4.284
2.448
2.748
1.224
2.748
2.548
2.448
1.324
4.284
2.448
1.324
2.548
2.548
2.448
4.384
4.284
4.284
4.284
2.448
2.448
2.448
4.284
4.384
4.284
2.548
1.424
1.224
2.648
1.224
1.224
1.224
3.06
1.224
3.26
4.284
4.284
4.384
2.448
1.324
1.224
1.224
6.12
2.448
6.32
3.06
3.16
3.16
2.448
2.448
4.384
4.284
4.384
4.384
1.224
4.384
4.284
1.224
2.548
1.224
2.548
2.548
2.448
2.548
2.448
2.648
2.448
2.548
3.06
3.06
2.548
2.136
0
1.224
1.524
1.324
4.172
1.224
0
1.224
0.1
1.224
3.36
0
3.06
1.836
0.1
1.836
0.1
0
1.224
4.284
1.424
1.224
0.1
0
1.836
1.224
0
0
1.224
0
0
1.324
0
0
0
0
0.1
1.324
0.2
1.424
0
0
1.424
0
0
0
1.224
1.224
0
0
0
2.036
1.224
0
0
0
1.224
1.224
1.224
2.524
0
1.324
0
1.324
0.1
0
0
0
1.524
1.224
0
1.936
1.836
1.224
1.224
1.424
1.224
0.4
0
0
1.836
0
0.2
0
0
1.224
0.1
1.224
1.324
0
1.224
1.224
1.224
0
1.224
1.224
1.224
0
0
1.224
1.224
1.224
0
1.224
1.224
0
1.836
1.524
1.224
1.224
0
1.224
1.836
1.424
0.1
1.224
1.224
0.1
1.836
0
0
0
0
0
1.324
1.224
1.324
0
1.324
1.224
1.224
1.224
0
0.1
1.224
0.1
3.16
1.224
1.424
1.324
1.224
1.224
0
1.224
1.224
0.1
1.224
0
0
0
0
1.224
3.06
0
0
0
1.224
0
1.224
0
1.224
0
0
1.224
0
0
1.224
0.2
1.224
1.224
1.324
1.224
0
1.224
0.2
0
0
1.324
1.224
1.224
0
1.224
0.1
0
0
0
0
1.836
0
0
1.224
1.224
1.224
0
1.324
1.224
0
1.224
1.224
0
1.224
0.1
1.224
0.2
0
1.224
0
0.1
1.324
1.624
1.324
1.224
1.224
1.324
0.3
1.224
0
1.224
0
1.324
1.224
0
0
0
0.4
0
0
1.224
1.224
1.224
1.224
1.324
0
1.424
0
1.224
1.224
0
3.06
1.224
0
0
3.06
0
1.224
1.324
1.224
1.224
1.224
0
1.224
0.1
1.324
0
0
0
1.224
0.6
0
0
0
1.836
0.1
1.224
1.324
0
1.324
1.224
0
0
0
0
0
1.224
0
1.424
0
2.036
0
0
1.324
1.224
0
1.224
1.224
1.224
1.224
1.224
0
1.224
1.224
1.224
1.624
1.224
1.424
1.224
3.06
1.324
0
1.224
1.836
0
1.224
1.224
1.224
0
0
0
0
0.1
0
0
1.224
0
1.224
0
1.324
1.936
0
1.224
1.524
0
0
0
1.224
0
1.224
1.224
1.524
0
1.224
0
1.224
0
1.224
0
0
1.224
1.224
1.224
1.324
0.1
1.224
0
0
0
1.224
1.224
1.224
0.1
1.224
3.06
0
0
0
0
0
3.06
1.324
0
0
1.324
0
0
0
0
1.224
0
0.1
1.324
1.224
1.324
1.224
0
0
1.324
1.224
1.224
1.836
0.1
1.224
0.2
0
1.224
0
1.224
0
1.324
0
1.224
1.224
1.224
1.224
1.224
0.1
1.324
0
0
1.324
1.224
0
1.224
0
0
0
0
3.672
0
1.324
0
3.16
1.224
1.224
0
1.324
1.836
0
0
1.224
1.836
1.224
1.224
0.2
1.524
0.1
0
0
1.224
1.224
0
0
1.324
1.224
0
0
1.224
1.836
0
0
0
0
1.224
1.224
0
0
1.224
1.224
1.224
1.836
1.424
1.724
1.224
0
1.224
0
0
1.224
0.2
0
1.224
1.224
1.224
0
3.06
1.224
0.1
1.224
0
0.1
0
1.224
2.036
0
1.324
0.2
0
1.224
0
1.324
0
1.224
1.224
1.324
0
1.224
1.224
1.224
1.224
0
1.224
0.1
1.424
3.16
1.836
1.224
0
0
1.224
0
1.224
0
0
0.3
0.1
1.224
0
0.1
1.224
0
1.224
0
1.224
0.1
1.224
0.1
0
1.224
0.1
0
1.224
0
1.224
0
0
0
0
0
1.224
0.2
0
0
1.424
0.2
1.224
0
0.2
1.224
0
1.224
1.224
1.836
0
0
0
1.224
3.56
1.224
0
1.224
0
1.224
0
1.224
1.224
1.224
1.224
0
1.224
1.424
1.224
0
0
1.224
1.324
0
0
0
0
0
1.224
1.224
0
1.224
0.2
1.324
0
1.324
0
3.16
1.224
0.1
0
3.06
1.224
1.224
0
1.224
0.1
0
0
1.324
3.06
0
0
1.324
1.224
0
1.224
0
0
0
1.324
1.324
1.224
1.224
1.224
0
0
0
0
1.224
0
0
0
0.1
1.424
1.324
1.224
1.224
1.224
1.324
1.324
1.224
0
1.224
0
0
0
0
1.224
1.224
0
1.224
0
0
1.224
1.224
0
1.224
0
1.224
0
0.4
0
0
0
0
1.324
1.224
0
0
1.724
1.224
1.836
1.324
1.224
3.06
0.2
1.836
0
0
0
1.324
0.1
0
0.1
0
0.1
1.224
0
1.224
0
1.224
3.06
1.324
0
1.936
0.1
0
1.224
1.224
0
1.224
0
1.224
1.224
3.06
0.3
1.224
1.224
0.1
0.1
0.1
0.3
0.2
0
3.16
1.224
0
1.224
0
0
0.2
0.2
3.56
1.836
1.324
1.224
1.624
1.224
1.224
1.224
1.836
1.324
0
1.524
1.224
0
1.224
1.224
1.224
1.224
0
1.224
1.324
0.2
1.224
0
1.224
0
1.324
1.836
0
1.724
1.324
0
0
0
1.224
1.224
1.224
1.224
1.224
1.324
3.16
0.3
1.836
0
1.224
1.324
1.424
0
0
1.324
0.1
0
0.1
1.224
0
0
1.224
0
1.524
1.324
1.224
1.424
1.224
1.224
1.424
0
1.424
0
3.06
1.224
1.224
4.284
2.448
0
3.16
0
1.324
1.836
0
0
0
0.1
0
1.224
0.1
0.2
0
0.1
0.2
1.324
0
0
0
3.06
0
1.836
0.2
3.06
0
0
0
3.16
1.936
0
3.46
1.224
1.224
3.672
1.424
3.36
0.2
1.524
0
0.3
1.324
3.06
0
1.324
3.06
1.836
1.836
0
1.836
1.836
0
0
0
3.672
1.836
1.224
0
0.1
1.224
0
3.16
0
0
0
0
0.1
0
0
0.2
1.224
1.224
0
0
1.324
1.224
0.1
3.36
1.224
1.224
1.524
0
0
1.224
1.836
2.448
2.448
2.448
4.284
1.224
1.324
2.548
2.548
2.448
1.224
2.548
0
1.224
4.896
1.224
0
0
0.1
0.2
0
0
1.324
0.3
1.324
