1.824
0
2.848
3.16
2.648
0.1
0.1
0
0
0
0.1
1.224
0.3
0.6
0.1
0
0.1
0
0.1
0
1.224
1.224
0
0
2.136
0.1
1.224
1.324
2.448
1.224
0
2.448
1
0
0.1
0.3
0
0.1
0
0.4
0
3.448
0
0
0
1.224
1.424
0.1
0.2
1.524
1.224
0.1
1.624
0
0.1
0
0.2
0.3
0.1
1.424
0.4
0.1
0
0.2
1.424
0.1
0.1
0
1.524
0.6
0.5
1.624
0.1
0.2
3.248
0.6
0
0.1
0
0
1.824
0.1
1.224
0
0
0
0.1
0
0
0.4
0.1
0.2
1.424
0
0
1.324
1.224
0
0
0.1
0
0.1
0.1
0
3.06
0
1.224
0.5
0
0.1
1.224
1.324
0
1.224
0
0.1
1.324
0.2
0.2
0.1
1
0.1
0
0.4
0.1
0.2
0
1.324
0
1.724
1.224
0
0
0.1
2.848
0.4
1.324
1.324
1.524
1.724
0
0.1
0
1.624
0
0
1.324
0.1
0
0
1.224
0
0.2
1.224
0.7
0.3
1.224
0.2
1.824
0
0.1
0.2
0.1
1.224
1.424
0.1
0
0
1.224
0.9
0.2
0.6
2.448
0.2
2.448
1.424
0
0
1.224
0.4
0.1
2.424
0
1.324
1.524
2.024
1.624
1.224
0.2
1.224
0.1
1.224
0.2
1.624
1.424
1.724
1.224
1.324
1.224
0.1
0.3
0
1.224
0.1
1.1
0
0.1
1.424
1.324
0
1.224
0
0.3
0
0
2.524
0
1.824
0
0
0
1.224
3.048
2.448
2.548
2.748
2.448
2.448
2.648
2.448
2.448
2.448
1.224
1.836
3.16
0.1
2.324
1.324
1.224
1.324
1.836
2.124
3.56
1.324
1.224
0
1.224
0
1.224
2.136
0
0.1
0
0
0
1.224
0
0.1
1.224
1.324
3.06
0
0
0.2
1.224
0
0.2
1.224
0
1.224
0
0
0
1.224
0.5
0.1
1.224
0
2.448
1.224
2.448
1.224
2.848
2.448
2.548
0.2
1.424
1.324
1.224
1.224
1.224
2.448
0
0.4
0
1.224
0
1.224
0.2
1.224
0
1.224
0.2
0.1
0.1
0.1
0.3
0
0
0
1.836
0
1.324
0
0
1.224
0
2.448
0
2.448
1.224
0.1
1.324
1.324
0.1
0
0
0
0
0
0.4
0
0
3.06
3.06
0
0
0
1.924
0
1.224
1.224
1.4
1.324
0.1
3.36
1.324
3.06
1.424
1.324
2.548
1.324
0.7
2.224
0
1.836
0
1.224
0
1.524
1.324
0
1.224
1.224
1.224
0
1.836
1.224
1.836
1.224
1.224
1.224
1.936
3.06
0.1
0
0.2
0
0
0.1
1.324
1.624
1.224
0
1.224
1.324
2.548
2.548
1.224
3.06
1.224
2.448
4.06
1.324
3.26
1.224
0
1.424
1.224
1.224
2.448
4.384
1.224
2.548
2.548
2.448
2.548
2.448
4.684
2.448
1.724
2.848
1.224
1.224
1.524
1.424
1.324
1.224
2.448
1.224
2.448
2.448
2.648
1.224
2.548
4.384
1.224
2.448
4.384
4.384
3.16
2.548
4.284
3.26
4.584
1.424
1.224
2.848
2.548
2.448
4.384
2.448
1.224
2.448
1.424
4.284
1.224
2.448
4.384
2.548
1.324
1.224
1.224
2.748
1.224
1.224
1.324
1.224
4.384
4.984
2.548
2.448
2.448
3.36
4.484
1.324
1.224
3.148
2.748
1.224
2.848
1.724
1.324
3.06
2.548
2.848
1.324
1.224
1.524
1.424
2.448
1.224
1.224
1.324
1.324
1.224
2.448
3.06
1.224
2.448
1.224
1.224
4.384
4.284
1.224
1.224
1.224
2.448
4.548
2.448
1.324
2.548
3.06
2.448
3.06
2.448
4.384
3.46
1.324
1.224
1.224
2.748
2.448
2.448
2.448
4.284
1.324
2.448
4.384
1.224
2.948
2.448
1.224
4.284
1.224
2.548
4.584
2.448
1.224
1.224
2.548
2.748
3.348
2.448
1.224
2.548
2.448
1.424
2.448
1.324
1.324
2.548
1.324
1.324
3.06
2.548
4.784
2.748
2.448
1.324
1.324
1.224
4.284
2.648
1.224
3.06
2.448
2.648
2.448
1.224
1.224
1.324
1.324
1.224
2.448
2.448
1.624
4.584
2.548
2.448
2.448
1.324
2.448
3.06
2.448
1.224
1.224
2.448
2.448
1.824
2.648
1.224
2.448
1.224
1.224
2.548
2.448
1.324
1.424
4.384
2.448
2.448
2.448
3.36
1.224
1.224
2.448
2.548
1.224
2.448
1.224
1.224
1.324
1.224
2.448
1.224
2.748
2.448
1.224
1.224
1.224
1.224
4.684
1.224
1.224
3.66
1.224
3.06
2.624
2.648
2.448
1.224
3.16
1.224
4.284
1.224
3.16
4.384
3.848
3.06
3.06
4.484
3.16
4.484
2.448
1.224
4.284
1.324
3.06
4.284
1.324
4.484
1.224
1.224
11.108
1.324
2.548
3.26
1.224
4.484
2.448
1.224
1.324
3.16
2.548
2.448
2.648
4.284
1.224
1.324
3.048
3.06
2.848
4.284
1.224
2.448
1.224
3.16
2.448
1.224
2.448
2.448
2.448
2.548
4.584
1.324
2.448
2.448
4.884
2.548
3.16
3.06
1.624
1.224
4.284
1.224
2.648
2.548
4.384
1.224
2.548
3.06
1.224
1.424
2.448
3.16
1.224
1.324
2.448
2.448
2.448
4.384
1.224
1.224
3.672
1.224
1.424
2.648
4.484
1.224
4.284
1.224
2.548
1.324
1.224
2.448
1.224
2.748
2.448
1.224
1.224
2.548
4.484
1.224
1.224
3.06
1.324
1.224
4.284
1.224
2.648
2.448
3.26
4.284
1.224
4.484
2.448
4.284
5.984
1.224
3.972
3.06
2.548
2.548
2.448
2.848
2.448
4.284
4.384
1.224
1.324
4.284
1.324
2.448
2.448
2.448
2.448
1.824
5.448
1.524
2.448
1.324
2.448
2.448
1.224
2.448
2.448
1.224
2.448
1.324
2.648
2.448
1.224
1.224
1.224
1.224
2.448
2.648
2.448
1.224
4.384
4.384
2.448
1.324
1.224
4.384
2.548
1.524
1.224
1.324
1.324
2.648
4.284
1.224
1.524
3.16
3.672
1.224
1.224
1.524
2.548
2.548
4.284
2.448
2.448
1.224
2.548
1.224
4.384
2.448
2.448
4.272
4.284
4.284
2.648
1.324
1.224
2.448
2.448
2.648
1.424
2.448
4.284
3.06
2.448
1.224
1.324
2.448
1.224
2.448
1.224
1.224
4.484
4.284
1.224
4.284
1.224
1.224
1.224
1.224
3.16
1.224
1.224
2.748
2.648
2.448
2.548
1.224
1.224
1.424
2.448
1.224
2.748
2.448
3.06
2.448
3.448
2.448
1.224
2.448
2.448
2.548
2.648
1.224
2.448
1.524
2.448
2.948
2.448
3.672
3.672
1.224
2.548
4.284
2.448
4.884
3.96
3.16
1.224
4.384
1.224
4.484
2.448
1.224
2.548
4.384
1.224
2.548
1.324
4.284
2.748
2.448
1.324
3.06
1.224
1.224
1.224
1.224
2.448
1.224
1.224
3.06
1.424
1.224
1.224
1.624
4.284
2.548
1.224
1.324
3.06
2.448
1.224
3.248
2.448
1.224
3.872
2.448
1.224
1.324
1.224
4.584
4.584
2.448
2.448
3.06
2.448
2.748
2.448
4.072
1.324
3.248
2.548
2.548
1.324
4.284
2.448
1.824
2.548
2.548
2.448
2.448
2.448
2.448
4.284
2.448
2.548
2.448
4.384
4.484
4.284
2.548
1.524
1.224
2.848
1.224
1.324
2.448
3.06
1.224
3.26
2.648
4.284
2.748
2.448
1.424
1.224
1.224
4.384
2.448
4.384
1.224
1.324
1.524
2.448
2.848
3.772
2.448
2.448
2.448
1.224
2.448
4.284
2.448
2.448
1.224
2.448
2.648
2.448
2.448
2.448
2.448
2.448
2.548
3.06
3.06
2.648
2.236
0
1.224
1.924
1.424
2.136
1.224
0
1.224
0.1
1.624
3.16
0
1.224
1.836
0.4
0
1.624
0
1.224
4.384
1.724
1.224
0.1
0
1.424
1.424
0.1
0.1
1.224
0
0
1.324
0
0.1
0
0
0.8
1.224
0.2
1.324
1.224
1.224
1.624
0
0
0
1.224
1.224
0.1
0.3
1.424
2.036
1.324
0
0
0
1.224
1.224
1.224
3.224
1.224
1.324
1.324
1.224
0.6
0
0
1.224
2.124
1.324
0
1.836
0
1.224
1.224
2.124
1.624
0.1
1.224
0.2
0.1
0
0.4
0.3
0
1.224
1
1.224
1.624
0.1
2.548
1.324
1.224
0.5
1.824
1.224
1.424
0
1.424
1.224
1.724
1.624
0
1.224
1.324
0.3
1.224
1.924
1.424
1.324
0
1.524
3.06
1.924
0.4
1.224
1.224
0.4
0.2
0
0.1
1.324
1.224
0.1
2.124
1.224
1.324
0
1.724
1.424
1.224
1.224
0.1
1.424
1.324
1.824
1.224
1.224
1.524
1.224
1.224
1.824
0.2
1.224
1.924
0.2
1.224
0
1.224
0.1
0
1.224
2.648
0
0
1.224
1.324
1.224
1.224
0.1
1.224
0.3
0
1.224
1.224
0.1
1.324
0.3
1.224
2.548
1.524
1.724
1.524
1.224
0.9
0.1
1.224
1.324
2.224
1.724
0.4
1.624
0.3
0.1
0
0
0.1
3.06
1.224
0
1.424
1.224
1.224
0
1.524
1.224
0
1.224
1.224
1.224
1.224
1.424
1.224
0.5
0
1.524
0.2
0.2
2.124
1.324
2.724
1.824
1.324
1.224
0.6
1.224
0
2.648
1.224
1.724
1.224
0.1
0.3
0.2
1.924
0.1
0
1.424
2.124
2.548
1.624
2.024
0
1.524
0.2
1.224
1.224
1.424
1.224
1.224
0
0
1.224
0
1.324
1.224
1.224
1.824
1.224
0.4
1.624
0.6
1.424
0.2
0
0
1.224
0.4
0.1
0
0
0.2
0
1.224
1.324
0.3
1.824
1.524
0
1.324
0
0
0.7
2.448
0
1.424
0.1
0.9
0.6
0
1.224
1.224
0
2.548
2.324
1.224
1.224
1.424
0.1
1.324
1.324
1.224
1.924
1.724
2.424
1.224
2.448
1.224
0.1
1.224
0
0
1.324
1.224
1.324
0.3
1.224
0.1
0
0.5
0
0
1.724
0.5
1.224
0.6
1.324
1.224
0
1.224
2.224
0.5
0
1.224
2.448
0.1
1.224
1.224
1.524
0
1.324
0.2
1.524
0
1.224
0.2
0
1.324
1.324
1.224
1.624
1.4
1.524
0
0.1
0
2.324
1.524
1.324
0.1
1.224
1.324
0
0
0.1
0
0
1.224
1.324
0
0
1.424
0.7
0.1
0
0
1.324
1.224
0
1.324
1.324
1.224
1.224
1.224
0
1.324
1.324
1.624
0
0.3
1.324
0.9
0
1.224
0.1
1.224
0.1
1.324
0.1
1.224
1.224
1.324
1.424
1.224
0
3.524
0
0
1.424
1.424
0
1.424
0.2
0
0.4
0
1.936
0
1.324
1.324
1.424
2.024
3.048
0
1.524
2.036
1
0
2.024
0.2
1.324
1.224
0.8
1.924
1
0
1.224
2.648
1.224
0.4
0
1.224
1.424
0
0
1.324
0
1.324
0
1.324
1.224
1.424
1.224
0.1
0
1.224
1.224
1.224
0.2
1.824
2.524
2.924
0
1.424
1.224
0
1.524
0.3
0.2
1.424
1.224
1.324
0
1.224
1.524
0
1.224
0
1.624
1.324
1.224
0.1
0.1
1.224
0.4
1.524
1.424
2.024
1.524
0.1
1.224
1.224
1.924
0.1
1.224
1.624
1.824
1.324
0
1.224
0
1.724
2.448
0
1.424
0.2
1.224
1.224
0
1.224
0
0
0.3
0.5
1.224
0
0
2.448
0
1.224
0.2
1.224
2.124
1.724
0
0.1
1.324
0.1
0.1
1.224
0
1.424
0.4
0.2
0
0.1
0.2
1.224
1.524
1.224
0
1.624
0.8
1.324
1.224
0.5
1.224
0
1.224
1.224
1.836
0.1
0
0
1.324
2.424
1.324
0
1.324
0
1.424
0
1.224
1.324
1.424
1.224
1.224
1.224
1.324
1.524
0
0
1.224
1.524
1.224
0.1
0.1
0
1.424
1.224
1.324
0.3
1.224
0.6
1.924
0.1
2.224
0.2
1.224
1.224
0.3
0.1
2.448
1.324
1.224
0
1.324
0.1
0
0.5
2.024
1.424
0
0.8
1.524
1.624
0.6
1.224
0
0.2
0
1.624
1.424
1.624
1.324
1.224
1.224
0
1.324
1.224
1.424
0.1
0
0.1
0.3
1.424
1.624
3.448
1.424
1.524
1.624
1.224
1.324
0
1.724
0
0
0.2
0
1.324
1.224
0
1.324
0
0
1.224
1.324
1.324
1.224
0
1.324
0.1
0.9
0
0.3
0
0.1
1.724
1.224
1.324
0
1.524
1.224
1.836
1.224
1.724
1.324
0.3
0.2
0.1
0
0.2
2.324
0.6
0.4
0.1
0
0.4
1.224
0
1.324
0
1.424
1.324
2.548
0.1
0.4
0
0
1.324
1.224
0.1
1.224
0.4
1.724
1.324
2.448
1.7
1.424
1.224
1.324
0
0.6
0.6
0.5
1.224
2.024
1.224
0
1.624
0.2
1.224
0.4
0.2
3.26
0
1.624
1.524
3.048
1.224
1.324
1.224
0
1.924
0
4.248
2.548
0.3
1.224
1.524
1.224
1.624
0
1.224
2.124
0.7
1.524
0.1
1.224
0.1
1.324
1.224
0
3.524
1.524
0
0.3
0.1
1.224
1.224
2.448
2.924
1.224
1.324
1.324
0.4
1.224
0
1.224
1.824
2.324
0
0.1
1.424
0.2
0
1.324
1.424
1.324
0
1.324
0
2.224
3.024
1.324
1.424
1.824
1.324
1.824
1.324
1.624
0
2.324
1.224
2.324
4.284
2.548
0
1.224
0
2.648
0
0.1
0.1
0
0.1
0.1
1.224
0
0.2
0
2.324
0.1
1.324
0
0
0
3.06
1.224
0
0.2
4.384
0
1.224
0
3.06
0.1
0
2.024
1.224
1.224
1.836
1.524
3.36
0.3
1.424
0
1.624
1.324
1.224
0
1.224
3.06
1.936
1.936
0.1
0
0
0
0.1
0
1.836
0
1.224
0.1
0
1.224
0.1
3.16
0.1
0.2
0
0
0.1
1.224
1.224
0.3
1.224
1.224
1.224
0
1.224
2.448
1.224
3.66
2.448
1.224
1.724
0.1
1.224
1.224
1.836
2.448
2.448
2.448
4.584
2.448
2.648
2.448
2.548
2.448
1.324
2.648
0
1.224
3.06
1.224
0
0
0.2
2.624
1.424
0.2
1.624
0.4
1.624
