0.2
0.1
2.424
3.46
1.524
0.1
0
0
0
0
0.1
0
0.1
0.5
0.6
0
0
0.1
0
0.1
0
0.1
0
0
1.936
0
0.1
1.424
1.324
1.224
0
1.224
1.2
0
0.3
0.5
0.1
0
0
0.2
0
1.1
0
0
0.3
0
0.2
0.2
0
0.2
0
0
0.1
0
0
0.1
0
0.1
0
0.4
0.8
0.2
0
0.6
0.3
0
0
0
0.1
1
0.4
0.8
0.3
0
1.2
0.4
0
0
0
0
0.6
0.2
0
0
0
0
0
0
0
1
0
0.1
0
0
0
0.1
0.2
0
0
0
0
0.3
0.3
0
1.836
0
0
1.2
0.1
0
0.4
0
0
0
0.1
0.2
0
0
0
0
2.1
0
0
0.7
0.2
0
0
0
0
0.2
0.2
0
0.1
0
0.4
0.5
0
0
0.2
0.4
0
0.1
0
0.2
0
0
0
0.2
0
0
0
0.1
0
0.1
0.3
0.1
0
0.3
0.5
0.1
0.3
0
0
0
0
0.1
0.2
0
0
2.2
0
0.5
0
0.1
0
0.7
0
0
0.1
0.2
0.3
0.4
0
0
0.2
0.4
0.7
0
0.2
0.1
0.1
0.1
0.1
0.4
0.2
0.2
0.1
0.1
1.224
0.2
0.3
0
0
0.3
2.1
0
0.2
0.5
0.5
0.3
0
0.1
1
0
0
1
0.1
0.5
0
0.1
0
0.2
2.224
1.424
1.324
1.424
1.224
1.224
1.524
1.324
1.824
1.224
0.1
1.836
2.136
0.1
1.6
0
0
0
1.836
0.9
2.436
1.224
0.1
0
0
0
0
3.736
0
0.2
0
0
0.1
0
0
0.1
0
0.5
2.036
0
0.1
0.3
0
0
0.4
0
0
0
0
0.2
0.1
0
0.4
0.1
0
0
0
0
1.224
1.224
1.524
1.224
1.524
0.1
0
0
0.2
0.3
0
1.224
0
0.6
0
0
0.2
0
0
0
0.2
0.1
0.3
0.2
0
0
0.4
0.3
0
0.2
1.936
0.1
0
0
0
0
0
0
0
0
0
0.1
0.3
0.4
0.4
0.1
0.1
0
0.1
0
0.6
0
0
2.336
1.936
0
0
0.1
0.6
0.1
0
0
1.1
0.1
0.3
2.436
0.1
1.936
0.2
0
0
0
0.9
1.6
0
1.936
0
0.1
0.1
0.3
0.1
0.1
0
0
0
0.1
1.836
0
2.236
0.1
0
0
2.136
1.836
0
0.1
0.5
0
0.1
0.1
0.3
1.3
1.224
0
1.224
1.424
1.224
1.424
1.324
3.16
1.324
1.324
4.86
1.224
3.46
0.1
0.1
1.724
1.224
1.224
1.324
3.46
1.224
1.424
1.324
1.224
1.224
1.224
3.56
1.224
2.324
2.024
1.624
1.324
1.224
1.224
1.724
1.224
1.224
1.224
1.224
1.324
1.324
1.824
1.224
3.16
1.224
1.424
4.26
3.86
3.16
1.424
3.36
3.46
4.16
1.824
1.524
2.024
1.724
1.424
3.06
1.724
1.224
1.224
1.224
3.06
1.224
1.224
3.66
1.424
1.324
1.524
1.324
1.524
1.224
1.424
1.524
1.224
3.36
4.36
1.424
1.224
1.424
4.46
3.06
1.224
1.624
2.724
1.824
1.224
1.624
2.124
1.224
3.06
1.524
1.924
1.524
1.224
1.324
2.024
1.324
1.224
1.224
1.324
1.324
1.224
1.224
3.36
1.724
1.224
1.224
1.224
3.36
3.36
1.324
1.224
1.324
1.224
1.724
1.224
1.524
1.324
3.76
1.224
3.06
1.224
3.26
4.56
1.224
1.224
1.224
1.624
1.224
1.224
1.324
3.06
1.324
1.324
3.16
1.224
2.124
1.224
1.224
3.06
1.324
1.724
4.46
1.224
1.224
1.224
1.224
1.324
1.424
1.324
1.224
1.524
1.224
1.324
1.424
1.424
1.624
1.224
1.224
1.324
3.66
1.224
3.66
2.324
1.324
1.224
1.224
1.224
3.26
1.524
1.224
3.26
1.224
1.624
1.324
1.224
1.424
1.224
1.224
1.224
1.224
1.224
2.024
3.76
1.324
1.324
1.224
1.424
1.224
3.16
1.324
1.224
1.224
1.224
1.224
1.924
1.524
1.324
1.224
1.324
1.224
1.424
1.224
1.424
1.224
3.36
1.624
1.224
1.224
3.66
1.224
1.224
1.424
1.524
1.224
1.224
1.224
1.224
1.624
1.224
1.324
1.224
2.124
1.324
1.224
1.224
1.224
1.324
4.16
1.224
1.224
3.76
1.224
3.16
2.524
1.424
1.224
1.224
3.16
1.324
3.06
1.224
3.56
3.36
1.424
3.16
3.16
3.36
3.36
3.46
1.324
1.324
3.16
1.324
3.06
3.06
1.224
3.36
1.224
1.224
3.26
1.224
1.224
9.56
1.224
3.36
1.224
1.224
1.424
4.26
1.224
1.224
1.224
3.16
1.224
1.224
2.124
3.36
1.524
3.06
1.324
1.224
1.224
3.06
1.424
1.224
1.224
1.424
1.524
1.324
3.66
1.224
1.224
1.224
3.36
1.424
3.06
3.06
2.224
1.224
3.06
1.224
1.224
1.924
3.26
1.424
1.524
3.06
1.224
1.324
1.224
3.66
1.324
1.624
1.224
1.224
1.224
3.26
1.324
1.424
1.224
1.424
1.224
1.524
3.66
1.224
3.46
1.324
1.224
1.424
1.224
1.224
1.224
1.624
1.524
1.224
1.224
1.224
3.16
1.324
1.224
3.06
1.224
1.224
3.06
1.324
2.324
1.324
3.56
3.16
1.224
3.46
1.224
3.06
3.46
1.224
1.324
3.06
1.724
1.424
1.224
1.624
1.224
3.06
3.26
1.224
1.224
3.16
1.424
1.224
1.224
1.224
1.224
2.724
2.024
1.224
1.224
1.624
1.224
1.224
1.224
1.224
1.224
1.224
1.424
1.224
1.924
1.324
1.224
1.224
1.224
1.224
1.224
1.324
1.224
1.224
3.06
3.06
1.224
1.224
1.224
3.26
1.224
1.624
1.224
2.024
1.724
1.224
3.16
1.224
1.924
3.16
1.224
1.224
1.424
1.524
1.324
1.224
3.06
1.424
1.224
1.224
1.224
1.224
3.46
1.424
1.224
1.424
3.06
3.06
1.224
1.224
1.324
1.424
1.224
1.524
1.224
1.424
3.16
3.06
1.224
1.424
1.224
1.224
1.224
1.224
1.224
1.324
3.46
3.06
1.224
3.16
1.224
1.224
1.424
1.224
3.16
1.224
1.224
1.324
1.224
1.224
1.224
1.224
1.224
1.224
1.324
1.224
1.724
1.224
3.06
1.424
1.724
1.224
1.324
1.224
1.324
1.824
1.324
1.224
1.624
1.724
1.324
1.924
1.224
1.224
1.224
1.324
1.224
3.26
1.224
3.76
4.36
3.06
1.224
3.06
1.224
3.26
1.324
1.324
1.524
3.36
1.324
1.324
1.224
3.06
2.124
1.224
1.624
3.16
1.424
1.224
1.324
1.224
1.324
1.224
1.324
3.36
1.224
1.224
1.424
2.224
3.36
1.224
1.224
1.524
3.06
1.224
1.224
1.424
1.224
1.524
1.524
1.224
1.224
1.324
1.224
3.86
4.16
1.324
1.224
3.16
1.224
1.424
1.324
2.124
1.524
2.324
1.524
1.324
1.224
3.16
1.224
2.024
1.324
1.224
1.524
1.424
1.224
1.224
3.16
1.324
1.324
1.224
3.26
3.46
3.36
1.524
1.424
1.224
1.724
1.224
1.324
1.224
3.06
1.224
3.76
2.424
3.46
1.324
1.224
1.924
1.224
1.224
3.06
1.324
3.46
1.324
1.624
1.524
1.324
1.624
1.224
1.324
1.424
1.424
1.524
1.324
3.16
1.224
1.224
1.324
1.224
1.624
1.424
1.324
1.224
1.424
1.524
1.424
3.06
3.16
1.624
2.436
0
0.2
1.4
0.2
2.336
0.1
0
0
0.1
0.6
1.936
0
0.1
1.836
1.6
0
0.8
0
0
3.06
0.8
0
0.2
0.2
0.1
0.1
0
0.5
0.1
0
0
0
0
0
0
0
0.6
0.1
0.6
0.2
0
0
0.3
0
0
0
0
0.1
0
0.5
0.3
2.436
0
0.1
0.2
0
0
0.1
0
2.8
0.1
0
0.3
0.2
0.9
0.1
0.2
0
0.7
0
0
1.936
0
0
0
0.5
0
0.6
0
0.3
0
0
0.1
0
0
0
0.4
0
0.2
0.2
0.2
0
0
0.1
0.5
0
0.1
0
0
0
0.1
0.2
0
0
0
0.3
0.1
1
0.3
0
0
0
1.936
0.5
0.1
0
0.1
0.1
0
0
0.2
0
0
0.3
0.4
0.1
0
0
0.5
0
0
0
0
0.1
0.1
0.5
0
0
0.3
0.2
0
0.3
0.4
0
0.1
0.2
0
0
0.1
0.2
0.1
0.2
0.2
0.1
0
0.2
0
0
0.1
0
0
0.3
0.1
0
0
0.1
0.3
0
0.2
0
0.3
0.6
0.1
0
0.5
0
0
0.1
0.1
0
0.3
0
0.9
0
0
0
0
1.936
0.2
0.1
0.1
0.1
0.1
0
0.1
0.2
0
0
0
0
0.2
0.6
0
0.9
0
0.1
0
0.3
0.3
0.3
0.3
0.1
0.1
0
1.6
0
0
0.1
0
0
0
0
0.2
0.1
0.4
0
0
0
0.2
0.1
0
0.4
0
0.9
0
0
0
0
0
0
0
0
0
0.1
0
0
0
0.4
0.1
0.1
0.3
0.4
0
0.2
0
0.1
0
1.7
0.9
0
0
0
0
0
0.2
0
0.3
0.2
0
0.2
0
0.2
0.2
0
0
0.3
0
0.2
0.7
0
0.1
0
0
0.1
0.4
0
0
0.1
0.1
0.2
0
0.1
0.5
0.1
0.6
0.1
0.1
0
0
0
0
0
0
0
0.1
0.2
0
0.3
0
0.6
0
0
0.3
0.8
0.2
0.4
0
0.3
0
0
1.2
0.1
0
0
0
0
0.1
0
0.5
0
0.1
0
0.2
0
0
0.2
0
0
0
0.1
0.1
0.8
0.2
0.1
0
0
0.5
0.1
0.1
0.5
0
0
0
0.3
0.1
0
0
0
0
0.2
0.1
0.2
0.1
0
0.2
0.1
0
0
0
0.4
0
0.2
0
0.1
0
0.1
0
0.1
0
0
0.1
0.6
0
0
0
0
0.1
0
0
0
0
0
0
0
0.1
0.2
0
0
0
0
0
0
0.2
0
0.2
0
1.836
0
0.2
0.1
0.4
0.3
0.6
0
0.2
1.836
0.4
0
0.4
0.1
0
0
0.5
0.3
0.6
0
0
0.4
0
0.1
0
0
0.1
0
0
0
0
0
0.1
0.1
0
0.1
0.2
0.1
0
0
0
0.1
0.2
0.3
1.4
0.2
0.1
0
0
0.1
0.2
0
0.1
0
0
0.1
0
0.1
0.3
0.2
0
0
0.4
0
0
0.3
0.1
0
0.2
0
0
0.2
0.2
0.1
0
0
0.6
0
0
0.4
0.1
0
0
0.1
0
0.4
0
0
0
0
0.1
0
0
0
0
0
0.7
0.3
0
0
0.1
0
0
0
0
0
0.5
0.1
0.3
0
0.2
0.1
0
0.1
0
0.4
0
0.1
0
0.1
0
0
0.5
0
0
0.5
0.4
0
0
0.2
0.1
0.2
0
0
1.836
0
0
0
0
0.5
0
0
0
0
0
0
0
0.1
0.2
0
0
0
0.5
0.1
0.1
0
0
0.3
0
0
0.1
0
0
0
0
0.2
0
0.7
0.6
0
0.3
0.1
0.1
0
0.2
0
0.2
0
0
0
0.1
0.2
0
0.3
0.1
0
0
0.3
0.2
0.4
0.2
0
0
0
0
0.3
0.2
0
0.1
0
0
0
0
0
0.2
0
0
0
0.2
0
0.6
0.6
0
0
0.1
0
0
0
0.1
0
0.1
0
0
0
0
0.1
0.2
0.1
0
0
0
0.1
0
0.1
0.1
0.1
0.9
0
0.1
0
0.4
0.5
0
0
0.1
0.6
0
1.836
0
0.1
0
0.4
0.2
0
0
0
0.6
0.3
0.1
0.1
0
0.6
0.1
0
0
0
0.2
0.1
0.1
0
0
0.1
0.1
0
0.1
0.1
0
0.1
0
0
0.1
1.8
0.1
0
0.1
0
0.3
0.7
0.6
0
0.5
0
0
0.4
0
0.5
0.4
0.2
2.436
0.3
0.1
0.1
0.8
0.1
0.2
0
0.2
0.3
0
0.6
0.1
0
0
0
0
0.2
0
0
0.2
0.2
0.2
0.2
0.1
0.1
0.2
0
0
0.9
0.1
0
0.2
0
0
0
0
0.2
0
0.2
0
0.9
0.1
0
0
0.1
0.6
0
0
0.5
0.7
0
0
0
0.2
0.2
0.1
0
0.8
0.2
0
0.3
0.2
0.4
0.2
0
0.5
0
0
0.1
0.3
3.06
1.324
0
0
0
0.5
0.1
0.1
0
0
0.2
0
0
0.1
0.6
0
1.7
0.4
0.2
0
0
0
3.06
0
0
0.3
2.136
0
0
0.1
2.036
0.1
0
3.424
1.424
0
1.836
1.6
2.736
1.4
0.3
0
0.8
0.5
0.1
0.2
0
1.836
1.936
1.936
0
0
0.1
0
0.2
0
1.836
0
0
0.3
0.5
0
0.7
1.836
0
0
0.2
0
0.1
0
0
0.9
0
0
0
0
0.1
0
0.1
3.136
1.224
0.2
0.7
0
0
0
2.036
1.324
1.324
1.424
3.26
1.324
1.324
1.324
1.224
1.224
1.224
1.324
0
0.1
3.06
0.1
0
0
0.1
1.9
0.1
0
2.024
1
1.724
