2.236
1.624
2.724
3.248
1.724
0.4
1.324
2.448
0.1
1.224
1.724
0.1
0.2
2.324
3.424
1.324
0
2.448
2.448
2.748
0
0.5
1.224
2.448
1.424
2.648
2.748
1.624
2.848
1.324
2.448
0
2
0.3
2.236
2.636
2.036
1.836
1.936
2.236
1.936
3.436
1.836
1.936
2.136
1.936
2.236
2.236
2.136
2.036
1.836
1.836
2.036
2.036
2.036
3.26
1.936
1.836
1.936
2.636
3.836
2.536
1.936
15.084
2.636
2.236
1.836
1.836
2.036
3.136
2.236
2.936
2.136
2.036
5.036
4.76
2.036
3.46
1.836
1.836
3.56
1.936
1.836
2.136
1.836
1.836
1.936
1.836
3.06
5.784
1.936
3.36
1.936
1.936
1.836
2.136
2.036
1.836
4.584
4.284
2.236
2.536
3.936
1.836
3.06
1.836
1.836
3.536
1.936
1.836
2.536
1.936
1.836
1.836
1.936
2.436
2.036
3.26
1.836
1.836
6.436
1.936
4.384
2.636
1.936
1.836
1.936
1.936
1.836
3.036
2.436
1.936
2.036
1.836
1.936
2.536
1.936
1.936
2.036
3.436
3.46
4.384
1.836
2.236
1.836
1.836
2.036
2.236
1.936
1.936
1.936
1.836
2.036
2.136
2.636
2.836
2.536
2.236
3.336
1.836
2.136
1.836
1.836
1.836
3.136
1.936
3.06
1.936
2.036
9.184
2.036
2.636
1.836
1.936
1.836
3.26
2.036
1.836
1.836
2.236
1.936
2.236
3.16
3.16
2.236
3.26
3.136
2.036
2.236
3.06
4.16
2.036
2.036
2.636
2.436
2.436
1.836
2.236
0
1.624
0.5
1.224
0
0.2
1.2
0
0
0.4
1.624
1.224
1.224
0.5
3.448
0
0
3.8
0.1
3.224
0
0
0
1.224
1.2
1.224
1.224
0.3
0
0
1.724
0
2.548
2.448
0
0
1.224
0
4.024
0
0
0.4
0
0.8
0.3
0.2
0
1.224
1.324
1.224
0
3.324
0
0.3
0.1
0
1.224
0
0.1
0.6
2.548
0.1
1.224
0
1.424
0.3
1.224
0
2.324
1.224
0
1.224
0
0.1
0.2
1.224
1.4
0
1.224
1.836
0.1
0
1.224
0
1.624
2.448
1.524
0
0.1
0
0
0
0
1.224
0
1.7
1.224
0
1.224
0
0.3
0
2.748
0.1
0
1.924
1.824
0
0.4
0.5
2.448
0.4
1.824
0
0.1
2.448
2.548
1.424
0
0
1.224
0.3
0
1.824
0.7
0.6
0.7
0
0.1
1.424
1.224
0
4.348
2.448
1.324
1.724
1.524
0
0
1.324
1.4
1.224
0.1
0
2.9
0.1
0.9
0.3
0.1
1.424
1.4
0.1
0
0.4
1.6
3.4
2.548
0.1
0
1.936
2.448
0.4
0.7
1.224
0
0
0.1
1.224
1.224
1.224
1.424
1.224
1.224
0
1.324
1.224
2.448
0
2.424
1.224
1.224
1.624
2.648
3.548
1.224
0
2.448
0.1
1.224
1.5
0.1
0.1
1.324
2.548
5.048
1.224
2.948
0
0.1
0.2
0
2.448
1.224
1.424
0
0.2
0
0
1.224
1.224
0.7
1.224
3.324
0.2
1.324
0
2.448
0.5
0.4
2.448
1.324
0.1
0
2.648
0.2
4.348
0.2
0.3
2.548
0.1
0.9
1.724
2.548
0.3
0
0.2
2.024
2.848
0.2
1
0.5
2.648
2.548
2.848
2.448
1.224
2.848
1.324
1.224
0
0.2
0
2.548
0
2.448
0.6
0
0.1
1.424
1.224
0
3.348
0.4
0
0.1
0.6
2.748
0
0.1
1.8
0.7
2.448
0.7
1.9
0
1.624
3.048
0
3.948
1.224
0.4
1.524
0
1.224
0
0.1
2.548
0
1.224
3.048
2.748
0
0
1.224
1.424
1.324
0.2
0
2.448
0.1
1.724
1.224
1.224
0.2
0.8
0
1.324
0.1
1.324
2.324
2.448
0
0
1.424
1.224
0
1.224
1.324
2.648
0
2.448
0
2.5
0
0
0
2.448
1.624
1.1
0
1.224
0
1.224
1.524
1.524
0
0.1
1.324
0
0.3
0.1
0.6
3.248
0
2.648
0.1
2.548
0.1
1.924
2.748
0
0.2
0
1.424
1.224
0
0
0.2
0
1.724
0
0
3.248
0
0
0
0.4
0
0.3
0.4
0
2.548
1.224
1.324
0
2.548
0
0
1.324
0
0
1.7
0.3
1.224
0
1.224
0
0
1.324
0
2.548
0
1.424
2.648
0
0.4
0.1
0
0
0.2
0
1.224
0.1
2.548
2.648
1.224
1.324
2.748
3.048
0
2.448
2.448
0.1
1.224
0.5
1.224
1.324
0.6
0.1
0
1.4
2.748
1.324
2.748
0
0.1
0.1
2.448
2.848
1.524
1.724
0
1.224
0.1
0
0
0.1
1.424
1.324
1.224
0
0
2.748
1.324
1.324
0
0.2
1.224
0.1
0.6
2.548
1.624
0
0
0
0.6
0
1.224
1.624
1.224
2.448
1.324
1.724
0
1.724
0
0.2
0
0
1.224
1.524
0
1.224
0.2
1.424
1.224
1.624
0
2.448
1.424
1.724
1.424
0
2.648
1.624
0
1.224
2.548
0.1
2.848
0.1
1.824
1.324
0
1.324
1.224
0
0.2
2.448
0.3
0
1.224
1.224
0.1
2.448
1.724
1.224
0.2
0
0.2
0.3
0
2.548
0
1.224
2.448
0
0.1
2.548
1.324
1.224
2.548
1.424
1.324
0.2
0
0
0
0
1.224
2.448
1.324
4.024
0
0.1
1.424
2.448
1.424
0
1.224
0.5
2.748
1.424
0.1
0.4
1.624
0
1.524
2.548
0
0
0
0.2
0.2
1.524
0
1.224
0
1.224
4.424
2.424
1.424
0.6
2.024
1.224
0
0.1
0
0
2.548
0.2
1.324
0.5
1.324
0
2.448
1.224
0
1.224
2.648
1.224
0
1.324
1.224
1.424
0.1
1.224
1.324
0
2.648
0
3.548
2.224
0.3
1.424
2.648
1.624
0.1
1.324
0.1
1.724
2.824
2.548
0
1.224
0
0
0
1.524
0
2.648
1.324
0
1.424
1.224
2.448
1.524
2.748
1.324
0
1.224
0.2
2.548
1.324
2.448
0
1.224
1.324
0
0
0
2.648
0
0.2
0.2
1.224
1.224
1.224
1.224
0
1.224
0
0
0.2
2.548
1.324
1.224
0.1
1.324
1.224
0
2.648
0.1
1.224
1.324
1.324
0
1.224
1.924
0.1
0.1
0
0.1
0.2
0.1
2.548
0.3
0.1
0
1.624
0.1
1.224
1.224
2.548
1.224
1.324
0.1
1.924
1.7
0.1
0
1.224
2.448
0
0
1.224
0.2
0
1.224
0.4
2.548
0
1.624
2.448
0.3
0.1
2.648
1.224
1.224
0
0.2
0.1
0.1
0
1.224
0.1
0
3.448
0.4
0.3
0
1.724
1.224
0
0
0.9
2.448
0.4
1.324
0.1
1.524
0
2.448
2.848
3.448
0.4
1.224
2.548
1.324
0.1
1.224
2.924
1.324
3.448
1.624
0.5
0.1
2.748
1.224
3.048
1.224
2.448
2.648
0
0
0
1.424
0
1.324
0
1.224
1.324
1.224
1.324
2.324
1.324
1.524
0
0
0
1.324
2.648
1.524
0.6
2.748
2.548
1.224
4.048
2.648
1.224
0
0.1
0.1
2.448
2.648
2.748
1.224
0.7
0.2
0
0.1
0
1.424
0
0
0
1.324
0
1.324
1.524
0
0
1.424
1.224
1.524
0.3
0
0
2.024
1.424
1.224
1.624
2.424
1.324
0.6
1.224
2.548
0
0.3
0.6
1.424
0
0
0
2.824
0
1.5
1.836
1.224
0.1
0.5
1.324
0.8
0.3
0.3
0.2
0
0.8
0.2
0
0
0
0
0
2.748
0
5.248
0
0.5
0
0.2
0
0.6
0
1.224
1.224
0.1
0.1
1.424
3.748
0.4
0.2
0
1.224
1.724
1.224
0
0
0.1
3.6
0.2
0.1
0.2
0.2
3.124
1.324
1.624
0
0.8
0.2
0.3
1.224
0
0
1.224
1.4
0.2
0.9
0
0
1.324
0
0.2
0.1
1.324
0
1
0
0.3
1.424
0.2
1.324
0
0.2
1.824
0.2
0.1
1.524
0.4
1.524
0.1
0.2
2.548
0
0
1.524
0
1.1
1.524
0.1
0
0.3
1.224
0.9
0.7
0.1
1.224
0.2
0.2
0
0.1
0.1
0.2
1.1
0.5
0
0
1.224
0.8
0
0
0
0
0.3
0.1
0.1
0.1
0
0.8
0.1
0.1
0.1
0.8
0
0.6
0.1
0.1
1.224
0.3
1.924
1.524
0.1
0.3
0.3
0.1
0
0.1
0
0.2
1.224
0
0.8
0
0
0.2
0.4
0.3
2.648
0.6
0.1
0.2
0.9
0.5
0
1.5
0
0.1
0.2
0.6
0.2
2.024
0.2
4.124
0.2
1.224
2.448
1.424
0
1
2.124
0.3
0
1.624
1.224
0.3
0.1
0
0.2
0
0
0.1
2.424
0
1.2
1.224
0.5
0
0.3
0.3
0.5
0.4
1.524
0.1
0.2
3.7
0.2
0.1
0.4
0.1
0.3
0.1
0.1
0.3
0
0.9
0.4
0
0
0.4
0.1
0.1
0.7
0
1.524
1.424
0
0
0.4
0.2
0
0
0
0.2
1.524
0.1
0
0
0.6
0.4
0.6
0.4
0.6
0.5
1.824
1.324
1.224
0
3.2
2.624
1.224
0.1
0.5
1.424
0
0.1
0.1
0.2
1.724
0
0.3
0.2
0.1
0.3
0.2
0
0.3
0
1
1.4
1.224
0.2
0
0
0.1
0.3
0.1
1.324
0.3
0
0.7
0
0.2
0.8
0.3
0.4
0
0.1
0.3
0
0
1.524
1.324
0
0.1
0.1
1.524
0.1
0.1
0.1
1
0
0.1
2.724
2.224
1.224
0.3
0.1
1.2
0
0
1.9
1.524
1.324
0
1.224
0.2
0.1
0.1
0.4
0.1
0.3
0
0.2
0.1
0
1.1
2.448
0.1
0
0
0.4
0.8
0.2
0.3
0
0
0.8
0.5
0.1
0.5
0
0
1.424
0.3
0.4
1.324
0
0.1
0.3
1.424
1.724
0.5
0.4
0
1.624
1.724
1.224
0.2
0.2
1.724
0.3
0.3
0.1
0.1
1.224
0
0.1
0.2
0.2
0.5
0.3
1.3
0.1
0
0.1
0.1
1.824
2.548
0.1
0
0
1.324
0
0
0
1.524
1.224
0.2
0.4
0.2
0
0
0.1
1.424
0.6
0.2
0.4
1.224
0.5
1.524
0.4
0.6
0.4
0
0
0.2
0.7
0
1.524
2.024
0.5
0
1.2
0.8
1.2
1.424
0
1.424
0
1.824
0.1
0
0.4
0
0.1
0.1
0
0.3
1.724
0.2
0
0.1
0
0.2
0
0
0
0.1
1.424
0.3
3.424
0.6
0.3
2.024
0.1
0
0.5
0.8
0.2
1.324
0.1
1.624
1.224
0.1
0.2
2.124
0
1.224
1.2
0
0
1.1
0.1
0.1
1
0.3
0.1
0.4
0.7
0.2
0.1
0
0.7
0
0
1.524
0.5
0
1.224
0.1
0
1
0.2
0.1
0.1
0.1
0.2
0.1
0.1
0
0.1
0.2
0.8
0.8
0.1
0.1
1.724
0
0
0.2
0.1
0
2.4
0.4
0
0.4
0.1
0.1
0.1
0.1
0.1
0.5
0.1
0.1
1.424
0.1
1.224
0.1
2.6
0.2
0.1
0.4
2.324
0
0
0.2
0
0.3
0
1.224
0.1
1.324
1.224
0
0.3
3.724
0
0.1
0
0
1.224
0.1
0
0.4
1.624
0
0
1.324
0.2
0.3
2.548
0
0
1.924
0
0
1.524
0.1
0.3
0
0
0.3
0
0.8
1.6
1.824
0.3
1.324
0.1
0
0.3
1.424
0
0.1
0
1.324
0
2.124
0
0.4
0.4
1.424
0
0.5
0.1
1.524
0.5
0
1.224
0
0.1
0.7
2.024
0.2
0.2
0.2
0
0
0.3
0.1
0.7
0.3
1.224
0.6
0.7
0.1
0.6
1.5
0.2
0.1
0.3
1.224
0
0
1.724
2.448
1.224
0.3
0.1
1.324
1.224
0
0.3
0.1
1.224
0
0
0
0
0
1.524
0.6
2.5
0.1
1
1.524
0.5
2
1.324
0.1
0
2.724
0
0.1
1.324
0.7
0.4
0.2
0.2
0.2
0
1.624
1.624
0.8
2.424
3.348
0.3
1.4
1.324
0
0
1.324
0.4
2.024
0.2
0.2
1.524
1.424
1.224
0.3
0
0
0.1
0.2
0.7
0
0.1
4.824
0.1
0
0.1
2.648
0.5
2.624
3.824
0
0.2
0
0
2.324
0.1
0.6
0.3
0.2
0.6
0.6
0.2
0.4
3.124
0.2
0.3
0
0
0.4
0
0.7
0
0
0.1
1.324
0.2
0.4
0
0.2
1.1
2.124
0.5
0.2
0
1
0
0
0
1.1
0.5
0
0.1
0
0.1
0.1
0.5
0.6
0
0.1
0.5
1.1
0
0
0.2
0.2
0.7
1.224
0
0.5
2.524
1.224
0.1
0.1
0.8
0.1
0.1
0.1
1.6
0.7
0.1
0.6
0.7
2.136
2.536
1.836
2.836
1.936
2.336
1.324
1.624
0
0.2
0
0
1.324
2.136
1.224
0.3
0.1
3.048
2.924
0
0
1.524
1.5
0
3.5
1.524
0.1
0
0
0
2.648
0.1
0.1
3.148
0.1
2.748
0
2.548
0.1
1.224
0
6.248
0.2
0
0
2.224
0.3
1.9
1
0
1.8
1.524
2.648
0.1
0
0
1.224
1.424
1.224
0
0.1
2.448
0.2
2.448
0.1
1.324
1.224
0.1
1.824
1.324
2.548
0.1
1.424
1.324
2.548
0.3
0
1.424
0.2
3.348
1.224
1.224
0.2
1.224
1.324
0
0
3.848
1.424
0.4
0.5
0
0.1
0
0
1.224
1.324
0.1
1.324
0.5
1.424
1.324
0.2
1.224
2.448
1.424
0.2
2.548
1.224
0.1
0
0
0.5
3.3
0.3
0.1
1.2
4.348
0.7
