0.1
1.224
3.248
4.584
2.548
0.2
1.224
1.224
0.1
1.224
1.224
1.224
0
1.524
1.524
1.224
0
1.224
1.224
1.224
1.224
1.224
0
1.224
3.36
1.224
1.224
1.424
3.672
1.224
1.224
2.448
0.2
0
0
0
0.1
0
0
0.2
0
1.924
0
0.1
0.1
1.224
0.1
0
0.1
1.224
1.224
0
1.224
0
0
0
0
0
0
1.424
0.4
0
0
1.624
0.1
0.1
0
0
1.324
0.3
0.4
1.224
0.3
0
1.624
1.524
0
1.624
0
0
1.424
0
1.224
0
0
0
0
0
0
1.624
0
0
0.3
0
0
1.324
1.224
0
1.224
1.324
0
0.1
0.2
0
1.836
0
0.1
0.3
0.1
0.2
0.3
0
0
1.224
0
0
0
0
0
0
0.9
0
1.224
0.2
0
0
0
1.224
0
1.524
0.1
0
0
0
1.224
0
1.424
1.224
1.224
0.1
1.324
1.224
0
1.324
0
0
1.324
0.1
0.1
0
1.224
0.2
0.1
0.1
0.3
0
0.1
0
0.1
0
0
0
0
0
0
0
0
0
0
2.024
0
0
1.224
0.2
1.224
1.324
0
0
1.224
0.1
0
1.324
1.224
1.224
0.1
1.424
1.224
1.224
0
1.324
1.324
1.224
0.1
1.524
1.224
1.324
1.224
0.1
1.224
0.3
0
0.1
0
0.1
0.6
0
0
1.224
1.324
0
1.224
0
1.824
0
0.1
0.4
0
1.624
0
0
0
1.324
2.848
2.448
2.448
2.748
2.448
2.448
2.548
2.448
3.872
3.672
1.224
1.836
3.46
0
2.024
1.324
0
1.424
1.836
1.724
3.56
1.224
0
0
1.224
0
1.224
3.86
0
0
0
0
0
1.224
0
0
2.548
1.224
3.36
0
1.224
0.1
1.224
0
1.224
1.224
0
1.224
0
0
0.1
1.224
0.1
0
1.324
0
1.224
0
1.224
1.224
2.648
3.672
2.448
0.2
1.224
1.224
1.224
1.324
1.224
2.448
0
0.3
1.224
0
0
0.1
0.2
0
1.224
0
0.2
1.224
1.224
0
0
0.1
1.324
0
2.136
0
1.224
1.224
1.224
1.324
0
1.224
1.224
1.224
0.1
1.224
0.1
0.3
0.2
0.1
0
0.1
1.224
0
1.624
1.224
0.1
4.584
4.384
0
0
1.224
0.2
1.224
0
1.324
0.6
0.1
0
3.46
1.324
3.36
0
0.2
1.324
0
0.4
0.3
1.224
1.836
0.1
0
1.224
1.324
1.324
1.224
1.224
1.224
1.224
1.224
1.836
1.224
3.06
1.224
1.224
1.224
1.936
4.284
1.224
0
0
1.224
1.224
1.224
2.548
2.748
1.224
0
2.448
1.224
2.448
2.548
1.224
3.16
2.448
3.672
5.284
1.224
4.384
1.324
0
1.224
1.224
2.548
2.548
4.284
1.224
2.648
2.448
2.548
2.548
2.548
4.584
2.448
3.148
2.848
1.524
1.224
2.548
1.324
1.224
2.448
1.324
1.224
2.548
3.872
2.548
2.948
1.224
4.284
2.448
2.448
5.184
4.484
4.484
1.224
4.284
3.26
4.384
2.448
1.224
1.424
2.548
2.448
5.508
2.648
2.448
1.224
2.548
4.384
1.224
2.448
4.484
2.548
2.448
1.324
2.448
2.648
1.224
1.224
2.748
1.224
3.06
5.808
2.548
2.448
2.548
3.36
5.508
1.324
1.424
2.748
1.324
2.448
2.648
1.524
1.224
3.06
3.872
2.548
2.448
1.224
1.424
1.424
2.448
2.448
1.224
1.224
2.548
1.224
2.448
4.384
2.448
2.548
1.224
1.224
4.384
4.884
1.224
1.224
2.448
2.548
2.748
2.448
2.548
2.748
3.36
1.224
4.384
2.448
4.284
3.46
2.448
1.324
1.224
2.748
2.548
2.448
2.448
4.284
2.548
2.448
5.508
1.324
1.524
2.448
1.224
4.284
2.448
2.548
4.984
2.448
1.224
1.224
2.448
2.648
2.648
2.448
1.224
2.748
1.224
1.224
2.648
1.224
2.448
2.448
2.448
1.424
4.484
2.548
4.484
4.172
2.548
1.324
1.324
2.448
4.284
2.448
1.224
3.06
2.448
2.548
2.648
1.224
2.548
1.224
1.224
1.224
1.224
2.448
1.424
4.584
2.548
3.672
3.672
2.548
2.448
4.284
2.548
1.224
1.224
2.448
2.548
1.424
2.548
1.224
2.548
2.448
1.224
2.448
2.448
1.324
2.548
4.484
3.672
3.772
1.224
3.26
1.324
1.224
2.448
2.448
1.224
2.448
1.224
2.548
3.148
2.448
2.448
2.448
2.648
2.448
2.448
2.448
1.324
1.224
4.784
2.448
2.448
3.56
1.224
3.06
1.624
3.872
2.448
2.448
3.26
1.224
4.484
2.448
4.284
4.284
2.648
3.06
4.384
4.284
3.06
4.284
2.448
1.224
4.484
1.224
3.06
4.284
2.548
4.384
2.448
1.224
4.484
1.224
1.224
3.36
2.548
8.508
1.224
1.224
1.324
3.26
2.548
2.448
4.172
4.384
2.448
2.448
2.748
3.16
2.548
4.384
1.224
2.448
1.224
3.36
2.548
1.224
2.448
2.548
2.548
2.548
5.908
1.224
3.672
3.872
5.608
2.848
3.26
4.284
1.524
1.224
4.284
2.448
2.448
3.872
4.384
2.448
2.748
3.26
1.324
1.424
2.448
3.16
2.448
1.224
2.448
2.448
2.448
4.284
2.648
1.224
2.448
1.324
1.424
2.548
4.584
1.224
5.608
1.224
2.448
2.448
1.224
1.224
2.448
2.548
3.672
2.448
2.548
2.448
4.484
1.324
1.224
3.06
1.224
1.224
5.508
1.224
2.648
2.448
3.16
4.484
2.448
4.384
2.448
4.284
4.384
2.448
2.448
3.36
2.948
1.324
2.548
2.448
3.672
4.284
4.384
1.224
1.224
4.384
1.524
2.448
2.448
2.448
2.448
3.248
2.848
2.848
1.224
2.548
2.448
2.448
1.224
2.548
2.548
2.448
2.648
1.324
2.748
2.448
1.224
2.448
1.224
1.224
2.448
3.772
2.448
1.224
5.808
5.508
2.448
1.224
1.224
4.284
2.448
2.648
1.224
2.748
1.324
2.748
4.484
2.448
1.324
3.06
2.548
1.224
1.324
1.424
3.772
1.224
5.508
2.448
2.448
1.224
1.224
1.224
5.908
2.548
1.224
2.448
4.284
5.608
2.448
2.448
1.224
2.448
2.448
2.548
2.448
2.448
5.508
3.26
2.548
2.448
1.224
1.224
1.224
3.872
1.224
1.224
4.484
4.484
2.448
4.284
2.548
1.224
2.548
1.224
3.06
1.224
2.548
2.548
2.448
2.448
2.448
1.224
1.224
2.448
2.448
1.224
2.748
2.448
3.06
2.448
2.848
1.224
1.324
2.448
2.648
2.448
2.448
2.548
2.648
1.324
1.224
2.748
1.324
2.448
2.448
2.548
2.548
4.284
2.448
4.984
3.66
3.06
1.224
4.284
2.448
4.384
2.448
1.424
2.848
4.284
1.224
1.224
2.548
4.284
2.548
3.672
1.724
3.16
2.448
1.224
2.448
1.224
2.548
1.224
1.224
3.16
1.224
1.224
1.324
2.748
4.484
2.548
1.224
2.548
3.06
2.448
1.224
2.448
3.672
1.224
2.948
2.448
2.448
1.224
2.448
6.108
6.508
2.448
2.448
4.284
2.448
2.548
2.448
2.848
1.224
4.472
2.548
2.548
1.424
5.608
2.448
3.048
2.448
3.872
3.672
2.448
2.548
2.448
4.384
2.548
2.848
2.448
4.484
4.384
4.384
2.548
1.424
1.224
2.548
1.224
1.324
1.224
4.384
2.448
3.36
2.948
7.108
4.072
2.448
2.648
2.548
1.224
4.284
2.548
4.284
2.448
2.548
2.548
2.448
2.448
2.448
2.448
2.748
2.448
1.424
2.548
4.384
1.224
2.448
1.224
2.448
2.748
2.448
2.448
2.448
2.448
2.448
2.448
3.16
3.06
2.548
2.236
0
1.324
1.824
1.324
2.036
2.448
1.224
1.224
0.1
1.424
3.06
0
1.224
1.836
1.924
0
0.3
0.1
1.224
4.384
1.324
1.224
0.1
0
0
1.224
0
0.1
1.224
0
0
1.224
0
0.1
1.224
0
1.424
1.224
0
1.224
0
0
1.524
0
1.224
1.224
1.324
1.224
1.224
1.424
0.1
1.836
1.324
1.224
1.224
0
1.224
1.424
1.424
2.424
0
1.224
0
1.324
1.324
0
1.324
0.1
1.624
1.224
0
3.16
0
1.224
1.224
1.424
1.224
0.5
0
0
1.224
0
0.1
0.1
0
1.224
0
1.224
1.624
1.224
1.224
2.448
1.224
0.1
1.324
1.224
1.224
1.224
0
1.224
1.224
1.324
1.224
1.224
1.224
1.324
0
1.624
2.548
1.224
0
1.224
3.06
1.524
0.1
1.224
1.224
0
0
0
0
0
0
0.1
1.224
1.224
1.224
1.224
1.624
1.424
1.224
1.224
0.1
0
1.324
0
1.224
1.224
1.524
1.224
1.324
1.224
0.1
1.224
1.224
0
1.224
0
0
1.424
1.324
1.224
1.224
0.1
0
0
1.224
0
1.224
0
1.224
0
0
1.224
0.1
0.1
1.224
1.324
1.224
1.224
1.324
1.424
0
1.224
0.4
0
0
1.224
1.324
1.224
0.1
1.224
1.724
0
1.224
1.224
1.224
1.936
0.1
1.324
1.224
1.224
2.448
1.224
1.324
1.224
0
1.224
1.224
0
1.224
1.324
1.224
0.1
1.224
1.324
0
0.1
1.224
1.324
1.324
1.224
1.224
1.224
0.9
1.224
0
1.224
0
1.424
1.224
0
0
0.1
0.2
0
0
1.224
1.224
1.224
1.324
1.324
0
1.224
0.3
1.224
1.224
0.1
1.224
1.224
0
0
1.324
1.224
1.224
1.224
1.224
1.524
1.324
0.1
1.524
0.1
1.224
1.224
1.224
1.224
1.224
0.5
1.624
1.224
0
0.1
1.224
1.224
1.424
0
1.324
1.224
0
0
0
0.1
0
1.324
0
1.324
0
0.1
0.2
0
1.224
1.224
0
1.224
1.424
1.324
1.224
1.324
0
1.324
1.224
1.224
1.224
1.224
1.224
1.224
1.224
1.224
0
1.224
1.324
1.224
1.224
1.224
1.224
0.1
0
0
0
0.3
0
0.1
2.848
1.624
2.548
0.1
1.224
0.1
0
1.224
1.624
1.224
1.324
0
1.224
0
1.224
1.224
1.224
0
1.224
0
1.224
0
1.224
0
1.224
1.224
1.224
1.224
1.224
0.6
1.324
0
0
0
1.224
1.224
1.224
0
1.224
1.224
0
0
0.2
1.224
0
1.324
1.324
1.224
1.224
1.224
0.1
0
1.324
1.324
1.324
0.1
0
1.224
1.224
1.324
1.224
0.2
0
1.224
1.224
1.224
0
0.1
1.224
0.1
0
1.224
0.1
1.324
0
2.448
0
1.224
1.224
1.224
1.224
1.224
0.1
1.224
1.224
0
1.224
1.224
0
1.224
0
0
0.1
0
1.836
0
1.224
1.224
1.224
1.224
1.324
0
1.324
1.836
0.2
0
1.324
1.324
1.224
1.224
0.4
1.324
0.6
1.224
0
1.324
1.224
1.324
0
1.224
1.424
0
0.1
1.224
0
0
1.424
0
0
1.224
1.224
0
0
1.224
1.224
1.224
1.224
1.324
2.848
1.224
0
2.748
0
0
1.224
0
0.2
1.324
1.224
1.324
1.224
1.424
1.324
1.224
1.224
0
0.3
0
1.224
0.2
0
1.224
0.3
0
1.224
0
1.224
0
1.224
1.224
1.624
0.1
1.224
1.324
1.224
1.224
0
1.224
0
1.424
1.224
0
1.224
0.1
0.1
1.224
0
1.224
0
0
0.2
0.1
1.224
0
1.324
1.224
0
1.224
0
1.224
0.7
1.324
0
0
1.224
0.1
0
1.224
0
1.424
0
0
1.224
0
1.224
1.224
0.2
0
0
1.324
1.524
1.224
0
0
1.324
0
1.224
1.224
1.836
1.224
1.224
0
1.224
3.048
1.224
0
1.224
0
1.224
0
1.224
1.424
1.224
1.224
0
2.448
1.224
1.224
1.224
0
1.224
1.424
0.1
0
0
0
0
1.224
1.224
0.1
1.224
0.2
1.624
1.224
1.224
1.424
1.224
1.224
0.2
1.224
1.224
1.224
1.224
1.224
1.224
1.224
0
0.1
1.224
2.448
0
0.1
1.324
1.324
0
1.224
1.224
0
0.1
1.324
1.224
1.324
1.224
1.224
0
0
0.3
0
1.524
0
1.224
0
0.2
1.224
1.524
1.324
1.224
1.324
1.224
1.224
1.224
0
1.324
1.224
1.224
0.1
0
1.224
1.224
0
1.224
0.1
1.224
1.224
1.224
0
1.224
0
1.324
0
0.4
0
0.3
1.224
0.2
1.524
1.224
0
0
1.724
1.224
1.836
1.224
1.324
1.424
0
0.1
0
0
1.324
1.324
0.2
1.524
1.324
0
0.3
1.224
0
1.224
1.224
1.324
2.448
1.224
0
1.224
1.224
1.224
1.224
1.224
0
1.224
0
1.524
1.224
1.224
2.024
1.224
1.224
0
1.224
0
0.6
1.524
0
1.424
1.324
0
2.648
0
0
0.1
0
3.36
0.1
1.224
1.224
1.824
1.224
1.224
1.224
0
1.424
0
1.224
1.224
0
1.224
1.224
1.224
1.224
0
1.224
1.324
1.324
1.224
0
1.224
0
1.424
0
0
1.524
1.424
0
0.1
0
1.224
1.224
1.224
1.724
1.224
1.224
1.524
0.1
0
0.1
1.224
1.224
1.324
0
0
1.324
1.524
0
0
1.224
0.2
0
1.224
0
1.724
1.324
1.224
1.224
1.224
1.424
1.424
0
1.524
0
1.424
1.324
1.224
4.284
2.448
0
1.224
1.224
1.324
1.224
0
0
1.224
1.424
0.1
1.224
1.224
0.3
0
0.2
1.224
1.224
0
0
0
4.284
0.1
0
1.224
3.06
1.224
0
1.324
3.26
1.424
0
3.548
1.424
1.224
1.836
3.048
3.26
0.5
1.324
0
0.3
1.624
2.448
0.1
1.224
3.16
3.06
3.36
0
0
0
1.224
0
1.224
1.836
0.1
1.224
0
1.424
1.224
1.324
3.36
0
0
1.324
0
0.1
0
0
2.224
1.224
1.224
0.1
0
2.448
1.224
0
5.184
1.224
1.324
1.324
0
0
1.224
2.036
2.548
2.448
2.448
4.584
1.324
1.324
2.448
2.548
2.448
2.448
2.448
0
2.448
4.284
1.224
0
0
0.1
1
0.1
0.1
1.624
1.424
1.324
