0.2
0
2.124
3.56
1.624
0
0
0
0.1
0
0.1
0
0.3
0.7
0.3
0
0.1
0
0
0.2
0.1
0
0
0
2.136
0
0
1.524
1.224
1.324
0.1
1.224
1.2
0
0.3
0.4
0.1
0
0
0.1
0.1
0.7
0
0.2
0
0
0.1
0.3
0
0.1
0
0.1
0.5
0
0.1
0.1
0
0
0
0.1
1
0.2
0
0.6
0.1
0
0
0
0.1
0.5
0.3
0.3
0.5
0
0.8
0.2
0
0.1
0
0
0.4
0.1
0
0
0
0
0
0
0
0.6
0
0
0.1
0
0
0.2
0.2
0
0
0
0
0.3
0.5
0
1.836
0.1
0
0.7
0.1
0
0.1
0
0.1
0.1
0
0.2
0
0
0
0
1.7
0
0
0.3
0
0
0.1
0
0
0.3
0.1
0
0.1
0
0.2
0.2
0
0.1
0.2
0.6
0
0
0
0.3
0
0
0
0.2
0.1
0.1
0
0.1
0
0.1
0.2
0
0.2
0.2
0.3
0
0
0
0
0
0.1
0
0.1
0
0
1.4
0
0.3
0
0
0
0.1
0.2
0
0.1
0.4
0.2
0.4
0
0
0.2
0.1
0.1
0
0.1
0
0.1
0
0
0.2
0.1
0.1
0
0.1
1.224
0.6
0.1
0
0
0.3
1.2
0
0.1
0.2
0.2
0
0.1
0.1
0.4
0
0
0.8
0
0.8
0
0
0
0.1
1.524
1.224
1.324
1.324
1.224
1.224
1.524
1.324
1.324
1.224
0
1.836
1.936
0
1.3
0.3
0
0.2
1.836
1
2.236
1.324
0
0
0
0
0.1
2.836
0
0
0
0
0
0
0
0.2
0.1
0
1.936
0
0.1
0.4
0
0
0.4
0
0.1
0
0
0.3
0
0.1
0.3
0.1
0
0
0
0
1.224
1.324
1.324
1.224
1.724
0
0
0
0.1
0.2
0
1.224
0
1.1
0
0
0
0.2
0.1
0
0.2
0
0.3
0
0
0
0.2
0.1
0
0.1
2.036
0
0
0
0
0.2
0
0
0
0.1
0.1
0
0.3
0.4
0.2
0
0.1
0
0
0
0.6
0
0.1
2.036
1.936
0
0
0
0.5
0
0.1
0
0.9
0
0
1.836
0.2
2.136
0.2
0.1
0.1
0
0.7
0.8
0
1.836
0.1
0
0
0.1
0
0
0
0
0
0.3
1.836
0
1.936
0
0
0
2.136
1.836
0.1
0.1
0.6
0.1
0
0.1
0.1
1
1.224
0
1.224
1.424
1.324
1.624
1.224
3.06
1.224
1.324
4.26
1.324
3.26
0.1
0.1
1.524
1.224
1.224
1.424
3.16
1.224
1.524
1.224
1.224
1.424
1.224
3.76
1.324
1.624
1.524
1.424
1.224
1.324
1.324
1.424
1.224
1.324
1.224
1.224
1.324
1.524
1.524
1.224
3.36
1.224
1.324
3.86
3.26
3.16
1.224
3.06
3.26
3.46
1.524
1.324
1.624
1.224
1.424
3.06
1.324
1.224
1.224
1.324
3.06
1.224
1.224
3.46
1.424
1.224
1.324
1.224
1.724
1.224
1.224
1.624
1.324
3.06
3.76
1.424
1.224
1.224
3.66
3.16
1.424
1.624
2.724
1.624
1.224
1.324
1.824
1.324
3.06
1.324
1.824
1.624
1.224
1.924
2.024
1.224
1.224
1.224
1.324
1.524
1.324
1.224
3.46
1.424
1.224
1.224
1.224
3.16
3.36
1.224
1.224
1.224
1.224
1.724
1.224
1.624
1.224
3.26
1.224
3.06
1.224
3.06
3.46
1.224
1.224
1.224
1.424
1.324
1.224
1.324
3.26
1.224
1.524
3.06
1.224
1.724
1.224
1.224
3.06
1.224
1.924
3.66
1.324
1.324
1.224
1.224
1.524
1.224
1.424
1.224
1.324
1.324
1.324
1.424
1.324
1.424
1.324
1.224
1.224
3.26
1.224
3.26
1.524
1.224
1.224
1.224
1.224
3.16
1.424
1.224
3.26
1.224
1.624
1.224
1.324
1.324
1.424
1.224
1.224
1.424
1.224
1.524
3.16
1.224
1.424
1.224
1.224
1.224
3.06
1.324
1.224
1.224
1.224
1.224
1.824
1.824
1.324
1.224
1.324
1.424
1.224
1.224
1.424
1.324
3.16
1.324
1.224
1.224
3.76
1.224
1.224
1.324
1.524
1.324
1.224
1.224
1.424
1.624
1.224
1.224
1.324
1.824
1.324
1.224
1.224
1.224
1.424
4.06
1.324
1.224
3.66
1.224
3.16
2.024
1.224
1.224
1.324
3.26
1.424
3.06
1.224
3.26
3.26
1.324
3.16
3.06
3.16
3.16
3.06
1.224
1.224
3.06
1.224
3.06
3.06
1.324
3.26
1.224
1.224
3.16
1.224
1.224
4.26
1.224
3.26
1.224
1.224
1.224
7.56
1.324
1.224
1.324
3.06
1.224
1.224
2.724
3.26
1.424
3.06
1.324
1.224
1.224
3.16
1.424
1.224
1.224
1.224
1.424
1.424
3.66
1.324
1.224
1.424
3.36
1.424
3.16
3.16
1.924
1.224
3.06
1.224
1.324
1.524
3.06
1.624
1.424
3.06
1.224
1.224
1.224
3.36
1.224
1.524
1.224
1.224
1.224
3.36
1.224
1.324
1.224
1.524
1.224
1.324
3.46
1.224
3.16
1.224
1.224
1.324
1.224
1.324
1.224
1.424
1.324
1.224
1.224
1.224
3.36
1.224
1.224
3.26
1.324
1.224
3.06
1.224
2.224
1.224
3.26
3.06
1.224
3.16
1.224
3.06
3.06
1.224
1.424
3.36
1.724
1.424
1.324
1.424
1.224
3.06
3.26
1.224
1.224
3.16
1.224
1.224
1.224
1.224
1.224
2.524
1.824
1.524
1.324
1.424
1.224
1.224
1.224
1.224
1.224
1.224
1.524
1.324
1.624
1.324
1.224
1.224
1.224
1.224
1.224
1.524
1.324
1.224
3.06
3.06
1.424
1.424
1.224
3.26
1.224
1.524
1.224
1.524
1.824
1.324
3.16
1.224
1.624
3.16
1.424
1.224
1.224
1.624
1.324
1.224
3.16
1.424
1.224
1.224
1.224
1.224
3.16
1.424
1.224
1.324
3.06
3.06
1.224
1.224
1.324
1.424
1.224
1.224
1.224
1.324
3.06
3.26
1.224
1.224
1.224
1.224
1.224
1.424
1.224
1.324
3.26
3.06
1.224
3.06
1.224
1.224
1.324
1.224
3.16
1.324
1.224
1.324
1.524
1.324
1.224
1.224
1.224
1.224
1.224
1.224
2.024
1.224
3.06
1.224
1.524
1.324
1.324
1.324
1.324
1.224
1.224
1.224
1.524
1.324
1.224
1.824
1.224
1.224
1.224
1.224
1.424
3.16
1.224
3.76
3.36
3.06
1.324
3.06
1.224
3.06
1.524
1.324
1.324
3.06
1.224
1.224
1.224
3.16
1.524
1.224
1.524
3.16
1.324
1.224
1.224
1.224
1.224
1.224
1.224
3.06
1.324
1.224
1.424
1.424
3.36
1.324
1.224
1.224
3.06
1.224
1.224
1.424
1.324
1.524
1.424
1.224
1.524
1.524
1.224
3.46
4.16
1.324
1.224
3.06
1.224
1.324
1.224
2.524
1.524
1.624
1.424
1.524
1.224
3.06
1.224
1.424
1.724
1.224
1.324
1.224
1.224
1.224
3.26
1.324
1.224
1.224
3.26
3.16
3.26
1.524
2.024
1.224
1.824
1.224
1.324
1.224
3.06
1.224
3.56
2.624
3.26
1.324
1.224
1.424
1.224
1.224
3.16
1.324
3.16
1.224
1.624
1.224
1.424
1.524
1.224
1.224
1.324
1.224
1.424
1.324
3.06
1.224
1.224
1.424
1.224
1.224
1.524
1.224
1.324
1.324
1.824
1.624
3.06
3.26
1.624
2.636
0
0
0.4
0.2
2.036
0
0
0
0.1
0.2
2.036
0
0
1.836
0.8
0
0.5
0
0
3.06
0.9
0
0.2
0
0.3
0
0
0.4
0
0
0
0
0
0
0
0
1.2
0
0.3
0
0
0
0
0
0
0
0
0
0.1
0.4
0.4
2.136
0
0
0.1
0
0
0
0.3
1.7
0
0.1
0
0.1
0.8
0.2
0.1
0
0.4
0
0.1
1.836
0
0
0
0.2
0
0.1
0
0.1
0
0.2
0
0
0
0
0.1
0
0.2
0
0.1
0
0
0.2
0
0
0.1
0
0
0
0
0.1
0
0
0
0.1
0
0.6
0
0
0
0.1
1.836
0.2
0
0
0
0
0.1
0
0.1
0
0
0.2
0.1
0
0
0
0.3
0
0
0
0
0
0
0.1
0
0
0.4
0.1
0
0
0.2
0
0
0
0
0
0.1
0
0.1
0
0
0
0
0
0
0
0
0
0
0.4
0
0
0
0
0
0
0
0
0.1
0.5
0
0
0.7
0
0
0
0
0.2
0
0
0.5
0.1
0
0
0
1.836
0.2
0.1
0
0.1
0
0
0.1
0.1
0
0
0
0
0
0.2
0
0.4
0
0
0.1
0
0.2
0
0.1
0.1
0.1
0
1.5
0
0
0
0
0.1
0
0
0.1
0.1
0.4
0.1
0
0
0.4
0
0
0.5
0
0.3
0.1
0
0
0
0
0
0
0
0.1
0.2
0
0
0
0
0
0.2
0.2
0
0.1
0.1
0
0
0
1
0.1
0
0
0
0
0.1
0
0.1
0.5
0.3
0
0
0
0.1
0
0.1
0
0.1
0
0
0.4
0
0.2
0
0
0.1
0
0
0
0
0
0.1
0
0
0.3
0
0.2
0
0
0
0
0
0.1
0
0
0
0.1
0
0
0
0
0.3
0
0
0.1
0.3
0
0.1
0
0
0
0
0.6
0
0
0
0
0
0
0
0.2
0
0
0
0.1
0
0
0.1
0
0.1
0
0
0.1
0.5
0.2
0
0
0
0.3
0.1
0
0.3
0
0
0.1
0.1
0
0
0
0
0
0
0.1
0
0
0
0
0
0
0
0
0.1
0
0.1
0
0
0
0
0.1
0
0.1
0
0.1
0.1
0.1
0
0
0
0
0
0
0
0
0
0
0
0
0.4
0.1
0
0.1
0
0
0
0
0
0.1
0
1.936
0
0.1
0
0.1
0.1
0.2
0
0.1
1.836
0.4
0
0.1
0.1
0.2
0
0.4
0
0.6
0
0
0
0
0.1
0
0
0.1
0.1
0
0
0
0
0
0.1
0
0
0
0.1
0
0
0
0
0.1
0.3
0.6
0.1
0.2
0.1
0
0.1
0.1
0.1
0.1
0
0.1
0
0
0.1
0
0
0
0
0.4
0
0
0.1
0
0
0
0
0.1
0.1
0.1
0
0
0
0.3
0
0
0.2
0.2
0
0
0
0
0.1
0
0
0
0
0.1
0
0
0
0
0
0.3
0.2
0
0
0.1
0
0
0
0
0
0.6
0
0
0.1
0
0
0
0.1
0
0.2
0
0
0
0
0
0
0.7
0
0
0.3
0
0
0
0
0
0
0
0
1.936
0
0
0
0
0.2
0
0
0
0
0
0
0.1
0.1
0.2
0
0
0
0
0
0
0
0
0.2
0
0
0
0.1
0
0
0
0.2
0
0.4
0.6
0.1
0.2
0
0
0
0.1
0.1
0.1
0
0
0
0.1
0.1
0
0.2
0.1
0
0
0.1
0.4
0.3
0
0
0
0
0.1
0
0.1
0
0.1
0
0
0
0.1
0.2
0.3
0.1
0
0
0.2
0.1
0.2
0.2
0.1
0.1
0
0
0
0
0.1
0
0
0.1
0
0
0
0
0
0.1
0
0
0
0
0
0
0.1
0.1
0.7
0
0.2
0.1
0.2
0.2
0
0
0.1
0.6
0
1.836
0.1
0
0.1
0.2
0
0
0
0
0
0.2
0.2
0.1
0
0.3
0
0
0.1
0
0
0.1
0.1
0.1
0.1
0
0
0
0
0
0
0.3
0
0
0
0.9
0.1
0
0
0
0
0.6
0.1
0
0.3
0
0
0.1
0
0.4
0
0
1.936
0
0
0
0.9
0.1
0.2
0
0.1
0.2
0
0.2
0.1
0
0
0.1
0
0.1
0
0
0.1
0
0
0
0
0.2
0
0
0
0.4
0.1
0
0.1
0.1
0.1
0.1
0
0.2
0
0
0
0.3
0
0.1
0
0
0.4
0
0
0.4
0.2
0
0
0.1
0.2
0.1
0
0.1
0.9
0.1
0
0.2
0
0.1
0.3
0
0.2
0
0.2
0.2
0.2
3.06
1.224
0
0
0
0
0
0
0
0.1
0.6
0
0
0.2
0.4
0
1.2
0
0.2
0
0
0
3.06
0
0.1
0.3
2.036
0.1
0
0
2.036
0
0
3.124
1.424
0
1.836
0.9
2.536
1.2
0.4
0
0.6
0.2
0.1
0.2
0
1.836
1.836
1.936
0.1
0
0
0
0.1
0
1.836
0
0
0.5
0.1
0
0.2
2.236
0
0.1
0
0
0
0
0
1
0
0
0.1
0
0
0
0.1
3.036
1.224
0.3
0.8
0.1
0
0
2.036
1.224
1.224
1.424
3.16
1.224
1.224
1.224
1.324
1.224
1.224
1.524
0
0
3.06
0
0
0
0.3
1.4
0.2
0
1.924
0.8
1.724
