3.66
0.4
1.1
0.4
0.2
2.036
0.2
0
0.2
0
0.2
0
0.1
1.1
0.7
0
0
0
0
0.1
2.236
1.936
0
0
0.3
0.1
1.524
0.1
0.1
0
0
0
1.8
0.1
2.036
3.236
1.836
1.936
1.836
2.336
1.936
6.196
1.936
1.936
1.836
1.836
3.66
2.336
2.036
2.236
1.936
1.836
2.236
1.836
1.936
1.936
1.836
2.036
1.936
2.436
4.136
2.336
1.936
2.636
12.396
2.236
1.936
1.936
1.936
3.236
2.436
2.636
2.136
3.672
7.796
2.736
1.836
2.236
1.836
1.836
2.536
1.936
1.836
1.936
1.836
1.836
1.836
1.836
1.836
2.436
2.236
1.936
3.16
1.936
1.836
2.236
1.936
1.936
1.936
1.836
1.836
2.936
3.036
1.836
3.06
1.836
3.06
3.236
1.836
1.936
3.56
3.16
1.836
1.836
1.836
4.072
3.16
2.036
1.836
1.836
4.836
1.936
1.936
2.236
2.236
1.836
1.836
1.836
1.836
2.636
3.46
1.836
2.136
1.936
5.496
2.636
1.936
2.036
2.036
3.76
1.836
2.136
1.936
2.336
1.836
1.836
1.836
2.236
1.836
1.836
1.836
1.836
2.136
3.36
2.436
2.736
3.86
2.036
3.56
1.836
2.036
1.936
1.836
3.06
3.26
1.836
1.936
1.936
3.36
4.936
2.036
2.336
3.06
2.136
3.16
2.036
1.836
1.836
3.772
2.236
2.136
2.436
1.936
2.036
4.06
2.336
2.436
2.036
2.136
1.836
1.936
2.036
1.936
2.536
2.236
2.236
1.836
3.26
0
0.5
2.036
0
1.224
0.3
2
0
0
0.2
0.3
0.3
0
0.2
0.5
0
1.836
4.024
0.1
3.96
0
1.836
0
0
0.9
0
0
0.2
0
0.1
0.7
0
0
0
0.2
1.836
0
0.1
2.4
1.836
3.06
0.1
1.836
0.6
2.136
0
1.324
0
1.224
0
0
0.6
0
0.1
0.1
0
0.2
0
1.836
0.6
0
0
0
0
0.1
0.2
0
0
0.4
0
0
0
0
0.4
0
0
1.4
0
0.1
1.936
1.324
1.224
1.224
0
0.1
0
0
0
0.2
0.1
0.2
1.836
1.836
0
0
1.5
0
1.324
0.2
1.424
0.2
1.224
0.2
1.324
0
0.1
0.1
0
0.4
0.4
0
0
0.2
0
0
0
0
0.3
0
1.324
0
1.424
1.224
0.3
1.724
1.824
0.4
0
0
0.2
0
0
1
0
0
2.236
1.836
0
0
0
2.524
0
1.224
0
1.9
1.424
0.5
0.3
0.1
0.2
1.924
1.424
1.324
1.424
1.1
3.824
0.1
1.936
0
3.26
0
1
0.4
0
0
0
0.1
0
0
0
1.836
0
0
0
0
0
0
0
0.6
0
0
0.1
0.3
0.8
0
0
0
0.3
0
0.6
0.2
0
0
0
0.9
0.1
0.3
0.1
1.836
0
0
0
0.1
1.836
0
0
0
1.836
0
0
0.2
0
1.1
0.3
0.1
1.836
0.2
0.1
0
0
1.224
0
1.836
2.036
0.1
0.4
1.324
0.1
1.836
0
0.4
0.3
0.1
1.424
0
0.2
0.1
0.1
0
2.124
0
1.324
0
3.26
0
1.224
0.2
1.836
0
0
0.5
1.836
0.1
1.836
0
0.2
0.1
0
2.036
0
1.224
0.8
0.2
0
0.3
0.5
0.2
0
0.4
1.1
3.76
0
0.5
1.7
0
0.2
0.9
0.2
0.4
1.836
0.2
0.1
0.1
0
0
0
0
0
0
0.2
0.4
0
0
0
1.836
0
0.2
1.836
0
0
0.3
0
2.136
0
0.1
1.224
0
0.2
1.836
1
0
0
0
0.2
0
1.936
0
0
1.836
0
0
0
2.924
0
0
0
0
0.3
0.7
0
1.836
0
0
0.2
0
0
0
0.1
1.224
0.2
0
0.3
0.4
0
0.2
0.2
0
0.2
0.3
1.936
0
0
0
0
0
0.1
0.1
1.936
0
0.4
0
0
0.2
0
0
0
1.624
1.836
2.336
0.3
2.236
0.1
0
0
0
0
0.2
1.836
0
0
0
1.3
0.2
0
0
0
0.1
1.836
0
0.1
0
0
0
0
3.16
0.3
0.1
0
0.2
0.2
1.936
0
0.1
0
0.1
0
0.1
0
3.46
0
0
0
0.1
0.1
0.3
1.836
0
0.6
0.2
0
1.2
0.1
0
0.2
0
0.3
0
0
0.5
0.3
0.2
0
0.2
0.1
0.4
1.836
0
0.1
1.836
0.2
0
0
0.2
0.2
1.836
0
1.424
0
1.224
0.3
0
0.1
1.224
0
0.1
0.1
0.2
0
2.036
0.2
0
0.3
0.6
0
0.2
1.836
1.936
0
0
0
0.2
0
0.1
0.1
0.1
0
0
0
0
0.1
0.1
0.1
0.1
0
2.136
0
0.1
0
0
0.2
0.1
0.1
0.2
1.836
0
0
0.1
0.2
0
0.5
0
0
0
0.1
0
0.2
1.224
2.036
0
0
2.236
0
0
0
0
0
0
1.424
0
0.2
0
0
0
0
0.2
0
0
0
1.836
0
0
0
4.36
0
0.2
0.1
0
1.936
0
1.936
0.2
0.1
1.524
0.2
0.5
1.724
0
0
0
0
0.2
0
0.2
0.1
0.2
0
0.1
0.1
0
2.2
0.9
0.1
1.424
0.2
0.1
0
0
0
1.836
0
1.836
1.836
0.4
0.3
0
0
0
0
0.1
0
0
0
0
0
0.1
0.1
0
1.936
0.1
0.3
0
0.3
0.7
1.936
0.1
0
0.4
0
1.424
1.836
0.2
1.6
1.836
1.324
1.836
0.1
0
1.836
2.024
0
0.3
0
1.224
1.624
0
0
0.1
0.1
0
0
0
0
0
1.836
0
1.836
1.836
0.1
0.2
1.224
0
0.2
0
0
0.2
1.836
0
2.036
0
0
0
0
0
0.1
0
0.2
0
0
0.1
0
1.836
0
0
0.1
0.1
0
0
0
0.6
1.224
0
0
0.2
1.936
0.2
0
0.5
0.3
1.324
0.2
1.224
1.324
1.224
0
0
1.836
0
0.6
1.5
0
0.2
1.936
0
0
0
1.836
0
0.1
0
1.524
0
0
0.1
0
0.1
0
0
0
0
0
0.1
0.1
0
0
0
0.1
0
1.1
0.1
0
0
0.1
0
0
0
0.5
0
0.5
3.16
1.936
1.936
2.136
0
0.3
0.5
0
0
0
0
1.836
0
2.424
0.1
0.3
0.1
0.2
0.2
0
0
0.4
0.1
0
0.2
1.836
1.836
1.836
0
0.1
0.1
0
0
0.3
0
0.3
1.2
0
0.3
0
0.1
1.224
0
0.2
0.1
2.136
0.2
2.236
0
0.5
0.1
0
1.836
0
1.936
1.936
2.136
2.036
0
0.6
3.46
1.836
1.836
1.836
0.4
1.836
0
1.224
0.1
0
0
0.3
0
0.1
0
0.1
0.4
0.2
0
0
0.4
0.4
0
0.1
1.3
0.5
2.036
0.1
0
0
0.4
0.2
0.2
0
1.836
0
1.4
1.836
3.124
1.936
0.2
0.1
0.6
0
0.8
0
3.46
0
0.1
1.3
0.1
0
0.1
0
0
0.2
0.2
0
1.3
0
0.3
0.4
1.224
1.224
0.2
0
0
0
0
0.1
0
1
1.624
0.1
0
0
0
0
0
0.1
0.1
3
1.324
0.1
1.424
0.2
0.9
0.1
0.1
1.324
1.3
0.2
0.2
0
1.836
0
0
0.7
0
0.9
1.324
0.2
1.836
0
0.1
0
0
0
0.7
0.2
0.4
0.1
1.324
0.1
0
0.5
0.7
0.3
0.2
0
1.624
0.1
0.2
0.3
0
0
0.4
0.4
3.06
1.2
0.4
0
0
0.5
1.224
0.3
0.3
0
0.1
0.1
2.036
0
0
1.224
1.224
0.9
0.2
0
0
0
0.7
0.1
0
0.1
0.2
1.524
0.3
1.224
1.836
0
0.4
0
0.1
0.1
1
0
0
0.2
0
0
1.424
0.1
0.2
0
3.06
0.1
0
1.324
0
1.224
0
0
0
0.2
0
0
1.424
0.2
0.1
0
0.1
1.424
0.3
0.6
2.024
0
0.7
0
1.224
0
0.2
0.3
0.6
0.1
0.9
0.4
0
0
0.1
1.424
1.724
0.1
0
0
0.1
0.1
0.6
0.1
0
0.1
0
1.224
0.2
1.824
0
0.5
0
0.2
0
0.2
0.2
0
0.1
0.1
0.1
0
2.9
0
0
1.424
1.324
0
0
0.2
0.2
0.4
1.624
0
0.1
0
0.2
1.324
0.1
1
0
0.2
0.2
0
0
1.324
1.936
0
0
0
1.936
0.3
0.1
0.1
0
0.6
0.1
0.3
0.3
0.6
0.5
0.1
0
0
0
2.4
0.5
0
0
1.936
0
0.1
0.2
0.1
0.2
0.2
0
1.324
0.2
0.1
0.2
1.324
0
0.2
0.2
2.436
1.1
0
0.1
0
0.1
1.224
0
0.1
0.1
0.1
0.1
0
0
0.1
0.6
0
0.3
0.1
3.16
0.3
0.2
0
1.936
0
0
0
0
0.2
1.224
0.4
0
0.7
0
0.1
0.6
0.9
0
0.3
0.1
3.36
0
0
1
0.3
0
1.324
1.224
0
0.1
0
0.4
0.1
0.1
0
0
0.2
0
0.6
0
0.1
0
0
0.1
0.9
0
0.5
0
0.1
0.3
0.1
0
0.1
0.1
1.836
0.1
0.2
0.4
0
0
1.936
0.2
0.1
0.2
0.1
0.7
0
0.3
0.1
0
1.224
0.1
0.2
0.1
0.2
0
1.224
0
0.1
0.2
0.2
1.836
0.3
0.2
0.9
0.2
0
0
0.1
0.2
0
0
0
0
0.1
0
0
0.1
0.4
0
0
0.3
0.3
0.2
0.1
0.2
0
0.3
0.1
2.136
0
0.2
1.224
2.536
0.3
1.624
0
0.1
0.2
0.1
0
0.2
2.036
0.2
0
0.6
0.7
0.6
0
1.324
1.424
0
0.3
0.1
0
0.5
0
0
0
1.836
1.324
0.2
1.224
1.224
0.2
0.2
0.2
0
0.1
0
0
1.936
0.2
1.5
0.1
0.2
0.4
1.324
0.1
0.3
0.3
0.3
0.1
0
0.2
0
2.236
0.3
0.1
0.1
0
2.824
1.224
0
2.036
0.1
0.1
0.4
1.824
0.1
1.624
0.3
0.4
0.1
0
0.4
0
0
0.3
0.1
0
0
0
0
0.7
3.46
1.836
0.1
0.1
1.424
0
0.1
0
0
0.2
0.5
0.7
0
0
0.1
1.224
0
0
0.1
0
2.924
0.2
0
0.1
0.2
0.1
0
0.1
0
0.1
0.2
0.1
0
0
0.1
0
2.724
1.324
0
0.3
0.7
0
1.224
0.4
0
0.2
0
0
0.1
0
0
0
0.1
3.036
0
0
0
0
0.1
0.1
0
0.2
0.3
0
1.324
0
0.4
0.1
0.1
0
0
0.5
1.224
0
0
0.1
1.224
0
0.1
0.3
0
0.7
1.2
0.2
0.1
0.4
1.836
0
0.1
0
3.26
0
0.1
0
0
0.1
0
0.3
0.4
1.836
0
0.4
0.2
0.2
0.1
0
0
0.1
0.1
0.1
0.3
0.2
0.2
0.1
1.324
0.1
1.724
1.324
0.5
0.1
0
0.2
0.4
0.2
0.8
2.124
0.1
0.1
0
0
0
0
0
0
0
0.1
0
0
0
0
0.2
0.1
0
0
0
1.224
0
0
0
0.2
1.4
0.2
0.6
0
0.3
1.3
0
1.224
0
1.3
0
0.2
0.1
0.2
1.936
0.1
1.836
0
0
0
0.4
0.3
0.3
0.3
0
1.4
0
0
0
0.1
0.3
2.136
1.324
0.3
2.036
0
0
0
0
0
0.1
0.7
0.7
0.1
3.16
2
0.2
0
1.624
0.2
0.5
1.6
0.6
1.224
1.936
0
0
0.5
0
1.924
0.5
0.2
0.3
1.936
0.2
0.4
3.124
0.1
0.1
0
1.836
0
0.1
1.524
1.224
0.1
0
0.9
0
0.3
0
0.4
0.5
0.6
0.1
0.1
0.1
0.6
0.1
3.06
0.1
0.3
0.4
0.2
0.6
0.2
0
0
1.524
0.6
0.1
0.2
2.436
0.6
3.06
0
0.1
0.6
0.7
0
0.1
0.3
0.9
0
1.424
0.1
1.724
0.2
0
0
1
0.4
0.1
0.4
0.6
1.936
2.336
3.16
2.236
1.836
3.872
0.1
0.3
0
0
0
1.836
0.1
3.16
1.836
0
0
0.1
0.5
0
0
0.1
1.1
0
3.824
0.1
0.1
0
0
0
0
1.324
2.036
0.2
1.224
0.2
1.224
0
0.2
1.836
0
3.636
0
0
1.836
0.7
0.2
1.7
0.8
0
2.924
0.2
1.936
0
0
0
0.1
0.2
0
1.836
1.936
0
0.1
0
1.936
1.836
0
0.3
0.2
0
0.2
0.1
0
0.3
0
0.1
0
1.224
1.324
0.5
0.1
0
1.324
0
0
1.224
1.324
0.7
1.324
0.3
0.2
0
1.224
0
0
0
0.1
0.1
0
1.524
1.724
0.1
0
0
0.1
0.3
0.1
0
1.836
0
0
0.1
0.3
4.324
1.524
0
0.8
1.5
0.8
