0.5
0.3
5.672
3.148
4.372
0.2
0
1.224
0.2
0
0.5
1.624
0.3
2.1
0.8
0
0.2
1.224
1.224
1.224
1.524
1.424
1.224
1.224
0.8
1.324
1.724
2.748
3.772
2.548
1.424
2.448
2.3
0.1
0.1
0.9
0
0.4
0
0.5
0
3.124
0
0.4
0.2
1.224
0.2
0.8
0.2
1.624
1.224
0.2
2.024
0.2
0
1.324
0
0.2
0.1
3.124
1.5
0.2
0.1
1.724
0.6
0.3
0.2
0.3
1.924
1.5
0.7
2.024
0
0.1
4.124
1
0
0.4
0
0
5.048
0
1.224
0.1
0.1
0
0.1
0
1.224
2.824
0.1
1.324
0
0
0
1.524
1.524
0
1.324
1.224
0.1
0.6
0.5
0.1
1.224
0
0
2
0.1
0.1
0.4
0
0
1.424
0.3
0.4
0.1
1.524
0
0
4
0.1
1.324
0.4
0.2
0
0.3
1.224
0
1.924
0.4
0.4
0.3
0
1.424
1.2
1.424
1.224
1.924
0.9
0.1
1.324
0
1.524
0
0.1
1.724
0.5
0
0
1.324
0.1
0.4
0
1.1
0.4
0.4
0.2
0.7
0.2
0.1
0.1
0
0
0.2
0.2
1.224
0
0.1
4.824
0.2
0.7
1.224
0
1.424
3.548
0.1
0
1.324
0.9
0.4
2.124
0
2.448
0.4
3.048
2.324
1.324
0.1
2.448
0.2
1.324
0.1
2.224
1.224
1.524
1.224
0.2
1.224
2.624
0.5
1.224
0
0.7
3.5
0.1
0.1
1.924
3.448
1.324
2.548
0.7
1.924
0.1
0
4
0.1
2.2
0
0.1
0.1
2.748
5.348
3.872
3.672
3.348
2.448
2.448
4.972
2.448
4.072
3.672
1.324
0.3
2.848
0.3
6.448
1.524
0
2.024
0
3.424
1.824
1.224
0.1
1.224
0
1.224
1.424
2.2
0
0.3
0.3
0
1.224
1.224
0
0.4
2.648
2.124
2.648
0
0.2
1.2
2.448
0.1
1.2
2.448
0.1
2.448
0
0.5
0.1
2.648
1.7
0
2.548
0.4
1.324
0
2.448
1.324
3.872
3.672
4.772
0
1.524
1.324
1.824
1.524
1.324
3.772
0
1.9
0
0
1.224
0.2
0.3
0
1.424
0.1
1.4
0.1
0.1
0
0.7
0.6
1.324
0.5
1.724
0.1
1.424
1.224
1.224
2.848
0
1.424
0
1.524
0.2
0.1
0.6
0.6
0.5
0.1
0.1
1.324
0.1
0
2.724
1.224
1.224
1.524
1.424
0
0.2
0
1.3
0
0
1.324
2.9
0
0.3
1.924
1.624
2.648
0.6
0.3
1.524
0.1
1.7
3.4
1.224
0.1
0.1
0.1
1.224
1.824
1.324
0
1.324
1.224
1.224
0.3
1.224
2.548
0.2
2.548
2.548
1.224
1.424
1.224
1.324
0.1
2.624
0
0
0.1
3.548
5.748
2.448
0
2.448
1.724
4.172
3.848
1.424
1.224
1.224
3.972
5.048
2.448
2.548
1.224
0.1
1.824
1.224
2.448
4.072
3.872
1.224
4.448
2.748
2.548
3.772
3.672
3.148
3.772
3.324
4.148
2.548
1.224
2.548
1.424
1.824
2.448
2.748
1.524
2.548
4.072
3.648
3.148
1.324
2.948
2.448
2.848
3.848
4.672
2.448
1.524
2.548
1.524
4.672
2.948
1.324
2.124
2.648
3.148
3.772
3.048
2.448
2.548
2.648
3.672
2.448
2.548
2.948
2.948
2.548
1.224
2.448
3.548
1.324
1.324
1.724
2.648
1.324
6.572
2.648
2.548
2.648
2.224
3.872
1.524
1.624
7.648
2.224
2.448
4.348
2.424
1.424
2.448
4.572
4.748
3.348
2.448
2.124
4.548
2.748
1.224
1.224
1.324
2.848
1.424
3.672
2.948
2.948
2.448
1.224
2.448
3.872
3.972
1.424
1.224
2.448
2.448
3.972
3.872
1.524
3.248
1.624
1.224
1.224
2.548
3.672
3.848
2.648
1.224
1.324
5.372
3.872
2.448
3.872
3.972
2.448
2.548
3.672
1.224
3.124
2.548
1.224
2.448
2.448
5.272
3.948
2.548
2.548
1.224
3.772
4.672
5.572
2.648
1.424
3.872
1.424
1.424
2.548
1.724
3.148
2.448
2.748
1.324
2.948
2.648
4.172
4.372
2.548
1.224
1.224
1.324
3.972
3.048
1.224
1.224
2.448
6.072
2.648
1.424
2.548
1.324
1.424
1.224
1.624
2.448
1.924
3.048
2.648
3.772
2.448
1.524
2.448
2.448
2.748
1.224
2.648
2.448
2.648
3.324
4.548
2.448
2.648
1.324
1.524
2.548
3.772
1.424
2.948
2.748
2.548
3.772
1.224
2.024
1.224
1.224
2.748
2.948
1.324
3.672
1.224
2.548
2.748
1.224
3.772
2.648
3.748
2.948
2.448
2.448
1.224
2.648
4.348
1.424
1.224
2.724
1.424
1.224
3.124
3.872
3.772
2.548
1.324
1.724
2.548
2.448
2.948
4.172
3.872
1.324
1.524
2.648
1.424
2.548
2.548
2.548
3.672
2.448
1.324
2.448
3.048
3.972
1.224
1.224
3.048
2.548
1.424
2.124
2.448
2.748
1.224
1.224
1.324
2.724
2.648
3.672
2.948
3.672
2.448
1.524
16.872
1.324
4.372
2.548
1.224
2.448
1.224
2.548
3.872
1.224
3.672
2.548
4.072
4.072
3.348
1.224
3.672
2.748
3.148
5.472
1.224
2.648
3.748
1.224
3.772
2.448
2.748
3.972
2.448
1.524
4.672
1.424
2.648
2.848
2.548
1.624
2.548
1.624
2.448
3.672
3.772
2.648
2.548
2.748
3.672
2.024
1.324
3.248
3.448
1.224
3.972
1.224
3.772
2.548
1.324
1.224
2.648
5.072
2.648
2.548
1.324
4.672
3.248
1.224
1.224
1.324
1.324
2.448
3.672
2.748
3.624
2.648
1.624
3.672
2.548
3.872
2.648
3.772
2.548
2.548
4.472
1.524
4.448
3.648
2.548
4.672
3.672
2.448
2.948
1.224
1.624
2.548
3.048
2.448
3.772
2.548
3.772
5.424
5.672
1.624
1.324
1.424
3.672
2.448
1.324
2.448
2.448
2.448
2.648
2.748
4.148
4.172
1.224
2.448
2.448
1.224
3.872
3.772
3.672
1.224
2.448
2.448
4.072
1.324
2.448
3.872
2.448
3.448
1.324
3.048
3.648
2.648
4.172
2.448
3.148
1.324
3.772
1.224
2.548
3.648
3.972
1.224
2.548
2.948
2.548
1.224
3.148
1.224
3.672
3.772
1.224
4.172
3.672
3.672
3.872
2.548
2.548
2.448
3.672
2.548
2.648
4.172
3.772
1.424
3.672
1.224
1.324
1.224
1.224
4.072
1.224
1.524
3.048
3.672
1.224
3.672
1.224
1.324
1.524
1.224
1.324
1.424
2.448
4.472
3.872
2.548
3.872
2.648
1.224
2.548
2.648
2.448
5.872
3.872
1.224
3.672
5.172
1.224
1.224
2.548
2.648
2.448
2.448
2.548
3.748
1.824
1.224
6.272
1.224
3.672
3.672
2.448
3.972
3.772
2.548
5.072
3.124
1.524
1.224
3.672
2.448
2.748
3.148
2.448
2.648
2.448
2.448
1.424
2.448
2.648
3.972
3.672
1.324
1.224
2.548
2.448
1.224
1.224
2.848
1.224
1.324
1.224
2.648
1.224
1.524
3.448
3.248
2.948
1.224
1.524
2.448
2.548
1.224
2.748
3.672
1.624
4.272
2.448
1.624
1.424
2.448
4.372
4.872
3.348
3.672
2.648
3.872
2.748
3.672
6.572
2.448
5.372
4.772
2.748
1.624
3.972
3.672
4.248
4.572
3.772
3.872
2.448
2.448
2.448
3.972
2.448
3.772
2.448
3.972
4.272
3.672
4.172
4.648
2.748
4.172
1.224
1.424
1.324
1.324
2.748
2.848
4.648
3.972
4.472
3.872
2.948
2.548
2.448
2.848
2.548
2.748
2.448
2.748
2.848
3.772
3.448
2.448
2.448
2.748
2.648
3.148
2.448
2.448
1.224
3.872
1.524
3.672
4.972
3.048
2.648
3.872
3.672
5.872
3.748
1.224
1.224
4.272
3.324
1.224
2.948
5.948
3.448
0.8
1.624
1.224
1.324
0.3
2.024
2.548
0
1.224
0
1.6
0
0.9
0.4
2.448
2.748
3.124
2.448
0.1
0.1
0.2
1.524
0
1.3
1.324
0
0
1.424
0
0
1.224
0
4.224
1.224
0.4
1.324
0
0
2.524
0
0
0
1.324
1.224
0
2.124
0.4
0.8
1.324
0
0
1.224
1.324
1.524
1.624
6.724
0.1
1.424
0.6
1.424
2.2
1.424
0.1
0
2.924
1.324
0
0.2
0
1.324
2.448
2.124
1.524
0.6
0
0.5
0.1
0
0.2
0.2
1.424
1.424
1.3
1.624
1.824
0
1.624
1.224
1.324
0.4
2.848
1.424
1.224
0
0.1
2.748
1.324
1.424
1.224
1.324
1.224
0.3
0
3.424
1.424
1.224
0
1.624
0
2.724
0.2
1.324
2.448
0.4
0.4
0
0.1
0.1
0.2
0.5
1.224
1.324
1.324
0
2.524
1.324
1.324
1.324
0
0.2
1.324
0.7
1.324
1.224
1.924
1.424
1.424
1.424
0.5
1.224
1.524
0
1.224
1.224
0
0.3
0.4
1.324
1.324
0.4
0
0
1.424
0
1.324
1.224
1.224
0.4
0
1.224
0
0.6
1.624
1.424
1.424
1.424
1.624
2.624
0.5
1.224
2.1
0
0
1.624
2.224
1.924
1.624
1.324
1.6
0.1
0.1
1.324
0
0.1
0.3
0.1
1.324
1.424
1.424
0
1.624
1.724
0
1.224
1.224
0
1.624
1.2
1.224
1.5
0
1.324
0.1
0.4
1.724
1.724
1.724
2.648
1.424
1.224
3.2
1.224
0.1
1.624
0
2.024
1.224
0.3
0.2
0.1
0.8
0.1
0
1.324
1.624
1.224
1.324
2.724
0
3.248
1.724
1.224
1.224
0.2
1.224
1.224
0.1
0
1.524
0.2
1.224
1.424
1.324
1.524
1.724
0.5
1.724
0.3
1.624
0.2
0
0.1
1.324
2.2
0.8
0
0.1
0.1
0
1.424
1.524
0.2
1.924
3.148
0
0.1
0.2
0.1
0.2
1.324
0.1
1.624
0
0.7
1.5
1.224
1.924
1.224
0
1.424
1.924
1.224
2.448
1.624
0
1.524
1.224
1.224
1.824
1.724
1.624
1.524
1.624
1.224
0
1.224
0.4
0.1
1.224
1.224
1.324
1.924
0
0.1
0
0.9
0.1
0.2
2.224
0.8
1.224
0.8
1.324
0.4
0
1.224
2.924
0.3
0
0
2.548
0.1
1.424
1.224
1.824
0
1.224
0
1.524
0.1
1.224
0.3
1.224
1.224
1.224
1.324
1.624
1.4
1.424
0.2
0
0
1.724
1.324
1.224
0.4
1.224
1.224
1.524
0.4
0.4
0
0
1.324
1.324
0
0.5
1.324
0.5
0.1
0
0.1
2.448
0
0
2.848
1.224
1.724
1.424
0.2
1.224
1.524
1.224
1.424
0.3
0.5
1.524
0.5
0
1.224
0
1.224
1.324
2.448
0
1.224
1.324
2.448
1.224
1.224
0.4
2.848
0.1
0
1.324
1.324
0.2
1.324
0.1
1.224
0.5
0.1
0.2
1.224
1.424
0.1
1.924
1.624
1.524
0
1.524
0.2
0.6
0
2.648
0.4
1.824
1.224
0.4
2.024
0.7
0.1
0
2.648
1.224
0.6
0
1.224
1.924
0
0.2
1.224
0
0.3
0.1
0
0
1.324
1.224
0
0
1.224
1.224
1.224
0.4
1.624
3.024
1.324
0.1
1.424
0
0
1.624
0.6
0.5
2.448
1.624
2.648
0
1.724
1.324
0.1
1.424
1.324
0.6
0.2
1.324
0.3
0.2
1.224
0.9
0.5
1.524
1.2
2.024
0.1
1.224
1.224
2.524
0
1.224
3.448
1.424
1.224
1.224
1.224
0
2.024
1.424
0
1.224
0
0.2
1.324
0
1.224
0
0.2
0.7
0.9
1.324
0.1
0
1.224
0
1.424
0.1
1.224
1.3
1.224
0.1
0.1
1.224
0
0
1.324
0
1.524
0.2
0
0
0.1
0
1.224
1.9
0
0
1.724
1.1
1.324
0
0.5
1.724
0.2
1.224
2.448
0.2
0
0
0
1.524
3.024
1.224
0.1
1.324
0
2.448
0.1
1.224
1.524
2.748
1.224
0
1.324
1.624
1.824
1.324
0.2
1.324
2.648
0
0
1.224
0.1
0
1.224
1.324
0.3
1.224
0.4
2.824
0.1
1.624
0.1
1.324
1.324
0.5
0.4
1.324
1.224
1.224
0
1.224
0.1
0
0.6
1.924
1.224
0
0.6
1.624
3.148
0.7
1.224
0
0
0.3
1.624
2.548
1.324
1.524
1.324
0
0.1
0.4
0
1.724
0.2
0
0.2
0.6
1.524
2.524
1.924
1.524
1.524
1.424
2.448
1.424
0.1
2.748
1.224
0
0.3
0.1
2.448
2.448
0
1.424
0.2
0.1
1.224
1.324
0
1.224
0.1
3.048
0.1
2
0
0.3
0.1
0.6
3.324
2.448
0
0.1
4.348
1.324
0
2.748
1.724
1.424
0.1
0.4
0.2
0.1
0.1
2.648
0.3
0.4
1.524
0.2
1.2
2.448
0
1.324
0.1
1.624
1.324
1.224
0.2
0.2
0.1
0
1.724
1.224
0
1.424
0.3
2.024
1.424
1.324
3.4
1.424
1.324
0.1
1.324
0.9
3.224
1.2
0
1.724
1.224
0
1.524
0.2
0.8
0.7
0.4
1.524
0.4
1.224
1.424
4.648
1.524
1.724
1.224
0.1
1.924
0
1.524
1.324
0.2
1.224
3.548
1.324
1.724
0
1.424
2.224
0.6
1.524
0
1.224
0.1
2.024
0
0.1
1.924
1.424
0
0.1
0.1
1.224
1.324
1.324
1.924
1.324
1.224
1.424
1.5
0
0
1.524
1.624
2.524
1.324
0.1
1.624
0.9
1.224
0.1
1.324
0.3
0.1
1.424
0
3.724
1.724
1.524
1.424
2.324
2.024
2.524
0
2.224
0.1
1.624
2.848
3.248
2.448
2.548
0
1.224
0
1.924
0
0.1
0
1.324
0.7
0.1
1.224
0.2
1.4
0
3.3
0.1
1.424
0
0
0
2.448
0.1
0.3
2.024
1.824
1.624
0
1.224
1.424
0.1
0
6.648
1.524
1.224
0
2.824
2.224
2
3.124
0
1.8
3.448
2.548
0.1
1.324
1.224
0
0.7
1.224
0
0.2
1.224
0.6
1.224
0
1.224
2.548
0.8
0.8
2.648
1.524
2.024
1.324
1.624
1.424
0.1
0
1.424
0
2.324
2.548
2.548
0
1.224
1.324
1.324
0.1
3.948
2.548
1.924
3.124
0
0
1.224
0.2
3.672
3.872
2.848
3.972
1.424
2.648
3.772
2.748
3.772
2.648
4.272
0.1
2.448
1.224
1.324
0
0
0.9
4.1
0.2
0.3
2.724
3.624
2.024
