1.324
0.3
4.472
2.648
4.172
0
0
1.224
1.324
0
1.224
1.424
0.2
0.4
0.5
0
0
1.224
1.324
1.324
2.548
2.848
1.224
1.224
1.424
1.224
1.224
3.972
4.896
3.672
1.224
2.448
1.724
1.224
0.2
1.524
1.224
1.324
0
1.824
1.224
2.024
0
0
0.1
1.224
0.1
0.5
1.224
3.672
1.224
0
4.072
0
0.1
1.224
1.324
0
1.324
1.724
0.5
0
0.1
1.724
0.2
1.324
0.1
0
1.224
0.5
1.424
2.748
1.524
1.224
2.024
1.324
0
0.2
0
1.224
2.748
0
1.324
0
0
0
0.1
0
1.224
1.724
1.324
1.324
0.1
0.1
0
2.448
2.748
1.224
1.224
1.224
0.1
0.5
0.5
1.224
1.224
1.324
1.224
0.7
0.2
1.324
1.224
0
1.324
1.224
0
0.1
1.324
1.324
1.224
1.224
1.2
0.1
1.424
1.524
0.1
1.224
1.524
1.224
0
1.524
1.324
0
0.2
0.1
1.624
0.3
1.324
1.224
1.424
0.5
1.224
1.424
0
1.424
0
0
1.324
0.1
1.224
0.1
1.224
1.224
1.324
1.324
1.524
1.524
0
0.2
1.724
0
1.524
0
1.224
0
0.1
0
1.224
1.224
0
2.524
1.224
1.424
1.224
1.424
1.224
2.848
0
0
2.448
1.324
1.324
1.724
0
2.648
0.3
3.148
1.824
1.224
0.3
2.448
0.4
2.448
1.424
1.624
1.524
1.324
1.224
1.224
2.448
1.424
1.324
1.324
0
1.524
1.824
0
1.324
2.748
2.648
2.548
2.448
1.524
1.524
0.1
1.224
1.4
1.224
0.8
0
1.224
0
2.548
3.148
3.872
3.672
2.948
2.448
2.448
4.072
3.672
3.872
3.672
1.224
0
2.548
0.3
3.948
1.324
1.224
1.524
0
1.824
1.724
1.324
0
1.224
0
1.324
1.224
0.6
1.324
0
1.224
0
1.224
1.224
0
0.2
2.448
1.924
3.872
1.224
1.324
0.4
2.448
1.224
0.4
2.448
2.548
3.672
1.224
1.424
2.648
2.648
0.2
1.324
2.448
0
2.548
1.224
2.448
1.224
3.872
3.672
4.072
1.324
1.324
1.424
2.648
2.448
2.448
3.672
0
0.2
0
0
1.224
0
0.1
1.324
1.324
1.224
0.2
0.1
0
0
0.2
1.624
1.224
1.524
1.424
0
1.224
1.224
1.224
2.548
1.224
1.224
0
1.524
1.224
0
1.624
0.3
0.2
1.224
0
1.224
0
0
1.824
1.224
1.324
1.524
1.324
0
0
0
1.924
1.224
0
2.448
1.1
0
1.624
1.224
2.548
2.748
0.4
1.224
2.548
1.324
0.7
2.1
1.224
0
1.224
0
1.324
2.748
2.448
0
2.448
2.448
1.224
0
1.224
3.672
0.2
2.448
2.448
1.224
2.548
1.224
1.224
0
1.824
0
0
0
2.448
3.748
2.448
0
2.448
1.424
3.672
4.072
2.448
1.324
1.224
4.896
3.648
2.448
2.548
1.224
0
3.972
2.448
2.448
3.672
3.772
2.448
3.448
2.448
4.896
3.772
3.672
4.172
3.672
1.524
3.048
3.672
2.448
3.772
1.324
2.648
2.448
2.648
1.324
3.672
3.772
3.248
3.248
2.548
3.772
2.448
3.672
4.272
3.972
2.648
2.548
2.548
1.424
5.496
2.848
2.648
2.748
2.548
3.872
3.672
2.648
2.448
3.672
2.648
3.672
2.448
2.548
3.972
2.448
2.548
1.324
2.448
2.648
1.224
3.772
2.448
2.448
1.224
4.372
2.748
2.648
2.448
1.424
3.972
1.424
1.524
4.248
1.724
2.448
3.148
3.148
1.224
3.772
3.972
3.048
2.648
2.448
1.524
2.848
2.448
1.224
2.448
1.324
2.448
1.224
3.672
3.972
2.448
2.448
2.548
2.448
3.872
3.672
2.548
2.448
2.548
3.772
5.696
3.772
1.424
2.848
1.624
2.448
1.224
2.448
3.672
3.048
2.448
2.448
2.448
4.172
3.872
2.448
3.772
3.672
2.748
3.772
3.772
1.224
2.124
2.448
2.448
3.672
2.548
5.196
2.948
2.548
3.672
2.448
3.872
4.272
4.372
3.772
1.224
3.672
2.448
2.748
2.448
2.748
2.948
2.548
2.548
3.772
2.448
2.848
4.372
4.172
3.672
2.448
3.672
1.224
3.872
2.648
2.448
1.324
2.448
4.472
2.548
1.224
2.448
2.548
1.324
1.224
1.224
3.672
4.172
2.648
4.896
4.996
2.448
1.324
2.448
2.548
2.548
2.448
2.548
3.672
2.448
3.048
2.648
2.448
2.448
1.224
1.424
2.548
3.672
2.448
2.748
2.548
2.648
3.772
1.224
2.748
1.424
2.448
2.448
2.548
2.448
3.672
2.448
2.448
3.872
1.224
3.772
2.448
2.648
2.648
2.448
2.448
2.448
2.548
4.272
1.224
1.324
2.848
1.324
1.224
3.748
3.872
4.896
2.548
1.224
1.324
2.548
2.448
2.448
5.096
5.496
1.224
1.324
2.548
3.772
2.548
2.548
3.672
3.772
2.548
1.224
3.672
2.448
4.896
2.448
1.224
2.848
3.672
2.548
1.524
2.448
2.548
1.224
2.448
2.548
1.424
4.172
4.896
3.772
4.996
2.448
1.724
4.372
1.224
12.02
2.448
2.548
2.448
1.224
2.448
5.296
2.448
3.672
4.172
3.872
3.972
2.948
1.224
3.672
2.448
3.972
4.272
2.548
3.772
3.048
2.448
4.896
2.448
3.772
3.872
2.548
1.524
4.272
1.224
2.448
2.548
2.448
1.324
2.448
1.424
3.672
3.672
4.896
3.972
2.548
2.648
3.672
2.548
1.324
2.648
2.748
2.648
3.772
2.448
3.672
2.548
1.224
2.548
2.448
4.072
2.448
2.448
1.224
3.872
2.448
1.324
2.448
2.448
1.224
3.672
3.672
2.448
2.024
2.548
1.224
4.996
2.548
3.672
2.448
3.672
2.748
2.548
5.296
2.448
3.048
2.548
2.448
4.172
3.672
2.448
3.972
1.224
2.548
3.772
2.648
2.448
3.972
2.448
3.672
2.224
5.796
1.224
1.324
1.624
5.096
2.448
2.448
2.448
3.672
2.448
3.772
2.548
3.048
5.096
2.448
2.448
2.448
2.448
3.772
4.896
3.672
1.224
3.672
3.672
3.672
2.448
2.448
3.772
2.648
3.972
2.448
2.648
2.748
3.672
5.096
2.448
2.948
1.224
4.896
2.448
2.848
3.148
3.672
2.548
2.448
2.548
2.448
1.224
2.448
2.448
3.872
3.872
2.448
3.972
3.672
3.672
5.196
2.448
2.448
2.448
3.672
3.972
2.448
3.672
3.672
2.548
3.672
1.224
1.324
2.448
2.548
4.896
1.224
1.224
2.648
3.772
2.548
3.872
1.224
2.448
1.524
2.448
1.224
1.324
2.548
3.872
3.672
2.548
3.972
2.548
2.448
2.448
2.548
2.448
4.172
3.672
1.224
6.12
4.072
1.224
1.224
2.548
3.772
5.296
2.648
2.448
2.948
2.848
3.672
5.072
1.224
4.996
3.672
3.672
3.872
3.672
2.648
5.496
3.148
3.672
1.224
3.672
2.448
3.672
2.648
2.548
2.648
4.896
2.448
2.448
2.448
3.872
4.996
3.672
2.548
1.224
2.448
2.448
1.324
1.224
2.448
3.772
3.772
1.424
2.648
1.224
1.324
3.248
3.048
2.748
2.448
1.424
2.448
3.672
1.224
3.972
3.672
3.148
3.872
3.672
1.224
2.448
2.448
3.972
4.272
3.148
4.896
2.448
3.672
4.996
3.672
5.196
2.548
3.972
4.472
4.172
1.224
4.072
3.672
3.648
3.872
3.772
3.972
3.672
3.672
3.672
4.996
3.672
3.772
2.448
4.996
5.096
4.996
3.772
3.048
2.448
3.972
1.224
1.324
2.448
2.448
2.448
2.648
4.172
3.672
3.972
3.772
3.048
2.548
2.448
2.448
3.672
2.548
2.448
2.648
2.648
3.672
4.372
3.672
3.772
3.772
3.672
2.848
3.672
3.672
1.224
4.996
1.324
4.996
5.396
3.772
3.672
4.896
3.672
5.496
2.748
3.772
3.672
5.696
1.724
1.324
2.748
3.348
2.948
1.224
3.772
1.224
2.448
0.1
1.424
2.648
0
2.448
0
0.6
1.224
0.3
0
3.672
2.548
2.224
2.448
0.1
0
0.1
1.224
1.224
0.5
1.324
0
1.224
1.324
2.448
2.448
1.324
1.224
2.024
1.224
1.324
2.448
1.224
0
1.624
0
0
0
1.224
1.224
1.224
1.624
0.2
0
1.224
1.224
0
1.224
1.424
1.424
1.424
3.224
0
1.324
1.424
1.324
0.3
2.648
0.2
0
3.448
2.648
0
0
1.224
1.224
2.448
3.648
2.948
1.624
0
1.224
1.224
0
1.224
0
1.224
1.224
1.924
1.424
1.324
0.1
2.848
3.672
1.324
0.7
2.648
1.324
1.324
0
0
2.448
2.648
2.548
1.224
1.224
2.548
1.524
1.224
1.724
1.324
1.224
0
1.524
0.1
2.224
0
1.324
2.448
1.324
0
0
0
0
0.2
0.2
2.648
3.672
1.224
0
1.624
1.224
2.448
1.224
0
0.2
1.424
1.624
1.224
1.324
1.524
1.324
1.224
1.424
0.1
1.324
2.648
1.224
1.224
1.224
1.324
1.424
1.324
1.324
2.448
0.1
0
0
1.324
1.224
1.224
1.324
1.224
1.624
0.2
2.448
0
1.624
1.424
1.424
1.424
2.448
1.624
1.924
1.224
1.224
0.6
1.224
1.224
1.324
2.948
1.524
1.424
1.524
0.4
1.624
0
1.224
0.1
0
1.224
1.524
1.224
1.224
2.448
1.224
1.424
1.324
0.1
3.772
1.224
1.224
1.324
0.5
1.224
1.724
0
1.424
0.2
0
2.748
2.948
1.324
3.972
1.224
2.448
1.1
1.224
1.224
2.648
0
1.424
1.324
0
0.1
1.424
1.624
1.224
1.224
1.224
2.448
1.324
1.224
1.324
0
2.748
1.724
1.224
1.224
0.1
2.448
1.224
1.224
1.324
1.424
0
1.224
1.324
1.224
1.524
1.224
1.424
2.648
1.524
2.648
0.3
0
0.1
1.224
1
0.3
1.224
0.2
0.2
0.1
1.224
1.324
0.2
1.424
3.148
1.224
0.1
1.224
1.324
1.724
2.448
0.1
2.848
1.224
0.2
0.3
1.224
2.748
2.448
0.1
1.324
2.948
1.224
2.448
1.524
1.324
1.524
1.224
1.324
1.524
2.748
1.624
2.448
1.224
2.548
0.2
1.224
1.424
0
1.224
1.224
1.324
1.524
0.1
1.224
1.224
1.624
1.224
1.224
3.448
0.5
3.672
0.2
1.524
0.4
0
1.224
3.048
0
1.224
1.224
2.448
0.1
1.324
2.448
2.548
1.324
1.224
1.224
1.324
1.324
1.224
1.324
1.224
1.224
1.424
1.224
1.524
1.824
1.324
1.224
1.224
0.2
3.048
2.648
1.324
0.4
1.224
2.448
1.224
1.424
0.4
0
1.224
2.448
1.524
1.224
0.1
2.648
1.524
0.1
0.1
0.3
3.672
0
0
3.048
1.324
1.624
1.324
1.224
1.224
1.224
1.324
1.324
0.1
1.524
1.324
1.524
0
1.224
0
1.224
2.548
2.448
1.224
1.224
1.324
2.448
2.448
1.224
1.324
3.972
0
0
1.524
2.548
0
2.748
0.1
1.224
1.824
0
0
1.224
1.224
1.224
1.524
2.948
2.648
1.224
2.448
1.424
1.524
0
3.972
1.324
2.748
1.224
2.024
1.524
1.524
0
1.224
2.448
2.448
1.424
1.224
1.524
1.424
1.224
0
1.224
0
1.324
0.3
1.324
0
1.324
2.548
1.524
1.224
2.448
3.672
1.324
1.424
4.072
3.448
1.624
0.2
2.748
0.1
0
1.424
0.3
0.4
2.648
1.324
2.448
0
1.724
2.448
0
2.448
1.224
0.4
0
2.448
0.3
1.324
1.224
0.6
0.2
1.224
1.324
1.424
1.224
1.224
1.224
2.548
0
1.224
2.448
2.448
1.324
1.224
1.224
1.224
1.524
2.448
0.1
1.524
1.524
0
2.448
0
2.448
0
1.324
0.8
0.8
1.224
1.224
1.224
1.224
0
1.224
0
1.224
2.124
2.748
0.1
1.224
1.324
1.324
1.224
1.224
1.224
1.524
0.4
0.3
0
0
1.224
1.224
1
1.324
0
1.724
0.8
1.224
1.224
1.424
1.424
1.224
1.224
2.448
0
1.224
1.224
0.1
1.424
3.448
1.224
1.224
1.224
0
2.448
1.224
1.324
1.424
2.448
1.224
0
2.448
2.448
1.324
1.224
1.224
1.324
2.848
0
1.224
1.424
0.1
1.224
1.224
1.424
1.724
1.224
1.624
2.124
1.324
2.848
0
2.448
1.224
1.724
0
1.224
1.224
2.448
0
1.224
0.1
0.1
0
1.524
2.448
1.324
1.724
1.424
2.748
1.324
1.224
0
1.324
0
1.824
4.172
1.424
1.424
1.224
0
1.224
1.524
1.324
1.324
1.224
1.224
1.324
1.924
2.648
1.624
3.148
1.424
3.872
1.424
2.448
2.648
0
3.872
1.224
0
1.224
1.224
2.448
2.448
1.224
1.324
0.2
0
1.324
1.224
0
1.224
1.224
2.448
1.224
2.524
0.1
0.1
0.1
0.5
1.424
2.448
0
0
4.572
1.224
0.1
2.648
1.424
2.648
1.324
0.2
1.324
0.1
0.2
3.772
1.624
0.5
1.324
0
1.724
2.648
1.224
1.224
0
1.424
2.948
1.524
0
1.324
0.1
0
1.224
2.448
1.324
1.324
1.624
1.624
2.448
2.448
2
2.548
2.448
1.224
1.224
0.6
1.724
1
1.224
3.048
1.224
0
1.624
1.224
0.2
1.524
0
1.524
0.1
2.548
1.624
3.648
2.448
1.324
1.224
0
2.548
1.224
2.648
1.224
1.224
1.224
2.648
1.224
1.424
1.224
1.224
2.748
2.024
1.324
0
1.224
0.1
1.324
1.224
1.324
4.372
2.648
1.224
1.524
1.224
2.448
2.448
1.424
2.748
2.448
1.224
2.748
1.924
1.224
1.224
1.224
2.548
1.724
1.324
1.224
2.548
1.524
1.224
1.324
1.224
1.324
0
1.224
1.424
1.924
1.324
1.324
2.648
1.524
1.524
1.824
0
1.724
0
2.548
2.448
3.972
2.448
2.448
0
2.448
0.1
2.748
0
1.224
1.424
1.224
1.924
1.324
2.448
1.424
1.424
0
1.8
0.3
3.672
1.224
0
0
2.648
1.224
0
1.924
2.448
1.424
0
1.224
3.672
0
1.224
3.948
2.548
1.224
1.224
1.724
1.724
2.124
2.024
1.224
2.124
3.972
2.548
1.324
1.324
1.324
0
0.3
1.224
1.324
1.224
1.224
1.324
1.224
1.224
1.324
3.772
0.3
1.224
2.648
2.548
1.724
1.224
1.424
2.548
0
2.448
1.424
1.224
2.848
2.548
3.672
1.324
1.224
1.324
1.224
0
2.948
3.772
3.872
3.048
1.224
0
2.448
0.2
4.996
4.896
2.748
3.672
2.448
3.872
4.996
2.648
4.896
2.448
3.872
0.1
2.448
1.224
1.324
1.224
0
0.4
2.824
1.324
1.224
3.972
1.524
3.972
