0.3
1.324
3.048
4.584
3.772
0.1
1.224
1.224
0.2
1.224
1.324
1.224
1.524
2.224
1.524
1.324
1.224
1.224
1.224
1.324
1.324
1.524
0
1.224
3.16
1.224
1.524
1.624
3.672
1.224
1.224
2.448
0.9
0
1.324
0.2
0.2
0.1
0.1
0.3
0
2.224
0
0
0.1
1.224
0.2
1.224
0
1.324
1.424
0
1.324
1.224
0.1
0
1.224
1.224
0.1
1.824
1.824
1.224
0
1.624
0
0
1.324
1.224
1.324
1.924
0.2
2.648
1.324
0
2.124
1.424
1.224
1.724
1.224
0
1.524
1.224
1.224
1.224
0.1
1.224
1.324
0
0
2.948
0.1
0
1.324
1.224
1.224
1.324
1.324
1.224
1.324
1.224
0
1.424
1.524
0.1
1.836
0
0.1
0.3
1.324
0.2
1.424
1.224
0.1
2.448
0
0.2
0
1.224
0
0
3.324
0
1.224
1.724
1.324
0.1
0.2
1.224
0
2.948
0.2
0
1.324
0
1.524
0
1.224
2.548
1.724
0.4
1.324
2.548
1.224
1.324
1.224
1.224
1.324
1.324
0.3
1.224
1.324
0.1
0.2
0
0.3
0.2
1.424
0
0.2
0
0.1
1.224
0.1
1.224
0.2
1.224
0
1.224
0
3.024
1.324
1.724
2.448
0.1
2.448
1.524
1.224
1.224
1.324
0.1
0.2
2.648
1.224
2.548
0.4
2.648
1.724
2.448
1.324
2.448
1.324
1.324
0
2.648
2.648
1.224
1.224
0.1
1.224
0.8
1.224
0
0
1.524
1.1
1.324
0
1.624
1.324
0.1
1.224
0.1
1.924
1.224
0.1
2.424
0.1
3.348
0
1.324
1.224
1.224
3.148
2.548
2.448
2.548
2.448
2.448
2.648
3.672
4.072
3.672
2.448
1.936
3.16
0.3
3.748
1.324
0
1.424
1.836
2.224
3.86
1.224
1.224
0
2.448
1.224
1.224
3.86
0
1.224
1.224
1.224
0
1.224
1.224
1.424
2.748
1.624
3.26
1.224
1.224
0.1
1.224
1.224
1.924
1.224
0
1.224
0
0
0
1.424
1.724
0.2
1.224
1.224
2.448
1.224
2.448
2.548
3.972
3.672
4.272
0
1.224
1.324
2.548
1.324
1.324
2.448
1.224
1.724
1.224
0
0
0.1
1.524
0.1
1.424
1.324
0.3
1.524
1.324
1.224
1.724
1.224
1.224
1.224
3.16
1.224
2.448
1.224
1.224
1.224
0
1.224
1.224
1.324
0
1.324
0.1
0.3
1.224
0.1
1.224
0
1.224
1.224
2.024
2.548
0
4.384
4.484
1.224
0
1.224
0.3
1.224
1.224
1.324
2.124
1.224
0.4
3.26
1.324
3.46
0.3
1.324
1.224
1.224
1.924
2.324
1.224
1.936
0
1.224
1.224
2.548
1.224
1.324
1.224
1.224
2.448
1.524
1.836
1.224
3.16
1.224
1.224
1.224
2.036
4.284
1.324
1.324
1.824
1.324
1.224
1.324
2.648
3.448
1.224
1.224
2.448
1.224
2.548
2.948
1.224
3.06
2.548
3.872
5.484
2.448
4.284
1.224
0
1.324
1.224
2.448
2.448
4.584
1.224
4.172
3.872
2.548
3.972
3.772
4.584
2.448
3.348
2.648
2.648
1.224
2.648
2.748
1.324
2.448
2.748
2.448
2.548
4.072
2.448
2.548
1.224
4.584
2.548
3.772
4.884
4.884
5.708
2.548
4.484
3.06
4.684
2.848
1.224
2.748
3.148
2.448
5.508
2.848
3.672
1.224
2.548
4.284
2.448
3.672
4.484
2.648
2.848
1.424
2.448
4.072
2.448
1.224
2.748
2.548
3.26
7.308
2.448
3.772
2.548
3.86
5.508
2.648
1.524
3.948
1.424
2.448
2.748
2.124
1.224
3.16
4.172
2.748
2.548
2.448
1.724
1.724
3.772
2.448
1.224
1.224
2.548
1.224
3.772
4.684
2.648
3.672
1.224
2.448
4.684
5.608
1.224
1.224
2.448
2.548
2.848
2.548
2.648
3.972
3.56
1.224
4.284
3.672
4.384
3.96
2.448
2.548
1.224
3.772
2.648
2.448
2.548
5.508
2.448
2.448
5.608
2.548
3.148
2.648
2.448
4.284
2.448
3.148
6.108
3.672
1.324
1.324
2.548
2.548
2.748
2.448
1.224
3.672
1.324
1.324
2.548
1.424
2.948
3.672
3.872
1.324
4.784
2.648
4.584
4.972
3.772
1.224
1.224
2.448
4.384
2.548
1.224
3.06
2.548
2.648
2.748
1.224
3.972
1.324
2.448
2.448
2.548
2.448
2.548
4.484
2.548
3.872
3.672
2.548
3.672
4.284
2.548
1.324
1.224
2.448
2.648
1.724
2.848
1.224
3.772
2.448
1.424
2.648
2.448
1.224
2.448
4.484
3.972
3.772
2.448
3.96
1.224
2.448
2.448
2.448
1.224
2.448
2.448
2.548
3.972
2.448
2.448
2.548
3.448
2.748
2.548
2.448
1.224
2.448
5.084
3.772
2.448
4.26
1.324
3.06
1.924
3.872
2.448
2.448
3.06
1.224
5.708
2.448
4.584
4.484
2.648
3.06
4.384
5.608
3.16
4.284
3.772
1.324
4.384
1.324
3.06
4.284
2.748
4.384
2.448
2.448
4.584
1.224
1.324
3.66
2.448
5.908
2.448
1.224
1.224
3.66
2.448
2.448
3.972
4.584
2.448
2.548
3.348
3.26
2.948
4.284
2.448
3.672
1.224
3.46
3.972
1.224
2.448
2.448
2.448
2.548
12.232
1.224
4.896
3.972
5.908
2.448
3.26
4.284
1.824
1.224
4.284
2.448
2.448
4.996
4.384
2.648
2.948
3.16
1.224
2.548
2.448
3.36
3.672
1.424
3.672
2.448
2.448
4.384
2.548
2.448
3.672
1.524
1.324
2.648
4.684
1.224
5.508
2.448
2.648
2.648
2.448
1.224
2.648
2.548
3.872
2.448
2.448
2.548
4.384
2.548
1.224
3.06
1.224
1.224
5.508
1.224
3.348
2.548
3.26
4.284
2.448
4.484
3.672
4.284
4.484
2.448
2.648
4.584
2.848
2.748
2.448
2.648
3.672
5.508
4.484
2.448
1.324
4.584
2.848
3.672
2.448
2.448
3.672
3.848
2.848
2.648
1.324
3.772
3.672
3.672
1.224
2.548
2.548
2.448
2.748
2.448
2.948
2.548
1.224
3.672
1.224
1.224
2.448
3.672
2.448
1.224
5.608
5.708
2.648
1.224
2.448
4.284
2.448
2.748
2.448
2.948
1.624
2.648
4.584
2.448
2.648
3.16
2.448
2.448
1.524
2.848
4.672
1.224
5.508
2.448
2.448
1.224
2.548
2.448
5.808
2.548
1.224
2.448
4.284
5.508
2.648
2.448
1.224
2.448
2.448
2.748
2.548
3.972
5.608
3.36
3.672
2.548
1.224
1.224
1.224
4.172
2.448
2.448
5.908
4.384
2.648
4.284
2.448
1.224
2.548
1.224
3.06
2.448
2.448
2.548
2.848
3.672
3.672
1.224
1.224
3.772
3.772
2.448
2.848
2.448
3.06
2.448
4.472
2.448
1.524
2.448
2.548
2.648
2.548
2.448
2.948
1.424
1.224
4.172
2.648
2.548
3.672
2.448
3.772
4.284
2.448
5.084
4.884
3.06
1.224
4.284
2.448
4.484
2.548
1.324
2.448
4.284
1.224
1.524
2.448
4.284
2.548
3.672
1.324
3.26
2.448
2.548
2.448
2.448
3.772
1.224
1.224
3.26
2.448
2.448
2.448
3.348
6.008
2.548
2.448
2.548
3.06
2.448
2.448
2.548
4.896
1.324
4.848
2.448
2.748
2.748
2.448
6.508
6.908
2.548
3.672
4.384
3.672
2.648
3.672
3.248
2.648
6.596
4.272
2.948
2.548
5.808
3.672
4.172
3.772
3.872
3.672
2.548
2.548
2.448
4.584
2.548
3.972
2.448
4.684
4.284
4.384
2.648
2.948
2.548
4.072
2.548
1.324
1.224
4.284
2.548
3.56
5.172
6.008
4.672
2.448
3.772
2.448
2.448
4.384
2.448
4.384
3.672
3.772
3.872
2.448
2.448
2.548
2.548
3.872
3.772
2.848
2.748
4.284
2.448
3.772
2.548
2.548
2.948
3.048
2.548
2.748
2.548
3.148
3.872
3.06
3.16
3.972
2.236
0
1.224
2.124
1.324
1.836
2.448
1.224
1.224
1.324
2.948
3.26
1.224
2.448
1.836
2.024
0
1.724
0
1.224
4.284
2.948
1.224
0.3
0.1
0.2
1.224
0.1
1.624
1.224
1.224
0
1.224
0
0
1.224
0
3.948
1.324
0.3
1.224
0
1.224
1.524
1.224
2.448
1.224
1.224
1.224
1.224
1.324
1.724
2.236
1.224
1.224
1.324
0
1.224
1.524
1.724
3.124
0
1.224
0.1
1.424
1.824
0.4
1.324
0.1
1.624
1.224
1.224
3.06
0
2.448
1.224
1.424
1.424
0.3
0.2
0.1
1.324
1.424
0.1
1.424
0
1.424
0.2
1.324
1.324
1.324
2.648
2.548
1.224
1.424
1.224
2.448
2.448
1.224
1.224
2.648
1.424
1.224
2.448
1.224
1.224
1.324
0
1.524
2.648
1.224
1.224
1.524
3.06
1.424
1.324
1.224
2.448
0.2
1.224
1.224
1.524
0.1
0
1.424
1.624
1.224
2.548
1.224
3.048
1.224
1.224
1.224
1.224
1.224
2.548
0.2
1.224
1.224
1.524
1.324
1.324
2.648
1.424
1.324
1.224
0
1.224
0
0
2.648
2.548
1.424
1.324
0.1
1.224
0.1
2.748
1.224
1.224
1.324
1.224
0
1.224
1.224
1.224
0.2
1.324
1.224
1.324
1.224
1.524
1.824
0.2
1.224
0.6
0
0
1.224
1.324
2.648
1.224
2.448
1.624
1.324
1.324
1.324
1.424
1.836
0.3
1.524
1.224
1.224
2.448
1.224
1.324
1.324
1.224
1.224
2.448
1.224
1.224
1.724
1.224
0.4
1.224
1.324
1.424
1.324
1.324
1.424
2.648
1.324
1.324
1.224
2.624
1.324
0.1
1.324
1.224
1.324
1.224
1.224
1.424
0.3
0.3
1.324
0
1.224
1.424
1.224
1.524
1.624
0
2.648
0.4
1.224
1.224
0
1.224
1.224
0
0
1.224
1.424
1.224
2.448
2.548
2.448
1.224
0.3
2.548
1.424
1.224
1.324
1.224
1.324
1.224
1.724
1.424
1.224
1.324
1.324
1.224
2.448
1.224
1.324
1.424
1.424
0
1.324
0
1.224
1.324
1.224
1.224
1.324
0
0.8
1.624
1.224
1.324
1.224
1.424
1.324
1.324
1.224
1.224
2.448
0.2
1.224
2.448
1.324
1.524
2.648
1.524
1.324
1.224
2.448
1.224
1.224
1.324
1.224
1.224
1.224
1.224
0.4
1.324
0.1
0.1
0.2
0
0.1
2.748
1.524
2.548
1.424
1.324
1.324
1.224
1.224
1.624
1.524
1.224
1.224
1.224
1.324
2.448
1.224
2.648
0.2
2.448
1.224
1.324
0
1.224
0.1
2.448
1.224
1.224
2.548
1.224
0.3
2.548
0
0
1.224
1.524
1.324
1.324
1.524
1.224
1.224
1.424
0.1
1.424
1.224
0
1.224
1.424
1.224
1.524
1.324
0.1
1.224
1.224
1.224
1.224
0
1.224
2.648
1.224
1.324
1.224
0.1
1.224
1.224
1.324
1.624
0.1
0.3
1.424
0
1.224
2.448
1.224
1.224
0
2.448
0.1
1.224
1.224
2.448
1.224
1.224
1.224
1.324
1.224
1.324
2.648
1.324
1.324
1.224
1.624
0
0.3
1.224
1.936
1.224
1.224
1.224
1.424
1.524
1.524
1.224
1.224
1.836
0.3
0
1.524
1.224
2.648
1.224
0.7
1.224
0.4
1.324
0.1
2.648
2.448
1.324
0
1.224
1.424
0
0.1
1.224
1.224
0
1.324
1.324
0
1.324
1.224
0.2
0
1.224
1.324
1.224
1.324
1.324
3.248
1.524
1.624
2.648
0.1
1.324
2.848
0.1
0
1.224
1.324
2.448
1.224
1.624
1.324
1.224
1.224
0
2.124
0
1.224
0.1
0
2.548
1.624
1.524
2.548
1.324
1.524
0.2
1.224
1.224
2.548
1.324
2.448
1.624
1.424
1.324
1.324
1.224
1.224
1.524
1.224
0.1
1.224
1.224
1.324
1.224
1.224
1.224
1.224
0
0.3
0.2
1.224
0
1.224
1.224
0
1.224
1.224
2.448
0.8
1.424
1.424
0.1
1.324
0
0
1.324
0
2.648
1.224
1.224
1.224
0
1.224
1.224
1.924
0
1.224
1.524
1.724
2.548
1.224
0.1
1.324
0
1.224
1.224
1.836
1.224
1.224
0
2.448
3.248
1.224
0
1.224
1.224
1.224
0.2
1.424
2.548
2.548
1.224
1.224
2.448
1.524
2.648
1.324
0
2.448
1.224
0.1
0
1.224
1.224
1.224
1.224
1.324
0.2
1.224
1.524
1.724
1.324
1.324
1.324
1.224
1.224
0
1.224
2.448
1.324
1.224
1.224
1.224
1.224
1.224
1.324
2.548
2.448
0
0.2
1.424
2.448
0
1.224
1.224
0
0.1
2.448
2.548
2.648
2.548
1.224
0
0
0.4
0
1.324
0
1.224
0
0
1.224
2.948
1.924
1.224
1.224
2.448
2.448
1.224
0
1.224
1.224
1.224
0.2
0
1.224
2.448
0
1.324
1.324
2.448
1.224
2.448
1.324
1.224
0
1.524
1.324
1.824
1.224
1.424
1.324
1.224
2.124
2.448
1.224
1.324
1.824
1.224
1.836
1.224
1.524
1.424
0.1
0.3
0.1
0
1.424
1.324
0.3
1.524
1.224
0
0.5
1.224
0.1
1.324
1.224
1.224
2.748
1.324
1.324
1.424
1.224
1.224
1.224
1.224
0
1.224
0
1.424
1.224
1.224
2.624
1.324
1.424
0
1.224
1.424
0.8
1.724
0
1.524
1.224
0
2.548
1.224
1.624
0.4
0.2
3.26
0
1.324
1.524
3.948
1.224
1.424
1.224
1.224
1.324
0.1
1.324
1.224
0
1.224
1.724
1.324
1.324
0
1.324
2.748
1.524
1.324
1.224
1.224
1.224
2.548
0
0.1
1.324
1.324
0
0.2
0
1.224
2.448
2.548
2.748
1.224
2.448
1.524
0.3
0
0
2.448
1.324
1.824
1.224
0
1.524
1.724
0
0
1.324
1.224
1.224
1.324
0
1.524
2.748
2.448
1.424
2.548
1.624
1.224
0
1.524
0
2.648
1.424
1.324
4.284
2.448
1.224
1.224
1.224
1.424
2.448
1.324
0
1.424
1.724
0.1
1.224
1.424
0.4
1.224
1.8
1.324
1.324
0
1.224
1.224
4.384
0.1
0
1.724
3.06
1.424
1.224
1.224
3.06
1.224
0
4.248
1.224
2.448
1.836
3.348
3.56
2.124
1.924
1.224
0.9
1.824
2.648
0
1.224
3.06
3.06
3.36
1.224
1.224
0.1
1.224
0
2.548
1.836
0
1.224
0.2
1.424
1.324
3.048
3.36
0
0
1.424
1.224
0
0
0
3.048
1.224
1.324
0.1
1.224
2.448
1.224
0
5.484
1.224
1.424
1.424
0
1.224
2.448
1.936
2.448
3.872
2.648
4.284
1.224
1.324
2.548
3.672
3.672
3.772
3.872
1.324
2.448
5.508
2.448
0
1.224
0.2
1.9
0
0
1.624
2.224
1.224
