0
1.924
4.348
2.648
2.548
0.2
1.324
1.224
0
1.224
1.424
1.224
0.1
1.924
1.724
1.224
0
1.224
1.224
1.524
1.224
1.224
0.1
1.224
1.224
1.324
1.224
1.524
3.772
1.224
1.324
2.448
1
0
0
0.3
0
0
0.1
0.2
0
2.224
0
0.1
0
1.324
0
0.1
0.2
1.324
1.224
0
1.424
0.1
0
0
0
0
0
1.424
0.3
0.2
0
1.424
0.1
0
0
0
1.324
0.5
0.3
1.324
0.2
0.1
2.124
1.424
0
1.524
0
0
1.524
0
1.224
0
0
0
0
0
0
1.624
0
0
0.1
0
0
1.324
1.224
0
1.324
1.224
0
0
0.1
0
0
0
0
0.4
0
0
0.1
0
0
1.224
0.1
0.1
0
0
0
0
1.5
0
1.224
0.3
0.1
0
0
1.224
0.1
1.624
0.1
0.1
0.4
0.1
1.324
0.2
1.224
1.224
1.424
0.1
1.224
1.224
0
1.324
0
0
1.324
0.1
0
0
1.224
0
0
0
0.3
0
0.1
0
0.3
0.1
0
0
0
0
0
0
0
0
0
2.624
0
0.2
1.224
0
1.324
1.724
0.1
0
1.324
0.3
0.1
1.324
1.224
1.324
0.2
1.324
1.524
1.224
0
1.224
1.624
1.324
0
1.624
1.224
1.424
1.224
0
1.224
0.2
0.1
0
0
0.1
0.6
0
0
1.324
1.324
0
1.224
0
1.924
0
0
1.3
0.1
1.924
0
0
0
1.324
2.948
2.448
2.548
2.648
2.448
2.448
2.748
2.448
3.872
3.672
1.224
0
1.324
0
2.224
1.224
0
1.224
0
1.524
1.224
1.224
0
0.2
1.424
0
1.224
1.824
0
0
0
0
0
1.224
0
0.2
2.448
1.524
1.224
0
1.224
0.2
1.224
0
1.624
1.324
0.1
1.224
0
0
0
1.224
0.5
0
1.224
0
1.324
0
1.224
1.224
2.848
3.672
2.648
0
1.224
1.224
1.224
1.224
1.224
2.448
0
0.4
1.224
0
0
0
0
0
1.324
0
0
1.524
1.424
0
0
0.1
1.324
0.1
0
0
1.324
1.224
1.224
1.424
0
1.224
1.224
1.224
0
1.224
0.2
0
0
0
0
0
1.224
0
1.924
1.324
0
2.948
2.448
0
0
1.324
0.4
1.224
0
1.324
1.3
0.2
0
1.324
1.224
1.424
0.3
0.1
1.224
0
0.7
0.8
1.224
0
0
0.1
1.324
1.724
1.224
1.324
1.224
1.224
1.224
1.324
0
1.224
1.224
1.224
1.224
1.224
0.1
2.448
1.224
0
0.2
1.224
1.224
1.524
2.448
2.948
1.224
0
2.448
1.524
2.448
2.448
1.324
1.324
2.648
3.772
3.748
1.224
2.748
1.324
0
1.224
1.224
2.548
2.448
2.448
1.224
2.648
2.448
2.448
2.448
2.448
2.748
2.448
3.548
2.548
1.524
1.224
2.548
1.224
1.224
2.448
1.224
1.224
2.448
3.672
2.648
3.548
1.224
2.548
2.548
2.548
2.748
2.648
2.548
1.224
2.548
1.324
2.648
2.948
1.224
1.424
2.448
2.548
3.772
2.448
2.548
1.224
2.648
2.448
1.224
2.448
2.548
2.448
2.548
1.224
2.448
2.548
1.224
1.224
2.548
1.224
1.224
4.072
2.648
2.448
2.448
1.524
3.772
1.224
1.424
3.048
1.524
2.548
3.048
1.324
1.224
1.324
4.372
2.548
2.948
1.224
1.224
1.424
2.448
2.448
1.224
1.224
2.748
1.224
2.448
2.648
2.648
2.548
1.224
1.224
2.448
2.648
1.224
1.224
2.448
2.448
2.848
2.448
2.448
2.548
1.324
1.224
2.448
2.448
2.448
1.324
2.448
1.224
1.224
2.548
2.648
2.448
2.448
2.648
2.448
2.448
3.672
1.224
1.824
2.448
1.224
2.448
2.448
2.648
2.748
2.448
1.224
1.224
2.548
2.748
2.748
2.448
1.324
2.448
1.224
1.324
2.448
1.224
2.848
2.548
2.648
1.224
2.448
2.548
2.748
3.772
2.448
1.324
1.224
2.748
2.448
2.548
1.224
1.224
2.448
2.548
2.548
1.224
2.648
1.324
1.224
1.224
1.424
2.448
1.324
2.448
2.448
3.772
3.672
2.448
2.448
2.448
2.448
1.224
1.224
2.448
2.448
1.524
2.548
1.224
2.448
2.448
1.224
2.548
2.448
1.224
2.448
2.448
3.972
3.772
1.224
2.024
1.224
1.224
2.448
2.448
1.324
2.448
1.224
2.448
2.448
2.448
2.448
2.648
2.448
2.648
2.448
2.448
1.224
1.324
3.048
2.448
2.548
1.824
1.224
1.224
1.824
4.072
2.448
2.548
1.324
1.424
2.448
2.448
2.548
2.448
2.648
1.224
2.548
2.448
1.324
2.548
2.448
1.524
2.448
1.324
1.324
2.448
2.548
2.548
2.448
1.224
2.448
1.224
1.224
1.224
2.448
3.872
1.224
1.224
1.324
1.424
2.448
2.448
4.072
2.448
2.448
2.648
2.748
1.224
2.448
2.548
1.324
2.448
1.224
1.324
2.548
1.224
2.448
2.448
2.448
2.448
3.972
1.224
3.672
7.372
3.872
2.648
1.224
2.548
1.524
1.224
2.448
2.448
2.448
3.772
2.448
2.648
2.548
1.224
1.224
1.224
2.448
1.424
2.448
1.224
2.448
2.448
2.448
2.448
2.448
1.324
2.448
1.224
1.224
2.648
2.648
1.224
3.672
1.224
2.548
2.648
1.224
1.224
2.548
2.748
3.772
2.448
2.448
2.448
2.548
1.224
1.324
1.224
1.224
1.224
3.672
1.224
3.448
2.448
1.224
2.448
2.448
2.448
2.448
2.448
2.548
2.548
2.548
1.524
2.548
1.224
2.448
2.548
3.672
2.448
2.448
1.224
1.224
2.448
1.224
2.448
2.448
2.548
2.448
3.748
3.048
2.648
1.324
2.648
2.448
2.448
1.224
2.448
2.448
2.448
2.648
1.224
2.548
2.448
1.224
2.448
1.224
1.224
2.448
3.672
2.648
1.224
3.672
3.672
2.448
1.324
1.224
2.448
2.448
2.648
1.224
2.948
1.324
2.848
2.548
2.448
1.224
1.224
2.448
1.224
1.624
1.724
3.672
1.224
3.672
2.448
2.448
1.224
1.424
1.224
3.672
2.548
1.224
2.548
2.548
3.672
2.548
2.448
1.224
2.448
2.448
2.448
2.548
2.448
3.672
1.324
2.448
2.548
1.224
1.224
1.224
3.672
1.224
1.224
2.448
2.448
2.448
2.448
2.648
1.224
2.448
1.224
1.224
1.224
2.548
2.548
2.648
2.448
2.448
1.224
1.224
2.548
2.448
1.224
2.648
2.448
1.224
2.448
2.648
1.324
1.324
2.448
2.448
2.648
2.448
2.448
2.648
1.224
1.224
2.748
1.324
2.448
2.448
2.648
2.548
2.448
2.448
2.748
1.824
1.224
1.324
2.448
2.448
2.448
2.448
1.224
2.448
2.448
1.224
1.424
2.448
2.448
2.548
3.672
1.324
1.224
2.448
1.324
2.448
1.324
2.448
1.224
1.224
1.224
1.224
1.224
1.224
2.848
2.748
2.448
1.224
2.648
1.224
2.448
1.224
2.548
3.672
1.424
2.448
2.448
2.648
1.224
2.548
4.172
3.972
2.448
2.448
2.448
2.448
2.448
2.448
2.748
1.224
3.972
2.448
2.748
1.224
3.772
2.448
2.748
2.448
3.872
3.772
2.448
2.448
2.448
2.548
2.448
2.448
2.448
2.548
2.648
2.448
2.548
1.724
1.224
2.648
1.224
1.324
1.224
2.648
2.448
1.224
2.848
3.772
3.672
2.448
2.748
2.448
1.224
2.448
2.448
2.548
2.448
2.448
2.648
2.548
3.048
2.448
2.448
2.448
2.448
1.424
2.448
2.448
1.224
2.548
1.224
2.548
2.648
2.648
2.448
2.448
2.448
2.748
2.548
1.224
1.224
2.848
0.1
0
1.324
1.624
1.324
0.2
2.548
1.224
1.224
0
1.424
1.224
0
1.224
0
1.724
0
0.2
0.1
1.324
2.448
1.224
1.224
0.1
0.1
0.1
1.224
0
0.2
1.224
0
0
1.224
0
0.1
1.224
0
2.124
1.224
0.1
1.224
0
0
1.224
0
1.224
1.224
1.224
1.224
1.424
1.324
0.2
0.3
1.224
1.324
1.624
0
1.224
1.224
1.324
2.324
0.1
1.224
0.1
1.224
1.924
0.3
1.224
0
1.424
1.224
0
1.324
0
1.224
1.224
1.424
1.224
0.2
0
0
1.224
0
0
0.1
0.1
1.324
0.1
1.224
1.324
1.324
1.224
2.448
1.224
0
1.324
1.324
1.224
1.524
0
1.324
1.324
1.324
1.324
1.224
1.324
1.424
0
1.524
2.748
1.224
0
1.524
1.224
1.324
0.1
1.224
1.224
0
0
0
0
0
0
0.2
1.524
1.224
1.224
1.224
1.624
1.224
1.224
1.324
0.1
0
1.224
0
1.424
1.224
1.224
1.424
1.324
1.224
0.1
1.224
1.424
0
1.224
0
0.2
1.324
1.424
1.424
1.424
0
0
0
1.224
0
1.324
0
1.224
0.2
0
1.224
0.1
0
1.424
1.224
1.324
1.324
1.324
1.424
0.2
1.224
0.7
0
0
1.424
1.424
1.324
0.1
1.224
2.024
0.1
1.224
1.224
1.524
0
0.2
1.324
1.224
1.224
2.448
1.224
1.224
1.524
0.1
1.224
1.224
0
1.324
2.124
1.224
0
1.224
1.324
0
0.1
1.324
1.224
1.624
1.324
1.424
1.224
1
1.224
0
1.224
0
1.224
1.224
0
0.1
0
0.2
0
0
1.224
1.424
1.224
1.224
1.824
0
1.324
0.1
1.224
1.224
0
1.424
1.224
0
0
1.324
1.424
1.224
1.224
1.324
1.424
1.524
0
1.424
0
1.324
1.524
1.224
1.324
1.224
0.7
2.424
1.424
0.1
0.4
1.224
1.324
1.224
0
1.524
1.324
0
0
0
0
0
1.224
0
1.324
0
0.3
0.4
0
1.324
1.224
0.1
1.324
1.324
1.324
1.224
1.324
0
1.324
1.224
1.224
1.324
1.224
1.424
1.224
1.324
1.224
0.2
1.224
1.524
1.224
1.224
1.224
1.224
0.3
0.1
0
0
0.2
0
0
3.448
2.224
2.448
0.1
1.224
0.5
0
1.224
1.424
1.324
1.224
0.1
1.224
0
1.324
1.224
1.224
0
1.324
0
1.324
0
1.224
0
1.224
1.224
1.224
1.224
1.424
0.3
1.324
0
0
0
1.424
1.224
1.224
0.4
1.224
1.324
0.1
0.1
0
1.224
0
1.324
1.324
1.224
1.724
1.524
0
0
1.224
1.624
1.224
0
0
1.324
1.224
1.424
1.224
0
0
1.224
1.224
1.224
0.2
0
1.324
0
0.1
1.224
0
1.224
0.3
2.448
0.1
1.224
1.224
1.224
1.224
1.224
0.1
1.424
1.324
0.1
1.324
1.424
0
1.224
0.1
0
0.1
0
0.1
0
1.324
1.324
1.324
1.224
1.524
0
1.324
0.1
0.3
0
1.224
1.424
1.324
1.224
0.4
1.324
0.1
1.224
0
1.224
1.224
1.824
0
1.224
1.224
0
0
1.224
0
0
1.224
0.1
0
1.224
1.324
0
0
1.224
1.224
1.324
1.324
1.624
4.048
1.524
0.2
2.948
0
0
1.324
0
0
1.324
1.324
1.224
1.224
1.724
1.224
1.424
1.224
0
0.2
0
1.224
0.5
0
1.324
0.8
0.3
1.224
0.2
1.224
0.1
1.224
1.224
1.624
0
1.224
1.324
1.324
1.324
0
1.224
0
1.424
1.324
0
1.224
0
0
1.224
0.1
1.224
0
0
0
0.4
1.324
0
1.424
1.224
0
1.424
0
1.224
0.3
1.224
0
0
1.424
0
0
1.224
0
1.424
0
0
1.224
0
1.224
1.224
0.4
0.1
0
1.324
1.624
1.224
0
0
1.424
0
1.224
1.224
0.2
1.224
1.224
0
1.324
3.648
1.224
0
1.224
0
1.224
0
1.324
1.224
1.224
1.224
0
2.448
1.524
1.224
1.224
0
1.224
1.224
0
0
0
0
0
1.224
1.224
0
1.224
0.2
1.824
1.324
1.524
1.324
1.224
1.224
0
1.224
1.324
1.224
1.224
1.224
1.224
1.324
0
0.3
1.424
2.448
0
0.1
1.324
1.224
0
1.224
1.224
0
0
1.424
1.424
1.324
1.224
1.224
0
0
0
0.1
1.424
0
1.224
0.1
0.1
1.324
1.624
1.424
1.224
1.524
1.424
1.224
1.224
0
1.324
1.224
1.224
0
0
1.224
1.224
0
1.224
0.1
1.224
1.224
1.224
0
1.224
0
1.324
0
0.6
0
0.1
1.224
0
1.624
1.324
0
0
1.624
1.224
0
1.324
1.324
1.324
0
0.1
0
0
1.324
1.524
0.1
1.724
1.624
0.2
0.2
1.224
0
1.224
1.224
1.224
2.648
1.324
0
1.224
1.224
1.224
1.324
1.224
0
1.224
0.3
1.424
1.224
1.224
2.524
1.324
1.224
0
1.224
0.2
0.5
2.024
0
1.224
1.224
0
3.148
0
0
0.1
0
1.324
0.1
1.224
1.324
2.024
1.224
1.224
1.224
0
1.324
0
1.324
1.224
0
1.224
1.324
1.224
1.324
0
1.424
1.524
1.324
1.224
0
1.224
0.1
1.424
0
0
1.624
1.524
0
0
0
1.224
1.224
1.224
1.524
1.224
1.324
1.424
0.4
0
0.1
1.224
1.424
1.224
0
0
1.224
1.424
0
0
1.224
0
0
1.324
0
1.224
1.324
1.324
1.224
1.224
1.424
1.424
0
1.224
0
1.424
1.324
1.424
2.548
2.448
0
1.324
1.324
1.524
1.224
0
0
1.424
1.824
0
1.224
1.424
0.1
0
0.8
1.324
1.224
0
0
0
2.448
0.1
0.3
1.224
1.324
1.224
0
1.324
1.324
1.324
0
3.948
1.224
1.224
0
3.048
1.424
0.9
1.524
0
0.8
1.324
2.448
0
1.224
1.224
1.224
1.324
0
0
0
1.224
0
1.224
0
0
1.224
0.1
1.324
1.224
1.324
1.624
0
0
1.224
0
0
0
0
1.524
1.224
1.324
0
0
2.448
1.224
0
2.648
1.224
1.224
1.224
0
0
1.224
0
2.548
2.448
2.648
2.548
1.224
1.724
2.548
2.548
2.448
2.448
2.448
0
2.448
2.448
1.324
0
0
0
0.9
0.1
0
1.524
1.724
1.324
