1.624
1.524
3.448
4.684
2.848
0.1
1.524
1.224
1.224
1.224
2.748
1.324
0.2
2.124
1.724
1.324
0
1.224
1.324
1.224
1.224
1.424
0
1.224
4.584
1.324
1.524
1.424
3.772
1.324
1.224
2.548
2.324
1.324
0.1
1.224
1.224
1.224
0
1.424
1.224
2.124
0
0
0
1.224
0.2
0.2
1.324
2.648
1.224
0.1
2.648
0.1
0
0
1.324
0.1
1.324
2.024
0.6
0
0
1.724
0.1
1.224
0
0.1
1.424
0.4
1.324
2.748
1.424
1.224
1.924
3.148
0
1.624
0
1.224
1.924
0
1.324
0
0
0
0
0
0.1
1.924
1.224
0.3
0.3
0
0
2.648
2.648
1.224
1.324
1.224
0.1
0.4
0.3
1.224
1.836
1.224
1.224
0.6
0.1
1.224
1.324
0.1
1.224
1.224
0.1
0.3
1.224
0
1.224
1.224
1.3
0
1.224
1.924
0
1.224
1.424
1.224
0
1.624
1.324
0
0
0
1.424
0.1
1.224
1.324
1.524
0.5
2.448
1.424
0
1.324
0
0
1.424
0.3
1.324
0
1.224
1.224
1.324
1.224
1.524
1.424
0.1
0.1
1.724
0
1.324
0.1
1.224
0
0
0
0.1
1.224
0
2.424
1.224
1.724
1.224
1.324
1.224
1.524
0
0
1.524
1.524
1.324
1.524
1.224
1.224
0.1
2.024
1.724
1.324
0.2
1.324
1.924
2.448
1.424
1.624
1.524
1.224
1.224
1.324
2.448
0
1.324
0
0
0.4
2.324
0
1.324
2.548
1.524
1.224
1.224
1.224
2.124
0
1.224
1.2
1.224
1.724
0
0
0
1.324
3.148
2.448
2.448
2.748
2.448
2.448
2.848
3.672
4.072
3.672
1.324
1.836
3.36
0
2.424
1.424
0
1.624
1.836
1.524
3.46
1.224
0
0
1.224
0
1.224
4.06
0
0
0
0
0
1.224
0
0.1
2.648
1.224
3.06
1.224
2.448
0.4
1.224
1.224
1.324
1.224
1.224
1.224
1.224
1.224
1.224
1.224
0.3
0
1.224
0
2.448
1.224
1.224
1.324
3.048
3.672
2.548
1.224
1.324
1.224
1.424
1.224
1.224
2.448
0
0.6
1.224
0
0
0
0.1
1.224
1.224
1.324
0.1
1.424
1.224
0
0.4
1.524
1.324
1.324
2.036
0
1.324
1.224
1.224
1.224
1.224
1.224
1.224
1.324
1.224
1.224
1.324
0
0.1
1.224
0
0.1
1.224
0
1.924
1.224
0
4.984
4.584
0
0
1.224
2.024
2.448
0
2.448
0.9
0.1
1.324
3.26
2.548
3.16
0.1
1.224
2.548
1.324
0.9
1.7
1.224
2.136
1.224
0.1
1.224
2.548
2.448
1.224
2.548
2.448
1.224
1.224
2.036
2.448
3.06
1.324
1.224
1.324
1.836
4.284
1.224
0
0.1
1.224
1.224
1.324
2.748
3.348
1.224
0
2.448
1.324
2.648
3.972
2.548
3.16
2.448
4.996
5.684
1.224
4.484
1.324
0
2.748
2.448
2.448
2.448
4.384
2.448
2.848
2.448
3.672
2.548
2.548
4.884
2.448
3.448
2.748
2.648
1.224
2.548
1.424
2.648
2.448
1.324
1.324
2.548
3.672
2.848
2.848
2.448
4.484
2.448
3.772
4.984
4.584
4.284
2.548
4.384
3.76
5.084
2.848
2.448
2.548
2.448
3.672
5.608
2.548
2.448
2.448
2.748
4.284
1.224
2.448
4.684
2.448
2.448
1.324
2.448
2.848
1.324
2.448
2.648
1.224
3.06
6.508
3.148
2.448
2.448
3.96
5.908
1.224
1.524
3.648
1.524
2.448
2.848
3.048
1.324
4.384
4.272
2.648
2.648
1.224
1.424
1.324
2.448
2.548
2.448
1.224
2.748
1.224
2.448
5.608
2.748
2.448
2.448
1.224
4.484
4.384
1.324
1.224
2.448
2.448
3.048
2.548
2.448
2.648
3.46
2.448
4.284
2.448
4.484
3.76
2.548
1.224
2.448
2.448
2.548
2.448
2.448
4.384
2.548
3.672
5.608
1.224
2.424
2.448
2.448
4.284
2.448
2.648
5.084
2.448
1.224
2.448
2.448
2.548
2.648
3.672
1.224
2.548
2.448
2.448
2.448
2.648
2.648
2.448
2.448
2.648
4.484
2.848
4.584
4.172
2.448
2.448
2.448
2.548
4.484
2.548
2.448
3.16
2.448
2.448
2.548
1.324
2.748
2.448
1.224
1.224
1.324
3.772
2.948
4.784
3.972
4.896
3.672
2.948
2.448
4.384
2.448
1.224
1.224
2.448
2.448
2.748
2.848
1.224
2.548
2.448
1.224
2.448
2.448
2.548
2.448
4.384
3.672
3.772
1.224
3.76
1.224
2.448
2.448
2.448
1.224
2.448
2.548
2.448
2.648
2.448
2.448
2.548
3.148
2.448
2.448
2.448
2.448
1.424
4.984
2.548
2.548
4.16
1.224
3.06
3.348
4.172
3.672
2.548
3.16
1.224
4.384
2.448
4.584
4.484
3.872
3.06
4.284
4.384
4.284
4.584
2.548
1.324
4.384
1.224
3.06
4.284
2.648
4.384
3.772
1.224
4.884
2.448
2.448
3.36
2.448
5.608
1.224
2.448
2.448
3.36
2.648
2.448
3.872
4.284
2.448
2.648
3.148
3.06
3.972
4.284
1.324
2.448
1.224
3.16
3.672
2.448
2.448
2.448
2.448
2.448
5.908
1.224
3.672
3.872
12.132
2.748
4.484
5.508
1.524
2.448
4.284
2.548
2.448
4.072
4.384
2.648
2.548
3.16
1.224
1.224
2.448
3.16
2.448
1.224
2.448
2.448
2.448
5.808
2.548
1.224
2.448
1.424
1.224
2.548
4.784
2.448
5.608
2.448
2.448
2.448
1.324
2.448
2.448
2.748
3.672
2.548
2.448
2.448
4.284
1.424
2.448
4.284
1.324
1.224
5.508
1.224
3.348
2.448
3.46
4.284
2.548
4.384
2.548
4.384
4.484
2.648
3.772
3.36
2.648
1.224
2.448
2.548
3.672
4.284
5.708
1.224
2.448
4.684
1.724
2.448
2.548
2.448
2.448
3.648
4.472
2.948
1.424
2.848
2.548
2.448
2.448
2.548
2.548
2.448
2.948
1.224
2.648
3.972
2.448
2.448
1.224
2.448
2.448
3.772
2.548
1.224
6.732
6.732
2.548
2.448
1.224
4.384
2.448
2.648
2.448
2.748
1.424
2.648
4.684
2.548
1.724
3.16
3.672
1.224
1.624
1.724
3.772
2.548
5.608
2.448
2.548
1.224
1.524
2.448
6.108
2.448
2.448
2.648
4.284
5.508
2.548
2.548
1.224
2.648
2.448
2.548
2.548
2.748
5.508
3.26
2.448
2.548
1.224
2.448
2.448
4.996
1.224
1.324
4.584
4.384
3.672
4.284
2.548
2.448
2.648
2.448
3.06
1.224
2.448
2.748
2.748
2.448
2.548
1.224
2.448
2.548
2.548
1.224
2.748
2.548
3.16
3.672
2.948
1.224
1.224
2.448
2.448
4.172
2.548
2.448
2.548
2.548
2.448
3.148
1.324
3.672
2.548
3.672
2.448
4.384
2.448
5.584
5.184
4.384
1.224
4.384
2.448
4.484
2.548
1.224
2.548
5.708
1.224
2.648
2.448
5.508
2.848
3.672
1.824
3.06
2.448
1.224
2.448
1.324
2.548
2.448
2.448
3.36
1.324
1.224
1.324
3.048
4.884
2.948
2.448
2.748
3.06
3.672
1.224
4.072
3.672
2.748
2.848
2.448
2.648
2.648
2.448
6.108
6.008
2.448
2.448
4.284
2.448
3.872
2.448
4.572
1.324
4.472
2.648
2.748
1.324
5.608
2.448
2.648
2.648
3.672
3.672
2.548
2.448
2.448
4.384
2.448
2.648
2.448
4.484
4.584
4.384
2.548
1.624
1.324
2.548
1.224
1.324
2.448
5.508
2.448
3.16
3.148
5.608
4.272
2.448
3.148
2.548
1.224
4.384
2.448
4.284
2.448
2.948
2.648
2.448
3.972
2.448
2.448
2.648
2.548
1.224
2.448
4.284
1.224
2.448
1.224
2.448
2.748
2.748
2.448
2.448
2.548
3.048
2.448
4.284
4.284
3.048
2.336
0
1.224
2.024
1.424
2.336
3.772
1.224
1.224
0.2
1.424
3.16
0
1.224
1.836
2.324
0
0.3
0
2.448
4.384
1.624
1.224
0.2
0
0
1.324
1.224
0
1.224
0
1.224
1.324
1.224
1.224
1.224
1.224
2.524
1.224
1.324
2.648
1.224
0
1.424
0
1.224
1.224
1.224
1.224
2.448
1.524
0
2.236
1.224
2.448
1.224
0
1.224
1.324
1.324
3.124
0.2
1.424
1.324
1.224
1.724
0.1
1.324
0
3.048
2.548
0
3.26
1.224
1.224
1.224
3.148
2.448
1.824
0
1.224
2.448
0
1.224
0
0
1.224
1.524
1.424
1.624
1.324
2.748
3.772
1.224
0.1
1.524
1.424
1.424
1.224
0.1
1.424
2.648
2.848
1.224
1.224
2.548
2.748
1.224
2.124
2.848
1.324
0
1.324
3.06
1.724
0.2
1.224
1.224
1.324
0.1
0.1
0
0
0
0.2
2.448
2.448
1.324
1.224
1.524
1.224
2.448
1.224
0
0.1
1.224
1.524
1.224
1.224
1.624
1.224
1.324
1.324
0.2
1.224
2.548
1.224
1.324
0
1.224
2.948
2.848
1.324
1.424
0.3
0
0.1
1.224
1.224
1.224
0
1.224
1.424
0.1
2.448
0
1.524
1.324
1.324
1.324
2.448
1.524
1.424
1.224
1.224
0.8
1.224
1.224
1.224
2.648
1.324
0
1.324
1.924
1.224
1.324
1.324
1.324
1.836
1.424
2.648
1.424
1.224
3.672
2.448
1.424
1.424
0
2.448
1.224
1.224
1.324
1.924
1.224
1.524
1.224
1.224
0
0.2
2.948
1.424
1.624
2.448
1.324
2.448
1.1
1.324
1.224
1.324
0
1.324
1.324
0
0.2
1.524
1.424
1.324
1.224
1.224
2.648
1.424
1.324
1.724
0
1.624
0.2
1.324
1.224
0
2.548
1.224
1.224
1.224
1.324
1.424
1.224
1.324
1.224
1.224
1.224
1.424
2.548
1.224
2.448
1.424
1.224
1.424
1.224
1.1
2.324
2.448
0
0.2
1.224
1.324
1.324
0
1.424
1.324
1.224
0
1.224
1.324
1.424
2.448
0
2.548
1.224
0.3
0.7
0
2.448
1.224
0
1.224
2.548
1.224
1.224
1.324
1.224
1.224
1.224
1.224
1.424
2.548
1.424
2.448
1.324
2.648
0
1.224
2.648
1.224
1.224
1.224
1.324
0
0
1.324
1.224
1.524
1.224
1.224
4.172
1.924
3.672
0.4
1.224
0.2
0
1.224
3.348
1.424
2.448
1.224
1.224
0.1
1.324
1.224
1.324
1.224
1.424
1.224
1.424
1.324
1.224
1.424
1.324
1.324
1.224
1.224
1.424
1.724
1.324
1.224
1.224
0
2.848
2.448
1.324
0.5
1.224
2.448
0
1.324
0.3
1.224
1.224
2.448
1.324
2.448
1.424
2.648
1.424
0
1.424
1.224
1.224
0
0
1.424
1.424
1.424
1.324
1.224
0
1.324
1.224
1.324
0.3
1.424
1.324
1.624
0
1.224
0
1.224
1.524
2.448
1.224
1.224
1.224
1.224
2.448
1.224
1.224
2.748
1.424
0
1.624
2.448
0
2.448
0.1
0.1
1.324
0.1
1.836
0
1.424
2.448
1.324
2.548
2.648
1.224
2.648
3.16
1.424
0
2.648
2.748
1.424
1.224
1.924
1.224
1.724
1.324
1.224
1.424
1.224
2.748
1.224
1.224
1.224
1.324
0.1
1.224
0
0.1
1.324
1.224
0
1.324
2.448
1.424
1.224
2.448
2.448
1.224
2.748
2.548
4.872
1.524
0
3.972
0
0.1
1.224
0.2
0.4
1.224
1.324
1.224
1.224
1.524
2.548
1.524
2.448
0
0.3
0
2.448
0.6
1.224
1.324
0.6
0
1.324
1.324
1.524
1.224
1.224
1.224
2.548
0
1.224
1.424
2.548
1.324
0
1.224
1.224
1.624
1.524
0
1.324
1.224
0
2.448
0.1
2.448
0.1
1.324
0.6
0.6
1.424
1.324
2.548
1.224
0
1.224
0
1.224
1.724
2.448
0.1
1.224
1.524
1.224
1.324
1.224
1.324
1.624
0
0
1.524
0.1
2.448
1.224
1
1.224
0
1.624
1.724
1.224
1.224
1.424
1.424
1.324
1.224
1.224
2.036
2.548
2.448
0
1.224
4.072
1.324
1.224
1.224
0
1.324
1.224
1.324
1.324
1.324
1.224
0
3.772
2.748
1.424
1.224
1.224
1.224
1.324
0
1.224
0.2
0.1
1.224
1.224
1.324
1.424
1.224
1.824
1.724
2.748
2.548
1.424
1.224
1.224
1.324
1.424
1.224
1.224
2.448
1.224
1.224
1.524
0
0.2
1.424
3.772
1.224
1.524
1.424
1.524
1.724
1.224
1.224
1.224
0.1
1.424
2.748
1.324
1.324
1.224
0
1.424
1.324
1.224
1.524
1.424
2.448
1.424
1.724
2.548
1.524
2.748
1.324
2.548
1.224
1.224
2.448
0
2.448
1.224
1.224
1.224
1.224
1.224
1.224
1.224
1.324
0
1.224
1.224
1.224
0
1.224
1.224
1.524
1.424
2.324
0
0
1.224
0.1
1.824
1.324
0.1
0
2.024
1.224
1.936
1.324
1.524
2.648
1.524
0.1
1.324
0.1
1.224
2.748
1.524
1.624
1.724
0.2
1.724
1.224
1.224
1.324
1.324
1.424
3.872
1.224
0
2.448
1.324
1.224
1.224
2.448
1.224
1.224
1.224
1.324
2.448
1.224
2.824
2.548
2.448
1.224
1.324
0.5
0.7
2.224
1.224
2.548
1.224
0
2.948
1.424
0.1
1.424
0.1
3.66
0.4
2.548
1.224
2.124
2.548
1.224
1.224
0.2
2.848
1.224
2.848
1.224
1.324
1.224
1.424
1.224
1.324
1.224
1.224
1.224
2.648
1.324
0
1.224
0.2
1.324
1.224
1.224
2.648
1.424
1.224
1.324
1.224
2.548
2.548
1.224
2.748
2.448
1.224
2.548
1.824
1.224
1.224
1.224
2.648
1.524
0
1.224
2.848
2.948
0
1.624
1.224
1.324
0
1.424
1.224
2.024
1.524
1.224
2.848
1.424
1.824
1.224
0.1
1.424
0
1.724
1.324
2.748
4.284
2.548
0
1.224
1.224
1.424
1.224
1.324
1.324
1.424
2.748
1.324
2.448
2.548
1.724
0
0.9
1.524
2.448
1.224
0
0
4.284
1.224
0.1
1.824
3.16
1.224
0
1.224
4.384
1.224
1.224
3.448
1.324
1.224
1.836
3.548
3.66
1.724
1.924
1.224
1.924
1.224
2.448
1.324
1.224
3.06
3.16
3.56
0
1.224
0.2
1.224
1.524
1.224
1.936
0
1.224
0.3
1.524
1.224
1.324
3.26
0.1
0
1.224
0
1.224
0
1.224
1.624
1.324
1.224
1.224
0
2.648
1.224
0.1
5.384
2.448
2.548
2.748
1.324
0
1.224
2.036
2.448
2.448
2.548
4.284
2.448
2.648
2.448
2.548
2.548
2.448
2.648
0.1
2.448
4.284
1.224
1.224
0
0.2
2.824
1.224
1.324
2.748
1.524
2.548
