0.1
0.1
4.172
2.648
4.572
0
0
1.224
0.1
0
0.3
1.324
0.4
0.6
0.2
0
0.1
1.224
1.224
1.224
1.324
1.324
1.224
1.224
0.3
1.224
1.324
2.648
3.672
2.448
1.324
2.648
0.7
0
0.1
0.1
0
0
0
0.6
0
2.424
0
0
0
1.224
0.1
0.2
0.2
1.524
1.224
0.1
1.424
0
0
1.324
0.2
0
0
1.424
1.1
0.1
0
1.424
0.1
0.1
0
0
1.324
0.2
0.5
1.724
0
0
2.324
0.3
0
0.1
0
0
3.248
0
1.224
0
0
0
0
0
1.224
1.724
0
1.424
0.1
0
0
1.424
1.524
0
1.224
1.224
0
0.6
0.3
0
1.224
0.1
0
0.6
0
0.1
0
0
0
1.224
0.2
0.2
0
1.324
0
0
1.9
0.1
1.224
0.4
0.1
0
0.3
1.224
0
1.724
0.3
0.2
0.3
0.1
1.424
0.4
1.224
1.324
1.424
0.3
0
1.224
0
1.624
0
0.1
1.224
0
0.1
0
1.224
0
0
0
0.3
0.4
0.2
0
0.3
0
0.1
0
0
0
0
0
1.224
0
0
2.524
0
0.2
1.224
0
1.324
2.748
0
0
1.224
0.2
0.1
1.624
0
2.448
0.4
2.848
2.324
1.324
0.3
2.548
0.5
1.524
0
1.424
1.224
1.224
1.224
0.1
1.224
1.424
0
1.224
0
0.2
1
0
0
1.624
2.848
1.224
2.448
0.1
1.724
0
0
1.6
0.1
0.8
0
0
0.1
2.648
3.348
3.872
3.672
2.848
2.448
2.448
3.972
2.448
3.772
3.672
1.424
0.1
2.548
0.1
4.548
1.424
0
1.924
0
2.324
1.324
1.224
0
1.224
0
1.324
1.324
0.7
0
0.1
0.1
0
1.324
1.224
0
0.1
2.548
1.524
2.648
0
0
0.6
2.448
0
0.5
2.448
0
2.448
0
0.2
0.1
2.448
0.8
0
2.648
0.2
1.324
0
2.448
1.224
3.872
3.672
4.472
0
1.424
1.224
1.424
1.224
1.324
3.772
0
0.7
0
0
1.224
0
0.1
0
1.224
0
0.4
0.2
0
0
0.2
0.3
1.224
0.3
1.224
0
1.324
1.224
1.224
2.648
0
1.224
0
1.524
0
0
0.2
0
0.3
0.1
0
1.324
0
0
1.624
1.224
1.224
1.624
1.624
0
0.1
0
1.3
0
0
1.324
0.7
0.1
0.4
1.524
1.424
2.748
0.4
0
1.424
0.1
0.6
1.2
1.224
0.1
0
0
1.224
1.524
1.224
0
1.224
1.224
1.224
0.2
1.224
2.448
0.1
2.448
2.448
1.424
1.224
1.324
1.324
0
1.624
0
0
0
2.848
3.848
2.448
0.1
2.448
1.424
3.772
3.348
1.224
1.224
1.224
3.772
4.048
2.448
2.548
1.324
0
1.224
1.224
2.548
3.972
3.672
1.224
3.948
2.548
2.548
3.772
3.672
2.748
3.672
2.124
3.348
2.748
1.224
2.648
1.224
1.224
2.448
2.848
1.424
2.448
3.772
2.948
2.548
1.324
2.548
2.548
2.448
3.048
3.972
2.448
1.324
2.448
1.524
4.272
2.748
1.224
1.624
2.648
2.948
3.672
2.548
2.548
2.648
2.448
3.672
2.448
2.548
2.748
3.048
2.448
1.224
2.448
3.048
1.224
1.324
1.524
2.548
1.224
4.472
2.548
2.548
2.548
1.524
3.772
1.624
1.324
4.648
1.524
2.448
3.448
2.024
1.224
2.548
3.672
3.348
2.648
2.448
1.724
3.248
2.548
1.224
1.224
1.224
2.548
1.324
3.672
2.648
2.648
2.548
1.224
2.448
3.672
3.872
1.224
1.224
2.448
2.548
4.072
3.672
1.324
2.848
1.524
1.224
1.224
2.448
3.672
2.848
2.548
1.224
1.224
4.572
3.672
2.448
3.772
3.772
2.548
2.448
3.672
1.324
2.124
2.448
1.224
2.448
2.448
4.472
2.948
2.448
2.448
1.224
3.672
3.972
4.372
2.648
1.324
3.772
1.324
1.224
2.548
1.324
2.448
2.448
2.648
1.224
2.748
2.848
3.772
3.972
2.648
1.224
1.224
1.424
3.672
2.848
1.224
1.424
2.448
4.472
2.748
1.324
2.548
1.324
1.324
1.224
1.224
2.448
1.524
2.648
2.548
3.672
2.448
1.324
2.448
2.548
2.648
1.224
2.748
2.448
2.448
1.824
3.148
2.448
2.548
1.224
1.324
2.448
3.672
1.324
2.848
2.548
2.448
3.672
1.224
1.324
1.424
1.224
2.548
2.848
1.224
3.672
1.224
2.448
2.548
1.224
3.672
2.448
2.948
2.648
2.448
2.448
1.224
2.548
3.548
1.224
1.224
1.724
1.424
1.224
2.124
3.772
3.672
2.448
1.424
1.424
2.448
2.448
2.448
4.072
3.972
1.224
1.224
2.648
1.224
2.648
2.648
2.548
3.672
2.448
1.224
2.448
2.648
3.772
1.224
1.224
2.548
2.448
1.224
1.424
2.448
2.848
1.224
1.224
1.224
1.424
2.648
3.672
2.548
3.672
2.448
1.324
5.472
1.224
4.272
2.548
1.224
2.448
1.224
2.648
3.872
1.224
3.672
2.648
3.872
3.772
2.448
1.224
3.672
2.648
2.748
9.872
1.324
2.548
3.548
1.224
3.672
2.448
2.548
3.872
2.448
1.224
4.772
1.524
2.648
2.848
2.548
1.424
2.448
1.524
2.448
3.672
3.672
2.848
2.548
2.648
3.672
1.424
1.224
3.248
2.548
1.324
3.872
1.224
3.772
2.448
1.224
1.224
2.548
4.472
2.448
2.448
1.224
4.072
2.948
1.324
1.224
1.224
1.224
2.448
3.672
2.748
1.824
2.548
1.524
3.772
2.448
3.772
2.448
3.672
2.648
2.648
4.072
1.424
3.348
2.648
2.548
4.172
3.772
2.448
2.848
1.224
1.324
2.448
2.848
2.448
3.672
2.548
3.672
3.224
4.372
1.224
1.424
1.424
3.672
2.448
1.224
2.648
2.448
2.448
2.648
2.448
3.148
3.872
1.224
2.448
2.448
1.224
3.772
3.872
3.672
1.224
2.548
2.548
3.772
1.224
2.448
3.672
2.648
2.548
1.324
2.848
2.848
2.548
3.872
2.448
2.848
1.224
3.772
1.224
2.648
3.348
3.772
1.224
2.548
2.648
2.448
1.224
2.848
1.224
3.872
3.672
1.224
4.072
3.672
3.772
3.872
2.448
2.548
2.448
3.672
2.448
2.448
3.972
3.672
1.324
3.772
1.224
1.424
1.224
1.224
3.672
1.224
1.324
2.448
3.672
1.224
3.772
1.324
1.224
1.324
1.224
1.324
1.224
2.548
3.872
3.772
2.548
3.972
2.448
1.224
2.548
2.448
2.448
4.672
3.672
1.224
3.772
4.072
1.224
1.324
2.548
2.448
2.448
2.448
2.548
3.048
1.224
1.224
5.672
1.324
3.672
3.672
2.448
3.772
3.672
2.648
4.272
1.824
1.324
1.224
3.672
2.448
2.448
2.848
2.448
2.648
2.448
2.448
1.524
2.448
2.548
3.672
3.672
1.324
1.224
2.448
2.448
1.224
1.224
2.548
1.224
1.324
1.324
2.748
1.224
1.324
3.048
2.448
2.848
1.224
1.324
2.448
2.548
1.224
2.548
3.672
1.824
3.972
2.448
1.424
1.224
2.448
3.872
4.572
2.748
3.672
2.448
3.672
2.448
3.672
4.872
2.548
4.272
4.372
2.948
1.524
3.872
3.672
3.548
3.972
3.672
3.772
2.448
2.448
2.448
3.672
2.448
3.772
2.548
3.772
3.972
3.672
3.972
3.148
2.548
4.172
1.224
1.224
1.224
1.424
2.448
2.648
3.248
3.972
3.972
3.772
2.948
2.448
2.448
2.548
2.548
2.648
2.448
2.748
2.748
3.772
3.048
2.548
2.448
2.448
2.448
3.148
2.448
2.448
1.224
3.672
1.224
3.672
4.372
2.648
2.548
3.872
3.872
4.272
3.048
1.224
1.424
3.972
1.924
1.224
2.748
4.048
3.048
0.1
1.424
1.224
1.324
0.1
1.624
2.548
0.1
1.224
0
0.9
0
0.4
0.1
2.448
2.548
1.824
2.448
0.1
0
0
1.224
0
0.4
1.324
0
0
1.324
0
0
1.424
0
2.024
1.224
0.5
1.324
0
0
2.324
0
0
0.1
1.324
1.224
0
1.324
0.2
0.4
1.224
0
0
1.324
1.424
1.324
1.624
3.624
0
1.324
0
1.324
0.7
1.324
0
0
1.724
1.324
0
0
0
1.524
2.448
1.824
1.424
0.7
0.2
0.1
0
0
0.1
0
1.224
1.424
0.5
1.624
1.324
0.1
1.424
1.224
1.224
0.2
2.748
1.424
1.224
0
0
2.548
1.324
1.324
1.224
1.224
1.224
0.1
0
1.824
1.324
1.224
0.1
1.524
0
1.924
0.1
1.224
2.448
0.2
0.1
0.1
0.1
0
0.1
0.5
1.324
1.224
1.424
0
2.224
1.224
1.224
1.224
0.1
0.2
1.424
0.4
1.224
1.224
1.424
1.424
1.224
1.324
0.2
1.224
1.324
0.3
1.224
1.224
0
0.1
0.2
1.424
1.424
0.1
0
0
1.324
0
1.324
1.224
1.224
0.1
0
1.224
0.1
0.3
1.324
1.324
1.424
1.224
1.424
1.524
0
1.224
1.1
0
0
1.424
1.524
1.724
1.424
1.324
0.5
0.2
0
1.224
0.1
0
0.2
0.1
1.324
1.224
1.224
0
1.624
1.224
0
1.224
1.324
0
1.324
0.3
1.324
0.2
0
1.324
0.1
0.1
1.324
1.424
1.524
2.448
1.224
1.224
2.1
1.324
0
1.524
0.1
1.324
1.324
0
0
0.2
0.6
0.1
0.1
1.324
1.324
1.224
1.324
1.924
0
2.848
1.524
1.224
1.224
0.2
1.224
1.224
0.1
0
1.424
0.1
1.224
1.224
1.224
1.424
1.424
0
1.624
0.1
1.324
0.1
0
0
1.224
1.2
0.4
0
0
0.2
0.1
1.224
1.624
0.3
1.424
3.348
0
0
0.2
0
0.2
1.324
0.1
1.324
0.1
0.5
0.7
1.224
1.424
1.324
0
1.324
1.624
1.424
2.448
1.324
0
1.524
1.224
1.324
1.324
1.324
1.424
1.224
1.224
1.424
0
1.324
0.1
0
1.224
1.224
1.224
1.424
0
0.1
0
0.1
0.1
0
1.824
0.3
1.224
0
1.224
0.1
0
1.224
2.024
0.1
0
0
2.448
0.1
1.324
1.224
1.224
0.1
1.224
0
1.424
0.1
1.224
0.1
1.324
1.224
1.224
1.224
1.424
0.4
1.324
0.2
0
0
1.724
1.324
1.224
0.3
1.224
1.224
1.424
0.2
0
0
0.2
1.324
1.524
0
0.3
1.324
0.1
0.1
0
0
2.548
0
0
2.548
1.424
1.424
1.224
0.1
1.224
1.424
1.324
1.224
0.1
0.1
1.524
0
0.1
1.224
0.1
1.224
1.224
2.548
0
1.224
1.224
2.548
1.224
1.224
0.1
2.748
0.1
0
1.424
1.224
0.1
1.224
0.1
1.224
0
0.2
0
1.224
1.324
0.1
1.424
1.624
1.324
0
1.224
0
0.7
0.1
2.548
0
1.624
1.224
0.7
1.424
0.7
0
0
2.648
1.224
0
0
1.324
1.424
0.1
0
1.224
0
0
0
0.1
0
1.424
1.224
0.1
0
1.224
1.224
1.224
0
1.424
1.924
1.224
0
1.624
0
0.2
1.424
0.5
0.3
2.548
1.524
2.448
0
1.624
1.324
0
1.224
1.324
0.6
0.1
1.324
0.4
0
1.424
0.2
0.2
1.324
0.2
1.624
0
1.224
1.224
1.524
0
1.224
2.948
1.324
1.324
1.324
1.324
0
1.324
1.224
0
1.324
0.2
0
1.224
0
1.224
0.1
0
0.2
0.2
1.324
0.1
0.1
1.224
0
1.324
0
1.224
0.7
1.324
0
0
1.324
0.3
0
1.224
0
1.524
0.1
0
0
0
0
1.224
0.6
0
0
1.724
0.6
1.224
0
0.3
1.524
0
1.224
2.548
0
0
0
0.3
1.424
1.324
1.324
0
1.224
0
2.448
0.1
1.324
1.424
2.648
1.224
0
1.324
1.824
1.524
1.324
0.1
1.224
2.548
0.1
0
1.324
0.1
0
1.224
1.324
0.4
1.224
0.4
1.924
0.1
1.324
0.2
1.224
1.224
0.1
0.1
1.224
1.224
1.224
0
1.224
0.2
0
0.5
1.424
1.224
0
0.5
1.324
2.648
0
1.224
0
0
0.3
1.624
2.648
1.324
1.224
1.424
0
0
0.2
0
1.424
0.1
0
0.1
0.4
1.224
1.724
1.324
1.424
1.324
1.324
2.548
1.424
0
2.548
1.324
0
0.2
0.1
2.448
2.448
0
1.224
0
0
1.224
1.224
0
1.224
0
2.948
0.1
1
0.1
0.3
0
0.1
2.424
2.548
0
0.2
2.948
1.224
0
2.548
1.624
1.224
0.2
0.1
0.1
0
0.1
2.748
0.2
0.3
1.324
0
0.5
2.648
0.1
1.324
0
1.424
1.324
1.524
0.1
0.3
0.1
0
1.224
1.224
0.1
1.324
0.1
1.624
1.224
1.224
1.5
1.424
1.324
0.1
1.224
0.5
1.924
0.7
0
1.324
1.224
0
1.424
0.1
0.3
0.3
0
1.524
0.2
1.224
1.324
3.848
1.224
1.424
1.224
0
1.724
0
1.424
1.224
0
1.224
3.148
1.224
1.524
0
1.524
1.624
0.3
1.424
0.1
1.224
0.1
1.624
0
0.1
1.724
1.224
0
0.2
0
1.224
1.324
1.424
1.724
1.224
1.224
1.324
0.7
0
0.1
1.224
1.324
1.424
1.224
0
1.324
0.3
1.224
0.1
1.224
0.2
0.1
1.224
0.2
2.724
1.524
1.324
1.424
1.524
1.324
1.424
0
1.924
0
1.524
2.748
2.748
2.448
2.548
0
1.224
0
1.624
0
0
0
1.224
0.2
0
1.224
0.3
0.4
0
1.4
0.2
1.324
0
0
0
2.448
0
0.1
1.724
1.424
1.424
0
1.224
1.424
0
0
3.748
1.424
1.224
0
2.224
1.724
1.3
2.524
0
0.8
2.748
2.448
0
1.224
1.324
0.1
0.3
1.224
0
0.1
1.224
0.4
1.224
0.1
1.324
2.448
0.6
0.2
2.748
1.224
1.524
1.224
1.624
1.224
0
0
1.224
0
2.024
2.648
2.448
0
1.224
1.224
1.324
0.1
3.348
2.448
1.624
1.624
0
0
1.224
0.1
3.672
3.672
2.548
3.772
1.424
2.548
3.672
3.048
3.772
2.448
3.772
0.5
2.448
1.224
1.324
0
0.1
0.2
1.2
0.1
0.1
1.424
1.924
1.324
