1.224
1.324
2.748
5.508
2.448
0
1.224
2.448
1.224
1.224
2.448
0.2
0
1.724
1.424
1.324
0
2.448
2.448
2.548
0
0
1.224
2.448
4.284
2.448
2.548
2.548
3.672
2.548
2.548
1.224
1.524
1.224
0
1.324
1.224
1.224
0
1.224
1.224
0.3
0
0
0
0
0
0
1.224
1.424
0
0
1.324
0
0.1
1.224
1.224
0
1.224
0
0.1
0
0
2.648
0
1.224
0
0
0
0.2
1.224
1.224
1.224
1.224
0.5
2.548
0
1.224
0
1.224
1.224
0
0
0
0
0
0
0
1.224
2.748
1.224
1.224
0
0
0
1.224
1.324
1.224
2.448
2.548
0
0.1
0.1
1.224
3.06
1.224
1.224
0.2
0
1.224
1.324
0
1.224
0
0
0.1
1.224
1.224
1.224
1.224
0.3
0
2.648
1.324
0
1.224
1.224
0
0
0.1
1.324
0
0
0
0
0.2
0
0
0.1
0
2.448
2.448
0
0
0
0
0
0
1.224
0
0
1.224
1.224
1.224
1.324
1.224
0
0
1.324
0.1
1.224
0
1.224
0
0
0
1.224
1.224
0
3.048
1.224
1.324
0
1.224
0
1.224
0
0
0
1.224
1.324
0.1
1.224
1.224
0.1
1.224
0.1
0.1
0
1.224
1.224
1.324
1.324
0.1
0
0
0
1.224
2.448
1.224
1.224
1.224
0
0.1
1.424
0
1.224
1.224
1.224
2.448
1.224
1.324
2.548
0
1.224
0.7
1.224
1.624
0
0
0
1.224
1.324
2.448
2.448
1.324
1.224
1.224
2.448
2.448
3.672
3.672
0
1.836
3.06
0
1.624
0
0
0
1.836
0
1.836
1.224
0
1.224
1.224
1.224
0
3.16
0
0
0.2
0
1.224
0
0
0.1
2.448
0
3.06
1.224
2.548
0.2
1.224
1.224
1.324
1.224
1.224
1.224
1.224
1.324
1.224
1.324
0
0
1.324
0
1.224
1.224
2.448
1.224
2.448
3.672
2.448
1.324
0
0
0.1
0
0
2.448
0
0.2
1.224
0
1.224
0
0
1.224
2.548
1.224
0
1.224
1.324
0
0.1
1.224
2.448
1.224
3.06
0
0.1
2.448
2.448
1.324
1.224
0
1.324
0.1
1.224
1.224
1.324
0.1
0.1
1.224
0
1.224
1.224
0
2.548
2.648
1.224
3.16
3.16
0
0
1.324
1.724
2.548
0
1.224
0.5
0
1.424
1.936
1.224
3.16
0.3
1.324
1.224
1.224
0.3
0.7
2.448
1.836
1.224
0
2.448
1.324
1.324
1.224
1.224
1.224
0
1.324
3.06
2.448
3.16
1.324
1.324
0
3.06
3.06
2.448
0
1.524
1.324
1.224
1.324
2.448
2.648
2.448
0
3.672
1.324
2.448
2.448
2.448
3.06
2.548
4.896
5.608
2.548
5.508
0
0
2.448
2.448
3.672
2.448
4.284
2.448
1.324
1.224
2.548
2.448
2.448
3.06
2.448
2.748
1.424
3.672
1.324
3.672
1.324
2.448
3.672
2.448
1.324
1.224
3.672
1.224
3.872
2.448
3.16
3.672
2.448
3.06
4.284
5.508
2.448
3.06
3.06
4.584
3.772
2.448
2.848
1.224
4.896
5.508
3.672
3.672
3.672
3.672
4.284
2.448
1.224
3.06
1.224
3.772
1.224
3.672
1.224
1.224
2.448
2.448
2.448
3.06
5.808
1.224
1.324
1.224
3.06
5.508
1.224
1.224
1.624
1.424
3.672
1.324
2.548
1.224
5.608
3.672
1.324
4.072
2.448
1.324
2.548
1.224
2.448
2.448
1.224
3.672
1.224
2.448
6.932
3.672
1.224
2.448
2.448
4.284
4.284
1.224
1.224
3.772
1.224
2.448
2.448
2.448
1.224
3.06
2.448
4.284
1.224
4.284
4.284
3.672
1.224
2.448
2.648
2.448
1.224
2.448
4.284
3.672
2.448
5.508
1.224
1.624
1.224
2.448
3.06
3.772
2.548
3.06
1.224
2.548
2.448
2.448
2.548
2.548
2.548
1.224
2.448
2.448
2.548
1.224
2.548
3.772
1.224
3.772
2.548
5.608
1.224
4.284
3.672
1.224
2.448
2.448
2.548
4.284
1.324
2.448
3.06
1.224
2.648
1.224
1.224
3.972
2.448
1.324
1.224
1.224
2.448
2.448
3.06
2.448
5.096
2.448
2.548
1.224
5.608
1.224
1.224
2.448
1.224
1.224
2.848
1.224
2.448
1.224
2.448
1.224
1.224
2.448
2.448
3.672
3.06
2.448
3.672
1.224
3.06
1.224
2.448
1.224
1.224
1.224
2.448
2.448
3.672
3.772
2.448
2.448
3.672
3.772
1.224
3.672
3.672
2.448
2.448
3.06
2.448
2.448
3.06
1.224
3.06
2.848
3.672
3.672
3.872
3.06
1.324
3.06
3.672
5.608
4.284
3.672
3.06
4.284
3.06
4.284
3.06
1.224
2.648
4.284
2.448
3.06
3.06
3.672
4.284
3.672
1.224
3.06
3.672
2.448
3.06
3.672
4.284
1.224
2.448
2.448
3.16
1.524
2.448
2.548
4.284
3.672
2.448
2.648
3.06
3.772
3.06
1.224
1.224
1.224
4.284
3.672
2.448
2.448
1.224
2.448
2.648
4.284
1.224
3.672
2.548
5.508
2.548
4.284
8.132
2.548
2.448
4.284
3.672
1.224
3.672
3.06
2.448
2.548
3.16
2.448
2.448
1.224
3.06
3.672
1.324
1.224
2.448
2.448
4.284
3.672
2.448
2.448
1.224
1.224
1.224
3.16
2.448
5.508
2.448
2.448
3.672
1.224
2.448
3.672
2.448
2.448
3.672
2.548
2.448
3.06
1.224
2.448
4.284
1.224
2.448
5.508
2.548
2.648
1.224
3.16
4.284
3.672
4.284
1.224
4.284
3.06
3.672
3.672
3.06
1.224
2.448
1.224
2.448
3.672
3.06
4.284
1.224
2.448
3.06
2.448
1.224
2.448
1.224
2.448
2.948
3.672
2.448
1.324
2.648
2.448
1.224
2.448
1.224
1.224
3.672
1.224
2.548
1.424
3.672
2.448
3.672
2.448
2.448
2.548
3.672
2.448
1.224
5.508
5.508
2.548
2.448
2.448
4.284
1.224
3.672
2.448
3.772
2.548
1.224
4.284
3.672
2.648
3.06
3.772
1.224
2.548
2.848
3.772
2.448
4.284
1.224
1.224
1.224
2.648
2.448
5.508
2.448
2.448
2.548
4.284
5.508
2.548
3.672
2.448
1.224
2.448
1.224
3.672
2.448
5.508
3.16
2.548
2.448
1.224
2.448
2.448
5.096
1.224
1.224
3.06
4.284
3.672
4.284
2.448
2.448
2.548
2.448
3.06
1.324
3.672
2.448
2.448
1.224
2.448
2.448
2.448
3.972
1.224
2.448
2.648
2.448
3.06
3.672
2.648
1.224
1.224
1.224
1.324
2.448
1.224
3.672
1.324
2.548
2.448
2.548
1.224
3.672
2.448
4.896
2.448
4.284
1.224
4.384
4.584
4.284
1.224
4.284
3.672
3.06
1.224
2.448
1.324
4.284
2.448
2.548
3.672
4.284
2.448
3.672
1.224
3.06
3.672
2.448
2.448
1.224
1.224
2.448
2.448
3.06
2.448
1.224
1.224
3.772
3.06
1.224
2.448
2.548
4.284
2.448
1.224
2.648
3.672
2.548
2.548
1.224
2.448
2.448
3.672
5.508
5.508
1.224
2.448
5.508
2.548
2.448
2.448
3.972
2.448
3.672
2.548
1.324
1.324
5.508
2.448
3.672
2.448
3.672
3.672
1.224
1.224
1.224
4.284
1.224
2.448
1.224
4.284
4.284
4.284
2.448
2.548
2.448
2.448
1.224
1.224
2.448
5.508
3.672
4.284
1.324
5.508
3.872
2.448
3.772
3.672
2.448
3.06
1.224
3.06
3.672
3.772
3.672
2.448
2.648
1.224
1.224
1.324
1.324
2.448
1.224
3.06
1.224
2.448
1.224
2.448
2.448
1.224
1.224
2.548
2.448
2.448
1.324
4.284
4.284
2.648
3.06
1.224
1.224
1.424
1.324
1.836
2.448
2.448
0
0
0
3.26
0
0
1.836
1.424
0
0
0
2.448
3.06
0.2
1.224
0
0
0.1
0
1.224
0.3
0.2
0
1.224
0
1.224
1.224
2.448
1.224
2.948
0
1.224
1.224
1.224
0
0
0
1.224
1.224
0
0
2.448
2.548
0
1.836
0
2.548
1.324
1.224
0
0
0
0.5
0
0.1
1.324
0
1.424
1.224
1.324
0
1.524
1.224
0
3.06
1.224
0
1.224
1.224
1.224
1.524
0
1.224
2.448
0
1.224
0
1.224
0
1.424
0.1
0
1.224
1.224
2.448
0
0
1.224
0
0
1.224
0.1
1.224
1.324
1.224
2.448
0
1.224
2.448
1.224
0.1
1.224
0
0
0
3.06
0.4
0
0
1.224
1.424
0
0
0
0
0
0
1.224
1.224
0
1.224
0
0
1.224
0
0
0
0
1.324
0.1
0
0.2
0
0
0
0
0
1.224
1.224
0
1.224
1.324
2.448
2.448
0.1
0
0
0
0
0
1.224
0
1.224
0
1.424
0
1.224
0
1.224
0
2.448
0
1.224
0
0
1.424
0
0.2
1.224
1.224
0.2
1.224
0.1
1.224
0
1.524
1.324
1.224
2.448
1.224
1.836
1.224
2.548
0
0
2.448
2.448
0
0
0
1.224
0
1.224
0
1.424
0
1.424
1.224
0.1
0.1
0.4
1.324
0
0.3
2.448
0.1
1.224
0.2
0
1.324
0
0
0.1
0
0
0
1.224
1.224
1.224
1.224
0
1.224
0
0.1
0.1
0
1.224
1.224
0
0
0
1.224
0
1.224
1.224
0
1.224
0
0
0
0.1
0.1
1.224
1.224
1.224
1.324
1.324
1.224
1.224
0
0.1
1.324
2.448
0.1
0.2
1.224
0.1
0
0
0
1.324
1.224
0
1.224
1.224
1.224
1.224
0
1.324
1.224
0.3
0.2
1.224
1.324
0
0
0
1.324
0
1.224
0
1.224
0
0
0
0
1.324
0.1
1.224
0
1.224
0
0
2.448
1.224
0.1
0
0
1.224
0.1
1.224
1.324
1.324
1.224
1.224
2.648
1.224
2.448
0.1
0
0
0
0
1.324
1.324
2.548
1.224
1.224
0
0
0
0.1
1.224
0
1.224
0
1.224
0
1.324
2.448
0
0
0
0.1
1.424
0.2
1.224
1.224
0
1.224
1.224
0
0.1
0
1.224
1.224
1.224
0
1.224
1.224
1.324
0
2.448
1.324
1.224
1.224
0
1.324
1.224
1.224
0
0
1.224
0.1
0
0
1.324
1.224
0
0
0
0.1
1.224
0
1.224
0
0
0
0
2.448
2.448
1.224
0
0
1.224
1.224
0
1.224
2.548
1.224
0
0
1.224
0
1.224
0
1.224
1.324
0
1.836
1.224
0
2.448
0.1
1.224
1.424
1.224
1.224
3.06
1.224
0
2.448
2.648
0
0
1.224
0.1
1.324
1.224
1.224
1.224
0
2.548
1.224
0
0
1.224
0
0
0
0
1.324
1.224
0
0
1.324
1.224
1.224
1.224
1.224
0
2.548
1.324
2.548
0
0.1
2.548
0
0
0
0
0
1.224
0.2
1.224
1.224
0
1.324
1.224
1.224
1.224
0.1
0
1.224
0
1.224
0
0.1
0
0
1.324
0
1.224
0
0
1.224
0
0
1.224
1.424
0
1.224
0
1.224
0.3
0
0.1
0
1.224
0
1.224
0
1.224
0
1.324
0.1
0.2
0
1.224
2.448
0
0
0
0
0
1.224
1.224
0
1.224
0
1.224
1.224
0
1.224
0
0
0
1.324
0
2.448
0
0.3
1.224
0
0.1
1.524
0
1.224
1.324
0
1.224
0
1.224
1.936
2.548
2.448
0
0
2.548
0
1.224
0
0
1.224
1.224
0
0
1.224
0
0
2.448
1.224
0
2.448
1.224
0
1.224
0.1
1.224
1.224
0
1.224
0
0
1.224
0
1.324
0.2
2.548
1.324
1.224
0
0
1.224
1.224
0
0
1.224
1.224
0
1.324
0
0
0
2.448
1.224
1.324
0.1
1.424
1.224
0
1.224
1.224
0
0.3
2.648
0
0
0
0
1.224
1.224
1.224
0
1.324
2.448
1.424
1.324
1.324
0
1.324
0
1.224
0.1
1.224
1.224
0.2
2.548
2.448
1.224
1.224
1.324
1.224
1.224
1.224
0
0.1
1.224
0
0
0
0
1.224
1.224
1.224
1.524
0
0.1
1.224
0.2
0.2
1.224
0
0
1.224
0
1.836
1.224
0.1
1.224
1.224
0
1.224
0
1.224
2.448
1.224
1.324
2.448
0.1
1.224
1.224
1.224
0
1.224
0.1
2.548
0
0
2.548
1.224
1.224
0.2
1.224
1.224
0
1.224
0
1.224
0
1.624
1.224
1.224
1.224
2.448
0
1.424
1.324
1.224
1.224
0
0
1.524
1.224
0.1
1.224
0
1.836
0.1
1.224
0
1.524
1.224
0
0
0
1.224
1.224
1.324
0
1.224
0
1.224
0
0
1.224
0
0
2.648
0
0.2
0
0.1
0
1.224
1.224
1.224
0
1.224
1.324
1.224
1.224
1.224
0
1.224
1.224
0
1.224
1.324
1.224
1.224
0
1.224
0
1.224
1.224
1.224
2.848
1.224
1.224
0
1.324
0.1
0
1.224
0.1
0
0
1.424
0
0
0.1
0
0.2
0
0
1.224
2.448
3.06
1.224
0
0
1.224
0
1.224
1.224
1.224
2.648
2.648
1.224
1.224
2.448
1.524
0
0.4
1.224
1.224
1.224
0
0
5.508
1.224
0.2
2.648
1.836
2.548
0
2.448
3.16
1.324
1.224
4.072
1.224
0
1.836
1.324
1.836
1.624
0.4
1.224
1.524
1.224
2.448
1.224
0
1.836
3.06
3.26
1.224
1.224
0
2.448
1.224
2.448
1.836
1.224
1.224
0.1
1.224
1.224
2.448
1.936
1.324
1.224
2.448
0.1
1.224
1.324
1.324
2.448
1.224
1.224
1.224
1.224
1.224
0
0.1
4.284
3.672
1.324
1.324
1.224
0
0
1.836
2.448
2.448
1.224
4.284
2.548
3.872
2.448
1.224
2.448
3.672
2.448
0
2.448
4.284
0
1.224
0
0
1.524
1.224
1.224
2.448
2.748
2.448
