0.6
0.1
3.948
3.148
2.648
1.936
0
3.06
0
0
0
0.1
0.2
0.8
0.7
1.836
0.1
1.224
1.224
1.324
1.936
1.836
1.224
1.224
0.5
1.224
1.424
2.548
2.548
2.448
3.16
1.224
1.3
1.224
0.4
2.236
1.836
0.2
0.1
0.3
0
3.136
1.936
0
0.1
0.1
0.1
0.2
0.2
0.5
0.1
0.1
0.2
0
0.1
3.26
0
0.1
0
1
1.1
0.4
0.1
1.624
2.136
0
0.1
0
0
0.8
0.5
0.7
0.1
1.936
3.736
0.9
3.06
0.4
0.1
0
1.824
0
0
0
0
0
0
0
1.224
2.024
0.1
1.224
0
0
0
1.936
1.936
0
2.448
3.16
0
0.7
0.5
0
3.06
0
0
1.5
0.2
1.324
0.3
0
0
0
0.1
2.136
0
1.424
0
0
2.3
0
1.324
0.6
0.1
1.224
0.2
0
1.224
0.4
0.2
0
0.2
1.224
2.236
0.6
0.1
0
0.3
0.5
0
1.224
0
0.3
0.1
0
0.1
0.3
0
0
0
0.2
0.1
0
0.4
0.6
0.3
0.2
0.8
0.2
0.2
0.1
0
0
0.1
0
3.06
0
0
2.924
0.1
0.4
0
0.1
0
3.76
0
1.224
1.936
0.5
0.3
1.624
0
1.224
0.3
1.824
0.5
0
0
1.224
0.5
0.2
0.1
0.3
0
0.3
0
0.1
1.224
1.924
2.036
3.06
0
0.3
1.3
0
0
0.5
1.524
1.224
1.224
0.4
1.724
0.1
1.836
1.6
0.1
3.136
0
1.936
0.1
2.448
2.824
3.772
2.648
1.624
1.224
1.324
3.148
1.224
3.048
2.448
0.1
1.936
1.324
0
3.124
1.936
1.836
0.5
1.836
1
2.536
1.324
0
1.224
1.224
4.384
0.1
1.4
0
0
0.1
0
1.324
0
1.836
0.3
1.424
0.5
1.324
0
0
0.3
2.448
0
0.8
2.448
0
1.224
0
0.2
0.1
1.324
0.5
0.2
1.424
1.224
0
0
4.284
2.448
4.272
3.672
3.048
0
1.524
1.224
0.5
1.936
1.836
3.672
0
0.8
0.1
0
2.648
0
0
0
1.424
0
0.5
0.2
0
0
0.4
0.1
1.224
0.3
1.524
0
0.2
1.224
1.224
1.424
0
0
1.836
0
0
0.1
0.3
0.2
0.1
0
0
2.448
0.2
0
1.824
3.16
2.448
1.936
2.236
0
1.224
0.1
1.1
0.1
0
0
4.26
0.2
0.2
0.4
1.424
1.424
2.136
0
0.2
0
1.2
1.5
1.224
1.836
1.836
0
1.324
0.3
0.1
1.936
0
0
0
0.2
1.224
2.448
2.036
1.224
1.224
0
1.424
0
1.224
0
2.948
0
0
0.1
1.524
2.724
5.508
0
4.284
1.824
3.772
1.724
1.324
1.224
1.324
2.448
4.448
2.448
2.948
0
1.836
1.324
1.224
2.448
2.548
4.384
1.224
3.248
2.548
3.06
3.972
3.672
1.524
2.448
2.324
2.424
2.848
3.06
2.448
1.424
1.324
2.448
2.748
1.324
3.06
4.384
2.748
2.948
1.224
1.424
4.284
1.224
1.724
3.148
2.548
1.224
1.224
1.424
3.248
2.848
1.224
1.724
1.324
2.648
2.448
4.684
2.448
2.448
2.548
4.284
5.508
1.324
1.524
3.26
2.448
3.16
2.448
1.824
1.224
1.224
3.46
3.672
1.324
3.648
1.224
1.324
1.224
1.624
2.548
1.324
1.724
3.324
3.76
2.448
2.224
3.648
1.324
2.648
2.748
1.524
2.948
4.284
1.624
3.748
1.224
1.224
1.224
1.324
2.648
1.424
2.548
2.748
4.584
1.224
1.224
3.672
4.384
2.448
1.424
3.06
2.448
1.324
4.572
2.448
3.16
1.924
1.424
1.224
1.224
2.548
4.484
3.048
2.548
1.224
1.224
3.048
2.548
3.06
3.672
2.648
4.384
1.424
2.448
1.224
2.324
1.224
1.224
1.224
2.448
4.272
2.124
2.448
4.284
1.224
2.648
3.248
3.248
1.224
1.324
3.772
1.224
1.324
1.324
1.524
2.748
2.448
2.448
1.424
4.684
1.324
3.348
5.084
1.324
1.224
1.324
1.324
2.648
1.424
1.324
3.36
1.224
3.048
1.424
1.324
2.448
1.324
1.324
1.224
1.524
3.06
3.36
1.624
3.16
2.648
1.224
1.424
1.224
2.548
1.324
3.06
2.448
1.224
1.224
1.924
1.424
2.548
1.524
1.224
1.524
4.384
3.672
1.224
2.748
1.524
1.424
2.448
3.06
1.924
1.324
1.224
1.324
1.424
3.26
2.448
1.224
2.548
2.548
1.224
2.548
2.548
5.484
1.524
4.284
4.284
1.224
2.548
2.024
3.06
1.224
2.024
1.324
1.224
2.424
2.548
4.284
2.448
1.424
1.524
1.324
2.448
2.848
2.848
4.272
1.224
3.16
1.424
1.224
3.06
1.324
2.448
4.384
5.508
1.224
1.224
2.648
2.848
3.06
2.448
1.624
3.672
1.224
2.224
2.448
1.524
1.224
1.224
1.524
1.924
1.524
2.448
3.26
2.648
2.448
1.324
3.748
1.324
3.048
3.06
3.06
1.224
2.448
2.448
2.748
1.224
2.448
1.224
2.748
2.548
1.824
1.324
2.448
1.524
1.524
3.548
1.224
2.548
14.844
1.224
2.448
2.448
1.424
2.948
1.224
1.524
4.472
3.16
2.548
3.972
1.324
1.324
2.448
4.684
1.224
2.548
2.448
2.848
4.484
2.848
2.548
3.46
1.324
3.248
3.26
1.224
2.748
1.224
2.548
3.672
1.224
1.224
2.448
3.148
1.424
3.672
1.224
2.848
1.724
1.224
1.324
1.224
6.32
3.672
2.448
3.672
3.96
1.324
1.624
2.848
2.448
4.684
1.224
4.384
1.524
4.584
2.848
1.324
1.924
2.948
1.224
4.572
2.448
1.224
2.648
1.224
1.424
1.324
2.948
2.448
2.448
1.224
2.448
2.924
4.772
1.324
1.324
1.324
2.448
1.224
1.224
1.224
3.06
2.448
3.06
4.284
1.924
2.448
1.224
2.448
3.672
1.224
2.648
2.648
2.548
1.324
1.224
1.224
4.484
1.224
3.672
4.384
1.224
2.848
3.16
3.348
2.948
3.16
2.648
3.672
2.748
1.224
2.448
3.06
4.284
3.048
4.284
1.324
3.06
1.224
4.284
3.06
2.448
1.224
2.648
2.548
1.224
4.272
2.448
2.448
2.948
3.672
2.548
1.324
2.448
1.524
2.448
4.584
2.448
3.16
4.284
1.224
1.224
1.224
2.448
2.448
1.224
1.224
1.824
4.284
3.16
4.384
1.224
1.224
1.224
1.224
1.224
1.324
2.448
3.772
2.648
1.424
3.672
2.448
3.06
3.772
1.324
2.448
4.172
3.772
1.224
2.448
4.472
1.324
1.224
2.448
1.224
3.26
1.224
2.548
1.824
1.324
1.224
4.048
1.224
2.648
2.448
2.448
2.848
4.284
1.224
2.948
2.524
1.224
1.524
4.384
2.448
1.224
1.724
4.384
1.424
1.324
5.608
1.324
2.548
2.648
4.584
2.448
3.06
1.224
2.448
2.448
1.224
1.224
2.448
1.324
1.224
1.224
2.548
1.224
1.224
2.948
1.824
1.524
1.224
1.524
2.448
1.224
1.224
1.224
2.548
1.524
4.684
3.06
3.26
3.36
2.448
3.048
4.148
1.324
2.448
2.448
4.284
3.36
3.672
3.248
3.872
3.348
4.372
2.648
1.424
2.548
2.448
3.248
3.772
2.548
4.284
3.06
3.06
3.06
2.948
1.424
2.648
1.224
2.948
2.848
2.548
2.648
3.048
2.448
4.372
1.224
1.424
1.224
1.224
2.548
3.148
4.56
2.748
4.784
3.672
3.248
2.448
2.448
3.06
1.424
3.26
4.384
4.884
4.484
2.548
1.424
3.06
3.06
3.26
3.16
2.748
3.16
1.324
1.224
2.548
1.324
2.548
3.548
1.424
1.224
3.048
3.772
4.984
1.624
1.224
1.324
2.848
2.024
3.16
1.524
3.124
1.424
2.336
0.2
1.224
0
0.2
0.4
1.324
0
1.836
1.836
1.9
1.836
0.6
0.2
2.448
1.424
0.7
2.448
2.036
1.836
1.936
0.1
0
0.4
0
1.224
0
0
0
0
1.224
0
2.324
0.2
0.2
0.1
0
0
1.624
0
1.836
0
0
0
0
1.624
0.3
0.3
0.2
0.1
0.1
2.448
0.1
0.1
0.4
3.6
0.2
0.1
0.1
0.7
0.8
2.748
0.2
0
1
0.1
0.1
0
1.836
0
2.448
1.3
0.1
0.4
0
0.1
1.836
0
0
0
1.224
0.2
0.4
1.424
0.2
0.2
0.2
0
0
0.2
1.324
0.2
0.1
0
0
2.448
0
1.624
1.324
0
0.1
0.1
1.936
1.1
0.1
0
0
0.3
0
1.1
0
0.1
2.548
0
1.836
0
1.324
0.1
0.2
0.5
0.3
1.324
1.424
0
0.5
0
0.1
0.1
0
0.2
0.1
0.2
3.06
0.1
0.6
0.1
0
0
0.1
0.1
0.1
0
0
1.224
0
0.1
0.1
0.2
2.036
0.1
0
0
0
0
0.2
1.224
1.224
0.3
1.424
0
0.1
0.2
0.2
1.224
0.4
0
0.1
0.5
0.2
0
1
0
0
0.3
0.9
0.2
2.548
0.1
0.9
0.3
0
1.224
0
0.2
0.3
0.1
1.224
0
0.1
0
0.1
0
0
0
0
0
0.1
0.5
0
0.2
1.224
0.2
0
0
1.624
0.2
1.524
2.448
0.1
0
2.924
0
0
0.1
0
0.3
1.224
0
0.2
0.3
0.5
0
0
0.1
0.2
1.324
0
0.8
1.224
2.548
2.548
0
0
0
1.936
0
0.1
0.1
1.936
0
1.224
0
1.224
0.1
0.2
0.5
1.424
0.1
0.2
0.2
0
1.836
0
1.8
0.6
0
0
1.936
0.1
0
1.224
0.1
1.424
1.624
1.224
0.1
0
0.1
0.1
0.1
0
0.1
0
2.336
1.2
1.224
0
0
0
0.1
0.5
0
1.224
0.1
0.3
0.2
0
0
0.2
0.2
0.2
0
1.836
0.1
0
0
1.936
0
1.224
0
0
2.648
0
0
0.1
0.2
0
0
0.6
1
0
0.1
0
2.236
0
0
1
0.3
0
0
3.06
0
0
0
0.1
0
0.2
0
0.2
0.1
0
0.1
1.224
0
0.1
0
0.1
1
0.1
0.1
0
0
0.2
0
0.1
0.3
0
1.836
1.324
0.3
0.5
1.836
0
2.036
0.6
0
0.1
0.1
0.3
0
0.2
0
1.324
0
0
2.548
1.224
0.3
0
0.1
1.324
0.1
0.1
0.2
1.836
0.5
0
0.1
0
0
0
0.1
1.224
1.224
0
0
0
2.448
0
1.224
0
1.724
0.1
0.1
1.324
1.324
0
0
0.2
1.224
0.5
1.324
1.836
4.284
0
0.1
2.436
0.1
0.2
0
1.324
0.1
0.6
0
2.748
1.936
0.2
0
0.5
0.3
1
0
0
1.424
0
0.4
0
0
0
0.1
0.1
0
1.836
0
0.1
0
0
1.224
0.1
0.1
0
1.224
1.324
0
1.836
1.224
1.7
0.4
0.2
0.2
0
0
0.1
3.26
3.06
2.448
0.1
2.448
0
2.136
0.3
0
0
3.06
0.5
0.1
0
2.136
0
0.1
0.4
0.5
1.224
0.6
0.1
0
0
0
1.824
0
0
1.624
0.1
0.1
1.224
0
0
1.524
1.936
1.936
0.1
0
0
1.224
0
0
0
0.2
0.8
0.6
1.224
0
0.2
0
0
0.1
0
1.224
0.6
0.1
0.2
0
0
0
0.1
1.224
0
1.224
0.1
0
0
1.224
0
1.224
1.2
0
0
0.6
0.7
0
0
0.2
1.424
0.1
0
1.324
0.1
0
0
1.324
1.224
2.536
0
1.324
1.224
0
1.324
0.1
0
1.424
2.448
0
0
0
0.5
0.1
1.324
0
0
1.324
0
0
2.448
0
0
0
0.3
0.2
0
0.2
2.636
0.1
0.2
0.3
1.936
0
1.224
0
2.036
1.424
0
0
0.1
0
0
0.5
0.3
1.836
0
0.8
0.3
1.424
0.3
0
0
0
0.1
0.4
1.424
0.2
0
0
0
0
0.4
0.2
0.3
0.1
0
0.1
0.2
0
0.5
0.7
0
0.2
0.3
1.224
0.1
0
2.648
1.224
0.1
0
0.1
1.324
2.448
0
0
0
0
1.324
1.224
1.836
0
0
1.424
0.1
0.8
0.1
0.2
0.2
0.3
1.5
2.448
0
0
2.024
0
0.1
2.548
0.1
1.836
0.1
2.236
0.1
0
0.1
1.524
0.6
0.6
1.324
0
0.8
2.548
0
1.224
1.836
0.5
2.236
0
0
2.036
0
0
1.836
0
0.1
0.2
0.2
0.6
0
1.836
2.5
0.2
0
0
1.424
0.4
4.148
0.8
0
3.36
1.224
1.224
0.6
0
0.4
0.4
0.3
0.8
1.936
0
0.3
2.624
0.1
1.224
0
1.836
0.2
0
0.3
0
0
1.224
1.624
1.624
0
0
0.2
0
0.4
0.4
0.1
0.1
0.3
0.6
1.836
0
0.6
0.2
0
0.1
0
0
0.1
1.324
0.4
0
1.424
2.136
0.3
1.836
0
1.224
0.2
0.3
2.448
0.4
0.3
0.8
3.06
0
0.1
0.3
1.224
0
0
2.524
0.4
0.1
0.2
0.3
0.5
0.6
0.1
0.7
3.16
2.036
2.548
2.648
1.324
1.424
0
1.936
0
0.4
1.936
0
0
1.224
0.2
0
0
0.2
0.9
0
1.7
0
0.1
0
0.1
0
2.448
0
1.836
1.524
0.1
1.324
0
1.324
0.1
2.036
0
6.184
3.46
0
1.836
1.8
0.6
1.3
0.5
0
1.4
1.524
3.16
0.1
0.2
0
0
0.3
4.996
1.836
2.136
1.224
0.3
1.224
1.836
3.06
1.424
0.4
0.1
2.448
1.624
0.5
1.224
4.484
1.324
0.1
0.1
1.324
1.224
2.424
1.324
1.324
0.2
3.06
0.1
0
0.1
2.624
3.672
0.5
0.1
0
0
0
0.1
2.448
2.448
1.324
2.948
1.324
2.948
2.848
1.524
2.548
2.448
3.872
1.324
1.324
3.06
1.224
0
0
0.2
2.5
0.2
0.1
2.124
2.024
1.824
