0
0
3.772
4.284
3.672
0
0
1.224
0
0
0
1.224
0
0
0
0
0
1.224
1.224
1.224
2.448
2.448
1.224
1.224
1.936
1.224
1.224
3.772
4.896
3.672
1.224
2.448
0.2
0
0
0
0
0
0
0.1
0
1.424
0
0
0.1
1.224
0
0
0.1
2.448
1.224
0
2.448
0
0
1.224
0
0
0
1.224
0.3
0
0
1.224
0.1
0
0
0
1.324
0
0
1.324
0
0
1.324
0
0
0
0
0
2.448
0
1.224
0
0.1
0
0
0
1.224
1.424
0
1.224
0
0.1
0
1.224
1.224
0
1.224
1.224
0
0
0.1
0
3.06
0
0
0
0
0
0
0
0
1.224
0
0
0
1.224
0
0
0.4
0
1.224
0
0
0
0
1.224
0
1.224
0
0
0
0
1.224
0
1.224
1.224
1.324
0.1
0
1.224
0
1.224
0
0
1.224
0
0
0
1.224
0.1
0
0
0
0
0
0
0.2
0
0
0
0
0
0
0
1.224
0
0
1.524
0
0
1.224
0
1.224
2.448
0
0
2.448
0
0
1.224
0
2.448
0
2.448
1.224
1.224
0
2.448
0
1.224
0
1.224
1.224
1.224
1.224
0.1
1.224
1.324
0
1.224
0
1.224
0.1
0
0
1.224
2.448
1.224
2.448
0
1.224
0
0
0.4
0
0.2
0
1.224
0
2.548
2.648
3.672
3.672
2.448
2.448
2.448
3.672
2.448
3.772
3.672
1.224
1.836
4.384
0
2.648
1.324
1.224
1.424
1.836
1.424
3.06
1.224
0
1.224
0
1.224
1.224
1.936
1.224
0
1.224
0
1.224
1.224
0
0.1
2.548
1.224
5.508
0
0
0.1
2.448
0
0.1
2.448
1.224
3.672
0
0
1.224
2.448
0.1
1.224
2.448
0
1.224
0
2.448
1.224
3.772
3.672
3.672
0
1.224
1.224
2.448
2.448
2.448
3.672
0
0
0
0
1.224
0.1
0
0
1.224
0
0
0
0
0
0
0
1.224
0
3.06
0
1.224
1.224
1.224
2.448
0
1.224
0
1.224
0
0
0.1
0
0.1
0
0
1.224
0
0
1.224
1.224
1.224
3.06
3.06
0
0
0
0.1
0
0
1.224
0.2
0
0.2
3.06
1.224
4.284
0.1
0
1.224
0
0.1
0.3
1.224
1.836
0
0
1.224
1.224
1.324
0.1
1.224
1.224
1.224
0
3.06
2.448
1.836
2.448
2.448
1.324
4.284
3.16
1.224
0
1.324
0
0
0
2.448
2.448
2.448
0
2.448
1.224
3.672
2.448
1.324
3.06
1.224
3.672
4.384
2.448
4.284
1.224
0
2.448
1.224
2.448
3.672
5.508
1.224
2.448
2.448
3.672
3.672
3.672
5.608
3.772
1.424
2.548
2.448
2.448
3.672
1.224
1.224
2.448
2.448
1.224
3.672
3.772
2.648
2.648
1.324
5.508
2.448
2.548
5.508
5.508
4.284
1.324
4.284
3.06
6.732
2.448
1.224
1.324
2.448
2.448
5.508
2.448
2.448
2.448
2.448
5.508
2.448
2.448
5.608
2.448
2.448
1.224
2.448
2.448
1.224
2.448
2.448
2.448
3.06
5.608
2.448
2.448
2.448
3.06
5.508
1.224
1.224
2.548
1.224
2.448
2.548
1.324
1.224
4.284
3.672
2.448
2.448
2.448
1.224
2.548
2.448
1.224
1.224
1.224
2.448
1.224
3.672
4.384
2.448
2.448
1.224
2.448
5.508
5.508
2.448
2.448
2.448
3.672
4.896
3.672
1.224
2.448
3.06
1.224
3.06
2.448
5.508
4.284
2.448
2.448
1.224
3.672
3.672
2.448
3.672
5.608
2.448
2.448
5.508
1.224
1.424
2.548
1.224
5.508
2.448
4.896
4.284
2.448
3.672
1.224
3.672
3.772
3.772
2.448
1.224
3.672
1.224
1.224
2.448
1.224
2.448
2.548
2.448
2.548
4.284
2.448
5.508
3.672
3.672
1.224
2.448
1.324
5.508
2.448
1.224
3.06
2.448
3.772
2.448
1.224
2.448
1.224
1.224
1.224
1.224
2.448
2.548
4.384
3.672
3.672
2.448
1.224
2.448
4.284
2.448
2.448
2.448
3.672
2.448
1.624
2.448
2.448
2.448
1.224
1.324
2.448
3.772
1.224
2.448
4.284
2.448
3.672
1.224
4.384
1.224
1.224
2.448
2.448
2.448
3.672
1.224
2.448
3.672
1.224
3.672
2.448
2.448
2.448
2.448
2.448
1.224
2.448
5.508
1.224
1.224
4.284
1.224
3.06
1.424
3.772
3.672
2.448
3.06
1.224
4.284
2.448
4.284
7.232
3.672
3.06
3.06
4.384
4.284
4.284
2.448
3.672
5.508
2.448
3.06
5.508
2.548
6.832
1.224
1.224
4.284
2.448
1.224
3.06
2.448
4.284
1.224
1.224
1.224
3.06
3.672
4.896
3.672
6.732
2.448
1.224
3.772
3.06
4.896
4.284
2.448
2.448
1.224
4.284
3.672
1.224
3.672
3.672
3.672
3.672
4.284
1.224
3.672
2.448
4.284
3.672
3.06
4.284
2.448
1.224
7.532
2.448
3.672
3.672
4.284
1.224
3.772
3.06
2.448
2.448
2.448
3.06
2.448
1.224
3.672
3.672
4.896
4.284
2.448
2.448
3.872
2.448
1.224
2.448
4.384
1.224
5.508
1.224
3.672
2.448
1.224
1.224
2.448
3.772
2.548
2.448
1.224
3.772
4.284
1.224
1.224
3.06
1.224
3.672
5.508
2.448
1.524
2.448
3.06
6.732
2.448
5.508
2.448
5.508
4.284
2.448
3.672
4.284
2.648
2.548
2.448
3.672
3.672
4.284
4.384
1.224
1.224
5.508
2.448
2.448
3.672
2.548
3.672
1.524
3.972
1.224
1.324
1.224
5.196
2.448
1.224
2.448
3.672
2.448
3.672
2.448
2.448
3.672
1.224
2.448
2.448
1.224
3.672
4.896
3.672
1.224
4.284
4.284
3.772
1.224
2.448
5.508
2.448
3.672
1.224
2.448
2.448
3.672
6.732
2.448
2.448
3.06
3.672
2.548
2.448
2.548
3.672
1.224
4.284
2.548
2.448
1.224
2.448
1.224
5.608
3.672
1.224
3.772
5.508
5.508
5.196
2.448
2.448
2.448
3.672
3.772
2.448
3.672
5.508
4.284
3.672
1.224
1.224
1.224
1.324
3.672
1.224
1.224
4.384
5.508
1.224
5.508
1.224
1.224
1.224
1.224
3.06
1.224
2.448
3.672
3.672
2.448
3.672
2.448
1.224
2.548
2.548
2.448
3.672
3.672
3.06
4.896
3.872
1.224
1.224
2.448
3.672
3.772
2.448
2.448
2.448
1.224
2.448
3.772
1.224
3.672
3.672
2.448
3.672
5.508
2.548
6.732
3.16
4.284
1.224
5.508
2.448
5.508
2.448
2.448
2.448
5.508
2.448
1.224
2.448
4.284
4.996
3.672
2.448
3.06
2.448
2.448
1.224
1.224
2.448
2.448
2.448
3.06
2.448
1.224
1.224
2.648
4.284
2.448
1.224
1.224
4.284
2.448
1.224
2.648
3.672
1.424
3.672
3.672
1.224
1.424
2.448
5.608
5.608
2.448
4.896
4.284
3.672
3.672
3.672
3.772
2.448
3.672
3.772
3.672
1.224
5.508
3.672
2.748
3.772
3.672
3.672
3.672
3.672
3.672
6.832
3.672
3.672
2.448
6.832
6.932
6.732
3.772
2.648
2.448
3.672
1.224
1.224
1.224
3.16
2.448
4.284
3.672
5.508
3.672
3.672
2.548
2.448
2.448
4.284
3.672
4.284
2.448
2.448
2.448
3.672
2.548
3.972
3.672
3.672
3.672
2.548
3.672
5.508
1.224
5.096
1.324
5.096
5.196
3.672
3.672
5.096
3.772
4.896
2.448
4.284
4.284
4.996
3.06
1.224
2.448
2.448
2.548
3.06
2.448
1.224
2.448
0
1.224
4.384
0
2.448
1.836
0.3
1.224
0.1
0
2.448
4.284
1.324
2.448
0.1
0
0
1.224
0
0.1
1.324
0
0
1.224
1.224
1.224
1.224
0
1.424
1.224
0.1
1.224
0
0
1.224
0
0
0
1.224
1.224
0
1.224
0.2
1.836
1.224
0
0
1.224
1.224
1.224
1.224
1.424
0
1.224
0
1.324
0.1
2.448
0.1
0
1.424
1.424
0
1.836
0
1.224
2.448
1.224
1.224
0
0
0
0
0
0
0
1.224
1.224
0
1.224
1.224
0
1.324
2.448
1.224
0
2.548
1.324
1.224
0
0
2.448
1.224
1.224
1.224
1.224
1.224
0
0
1.424
1.224
1.224
0
1.224
1.836
1.324
0
1.224
2.448
0
0
0
0
0
0
0
1.224
2.448
1.224
0
1.324
1.224
1.324
1.224
0
0
1.224
0
1.224
1.224
1.324
1.224
1.224
1.224
0
1.224
1.224
0
1.224
1.224
0
0
0
1.224
2.448
0
0
0
1.224
0
1.224
1.224
1.224
0
0
1.224
0
0
1.224
1.224
1.224
1.224
1.224
1.324
0
1.224
0
0
0
1.224
1.224
1.224
1.224
1.324
0
0
0
1.224
0
1.836
0
0
1.224
1.224
1.224
0
1.224
1.224
0
2.448
1.224
0
1.224
0.1
1.224
0.1
0
1.324
0
0
1.324
2.548
1.324
2.448
1.224
1.224
0.2
1.224
0
2.448
0
1.224
1.224
0
0
0.1
0
0
0
1.224
1.224
1.224
1.224
1.324
0
2.448
1.224
1.224
1.224
0
1.224
1.224
0
0
1.224
0
1.224
1.224
1.224
1.324
1.224
0
1.324
0
1.224
0
0
0
1.224
0.1
0
0
0
0
0
1.224
1.224
0
1.324
2.448
0
0
0
0
0
1.224
0
1.224
0
0
0
1.224
1.224
2.448
0.1
1.224
1.324
1.224
2.448
1.224
0
1.224
1.224
1.224
1.224
1.224
1.224
1.224
1.224
1.224
0
1.224
0
0
1.224
1.224
1.324
1.224
0
0
0
0
0
0
1.224
0
2.448
0
1.224
0.1
0
1.224
1.524
0
0
0
2.448
0
1.224
2.448
2.648
0
1.224
0
1.224
0
1.224
0
1.224
1.224
1.224
1.224
1.224
0
1.224
0
0
0
1.224
1.224
1.224
0
1.224
1.224
1.224
0.1
0
0
0
1.224
1.324
0
0
1.224
0.1
0
0
0
3.672
0
0
2.448
1.224
1.224
1.224
0
1.224
1.324
1.224
1.224
0
0
1.224
0.1
0
1.224
0
1.224
1.224
2.448
0
1.224
1.324
2.448
1.224
1.224
0
2.448
0
0
1.224
1.224
0
1.224
0
1.224
0
0
1.836
1.224
1.224
0
1.224
1.224
1.324
0
1.224
1.936
0
0
2.548
0
2.448
1.224
0
1.424
0
0
0
2.448
2.448
0
0
1.224
1.224
0
0
1.224
0
1.224
0
0
0
1.224
1.224
0
0
1.224
2.448
1.224
0
2.648
1.324
1.224
0
1.224
0
0
1.224
0
0
2.448
1.224
2.448
0
1.224
1.224
0
1.224
1.224
0.1
0
1.224
0
0
1.224
0
0
1.224
0
1.224
0
1.224
1.224
1.224
0
1.224
2.448
1.224
1.224
1.224
1.224
0
1.224
2.448
0
1.224
0
0.1
1.224
0
1.224
0
0
0
0.1
1.224
0
0
1.224
0
1.224
0
1.224
0
1.224
0
0
1.224
0
0
1.224
0
1.324
0
0
0
0
0
1.224
0.3
0
0
1.324
0
1.224
0
0
1.224
0
1.224
2.448
1.836
0
0
0
1.224
1.224
1.224
0
1.224
0
2.448
0
1.224
1.224
2.548
1.224
0
1.224
1.224
1.224
1.224
0
1.224
2.548
0
0
1.224
0
0
1.224
1.324
0
1.224
0.1
1.324
0
1.224
0
2.448
1.224
0
0
1.224
1.224
1.224
0
1.224
0
0
0.1
1.324
1.224
0
0
1.224
2.448
0.1
1.224
0
0
0
1.324
2.448
1.224
1.224
1.224
0
0
0
0
1.224
0
0
0
0
1.224
1.324
1.224
1.324
2.448
1.224
2.448
1.224
0
2.448
1.224
0
0
0
2.448
2.448
0
1.224
0
0
1.224
1.224
0
1.224
0
2.448
0
0.3
0
0.2
0
0.2
1.224
2.448
0
0
4.072
1.224
1.836
2.448
1.324
1.224
0
0
0
0
0.1
2.748
0
0
1.224
0
0.2
2.448
0
1.224
0
1.224
1.224
1.224
0
0
0
0
1.224
1.224
0
1.224
0
1.324
1.224
2.448
0.2
1.224
1.224
0
1.224
0.1
1.324
0
0
1.224
1.224
0
1.224
0
0
0
0
3.16
0
1.224
1.224
2.748
1.224
1.224
1.224
0
1.224
0
1.224
1.224
0
1.224
2.448
1.224
1.224
0
1.224
2.448
0
1.224
0
1.324
0
1.224
0
0
2.548
2.448
0
0
0
1.224
1.224
1.224
1.224
1.224
1.224
1.224
0
0
0
1.224
1.424
1.324
1.224
0
1.224
0.1
1.224
0
1.224
0
0
1.224
0
1.324
1.324
1.224
1.224
1.324
1.224
1.324
0
1.224
0
2.548
2.448
2.448
4.284
2.448
0
2.448
0
2.448
0
0
0
1.224
0
0
1.224
0
0.2
0
0.3
0
2.448
0
0.1
0
4.284
0
0
1.224
4.284
1.224
0
1.224
4.384
0
0
2.748
2.448
1.224
3.06
1.224
3.06
0.4
1.424
0
0.3
3.672
2.448
0
1.224
3.06
1.836
1.836
1.224
0
1.224
1.224
0
1.224
3.06
1.224
3.972
0
1.324
2.448
2.448
3.06
1.224
1.324
2.448
0
1.224
1.224
0
2.548
2.448
4.072
0
1.224
1.224
1.224
0
4.384
2.448
2.448
1.224
0
0
2.448
1.836
5.296
4.896
2.548
5.608
1.224
2.448
5.196
2.448
4.896
2.448
3.772
0
2.448
3.06
1.224
0
0
0.1
0
0
0
2.448
1.224
2.448
