0.6
0.2
2.024
1.324
1.324
0
0
1.836
0
0
0
0
0.3
0.4
0.5
1.836
0
0.1
0
0.1
0
0
0
0
0.1
0.1
0.1
1.324
1.324
1.224
1.836
1.224
0.7
1.224
0.1
1.836
1.836
0
0
0.2
0
0.4
1.836
0
0
0
0
0.2
0.1
0.1
0
0
0.1
0
0
1.836
0.1
0
0.1
0.1
0.4
0.1
0
0.3
0.5
0.1
0.1
0
0
0.6
0.2
0.4
0
0
0.5
0.1
3.06
0.1
0
0
0.5
0
0.1
0
0
0
0
0
0
0.7
0
0
0.1
0.1
0
2.036
1.936
0
1.224
1.836
0
0
0.3
0
1.836
0
0
0.6
0.1
1.224
0
0
0
0
0
0.1
0
0.2
0
0
1.1
0
0
0.4
0
1.324
0
0
1.324
0.3
0.3
0
0.1
1.224
0.1
0.3
0.2
0.1
0
0.1
0
0
0
0.1
0
0
0
0
0.1
0
0
0
0.2
0.1
0.1
0.1
0
0.1
0
0
0
0
0
0
0.1
0.2
1.836
0
0
1.2
0
0.3
0.1
0
0.1
2.136
0
1.224
0
0
0
1.324
0
0.1
0.3
0.2
0.6
0
0
0
0
0
0.2
0.5
0.2
0.2
0
0
1.224
0.5
0.2
1.836
0
0.2
0.6
0
0
0.3
0
0
0
0.3
0.3
0
0
1.4
0
0.8
0
0
0
1.224
1.824
2.448
1.224
1.224
1.224
1.224
1.524
1.324
1.324
1.224
0
0
0
0
1.3
0
0
0.1
0
0.2
0.1
1.224
0
0.1
1.224
3.06
0
0.3
0
0.2
0.2
0
0
0
0
0.2
0.1
0.1
0
0
0.1
0.3
1.224
0
0.4
1.224
0
0
0
0.1
0
0.1
0.4
0
0
1.224
0
0
3.06
2.448
2.648
2.448
1.424
0
1.224
1.224
0.1
0
0
2.448
0
0.5
0
0
1.224
0
0.1
0
0.1
0
0.1
0.2
0
0.1
0.3
0.1
0
0.3
0
0.1
0.1
0
0
0.1
0
0
1.836
0.2
0.1
0
0.2
0.1
0.2
0
0
1.224
0
0
0.5
1.936
1.224
0.1
0
0
1.224
0
0.6
0
0
0
4.16
0
0.4
0.4
1.224
0
2.336
0
0
0.1
0.2
1
0
0.1
1.836
0
0
0
0
1.836
0
0
0
0
0
1.224
0
0.1
0
0
0.1
0
0
0
1.624
0
0
0.1
0.1
0.7
4.284
0
3.06
1.324
2.548
1.324
1.224
1.224
1.224
1.324
1.924
1.324
1.324
0.1
0
1.424
1.224
1.224
1.224
1.324
1.224
2.848
2.448
1.224
2.548
2.448
1.224
1.324
1.524
1.424
1.424
1.224
1.324
1.324
1.224
1.224
1.224
1.824
1.224
1.224
2.448
1.624
1.324
1.224
1.224
1.224
1.424
1.424
1.224
1.224
1.324
1.224
1.424
1.524
1.324
1.624
1.324
1.624
1.224
1.324
1.224
1.324
1.424
1.224
4.284
1.224
1.324
1.224
1.224
1.224
1.224
1.624
1.224
1.324
1.224
2.448
1.224
1.524
1.224
1.324
1.224
1.424
1.224
1.224
1.424
2.124
1.724
1.224
1.524
3.048
1.224
1.324
1.324
1.224
1.424
1.224
1.624
1.424
1.224
1.224
1.224
1.224
1.324
1.224
1.224
1.524
3.36
1.224
1.324
2.448
1.324
1.324
1.224
1.224
1.224
1.224
2.648
1.324
1.224
1.224
1.224
1.224
1.224
2.548
1.224
1.624
1.224
1.224
1.224
1.324
1.324
1.224
2.448
1.224
1.224
1.224
1.224
1.224
2.024
1.224
1.224
1.224
1.224
2.648
1.424
2.448
1.224
1.224
1.224
1.324
1.424
1.224
1.224
2.448
1.224
1.324
1.224
1.424
1.424
2.548
1.224
1.324
3.16
1.324
1.524
1.324
1.224
1.224
1.224
1.224
1.324
1.424
1.224
1.224
1.224
1.624
1.224
1.224
1.224
1.224
1.224
1.224
1.324
1.224
1.324
1.324
1.524
1.224
1.224
1.224
1.224
1.224
1.224
1.224
1.224
1.224
1.224
1.724
1.224
1.224
1.324
1.224
1.224
2.548
2.448
1.224
1.424
1.224
1.324
1.324
1.224
1.424
1.324
1.224
1.224
1.224
1.224
1.224
1.224
1.224
1.224
1.224
1.224
1.524
1.424
1.324
3.06
3.06
1.224
1.424
1.424
1.224
1.224
1.524
1.224
1.324
1.924
1.224
3.06
1.224
1.224
1.224
1.224
1.224
1.224
1.424
2.448
1.224
3.06
1.224
1.324
1.224
1.324
1.224
1.224
4.284
1.224
1.224
1.324
1.224
1.224
2.448
1.324
2.448
1.224
1.624
1.224
1.224
1.224
1.224
1.324
1.524
1.324
1.224
1.224
1.224
1.224
1.424
1.624
1.224
1.424
1.324
1.224
1.224
2.448
1.224
1.324
1.224
1.224
1.224
1.324
1.224
1.424
1.224
1.224
1.224
1.224
1.524
1.224
1.324
4.684
1.224
1.224
1.224
1.324
1.224
1.224
1.424
2.548
1.224
1.224
2.548
1.224
1.324
1.224
8.084
1.224
1.224
1.224
2.548
3.06
1.324
1.224
1.224
1.224
2.648
1.424
1.324
1.324
1.224
1.224
2.448
1.224
1.324
1.224
1.324
1.224
2.448
1.324
1.424
1.224
1.224
1.224
1.224
4.284
2.548
1.224
2.748
2.724
1.324
1.424
1.224
1.224
1.324
1.224
1.324
1.524
3.26
1.524
1.224
1.424
1.424
1.224
2.548
1.224
1.224
2.548
1.224
1.324
1.324
1.324
2.448
1.224
1.224
1.224
2.524
2.648
1.224
1.324
1.524
1.324
1.224
1.224
1.224
1.224
1.224
1.224
1.224
1.524
1.524
1.224
1.224
2.448
1.224
1.224
1.224
1.224
1.224
1.224
1.224
3.06
1.224
2.448
1.224
1.224
1.324
3.06
1.324
1.624
1.224
1.224
2.448
1.224
1.224
1.224
1.224
3.36
2.024
1.224
1.224
1.224
1.224
4.384
1.224
1.524
1.224
1.324
1.324
1.224
2.448
1.224
1.224
1.324
2.548
1.324
1.224
1.224
1.324
1.224
1.224
1.224
1.224
1.224
1.224
1.224
1.224
2.548
1.324
1.224
1.224
1.224
1.224
3.06
1.224
1.224
1.224
1.224
1.224
1.224
1.524
1.224
2.648
1.224
1.224
2.548
1.224
1.224
2.448
1.224
1.224
2.648
2.448
1.224
1.324
2.648
1.224
1.224
2.448
1.224
1.224
1.224
1.224
1.524
1.424
1.224
1.924
1.224
1.224
1.224
1.324
1.224
1.224
1.224
1.424
1.824
1.224
1.324
1.324
1.224
1.224
1.224
1.224
1.324
1.224
4.284
1.224
1.224
2.448
3.06
1.224
3.16
1.224
1.324
1.224
1.224
1.224
2.448
1.424
1.324
1.224
1.324
1.224
1.324
1.624
1.424
1.224
1.224
1.224
1.224
1.224
1.224
1.424
1.224
1.624
1.224
1.224
1.324
1.324
1.224
1.424
1.424
1.224
1.224
1.324
3.06
1.324
2.548
1.524
2.548
1.824
2.548
2.648
1.224
1.224
1.224
1.724
2.548
1.424
3.36
1.224
1.224
1.224
1.224
1.224
1.324
1.224
1.224
1.324
1.324
1.324
1.724
1.224
2.648
1.224
1.424
1.224
1.324
1.224
1.224
1.624
1.224
1.224
2.548
1.624
1.224
1.224
1.224
1.224
1.324
1.224
1.324
1.324
1.224
1.424
1.324
1.324
1.224
1.224
1.424
1.224
1.224
1.224
1.224
1.224
1.224
1.424
1.224
1.224
1.224
2.448
3.36
1.324
1.224
1.224
1.324
0.3
1.836
0.2
0.4
0.1
0.2
0
0
0
0.1
0
0.1
0
0
1.836
0.9
0
0.2
0
1.224
1.224
0.5
1.224
1.936
1.836
0.1
0.1
0
0.3
0
1.224
0
0
0.1
0
0.1
0
0.5
0
0.3
0
0
0
1.824
0
1.836
0
0
0.1
0
0.5
0.2
0.2
0.1
0
0.1
1.224
0
0
0
1.7
0.1
0.1
0.2
0
0.6
1.224
0
0
0.7
0
0.1
0
0
0.1
1.224
0.5
0
0.1
0.1
0
0
0
0.1
0.2
0.1
0
0.1
1.224
0
0.1
0.1
0
0.1
0.1
0.3
0.2
0.1
0.1
0.1
1.324
0
1.324
0
0
0
0
0
0.3
0
0
0
0.1
0
0.2
0.2
0
1.324
0.2
0
0
1.324
0
0
0.5
0.2
1.224
1.224
0
0.2
0
0
0
0
0.1
0.1
0.2
1.224
0
0.3
0.2
0
0.1
0.1
0
0.4
0
0.1
0
0
0.1
0
0
0.1
0.1
0
0.2
0
0
0.1
0
1.224
0.3
1.224
0
0
0.1
0.1
0
0.3
0
0.2
0.7
0.2
0
0.3
0
0
0
0.1
0
1.424
0
0.2
0.1
0
0
0
0
0.2
0
1.224
0
0.1
0
0
0.1
0
0
0
0
0.1
0.8
0
0.2
1.224
0
0
0.1
1.324
0.1
1.224
1.224
0.1
0
2.724
0
0
0.2
0.1
0
1.224
0
0.2
0.1
0.3
0
0
0
0.2
1.424
0.1
0.4
1.224
1.524
1.524
0
0
0
0.2
0
0
0
0
0
1.324
0
1.224
0.3
0.1
0.3
1.524
0.2
0
0
0
1.836
0
1.6
0.4
0
0
0
0
0
1.324
0
1.324
0
1.224
0.2
0.1
0.1
0.1
0
0
0
0.1
0.1
0.6
0
0
0
0
0.1
0.1
0
0
0.1
0.1
0.1
0
0.2
0.4
0
0.3
0
0
0
0.1
0
0
0
1.324
0
0
1.424
0
0.3
0
0.4
0
0
0.3
0.2
0.1
0.3
0
0.2
0
0
0.7
0.3
0
0
1.836
0
0
0
0.1
0.1
0.3
0
0.1
0
0
0.4
0.1
0.1
0
0
0
0.1
0.1
0
0.1
0
0
0
0
0.1
0.1
0
0.2
0.1
0.1
1.936
0.1
0
0
0
0.2
0
0.2
0
0.1
0
0
0
0.1
1.324
1.224
0.1
0
0
0
0
0.1
0.2
0
0
0.2
0.5
0
0
0
0.1
0.1
0
0
0
0
1.224
0
1.224
0
0.2
0
0
1.624
1.324
0
0
0.2
0
0.2
1.424
0
3.06
0
0
0.5
0.1
0.2
0
1.224
0.1
0.1
0
1.424
0.1
0.4
0
0.5
0.3
0.2
0
0
0.3
0
0.4
0
0
0.1
0
0
0.1
0
0.1
0.1
0.1
0
1.224
0
0.1
0
1.224
1.224
0
0
1.224
0.5
0.4
0.2
0.1
0
0.1
0.5
3.56
3.16
1.324
0.1
1.224
0
0.2
0.1
0
0
1.836
0.5
0
0
0.1
0.1
0.2
0.1
0.1
1.224
0.3
0.2
0.1
0.1
0
1.524
0.1
0
0
0.1
0
0.1
0
0
1.424
0
0.2
0.3
0
0
1.324
0
0
0
0
0
0.2
1.324
0
0
0
0
0
0.1
1.224
0.7
0.2
0
0
0
0.1
0
1.324
0
1.524
0
0.1
0.1
1.324
0.1
1.224
0.6
0
0
0.6
0.3
0
0
0.1
1.324
0
0
0.1
0
0
0
1.224
1.224
0.4
0
1.224
1.224
0
0
0.1
0
1.324
1.224
0
0
0
0.2
0.1
0
0
0
0.3
0
0
1.224
0.1
0
0
0
0
0
0.4
2.736
0
0
0.2
0
0
1.224
0
0.2
1.324
0
0
0
0
0
0
0.2
0.2
0
0.3
0.1
0.1
0.1
0
0
0.1
0.1
0.1
0.2
0.3
0.2
0.1
0
0.1
0.1
0
0.3
0.1
0
0.1
0.1
0.1
0.6
0.3
0.1
0.1
0
0
0
0.1
1.224
0
0
0
0.1
0
1.224
0
0.1
0.1
0
1.324
1.224
1.836
0.1
0
0.2
0.1
0.8
0
0.1
0
0.6
0.7
1.224
0
0
0.6
0
0
1.224
0.3
0
0
0.1
0
0.2
0.1
0.3
0.1
0
0.2
0
0.5
1.224
0.1
1.224
1.836
0.1
0.1
0
0.2
0.1
0.1
0
2.036
0
0
0
0.5
0
0
0.1
0.9
0.1
0
0
0
0.2
2.424
0.3
0
1.224
1.224
1.224
0.1
0
0.2
0.1
0
0.1
0
0.1
0.3
1
0.1
1.224
0
0
0
0
0.1
0.2
0
1.224
0.1
1.224
0.2
0
0
0.3
0
0.2
0.1
0
0.2
0.2
0
0
0.5
0.3
0.2
0.2
0.1
0
0.2
1.324
0.3
0
1.524
0.1
0.6
0
0.1
1.324
0.2
0.4
1.324
0
0.3
0.2
1.836
0
0.1
0
1.324
0
0
2.124
0.4
0
0.1
0.2
0.3
0.1
0
0.4
3.16
0
1.224
1.324
1.224
1.324
0
0
0
0.2
0
0
0.1
0.1
0.3
0.1
0
0.1
0.3
0
1.2
0
0.1
0
0.1
0
1.224
0
0
0
0
0.1
0
0
0
0
0
2.624
3.06
0
0
0.7
0.2
0.9
0.5
0
1.1
0.1
0
0.2
0
0
0
0.3
3.672
0
0
0
0
0
0
0
0
0
0
1.224
0
0.2
0.1
3.26
0
0.1
0
0.4
1.324
0.1
0
0
0
1.836
0
0
0.3
0.4
2.548
0
0.1
0
0
0
0
1.224
1.224
1.524
1.324
1.324
1.424
1.224
1.324
1.324
1.224
2.548
1.524
0
1.224
1.224
0
0.1
0.3
0.6
0
0
1.624
0.7
1.524
