0.1
0
2.848
2.648
3.772
0
0.2
1.224
0
0
0.1
0
1.324
0.4
0.5
0
1.224
1.224
1.224
1.224
0
0.1
1.224
1.224
0.1
1.224
1.224
2.448
2.448
2.448
1.224
1.324
0.5
0
1.424
0.2
0
0
0
0.1
0
0.6
0
0
0.1
0
0
1.324
0.2
0
0
0
0.1
1.224
0
1.224
1.324
1.224
0
0.5
1.624
1.424
0
1.724
0.2
0
1.224
1.224
0
1.824
0.1
1.324
1.324
0
1
0.4
1.224
0
1.324
0
1.324
1.224
0
1.324
0
1.224
1.224
0
1.224
2.548
0
1.224
1.224
1.224
1.224
0.1
0
1.224
1.224
1.224
0
2.024
1.524
0
1.224
0
0
0.2
1.224
0.1
1.424
1.224
0
1.224
0
0.1
0
2.448
0
0
1.824
0.1
1.224
1.524
1.324
0
0
0
0.1
1.324
0.3
0
1.424
0
0.3
0.2
0
1.424
0
0.2
0
2.448
1.224
0.1
1.224
1.224
0
1.324
0
1.224
0
0
0
0
0.3
0.4
1.524
0.2
0.5
0
0
1.324
0
1.224
0.1
1.324
1.224
1.224
0.1
2.124
1.324
1.624
1.224
0
1.224
1.624
1.224
1.224
0
0.2
0.1
1.524
0
2.548
0.4
2.548
0.2
1.224
1.324
2.648
0.3
0
0
1.524
1.224
0
0
0
1.224
1.524
1.424
1.224
0
1.324
0.3
1.224
0
0.1
1.524
1.224
1.224
0.3
1.324
1.224
0
1.524
0
1.924
0
1.224
1.224
1.224
1.824
2.748
2.448
1.324
1.224
1.324
2.748
2.448
2.548
2.448
1.324
0.1
1.224
0
3.548
0
0
0
0
0.3
0.1
1.224
1.224
1.224
1.224
2.548
0.2
0.4
0
1.324
1.324
1.224
1.224
0
1.224
1.324
1.324
0.1
1.324
1.224
0.1
0.3
1.224
1.224
0.3
1.224
0
1.224
0
0.3
0
1.224
1.324
0
1.224
1.224
1.224
1.324
3.672
2.448
3.672
2.448
3.872
0
0
0
1.224
0
0
2.448
1.224
1.624
0.1
0
1.424
0
1.324
0
1.424
1.224
0
0.1
0.1
1.224
1.224
1.324
1.224
1.224
2.548
1.224
1.224
1.224
1.224
1.424
0
0
0
0.1
0
0.1
0.2
0.1
1.324
0
1.224
1.224
0.1
1.224
1.224
2.448
1.224
0
0
1.224
0
0
0.4
0.1
1.224
0
1.824
1.324
0.2
0
0
1.224
0.4
1.224
0
1.324
1.824
1.924
1.224
0
0
1.224
1.324
1.324
0.1
0.1
0
0
1.224
0
1.224
1.224
0
1.224
1.224
0.3
1.224
0.1
1.224
1.224
3.148
0
0.1
0.1
1.424
1.524
2.548
1.224
2.448
1.224
2.448
1.524
1.224
1.224
1.324
2.448
2.848
3.672
2.448
0
0
1.224
1.224
2.448
2.548
2.448
1.224
2.948
2.448
1.224
3.672
3.672
1.224
2.548
1.524
1.424
3.772
1.224
2.448
2.648
1.224
2.448
4.172
2.648
1.224
2.548
1.324
2.548
1.224
1.224
2.448
2.448
1.324
2.548
3.672
2.648
1.224
1.324
2.548
2.548
1.224
2.948
1.224
2.748
2.448
2.648
3.672
2.448
2.448
2.448
3.672
2.448
1.224
1.324
2.548
1.224
2.448
2.548
2.448
1.224
1.324
3.772
1.224
2.548
1.224
2.448
1.224
1.324
2.448
2.548
1.224
2.024
1.324
2.448
1.324
1.724
1.224
2.548
2.548
1.624
2.648
3.672
1.324
2.748
2.548
1.224
1.224
1.224
2.548
1.224
3.672
2.548
2.448
2.448
1.224
3.672
2.448
3.672
1.224
1.224
2.448
1.224
2.648
2.448
1.224
2.648
1.224
1.224
1.324
2.448
2.448
2.548
2.448
2.448
1.224
3.872
2.548
1.224
2.448
3.672
2.448
1.324
2.448
2.448
2.748
1.224
2.448
1.224
2.448
2.648
2.748
2.448
2.448
1.224
2.448
2.548
2.648
1.324
1.224
3.672
1.224
1.324
1.224
1.324
2.448
2.548
3.672
1.324
2.448
1.224
2.448
2.648
2.548
1.324
1.224
1.224
2.448
1.224
1.224
1.224
1.224
2.648
1.224
1.324
3.772
1.224
2.548
2.448
2.648
1.224
2.448
1.224
1.224
2.548
1.224
1.224
2.448
2.548
1.324
1.224
2.448
1.224
1.224
1.624
1.724
2.448
2.548
1.224
1.324
1.324
2.448
1.224
2.548
1.324
1.324
2.448
2.448
1.324
1.224
2.448
1.424
1.324
1.224
2.448
2.448
2.448
3.672
1.224
2.548
2.548
2.448
1.424
2.448
2.448
1.224
3.772
1.324
2.448
1.224
1.224
1.324
1.224
2.324
2.548
2.448
2.448
1.224
1.324
2.448
2.448
2.448
2.548
2.548
1.224
1.224
2.448
1.224
1.224
2.548
2.448
2.448
2.448
1.224
1.224
2.548
2.448
1.224
2.448
1.224
2.448
1.224
1.424
2.448
1.224
2.448
1.224
1.224
1.324
1.324
2.448
1.224
2.448
2.448
1.224
2.748
1.224
2.648
1.224
2.448
2.448
1.224
2.448
3.772
1.224
2.448
1.224
2.448
2.548
2.448
1.224
3.672
1.324
1.224
2.648
1.224
2.448
2.848
1.224
2.448
2.448
1.224
3.672
1.224
1.224
2.448
1.224
2.448
3.672
1.224
1.224
3.672
1.324
2.448
2.448
2.448
1.224
2.448
6.572
3.672
1.224
1.224
1.324
1.224
1.224
2.548
2.548
2.548
2.448
2.448
1.224
2.448
2.648
1.324
2.448
1.224
2.548
1.324
2.448
1.224
1.224
1.224
2.448
2.448
2.548
1.924
1.324
1.224
2.448
2.448
2.448
2.448
2.448
1.324
2.448
2.548
2.448
1.424
3.672
1.224
2.648
2.448
2.448
1.224
2.448
1.224
1.324
3.672
2.448
2.448
1.524
3.672
2.124
3.148
1.224
1.324
2.448
3.772
2.448
1.224
1.224
1.224
2.448
1.224
3.672
1.624
2.548
1.224
3.672
2.448
1.224
2.448
2.548
2.448
1.224
1.224
1.224
2.548
1.324
3.672
2.448
1.324
2.748
2.448
2.548
2.848
1.224
2.548
2.448
3.672
1.324
2.548
2.448
2.448
4.272
2.448
1.224
1.224
1.524
1.224
1.224
3.772
2.448
2.548
2.448
1.224
2.548
2.448
2.548
2.448
2.448
2.448
1.224
2.448
1.224
2.448
3.672
2.448
1.224
3.672
1.224
1.224
1.224
1.224
2.448
2.448
2.448
2.448
2.448
1.224
2.448
1.224
1.224
1.224
1.224
1.224
2.448
2.448
2.448
2.648
2.548
3.872
2.548
1.224
3.672
2.448
3.672
2.848
2.548
1.224
2.448
3.772
2.548
1.324
1.224
1.224
1.224
1.224
2.448
1.324
1.224
1.224
4.172
2.448
2.448
3.672
2.448
3.772
2.448
1.224
2.448
2.448
1.224
1.224
2.448
2.448
1.224
1.324
2.548
1.224
1.224
2.548
1.324
2.548
1.224
2.448
2.448
1.224
1.224
2.648
3.672
1.224
2.448
2.448
1.224
1.224
1.224
3.872
2.448
2.448
2.748
2.748
1.324
2.448
1.324
2.448
1.224
2.448
1.424
3.672
1.424
2.448
1.224
1.324
2.448
2.448
2.648
2.948
1.424
3.672
2.448
3.672
1.424
3.672
3.148
3.672
3.972
4.072
1.424
2.648
2.448
3.672
4.072
3.772
2.448
2.448
1.224
1.224
1.224
2.548
1.424
3.672
1.324
2.448
2.448
2.448
2.448
4.072
3.672
3.772
2.448
1.224
1.224
1.224
2.448
2.548
2.448
2.448
2.448
2.448
3.672
2.448
3.672
1.224
1.324
1.324
3.772
3.772
3.972
2.448
1.324
1.224
1.224
2.648
2.548
3.972
1.224
1.324
2.448
3.672
2.448
2.448
2.748
1.324
1.324
2.648
2.648
2.648
2.748
1.224
1.224
3.872
1.224
1.224
1.324
1.724
1.424
0
0.1
1.224
0
1.324
1.324
1.224
1.224
1.224
0
0.4
0
1.624
0
1.224
1.324
1.424
1.224
0.1
0
0.2
0.1
0
1.224
0
1.224
0
0
0
0
1.324
0
3.148
0
0.2
0
0
1.224
0.4
1.224
1.224
0
0
0
0
1.624
1.224
0
0.1
0.1
0.1
1.224
0
0.1
0
1.3
0.1
0.1
0.1
0.2
0.6
1.224
0.1
0
0.5
0.1
1.324
0
0
1.224
1.224
0.2
0.1
0.2
0
0.1
0
1.224
0
1.324
1.224
0
0.1
0
0.2
0
1.324
0
0
1.324
1.424
1.324
1.224
0.1
1.424
2.448
0
0
2.448
0
0
0.1
0.1
0.5
0
0
1.224
0
0
0.1
1.224
0
2.448
0
1.224
1.224
1.224
0
0
1.224
0
0.1
1.224
0
1.524
0
0
0.1
1.224
1.224
1.224
0
0
0
0.3
0.1
0.1
1.224
1.424
0
0.1
0
0
1.224
0
1.424
1.224
0.1
0
0.1
1.224
0.1
1.224
1.224
0
2.448
0
0.2
1.324
0
1.224
0.1
0.1
1.224
0.1
0
0
0.4
0.1
0
0.3
0
0
0.1
0.2
1.424
2.448
1.224
0.3
1.224
0
1.224
0.2
0
0.3
0.1
0
0
0
0
0.1
0.1
1.224
0.1
1.224
1.224
0.1
0
0
0
0.1
0.1
1.224
1.224
0.1
0
1.224
1.324
0.1
0
2.824
0
0
0
1.224
0
0
1.224
1.324
0.1
0.2
1.324
0
0.1
0.1
0
0
0.4
0
2.448
1.324
0
0
0
0
0
0.1
0
0
0
0
1.224
1.324
1.224
0.1
0.1
1.424
1.224
0
0
0
0
0
2.324
0.2
0.1
1.224
1.424
0
1.224
0
1.324
0
1.624
0
1.224
0.1
1.224
1.224
0.1
1.224
0
0
0.1
1.524
2.448
0
0
1.224
0.1
0.1
0
1.224
1.224
0
0.1
1.224
0
0
1.324
0.1
0
0
1.624
1.224
0
0
0
0
0
0
1.324
1.224
0
0
0.1
0
0.1
0.2
0.1
0
1.324
0
1.324
1.224
0
0.4
0.1
0
1.224
1.224
1.224
1.224
0
1.324
0
1.324
1.224
0
0.1
0
0.3
2.448
0
0
1.224
0
0.3
1.424
0.1
0
1.224
0.1
0
0
1.624
0
0.1
2.548
0.2
1.324
0
0
0.2
0.2
0
0
0.2
0.1
1.224
0.1
0
1.224
0
1.224
2.448
0
0
0.1
0
2.448
0
0
0.2
0.1
0.1
0
0.1
1.224
1.224
1.224
0
1.224
1.224
0
0
0
2.448
0
0
1.224
1.224
0
1.224
1.524
0
1.224
0
1.324
1.224
0.1
1.224
0
2.448
0.4
0
0
0.1
0.1
1.224
0.1
0
0
0
1.324
0
1.524
0
0.2
0.2
0.5
0
0
2.648
1.224
0.1
0
0
0.2
0.1
0
0.1
1.224
0
0
1.324
0
0
0
0.1
0
0
0.1
0
0
0
0.5
0.1
1.224
0
0
1.324
1.324
0.1
0
1.224
0.1
2.448
0
0.1
0
0
0
1.224
1.324
0
0
0.2
0.1
1.324
1.424
1.324
1.424
1.224
0
0
0
0
1.524
1.224
1.224
1.824
0.1
0.1
2.448
0
1.224
0.3
0
0
0.1
1.224
1.224
0
1.224
0
1.224
0
0.3
0.3
0
0
0
0
0
0.1
1.224
1.224
0.2
0
1.324
0.1
0.1
0
0
0
0
1.224
1.324
1.224
0
0
0.1
0
2.024
0
1.224
0.2
0.1
1.224
1.224
0.1
0
0.2
0
1.224
0
0.1
0
0.1
1.324
0.4
0.1
0.1
0
1.224
1.324
0
0
1.324
2.448
0
1.224
0
0.2
1.324
1.224
0
1.224
1.224
0
0
2.448
1.224
1.224
0
0
0
0
1.524
0.3
0.2
0
0
0
0
0
0
1.224
0
0
0
0
0
1.224
1.424
1.224
0
0.1
0.1
0.3
2.648
0
0
0
0
0.1
1.424
2.548
1.424
1.224
0
0
0.1
0
0
0.1
0
0
0
0
0
1.624
0.2
0
0
1.324
2.448
0
0.1
1.224
1.324
0.1
0.1
0
1.324
2.448
0.1
0.1
1.224
1.224
0.1
1.224
1.224
0
0
1.424
1.224
1.524
1.324
1.224
0
1.224
1
2.448
1.224
1.224
1.524
0
0
1.224
0.1
0
0
0
0
0
0
1.224
0.2
0.1
1.224
0
0.3
1.324
0.1
0.1
0
0
0
0
1.324
0.1
0
0
0
0
0.1
0
0.1
0.3
0
0.1
0.3
0
0
0.1
1.224
1.624
1.924
0.2
0
0.1
0
0
0.2
1.224
1.324
0.1
0.2
0.1
0
0
0.1
3.248
0
0.1
0
1.224
0
0
0.1
0.1
0
0
1.324
0
0
0.1
0.1
1.324
0.1
0
1.524
0
1.424
1.324
0
0.1
0.3
0.1
0
0.1
0.1
0
1.324
1.224
1.624
0
1.324
0.2
0.1
0
0
1.224
0
0.2
2.448
0.1
0.1
0.3
1.224
0
0
1.324
1.324
0
0
0.3
1.324
1.224
0.2
1.524
0.1
0.2
0
0.1
0
1.424
1.224
1.224
1.224
1.324
1.224
0
0
0.2
1.324
1.224
0
1.224
0.1
0
0
0.1
0.5
1.224
1.3
0
0
0
1.224
1.224
2.448
0
0
1.324
0
1.324
1.224
1.224
0
0.1
0
3.048
1.224
1.224
0
0.2
0
1.824
0.3
1.224
0.3
1.324
1.424
0.1
0
0
0
0.2
2.448
1.224
0.1
1.224
0
2.448
0
1.224
1.324
0.2
0
1.224
2.548
0.1
1.224
1.424
1.224
1.224
0
1.324
0
2.848
1.224
1.224
0
2.448
0
0
0
1.724
2.448
0.1
0.3
0
1.224
1.224
0
2.448
3.672
1.324
2.448
1.224
2.648
2.648
2.448
3.672
3.672
4.072
1.424
1.324
2.448
1.324
0
1.224
0.2
1
0
0
1.424
1.924
1.524
