0.1
0
1.824
1.424
1.224
2.036
0.1
0
0.2
0
0
0
0
0.9
0.2
0
0
0
0
0.1
3.06
3.06
0
0
0.2
0
0.3
2.648
2.548
2.448
0
1.224
1
0
0.1
0.1
0
0
0.2
0.2
0
2.236
0
0
0
0
0.2
0.3
0
1.224
0
0.1
1.624
0.1
0
0
0
0
0.1
0.4
0.4
0.1
0
0.2
2.036
0.2
0.1
0
0.2
0.8
0.1
0.2
0
1.836
2.836
0.6
0
0.1
0.1
0
0.3
0
0
0
0.1
0
0
0
0
0.3
0.1
0
0
0
0
0.4
0.3
0
0
0
0
0.2
0.1
0
0
0.1
0
0.7
0
0
0.1
0
0
0
0
1.936
0
0
0
0
1
0
0
0.2
0
0
0
0.1
0
0.2
0.2
0
0.1
0
1.936
0.2
0
0
0.1
2.036
0.1
0
1.836
0.1
0
0
0.1
0.1
0
0.1
0.1
0
0
0.1
0.5
0
0.1
0.2
0.4
0
0
0
0
0
0
0
0
0
0
0.6
0
0.3
0
0
0
0.2
0
0
3.36
0.2
0.1
0.3
0.2
0
0.2
0.1
0.4
0
0.1
0
0.2
0
0
0.2
0.1
0
0
0.1
1.224
0.3
2.036
0
0
1.524
2.536
0
0
0
0.1
0
0
2.036
0
0.1
3.772
0.5
1.836
2.236
0
4.896
0
0
1.924
1.224
1.224
1.324
1.224
1.324
1.424
1.224
1.324
1.224
0
1.936
0.1
0
0.9
1.836
3.06
0
1.836
0.3
2.436
1.224
0
0
0
0.1
0
0.1
1.224
0
1.224
0
0.1
0
1.836
0.4
0.1
0
1.324
0
0
0.2
0
0
0.6
0
1.224
1.224
1.836
0
1.424
0.1
0.7
1.324
0
0
0.1
0
1.224
1.324
1.424
1.224
1.224
0
0
0
1.324
3.16
3.06
1.224
0
1.2
0
0
0
0.1
0
0.1
0.3
0
0.1
0.1
0
0
0.4
0.2
0
0
0.5
0
0
0
0
0
0
0
0
0
0
0.1
0
0.1
0.2
0
0
0.1
0.1
0
0.3
0
0
1.836
1.836
0
0.1
0
0.2
0
0
0
0.5
0
0.1
2.136
0.2
0.1
0.2
0
0.1
0
0.3
0.8
0
1.836
0
0.1
0
0.6
0
0
0
0
0
0
0
0
1.836
0
0
0
1.224
0
0
0
0.2
0
0
0
0
0.4
1.224
0
1.224
3.26
1.224
1.624
1.224
1.224
1.224
1.224
2.124
1.324
1.424
0
1.836
2.648
1.224
1.224
1.324
3.06
1.224
1.524
1.224
4.384
1.224
1.224
4.484
1.224
1.924
1.324
1.224
6.12
2.548
1.224
3.26
1.224
1.224
1.224
4.284
3.26
1.324
1.224
1.224
2.448
3.16
1.224
2.748
1.324
1.224
1.224
1.324
1.324
2.548
1.424
3.06
1.424
1.424
1.224
1.224
3.36
1.224
1.224
1.224
3.06
1.224
1.324
2.448
3.16
1.224
3.06
1.224
1.224
1.324
4.284
4.584
1.324
1.224
1.624
1.224
1.224
1.324
1.524
1.324
1.524
1.524
2.024
3.26
1.224
1.324
1.724
1.324
1.224
1.524
1.324
1.324
3.06
1.224
1.324
1.224
1.224
3.06
1.224
1.224
1.324
1.224
1.424
1.224
1.224
1.224
1.224
3.06
1.324
4.284
6.12
1.224
2.648
2.648
1.224
3.16
1.324
1.724
1.224
1.224
1.224
3.16
1.324
1.224
2.448
1.224
1.324
1.224
3.06
1.224
1.224
3.06
1.224
1.224
1.324
1.524
1.224
1.224
4.284
1.224
2.648
1.624
1.224
6.22
1.224
1.224
1.524
1.424
1.224
3.06
1.324
1.324
1.224
1.224
1.324
1.624
1.224
1.224
2.548
1.224
1.224
1.324
3.16
2.548
3.06
4.284
1.224
1.224
1.424
1.224
3.06
1.224
1.324
1.424
3.06
1.324
1.224
1.324
1.224
1.224
3.06
4.384
1.524
4.384
1.424
1.224
1.224
1.224
1.224
1.224
4.284
1.224
2.448
1.324
1.624
1.224
1.224
1.224
1.224
1.424
3.06
1.224
1.224
1.224
1.324
1.224
1.324
4.896
3.348
1.324
1.224
1.224
1.324
6.12
1.224
1.224
1.324
2.548
1.224
1.224
1.324
3.56
1.624
1.224
1.224
3.06
1.224
2.948
3.06
1.224
2.848
1.224
1.224
1.624
1.424
1.224
1.224
1.224
3.06
1.324
1.224
1.424
2.548
1.324
1.224
1.224
1.224
4.384
3.06
1.424
2.448
3.06
1.224
1.324
2.448
1.424
2.448
3.06
1.224
1.224
1.224
1.224
1.424
1.224
1.324
1.224
1.224
3.06
1.524
2.448
2.448
4.384
2.448
1.224
1.224
2.024
1.324
2.548
3.06
4.284
1.224
1.224
1.424
1.524
1.224
1.224
2.448
1.324
1.324
1.524
1.224
1.224
1.224
1.424
1.424
1.224
1.224
3.46
1.224
2.448
1.224
2.448
1.224
1.224
1.524
1.324
3.06
1.224
1.324
1.224
1.224
1.224
1.224
2.448
1.224
2.448
1.224
1.324
1.224
1.224
9.32
1.424
1.224
3.56
1.224
1.424
1.224
1.224
1.224
1.224
1.224
1.224
1.224
1.224
1.224
1.424
1.224
1.224
1.224
3.06
1.224
3.06
2.448
1.224
1.224
3.86
1.224
1.324
2.548
1.224
3.06
1.224
3.06
1.224
1.224
1.224
2.648
1.224
1.624
1.224
1.324
1.324
1.224
1.324
1.224
1.324
2.448
1.324
1.224
1.224
1.324
1.224
1.924
1.624
1.224
1.224
1.224
2.448
1.224
1.224
1.224
4.284
1.224
4.484
3.06
1.324
1.224
3.06
1.224
1.224
1.224
1.324
2.448
1.224
1.224
1.224
1.324
1.324
3.16
1.224
3.06
1.224
2.648
1.224
1.424
1.624
4.284
2.448
1.224
1.224
1.224
1.224
4.284
1.424
1.724
3.06
1.324
3.06
1.224
1.224
3.06
1.424
3.06
1.224
1.324
1.224
1.224
1.224
1.224
2.648
1.224
1.224
1.224
1.224
2.548
1.224
3.26
1.224
4.284
3.06
1.224
1.224
1.224
1.224
1.424
1.224
3.06
1.324
3.06
1.224
3.06
1.224
1.224
1.224
1.224
1.224
1.224
1.224
1.324
1.224
1.324
1.324
1.224
4.896
1.224
1.324
1.224
1.324
1.224
1.224
2.448
1.724
1.224
1.424
1.224
2.548
4.284
1.424
1.224
1.424
1.324
2.448
1.224
1.224
1.224
1.224
1.224
1.224
3.06
1.224
2.948
1.924
2.548
1.224
3.06
1.224
2.448
1.224
3.16
1.324
2.448
1.224
1.224
1.224
1.224
2.448
1.224
2.648
1.224
1.324
1.224
1.224
1.224
1.324
4.284
4.284
1.224
1.224
1.224
1.324
1.724
1.324
1.324
1.224
1.424
1.224
1.324
1.224
3.06
1.224
1.224
3.16
4.284
3.16
5.096
1.224
1.424
1.524
1.224
2.448
1.224
1.224
4.284
1.224
1.824
1.224
1.524
1.224
4.384
1.324
1.424
1.224
1.524
1.324
1.424
1.224
4.284
4.284
4.284
2.448
4.284
1.324
1.224
2.548
2.548
2.448
1.424
1.824
1.224
1.224
1.224
3.06
3.06
1.224
1.324
1.224
4.984
1.224
3.16
1.224
1.624
1.224
1.224
3.16
2.448
3.06
3.06
3.16
3.26
1.224
1.624
4.384
4.284
4.484
4.284
1.424
6.22
2.448
1.224
2.448
1.424
2.448
2.748
2.848
2.448
2.548
1.324
2.748
1.224
2.448
2.448
2.648
0.1
0.1
0
0.3
0.1
3.46
1.324
0
1.224
0
0.1
0
0
3.06
0
0.4
4.896
0.6
0.1
0
1.224
0.1
0
0.2
0
2.136
0
0
0.2
0.1
0
0
0
1.224
1.224
0
0
0.9
0
0.1
0
0
0
0.1
0
0
0
0
0
0
0.4
0.1
0.2
0
0
0
0
0
0
0
1.1
0.1
0
0.1
0
0.6
1.224
0
0
0.2
0
0.1
0
3.672
0
0.1
0.3
0
0.3
0
0.1
1.836
0
0
0.2
0
0
0.3
0
0.1
0
0
1.224
0
0
0.2
0
0
0.1
0.1
0
0.1
0.2
0
0
0
0
1.836
0.4
0.1
0
0
0
0
0.4
0
0.1
0.1
0.1
1.836
0
0.1
0.2
0.1
0.2
0.1
1.224
0.1
0
0.2
0
0
0.1
0
0
0
0.3
1.836
0
0.1
0
0
0
0.1
0
0.1
0.1
0
0
0
0.2
0
0
3.16
0
0
0.1
0
0
0
0
0
0.2
0
0
0
0
0
0.2
0.1
0.1
0
0.4
0.3
0
0.3
1.836
0
0
0.3
0
0.1
0
0.7
0.1
0
0
0
0.1
0.2
0
0.1
0
0
0
0
0
0
1.224
0
0
0
0.4
0.1
0.2
0
0.1
0.1
0
0.3
1.224
0.3
0.2
0
0
0.7
0.1
0
1.224
0.1
0.1
0
0
0
0
0
0.1
0
0
0.1
0
0.1
0.2
0
0.1
0.1
0
0
0.1
1.936
0
0
0
1.836
0
0
0.2
0
0.2
0
0.1
0
0.1
0
0.2
0
0
0
0.6
0.2
0
0
1.936
0
0
0.1
0.1
0.2
0.4
0
0
0.1
0.2
0.1
0
0
0
0
1.836
0.6
0
0.1
1.224
0
0
0.1
0
0
0.1
0
0
0
0
0
0
0.1
0.1
1.936
0
0
0
3.872
0
0
0
0
0.1
0
0
1.836
2.036
0
1.936
0.3
0.4
1.224
0.2
0
2.036
0
0
0.2
0
0
0
0
0
0
1.224
1.224
0.1
0
0
0.1
1.836
0
0.1
0
0
0
0
0.1
0.2
0
0
0.1
0
0.2
0
0
0.2
0
1.836
0
0
0.2
0
1.836
1.836
0
0
0.1
0.1
0
0
0
0
1.224
0
0
0.1
0
0
0.1
0.1
0
0
0.1
0
1.836
0.1
0
0.2
0
0
0
0.1
0.1
0
0
0
0
0
0
0
0
0.2
0
0.1
0.1
0.1
0
0
0.2
0
0
0
1.836
0
0
0
2.036
0.2
0.2
0
0
1.836
0.1
0
0.1
1.936
1.324
0
0.2
0.2
0.5
0
0
0
1.224
0.5
0
0
0.2
0.1
0
0
1.836
1.224
0
0.1
0
0.1
0
0
0
0
1.224
0
1.836
1.324
0.8
0.3
0.1
0.1
0
0
0.2
0.2
0
0
0
0
0
1.836
0
0.1
0
0
0.4
0
0
2.036
1.836
0
0.1
0.3
0
0.5
0.1
0.1
0
0
0.3
0
0
0.1
0.1
0
0
0
0
0.5
3.06
1.836
0
0
0
0
0
0
0
0.1
0.7
0.2
0.1
0
0
0
0
0
0
0
0.6
0
0
0
0
0.2
0.1
0
0
0
0
0
0
0
0.1
0
0.5
0.1
0
0.3
0.4
0
0
0.1
0.1
0.1
0
0
0.1
0
0
0.2
0.2
1.936
0
0
0
0
0
0
0.1
0
0
0
0
0
0.4
0
0
0
0
0
0
0
0
0
0
0
0
0.1
0
0.2
0.2
0
0.1
0.1
3.06
0
0.1
0
1.836
0
0
0
0
0
0
0.1
0
1.836
0
0.3
0.1
0
0.2
0
0
0
0.2
0.1
0
0
0.1
0
0
0
0.1
0
0.4
1.936
0
0
0.2
0.1
0.3
0.4
0
1.424
0
0
0
0
0.1
0
0
0.1
0
0
0
0
0.1
0.1
0
0
0
0
0
0
0.2
0
0.3
0
0.2
0.2
0.2
0.3
0
0
0
1.624
0
0.2
0
0.1
1.836
0.2
2.036
0.2
0
0
0
0.1
0.1
0.2
0
0.1
0.1
0.1
0
0
0
1.936
0.1
0
1.836
0.1
0
0
0
0.1
0
0.2
0
0
3.16
0.8
0
0
0
0
0.1
0.5
0.3
0
1.936
0.1
0
0
0
0.4
0.2
0.1
0.1
1.936
0.1
0
0.1
0.1
0
0
1.936
0.3
0
0.5
0
0
0
0.3
0.1
0
0
0
1.724
0.2
0
0.1
0.1
0.3
0.2
1.836
0
1.424
1.324
0
0
0
0
0
0.1
0.1
0
0
2.136
0.5
1.936
0
0
0.1
0.2
0
0
0.3
0.6
0
0
0
0.3
0
0
0
0.3
0
0
0
0.3
0.3
0.2
0
0.3
0
3.16
0.1
0.1
1.224
1.224
0
3.06
0
1.724
1.836
0
0
0.1
0
0
0
0
0.3
0
0.5
0.1
1.224
0
0
0
1.224
0
1.836
0
1.524
0.2
0
0
1.224
1.836
0
4.16
2.548
0
4.896
0.4
0.1
0.7
0.1
0
0.5
1.324
1.836
1.836
0.1
0
0
0.1
0
1.836
3.26
0
0.2
0
5.096
1.836
1.324
0
1.324
0
1.224
0.1
0
0
1.224
0
1.224
0
0
1.224
0
1.224
0
0
0.1
0
0.2
0.4
1.224
3.26
0.2
0
0
1.224
0.1
2.448
2.548
1.424
1.224
1.224
1.324
2.548
1.224
2.448
1.224
1.324
0
0
3.06
0
0
0
0.1
1.6
0
0
2.848
0.5
2.648
