0.4
0.1
3.148
1.424
2.648
0
0
0
0
0
0.2
1.224
0.3
0.5
0.3
0
0.1
0
0
0.1
1.224
1.224
0
0
0.3
0
0.2
1.224
2.448
1.224
0.2
2.448
0.4
1.224
0.2
0.2
0
0.2
0.2
0.4
0
1.624
0
0.1
0
1.224
0.1
0.3
0.4
1.324
1.224
0
1.324
0.1
0
0.1
0.1
0
0.4
1.924
0.3
0.2
0
0.2
0
0.1
0
0
1.224
0.8
0.2
1.624
0
0.1
1.924
0.2
1.224
0.1
0
0
2.124
0
1.224
0
0
0
0
0
0
0.6
0.1
0.1
0.1
0
0
1.324
1.424
0
1.324
0
0.1
0.3
0.3
0
0
0
0
0.7
0
1.424
0.2
0
0
1.224
0.1
0.1
0.1
0.1
0
0
1.7
0
0
0.2
0
1.224
0.2
1.324
1.324
1.424
0
0
0
1.224
1.424
0.4
1.324
1.424
1.824
0.3
0
0.1
0
1.324
0
0
1.224
0
0.1
0
1.224
0.1
0.1
0.2
0.2
0.2
0
0.2
0.2
0.1
0
0
0
0
0.2
0.1
0.1
0
0.1
0.8
0.1
0.3
1.224
0
1.224
1.424
0
1.224
1.224
0.1
0
2.948
0
1.224
0.1
2.024
1.924
1.324
0.2
1.324
0
1.324
0.4
1.524
1.224
1.324
1.224
0
1.224
0.3
0.1
0
0
0.2
1
0
0
1.524
1.524
0.1
1.224
0
0.3
0
0
0.8
0
0.8
0
0.1
0
2.448
3.448
3.672
2.448
2.748
2.448
2.448
2.748
2.548
2.548
2.448
1.224
0
1.224
0
2.524
1.324
0
1.724
0
1.824
1.424
1.224
0
0
1.224
1.224
1.324
1
0
0
0
0
0
1.224
0
0.1
1.324
1.824
1.324
0
0
0.1
2.548
0
0.5
2.448
0.1
1.224
0
0
0
1.424
0.4
0
1.224
1.324
1.224
0
1.224
2.448
4.072
3.672
2.448
0.1
2.548
2.448
1.324
1.224
1.224
3.672
0
1.1
0
0
1.224
0
0.1
0
0
0
0.3
0.1
0.1
0
0.3
0.1
0
0
0
0
1.224
0
0
1.224
0
1.224
0
1.424
0
0
0.1
0.1
0
0
0
1.224
0
0
0.3
0
1.224
1.324
1.224
0
1.224
0
0.4
0
0
1.224
1.924
0.1
0
1.424
2.548
1.324
0.2
0
1.224
0.2
0.2
0.9
0
0.1
0
0.1
0
1.524
1.224
0
1.224
1.224
1.224
0.1
0.1
2.448
0
1.224
1.224
1.324
0
1.324
0
0
1.724
0
0
0
1.524
2.224
2.548
0.1
1.224
1.524
3.672
2.648
1.424
1.424
1.224
2.448
2.224
1.224
1.424
1.224
0
1.424
1.224
1.224
2.548
2.448
1.224
4.272
3.772
2.448
3.772
3.672
2.548
2.548
2.524
3.248
1.224
1.224
1.224
1.224
1.224
1.224
1.524
1.224
2.548
2.548
3.972
1.724
1.224
2.448
1.224
2.548
2.848
2.848
1.324
1.424
2.448
1.224
2.548
1.224
1.224
1.524
2.448
1.224
2.448
1.424
1.224
1.224
1.324
2.448
2.448
2.448
2.548
2.748
1.224
1.224
1.224
2.548
1.224
1.224
1.324
2.448
1.224
3.048
2.548
2.448
2.548
1.424
2.548
1.524
1.224
3.848
1.424
1.224
3.148
3.148
1.224
1.224
2.648
2.948
1.524
1.224
1.424
2.024
2.548
1.224
1.224
1.524
1.424
1.224
2.448
1.224
1.224
2.448
1.224
2.448
2.448
2.548
1.324
1.224
1.224
2.548
3.872
2.448
1.224
3.248
1.424
1.224
1.224
3.672
2.548
1.624
1.224
1.224
1.224
2.748
2.448
2.448
3.772
2.448
1.224
2.448
2.448
1.224
1.624
2.448
1.224
2.448
1.224
4.172
2.948
3.672
1.224
1.224
2.448
2.848
3.248
2.548
1.324
3.972
1.324
1.324
2.448
1.324
1.224
3.772
1.324
1.224
1.324
2.748
3.048
2.648
2.548
1.224
1.224
1.524
2.548
2.448
1.224
1.324
2.448
2.848
2.448
1.224
1.424
1.224
1.324
1.224
1.524
2.548
1.424
2.548
2.448
2.448
2.448
1.224
2.448
1.224
2.648
1.224
1.224
2.448
2.648
1.824
3.448
1.224
2.548
1.224
1.324
3.772
3.672
1.324
1.224
2.548
2.548
2.448
1.224
1.424
1.324
1.224
2.548
2.548
1.424
2.448
1.324
1.224
1.224
1.224
2.448
1.224
1.524
2.648
1.224
1.224
1.224
1.224
2.648
1.224
1.224
1.424
1.324
1.224
1.924
2.548
2.448
1.224
1.324
1.324
2.448
1.224
1.324
2.648
3.772
1.224
1.324
2.548
1.324
2.448
2.648
1.224
2.448
2.548
1.224
2.448
1.524
2.748
1.324
2.448
2.648
2.448
1.324
1.524
1.224
2.548
1.224
1.224
1.324
1.324
2.548
2.548
2.648
2.448
1.224
1.224
3.248
1.224
2.648
2.548
1.224
2.448
2.448
1.324
2.648
1.224
2.448
2.448
2.548
2.548
2.648
1.224
2.448
2.648
2.548
3.248
1.224
1.224
3.248
1.224
2.448
1.224
2.548
2.848
2.448
1.224
4.172
1.224
1.224
2.648
2.548
1.224
1.224
2.648
2.448
2.448
2.448
3.772
1.224
1.324
2.448
1.224
1.224
8.272
2.948
1.224
2.448
1.224
2.548
2.548
1.224
1.224
1.224
2.848
2.548
2.448
1.224
2.548
2.648
1.224
1.324
1.224
2.448
2.448
2.448
2.648
1.824
2.548
1.224
2.448
1.224
2.448
2.448
2.448
2.448
1.324
2.848
1.224
3.048
1.524
2.448
3.972
2.548
2.448
3.872
1.224
1.424
2.448
1.824
3.672
2.448
2.548
2.548
2.024
4.472
1.324
1.224
1.324
2.448
2.448
1.224
2.548
2.448
1.224
2.448
1.224
2.848
2.448
1.224
1.224
2.448
1.224
2.448
2.448
2.548
1.224
2.448
2.448
2.448
1.324
2.448
2.448
2.448
1.424
1.224
1.524
1.624
2.748
2.648
2.448
1.324
1.224
2.548
1.224
1.624
1.724
2.648
1.224
2.448
2.448
3.672
1.224
1.324
1.224
2.548
2.448
1.224
3.972
2.448
2.448
2.548
2.448
1.224
2.448
2.448
2.448
1.224
2.648
2.448
1.224
2.648
1.224
1.224
1.224
2.448
2.448
1.224
1.424
2.448
2.448
1.224
2.448
1.224
1.224
1.224
1.224
1.224
1.224
1.224
4.072
2.748
2.448
3.772
1.324
1.224
2.448
2.448
1.224
4.372
3.672
1.224
2.648
4.072
1.224
1.224
3.672
2.548
2.448
2.548
1.324
2.948
1.424
1.224
3.648
1.224
2.448
2.448
1.324
2.748
2.448
2.448
2.848
1.724
1.224
1.324
2.448
1.224
2.548
2.748
1.424
2.548
2.548
2.448
1.324
1.224
3.672
2.548
2.448
1.224
1.224
1.224
1.224
1.224
1.224
4.172
1.224
1.224
1.424
1.224
1.224
1.224
1.724
3.048
2.448
1.224
1.324
1.224
2.448
1.224
2.448
2.548
1.424
2.648
2.448
1.324
1.224
1.224
2.548
2.848
2.548
2.448
1.224
2.448
2.548
3.772
3.248
2.648
2.948
3.972
4.172
1.524
2.748
2.448
1.724
3.672
2.648
2.448
2.448
2.448
2.448
2.548
2.648
2.648
2.448
2.548
2.548
2.448
2.648
1.624
1.424
3.872
1.224
1.424
1.224
1.224
1.324
1.224
3.148
2.548
2.548
3.672
1.424
1.224
1.224
2.448
2.548
2.648
1.224
1.224
1.324
2.448
3.248
2.448
2.448
2.548
2.548
1.324
2.448
2.448
1.224
2.448
1.224
2.548
3.048
2.548
2.448
2.548
3.672
2.948
2.548
1.224
1.224
2.448
0.3
0
1.224
2.124
1.524
0.2
1.324
0
1.224
0
1.524
1.324
0
1.224
0
0.7
0
0.3
0
2.448
2.448
1.624
2.448
0
0
0.1
1.224
0
0.1
1.324
1.224
0.1
1.224
0
0
0
0
1.1
1.224
0.2
1.324
0
0
2.648
0
0
0
1.224
1.224
0
0.2
0
0.2
1.324
0
0.1
1.324
1.224
1.524
1.424
3.324
0
1.324
0
1.324
0.5
1.324
0
0
1.524
1.224
0
0
0
1.624
2.448
1.424
1.324
0.1
0
0.1
0
0
0
0.1
0
1.424
0.1
2.548
1.624
0.1
1.224
1.224
1.224
0
1.624
1.224
1.224
0.1
0
2.448
1.324
2.548
0
1.224
1.324
0.1
0
1.924
1.424
1.324
0
1.224
0.1
1.824
0.2
1.224
2.448
0.1
0
0
1.224
0
0.2
0.2
1.224
2.448
2.448
0
1.624
1.224
1.324
1.224
0
0
1.324
0.2
2.448
1.224
1.824
1.224
1.224
1.524
0
1.224
1.524
0.1
1.224
0
0
0.2
0.1
1.224
1.424
0
0
0
1.224
0
1.224
0
2.448
0.3
1.224
1.224
0
0.2
1.324
0
1.524
1.324
1.424
1.424
0.1
1.224
1
0.1
0
1.224
1.524
1.624
1.324
1.424
0.8
0
0
0
0.1
0
0
0.3
2.448
1.224
1.224
0
1.224
1.224
0
1.224
1.224
0
1.224
0.8
1.324
0.4
1.224
1.224
0.1
0.1
2.648
1.524
2.748
2.448
1.324
1.324
2.324
1.224
0
1.324
0
1.424
2.448
0.1
0
0.2
0.3
0.1
0
1.324
1.424
2.448
1.224
1.324
1.224
2.848
1.324
1.224
1.224
0.2
1.224
1.224
0
0.2
1.224
0.1
2.548
1.224
2.448
1.724
1.224
0.2
2.748
0
1.424
0
0
0
1.224
0.7
0.4
0
0
0.1
0
1.224
2.748
0
2.448
1.524
1.224
0.1
0
0
0.2
1.224
0
1.224
0
0.2
0.4
0
1.324
1.224
0
1.324
1.624
1.224
1.224
1.324
0.1
1.324
1.224
1.324
1.224
1.324
1.324
1.324
1.224
1.324
0
1.224
0
0
2.448
1.224
1.324
1.324
0
0.1
0.1
0.3
0
0.1
1.724
0.2
1.224
0.2
1.224
0.3
0
1.224
1.724
0.3
0
0
1.224
0
1.224
1.224
1.324
0
1.224
0.1
1.424
0
1.224
0.2
0
1.224
1.224
1.224
1.224
0.6
1.324
0.2
0
0
1.624
1.224
1.224
0.3
1.224
1.224
0
0.3
0.2
0
0.1
1.224
1.424
0
0.1
1.324
0.1
0.1
0.1
0.1
1.224
0
0
2.448
2.548
1.424
1.324
0
0.1
1.324
1.224
1.324
0.1
0.2
1.424
0.1
0.1
1.224
0
1.324
0.1
1.324
0
1.224
1.224
2.448
1.224
2.448
0.3
1.224
0.1
0
2.648
2.448
0.1
1.324
0
0
0.2
1.424
0
1.224
1.424
0
1.424
1.424
1.224
0
2.448
0.1
0.2
0.1
2.748
0.3
1.424
1.224
0.8
1.324
0.7
0
0
1.424
1.224
0.4
0
1.224
1.424
0.1
0
1.224
0
0
0
0.1
0
2.548
1.224
0.1
0
2.448
2.648
1.224
0
2.648
2.224
1.624
0.2
1.424
0
0
1.524
1.624
1.224
2.448
1.224
2.448
0
1.624
1.224
0.1
1.324
0.1
0.4
0
1.224
0.6
0.1
1.324
0.5
0.1
2.648
0.3
2.024
0
1.224
1.224
2.648
0
1.224
1.524
1.324
1.224
0
1.224
0
2.848
1.224
0
1.224
0
0.1
2.448
0
1.224
0
0
0.2
0.4
2.448
0
0.1
1.224
0
1.224
0
2.448
0.5
1.224
0
0.1
1.224
0
0.1
2.448
0.1
2.648
0.1
0
0.1
1.324
0
2.448
0.4
0
0
1.324
0.3
1.224
0
0
2.648
0.1
1.224
1.324
0
0
0
1.324
2.548
2.124
1.324
1.224
2.448
0
1.224
0.1
1.224
2.548
2.548
1.224
0
1.224
1.624
1.424
0
0.1
1.224
1.324
0
0.1
1.324
0
0
1.224
1.324
0.1
1.224
0.5
2.224
0.2
1.224
0.3
1.224
1.224
1.324
0
1.224
2.548
1.224
0.1
1.224
0.1
0
0
1.524
1.324
0
0.3
1.924
1.524
0.2
1.324
0
0
0.1
1.524
1.424
1.224
1.224
1.324
0
0
0
0
1.624
0.2
0
0.1
0.2
1.324
1.624
1.624
1.224
1.324
1.224
1.224
1.224
0
2.548
0
0
0.1
0
1.224
2.448
0
1.324
0
0.1
2.448
2.448
0
1.224
0
1.424
0.1
0.7
0
0.1
0
0.2
2.324
2.448
0
0
1.824
1.224
0.1
2.448
1.724
1.524
0.1
0.1
0.2
0.1
0
1.824
0.2
0.5
0.1
0
0.2
2.448
0
2.448
0
1.424
1.424
1.224
0
0
0
0
1.324
1.224
0
1.224
0.1
1.224
1.224
1.324
1.8
1.324
1.224
0.1
0
0.2
2.124
0.6
0
2.548
2.448
1.224
1.424
0.1
0.1
0
0
1.324
0
1.224
1.424
1.924
1.224
2.448
1.224
0
1.424
0
1.224
1.324
0
2.448
1.324
2.448
1.524
0
1.224
1.424
0.2
1.424
0.1
1.224
0.2
1.524
0
0
1.724
1.524
0
0
0
1.324
1.424
2.448
1.724
1.324
2.648
1.324
0.6
0
0
2.448
1.524
2.124
1.224
0
1.424
0.4
0
0
1.324
0.2
1.224
1.324
0
3.648
1.324
1.224
1.224
1.324
1.324
1.624
0
1.924
1.324
1.424
2.448
2.648
2.548
2.448
0
1.224
0
1.424
0
0
0
0
0.2
0
1.224
0
0.1
0
1.1
0
1.324
0
0
0
1.224
0
0
0
1.524
0.1
0
0
1.324
0
0
2.524
1.224
1.224
0
1.724
1.624
0.6
1.924
0
0.5
1.624
1.324
0
1.224
1.224
0
0.2
0
0
0
0
0.1
0
0
0
1.324
0.1
0.1
2.648
0.1
1.624
0
1.324
0
0
0
0
1.224
0.2
1.224
1.224
0
0
1.224
1.224
0
1.724
2.448
1.624
1.524
0
0
1.224
0.1
2.548
2.448
2.448
2.648
1.524
1.624
2.548
2.448
2.448
1.224
3.972
1.224
1.224
1.224
2.448
0
0.1
0.1
1.7
0.1
0
1.824
0.6
1.424
