0.1
0
2.648
3.26
2.448
1.836
0
0
0
0
0.1
1.224
0
0.7
0.5
0
0
0
0
0
3.06
3.36
0
0
2.236
0
0
1.524
2.448
1.224
0.1
2.448
1
0
0.1
0.1
0
0
0
0.5
0
3.36
0
0
0.1
1.224
0.4
0.1
0.2
1.424
1.224
0
1.224
0
0
0
0
0
0
1.824
0.9
0.1
0
0.3
2.236
0.1
0.1
0
1.324
0.4
0.2
1.624
0.1
1.836
3.56
0.4
0
0.1
0
0
1.924
0.1
1.224
0
0
0
0
0
0
0.4
0.1
0
0
0
0
1.324
1.324
0
0
0
0
0.3
0.3
0
1.836
0
0
0.6
0
0
0.2
0
0
1.224
0
1.936
0
0
0
0
1
0
0
0.2
0
0
0.1
1.224
0
1.424
0
0
0.2
0
3.06
0.3
1.224
1.224
1.324
0.3
0
0
0
1.224
0
0
1.324
0.2
0
0
1.224
0
0
0.4
0.7
0.1
0.1
0.1
0.4
0
0.1
0.1
0
0
0
0
0.2
0.1
0
0.7
0.2
0.2
1.224
0
1.424
1.324
0
0
3.06
0.2
0.1
1.524
0
1.224
0.4
1.524
1.624
1.324
0
1.224
0.1
1.324
0
1.824
1.324
1.224
1.224
0
1.224
0.1
1.936
0.1
0
0.7
1.1
0
0
1.324
1.424
0.1
1.224
0.2
0
0
1.936
0.5
0
2.636
0
1.936
0
1.224
3.448
2.648
2.448
2.448
2.448
2.448
2.648
2.548
2.648
2.448
1.224
3.772
3.16
0.1
2.324
3.06
1.836
1.324
3.672
1.524
5.396
1.224
0
0
0
0
1.224
2.436
0
0.1
0
0
0
1.224
1.836
0.4
1.424
1.224
3.16
0
0.1
0.1
1.224
0
0.7
1.224
0.1
1.224
0
0.2
0
1.224
0.6
0
1.224
0
1.224
0
1.224
1.224
2.748
2.448
2.648
0.2
1.324
1.224
1.224
3.16
3.06
2.448
0
0.7
0
0
0
0
0.1
0.1
0.2
0
0
0
0.2
0
0.2
0.2
0
0.2
1.936
0
1.224
0
0
1.324
0
1.324
0
1.224
0
0.2
0.1
0
0
0
0
0.1
0
0
0.3
0.1
0
5.096
4.896
0
0
0
0.3
0
0
1.224
0.6
0.1
0.1
3.26
1.224
3.16
0.2
0.1
1.324
0
0.3
0.8
0
3.872
0
0.1
0
1.424
1.324
0
1.224
1.224
1.224
0
1.836
1.224
3.772
1.224
1.224
1.224
1.936
3.06
0
0.1
0.3
0
0
0
1.224
1.924
1.224
0
1.224
1.424
2.448
2.848
1.324
3.16
1.224
2.548
3.86
1.224
3.06
1.324
1.836
1.524
1.224
1.224
2.548
6.22
1.224
2.748
2.448
4.484
2.448
2.448
5.084
2.448
1.524
2.948
1.224
3.06
1.224
1.324
1.224
1.224
1.324
1.224
4.284
4.584
2.548
1.524
1.224
4.284
3.06
2.548
4.684
4.784
3.46
1.324
4.384
3.16
4.484
1.724
1.224
1.224
2.648
1.224
4.284
3.26
1.224
1.224
1.224
6.12
1.224
2.448
4.484
4.384
1.224
3.16
1.224
2.548
1.224
1.224
3.56
1.224
3.16
5.184
2.548
2.448
2.448
3.16
4.284
1.424
1.624
3.548
3.06
1.224
2.848
2.224
1.224
3.16
2.748
2.648
1.524
3.06
1.224
1.824
2.548
1.224
1.224
1.324
1.324
1.324
2.448
3.46
1.324
2.448
1.224
1.224
6.22
4.284
1.424
3.06
1.324
2.548
2.648
2.448
3.16
2.548
3.26
1.224
3.26
2.448
6.12
3.26
1.224
1.224
1.324
2.848
2.448
4.284
2.448
4.284
3.16
2.448
4.384
1.324
1.624
2.548
1.224
4.284
1.324
2.848
4.584
2.448
3.26
1.224
2.448
2.848
2.648
2.448
1.224
2.748
1.324
1.324
2.448
1.324
1.524
2.448
1.324
1.524
3.06
2.548
4.584
4.684
2.548
1.224
1.224
1.324
4.384
2.448
1.224
4.896
2.448
2.748
2.748
1.224
1.224
1.224
1.324
1.224
1.324
4.284
3.36
4.484
4.484
2.548
2.448
1.324
2.448
3.06
2.448
3.06
1.224
2.448
2.548
1.824
2.748
1.224
2.448
1.224
1.224
4.284
2.548
1.324
1.224
4.384
2.448
2.448
3.16
3.96
1.324
1.224
2.448
2.448
3.06
2.448
1.224
1.224
1.424
1.224
2.448
1.324
3.66
2.548
1.224
1.224
1.224
1.224
4.984
3.16
1.224
3.76
1.224
3.06
1.424
2.448
2.448
1.224
3.06
1.324
4.484
1.224
3.06
4.384
2.748
3.06
3.06
4.584
3.36
6.22
2.648
1.224
6.12
1.224
3.16
4.284
1.224
4.584
3.06
1.224
4.484
1.224
1.224
3.66
1.224
4.584
1.224
1.224
1.224
3.46
2.748
2.548
4.484
4.284
1.224
1.324
3.448
3.06
2.748
6.12
3.26
2.448
1.224
3.26
2.548
1.224
2.448
2.548
2.448
2.448
4.684
1.224
2.448
2.648
4.784
2.548
3.16
3.16
3.26
1.224
4.384
1.224
2.448
2.648
4.284
1.324
2.648
4.896
1.224
1.224
2.448
3.26
1.224
1.424
2.448
2.448
2.448
4.284
1.324
1.224
2.448
3.56
1.224
2.948
9.92
1.224
4.284
1.224
2.448
1.224
1.224
1.224
1.224
2.648
2.548
1.224
1.224
2.448
4.284
1.224
1.224
3.06
3.06
1.224
4.284
1.224
3.96
2.548
3.26
4.284
1.224
6.12
2.448
6.12
4.384
1.324
2.448
3.36
2.648
1.224
2.448
2.548
2.448
4.284
4.284
1.224
1.224
4.484
1.524
2.448
2.548
2.548
2.548
2.124
3.148
1.424
1.424
1.624
2.448
2.448
1.224
2.448
4.384
1.224
4.484
3.06
2.748
2.548
1.224
1.224
1.224
1.224
2.448
2.548
2.448
1.224
4.384
4.284
2.448
1.324
1.224
6.12
2.448
1.824
1.224
1.524
1.424
4.484
4.284
1.224
1.324
3.16
2.448
3.06
1.424
1.724
4.484
1.224
6.12
2.548
2.448
3.06
1.224
1.224
4.784
2.448
1.224
2.548
4.284
4.284
2.548
1.224
1.224
2.548
2.448
2.548
1.224
4.784
4.284
5.196
4.484
1.224
1.224
1.224
1.224
2.848
1.224
1.324
4.484
6.12
1.224
6.12
1.224
1.324
1.224
1.224
3.06
1.324
1.224
2.848
2.648
2.448
2.448
1.224
3.06
1.224
2.448
1.224
2.748
2.448
3.06
2.448
2.948
1.224
1.324
2.448
2.548
4.384
2.548
1.224
2.648
1.524
1.224
3.048
1.224
2.448
2.448
1.224
2.448
6.12
2.448
4.884
3.66
3.06
1.224
6.12
1.224
4.284
2.548
3.26
2.748
4.284
1.224
1.324
1.224
4.284
2.448
2.448
1.324
3.06
1.224
1.224
1.224
1.224
2.548
1.224
1.224
3.06
1.224
1.324
1.324
1.824
4.484
2.648
1.224
1.324
3.06
2.548
1.224
2.548
2.448
1.424
4.884
4.284
3.16
3.16
1.224
4.684
4.684
2.448
2.448
3.06
2.448
4.384
2.548
3.048
1.324
3.148
2.548
2.548
1.324
4.484
2.448
1.324
2.548
2.648
2.648
4.384
4.284
4.284
4.384
2.448
2.648
2.448
4.484
4.484
4.284
2.648
2.124
1.224
2.748
1.224
1.324
1.224
3.16
1.324
3.16
5.284
4.384
4.784
2.448
1.724
1.224
1.224
6.12
2.448
6.22
3.06
3.56
3.36
2.548
2.848
4.284
4.284
4.884
4.584
1.324
4.384
4.284
1.224
2.448
1.224
2.448
2.648
2.648
2.548
2.448
2.548
2.848
2.648
3.16
3.06
2.948
1.836
0
1.324
1.524
1.524
4.072
1.424
0
1.224
0.1
1.424
3.06
0
3.06
1.836
0.6
1.836
0.2
0.1
1.224
4.384
1.524
1.224
0.3
0.1
1.836
1.224
0
0.3
1.224
0
0
1.224
0
0
0
0
1.1
1.224
0
1.324
0
0
1.324
0
0
0
1.224
1.224
0
0.4
0
1.936
1.324
0
0.1
0
1.224
1.324
1.324
2.524
0.1
1.324
0.1
1.224
0.2
0.1
0.2
0
1.424
1.224
0.1
1.936
1.836
1.224
1.224
1.324
1.324
0.1
0
0.1
1.836
0
0.1
0.1
0.1
1.224
0
1.224
1.624
0
1.224
1.224
1.224
0.1
1.324
1.224
1.224
0
0
1.224
1.224
1.224
0
1.224
1.224
0.1
1.836
1.724
1.224
1.224
0
1.224
1.836
1.524
0
1.224
1.224
0.1
1.836
0
0.1
0
0.1
0.1
1.224
1.224
1.224
0
1.624
1.324
1.224
1.224
0
0.1
1.224
0
3.06
1.224
1.424
1.324
1.224
1.324
0
1.224
1.224
0
1.224
0
0
0
0.2
1.224
3.06
0
0
0.1
1.324
0
1.224
0
1.224
0.2
0
1.224
0
0
1.224
0.2
1.424
1.324
1.324
1.424
0.2
1.224
0.5
0
0
1.224
1.224
1.324
0
1.324
0.7
0
0
0
0.1
1.836
0.1
0.2
1.224
1.224
1.324
0
1.324
1.324
0
1.224
1.224
0
1.224
0.5
1.224
0.1
0
1.224
0.1
0.1
1.424
1.524
1.224
1.224
1.324
1.224
0.8
1.224
0
1.224
0
1.324
1.224
0
0.1
0
0.1
0
0
1.224
1.324
1.224
1.324
1.724
0
1.324
0.4
1.224
1.224
0
3.06
1.224
0
0
3.06
0
1.224
1.224
1.224
1.424
1.224
0.1
1.424
0
1.324
0
0
0.1
1.224
0.2
0.5
0
0
2.036
0
1.224
1.424
0
1.424
1.224
0
0
0
0
0
1.224
0
1.224
0
2.336
0.1
0
1.324
1.224
0
1.224
1.324
1.224
1.224
1.224
0
1.224
1.224
1.324
1.224
1.224
1.224
1.224
3.06
1.224
0
1.224
1.936
0
1.224
1.224
1.324
0.1
0
0
0
0.2
0
0.1
1.524
0.6
1.224
0
1.224
2.136
0
1.224
1.724
0.2
0.1
0
1.224
0
1.224
1.224
1.324
0
1.324
0
1.324
0
1.224
0.2
0
1.224
1.224
1.224
1.224
0.4
1.324
0
0
0
1.324
1.224
1.224
0.2
1.224
3.06
0
0.2
0
0
0
3.06
1.224
0
0.1
1.224
0
0
0.1
0
1.224
0
0
1.424
1.324
1.324
1.224
0
0
1.224
1.224
1.324
1.836
0.1
1.224
0.2
0
1.224
0
1.224
0
1.324
0
1.224
1.224
1.224
1.224
1.224
0.2
1.424
0.1
0
1.224
1.224
0
1.224
0.1
0
0.1
0
3.672
0
1.324
0
3.06
1.324
1.324
0
1.324
1.836
0
0
1.224
1.936
1.424
1.224
0.5
1.424
0.2
0
0
1.324
1.224
0.1
0
1.224
1.724
0
0
1.224
1.836
0.1
0.5
0
0
1.224
1.224
0
0
1.224
1.224
1.224
1.936
1.424
1.924
1.224
0.1
1.524
0
0.1
1.324
0
0.2
1.224
1.224
1.224
0
3.06
1.324
0.1
1.224
0
0.3
0
1.224
1.936
0.1
1.224
0.3
0.1
1.324
0.2
1.524
0
1.224
1.224
1.524
0
1.224
1.624
1.224
1.224
0
1.224
0
1.424
3.06
1.836
1.224
0.1
0
1.224
0
1.224
0
0
0.2
0.1
1.224
0
0
1.224
0
1.224
0.1
1.224
0.4
1.324
0
0
1.224
0
0.1
1.224
0
1.224
0
0
0
0
0.1
1.224
0.6
0
0
1.424
0.3
1.224
0
0
1.424
0
1.224
1.224
1.936
0
0
0
1.224
3.66
1.224
0
1.224
0
1.224
0
1.224
1.224
1.524
1.224
0.1
1.224
1.324
1.224
0
0.1
1.224
1.324
0
0
0
0
0
1.224
1.324
0
1.224
0.5
1.524
0
1.224
0.1
3.16
1.224
0.1
0.1
3.06
1.224
1.224
0
1.324
0
0
0.3
1.224
3.06
0
0.1
1.424
1.424
0
1.224
0
0
0
1.324
1.224
1.324
1.324
1.224
0
0
0
0.1
1.424
0
0
0.1
0.1
1.224
1.524
1.524
1.224
1.224
1.224
1.224
1.224
0
1.324
0
0
0.1
0.1
1.224
1.224
0
1.324
0
0.1
1.224
1.324
0
1.224
0
1.224
0.1
0.7
0
0.1
0.1
0.2
1.724
1.224
0
0.1
1.424
1.224
1.936
1.224
1.424
3.16
0
1.936
0
0
0
1.324
0.2
0.2
0.1
0.1
0.2
1.224
0
1.224
0
1.324
3.06
1.224
0.1
1.836
0
0
1.224
1.324
0
1.224
0.3
1.424
1.224
3.06
1.3
1.224
1.224
0
0.1
0.2
0.4
0.3
0
3.16
1.224
0
1.324
0
0.1
0.1
0.1
3.66
1.836
1.424
1.424
1.824
1.224
1.224
1.224
1.836
1.424
0
1.324
1.324
0.1
1.224
1.524
1.224
1.324
0
1.224
1.524
0
1.324
0
1.224
0.2
1.324
1.836
0.1
1.424
1.224
0
0.1
0.1
1.224
1.224
1.224
1.324
1.224
1.324
3.26
0.5
1.836
0
1.224
1.224
1.924
0
0
1.624
0.3
0
0
1.224
0.1
0
1.224
0
1.624
1.324
1.224
1.224
1.424
1.324
1.224
0
1.424
0
3.26
1.324
1.324
4.384
2.448
0
3.06
0
1.324
1.836
0
0.1
0
0.3
0
1.224
0
0.3
0
0.8
0.1
1.324
0
0
0
3.06
0
1.836
0.1
3.26
0
0
0
3.26
1.936
0
4.26
1.324
1.224
3.672
1.724
3.66
1
1.424
0
0.2
1.524
3.16
0
1.224
3.06
1.936
2.136
0
1.836
2.136
0
0.2
0
3.772
1.936
1.224
0.1
0.3
1.224
0.2
3.26
0
0
0.2
0
0
0
0
0.6
1.324
1.324
0
0
1.224
1.224
0
4.16
1.224
1.624
1.324
0
0
1.224
1.936
2.448
2.548
2.448
4.484
1.424
1.324
2.448
2.448
2.448
1.224
2.548
0
1.224
4.896
1.224
0
0
0
0.9
0.1
0.1
1.424
0.6
1.524
