3.236
0.6
2.6
1
1.524
0.4
0.4
0
0.4
0
0.4
0.1
1.324
2.5
1.7
0
1.224
0
0
0.1
0.3
0.3
0.1
0
0.5
0.2
0.4
0.3
0
0.1
0.2
0
5.2
0
3.56
3.336
2.036
1.936
2.136
3.036
2.036
4.736
1.836
2.136
2.136
1.836
2.536
3.56
2.736
2.536
1.836
1.836
2.536
3.26
1.836
2.036
3.26
3.16
2.036
3.236
6.86
4.36
2.036
3.136
3.236
2.736
3.26
3.16
2.036
19.96
3.036
4.56
3.26
2.336
7.636
3.536
3.06
2.036
3.16
1.836
3.736
3.26
2.136
3.36
2.036
3.16
3.06
1.836
1.836
5.56
1.836
1.936
3.26
3.06
3.06
2.436
2.536
3.16
2.036
1.936
2.136
4.66
4.06
1.836
1.836
1.936
1.936
3.636
3.26
2.136
4.46
3.36
1.836
3.16
1.936
2.736
1.936
3.16
1.836
1.936
10.06
1.936
2.036
3.86
3.16
1.836
2.136
1.936
1.936
3.86
3.036
2.136
3.26
2.036
2.436
2.836
2.236
3.36
2.236
3.736
2.036
3.16
3.06
2.336
3.06
3.26
1.936
3.56
2.036
3.06
2.036
1.936
2.236
1.836
3.436
2.636
3.86
2.336
4.336
2.036
1.936
3.06
1.836
3.16
2.136
3.26
1.936
3.06
2.036
8.636
3.26
4.56
3.16
1.836
3.16
3.336
3.26
3.06
1.836
2.636
2.136
4.06
2.036
3.36
3.536
3.96
3.536
3.06
3.16
3.16
2.336
2.036
2.036
4.36
3.46
2.336
1.936
2.236
0
1.2
1.724
0
0
2.124
2.6
1.224
0.1
0.9
0.3
0
0
0.5
0.8
1.224
0
8.324
0.1
4.024
0
1.224
1.224
0
3.1
0.3
0
0.4
0
0
0.8
1.224
0.3
0
1.324
0.1
0
0.1
6.624
0.1
0
0.7
0.1
1.2
0.7
0.1
1.224
0.2
1.324
1.224
0.2
2
0
1.624
1.324
1.224
0.1
0
1.224
2.724
0.2
0.5
0.1
1.224
0.5
0.6
0
1.324
1.4
0
0
0
0
0.2
0
0
4.224
0
0
3.26
1.324
1.224
1.224
1.324
1.824
0
1.524
0.2
0.1
0.2
1.524
0
0
0
1.224
5.524
0
0.1
0.1
0.6
1.524
0.2
0.3
1.424
0.7
0.3
0.2
1.224
2.424
2.024
0
2.224
1.524
1.224
1.324
0
0
0
0
0.3
0
0.5
0
0.4
1.1
0.9
2.124
0.1
1.224
0.2
0.1
1.224
2.6
1.424
0
0.9
0.1
1.224
0.1
0
3.9
0
1.324
0
5.724
1.624
1.3
0.5
0.4
0.2
2
1.524
0
1.724
4.924
9.024
0
0.1
0
3.56
0
2.324
0.4
0.1
0.2
0
1.224
0.2
0
0
0.2
0.1
0
0.1
0.1
0.1
0
1.224
3.024
0.1
0.1
0.4
0.3
1.6
0
1.224
0
0.7
0.1
0.8
0.4
0.2
0.1
0
3.4
1.524
0.7
0.2
0
0.6
0
0
0.1
0.3
0
2.224
1.324
0
1.224
1.224
0.7
0
3.3
1.2
1.224
0.1
0.3
1.624
0.3
0
1.524
1.824
0.2
0.2
0.6
1.4
0.2
0.2
0.1
1.224
1.4
0.5
1.524
1.824
0.1
0.4
0.8
0.5
0.2
3.624
0.2
0.2
0
0.5
1.224
0.1
0
0
1.224
1.224
0.7
0.2
0.2
0
0
2.124
1.424
0.2
0.4
1.224
0.2
0.9
0.1
1.324
0
1.3
0
1.324
0.6
4.6
1.1
0
1.3
3.8
0.1
0.1
0.8
0.7
1.4
1.224
0.4
0.4
1.324
0
0
0.4
0.3
0.1
1.224
0.3
0.5
1.224
0
1.224
0.3
1.424
0.1
0
0
0
1.2
0.1
0.2
1.424
0.9
0
0.1
1.324
0.2
1.6
0
1.224
0.1
1.824
0.1
0
0
1.524
0.1
0.2
0.1
1.224
6.024
0.1
1.224
0
0
0.6
2.324
1.224
0
0
0.1
0.7
1.3
0
0.1
1.424
0.1
0.3
0
0.9
0.7
1.324
1.324
0.3
0.2
0.5
0.9
0.3
1.424
0.2
0
0.4
0.2
0.6
0.1
0.4
0
0.5
0
0
2.124
0.5
1.224
1.224
2.524
0
1.924
0.6
0.5
0
0
0.1
1.224
0
0.3
0
0
0
0
3.4
0.9
0
1.424
0.1
0.1
0.1
0
0
0.1
0.2
0.1
0.1
1.224
1
0
1.224
0.1
0
0.3
0
1.324
0
1.524
0
0.2
0.3
0.9
0.4
0
0
0.2
1.424
0.9
1.324
0.1
1.4
0.3
0.1
3.6
0.4
0
0.1
0.2
0.5
1.324
0
0.3
0.4
0.6
0.2
0
1.224
0.3
0.6
1.424
0
0
0
0.1
0
0.3
0.1
0
1.224
0.6
0.2
0.1
1
0
0.3
1.224
0.1
0.3
0.5
0.2
0
0.2
0
0
0
1.5
0.2
0.5
0.2
1.324
1.224
0
0.1
1.324
0
0
0
0.2
0.3
1.924
0
1.224
0.5
0.4
0.2
0
0.2
0.8
0
0
0
0
1.524
0
0.9
0.4
0
0
1.424
0.1
0.5
1.224
0.6
1.224
0
0.1
0.3
0
1.824
1.224
0.8
0.1
0.8
0.4
0
0.1
1.324
0.1
0.2
1.224
0.2
0.1
0.4
0.1
0
0.3
0.5
0.3
1.424
0.1
0
0
0
0
0.1
4.3
0
0.2
0.1
0
0
1.224
0.1
0.7
0.2
0.1
1.524
0.7
1.724
0.2
0.3
0
1.324
0.3
1.224
0.3
0.5
1.724
1.224
0.1
0.1
1.224
5
2.2
0.4
0.7
1.824
1.224
1.224
0
0.2
0
0.1
0.4
1.424
1
0.5
0
1.224
0
0
0
0.1
0.2
0
0
0.1
0.1
0.1
1.224
0.1
0.2
0.6
1.224
0.6
1.5
0.3
0.2
0
1.924
0.1
0.3
1.224
0.7
4.324
0.1
0.1
0
0.1
0.1
0
2.324
1.224
0.1
0
0
0.8
0
0
0.3
0
0
0.3
0
0.2
0
1.324
0
0.3
1.224
0.1
0.2
0
0.1
0.3
1.224
1.224
1.424
0
0.3
0
0
0
0.2
0
0
1.624
0
0.5
0.1
1.224
1.224
0
0
1.224
1.524
1.224
0.2
0.1
0.1
0.1
2.324
1.524
0.2
0
0.1
0.1
0.5
0
0.7
0.8
0
2.424
1.224
0.1
1.224
0.1
1.424
0
0.2
1.3
2.924
0.2
0.4
0
0
0
0.2
0.2
0.1
0.1
0.1
0.9
0.1
0.1
0.4
0
0.2
0
0.3
1.324
0
1.224
1.224
0
0.2
0.4
1.424
1.424
1.524
2
1.324
0.1
1.224
0.4
0
0
1.224
0.4
1.324
0.5
0.6
0.1
0.2
1.324
0
0.7
1.9
0.3
1.224
0.1
1.224
0.7
1.224
3.7
1.224
3.424
1.424
0.3
1.424
0.5
1.224
2.124
1.324
0.2
0.2
0
0
0
0.2
0.1
1.324
0
0.3
0.1
0
0.8
4.424
1.224
1.724
1.224
0.1
0
0.2
0.2
0.2
2.324
0.1
0.2
0.1
2.324
0
1.224
0
0
0.3
1.224
2.324
1.524
0
1
0.2
0
1.324
1.324
1.824
0.3
0
1.224
1.224
1.324
0
1.2
0.1
0.3
0.3
0.3
1.2
1.724
0
0
1.824
0.8
0
0.4
2.4
0.6
0.6
0
0
0
1.824
2.124
0.2
1.224
1.224
0
2
0
4.124
2.036
0
0
1.924
0
1.3
0.2
0.2
0.3
0.1
3.624
0.5
1.224
0.1
0.1
0.1
0.1
0.1
0
5.724
0.2
0.5
0.1
0.1
1.424
0.8
1.224
1.224
0
0.1
0
0
1.1
1.924
0.2
0
0
0.1
0
0.1
0
0.3
7.7
0
0.3
0.7
0.2
2.9
0.2
0
0.1
2.7
0.3
1.924
0
0
1.224
0
1.1
0.4
1.7
0
0.3
0.2
1.224
0.7
2.024
0.2
0.1
1.3
0.4
0.9
0.2
1.424
0.1
0.1
2.124
1.3
1.324
1.224
0
1.724
1.524
0.1
0.5
1.224
0.1
0.4
0.4
0
3
0.3
0.3
1.224
0.8
0.2
1.7
1.624
0.1
1.324
0.4
1.424
1.224
1.324
0.1
0.4
3.124
0.9
0
1.724
0
3.024
0.2
0.1
0.2
1.224
1.324
1.424
1.4
0.3
0
1.5
0
0.1
1.524
2.824
0
0.7
0.2
0.2
0
0.2
1.924
1.224
0.3
0.3
0.2
1.224
0.2
1.224
1.224
0.1
1.224
0
0.8
1.324
0
1.224
1
0.3
0.3
0
0.2
0.7
1.9
0.8
0
2.1
0.1
0.1
0.2
0.7
1.524
1.824
1.324
2.5
1.924
0
0
0.7
0
1
0.6
0
0
0.3
0.1
0.3
0.4
1.224
0.1
1.224
1.224
0.1
1.3
0
1
0
0.3
1.224
1.624
0.5
0.9
2.024
0.2
0.2
0.1
6.624
0
0
0.2
1.324
0.5
0
1.524
1.624
0.9
1.3
1.524
0
0.2
0.7
0
0
2
0.1
2.024
0.9
0
0
0.2
0.3
0
0
0.1
0.3
0.2
0
1.524
1.424
1.624
0.4
1.4
2.224
1.924
0.8
0.4
0
0
0
7.024
1.4
0
1.324
1.724
0.1
1.524
0.5
1.924
0.6
0.9
0
1.424
0.3
1.524
1.524
0
1.324
0.4
0
1
4.924
1.224
0.1
0.1
1.524
0.4
1.4
0
0.1
1.624
0
0.5
1.224
0
1.1
1.624
1
0.7
0.3
1.624
1.524
0
0.4
0.1
0.1
0
0.4
1
1.524
0.4
0
1
0
0.4
1.5
0.9
0.1
1.924
0.3
2.324
1.224
0
2.3
0.2
0
1.324
0
1.324
1.324
0.1
2.524
0.2
1.524
1.324
0.5
0.1
0
1.2
1.224
0
0.1
1.324
0.6
1.9
1.624
0.4
0
1.224
1.2
0.2
0.1
2.124
0
0
1.424
0.8
1.324
0
0.1
0
0.5
0
0.6
0.4
0.5
1.424
0
0.2
0.2
0
1.224
1.724
0.2
0.4
0
0.3
1.324
0.1
0.1
0.3
0.1
1.1
0.2
1.2
1.324
1.224
1.224
0
0.5
0.2
0.2
0
0.1
1.224
0.1
0.1
1.524
0.9
0.1
1.324
1.524
0.1
1.524
0.1
1.724
0
1
1.424
0.2
1.224
0.5
0.2
0.7
0.7
0.7
1.224
0.5
0.3
0.6
0.1
0.3
0.5
1.824
0
1.9
0.7
1.7
0.1
0
1.624
1.424
0.5
0.1
0.1
0.8
0
0.1
0
1.224
0.3
0.2
1.524
0
0.2
0.1
0.2
0
0
0
0.2
0.4
0.6
4.2
1
1.624
0.7
0.2
1.224
1.724
1
0.5
0.2
0.3
1.424
0.1
0.4
0.5
0.3
0.2
0
3.824
0.1
0
0.6
0.1
1.424
2.324
1.724
1.324
2.124
0.7
0.7
0.1
0
2.624
1.324
1.224
1
0.3
0.1
1.424
0
1.324
1.2
0.4
0
0.4
1.324
1.424
0
1.424
0
1.224
0
1.2
1.3
0.1
0
0.4
0
0
0.1
1.324
1.224
2.5
0.4
1.424
0.4
0.1
0.3
0.1
0.1
0
1.524
1.524
1.424
0
0.1
0.1
0
6.124
0.2
1.224
1.1
1.5
1.524
1.224
0.5
0.2
0.5
0
0.1
0
0
0
0.1
1.524
2.5
0
0.2
0.1
1.224
0.1
0.5
0.3
1.624
1.824
0
1.524
0.1
1.2
1.924
0
0
1.324
0.3
0.1
0
1.324
1.324
1.224
0
0.3
0.5
0
2.724
2.1
0.4
0.6
0.6
0.2
0.1
0.1
0.1
1.324
0.2
0
0.1
0
0.5
1.324
2.124
1.924
0.3
0
0.9
0.5
1.324
0.9
0.2
0
0
0
1.624
1.924
1.524
1.824
0
0
0
0.6
0
1.1
0.2
0
0.4
0.7
0.7
3.424
0.8
0.2
0.2
1.524
1.224
0.1
0
0.4
0
0
0.3
0.1
0
1.224
0
0.2
1.324
1.224
0.2
1.224
1.324
0
0
0.5
1.524
4.624
1.424
2.724
0.1
1.724
3.6
1.324
1.224
1.624
1.9
0
0.2
0.2
0.6
0.2
0.2
0.3
0.2
0.3
0.4
1
0.5
0.7
0.5
0.1
2
0.1
0.1
0.2
0.1
0.6
0.2
0.2
1.824
0.3
0
0
0.4
0.1
0.2
0.1
0.9
1.1
0
0.3
4.1
0.3
0.1
0.4
0.1
2.324
2.7
2.1
0
0.9
0.1
0
0.7
1.624
2.624
0.9
0.6
0.3
0.4
0.5
0.9
4.424
0.1
0.5
0
1.224
0.4
0
1.2
0
0.3
0
0.9
0.2
0.4
0
0.5
2.524
0.6
0.5
1.724
0.1
2.924
1.424
0
0.2
1.1
1.3
0.1
0.4
0.2
0
1.524
1.524
2.124
0.1
1.724
0.5
1.8
0
0
1.324
0.6
1.9
1.224
0.3
1
1.5
0
0.5
0.2
2.224
1.324
0.3
0.1
1.9
1.724
1.424
0.7
2.324
2.436
3.336
1.936
3.136
1.836
3.86
0.2
0.9
0.1
0.1
1.324
0
0
2.736
1.224
1.224
0.1
0.1
0.8
0
0
0.4
3.7
1.224
6.4
0.4
0.1
0
1.324
1.224
0.2
0.1
0.1
0.3
0.3
0.5
1.224
0.2
0.4
0
0
5.5
0.1
1.224
0
1.7
0.9
6.824
2.7
1.224
4.3
0.6
0
0.4
0
0
0.1
0.2
1.224
1.424
0.2
0
0.8
1.224
0.3
0.1
0
0.3
0.3
0
1.724
0.5
0
0.2
0.1
1.524
0
0.5
0
2.224
0.1
0
0.2
1.224
0.1
0
0.6
2.4
0
0.3
0.5
0.1
1.224
1.224
0
0
1.224
0.8
0.4
0.2
0.7
0.3
1.224
1.224
1.324
1.724
1.224
0
1.224
1.424
0
1.424
0.7
6.8
0.8
0.5
1.1
3.3
1
