3.36
0.2
2.824
0.3
2.748
0
0.1
0
1.324
0
1.224
1.324
1.524
0.9
0.7
0
1.224
0
0
0.1
1.224
1.224
0
0
1.324
0.1
0.1
0.6
1.324
0.1
0
1.224
2.324
1.324
3.26
3.66
3.16
3.36
1.836
3.36
3.16
5.36
1.936
1.836
1.936
3.06
2.036
3.36
3.26
4.684
3.06
1.836
4.684
3.06
1.936
1.836
4.584
3.16
3.06
3.76
4.46
3.66
1.836
2.936
2.636
3.36
3.06
3.06
3.16
4.56
3.46
13.108
4.684
3.06
5.16
3.46
3.16
1.836
3.06
3.16
4.46
3.16
3.06
3.06
1.836
3.06
3.06
1.836
1.836
4.36
3.26
1.936
3.16
3.16
3.06
4.484
4.384
4.384
1.836
1.836
1.836
3.76
3.96
3.16
1.836
3.16
3.06
2.436
3.06
3.16
4.884
3.26
3.26
4.384
1.836
2.136
3.46
3.26
3.06
3.06
5.76
1.836
1.936
4.984
3.16
3.16
3.36
3.06
1.936
4.584
3.76
1.836
3.06
1.836
3.46
2.336
3.16
4.284
3.36
3.136
3.36
3.06
3.06
3.26
3.06
3.06
3.36
3.46
3.46
3.16
3.06
3.26
3.26
3.26
3.36
3.66
3.36
1.936
3.66
1.836
3.16
3.16
3.16
3.06
2.136
3.06
1.936
4.284
1.836
5.536
4.384
5.684
4.284
3.06
4.284
3.76
3.06
3.06
3.26
3.36
3.16
4.884
1.836
4.384
2.236
5.084
3.76
4.484
3.26
4.284
2.036
4.284
3.26
4.784
4.284
3.46
3.16
3.16
1.324
0.2
2.548
0
0
1.624
3.124
1.224
1.424
2.548
1.624
1.324
1.224
1.624
0.6
1.224
1.224
4.024
1.224
1.824
0
1.224
1.224
1.324
2.324
1.224
1.224
1.524
1.224
1.224
1.724
3.672
1.524
1.224
2.448
0.1
1.324
0
4.548
1.224
0
1.724
0
2.024
1.524
0
1.224
0
1.224
1.224
1.224
0.8
0
1.224
1.224
1.224
0.1
1.224
1.224
1.724
1.424
1.424
1.224
2.448
1.224
0.4
1.224
2.448
0.4
1.224
1.224
1.224
1.224
1.424
1.324
1.324
2.324
0.1
1.224
3.06
3.772
2.448
1.224
1.324
2.848
1.224
2.948
1.224
1.324
1.324
2.548
1.324
1.224
1.224
1.224
1.924
0.1
0
0.2
0
1.224
1.324
0.3
2.748
0.1
0.4
0.2
1.224
1.624
2.848
0
2.748
1.224
1.224
2.748
0
0
1.524
1.224
1.224
0
1.224
1.224
0.2
1.624
0.2
1.924
1.424
1.224
0
0
1.224
1.1
1.324
0.2
1.524
1.224
1.224
0
0.1
2.424
1.224
1.224
2.448
3.424
1.524
1.724
1.824
2.548
1.524
1
2.548
2.548
2.748
2.524
3.724
0
0.1
1.224
3.16
0
4.072
2.648
0
2.548
2.448
2.448
0.1
0
2.448
0.1
1.324
1.224
1.224
0.1
1.224
0
1.224
2.124
0
0.1
0
1.224
2.224
0
1.324
0
0.3
1.424
2.748
1.424
0
0
2.748
1.6
1.324
0.1
1.424
0.1
1.424
1.224
0
1.224
1.424
1.224
2.548
2.448
2.448
2.548
2.448
1.824
1.224
1.6
1.624
2.548
0.1
0.3
1.324
1.324
0
1.224
1.324
1.324
1.424
1.524
0.8
1.424
1.424
0
3.672
1.924
1.424
1.224
2.548
1.224
0.2
1.624
0.5
1.324
2.948
1.424
1.424
1.324
0.3
1.224
1.324
0
1.224
1.224
2.448
1.424
1.324
0.1
0
0.1
3.048
1.324
1.324
0.4
1.324
0
2.124
1.424
2.548
1.224
0.5
1.324
1.324
0.3
2.924
0.6
0
2.024
2.524
0.1
1.224
1.724
1.724
0.4
1.224
0.2
0.4
2.448
0
1.224
0.3
0.1
0
2.448
1.324
0.3
2.448
1.224
1.224
1.424
2.448
0.1
0
0
1.224
1.824
1.224
0
2.648
0.6
1.224
0.1
2.648
1.324
0.9
0.1
1.224
1.224
2.748
1.224
1.224
1.224
2.448
0.1
2.548
1.424
1.224
2.724
1.324
2.448
1.224
0
1.424
3.548
2.448
0
1.324
1.224
1.524
1.824
2.448
0
2.648
1.224
1.324
1.224
1.424
0.3
2.448
1.324
1.224
0
1.624
2.124
1.624
2.548
1.324
1.224
0
1.324
1.224
1.324
0.1
1.224
1.624
1.224
0.1
1.524
1.224
1.224
1.224
1.424
2.448
2.748
1.624
2.748
2.648
1.224
0
2.448
0
1.224
0.1
0.1
1.224
1.224
2.224
1.324
0
2.448
0
0
1.224
1.224
1.224
0
1.224
1.324
1.224
1.224
0.1
0
2.448
1.224
1.224
0
1.224
2.448
0
1.224
0
1.224
0
0.6
1.224
0
0
1.224
1.224
1.424
1.424
0.1
0.8
0.1
0
2.124
1.324
2.548
0
0
0.4
2.548
0
0.2
1.424
2.548
0
0
2.648
1.224
1.424
2.548
0
1.224
0
0
1.224
0
1.224
1.224
1.224
1.624
1.224
1.324
0.8
0
1.224
1.224
1.224
1.324
0.3
1.524
1.324
1.224
1.224
0
0.2
2.024
0
2.748
1.224
1.424
2.448
0
0.1
3.872
1.224
1.224
1.224
1.624
1.324
2.648
0
2.448
1.324
2.748
1.724
1.224
1.224
0.7
1.224
1.324
0
1.224
2.748
1.224
0
1.424
0
0
1.224
1.224
0.2
1.324
0.4
2.448
1.224
1.224
2.748
0
1.324
2.448
0.2
0.1
1.624
1.624
1.224
1.424
2.448
1.224
0
1.224
1.324
0
1.324
1.324
0
0.1
1.424
1.324
1.324
1.224
1.224
0
0.1
1.224
0
1.5
1.224
0.3
1.324
0
1.424
2.448
1.224
1.524
0.1
2.648
1.224
1.424
1.524
1.224
1.624
1.224
2.448
2.848
1.224
1.224
1.524
1.524
2.448
1.224
1.224
2.448
1.6
3.548
0.1
0.2
1.624
2.448
2.448
1.324
1.224
1.224
0
1.524
1.224
1.524
2.648
1.224
1.224
0
1.224
1.224
1.224
1.324
0
2.448
2.448
1.224
1.324
1.224
1.324
1.224
0.2
2.448
0.4
0.6
1.324
1.524
0
1.524
0
2.548
1.224
0
2.024
1.224
1.224
1.224
1.224
1.424
0
1.424
2.448
1.424
1.524
1.224
1.424
1.224
1.224
1.324
0.1
0
1.424
1.224
1.424
0.1
2.548
1.224
0
2.548
0.1
0
1.224
1.224
2.548
1.224
1.224
2.548
1.224
1.224
1.324
0
1.324
0
1.224
0
1.324
0
1.624
1.224
2.448
2.548
0
1.224
1.324
2.448
1.224
1.324
1.224
0
2.548
3.448
1.324
0
1.224
1.324
2.648
1.324
0
1.324
1.624
1.224
3.448
1.324
2.448
2.448
1.224
2.448
1.324
1.324
1.724
4.448
1.224
0.1
1.224
0
1.324
1.224
0
1.324
2.448
0.1
1.424
0.1
2.548
1.624
1.224
0
0
0
1.224
0
1.224
2.448
1.424
1.224
0
1.224
1.324
1.324
1.1
2.748
1.324
2.448
0.5
0.1
2.448
1.224
3.148
2.448
1.624
1.524
1.324
0.3
2.548
0
1.524
1.724
1.524
2.448
0
2.448
2.748
2.548
3.948
1.324
3.148
2.748
1.624
1.224
1.424
2.448
1.624
2.648
1.224
1.324
1.224
1.224
1.224
1.324
1.224
2.648
1.224
1.324
1.424
1.324
1.624
2.424
1.224
2.948
1.224
0
1.224
1.224
0
0.1
3.248
1.324
1.724
1.224
1.924
0
1.224
1.224
1.224
1.324
1.424
1.624
1.824
1.224
2.748
1.624
1.324
2.548
2.548
1.724
1.224
1.324
1.224
2.648
1.224
1.224
1.324
1.224
1.224
1.224
1.324
1.824
2.948
1.224
1.224
2.848
0.2
0
1.424
2.624
1.224
0.5
2.548
0
1.224
1.424
2.648
1.224
1.224
2.548
0
0.7
0
2.724
1.836
2.548
1.324
2.748
1.224
0.4
0
0.3
1.524
1.224
2.124
1.424
1.224
1.324
1.224
1.224
1.324
0.1
1.224
2.224
1.524
1.724
2.548
1.224
1.224
1.424
1.224
1.224
0
1.224
1.224
1.224
0.7
1.324
0.4
1.224
1.224
0
0
1.224
1.224
1.424
4.724
0
1.224
1.524
1.324
1.3
0
0
0
3.448
2.548
1.324
0
1.224
2.648
1.224
3.048
2.448
1.824
0
1.424
1.324
1.224
1.424
1.424
0
1.424
1.924
1.224
1.624
0.1
4.372
2.448
1.324
1.424
2.024
2.548
2.448
0
1.424
2.448
2.448
2.848
1.224
1.224
2.648
1.424
1.324
2.324
1.324
1.324
1.224
1.524
0
2.224
1.424
1.224
2.548
1.324
1.324
1.224
1.324
0.1
0.3
1.724
2.948
2.448
2.448
0
3.148
1.224
2.448
1.324
1.224
1.624
2.648
1.524
1.424
1.224
1.624
1.224
1.224
2.648
1.824
1.224
2.848
1.424
1.224
0
1.324
2.448
2.548
1.524
1.624
0.2
1.224
0
2.448
2.448
1.224
1.224
1.224
1.624
1.324
2.448
1.324
1.524
1.524
0
1.524
2.548
1.624
1.724
1.724
1.224
0.9
1.224
1.224
1.324
3.148
2.648
1.524
2.748
1.1
2.848
0
0
0
0.2
1.724
1.724
1.224
1.224
2.448
1.224
1.524
1.224
1.224
2.448
2.448
2.448
1.524
0.9
1.324
2.124
0
1.424
1.224
2.024
2.848
1.624
2.748
2.648
1.324
2.548
2.224
1.224
1.224
1.424
1.224
1.524
1.324
1.224
1.224
1.724
1.624
2.548
1.224
1.224
2.748
1.324
1.424
2.024
0
2.648
0.2
1.224
1.224
0.1
2.448
1.224
1.224
1.224
1.724
0
1.224
2.448
2.548
3.048
1.324
1.624
3.972
2.748
2.748
0
0
0
1.224
3.524
0.6
1.224
1.224
1.224
0.2
2.548
1.624
1.424
1.924
1.724
1.224
1.224
1.224
2.548
2.448
2.548
1.224
2.648
1.324
0.2
2.724
1.224
2.848
1.224
1.224
1.324
2.648
1.224
1.324
2.648
1.324
1.324
2.548
1.724
1.624
3.672
1.624
2.748
1.324
3.872
1.324
1.224
1.224
0
1.224
1.324
1.224
0.3
1.224
1.324
1.224
1.724
1.224
1.524
2.748
0
2.548
1.924
1.424
1.524
1.224
1.224
3.348
0.5
1.224
2.448
1.324
1.324
2.548
1.224
2.848
1.224
2.448
2.448
1.524
1.424
1.224
1.824
1.424
1.224
1.224
2.448
1.324
2.124
2.648
1.224
1.224
1.224
3.148
2.448
1.424
1.524
1.224
2.448
1.224
1.824
1.924
0
1.324
2.648
1.324
1.324
0.2
2.748
1.624
1.324
0
0.2
1.324
0
1.324
2.648
1.424
1.524
1.224
1.524
1.224
1.324
1.224
1.224
0
1.624
1.424
2.224
1.324
2.448
1.224
1.324
1.324
1.324
1.224
1.224
1.224
2.448
2.648
1.224
2.648
2.848
0
1.224
2.748
2.448
1.224
2.448
1.324
0
1.824
1.324
0
1.224
1.324
1.224
1.624
2.748
2.948
2.448
2.548
1.524
1.624
0
3.148
1.424
2.548
1.224
2.024
1.924
1.824
0
1.224
2.648
2.448
1.424
1.324
1.224
1.624
1.224
0.2
1.324
1.224
0.2
0
2.548
0
1.224
2.448
1.624
1.224
2.448
2.448
1.224
1.224
2.948
4.148
1.624
1.324
2.648
0
1.424
2.748
0.6
0.5
1.224
1.324
2.448
0
1.624
2.848
0
2.548
0.1
2.424
0
2.448
0.1
1.224
2.448
1.624
1.524
2.448
2.848
1.524
1.424
1.224
1.224
4.272
1.224
2.548
1.624
2.448
1.224
1.224
1.224
2.448
1.924
1.524
0
1.324
2.448
1.224
2.548
1.224
2.448
1.324
1.324
0.4
0.6
1.224
1.224
1.324
1.224
0
1.324
1.224
2.448
2.224
2.548
1.524
1.224
1.224
1.224
1.224
1.224
1.224
2.748
1.224
1.224
0
0.1
1.324
1.324
2.324
1.224
1.224
1.524
0.2
2.548
2.448
1.424
1.424
1.324
1.224
1.324
0
1.224
1.224
0.1
2.648
3.948
1.324
1.224
1.224
1.224
1.224
1.324
1.324
2.648
2.748
1.224
1.224
2.448
3.048
2.448
0
1.324
2.448
1.824
0
1.224
1.224
1.224
2.648
1.224
1.324
1.524
1.224
3.248
2.424
1.224
2.548
0.2
1.324
1.224
1.424
0
2.448
1.224
2.448
0.1
1.224
0.2
1.324
1.224
2.648
2.548
1.224
1.524
1.724
2.848
1.724
1.224
0
1.224
0.1
3.048
4.072
2.648
2.548
1.324
0
1.324
1.424
1.324
1.224
1.324
1.224
1.424
1.724
2.648
3.148
3.348
1.324
2.548
2.648
2.548
2.448
0
2.648
0
0
1.224
1.224
1.324
2.448
1.224
1.224
1.224
1.224
1.324
2.448
1.324
1.224
1.224
1.324
2.648
3.648
1.424
1.624
0.2
1.924
2.224
2.448
1.224
1.324
2.124
1.224
0.1
1.324
1.824
2.648
1.724
0.1
1.324
0
0.2
3.248
1.324
0.1
0.4
0.1
1.724
1.324
1.224
1.324
0
1.824
2.748
1.224
1.424
1.324
0.1
0
1.324
2.548
1.224
1.324
1.524
1.524
2.448
1.224
1.4
2.648
2.548
1.324
0.1
1.824
1.1
0.9
1.224
3.048
1.224
0
1.424
2.448
1.924
1.724
0.5
1.724
0.2
2.648
1.724
3.948
2.648
1.324
1.224
1.324
2.748
1.224
2.848
1.224
1.324
1.324
1.624
1.224
1.424
1.224
1.524
2.848
1.624
1.524
1.424
1.524
1.624
2.748
1.224
1.324
3.048
1.924
1.224
1.324
1.324
2.448
3.772
2.448
4.072
2.448
2.548
3.048
2.124
1.424
1.224
2.648
2.848
2.224
1.224
1.424
2.948
2.024
0
1.524
1.224
2.948
1.224
1.324
1.424
2.024
2.748
2.448
2.848
2.948
3.46
3.46
1.836
3.66
1.936
4.584
1.224
2.748
1.224
1.324
1.224
1.224
0.1
3.26
1.224
2.648
1.224
0
1.624
1.324
2.448
1.424
2.024
1.224
2.2
0.2
2.448
1.224
1.224
1.224
0.1
1.224
0.1
0.3
1.224
0.1
1.224
0
2.548
0.1
1.224
1.8
0.1
2.448
0
1.924
1.624
4.648
1.824
2.448
2.724
1.424
1.424
1.224
1.224
1.224
0
0.4
1.224
2.548
0.1
0
1.524
1.224
0
0
1.224
0.2
0.2
1.224
1.524
1.524
0.1
0
0
1.224
1.324
0
1.324
1.624
1.224
1.224
1.324
1.224
1.224
1.224
0.1
1.724
1.324
2.648
2.948
1.324
1.224
2.448
0
1.324
2.448
1.224
1.424
1.524
1.724
1.224
2.448
2.448
1.224
2.548
1.324
1.224
1.224
2.548
1.224
1.324
0.1
3.024
1.224
1.324
1.824
1
1.524
