2.524
2.224
5.224
4.248
1.724
2.136
1.424
1.224
0.2
1.224
1.224
0.1
0.5
3.824
3.624
1.224
0
1.224
1.224
1.424
1.836
2.436
0.1
1.224
1.924
1.424
2.848
1.724
2.648
1.424
1.424
1.224
5
0.2
0.1
1.7
0
0
0.2
0.9
0.5
6.16
0
0.4
0
0
1.724
1.1
0.6
0.4
0.1
0.1
0.8
0.3
0
0
0.1
0.1
0.1
1.3
3.3
1.4
0.5
4.024
4.36
0.6
0.1
0.1
0.5
4.3
0.9
1.5
0.5
2.036
8.16
3.624
0.1
1.724
0
0
1.8
0
0.1
0.2
0.3
0
0
0
0.1
3.624
0
0.1
1.424
0
0
0.5
0.7
0
1.324
1.224
0.1
1.3
2
0
1.224
0.1
1.224
2.2
0.1
0.1
1.824
1.224
0
0
0.3
2.836
1.224
0.1
0.1
0.1
8.7
0.1
1.324
1.5
0.4
0
0.1
0
0
1
2.224
0.4
0.6
0.1
3.96
1.4
0.5
0.4
0.4
2.724
1.524
1.324
0
0.6
0
0
0.2
0.5
0.2
0.1
0.3
0.1
0.5
1.424
1.3
0.7
2.224
0.5
3.724
0.1
0.2
0
0
1.424
2.024
0.2
0.1
0.2
1.624
9.224
0.2
1.3
1.324
0.1
1.324
1.5
0
0
1.836
0.9
0.6
0.8
1.324
0.2
2.424
1
0.9
0.3
0
0.1
1.624
0.3
0.1
1.9
0.4
0.9
0
1.524
1.324
1.7
2.436
0
1.224
1.1
3.2
0
0
0.5
0.4
0.1
0.1
0.6
3.024
0
1.836
9.624
0
9.584
0
1.836
0
0
3.224
1.324
1.224
2.024
1.224
1.224
2.224
1.324
2.848
2.448
0.1
1.836
0.2
0.1
6.8
2.136
3.06
0.7
1.836
1.7
2.336
1.224
1.424
0
2.648
0
0.1
4.224
0
0.4
0.3
0
0.2
0
1.836
2.1
1.924
0.5
0.1
0
1.624
1.7
0
0.1
3.624
0.1
0
0
0
0.6
0.1
0.1
3.6
0.1
0
0.1
1.524
1.224
2.448
1.324
1.924
2.448
1.924
0.2
0
0.1
0.2
1.836
1.836
1.224
0
3.9
1.224
1.324
0
1.624
0.2
1.324
1.624
1.324
0.3
1.624
1.624
0
0.7
0.9
1.324
1
0.3
0
0.3
1.224
1.324
0.2
0
1.424
1.224
2.124
1.324
1.524
2.524
2.224
1.3
0
0.1
0.1
1.324
0
6.124
1.524
0.1
4.36
3.06
0
0.1
1.224
5.824
1.224
1.324
0.1
5.8
1.624
2
0.9
0.3
0.6
4.024
1.424
1.524
1.624
3
8.524
1.224
1.936
0
1.424
1.324
1
0.3
1.324
0.2
0.1
0
1.524
0
0
3.26
0
0
0.1
0.3
1.424
1.224
0
2.8
1.224
1.224
1.824
1.524
3.524
1.324
0
2.448
1.524
1.524
2.424
1.524
1.324
2.548
2.648
7.848
1.324
3.648
0
1.836
1.524
1.224
2.448
1.324
3.06
1.224
1.924
1.324
3.16
1.224
1.224
1.724
1.324
7.148
2.324
1.424
3.16
2.848
1.724
1.524
2.548
3.048
1.624
3.16
4.584
2.224
4.848
2.848
1.524
4.284
1.324
2.424
2.324
2.548
2.948
1.524
2.024
2.424
3.248
1.324
5.448
1.624
4.572
2.548
6.208
2.548
2.848
2.748
3.06
1.224
1.224
1.424
3.36
2.648
3.16
2.448
1.824
1.424
1.424
5.284
1.224
2.448
4.748
1.724
1.324
1.324
2.624
3.048
1.324
1.624
6.424
6.384
2.548
2.524
5.924
1.324
1.724
3.648
2.024
4.048
3.06
1.824
2.224
1.224
2.548
1.224
1.624
2.548
1.224
1.224
3.648
2.948
1.224
1.324
1.224
3.16
1.224
1.424
3.06
2.448
1.324
2.024
1.324
4.584
1.724
2.424
2.548
2.648
1.224
3.06
3.324
2.448
1.224
1.224
1.324
1.424
3.06
1.224
1.524
4.284
1.324
2.548
1.224
8.148
1.424
1.224
1.224
2.448
2.324
2.624
1.324
3.16
1.224
1.224
2.224
2.524
1.324
1.324
1.524
2.648
1.724
1.224
1.824
3.748
1.324
3.048
1.524
2.748
1.624
2.224
5.484
1.224
1.224
1.224
2.648
1.424
1.224
1.224
3.06
1.224
2.024
1.324
1.424
3.348
1.324
1.224
1.224
3.148
3.16
3.56
2.324
3.46
2.648
2.448
2.948
1.224
2.548
1.324
3.06
1.224
1.224
1.424
5.324
1.924
1.224
1.224
2.448
1.224
3.06
1.324
1.524
2.548
1.224
2.848
2.748
4.284
2.924
1.324
1.224
1.324
1.324
3.16
1.224
1.324
2.448
2.648
2.448
1.224
2.748
7.408
1.724
2.548
2.448
1.224
1.724
2.624
4.484
2.648
3.224
1.624
1.324
6.224
3.348
1.224
2.448
1.224
1.624
1.224
2.448
3.048
1.824
1.624
1.324
2.548
1.424
1.424
3.06
1.224
1.224
3.06
1.324
1.324
1.224
2.748
1.424
4.284
1.224
2.648
1.324
2.448
2.324
2.448
2.648
2.448
1.224
1.324
2.224
1.624
1.324
4.484
1.224
2.448
3.048
3.624
1.324
2.024
3.16
3.26
1.324
1.224
1.324
1.524
1.224
1.224
1.324
1.324
1.424
3.348
1.324
2.448
3.448
3.348
1.824
1.324
2.648
3.96
1.224
1.524
2.648
1.324
2.548
1.224
2.948
1.524
3.06
1.224
1.324
1.424
1.424
2.448
2.724
1.224
1.224
1.224
1.424
2.548
1.924
2.548
3.86
1.324
1.824
3.96
1.324
2.948
1.324
1.224
2.548
1.324
2.748
2.548
1.724
2.748
2.548
2.748
1.524
1.324
1.224
1.324
1.324
3.16
1.224
2.448
1.424
24.708
1.424
1.424
1.424
2.648
3.06
1.424
3.16
1.924
2.848
2.948
1.624
1.924
3.448
1.224
1.524
2.548
1.324
1.224
1.224
1.424
1.924
1.924
1.224
1.224
1.424
1.324
10.648
3.224
2.648
3.248
3.748
1.524
1.224
1.224
1.324
3.16
2.448
3.36
3.26
2.224
1.424
1.224
2.448
1.224
1.224
1.224
2.548
1.224
1.224
2.548
2.448
1.624
1.624
1.224
3.26
1.324
3.748
1.224
3.048
3.524
3.26
1.224
2.448
1.624
1.224
2.548
3.16
2.324
5.424
4.384
2.448
4.284
1.424
1.224
3.06
3.848
1.224
3.148
1.324
2.448
3.048
1.324
2.448
1.924
2.548
1.224
1.424
1.224
1.624
2.848
3.56
2.448
3.56
3.26
2.548
1.424
2.448
1.324
2.748
1.224
1.224
1.424
3.06
2.648
3.26
2.748
1.324
2.848
1.224
1.224
1.324
2.648
1.424
1.524
1.224
1.224
1.324
3.06
2.548
1.524
1.224
2.324
1.224
1.224
1.324
2.724
2.648
1.324
1.224
1.324
3.36
1.824
2.448
2.124
2.424
2.548
2.724
2.648
2.548
2.448
2.648
1.324
3.16
1.324
2.724
3.624
1.424
1.424
3.06
2.448
1.224
1.324
3.26
1.524
1.224
1.224
3.648
2.748
1.224
1.824
2.448
1.724
1.224
2.548
1.324
2.448
1.324
1.524
1.424
1.524
1.224
1.424
1.524
1.924
5.648
2.124
1.524
1.224
3.048
1.324
1.224
1.224
1.824
2.548
2.524
5.184
3.16
4.584
3.46
2.548
3.648
4.648
1.424
1.224
2.548
1.324
3.36
1.324
5.548
1.324
4.648
1.724
1.924
1.624
2.848
1.224
3.848
1.424
2.548
2.748
3.06
3.06
3.06
1.724
1.424
1.424
1.224
1.724
1.824
1.324
1.424
5.224
1.224
1.724
1.224
1.524
2.448
2.548
2.648
1.424
4.56
2.848
5.084
1.224
4.348
2.548
1.224
3.16
1.324
3.76
4.384
5.184
5.184
1.224
2.524
4.584
3.26
3.46
3.16
2.024
3.26
1.224
2.448
1.424
1.224
1.424
2.224
1.524
1.524
1.924
1.324
3.224
1.824
1.224
1.324
2.724
0.7
0
0.5
2.8
1.2
3.036
1.524
1.224
0
0.5
0.5
0.7
0.1
1.836
0
4.224
1.836
4.424
0.1
0.1
1.324
1.2
0
1.9
0
4.06
0.4
0
2.5
0.4
0.1
0
0.1
0
0.2
1.324
0
6.824
0
1.1
0.2
1.424
1.224
0.6
0
1.224
1.224
0
0.1
1.224
2.524
2.424
0.1
0.1
1.324
1.724
0
0.2
0.3
0.7
5.1
1.524
0.3
1.924
0.2
4.224
0.3
1.524
1.324
1.6
0.2
0.9
1.224
1.836
0.1
0
1.9
0.4
1.5
1.224
0.1
3.16
0.2
0.1
0.2
0.1
0.1
1.3
0.1
0.3
1.624
1.824
1.324
0.1
0.6
1
0.6
0.1
1.424
1.624
0.2
0.2
0.5
1.324
0
0.1
1.424
3.06
2.6
1.524
0.2
0
0.2
2.448
1.7
0.2
0.1
0.3
0.5
2.036
0
0.1
1.524
1.624
2.3
0.4
0
0
1.224
1.5
0.1
0.3
0.1
0
1.324
0.2
2.024
2.436
0
1.7
0.5
0.1
0.2
1
0
0.5
0.5
0
0
1.424
1.924
1.324
0.4
3.46
0.2
0
1.424
0.1
1.224
0
0
0
1.6
0
0
1.324
0.4
0.5
1.324
0.3
1.324
0.9
2
2.224
0
1.9
0
1.324
0.1
1.1
0.6
0.5
0.1
4.324
0.7
1.224
1.224
1.624
1.224
2.624
2.124
0.1
0.1
1.224
1.224
0.3
0.2
0.2
0.1
0
1.224
0.4
4.548
0
1.9
1.224
0.5
0.1
0.3
0.7
0.3
0.9
0.3
0
0.1
7.2
0.2
0
1.524
1.324
0.2
0.1
0.4
0.3
0.3
2.524
0.2
0
0.3
0.9
1.424
0
2
0
0.6
0.6
0
0
1.324
2.136
0
0
0
2.336
1.224
0.1
0.1
0.1
0.6
0.4
0.5
0.8
0.9
0.3
2.524
1.224
1.424
0
6.1
3.124
1.324
0
2.436
1.224
0.3
0.1
0.3
0.5
0.9
0.1
1.324
0.3
0.3
0.4
1.524
0
0.4
0
3.336
2.4
0
0.4
0
0.1
1.424
0.9
0
0
0.3
0.2
0.5
0
0.2
0.6
0.3
0.6
0.2
3.26
0.1
0.3
0
3.56
1.224
0.2
0.1
0.2
0.7
1.324
0.2
0.1
1.3
0
0.2
2.824
2.924
1.324
1.2
0.1
4.56
0
0
2.7
1.624
1.324
1.424
1.224
0.2
0.1
0
0.7
0.2
0.2
0
1
0.1
0
1.8
1.224
0
0
0.2
0.6
1.5
0.3
0.2
0
0
0.8
0.4
0.3
0.9
0.1
1.836
0.5
0.6
0.5
1.224
0.2
1.936
0.4
1.324
2.224
0.3
0.4
0.1
1.324
1.924
0
1.224
0.1
0.5
0.2
0.7
0.2
1.924
0
0.1
0.1
0.6
2.036
0.7
0.3
1.4
0.1
0
0
0
0.5
1.424
0.1
0
0.1
0
0
0
0.3
0.4
1.224
0.2
0.6
0.4
0.2
0.1
0.2
0.2
1.4
0.2
1.936
0
0.6
2.648
2.936
0.6
1.724
0
0.4
0.3
1
0
0.6
4.06
0.6
0
1.9
0.7
2.2
1.324
1.324
1.724
0.2
2.124
0.1
0.1
0.9
0
0.1
0.1
1.836
1.324
1.624
1.324
1.224
0.2
0.2
0.3
0
0
0
0.1
3.46
0.8
6.024
0.7
0.3
2.324
1.224
0
1
0.7
0.3
0.2
0.2
0.4
1.224
2.036
0.4
1.624
0.1
0
4.024
1.224
0.1
2.636
0.4
0.3
1.1
2.124
0.5
2.224
0.5
0.7
0.2
0
1.1
0
0
0.7
0.3
0.1
0.1
0
0
0.9
3.36
1.936
0.2
0.1
1.524
0.1
0
0
0
0.2
1.3
1.4
0.4
0
1.424
1.224
0
0.3
0
0
4.124
0.2
0.1
0.5
0
0.2
0.1
0.1
0.1
0.8
0.3
0.1
1.224
0
1.224
0
6.424
1.324
0
1.3
2.424
0
1.224
0.5
0
0.2
0
0
0.2
1.324
1.224
0.1
0.3
4.96
0
0.2
0
0
0.2
0.1
0.1
0.5
0.2
0
1.424
1.224
1.2
0.3
1.224
0.1
0
0.4
1.224
0
0.1
0.1
1.324
0
0.2
0.4
0
1.4
2.7
1.624
0.8
1.324
1.936
0.1
0.3
1.624
3.46
0
0.1
1.224
0
2.124
0
0.7
0.9
3.16
0.2
1
0.4
0.7
0.7
0
1.224
0
0
0.5
0.7
0.4
0.2
0
1.224
0.2
1.624
1.224
0.7
0.2
1.224
0.4
0.8
0.7
1.5
3.224
0.1
0.5
0.3
0
0
0
0.3
1.224
1.224
0.3
0.2
0
0
0
0.3
0.1
1.224
0
0
1.424
0
0
0.5
0.5
3.8
0.6
1.3
1.524
0.9
2.4
0.1
1.324
0
2.2
0
0.1
0.2
0.5
1.936
0.1
2.336
0.2
0.2
1.524
1.2
0.9
2.224
2.024
0.1
2.2
0
0.3
0
1.224
0.8
3.86
1.424
0.2
3.46
1.324
1.224
0
0.1
0.2
0.1
0.4
0.4
0
3.06
6.224
0.5
0
1.324
1.424
1.3
3.1
3.424
1.224
2.236
0
0
2.324
0.4
2.524
0.9
0.5
0.8
2.336
0.2
0.4
6.824
0.1
0.1
0
1.836
0.3
0
1.424
1.324
0.4
0.1
0.5
0.3
0.8
0.1
0.1
0.8
2.224
0.5
0.6
0
1.4
0.4
3.06
0
1.4
1.2
0
0.5
0.2
0
0.3
1.224
1.4
0.2
0.3
2.336
2.5
3.06
0.1
0.1
0.4
0.9
0
0
0.7
3.424
0
1.624
0.2
1.824
0.1
0.1
0
1.6
1
0.2
0.6
0.6
0.9
1.5
1.324
1.1
0
2.636
0.2
0.4
1.324
1.424
0
1.836
1.224
2.024
3.06
0.1
0.4
1.524
2.624
0.1
0.1
1.824
3.3
0
8.024
1.324
0.3
0
0.1
0
2.548
1.324
2.136
2.424
1.324
1.624
1.224
1.324
0.4
3.06
0
14.484
1.324
0
1.836
3.424
0.4
6.8
2.7
0
6.824
0.8
3.26
0.4
0.1
0
1.324
2.324
0.1
2.036
2.236
1.224
0.3
1.224
2.036
1.936
0.2
0.3
1.724
0
1.424
0.5
0.1
0.5
1.324
0.6
0
1.724
1.424
2.324
0
0.3
1.224
0
1.424
1.224
1.924
2.924
2.448
0.6
0.9
0
1.224
0
0.2
1.324
1.324
2.724
1.824
2.848
3.548
1.724
1.624
1.424
2.448
1.724
0
1.224
4.284
0.1
0
0.1
1.2
7.324
1.624
0.1
3.624
4.624
2.824
