0.2
0
1.824
3.06
1.224
0
0
0
0
0
0.1
0
0
0.1
0.2
0
0
0
0
0
0
0.1
0
0
1.936
0
0.2
1.324
1.224
1.324
0
1.224
0.4
0
0
0.1
0
0.1
0
0.1
0
0.7
0
0
0
0
0
0.1
0
0
0
0
0.1
0
0.1
0
0
0
0
0
0.3
0
0.1
0.1
0.2
0.1
0
0
0
0.2
0.2
0.3
0.2
0
0.4
0.3
0
0.1
0
0
0.5
0
0
0
0
0
0
0
0
0
0
0
0
0
0
0.2
0.2
0
0
0
0
0.1
0
0
1.836
0
0
1.82
0
0
0
0
0
0
0
0.2
0
0
0
0
0.9
0
0
0.2
0
0
0
0.1
0
0.2
0
0
0.2
0
0.2
1.22
0.1
0
0.1
0.1
0
0
0
0.2
0
0
0.1
0
0
0
0
0
0
0
0.3
0
0
1.02
0.2
0.1
0
0
0
0
0
0
0
0
0
0.9
0
0.1
0
0
0
0.3
0
0
0.1
0.1
0
0.2
0
0
0
0.1
0.1
0.1
0.1
0
0.1
0.2
0
0.2
0
0.2
0
0
1.224
0
0.2
0
0
0.1
1
0.1
0
0.1
0.1
0
0
1.22
0.6
0
0
0.3
1.12
0.5
0
0
0
0
1.924
1.224
1.224
1.324
1.224
1.324
1.524
1.224
1.324
1.224
0.1
1.936
1.936
0.1
0.7
0
0
0.1
1.836
0.5
1.936
1.224
0
0
0
0
0
2.436
1.02
0
0
0
0
0
0
0
0
0
1.936
0
0
0
0
0
0.1
0
0
0
0
0.1
0.1
0.1
0.2
1.02
0
0
0
0
1.224
1.224
1.524
1.224
1.324
0
0.1
0
0.3
0
0
1.224
0
0.1
0
0
0
0
0
0
0
0.1
0.1
0
0.1
0
0.2
0
0
0.1
1.836
0
0
0
0
0
0
0
0
0
0
0.1
0.1
0
0
0
0
0.1
0
0
0.3
0
0
2.036
1.836
0
0
0
0.4
0
0
0
0.5
0.1
0.1
2.236
0
2.036
0.1
0.1
0
0
0.4
0.7
0
2.036
0
0
0
0.1
0.1
0
0
0
0
0.1
1.936
0
1.836
0
0
0
1.936
1.836
0
0
0.1
0
0
0.1
0.1
0.4
1.224
0
1.224
2.444
1.324
1.324
2.544
3.16
1.224
1.324
3.86
1.224
3.16
0
1.02
2.444
1.224
1.224
1.324
3.06
1.224
1.524
1.324
1.224
1.224
1.224
3.36
1.224
1.624
1.524
1.424
1.324
1.324
1.224
2.444
1.224
1.224
1.224
1.224
1.224
1.224
1.424
1.224
3.36
1.224
1.324
3.46
3.46
3.16
1.224
3.36
3.56
3.86
1.424
2.344
1.524
1.424
1.224
3.06
1.424
1.224
1.224
1.224
3.06
1.224
1.224
3.26
1.224
1.224
1.224
1.224
1.224
1.224
2.344
1.224
1.224
3.06
3.86
1.524
1.224
1.424
3.46
3.06
1.224
2.744
1.524
1.424
1.224
1.324
1.324
1.224
3.06
1.524
1.324
1.324
1.224
1.324
1.524
1.224
1.224
1.224
2.444
1.224
1.324
1.324
3.16
1.424
1.224
1.224
1.224
3.16
3.16
1.324
2.244
1.224
1.224
1.524
1.224
1.224
1.324
3.36
1.224
3.06
1.224
3.26
3.56
1.224
1.224
1.224
1.324
1.224
1.224
1.224
3.06
1.224
1.324
3.16
1.224
2.024
1.224
1.224
3.06
1.224
1.424
3.46
1.224
1.224
1.224
1.224
1.224
1.324
1.224
1.224
1.324
1.224
1.324
1.324
1.224
1.524
1.224
1.224
1.224
3.26
1.224
3.06
1.724
1.224
1.224
2.244
1.224
3.16
1.424
1.224
3.16
1.224
1.324
1.524
2.244
1.324
1.324
1.324
1.224
1.224
1.224
1.724
3.56
1.324
1.224
1.224
1.224
1.224
3.16
1.224
1.224
1.224
1.224
1.224
1.524
1.324
1.224
1.224
1.224
1.224
1.324
1.224
1.224
1.324
3.36
1.224
1.224
1.324
3.56
1.324
1.224
1.224
1.324
2.244
1.224
1.224
1.324
1.324
1.224
1.224
1.224
1.724
1.424
1.224
1.224
1.224
1.224
3.56
1.424
1.224
3.66
1.324
4.08
1.524
1.324
1.224
1.224
3.06
2.544
3.06
1.224
3.16
3.16
1.324
3.06
3.06
3.06
3.36
3.16
1.324
1.224
3.06
1.224
3.06
3.06
1.224
3.26
1.224
1.224
3.26
1.224
1.224
3.56
1.224
3.16
1.224
1.224
1.324
3.26
1.224
1.224
1.324
3.06
1.224
1.224
1.624
3.06
1.224
3.16
1.424
1.224
1.224
3.16
1.224
1.224
1.224
1.324
1.324
1.224
3.26
1.224
1.224
1.224
3.46
1.524
3.16
3.16
1.624
1.224
3.06
1.224
1.224
1.524
3.06
1.324
1.324
3.16
1.324
1.324
1.224
3.26
1.224
1.424
1.224
1.224
1.224
3.26
1.324
1.224
1.224
1.324
2.444
1.224
3.26
1.224
3.26
1.224
1.224
1.224
1.224
1.224
1.324
1.424
1.224
1.224
1.224
1.224
3.06
1.224
2.244
3.06
1.224
1.224
3.06
1.224
1.424
1.224
7.08
3.06
1.224
3.06
1.224
3.06
3.36
1.324
1.224
3.06
1.424
1.224
1.224
1.324
1.324
3.06
3.16
1.224
1.324
3.16
1.224
1.224
1.224
1.324
1.224
1.824
1.524
1.324
1.324
1.224
1.224
1.224
1.224
1.224
1.224
1.224
1.224
1.224
1.424
1.324
1.224
1.224
1.224
1.224
1.224
1.324
1.224
2.244
3.06
3.06
1.224
1.324
1.224
3.16
1.224
1.524
1.224
1.824
1.424
1.324
3.16
1.224
1.424
3.06
1.324
1.224
1.324
1.424
1.324
1.224
3.06
1.224
1.224
1.224
1.224
1.224
3.16
1.324
1.224
1.224
3.06
3.06
1.224
1.224
1.224
1.224
1.224
1.224
1.224
1.324
3.16
3.06
1.324
1.324
1.224
1.224
1.224
1.224
1.224
1.224
3.36
3.06
1.224
3.06
1.224
1.224
1.324
1.224
3.06
1.224
1.224
1.224
1.224
1.224
1.224
1.224
2.244
1.224
1.324
1.224
1.224
1.224
3.06
1.224
1.524
1.224
1.224
1.224
1.224
1.524
1.324
1.324
1.424
1.424
2.244
1.524
1.224
1.224
1.224
1.224
1.224
3.16
1.224
3.46
4.16
3.06
2.244
3.06
1.224
3.36
1.324
1.224
1.424
3.26
1.224
1.324
1.224
3.06
1.524
1.224
1.724
3.06
1.224
1.224
1.224
1.224
1.324
2.244
2.344
3.16
1.224
1.324
1.324
1.524
3.16
1.324
1.224
1.324
3.06
1.324
1.224
1.424
1.324
1.224
1.724
2.344
1.424
1.324
1.224
3.36
3.96
1.224
1.224
3.16
1.224
1.224
1.224
1.724
1.224
2.024
1.324
1.324
1.224
3.16
1.224
1.224
1.224
1.224
1.224
1.324
1.224
1.224
3.06
1.224
1.324
1.224
3.26
3.06
3.06
1.324
1.224
1.224
1.224
1.224
2.244
1.224
3.06
1.324
3.36
1.724
3.16
1.624
1.224
1.524
1.224
1.224
3.16
1.224
3.16
1.224
1.524
1.524
1.224
1.524
1.324
1.224
1.224
1.224
1.424
1.224
3.06
1.224
1.324
1.224
1.224
1.424
1.324
1.224
1.324
1.224
1.324
1.224
3.06
3.06
1.324
1.936
0
0
0.7
0.1
2.036
0.1
0
0
0
0.2
1.936
0
0
2.856
0.5
1.02
0.2
1.32
0
4.28
0.3
0
0.1
0
0.1
0.1
0
0
0.1
0
0
0
0
0
0
0
0.1
0
0
0.1
0
0
0
0
0
0
0
0
0
0
0.1
1.936
0.1
0
0
0
0
0
0
1.1
0
0.1
0.2
0.1
0.3
0
0
0
0.2
0.1
0
1.836
1.02
0
0
0.6
0
0.1
0
0
0
0
0.2
0.3
0.1
0.1
0.3
0
0
0.2
0.2
0.2
0.1
0
0
0
0.1
0
0
0.1
0
0
0
0
0
0.3
0
0.2
0.5
0
0
0.2
1.836
0.6
0.1
0.1
0
0.1
0
0
0
0
0
0
0.1
0
0.2
0
0.4
0
0
0
0
0
0
0.2
0
0
0.2
0.1
0
0.2
0.1
0
0.2
0
0
0
0
0.2
0.1
0.1
0.4
0.1
0
0
0
0
0
0
0
0
0
0
0
0
0.1
0.1
0
0
0.2
0.5
0.2
0
0.5
0
0
0.1
0.2
0
0
0
0.6
0
0
0
0
1.836
0.2
0
0.1
0
0
0
0
0
0
0
0
0
0.1
0.2
0
0.4
0
0
0
0.4
0.1
0
0.2
0.2
0.1
0
0.6
0
0
0
0
0.1
0
0
0
0.1
0.2
0
0
0
0.1
0
0
0.2
0
0
0.1
0
0
0
0
0
0
0
0.1
0.1
0
0
0
0.1
0
0.2
0.2
0
0
0.3
0
0
0
0.6
0.7
0
0
0
0
0.2
0.1
0
0.1
0
0
0
0
0
0
0
0
0.1
0
0
0.3
0
0
0
0
0
0.2
0
0
0.1
0.1
0
0.1
0.1
0.2
0
0.3
0
0.1
0
0
0
0
0
0
0
0
0.3
0
0.1
0
0
0
0
0.2
0.4
0
0
0
0.2
0
0
0.5
0.1
0
0
0
0
0.1
0
0.2
0
0.1
0
0.1
0
0
0.1
0
0.1
0
0
0.1
0.2
0.1
0.2
0
0
0.1
0
0
0.1
0
0
0
0
0.2
0
0
0.1
0
0.1
0.1
0.1
0.1
0
0
0
0.1
0
0
0
0.1
0.1
0
0
0
0
0
0
0
0
0
0.3
0
0
0
0.2
0
0
0
0
0
0
0
0
0.1
0.1
0
0
0
0
0
0
0.1
0
0.4
0
1.936
0
0
0
0.2
0
0.1
0
0
1.836
0.1
0
0
0.1
0
0
0.2
0
0.2
0
0
0.1
0
0.2
0
0
0.1
0
0
0
0
0
0
0
0
0
0.1
0.2
0
0.1
0
0
0.1
0.1
0.8
0.1
0
0.2
0
0
0
0.1
0.1
0
0.2
0
0
0.1
0
0.1
0
0
0.1
0
0
0.3
0.1
0.1
0.1
0
0
0
0
0
0
0
0
0
0
0.2
0
0.1
0.1
0
0
0.2
0.1
0
0.1
0
0
0
0
0
0
0
0.1
0.2
0
0
0.2
0
0
0.1
0
0
0.2
0
0.1
0
0
0
0
0
0
0.2
0
0
0
0
0
0
0.3
0
0
0.1
0.2
0
0
0.1
0.2
0
0
0.1
1.836
0
0
0
0
0.2
0
0
0
0
0
0
0.1
0.1
0.1
0
0.1
0
0.2
0.1
0
0
0
0.1
0
0
0
0
0
0
0
0.1
0
0.3
0.8
0
0
0
0
0
0
0
0
0
0
0
0
0.1
0
0.1
0
0.1
0
0.1
0.3
0.2
0
0.1
0
0
0
0
0.1
0
0.1
0
0
0
0
0.1
0
0.1
0
0
0.1
0
0.4
0.2
0
0
0
0
0.1
0
0.1
0
0
0
0
0
0
0
0
0
0
0
0
0
0
0
0.1
0
0.3
0
0.2
0
0.1
0.3
0
0
0
0.1
0
1.836
0
0.1
0
0.1
0.3
0
0
0
0.1
0.1
0.2
0.1
0
0.3
0.1
0
0.1
0.1
0.1
0.1
0
0.1
0.2
0
0
0
0
0
0
0
0.1
0
0
0.9
0
0
0.1
0
0
0.7
0.4
0
0.1
0
0
0.4
0
0.1
0
0.1
2.236
0.1
0.1
0.1
0.7
0
0.1
0
0
0.3
0
0.1
0
0
0
0.1
0
0
0
0
0.1
0.1
0.2
0
0.1
0
0.3
0
0
0.5
0
0
0
0
0
0.1
0
0.2
0
0.2
0.1
0.3
0
0.1
0
0.2
0.3
0
0.1
0.1
0.5
0
0
0.1
0
0
0.2
0
0.1
0.3
0
0
0.5
0.1
0.1
0
0.3
0
0.1
0
0.2
3.06
1.224
0
0
0
0.3
0
0
0
0
0.2
0
0
0.1
0.2
0
0.4
0
0.1
0
0
0
3.06
0
0
0
2.136
0.1
0
0
1.936
0
0
2.024
1.424
0
1.836
0.5
2.236
0.2
0.3
0
0.6
0.1
0.1
1.02
0
1.936
2.036
1.936
0
0
0.2
0
0.3
0
1.936
0.1
0.1
0.2
0.4
0
0.2
2.036
0
0
0
0
1.02
0
0
0.6
0
0
0
0
0.1
0
0
2.736
1.224
0.1
0.2
0
0
0
1.836
1.224
1.224
1.224
3.16
1.224
1.324
1.224
1.224
1.224
1.224
1.224
0
0
3.06
0
0
0
0.1
0.7
0.1
0
3.044
0.2
2.644
