0
0
3.872
4.584
3.772
0
0
1.224
0
0
0
1.224
0
0.1
0.1
0
0
1.224
1.224
1.224
2.448
2.648
1.224
1.224
1.836
1.224
1.424
3.672
4.896
3.672
1.224
2.448
0.3
0
0.1
0
0
0
0
0
0
1.424
0
0
0.1
1.224
0
0
0.2
2.548
1.224
0
2.448
0
0
1.224
0
0.1
0
1.324
0.1
0.1
0
1.424
0.1
0.1
0
0
1.224
0.1
0
1.324
0
0.1
1.424
0.2
0
0
0
0
2.448
0
1.324
0
0
0
0
0
1.224
1.324
0
1.224
0
0
0
1.324
1.324
0
1.224
1.224
0
0
0.2
0
3.06
0
0
0.1
0
0
0
0
0
1.224
0
0
0
1.224
0
0
0.2
0
1.224
0.2
0.1
0
0
1.224
0
1.224
0
0
0
0
1.324
0.1
1.224
1.224
1.224
0
0
1.224
0
1.324
0
0
1.224
0
0
0
1.224
0
0
0.1
0
0.1
0.1
0.1
0.1
0
0
0
0
0
0
0
1.224
0
0
1.324
0
0
1.224
0
1.224
2.448
0
0
2.448
0
0.1
1.224
0
2.448
0
2.648
1.424
1.224
0
2.448
0.1
1.224
0
1.324
1.324
1.224
1.224
0
1.224
1.224
0
1.224
0
1.224
0.3
0
0
1.324
2.648
1.224
2.448
0
1.324
0.1
0
0.6
0
0.1
0
1.224
0
2.448
2.848
3.672
3.672
2.448
2.448
2.448
3.772
2.448
3.672
3.672
1.224
1.836
4.384
0
3.048
1.324
1.224
1.224
1.836
1.224
3.06
1.224
0
1.224
0
1.324
1.224
2.036
1.224
0
1.224
0
1.224
1.224
0
0
2.448
1.324
5.708
0
0
0.2
2.448
0
0
2.448
1.224
3.672
0
0
1.224
2.548
0
1.324
2.448
0
1.224
0
2.448
1.224
3.772
3.672
3.772
0
1.224
1.224
2.548
2.448
2.448
3.672
0
0
0
0
1.224
0
0
0
1.224
0
0.1
0
0
0
0
0
1.324
0
3.16
0
1.224
1.224
1.224
2.448
0
1.224
0
1.324
0
0
0
0.1
0
0
0
1.224
0
0
1.224
1.224
1.224
3.06
3.06
0
0
0
0.1
0
0
1.224
0.2
0
0
3.26
1.224
4.384
0.1
0
1.224
0
0.3
0.4
1.224
1.836
0
0
1.224
1.224
1.224
0
1.224
1.324
1.224
0
3.06
2.448
1.836
2.448
2.448
1.224
4.284
3.06
1.224
0
1.324
0
0
0
2.448
2.648
2.448
0
2.448
1.224
3.672
2.448
1.224
3.06
1.224
3.672
4.584
2.448
4.484
1.224
0
2.548
1.224
2.448
3.672
5.608
1.224
2.448
2.448
3.672
3.672
3.672
5.508
3.672
1.324
2.648
2.448
2.448
3.672
1.224
1.324
2.448
2.448
1.224
3.672
3.772
2.448
2.448
1.224
5.608
2.448
2.548
5.608
5.608
4.284
1.224
4.284
3.26
6.832
2.548
1.224
1.424
2.448
2.548
5.508
2.448
2.448
2.448
2.548
5.508
2.448
2.548
5.508
2.448
2.448
1.224
2.448
2.648
1.224
2.548
2.448
2.448
3.06
5.808
2.548
2.448
2.448
3.26
5.508
1.224
1.224
2.748
1.424
2.448
2.648
1.224
1.224
4.384
3.672
2.548
2.448
2.448
1.224
2.448
2.448
1.224
1.224
1.324
2.448
1.224
3.672
4.284
2.448
2.448
1.224
2.448
5.708
5.608
2.548
2.448
2.448
3.872
4.996
3.672
1.224
2.448
3.26
1.224
3.06
2.448
5.508
4.784
2.448
2.448
1.224
3.972
3.672
2.448
3.672
5.608
2.548
2.448
5.508
1.224
1.424
2.448
1.224
5.508
2.448
4.896
4.584
2.448
3.672
1.224
3.672
3.772
3.772
2.448
1.224
3.672
1.224
1.224
2.448
1.324
2.448
2.448
2.448
2.448
4.284
2.448
5.508
3.872
3.672
1.224
2.448
1.224
5.508
2.448
1.224
3.16
2.448
3.672
2.448
1.224
2.448
1.224
1.224
1.224
1.224
2.448
2.548
4.484
3.672
3.672
2.448
1.224
2.448
4.284
2.448
2.448
2.448
3.672
2.448
1.324
2.448
2.448
2.448
1.224
1.324
2.548
3.772
1.224
2.448
4.284
2.448
3.672
1.224
4.484
1.424
1.224
2.448
2.448
2.448
3.672
1.224
2.448
3.772
1.224
3.672
2.448
2.548
2.448
2.448
2.448
1.224
2.448
5.608
1.224
1.224
4.484
1.224
3.06
1.224
3.672
3.672
2.448
3.06
1.224
4.284
2.448
4.284
6.832
3.772
3.06
3.06
4.684
4.284
4.284
2.548
3.672
5.708
2.448
3.06
5.508
2.448
6.732
1.224
1.224
4.284
2.448
1.224
3.16
2.448
4.484
1.224
1.224
1.224
3.06
3.672
4.896
3.672
7.032
2.448
1.224
3.672
3.16
4.996
4.284
2.448
2.448
1.224
4.284
3.872
1.224
3.672
3.672
3.772
3.672
4.284
1.224
3.672
2.448
4.284
3.772
3.06
4.284
2.848
1.224
6.732
2.448
3.672
3.672
4.284
1.224
3.772
3.06
2.448
2.748
2.448
3.06
2.448
1.224
3.672
3.672
4.896
4.584
2.448
2.448
3.672
2.548
1.224
2.448
4.284
1.224
5.608
1.224
3.672
2.448
1.224
1.224
2.448
3.772
2.448
2.448
1.224
3.672
4.384
1.224
1.224
3.06
1.224
3.672
5.508
2.448
1.424
2.448
3.06
7.932
2.448
5.708
2.448
5.608
4.284
2.448
3.672
4.384
2.548
2.448
2.448
3.872
3.672
4.284
4.284
1.224
1.224
5.608
2.548
2.448
3.672
2.448
3.672
1.424
3.972
1.224
1.224
1.324
4.896
2.448
1.224
2.448
3.672
2.448
3.772
2.548
2.648
3.672
1.224
2.448
2.448
1.224
3.772
4.896
3.672
1.224
4.284
4.284
3.672
1.224
2.448
5.508
2.448
3.672
1.224
2.648
2.548
3.772
6.832
2.448
2.648
3.06
3.672
2.448
2.448
2.448
3.772
1.324
4.284
2.448
2.448
1.224
2.448
1.224
5.608
3.672
1.224
3.672
5.508
5.608
4.996
2.448
2.448
2.448
3.672
3.772
2.448
3.672
5.508
4.284
3.672
1.224
1.224
1.224
1.224
3.672
1.224
1.224
4.384
5.508
1.324
5.608
1.224
1.224
1.224
1.224
3.06
1.224
2.548
3.672
3.672
2.548
3.672
2.448
1.224
2.448
2.648
2.448
3.672
3.672
3.06
4.896
3.672
1.224
1.224
2.448
3.772
3.672
2.648
2.448
2.448
1.324
2.448
3.872
1.224
3.772
3.672
2.448
3.672
5.708
2.448
6.832
3.06
4.284
1.224
5.608
2.448
5.508
2.448
2.448
2.448
5.508
2.448
1.224
2.448
4.284
4.996
3.672
2.548
3.06
2.448
2.448
1.224
1.224
2.448
2.448
2.448
3.06
2.448
1.224
1.224
2.548
4.384
2.448
1.224
1.224
4.284
2.448
1.224
2.448
3.672
1.224
3.672
3.672
1.224
1.224
2.448
5.608
5.608
2.548
4.896
4.284
3.772
3.672
3.672
3.972
2.548
4.072
3.772
3.672
1.224
5.508
3.672
2.748
3.672
3.672
3.672
3.672
3.672
3.672
6.832
3.672
3.672
2.448
6.932
6.832
6.832
3.672
2.448
2.448
3.672
1.224
1.224
1.224
3.06
2.448
4.384
3.772
5.708
3.672
3.672
2.548
2.448
2.448
4.284
3.772
4.284
2.548
2.448
2.648
3.672
2.448
3.672
3.672
3.672
3.672
2.448
3.772
5.608
1.224
4.896
1.324
4.896
4.896
3.772
3.672
4.896
3.672
4.896
2.648
4.284
4.284
4.896
3.16
1.324
2.648
2.748
2.548
3.26
2.448
1.224
2.448
0
1.424
4.284
0
2.448
1.836
0.2
1.224
0.3
0.1
2.448
4.284
1.224
2.448
0
0
0.1
1.324
0
0
1.224
0
0
1.224
1.224
1.224
1.224
0
1.324
1.224
0.1
1.224
0
0
1.224
0
0
0
1.224
1.224
0
1.324
0
1.836
1.224
0
0
1.224
1.224
1.224
1.224
1.624
0
1.224
0.1
1.224
0
2.448
0
0
1.324
1.224
0
1.836
0
1.224
2.448
1.324
1.224
0.1
0
0
0
0
0
0
1.224
1.224
0
1.324
1.324
0.1
1.224
2.448
1.224
0
2.448
1.224
1.224
0
0
2.448
1.324
1.224
1.224
1.224
1.224
0
0
1.424
1.224
1.224
0
1.324
1.836
1.324
0.1
1.324
2.448
0
0
0
0.1
0
0
0
1.224
2.448
1.224
0
1.424
1.224
1.224
1.224
0
0
1.224
0
1.224
1.224
1.324
1.224
1.224
1.224
0
1.224
1.224
0
1.224
1.224
0
0.1
0
1.324
2.448
0
0
0
1.224
0
1.224
1.224
1.224
0.1
0
1.224
0
0
1.224
1.224
1.224
1.224
1.224
1.224
0
1.224
0.1
0
0
1.224
1.224
1.324
1.224
1.224
0.1
0.1
0
1.224
0
1.836
0
0
1.324
1.224
1.224
0
1.224
1.224
0
2.448
1.224
0
1.224
0.2
1.224
0.1
0
1.324
0
0
1.224
2.448
1.224
2.448
1.224
1.224
0.4
1.224
0
2.448
0
1.224
1.224
0
0
0
0
0
0
1.224
1.224
1.224
1.224
1.324
0
2.648
1.224
1.224
1.224
0
1.224
1.224
0
0
1.324
0
1.224
1.224
1.224
1.224
1.224
0
1.224
0
1.224
0
0
0
1.224
0.2
0
0
0
0
0
1.224
1.224
0
1.224
2.548
0
0
0.1
0
0.1
1.224
0
1.224
0
0.2
0.3
1.224
1.224
2.448
0
1.224
1.224
1.224
2.448
1.324
0
1.224
1.224
1.224
1.324
1.224
1.224
1.224
1.224
1.224
0
1.224
0.1
0
1.224
1.224
1.324
1.224
0
0
0
0
0
0
1.324
0
2.448
0
1.224
0.1
0
1.224
1.724
0
0
0
2.448
0
1.224
2.448
2.448
0
1.224
0
1.224
0
1.224
0
1.224
1.224
1.224
1.224
1.224
0.2
1.224
0
0
0
1.324
1.224
1.324
0.1
1.224
1.224
1.224
0
0
0
0
1.224
1.224
0
0
1.224
0
0
0
0
3.672
0
0
2.548
1.324
1.224
1.224
0
1.224
1.224
1.224
1.224
0.1
0
1.224
0.1
0
1.224
0
1.224
1.224
2.448
0
1.224
1.324
2.448
1.224
1.224
0.1
2.448
0
0
1.224
1.224
0
1.224
0
1.224
0.1
0
1.836
1.224
1.324
0
1.224
1.324
1.224
0
1.224
1.836
0.2
0
2.648
0
2.448
1.224
0.1
1.224
0.1
0
0
2.448
2.548
0
0
1.224
1.224
0
0
1.224
0
1.224
0
0
0
1.224
1.224
0
0
1.224
2.448
1.224
0
2.448
1.624
1.324
0.1
1.424
0
0
1.224
0
0
2.448
1.224
2.448
0
1.224
1.324
0
1.224
1.324
0.3
0
1.224
0
0
1.224
0
0
1.224
0.1
1.324
0
1.224
1.224
1.224
0
1.224
2.448
1.224
1.224
1.224
1.224
0
1.324
2.448
0
1.224
0
0
1.224
0
1.224
0
0
0
0
1.224
0
0
1.224
0
1.224
0
1.224
0.1
1.224
0
0
1.224
0
0
1.224
0
1.324
0
0
0
0
0
1.224
0.2
0
0
1.424
0.1
1.224
0
0
1.224
0
1.224
2.448
1.836
0
0
0.2
1.224
1.324
1.224
0
1.224
0
2.448
0
1.224
1.324
2.448
1.224
0
1.224
1.224
1.224
1.224
0
1.224
2.448
0
0
1.224
0
0
1.224
1.224
0.1
1.224
0.1
1.324
0
1.224
0.1
2.448
1.224
0
0
1.224
1.224
1.224
0
1.224
0
0
0
1.324
1.224
0
0
1.224
2.448
0.1
1.224
0
0
0
1.324
2.448
1.224
1.224
1.224
0
0
0
0
1.324
0
0
0
0
1.224
1.224
1.224
1.224
2.448
1.224
2.448
1.224
0
2.548
1.224
0
0
0
2.448
2.448
0
1.224
0
0
1.224
1.224
0
1.224
0
2.448
0.1
0.3
0.1
0
0
0
1.224
2.448
0
0
3.772
1.224
1.836
2.448
1.224
1.324
0
0
0
0.1
0
2.448
0
0.2
1.324
0
0
2.448
0
1.224
0
1.324
1.224
1.224
0
0
0
0
1.224
1.224
0
1.224
0
1.224
1.224
2.448
0.5
1.224
1.224
0
1.224
0.1
1.324
0
0
1.324
1.224
0
1.324
0
0
0.1
0.1
3.26
0.2
1.224
1.224
2.748
1.224
1.224
1.224
0
1.224
0
1.224
1.224
0
1.224
2.448
1.324
1.224
0
1.224
2.448
0
1.224
0
1.224
0
1.224
0
0
2.448
2.448
0
0
0
1.224
1.224
1.224
1.224
1.224
1.224
1.224
0.1
0
0
1.324
1.224
1.224
1.224
0.1
1.324
0
1.224
0
1.224
0
0
1.224
0
1.424
1.224
1.224
1.324
1.224
1.224
1.224
0
1.324
0
2.548
2.448
2.448
4.284
2.648
0
2.448
0
2.748
0
0
0
1.224
0
0.1
1.224
0
0.3
0
0.3
0.1
2.548
0
0
0
4.384
0
0
1.324
4.284
1.224
0
1.224
4.384
0
0
2.848
2.448
1.224
3.06
1.424
3.06
0.3
1.224
0
0.4
3.672
2.548
0
1.224
3.06
1.836
1.836
1.224
0
1.224
1.224
0.1
1.224
3.16
1.224
3.672
0
1.224
2.448
2.448
3.16
1.224
1.224
2.448
0
1.224
1.224
0
2.548
2.448
3.672
0.2
1.224
1.324
1.224
0
4.384
2.548
2.448
1.224
0
0
2.448
1.936
4.896
4.896
2.448
5.608
1.224
2.548
4.896
2.448
4.896
2.448
3.872
0
2.448
3.06
1.224
0
0
0
0.5
0.1
0
2.748
1.224
2.648
