0.6
0
2.948
3.26
2.548
0
0.1
0
0.1
0
0.1
1.224
0.1
0.3
0.3
0.1
0
0
0
0
1.224
1.524
0
0
2.036
0
0.1
1.224
2.448
1.224
0
2.448
1.4
0
0
0.1
0
0
0.1
0.5
0.1
2.024
0
0
0
1.224
0.1
0.2
0.1
1.424
1.224
0.1
1.824
0
0.2
0.3
0.1
0
0
1.624
0.8
0.3
0
0.5
0.2
0.1
0.3
0
1.524
0.7
0.7
1.524
0.2
0.3
2.324
0.5
0
0.1
0
0
1.724
0.1
1.224
0
0
0
0
0
0.1
0.5
0
0
0
0
0
1.324
1.224
0.1
0.1
0.1
0
0.7
0.4
0
1.836
0
0
0.8
0.1
0
0.3
0
0
1.224
0.1
0.3
0
0.1
0.2
0.2
1.5
0
0
0.6
0
0.2
0.1
1.324
0
1.724
0.2
0
0
0.1
1.224
0.7
1.724
1.224
1.624
0.8
0
0.1
0
1.524
0
0
1.324
0.1
0.1
0
1.224
0
0.1
0
0.7
0.3
0.2
0.1
0.4
0.1
0
0.1
0
0
0.3
0.1
0.1
0.1
0.1
1.6
0.1
0.4
1.224
0
1.324
1.424
0
0
1.224
0.1
0.3
2.724
0
1.224
0.4
1.524
1.824
1.224
0.1
1.224
0.1
1.324
0.4
1.824
1.224
1.824
1.224
0
1.224
0.3
0.1
0
0
0
1.3
0
0
1.424
1.224
0
1.224
0.2
0.1
0
0
1.7
0
0.6
0
0
0
1.224
3.148
2.448
2.448
2.448
2.448
2.448
2.848
2.448
2.548
2.448
1.324
1.836
3.06
0
2.724
1.224
0
1.424
1.836
1.924
3.26
1.224
0
0.1
0
0
1.224
2.436
0
0.1
0
0
0
1.224
0
0.3
1.324
1.224
3.06
0
0.1
0
1.224
0
0
1.224
0
1.224
0
0
0
1.224
0.5
0
1.224
0.2
1.224
0
1.224
1.224
3.048
2.448
2.648
0
1.224
1.224
1.324
1.224
1.324
2.448
0
0.4
0
0
0
0
0.1
0
0.1
0
0
0.3
0
0.1
0.3
0.1
0
0.3
2.036
0
1.324
0
0
1.324
0
1.224
0
1.224
0
0
0.2
0.2
0
0
0
0.1
0
0
0.1
0
0
3.26
3.16
0
0
0
1
0
0
1.224
0.7
0
0
3.46
1.424
3.06
0.2
0
1.424
0
0.8
1.5
0
1.836
0
0.1
0
1.724
1.224
0
1.224
1.224
1.224
0.2
1.836
1.224
1.836
1.224
1.224
1.224
1.936
3.06
0
0
0.4
0.1
0
0
1.224
1.324
1.224
0
1.224
1.424
2.448
2.648
1.224
3.16
1.224
2.548
3.96
1.224
3.46
1.224
0
1.624
1.224
1.224
2.448
4.284
1.224
2.448
2.448
2.448
2.448
2.448
4.384
2.448
1.424
2.848
1.224
1.224
1.624
1.224
1.324
1.224
1.324
1.224
2.448
2.548
2.548
1.624
1.224
4.284
1.224
2.448
4.384
4.384
3.06
1.324
4.384
3.36
4.484
1.424
1.324
1.924
2.548
1.224
4.284
1.324
1.224
1.224
1.324
4.284
1.224
2.448
4.384
2.648
1.324
1.224
1.224
2.748
1.224
1.224
1.424
1.224
3.06
4.884
2.548
2.448
2.448
3.36
4.384
1.224
1.324
3.348
1.724
1.224
2.848
1.624
1.224
3.16
2.548
2.748
1.524
1.224
1.524
1.424
2.448
1.224
1.224
1.424
1.424
1.224
2.448
3.06
1.224
2.448
1.224
1.224
4.284
4.384
1.224
1.224
1.224
2.448
5.248
2.448
1.224
2.548
3.16
1.224
3.06
2.448
4.384
3.16
1.224
1.224
1.224
2.548
2.448
2.448
2.448
4.284
1.424
2.548
4.284
1.224
2.424
2.448
1.224
4.284
1.224
2.748
4.684
2.448
1.224
1.224
2.448
2.648
3.148
2.448
1.224
2.648
1.224
1.424
2.448
1.324
1.424
2.448
1.424
1.224
3.06
2.448
5.184
2.948
2.548
1.224
1.324
1.224
4.384
2.648
1.224
3.16
2.448
2.548
2.448
1.324
1.224
1.224
1.324
1.224
1.424
2.448
1.624
4.784
2.648
2.448
2.448
1.224
2.448
3.06
2.448
1.224
1.224
2.448
2.448
2.024
2.548
1.224
2.448
1.224
1.224
2.548
2.448
1.224
1.324
4.384
2.648
2.448
1.224
3.46
1.224
1.224
2.448
2.448
1.224
2.448
1.224
1.224
1.224
1.224
2.448
1.224
1.624
2.448
1.324
1.224
1.224
1.224
4.584
1.224
1.324
3.66
1.224
3.06
2.024
2.548
2.448
1.224
3.16
1.224
4.284
1.224
3.36
4.484
4.448
3.06
3.06
4.284
3.26
4.384
2.448
1.224
4.284
1.324
3.16
4.384
1.324
4.384
1.224
1.224
5.984
1.224
1.224
3.46
1.224
4.384
1.224
1.224
1.524
3.06
2.648
2.448
2.548
4.284
1.224
1.224
2.548
3.06
2.748
4.284
1.324
2.448
1.224
3.06
2.548
1.224
2.448
2.448
2.448
2.448
4.484
1.224
2.448
2.548
4.484
2.648
3.06
3.06
1.524
1.224
4.284
1.224
2.448
2.648
4.284
1.224
2.548
3.06
1.224
1.324
2.448
3.16
1.224
1.524
2.448
2.448
2.448
4.484
1.224
1.324
2.448
1.224
1.324
2.448
4.384
1.224
4.384
1.324
2.448
1.224
1.224
1.224
1.224
2.548
2.448
1.224
1.224
2.448
4.384
1.224
1.224
3.06
1.224
1.224
4.284
1.224
1.924
2.448
3.36
4.284
1.224
4.384
2.448
4.284
10.684
1.224
2.548
3.06
2.748
1.324
2.448
2.448
2.448
4.384
4.284
1.224
1.324
4.484
1.424
2.448
2.448
2.448
2.548
1.924
5.948
1.424
1.324
1.324
2.448
2.448
1.224
2.448
2.448
1.224
2.548
1.224
2.548
2.648
1.224
1.224
1.224
1.224
2.448
2.648
2.548
1.224
4.284
4.284
2.548
1.324
1.224
4.384
2.448
1.624
1.224
1.424
1.324
2.548
4.384
1.224
1.224
3.16
2.448
1.224
1.324
1.524
2.548
1.224
4.284
2.448
2.448
1.224
1.224
1.224
4.484
2.448
1.224
3.048
4.384
4.284
2.448
1.224
1.224
2.448
2.448
2.548
1.224
2.648
4.284
3.06
2.448
1.324
1.324
1.224
1.424
2.648
1.224
1.224
4.484
4.284
1.224
4.284
1.224
1.224
1.224
1.224
3.16
1.224
1.224
2.648
2.548
2.548
2.448
1.224
1.224
1.224
2.548
1.224
2.748
2.448
3.06
2.548
3.848
1.224
1.224
2.448
2.548
2.548
2.648
1.224
2.648
1.424
1.224
2.648
1.224
2.548
2.448
1.224
2.448
4.284
2.448
4.384
3.36
3.06
1.224
4.384
1.224
4.284
2.448
1.224
2.548
4.384
1.224
1.424
1.224
4.284
2.648
2.448
1.224
3.06
1.224
1.224
1.224
1.224
2.448
1.224
1.224
3.06
1.224
1.224
1.324
1.524
4.484
2.448
1.224
1.224
3.06
2.448
1.224
2.748
2.548
1.224
2.648
2.448
1.324
1.324
1.224
4.484
4.984
2.448
2.448
3.06
2.448
2.648
2.448
2.848
1.224
3.348
2.648
2.848
1.224
4.384
2.448
1.324
2.448
2.448
2.448
2.448
2.448
2.448
4.284
2.448
2.548
2.448
4.284
4.484
4.284
2.448
1.524
1.224
2.948
1.224
1.424
1.224
3.06
1.224
3.26
3.148
4.284
2.548
2.448
1.624
1.224
1.224
4.284
2.448
4.484
1.224
1.324
1.424
2.448
3.648
2.448
2.448
2.548
2.448
1.224
2.448
4.284
1.224
2.448
1.224
2.448
2.648
2.548
2.448
2.548
2.448
2.748
2.548
3.06
3.06
2.648
1.936
0
1.224
1.924
1.424
2.036
1.224
0
1.224
0.2
1.724
3.26
0
1.224
1.836
0.5
0
0.5
0.2
1.224
4.284
1.624
1.224
0.2
0
0.3
1.324
0.1
0.3
1.424
0
0
1.224
0
0
0
0
0.5
1.324
0.5
1.424
0
0
1.324
0
0
0
1.224
1.224
0.3
0.4
0
2.236
1.224
0
0
0
1.224
1.224
1.224
3.124
0
1.224
0.2
1.224
0.5
0
0.1
0
2.124
1.324
0.1
1.836
0
1.224
1.224
2.424
1.524
0.3
0.1
0.2
0.1
0
0.2
0
0
1.224
1.2
1.224
1.824
0
1.424
1.224
1.224
0.8
1.824
1.224
1.224
0
0.1
1.724
1.724
1.724
0
1.224
1.224
0.2
0
2.224
1.324
1.424
0
1.424
1.836
1.424
0.3
1.224
1.224
0.6
0.2
0.1
0.1
0
0
0.2
2.524
1.224
1.424
0
2.024
1.424
1.324
1.224
0.1
0.2
1.224
1
1.224
1.224
1.624
1.324
1.224
1.624
0.5
1.224
2.024
0.1
1.424
0
0.1
0.3
0
1.424
1.524
0
0
0
1.224
0
1.324
0
1.224
0.3
0
1.224
0.1
0.4
1.224
0.3
1.224
1.224
1.624
2.024
0.3
1.224
1.6
0
0
1.324
2.324
1.524
0.4
1.424
0.3
0.1
0
0
0
1.836
0.2
0.1
1.324
1.224
1.224
0
1.424
1.224
0
1.224
1.224
0
1.324
0.4
1.224
1
0
1.324
0.1
0.2
2.524
1.524
3.024
1.724
1.224
1.224
0.7
1.224
0
1.624
0
1.524
1.224
0.3
0.4
0.1
0.8
0.1
0
1.424
2.024
1.324
1.724
2.124
0
1.524
0.3
1.224
1.224
0.1
1.224
1.224
0.1
0
1.324
0
1.224
1.224
1.324
1.624
1.224
0.5
1.724
0.4
1.624
0.2
0
0
1.324
1.4
0.2
0
0
0.1
0
1.224
1.324
0.3
1.824
1.524
0
0.1
0.1
0
0.6
1.424
0
1.724
0.2
0.7
0.2
0
1.424
1.224
0
1.424
2.724
1.324
1.224
1.424
0.2
1.324
1.324
1.224
2.324
1.724
2.724
1.224
1.224
1.324
0
1.224
0.1
0
1.424
1.224
1.324
0.3
0.1
0.3
0
0.4
0
0
1.624
0.7
1.224
0.3
1.224
0
0
1.224
2.224
0.3
0
0
1.224
0
1.224
1.224
1.824
0.1
1.224
0
1.324
0
1.224
0.1
0
1.224
1.224
1.224
1.624
1.3
1.424
0.3
0.1
0.1
2.824
1.624
1.224
0.2
1.224
1.224
0.2
0.1
0.3
0
0.2
1.224
1.224
0
0.1
1.424
0.5
0.1
0
0
1.324
0
0
1.624
1.324
1.324
1.224
0.2
0
1.224
1.424
1.724
0.2
0.6
1.224
0.6
0
1.224
0.1
1.224
0
1.324
0
1.224
1.224
1.224
1.324
1.224
0.1
3.424
0.1
0.1
1.424
1.424
0.2
1.324
0.2
0
1.3
0.1
2.136
0
1.324
0
2.024
2.824
2.324
0
1.424
2.036
1.6
0
2.124
0
1.324
1.224
0.8
1.724
1.6
0
0
1.724
1.224
0.5
0
1.224
1.624
0
0.1
1.224
0
0.3
0
0.3
0
1.324
1.424
0.1
0
1.324
1.224
1.224
0.2
1.824
2.124
2.924
0.4
1.624
0
0
1.924
0.2
0.4
1.224
1.224
1.224
0
1.424
1.324
0.2
1.224
0
0.8
0.2
1.224
0.5
0.3
1.224
0.2
0.1
1.524
0.5
1.724
0.5
1.224
1.224
1.624
0.1
1.324
1.424
1.924
1.224
0
1.224
0
1.724
1.224
0
1.424
0.2
0
1.224
0
1.224
0.1
0.1
0.3
0.3
1.224
0.1
0.2
1.224
0
1.224
0
1.224
1.1
1.924
0
0.3
1.324
0.1
0
1.224
0
1.524
0.1
0.1
0.1
0
0.2
1.224
0.6
0.1
0
1.724
0.4
1.324
0
0.5
1.224
0.1
1.224
1.224
1.836
0
0
0
1.424
1.824
1.224
0
1.324
0
1.224
0.3
1.224
1.324
1.624
1.224
0
1.224
1.424
1.424
0.1
0
1.224
1.324
0
0
0
0.1
0
1.224
1.324
0.3
1.224
1.1
2.324
0
2.024
0.2
1.224
1.224
0.1
0.1
1.224
1.324
1.224
0
1.224
0.1
0
0.4
1.724
1.424
0
1.6
1.324
1.524
0.4
1.224
0
0.1
0
1.724
1.624
1.724
1.324
1.224
0
0.2
0.3
0
1.624
0.1
0
0.2
0.4
1.524
1.924
2.424
1.424
1.924
1.824
1.224
1.324
0
1.924
0
0
0
0
1.224
1.224
0
1.424
0
0
1.224
1.224
0
1.224
0.1
1.424
0.2
1.6
0
0.3
0
0.3
1.924
1.324
0.2
0
1.724
1.224
1.836
1.224
1.924
1.424
0.4
0
0.6
0
0.1
2.324
0.6
0
0.3
0.1
0.3
1.424
0
1.424
0
1.524
1.424
1.324
0.3
0.3
0.1
0
1.424
1.224
0.3
1.324
1
1.524
1.224
1.324
1.6
1.524
1.324
0.1
0
0.8
1
0.9
0
1.824
1.224
0
1.224
0
0.2
0.6
0.2
3.46
0
1.524
2.024
2.324
1.224
1.524
1.224
0
2.124
0
3.324
1.224
0.1
1.224
1.724
1.324
1.724
0
1.624
2.324
1
1.524
0.1
1.224
0.1
1.424
0
0
3.224
1.524
0
0
0
1.224
1.224
1.424
3.224
1.324
1.324
1.424
0.4
0
0
1.224
1.624
1.924
0
0.2
1.424
0.3
0
0.1
1.524
0.4
0.1
1.224
0
1.924
2.824
1.524
1.824
2.224
1.524
1.724
0.1
2.224
0
2.724
1.224
2.924
4.284
2.548
0
1.224
0
1.724
0
0
0.1
0.2
0.4
0
1.224
0.1
0.4
0
1.2
0
1.224
0
0
0
3.06
0
0.1
0.1
3.16
0.1
0
0
3.06
0.1
0
2.524
1.224
1.224
1.836
1.424
3.16
0.9
1.624
0
0.8
1.524
1.224
0
1.324
3.06
1.936
2.136
0
0.1
0
0
0.3
0
1.936
0
1.324
0.1
0
1.224
0
3.06
0
0
0
0
0.1
0
0
0.5
1.224
1.224
0
0
1.224
1.224
0
3.96
1.224
1.224
1.524
0
0
1.224
1.836
2.448
2.448
2.548
4.384
1.224
1.624
2.448
2.548
2.448
1.224
2.648
0.1
1.224
3.06
1.224
0
0
0.2
1.7
0.1
0.2
1.824
0.7
1.724
