3.36
0.1
0.4
0.1
1.324
0
0.1
0
1.324
0
1.324
0
1.424
0
0.3
0
1.224
0
0
0.1
0
0.2
0
0
1.224
0.1
0
0.2
0
0
0.1
0
1.724
1.224
3.26
3.46
3.26
3.06
1.836
3.26
3.16
2.736
1.836
1.836
1.836
1.836
1.936
3.36
3.26
3.16
1.936
1.836
3.56
3.06
1.836
1.836
4.484
3.06
3.06
2.036
3.36
3.46
1.936
2.136
2.136
3.46
3.06
3.06
2.036
3.26
3.46
4.684
8.184
3.06
2.436
3.66
3.06
1.936
3.06
3.06
1.836
3.06
1.836
3.06
1.836
3.06
3.06
1.836
1.836
3.26
3.06
1.936
3.26
3.16
3.06
3.26
3.06
4.284
1.836
1.836
1.836
3.36
3.76
3.06
1.836
3.16
3.16
2.436
3.06
3.16
4.384
3.06
3.16
3.06
1.836
2.436
3.26
3.26
3.06
3.06
3.96
1.836
1.936
4.584
3.16
3.06
3.16
1.836
1.836
3.56
3.66
1.836
3.16
1.836
2.036
2.136
2.036
3.06
2.036
2.636
3.26
3.06
3.06
1.936
3.06
3.06
1.936
3.36
3.06
3.16
1.836
3.06
3.16
3.06
3.26
3.36
3.36
2.136
3.46
1.836
3.16
3.06
3.06
3.06
2.036
3.06
1.836
4.384
1.836
3.336
4.384
4.684
3.06
3.16
3.06
2.836
3.26
3.06
1.836
3.46
3.66
3.36
1.836
3.06
1.836
3.26
2.136
3.06
3.06
3.06
2.136
3.06
3.16
3.56
3.16
1.836
1.936
3.16
1.224
0.1
2.548
0.1
0
1.224
2.024
1.224
1.324
1.424
0
1.224
0
1.424
0.3
1.224
1.224
1.924
1.324
1.624
0
1.224
1.224
0
0.3
0
0
0.1
0
0
0.2
2.448
0
0
1.424
0.1
0.1
0
2.224
0
0
0.3
0
0.2
0.4
0
1.224
0
1.224
1.224
0
0.5
0
1.224
1.224
1.224
0
0.1
1.224
1.224
0
0
0
2.448
1.324
0.1
0
2.448
0.1
0.1
1.224
0
1.224
1.324
1.224
0
1.224
0
0
3.06
2.448
2.448
1.224
1.224
1.324
0
1.324
1.324
0
0
1.424
0
0
0
1.224
1.324
0.1
0
0.1
0
1.224
1.224
0
2.648
0.1
0
0
1.224
1.224
2.848
0
2.548
1.324
1.224
1.324
0
0
0.1
1.224
0
0
0.1
1.324
0.2
1.424
0
1.424
1.224
1.224
0
0
1.224
0.6
1.224
0.1
0.3
0
1.224
0
0
2.224
1.224
1.224
1.324
1.624
1.424
1.524
0.2
1.224
0.6
0.2
2.448
1.224
2.548
1.424
1.924
0.1
0
1.224
3.16
0.1
2.448
1.224
0
1.224
1.224
1.224
0.1
0
1.224
0
0
0
0
0
0
0
1.224
1.424
0
0
0
0
0.2
0
1.224
0
0
0
1.224
1.424
0
0
1.224
0.6
1.224
0.1
0
0
1.324
1.224
0
0
0
1.224
1.324
1.224
1.224
1.224
1.224
0.4
0
0.3
0.1
2.448
0
0
1.224
1.424
0
1.224
1.224
0
0
0.3
0.3
1.224
0
0
2.548
0.4
0.1
1.224
2.448
0.1
0.3
0.3
0.1
1.324
2.848
0
1.224
0
0.2
1.224
1.224
0
0
1.224
1.224
0.2
0
0
0
0
1.424
1.224
1.224
0.3
1.224
0
0.2
0.3
1.224
0.1
0.3
0
1.224
0.3
0.2
0.1
0
0
1.624
0
1.224
0.3
0.1
0
1.224
0
0
1.224
0
1.224
0.2
0.1
0
1.224
1.324
0
1.224
1.224
1.224
0.1
1.524
0
0
0
0
0.3
0
0.1
1.224
0.2
1.224
0
1.224
0
0.5
0
1.224
1.224
1.324
0.1
0
0
1.324
0.3
1.324
0
1.224
2.124
0.1
2.448
0
0
0
1.724
1.224
0
1.224
0
0.1
0.2
1.224
0
1.324
1.224
1.424
0
1.224
0
1.324
1.224
1.424
0
0.3
0.3
0.2
1.224
1.224
1.224
0
0
0
1.324
0.3
0
0.1
0
0.2
1.324
1.324
1.224
1.224
1.224
1.424
2.748
0.1
1.224
1.324
0
0.1
1.224
0
0
0
0
0
0
1.524
0
0
1.224
0
0
0
0
1.324
0
0.2
0
0
1.224
0.4
0
2.448
0
0
0
0
2.448
0
1.324
0
0
0
0.3
0
0
0
1.224
1.324
0.2
1.524
0
0.3
0
0
1.924
0.1
1.224
0
0.1
0.1
1.224
0
0.1
0.1
1.424
0
0
1.224
1.424
0.2
1.224
0
0
0
0
0
0
0.2
1.324
1.224
0.1
1.224
1.224
0.3
0
0.3
1.324
1.224
1.224
0.5
0.1
0
0.3
0
0
0
0
0
1.524
0
1.224
1.224
0
0
2.448
1.224
0
0
0
0
1.324
0
1.224
0.2
1.424
0
1.224
1.224
0.1
1.224
0
0
0
1.324
0
0.2
0
0
0
1.224
0
0.1
1.224
0
1.224
0
0
1.524
0
1.324
1.224
0
0
0
0.1
1.224
0.1
2.448
0
0
1.324
1.224
0
0.2
0
0
0
0
0
1.224
1.224
1.224
0
0
0
0.1
0.5
0
0.2
0
0
0
1.224
0
0.2
0
1.324
1.224
0.1
1.424
0.1
0.2
0
1.224
1.224
1.224
1.224
0.1
1.424
1.224
0
0
1.324
0.7
1.624
0
0
1.424
1.224
1.224
1.224
0
0
0
0.2
1.224
0.1
1.224
1.224
1.224
0
1.224
0
0.1
0.1
0
1.224
1.224
0
1.524
1.224
0
0
0.1
2.448
0.1
0.2
0.1
0.1
0
1.524
0
1.224
1.224
0.3
1.624
0
1.224
0
0
0
0
1.324
2.448
0.1
0
1.224
0.2
0
0
0.1
0
0.1
0.1
0
0.1
0
1.224
0
0.3
1.224
0.1
0
1.224
1.224
1.224
1.224
1.324
1.324
0
1.224
0
0.1
1.224
0
1.224
0
1.224
0
0.2
0.1
1.224
1.224
0
1.224
1.224
1.224
1.224
0
0
0
1.224
1.624
1.224
0
0
0
1.424
0.4
0
0.1
1.324
1.224
1.424
1.224
1.224
1.324
1.324
1.324
0
0
0.3
2.648
1.324
0
0
0
0
0
0.1
0.2
1.324
0
1.224
0.1
1.224
0.2
0
0.2
0.1
0
1.224
0
1.224
1.324
1.224
1.224
0
1.224
1.224
1.224
0.2
1.324
0.1
2.448
0.1
0
1.224
1.224
1.424
1.324
1.624
0.1
0
0
2.448
0
0.1
0.4
0
1.224
0
1.224
1.324
1.224
1.324
1.224
1.624
1.224
0.1
1.224
0.2
1.224
1.424
1.424
0
0.1
0.1
0
0
0.1
0
1.224
0
0.1
0.1
0
0.1
1.324
1.224
1.624
1.224
0.1
1.224
1.224
0
0
1.424
0.1
0.2
0
1.524
0
1.224
0
0
0.1
1.324
1.524
1.524
0
1.324
0
0.1
1.324
1.224
1.424
0
0.1
1.224
1.324
1.224
0
0
0
0
0.1
0
0.3
1.224
1.324
1.224
1.524
0
0
0.1
0.4
0.1
0.1
1.424
0
0
1.224
1.524
0.1
1.224
1.224
0
0.3
0
1.224
2.136
1.224
0
1.524
0
0.3
0.1
0.3
0.1
1.224
1.224
0.1
1.224
1.324
0.1
1.224
1.324
0
1.224
1.324
0.1
1.924
1.424
1.224
1.224
0.1
1.224
1.224
0
0
0
1.324
0.4
1.324
0
0
1.224
0.1
0
0
0.1
0
1.2
0.1
0
1.324
0
0
0
0.1
0
2.124
1.324
1.224
0.1
1.224
1.224
0
1.524
1.224
2.124
0
1.424
1.224
1.224
1.424
1.424
0
0
1.724
0
0
0
2.648
1.224
0
1.424
0.2
1.324
1.224
0
1.224
1.324
1.324
1.424
1.324
0
1.324
1.424
1.224
1
0.2
0
1.224
0
0.1
0.2
1.824
0
1.224
1.524
1.424
1.224
1.324
0.1
0
1.224
1.424
1.224
1.224
0
1.424
0.3
1.324
0
1.224
1.424
1.324
1.324
0
0
0.1
0.2
0
1.324
1.424
0
1.224
1.624
0
0
1.624
2.648
2.548
0
0
0.1
1.224
0.1
1.224
2.448
0
1.224
0
1.224
1.224
1.224
1.224
1.524
0.1
0.1
0.1
1.224
0.2
0.1
1.624
0
0.3
1.224
1.424
0.2
1.424
1.324
1.224
1.224
0.8
2.648
0
0
0
0.2
1.724
1.324
0
0
1.224
1.324
0.2
0.1
1.224
1.224
1.224
2.448
0.3
0.7
0
2.124
0
0.1
1.324
1.224
1.424
0.2
1.324
1.224
0
1.324
1.924
0
1.224
0.1
1.224
0.1
0
1.324
1.324
1.424
1.724
2.448
1.324
0
1.324
0.3
0.1
0.2
0
1.624
0.1
0
0
0.1
1.324
0
1.224
1.224
0.1
0.2
0
1.224
1.324
1.224
0.2
1.224
2.648
2.648
1.324
0.4
0
0
0
2.024
0.2
1.224
1.224
1.324
0
1.224
0.1
1.324
0.3
0.4
1.224
1.224
1.224
2.548
2.648
1.424
1.224
1.324
1.224
0.3
1.424
1.224
1.224
0
1.224
0.1
1.524
0
0
1.324
1.224
0
1.224
0
0.4
2.648
0.2
1.224
0
2.448
1.224
0
1.524
0
0
0
0.1
0.1
1.324
1.824
1.224
1.824
1.224
1.424
1.524
0.1
1.224
1.324
0
1.724
1.224
0
1.824
0.2
1.224
2.448
0
1.224
1.224
0
1.624
1.224
1.224
2.448
0.3
1.524
0
1.624
1.224
0
0.1
1.224
0
1.824
1.324
1.524
1.424
1.224
1.524
1.624
0
1.424
0
1.224
1.224
1.524
1.224
0
1.224
1.224
0.1
1.324
0.2
1.224
1.324
1.324
0
0
0
0
1.224
1.424
0
0.2
0
1.424
1.224
0
0
0.1
0
1.424
0
1.824
1.224
1.224
1.224
0
1.624
0
1.224
0
0
1.224
1.224
0
2.548
1.624
0
1.424
1.224
1.424
1.224
1.424
1.224
0
1.324
1.224
0.2
1.224
0
1.324
0.4
1.424
1.524
2.448
1.224
1.324
1.824
0
1.424
1.624
1.324
0
1.924
0.2
1.824
0
1.224
1.524
1.224
1.824
1.224
0
0.2
1.224
0
0
1.224
0
0.1
2.548
0
0.1
1.324
1.424
1.224
1.224
1.224
0.1
1.324
1.624
2.124
0.2
1.324
1.324
0
1.224
1.424
0
0.1
0.1
0.1
1.324
0
0.2
1.424
0
1.224
0
1.224
0.1
1.224
0.2
1.424
1.324
1.724
1.324
1.324
2.448
0.3
1.524
0
0
2.648
1.224
1.224
0
1.224
0.1
1.324
0
2.448
0.2
0
0
0.1
2.448
1.424
1.224
1.224
1.224
1.224
1.224
0.2
0.4
0
1.224
1.624
0
0
0
1.224
1.224
1.824
1.424
1.324
1.324
0
1.424
1.224
0
1.324
1.724
1.324
1.424
0
0
1.324
0
1.624
1.224
1.224
0.1
0.3
1.224
2.448
1.324
0
1.224
0
0
0
1.224
1.224
0
1.324
1.724
0.1
1.224
0
1.224
0.1
1.324
0
1.224
1.324
0
1.324
1.224
1.524
1.324
0
1.324
1.224
0.3
0.1
1.224
1.224
1.224
2.448
0
0.1
1.524
0
3.048
0.8
1.524
1.324
0
0
0
1.524
0
1.224
0
1.224
0.1
0
0.1
1.224
1.224
1.324
1.324
1.224
1.724
0.1
1.324
1.924
0
0
1.324
0.1
1.224
2.648
1.324
1.324
0
0
1.324
1.824
1.424
0
1.324
1.224
1.224
2.024
1.424
1.224
1.724
0
1.224
1.224
1.224
1.224
0
1.324
0
0
1.324
1.224
0
1.224
1.224
0.1
1.324
1.324
0
1.224
1.224
0
1.224
0.1
2.848
3.348
1.524
1.224
0
1.624
0.5
1.224
1.324
1.224
0.4
0
0.1
0
0.2
1.224
1.624
0.2
1.224
0
0.3
1.424
1.724
0.2
0.2
0.1
1.724
0
1.224
0
0.1
0.1
1.324
0.1
1.224
1.324
0
0
0
1.224
1.224
0
1.324
0.4
1.224
0
1.2
1.424
1.324
1.524
0.1
1.524
0.3
0.5
1.224
1.824
0
0
0.3
2.448
1.324
1.524
0
0.5
0
1.424
0.4
2.324
1.224
0
0
1.324
1.524
1.324
1.424
0
1.524
0
0.2
0
0.1
1.224
0
1.324
1.224
0.1
1.224
0
1.224
1.324
1.224
1.224
1.924
0.4
1.324
1.524
1.224
1.324
2.548
1.224
2.948
1.224
1.224
1.424
1.824
1.324
1.324
1.224
1.224
0.1
1.224
1.224
1.324
2.624
0
1.324
0.1
2.648
1.224
0
1.324
0.6
1.424
1.224
1.524
1.424
1.936
2.336
1.836
2.036
1.836
3.16
0
1.424
0
0
1.224
0
0
2.236
1.224
2.548
1.424
0.1
2.524
1.224
1.224
1.224
1.424
1.224
0.8
0
1.224
1.224
1.224
1.224
0
1.224
0
0.3
0
0
1.224
0
1.324
0
1.224
1
0
1.224
0
0.9
0.3
2.748
0.3
2.448
2.224
0.1
0.2
1.324
0
0
0
0.2
1.224
2.448
0.1
0
1.224
1.224
0.1
0
0
0.1
0.1
0
1.324
0
0
0
0
1.224
1.224
0
1.224
1.224
0
0
1.224
1.224
0.1
0
0
0
1.224
1.324
1.324
1.224
1.224
1.224
0.1
0
1.224
0.1
0
1.224
1.324
0
1.224
1.324
1.224
1.524
1.224
0
1.224
1.224
1.224
1.224
0
2.124
1.324
1.324
1.424
0.2
1.624
