0.1
1.324
2.948
3.672
2.448
0.1
1.324
4.284
0
1.224
1.424
0
0.1
1.424
1.424
3.06
0
2.448
2.448
2.448
0
0
1.224
2.448
1.324
2.448
2.448
2.648
3.772
2.448
4.284
1.224
0.2
0
0
1.836
1.836
0
0
0
0
0.6
1.836
0
0
0
0
0
0
0.1
0
0.1
0.2
0
0
3.06
0
0
0
0.2
0.3
0.1
0
2.748
0.1
0.2
0
0
0
0.2
0.1
0.1
0
0
0.7
1.424
1.836
1.224
0
0
1.224
0
0
0.1
0
0
0
0
1.224
2.948
0
1.224
0
0
0
1.836
1.836
0
2.448
4.284
0
0
0.1
0
3.06
0
0
0.4
0
0.1
0.1
0
0
0
0
0.1
0
1.324
0
0
0.6
0
2.448
0.1
0
0
0.1
0
0
0.2
0
0
0.1
0
0.2
0.2
0.1
0
0
0
1.224
2.448
0
0
0
0
0
0.1
0
0
0
0
0
0
0.3
0
0
0.1
0.1
0
0.1
0
0
0
0
0
3.06
0
0
3.148
0
0.1
0
0.1
0
3.16
0
0
0
0.2
0.1
0.2
1.224
1.224
0
1.424
0.1
0.2
0.1
1.224
1.224
0
0
0.3
0
0
0
0.2
1.224
1.324
0
3.06
0
0
0.2
0
0
0
1.424
1.224
1.224
0.1
2.648
0
0
0.1
0
1.424
0
0
0
1.224
1.524
2.448
2.448
1.324
1.224
1.224
2.448
1.224
3.772
3.672
0
0
1.224
0
1.724
0
0
0.1
0
0.3
0
1.224
0
1.224
1.224
3.06
0
1.524
0
0
0
0
1.224
0
0
0
2.448
0.1
1.224
0
1.224
0.1
1.224
0
1.424
1.224
0
1.224
0
0
0
1.224
0.4
0
1.224
0
0
0
4.284
1.224
2.448
3.672
2.448
0.1
0
0
0.1
0
0
2.448
0
0.1
1.224
0
1.224
0
0
0
2.548
0
0
1.224
1.224
0
0
0
2.448
0.1
1.224
0
0.1
2.448
2.448
1.224
0
0
3.06
0
0
1.324
0
0.2
0
0
0
1.224
1.224
0
2.848
4.284
1.224
1.224
1.224
0
0
1.224
0.3
1.224
0
0.1
2.336
0
0.1
0.1
0
1.224
1.936
0.1
0.1
0
0.4
0.4
2.548
0
1.836
0
2.448
0
0.1
3.06
0
0
0
1.224
1.224
1.224
1.224
1.224
1.224
0
1.324
1.224
2.448
0
1.424
1.224
1.224
1.224
2.548
2.748
4.284
0
5.508
1.224
2.448
1.224
1.324
1.224
2.448
3.772
3.972
2.448
3.672
0
0
1.224
1.224
3.672
2.448
2.448
1.224
1.224
1.224
1.224
2.448
2.448
1.324
2.448
2.748
1.224
2.448
1.224
3.772
1.224
1.324
3.672
2.448
1.324
1.224
3.672
1.224
4.172
1.324
1.224
3.772
1.224
1.224
2.548
3.772
1.224
1.224
1.224
2.448
3.672
1.224
1.324
1.224
3.672
3.672
3.672
3.672
2.448
3.772
2.448
4.284
1.224
1.324
1.224
3.672
1.224
3.672
1.324
1.224
1.224
2.548
2.448
1.324
3.872
1.324
1.224
1.224
1.224
3.772
1.224
1.224
1.424
1.224
3.672
1.424
1.324
1.224
2.548
3.672
1.224
3.772
2.448
1.224
2.448
1.224
2.448
1.224
1.224
3.672
1.224
2.448
3.872
5.508
1.224
1.224
2.448
2.448
2.448
1.324
1.224
3.672
1.224
2.448
2.448
2.448
1.224
1.224
1.224
2.448
1.224
2.448
2.448
3.672
1.224
1.224
2.448
2.448
1.224
2.448
2.448
3.772
1.224
3.672
1.324
1.324
1.224
1.224
1.224
3.672
2.448
1.424
1.224
2.448
1.224
2.448
2.448
2.448
1.224
1.224
2.448
1.224
1.324
1.224
1.224
3.672
1.224
3.672
1.224
5.508
1.424
2.648
3.672
1.224
1.224
1.224
2.548
2.448
1.224
1.324
1.224
1.224
2.448
1.224
1.224
3.772
1.224
1.224
1.224
1.324
1.224
1.224
1.224
1.224
3.772
2.448
2.448
1.224
3.772
1.224
1.224
2.448
1.224
1.224
1.324
1.224
2.448
1.324
2.448
1.224
1.224
2.448
1.224
3.772
1.224
2.448
3.672
1.424
1.224
1.224
1.224
1.224
1.224
1.224
2.448
1.224
3.772
3.672
2.448
2.448
3.772
3.672
1.224
5.508
5.508
1.224
2.448
1.224
2.448
2.448
1.424
1.224
1.324
1.524
3.872
4.284
3.772
1.324
1.224
1.224
3.672
3.772
2.448
2.448
1.224
4.284
1.224
1.324
1.324
1.224
2.448
2.448
4.284
1.224
1.224
3.872
2.448
2.448
1.224
1.224
2.448
1.224
1.224
3.672
2.448
1.224
1.224
1.224
1.224
1.224
2.448
2.448
2.448
3.672
2.548
2.548
1.224
2.548
1.224
1.324
1.224
1.224
2.448
2.548
1.224
2.448
1.224
2.448
2.448
2.448
1.224
3.672
2.548
2.648
2.648
1.324
3.672
4.584
1.224
2.448
3.672
1.224
3.672
1.224
2.448
2.448
1.224
2.448
2.548
1.224
1.224
3.672
3.26
1.224
2.448
2.448
1.224
5.508
2.448
2.448
1.224
1.224
1.324
1.324
1.224
3.672
1.224
2.448
3.672
1.224
1.224
3.672
2.748
2.548
3.672
2.448
2.548
1.224
1.224
1.224
1.224
3.06
2.448
3.672
2.448
2.848
1.224
1.324
2.448
3.672
2.448
1.224
2.448
1.224
7.508
2.448
1.224
1.324
2.448
1.224
2.448
3.672
1.224
1.224
1.224
1.324
1.224
2.548
1.224
2.448
1.224
2.448
2.848
2.448
2.448
1.224
3.048
2.448
1.224
1.224
1.224
1.224
3.772
1.224
2.448
1.424
2.548
1.224
3.672
2.448
1.224
2.448
3.672
2.448
1.224
2.548
2.548
4.284
1.324
2.448
2.448
1.224
3.672
3.06
3.872
2.548
1.224
2.448
3.672
2.448
1.224
2.448
1.224
4.484
2.648
3.672
1.224
2.448
1.224
3.06
1.224
2.448
1.224
3.872
2.448
1.224
2.648
2.448
3.672
2.448
3.672
2.448
1.224
2.448
1.224
3.672
2.448
3.672
1.224
2.448
2.448
1.224
1.224
1.224
3.672
1.224
1.224
1.324
2.448
4.484
2.448
2.448
1.224
2.448
1.224
1.224
1.224
3.672
2.448
2.448
1.224
2.448
2.448
1.224
3.672
1.224
2.448
2.448
2.448
1.224
2.448
2.548
1.224
1.224
1.224
1.224
1.324
1.224
3.672
1.324
1.224
1.224
2.648
1.324
2.448
2.448
3.672
2.448
2.448
1.224
2.448
1.224
1.224
1.224
2.448
3.672
1.224
1.224
2.548
1.424
1.224
4.284
1.324
3.672
1.224
4.284
3.672
3.06
1.224
3.772
2.448
2.448
1.224
1.224
1.224
1.224
1.224
2.448
1.324
1.224
3.972
1.224
1.224
1.224
2.448
2.448
1.224
1.224
1.424
3.672
1.324
2.448
1.224
2.448
1.324
3.672
3.972
3.972
1.324
2.448
3.672
4.284
1.324
2.448
2.548
2.448
3.772
2.448
1.224
1.224
3.672
2.448
3.772
2.448
3.672
5.608
1.224
1.224
1.224
2.448
1.224
2.448
1.224
2.448
2.548
2.448
2.448
2.448
2.448
2.548
1.224
1.224
1.224
2.448
3.772
2.548
1.224
3.772
3.672
2.448
3.772
3.672
2.448
1.224
1.224
1.424
3.672
3.872
3.672
2.448
1.324
1.324
1.324
1.224
1.224
2.448
1.224
1.224
1.224
2.448
1.224
2.448
2.448
1.224
1.224
2.448
2.448
4.384
1.224
1.224
1.224
2.448
1.324
3.06
1.324
1.424
1.224
0.4
1.224
2.448
0
0
0.3
1.324
0
0
1.836
1.624
0
0.2
0.1
1.224
1.324
0
1.224
1.836
1.936
0
0
0
0
0
0
0
0
0
0
2.448
0
2.848
0
0.1
0.1
0
0
0.2
0
3.06
1.224
0
0
1.324
2.548
0
0
0
1.224
1.224
1.224
0
0
0
1
0
0
0.1
0
1.624
1.224
1.224
0
0.1
0
0.1
1.224
0
0
1.224
0.5
0
0.1
0
0
1.324
0
0
0
1.224
0
0.1
0.2
0
1.324
0
1.224
0
0.1
1.324
0
0.2
1.324
0
1.224
0
0
2.448
0
0.1
1.324
0
0.3
1.424
0
0
0.1
1.224
0.3
0.1
0
1.224
0.1
0
0
0
0
0.1
0.1
0
0
0.1
1.224
0
0.1
0
0
0.1
0
0.1
0.1
0
0
0.1
0
0
0
0.2
0
0.1
0.1
0
1.224
0
1.224
1.324
0
0
0
0
0
0
0
0.1
1.324
0
0.3
0
0
0
0.1
0
2.448
0.3
0
0.1
0.1
0
0
0.4
0
0
0.1
0.1
0
1.424
0
1.624
0
1.224
2.448
1.324
0
0.2
1.324
0
0
1.224
1.224
0.2
0
0
0.1
0
0
0
1.924
0
0.3
1.224
0.1
0
0
0
0.1
0
1.224
0.1
0.1
0.5
0
0
0
0
0
0
0
0
0
0.3
0
0.1
0
0.2
0
0
0.1
0
1.224
1.224
0
0
0.2
0.3
0
0
0.1
0
1.324
0
0
0
0.1
0.1
0.4
0.1
0.1
0
1.624
1.224
3.06
0
0.6
1.724
1.224
0.1
0.1
1.324
0
0
0.1
0
1.324
0.1
0
0
0
0
0
0
0.1
0
0
0.3
1.224
0.1
0
0.1
0
0
0
1.224
0.1
0.1
0.1
0
0
0.1
0.2
0.2
0.1
0
0.1
0
0
1.324
1.224
0
0
0
1.224
0
0
0.1
0.1
0
0
1.624
1.624
1.224
0.3
0.1
0.4
0
0
0.3
1.324
1.224
0
3.06
0
0
0
0
0
0
0
0.1
0
0
0.1
2.448
0
0.1
0
0
0.3
0.2
0
0.1
0
0.2
0
0
0.3
0
0
1.224
0.1
0.1
3.06
0
0
0.1
1.224
1.324
0.1
0.1
0.1
1.224
1.424
1.324
0
0
1.224
0.1
0.2
0
0.1
1.224
0
0
0
0.1
0.1
0
0.2
0
0
0
0
1.224
2.548
0
0
0
1.324
0
0
0.1
1.324
1.224
0
0.3
0
0
0.1
0
1.224
0.2
0
0
3.06
0.2
1.324
0.2
0.1
0
0
0
0.2
0.3
0
1.224
1.324
0
0
0.4
0.2
0.6
1.224
0
1.224
0
1.524
0
0
0.2
0
0
0.1
0
0
1.224
0
0
0.1
0
0
0
0
0
0
1.324
0.1
2.324
0.1
0.1
1.424
0
0.1
0.1
1.936
1.936
1.224
0
1.324
1.224
0.1
0
1.324
0
3.06
0.1
0.1
0
0.6
0
0
0.3
0
0
0
0.1
0.1
0
0
0
0
0
1.324
0
0
1.424
0
0
0.1
0
0.1
0
0
0
0
0
0
0
0
0.1
0.4
0
0.1
1.324
0
0.1
0.1
0
0
0.3
0
0
0.1
0
0
0
0
0.1
0.1
0
0.1
1.224
0
1.224
0
0.2
0
0
0
1.424
0
0
0
0
0
0
1.224
0.2
1.224
1.224
0
0
1.824
0
0
0
0
1.224
0
0
0
1.224
0
0.1
1.324
0.2
0.1
2.448
0
0.1
1.424
0
0
1.224
0
0.1
0
0.1
0
0
0.4
2.136
1.424
0
1.324
0
0
0
1.224
0
0.1
0
1.224
0
1.524
0
0.2
0.1
1.424
0
0.6
0.1
1.224
0.2
0
1.224
0
0.1
0
1.224
0.2
0.1
0.1
0
0
0
0.1
0
0.1
1.224
0
0
0.1
0.1
0.2
0
0
0.1
1.324
0
0
1.224
2.448
1.224
0
0
1.224
1.224
0
0.1
0
1.224
0
0
1.836
0
0
1.324
0.2
0.6
0.1
0
1.324
0.1
0.2
1.224
0
0
1.324
0
0.2
1.224
0
0.1
0.3
0.4
0
0
1.224
1.224
0.3
1.324
2.648
0
0.1
1.324
0
0
3.26
0
1.324
0
0.1
1.424
1.324
1.224
2.036
0
0
0
0
0
0
0
2.324
0.1
0
0.2
2.548
0.3
1.724
1.624
0
0.1
0
0
1.224
0
0
0.2
0
0.3
0.2
0
0.1
1.724
0.1
0
0
0.1
0.4
0
0.2
0
0
0
1.324
0
0
0
0
0
1.324
0
0
0
0.2
0
0
0
0.1
0.1
0
0
0
0
0
0.1
0
0
0
0.1
0.6
0
0
0
0.1
0.1
1.224
0
0.1
1.424
3.06
0
0
0
0
0
0
0.3
0.1
0
0
0.1
0.1
0
0
0.2
1.936
0
1.224
1.324
1.224
1.224
0
0
1.224
0
1.224
0
0
2.548
1.524
0
0
1.524
0
0
0.2
1.224
0
0
0
0
3.672
0
0
2.448
0
2.448
0
2.448
0
1.224
0
4.072
3.06
0
0
1.624
0
0.2
0.1
0
0
1.224
2.448
0
0
0
1.324
1.224
4.896
0
0.1
2.448
0.1
2.448
0.1
1.224
1.224
0.1
1.324
1.224
2.448
0
1.224
3.06
2.448
0
0
1.324
0
2.848
1.224
1.224
0
3.06
1.224
0
0
2.848
2.448
0.1
0.1
0
0
0
0
2.448
2.448
1.324
2.548
1.224
2.748
2.448
1.224
2.548
3.672
2.448
0
2.448
2.448
0
0
0
0
0.5
0.1
0.1
1.524
2.648
1.324
