0.3
0.1
3.048
1.524
2.948
0
0
0
0
0
0
1.324
0.2
0.3
0.2
0
2.036
0
0
0.1
1.424
1.524
0
0
0.5
0
0.1
1.624
2.548
1.224
0.1
2.448
1
0
0
0.4
0
0
1.836
0.4
0.1
2.024
0
1.836
2.036
1.224
0.1
0.4
0.1
1.324
1.224
0.1
1.624
1.836
0
0.1
0
0
0
1.924
0.7
0.2
1.936
0.4
0.5
0.1
0.1
0.1
1.424
0.7
0.3
1.424
0.1
0.1
2.524
0.4
0
0.6
0
0
2.124
0
1.224
0.1
1.836
0
0.1
1.836
0
0.4
0
0
0.1
0
0
1.424
1.224
0
0
0
1.836
0.3
0.1
0.1
0
0.2
0
0.9
0.1
0.2
0.1
0
0
1.324
1.836
0.2
0
0.3
0.1
0
2.1
1.936
0.1
0.4
0.1
0
1.936
1.224
0
1.624
0.1
1.836
0.1
0.1
1.424
0.4
1.424
1.324
1.624
0.5
0
0.1
0
1.424
0
1.836
1.424
0.2
0
0
1.224
0.2
0.1
0.1
2.336
0.6
0.1
0
0.6
0
0
0
0
0
0.1
1.936
0
0
0.1
2.1
0.1
0.3
1.224
0
1.224
1.524
1.836
0
1.224
0.3
0
1.724
0
1.224
0.2
1.924
1.824
1.224
0.1
1.324
0
1.224
0.1
1.324
1.224
1.324
1.224
0.1
1.224
0.4
0.1
0
0
0.2
1.4
1.936
0.1
1.724
1.524
0.1
1.224
0.1
0.2
1.936
0
1.7
0.1
1.2
1.836
0
0
1.224
3.548
2.548
2.448
3.348
2.448
2.448
3.448
2.448
2.548
2.448
1.424
0.1
1.324
2.136
3.524
1.224
1.836
1.724
0
2.524
1.624
3.06
1.936
0
0
0
1.424
0.7
0
1.836
1.836
1.836
0
1.224
0
0.1
1.524
1.624
1.324
0
0.1
2.536
1.224
0
0.6
1.224
0
1.224
0
0.2
0
1.324
0.6
0.1
1.224
0.4
1.224
0
1.224
1.224
3.148
2.448
2.848
0
1.324
1.224
1.524
1.524
1.224
2.448
0
0.5
0
1.836
0
0.1
0.1
0
0
0
2.736
0.3
0
1.836
0.1
0.1
0
0.1
0.3
1.936
1.424
0
0
1.324
0
1.224
0
1.424
0
0
0.2
0.2
0.1
0
0
0
0
0
0.4
0.1
0.1
1.424
1.324
0
0
0
0.9
0
0
1.224
1
0
0.5
1.924
1.224
1.324
0.5
0.1
1.324
0.1
1
1.9
0
0.1
0
0
0
1.324
1.324
0
1.224
1.224
1.224
0.1
0
1.224
0.1
1.324
1.224
1.324
0
1.324
0
0.1
0.7
0
0
0.1
1.824
3.724
1.324
0
1.224
1.424
2.748
3.148
1.324
1.324
1.324
2.648
2.724
1.324
1.524
1.224
0
1.324
1.224
1.224
2.548
2.548
1.224
3.148
2.448
2.448
2.448
2.448
2.748
2.648
2.424
3.248
1.224
1.224
1.424
1.424
1.224
1.224
1.624
1.424
2.548
2.548
3.448
1.524
1.224
2.648
1.224
2.548
3.148
2.848
1.424
1.224
2.448
1.424
3.148
1.524
1.224
1.524
2.448
1.624
2.448
1.324
1.224
1.324
1.524
2.548
1.224
2.548
3.048
2.848
1.224
1.324
1.224
5.284
3.16
1.224
1.724
1.224
1.224
3.148
2.848
2.448
2.548
1.624
2.748
3.06
1.324
4.548
1.524
1.224
5.184
1.924
3.16
1.324
2.648
3.548
1.724
1.224
4.16
1.924
4.484
1.224
1.224
1.324
1.424
3.06
2.448
1.324
1.324
2.448
1.224
1.224
2.548
2.548
1.524
1.224
1.324
2.648
2.848
2.448
1.324
4.984
1.424
1.224
1.224
2.448
2.448
1.524
1.224
1.224
1.224
3.148
2.548
2.448
2.548
2.448
1.224
4.484
2.548
1.224
2.424
2.448
1.224
2.448
1.324
3.048
3.148
2.448
1.324
1.224
2.548
2.748
3.248
2.748
1.224
2.548
1.224
1.424
2.448
1.324
1.624
2.548
1.224
1.324
1.324
2.748
3.148
3.148
4.484
1.224
1.224
1.324
2.448
2.748
1.224
1.324
2.448
3.348
2.548
1.224
1.324
1.324
1.324
1.224
1.524
2.448
1.624
2.748
2.448
2.448
2.448
1.324
2.448
1.324
2.448
1.224
1.324
2.448
2.748
2.124
3.448
1.224
4.384
1.324
3.26
2.448
2.448
1.224
1.424
2.548
2.548
2.448
1.224
1.524
1.424
1.224
2.648
2.948
1.324
2.448
1.324
1.324
1.424
1.224
2.448
1.224
1.524
2.648
1.224
1.224
1.224
1.224
3.748
1.324
1.224
1.824
3.46
1.224
2.124
2.448
2.548
1.224
1.224
1.324
2.548
1.224
1.324
2.948
2.648
1.324
1.324
2.548
1.324
2.648
4.284
1.224
2.448
1.324
1.224
2.448
1.524
2.748
1.224
1.224
2.548
1.224
1.224
1.724
1.224
2.948
1.224
1.224
1.324
1.724
2.748
2.448
2.748
2.548
1.224
1.424
4.448
1.424
3.048
2.448
1.224
2.448
1.224
1.224
2.548
1.224
2.448
4.484
2.948
2.748
2.848
3.06
2.448
2.548
2.648
3.348
1.224
1.224
1.924
1.224
2.648
1.324
2.548
2.548
2.448
1.624
2.848
1.224
1.324
1.624
2.648
1.524
1.224
1.424
4.284
2.448
2.548
2.648
1.224
1.424
2.448
1.224
1.224
3.048
2.648
1.324
2.448
1.224
2.448
1.324
1.324
1.224
1.324
2.848
2.448
1.224
1.324
2.948
5.084
1.224
1.224
1.324
1.224
1.224
2.448
1.324
1.924
2.548
1.424
2.548
1.224
2.448
4.484
2.448
2.748
1.324
2.948
1.324
10.884
1.324
4.384
2.748
2.548
2.548
2.848
1.224
1.424
2.648
1.924
2.448
2.748
2.548
2.448
2.524
3.548
1.324
1.224
1.324
2.648
2.448
1.324
2.548
2.448
1.224
2.648
1.224
4.048
2.448
1.224
1.224
1.224
1.224
2.448
2.448
2.548
1.224
2.448
2.448
2.648
1.324
1.224
2.548
2.448
1.624
1.224
1.924
1.924
2.748
2.748
1.224
1.924
1.224
2.548
1.224
1.424
1.724
2.548
1.224
2.548
2.648
2.448
1.224
1.224
1.224
2.548
2.448
1.224
2.848
2.448
2.448
2.548
1.324
1.224
2.648
2.448
2.548
1.324
2.548
2.448
1.424
2.448
1.224
3.36
1.224
1.224
2.448
1.224
1.324
2.648
2.648
1.224
2.648
1.224
1.224
1.224
1.224
1.224
1.324
1.224
2.848
2.748
2.448
2.548
1.224
1.224
1.224
2.548
1.224
3.448
2.448
1.224
2.548
3.048
1.224
1.224
2.548
2.648
2.448
2.548
1.224
5.584
1.324
1.224
4.348
1.224
2.448
2.448
1.324
4.384
2.448
2.448
3.248
1.624
1.224
1.324
2.448
1.224
2.448
2.948
1.224
2.648
2.448
1.224
1.324
1.324
2.548
2.448
2.448
1.224
1.224
1.424
1.224
1.224
1.424
2.548
1.224
1.224
1.224
1.324
1.224
1.324
1.624
2.748
4.984
1.224
1.224
1.224
4.284
1.224
2.648
2.448
1.524
2.748
2.548
1.324
1.324
1.224
3.048
3.548
3.048
2.448
1.324
2.548
2.548
2.448
3.648
1.224
3.248
3.348
2.748
3.86
2.548
2.448
2.724
2.648
2.448
2.548
2.448
2.548
2.448
2.448
2.648
2.448
4.284
2.448
2.848
2.448
2.748
1.624
1.524
3.048
1.224
1.224
1.324
1.224
1.424
1.424
3.748
2.648
2.748
2.648
1.924
1.224
1.224
2.448
2.548
2.748
1.224
1.324
1.324
2.448
2.648
2.448
2.548
2.648
2.448
1.624
2.448
2.448
1.224
2.748
3.26
2.648
2.848
2.648
4.384
2.748
2.548
3.148
3.048
1.224
1.224
2.848
3.336
0
3.46
4.96
3.86
0.3
1.324
0
1.224
0.1
1.624
3.16
0
1.224
0
1.1
0
0.5
0
1.224
2.448
5.06
1.224
0.1
0
0.1
1.224
0
0.4
1.224
0
0.1
3.26
0
0
0.1
0
1
1.224
0.1
1.224
0
0
1.924
0
0
0
1.324
1.224
0
0.2
0.3
0.5
1.324
0
0
0.1
1.224
1.424
1.624
4.824
0
1.324
0.1
1.224
0.6
0.3
0.2
0
1.824
1.524
0
0
0
1.324
1.224
1.924
1.224
0.7
0
0
0
0.1
0
0
0
1.324
0.1
1.424
1.524
0
1.424
1.224
1.224
0
1.524
1.424
1.224
0
0
1.224
1.224
1.324
0
1.224
1.324
0.2
0
1.924
1.224
1.324
0
1.724
0
1.724
0.2
1.224
1.224
0.2
0.1
0
0
0
0.1
0.3
1.324
1.224
1.224
0
1.624
1.224
1.424
1.224
0.1
0.1
1.424
0.1
1.224
1.224
1.624
1.324
1.424
1.224
0.2
1.324
1.324
0.1
1.324
0
0
0.2
0
1.224
1.424
0.3
0
0
1.224
0
1.324
0.1
1.224
0
0.1
1.224
0
0
1.324
0.1
1.424
1.224
1.224
1.724
0.1
1.224
0.5
0.1
0
1.324
1.724
3.26
0.1
1.324
0.6
0.1
0
0
0
0.1
0
0.2
1.224
1.424
1.324
0
1.224
1.224
0
3.06
1.224
0
1.424
0.4
1.224
0.6
0
1.224
0.1
0.2
1.524
1.524
1.424
1.424
1.224
1.224
1.6
1.224
0.1
1.224
0
1.624
1.324
0
0.1
0
0.2
0
0
1.224
1.224
1.324
1.224
1.324
0
1.524
0.2
1.224
1.224
0.1
1.324
1.224
0
0.1
1.324
0
1.224
1.424
1.224
1.824
1.424
0.5
1.424
0.1
1.524
0
0
0.1
1.324
1.1
0.4
0
0
0.1
0
1.224
1.324
0.2
1.624
1.924
0
0.1
0.1
0.1
0
1.324
0
1.324
0
0.4
0.9
0
1.424
1.224
0
1.324
1.424
1.224
1.224
1.224
0
1.324
1.224
1.224
1.724
1.224
1.724
1.224
1.224
1.424
0
1.224
0.1
0
1.224
1.224
1.324
0.4
0
0
0
0.3
0
0.2
1.624
0.3
1.224
0
1.324
0.3
0
1.224
1.724
0
0
0
1.224
0
1.224
1.224
1.824
0
1.224
0
1.424
0.1
1.224
0.2
0
1.224
1.224
1.224
1.424
0.4
1.324
0
0
0
1.324
1.224
1.224
0.5
1.224
1.224
0
0.2
0.3
0
0.1
1.324
1.724
0
0.2
1.224
0.1
0
0.1
0
1.324
0
0
1.324
1.224
1.824
1.324
0.1
0
1.424
1.324
1.224
0
0
1.424
0.5
0
1.224
0.1
1.424
0
1.224
0.1
1.224
1.224
1.224
1.224
1.224
0.1
1.324
0.1
0
1.224
1.224
0
1.224
0.1
0
0.3
0
0.1
0
1.624
0.2
1.424
1.324
1.524
0
1.224
0.1
0.1
0
1.424
0.2
1.324
1.224
0.4
3.46
0.3
0
0
1.224
1.224
0.2
0.2
1.224
1.324
0
0.1
1.224
0
0.1
0.2
0
0
1.424
1.324
0
0
1.224
1.424
1.224
0.1
1.324
2.324
1.624
0.1
1.324
0
0.1
1.224
0.2
0.4
1.224
1.324
1.224
0
1.524
1.224
0.1
1.224
0.1
0.6
0
1.424
0.2
0.2
1.324
0.7
0.1
1.324
0.2
1.524
0.1
1.224
1.224
1.424
0
1.224
1.824
1.424
1.224
0.1
1.324
0
1.424
1.224
0
1.224
0.1
0.1
1.224
0.1
1.224
0
0.1
0.4
0.7
1.224
0
0
1.224
0
1.324
0
1.224
0.9
1.224
0
0
1.224
0.1
0
1.224
0
1.324
0
0
0
0.1
0
1.224
0.7
0
0
1.624
0.3
1.224
0
0.1
1.524
0.1
1.224
1.224
0
0
0
0
1.224
2.124
1.224
0
1.224
0
1.224
0.1
1.324
1.424
1.224
1.224
0
1.224
1.724
1.424
0
0.1
1.224
1.524
0
0
0.2
0.1
0
1.224
1.324
0.2
1.224
0.2
2.224
0
1.424
0
1.224
1.224
0.4
0
1.324
1.324
1.224
0
1.224
0.2
0
0.3
1.224
1.324
0
0.2
1.524
1.424
0.2
1.224
0
0
0.1
1.624
1.324
1.224
1.324
1.224
0
0
0.1
0
1.724
0.1
0
0.2
0.3
1.224
1.724
1.224
1.424
1.224
1.324
1.224
1.324
0
1.224
0
0
0.1
0
1.224
1.224
0
1.324
0.1
0
1.224
1.224
0
1.224
0
1.424
0.1
0.9
0
0.1
0
0.1
2.124
1.224
0
0
2.524
1.224
0
1.324
1.724
1.524
0.1
0.2
0
0
0
1.824
0
0.6
0.3
0
0.6
1.324
0.1
1.324
0
1.324
1.224
1.224
0
0.1
0
0
1.324
1.224
0
1.224
0.3
1.624
1.224
1.224
1.7
1.224
1.324
0
0
0.6
1
0.5
0
1.424
1.224
0
1.824
0
0
0.2
0
1.424
0
1.324
1.224
2.224
1.224
1.724
1.224
0.1
1.324
0
1.424
1.324
0
1.224
1.624
1.224
1.224
0
1.224
1.524
0.4
1.524
0
1.324
0
1.224
0
0.1
2.524
1.424
0
0
0.1
1.224
1.324
1.324
1.324
1.224
1.324
1.624
0.5
0
0.1
1.224
1.324
1.824
0
0.1
1.624
0.5
0
0
1.224
0.4
0.2
1.424
0.1
2.324
1.724
1.624
1.524
1.424
1.524
1.624
0
2.124
0
1.424
1.624
1.524
2.448
2.448
0
1.224
0
1.524
0
0
0
0.1
0.2
0.1
1.224
0.2
0.8
0
1.3
0.1
3.26
0
0
0
1.224
0.1
0
0.2
1.324
0
0
0
1.424
0
0
3.624
1.524
1.224
0
2.224
1.924
0.7
2.024
1.836
1.1
2.324
1.224
0.1
3.16
1.224
0.1
0.2
0
0
0.1
0
0.1
0
0
0
1.424
2.536
0.2
1.224
0.1
1.624
0.1
0.2
0.1
0
1.836
0.1
0
0.8
1.224
1.424
0
0
1.324
1.324
0
2.024
1.224
1.324
2.224
1.836
0
1.224
0.2
2.548
2.548
2.648
2.548
1.524
1.324
2.648
4.584
2.548
3.26
2.848
0.2
1.224
1.224
1.224
0
0
2.636
1.4
0.1
0
1.824
1
1.424
