1.524
0.3
3.248
2.848
3.772
0.1
0
1.224
0.1
0
0
0
1.224
0.5
0.4
0
1.224
1.224
1.224
1.324
0
0.3
1.224
1.224
0
1.424
2.648
2.648
2.448
2.448
1.224
1.224
1
0
1.224
0.2
0.1
0
0
0.2
0
1.924
0
0
0
0
1.224
1.624
0.1
0
0
0.1
0
1.324
0
1.324
1.224
1.224
0
0.3
1.824
1.324
0.1
1.624
1.724
0.2
1.324
1.224
0.2
1.724
0.1
1.524
1.424
0
1.724
0
1.324
0.2
1.224
0
1.724
1.224
0
1.324
0
1.224
1.224
0
1.324
2.548
0
1.224
2.448
1.224
1.224
0.1
0.3
1.224
1.324
1.224
0.1
1.324
1.424
0
2.448
0
1.224
0.7
1.224
0
2.748
2.448
0.1
1.224
0.1
0.1
1.224
2.548
0
0
2.424
0
1.224
1.324
1.324
0
0
0
0
1.224
1.524
0
1.324
0
1.324
0.3
0
1.224
0.3
1.624
0.1
2.548
1.224
0
1.224
1.224
0
1.324
0
1.224
0
0
0.1
1.324
0.1
0.2
2.548
0.1
1.724
0
0.2
1.224
0.1
2.548
1.324
1.224
1.224
1.324
1.424
2.224
1.224
1.424
2.448
0.2
2.448
1.524
1.224
1.224
0
0
0.1
1.324
0
2.548
1.524
2.548
0.1
1.324
1.224
2.448
0
0
0
1.424
1.324
0.1
0
1.324
1.224
1.224
1.324
1.224
1.224
1.324
1.1
1.224
0
0.1
1.324
1.224
1.224
0.3
1.324
1.224
0
3.348
0
2.848
0
1.224
1.324
1.224
1.724
2.448
2.448
1.224
1.224
1.224
2.648
2.448
2.448
2.448
1.224
0
1.224
0
3.148
0.1
1.224
0.3
0
0.3
0.3
1.224
2.548
1.224
2.548
2.448
0
0.3
0
1.324
1.224
1.224
1.224
0
1.224
1.624
1.224
0.1
1.324
1.224
0
0.2
1.224
1.224
0.4
1.224
0
1.224
0
0.1
0.1
1.524
1.924
0
1.324
1.224
2.548
2.448
4.896
2.548
3.872
2.448
4.172
0
0
0
1.224
0
0
2.448
1.224
2.124
0
1.224
1.224
1.424
1.224
1.224
1.424
2.448
0.2
0
0.1
1.224
1.324
1.624
1.224
1.524
2.448
1.224
1.224
1.224
1.224
1.324
0
1.224
0
1.224
1.224
0.1
1.324
1.324
1.324
0
1.224
1.224
0
1.224
1.824
2.448
1.224
0.1
0
1.224
0
0
1.924
0
2.448
0
2.024
2.448
0.1
0.2
0.1
1.224
1.924
2.448
1.324
2.448
1.524
3.348
1.224
0.1
0
2.448
1.224
1.324
0.1
0
0
0
1.224
0
1.224
1.324
0.1
1.224
1.224
0
1.224
0
1.224
1.224
3.048
0
0
0
1.324
1.524
2.448
1.224
2.448
1.524
2.548
1.424
1.324
1.224
1.224
2.448
3.748
3.672
2.448
0
0
1.324
1.224
2.448
2.448
2.548
1.224
2.548
3.568
1.224
3.872
3.672
1.224
2.448
2.124
1.324
3.672
1.224
2.448
2.548
1.324
2.448
6.016
2.448
1.224
2.448
1.424
2.548
2.648
1.324
2.448
2.448
1.524
2.748
3.772
3.872
1.224
1.224
2.548
2.648
1.224
4.272
1.224
3.872
2.448
3.872
3.772
3.772
2.448
2.448
3.672
2.448
1.424
1.224
2.448
1.224
2.448
2.448
2.448
1.224
1.224
3.772
2.448
3.048
1.224
2.448
1.224
1.724
2.448
2.548
1.324
2.424
3.048
2.448
1.524
2.124
1.224
2.448
2.448
1.524
2.648
3.672
1.324
2.748
2.448
1.224
1.224
1.224
2.648
1.224
3.672
2.648
2.548
2.448
1.224
3.672
2.548
3.772
1.324
1.224
2.448
1.224
2.548
2.448
1.224
2.648
1.524
2.448
1.224
2.448
2.448
2.948
2.548
2.448
1.224
4.172
2.448
1.324
2.448
3.672
2.448
1.224
2.448
2.448
4.472
1.224
2.448
1.224
2.448
2.848
2.748
2.448
2.548
1.224
2.448
2.648
2.648
1.224
1.224
3.772
2.548
1.224
1.224
1.224
2.648
2.448
3.772
1.224
2.548
1.324
2.748
2.548
2.448
1.224
1.224
1.224
2.448
1.224
1.224
1.224
1.224
2.848
1.224
1.224
3.672
1.324
2.448
2.448
4.992
1.224
2.748
1.224
1.224
2.548
1.224
1.224
2.448
2.448
1.224
1.224
2.448
1.224
1.224
1.924
1.624
2.448
2.448
1.224
1.324
1.324
2.448
1.324
2.448
1.324
1.224
2.548
3.672
1.424
1.224
2.448
1.224
1.224
1.424
2.448
2.448
2.548
3.772
1.224
2.448
2.448
3.972
1.524
2.448
2.448
2.244
3.972
1.424
2.448
1.224
1.624
1.224
1.224
2.324
2.648
2.448
2.548
1.224
1.324
2.448
2.448
2.748
2.748
2.448
1.224
1.224
2.548
1.224
1.224
2.448
2.448
2.448
2.548
1.224
1.224
2.548
2.448
1.224
2.448
2.548
2.448
2.448
1.424
2.448
1.324
3.672
1.224
1.324
1.424
1.224
2.448
1.424
2.448
2.448
1.224
3.648
1.324
2.548
1.224
2.448
2.448
1.224
2.548
3.972
1.224
2.448
1.224
2.448
2.448
2.748
1.224
3.672
1.224
1.224
2.648
1.224
2.448
2.948
1.224
2.548
2.448
1.224
3.772
1.224
1.224
2.748
1.224
2.448
3.672
1.224
1.324
3.672
1.424
2.448
2.448
2.448
1.224
2.448
3.672
4.896
1.624
1.224
1.524
1.224
1.224
2.448
3.468
2.448
2.448
2.448
2.448
2.448
3.048
1.224
2.448
1.224
2.848
1.324
2.448
1.224
1.224
1.224
2.448
2.448
2.448
3.448
1.324
1.224
2.448
2.448
2.448
2.448
2.448
1.324
2.448
3.972
2.448
1.324
9.416
1.224
2.548
2.448
2.448
1.224
2.448
1.224
1.324
3.772
2.448
2.548
1.224
3.672
2.324
2.748
1.224
3.668
2.448
3.672
2.448
1.224
1.224
1.224
2.448
1.224
3.772
1.324
2.548
1.224
3.672
2.448
1.224
2.548
2.548
2.448
1.224
1.224
1.224
2.548
1.224
3.672
2.448
1.224
2.648
2.548
2.448
3.048
1.324
2.448
2.448
3.672
1.224
3.672
2.548
2.648
4.372
2.448
2.548
1.224
1.224
1.224
1.224
5.296
2.448
2.548
2.548
2.448
3.772
2.448
2.448
2.648
2.448
2.548
1.224
2.448
1.324
2.448
3.672
2.448
1.324
3.672
1.224
1.224
2.448
1.224
2.548
2.448
2.448
2.448
2.448
1.224
2.448
1.324
1.324
1.224
1.224
1.224
2.448
2.448
2.548
2.448
2.448
3.672
2.448
1.224
3.672
2.448
3.672
2.748
2.448
1.224
2.448
3.972
3.772
1.224
1.224
1.324
1.324
1.324
2.448
1.524
1.324
2.448
3.772
3.672
3.672
4.896
2.448
3.772
2.448
1.224
3.048
3.048
1.424
1.324
2.548
2.448
1.224
1.324
2.548
1.324
1.224
2.448
2.848
2.448
1.224
2.448
2.448
1.224
1.224
2.448
3.672
1.224
2.448
2.448
1.324
1.224
1.224
3.672
2.548
2.448
2.748
2.548
1.224
2.448
1.524
2.448
1.224
2.448
1.424
3.672
1.424
3.772
1.224
2.344
2.748
2.448
2.748
2.848
1.224
3.672
2.448
3.672
1.224
3.772
4.472
3.672
3.972
3.772
1.424
2.448
2.748
3.672
3.872
3.872
2.448
2.548
1.224
1.224
1.224
2.548
1.224
3.672
1.224
2.548
2.648
2.448
2.448
4.472
3.772
3.872
2.448
1.324
2.448
1.224
2.548
2.448
2.748
2.448
2.448
2.448
3.672
2.448
3.672
1.324
1.224
1.324
3.672
3.672
3.772
2.448
1.524
2.548
1.324
2.548
2.448
3.672
1.224
1.224
3.672
3.672
2.548
2.448
2.748
1.424
1.224
2.648
2.448
3.048
2.548
1.224
1.224
3.872
1.424
1.224
1.224
1.824
1.424
0.3
0
1.224
0
1.324
1.524
1.224
1.224
1.224
0
0.3
0
3.248
0
1.224
1.224
1.524
1.224
0.3
0
1.324
0.1
0
1.824
0
1.224
0
0
0
0
1.224
0
3.448
0
0
0
1.324
2.448
0.1
1.224
1.224
0.1
0
0
0
1.324
2.548
0.3
0.1
0
0
1.224
0
0
0
1.4
1.224
0
1.324
0
0.3
1.224
0
1.224
0.8
0.1
1.424
0.1
0
1.224
1.224
0.5
0.2
0.2
1.224
0
0
1.224
0
1.224
1.224
0
0.3
0.2
0
0
2.448
0
0
1.324
1.524
1.224
1.424
0
2.448
2.648
0.1
0.3
2.448
0.1
0
0.1
1.224
0.3
0.1
0
1.224
0
1.224
0.4
1.224
0
2.448
0.2
1.224
1.224
1.224
1.224
1.324
1.424
0.1
0
1.224
0
1.324
0
0
0.1
1.224
2.748
1.324
1.324
0
0
0.1
0.1
0.1
1.224
1.524
0
0.1
0.1
0
1.224
1.324
1.224
1.324
0
1.224
0.1
1.224
1.224
1.324
2.448
0
2.448
0
0.2
1.224
0
2.448
0.1
0.1
1.224
0.2
1.324
0.3
0.3
1.324
0
0.5
0
1.324
0
0.4
1.424
2.648
1.324
0.4
1.424
0
1.224
0
1.224
1.224
0.1
0
0
0
0
0.2
0.2
1.224
0
1.224
2.448
0
1.624
0
0.2
0
0
1.224
1.324
0
0.2
1.624
1.424
0.1
0.1
2.024
0
0
1.224
2.448
0.1
0
1.224
1.224
0.1
1.424
1.224
0
0
0.2
1.224
0
0.1
0
2.848
1.424
0
0
1.324
0
0
0
0
0
0
0
1.224
1.324
1.324
0.1
0.2
1.224
1.424
0.1
0
0
0.1
0
2.024
0.2
0
1.224
1.224
0.1
1.324
0
1.324
0
1.224
0
2.448
0
1.324
1.424
1.324
1.224
0
0.1
0.2
1.624
2.448
0
0
1.224
1.224
0.4
0
1.224
1.224
0
0.2
1.224
0
0.3
1.324
0.1
0
1.224
1.224
1.224
0
0.1
0
0
0
0.1
1.424
2.448
0
0
0.5
0
0
0.4
0.1
0
1.624
0.3
2.648
1.224
0
0.3
0.1
0
2.448
2.448
1.224
1.224
0
1.524
0
1.224
1.224
0.1
0.2
0
0.3
2.448
0
0
1.224
0
0.4
1.224
0
0
1.224
0.2
0.1
0
1.224
0
0
2.448
0.4
1.324
0
0
0
0.1
0
0
0.1
0.2
1.224
0
0.1
1.224
1.224
1.224
2.748
0
0.1
0
1.324
2.448
0
0
0
0
0
0.1
0.3
1.224
1.224
1.224
0
1.224
1.224
0
0
0
2.448
0
0
1.224
1.624
0
1.224
1.224
0
1.224
0
1.324
1.224
0.1
1.224
0.1
2.448
0.1
1.324
0.3
0
1.224
1.224
0
0.1
0.2
0
1.424
0.1
1.524
0
0.2
0.2
0.2
0
1.224
3.972
1.224
0.1
0
0
0.1
0
0
0
1.224
1.224
0
2.448
1.224
0
0
0.1
0
0
0
0
0
0.2
0.6
0.3
1.224
0
1.224
1.224
1.224
0
0
1.224
0
2.648
0
0
0
0.1
0
1.224
2.748
1.424
0
0.1
0.1
1.224
1.524
2.448
1.224
2.748
0.2
0.2
0
0
1.324
1.224
1.224
1.224
0.1
0
2.448
0
1.224
0.1
1.224
0
0
1.224
2.448
0
1.224
0
1.224
0.2
0
0.6
0
0
0
1.224
0
0.1
1.224
1.224
1.924
0
1.324
0.2
0
0
0
0
0
1.324
1.324
1.224
0
0
0
0
3.348
1.224
1.224
0.1
0.2
1.224
2.448
0
0
0
0
1.224
0
0
0
0
1.224
0.3
0
0.1
0
1.224
1.224
0.1
0
1.224
2.648
0
2.548
0
0.1
1.324
1.224
0
1.224
1.224
1.224
0
2.548
1.224
2.448
0
0
0.3
0
1.524
0.3
0
0.1
0.2
0
0
0
0
2.448
0
0
0
0
0.1
1.224
1.424
1.424
0
0
0.1
0
2.548
0.2
0.1
0
0
0
1.324
2.748
1.324
1.224
0
1.224
0
1.524
1.224
0.3
0
0
0
0.3
0
1.424
1.324
0.1
0
1.324
2.448
0
0
1.324
1.224
0
0
0
1.224
2.448
0
0.2
1.224
1.224
0
1.224
2.448
0
0
1.424
1.324
1.724
1.224
1.424
0.1
1.324
0.4
2.448
2.448
1.224
1.724
0
0
1.324
0.2
0.1
0
0
0.1
0
0.1
1.424
0.1
0
1.324
0.1
0.3
1.224
0.1
0
0.1
0.3
0.1
1.224
1.224
0
0.1
0
0.2
0
0.1
0
0.1
0.1
0
1.224
0.7
0.1
0
1.324
1.224
1.424
1.424
0.5
1.224
0.3
0
0
0.1
1.324
2.648
0.4
0
0.1
0.1
0
0.2
4.572
0.1
0
0
1.224
0
0
1.324
1.224
0
0
1.224
0
0
0
0
1.524
0.2
0.1
1.324
0
1.424
1.324
1.224
0
0.2
0.3
0
0
0
0
1.224
2.448
1.224
0.1
1.224
0
0.2
1.224
0
1.324
0.1
0.3
2.448
0
0.2
0
1.224
1.224
0
2.448
1.224
0
0
0.3
1.324
1.324
0.3
1.624
0.1
0.3
1.224
0.5
0
1.324
1.224
1.724
1.224
1.224
1.224
0
0
1.624
1.224
1.324
0
1.224
0.2
0
0
0
0.3
1.224
2.124
0
0
0
1.324
1.224
2.548
1.224
0.1
1.324
1.224
1.324
2.448
1.324
0
0
0
4.148
1.224
1.224
0
0.4
0.1
2.524
0.1
1.224
2.424
1.224
1.224
0
0
0
0
0.1
2.448
1.224
0.1
1.324
0.3
2.448
0
1.224
1.324
0.1
0.1
1.224
2.448
0.1
1.224
1.424
1.224
1.224
0
2.448
1.324
2.548
1.324
1.324
1.224
2.448
0
1.224
1.424
1.324
3.672
0.2
0.3
0
2.448
1.224
0.2
2.548
3.672
1.424
2.548
2.448
4.792
2.648
2.448
3.672
3.672
3.672
1.224
1.224
2.448
1.224
0
1.224
0
2.424
1.424
0.2
1.724
1.724
1.624
