0.4
0.1
4.072
2.648
4.272
0.1
0
1.224
0
0
0
1.224
0.1
0.2
0.2
0
0.1
1.224
1.224
1.424
1.224
1.224
1.224
1.224
0
1.224
1.324
2.548
3.672
2.448
1.224
2.448
0.4
1.224
0.1
0
0
0
0
0.2
0
1.624
0
0
0
1.224
0.1
0.4
0
1.224
1.224
0
1.224
0
0
1.224
0.1
0.1
0
1.424
0.4
0
0
1.524
0
0
0
0
1.224
0.3
0.2
1.624
0.2
0
1.724
0.2
1.224
0.2
0
0
2.848
0
1.224
0
0
0
0
0
1.224
1.424
0
1.224
0
0
0
1.224
1.224
0
2.448
1.224
0.1
0.2
0
0
1.224
0.1
0
0.4
0.2
1.224
0.2
0
0.1
1.224
0
0
0.3
1.524
0
0
0.7
0
1.224
0.3
0
1.224
0.1
1.224
1.224
1.524
0
0
0
1.224
1.424
0.3
1.224
1.324
1.324
0.1
0
1.224
0
1.324
0
0
1.224
0
0
0.1
1.224
0
0
0
0
0.1
0
0.2
0.2
0
0.1
0
0
0
0.1
0
1.224
0
0
1.724
0
0.1
1.224
0.2
1.224
2.748
0
1.224
1.224
0
0
2.548
0
2.448
0.3
2.748
1.424
1.224
0
2.648
0.2
1.324
0
1.424
1.324
1.224
1.224
0
1.224
1.524
0
1.224
0
0.1
0.8
0
0.1
1.824
3.148
1.224
2.448
0.3
1.324
0.1
0
0.7
0.1
0.7
0
0
0
3.772
3.248
4.896
3.772
2.648
2.448
2.448
3.972
2.448
3.772
3.672
1.324
0
2.448
0
3.748
1.424
0
1.524
0
1.824
1.324
1.424
0
1.224
1.224
2.548
1.224
0.5
0
0
0
0
1.224
1.224
0
0
2.548
1.724
2.448
0
0
0.2
3.672
0
0.3
3.672
0
2.448
0
0.3
0
2.548
0.2
0.1
2.548
1.224
1.224
0
2.448
2.448
5.096
4.896
3.872
0
2.748
2.448
1.424
1.224
1.224
4.996
0
0.4
0
0
2.448
0
0
0
1.224
0
0.4
0
0
0
0.2
0.1
1.224
0
1.324
0
1.324
1.224
1.224
2.548
0
1.224
0
1.224
0
0
0.3
0.1
0.1
0
0
2.448
0
0
1.324
1.224
2.548
1.324
1.224
0
1.224
0
0.2
0
0
1.224
1.724
0
0
1.224
2.448
2.648
0.1
0
1.224
0.1
0.3
0.5
1.224
0.1
0
0
1.224
1.224
1.324
0
1.224
1.224
1.224
0
1.224
3.672
0
2.448
2.448
1.424
1.224
1.224
1.224
0
2.948
0
0.1
0.1
2.648
3.548
3.772
0
2.448
1.324
4.896
2.648
1.324
1.224
1.224
3.772
3.148
2.548
2.448
1.224
0
1.524
1.224
2.448
3.672
3.672
1.224
4.272
3.872
2.448
4.996
4.896
2.748
3.772
1.724
2.848
2.648
1.224
2.448
1.324
1.324
2.448
2.648
1.224
2.448
3.672
4.072
2.848
1.224
2.648
2.448
2.548
2.548
4.272
2.448
1.224
2.448
1.224
3.972
2.448
1.324
1.324
2.548
2.648
3.672
2.448
2.448
2.448
2.448
3.672
3.672
2.548
2.448
2.548
2.448
1.224
2.448
2.648
1.224
1.324
1.324
3.672
1.224
4.372
2.448
2.448
2.448
1.324
3.672
1.324
1.224
3.248
1.324
2.448
3.148
2.748
1.324
2.448
3.672
2.948
2.648
2.448
1.424
3.248
2.448
1.224
1.224
1.224
2.648
1.224
3.672
2.548
2.648
2.448
1.224
3.672
3.672
3.872
1.424
1.224
2.448
2.548
5.096
3.772
1.324
2.748
1.324
1.224
1.324
3.772
3.672
3.248
2.448
1.224
1.224
4.472
3.672
2.448
4.996
3.672
2.548
2.648
3.672
1.224
1.624
2.448
1.224
2.448
2.448
4.896
2.848
3.672
2.448
1.224
3.772
4.272
4.372
2.548
1.224
4.896
1.224
1.224
2.448
1.324
2.548
3.772
2.448
1.224
2.648
2.548
3.872
3.972
2.448
1.324
1.224
1.224
3.772
2.448
1.224
1.224
2.448
4.572
2.548
1.224
2.448
1.224
1.224
1.224
1.224
2.448
1.424
2.548
2.448
3.772
2.448
1.324
2.448
2.448
2.648
1.224
2.448
2.448
2.448
1.324
2.848
2.448
2.548
1.224
1.324
3.672
4.896
1.224
2.648
2.648
2.548
3.772
1.224
1.424
1.324
1.224
2.448
2.448
1.224
3.672
1.224
2.448
2.448
1.224
3.672
2.548
3.048
2.648
2.448
2.448
1.224
2.448
2.848
1.224
1.224
1.524
1.224
1.224
2.224
3.772
3.672
2.448
1.324
1.424
2.548
2.448
2.548
4.072
4.996
1.224
1.224
2.548
1.224
2.548
2.648
2.448
3.772
3.672
1.224
2.448
2.548
3.772
1.224
2.448
2.848
3.672
1.324
1.624
2.448
2.448
1.224
1.224
1.324
1.424
2.548
3.672
2.448
3.672
2.448
1.324
4.672
1.224
4.172
2.448
1.224
2.448
2.448
2.448
3.872
1.224
3.672
2.448
3.772
3.872
2.648
1.324
3.672
2.548
2.548
4.172
1.224
2.448
4.572
1.224
3.672
2.448
2.648
3.872
2.448
1.224
5.196
1.324
2.448
3.972
2.448
1.224
2.448
2.548
2.448
3.672
3.672
3.872
2.548
2.648
3.772
1.324
1.224
3.972
2.548
1.224
3.872
1.224
3.772
3.672
1.224
1.224
2.448
4.072
2.448
3.672
1.224
3.872
2.548
1.224
1.224
1.224
2.548
3.672
3.672
3.672
1.524
2.648
1.324
3.872
2.448
3.772
2.448
3.672
2.448
2.448
3.872
1.224
2.748
2.548
2.448
8.096
3.672
2.448
3.872
1.224
1.224
2.448
2.548
3.672
3.672
2.548
3.672
1.724
5.296
1.224
1.424
1.424
3.772
2.448
1.224
2.448
2.448
2.448
2.448
2.448
2.948
3.672
1.224
2.448
3.672
1.224
3.772
3.772
3.672
1.224
2.448
2.448
3.672
1.224
3.672
3.672
2.448
2.648
1.224
2.748
2.548
2.448
3.672
3.772
2.748
1.224
3.672
1.224
2.548
2.848
3.772
1.324
2.448
2.548
3.672
1.224
2.548
1.224
3.772
3.672
1.224
4.996
3.672
3.672
4.172
3.672
2.448
2.448
3.672
2.448
2.448
3.872
3.772
1.224
3.672
1.224
1.224
1.224
2.448
3.672
1.224
1.224
2.548
3.672
1.224
3.672
1.224
1.224
1.224
1.224
1.324
1.224
2.448
4.996
3.772
2.548
4.896
2.448
1.224
3.672
2.448
2.448
5.596
4.896
1.224
3.672
5.396
1.224
1.224
3.672
2.448
2.448
2.448
2.448
2.548
1.424
1.224
4.472
1.324
3.672
3.672
2.548
3.672
3.672
2.448
3.772
1.524
1.324
1.224
3.672
2.448
2.448
2.648
2.548
2.648
2.448
3.672
1.224
2.448
3.772
3.672
3.672
1.324
1.224
2.548
2.448
1.224
1.224
3.772
1.224
1.324
1.324
2.648
1.224
1.224
2.548
2.848
2.748
1.224
1.324
2.448
2.448
1.224
2.748
3.672
1.724
3.872
2.448
1.224
1.324
2.448
3.872
4.072
2.748
3.672
2.548
3.672
2.548
4.896
3.872
3.872
4.172
5.196
3.672
1.224
3.672
3.672
3.248
4.996
3.672
3.772
2.448
2.448
2.448
3.672
2.548
3.672
2.448
3.772
3.872
3.672
3.672
2.748
2.448
5.296
1.224
1.324
1.224
1.224
2.448
2.848
2.748
3.672
3.972
4.896
2.648
2.448
2.448
2.448
2.648
2.548
2.448
2.448
2.648
3.672
2.748
2.448
2.448
2.548
2.648
2.548
2.448
2.448
1.224
3.672
1.324
3.872
4.172
2.648
2.648
3.972
4.896
4.072
2.848
1.224
1.224
3.872
1.524
1.324
2.748
3.448
2.648
0.3
1.224
1.224
1.324
0
1.324
2.548
0
1.224
0
0.7
0
0.2
0.1
3.672
2.548
1.724
3.672
0
0
0
1.424
0
0.1
1.224
1.224
0
1.324
0
0
1.224
0
1.524
1.224
0
1.224
0
0
2.848
0
0
0
1.224
1.224
0
1.324
0.1
0.1
1.224
0
0.1
2.448
1.324
1.324
1.424
2.224
0
1.224
0.1
1.324
0.3
2.648
0
0
1.724
1.324
0
0.1
0
1.324
3.672
1.224
1.224
0.1
0
0.2
0
0.1
0.1
0
1.324
1.224
0.2
2.548
1.324
0.1
1.224
1.224
1.324
0
2.448
1.224
1.324
0
0.1
3.672
1.224
2.448
1.324
1.224
1.224
0.1
0
1.224
1.224
1.224
0
1.424
0
1.524
0
1.324
3.672
0
0
0
1.224
0
0.1
0.1
1.224
2.448
2.448
0
1.424
1.224
1.224
1.224
0
0.1
1.224
0
2.448
1.224
1.424
1.224
1.224
1.424
0.3
1.324
1.324
0
1.224
1.224
0
0.1
0
1.224
1.224
0
0
0
1.224
0
1.224
1.224
2.448
0
1.224
1.324
0
0.3
1.224
1.224
1.324
1.224
1.224
1.424
0
1.224
0.2
0
0
1.424
1.424
1.324
2.548
1.224
0.3
0.1
0
1.224
0.2
0
0.2
0.1
2.448
1.224
1.224
0
1.424
1.224
0
1.224
1.224
0
1.324
0.1
1.224
0.3
1.224
1.224
0.1
0
2.648
1.424
2.548
3.672
1.224
1.224
1.924
1.224
0
1.224
0
1.524
2.448
0.1
0
0
0.1
0.1
0
1.324
1.324
2.548
1.324
1.424
1.224
3.772
2.448
1.224
1.224
0
1.324
1.224
0
0
1.224
0
2.448
1.224
2.548
1.324
1.224
0
2.548
0.2
1.524
0.1
0
0
1.224
0.4
0.3
0
0
0.1
0
1.224
2.548
0.1
2.748
2.748
1.224
0.1
0
0
0.1
1.224
0
1.324
0
0.2
0.2
1.224
1.224
1.224
0
1.324
1.224
1.224
2.448
1.324
0
1.224
1.224
1.324
1.324
1.424
1.324
1.224
1.324
1.224
0
1.224
0
0
2.448
1.224
1.224
2.448
0
0
0
0.1
0
0
1.624
0.1
1.224
0.3
1.224
0
0
1.224
1.724
0
0
0
2.448
0
1.224
1.224
1.324
0
1.324
0
1.324
0
1.224
0.1
1.224
1.224
1.324
1.224
1.324
0.2
1.224
0
0
0
1.324
1.224
1.224
0.3
1.224
1.224
1.424
0
0
0
0
1.324
1.324
0
0.1
1.324
0.1
0
0.1
0
2.448
0
0
3.772
2.448
1.424
1.224
0
1.224
1.324
1.224
1.224
0
0.1
1.224
0.1
0
1.224
0
1.224
1.324
2.448
0
1.224
1.224
3.672
1.324
2.448
0
2.648
0
0.1
2.448
2.448
0
1.224
0
1.224
0
1.224
0
2.448
1.324
0.1
1.324
1.224
1.324
0
2.448
0
0.2
0
3.772
0
1.324
1.224
0.2
1.524
0.1
0
0
2.448
1.224
0.2
0
1.224
1.424
0
0
1.224
0
0
0
0.1
0
2.548
1.224
0
0
2.448
2.448
1.224
0
2.648
1.724
1.324
0.1
1.324
0
0
1.324
1.224
1.224
3.772
1.224
3.672
0
1.424
1.224
0.1
1.224
1.224
0.3
0
1.224
0.2
0
1.224
0
0
2.548
0.2
1.324
0
1.224
1.224
2.648
0
1.224
2.548
1.324
1.224
1.224
1.224
0
2.648
1.324
0
1.324
0
0
2.448
0
1.224
0
0
0.1
0.2
2.448
0
0.1
1.224
0
1.224
0
2.448
0.2
1.324
0
0
1.224
0
0
2.448
0
2.548
0
0
0
1.224
0.1
2.448
0.5
0
0
1.424
0
1.224
0
0
2.548
0
1.224
2.448
0
0
0
1.324
2.448
1.624
1.224
1.224
2.448
0
2.448
0.1
1.224
2.448
3.672
1.224
0
1.224
1.424
1.224
1.224
0.1
1.224
2.448
0
0
2.448
0
0
1.224
1.224
0.1
1.224
0.2
1.724
0
1.224
0.1
1.324
1.224
1.224
0
1.224
2.448
1.224
0
1.224
0.1
0
0
1.324
1.224
0
0.1
1.424
2.448
0
1.224
0
0.1
0
1.324
2.448
1.224
1.224
1.224
0
0
0.2
0.1
1.324
0
0
0
0.4
1.224
1.324
1.424
1.224
1.224
1.224
2.448
1.324
0
3.672
1.224
0
0
0
2.448
3.672
0
1.224
0
0
2.548
2.448
0.1
1.224
0
2.648
0.1
0.7
0
0.1
0
0.2
1.424
3.672
0
0
2.848
1.224
0
3.872
1.324
1.324
0
0.3
0
0
0
2.448
0.2
0.1
1.324
0
0.7
3.672
0
2.448
0
1.424
1.324
1.224
0
0
0
0
1.324
1.224
0
1.224
0.1
1.224
1.224
1.324
1.1
1.324
1.224
0
1.324
0.5
2.748
0.5
0
2.648
2.448
1.224
1.324
0
0.3
0.1
0
1.324
0.1
1.424
1.224
2.848
1.224
2.548
1.224
0
1.224
0
1.524
1.224
0
2.448
2.548
2.448
1.324
0
1.224
1.424
0.1
1.224
0
1.224
0.1
1.324
0
0
1.624
1.324
0
0
0
1.224
1.224
2.548
1.324
1.224
2.448
1.224
0.4
0
0
2.448
1.424
1.524
2.448
0
1.224
0.4
1.224
0.1
1.424
0
1.224
1.324
0.1
2.848
1.324
1.224
1.224
1.624
1.224
1.924
0
1.424
1.224
1.324
3.672
3.872
2.448
2.448
0
1.224
0
1.524
0
0
0.1
1.324
0.4
0
1.224
0
0.3
0
0.4
0
1.324
0
0
0
2.448
0
0
1.324
1.324
1.224
0
1.324
1.224
0
0
3.048
1.324
1.224
0
1.924
1.724
0.4
1.624
0
0.2
2.548
2.448
0.1
1.224
1.224
0
0.2
1.324
0
0
1.224
0.1
1.224
0.1
1.224
2.548
0.2
0.2
3.772
1.324
1.724
1.224
2.748
1.224
0
0
1.224
1.224
1.624
2.448
2.448
0
1.224
1.324
1.324
0
2.948
3.672
1.324
1.424
0
0
1.224
0
3.772
3.672
2.448
3.772
1.324
2.648
3.872
2.548
3.672
2.448
5.096
1.324
2.448
1.224
2.448
0
0
0.1
0.5
0
0.2
1.424
1.424
1.424
