2.924
0.2
6.172
2.848
4.072
0.1
0.2
1.224
1.424
0
1.624
1.224
0.3
1.3
0.8
0
0
1.224
1.224
1.224
1.324
1.724
1.224
1.224
1.724
1.324
1.624
2.648
3.672
2.548
1.224
2.448
3.924
2.548
0.4
2.024
1.324
1.424
0.4
2.424
1.224
3.824
0
0.1
0
1.224
0.6
0.5
2.624
3.048
1.324
0.1
4.448
0.1
0.2
1.424
1.524
0.2
1.424
3.324
2.5
1.2
0.2
2.424
0.9
1.524
0.2
0.2
1.924
2.2
2.424
3.548
1.624
1.724
5.024
2.224
1.224
0.6
0.1
1.224
4.048
0.2
1.224
0.2
0
0
0
0
1.224
2.624
1.524
1.524
0.2
0.1
0
2.748
2.748
1.324
2.448
1.324
0.2
1.5
1
1.224
1.224
1.424
1.224
2.5
0.3
2.648
2.324
0.1
1.224
1.224
0.3
0.2
1.424
1.524
1.324
1.324
4.1
0.1
1.224
2.424
0.2
2.548
1.624
1.524
1.424
2.524
1.524
0.1
0.5
1.424
1.624
1.8
1.924
1.424
2.224
2
1.224
1.324
0
2.824
0.1
0.1
1.324
0.4
1.824
0
1.224
1.224
1.424
1.424
2.924
2.424
0.2
0.5
2.824
0.2
1.524
0.4
1.324
0
0.6
0.3
1.224
1.424
0.3
5.524
1.424
2.624
1.224
1.324
1.324
3.848
0.1
1.224
1.224
2.624
2.524
6.648
0.2
2.548
1.3
3.748
2.824
1.424
0.4
2.448
0.7
2.948
2.224
2.724
1.324
2.024
1.424
1.524
2.448
1.624
1.624
1.224
0
0.3
4.124
0
1.324
2.748
3.148
2.648
2.548
2.024
1.824
0
1.224
4.2
1.224
1.5
0
0
0
3.772
4.848
5.096
3.672
2.848
2.448
2.448
5.172
3.672
4.372
3.672
1.324
0.1
2.548
0.1
7.448
1.524
0
1.824
0
2.624
1.924
1.224
0
1.424
1.224
2.448
1.324
0.9
0
0.2
0
0
1.224
1.224
0
1
2.748
1.824
2.448
1.224
1.324
0.7
3.772
1.224
0.8
3.672
1.324
2.448
1.224
1.824
1.224
2.548
1.9
0
2.448
1.324
2.548
1.324
2.448
2.448
6.496
4.896
4.072
1.224
2.548
2.548
1.424
1.224
1.224
4.896
0
1.4
0
0
2.448
0
0.1
1.324
1.324
1.324
0.4
0.7
0.2
0
0.8
1.724
1.324
1.624
1.724
0
1.324
1.224
1.224
2.448
1.224
1.324
0
1.224
1.424
0.2
1.724
1
0.4
1.324
0
2.448
0.1
0
2.124
1.224
2.448
1.724
1.424
0
1.324
0
3.124
1.224
0
2.448
3.624
0.5
1.924
1.724
3.972
2.548
0.6
1.324
2.848
1.724
2.7
4.4
1.224
0.1
1.224
0.3
1.224
3.548
2.948
0.1
2.448
2.448
1.224
0.1
1.324
4.996
0
2.448
2.448
1.424
1.324
1.224
1.324
0
3.348
0
0
0
2.548
3.448
3.672
0
2.448
1.824
4.996
4.572
2.848
1.224
1.224
4.896
5.548
2.448
3.148
1.324
0.2
2.848
2.448
2.448
3.672
3.972
2.448
4.072
3.772
3.672
4.996
4.996
3.248
3.672
3.124
3.848
3.772
1.224
2.648
1.324
2.648
2.448
2.648
1.224
2.648
3.772
4.272
2.948
2.648
2.648
2.448
3.672
3.548
3.972
2.548
2.848
2.448
1.724
4.572
2.848
2.548
3.248
2.648
3.772
3.672
2.748
2.448
3.772
2.648
3.772
3.672
2.448
2.948
2.648
2.648
1.324
2.448
3.148
1.224
2.548
1.624
3.772
1.224
4.772
2.748
2.448
2.548
2.524
3.972
1.424
1.524
5.048
2.624
2.448
4.348
5.572
1.224
4.272
4.272
3.248
2.648
2.448
1.724
3.148
2.548
1.224
2.448
1.724
2.748
1.224
3.672
3.872
2.748
2.448
2.448
3.672
3.972
3.972
1.424
1.324
2.448
2.548
10.596
3.672
1.224
3.048
1.724
2.548
1.324
3.672
3.772
3.348
2.448
1.224
2.548
4.372
3.872
2.448
4.896
3.772
2.548
3.772
3.672
1.224
2.924
2.448
2.448
2.448
2.448
5.696
3.348
3.772
2.548
2.448
3.672
4.472
5.072
3.672
1.424
5.596
2.448
2.848
2.648
3.148
2.848
3.772
2.948
2.748
2.648
2.748
5.972
4.672
2.648
2.548
2.548
1.424
3.772
2.648
2.448
1.324
2.448
4.172
2.448
1.324
2.448
2.648
1.324
1.224
1.424
3.772
3.348
3.248
3.972
4.996
2.448
1.224
2.448
2.448
2.448
1.224
2.448
2.448
2.448
4.248
3.048
2.448
2.548
1.224
1.524
3.972
4.896
2.548
2.548
2.648
2.648
3.772
1.224
2.224
1.224
2.448
2.648
2.848
1.424
3.672
2.448
2.548
2.748
1.224
3.772
2.448
3.148
2.548
2.548
2.448
2.448
2.448
3.848
1.324
1.224
2.324
1.224
1.324
4.548
3.972
4.896
2.448
1.324
1.524
2.748
2.448
2.748
4.272
10.12
1.224
1.224
2.648
2.748
2.648
2.548
2.448
3.872
3.672
1.324
2.448
2.748
4.272
2.448
2.448
5.448
4.896
2.548
2.024
2.448
2.848
1.224
2.448
2.748
1.824
2.948
3.672
3.148
3.772
2.448
1.224
5.672
1.324
5.796
2.448
1.324
2.448
2.448
2.548
4.896
2.448
3.672
2.548
3.672
3.872
2.848
1.224
3.672
3.048
4.472
4.372
2.548
3.672
4.772
2.448
3.972
2.448
2.448
4.272
2.548
1.424
5.296
1.324
2.448
3.772
2.448
1.424
2.448
2.648
2.448
3.672
3.672
5.096
2.748
3.148
3.772
1.624
1.524
4.472
3.148
2.448
3.672
2.448
3.672
3.772
1.224
2.448
2.448
4.172
2.448
3.672
1.224
3.972
2.748
1.224
2.548
2.548
2.448
3.672
3.772
3.672
3.224
2.648
1.524
3.972
2.548
3.972
2.548
3.672
5.948
2.448
5.096
1.524
3.548
2.748
2.648
5.296
3.872
2.648
5.096
1.224
2.748
2.748
2.848
3.672
3.772
2.548
3.772
3.324
24.22
1.724
1.424
1.624
4.172
2.448
2.448
2.548
2.648
2.448
2.848
2.548
3.448
4.996
2.448
2.448
3.672
2.448
3.672
3.972
3.672
1.224
3.672
3.772
4.172
2.748
3.672
3.772
2.648
3.548
2.448
3.148
3.048
3.148
3.872
3.672
2.748
1.524
4.896
1.224
2.648
3.648
4.072
2.548
2.548
2.648
3.672
1.224
2.848
2.448
4.672
3.772
2.448
6.096
3.672
3.672
3.972
3.672
2.448
2.648
3.672
3.148
2.448
4.372
3.772
1.324
3.672
1.424
1.324
2.448
3.772
5.096
1.224
1.224
2.948
3.672
2.448
3.772
1.224
2.548
1.324
2.448
1.424
1.224
2.448
5.796
3.772
2.548
4.896
2.548
2.448
3.772
2.648
2.448
5.696
4.996
1.224
4.996
7.596
1.424
1.324
3.672
2.548
4.072
2.848
2.648
3.048
3.648
2.448
5.672
1.224
4.996
3.672
3.672
3.772
3.872
2.448
4.072
3.948
2.548
1.324
3.672
2.448
2.648
2.648
2.448
2.748
3.772
3.772
2.648
2.448
4.896
4.172
3.672
1.624
1.324
2.548
2.448
1.224
1.324
3.672
2.648
2.548
1.224
2.648
1.224
1.324
3.448
2.948
2.448
2.448
1.624
2.448
3.672
1.224
5.572
3.772
3.148
4.272
2.448
1.324
2.748
2.448
4.272
5.672
2.648
3.672
2.548
3.672
3.972
4.896
7.296
3.772
6.472
5.396
4.172
1.524
3.872
3.672
3.548
4.996
4.072
3.672
2.448
2.448
2.448
4.172
2.548
3.972
2.448
4.272
4.272
3.672
4.072
4.148
2.448
6.096
1.224
1.524
2.448
2.448
2.448
3.048
3.748
3.772
3.972
4.896
3.248
2.548
2.448
2.548
2.648
2.848
2.448
2.948
2.948
3.672
6.372
3.048
2.448
2.548
2.548
2.448
2.548
2.448
1.224
3.772
1.224
3.872
4.672
2.548
2.548
4.272
5.096
4.472
2.948
2.448
2.548
4.172
1.624
1.224
2.648
4.848
3.348
0.6
2.448
1.224
1.224
0.2
2.024
2.548
0
1.224
0
1.2
0
2.1
0.3
4.896
2.448
1.924
3.772
0.2
0
0.1
1.524
1.224
0.9
1.324
1.224
1.224
1.424
1.224
1.324
1.224
1.224
2.324
1.524
2.624
2.848
1.224
0
3.048
0.1
0
0
1.324
1.224
1.224
1.824
0.5
0.5
1.224
1.224
0.1
2.448
1.224
1.324
1.424
8.224
0.1
1.324
1.824
1.224
2.2
2.448
0.1
0.1
4.948
2.748
0.2
0.2
1.224
1.224
3.672
5.048
3.448
2.624
0.5
1.724
1.324
0.1
1.524
0.3
1.424
1.424
3.624
2.648
2.524
0.3
3.348
2.548
1.224
1.5
3.948
1.424
1.524
0
0.2
4.372
3.848
5.972
1.224
1.324
2.548
1.724
1.324
4.624
1.924
1.924
0
1.824
0
3.124
0.2
1.224
3.672
1.824
0.4
0.1
1.424
0.2
0.1
0.9
5.448
3.672
2.548
0
3.424
1.524
2.848
1.624
0.1
0.2
1.824
3.224
2.448
1.224
2.224
1.624
1.324
1.824
0.6
1.424
4.648
1.724
1.324
1.224
1.524
1.924
1.324
1.524
1.424
0.3
0
0.3
1.624
1.224
1.224
1.324
2.448
2.624
1.424
2.548
0.2
2.224
1.324
1.624
1.524
2.548
1.724
3.024
1.724
1.224
3.9
1.224
1.224
1.724
5.048
2.324
3.348
1.924
2.1
1.724
0
1.224
0.2
0
1.924
1.624
2.548
1.224
2.748
1.224
2.324
1.324
0
2.548
1.224
1.224
1.424
0.9
1.224
2.924
1.324
2.224
0.5
0.7
6.772
1.824
5.748
5.796
1.424
2.548
4.724
1.224
1.324
1.524
0.2
2.124
2.448
0.1
0.5
1.924
3.324
1.624
1.424
1.524
4.148
2.748
1.624
4.224
1.224
4.872
3.448
1.224
1.224
0.2
2.448
1.224
1.424
1.224
1.324
0.2
2.448
1.224
2.548
3.024
1.224
2.524
4.572
1.924
3.948
0.6
0
0.1
1.224
2.4
1.3
1.224
0
0.6
0
1.324
2.648
0.7
3.848
3.848
2.448
0.6
1.624
1.824
2.324
2.948
0
3.448
1.424
1.7
1.8
1.224
3.548
1.224
0
1.424
6.348
1.224
2.448
1.624
1.524
1.524
1.424
1.224
3.524
3.648
4.324
2.648
1.224
2.748
0.3
1.224
1.724
0
2.648
1.224
1.324
3.048
0.1
1.624
1.324
3.324
1.224
1.424
4.348
1.5
2.448
1.4
1.424
0.1
0
1.224
6.048
0.4
1.224
1.224
2.648
0.4
1.224
1.224
2.624
1.524
1.624
1.324
1.624
1.524
1.224
1.924
1.224
1.424
1.324
1.224
2.924
5.124
2.124
1.724
1.324
0.4
5.248
4.048
1.324
0.7
1.224
2.548
1.524
1.624
1
0
1.524
2.648
1.424
1.224
0.2
3.148
2.524
0.1
0
0.1
2.548
0
0
4.272
2.748
1.524
1.324
1.424
1.224
1.224
1.224
2.524
0.2
2.424
1.424
2.524
0.2
1.224
0.1
1.324
2.448
2.548
1.424
1.224
1.224
3.872
2.448
2.448
1.424
7.572
0.3
0.2
3.248
4.372
0.7
2.848
0.3
1.224
3.124
1.424
0.2
2.448
1.524
1.424
1.824
5.248
5.248
1.224
4.672
1.924
4.124
0.1
7.496
1.424
1.524
1.224
4.024
3.024
5.224
0.1
1.324
2.848
1.424
2.424
1.224
1.224
2.324
1.424
0.3
1.424
0
0.4
0.1
1.724
0
2.748
2.848
1.724
1.224
3.772
3.772
1.224
1.324
7.072
5.248
5.324
1
3.448
0
0
2.724
2.324
2.424
4.072
1.624
3.972
0
1.824
3.048
0.3
2.548
1.324
2
0.2
2.548
0.6
2.024
1.324
1.6
0.7
2.848
3.124
2.224
2.024
1.224
1.324
4.872
0
1.424
3.948
4.148
1.424
1.224
1.224
1.324
3.848
1.424
0
1.924
1.824
0.4
3.672
0.1
2.448
0.1
1.524
1.4
1.5
2.748
1.324
1.324
1.224
0
1.424
0.1
2.448
3.624
3.548
0.3
1.224
1.624
1.324
1.524
2.448
1.224
3.148
0.5
0.5
0
1.424
1.324
2.448
2
1.324
0
2.424
1.6
1.324
1.224
2.124
2.548
1.224
1.224
2.448
0.3
1.224
1.224
1.224
3.048
5.648
1.324
2.648
2.548
0
2.548
1.724
1.224
2.648
4.672
1.224
0
2.448
3.848
1.724
1.424
1.224
1.224
3.348
0
1.324
2.548
0.3
1.424
1.224
1.524
2.024
1.224
3.824
4.124
1.924
4.648
0.3
1.224
1.324
2.748
0.2
1.324
2.448
2.448
0
1.324
0.4
0.1
1.3
3.424
2.648
1.324
3.724
2.024
3.748
2.324
1.224
0
1.324
0.3
2.824
4.872
2.024
1.824
1.224
0
1.524
2.524
1.224
2.924
1.424
1.224
1.424
1.824
3.748
3.324
5.148
1.624
4.748
3.124
2.448
2.548
0
6.396
1.324
0
1.924
1.224
2.548
3.672
1.224
1.724
0.1
0
2.548
2.548
0.1
1.324
1.224
2.648
1.724
5.624
0.2
0.6
0.1
0.5
4.124
3.772
0.3
0
4.948
1.324
0
3.972
2.824
2.648
2.124
0.2
2.324
0.3
0.3
5.872
2.824
0.5
1.824
0.3
3.424
3.972
1.224
2.748
0.1
2.024
2.948
1.524
0.6
1.924
0.1
0
1.724
2.548
1.424
1.324
3.024
2.924
2.548
1.224
4.5
2.648
2.548
1.924
1.224
2
5.548
2.3
1.224
5.772
2.548
1.224
2.324
1.624
1
2.324
0.6
2.524
0.2
3.148
2.624
4.448
2.548
2.848
1.324
0
3.848
1.224
5.248
1.324
2.124
2.448
3.748
2.748
2.824
1.224
1.924
3.024
3.124
2.024
0.3
1.424
0.4
1.924
1.224
1.424
7.248
2.324
1.224
1.324
1.324
2.448
2.848
2.748
7.048
2.648
3.048
3.148
2.924
1.224
1.224
2.448
3.548
3.624
2.448
1.624
3.248
2.824
1.224
1.824
1.624
2.024
1.524
1.724
1.224
5.948
4.124
2.024
3.948
3.224
2.124
3.124
0.1
3.524
1.224
3.724
3.772
7.996
2.448
2.648
0.1
1.224
0
1.924
0
1.624
1.424
1.224
1.824
1.324
2.448
1.324
2.624
0
3.6
0.4
2.648
1.224
0
0
2.448
1.224
0.2
1.724
1.524
1.324
0
1.324
2.548
0.1
1.224
5.248
1.424
1.224
0
2.124
2.024
3.624
2.524
1.224
3.224
3.148
2.748
1.324
1.324
1.224
0.2
0.4
1.224
1.224
0
1.224
2.024
1.224
0.1
1.324
2.948
0.3
0.2
3.772
1.624
1.624
1.224
2.448
1.424
0.1
1.324
1.324
2.548
2.324
2.448
2.648
1.324
1.224
1.224
1.224
0.2
3.948
4.896
2.748
3.048
1.524
0
1.224
0.4
3.972
3.672
2.648
4.172
2.548
4.172
3.972
2.648
3.672
2.448
5.296
1.324
2.448
1.224
2.448
1.224
0
0.6
6.724
1.724
1.724
3.948
2.524
3.748
