4.56
0.8
5.724
1.4
2.024
2.236
0.2
0
0.3
0
0.6
1.324
0.6
2.8
2.8
0
0.1
0
0
0.3
3.36
3.76
0
0
0.4
0.2
2.024
0.5
1.324
0.2
0.2
1.224
6.3
0.1
2.336
4.036
1.936
2.136
2.336
2.536
2.036
11.82
1.836
2.236
2.436
3.06
4.36
2.536
2.436
3.86
3.16
2.036
4.76
2.036
2.036
2.036
2.436
2.036
2.036
5.46
7.836
3.036
2.136
5.036
7.796
3.336
1.836
2.036
3.66
7.636
3.436
5.16
2.436
3.972
31.32
4.736
1.836
2.436
2.036
1.936
5.76
1.836
3.26
2.336
2.036
1.936
1.836
1.836
1.836
5.936
2.236
2.336
3.46
1.836
1.836
4.26
3.66
1.936
2.236
2.036
2.236
4.536
3.936
1.936
3.06
1.936
3.06
5.536
1.936
2.436
4.06
3.06
1.936
3.26
2.036
4.972
3.36
2.136
1.936
1.936
11.536
2.236
2.036
3.936
2.236
1.836
2.236
3.26
1.936
4.76
4.46
2.336
2.436
2.136
7.42
3.736
3.86
3.46
3.96
5.36
2.036
2.336
1.836
4.26
1.836
2.136
3.86
2.536
2.336
1.936
3.16
2.136
2.336
3.16
4.636
3.136
3.96
2.436
5.76
2.336
2.136
2.236
1.836
3.06
4.26
2.336
2.136
2.136
3.46
10.936
2.136
4.436
4.484
2.136
4.684
5.06
2.236
2.036
5.396
2.836
2.836
4.26
2.436
3.26
5.26
5.06
5.16
3.26
2.036
3.26
3.036
3.86
2.436
5.06
3.56
3.46
3.16
3.46
0
1.4
2.936
0
1.224
0.7
4.4
0
0
2.324
1.824
0.6
1.224
0.8
1.6
0
1.836
9.424
0
6.86
0
1.936
0
1.324
4.424
1.524
1.424
2.024
1.224
1.324
2.624
1.224
1.924
1.224
1.524
1.836
1.324
0.1
8.824
3.26
3.06
2.024
1.836
3.624
3.86
0.3
1.424
0
1.324
0
1.224
3.7
0
0.5
0.1
0
0.2
1.324
1.836
1.8
1.924
2.124
1.524
0
0.4
1.1
1.224
0
2
1.224
0
1.224
0
0.8
0
1.524
3.7
0.1
1.424
1.936
2.548
1.224
1.224
0
1.924
1.224
1.824
0
1.324
1.424
1.624
3.26
3.06
1.224
0
5.3
0
1.224
0.1
1.724
0.5
1.324
0.6
1.724
0.6
1
0.2
0
1.4
1.5
0.2
1
0.3
0
1.424
0
0
1.524
0
2.748
0
3.048
1.224
0.7
2.524
2.824
2
0.3
0.1
0.2
0.1
0
3.9
0.6
0.2
3.96
3.26
0
0.1
0.1
5.224
0
1.324
1.224
5.4
1.824
2
2.724
1.824
1.724
3.624
1.624
3.048
1.924
5.3
9.624
0.3
1.936
0
3.36
0.2
3.124
1.724
0.2
1.324
1.224
1.324
0.4
0
1.324
1.836
1.224
1.224
1.324
0.2
1.324
0
0.1
3
0
0.1
0.2
1.624
4.024
0
0
0
0.7
1.224
2.524
0.3
0
0.1
1.324
5.5
0
1
1.224
1.936
0.6
0
0
1.324
3.56
0
2.524
1.224
3.06
1.424
1.224
2.624
1.324
4.1
2.424
0.4
2.036
0.5
0.5
0.9
0.1
1.624
0.4
3.16
3.36
1.924
1.5
1.624
1.624
2.136
1.224
2.924
2.024
0.2
2.224
1.524
0.3
2.424
0.9
0
3.624
1.624
1.524
1.324
3.76
0
1.724
0.3
3.26
0
1.224
2.224
3.16
0.3
1.836
0.1
2.424
0.1
0.1
2.736
0
1.324
3.124
1.724
1.224
1.524
1.7
1.424
0.2
0.6
7.624
5.86
0.1
3.324
5.3
0.1
0.7
2.524
2.224
2
1.836
0.8
0.6
1.524
0
0
0.3
0.4
0
1.224
1.1
0.5
1.224
0.2
0
3.56
1.624
0.3
1.936
0
1.324
2.324
1.224
2.136
1.624
1.2
1.324
0.1
1.324
3.16
2.2
0
0
0
1.824
1.224
3.06
1.224
1.824
1.936
1.224
1.224
0
6.124
1.224
0
1.224
0
2.224
3.824
1.224
1.836
0
1.424
2.724
3.224
1.224
0.2
1.524
1.224
0.6
1.324
1.2
1
1.324
0.3
0.1
0.1
1.524
2.624
3.96
1.424
0
0
0.7
1.424
1.724
0.2
2.236
1.224
2.424
1.324
0.1
1.2
0.1
0
0
2.424
3.06
2.536
2.324
3.76
1.524
1.224
0.2
1.224
0.2
1.424
1.936
0
1.224
1.224
4
1.924
0
1.424
0.1
0.1
3.26
1.224
0
0.2
1.524
1.424
1.224
3.16
1.3
0
0
1.324
1.424
2.136
1.224
0
0.2
0.1
0
1.324
0.1
4.26
1.624
0
0
0.1
0.1
2.924
2.136
0
1.7
0.1
0.1
4.8
1.824
1.324
0.4
0.4
0.9
1.424
0
0.6
1.724
2.124
0.1
0.1
1.324
0.3
3.46
1.624
0.2
3.26
0.4
0
1.224
0.5
1.424
1.836
0
3.248
0.1
1.324
1.2
0
1.624
1.224
0
0.1
0.8
1.924
1.224
3.46
1.424
0
0.3
4.124
0.1
2.024
3.16
2.136
1.224
0
0.1
1.724
0
1.224
1.224
1.624
1.624
2.124
0.2
1.224
2.124
1.924
2.324
0.2
0.5
3.736
0
1.324
0
1.324
2.124
1.424
0.9
1.924
2.036
0
0
1.424
0.4
0.1
0.5
1.224
1.224
1.224
1.524
0.2
1
2.548
2.836
0.2
1.924
3.56
0.1
1.424
0
1.424
0.3
0
1.624
0.1
1.724
1.424
0
0.3
1.724
1.724
0.1
0.1
0.1
1.936
0
1.424
0.3
8.16
1.324
0.4
1.424
0.1
3.26
1.224
3.06
2.324
0.7
3.248
0.2
2.524
1.724
1.324
1.724
1.424
1.224
1.524
0
0.4
1.524
1
1.224
1.324
1.324
1.224
7
5.024
0.4
1.724
0.9
1.424
1.224
0.1
1.324
3.16
0.1
3.36
2.036
3.024
2.024
0
0
0
0
1.224
1.424
1.324
0
1.424
1.424
1.724
0.1
0
3.16
1.324
1
0
1.9
2.2
3.76
1.724
0
1.3
0.1
2.748
1.836
1.2
4.6
3.26
1.324
3.06
1.224
1.224
1.836
2.324
0
1.824
1.324
1.224
3.248
1.224
1.224
1.824
0
0
1.424
1.224
1.724
0.1
3.26
1.224
1.936
3.06
0.1
0.1
1.224
0
1.424
0
0.2
1.524
3.26
0.2
3.26
0.1
0
0.1
0
0
0.2
0.1
1.824
1.424
1.324
1.324
0.2
1.836
0.3
1.424
0
1.924
1.524
0
1.324
3.124
1.424
0.3
1.324
1.324
3.46
1.624
0.2
2.324
1.2
1.324
3.124
1.324
2.648
2.448
0.1
1.224
3.16
1.324
3.024
3.3
0.2
0.3
3.26
0
1.324
1.324
1.936
1.524
1.424
0.1
2.524
0.2
1.224
2.124
1.224
0.6
0.1
0.4
0
0
0
1.524
0.2
0.1
0.1
0.2
0.1
0.2
2.2
1.824
1.524
0
0.4
0
1.224
0
2.524
1.224
1.1
5.184
3.26
2.436
2.336
0.1
2.624
3.824
1.724
1.224
0
1.224
3.66
1.324
7.048
0.2
3.824
1.924
1.924
0.6
1.724
1.224
1.6
1.524
1.524
1.524
3.06
3.16
3.06
1.724
1.224
1.524
1.224
1.624
1.824
1.224
2.024
4
0
1.924
0
0.2
1.224
0.1
0.4
0.7
4.36
1.624
3.96
1.224
1.9
0.1
0
3.16
1.324
3.66
1.936
3.436
2.636
1.224
2.424
4.784
3.16
3.76
3.36
0.7
3.06
1.224
1.224
1.424
0.1
1.424
2.724
1.324
1.624
1.724
1.624
2.524
1.524
0
0
2.524
0.7
0
1.724
4.524
2.124
3.736
1.324
0
1.224
0.6
2.024
1.524
0.1
3.06
0
3.9
1.836
4.624
2.436
1.424
1.424
3.124
1.224
1.9
0.4
4.06
1.824
0.3
2.3
2.024
0
0.1
1.424
0
0
0.2
0
5.4
1.424
0.9
1.424
1.324
1.324
2.624
0
0
0
1.324
1.224
0.1
1.8
2.124
1
1.424
0.1
0.4
0
1.224
1.424
1.724
11.524
1.424
1.424
1.824
1.324
3.5
0.2
0.1
1.424
4.124
1.424
0.7
0.1
1.836
1.524
1.224
3.924
1.624
2.5
1.424
0.7
1.836
0.1
0.4
0.6
0.3
1.224
2
1.424
2.424
0.1
3.148
1.424
1.324
1.1
3.224
1.724
1.524
0.2
1.724
1.824
1.824
1.924
0.1
1.224
1.524
0.2
3.16
4.924
2.024
1.624
0
2.224
1.224
3.324
0.9
1.424
1.224
0.3
2.536
0.1
0.2
1.524
1.624
2.9
2.324
1.224
1.324
0
4.024
1.224
1.624
1.224
0.1
1.424
1.624
3.024
3.36
1.224
3.424
1.724
1.424
2.024
1.6
1.324
1.724
0.6
1.224
0
1.624
1.3
0.3
1.524
4.884
0.2
0
1.424
1.424
1.224
1.424
0.3
1.224
0.8
0
1.224
1.624
1.2
1.624
0.4
1.724
2.748
2.024
3.224
4.124
1.224
3.6
0
1.224
1.724
3.524
1.924
1
1.424
4.5
0.8
0.1
0.2
0.6
1.524
2.024
1.4
1.324
1.224
1.324
0
2.424
1.624
0.2
1.524
1.224
1.224
1.524
3.624
1.324
2.8
0.2
2.024
0.4
1.1
1.924
2.124
2.424
1.724
1.624
1.324
8.6
1.324
0
3.348
1.324
1.724
1.224
0.4
0.8
0.6
3.024
0.4
0.1
1.524
2.324
2.648
1.624
3.424
0
2.624
0.9
1.224
1.224
1.624
3.36
1.224
0.2
0
3.56
0.7
1.224
1.424
1.524
2.224
1.924
2.3
1.924
1.3
2.124
1
0
0.4
1.324
7.2
1.8
0.1
0.2
2.436
0.1
1.324
2.124
0.4
2.124
2.524
0.1
1.524
0.2
0.5
0.6
2.748
0.1
1.824
0.4
3.236
4.5
0
1.824
1.424
0.2
2.748
2.524
1.224
1.324
1.624
0.1
1.424
1.324
1.424
3.124
1.724
2.624
1.624
4.584
1.924
0.1
1.224
2.236
0.1
1.424
1.224
1.524
1.5
1.324
0.8
0
1.5
0
0.6
3.024
1.6
1.624
1.4
1.424
5.26
0
1.224
4.424
0.7
0
1.324
2.548
0.2
1.424
1.324
2.424
0.5
1.724
0
1.524
0.8
1.224
2.1
0
1.424
1.224
1.424
1.724
2.9
1.724
0.9
0.1
0.1
2.524
1.424
1.324
1.1
1.424
3.16
0.5
0.9
0.9
0
0.3
3.46
1.924
0.2
0.6
1.824
1
0.1
0.3
0.2
1.424
1.324
0
2.024
1.424
2.324
1.324
2.024
0.1
1.324
1.524
2.024
2.536
0.8
1.224
1.8
0.3
1.224
0.1
1.624
0.4
1.324
0.1
1.224
1.424
1.224
1.324
1.224
0.2
2.724
0.4
0.6
2.124
1.324
0.5
1.424
0.3
0.2
1.6
0.4
2.436
0
2.024
1.724
4.86
2.124
3.148
0
1.424
0.4
1.8
0.1
2.324
2.736
1.924
1.224
2.2
3.024
3.8
0.4
1.524
3.248
1.324
1.5
0.1
1.224
3.124
0.2
0.4
1.324
1.836
1.624
0.5
1.524
1.224
2.024
1.624
0.3
0
1.224
1.324
1.424
2.336
2.324
7.424
3.024
0.7
2.524
1.424
0.1
2.524
1.4
0.8
1.524
1.924
1.524
0
3.66
2.024
0.5
1.424
0
4.724
1.424
1.224
2.936
0.2
1.724
2.7
2.924
1.724
3.024
2.224
0.8
1.424
1.224
3.424
0.1
1.324
2.924
1.724
1.424
0.3
1.324
0
3.024
4.784
1.936
1.524
0.2
1.524
1.224
0.2
1.224
0
0.3
2
2.5
1.224
0
0.4
2.448
0.1
1.424
0
1.324
5.024
1.624
0.3
0.3
1.524
0.1
0.2
1.524
0
1.724
0.2
0.2
0.1
0.1
0.1
1.224
8.024
1.324
0
2.524
2.6
1.524
1.224
0.8
1.824
0.6
1.224
1.324
0.5
0.1
0
0
2.024
6.96
1.224
0.2
1.324
0
1.324
0.6
1.524
1.524
1.924
1.224
1.624
1.424
2.724
1.724
0
0.1
1.424
2.124
1.224
0.3
0.1
0
1.724
1.224
1.824
1.1
1.224
1.7
4.924
1
1.624
0.5
3.26
1.424
0.5
0.2
4.684
1.424
1.324
0.1
1.324
0.9
0.2
1.5
2.524
3.26
0
2
2.524
2.024
1.5
1.224
0
0
0.3
2.224
2.224
2.024
2.224
1.324
1.224
0.2
2.224
1.324
2.424
0.1
0
0.4
0.7
1.824
3.024
4.748
1.224
2.024
1.624
1.224
1.424
0.1
2.024
0
0
0.4
0
1.324
1.224
0.1
1.924
0.2
0
1.424
1.224
1.224
1.224
0.1
1.824
0.2
4.6
0.7
1.7
0.6
1.2
5.624
1.324
1.324
0
4.324
1.524
0.3
1.424
2.524
3.26
0.5
2.236
0.3
0.5
0.6
2.524
1.6
1
0.9
0.2
2.9
1.624
0.2
1.424
0.3
2.324
3.76
2.948
0.6
2.136
0.2
0
1.724
1.324
0
1.524
1.1
2.524
1.424
4.684
6.8
1.524
1.524
1.624
0.4
1.8
4.2
3
1.224
4.46
1.424
0
2.324
0.2
2.824
1.7
0.6
2.524
2.336
1.524
2.124
8.348
1.424
1.824
1.224
1.836
2.424
0
3.548
2.448
0.2
1.224
2.024
1.324
2.324
0
1.724
3.124
1.2
1.724
0.6
1.324
2.2
1.924
3.06
0.1
3.224
2.624
0.2
0.7
0.5
1.224
1.724
2.948
3.624
1.524
1.724
4.06
3.4
3.16
0.1
1.424
2.224
3.524
0.1
0.4
2.324
3.4
0
1.324
1.424
1.924
0
1.224
0.1
3.524
2.624
1.524
2.124
2.024
4.06
4.86
3.16
5.36
1.936
6.096
1.524
2.624
1.224
1.424
0.1
3.16
0
5.784
1.836
0.2
0.3
0.8
2
0.3
1.224
0.6
4.4
0
9.124
0.5
1.624
0
0.1
0
0.1
1.324
2.136
0.8
2.648
0.6
1.224
0
1.724
2.136
0
10.936
0.1
1.224
1.836
4.024
2.624
7.2
3.424
0
6.624
1.724
3.16
0.2
1.224
1.224
0.3
0.5
0.2
2.136
2.136
0
0.6
0
2.236
2.036
1.424
1
1
1.324
0.7
2.024
0
0.4
0.2
0.2
0
1.324
1.224
2.2
1.324
1.324
1.424
0
1.224
2.548
2.024
3.924
1.324
2.224
2.824
0
1.224
1.224
0.3
1.324
1.224
1.824
1.624
1.724
2.624
1.724
1.624
1.224
0
1.224
0.2
1.224
1.836
1.224
0
0.2
0.6
11.924
1.924
0.4
2
4.6
2.1
