0.4
1.324
2.324
2.548
2.748
0.3
1.524
1.224
0.2
1.224
1.824
0.1
1.424
1.924
2.124
1.324
1.224
1.224
1.224
1.424
0.1
0.1
0.1
1.224
1.324
1.324
1.424
1.224
2.448
1.224
1.224
1.224
0.6
0
1.424
0
0.1
0
0.1
0.2
0.1
1
0
0
0
0
0
1.624
0.2
0
0
0
0.3
1.224
0
0.1
1.224
1.324
0
0.3
1.624
1.424
0.1
2.024
0.2
0.2
1.324
1.524
0
1.824
0.1
1.624
1.424
0.1
0.9
1.424
1.224
1.324
1.224
0
0.2
1.224
0
1.224
0
1.224
1.224
0
0
3.148
0
0
1.224
1.224
1.224
0.2
0.1
1.224
1.624
1.224
0
1.224
1.424
0
0
0
0
0.3
1.224
0
1.624
1.224
0
1.224
0
0
0.1
1.424
0
0
2.724
0
1.324
1.524
1.224
0
0
0.1
0
1.324
0.2
0.1
1.224
0.1
0
0.4
0.1
1.324
0.2
0.1
1.324
2.448
1.224
0.2
1.224
1.224
0
1.224
0
1.224
0
0.1
0
0.1
0.4
0.3
1.524
0.1
0.6
0.1
0
1.324
0
1.224
0.1
1.324
0
1.224
0
3.124
1.224
1.424
1.224
0
1.324
0.2
1.224
1.224
0
0.3
0
1.324
1.224
1.324
0.1
1.524
0.3
1.324
1.224
1.224
1.524
0.2
0.2
1.624
1.324
0
0.1
0
1.224
0.1
1.224
0.1
0
1.424
0.6
1.224
0
0.1
0.1
0
0
0.1
2.224
1.224
0
2.124
0
3.448
0
1.224
1.224
0
1.424
1.324
1.224
1.424
1.224
1.224
1.424
2.548
2.548
2.448
1.324
0
0
0
2.424
0.1
0
0.2
0
0.2
0.1
1.224
1.224
0.1
2.448
1.224
0
2.624
0
1.224
1.224
1.224
0
0
1.224
1.324
1.324
0.1
0.1
1.224
1.524
0
0
1.224
1.624
0.1
0
0
0
0.1
0
0
1.424
0
0
1.224
1.424
1.224
2.448
2.548
2.648
2.448
2.648
0.3
0
0
1.224
0
0
1.224
1.224
1.224
1.224
0
0
0
1.224
0
1.424
1.224
0
1.624
1.424
1.224
1.324
1.524
1.324
1.324
1.224
1.224
1.224
1.224
1.224
0
0
0.1
1.324
0
0
1.524
0.3
0
1.224
0
1.224
0.1
1.324
1.224
2.124
2.548
0
1.624
1.224
1.224
0
1.224
0.5
1.224
1.224
0
2.324
1.224
0.1
0.1
0
0.2
0.2
1.224
0.1
1.324
1.524
2.124
1.324
0.1
0
1.224
1.224
1.524
0.1
1.224
0.1
0
1.224
1.224
0.1
0
1.424
0
0
0
0.1
1.324
1.224
1.224
1.624
1.224
1.324
1.324
1.324
1.724
1.224
1.224
2.448
1.324
1.224
1.424
1.324
1.324
2.548
2.448
3.148
2.448
2.548
0
0
1.424
1.224
2.448
1.324
1.224
1.224
2.548
2.448
1.224
2.448
2.448
1.424
1.224
3.448
1.524
2.448
1.224
2.448
2.448
1.324
2.448
2.448
2.448
1.224
2.448
1.324
3.748
1.324
1.324
2.548
2.448
1.624
1.624
3.672
2.448
1.224
1.424
1.524
3.048
1.224
3.048
1.324
2.548
2.448
2.448
3.672
1.224
2.648
1.224
2.448
2.448
1.424
1.224
2.548
1.324
2.448
2.648
2.448
1.224
2.748
2.448
1.324
3.048
1.824
2.448
1.224
2.024
2.748
2.448
1.224
1.724
1.324
2.448
1.424
1.724
1.224
1.224
2.948
1.224
2.548
2.448
1.324
1.324
2.448
2.448
1.224
1.324
2.448
1.224
2.448
3.048
2.848
2.448
1.224
2.448
1.224
2.448
1.224
1.224
2.648
1.224
1.324
1.224
2.548
2.748
1.224
1.224
2.448
2.448
1.224
2.024
2.548
2.448
1.224
2.748
1.224
1.224
1.224
2.448
2.848
1.224
2.548
2.548
2.948
1.224
2.448
1.224
2.648
1.224
3.448
2.448
1.224
1.224
1.224
1.224
1.524
1.224
1.224
2.448
1.224
1.324
1.224
1.424
3.248
2.448
3.772
1.424
2.748
1.524
1.424
2.848
2.448
1.224
1.224
2.648
1.224
1.224
1.324
1.424
1.224
1.424
1.224
1.224
3.872
1.224
2.448
2.448
2.548
1.224
2.448
1.524
1.324
2.648
2.448
2.648
2.448
2.648
1.224
1.224
1.224
1.224
1.224
1.524
1.224
1.224
2.448
2.448
1.224
1.224
1.224
1.324
2.448
1.324
2.648
2.548
2.548
1.224
1.324
2.448
1.224
1.324
1.224
1.224
2.448
2.548
4.172
2.448
1.224
2.548
2.648
1.224
2.448
2.448
1.224
2.548
1.524
3.672
2.748
1.624
1.324
1.224
2.024
2.748
1.224
2.648
1.224
1.224
2.448
2.448
2.748
1.324
1.424
1.224
2.448
2.548
1.324
1.224
2.448
1.624
1.224
1.224
1.224
1.224
2.548
1.224
2.448
2.448
1.324
1.224
1.224
1.624
2.448
2.548
2.448
1.224
1.224
1.424
1.624
1.224
2.548
1.224
2.448
2.848
1.424
1.224
1.624
1.224
2.448
2.448
1.224
1.424
2.448
1.224
1.224
1.324
1.224
1.224
3.772
1.324
3.672
2.648
2.848
1.424
1.224
2.648
1.324
1.224
1.224
2.448
1.224
3.872
1.224
2.748
1.324
1.224
1.224
2.448
1.224
1.324
3.672
1.524
2.448
1.224
1.224
1.424
2.448
2.448
2.448
1.224
1.224
1.324
1.624
1.224
2.448
2.448
1.224
2.448
2.448
1.224
2.548
1.424
2.748
2.448
2.548
1.324
1.324
2.448
1.224
1.224
1.224
1.324
2.448
1.224
3.748
1.324
1.224
1.324
2.448
1.324
2.548
1.224
1.324
3.048
1.224
2.548
1.324
2.448
1.324
1.424
2.548
2.448
1.224
2.448
1.224
1.424
2.648
2.448
1.224
1.224
2.448
3.648
1.624
2.448
1.324
8.972
2.448
2.448
1.224
1.224
1.224
2.648
1.224
2.448
1.424
1.324
1.224
3.672
1.224
1.224
1.224
2.548
1.224
1.224
2.548
2.548
1.224
1.424
2.448
1.224
1.224
2.448
2.448
2.948
1.524
1.324
1.324
2.448
2.548
1.224
1.324
2.448
2.324
2.848
2.648
1.224
2.448
1.224
1.224
1.224
2.648
2.448
2.448
1.324
1.224
1.224
1.224
2.448
1.224
2.448
1.224
1.224
1.224
1.424
2.448
2.448
2.448
1.324
2.448
2.648
1.224
1.224
1.224
2.748
2.448
2.548
2.548
1.324
2.748
1.224
2.448
1.324
2.448
1.224
1.224
2.448
2.448
1.224
1.224
2.448
2.448
1.224
1.224
3.772
2.448
2.448
1.224
1.224
1.224
1.224
2.448
2.448
1.324
1.224
1.324
1.324
1.324
2.448
1.324
1.424
1.224
2.948
2.448
1.224
2.448
2.448
2.448
1.224
1.224
1.824
2.748
1.224
1.224
1.224
2.448
1.224
1.224
1.324
1.824
1.224
1.224
1.524
2.648
1.224
1.424
2.448
1.224
1.224
2.648
2.448
2.448
2.448
2.448
1.324
1.224
1.324
2.448
2.548
2.448
3.148
2.448
1.224
2.448
2.848
1.324
1.224
2.448
1.524
3.672
1.724
1.424
1.224
2.648
2.448
2.448
2.748
3.148
1.424
2.448
2.448
2.448
1.324
2.448
1.524
2.548
4.172
2.648
1.324
2.548
2.948
2.448
3.872
2.448
2.448
2.848
1.224
1.224
1.224
1.224
1.224
2.448
1.224
1.224
1.224
1.224
1.224
2.648
2.448
2.448
2.448
1.324
1.224
2.448
2.448
1.324
2.748
2.648
2.648
1.224
4.872
2.448
2.448
1.224
1.224
1.224
3.672
3.872
3.772
1.224
1.424
1.224
1.424
2.548
2.448
2.648
1.224
1.224
2.448
2.548
2.448
1.224
1.424
1.224
1.224
1.224
1.224
1.224
2.748
1.324
1.224
2.848
0.1
0
0.3
0.5
0
0.3
1.324
1.324
0
1.324
1.324
0
1.224
1.224
0
2.724
0
1.624
0.1
0
1.224
1.424
0
0.2
0.1
0.2
0.3
0
1.324
0.1
1.224
0.1
0
0
0
1.224
0
2.948
0
0.5
0
0
1.224
0.3
1.224
2.548
1.224
0
0
1.524
1.924
1.224
0.1
0
1.424
1.824
0
0
0
0
1.8
0
0.2
0
0
2.224
0
1.424
0
0.4
0.1
1.324
1.224
0
1.224
0
0.7
0
0.8
0
0
1.324
1.224
0
1.324
0
0.2
0.4
0.1
0.1
1.524
1.224
1.224
0
1.424
0
1.224
1.324
1.724
1.224
1.324
0.1
0.2
2.448
0
0.1
1.524
0.1
1.2
1.524
0.2
1.224
0.1
1.324
0.7
1.624
0
1.224
0.4
1.324
1.224
1.224
0
0
1.324
0.1
0
1.224
1.224
2.024
0.1
0
0
1.224
1.224
1.224
0.4
0
0
0.4
0
0
1.224
1.324
0
0.2
0
0
0
0
2.648
2.548
0.1
0
0
1.224
0.1
1.224
1.224
0
1.224
0
0.4
1.224
0
1.224
0.2
0.1
1.324
0.1
0
0.1
0.6
0.1
0
0.6
0
0
0.2
0.3
1.424
1.224
1.324
3.124
1.324
1.224
1.224
1.524
0
0.3
1.924
0
0
1.324
1.224
0.2
0
1.324
0
1.224
1.224
0.2
2.524
0
0.7
1.224
0.2
1.224
1.324
0
0.2
1.224
0
0
0
2.124
0
0
0
1.224
0
0
1.424
1.224
0
0.5
1.324
0.1
0
0.2
0
0.1
1.1
0
1.424
0.1
0
0
0
0.3
0
0
0
0.2
1.624
0.1
1.224
1.224
1.424
0.2
0.3
1.324
1.324
0.2
2.024
1.324
1.424
0
1.724
2.724
1.224
1.224
1.824
1.324
1.324
0.1
1.424
0
0.2
0.1
1.224
0
1.224
1.424
0
1.224
0
0
0.2
1.224
1.224
0
0
1.224
0
0.2
0.1
0
1.424
0.1
0
1.224
0.1
0.1
1.524
0.1
0.3
0
1.524
1.324
0
1.524
1.524
0
0
0
0.3
1.324
0
0.1
0.7
0
0
2.124
2.024
1.224
1.824
0
2.324
1.224
0
1
1.524
1.324
1.224
0
1.224
1.224
0
1.224
0
1.424
1.224
0.4
0
0
0.2
2.448
0
0.1
1.224
0.2
0.7
1.324
0
0.2
1.224
0.1
0.1
0.1
1.724
0.1
0
1.324
0.4
1.224
1.224
0
0
0.1
1.424
1.924
0.3
0.3
1.324
1.724
1.724
0
0
1.224
1.324
0.2
0.1
0
0.2
1.224
0
0
0
0.3
0.4
0
0.8
1.224
1.224
1.224
0
0.3
1.424
0
0
0
1.224
0
0
1.324
0.1
1.324
1.424
1.424
0.1
1.224
0.1
1.524
0
0.4
1.224
0
1.224
0
1.624
0.4
0.1
0.1
1.224
0
0.4
0.6
0
0.2
1.824
1.324
0
0.8
0.1
0.9
1.224
0
1.224
1.324
1.924
0
0
0.3
0
0
0
1.324
0
1.924
1.224
0
0.2
0.1
0.2
0
0
0
0.1
1.524
0.4
3.224
0.2
1.624
1.924
0
1.324
1.624
0.6
0.3
0
0
1.324
1.324
0
0.1
1.624
0
0
1.224
0.1
0
1.1
0.1
1.224
2.624
1.324
1.224
1.324
0.1
0.2
0
0
1.424
1.224
1.224
0.1
0
0
1.624
0
1.224
0.2
0
0.2
0.2
1.424
1.224
0
1.324
0
1.224
0.1
0.4
0.6
0
0.1
1.524
0
0
0
1.224
1.224
0.6
0.2
1.224
0.1
0.1
0
0.1
0
0.1
1.424
1.224
1.324
1.524
0
1.324
0
1.624
0
1.224
0.1
2.124
1.224
1.224
0.2
0
0
0
0
0.2
1.424
1.224
0
1.424
2.924
0.1
0
0
1.224
0
0.1
0
1.224
1.224
0
1.224
1.424
0.3
1.424
1.324
0
1.224
0.3
0
0
1.324
1.324
1.224
0
0.1
0.4
0
1.924
0.7
1.724
0
1.524
0
0
0.2
1.424
1.224
0
0
1.424
0
1.824
1.224
1.324
1.324
1.424
0
0.6
0.1
1.524
0.2
0
1.224
0
0.1
1.424
1.324
1.424
1.324
0.1
0
0
0.1
0.1
0.3
0.2
1.224
0.1
0.7
0.1
1.924
0.5
0.1
0.1
1.324
1.224
0.1
0
0.1
1.224
1.224
0.1
0
0
1.224
0
0
1.224
2.448
0
1.224
1.224
0
0
0.2
1.624
3.124
1.424
1.224
1.524
1.624
0.5
1.324
1.224
1.224
0.4
0
0
0.2
0.1
0.1
0.1
0.3
0
0
1.524
0.1
0.5
1.524
2.224
0.1
0.4
0.1
0
0
1.324
0
1.624
0.2
1.424
1.524
1.324
1.224
0.1
0
0
0
0
0.1
0.1
0
3.824
0.2
0
0.1
1.424
1.524
0.6
2.924
0
0.2
0
0
2.324
1.324
1.424
0.7
0
0.3
0.2
0.1
0.2
3.224
0
0.2
0
1.224
0.5
0
0.2
0
0.1
0.1
0.3
0.2
0.1
0
0.1
1.524
2.024
0.1
1.324
0
1.624
1.224
0
0.1
0.3
0.4
0
0.1
0
0
1.224
1.424
1.724
0.1
1.424
0
1
0
0
1.324
0
0.9
1.324
0
0.2
2.824
0
0
0
1.224
1.224
0
0
0.5
1.524
1.224
0.1
1.524
0.2
0.2
0
0.5
0
1.524
0.1
0
1.224
1.224
1.224
0
1.324
0.2
2.448
1.224
0
2.024
2.124
0
0
1.824
0.1
1.224
0.9
1.424
0.1
0
1.224
1.224
2.548
0
0.3
1.624
0
1.224
1.224
1.224
0
1.424
0
3.748
1.224
1.224
0
2.124
0.4
2.224
0.1
1.224
0.9
0.2
1.224
0
0
0
1.324
1.624
1.224
1.324
0
1.224
0.3
2.548
0.1
0
0
0.3
1.824
0
2.948
0.1
0
0
1.624
1.324
0
0
0
2.848
0
0
0.1
1.224
1.324
0
0
1.824
1.224
0.1
0.1
0.1
1.224
1.224
0.2
1.224
2.448
1.324
1.224
1.324
1.624
1.224
2.448
2.448
3.672
2.448
1.324
1.224
3.672
1.224
0
1.224
0.1
1.3
0.2
0.3
1.724
1.924
1.324
