3.86
1.424
0.9
1.424
0.4
0.3
1.524
1.224
1.524
1.224
2.948
0.1
0.1
2.024
2.424
1.224
0
1.224
1.224
1.524
0.1
0.4
0
1.224
3.148
1.324
1.524
0.3
1.324
0.2
1.324
0
3.024
1.324
2.036
3.66
3.16
3.26
1.836
3.56
3.26
3.636
1.836
1.936
1.936
1.836
2.636
2.036
3.46
3.56
1.936
1.936
3.86
1.936
2.036
1.936
3.36
2.036
3.36
2.736
3.436
2.436
1.836
4.76
2.736
3.96
1.836
1.836
2.336
3.536
4.06
3.46
3.66
3.06
4.736
14.684
1.836
3.46
1.936
3.06
2.336
1.836
1.836
1.836
1.836
1.836
1.836
1.836
1.836
4.26
3.16
2.036
2.036
1.836
1.836
3.66
3.56
3.06
3.26
3.26
2.036
3.636
2.636
3.06
1.836
3.06
3.16
3.436
2.036
3.46
3.46
1.936
3.06
1.836
1.936
2.636
3.56
1.936
3.06
3.26
4.936
1.836
3.16
4.16
1.936
3.16
3.16
1.836
1.836
2.736
3.36
2.036
2.536
1.936
2.036
2.636
2.036
2.236
2.636
3.036
4.784
3.06
1.836
2.636
1.836
1.836
2.136
2.236
3.16
1.936
1.836
3.06
3.46
3.46
4.26
4.26
2.736
2.136
5.26
2.036
3.26
1.936
3.16
1.836
2.536
1.836
2.136
3.16
1.836
6.56
3.16
4.56
1.936
3.26
1.836
2.436
1.936
1.836
1.836
3.96
3.66
2.436
3.16
1.836
2.736
2.536
2.936
1.936
1.836
1.936
3.66
3.46
3.26
3.236
2.136
2.136
1.836
3.36
1.224
0.8
2.224
0
0
0.3
3.124
0
1.424
1.824
0.4
1.424
0
1.524
1.924
0
1.224
2.6
1.524
2.924
0
0
0
0
1.8
0.2
0.1
0.3
0
0
0.4
1.224
1.324
1.224
0.1
0.1
0.4
0
3.5
0
0
0.5
0
0.8
0.8
0
0.1
0
1.224
0
0
2.424
0
0.2
0.1
0
0
0
0.1
0.3
1.324
0
0.1
1.224
2.548
0.4
0
1.224
1.824
0.1
1.224
0
1.224
1.524
1.224
0
1
0
0
1.836
1.324
1.224
0
0
0.6
1.224
0.5
1.424
0.1
0.1
0.1
0
0
0
0
1.1
1.324
0
0.1
0
0.2
1.224
1.424
1.224
0.2
1.924
1.424
0
0.3
1.724
1.324
1.824
0.4
0
0.1
1.224
1.224
0
1.224
0
1.224
0.5
1.324
1.424
2.124
0.9
0.8
1.324
0
0.2
1.324
0
2.224
1.324
0
1.824
1.324
0
0
1.224
3.424
2.448
0
1.224
1.8
0.2
2.024
0.9
1.324
0.3
0.5
1.524
1.324
1.524
1.6
2.5
1.224
0.1
1.224
2.036
1.224
1.924
1.324
1.224
1.224
1.324
0
1.224
0.1
1.224
1.224
0
0
0
0.4
1.224
1.224
0
1.2
1.224
1.224
1.424
1.324
2.624
0
0
1.224
0.5
0
1.724
1.224
0
1.224
2.448
2.824
0
1.524
0
0
1.724
1.224
1.224
0.1
0.1
1.224
0.2
0
1.224
0
0
0.6
0
3.324
0.8
1.524
0
1.324
0.4
1.424
1.224
0
0.2
0
1.324
0.3
2.224
1.224
0.1
1.324
1.224
0.8
0.5
1.524
1.424
0.3
0.6
0.8
1.724
1.424
2.724
0.2
2.648
1.324
1.624
1.224
1.324
1.424
0
0
0
0.5
0.1
1.224
0
1.224
0.5
0
1.524
1.324
0
0.2
2.524
0.4
0
0.2
0.7
1.424
0
0.1
2
0.9
1.224
0.9
2.324
0
1.324
1.724
0.3
1.524
0
0.1
0.1
0
1.224
1.224
0.5
1.424
0
0
2.848
1.524
0
1.224
0
0.1
0.1
0
0
1.224
0.1
0.6
0.1
1.424
0.2
0.9
1.224
1.324
0.1
0.1
1.4
1.324
0
1.424
0.2
0
0
0
0.2
1.324
1.224
1.224
0
2.3
0
1.224
0.1
1.224
0.5
1.4
0
0.1
1.224
0
0
0.4
1.224
0.1
0
1.224
1.824
0
1.624
1.824
0
1.624
1.524
1.324
0.2
0.3
1.524
0
1.324
1.324
1.424
0.1
0.2
1.324
0.2
0
0.2
0
0.2
1.824
1.324
0
0
0.3
1.224
1.824
0.5
1.324
2.548
1.224
1.324
0
1.324
0
0
0
0
0
2.924
0.4
0
0
1.224
0
0.1
0
1.224
1.224
0
1.324
1.324
0.2
0.9
0
1.224
0.1
0
0.2
0
1.424
1.424
1.324
1.224
0
1.424
1.624
0.3
1.224
1.224
1.424
0.1
0.7
1.424
1.224
0.7
0
0
3.724
1.624
1.224
1.424
0.1
0.5
0.1
1.224
1.324
0.3
1.624
0
1.324
0.1
1.324
0.1
0
0.1
0.1
0.1
0.1
0
1.324
0.2
2.448
0
0.6
1.324
1.324
0.4
1.224
1.524
0.1
1.324
1.324
0.2
0.2
0
1.324
0
1.224
1.224
1
0.4
1.324
0
0.2
0
0
0
1.324
1.224
0
0.1
0
0.1
1.424
0
1.224
1.424
3.148
0.3
1.324
2.548
0.9
1.224
0
1.224
0
1.424
0
1.624
0.2
0
0
0.1
0
0
1.224
0.1
0
0
0
1.324
1.224
0.4
0
0.6
0.2
0.2
0.4
1.224
1.624
1.224
0
1.324
0
1.324
1.224
0.3
1.524
1.224
1.224
0.2
0.2
0
1.224
1.224
0.1
0
1.324
0
3.624
0
0.3
0.2
1.224
0.3
0.1
0
0.5
1.424
1.524
0.3
0.4
0
0.3
0.2
1.224
0
1.324
0
1.324
0.2
0.2
0.1
0
0
0
4.624
2.224
1.324
0.5
1.424
0
0
1.224
0.1
0.1
1.224
0.1
0.2
0.4
1.324
1.224
1.224
0
1.224
0
1.224
0.3
0
2.448
2.448
0.1
1.324
0
0.1
0
1.624
1.224
1.724
0.5
0.2
0.3
1.324
0.2
0
1.424
0.1
0.6
1.2
1.224
1.224
1.224
0
0
0
0.6
1.224
1.624
0
1.224
0.3
0
1.324
0.3
1.324
0
0
0.1
0.1
1.424
0.1
1.224
0.1
0
1.324
0
1.224
1.224
2.548
0
0.1
0.1
0
2.548
0.2
1.224
1.224
1.424
1.224
0
0
1.324
0.2
0
0
0
0.1
1.224
1.324
0.1
0
0.2
0.1
0
1.224
1
0
0
0
0
1.324
0.3
1.224
0.3
2.124
1.324
0.6
0
1.224
0
2.548
0.1
0.1
0.1
0.5
2.924
1.424
0.3
0
1.324
0
0.1
0.1
0.1
1.324
0.1
1.624
1.324
1.224
0.5
1.224
0.3
0
1.324
0
1.224
0
0
1.324
1.424
0
0.1
0.1
0.3
1.824
0.1
0.2
1.224
1.324
0
1.224
0
1.424
1.324
1.824
0.1
0
1.824
1.324
1.224
1.624
2.424
0
0
1.224
0
1.524
0
2.024
0
2.724
0.1
0.3
0.3
1.524
0
1.624
0
1.324
1.424
0
0
0
0.2
0
0.1
0
0.2
0.2
0.1
0.3
1
0
0.3
0
0.1
1.224
2.548
1.324
0.2
0.6
1.424
1.524
0
2.224
1.324
0
0
0.3
0.3
1.424
1.524
1.624
0.1
1.424
0.1
0
0
0
0.4
0
0.2
0
0.1
0
0
0.3
0
0
0.3
0
0.6
0.1
1.224
1.224
0.3
0.5
0
0.2
1.8
0.2
0.7
2.548
1.224
0
0.2
0.6
0.1
0
0
0
2.724
0
0.5
1.936
1.324
0.2
0.6
0.1
0.6
0.1
0.8
0.1
1.424
0.3
0.2
0
1.324
0.1
1.224
1.224
1.424
1.224
3.024
0.4
1.824
1.424
1.224
0.1
0.4
0
1.224
1.224
0
0.1
2.748
2.024
0.3
0.6
0
2.448
1.524
0
0
0.1
0
3.2
0.3
0.1
1.424
0.1
3.124
0.1
1.324
0.2
2.324
1.424
0
1.324
1.224
0
0
2.024
1.524
2.224
0.1
1.724
2.548
0
1.724
0.4
0
0.1
2.224
0.1
0.4
1.224
1.324
2.648
0.1
0
0.5
0.3
0
1.424
0.3
0.2
1.424
1.424
1.224
0
1.224
3.148
1.324
1.8
1.524
0.3
0
0.6
1.224
1
0.5
0.1
0
1.424
0.1
0
0.3
0.3
0.1
0.4
1.424
1.224
0.2
1.224
0.8
0.1
1.224
0
0
0.3
0
1.724
0
0
0.6
0.1
0
0.1
0.6
0.2
1.624
1.724
0
0
1.324
2.648
2.648
0.3
0.2
0.1
0
0.1
0
1.224
0.2
0
0
1.824
0
1.324
0
2.024
0.2
1.524
0.2
1.324
0.3
0.3
1.724
0
1.4
1.324
1.224
0.2
1.824
0.1
0.2
0.3
3.124
1.624
1.224
1.224
1.824
0.2
1.724
3.148
0.1
0
2.648
2.548
0.7
0.2
0
1.224
0
1.224
0.1
2.624
0.1
3.224
1.324
0.2
0.2
0.3
1.524
0.5
0.4
1.324
0.2
1.224
2.6
0.1
1.224
0.3
0.1
0.3
0
0.1
0.3
1.624
1.824
1.624
1.324
0.2
1.524
0.1
0.1
0.9
0
0.5
0.3
0
0
0
1.524
0
1.224
1.224
0.3
1.424
0
0.1
0.1
0.3
0
1.824
2.124
1.824
1.424
1.624
1.224
1.324
0
2.9
2.724
2.448
0
0.4
1.224
0
0.2
0.5
0.3
0.6
1.224
0.2
1.324
1.624
1.324
1.324
0.1
1.224
1.224
0.9
1.5
0
1.224
0
0.1
0.1
1.624
0.2
0
0.1
1.324
0.3
0
0
0.4
1.524
0.5
1.424
0.1
1.524
0
0
2.848
1.324
0
0
0.2
0.4
0.1
1.924
1.324
1.724
1.324
1.524
3.848
2.224
2.648
0.6
0.1
1
0
0
2.624
1.824
2.548
1.224
0.2
0.2
0
0
0.4
1.224
0
1.324
0.3
1.424
0
2.324
1.224
0.1
0.1
0
0
2.224
0.1
1.524
1.324
0
1.724
1.324
0
0.5
0
1.224
0
2.124
0.5
1.324
1.324
1.324
0.1
2.548
1.824
1.424
1.524
0
1.224
1.224
0.1
0.1
0
0.3
0.1
0.5
0.1
1.424
0
0.2
0.1
0.5
0.2
1.824
0.2
2.424
0
0
0
0.1
1.724
1.424
1.224
0
0
0.1
1.224
0
1.424
1.624
1.324
0.1
0.5
1.624
0.1
1.324
0.3
0.1
1.924
0
0.5
0
0.6
2.748
0.5
1.624
1.624
1.224
1.424
1.324
1.624
0
1.524
2.948
0.3
0
1.624
0.5
2.624
1.424
1.424
0.1
0.1
3.348
1.224
0
1
1.224
0.1
0.1
0
0.5
1.524
1.224
0
0
1.324
1.524
1.224
1.224
1.324
0
2.548
1.524
4.748
0.8
0.2
3.348
0
0
0.7
0.4
0.3
0.2
0.1
0.1
1.224
0.3
1.524
1.724
1.224
0
1.3
0
1.224
0.8
1.624
0.2
1.3
0.5
0
2.024
0.2
1.424
0
0
1.824
0
0.1
0.3
1.424
0
0.2
0
1.224
0.9
0.1
0.2
0.2
1.324
0.1
1.324
0.1
1.224
0
1.324
1.1
0.7
0.2
1.224
2.848
0
0
0
0
0
3.124
1.624
0
1.324
0
1.224
1.224
0
1.224
0
0.3
0.1
1.324
0
2.648
0
1.7
1.424
0
0.7
2.424
0
1.224
1.424
0.1
1.224
0
0
0
2.548
2.448
0.2
0.1
4.648
0
1.424
0
0
0.1
1.424
0
0.2
0.4
0
0.2
2.448
1.824
0
1.224
1.324
0
0.2
0.1
1.224
0.1
0.2
1.324
0
0.1
1.624
0
1.924
2
3.148
1.424
1.424
0.1
0
1.424
1.724
0.1
0
1.324
1.224
0
1.724
0
0.5
0.4
2.548
1.224
1.924
0.2
0.3
1.824
0
1.224
1.424
0.2
0.2
1.524
0.3
0.4
0.1
0
1.424
1.824
1.324
0.2
1.424
2.448
1.524
1.824
1.624
0.5
2.324
0
1.524
0.1
0
1.224
0.1
1.324
1.224
1.324
1.324
1.324
0
0
1.324
0
0
1.224
0.1
0
0.1
0
1.524
0.2
1.224
2.924
0.3
0.6
1.224
0.4
2.4
0.1
0.1
0
1.5
0.1
0.3
0.1
0.6
1.424
1.424
0.2
1.424
0
1.324
2.124
1.624
1.824
1.624
0
2.224
0
1.224
0
1.524
0.3
2.548
0
0.3
3.048
1.224
1.224
0.2
1.324
1.224
0
1.524
0.5
1.224
0.1
5.124
1.524
1.424
1.424
1.224
0.9
1.2
2.524
1.224
1.624
0.1
0
2.124
1.724
0.3
2.424
0.1
0.5
0.4
1.324
0.3
2.3
1.424
0.1
0
0.1
1.524
1.324
1.624
0
1.424
0.1
0.7
0.1
0.2
1.224
0.3
0.5
2.948
0.2
0.3
0
0.7
0.1
1.224
1.324
2.324
0.6
1.324
1.824
1.424
1.324
1.224
0.3
2.324
1.324
0.1
1.924
2.524
1.224
1.224
0
1.524
0.8
0
1.424
1.524
4.048
0
1.324
0.3
2.024
0.1
0.2
1.324
1
0.7
0.2
1.724
0.2
2.536
2.536
1.836
2.736
1.836
2.136
0.2
1.624
0
0.3
0
0
1.224
2.536
1.224
1.424
1.524
1.324
3.848
1.324
1.224
2.748
2.724
0
2.5
1.524
1.324
1.224
0
0
1.224
1.224
0.1
1.524
0
1.424
0
1.324
1.624
1.424
1.224
3.624
0.1
0
0
3.124
0.3
3.524
0.8
1.224
2.724
0.4
1.324
1.324
0
0
1.424
1.324
0
1.424
0.4
1.224
1.624
1.224
0.3
0.2
0.1
0.2
1.524
0
1.324
0
0.1
0
1.324
0.1
1.324
0
1.224
2.224
0
0
1.324
0
1.224
0
0.1
2.324
1.324
1.724
1.324
1.224
0
0
0
0
0.1
0.1
0.5
1.224
1.924
0.1
0.1
0
1.224
0.3
0
1.224
1.224
0
1.224
0
0.2
5.424
1.424
1.224
2.024
2.724
2.324
