0.2
1.424
3.348
4.172
2.548
0
1.324
2.448
0
1.224
1.324
0
0.1
1.724
1.824
1.224
0
2.448
2.448
2.448
1.224
1.424
1.224
2.448
1.424
2.448
2.648
3.672
4.896
3.672
2.448
1.224
0.9
0.1
0
0
0
0
0
0.1
0
0.6
0
0.1
0
0
0.3
0.2
0.1
1.224
0.1
0
1.524
0
0
1.224
0
0
0
0.3
0.8
0.1
0
2.648
0.3
0
0
0
0.2
0.6
0.1
0.2
0.1
0.1
1
1.624
0
1.324
0
0
2.024
0
0
0
0
0
0
0
1.224
2.648
0.1
1.224
0
0
0
0.1
0.3
0
2.448
2.448
0
0.5
0.3
0
1.224
0
0
0.8
0.1
0
0
0
0
0
0
0.2
0
1.224
0
0
1.4
0.1
2.548
0.3
0
0
0
0.1
0
0.1
0
0
0.1
0
0.3
0.3
0.3
0.1
0.1
0.2
1.224
2.448
0
0.1
0
0
0.1
0.3
0
0
0
0.1
0
0.2
0.5
0.3
0.3
0.2
0.1
0
0
0
0
0
0
0
1.224
0
0
3.548
0.1
0.2
0
0
0.1
1.424
0
0
1.224
0.4
0.1
0
1.424
1.224
0.3
1.724
0.1
0.1
0
1.224
1.324
0
0
0.2
0.2
0
0
0.1
1.224
1.924
0.1
1.224
0
1.524
1
0.1
0
0.2
1.324
1.224
1.224
0
2.848
0
0
0.9
0
2.224
0
1.224
0
1.524
2.424
2.448
2.448
1.624
1.224
1.224
2.948
1.224
3.772
3.672
0.3
0
1.224
0.2
1.924
0.1
1.224
0.4
0
1
0.4
1.224
0
1.224
1.224
1.224
0
1.724
1.224
0
1.324
0
1.224
0
0
0.2
2.648
0.1
2.548
0
1.224
0.3
1.224
0
1.924
1.224
1.224
2.448
0
0.1
1.224
1.224
0.7
1.224
1.224
0.1
0
0
2.448
1.324
2.748
3.672
2.648
0.1
0.1
0.1
1.324
1.424
1.224
2.448
0
0.8
1.224
0
1.224
0.2
0.4
0
2.548
0
0.3
1.424
1.324
0
0.1
0.2
2.448
0
1.224
0
0
2.448
2.548
1.224
0
0
1.224
0
0
1.224
0.2
0.2
0.2
0
0
1.224
1.224
0
3.148
2.448
1.324
1.424
1.224
0
0
1.324
0.6
1.224
0
0
0.8
0.2
0
0.2
0.2
1.424
0.3
0.1
0.2
0.1
1.1
1.6
2.448
0.3
0.1
0
2.448
0.5
0.3
1.224
0
0
0
1.324
1.224
1.224
1.224
1.224
1.224
0.1
2.548
1.224
2.448
0
1.424
1.224
1.224
1.224
2.748
3.548
2.448
0
3.672
1.524
2.548
2.024
1.324
1.224
2.448
3.872
4.672
2.448
4.072
0
0
2.648
1.224
3.672
2.548
2.548
1.224
1.524
1.324
2.448
2.448
2.448
2.648
2.448
3.048
1.524
2.448
2.448
4.996
1.324
1.324
3.672
2.548
1.224
2.448
3.872
1.324
3.872
1.224
2.548
3.772
1.324
3.148
2.748
3.672
1.224
1.224
1.424
3.772
3.972
1.324
1.424
1.224
3.672
3.672
3.872
3.672
2.448
3.672
2.448
2.448
1.224
2.648
1.224
3.772
1.224
3.672
1.524
1.224
2.448
4.172
2.548
1.324
4.872
1.324
1.224
1.324
1.524
3.772
1.624
1.524
2.224
1.924
3.672
1.924
2.224
1.224
2.648
4.072
2.024
3.972
2.448
1.724
3.248
1.224
2.548
1.224
1.324
3.772
1.324
2.548
3.872
3.772
1.224
1.224
2.448
2.548
2.548
2.548
2.448
3.672
2.448
3.872
2.448
2.448
1.624
1.424
1.224
2.548
1.224
2.548
2.648
3.672
2.448
1.324
2.548
2.548
1.224
2.448
2.448
3.672
1.324
3.772
1.224
2.124
1.324
1.224
2.448
3.672
4.072
1.824
1.224
3.872
1.224
2.448
2.748
2.748
1.324
1.324
2.448
1.424
1.524
1.224
1.224
3.772
1.324
3.772
2.448
3.772
1.324
2.848
4.172
2.548
1.224
2.448
2.448
2.748
1.424
1.224
1.324
1.324
2.848
1.224
1.224
3.672
1.224
1.224
1.224
1.324
1.224
2.548
1.724
2.648
3.872
2.448
2.448
1.224
3.672
1.324
2.448
2.448
2.448
1.324
2.424
1.624
2.448
1.324
2.448
1.324
1.224
2.448
1.324
3.672
1.224
2.548
3.772
1.224
3.048
1.224
1.224
1.324
1.524
2.548
2.448
1.224
3.772
5.096
2.448
2.448
3.672
4.672
1.324
3.672
3.672
1.224
2.548
3.748
2.548
2.448
3.148
1.324
1.224
2.024
3.672
2.448
3.672
1.224
1.324
1.324
3.672
3.872
3.772
2.748
1.224
2.448
1.424
2.548
1.224
1.224
3.672
2.448
2.448
1.224
2.448
3.772
3.972
2.448
1.224
1.524
2.448
1.324
1.624
3.672
2.648
1.224
1.224
1.424
1.524
2.448
3.672
4.072
3.672
3.672
2.648
3.448
1.424
3.972
1.224
2.448
1.224
1.224
2.548
2.648
1.224
2.448
2.448
2.648
2.448
2.748
1.224
3.672
2.648
2.648
2.548
1.224
3.672
2.848
1.224
3.672
3.672
2.448
3.772
1.224
2.648
2.548
1.224
2.448
2.448
1.224
1.324
3.672
1.324
2.448
2.548
3.672
1.224
3.672
2.748
2.448
2.648
1.324
1.424
1.824
1.224
3.772
1.324
2.448
3.672
1.224
1.224
3.772
2.548
2.448
3.772
2.448
2.648
1.324
1.224
1.324
1.324
1.224
3.672
3.672
2.448
3.748
1.224
1.524
3.672
3.772
2.548
1.224
2.448
1.624
3.672
2.448
2.448
1.624
2.648
1.324
2.648
3.672
1.224
1.424
1.224
1.224
2.548
2.548
1.224
2.448
1.224
2.448
3.848
3.548
2.648
1.324
2.448
3.672
1.224
1.224
1.224
2.448
3.672
2.448
2.448
1.824
2.548
1.224
3.672
2.448
1.224
2.448
4.896
2.448
1.224
2.448
2.448
2.748
1.224
2.448
2.548
1.324
9.496
1.224
3.872
3.048
2.748
3.672
3.672
2.648
1.224
2.448
2.448
2.448
2.848
3.772
1.224
2.448
1.324
1.224
1.224
2.648
1.224
3.872
2.448
1.224
2.548
2.448
3.672
3.672
3.672
2.448
1.324
2.448
2.548
3.772
2.848
3.672
2.548
2.448
2.648
1.224
1.224
1.224
3.772
1.224
1.224
1.424
2.448
2.448
2.448
2.548
1.324
2.448
1.224
1.224
1.224
3.672
2.448
2.548
1.224
2.448
2.448
1.224
3.672
1.324
2.448
3.048
2.548
1.224
3.672
2.648
1.324
1.224
1.224
2.548
2.748
1.324
3.672
1.624
1.324
2.448
2.848
1.324
2.548
2.448
3.672
2.648
2.448
1.224
4.072
1.724
2.448
1.324
2.448
3.672
2.648
1.524
2.548
1.324
2.748
2.448
1.224
3.672
1.224
3.672
3.672
2.448
1.224
3.672
2.448
2.448
1.224
1.324
2.448
2.448
1.224
2.448
1.224
1.224
3.872
1.624
1.424
1.224
2.548
2.448
1.224
1.224
1.424
3.672
1.324
2.648
2.448
2.648
1.324
3.672
3.972
4.672
1.224
3.672
3.672
2.448
2.548
2.448
3.648
2.548
4.472
2.848
2.448
1.324
3.672
2.448
4.072
2.948
3.872
3.672
2.448
2.448
2.448
3.772
2.548
2.648
1.224
3.772
4.072
3.672
2.548
3.248
2.448
2.748
1.224
1.324
1.224
2.548
3.772
2.648
3.548
3.672
3.772
2.448
3.972
3.672
2.448
1.324
2.548
1.324
3.672
3.872
4.172
2.548
1.524
2.448
2.448
2.548
2.548
2.448
2.448
2.448
1.224
3.672
1.324
3.672
4.272
3.048
2.548
3.872
2.548
4.372
1.624
2.448
2.448
3.672
1.524
1.224
1.524
1.924
1.624
1.524
2.448
2.448
1.224
0.2
0.6
1.324
0
1.224
0
1.724
1.224
0.6
0.1
1.224
1.324
0.5
1.224
0
0
0
0.1
0
0.4
0
0
0
0
1.224
1.224
2.448
0
3.548
0
0.1
0
0
0
0.1
0
1.224
1.224
0
0
1.224
2.548
0
0.1
0
1.224
1.224
1.224
0
0
0.3
1.2
0
0.1
0.3
0.2
2.124
2.548
1.324
0
0.6
0.1
0
1.224
0
0.1
1.224
0.2
0.2
0.2
0
0.1
1.224
0
0.2
0.3
1.224
0
0.2
0
0.3
1.224
0
2.448
0
0
1.624
0
0
1.324
0.1
1.424
0
0.1
2.448
0
0
1.224
0
0.7
1.524
0
0
0.1
1.224
0.3
0.1
0
1.224
0
0.1
0
0.1
0.1
0
0.2
0.3
1.224
0
1.224
0.3
0
0
0
0
0.1
0.1
0.2
0
0
0.3
0.1
0
0.2
0
0
0.1
0
0
1.224
0
1.224
1.224
0.3
1.224
0.1
0
0.1
0.2
0
0
1.224
0
0.3
0
0
0
0.2
0
2.448
0.1
0
0.2
0.4
0.4
0
0.6
0.1
0
0.1
0.4
0.2
1.324
0.1
1.724
0.1
1.224
2.448
1.224
0.1
0.4
1.224
0
0
1.224
1.224
0.1
0.1
0
1.224
0
0
0
1.424
0.1
0.1
1.224
0.1
0.1
0
0.3
1.524
0.5
1.224
0
0
0.9
0
0
1.224
0
0.1
0
0
0.1
0.2
0.4
0
0
0
0.1
0.1
0.1
0.7
0
1.424
1.424
0
0
0
0
0
0
0
0
1.324
0
0
0
0.2
0
0.3
0.3
0.1
0.1
1.324
1.224
1.224
0
0.9
1.424
1.224
0
0
1.224
0
0
0
0
1.324
0
0
0
0
0.1
0
0
0.1
0
0.2
0.5
1.224
0
1.224
0
0.1
0.1
0
1.224
0.1
0
0.2
0
0
0.2
0
0.3
0
0.1
0
0
0
1.324
1.224
0
0
0.1
1.424
0
0.1
0
0.3
0
0.1
1.524
1.524
2.448
0.1
0.1
0.3
0
0
0.6
1.224
1.224
0
1.324
0
0
1.224
1.624
0.1
0
0.1
0.1
0
0
0.1
2.448
0
0
0
0.2
0.6
0.1
0.2
0
0
0.1
0
0
0.3
0
0
1.224
0.2
0.1
1.224
0
0.1
0
1.324
1.424
0
0.2
0.1
1.324
1.224
2.448
0
0
1.324
0
0
0
0
1.224
0
0
0.1
0.1
0.1
0
0.3
0
0
0
0
1.324
2.448
0
0
0
1.224
0
0
0.2
1.524
1.224
0
0.1
0
0.1
0.1
0
1.224
0.1
0
0.1
1.224
0
1.224
0.1
0.3
0.2
0
0
0
0.2
0
1.324
1.424
1.324
0
0.5
0.3
0.7
1.224
0
1.324
1.324
1.324
0.1
0
0.1
0
0.1
0
0
1.324
1.324
0.1
0
0
0.4
0
0
0
1.324
0
1.324
1.324
2.224
0.3
0.1
1.524
0
0
0.1
0.1
0.3
1.224
0.1
1.324
1.224
0
0.1
1.224
0
1.224
0.4
0
0.1
0
0.1
0.1
0.5
0.2
0
0.1
0.1
0
0
0
0.6
0
0
1.724
0.2
0
1.224
0
0
0.2
1.324
0
0
0
0
0
0
0
0.1
0
0.3
0.3
0
0
1.224
0
0
0
0
0
0.8
0.1
0
0
0
0
0
0.1
0
0.1
0
0
1.224
0
1.324
0
0.9
0
0
0.2
1.524
0
0
0
0.3
0
0
1.324
0
1.224
1.224
0
0.2
2.424
0
0
0
0
1.224
0
0
0.1
1.224
0
0
1.224
0.3
0
2.448
0
0
1.324
0
0
1.324
0
0
0
0
0.2
0
0.3
0.6
1.224
0.1
1.224
1.224
0
0.1
1.224
0.2
0.1
0
1.224
0
1.324
0
0.2
0
1.224
0
0.5
0
1.524
0.1
0.1
1.224
0
0.1
0.2
1.224
0.1
0.3
0
0
0
0
0
0.1
0
1.224
0
0.3
0.2
0.4
0.5
0
1.324
0
1.224
0
0
1.324
2.448
1.224
0.1
0
1.224
1.224
0
0.1
0
1.224
0
0.1
0
0
0
1.224
0
0.4
0
0.3
1.224
0.1
0.5
1.324
0
0
2.948
0
0
1.424
0.1
0.1
0.3
0.1
0
0
1.224
1.324
0.2
1.424
2.648
0
0.6
1.224
0.1
0
1.224
0.1
1.324
0
0.1
1.224
1.224
1.224
0
0
0.1
0
0.1
0.2
0
1.224
2.424
0
0
0.2
2.448
0.2
2.324
1.724
0
0.1
0
0
1.424
0.2
0.1
0.3
0.1
0.1
0.1
0.1
0.3
2.524
0
0
0
0
0
0
0.2
0
0.1
0
1.324
0.1
0.3
0
0.1
1.424
1.424
0.1
0.1
0
0.2
0.1
0
0.1
1.724
1.324
0
0
0
0
0.1
0
0.5
0
0
0.2
0.8
0
0
0.1
0.1
0.1
1.224
0.2
0.3
1.624
1.224
0.1
0
0
0
0.1
0
0.4
0.3
0.1
0
0
0.2
0.5
0
0.6
0
1.524
1.424
1.724
1.224
1.224
0
1.224
1.224
1.324
1.224
0
0
2.548
1.324
0
0.1
1.224
0.4
0
0.7
1.224
1.424
0
0
0
3.672
0
0.1
2.448
1.424
2.648
0
2.548
1.224
1.224
0
5.172
2.448
0
1.224
1.824
0.3
1.1
0.6
0
0.3
2.748
2.548
0.1
0.2
0
1.224
1.524
1.224
0
1.424
2.448
0
2.448
1.324
1.224
2.448
0.5
2.648
1.224
3.672
0.3
1.224
1.324
3.672
0
1.224
1.224
0
4.272
1.324
2.448
0
1.224
1.224
0.1
0
3.148
2.448
1.224
0.3
0
0
1.224
0
3.672
3.672
1.524
2.548
1.324
2.748
3.772
1.324
3.772
3.672
2.648
0.1
2.448
2.448
0
0
0.1
0.3
1.6
0.1
0.1
2.748
3.048
2.548
