2.036
1.524
0.5
1.624
0
0.1
1.324
1.224
0
1.224
1.324
0
0.2
1.424
1.524
1.224
0
1.224
1.224
1.324
0
0
0.1
1.224
1.624
1.224
1.224
0.2
1.224
0
1.224
0
0.5
0
2.036
1.936
1.836
1.836
1.936
2.236
2.036
2.536
1.836
2.036
1.936
2.856
2.136
2.136
1.936
1.836
1.836
1.836
1.936
1.936
2.036
1.836
1.836
1.836
1.836
3.356
2.236
1.936
1.936
3.46
2.236
2.036
1.836
1.836
3.056
2.036
2.136
1.836
1.936
1.836
2.436
3.46
1.836
7.98
2.036
1.836
2.136
1.836
1.836
1.936
1.936
1.836
2.036
1.836
1.836
3.36
1.836
1.836
2.236
1.836
1.836
2.856
2.956
1.836
3.06
3.06
1.936
2.036
2.036
2.036
1.836
2.036
1.936
2.736
1.836
2.036
2.136
1.836
1.936
1.936
1.836
3.056
1.936
1.936
1.936
1.836
2.336
1.836
3.26
2.436
1.836
1.936
1.936
1.936
1.936
2.136
1.836
1.836
2.136
1.836
1.936
2.236
2.956
1.836
1.836
2.036
3.06
3.16
1.836
2.036
1.836
1.936
3.156
2.036
2.036
1.836
1.836
2.036
1.936
1.836
2.536
2.236
1.836
2.136
2.036
1.836
1.836
1.836
1.836
1.836
1.936
2.036
1.836
1.936
1.836
4.06
1.836
2.036
1.836
1.836
1.836
2.236
1.936
1.936
2.136
1.836
1.936
2.036
3.16
1.936
2.036
1.936
2.236
1.936
2.236
1.836
3.26
2.136
1.836
2.136
1.836
1.836
1.836
1.936
0
0.4
0.2
0
0
0.1
0.9
0
0
0.3
0.1
0
0
0
1.924
0.1
0
0.9
0.1
1.524
0
0
0
0
0.3
0
0.1
0
0
0
0.2
0
1.324
1.224
0.1
0
0
0.1
0.8
0
0
0
0
0.3
0.5
0
0.1
0.2
1.224
0
0.1
1.524
0
0
0.1
0
0
0
0
0.3
1.324
0.2
0.2
0
1.224
0
0
0
1.524
0
0
0
0
0.1
0
0
0.1
0
0
2.036
0.2
0
0
0
0
1.224
0
0
0
0
0.2
0.1
0
0
0
0.3
1.224
0
0
0.1
0.2
0
1.224
0
0.4
1.324
1.224
0
0
0
1.224
0
0.4
0.1
0.1
1.224
1.224
0.2
0
0
1.224
0
0
1.324
0.1
0.5
0.1
0.1
0
0
1.224
0
1.324
1.324
0
1.524
1.424
0
0
1.224
0.4
1.224
0
0
0.5
1.12
0
0.1
0.1
0.1
0
0.2
0
0.2
0.6
0.8
1.324
0.1
0.1
1.936
1.224
0.2
0.1
1.224
0
0
0
1.224
0.1
0
1.324
0
0
0
0.1
1.224
1.224
0
0.3
1.224
1.224
1.324
1.224
2.124
0
0
1.224
0.2
0.2
0.3
0
0
1.224
1.224
1.824
0
1.324
0
0
0.2
0
1.224
0.1
0.1
0
0.3
0
0
0
0
0.1
0
2.224
0.1
0.1
0
1.524
0
0
1.224
0.1
0
0
1.224
0.1
1.524
0
0.1
1.224
0.2
0.4
0.5
1.324
0.1
0.1
0.2
0
1.424
0
0.1
0.2
1.224
1.224
1.324
1.224
0
1.424
0.1
0
0
0.6
0
1.324
0
1.224
0.6
0.1
0
1.624
0
0
1.424
0
0
0
0.2
1.524
0
0.1
0.7
0.2
1.224
0.4
0.4
0.1
0
1.524
0.1
1.424
0
0.4
0.4
0.1
1.224
0
0.1
1.324
0
0
1.324
1.424
0
0
0
0
0.2
0
0
1.224
0
0.5
0
1.324
0.1
0.2
0
1.324
0
0
0.2
1.224
0.1
0
0
0.1
0.1
0
0
1.224
0.1
1.324
0
0.4
0
0
0
1.224
0.2
0.5
0
0
0
0
0
0.1
0
0
0.1
0
0.2
0
0.2
1.724
0
1.424
0.2
1.324
0
0.4
1.424
0
0
0
1.224
0
0
0.1
0.1
0
0.2
0
0.1
1.424
0
0
0
0.1
0.1
0.2
0.1
0.1
1.324
1.224
1.424
0
1.224
0.1
0
0
0
0.1
0.3
0.2
0
0.1
1.224
0
0.1
0.1
0.1
1.224
0
1.424
1.324
0
0.4
0
0
0
0.2
0
0
0
1.224
1.324
1.224
0.1
1.224
1.424
0.2
1.224
1.224
0
0
0.3
1.224
1.224
0.5
0
0
0.5
1.624
0
1.324
0.1
0.2
0.1
1.224
1.324
0.1
0.3
0
1.224
0
0
0
0
0.1
0
0.1
0.1
0.1
1.424
0
1.224
0
0.1
0
0
0
1.224
1.624
0
0
0
0.1
0.1
0
1.324
0
1.224
1.224
0.4
0.1
0.2
0
0
0.1
0
0.1
0.1
0
0
0.1
0.1
0
1.724
0
1.224
1.524
1.624
0.1
0
1.224
0.4
0
0
1.224
0
1.724
0
1.224
0
0
0
0
0
0.1
1.224
0.1
0
0
0
0
1.324
0
0
0.1
0
0.1
0.1
0.1
1.224
0
0
1.324
0.2
0
1.224
0.2
1.324
1.224
1.224
0.2
0.1
0
0
0
0
0
1.224
0
1.724
0
0.1
0
1.324
0
0
0
0.1
1.224
0.1
0.2
0.6
0.2
0
0.2
1.224
0
0
0
0
0.2
0.3
0.1
0.1
0.1
0
1.524
0.6
1.224
0
1.324
0
0
0
0
0
1.224
0.1
0
0.5
0
0
1.224
0
0
0
1.324
0.1
0
1.324
1.224
0.1
0
0
0
0
1.324
0
1.424
0
0.2
0.1
1.224
0.7
0
0
0
0.2
0.2
1.224
0
1.224
0
0
0
0.1
0
1.624
0
0
0.1
0
1.224
0.3
1.224
0
0.1
0
0.1
1.224
0
1.224
0.1
0
1.324
0
0
0
1.224
0
0
0
0.2
1.224
0
1.224
0
1.324
0
0
0
1.224
0.2
0.1
0
0
0
0
1.224
0.1
0
0.1
0
0
0.1
0.1
0
0.1
0
0.1
0.1
0.2
1.324
0.1
0.1
0
0.5
0.1
0
0
1.324
0
0
0
0.4
1.3
0.1
0
0
1.224
0
0
0
0.1
0
0
0.1
1.224
0
0.1
1.224
0.1
0
1.324
0
1.224
0.1
0
0
0.1
0.1
0
0
0.1
1.624
0.1
0.4
0
1.224
0
0
0
0.2
1.224
0.2
0.2
0
1.324
0
1.224
1.624
1.924
0.2
0
1.224
0.1
0.1
0
0.1
0
2.024
0.2
0.1
0.2
1.224
0
1.324
0
1.724
1.224
0
0.1
0
0
0
0
0
0
0
0
0
0.1
0.1
0.2
0
0
0
1.224
1.324
0.1
0.3
1.424
1.424
0
1.324
1.424
0
0
0
0
1.224
1.324
1.324
0
0.2
0
0
0.2
0
0
0
0
0
0.1
0
0.2
0.4
0
0
0.1
0
0.3
0.1
0
0
0.2
0.6
0
0
0.9
0
0.2
1.324
1.224
0
0
0.4
0
0
0
0
2.024
0
0.4
1.836
0
0
0.5
0
0.1
0
0.1
0.1
1.02
0
0
0
0
0
0
0
1.224
0
1.724
0
0.2
0
0
0
0.2
0
1.224
1.224
0
0
1.224
1.424
0.1
0.5
0.2
1.224
1.324
0
0
0.2
0.3
1.2
0.1
0
0
0.2
1.524
0.3
1.224
0.1
0.2
0
0.1
1.224
0
0
0
0.2
0.1
0.4
0.2
0
1.324
0
0
0.1
0.1
0
1.32
0.1
0.3
1.224
0
1.224
0
0.1
0.3
0.2
0
1.224
0
0.2
0.2
0.3
1.224
0
0.1
1.324
0
0.4
1.324
0.1
0
0.3
1.224
0.3
0.1
0
0
0
0
0
0.1
0
1.22
0.3
0.1
0
0
1.224
0.4
0
0
0
0.1
0.1
0
0.1
0.1
0
0.4
1.22
0.3
0.1
0.2
0
0.1
0.2
0
0
0
1.424
1.424
0.1
0.1
1.12
0
0
0
0
0
0.1
0
0.1
0
0
0
0.3
0.1
1.224
0.1
0
0.2
0.3
0
0
0.7
0.1
0
0.2
0.3
0.1
0.2
0.1
1.624
0.1
1.224
1.224
1.424
0
0
1.224
0
0.1
1.224
1.224
0.2
0.1
0
0.1
0
0
0
1.324
0
0.2
1.224
0
0.1
0.1
0.3
0.1
0.1
0
0.1
0.1
0.8
0.1
0.1
0
0
0.2
0
0.1
0
0.3
0.2
0
0
0.1
0
0.2
0.1
0.3
0.1
0.2
0.3
0
0
0
0.1
0
0
0
0
1.324
0
0.2
0
0.3
0.2
0.2
0
0.1
0.1
1.324
1.224
1.224
0
0.3
1.824
1.224
0
0.3
1.224
0.1
0.2
0.3
0.3
0.2
0
0.1
0.2
0.3
0
0
0
0.2
0
0.1
0.1
0
0
0.1
0
0
0.1
0
0
0.1
0.1
0
0
0.1
0.3
0.2
0.1
0.2
0.2
0.2
0
0
1.224
1.224
0
0
0.2
0.3
0.1
0.1
0
0.2
0
0
1.824
1.624
1.324
0.2
0
0.4
0
0
0.5
1.424
1.324
0
0
0
0.1
0.2
0.3
0
0
0
0.1
0
0
0.1
1.224
0
0
0
0.4
0.5
0.1
0
0
0
0.2
0.1
0.2
0.1
0
0
0.1
0.1
0.3
1.224
0.2
0.2
0.1
1.224
1.324
0
0
0
1.224
1.524
0.1
0
0
0
0
0.2
0
0.1
0
0.1
0.1
0.2
0.1
0
0.2
0.2
0
0
0
0
0.1
1.224
0
1.02
0
0
0
0
0.1
0.2
1.224
0
0
0.1
0
0
0.3
0
0.5
0.2
0
0
0.1
1.324
0.1
0.1
0.1
0
0.1
0.2
0.1
0
0.2
1.424
0.2
0
0.5
1.12
0.3
1.224
0
0.2
0
1.724
1.02
0
0
0
0
0
0
0.1
1.424
0
0
0.1
0
0.1
0
0
0
0.2
1.224
0.3
1.824
0.2
0.2
1.624
0
0.1
0.1
0.1
0.1
0
0
0
1.224
1.22
0.1
1.224
0
0
0.5
0
0
0.5
0.1
0
0.4
0.1
0
0.3
0.1
0.1
0.1
0
0.5
0.1
0
0.3
0
0
0
0.1
0
0.1
0.2
0
0.1
0.3
0
0
0
0
0
0
0.1
0.2
0
1.02
1.324
0
0
0
0
0
0.4
0.2
0
0.1
0
0
0
0.1
1.02
0.1
0
0.1
1.424
0
1.224
0
0.3
0.1
0
0.8
1.624
0
0
0.1
0.2
0
0
0
0.1
1.224
1.224
0
0.1
1.724
0
0
0
0
0
0.2
0.1
0.1
0.1
0
0
1.224
0.6
0
1.224
0.1
0
0.1
0
0.1
0.1
0.1
0
0
0
0.1
0
0.1
0.2
1.424
0.2
1.324
0.2
0
0
1.224
0
0
0
1.224
0.1
1.324
0
0.1
0.2
1.324
0
0
1.12
0.1
0.1
0
1.224
0
0
0.1
0.3
0.1
0
0
0
0.1
0.1
0
1.42
0.1
1.224
0
0.2
0
0.4
0.4
0
0
0.1
0
0
1.02
0.1
1.224
1.224
0
0
0
0
0
0.2
0
1.224
0.1
0
0
0.1
0
0.2
0.1
0.7
0
0.2
1.224
0.1
0.8
0
0.1
0
0.6
0
0.1
0.3
0
0.3
0
0
0.2
0.1
1.224
0.3
0
1.624
1.324
0.1
0.3
0.1
0
0
1.224
0.1
1.424
0.1
0
1.224
1.224
1.224
0.1
0
0
0
0.3
0.5
0.1
0
2.324
0.1
0.2
0
1.224
0
0.8
1.724
0
0.1
0.1
0
1.724
0
0.2
0.1
0
0
1.02
0.1
0.3
0.4
0.1
0
0
0.1
0.1
0
0.2
0
0
0
0.2
0
0.2
0
0
0.1
1.424
0.3
0
1.02
0
0.1
0
0
0.2
0.2
0
0.2
0
0
0
0.1
0.2
0
0.2
0.3
0.4
0
0.1
0
0
0.3
0
0
0.2
1.424
0
0.1
0.1
0
0.1
0
0
0.6
0.3
0
0
0.3
1.936
2.036
1.836
2.236
1.836
1.836
0
0.4
0
0.1
0
0
1.324
2.136
1.224
0
0.1
1.424
1.324
0
0
1.224
0.2
0
0.6
1.324
0.1
0
0
0
1.224
0.1
0
1.624
0.1
1.224
0
1.324
0
1.224
0
2.424
0.1
0
0
1.724
0
0.6
0.1
0
0.3
0.3
1.224
0
0
0
1.224
1.324
0
0
0.1
1.224
0.1
1.224
0.1
0.1
0
0.2
1.224
0
1.424
0.1
0
0
1.224
0
0
0.1
0
1.424
0
0.1
0
0
1.324
0.1
0
1.624
0
0.1
0.2
0
0
0
0.1
0.1
0.3
0
0
0.1
0.3
0.2
0
0.1
1.224
0
0
1.224
1.224
0
0
0
0.3
0.8
0.1
0.1
0.4
1.624
0.3
