0.1
0.1
3.872
4.284
3.972
0
0
1.224
0
0
0
1.224
0
0
0
0
0
1.224
1.224
1.224
2.448
2.448
1.224
1.224
1.836
1.224
1.224
3.772
4.896
3.672
1.224
2.448
0.1
0.1
0.3
0
0
0
0
0.1
0
1.724
0
0
0
1.224
0.1
0.1
0
2.448
1.224
0
2.448
0
0
1.224
0
0
0
1.824
0.1
0
0
1.424
0.1
0
0
0.2
1.524
0.2
0
1.524
0.1
0
1.724
0.3
0
0.1
0
0
2.548
0
1.224
0
0
0
0.1
0
1.224
1.524
0.2
1.224
0
0
0
1.424
1.224
0
1.324
1.224
0
0
0.2
0
3.06
0
0
0.1
0.1
0
0.1
0
0
1.224
0
0.3
0.1
1.324
0
0
0.4
0
1.224
0
0
0
0
1.224
0
1.324
0
0
0
0
1.224
0
1.224
1.424
1.424
0.2
0
1.324
0
1.224
0
0
1.224
0.1
0.1
0
1.224
0
0.1
0.1
0.1
0.2
0.2
0
0.2
0.1
0
0
0
0
0.2
0
1.424
0
0
1.924
0.1
0.1
1.224
0
1.224
2.648
0
0
2.448
0
0
1.224
0
2.448
0.2
2.948
1.424
1.224
0
2.448
0
1.324
0.1
1.324
1.424
1.224
1.224
0
1.224
1.424
0
1.224
0
1.224
0.2
0
0
1.424
2.648
1.324
2.448
0.1
1.324
0.1
0
0.4
0
0.3
0
1.224
0
2.448
2.748
3.672
3.672
2.648
2.448
2.448
3.772
2.448
3.972
3.672
1.224
1.936
4.484
0.1
3.248
1.424
1.224
1.624
1.836
1.524
3.36
1.224
0.1
1.224
0
1.224
1.324
2.136
1.224
0
1.224
0
1.324
1.224
0
0
2.448
1.324
5.608
0
0
0.2
2.448
0
0
2.448
1.324
3.672
0
0
1.324
2.448
0
1.224
2.448
0.1
1.224
0
2.448
1.224
3.772
3.672
3.772
0
1.224
1.224
2.748
2.448
2.448
3.672
0
0
0.1
0
1.324
0
0
0
1.224
0
0
0
0
0
0
0.3
1.224
0
3.16
0.1
1.224
1.224
1.224
2.448
0
1.224
0
1.424
0
0
0
0
0.2
0
0
1.224
0
0
1.324
1.224
1.224
3.26
3.26
0
0
0
0.2
0
0
1.224
0.3
0
0.2
3.26
1.324
4.384
0.1
0
1.324
0
0.3
0.4
1.224
1.836
0
0
1.324
1.224
1.224
0
1.224
1.224
1.224
0
3.06
2.448
1.836
2.448
2.448
1.224
4.284
3.06
1.224
0
1.324
0
0
0
2.548
2.648
2.448
0
2.448
1.324
3.672
2.648
1.224
3.06
1.224
3.672
4.484
2.448
4.484
1.224
0
2.448
1.224
2.448
3.672
5.608
1.224
2.648
2.448
3.672
3.872
3.772
5.508
3.672
1.324
2.648
2.548
2.448
3.672
1.224
1.224
2.448
2.548
1.224
3.772
3.872
2.548
2.648
1.224
5.808
2.448
2.548
5.808
5.608
4.284
1.224
4.384
3.16
6.932
2.448
1.224
1.324
2.448
2.448
5.508
2.548
2.448
2.448
2.548
5.508
2.448
2.448
5.508
2.448
2.448
1.424
2.448
2.648
1.224
2.548
2.448
2.448
3.06
5.808
2.648
2.448
2.448
3.36
5.508
1.224
1.624
2.748
1.424
2.448
2.748
1.424
1.324
4.284
3.772
2.548
2.548
2.448
1.324
2.648
2.548
1.224
1.224
1.224
2.448
1.224
3.672
4.284
2.548
2.448
1.224
2.448
5.508
5.608
2.548
2.448
2.448
3.672
5.196
3.672
1.224
2.648
3.16
1.224
3.06
2.548
5.608
4.684
2.448
2.448
1.224
3.772
3.672
2.448
3.672
5.608
2.448
2.448
5.508
1.224
1.624
2.448
1.224
5.508
2.448
4.996
4.684
2.448
3.672
1.224
3.672
3.872
3.872
2.448
1.224
3.672
1.224
1.324
2.548
1.324
2.448
2.448
2.448
2.548
4.284
2.648
5.808
3.872
3.772
1.224
2.448
1.224
5.508
2.448
1.224
3.26
2.448
3.672
2.548
1.424
2.448
1.324
1.224
1.224
1.224
2.448
2.748
4.384
3.672
3.772
2.448
1.224
2.448
4.284
2.448
2.448
2.448
3.672
2.448
1.424
2.448
2.448
2.548
1.224
1.224
2.448
3.772
1.224
2.548
4.284
2.548
3.672
1.224
4.484
1.324
1.224
2.448
2.548
2.448
3.672
1.224
2.448
3.872
1.224
3.672
2.448
2.548
2.548
2.448
2.448
1.224
2.548
5.908
1.224
1.324
4.484
1.224
3.06
1.824
3.672
3.672
2.548
3.16
1.324
4.384
2.448
4.284
6.932
3.772
3.06
3.06
4.384
4.284
4.384
2.448
3.772
5.508
2.648
3.06
5.508
2.448
6.732
1.224
1.224
4.284
2.448
1.224
3.16
2.448
4.484
1.324
1.224
1.224
3.16
3.672
4.896
3.872
6.732
2.448
1.224
4.172
3.06
5.096
4.384
2.448
2.448
1.224
4.384
3.772
1.224
3.672
3.972
3.972
3.672
4.584
1.224
3.672
2.548
4.684
3.872
3.16
4.284
2.648
1.224
6.732
2.448
3.672
3.672
4.284
1.324
3.772
3.16
2.548
2.548
2.448
3.36
2.548
1.224
3.672
3.672
4.896
4.584
2.448
2.548
3.672
2.448
1.224
2.648
4.284
1.224
5.708
1.224
3.672
2.448
1.324
1.224
2.448
3.872
2.448
2.448
1.224
3.772
4.384
1.224
1.224
3.06
1.224
3.672
5.508
2.448
1.224
2.448
3.16
6.832
2.448
5.508
2.448
5.508
4.384
2.448
3.972
4.284
2.748
2.448
2.448
3.672
3.672
4.284
4.384
1.224
1.224
5.708
2.548
2.448
3.672
2.448
3.672
1.424
3.872
1.424
1.324
1.324
4.896
2.448
1.224
2.548
3.772
2.448
3.772
2.448
2.548
3.872
1.224
2.448
2.448
1.224
3.672
4.996
3.672
1.224
4.284
4.284
3.772
1.224
2.448
5.508
2.448
3.672
1.224
2.448
2.448
3.972
8.932
2.448
2.648
3.06
3.772
2.448
2.648
2.648
3.672
1.224
4.284
2.448
2.448
1.224
2.448
1.224
5.708
3.672
1.224
3.672
5.508
5.508
5.196
2.448
2.448
2.448
3.672
3.672
2.448
3.772
5.508
4.384
3.772
1.224
1.224
1.224
1.224
3.672
1.224
1.324
4.284
5.508
1.324
5.508
1.224
1.224
1.224
1.224
3.06
1.224
2.448
3.672
3.772
2.448
3.672
2.448
1.224
2.448
2.548
2.448
3.672
3.672
3.06
4.896
4.072
1.224
1.224
2.448
3.672
3.772
2.648
2.448
2.448
1.424
2.448
4.072
1.224
3.672
3.672
2.448
3.672
5.508
2.448
7.532
3.26
4.284
1.224
5.508
2.448
5.608
2.448
2.448
2.548
5.508
2.448
1.324
2.548
4.284
5.096
3.672
2.648
3.06
2.448
2.448
1.224
1.224
2.448
2.448
2.448
3.16
2.448
1.224
1.424
3.048
4.384
2.548
1.224
1.224
4.284
2.448
1.224
2.548
3.672
1.324
4.072
3.772
1.324
1.324
2.448
5.708
5.608
2.648
4.896
4.284
3.772
3.872
3.772
4.172
2.548
3.972
3.872
3.872
1.224
5.708
3.672
2.548
3.672
3.672
3.672
3.672
3.672
3.672
7.032
3.672
3.772
2.448
6.932
6.732
6.732
3.672
2.448
2.548
3.672
1.224
1.324
1.224
3.06
2.448
4.384
3.972
5.708
4.072
3.672
2.548
2.448
2.448
4.284
3.672
4.384
2.548
2.848
2.848
3.672
2.548
3.672
3.672
3.672
3.672
2.648
3.672
5.708
1.224
4.996
1.224
4.896
5.296
3.772
3.672
4.896
3.672
5.096
2.448
4.284
4.284
4.896
3.16
1.224
2.448
2.648
2.648
3.36
2.548
1.224
2.448
0
1.424
4.484
0
2.448
1.836
0.3
1.224
0.2
0
2.448
4.384
1.224
2.448
0.1
0
0.2
1.224
0
0
1.224
0
0
1.224
1.224
1.224
1.224
0
1.424
1.224
0.2
1.224
0
0
1.224
0
0
0
1.224
1.224
0
1.524
0
1.836
1.224
0
0
1.224
1.224
1.324
1.224
1.924
0
1.424
0.1
1.324
0.2
2.448
0
0
1.424
1.224
0
1.836
0
1.224
2.448
1.324
1.324
0.3
0
0
0
0
0.1
0
1.224
1.324
0.1
1.224
1.324
0
1.324
2.448
1.224
0
2.548
1.324
1.224
0
0
2.448
1.324
1.224
1.224
1.224
1.224
0
0
1.524
1.224
1.224
0
1.424
1.936
1.224
0.1
1.224
2.448
0
0
0
0.1
0
0
0
1.224
2.448
1.224
0
1.424
1.224
1.224
1.224
0
0
1.224
0.2
1.224
1.224
1.524
1.224
1.324
1.224
0.3
1.224
1.224
0.1
1.224
1.224
0
0
0
1.324
2.548
0.2
0
0
1.224
0
1.224
1.224
1.224
0
0
1.224
0
0
1.324
1.224
1.324
1.224
1.324
1.324
0.1
1.224
0.1
0
0
1.324
1.324
1.224
1.224
1.224
0.3
0
0
1.224
0
1.836
0.1
0.1
1.324
1.224
1.324
0
1.224
1.324
0
2.448
1.224
0
1.224
0.2
1.224
0.2
0
1.224
0
0
1.224
2.548
1.224
2.548
1.224
1.224
0.2
1.224
0
2.448
0
1.324
1.224
0
0
0
0.1
0
0
1.224
1.224
1.224
1.224
1.324
0
2.648
1.224
1.224
1.224
0
1.224
1.224
0
0
1.324
0
1.224
1.224
1.224
1.224
1.324
0
1.324
0.1
1.324
0.1
0
0
1.224
0.6
0.2
0
0
0
0
1.324
1.224
0
1.224
2.548
0
0
0
0
0.1
1.224
0
1.224
0
0.2
0
1.224
1.224
2.448
0
1.224
1.224
1.224
2.448
1.424
0
1.224
1.224
1.224
1.424
1.224
1.324
1.224
1.224
1.224
0
1.224
0.1
0
1.224
1.224
1.224
1.524
0
0.1
0
0.3
0
0
1.424
0.4
2.448
0.1
1.224
0.2
0
1.224
1.724
0
0
0
2.448
0
1.224
2.448
2.648
0
1.224
0
1.224
0.1
1.224
0.1
1.224
1.224
1.224
1.224
1.324
0.1
1.224
0.1
0
0
1.324
1.224
1.224
0.1
1.224
1.224
1.224
0
0.2
0
0
1.224
1.224
0
0.1
1.224
0
0
0
0
3.672
0
0
2.548
1.324
1.324
1.224
0
1.224
1.224
1.224
1.224
0
0
1.224
0
0
1.224
0
1.224
1.224
2.448
0.1
1.224
1.224
2.448
1.224
1.224
0
2.548
0
0
1.224
1.324
0
1.224
0.1
1.224
0
0
1.936
1.224
1.424
0
1.324
1.224
1.324
0
1.224
1.936
0.1
0
2.648
0.1
2.448
1.224
0.4
1.324
0
0
0
2.448
2.448
0.1
0
1.224
1.224
0
0.1
1.224
0
1.324
0
0
0
1.224
1.224
0
0
1.224
2.448
1.224
0.2
2.548
1.524
1.224
0
1.224
0
0
1.324
0
0
2.448
1.324
2.448
0
1.424
1.424
0.1
1.224
1.224
0.4
0
1.224
0.1
0
1.224
0.2
0
1.224
0.2
1.424
0
1.224
1.224
1.424
0
1.224
2.448
1.224
1.224
1.224
1.224
0
1.524
2.548
0
1.224
0
0.2
1.224
0
1.224
0
0
0.4
0
1.224
0
0
1.224
0
1.224
0
1.224
0.3
1.224
0
0
1.224
0
0
1.224
0
1.324
0
0
0
0
0
1.224
0.2
0
0
1.524
0.2
1.224
0
0
1.324
0
1.224
2.448
1.936
0
0
0
1.224
1.324
1.224
0
1.224
0
2.448
0
1.224
1.224
2.448
1.224
0
1.324
1.324
1.324
1.224
0
1.224
2.448
0
0
1.224
0
0
1.224
1.224
0.1
1.224
0
1.624
0
1.224
0
2.448
1.224
0
0
1.224
1.224
1.224
0
1.224
0
0
0.1
1.224
1.224
0
0
1.224
2.448
0.4
1.224
0
0
0.2
1.224
2.448
1.224
1.224
1.224
0
0
0.1
0
1.324
0
0
0
0
1.224
1.324
1.224
1.224
2.448
1.224
2.448
1.224
0
2.548
1.224
0
0
0
2.448
2.448
0
1.224
0
0
1.224
1.224
0
1.224
0
2.648
0.1
0.6
0
0
0
0.1
1.524
2.448
0
0.1
3.972
1.224
1.836
2.548
1.224
1.224
0.1
0
0
0.1
0
2.748
0
0.1
1.524
0.2
0.2
2.548
0
1.224
0.1
1.224
1.324
1.224
0
0
0
0
1.224
1.224
0
1.324
0
1.424
1.224
2.548
0.8
1.224
1.224
0
1.224
0.1
1.324
0.5
0
1.224
1.224
0
1.524
0
0
0.2
0
3.16
0.3
1.224
1.324
2.848
1.224
1.224
1.224
0.1
1.324
0
1.224
1.224
0
1.224
2.648
1.224
1.224
0
1.324
2.448
0.1
1.224
0
1.224
0.1
1.224
0
0
2.548
2.548
0
0
0
1.224
1.224
1.324
1.224
1.224
1.324
1.224
0.2
0
0
1.324
1.224
1.224
1.324
0
1.324
0
1.224
0
1.224
0.1
0
1.324
0
1.424
1.224
1.424
1.324
1.224
1.324
1.424
0
1.324
0
2.648
2.448
2.448
4.284
2.548
0
2.448
0
2.748
0
0.1
0
1.324
0.1
0
1.224
0
0.2
0
0.5
0
2.448
0
0
0
4.384
0
0.1
1.624
4.284
1.224
0
1.224
4.284
0
0
3.248
2.548
1.224
3.06
1.324
3.26
0.1
1.524
0
0.4
4.272
2.548
0
1.224
3.16
1.836
2.136
1.224
0
1.324
1.224
0
1.224
3.06
1.324
3.672
0.1
1.324
2.548
2.548
3.26
1.224
1.224
2.448
0
1.224
1.224
0
2.548
2.448
3.772
0
1.224
1.224
1.324
0
4.784
2.648
2.648
1.524
0
0
2.448
1.836
4.896
4.896
2.448
5.608
1.424
2.548
4.896
2.448
4.896
2.448
3.972
0
2.448
3.06
1.224
0
0
0
0.7
0
0
2.548
1.224
2.548
