0.2
0.3
3.448
2.948
2.648
0.4
0.1
3.06
0.1
0
0.2
0.1
0.1
0.5
0.8
1.836
0
1.224
1.224
1.324
0
0.2
1.224
1.224
0.1
1.424
1.224
2.848
2.448
2.548
3.06
1.224
0.6
0
0.2
1.936
1.836
0
0
0.1
0
1
1.836
0
0
0
0
0.2
0
0.2
0
0
0.1
0
0
3.16
0
0
0.1
0.1
0.7
0.1
0.3
1.724
0.2
0.1
0.1
0.2
0
0.7
0
0
0.3
0
1.2
0.6
1.836
0.2
0
0
1.424
0
0
0
0
0
0
0
1.224
2.324
0.1
1.224
0
0
0
1.936
2.336
0
1.324
3.06
0
0.3
0.2
0
3.06
0.1
0
0.5
0
0
0.4
0
0
0
0
0.1
0.1
1.224
0
0
1.7
0
1.324
0.3
0.1
0
0
0
0
0.3
0
0.1
0
0
0
0.2
0.1
0.1
0
0.1
0
1.224
0
0.1
0
0
0.1
0
0
0
0.1
0
0.1
0
0.1
0.1
0
0
0.4
0
0.1
0
0
0
0
0
3.26
0
0
2.124
0
0.4
0
0.1
0
3.16
0
0
0.1
0.1
0.2
0
0
1.224
0.1
1.424
0.2
0
0
1.224
0.4
0.2
0.1
0.3
0
0
0
0.1
1.224
1.324
0
3.06
0
0.1
1.1
0
0
0.1
1.324
1.424
1.224
0
1.424
0
0
1
0
0.8
0
0
0
1.224
1.424
2.448
2.448
1.224
1.224
1.224
2.548
1.224
2.648
2.448
0
0
1.324
0
2.224
0
0
0.3
0
0.3
0.1
1.224
0
1.224
0
3.06
0
0.8
0
0.1
0
0
1.224
0
0
0.2
1.324
0.1
1.224
0
0
0.1
1.224
0
0.6
1.324
0
1.224
0
0.1
0
1.224
0.3
0
1.224
0.1
0.1
0
4.284
1.324
2.648
2.448
2.448
0.1
0
0
0.2
0
0
2.448
0
0.5
0
0
1.224
0
0
0
1.324
0.1
0
0.4
0
0
0.1
0.2
1.324
0
1.224
0
0.1
1.224
1.224
1.324
0
0
1.836
0.2
0
0.4
0.4
0
0
0
0
1.324
0
0
2.224
3.06
1.224
0.6
0.1
0
0
0
0.6
0
0
0.1
2.536
0.1
0.3
0.2
0
1.524
1.836
0
0
0.1
0.7
1
1.424
0.2
1.836
0
1.324
0.3
0
1.836
0
0
0
0
1.324
1.224
0
1.224
1.224
0
1.324
0
1.224
0
1.724
0
0
0.1
1.224
1.524
4.284
0
4.284
1.524
2.448
1.224
1.224
1.224
1.224
2.548
3.748
2.448
2.648
0
0
1.324
1.224
2.448
2.448
2.448
1.224
1.524
1.224
1.224
2.548
2.448
1.524
2.448
2.024
1.424
2.548
1.324
2.448
1.324
1.224
2.448
2.548
1.324
1.224
2.548
1.424
3.348
1.424
1.224
2.448
1.224
1.424
2.648
2.448
1.324
1.324
1.324
2.648
2.648
1.224
1.624
1.524
2.448
2.448
2.548
2.448
2.448
2.748
2.448
4.284
1.224
1.424
1.224
2.448
1.224
2.448
1.324
1.224
1.224
1.424
2.448
1.224
3.048
1.424
1.424
1.224
1.424
2.548
1.224
1.424
2.024
1.324
2.448
1.324
1.624
1.224
2.448
3.148
1.224
2.548
2.448
1.324
2.548
1.324
1.224
1.224
1.324
2.448
1.224
2.448
2.648
4.484
1.224
1.324
2.448
2.448
2.648
1.224
1.224
2.448
1.224
2.648
2.448
1.224
1.624
1.524
1.224
1.224
1.324
2.548
3.048
2.448
1.224
1.224
2.548
2.548
1.224
2.448
2.448
2.548
1.224
2.548
1.224
2.124
1.224
1.224
1.224
2.448
2.448
1.724
1.224
2.448
1.224
2.448
2.948
2.548
1.224
1.224
2.648
1.224
1.224
1.224
1.424
2.848
1.224
2.548
1.324
4.284
1.524
2.748
2.448
1.224
1.224
1.224
1.224
2.448
1.224
1.224
1.324
1.224
2.648
1.224
1.224
2.848
1.224
1.224
1.224
1.224
1.224
1.524
1.324
1.324
2.448
1.224
1.324
1.224
2.748
1.224
1.224
2.448
1.224
1.324
1.524
1.324
2.448
1.224
1.224
1.224
1.224
2.448
1.224
2.548
1.224
1.424
2.548
1.224
1.324
1.224
1.224
1.224
1.224
1.224
2.448
1.224
2.548
2.548
1.224
2.448
2.648
2.448
1.324
4.284
4.284
1.324
2.448
1.524
1.224
1.424
1.424
1.324
1.224
2.124
2.848
4.284
2.548
1.224
1.424
1.224
2.448
2.548
2.548
2.548
1.224
3.06
1.224
1.224
1.224
1.224
2.648
2.448
4.284
1.224
1.224
2.448
2.548
1.224
1.224
1.224
2.448
1.224
1.424
2.448
1.324
1.224
1.224
1.224
1.224
1.424
2.448
1.624
2.448
2.448
1.424
2.548
1.224
2.848
1.224
1.224
1.224
1.224
2.548
2.448
1.224
2.448
1.224
2.448
2.448
1.524
1.224
2.448
1.624
1.624
2.648
1.224
2.548
4.284
1.224
2.448
2.448
1.224
2.548
1.224
1.924
2.748
1.224
2.448
2.448
1.224
1.324
2.448
3.36
1.224
2.448
2.448
1.424
4.284
2.448
2.448
1.424
1.224
1.624
1.424
1.524
2.548
1.224
2.448
2.548
1.224
1.324
2.548
2.648
1.324
2.448
1.324
2.448
1.224
1.224
1.224
1.224
3.06
2.448
2.448
2.448
2.324
1.224
1.324
2.448
2.448
2.448
1.324
2.448
1.324
4.484
2.648
1.224
1.424
2.648
1.224
2.548
2.448
1.224
1.224
1.224
1.224
1.324
2.648
1.224
2.648
1.224
2.448
2.624
2.648
1.224
1.224
2.324
2.548
1.224
1.224
1.224
1.224
2.548
1.324
2.448
1.324
2.448
1.224
2.448
2.448
1.224
2.448
2.648
2.448
1.224
1.224
1.224
4.284
1.324
2.448
2.448
1.224
2.448
3.06
2.748
2.648
1.424
2.648
2.448
2.548
1.224
2.648
1.224
8.384
3.148
2.448
1.224
1.224
1.224
3.06
1.224
2.648
1.224
2.448
2.448
1.224
2.548
2.448
2.448
2.448
2.448
2.448
1.324
2.448
1.224
2.448
2.448
2.448
1.224
2.448
1.224
1.224
1.224
1.324
2.648
1.224
1.224
1.224
2.548
3.16
2.548
1.324
1.224
1.324
1.224
1.224
1.324
2.548
2.548
2.548
1.224
2.448
2.448
1.224
2.448
1.224
2.448
2.548
2.448
1.224
2.448
2.648
1.224
1.224
1.224
1.224
1.424
1.624
2.448
1.424
1.424
1.224
2.748
1.324
2.448
2.548
2.548
2.448
2.448
1.224
3.148
1.724
1.224
1.224
2.448
2.448
1.224
1.224
2.448
1.224
1.224
4.284
1.424
2.448
1.224
4.384
2.448
3.26
1.224
2.648
2.448
1.224
1.224
1.224
1.224
1.224
1.324
2.448
1.324
1.324
3.048
1.324
1.324
1.224
1.524
2.448
1.224
1.224
1.324
2.548
1.524
2.648
1.224
1.324
1.224
2.448
2.848
2.748
1.324
2.448
2.448
4.284
1.324
2.448
3.148
2.548
2.848
2.448
1.324
1.424
3.048
2.448
2.548
2.548
2.548
4.484
1.224
1.224
1.224
2.448
1.224
2.548
1.224
2.448
2.448
2.448
2.448
2.848
2.448
2.648
1.224
1.224
1.224
1.224
2.548
2.448
1.324
2.648
2.448
2.548
3.048
2.448
2.448
1.224
1.224
1.424
2.448
2.448
2.648
2.448
1.224
1.224
1.524
1.324
1.224
2.448
1.224
1.224
1.224
2.448
1.224
2.448
2.648
1.224
1.224
2.448
2.448
4.784
1.224
1.224
1.224
2.648
1.424
3.06
1.424
1.624
1.524
0.2
0
1.224
0
0
0.2
1.324
0
0
1.836
0.6
0
0
0
1.224
1.224
0.1
1.224
2.036
2.036
0.5
0.2
0
0
0.2
0
0
0
0
0
1.224
0
2.024
0
0.1
0.1
0.1
0
0
0
1.936
0.1
0
0
0.2
1.724
0.1
0.1
0
0.1
0.3
1.224
0
0
0.1
1.4
0
0
0.1
0.1
0.8
1.324
0.1
0
0.7
0.1
0.1
0.1
0
0
1.224
0.3
0.2
0.2
0
0
0
0
0
0.1
1.224
0.1
0.5
0.1
0.2
0.1
0
0
0.1
0
1.224
0
0
0.3
0
1.424
0.1
0.1
1.224
0
0.1
0.2
0.1
0.3
0.2
0
0
0
0.1
0.2
0.2
0.1
1.224
0.2
0.3
0
0
0
0.1
0.1
0
0
0
0
0.1
0
0
0
0
0
0.1
0
0
0
0.2
0
0.1
0
0.1
0.1
0.2
0.1
0
1.224
0
0.3
0.1
0.2
0.1
0.1
0
0
0
0
0
1.224
0
0.1
0
0.1
0
0.1
0
1.224
0
0
0.2
0.3
0.3
0
0.5
0.1
0
0.1
0.2
0
1.324
0
0.7
0.2
0.1
1.324
0.1
0
0.2
0.9
0
0
0
0
0.1
0
0
0
0
0
0.3
1
0
0.2
0
0.2
0
0.3
0
0.1
0.1
1.224
0
0
1.1
0
0.1
0.2
0
0.1
0
0.1
0
0.2
0.4
0.1
0
0.1
0.2
0.1
0
0.1
0
1.624
1.424
0
0
0
0.2
0
0
0
0.2
0.2
0.1
0
0
0
0.3
0
0.2
0.2
0.1
0.3
0.1
2.036
0
0.7
1
0
0
0.1
0.1
0
0
0.1
0.1
1.224
0
0
0
0
0.1
0
0
0
0
0.1
0.5
1.224
0
0
0
0
0.3
0.1
1.224
0.3
0
0
0
0
0.2
0
0.1
0
0
0
0
0
0.3
0.3
0
0
0.1
1.424
0
0
0
0.1
0
0
0.8
0.6
0
0.5
0
0.8
0
0
0.4
0.2
0
0
3.06
0
0
0
0
0.1
0
0
0
0
0
0.1
1.224
0
0
0
0.1
0.4
0.1
0.2
0.1
0
0
0
0
0.7
0
0
1.224
0.1
0
1.836
0
0.2
0.1
0.1
0.7
0.1
0
0
0.3
0.2
1.224
0
0
1.524
0
0.1
0
0
1.224
0
0
0.1
0.4
0
0
0.6
0
0
0
0
1.424
1.224
0.1
0
0
1.224
0
0
0.1
1.324
0
0
0.2
0.1
0.1
0
0
1.224
0.1
0
0.1
3.06
0.1
0.4
0.4
0.2
0
0
0
0.4
0.2
0.1
1.324
0.4
0
0
0.4
0.1
0.2
0.1
0
1.324
0
0.4
0
0.1
0.2
0.1
0
0
0.1
0.1
0.3
0.1
0
0.1
0
0.1
0
0
0
0
0.2
0.3
1.1
0.1
0.2
0.2
0
0
0.2
1.936
2.036
1.324
0.1
1.224
0
0.1
0.1
0.4
0
3.06
0.3
0
0
1
0.1
0
0.9
0.1
0
0.2
0.1
0.2
0
0
0
0
0
1.324
0
0
1.424
0
0
0.2
0
0.2
0.2
0
0.1
0
0.2
0
0
0
0.2
0.5
0
0
0.2
0
0
0.1
0
0
0.3
0.1
0
0.2
0
0
0.2
0
0
0.1
0.1
0
0.2
0
0
0
0.7
0
0
0.1
0.5
0
0
0
0.1
0
0
1.224
0.1
0.1
0
0
0
0.8
0
0
0
0
1.224
0.2
0
0
1.324
0
0
0
0.4
0.1
1.224
0
0
1.224
0
0
1.324
0
0
0
0
0.2
0
0.3
2.236
0.3
0
0.2
0
0
0.2
0.1
0
0
0.1
0.3
0
0.3
0
0.1
0.1
0
0
0.1
0.2
1.324
0
0
0
0
0.1
0.1
1.224
0.1
0
0.1
0
0
0
0
0.1
0
0
0.1
0.1
0.1
0.2
0.5
0
0.2
0.2
1.224
0.1
0
1.224
1.224
0
0.1
0
1.224
1.224
0
0
0
0.1
0.1
0
1.836
0
0
1.224
0
1.1
0
0
0.2
0.2
0.3
1.224
0
0
1.724
0
0.1
1.224
0.3
0.1
0
0.1
0
0
0.2
1.624
0.4
0.3
1.824
0.1
0.4
1.224
0
0
2.036
0
0.3
0.1
0
0
0.1
0
1.836
0
0
0
0
0.3
0.1
0
1.3
0.2
0
0.1
1.424
0.2
1.524
0.8
0
0.2
0
0
0.2
0
0.2
0.2
0.2
0.1
0
0
0.2
2.024
0
0.1
0
0.1
0.3
0
0
0
0.1
0.1
1.424
0
0
0
0.2
0.2
0.5
0
0
0.1
0.4
0
0
0
0.2
0.2
0
0
0.1
0
0.1
0.1
0.1
0
0
0.2
0.6
0
0
0
0
0.3
1.324
0
0.1
1
3.06
0
0.1
0
0.1
0
0
0.4
0.2
0
0.1
0.3
0.3
0
0
0.4
1.836
0
1.224
1.224
1.224
1.224
0
0
0
0.1
0
0
0.1
1.724
0.9
0
0
0.5
0.3
0
1.1
0.2
0.1
0
0
0
2.448
0
0.2
1.724
0
1.424
0
1.224
0.1
0.1
0
4.148
3.06
0
0
0.4
0.1
0.7
0.6
0
1.5
1.224
1.224
0
0
0
0
0.1
4.896
0.1
0.1
1.224
0.2
1.224
0.1
1.224
1.224
0
0.4
1.324
1.524
0.1
1.224
3.06
1.324
0
0
1.324
0
1.424
1.224
1.224
0.1
3.06
0
0
0
1.724
2.548
0.2
0.2
0
0
0
0
2.448
2.448
1.524
2.548
1.324
2.648
2.548
1.224
2.448
2.448
2.648
0
1.224
1.224
0
0
0
0.1
1
0.2
0
1.424
2.124
1.324
