0.9
0.4
4.148
3.448
3.872
0.1
0
1.224
0.1
0
0.2
0
1.324
1.9
2.5
0
1.224
1.224
1.224
1.624
0
0.4
1.224
1.224
0.6
1.324
1.524
2.648
2.548
2.548
1.324
1.324
4.8
0
1.424
1.2
0.2
0.1
0.1
1
0.1
1.9
0.1
0.2
0.1
0
0.9
1.824
0.5
0.4
0.1
0.1
1
1.324
0
1.324
1.224
1.324
0.1
0.8
5.724
2.524
0.2
2.824
1.6
0.7
1.524
1.224
0.1
4.324
0.1
2.024
1.624
0
4.6
1.2
1.324
0.2
1.324
0
2.624
1.224
0
1.324
0.1
1.224
1.224
0
1.224
4.648
0
1.524
1.624
1.224
1.224
0.3
0.3
1.224
1.324
1.224
0.3
2.024
2.324
0.1
1.224
0
0
1.9
1.524
0.4
1.924
1.424
0.1
1.324
0.1
0.2
0.3
2.448
0.1
0
7.824
0
1.424
1.724
1.524
0
0.2
0
0
1.624
0.9
0.1
1.424
0
0.3
1
0.5
1.324
0.2
1.2
0.3
2.548
1.224
0.3
1.224
1.224
0.3
1.624
0
1.424
0.2
0.1
0.3
0.3
0.9
1.2
2.024
0.1
2.3
0.2
0
1.424
0
1.424
0.7
1.224
1.324
1.224
0.8
6.924
1.224
1.924
1.324
0.1
1.424
1.524
1.424
1.424
0.2
0.2
0.3
1.624
0.2
2.648
2.2
3.348
0.8
1.424
1.324
2.648
0.4
0.2
0.5
1.624
1.524
0.3
0
0.3
1.224
2.324
1.624
1.224
0
1.424
2.2
1.224
0
0.5
1.624
1.324
1.324
0.3
2.324
1.224
0
8.824
0.1
4.724
0
1.224
1.324
1.324
2.924
2.648
2.448
1.624
1.224
1.324
3.048
2.548
2.748
2.448
1.524
0
1.224
0
8.548
0
0
0.3
0
1.1
0.4
1.224
1.224
1.224
1.424
2.548
0.1
2.1
0.1
1.424
1.524
1.224
1.324
0
1.224
3.324
1.624
0.3
1.324
1.224
0.3
0.5
1.224
1.224
1.3
1.224
0.1
1.224
0
0.3
0
1.224
4.824
0
1.324
1.224
1.224
1.224
3.672
2.448
3.972
2.448
4.072
0.1
0.1
0.1
1.324
0
0
2.548
1.224
5.024
0
0
1.324
0.3
1.324
0.1
1.824
1.324
0.4
0.6
0.5
1.224
2.624
1.924
1.224
1.924
2.648
1.224
1.324
1.224
1.224
1.624
0
0.3
0
0.7
0.1
0.3
1.2
0.6
2.124
0.1
1.224
1.424
0.1
1.224
4.424
2.748
1.224
0.8
0
1.224
0.1
0
4.1
0
1.224
0.1
6.624
1.624
1.8
0.6
0.3
1.624
3.1
1.424
0.1
1.724
4.124
8.324
1.224
0.2
0
1.424
1.424
2.524
0.7
0
0
0
1.224
0
1.324
1.224
0.4
1.324
1.224
0
1.324
0.1
1.324
1.224
5.148
0
0.1
0.6
1.724
2.724
2.448
1.224
2.448
1.824
2.548
2.224
1.424
1.424
1.224
2.448
5.448
3.872
2.948
0
0
1.624
1.224
2.448
2.648
2.548
1.224
3.148
2.548
1.224
3.772
3.672
1.924
2.448
3.524
2.224
3.772
1.324
2.548
3.048
1.324
2.548
4.372
3.248
1.224
2.648
1.824
3.648
1.424
1.424
2.548
2.448
2.524
3.148
3.672
3.148
1.424
1.424
2.948
2.748
1.324
5.248
1.424
2.848
2.548
2.748
3.672
2.548
2.648
2.448
3.672
2.448
2.024
1.524
2.548
1.224
2.448
3.148
2.648
1.524
2.224
3.872
1.224
3.648
1.324
2.548
1.224
2.124
2.448
2.548
1.924
6.624
2.024
2.548
2.024
5.824
1.224
2.948
3.348
1.824
4.348
3.672
1.624
3.148
2.548
1.224
1.224
1.524
2.548
1.224
3.672
3.348
2.948
2.448
1.424
3.672
2.648
3.772
1.424
1.224
2.448
1.224
3.248
2.548
1.324
3.348
1.624
1.224
1.224
2.548
2.748
3.948
2.548
2.448
1.324
4.172
2.548
1.224
2.648
3.672
2.548
1.424
2.448
2.448
7.348
1.324
2.448
1.224
2.548
3.348
3.648
2.448
2.448
1.224
2.448
2.748
2.948
1.524
1.224
4.172
1.224
1.624
1.224
2.124
3.348
2.548
3.772
1.424
2.948
1.324
2.848
2.748
2.548
1.224
1.224
1.524
2.648
1.624
1.224
1.424
1.224
2.948
1.224
1.324
4.072
1.324
2.648
2.448
3.448
1.224
3.148
1.624
1.424
2.548
1.224
1.524
2.448
2.548
1.624
1.224
2.648
1.224
1.224
4.824
1.724
2.448
2.548
1.224
1.424
1.324
2.448
1.324
2.448
1.324
1.424
2.748
2.448
2.224
1.224
2.448
1.424
1.424
1.224
2.448
2.548
2.448
3.872
1.224
2.448
2.948
3.348
1.324
2.448
2.448
1.424
3.972
2.324
2.648
1.424
2.124
1.624
1.224
3.824
2.948
2.448
2.548
1.324
1.824
2.648
2.448
2.848
2.948
2.848
1.324
1.524
2.548
1.224
1.424
2.548
2.548
2.448
2.748
1.324
1.324
2.948
2.848
1.224
2.448
1.524
2.448
1.424
1.524
2.448
1.424
2.548
1.324
1.324
1.624
1.624
2.448
1.724
2.548
2.448
1.624
3.648
1.224
3.148
1.324
2.448
2.448
1.224
2.448
3.772
1.224
2.448
1.324
2.548
2.548
2.848
1.224
3.672
1.724
1.724
3.348
1.224
2.848
3.048
1.224
2.548
2.448
1.224
4.172
1.224
1.724
2.848
1.224
2.448
3.772
1.424
1.524
3.672
2.024
2.448
2.448
2.448
1.624
2.548
4.272
3.672
1.724
1.324
1.724
1.724
1.324
2.448
2.448
2.548
2.648
2.448
1.524
2.448
3.048
1.424
2.448
1.424
2.648
1.424
2.548
1.224
1.424
1.324
2.448
2.448
2.748
5.424
1.424
1.424
2.448
2.448
2.448
2.448
2.548
1.524
2.648
2.648
2.648
1.724
4.372
1.324
2.848
2.548
2.448
1.424
2.448
1.324
1.824
4.172
2.548
2.548
1.324
3.672
6.424
3.648
1.824
2.124
2.848
4.072
2.448
1.224
1.324
1.224
2.448
1.324
3.872
1.724
2.748
1.224
3.672
2.448
1.224
2.548
2.848
2.448
1.324
1.224
1.224
2.648
1.324
3.672
2.448
1.324
2.848
2.648
2.648
5.048
1.724
2.648
2.548
4.072
1.224
2.648
2.448
3.148
17.972
2.648
1.324
1.224
1.424
1.224
1.224
5.772
2.448
2.848
2.448
1.224
2.748
2.448
2.548
2.548
2.448
2.648
1.224
2.448
1.424
2.648
3.772
2.448
1.324
3.672
1.324
1.424
1.224
1.324
2.548
2.448
2.448
2.748
2.448
1.224
2.448
1.424
1.224
1.424
1.224
1.224
2.848
2.548
2.648
2.548
2.548
3.672
2.448
1.224
3.772
2.448
3.672
3.148
2.448
1.324
2.448
4.672
2.848
1.524
1.324
1.324
1.324
1.824
2.648
2.024
1.824
1.224
5.572
2.448
2.548
3.772
2.548
3.872
2.448
1.424
4.048
3.748
1.324
1.524
2.548
2.448
1.224
1.424
2.648
1.324
1.224
2.548
2.024
2.648
1.324
2.748
2.448
1.724
1.324
2.548
3.772
1.324
2.448
2.848
1.524
1.424
1.724
3.972
2.548
3.048
3.848
2.548
1.324
2.448
1.324
2.448
1.224
2.448
1.624
3.672
1.824
2.848
1.324
1.424
2.548
2.548
2.948
3.648
1.424
3.672
2.448
3.872
1.624
3.672
5.148
3.772
4.672
4.072
1.824
2.948
2.648
3.672
4.272
3.972
2.548
2.848
1.324
1.224
1.224
2.448
1.324
3.872
1.324
2.548
2.548
2.548
2.948
8.472
3.672
3.872
2.448
1.424
1.224
1.324
2.548
2.648
3.048
2.548
3.148
2.548
4.372
2.448
3.672
1.424
1.424
1.624
3.672
4.772
4.272
2.448
1.924
1.324
1.324
2.948
2.648
4.472
1.224
1.324
2.448
3.772
2.448
2.548
3.248
1.324
1.524
2.748
2.548
3.748
3.048
1.224
1.224
4.472
1.924
1.224
1.424
2.124
1.624
1.1
0
1.224
0
1.524
1.924
1.824
1.324
1.224
0
2.5
0
4.924
0
1.224
1.224
2.124
1.224
1.3
0.1
0.2
0.1
0
3.924
0.5
1.224
0
0
0
0.1
1.324
0
8.148
0.2
0.5
0
0.2
1.424
0.7
1.224
1.224
0
0.1
0
0.1
2.224
2.124
0.6
0.1
0.1
0.5
1.224
0.2
0.1
0.2
4.5
0.3
0.2
0.6
0.2
1.7
1.324
0.1
0.1
1.1
0.4
2.224
0
0
1.324
1.224
0.8
0.2
0.7
0
0
0.1
1.324
0.2
1.524
1.224
0
0.8
0.3
0.7
0.3
1.424
0.2
0
1.524
1.624
1.624
1.424
0.1
1.424
2.848
0.5
0.1
2.548
0
0.2
0.2
0
1.4
0.2
0
1.224
0.4
0.1
1.5
1.424
0
2.548
0.3
1.424
1.224
1.224
0.2
0
3.724
0.2
0
1.324
0
2.224
0.1
0.1
0
1.324
1.524
1.424
0.6
0.1
0
1.4
0.2
0.2
1.424
2.224
0
0.1
0.2
0
1.224
0.1
1.324
1.324
0
0
0
1.224
0.3
1.424
1.224
0
2.448
0
0.7
1.224
0
1.224
0.5
0.1
1.224
0.2
0.1
0.2
1.1
0.9
0
1.2
0
0.1
0.1
0.8
1.424
2.748
1.224
1.9
1.624
0
1.224
0.2
0
0.5
0.3
0
0
0.1
0.1
0.5
0.2
1.424
0
1.224
1.224
0
1.7
0.1
1
0
0.1
1.324
1.324
0.6
0.4
1.724
1.424
0
0.2
9.724
0
0
0
1.224
0.4
0
1.324
1.524
0.2
0.8
1.324
0
0
0.6
0.2
0.3
1.1
0
2.748
1.624
0
0
0.1
0.3
0
0
0
0.1
0.2
0
1.524
1.524
1.624
0.5
0.8
1.824
2.124
0.4
0.4
0
0
0
6.024
1.2
0
1.224
2.224
0
1.224
0.4
1.424
0.4
1.824
0.1
1.324
0
1.524
1.424
0.2
1.224
0.4
0
0.6
4.224
2.448
0.1
0
1.224
0
0.4
0
1.324
1.224
0
0.1
1.224
0.2
0.4
1.624
0.3
0
0
1.224
1.324
0
0.2
0.1
0.1
0
0.2
1.924
1.324
0.4
0.1
0.8
0
0.1
1.6
0.7
0
1.924
0.2
1.924
1.224
0
1.5
0.5
0.1
1.224
1.324
1.324
1.224
0
1.424
0.2
1.224
1.224
0.2
0.1
0
2.3
2.448
0.1
0
1.324
0.5
1.8
1.424
0.3
0
1.224
0.4
0
0.1
1.724
0.1
0
3.248
0.3
1.724
0
0
0
0.3
0
0.4
0.1
0.5
1.324
0.1
0
1.224
0
1.224
2.748
0.2
0.3
0
0.2
2.448
0
0
0.4
0.2
0.5
0
0.5
1.324
1.224
1.224
0.1
1.624
1.224
0.1
0
0
2.448
0
0
1.324
1.824
0
1.324
1.324
0
1.324
0
1.324
1.224
0.4
1.424
0.1
2.448
0.4
0.2
0.5
0.2
0.4
1.224
0.3
0.1
0.3
0.1
1.424
0.7
1.524
0
1.4
0.7
1.6
0
0.1
2.748
1.224
0.7
0
0.1
1.2
0
0
0
1.224
0.3
0.1
1.624
0
0.1
0.1
0.6
0
0
0
0
0.1
0.2
2.4
0.5
1.624
0.9
0
1.424
1.824
1
0.5
1.524
0.1
2.548
0
0.2
0.2
0.3
0
1.224
4.524
0.1
0
0.3
0.1
1.224
2.424
1.624
1.324
1.824
0.5
0.7
0.1
0
2.224
1.224
1.224
1.724
0.1
0
2.748
0
1.224
0.6
0.3
0.1
0.2
1.224
1.424
0
1.324
0
1.224
0.1
0.9
1
0
0
0.2
0
0
0.2
1.224
1.224
2.1
0.2
1.224
0.2
0
0.1
0.2
0.1
0
1.724
1.324
1.224
0.1
0.1
0.2
0
6.124
0.1
1.224
0.6
1.6
1.224
1.224
0.2
0.1
0.2
0
1.224
0
0.2
0
0
1.524
2.4
0.1
0
0
1.224
1.324
0.1
0.2
1.624
2.848
0
1.524
0
0.7
1.324
1.224
0.1
1.224
1.324
0
0
2.548
1.224
1.324
0
0.1
0.5
0
1.824
2.1
0.2
0.3
0.3
0
0
0.2
0.3
1.324
0
0
0
0
0.8
1.224
2.124
1.824
0
0
0.4
0.4
3.048
0.2
0
0
0.1
0.2
1.424
2.948
1.424
1.324
0
0
0.1
0.2
0
0.3
0.2
0
0.3
0.5
0.1
2.324
0.9
0
0
1.424
2.448
0
0
1.224
1.224
0
0.2
0
1.224
2.448
0
0
1.424
1.224
0
1.224
1.224
0
0
1.724
1.924
3.424
1.424
2.824
0.1
1.824
2.3
2.448
1.224
1.324
2.824
0
0.1
1.324
0.1
0.2
0.1
0.1
0.2
0
0.1
1.824
0.7
0.8
2.124
0.1
1.6
1.324
0
0
0.1
0.4
0.8
0
1.724
0.1
0
0
0.2
0
0
0
0.4
0.6
0
0.1
3.3
0.1
0.1
0.2
1.224
1.724
3.524
1
0
0.5
0
0
1
1.424
1.624
0.5
0.5
1
0.3
0.2
0.3
6.548
0
0.4
0
1.224
0.3
0
0.4
0
0
0.1
1.724
0.1
0.5
0
0
2.024
0.4
0
1.724
0.1
3.224
1.724
0
0.1
0.8
0.6
0.1
0.2
0.1
0.1
1.324
1.324
1.924
0
1.524
0.5
1.1
0
0.1
1.324
0.6
1.1
2.548
0
0.5
0.9
1.224
0.1
0
2.124
1.324
0.1
0
1.2
1.624
1.224
0.4
1.424
0.5
0.9
0.2
0.6
0.1
1.324
1.424
1.724
1.324
1.224
1.324
0
0
0.9
1.224
1.324
0.2
1.524
0.6
0.1
0
0.1
3.3
1.224
4.9
0.2
0.2
0
1.224
1.224
2.448
0.1
0.1
1.624
0
1.624
1.224
1.324
0
0
0
8.748
1.524
1.224
0
0.8
0.4
6.924
2.5
1.224
4
1.724
1.424
0.3
0
0
0
0.3
2.548
1.324
0.1
1.224
0.2
2.448
0.2
1.324
1.324
0.1
0.4
1.424
2.648
0.4
1.324
1.824
1.424
1.424
0
1.724
0.3
3.348
1.524
1.224
0.1
2.448
0
0
0.7
2.524
2.548
0.6
0.7
0
1.224
1.224
0
2.448
3.672
2.224
2.748
1.324
2.848
2.848
2.648
3.672
3.772
4.272
1.724
1.224
2.448
1.524
0
1.224
0.6
5.8
0.2
0.1
2.024
4.524
2.124
