1.424
0
2.848
2.748
3.772
0.2
0.1
1.224
0
0
0.1
0
1.424
0.8
0.6
0
1.224
1.224
1.224
1.424
0
0
1.324
1.224
0.2
1.424
2.448
2.448
2.548
2.448
1.224
1.224
1.5
0
1.224
0.5
0.1
0.1
0.1
0.3
0
1.924
0.1
0.2
0.1
0
1.224
1.524
0.1
0
0
0
0.1
1.224
0
1.224
1.324
1.224
0
0.2
2.524
1.524
0.1
1.524
2.024
0.2
1.324
1.324
0
2.324
0.1
1.424
1.324
0
2.324
0.6
1.224
0.1
1.224
0
1.624
1.224
0
1.324
0
1.324
1.224
0
1.224
3.048
0.1
1.324
2.548
1.224
1.224
0
0
1.224
1.424
1.224
0.1
1.324
1.824
0
2.448
0
1.324
0.9
1.224
0
2.748
2.548
0
1.324
0.1
0
1.324
2.448
0
0.1
3.124
0.1
1.224
1.424
1.324
0
0.1
0
0.1
1.524
1.324
0.2
1.524
0
1.324
0.6
0.2
1.224
0.2
1.424
0.1
2.448
1.224
0
1.224
1.324
0.1
1.224
0
1.324
0
0
0.1
1.224
0.2
0.3
3.048
0.2
1.924
0
0.1
1.224
0
2.548
1.224
1.324
1.324
1.224
1.624
2.524
1.224
1.724
2.448
0
2.448
1.224
1.224
1.224
0.3
0.1
0.2
1.324
0
2.648
2.024
2.848
0
1.524
1.424
2.448
0.1
0
0.3
1.424
1.424
0
0
1.224
1.224
1.824
1.224
1.224
1.224
1.324
1
1.224
0
0.3
1.224
1.224
1.324
0
1.424
1.224
0
5.148
0
3.848
0
1.224
1.224
1.224
1.824
2.448
2.548
1.324
1.224
1.224
2.648
2.448
2.448
2.448
1.324
0
1.224
0
4.248
0
1.224
0.2
0
0.1
0.2
1.224
2.448
1.324
2.448
2.448
0
0.3
0
1.524
1.424
1.224
1.324
0
1.224
2.424
1.324
0.1
1.224
1.224
0.1
0.2
1.224
1.224
0.1
1.324
0
1.224
0
0
0
1.224
2.924
0
1.224
1.324
2.548
2.448
4.896
2.448
3.972
2.448
3.672
0
0
0
1.224
0.1
0
2.448
1.224
2.724
0
1.324
1.224
1.424
1.224
1.224
1.324
2.448
0.2
0
0.1
1.224
2.024
1.324
1.324
1.524
2.448
1.224
1.224
1.224
1.224
1.224
0
1.424
0
1.524
1.324
0
1.524
1.724
1.524
0.1
1.224
1.224
0
1.224
2.724
2.548
1.224
0.2
0
1.224
0
0
2.624
0
2.448
0.1
2.924
2.748
0.7
0.4
0.1
1.324
2.224
2.648
1.224
2.648
2.324
5.048
1.224
0
0
2.548
1.224
1.824
0.1
0
0
0
1.224
0
1.224
1.224
0
1.424
1.224
0
1.224
0
1.224
1.224
3.448
0
0
0.3
1.324
1.724
2.448
1.324
2.448
1.324
2.548
1.524
1.324
1.224
1.224
2.448
3.048
3.772
2.448
0.1
0
1.424
1.224
2.448
2.548
2.448
1.224
2.748
2.548
1.224
3.672
3.672
1.324
2.448
1.724
1.424
3.672
1.224
2.548
2.548
1.324
2.448
4.896
2.748
1.224
2.448
1.324
2.748
2.548
1.224
2.448
2.448
1.324
2.548
3.672
3.972
1.224
1.324
2.648
2.548
1.224
4.972
1.224
3.672
2.448
3.672
3.672
3.672
2.548
2.448
3.672
2.448
1.424
1.224
2.448
1.224
2.448
2.648
2.448
1.224
1.424
3.672
2.448
2.748
1.324
2.548
1.224
1.424
2.548
2.548
1.224
2.724
2.948
2.448
1.324
2.724
1.224
2.548
2.948
1.324
3.448
3.672
1.324
2.648
2.448
1.224
1.224
1.224
2.448
1.324
3.672
2.848
2.548
2.448
1.224
3.672
2.448
3.672
1.224
1.224
2.448
1.224
2.448
2.448
1.224
2.648
1.324
2.448
1.224
2.548
2.448
2.748
2.448
2.448
1.224
3.672
2.448
1.224
2.448
3.672
2.548
1.224
2.448
2.448
5.372
1.224
2.448
1.224
2.448
2.548
2.548
2.448
2.448
1.224
2.448
2.648
2.648
1.224
1.224
3.772
2.448
1.624
1.224
1.324
2.848
2.448
3.872
1.224
2.448
1.224
2.548
2.448
2.548
1.224
1.224
1.424
2.548
1.424
1.224
1.324
1.224
2.748
1.224
1.324
3.872
1.324
2.448
2.448
4.072
1.224
2.648
1.324
1.224
2.548
1.224
1.324
2.448
2.448
1.224
1.224
2.448
1.224
1.224
2.624
1.324
2.448
2.448
1.224
1.224
1.224
2.448
1.224
2.448
1.224
1.324
2.448
3.672
1.524
1.224
2.448
1.424
1.324
1.224
2.448
2.448
2.448
3.672
1.224
2.548
2.748
3.972
1.424
2.448
2.448
1.224
3.972
1.624
2.648
1.224
1.424
1.324
1.224
1.924
2.748
2.448
2.548
1.224
1.424
2.648
2.448
2.948
2.648
2.448
1.224
1.224
2.448
1.224
1.424
2.448
2.548
2.448
2.548
1.224
1.224
2.548
2.648
1.224
2.448
2.548
2.448
2.448
1.224
2.448
1.224
3.772
1.224
1.224
1.224
1.224
2.448
1.324
2.448
2.448
1.424
3.148
1.224
2.448
1.224
2.448
2.448
1.224
2.448
3.672
1.224
2.448
1.324
2.448
2.448
2.548
1.224
3.672
1.424
1.524
2.848
1.224
2.648
2.448
1.224
2.448
2.448
1.224
3.772
1.224
1.524
2.448
1.224
2.448
3.672
1.224
1.524
3.672
1.524
2.448
2.448
2.448
1.224
2.448
3.772
4.996
1.424
1.224
1.324
1.224
1.224
2.548
2.448
2.448
2.448
2.448
2.448
2.448
2.548
1.224
2.448
1.624
2.548
1.324
2.448
1.224
1.224
1.224
2.448
2.448
2.648
3.848
1.224
1.224
2.448
2.448
2.448
2.448
2.448
1.224
2.448
3.672
2.448
1.224
5.296
1.224
2.548
2.448
2.448
1.224
2.448
1.224
1.224
3.672
2.448
2.548
1.224
3.772
3.124
2.848
1.324
2.748
2.648
3.672
2.448
1.224
1.224
1.224
2.448
1.224
3.672
1.424
2.648
1.224
3.672
2.448
1.224
2.448
2.448
2.648
1.224
1.224
1.224
2.448
1.324
3.672
2.448
1.324
2.648
2.448
2.448
3.348
1.224
2.448
2.548
3.772
1.224
3.772
2.448
2.648
5.772
2.448
2.448
1.224
1.324
1.224
1.224
9.696
2.448
2.548
2.448
2.448
3.772
2.448
2.448
2.648
2.448
2.448
1.224
2.448
1.224
2.448
3.672
2.448
1.224
3.672
1.424
1.324
2.448
1.324
2.448
2.448
2.448
2.548
2.448
1.224
2.448
1.224
1.224
1.224
1.224
1.224
2.648
2.448
2.448
2.448
2.448
3.672
2.448
1.224
3.672
2.448
3.672
2.748
2.548
1.224
2.448
4.072
3.772
1.224
1.224
1.224
1.224
1.424
2.448
1.624
1.224
2.448
3.872
3.772
3.772
4.896
2.448
3.772
2.448
1.224
2.748
2.748
1.224
1.224
2.548
2.448
1.224
1.324
2.448
1.224
1.224
2.448
2.948
2.448
1.224
2.548
2.448
1.324
1.324
2.448
3.672
1.224
2.448
2.648
1.324
1.224
1.324
3.772
2.448
2.448
2.648
2.448
1.424
2.448
1.324
2.448
1.224
2.448
1.524
3.672
1.224
3.672
1.224
1.224
2.448
2.448
2.648
2.848
1.224
3.672
2.548
3.772
1.224
3.672
4.772
3.672
3.972
3.672
1.424
2.548
2.448
3.672
3.672
3.772
2.548
2.648
1.224
1.224
1.224
2.448
1.224
3.672
1.224
2.548
2.448
2.448
2.648
5.372
3.672
3.772
2.448
1.224
2.448
1.224
2.548
2.448
2.548
2.448
2.648
2.448
3.772
2.448
3.672
1.324
1.224
1.224
3.672
3.772
3.772
2.448
1.624
2.748
1.224
2.648
2.448
4.072
1.224
1.224
3.672
3.772
2.448
2.548
2.848
1.424
1.524
2.648
2.448
2.748
2.548
1.224
1.224
4.272
1.324
1.224
1.224
2.024
1.224
0.2
0
1.224
0
1.324
1.224
1.424
1.224
1.224
0
0.5
0
3.948
0
1.224
1.224
1.624
1.224
0.5
0
1.324
0
0
2.124
0.2
1.224
0
0.1
0
0
1.224
0
3.848
0
0.2
0
1.324
2.548
0.1
1.224
1.224
0
0
0
0
1.624
2.948
0.1
0
0.1
0.3
1.224
0.1
0.2
0.1
1.3
1.524
0
1.624
0
0.8
1.224
0.1
1.324
0.5
0
1.824
0
0
1.424
1.224
0.2
0.1
0.1
1.224
0.1
0
1.224
0.1
1.324
1.224
0.1
0.2
0
0.2
0.1
2.548
0
0
1.224
1.324
1.324
1.324
0.2
2.548
2.448
0.1
0.1
2.448
0
0
0
1.224
0.8
0
0
1.224
0.1
1.224
0.5
1.224
0
2.448
0.2
1.424
1.224
1.324
1.324
1.324
2.024
0
0
1.224
0
1.524
0
0
0
1.324
2.548
1.224
1.324
0.2
0
0.1
0.1
0.1
1.224
1.524
0
0.3
0.2
0
1.224
1.424
1.224
1.224
0.2
1.524
0.1
1.224
1.224
1.324
2.448
0.1
2.448
0
0.3
1.224
0
2.548
0.1
0.2
1.224
0.1
1.224
0.1
0.3
1.524
0
0.3
0
1.224
0.1
0.1
1.424
2.548
1.424
0.5
1.324
0
1.224
0.2
1.224
1.824
0.1
0.1
0
0
0
0
0.1
1.224
0
1.224
2.448
0
1.624
0.1
0.1
0
0.1
1.224
1.324
0.1
0.2
1.424
1.224
0
0
3.124
0
0
1.224
2.448
0.2
0
1.324
1.224
0.3
1.524
1.224
0.1
0.1
0.1
1.324
0
0.2
0
2.648
1.324
0
0
1.324
0.2
0
0
0
0.1
0
0.1
1.224
1.324
1.524
0.2
0.1
1.524
1.324
0
0.1
0
0
0
2.524
0.4
0
1.224
1.424
0
1.224
0.3
1.324
0
1.424
0
2.448
0
1.324
1.324
1.324
1.224
0
0.1
0.2
2.524
2.448
0.1
0
1.224
1.324
0.1
0
1.224
1.224
0.1
0
1.224
0.1
0.1
1.224
0.3
0.1
1.224
1.324
1.224
0
0.4
0.1
0
0
0
1.424
2.448
0.1
0
0.4
0
0
0.6
0.3
0
1.324
0
2.648
1.224
0
0.4
0.1
0.1
2.448
2.448
1.324
1.324
0
1.324
0
1.224
1.224
0
0.1
0
0.9
2.448
0.1
0
1.224
0.2
0.4
1.324
0.1
0.1
1.224
0.1
0
0
1.324
0
0
2.548
0.2
1.624
0
0
0.1
0.2
0
0.3
0.1
0
1.224
0
0.1
1.224
1.224
1.324
2.748
0
0.1
0
1.224
2.448
0.1
0
0
0
0.2
0.1
0.1
1.224
1.224
1.224
0
1.524
1.224
0
0
0
2.548
0
0
1.324
1.424
0
1.324
1.324
0
1.324
0
1.224
1.224
0.2
1.224
0
2.448
0.3
1.224
0.1
0.2
1.224
1.224
0.2
0.1
0.2
0
1.224
0
1.324
0
0.3
0.2
0.4
0
1.224
3.872
1.224
0.6
0
0
0.2
0
0
0
1.224
1.224
0.1
2.448
1.224
0.1
0
0.2
0
0
0
0.1
0.2
0.2
0.6
0.1
1.324
0.3
1.224
1.224
1.324
0.7
0.3
1.224
0
2.848
0
0.1
0
0.3
0
1.224
3.448
1.224
0
0.2
0.1
1.424
1.624
2.648
1.224
2.448
0.6
0.2
0
0
1.524
1.224
1.224
1.224
0
0
2.548
0
1.224
0.2
1.424
0.1
0
1.224
2.648
0.1
1.224
0
1.224
0
0.3
0.1
0
0
0.1
1.224
0
0.2
1.224
1.224
1.724
0
1.224
0.1
0
0
0
0
0
1.224
1.224
1.324
0
0
0
0
3.848
1.324
1.224
0.4
1
1.224
2.448
0
0.1
0.2
0
1.224
0.1
0.1
0
0.1
1.424
0.5
0.1
0
0.1
1.224
1.324
0.1
0
1.324
2.548
0
2.748
0
0.3
1.424
1.224
0.1
1.224
1.324
1.224
0
2.448
1.224
2.448
0
0
0.1
0
1.624
0.3
0.3
0.3
0
0
0
0.1
0.4
2.448
0
0
0
0
0.1
1.224
1.524
1.224
0
0.1
0.2
0.4
2.748
0.1
0
0
0.1
0.1
1.524
2.748
1.224
1.424
0.1
1.224
0
1.424
1.224
0.1
0.1
0
0.2
0.3
0.2
1.624
1.324
0
0.1
1.224
2.448
0
0
1.324
1.224
0
0
0
1.224
2.448
0
0.1
1.324
1.224
0
1.224
2.448
0
0
1.224
1.524
1.724
1.424
1.724
0
1.424
0.7
2.448
2.448
1.224
1.824
0
0
1.324
0
0.1
0
0
0
0
0.2
1.424
0.1
0.2
1.724
0.1
0.4
1.224
0.1
0.1
0
0.1
0.5
1.224
1.324
0.1
0
0
0.2
0
0
0
0.2
0
0
1.224
1
0.1
0
1.224
1.324
1.324
1.724
0.4
1.224
0.1
0
0
0.5
1.224
2.548
0.2
0.2
0.2
0.1
0
0.2
4.872
0
0.1
0
1.324
0.1
0.1
1.224
1.224
0
0
1.524
0.1
0.1
0.1
0
1.424
0.1
0
1.324
0.1
1.824
1.424
1.224
0
0.4
0.1
0
0
0.1
0
1.224
2.448
1.724
0
1.424
0.1
0.5
1.224
0
1.224
0
0.4
2.448
0
0
0.4
1.224
1.224
0
2.848
1.224
0.1
0
0.3
1.524
1.224
0.3
1.324
0.1
0.6
1.424
0.1
0
1.224
1.224
1.424
1.224
1.224
1.224
0
0.1
1.424
1.224
1.324
0
1.224
0.2
0
0
0.1
1.1
1.224
3.324
0
0
0
1.224
1.224
2.448
1.224
0.1
1.324
1.224
1.524
2.448
1.224
0.1
0
0
4.248
1.224
1.224
0
0.2
0.1
3.424
0.7
1.224
2.324
1.324
1.224
0
0.1
0
0
0.1
2.448
1.224
0
1.324
0
2.448
0.1
1.224
1.224
0.2
0.3
1.224
2.448
0.1
1.324
1.424
1.224
1.324
0
2.848
1.324
2.648
1.324
1.224
1.224
2.448
0
1.324
2.024
1.324
3.672
0.2
0.1
0
2.448
1.224
0
2.448
3.672
1.524
2.548
2.448
3.872
2.548
2.448
3.672
3.672
3.772
1.324
1.224
2.448
1.424
0
1.324
0.3
2.324
1.224
0.1
1.624
2.624
1.524
