0
1.324
4.072
6.008
3.672
0
1.224
2.448
0
1.224
1.424
1.224
0.2
1.624
1.324
1.224
0
2.448
2.448
2.448
1.224
1.324
1.224
2.448
3.36
2.448
2.448
2.548
4.996
2.448
2.448
2.548
0.4
0
0.1
0.1
0
0
0
0.5
0.1
1.524
0
0
0.1
1.224
0.1
0.1
0.1
1.224
1.224
0
1.224
0
0
1.224
0
0
0
1.724
0.4
0.1
0
2.648
0.3
0.2
0
0
1.324
0.1
0.2
1.424
0.1
0
1.824
1.624
0
1.624
0.1
0
2.448
0
1.224
0
0
0
0
0
1.224
2.848
0
1.324
0
0.1
0
1.224
1.324
0
2.448
2.448
0
0.3
0
0
3.06
0
0
0.4
0.1
0
0.1
0
0
1.224
0
0.1
0
1.224
0
0
0.5
0.1
2.448
0.2
0.2
0
0
1.224
0
1.724
0
0
0.2
0.1
1.224
0
1.324
1.224
1.324
0.4
1.224
2.548
0
1.224
0
0
1.224
0
0.1
0
1.224
0
0
0.1
0.6
0.1
0
0.1
0.3
0.1
0.1
0.1
0
0
0
0
1.224
0
0.1
3.048
0
0.2
1.224
0
1.224
2.648
0
0
1.224
0.2
0
1.324
1.324
2.448
0
2.548
1.424
1.224
0
2.548
1.224
1.224
0.1
1.424
1.224
1.224
1.224
0.1
1.224
1.424
0
1.224
0
0.1
0.3
0
0
1.424
2.848
1.224
2.448
0
2.948
0
0
0.4
0
1.624
0
0
0
2.648
2.648
3.672
3.672
2.548
2.448
2.448
3.772
2.448
4.996
4.896
1.224
1.836
4.384
0
3.548
1.224
0
1.424
1.836
1.324
3.36
1.224
0
1.224
1.224
1.224
1.224
3.86
0
0
0
0
1.224
1.224
0
0
3.772
1.224
4.684
0
1.324
0.3
2.448
0
1.524
2.448
0
2.448
0
0.2
0
2.548
0.1
0
2.448
0
1.324
0
2.448
1.224
3.772
4.896
3.872
0
1.224
1.224
1.324
1.224
1.224
3.672
0
0.2
1.324
0
1.224
0
0.1
0
2.448
0.1
0.1
1.324
1.224
0
0.1
0.1
2.548
0.2
3.36
0
1.224
2.448
2.448
2.448
0
1.224
1.224
1.324
0
1.324
0
0.1
0.2
0.1
0
1.224
1.224
0
2.848
2.448
1.224
4.584
4.784
0
0
1.224
0.4
1.224
0
1.224
0.3
0
0.1
3.26
1.324
4.484
0.1
0.1
1.324
0.1
0.2
0.7
2.448
2.036
0
0
2.448
1.424
1.224
1.224
1.224
1.224
1.224
1.224
3.06
2.448
3.06
2.548
2.448
1.324
3.26
4.284
2.448
0
1.424
1.224
1.224
1.224
3.872
3.972
2.448
0
3.672
1.324
3.772
2.648
1.324
3.06
2.448
4.896
6.208
2.448
5.608
1.224
0
1.224
1.224
3.672
3.672
5.708
1.224
2.548
2.448
2.448
3.772
3.772
4.684
3.672
3.548
2.448
2.648
1.224
3.672
1.224
1.324
3.672
2.648
1.224
2.548
4.896
2.448
3.772
1.224
4.384
3.672
2.548
4.784
5.908
5.708
1.224
4.384
3.06
5.708
3.672
1.224
1.624
2.548
3.772
6.732
3.772
3.672
2.448
3.672
5.508
2.448
2.448
4.784
2.548
3.672
1.424
3.672
2.548
1.324
1.324
2.648
2.448
3.16
7.232
2.548
2.448
2.448
3.66
6.732
1.324
1.224
2.948
1.524
3.672
2.848
1.624
1.224
4.384
4.996
2.548
3.672
2.448
1.324
2.748
2.448
2.448
1.224
1.224
3.872
1.224
3.672
5.608
3.772
2.448
1.224
2.448
5.808
5.508
1.424
1.224
3.672
2.448
4.272
3.672
2.548
2.748
3.46
1.224
4.284
2.448
5.508
4.684
3.672
1.224
1.224
3.772
3.672
2.548
3.672
5.508
3.672
2.648
6.732
1.224
1.424
2.448
1.224
4.284
3.672
3.872
4.484
2.448
2.448
1.224
3.672
3.772
4.072
2.448
1.224
3.972
1.224
1.324
2.548
1.224
3.772
2.448
3.672
1.424
5.708
2.448
5.808
5.096
2.648
1.224
1.224
2.448
5.608
2.548
1.224
3.06
2.448
3.872
2.548
1.224
3.672
1.224
1.224
1.224
1.224
2.448
1.524
4.484
2.448
4.896
3.672
2.648
2.448
5.508
2.548
1.224
2.448
2.448
2.448
1.324
2.648
2.448
2.648
2.448
1.324
2.448
3.772
1.224
3.672
4.284
3.872
4.996
1.324
3.56
1.224
1.224
2.448
2.448
1.224
3.672
1.224
3.672
3.672
2.448
3.672
3.772
3.772
2.548
3.672
3.672
1.224
2.548
4.784
2.448
2.448
3.56
1.224
3.16
1.924
5.096
3.672
3.672
3.06
1.224
4.584
3.672
5.608
5.708
3.972
3.06
4.284
4.384
3.26
4.384
2.448
2.448
5.808
2.448
3.06
4.284
3.872
5.808
2.448
1.224
4.384
2.448
1.224
3.46
3.672
5.908
1.224
1.224
1.224
3.16
2.648
3.772
3.772
5.608
3.672
2.448
3.672
3.16
3.872
4.284
1.324
2.548
1.224
4.384
3.772
1.224
3.672
2.548
3.672
3.672
5.808
1.224
4.896
3.672
6.108
3.872
3.26
5.508
2.648
1.224
5.608
3.672
2.448
5.296
4.284
2.548
3.972
3.16
2.448
2.448
2.448
3.16
3.672
1.324
2.448
3.672
3.672
4.384
3.672
2.548
3.772
1.224
1.224
2.548
4.784
1.224
6.732
1.224
3.672
3.672
1.224
1.224
3.672
3.872
3.672
3.672
2.448
3.672
4.284
1.324
1.224
3.06
1.224
2.448
6.732
2.548
3.148
2.548
3.16
5.608
3.672
5.508
2.448
5.508
4.484
3.872
3.672
3.16
2.548
2.548
2.448
3.772
4.896
4.284
4.584
1.224
1.224
4.484
2.848
2.548
3.672
2.548
3.872
3.148
4.672
2.648
1.224
2.448
3.872
2.448
1.224
2.548
2.548
3.672
2.648
2.548
2.448
3.672
1.224
3.672
2.448
1.224
3.672
4.896
3.672
1.224
5.608
5.508
3.772
1.324
2.448
5.508
2.448
3.872
1.224
3.772
2.648
2.648
5.708
3.772
2.948
3.06
3.672
1.224
2.448
2.848
5.096
1.224
5.508
2.548
2.448
1.224
2.548
1.224
10.032
3.672
1.224
3.872
5.508
6.832
3.772
3.672
2.448
2.548
3.672
2.548
3.672
3.872
6.732
3.16
3.772
2.448
1.224
1.224
1.224
4.896
1.224
1.224
4.384
5.508
2.548
5.508
2.448
1.224
2.448
1.224
3.06
1.224
3.772
3.972
3.672
2.448
3.672
2.448
1.224
3.672
2.548
2.448
3.872
3.672
3.16
3.772
4.272
1.224
1.224
2.448
2.548
2.748
2.648
3.672
2.548
1.324
1.224
3.972
1.224
3.672
3.672
3.672
3.772
5.608
2.448
5.708
3.36
3.06
1.224
5.508
3.672
4.384
2.548
2.548
2.548
4.284
2.448
1.324
3.672
4.284
3.872
4.896
1.424
3.06
3.672
2.448
2.448
1.224
2.448
1.224
1.224
3.36
2.448
1.324
1.324
4.572
4.584
2.448
1.224
2.548
4.284
2.448
1.224
2.648
4.996
1.324
3.872
2.448
2.448
1.324
3.672
7.432
7.332
2.548
3.672
5.508
3.672
2.648
3.772
3.972
2.448
5.096
3.872
2.448
1.224
6.732
3.672
4.372
3.772
5.096
4.896
2.448
2.448
2.448
5.708
2.448
3.872
2.448
5.808
5.608
5.708
3.772
2.748
2.448
3.772
1.224
1.224
1.224
4.284
3.772
4.684
3.148
7.032
5.296
3.672
3.972
3.672
2.448
4.284
2.548
4.384
3.672
3.972
3.772
3.872
2.948
2.448
2.448
2.448
2.448
2.448
2.448
4.484
1.224
3.772
1.224
3.772
3.972
2.548
2.448
3.772
3.672
3.672
2.548
3.06
3.06
3.972
3.06
1.224
2.648
2.748
2.448
2.036
2.448
2.448
1.224
0
1.424
4.484
0
1.224
1.836
2.224
0
0.1
0.1
2.448
4.384
1.424
2.448
0
0
0
1.224
0
0
1.224
0
0
1.224
0
0
2.548
0
2.848
1.224
0
1.224
0
0
1.624
0
1.224
1.224
1.324
1.224
1.224
2.648
0
2.136
1.224
1.224
1.224
1.224
1.224
1.424
1.224
1.924
0
1.224
0.1
1.224
1.624
1.224
1.224
0
1.424
1.324
0
3.06
0
1.224
2.448
1.324
1.324
0.2
0
0
1.224
0
0
0
1.224
1.224
0.3
1.424
1.424
1.224
1.424
2.448
1.224
0.2
2.648
1.424
1.224
1.224
0
2.448
1.324
1.424
2.448
1.224
1.224
1.324
0
1.724
2.648
1.324
0
1.224
3.06
1.824
0.1
1.224
2.448
0.1
0
0
0.1
0
0
0
1.324
1.224
1.324
1.224
1.324
1.224
1.224
1.224
0
0
1.224
0.2
1.224
1.324
1.524
1.324
1.324
1.424
0.2
1.224
1.224
0
1.224
1.224
0
1.324
1.524
1.324
1.224
0
0
0.1
1.324
0
1.224
1.224
1.224
0.1
0
1.224
0
0.1
1.224
2.548
1.324
1.224
1.524
1.224
0
1.224
0.4
0
0
1.224
1.524
1.324
1.324
1.224
1.724
0
1.224
2.448
1.324
1.836
0.3
1.424
1.224
1.224
2.448
1.224
1.324
1.424
0
1.224
1.224
0
1.224
1.324
1.224
0.2
1.224
1.224
0
0.2
1.624
1.324
1.424
2.548
1.424
1.324
1
1.224
0
1.224
0
1.424
1.224
0
0
0.1
0.3
0
0
1.224
1.524
1.224
1.324
1.324
0.1
2.648
1.524
1.224
1.224
0
1.224
1.224
0
0
1.324
1.424
1.224
1.224
1.224
1.224
1.224
0.3
1.324
0
1.224
1.324
1.224
1.424
1.224
0.3
1.624
1.224
0
0.2
1.224
1.324
1.324
0
1.224
2.548
0
0
0.2
0.3
0.1
1.224
0
1.324
0
0.4
0.3
1.224
1.324
1.224
0
1.224
1.324
1.224
2.448
1.224
0.1
1.324
1.224
1.324
1.524
1.324
1.224
1.324
1.324
1.324
0
1.224
1.224
1.224
1.224
1.224
1.424
1.324
0.1
0.1
0.1
0.3
0
0.1
2.848
1.624
2.448
0.3
1.224
0.2
0
1.224
2.124
1.224
1.324
0
2.448
0
1.224
1.224
1.424
0
1.224
0
1.324
0.2
1.224
0.2
2.448
1.224
1.224
1.224
1.424
0.5
1.224
0.1
0.1
0
1.424
1.224
1.224
0
1.224
1.324
1.224
0
0.1
1.224
0
1.424
1.224
1.224
1.324
1.224
0.2
0
1.224
1.224
2.448
0
0.1
2.548
1.324
1.224
1.224
0
1.224
1.324
1.224
1.224
0
0
1.224
0.1
0
1.224
0
1.224
1.224
3.672
0
1.224
1.324
2.448
1.224
1.224
0
2.848
1.324
0
1.324
1.224
0
1.224
0.1
1.224
0.1
0
1.836
1.224
1.424
1.224
1.324
1.424
1.424
0
1.324
2.136
0.1
0
2.648
1.224
1.324
1.224
0.4
1.424
0.5
1.224
0
2.648
1.224
1.424
0
1.224
1.424
0.1
0
1.224
0
0
1.324
0
0
1.324
1.224
0
0
1.224
1.224
1.224
1.224
1.324
3.248
1.424
0.3
2.948
0
0
1.324
0.1
0.2
2.448
1.224
2.448
1.224
1.324
1.324
1.224
1.224
1.224
0.1
0
1.224
0.4
0.1
1.324
0.4
0.1
1.324
0.2
1.324
0.2
1.224
1.224
1.424
0
1.224
2.748
1.324
1.224
1.224
1.224
0
1.224
1.224
0.1
1.224
0.1
0
1.224
0
1.224
0.1
0
0.4
0.3
1.224
0
1.324
1.224
0
1.224
0.1
1.224
0.3
1.324
0
0
1.224
0
0.1
1.224
0
1.424
0
0.1
1.224
0
1.224
1.224
0.4
0
0
1.424
1.424
1.224
0
0.1
1.224
0
1.224
2.448
1.936
1.224
1.224
0
1.224
2.848
1.324
0
1.224
0
2.448
0
1.224
1.324
2.448
1.224
0.1
2.448
1.324
1.224
2.448
0
1.224
2.448
0
0.1
1.224
0
0
1.224
1.324
0.1
1.224
0.4
1.624
1.324
1.224
1.224
1.224
1.224
0
1.224
1.224
1.224
1.224
1.224
1.324
1.424
0
0.2
1.324
2.448
0
0.4
1.424
2.548
0.1
1.224
1.224
0
0
1.424
2.648
1.324
1.324
1.224
0
0.2
0.1
0.2
1.424
0.1
1.224
0.1
0.3
1.324
1.224
1.424
1.224
1.224
1.224
2.448
1.324
0
2.548
2.448
1.224
0
0
2.448
2.448
0.1
1.424
0.1
1.224
1.324
1.224
0
1.224
0.1
2.548
0.2
0.8
0.2
0
1.224
0.2
1.824
2.448
0.1
0
2.848
1.224
1.836
2.448
1.224
1.224
0
0
0.1
0.1
1.224
2.848
0.2
1.524
2.448
0
0.3
2.448
0.1
1.224
1.224
1.324
2.548
1.224
0
1.224
1.224
1.224
1.224
1.224
0
1.224
0.1
1.424
1.224
1.224
2.624
1.224
1.224
0.1
2.448
0.1
1.424
1.624
0
1.224
1.224
0
2.748
0
0.3
0.3
0
3.46
0.1
1.224
1.224
3.048
1.224
1.224
1.224
0
1.424
0
1.624
1.224
0.2
1.224
2.548
1.224
1.424
0
1.224
1.224
1.424
1.224
0
1.224
0.1
1.224
0
0
1.624
1.324
0
0.2
0
1.224
1.224
1.224
1.524
1.224
1.324
1.224
0.1
0
0
1.224
1.424
1.524
1.224
0
1.424
1.624
1.224
0
1.224
0.1
0.1
1.324
0
1.524
1.324
1.324
1.324
1.224
1.224
1.224
0
1.524
0
1.524
2.548
2.748
4.284
2.648
0
1.224
1.224
1.224
1.224
0.2
0
2.548
1.524
0
1.224
1.324
0.1
0
0.5
1.224
1.224
0
0
0
5.508
0
0
2.648
3.06
2.548
0
2.448
3.16
1.324
0
4.472
1.224
1.224
1.836
3.048
3.16
0.3
1.324
0
0.3
2.548
3.672
0
1.324
3.16
3.16
3.16
1.224
0
0.1
2.448
0.1
2.448
1.936
1.324
2.548
0
1.424
2.548
2.648
3.26
1.224
1.224
2.448
0
0
1.224
0
2.948
2.448
2.448
0.1
1.224
2.448
1.224
0
6.008
2.448
1.324
1.224
0
0
1.224
1.836
3.672
3.672
2.448
5.608
1.524
2.548
3.972
2.548
3.672
3.672
3.872
0.1
3.672
4.284
1.224
0
0
0.1
0.4
0.1
0
1.624
2.648
1.424
