1.624
0.2
4.272
2.648
3.972
0.1
0
1.224
0.1
0
0.1
1.324
0
0.6
0.1
0
0
1.224
1.224
1.224
1.224
1.324
1.224
1.224
0.1
1.224
2.448
2.648
3.672
2.448
1.224
2.448
0.8
1.224
0
0.1
0
0
0
0.3
0
3.148
0.1
0
0
1.324
1.424
0.3
0.2
1.424
1.224
0
1.424
0
0
1.324
0
0
0
1.724
0.7
0.1
0
1.424
1.624
0.2
0.1
0
1.324
0.8
0.3
1.424
0.2
0
3.248
0.3
1.224
0.1
0.1
0
3.248
0.1
1.324
0
0
0
0
0
1.224
1.624
0.1
1.224
1.324
0
0
1.324
1.424
0
2.448
1.224
0
0.5
0.2
0
2.448
0
1.224
0.9
0
1.224
1.224
1.224
0
1.224
0.1
0.3
1.324
1.224
0.1
0
1
0
1.224
0.1
0
1.224
0.2
1.224
1.324
1.524
1.324
0
0
1.324
2.748
0.9
1.324
1.224
1.524
1.624
0
1.324
0
1.324
0.1
0
1.224
0
0
0
1.424
0.1
0
1.324
0.6
0.3
1.324
0
1.524
0
0
0.1
0
1.224
1.424
0
1.224
0.1
1.224
2.424
0
0.4
2.448
0
2.448
2.748
0
1.224
1.224
0.4
0.6
2.848
0.1
2.448
1.624
2.648
1.724
1.224
0
2.448
0.2
1.224
0
1.624
1.224
1.624
1.224
1.224
1.224
1.324
0.1
1.224
1.224
0.1
0.8
0
0
1.424
2.748
1.224
2.448
0
1.424
0
0
2.424
0
1.824
0
0
0
3.872
3.248
4.896
3.672
2.648
2.448
2.448
3.772
2.448
3.772
3.672
1.324
0
2.448
0
3.848
1.224
1.224
1.924
0
1.924
1.524
1.224
1.224
1.224
2.448
2.448
1.324
0.6
0
0
0
0
1.224
1.224
0
0.2
2.548
1.524
2.548
0
0
0.5
3.672
0
0.2
3.672
0
2.448
0
0.1
0
2.448
0.3
0
2.448
1.224
2.448
1.224
3.672
2.448
6.196
4.896
3.772
0
2.548
2.548
1.224
1.224
1.224
4.896
0
0.9
0.1
1.224
2.448
1.224
0.1
1.224
1.224
1.224
0
0.1
0
0
0.3
0.1
1.224
0
1.324
0
1.424
1.224
1.224
2.448
0
2.448
0
2.548
1.324
0.1
1.424
1.524
0.1
0
0
2.448
0
0
1.824
1.224
2.448
1.324
1.324
0
1.224
0
1.824
0
1.224
1.224
1.924
1.324
0.2
1.224
2.448
2.648
1.424
1.224
2.448
1.424
0.6
2.524
1.224
0
0
1.224
1.224
1.224
1.324
0
1.224
1.224
1.324
0
1.224
3.672
0
2.448
2.448
1.224
1.324
1.224
1.224
0
2.948
0
0
0.1
2.548
2.848
3.672
0
2.448
1.424
5.096
2.748
1.224
1.224
1.224
3.772
2.848
2.448
2.648
1.224
0
1.424
1.224
2.448
3.672
3.672
1.224
3.872
3.672
2.448
4.996
4.896
2.548
3.672
1.724
2.848
2.548
1.224
2.648
1.224
1.224
2.448
3.672
1.324
2.448
3.772
4.172
2.848
2.548
2.448
2.448
2.548
2.548
3.772
2.448
2.448
2.548
1.424
3.972
2.748
1.224
2.648
2.448
3.872
3.672
3.772
2.448
3.672
2.548
3.672
3.672
2.448
2.448
2.648
2.448
1.224
2.448
2.848
1.324
1.224
1.424
3.772
2.448
4.172
2.648
2.548
2.448
1.424
3.872
1.324
1.324
3.948
2.848
2.448
3.548
3.048
1.224
2.448
3.672
2.748
2.448
2.448
1.424
3.248
2.448
1.224
1.224
1.424
2.448
1.224
3.672
2.448
2.448
2.448
1.224
3.672
3.672
3.672
1.224
1.224
2.448
2.448
5.796
3.672
1.224
2.648
1.324
2.448
1.224
3.672
3.672
2.848
2.448
1.224
1.224
3.872
3.672
2.448
4.896
3.672
2.448
2.548
3.672
1.224
3.048
2.448
1.224
2.548
2.448
5.096
2.848
3.672
2.448
1.224
3.672
4.172
4.272
2.548
1.224
4.896
2.448
1.224
2.548
1.324
2.748
3.672
2.448
1.224
2.548
2.748
4.572
3.972
2.448
1.224
1.224
1.424
3.772
2.448
1.224
1.524
2.548
3.972
2.548
1.224
2.448
1.224
1.224
1.224
2.648
2.448
1.524
2.648
2.648
3.672
2.448
1.324
2.448
2.548
2.548
1.224
2.548
2.448
2.448
1.824
2.848
2.548
2.548
1.224
1.324
3.672
4.996
1.224
2.648
2.548
2.548
3.672
2.548
1.324
1.224
1.224
2.448
2.548
1.224
3.672
1.224
2.548
2.448
1.224
3.672
2.448
4.172
2.548
2.448
2.448
1.224
2.548
2.948
1.224
1.224
1.624
1.224
1.224
1.824
3.772
3.672
2.548
1.224
1.324
2.448
2.448
2.448
4.072
5.396
1.224
1.224
2.548
1.224
2.648
2.448
2.448
3.672
3.672
1.224
2.448
2.448
3.772
1.224
2.448
4.272
3.672
2.448
1.424
2.448
2.448
2.448
1.224
1.224
1.324
2.448
3.672
2.448
3.672
2.448
1.224
4.172
1.324
3.972
2.448
1.224
2.548
2.448
2.448
3.972
1.224
3.672
2.448
3.772
3.672
2.448
1.224
3.672
2.548
2.648
4.072
1.224
2.548
4.272
1.224
3.772
2.448
2.548
3.672
2.448
1.224
5.296
1.224
2.548
3.872
2.548
1.324
2.448
2.448
2.448
3.672
3.672
3.772
2.448
2.548
4.896
1.224
1.224
3.972
2.548
1.224
3.672
1.224
3.672
3.672
1.224
2.448
2.448
4.272
2.448
3.672
1.224
3.772
2.448
1.224
1.224
1.224
2.448
3.672
3.672
3.672
3.048
2.448
1.224
3.672
2.448
3.672
2.448
3.672
3.048
2.648
5.096
1.224
2.848
3.772
2.448
4.996
3.672
2.548
4.072
1.224
1.524
2.448
2.948
3.772
3.672
2.548
3.672
2.024
6.096
1.224
2.648
1.224
3.772
2.448
1.224
2.448
2.448
2.448
2.548
2.448
2.948
4.072
1.224
2.448
3.672
1.224
3.672
3.872
3.672
1.224
2.448
2.448
3.972
1.224
3.672
3.672
2.448
2.548
1.224
2.448
2.748
2.448
3.672
3.672
2.748
1.224
5.096
1.224
2.548
2.748
3.672
2.448
2.448
2.548
3.672
1.224
3.772
1.224
3.872
3.772
2.448
11.32
3.672
3.672
3.872
3.672
2.448
2.448
3.772
2.548
2.448
3.672
3.672
1.224
3.672
1.224
1.224
2.448
2.448
3.672
1.224
1.224
2.548
3.672
1.324
3.672
1.224
1.224
1.324
1.224
1.324
1.224
2.448
5.096
3.772
2.448
4.896
2.448
1.224
3.772
2.648
2.448
5.396
4.996
1.224
3.872
7.996
2.448
1.224
3.672
2.448
2.648
2.448
2.448
2.848
1.324
2.448
4.472
2.648
4.896
4.896
2.448
3.672
3.672
2.448
3.972
1.724
1.224
1.224
3.772
2.448
2.548
2.448
2.448
2.448
2.448
3.772
2.648
2.448
3.672
3.672
3.672
1.324
1.224
2.548
2.448
1.224
1.224
3.772
1.224
1.224
1.224
2.548
1.224
1.324
2.648
2.548
2.548
1.224
1.324
2.448
2.448
1.224
2.548
3.672
1.424
5.196
2.448
1.224
1.424
2.448
3.772
4.272
2.648
3.672
2.448
3.672
2.548
4.996
5.296
3.672
4.672
5.196
3.872
1.324
3.772
3.672
2.848
4.896
3.772
3.672
2.448
2.448
2.448
3.772
2.448
3.672
2.448
3.672
3.672
3.772
3.872
2.848
2.448
5.996
1.224
1.224
2.448
1.224
2.448
2.548
2.748
3.672
3.872
4.996
2.648
2.448
2.448
2.448
2.448
2.648
2.448
2.748
2.648
3.772
2.548
3.772
2.548
2.448
2.448
2.748
2.448
2.448
2.448
3.672
1.324
3.772
3.972
2.548
2.548
3.772
4.996
4.172
2.648
1.224
1.224
3.672
1.624
1.224
2.548
3.148
2.648
0.2
1.224
1.224
1.224
0
1.424
2.448
0
1.224
0
0.6
0
1.424
0.1
3.672
2.448
1.724
3.672
0.2
0
1.224
1.324
0.1
0.2
1.524
1.224
0
1.224
0
0
1.224
0
1.924
1.224
0.2
1.424
1.224
1.224
2.948
0
0
0
1.224
1.224
0.1
1.524
1.224
0.3
1.324
0
0
2.448
1.224
1.224
1.324
3.524
1.224
1.224
1.424
1.324
0.5
2.448
0
1.224
2.224
1.324
0
0.1
0
1.324
3.672
1.824
1.324
0.6
1.224
0.2
0
0.1
0
0.3
1.224
1.224
0.6
2.548
1.524
0
2.548
1.224
1.224
0.4
2.848
1.224
1.324
0
1.224
3.872
1.224
2.548
1.224
1.224
1.524
0.3
1.224
2.424
1.424
1.324
0
1.524
1.224
2.024
0.1
1.224
3.772
0.4
0.3
0
1.324
1.324
1.324
0.5
1.424
2.448
2.548
0
1.524
1.224
1.524
1.224
0
1.324
1.424
1.824
2.448
1.224
1.424
1.424
1.324
1.324
0.2
1.224
1.524
0.4
1.224
1.224
1.224
0.2
0
1.224
2.648
0.1
0
1.224
1.224
1.224
1.224
1.424
2.448
0.7
1.324
1.224
1.324
0.1
1.324
1.224
1.424
2.448
1.424
1.524
1.324
1.224
1.3
0
1.224
1.224
2.024
1.624
2.948
1.324
0.6
0.1
0
1.324
0
1.224
1.424
0.3
2.448
1.224
1.324
0
1.424
1.324
0
1.224
1.224
1.224
1.324
1.724
1.224
0.3
1.224
1.224
0
0.2
2.748
1.824
2.848
3.672
1.224
1.424
2.024
1.224
0.1
2.648
1.224
1.924
2.448
0.2
0
0.3
2.024
0
0.1
1.324
1.724
3.772
1.424
1.624
1.324
4.272
2.548
1.224
1.224
1.624
1.224
1.224
0
0
1.324
0
2.448
1.224
2.748
2.124
1.324
0.5
3.048
0.1
1.424
0
0
0
1.224
1
0.3
0
0
0
0.1
1.324
2.748
0.2
2.748
2.848
1.224
1.424
0.1
0.1
0.2
2.548
0
1.524
0.1
0.3
0.6
1.224
1.324
1.224
0
2.548
1.624
1.224
2.448
1.324
0
1.424
1.224
1.224
3.124
1.624
1.824
1.324
2.448
1.524
0.1
1.224
0.2
0
2.448
1.224
1.424
2.848
1.224
0
0
0.3
0
0.1
1.424
0.3
1.224
0.4
1.324
1.424
0
1.224
1.924
0.2
0
1.224
3.772
0.2
1.324
1.224
2.024
0
1.324
0
1.224
0
1.224
0.1
1.224
1.324
1.324
1.224
1.424
1.4
1.424
0
0
0
1.624
1.324
1.224
0.1
1.224
1.224
1.224
0.2
0.3
0
0.1
1.324
1.424
0
0
1.424
0.3
0
0
0.1
2.548
1.224
0
4.072
2.448
1.324
1.324
1.224
1.324
1.224
1.224
1.524
0
0.5
1.224
0.3
0.1
1.224
0
1.224
1.224
2.548
0
1.224
1.224
3.672
1.324
2.448
0.4
3.748
0
0
2.548
2.448
0
1.224
0
1.224
0.6
1.224
0.3
2.448
1.524
1.324
1.324
1.524
2.548
0
2.748
0.1
0.6
0.1
3.872
0.1
1.224
1.224
1.3
2.024
0.9
0
1.224
3.772
1.224
0.1
0
1.224
1.424
0
0.1
1.224
0
1.524
0
1.424
1.224
2.448
1.224
0.2
0
2.548
2.648
1.224
0
2.548
2.324
1.724
0.1
1.224
1.224
0
1.624
1.624
1.524
3.772
1.424
3.672
0
1.424
1.224
0.1
1.324
1.324
1.324
1.224
1.324
0.3
0.2
1.224
0.1
1.424
2.548
1.924
1.224
0
1.324
1.224
2.548
0.1
1.224
2.848
1.224
1.224
1.224
1.224
0
2.848
2.448
0.1
1.424
0.1
1.224
2.448
0
1.224
0
0
0.4
0.4
2.548
0
0.1
2.448
0.1
1.224
0
2.448
1.824
1.524
0.1
0.1
1.224
0.2
0.1
2.448
0
2.648
0.4
0
0
1.224
0
2.448
1.924
1.224
0
1.524
0.5
1.324
1.224
0.3
2.548
0
1.224
2.548
0
0.1
0
1.224
2.448
1.824
1.324
1.324
2.448
0
2.548
0.1
1.224
2.548
3.972
1.224
1.224
1.224
1.624
1.424
1.324
0
1.424
2.548
1.224
0
2.648
0.3
1.224
1.224
1.424
0.1
1.224
0.5
1.924
0.1
1.524
0.3
1.224
1.224
1.324
0
2.548
2.448
1.324
0
1.224
0.3
0
0.4
2.324
1.324
0
0.7
1.524
2.848
0.2
1.324
0
0
0.1
1.624
2.948
1.624
1.424
1.224
1.324
0
1.324
1.424
1.524
0
0
0
0.4
1.424
1.624
3.348
1.224
1.224
1.524
2.448
1.224
0
3.872
1.224
0
0
0
2.448
3.672
0
1.224
0
0
2.548
2.448
1.224
1.224
0
2.548
0.1
1.1
0
0.3
0
0
2.124
3.672
1.324
0.2
2.648
1.224
0.1
3.672
1.924
1.424
0.2
0.1
0.2
0
0.2
3.048
0.5
0.4
1.424
0
0.7
3.672
0
2.448
0.1
1.424
1.224
2.848
0.1
0.2
0
0
1.224
1.224
0.1
1.324
0.1
1.524
1.224
2.548
1
1.324
1.224
1.524
1.324
0.5
2.948
0.5
1.224
2.748
2.448
1.224
1.724
0.1
1.424
0
0.1
1.324
0.1
1.224
1.524
4.472
1.224
2.548
1.224
0
1.524
0
3.448
2.448
0.2
2.448
2.648
2.548
2.724
0
1.324
2.024
0.8
1.324
0
1.324
0.1
1.324
1.224
0
1.924
1.524
0
0
0
1.224
1.224
3.672
1.624
1.324
2.548
1.524
0.4
1.224
0
2.448
1.424
1.824
2.448
0.2
1.324
0.7
1.224
1.424
1.424
1.424
1.524
1.424
0
3.348
1.724
1.424
1.724
1.724
1.424
1.924
1.224
2.224
1.224
1.624
3.872
4.172
2.448
2.548
0
1.324
0
2.548
0
0
0
1.224
0.3
0
1.224
0.1
0.4
0
1.724
0
1.224
0
0
0
2.448
1.224
0
1.424
2.448
1.224
1.224
1.224
1.424
0
0
3.048
1.324
1.224
0
1.924
1.424
1.1
1.824
0
2.424
2.648
2.448
0
1.224
1.224
0
0
1.224
0.1
0.1
1.224
0.1
1.224
0.2
1.224
2.548
0.2
0.2
3.772
1.424
1.324
1.224
2.448
1.224
0
0
2.548
2.448
1.624
2.448
2.648
1.224
1.224
1.224
2.548
1.224
2.948
4.896
1.524
1.624
0
1.224
1.224
0
3.772
3.672
2.848
3.772
2.448
3.672
3.672
2.548
3.672
2.448
4.996
1.224
2.448
1.224
2.448
0
0
0.4
2.524
1.324
0.1
1.724
1.624
1.724
