2.636
0.3
4.048
1.524
2.848
0.3
0.2
1.224
0
0
0.1
1.424
0
1.3
1
0
0.1
1.324
1.224
1.224
1.324
1.224
1.224
1.224
0.3
1.224
1.724
1.624
2.448
1.224
1.224
1.324
2.2
0
1.836
2.636
1.836
1.936
2.136
2.236
1.936
4.16
1.936
2.236
2.136
3.26
2.536
2.736
2.236
3.36
3.16
1.936
3.76
1.936
1.936
3.16
2.036
1.936
1.936
4.56
3.936
2.236
1.936
3.56
2.536
2.036
1.936
1.836
3.66
3.736
2.236
4.46
1.836
1.936
5.76
2.336
1.836
2.136
2.036
1.936
14.784
2.036
3.16
1.836
1.836
1.836
1.836
1.836
3.06
3.86
1.936
3.06
2.136
1.836
1.836
3.16
3.36
1.836
3.16
3.06
1.936
2.936
2.436
1.936
3.06
1.836
1.936
3.736
2.036
2.036
2.336
1.836
1.836
3.26
2.136
2.036
2.136
3.26
1.936
1.836
4.936
1.936
3.36
2.736
1.836
1.836
2.036
3.16
2.236
3.76
2.536
2.036
2.036
2.236
3.46
2.336
3.66
3.06
3.66
2.736
1.836
3.36
1.936
3.36
2.036
1.836
3.26
1.936
2.036
1.836
3.06
2.036
2.036
2.036
2.936
2.736
2.036
1.936
2.336
1.836
1.936
1.836
1.836
1.936
1.936
2.136
3.16
1.836
1.936
5.56
2.036
2.536
3.06
2.036
3.56
5.284
1.836
1.936
3.36
2.236
2.136
4.56
1.936
4.284
2.736
5.084
4.06
3.16
2.236
4.384
2.136
3.56
2.236
4.46
3.06
3.36
3.06
1.936
0
2.124
0.3
1.224
0
0.3
2.3
0
0.1
1.624
2.648
1.324
2.448
0.2
1.524
0
0
3.1
0
1.5
0
0
0
2.748
3.424
2.448
2.448
1.624
1.224
1.324
3.048
1.224
2.848
2.448
1.424
0.1
2.848
0
5.148
1.324
0
1.924
0
2.024
1.624
0.1
0
1.224
0
1.224
1.224
1.3
0
0.1
0.1
0
1.324
1.224
0.1
0.3
2.548
1.424
2.448
0
0.1
0.6
2.448
0
1.1
2.448
0
2.448
0
0.3
0
2.648
1.6
0.1
2.448
1.836
1.224
0
1.224
0
3.748
2.448
2.648
0
1.324
1.224
1.224
1.424
1.224
2.448
0
1.8
0
0
1.324
0.1
0.2
0
1.224
0.1
0.9
0.2
0.2
0
0.4
0.6
1.224
0.3
1.624
0.1
1.324
1.224
1.224
2.748
0
1.324
0
1.424
0
0
0.3
0.7
0.5
0.2
0
1.524
0
0
2.124
1.224
1.324
1.524
1.324
0
0
0
1.2
0
0
1.224
2.1
0.1
0.3
1.624
1.424
2.648
0.5
0.2
1.324
0.1
1.5
2.1
1.224
0.2
0.1
1.936
1.224
1.824
1.524
0
1.224
1.224
1.224
0
1.224
2.448
0.1
2.448
2.448
1.424
1.224
1.324
1.224
0
2.224
0
0.1
0.1
2.648
4.548
1.324
0
1.224
0.5
2.648
2.024
0.1
0
0
2.848
2.524
1.224
1.724
1.224
0
0.8
0
1.224
2.648
2.648
0
2.224
1.224
1.224
2.548
2.448
1.724
2.548
1.3
2.124
1.524
0
1.524
0
0.1
1.224
1.324
0
1.424
2.548
1.824
1.624
0.1
1.624
1.224
1.524
1.324
3.148
1.324
0.1
1.224
0.2
3.048
1.924
0.1
0.3
1.324
1.424
2.548
1.424
1.224
1.324
1.324
2.448
1.224
1.324
1.624
1.424
1.224
0
1.224
1.424
0
0.1
0.7
1.224
0
3.348
1.324
1.324
1.224
0.5
2.448
0.2
0.2
4.924
0.7
1.224
2.624
1.1
0
1.324
3.448
1.924
1.624
1.224
0.3
2.424
1.324
0
0
0.5
1.324
0.1
2.448
1.324
1.724
1.224
0
1.224
2.648
2.448
0.2
0
1.224
1.324
3.248
2.448
0.3
1.624
0.3
0.1
0.2
1.324
2.548
1.924
1.324
0.1
0.1
2.548
2.548
1.224
2.448
2.548
1.224
1.424
2.548
0
1.5
1.224
0
1.224
1.224
3.448
2.324
1.224
1.224
0
2.448
3.148
3.748
1.424
0.1
2.648
0
0.3
1.224
0.1
1.624
1.324
1.424
0.2
1.424
1.424
3.548
2.948
1.424
0
0
0
2.548
1.524
0.1
0.2
1.224
3.148
1.324
0.1
1.424
0
0.1
0
0.6
1.224
0.4
1.624
1.524
2.548
1.224
0.1
1.224
1.224
1.424
0
1.224
1.224
1.324
0.8
2.224
1.224
1.524
0.1
0.1
1.424
2.448
0.3
1.324
1.324
1.324
2.448
0
0.3
0.2
0
1.324
1.424
0.2
2.448
0.1
1.224
1.324
0
2.548
1.224
2.024
1.524
1.224
1.224
0
1.524
2.624
0
0
1.3
0
0
1.6
2.648
2.548
1.324
0.1
0.1
1.324
1.224
1.324
2.748
2.848
0.1
0.1
1.524
0.2
1.324
1.424
1.324
2.548
1.224
0
1.224
1.524
2.748
0
0
1.824
1.224
0.1
0.6
1.224
1.424
0.1
0
0.2
0.4
1.224
2.448
1.324
2.448
1.224
0.1
5.048
0
2.748
1.424
0
1.324
0
1.224
2.648
0
2.448
1.424
2.748
2.648
1.524
0
2.448
1.524
1.924
3.248
0
1.224
1.824
0
2.448
1.224
1.224
2.648
1.224
0.2
2.548
0
1.324
1.524
1.224
0.1
1.224
0.5
1.224
2.448
2.548
1.424
1.324
1.324
2.448
0.3
0
2.124
1.924
0
2.548
0
2.448
1.424
0
0
1.324
2.748
1.224
1.324
0.1
2.748
1.424
0
0.1
0
0.2
1.324
2.448
1.324
1.8
1.224
0.5
2.448
1.324
2.448
1.324
2.448
1.724
1.224
2.648
0.2
2.124
1.724
1.424
2.848
2.548
1.224
1.624
0
0.1
1.424
1.524
1.324
2.648
1.424
2.448
2
4.048
0.2
0.3
0.2
2.548
1.224
0.1
1.224
1.224
1.224
1.424
1.224
1.824
2.848
0
1.224
1.224
0
2.448
2.548
2.448
0
1.224
1.224
2.548
0
1.324
2.548
1.224
2.024
0
1.724
2.024
1.624
2.548
1.224
1.824
0
2.548
0.1
1.424
2.624
2.448
0
1.324
1.224
1.224
0
1.624
0
2.448
2.648
0
3.248
2.448
2.448
2.448
1.324
1.324
1.224
2.448
1.724
1.324
2.648
2.448
0.1
2.448
0.1
0
0
0.1
2.648
0
0
1.324
2.448
0
2.548
0
0.1
0.1
0
0
0
1.224
3.048
2.448
1.224
2.448
1.224
0
1.324
1.324
1.224
3.248
2.448
0
2.448
4.048
0
0.1
1.324
1.424
1.424
1.324
1.324
1.624
0.3
0
4.048
0.2
2.648
2.448
1.324
2.448
2.448
1.424
3.248
1.3
0.2
0.1
2.448
1.224
1.524
1.524
1.324
1.324
1.324
1.224
0
1.424
1.424
2.548
2.448
0.2
0
1.424
1.224
0
0.1
1.424
0.1
0.1
0
1.324
0.1
0.1
1.824
1.924
1.524
0
0.5
1.324
1.324
0
1.524
2.448
0.4
2.748
1.224
0.2
0
1.224
2.948
3.448
1.324
2.448
1.224
2.448
1.524
2.648
3.948
1.224
3.348
2.948
1.724
0.2
2.748
2.448
1.624
2.548
2.648
2.648
1.224
1.224
1.224
2.548
1.324
2.548
1.224
2.548
2.948
2.448
2.748
2.524
1.324
2.948
0
0.2
0
0
1.324
1.224
2.424
2.548
2.548
2.548
1.524
1.224
1.224
1.324
1.524
1.524
1.224
1.424
1.624
2.448
2.524
1.524
1.324
1.424
1.424
1.824
1.224
1.224
0
2.548
0.2
2.448
3.448
1.324
1.524
2.448
2.648
3.548
1.924
0
0
2.748
1.724
1.224
2.448
4.748
3.048
0.5
1.424
1.224
1.224
0.3
1.524
2.548
0.1
1.224
0
1.4
0
1.4
1.836
2.548
1.224
2.124
2.448
0
0
0.1
1.624
0.1
0.6
1.524
0.1
0.1
1.424
0
0
1.324
0.1
3.624
1.424
0.3
1.324
0
0
2.124
0.1
0
0
1.224
1.224
0
1.924
0.2
0.7
1.324
0
0
1.224
1.224
1.324
1.924
5.324
0.1
1.424
0.1
1.524
1.4
1.224
0
0.1
2.324
1.324
0
0.1
0
1.424
2.448
2.324
1.324
0.3
0
0
0
0.2
0.1
0.4
1.724
1.224
0.5
1.724
2.124
0
1.524
1.224
1.224
0.8
3.548
1.424
1.524
0
0
2.948
1.324
1.524
1.224
1.224
1.324
0.2
0
2.724
1.324
1.624
0
1.324
0
2.724
0.1
1.324
2.648
0.4
0.4
0.1
0
0.2
0.5
0.5
1.624
1.224
1.424
0
2.424
1.224
1.324
1.324
0
0.4
1.424
0.7
1.624
1.224
2.324
1.524
1.324
1.524
0.5
1.324
1.524
0.3
1.224
1.224
0
0.6
0.1
1.624
1.624
0.6
0
0.3
1.224
0
1.224
1.324
1.224
0.3
0
1.324
0
0.2
1.424
1.224
1.624
1.224
1.424
2.224
0.4
1.224
1.9
0
0
1.224
2.024
1.524
1.924
1.324
1.3
0.3
0.1
1.324
0.2
0.1
0.3
0.2
1.324
1.224
1.324
0
1.424
1.624
0
1.224
1.224
0
1.524
0.8
1.224
1.1
0
1.624
0.1
0.5
1.724
1.924
1.624
2.548
1.424
1.724
2.3
1.324
0
1.524
0.1
2.124
1.324
0.3
0.1
0.4
1.2
0
0
1.324
1.524
1.524
1.324
2.624
0
3.548
1.724
1.224
1.224
0.2
1.224
1.224
0
0.1
1.324
0.1
1.224
1.324
1.224
2.124
1.624
0.5
1.524
0.5
1.824
0
0
0.1
1.424
2.9
0.5
0
0
0
0
1.424
1.724
0.3
1.524
3.448
0
0.2
0.2
0.2
0.4
1.624
0.1
1.424
0.1
0.2
1.5
1.224
1.524
1.224
0
1.424
2.224
1.224
2.448
1.224
0.3
1.324
1.324
1.224
2.024
1.624
2.124
1.624
1.724
1.424
0.1
1.224
0.2
0
1.324
1.324
1.324
2.324
0.1
0.2
0.1
0.4
0
0.1
1.524
0.6
1.324
0.2
1.824
0.3
0
1.224
2.524
0.1
0
0
2.648
0
1.424
1.324
1.924
0.1
1.424
0
1.624
0
1.224
0.2
1.324
1.224
1.324
1.224
1.924
1.5
1.324
0
0
0
2.124
1.324
1.524
0.6
1.224
1.224
1.224
0.7
0.6
0
0.1
1.424
1.424
0.1
0
1.324
0.5
0.1
0.1
0.3
2.648
0
0
2.748
1.224
1.724
1.324
0.3
1.224
1.424
1.324
1.924
0.1
0.4
1.424
0.4
0
1.224
0.1
1.224
1.424
2.448
0
1.224
1.224
2.448
1.324
1.224
0.5
3.248
0.2
0
1.524
1.324
0
1.224
0.2
1.224
0.4
0
0.1
1.224
1.324
0
1.624
1.824
1.824
0
1.424
0.1
0.5
0.1
2.748
0
1.624
1.224
1.1
1.624
1
0.2
0
2.848
1.324
0.1
0
1.224
1.524
0.1
0.4
1.224
0
0.2
0.3
0.2
0
1.624
1.424
0.2
0
1.224
1.524
1.424
0.3
1.724
3.524
2.024
0.2
1.424
0
0.2
1.624
0.5
0.7
2.448
1.624
2.548
0
1.324
1.624
0
1.524
1.224
1.9
0
1.324
0.7
0.2
1.524
0.4
0.5
1.324
0.5
1.924
0
1.224
1.224
1.924
0.2
1.224
3.948
1.624
1.524
1.324
1.424
0
2.024
1.424
0
1.524
0.3
0.1
1.324
0
1.224
0.1
0.1
0.8
0.6
1.224
0.1
0.1
1.224
0
1.424
0
1.224
1.3
1.424
0.2
0.2
1.324
0.1
0.2
1.224
0
1.824
0.1
0
0
0.1
0.1
1.224
1.9
0.1
0
1.824
0.8
1.324
0
0.4
1.724
0
1.224
2.548
0.1
0
0
0
1.524
2.424
1.224
0.1
1.324
0
2.448
0
1.324
1.424
3.048
1.224
0
1.224
1.924
1.924
1.324
0.1
1.324
2.948
0
0.1
1.524
0
0.1
1.224
1.624
0.2
1.224
0.8
2.224
0.1
1.224
0.2
1.324
1.324
0.3
0
1.324
1.324
1.224
0
1.224
0.2
0
0.4
2.224
1.224
0
0.9
1.424
3.148
0.6
1.424
0
0
0.1
1.724
2.748
1.324
1.324
1.324
0
0
0.5
0.1
1.524
0.1
0
0.1
0.3
1.524
2.924
1.524
1.624
1.524
1.324
2.448
1.424
0
2.948
1.224
0
0
0
2.448
2.448
0
1.524
0
0
1.224
1.224
0
1.324
0
2.848
0.2
2
0
0.5
0.3
0.3
3.324
2.448
0
0.1
4.348
1.324
0.2
2.848
2.124
1.324
0
0.1
0.1
0.1
0.4
3.348
0.2
0.1
1.724
0
0.7
2.648
0
1.524
0
2.024
1.324
1.424
0.3
0.1
0.1
0
1.324
1.224
0.1
1.524
0.3
1.624
1.224
1.524
2.2
1.324
1.224
0
1.324
0.9
3.324
0.8
0
1.624
1.424
0
1.324
0.7
0.5
0.4
0.4
1.624
0.1
1.424
2.124
4.848
1.424
1.624
1.224
0.1
1.924
0.1
2.124
1.424
0.2
1.224
3.148
1.224
2.224
0
1.524
2.224
0.1
1.624
0.2
1.324
0.4
2.724
0
0.1
1.924
2.124
0
0.2
0.1
1.224
1.424
1.524
2.024
1.324
1.624
1.624
0.6
0
0.1
1.224
1.824
2.724
1.224
0.5
1.424
1.3
1.224
0.2
1.524
0.2
0
1.824
0.2
3.224
1.724
1.324
1.624
2.224
3.66
4.46
1.936
4.46
1.836
3.96
2.448
3.448
1.224
1.224
0
1.424
0.1
3.76
0
0
0.1
1.324
0.6
0.3
1.224
0.1
0.9
0
1.1
0.1
1.224
0
0
0
1.324
0.1
0.1
1.524
1.524
1.424
0
1.324
1.224
0.1
0
4.524
0.2
1.224
0
2.424
1.624
1.4
2.324
0
1.5
2.848
2.548
0.1
1.324
1.224
0.1
0.4
1.324
0
0.1
1.224
0.5
1.224
0
1.224
2.448
0.2
0.3
2.548
1.424
1.624
1.424
1.224
1.224
0
0
1.224
0
2.124
2.448
2.448
0.1
1.224
1.324
1.224
0
4.148
1.324
1.424
2.124
0
0
1.224
0.2
2.448
2.548
1.524
2.748
0.1
1.524
2.448
1.224
2.448
1.324
2.548
0.4
2.448
0
1.224
0
0
0.4
2.5
0.6
0
0.6
2.324
0.5
