0.1
0.1
4.372
2.648
5.096
1.836
0
1.224
0
0
0
1.224
1.224
0.2
0
0
1.224
1.224
1.224
1.224
3.06
3.16
1.224
1.224
0.1
1.224
1.424
2.448
3.672
2.448
1.224
2.448
0.2
0
1.224
0
0
0
0
0.2
0
3.46
0
0
0.1
1.224
0.2
1.224
0.2
1.224
1.324
0
1.424
1.324
0
1.224
1.224
1.224
0
1.624
1.724
1.324
0
1.324
1.836
0
1.224
1.224
1.524
1.324
0.2
2.548
1.224
1.836
3.26
0.1
1.224
0
1.224
0
2.648
1.224
1.224
1.224
0
1.224
1.224
0
1.224
2.548
0
1.224
1.224
1.224
1.224
1.424
1.224
1.224
1.224
1.224
0
1.424
1.324
0
1.224
0
0
0.2
1.324
0.1
1.324
1.224
0
2.448
0
1.836
0
2.548
0
0
1.724
0
1.224
1.224
1.224
0
0.1
1.224
0
2.548
0
0
1.324
0
3.16
0.1
1.224
2.548
1.324
0.2
0
2.448
1.224
1.324
1.224
1.324
1.224
1.324
0
1.224
1.224
0.1
0
0
0.4
0.2
1.324
0
0.1
0
0
1.224
0
1.224
0
1.224
1.224
1.324
0
1.524
1.224
1.424
2.448
0
2.448
2.548
1.224
1.224
3.06
0.2
0
2.648
0
3.672
0.1
3.772
1.424
2.448
1.224
3.672
0
1.224
0
2.548
2.448
1.324
1.224
0
1.224
1.224
3.16
1.224
0
1.424
0.6
1.224
0
1.224
2.548
1.224
2.448
0.2
1.524
1.224
1.836
1.624
0.1
3.16
0
3.16
1.224
2.548
2.848
3.672
3.672
2.548
2.448
2.448
3.772
3.672
3.872
3.672
2.548
1.836
2.448
0.1
3.872
3.16
1.836
1.524
1.836
1.524
3.16
1.224
1.224
1.224
1.224
2.448
1.224
0.1
0
1.224
1.224
1.224
1.224
1.224
3.06
1.324
2.448
1.224
2.548
1.224
0
0.3
2.448
1.224
0.1
2.448
0
2.448
0
0.2
0
2.548
1.524
0
2.448
1.224
2.448
1.224
3.672
2.448
5.196
3.672
4.896
0.1
1.424
1.224
2.548
3.16
3.16
3.772
1.224
1.224
0
0
1.224
0
1.224
0
1.224
1.224
0.1
0
0
1.224
1.224
1.324
1.224
1.224
2.648
1.224
2.448
1.224
1.224
2.448
0
1.224
0
1.224
0
0
0.1
0
1.324
0
1.224
1.224
0
1.224
1.224
2.448
1.324
3.16
3.06
1.224
0
0
0
0
1.224
1.224
1.224
1.224
0.1
1.324
1.424
2.448
0
1.224
1.424
1.324
1.624
1.824
1.224
1.836
0
1.224
1.224
2.648
1.224
0
1.224
1.224
2.448
0
1.224
2.448
2.036
2.448
2.448
1.224
1.224
1.224
1.224
1.324
2.448
0
0
0
2.448
2.748
2.448
1.224
2.448
1.324
3.772
2.748
1.224
1.324
1.224
3.672
2.948
3.672
3.048
1.224
1.836
1.324
1.224
2.448
3.672
5.508
1.224
3.772
3.672
4.384
4.896
4.896
2.648
3.672
1.424
2.548
3.672
3.06
2.448
2.448
1.224
2.448
3.672
2.448
4.284
5.608
2.548
2.548
1.224
2.548
4.284
3.672
2.648
3.872
3.772
2.648
2.448
1.624
3.672
2.448
1.224
2.448
2.548
2.448
3.672
4.584
3.672
2.448
2.448
5.508
3.672
3.672
2.448
4.384
2.448
3.06
2.448
3.672
2.448
1.324
3.36
3.672
1.324
3.972
2.548
3.772
2.448
1.724
3.772
2.648
1.324
3.048
3.06
2.448
2.648
1.524
1.224
2.648
3.672
2.748
2.448
5.508
1.224
3.048
3.772
1.224
1.224
1.224
2.448
1.224
4.896
2.648
2.448
3.672
1.224
3.672
5.508
4.996
1.424
3.06
2.448
2.448
3.972
3.672
3.16
3.972
1.724
1.224
1.324
3.672
5.508
2.848
2.448
2.448
1.224
5.096
3.772
4.284
3.672
4.996
4.284
2.548
3.672
2.448
2.848
2.448
2.448
2.448
2.448
3.972
3.972
3.672
4.284
1.224
3.672
3.972
3.872
2.448
1.324
4.896
1.324
1.324
2.448
1.224
2.548
3.672
3.672
1.224
2.548
2.448
3.872
5.608
3.772
1.224
1.224
1.324
3.872
2.448
1.224
3.06
2.448
3.672
2.648
1.224
3.672
1.224
2.548
2.448
2.448
4.284
4.484
2.548
4.584
3.672
2.448
1.324
3.672
2.448
2.448
3.06
2.548
2.448
2.648
1.424
2.648
2.448
3.672
1.224
1.224
4.384
3.672
1.224
2.448
2.648
2.448
3.672
4.284
1.924
1.224
2.448
2.448
2.548
3.06
3.672
2.448
2.448
3.672
1.224
3.672
2.448
4.484
2.448
2.448
2.448
1.224
3.672
3.048
4.284
1.224
1.824
1.224
1.224
1.424
3.672
3.672
2.448
1.424
1.424
3.772
2.448
2.648
3.672
3.972
1.324
1.424
3.872
1.324
4.384
3.772
2.448
5.508
2.448
1.324
2.448
2.548
3.872
3.06
2.448
2.448
2.448
1.224
1.424
2.448
2.448
2.448
1.224
1.224
1.324
2.448
3.772
4.284
3.672
2.448
1.224
4.172
1.324
3.672
4.284
4.384
3.672
1.224
2.548
4.996
1.224
3.672
2.448
3.772
3.672
3.972
1.224
4.896
2.448
2.748
3.972
1.224
2.448
4.584
1.224
3.672
2.448
2.448
4.896
2.448
1.224
3.972
3.16
2.448
3.672
2.548
1.324
3.672
1.224
3.672
3.672
3.672
2.548
2.448
3.672
4.896
3.26
1.224
2.648
4.784
1.224
3.772
2.448
3.672
2.448
2.448
1.224
2.448
3.772
2.448
2.448
1.224
3.672
2.448
2.448
1.224
1.324
3.06
2.448
3.672
2.448
3.56
2.448
1.324
3.672
2.448
5.508
3.672
5.508
2.648
2.448
3.872
2.748
2.548
3.672
2.448
3.872
3.672
3.672
2.648
2.448
1.224
2.648
4.072
3.672
3.672
2.448
4.896
1.524
4.372
1.224
1.224
2.448
4.896
3.672
1.224
2.448
4.384
2.448
4.484
5.508
2.548
3.772
1.224
3.672
2.448
1.224
3.672
3.672
3.672
1.224
2.448
2.448
3.672
1.224
3.672
5.608
2.448
2.848
2.448
2.448
2.448
4.384
3.772
2.448
3.872
1.324
3.672
4.284
2.448
3.772
5.908
1.224
4.284
2.548
2.448
3.06
3.672
2.448
3.872
3.672
1.224
3.672
3.672
3.772
3.672
2.448
2.448
2.548
3.672
2.648
2.448
8.832
3.672
3.06
6.932
1.224
1.224
1.224
1.224
3.672
2.448
2.448
3.772
5.508
1.224
5.508
1.224
1.224
1.224
1.224
1.224
2.448
2.448
3.772
3.672
3.672
4.896
2.548
3.06
3.672
3.672
3.672
3.872
3.672
1.224
3.672
5.196
2.448
1.224
2.448
2.448
4.484
2.448
2.448
2.748
1.424
1.224
5.296
2.448
3.772
4.996
2.448
4.996
5.508
2.448
3.972
2.748
1.324
1.224
5.508
2.448
2.548
2.548
4.384
2.548
2.648
2.448
1.224
2.548
2.448
3.772
3.672
1.324
1.224
2.448
3.672
1.224
2.448
3.772
1.224
1.324
1.224
3.672
2.448
2.448
2.748
3.972
2.448
2.448
1.224
2.448
2.448
2.448
2.448
4.896
1.424
5.808
4.284
3.06
4.284
2.448
3.972
4.172
2.448
4.896
2.448
4.896
4.284
4.996
4.172
3.772
5.196
5.196
2.448
2.548
3.772
4.896
3.672
4.996
3.672
3.672
4.384
4.284
4.284
3.672
2.448
5.096
2.448
3.772
3.972
3.672
3.772
3.872
3.672
5.196
2.448
1.224
1.224
1.324
2.448
2.548
6.708
3.672
5.808
3.672
3.672
2.448
3.672
4.284
2.448
4.384
5.508
5.708
5.608
3.672
2.548
4.284
4.284
5.708
5.808
3.772
4.284
2.448
2.448
4.896
2.448
3.672
3.772
2.748
2.548
3.672
3.672
3.672
3.772
1.224
1.224
4.896
1.324
1.224
2.448
2.548
2.648
1.936
1.224
1.224
1.324
1.224
2.748
2.548
1.224
4.284
0
0.2
1.836
1.424
0.1
2.448
2.548
2.548
2.448
0.1
0
1.836
1.224
0
1.324
1.224
1.224
0
1.224
0
0
1.224
0
2.548
1.224
0.1
1.424
0
1.224
1.224
1.224
1.224
0
1.224
1.224
0
1.224
1.324
0.3
1.224
0
0
1.224
1.224
1.224
1.324
1.724
0
1.224
0
1.424
0.1
1.224
0
0
1.224
1.224
1.224
0
1.836
2.448
2.448
1.324
1.324
0.2
0
0.1
1.836
1.224
0
1.324
1.224
1.224
0.1
1.224
1.424
0.1
2.448
1.224
1.224
1.324
2.648
2.448
2.448
0
1.224
3.672
1.224
1.224
2.448
1.224
1.224
0
1.836
1.424
1.324
1.224
1.224
1.324
0
1.324
1.224
1.224
3.672
0
3.06
1.224
1.224
0
0
1.324
1.224
1.224
2.448
0
2.548
1.224
1.224
1.224
1.224
1.224
2.448
0.2
3.06
1.224
1.324
1.224
1.224
2.448
1.224
1.224
1.224
0
1.224
1.224
0
1.224
1.224
1.224
3.06
0
1.224
0
2.448
1.224
1.224
2.448
1.224
0.2
1.224
1.224
1.224
0
1.224
1.224
1.324
1.224
1.324
1.424
0
1.224
0.2
0
0
1.324
1.524
2.548
2.448
2.448
0.2
1.224
0
1.224
0.1
0.1
0
0.1
1.224
1.224
1.224
0
1.224
1.224
1.224
1.224
2.448
1.224
1.224
0
1.224
0
0
1.224
1.224
1.224
1.424
1.324
2.648
2.448
1.224
1.224
1.524
1.224
0
1.324
1.224
1.224
1.224
1.324
1.224
0
0.1
1.224
0
1.224
1.424
1.224
1.224
1.424
0
3.672
1.324
1.224
1.224
0
3.06
1.224
0
0
3.06
0
1.224
2.448
2.448
2.548
1.224
0.1
2.448
1.224
1.224
0.1
0
0
1.224
1.424
0.2
0
1.224
3.06
0
2.448
1.224
1.224
1.424
2.448
0
1.324
0
1.224
1.224
1.324
1.224
1.224
0
1.936
1.324
2.448
1.224
1.224
1.224
1.224
1.424
1.224
2.448
2.448
0
1.224
2.448
1.324
1.324
2.448
1.224
1.224
3.06
2.448
1.224
1.224
1.936
0
1.224
1.224
1.224
1.224
1.224
0
0
0.1
0
0
1.324
0.3
1.224
1.324
1.224
3.16
1.224
1.224
1.324
0.1
0
1.224
2.448
1.224
2.448
1.224
2.548
0
2.448
1.224
1.224
0
1.224
0
2.448
1.224
1.224
2.448
1.224
0.1
2.448
0
0
1.224
1.324
1.224
1.224
1.424
1.224
3.06
2.448
0
1.324
0
0
3.06
1.224
0
0.3
1.324
0
1.224
0.1
0
2.448
0
1.224
3.872
1.224
1.224
1.224
0
2.448
1.224
1.224
1.324
1.836
0
1.324
0
1.224
2.448
1.224
1.224
1.324
2.448
0
1.224
1.224
3.672
1.224
1.224
1.224
2.648
0
1.224
2.448
1.324
1.224
1.224
1.224
1.224
0.1
1.224
1.836
2.448
1.224
0
3.06
1.324
1.424
1.224
1.224
0
0.2
0
2.448
1.836
2.448
1.224
0.2
1.324
0.4
0
0
3.672
2.448
0.3
0.1
1.224
1.324
0
0
1.224
3.06
0
0
1.224
0
1.224
1.224
0
0
1.224
1.324
1.224
1.836
1.324
1.524
1.224
1.224
1.324
0
1.224
2.448
0.1
0
2.448
1.224
3.672
0
3.16
1.224
0.1
1.224
1.224
1.424
0
1.324
2.036
0.1
2.548
1.424
1.324
2.448
1.224
1.224
0
1.224
1.224
2.548
1.224
2.448
2.748
1.224
1.224
2.448
1.224
1.224
1.424
3.06
1.836
1.324
1.224
1.224
1.224
1.224
1.224
1.224
0
0.1
0
1.224
0
0
1.224
0
1.224
1.224
2.448
0.3
1.224
1.224
0
1.224
0
0
1.224
0
2.448
1.224
1.224
0
0
0
1.224
1.524
0
1.224
1.224
0.3
2.448
1.224
0
1.224
0
1.224
2.448
0
0
0
0
2.448
3.26
1.224
0
1.224
1.224
2.448
0
1.224
2.448
3.672
1.224
1.224
1.224
1.324
2.548
1.224
0.1
2.448
2.448
0
0
2.448
1.224
1.224
1.224
1.224
0.1
1.224
1.324
1.524
0
1.324
0
3.06
1.224
0
0.1
4.284
1.324
1.224
0
1.224
0
1.224
1.424
2.548
3.06
0
0.3
1.324
3.672
0
1.224
0
0
0
2.548
3.672
2.448
2.448
1.224
0
0
0
0
1.524
0
0
0
0
1.224
2.448
1.324
1.224
1.324
2.548
3.672
1.324
0
2.548
1.224
0
0
0
2.448
3.672
0
1.224
1.224
1.224
1.224
2.448
1.224
1.224
0
2.448
1.224
1.424
1.324
1.224
0.1
1.224
1.224
3.672
1.224
1.224
2.748
1.224
0
2.448
1.424
3.06
0.3
2.036
0
0
0
2.748
0
0
1.224
0
0.1
2.448
0.1
1.224
0
1.224
3.06
1.224
1.224
1.836
0
0
1.224
1.324
0
1.224
0
1.324
1.224
3.06
0.5
1.224
1.224
0
1.224
1.224
1.524
0
0
3.16
1.224
0
1.224
1.224
1.424
0.2
0.1
1.524
1.936
1.224
1.224
4.072
1.224
1.224
1.224
3.06
1.324
0
1.224
1.224
0
1.224
2.648
1.324
1.224
0
1.224
2.548
0.1
1.224
1.224
1.224
1.324
2.448
1.836
0
1.424
1.224
0
0
0
1.224
2.448
2.448
2.748
1.224
2.448
3.16
0.1
1.836
0
2.448
1.324
1.424
2.448
0.1
1.524
0.1
1.224
0.1
1.224
1.324
1.324
1.224
0
1.524
2.648
2.448
1.224
2.548
1.324
1.324
0
1.624
0
4.384
2.648
2.548
2.448
2.448
1.224
3.06
0
1.424
3.06
1.224
0.1
1.224
0.1
0
1.224
0
0.4
1.224
0.1
0
1.224
0
1.224
1.224
2.448
0
1.836
1.324
1.724
1.224
1.224
1.224
1.324
1.836
0
4.784
1.224
2.448
1.836
1.524
1.624
1.524
1.324
1.224
0.1
2.548
4.284
0
1.324
1.224
0
0.3
2.448
3.06
1.836
1.224
0.2
2.448
1.836
3.16
2.448
0
0
2.548
2.548
1.524
1.224
1.224
1.224
1.224
0
1.224
0
2.548
2.448
2.448
0
2.448
1.224
1.224
0
3.048
2.448
1.424
1.324
0
1.224
2.448
0
3.672
4.996
2.448
3.672
1.324
2.648
3.672
3.672
4.896
3.672
4.996
1.224
2.448
4.284
2.448
0
1.224
0.1
0.5
0
0
1.524
1.324
1.424
