0.1
0
1.324
3.16
1.224
1.836
0
0
0
0
0
0.1
0.1
0.1
0
0
0.1
0
0
0
3.06
3.16
0
0
1.936
0
0.1
2.548
2.448
2.448
0.3
1.224
0.2
0
0.1
0.2
0
0
0
0
0.1
1.936
0
0
0
0
0
0
0
1.324
0
0
1.324
0
0
0
0
0
0
0
0.1
0.1
0
0
1.836
0
0
0
0
0.3
0
0
0.3
1.936
1.936
0.1
0
0.1
0
0
0.1
0
0
0
0
0
0
0
0
0.1
0
0
0.1
0
0
0
0.1
0
0
0
0
0.1
0.1
0
1.836
0
0
0.1
0.1
0
0.3
0
0
0
0
2.036
0
0
0
0
0.4
0
0
0.3
0
0
0
0
0
0.1
0.1
0
0.1
0
1.836
0.1
0
0
0.1
0.1
0
0
0
0
0
0
0
0
0.2
0
0
0
0
0.1
0.1
0
0.1
0
0.1
0
0
0
0
0
0
0
0
0
0
0.2
0
0.1
0.1
0
0
0.2
0.1
0
3.06
0
0.1
0
0
0
0
0
0.1
0
0
0
0
0.1
0
0.1
0
0.1
0
0.1
1.224
0.1
1.836
0.1
0
1.724
0.2
0
0
0.2
0.1
0
0
0
0.1
0
1.836
0.3
0
2.236
0
3.06
0.1
0
1.424
1.224
1.224
1.224
1.224
1.224
1.224
1.224
1.224
1.224
0.2
3.672
1.936
0
0.1
1.836
3.06
0.1
3.672
0.1
3.872
1.224
0
0
0
0
0
1.936
1.224
0
1.224
0
0
0
1.836
0
0.1
0
3.06
0
0.1
0
0
0
0
0
1.224
1.224
0
0
1.224
0
0.1
1.224
0.1
0
0
0
1.224
1.224
1.424
1.224
1.224
0.2
0
0
1.324
3.16
3.06
1.224
0
0.2
0
0
0
0
0
0
0
0
0.1
0
0.1
0
0
0.1
0
0.1
1.936
0
0
0
0
0.2
0
0
0
0
0
0
0
0.1
0
0
0
0
0
0
0.1
0
0
3.772
3.772
0
0
0
0.1
0
0
0
0.1
0
0.1
1.936
0
2.136
0
0
0
0.2
0.1
0.2
0
3.672
0
0.1
0
0.1
0
0
0
0
0
0
1.836
0
3.872
0
0
0
3.06
1.836
0
0
0
0
0
0
0
0.2
1.224
0
1.224
1.224
1.224
1.324
1.224
3.16
1.224
1.224
3.16
1.224
3.16
0
1.836
2.548
1.224
1.224
1.224
4.896
1.224
1.324
1.224
4.384
1.424
1.324
4.584
1.224
1.424
1.324
1.224
4.284
2.548
1.224
1.224
1.224
1.224
1.224
4.384
3.16
1.324
1.324
1.224
4.284
3.06
1.324
4.584
3.16
3.06
1.224
3.06
3.16
4.584
1.224
1.224
1.224
1.224
1.324
3.06
3.16
1.224
1.224
1.224
4.896
1.224
1.324
4.284
3.06
1.224
3.16
1.224
1.224
1.224
2.448
4.584
1.224
3.06
3.36
1.324
1.224
1.224
3.26
3.06
1.224
1.224
1.324
3.06
1.224
1.324
1.524
1.224
3.06
1.324
1.224
1.324
3.06
1.424
1.424
1.224
1.224
1.224
1.224
1.224
1.224
1.224
3.26
1.224
1.224
1.224
1.224
4.896
3.16
2.448
4.284
1.224
2.448
2.448
1.324
3.26
1.324
3.16
1.224
3.06
1.224
4.896
3.16
1.324
2.448
1.224
1.324
1.224
3.06
1.224
3.16
3.16
1.224
3.06
1.224
1.324
1.224
1.224
4.284
1.224
2.548
3.36
1.224
4.484
1.224
1.224
1.224
1.224
1.224
1.224
1.224
1.224
1.424
1.224
1.224
1.224
1.324
1.324
2.648
3.16
1.224
3.06
3.16
2.448
1.224
2.448
1.224
3.06
1.224
1.224
4.896
1.224
1.224
1.224
1.324
1.524
1.324
1.224
1.224
1.224
3.16
4.484
3.06
4.384
1.224
1.224
1.324
1.224
3.06
1.224
4.284
1.224
2.448
1.224
1.324
1.224
1.224
1.324
1.224
1.224
3.06
1.224
1.324
1.224
3.16
1.224
1.224
3.06
4.584
1.224
1.224
1.224
1.224
4.284
1.224
1.224
1.224
2.548
1.224
1.224
1.224
3.16
1.224
1.224
1.224
1.224
1.424
4.284
3.06
1.224
4.484
1.224
3.06
1.324
1.224
1.224
1.224
3.16
1.224
3.16
1.224
3.06
4.384
1.324
3.16
3.06
3.06
4.284
4.896
1.224
2.448
4.896
1.224
3.06
4.284
1.224
4.284
3.06
1.224
3.06
1.224
1.224
3.06
1.224
3.26
1.224
1.224
1.224
3.26
2.548
2.448
4.584
4.284
1.224
1.224
1.424
3.06
2.548
4.896
4.284
1.224
1.224
3.16
1.224
1.224
1.224
2.448
1.224
1.324
3.36
1.224
1.224
1.324
3.26
1.324
3.26
3.16
3.16
1.224
4.284
1.224
2.448
1.224
3.06
1.224
1.224
4.996
1.224
1.224
1.224
3.16
1.224
1.224
2.448
1.224
2.548
3.16
1.224
1.224
1.224
4.284
1.224
1.224
5.196
1.224
3.06
1.224
1.224
1.224
1.324
1.224
1.224
1.324
1.224
1.224
1.224
1.224
3.06
1.224
1.224
3.06
3.06
2.448
3.06
1.224
3.56
1.224
3.06
4.284
1.224
4.896
1.324
4.896
3.06
1.224
1.224
4.284
1.424
1.324
1.224
1.224
1.224
3.06
3.16
1.224
1.224
4.284
1.324
1.224
1.324
1.224
1.224
1.624
1.324
1.424
1.224
1.324
2.448
1.224
1.224
1.324
4.384
1.224
4.384
3.16
1.324
1.224
1.224
1.224
1.224
1.224
1.324
2.448
1.224
1.224
3.06
3.06
1.224
1.324
1.224
4.896
1.224
2.548
1.324
1.224
1.224
4.684
4.384
1.224
1.324
3.06
1.224
4.284
1.224
1.324
3.16
1.224
4.896
1.224
1.224
3.06
1.224
1.224
3.16
1.224
1.224
1.224
3.06
3.06
2.448
1.224
1.324
1.324
1.224
2.448
1.224
3.06
3.06
7.42
3.16
1.324
1.224
1.224
1.224
1.324
1.224
1.224
3.06
4.896
1.224
4.896
1.224
1.224
1.324
1.224
3.06
1.224
1.224
1.224
1.324
1.224
1.224
1.224
3.06
1.224
1.224
1.224
1.224
1.224
3.06
2.448
1.524
1.224
1.224
1.224
2.548
4.284
1.224
1.224
1.224
1.224
2.448
1.424
1.224
1.224
1.224
1.224
1.324
4.896
1.224
4.584
3.16
4.384
1.224
4.896
1.224
4.384
1.324
3.16
1.324
4.284
1.224
1.224
1.324
3.06
2.448
1.224
2.548
3.06
1.224
1.224
1.224
1.224
1.224
2.448
2.448
3.06
1.224
1.224
1.224
1.324
3.16
1.324
1.224
1.224
3.06
1.224
1.224
1.224
1.224
1.224
3.36
4.284
3.06
3.06
1.224
3.06
3.26
1.224
2.448
3.06
1.224
4.584
1.224
1.324
1.224
1.324
1.224
2.548
1.224
3.46
1.224
1.324
1.224
1.224
1.224
4.284
4.284
4.284
4.384
2.548
1.324
1.224
4.384
4.284
4.284
1.224
1.324
1.224
1.324
1.224
1.224
1.224
3.06
1.224
3.16
4.384
3.16
3.26
1.224
1.224
1.224
1.224
4.896
2.448
4.896
3.06
3.16
3.16
1.224
1.224
4.284
4.284
4.384
4.384
1.324
4.284
4.284
1.224
2.548
1.224
2.448
2.648
2.448
2.548
2.448
1.224
2.548
1.324
4.384
4.284
2.748
1.936
0
0
0
0
4.996
1.324
0
1.224
0
0.1
1.936
0
3.06
1.836
0.2
3.06
0
0
0
3.06
0.2
0
0
0
1.836
0
0
0
0
0
0
0.1
1.224
1.224
0
0
0.2
0
0.1
0
0
0
0.1
0
0
0
0
0
0.1
0
0
1.936
0
0
0
0
0
0.1
0.1
0.3
0
0
0
0
0
1.224
0
0
0
0
0
1.836
1.836
0
0
0.1
0
0.2
0
0
1.836
0.1
0
0
0
0
0.1
0.2
0.1
0
0.1
1.224
0
0
0.1
0
0
0
0
0
0
0
0
0
0
0
1.836
0
0
0
0
0
1.836
0.1
0
0
0
0
1.836
0
0
0
0
0
0
1.224
0
0
0
0
0
0
0
0.1
0
0
1.836
0
0
0
0
0
0
0
0
0
0
0
0.1
0
0
0
3.06
0
0
0
0
0
0
0
0
0
0
0
0
0
0.1
0.1
0
0
0
0
0
0
0.1
0
0
0
0.1
0.2
0
0
0.2
0
0
0
0
1.836
0
0
0
0
0
0
0
0
0
1.224
0
0
0
0.1
0
0
0
0
0.2
0
0
1.324
0
0
0
0
0.2
0
0
1.224
0
0
0
0
0.1
0.1
0.1
0.1
0
0
0.1
0.1
0
0
0
0
0.1
0
0
0
1.836
0
0
0
1.836
0
0
0.1
0
0.1
0.1
0
0.1
0
0
0
0
0
0.1
0
0
0
0
1.836
0
0
0
0.1
0
0
0
0
0
0
0
0
0
0.1
0
2.036
0
0
0
1.224
0
0
0
0
0
0
0
0
0
0
0.1
0.1
0
0
1.936
0
0
0
1.836
0
0
0
0
0
0
0
0
0.2
0
0.1
0
0
1.224
0
0
1.936
0
0
0.3
0
0
0
0
0
0
1.224
1.324
0
0
0
0
0
0
0
0
0
0
0.1
0.1
0
0.1
0
0
0
0
0
0
0.1
0
1.836
0
0
0.1
0
0
1.836
0
0
0.2
0
0
0
0
0
1.224
0
0
0
0
0
0
0
0
0
0.1
0
1.836
0.2
0
0
0
0
0
0
0
0
0
0
0
0
0
0
0
0
0
0
0
0
0
0
0
0
0.2
0
3.772
0
0
0
1.836
0
0.1
0
0
1.836
0.2
0
0.1
1.836
1.324
0
0.1
0.2
0.2
0
0
0
1.224
0
0
0
0.2
0
0
0
1.836
1.224
0.2
0
0
0
0
0.1
0
0
1.224
0
1.836
1.224
0.2
0
0
0
0
0
0
0
0.1
0
0
0
0
1.936
0
0
0
0
0.2
0.1
0.1
1.936
0
0
0
0
0.1
0.1
0.2
0
0
0
0
0
0
0.1
0.1
0
0
0
0
0
3.06
1.836
0
0
0
0
0
0
0
0
0
0
0
0
0
0
0
0
0
0
0.5
0
0
0
0
0
0
0
0
0
0
0
0
0
0
0
0
0
0
0
0
0
0
0
0
0
0
0
1.836
0
0
0
0
1.936
0
0
0
0
0
0
0.1
0
0
0
0
0
0
0
0
0
0
0
0
0
0
0
0
0
0
0
0
0.1
0
0
0
0
3.06
0
0.1
0
1.836
0
0
0
0
0
0
0
0.1
1.836
0
0.1
0
0
0.1
0
0
0
0
0.1
0
0
0
0
0
0
0.1
0.1
0
0
0
0.1
0
0.1
0
0.1
0
1.224
0
0
0
0
0
0
0
0.1
0.1
0
0
0
0
0
0
0
0
0
0
0
0
0
0
0
0
0
0
0.2
0
0.1
0
1.224
0
1.836
0
0.1
1.836
0
1.936
0.1
0
0
0
0
0
0
0
0.3
0
0
0
0
0
1.836
0
0
1.836
0
0
0
0
0
0
0
0
0
3.06
0.4
0
0
0
0
0
0
0.1
0
1.836
0
0
0
0
0.1
0.1
0
2.036
1.836
0.1
0
0.1
0
0
0
1.836
0.1
0
0.1
0
0
0
0
0
0.1
0
0
1.224
0.1
0
0
0
0
0
1.836
0
1.224
1.224
0
0.1
0
0
0
0
0
0
0.1
1.836
0.1
1.836
0.1
0
0
0.2
0
0.1
0
0.2
0
0
0
0
0
0
0
0.1
0
0.1
0
0
0
0
0
0.2
0
3.26
0.1
0
3.06
1.224
0
3.06
0
1.224
1.836
0
0.1
0
0.2
0
0
0
0.1
0
0.4
0
1.224
0
0
0
3.06
0
1.836
0.1
3.06
0
0
0
3.26
1.836
0
3.46
2.548
0
4.896
0.2
2.136
0.1
0.1
0
0.1
1.524
1.836
0
0
1.836
1.836
2.136
0
1.836
3.16
0
0
0
4.996
1.836
1.224
0.1
1.224
0
1.224
1.836
0
0.1
1.224
0
1.224
0
0
1.424
0.1
1.224
0
0
0.1
0
0
2.036
1.224
1.324
0
0
0
1.224
1.936
2.448
2.448
1.224
3.06
1.324
1.324
2.448
1.224
2.548
1.324
1.224
0
0
4.896
0
0
0
0.1
0.4
0.1
0
2.548
0.1
2.448
