1.324
1.224
3.972
3.972
3.772
0.2
1.224
2.448
1.324
1.224
2.548
1.224
0
1.524
1.424
1.224
0
2.448
2.448
2.548
1.224
1.224
1.224
2.448
2.548
2.548
2.448
2.648
4.896
2.448
2.548
2.448
1.724
1.224
0
1.524
1.224
1.224
0
1.324
1.324
1.624
0
0
0
1.224
0.1
0
1.224
2.648
1.224
0
2.448
0
0
1.224
1.224
0
1.224
1.324
0.2
0
0
2.648
0.2
1.224
0
0.1
1.224
0.3
1.224
2.548
1.224
1.224
1.424
2.548
0
1.224
0
1.224
2.648
0
1.224
0
0
0
0
0
1.224
2.648
1.224
1.224
0
0
0
2.548
2.648
1.224
2.548
2.448
0
0
0
1.224
1.224
1.224
1.224
0.1
0
1.224
1.424
0
1.224
1.224
0
0.1
1.224
1.224
1.224
1.224
0.5
0
2.448
1.324
0
1.224
1.224
1.224
0
1.324
1.224
0
0
0
1.324
0.1
1.224
1.224
1.224
0.1
2.548
2.448
0
1.224
0
0
1.224
0
1.224
0
1.224
1.224
1.224
1.224
1.624
1.324
0.1
0
1.424
0
1.224
0
1.224
0
0.1
0
1.224
1.224
0
2.948
1.224
1.424
1.224
1.224
1.324
2.448
0
0
1.324
1.324
1.324
1.324
1.224
2.448
0.2
2.448
1.424
1.224
0
2.448
1.224
2.548
1.324
1.524
1.224
1.324
1.224
1.324
2.448
1.324
1.224
1.224
0
0.2
1.624
0
1.224
2.448
2.448
2.448
2.448
1.324
2.648
0
1.324
0.2
1.224
1.624
0
0
0
2.448
2.748
3.672
3.672
2.448
2.448
2.448
3.672
3.672
4.996
4.896
1.224
0
2.548
0.1
3.048
1.224
0
1.224
0
1.324
1.324
1.224
0
1.224
1.224
1.224
1.224
1.524
0
0
0
0
1.224
1.224
0
0
3.772
1.224
2.448
1.224
2.448
0.1
2.448
1.224
1.224
2.448
1.224
2.448
1.224
1.324
1.224
2.448
0.1
0
2.448
0
2.548
1.224
2.448
1.324
3.772
4.896
3.672
1.324
1.224
1.224
1.224
1.224
1.324
3.672
0
0.2
1.224
0
1.224
0
0
1.324
2.548
1.224
0
1.224
1.224
0
0
1.424
2.448
1.224
1.224
0
1.424
2.448
2.448
2.448
1.224
1.424
1.224
1.224
1.224
1.324
1.324
0
0
1.224
0
1.224
1.224
0
2.448
2.448
1.224
2.648
2.448
0
0.1
1.224
1.424
2.448
0
2.548
0.2
0
1.224
1.224
2.448
2.448
0.1
1.224
2.448
1.224
0.2
0.5
2.448
0
1.224
0
2.448
2.548
2.448
1.224
2.548
2.448
1.224
1.424
1.224
3.672
1.224
2.448
2.448
1.224
1.224
2.448
2.448
0
1.224
1.424
1.224
1.224
3.672
4.172
2.448
0
3.672
1.324
3.672
4.072
2.448
1.224
2.448
6.22
3.972
2.448
3.672
1.224
0
2.448
2.448
3.672
3.672
3.672
2.448
2.648
2.448
3.872
3.672
3.672
2.648
3.672
2.848
2.448
3.672
1.224
3.672
1.224
2.448
3.672
2.548
1.224
2.448
5.196
2.548
3.772
2.448
2.448
3.672
3.672
2.648
3.672
3.672
2.648
2.548
1.224
3.672
3.772
2.448
2.548
2.448
4.896
4.896
3.672
3.672
3.672
3.672
3.672
2.448
2.448
2.448
2.448
3.772
1.224
3.672
2.448
1.224
2.448
2.648
2.548
1.224
5.696
2.448
2.448
2.548
1.324
4.896
1.424
1.424
2.948
1.224
3.672
2.648
2.648
1.224
3.672
4.996
2.748
3.972
2.448
1.224
2.848
2.448
2.448
2.448
1.224
3.672
1.224
3.672
4.996
3.872
2.448
2.448
2.448
3.672
3.872
1.324
1.224
3.672
2.548
3.772
3.672
2.448
2.548
1.224
2.448
2.448
2.448
3.672
2.448
3.672
1.224
2.448
3.772
3.672
2.448
3.672
3.672
3.672
3.672
4.896
1.324
1.324
2.448
2.448
2.448
3.672
3.972
2.648
2.448
2.648
2.448
3.672
3.672
3.672
3.672
1.224
3.672
2.548
2.448
2.448
2.548
3.772
2.448
3.872
2.648
3.672
2.448
3.672
4.996
2.548
2.548
2.448
2.448
3.772
2.448
2.448
1.224
2.448
3.772
2.548
1.224
3.672
2.448
1.224
1.224
1.224
3.672
2.448
2.448
3.672
6.22
3.672
2.448
2.448
3.772
2.448
1.224
2.448
2.448
2.548
2.748
2.648
2.448
2.448
2.448
1.324
2.448
3.672
2.448
3.672
2.448
3.872
4.896
1.224
1.324
1.324
2.448
2.448
2.548
1.224
3.672
2.448
3.872
3.972
2.448
3.672
3.772
3.972
2.448
3.672
3.672
2.548
2.448
2.548
2.448
2.448
1.524
1.224
1.224
2.548
4.896
4.896
3.672
1.324
1.424
2.448
3.672
3.772
3.672
4.896
1.224
2.448
2.448
2.548
2.448
2.448
2.448
3.672
2.448
1.224
2.448
3.872
3.672
3.672
1.224
2.448
3.672
2.448
1.224
3.672
3.872
1.224
2.448
2.448
1.424
2.548
3.672
3.972
3.672
3.672
2.448
4.072
1.324
4.896
2.448
1.324
2.448
1.224
2.648
5.096
2.448
3.672
2.448
3.672
3.672
4.172
1.224
4.896
3.672
4.996
3.672
2.448
5.096
2.448
2.448
3.672
3.672
2.448
4.896
2.448
2.548
3.772
1.224
2.448
2.448
2.448
1.324
3.672
1.324
2.448
3.672
3.672
3.672
3.672
2.448
3.672
1.424
1.224
2.448
2.848
2.448
4.896
2.448
3.672
3.672
1.224
2.448
3.672
3.672
3.772
3.672
2.648
3.672
2.548
1.224
2.448
2.448
1.224
2.448
4.896
2.448
2.748
2.448
1.224
3.672
3.672
3.672
2.448
3.672
2.648
3.672
4.896
1.224
2.448
2.548
2.448
3.672
4.896
2.448
3.672
1.224
2.448
2.448
2.448
2.448
3.672
2.448
3.672
2.948
5.096
2.448
1.224
2.748
3.672
2.448
2.448
2.448
2.448
3.772
2.548
2.448
2.548
4.996
2.448
3.672
2.448
2.448
3.672
4.896
3.672
1.224
4.896
4.896
3.772
2.548
2.448
3.672
2.448
3.772
2.448
3.772
2.548
2.548
3.672
3.672
2.448
1.224
4.996
1.224
2.648
2.548
4.896
2.448
3.672
2.448
2.448
1.224
2.448
2.448
4.896
3.672
2.448
3.672
3.672
4.896
3.672
3.672
2.448
2.448
3.672
2.448
3.672
3.672
4.896
1.324
3.772
2.448
1.224
2.448
2.448
7.92
1.224
1.224
2.448
3.672
3.672
3.672
2.448
2.448
2.448
2.448
1.224
1.224
3.672
3.772
3.672
2.448
3.672
2.448
2.448
3.672
2.548
2.448
3.672
3.672
1.224
4.896
3.972
1.324
1.324
2.448
2.548
3.672
2.448
3.672
2.548
2.648
2.448
3.772
1.224
4.896
3.672
4.896
3.672
3.672
2.448
3.772
2.748
2.448
1.224
3.672
3.672
2.448
2.448
2.448
2.448
3.672
2.548
2.548
3.672
3.672
3.672
4.896
1.224
1.224
3.772
2.548
2.448
1.224
2.448
2.448
2.448
1.224
2.448
1.224
1.324
3.772
2.648
2.548
2.448
2.548
2.548
3.672
1.224
3.672
4.896
2.448
3.972
2.448
2.548
2.548
3.672
4.896
4.896
2.448
3.672
3.672
3.672
3.672
3.672
5.296
2.448
5.096
3.672
2.548
1.324
4.996
3.672
3.672
3.772
4.996
4.996
2.448
2.448
2.448
3.672
2.448
3.872
2.448
3.672
3.672
3.672
3.672
2.748
2.448
3.672
1.224
1.224
2.448
3.672
3.672
2.648
2.948
4.996
5.496
3.672
3.672
3.672
2.448
2.548
2.448
2.448
3.672
3.872
3.672
3.672
3.772
2.448
2.448
2.648
2.548
2.448
2.548
2.448
1.224
3.672
1.324
3.672
3.772
2.548
2.448
3.672
3.672
4.072
2.448
2.448
2.448
3.672
1.224
1.224
2.448
2.548
2.648
0.1
3.772
2.448
1.224
0.2
1.224
2.548
0
1.224
0
1.824
0
0.3
0
3.672
2.448
1.224
2.448
0
0
0.1
1.224
1.224
0
1.324
0
1.224
1.224
1.224
1.224
2.448
1.224
2.948
1.224
1.224
2.448
1.224
0
1.324
0
1.224
1.224
1.224
1.224
2.548
2.748
0.1
0
1.224
2.448
1.324
1.224
1.224
1.224
1.224
1.524
0
1.324
1.224
1.224
1.424
1.224
1.424
0
2.548
2.448
0
1.224
1.224
1.224
2.448
2.448
2.448
1.324
0
1.224
2.448
0
1.224
0
1.224
1.324
1.224
1.324
1.224
1.224
2.448
3.672
1.224
0.1
2.448
1.224
1.224
1.224
0
2.548
2.448
2.548
2.448
1.224
2.448
2.548
1.224
1.624
2.548
1.224
0
1.224
1.224
1.224
0.2
1.224
2.448
1.324
0
0
0
0
0
0.1
2.548
2.448
1.324
1.224
1.324
1.224
2.448
1.224
0
0
1.224
1.224
1.224
1.224
1.524
1.224
1.224
1.224
0
1.224
2.448
1.224
1.224
1.224
1.224
2.648
2.548
1.224
1.224
0
0
0.1
1.224
1.224
1.224
1.224
1.224
1.424
0
2.448
0
1.224
1.224
2.448
1.224
2.448
1.224
1.224
1.224
1.224
0.2
1.224
1.224
1.224
2.448
1.224
1.224
1.224
1.624
1.224
1.324
2.548
1.324
0
1.224
2.648
1.224
1.224
3.772
2.448
1.224
1.224
0
2.448
1.224
1.224
1.224
1.324
1.224
1.224
1.224
1.224
0
0
2.448
1.424
1.324
3.672
1.224
2.448
0.6
1.224
1.224
1.324
0
1.424
1.224
0
0
1.224
1.224
1.224
1.224
1.224
2.548
1.224
1.224
1.324
0
2.548
1.324
1.224
1.224
0
2.448
1.224
1.224
1.224
1.224
1.324
1.224
1.224
1.224
1.224
1.224
1.324
2.548
1.324
2.448
1.224
1.224
1.424
1.224
0.1
1.224
2.448
0
0.2
1.324
1.224
1.224
0
1.324
2.648
1.224
0
1.224
1.224
1.224
2.448
0
2.448
1.224
0.2
0
1.224
2.548
1.224
0
1.224
2.748
1.224
2.448
1.224
1.424
1.224
1.224
1.224
1.224
2.448
1.324
2.548
1.224
2.448
0.1
1.224
2.448
1.324
1.224
1.224
1.224
1.424
0
1.224
1.224
1.324
1.224
1.224
4.072
1.424
3.672
0.1
1.224
0.4
0
1.224
2.548
1.424
2.448
1.224
2.448
0
1.224
1.224
1.224
1.224
1.224
1.224
1.224
1.224
1.224
1.224
2.448
1.224
1.224
1.224
1.324
1.524
1.324
1.224
1.224
0
2.648
2.448
1.224
0.2
1.224
2.448
1.224
1.224
0
1.224
1.224
2.548
1.224
2.448
1.224
2.448
1.224
0.1
1.324
1.224
2.448
0.1
0
2.448
1.224
1.224
1.224
1.324
1.224
1.224
1.324
1.224
0.1
1.224
1.324
1.424
0
1.224
0
1.224
2.448
3.672
1.224
1.224
1.224
2.448
2.448
1.224
1.224
3.672
1.224
0
1.224
2.448
0
2.448
0.2
1.224
1.324
0
0
1.224
1.224
2.448
1.324
2.548
2.548
1.224
2.448
1.224
1.424
0
3.672
2.548
1.224
1.224
1.424
1.324
1.524
1.324
1.224
2.548
1.224
2.648
1.224
1.224
1.324
1.224
0
1.224
0
0
1.524
1.224
0
1.224
2.448
1.224
1.224
2.448
2.448
1.224
2.448
2.648
3.772
1.324
0.1
3.772
0
0
1.324
0.1
0
2.448
1.324
2.448
1.224
1.224
2.448
1.324
2.448
1.224
0.2
0
2.448
0
1.324
1.224
0.2
0.1
1.224
1.224
1.224
1.324
1.224
1.224
2.448
0
1.224
2.648
2.548
1.224
1.224
1.224
1.224
1.624
1.224
0
1.324
1.324
0
2.448
0
2.448
0
1.224
0.1
0
1.224
1.224
2.448
1.224
0
1.224
0
1.224
1.624
2.748
0
1.324
1.224
1.224
1.224
1.224
1.224
1.224
0
0.1
1.224
0
2.448
1.224
0.3
1.224
0
1.324
1.624
1.224
1.224
1.324
1.324
1.224
1.224
2.448
0.1
2.448
2.448
0
1.224
4.172
1.224
1.224
1.224
0
2.448
1.224
1.224
1.224
2.448
1.224
0
3.672
2.548
1.324
2.448
1.224
1.224
2.548
0
1.224
1.224
0.1
1.224
1.224
1.224
1.224
1.224
1.324
1.524
2.448
2.448
1.224
1.224
1.224
1.224
1.224
1.224
1.224
2.448
1.324
1.224
1.424
0
0.2
1.224
3.672
1.224
1.324
1.324
2.548
1.324
1.224
1.224
1.324
0
1.224
3.772
1.224
1.324
1.224
0
1.224
1.324
1.224
1.324
1.224
2.448
1.324
1.224
2.548
1.224
2.548
1.224
2.448
1.324
2.448
2.448
0
3.772
2.448
1.224
1.224
1.324
2.448
2.448
1.224
1.224
0
1.224
1.224
1.224
0
1.224
1.224
2.548
1.324
1.524
0.1
0.2
1.324
0
1.624
2.448
0
0
2.448
1.224
0
2.448
1.324
2.548
1.324
0
1.324
0
1.224
3.772
1.224
1.324
2.548
0
1.424
2.448
1.224
1.324
1.224
1.224
3.672
1.324
0.1
2.448
1.224
1.224
1.224
2.448
1.224
1.224
1.324
1.224
2.448
1.224
2.024
2.448
2.448
1.224
2.648
0.1
1.324
1.524
1.224
2.748
1.224
0
2.448
1.224
0.1
1.224
0
1.424
0
2.548
1.424
2.648
2.448
1.324
1.224
0
2.448
1.324
2.548
1.224
1.224
1.224
2.548
1.224
1.324
1.224
1.224
1.324
2.448
1.324
0
1.224
0
1.224
1.224
1.224
2.548
1.324
1.224
1.424
1.224
2.548
2.448
1.224
2.748
2.448
1.324
2.448
1.224
1.224
1.224
1.224
2.448
1.524
1.224
1.224
2.548
2.648
1.224
1.224
1.224
1.224
0.1
1.224
1.224
1.224
1.524
1.224
2.648
1.224
1.324
1.224
0
1.324
0
1.224
2.448
3.772
2.448
2.448
0
1.224
1.224
1.224
1.224
1.324
1.224
2.548
2.648
1.224
2.448
2.748
1.424
0
0.5
1.324
2.448
1.224
0
0
3.672
1.224
0
2.548
1.224
2.548
0
2.548
2.548
1.224
1.224
4.472
1.324
1.224
0
2.748
1.424
1.424
1.224
1.224
1.324
2.548
3.672
1.224
1.224
1.224
1.224
1.324
1.224
1.224
0
2.448
1.424
2.448
0
1.224
2.448
0
1.524
2.448
2.448
1.324
1.224
1.224
2.548
0.1
1.224
1.224
1.224
2.448
2.448
2.448
1.224
1.224
2.448
1.224
0
3.672
3.672
2.548
2.548
1.324
0
1.224
0
3.672
3.672
2.548
3.672
2.548
3.772
3.672
2.448
3.672
3.672
3.672
0
3.672
2.448
1.224
1.224
0
0
1.524
1.224
1.224
2.448
2.748
2.448
