0.1
0.1
3.148
3.16
3.772
0
0.1
0
0
0
0
1.224
1.424
0.2
0.2
0
1.224
0
0
0.2
1.224
1.224
0
0
2.436
0
0.3
1.524
2.448
1.224
0
2.448
0.6
0
1.224
0.2
0
0
0.1
0.2
0
1.724
0
0
0
1.224
0
1.224
0
1.324
1.224
0
1.324
1.224
0
0
1.324
1.224
0
1.524
1.624
1.424
0
0.2
0.2
0
1.324
1.224
1.324
1.424
0.2
2.548
1.324
0.1
1.524
0.1
1.224
0
1.224
0
1.324
1.224
1.224
1.224
0
1.224
1.224
0
0
1.324
0
0
1.224
1.224
1.224
1.224
1.324
1.224
0
0
0
1.324
1.224
0
1.836
0
0
0.2
1.324
0.1
1.224
1.224
0
2.448
0
0.1
0
1.324
0
0
2.124
0
0
1.324
1.224
0
0
1.224
0
2.548
0
0
1.424
0
1.324
0
1.424
2.448
1.324
0.4
0
1.224
1.224
1.324
1.224
1.224
1.224
1.324
0
1.224
1.224
0.1
0
0
0.1
0.1
1.224
0
0.2
0
0.1
1.224
0
1.224
0.1
1.224
0
1.224
0
1.2
1.224
1.224
2.448
0.1
2.448
1.224
1.224
1.224
1.224
0.1
0.2
2.648
0
2.548
0
2.648
1.524
2.448
1.224
2.448
0
1.224
0.2
2.648
2.448
1.324
1.224
0
1.224
0.1
1.324
0
0
1.224
0.5
1.324
0.1
1.324
1.224
0
1.224
0
0.2
1.224
0
1.924
0.1
1.924
0
1.224
1.224
1.324
3.048
2.448
2.448
2.548
2.448
2.448
2.748
3.672
2.748
2.448
2.548
1.936
3.36
0.1
3.048
1.224
0
1.324
1.836
1.524
3.06
1.224
1.224
0
1.224
1.224
1.224
2.536
0
1.224
1.224
1.224
0
1.224
1.224
1.424
1.224
1.224
3.06
1.224
0.1
0
1.224
1.224
0.2
1.224
0
1.224
0
0
0
1.324
1.424
0
1.224
1.224
2.448
1.224
2.448
2.448
3.872
2.448
3.772
0.1
1.224
1.224
2.548
1.324
1.224
2.448
1.224
1.524
0
0
0
0
1.224
0
0.1
1.224
0.1
0.1
0
1.224
1.424
1.324
0
1.224
3.26
1.224
2.448
0
0
1.224
0
1.224
0
1.224
0
0
0
0.1
1.224
0
1.224
0
0
1.224
0.3
1.224
0
3.16
3.06
1.224
0
0
0.4
0
1.224
1.224
2.124
1.224
0.1
3.16
1.224
3.06
0.1
1.224
1.224
1.224
1.724
2.024
0
1.936
0
1.224
0
2.548
1.224
0
1.224
1.224
2.448
0.1
1.936
1.224
1.836
1.224
1.224
1.224
1.836
3.06
0
1.224
1.424
0.1
0
0
1.524
2.124
1.224
1.224
1.224
1.224
2.448
2.648
1.224
3.16
1.224
2.548
4.36
2.448
3.26
1.224
0
1.224
1.224
1.224
2.648
4.384
1.224
3.872
3.872
2.448
3.672
3.672
4.484
2.448
1.624
2.948
2.548
1.224
1.224
2.548
1.224
1.224
2.448
2.448
2.448
2.748
2.548
1.424
1.224
4.484
1.224
3.872
4.684
4.384
4.384
2.448
4.284
3.56
4.484
1.324
1.224
2.848
2.848
1.224
4.284
1.424
2.448
1.224
1.224
4.284
2.448
3.672
4.384
2.448
1.224
1.224
1.224
3.872
2.448
1.224
1.324
2.448
3.06
5.284
2.648
3.672
2.548
3.36
4.284
2.448
1.324
2.848
1.224
1.224
2.548
1.524
1.224
3.36
2.648
2.848
1.424
2.448
1.524
1.624
3.672
1.224
1.224
1.224
1.224
1.324
3.672
3.16
1.224
3.672
1.224
2.448
4.384
5.608
1.224
1.224
1.224
2.448
2.648
2.448
1.224
3.772
3.26
1.224
3.06
3.672
4.384
3.66
1.224
2.448
1.224
3.872
2.548
2.448
2.448
5.508
1.224
2.748
4.284
2.448
3.348
2.548
2.448
4.284
1.224
2.548
6.008
3.672
1.224
1.224
2.548
2.548
2.648
2.448
1.224
3.772
1.224
1.224
2.648
1.224
1.424
3.672
2.448
1.324
3.26
2.448
4.384
2.948
3.672
1.224
1.224
1.224
4.484
2.548
1.224
3.06
2.448
2.548
2.448
1.224
2.548
1.224
2.448
2.448
2.548
2.448
2.748
4.484
2.748
2.448
2.448
1.224
3.672
3.06
2.448
1.224
1.224
2.448
2.548
1.724
2.748
1.224
3.672
1.224
1.324
2.448
2.548
1.224
1.224
5.184
2.448
2.448
2.448
3.66
1.224
2.448
2.548
2.648
1.224
2.448
2.448
1.224
2.548
1.224
2.448
1.224
1.824
2.548
1.224
1.224
1.224
2.448
4.684
2.548
1.224
3.26
1.324
3.06
1.824
2.448
2.448
1.224
3.16
1.224
5.708
1.224
3.26
4.284
2.648
3.06
3.06
5.708
3.26
4.284
3.672
1.224
4.284
1.224
3.16
4.284
1.424
4.484
1.224
2.448
4.484
1.224
1.224
3.46
1.224
4.484
2.448
1.224
1.224
3.26
2.548
2.448
2.548
4.484
1.224
1.224
3.048
3.16
2.648
4.284
2.448
3.672
1.224
3.06
3.872
1.224
2.448
2.448
2.448
2.448
5.908
1.224
3.672
2.448
4.584
2.448
3.06
3.06
1.824
1.224
4.384
1.224
2.448
3.972
4.484
1.224
2.648
3.06
1.224
2.448
2.448
3.16
2.448
1.224
3.672
2.448
2.448
4.384
1.224
2.448
3.672
1.324
1.224
2.448
4.484
1.224
4.384
2.448
2.548
1.224
2.448
1.324
1.324
2.448
2.548
1.224
1.224
2.448
4.484
2.548
1.224
3.06
1.224
1.224
4.284
1.224
1.424
2.448
3.36
4.384
1.224
4.384
3.672
4.284
4.484
1.324
2.548
4.284
2.648
2.448
2.448
2.548
2.448
5.508
4.484
2.448
1.224
4.284
2.448
3.672
2.448
2.448
3.672
1.824
2.948
1.224
1.224
2.548
3.672
3.672
1.224
2.448
2.448
1.224
2.548
2.448
2.748
2.548
1.224
2.448
1.224
1.224
2.448
2.448
2.448
1.224
4.284
4.284
2.448
1.224
2.448
4.384
2.448
1.424
2.448
1.624
1.424
2.448
4.284
1.224
2.548
3.06
2.448
2.448
1.224
2.748
2.648
1.224
4.284
2.548
2.448
1.224
2.548
2.448
4.384
2.548
1.224
2.548
4.284
4.284
2.548
1.224
1.224
2.448
2.448
2.548
1.224
3.772
4.284
3.06
3.672
1.224
1.224
1.224
1.224
2.448
2.448
2.448
8.408
4.284
1.224
4.384
1.224
1.224
1.224
1.224
3.06
2.448
1.224
2.448
2.448
3.772
3.672
1.224
1.224
2.448
3.672
2.448
2.548
2.648
3.06
2.448
4.072
2.448
1.324
2.448
2.448
2.648
2.448
1.224
2.948
1.324
1.224
3.972
2.448
2.448
3.672
1.324
3.872
4.384
2.448
4.684
4.784
3.06
1.224
4.284
1.224
4.284
2.648
1.324
2.448
4.484
1.224
1.224
1.324
4.384
2.548
2.448
1.324
3.06
1.224
2.448
1.224
2.548
3.872
1.224
1.224
3.16
2.448
2.448
2.448
1.524
5.908
2.448
2.448
1.324
3.06
2.448
2.448
2.448
3.672
1.424
2.748
2.448
1.324
2.448
1.224
4.784
4.784
2.448
3.672
3.06
3.672
2.448
3.672
2.848
2.448
4.972
3.872
2.448
2.548
4.284
3.672
2.548
3.772
2.448
2.548
2.448
2.448
2.448
4.384
2.448
3.772
2.448
4.584
4.384
4.484
2.548
2.648
2.548
3.872
2.448
1.224
1.224
3.16
1.424
3.16
4.272
4.384
2.648
2.448
2.648
1.224
2.448
4.384
2.448
4.384
2.448
2.648
2.548
2.448
2.648
2.548
2.548
3.672
3.672
2.548
2.448
4.284
2.448
3.672
2.448
2.448
2.748
2.748
2.448
2.648
2.548
2.648
3.672
3.06
3.06
3.872
2.036
0
1.224
1.624
1.224
1.936
1.224
0
1.224
1.224
2.748
3.16
1.224
2.448
1.836
0.7
0
1.324
0
1.224
4.384
2.748
1.224
0.2
0
0.2
1.224
0
1.424
1.224
1.224
0
1.224
0
0.1
0
0
1.424
1.424
0.1
1.224
0
1.224
1.224
1.224
1.224
0
1.224
1.324
0
0.2
1.224
1.836
1.224
0
0
0
1.224
1.224
1.324
2.124
0.1
1.224
0
1.224
0.3
0
0.1
0
1.724
1.224
1.224
1.836
0
2.448
1.224
1.524
1.224
0.1
0.1
0.1
0
1.224
0.1
1.224
0
1.224
0.2
1.324
1.424
0.1
2.648
1.324
1.224
1.224
1.424
2.548
2.548
0.1
1.224
2.448
1.224
1.224
1.224
1.224
1.324
0
0
2.124
1.324
1.224
1.224
1.524
1.936
1.824
1.324
1.224
2.548
0.2
1.224
1.224
1.324
0
0
1.424
1.224
1.224
2.548
0
2.848
1.224
1.224
1.224
1.224
1.224
2.448
0
1.224
1.324
1.324
1.224
1.224
2.548
1.224
1.224
1.224
0
1.224
0
0
1.324
1.224
1.324
1.324
0
1.224
0.1
2.448
1.224
1.324
1.224
1.224
0.1
1.224
1.224
1.224
0.3
1.224
0.1
1.224
1.224
1.224
1.624
0
1.224
0.4
0
0
1.224
1.324
2.548
1.324
2.448
0.2
1.324
0
0
0
1.836
0.1
0
1.224
1.224
1.224
0.1
1.224
1.224
1.224
1.224
2.448
1.224
1.424
0.2
1.224
0.2
0
1.324
1.224
1.224
1.524
1.524
2.648
1.224
1.324
1.324
2.224
1.224
0
1.224
1.224
1.424
1.224
1.224
1.324
0
0
1.224
0
1.224
1.324
1.324
1.224
1.824
0
2.748
0.1
1.224
1.224
0
1.224
1.224
0
0
1.424
0
1.224
2.448
2.448
2.548
1.224
0.3
2.548
1.524
1.224
0.1
0
0
1.224
1.624
0
0
1.224
1.324
0
2.448
1.224
1.224
1.424
1.424
0
1.324
0.1
1.324
1.424
1.224
1.224
1.224
0
0.2
1.424
1.224
1.224
1.224
1.224
1.324
1.324
1.224
1.224
2.448
0
1.324
2.548
1.224
1.224
2.448
1.424
1.324
1.224
2.548
1.224
1.224
0.1
0
1.224
1.224
1.324
0.1
1.224
0
0
0.3
0
0.1
1.224
0.3
1.324
1.224
1.224
1.324
1.224
1.224
1.424
0
0
1.224
1.224
1.224
2.548
1.224
2.448
0.1
2.448
1.224
1.224
0
1.224
0.1
1.224
1.224
1.224
2.548
1.324
0.3
2.548
0
0
1.224
1.224
1.224
1.324
1.324
1.224
1.224
1.424
0
1.224
0
0
1.224
1.424
0
0
1.324
0.1
1.224
0
0
1.224
0
1.224
2.548
1.324
1.224
1.224
0
1.224
1.224
1.224
1.424
0
0.1
1.224
0.1
1.224
2.448
1.324
1.224
0
1.224
0
1.224
1.324
2.448
1.224
1.224
1.224
1.624
0
1.224
2.648
1.224
1.224
1.324
1.424
0.1
0
1.324
1.936
1.224
1.224
0
1.424
1.224
1.324
1.224
1.224
1.836
0.1
0
1.324
0
2.548
1.224
0.3
1.224
0.1
0
0.1
2.448
2.448
0.2
0
1.224
1.224
0.1
0
1.224
1.224
0.1
0
1.324
0
1.324
1.224
0
0
1.324
1.224
1.224
0
1.424
1.524
1.524
1.524
1.224
0
1.324
2.648
0.3
0.2
1.224
1.224
2.448
0
1.324
1.324
0
1.224
0
1.324
0
1.224
0
0
2.448
1.524
1.324
2.448
1.424
1.224
0
1.224
1.224
2.948
1.224
2.448
1.324
1.324
1.224
1.224
1.224
1.224
1.424
1.224
0
1.324
1.224
1.224
1.224
1.224
1.224
1.224
0
0.2
0.2
1.224
0
0.1
1.224
0
1.224
1.324
2.448
0.3
1.224
1.324
0
1.324
0.1
0.1
1.224
0
2.648
1.224
1.224
0
0
0
1.224
1.624
0
1.224
1.524
0.1
2.448
1.224
0.1
1.224
0
1.224
1.224
1.836
0
0
0
2.448
1.224
1.324
0
1.224
1.224
1.224
0
1.224
2.448
2.448
1.224
1.224
1.224
1.224
2.648
0.1
0
2.448
1.324
0
0.1
1.224
1.224
1.224
1.224
1.224
0
1.224
1.324
1.624
0
1.224
0
1.224
1.224
0.1
0.1
2.548
1.224
1.224
0
1.224
0
1.224
1.324
2.548
1.224
0
0.1
1.224
2.548
0
1.224
0
0
0.1
2.748
2.648
2.448
2.448
1.224
0
0.1
0.2
0
1.524
0
0
0
0.2
1.224
2.748
1.324
1.224
1.224
2.448
2.448
1.224
0
1.224
0
0
0
0
1.224
2.448
0.1
1.224
1.224
1.224
1.224
2.448
1.224
1.224
0
1.224
1.424
1.524
1.224
1.224
0
1.224
1.624
2.448
1.224
1.224
1.724
1.224
1.836
1.324
1.424
1.224
0.1
0
0
0
0
1.524
0.2
0
0.2
0
0.3
1.324
0.1
1.324
0
1.224
1.224
1.224
1.224
0
0
0
1.224
1.324
0
1.224
0.1
1.324
1.224
1.224
0.6
1.324
1.224
0.1
0
1.324
1
0.1
0
1.524
1.224
0
1.424
1.224
1.224
0.2
0.1
3.46
0
1.424
1.424
2.648
1.224
1.424
1.224
1.224
1.224
0
1.324
1.224
0
1.224
1.424
1.424
1.224
0
1.224
2.548
0
1.224
1.224
1.224
1.524
2.648
0
0
1.524
1.224
0
0
0
1.224
2.448
2.448
2.548
1.224
2.548
1.324
0.2
0
0
2.548
1.224
1.524
1.224
0.1
1.424
0.1
0
0.1
1.224
1.324
1.324
1.524
0
1.724
2.548
2.448
1.424
2.548
1.324
1.524
0
1.424
0
2.548
1.224
1.324
4.284
2.448
1.224
1.224
0
1.324
1.224
1.224
0
0
0
0
1.224
0
0.3
1.224
0.3
0.1
1.324
0
1.224
1.224
3.06
0
0
0.1
3.26
0
1.224
0
3.16
0
0
2.124
1.324
2.448
1.836
1.824
3.36
1.724
1.424
1.224
0.3
1.324
1.224
0
1.224
3.06
1.836
1.936
1.224
1.224
0.1
0
0.1
1.224
1.836
0
1.324
0.4
0.4
1.224
1.524
3.16
0
0
0
1.224
0
0
0.1
1.624
1.324
1.324
0.2
1.224
1.224
1.224
0
3.66
1.224
1.424
1.624
0.1
1.224
2.448
2.036
2.548
3.672
2.448
4.484
1.224
1.224
2.448
3.772
3.672
2.448
3.772
1.224
1.224
4.284
2.448
0
1.224
0.2
0.8
0.2
0
1.324
0.2
1.224
