0.1
0.3
4.372
2.848
4.372
0
0
1.224
0.1
0
0
1.324
0.2
0.7
0.2
0
0
1.224
1.224
1.324
1.224
1.224
1.224
1.224
0.2
1.224
1.424
2.548
3.672
2.448
1.324
2.548
1.5
1.224
0.1
0.2
0
0
0
0.4
0
2.024
0
0
0
1.224
0.1
0.2
0.1
1.424
1.224
0.1
1.424
0
0
1.224
0
0
0
1.724
0.5
0
0
1.324
0.1
0
0
0
1.324
0.2
0.4
1.324
0
0
1.924
0.2
1.224
0.1
0.1
0
3.248
0.1
1.224
0
0
0
0
0
1.224
1.924
0
1.624
0
0
0
1.324
1.524
0
2.448
1.224
0
0.2
0.2
0
1.224
0.1
0
0.9
0.1
1.324
0.1
0
0
1.324
0
0.1
0.2
1.324
0
0.1
1.5
0
1.524
0.7
0
1.224
0.1
1.224
1.324
1.524
0.1
0
0.1
1.224
1.324
0.5
1.224
1.324
1.424
0.2
0.1
1.324
0
1.324
0
0.1
1.224
0
0
0
1.224
0
0.1
0
0
0.2
0.1
0.2
0.3
0.1
0.2
0
0
0
0
0
1.324
0
0.1
1.924
0
0.5
1.224
0
1.224
2.548
0
1.224
1.224
0.1
0.1
2.448
0
2.448
0.3
2.648
1.624
1.224
0.1
2.548
0
1.224
0
1.424
1.224
1.324
1.224
0
1.224
2.224
0
1.224
0
0.3
1.6
0
0
1.624
2.648
1.224
2.448
0.4
1.624
0
0
1.1
0
1.2
0
0
0
3.972
2.948
4.996
3.672
2.848
2.448
2.448
4.672
2.448
3.872
3.672
1.224
0
2.448
0.1
4.548
1.424
0
1.724
0
2.424
1.524
1.224
0
1.224
1.224
2.448
1.324
1.2
0
0
0.1
0
1.224
1.224
0
0.1
2.548
1.724
2.648
0
0.1
0.6
3.672
0
0.7
3.672
0
2.448
0
0.2
0
2.548
0.5
0
2.448
1.224
1.224
0
2.448
2.448
4.996
4.896
4.072
0
2.548
2.548
1.324
1.524
1.224
4.996
0
1.2
0
0
2.448
0
0
0
1.324
0
0.4
0.2
0.1
0
0.3
0.3
1.224
0.1
1.324
0
1.324
1.224
1.224
2.648
0
1.224
0
1.524
0.1
0
0.3
0.3
0
0
0
2.448
0
0
1.624
1.324
2.548
1.324
1.324
0
1.224
0
0.5
0
0
1.224
2.224
0.1
0.1
1.224
2.448
2.748
0.3
0
1.224
0.1
0.5
1
1.224
0.3
0
0
1.224
2.024
1.324
0
1.224
1.224
1.224
0
1.224
3.672
0.1
2.448
2.548
1.724
1.424
1.224
1.324
0.1
3.248
0
0
0.1
3.148
4.048
3.872
0
2.448
1.524
5.096
3.548
1.324
1.324
1.224
3.672
4.248
2.448
2.548
1.424
0
1.724
1.224
2.548
3.672
3.672
1.224
4.672
3.872
2.448
4.896
4.896
2.748
3.872
2.024
3.248
2.548
1.224
2.448
1.224
1.524
2.448
2.748
1.224
2.448
3.772
4.072
2.748
1.224
2.448
2.448
2.548
3.048
4.072
2.448
1.224
2.448
1.324
4.172
2.548
1.424
1.824
2.548
2.748
3.672
2.748
2.448
2.448
2.448
3.672
3.672
2.548
2.548
3.248
2.448
1.224
2.448
2.548
1.224
1.324
1.724
3.672
1.224
4.472
2.548
2.748
2.448
1.724
3.672
1.324
1.324
4.548
1.424
2.448
3.148
2.948
1.224
2.448
3.672
3.748
2.948
2.448
1.624
3.748
2.448
1.224
1.224
1.324
2.748
1.224
3.672
2.548
2.748
2.548
1.224
3.672
3.672
3.972
1.424
1.224
2.448
2.448
5.196
3.772
1.324
3.048
1.524
1.224
1.324
3.672
3.672
2.848
2.448
1.224
1.224
4.272
3.672
2.448
4.996
3.672
2.448
2.448
3.672
1.224
2.024
2.448
1.224
2.448
2.448
5.696
2.548
3.672
2.448
1.224
3.772
4.172
4.172
2.948
1.324
5.096
1.224
1.624
2.448
1.224
2.648
3.872
2.548
1.224
2.848
2.748
4.172
4.072
2.448
1.224
1.224
1.324
3.972
2.748
1.224
1.324
2.448
4.572
2.448
1.224
2.648
1.224
1.424
1.224
1.324
2.448
1.324
2.548
2.448
3.672
2.448
1.524
2.448
2.448
2.748
1.224
2.548
2.448
2.648
2.124
4.048
2.448
2.448
1.324
1.224
3.672
4.896
1.324
2.748
2.748
2.448
3.772
1.224
1.624
1.224
1.224
2.648
2.648
1.224
3.672
1.224
2.448
2.448
1.224
3.672
2.448
3.048
2.948
2.448
2.448
1.224
2.448
3.548
1.324
1.224
2.024
1.224
1.224
2.124
3.772
3.672
2.548
1.324
1.524
2.448
2.448
2.448
3.972
4.996
1.324
1.424
2.448
1.224
2.548
2.448
2.448
3.772
3.772
1.224
2.548
2.748
3.972
1.224
2.448
2.748
3.672
1.424
1.724
2.448
2.748
1.224
1.224
1.424
2.024
2.748
3.672
2.648
3.672
2.448
1.324
5.872
1.224
4.172
2.548
1.224
2.548
2.448
2.448
3.772
1.224
3.672
2.448
3.772
4.072
2.848
1.224
3.672
2.648
2.748
4.672
1.224
2.648
4.172
1.224
3.672
2.448
2.648
3.672
2.448
1.624
5.796
1.224
2.548
3.972
2.648
1.424
2.448
2.648
2.448
3.672
3.672
3.972
2.648
2.848
3.672
1.324
1.224
4.372
2.748
1.224
3.672
1.224
3.872
3.772
1.224
1.224
2.448
4.472
2.448
3.772
1.324
3.972
2.648
1.224
1.224
1.224
2.448
3.772
3.672
3.972
2.324
2.548
1.224
3.672
2.448
3.672
2.448
3.672
2.748
2.448
4.372
1.524
3.448
2.748
2.448
5.596
3.672
2.448
4.272
1.224
1.224
2.448
2.948
3.772
3.672
2.648
3.672
2.724
5.696
1.424
1.424
1.224
3.872
2.448
1.224
2.648
2.448
2.448
2.548
2.548
3.148
3.872
1.224
2.448
3.672
1.224
3.772
3.772
3.672
1.224
2.448
2.448
3.772
1.324
3.772
3.672
2.548
3.048
1.224
2.748
3.248
2.448
3.672
3.672
2.848
1.224
3.672
1.224
2.548
3.148
3.872
1.224
2.448
3.048
3.672
1.224
2.748
1.224
3.872
3.672
1.224
5.396
3.672
3.772
4.072
3.672
2.448
2.448
3.672
2.548
2.448
3.872
3.772
1.224
3.772
1.224
1.224
1.224
2.448
3.672
1.224
1.224
2.548
3.672
1.224
3.672
1.324
1.224
1.324
1.224
1.424
1.224
2.448
5.296
4.172
2.448
4.996
2.548
1.224
3.672
2.448
2.448
10.396
4.996
1.224
3.672
5.796
1.224
1.224
3.872
2.648
2.448
2.548
2.448
2.748
1.524
1.224
4.872
1.224
3.672
3.672
2.448
3.972
3.672
2.648
4.272
1.724
1.424
1.224
3.672
2.448
2.548
2.848
2.548
2.548
2.448
3.672
1.224
2.448
3.972
3.772
3.672
1.424
1.224
2.548
2.448
1.224
1.224
3.972
1.224
1.324
1.224
2.548
1.224
1.224
2.848
3.048
2.648
1.224
1.324
2.448
2.448
1.224
2.448
3.772
1.524
3.972
2.448
1.324
1.224
2.448
4.072
4.372
2.948
3.672
2.548
3.772
2.648
4.896
4.672
3.772
4.172
5.396
3.872
1.324
3.872
3.672
3.548
5.496
3.672
3.672
2.448
2.448
2.448
3.872
2.748
3.872
2.448
3.872
3.972
3.672
3.772
3.148
2.448
4.996
1.224
1.324
1.224
1.324
2.648
2.948
3.648
3.772
3.972
5.096
2.748
2.448
2.448
2.548
2.548
2.548
2.448
2.448
2.648
3.872
2.748
2.448
2.448
2.648
2.448
2.948
2.448
2.448
1.224
3.772
1.324
3.772
4.172
3.148
2.448
3.872
4.996
4.672
2.848
1.224
1.224
3.872
1.924
1.224
2.548
3.748
2.648
0.2
1.224
1.224
1.324
0.2
1.424
2.548
0.1
1.224
0
0.8
0
0.4
0
3.672
2.448
2.124
3.672
0.2
0
0.2
1.224
0
0.5
1.324
1.224
0
1.224
0
0
1.324
0
2.924
1.224
0.1
1.224
0
0
2.948
0
0
0
1.224
1.224
0
1.224
0
0.3
1.224
0
0
2.548
1.224
1.524
1.524
2.824
0
1.524
0
1.324
0.9
2.648
0.1
0
2.124
1.224
0
0.1
0
1.324
3.672
1.324
1.224
0.2
0.1
0
0
0
0
0
1.224
1.324
0.4
2.648
1.624
0
1.324
1.324
1.224
0.1
2.448
1.324
1.224
0
0
3.672
1.324
2.448
1.224
1.224
1.224
0.1
0
1.524
1.224
1.224
0
1.524
0
1.624
0
1.224
3.672
0.2
0.2
0.1
1.324
0
0.3
0.4
1.224
2.448
2.448
0
1.524
1.224
1.324
1.224
0.1
0.2
1.324
0.4
2.548
1.224
1.324
1.224
1.224
1.224
0.2
1.324
1.224
0
1.224
1.224
0
0.1
0.1
1.224
1.224
0
0
0
1.224
0
1.324
1.224
2.448
0.2
1.224
1.224
0.1
0.3
1.224
1.224
1.524
1.224
1.224
1.524
0.1
1.224
0.7
0
0
1.324
1.524
1.224
2.548
1.324
0.6
0.1
0
1.224
0.1
0.1
0.3
0.1
2.448
1.224
1.224
0
1.424
1.324
0
1.224
1.224
0
1.324
0.3
1.224
0.3
1.224
1.224
0
0.1
2.448
1.324
2.948
3.772
1.324
1.224
3.024
1.324
0.1
1.224
0
1.324
2.448
0.1
0.2
0.2
0.4
0.1
0.1
1.324
1.224
2.448
1.324
1.624
1.224
3.972
2.448
1.224
1.224
0
1.224
1.224
0
0
1.224
0
2.448
1.324
2.448
1.324
1.224
0.5
2.848
0.1
1.424
0.1
0
0
1.224
0.8
0.3
0
0
0.1
0
1.224
2.448
0.3
2.548
2.848
1.224
0
0.1
0
0.2
1.224
0
1.324
0.1
0.2
0.5
1.224
1.424
1.224
0
1.424
1.224
1.324
2.448
1.224
0
1.324
1.224
1.224
1.424
1.224
1.624
1.224
1.224
1.324
0
1.224
0.2
0
2.448
1.224
1.324
2.648
0
0.1
0
0
0
0
1.524
0.2
1.224
0.1
1.224
0.1
0
1.224
1.624
0
0
0
2.448
0.1
1.224
1.224
1.224
0.1
1.324
0
1.224
0.2
1.224
0
1.224
1.224
1.224
1.224
1.424
0.5
1.224
0.1
0
0
1.524
1.324
1.224
0.2
1.224
1.224
1.324
0.2
0.3
0
0
1.324
1.324
0
0
1.224
0.1
0
0
0.1
2.448
0
0
3.772
2.548
1.524
1.424
0
1.224
1.324
1.224
1.324
0
0
1.324
0
0
1.224
0
1.324
1.224
2.448
0
1.224
1.224
3.772
1.224
2.448
0.3
2.848
0
0
2.548
2.448
0
1.324
0
1.224
0.3
1.224
0
2.448
1.224
0
1.424
1.424
1.324
0
2.448
0
0.5
0
3.672
0.1
1.424
1.224
0.5
1.424
0.5
0
0
2.648
1.224
0.1
0
1.224
1.424
0
0
1.224
0
0
0
0
0
2.548
1.324
0
0
2.448
2.448
1.224
0.1
2.448
1.824
1.424
0
1.424
0
0.2
1.324
1.624
1.524
3.872
1.224
3.772
0
1.324
1.224
0.1
1.224
1.424
0.5
0
1.224
0.3
0
1.524
0.5
0.1
2.648
0.2
1.424
0.1
1.224
1.224
2.748
0
1.324
3.148
1.324
1.324
1.224
1.224
0
2.648
1.224
0
1.224
0
0
2.648
0
1.224
0.1
0
0.2
0.2
2.448
0
0
1.224
0
1.324
0
2.448
0.3
1.224
0
0.2
1.224
0.1
0
2.448
0
2.848
0
0
0
1.324
0
2.448
0.7
0
0
1.324
0.3
1.224
0
0.3
2.648
0
1.224
2.448
0
0.1
0
1.424
2.648
2.024
1.224
1.324
2.448
0
2.448
0.1
1.224
2.448
3.872
1.224
0
1.224
1.724
1.424
1.224
0.1
1.224
2.648
0
0
2.448
0.1
0
1.224
1.224
0.1
1.224
0.1
1.824
0.2
1.324
0.1
1.224
1.224
1.224
0.1
1.224
2.448
1.224
0.1
1.324
0.1
0
0.1
1.624
1.224
0.1
0.4
1.524
2.448
0
1.224
0
0.1
0
1.424
2.548
1.224
1.224
1.224
0
0
0.1
0
1.424
0.1
0
0.1
0.2
1.224
1.424
1.424
1.224
1.324
1.324
2.448
1.224
0.1
3.772
1.224
0
0.1
0
2.448
3.672
0
1.224
0
0
2.448
2.448
0
1.224
0
2.648
0
0.5
0.2
0
0
0
2.024
3.672
0
0.2
3.048
1.224
0.1
3.872
1.324
1.424
0.1
0.2
0
0
0
2.848
0.2
0.2
1.224
0
0.4
3.672
0.2
2.448
0
1.224
1.424
1.224
0
0.1
0
0
1.324
1.224
0.1
1.224
0.3
1.324
1.224
1.224
1.2
1.224
1.224
0.2
1.224
0.2
3.348
0.7
0
2.548
2.448
1.224
1.424
0.1
0.1
0.3
0
1.324
0
1.224
1.324
2.848
1.224
2.648
1.224
0
1.424
0
1.624
1.424
0
2.448
2.848
2.548
1.524
0.1
1.224
1.524
0.4
1.224
0
1.224
0.2
1.424
0
0
1.624
1.324
0
0.1
0.2
1.224
1.424
2.548
1.524
1.224
2.448
1.224
0.2
0
0.1
2.448
1.324
1.624
2.448
0
1.224
0.4
1.224
0.2
1.324
0.5
1.324
1.324
0
3.548
1.524
1.224
1.424
1.624
1.424
1.424
0
1.524
1.224
1.424
3.672
3.872
2.448
2.448
0
1.224
0
1.324
0
0.1
0
1.324
0.3
0
1.224
0.2
0.1
0
1.1
0
1.224
0
0
0
2.448
0
0
1.724
1.424
1.524
0
1.224
1.324
0
0
4.348
1.224
1.224
0
2.024
1.524
0.9
2.324
0
0.6
2.648
2.448
0.2
1.324
1.224
0
0.3
1.324
0
0
1.224
0.1
1.224
0
1.224
2.548
0
0.2
3.872
1.224
1.524
1.224
2.948
1.324
0
0
1.224
1.224
1.824
2.448
2.548
0
1.224
1.224
1.224
0
3.248
3.772
1.624
1.924
0
0
1.224
0
3.672
3.672
2.548
3.972
1.224
2.548
4.072
2.748
3.672
2.448
5.496
1.324
2.448
1.224
2.448
0
0
0.1
1.9
0
0
2.024
2.324
1.624
