1.3
0.6
4.872
2.948
5.296
0.2
0.1
1.224
0.1
0
0.1
1.324
1.324
1.3
0.4
0
1.224
1.224
1.224
1.324
1.524
1.624
1.224
1.224
0.3
1.224
1.424
2.848
3.772
2.548
1.424
2.448
1.6
1.224
1.324
0.1
0
0.2
0
0.5
0.3
2.824
0
0.3
0
1.224
0.2
1.924
0.2
1.424
1.424
0
1.924
1.224
0
1.324
1.424
1.424
0.1
2.324
3.224
1.524
0
1.924
0.6
0.3
1.324
1.524
1.624
2.324
0.8
3.448
1.624
0
3.124
1
2.448
0.1
1.424
0
4.048
1.424
1.224
1.224
0.1
1.224
1.224
0
1.224
3.748
0.1
1.224
1.224
1.424
1.224
1.624
1.524
1.224
2.548
1.224
0.1
2.824
1.424
0
1.224
0.1
0
2
1.324
1.424
1.924
1.224
0
2.648
0.2
0.3
0.2
2.448
0
0
4.024
0.1
1.424
1.724
1.524
1.324
0.1
1.224
1.324
3.548
0.1
0.1
1.324
1.224
1.424
1.2
1.324
2.548
1.824
0.9
0.1
2.648
1.224
1.524
1.324
1.224
1.424
1.324
0.1
1.324
1.324
0.2
0.1
0.1
0.7
0.4
1.524
0.3
0.8
0
0.2
1.324
0
1.224
0.3
1.324
1.424
1.224
0.1
4.424
1.224
2.224
2.448
0.3
2.548
3.548
1.224
2.448
1.324
0.3
0.5
4.872
0.1
3.672
0.4
4.772
2.124
2.848
1.324
3.672
0.3
1.724
0.1
3.548
2.448
2.724
1.324
0.2
1.224
1.724
1.524
1.224
0
1.624
2.1
1.224
0
1.624
3.148
1.224
2.448
0.1
2.224
1.224
0.1
4.724
0
3.024
0
1.324
1.324
3.872
4.248
5.096
3.672
3.048
2.448
2.448
4.372
3.672
4.172
3.672
2.548
0.1
2.448
0
7.172
1.724
0
1.924
0
2.024
1.524
1.324
1.224
1.224
2.448
3.672
1.224
1.2
0
1.324
1.224
1.224
1.224
1.224
1.224
1.624
2.548
1.624
2.548
1.224
0.1
0.5
3.672
1.224
0.7
3.672
0
2.448
0
0.2
0.1
2.548
2.024
0
2.648
2.548
2.448
1.224
3.672
3.672
8.32
4.896
5.296
0
2.548
2.548
2.448
1.224
1.224
4.996
1.224
2.524
0.1
0
2.448
0
1.324
0
1.324
1.324
0
0.1
0.1
1.224
2.024
1.524
1.224
1.424
2.748
1.224
2.548
1.224
1.224
2.948
0
1.224
0
1.324
0.1
0.1
0.7
0.4
1.324
0
1.224
2.448
0.1
1.224
2.324
2.448
2.548
1.424
1.324
1.224
1.224
0
1.5
0
1.224
1.224
4.948
1.324
0.7
1.824
2.448
2.648
0.5
1.224
1.224
1.524
2.524
3.424
1.224
0
0
1.324
1.224
2.648
1.524
0
1.224
1.224
2.548
0
1.224
3.672
0.2
2.448
2.448
1.324
1.224
1.224
1.224
1.224
4.272
0.1
0
0.2
2.448
4.048
3.772
1.224
2.448
1.424
5.196
3.048
1.224
1.224
1.224
3.772
3.748
3.772
2.648
1.224
0
1.724
1.224
2.448
3.772
3.672
1.224
5.796
5.096
2.548
6.42
6.22
2.748
3.672
2.524
3.648
3.972
1.224
2.848
2.448
1.424
2.448
3.772
2.448
2.548
3.872
4.272
3.448
1.424
2.648
2.448
3.972
3.248
3.972
3.672
2.648
2.648
1.524
4.272
2.948
1.224
2.948
2.648
2.748
3.672
2.648
3.672
2.548
2.648
3.772
4.896
3.672
2.748
2.648
2.548
1.324
2.448
4.472
2.548
1.224
1.824
5.096
1.224
4.872
2.848
3.972
2.648
1.724
3.972
2.748
1.724
5.248
1.824
2.448
3.748
3.648
1.224
2.548
4.072
3.148
2.848
3.672
1.724
3.948
3.672
1.224
1.224
1.524
2.448
1.324
4.896
2.548
2.548
3.672
1.224
4.896
3.672
5.196
1.524
1.224
2.448
2.648
6.596
3.672
1.224
4.472
1.824
1.224
1.324
4.996
3.872
3.448
2.548
2.448
1.224
5.296
3.672
2.448
4.896
4.996
2.548
2.748
3.772
2.548
3.648
2.448
2.448
2.548
2.448
5.996
5.072
4.896
2.448
1.224
3.672
4.272
4.572
2.648
1.224
6.32
1.224
1.424
2.548
1.424
3.148
4.896
3.972
1.324
2.948
2.648
5.972
4.572
3.772
1.424
1.224
1.224
3.672
2.448
1.224
1.324
2.448
4.472
2.648
1.324
3.772
1.324
2.448
2.448
2.648
2.448
3.148
2.848
2.848
3.672
2.448
1.524
3.672
2.448
2.448
1.224
2.548
2.448
2.748
2.424
3.148
2.548
3.972
1.224
1.424
3.772
4.996
1.224
2.448
2.548
2.648
3.672
2.548
2.024
1.224
2.448
2.448
2.648
1.224
3.672
2.448
2.548
3.772
1.224
3.772
2.448
3.348
2.748
2.448
2.448
1.324
3.872
3.248
2.448
1.224
2.024
1.224
1.224
2.724
3.772
3.672
2.448
1.224
1.324
3.872
2.448
2.648
4.272
5.596
1.224
1.224
3.772
1.424
2.748
3.672
2.448
3.772
3.772
1.324
2.448
2.548
3.972
1.224
3.672
3.448
3.672
1.224
1.724
2.448
2.848
2.448
1.224
1.324
1.524
2.448
3.772
3.048
3.672
2.448
1.424
5.172
1.324
4.072
2.448
2.648
3.872
2.448
2.748
5.296
1.224
3.672
2.548
3.672
3.972
4.472
1.224
4.896
2.648
2.948
4.072
1.424
2.648
4.472
1.224
3.872
2.448
2.448
5.196
2.548
1.424
5.596
1.524
2.448
4.896
2.448
1.624
3.672
2.648
3.672
3.672
3.672
3.972
2.648
3.772
4.996
1.724
1.324
4.072
2.948
1.224
3.772
2.448
3.672
3.672
2.448
1.224
2.548
4.272
2.448
3.772
1.524
3.972
2.648
2.548
1.224
1.424
2.448
3.772
3.772
3.672
2.724
2.548
1.524
3.672
2.448
3.672
3.672
3.772
3.848
2.548
3.872
2.448
3.048
3.972
2.448
5.396
3.672
3.772
3.972
2.448
1.324
2.448
4.272
5.096
3.672
2.648
4.896
3.124
7.596
1.424
1.624
2.448
5.196
3.672
1.224
2.648
2.548
2.448
2.548
3.772
3.348
3.872
1.224
3.672
3.672
1.224
3.772
3.872
3.672
1.224
2.448
2.448
3.972
1.424
4.996
3.672
2.448
2.648
2.548
3.148
3.348
2.948
4.072
3.672
3.972
1.224
3.772
2.448
2.648
4.672
3.872
1.224
2.448
2.548
3.672
1.224
4.072
2.448
4.272
3.772
1.224
7.996
3.672
3.672
3.972
3.772
2.548
2.448
3.772
2.448
2.448
5.196
3.772
1.524
4.996
1.224
1.224
1.224
2.448
3.972
2.448
2.448
4.072
3.672
1.324
3.772
1.224
1.224
1.224
1.224
1.224
2.448
2.448
5.496
3.672
3.772
6.12
2.448
1.224
4.896
3.972
3.672
5.796
4.896
1.224
3.872
17.92
2.548
1.324
3.772
2.748
2.648
2.548
2.548
3.148
1.624
1.224
6.496
2.648
3.672
4.896
2.448
5.096
3.672
2.648
4.472
3.948
1.224
1.224
3.672
2.448
2.648
2.648
2.548
2.748
2.448
3.672
1.324
2.448
3.872
3.972
3.672
1.424
1.224
2.448
3.672
1.224
2.448
4.996
1.224
1.224
1.324
3.672
2.448
2.648
3.348
4.172
2.648
2.448
1.424
2.448
2.448
2.448
3.448
4.896
1.524
4.372
2.548
1.224
2.548
2.448
3.972
5.072
2.648
4.896
2.448
4.896
3.148
6.22
5.472
4.896
7.296
6.82
3.872
2.548
3.972
4.896
4.472
6.32
3.972
3.672
2.448
2.448
2.448
3.872
2.448
5.296
2.448
4.072
3.772
3.772
3.972
4.872
3.672
7.82
2.448
1.324
1.224
1.224
2.448
2.848
4.572
3.972
4.172
4.896
4.672
2.448
3.672
2.548
2.448
2.648
3.672
3.972
4.272
3.872
3.548
3.048
2.448
4.072
3.972
4.072
2.548
2.448
2.448
5.196
2.548
3.672
4.372
2.648
2.548
4.072
4.996
4.772
4.072
1.224
1.224
5.096
2.024
1.224
2.448
4.248
3.148
0.7
1.224
1.224
1.224
1.724
2.948
2.548
1.324
2.448
0
1
0
1.824
0.1
3.672
2.548
2.748
3.672
0.2
0
0.1
1.324
0
1.624
1.724
2.448
0
1.324
0
0
1.224
0
3.648
1.324
1.2
1.624
0
1.224
3.248
1.224
1.224
0
1.224
1.224
0
1.924
1.424
0.6
1.324
0
0
2.448
1.224
1.324
1.424
6.224
0.1
1.424
0.3
1.524
1
2.448
0.1
0
2.424
1.324
1.224
0.3
0
2.548
3.672
2.524
1.524
1.2
0.1
0.8
0.2
1.324
0.3
1.624
1.224
1.224
1.1
2.748
2.224
0.1
3.248
1.224
1.224
1.724
3.548
2.448
2.548
0
1.324
5.296
1.724
2.948
2.448
1.224
1.424
0.2
0
4.024
1.524
1.324
1.224
2.124
0
3.324
1.324
1.324
4.896
1
1.524
1.324
2.448
0.1
0.1
2.024
1.924
2.548
3.672
0
3.448
1.324
1.524
1.224
1.224
1.424
2.648
1
2.548
1.224
2.124
1.724
1.324
2.548
1.924
1.224
1.524
0.7
1.324
1.224
0.1
1.624
1.324
1.424
1.524
0
1.224
0.2
2.448
1.224
1.424
2.848
2.448
1
2.448
1.224
1.324
0.3
1.224
1.624
1.524
1.224
1.724
1.724
0.5
1.224
3
0
0
1.624
2.124
3.148
4.572
2.748
1.2
1.524
0
1.324
0.1
0
0.2
0.4
2.748
1.224
1.224
0
1.724
1.524
1.224
1.324
2.448
1.224
1.324
0.9
1.224
1.2
1.224
2.024
1.424
2.224
3.448
2.424
4.872
3.972
1.424
1.224
4.148
1.224
0.1
1.824
1.424
2.424
2.448
1.424
1.424
0.7
0.8
1.324
0.1
1.224
1.724
2.648
1.524
2.124
1.324
5.496
2.648
1.224
1.224
0.4
1.324
1.224
0.1
0
1.324
0.1
2.448
2.448
3.972
4.148
1.324
0.8
4.572
1.224
1.624
0.1
0
0.1
1.224
3.224
0.6
0
1.224
1.324
0.2
2.948
3.048
1.424
3.148
3.148
1.224
1.724
0.1
1.624
1.624
1.424
1.224
2.124
0.3
0.9
2.424
2.448
2.024
1.224
1.224
1.324
2.024
1.224
2.448
2.648
0
1.424
2.548
1.424
3.924
3.048
2.524
1.424
1.524
2.748
1.324
1.224
0.3
0
2.448
1.224
1.524
3.148
1.224
0.3
0.1
1.4
0
0.3
1.824
0.7
1.424
2.124
1.524
1.624
1.224
1.224
3.524
0.3
0
1.224
2.648
1.524
2.548
1.224
4.548
0.2
2.548
1.224
1.524
0.1
1.224
0.5
2.448
1.324
1.424
2.548
1.624
1.3
3.048
0.1
0.1
1.324
2.524
1.424
1.224
1.524
1.224
1.324
2.748
0.4
2.324
0
0.1
1.524
1.324
0
0.2
1.524
0.4
1.324
0.1
0.2
2.648
0.1
1.224
5.596
2.448
1.924
1.324
0.4
2.448
1.324
1.224
1.824
0
0.9
1.224
0.9
1.324
2.448
1.224
1.224
1.324
2.548
0.1
1.224
1.224
4.996
1.324
2.448
1.724
4.448
0.1
1.424
3.872
2.748
1.424
1.424
1.324
1.224
0.9
2.448
0.5
3.672
1.624
0.1
1.824
2.224
2.424
1.224
2.848
0.3
0.6
0
4.872
0.2
2.648
1.224
1.8
3.024
1
0
0
3.972
2.448
0.6
0
1.224
1.824
0
0.2
1.224
1.224
0.3
0
1.424
0
2.648
1.224
0.1
0
2.548
2.848
1.224
0.1
3.248
3.624
2.324
1.524
1.824
0
1.224
3.248
1.624
1.624
3.772
1.624
4.996
0
1.624
1.324
0.2
1.524
1.224
2.024
0.4
1.224
0.6
0.5
2.448
1.824
1.524
3.772
2.024
1.924
0.4
1.524
1.224
4.272
1.224
2.548
2.848
1.824
1.324
2.448
1.224
1.224
4.048
1.424
0.1
1.424
1.224
1.224
2.448
1.224
1.224
1.224
0
1.2
1
2.648
0
0.1
1.224
0.1
1.424
1.324
3.672
1.4
1.724
1.424
0
1.524
0.2
0.1
2.448
0
4.572
1.624
1.324
0
1.324
0
2.448
2.624
0
1.224
1.624
0.9
2.448
1.224
0.6
2.548
0
1.224
2.548
0.2
0
0
1.224
3.872
1.924
1.224
1.324
2.548
1.224
2.548
0.1
1.224
3.772
5.596
1.224
1.224
1.224
1.824
2.648
1.224
0.1
2.448
2.948
0.1
0
3.872
1.424
1.224
1.224
1.424
0.4
1.224
2.624
3.424
0.1
1.824
0.2
1.324
1.224
1.524
0.2
2.448
2.848
1.424
0
1.324
0.4
1.224
1.724
3.848
1.324
0
0.9
1.924
4.772
0.5
1.324
0
0
0.1
3.548
4.572
2.848
2.548
1.324
0.1
0
0.6
0.2
1.924
0
0
0.1
0.8
1.324
3.348
3.424
1.524
1.824
3.048
3.672
1.224
0.1
3.972
1.224
0
0.2
0
2.448
4.896
0
1.624
1.224
1.224
2.548
3.672
1.324
1.224
0.1
3.048
1.624
4.424
1.324
1.624
0
1.824
3.324
5.096
1.424
1.524
4.048
1.224
0
3.872
3.024
1.424
0.3
0.2
0.4
0.2
0.4
4.248
0.5
0.4
1.424
0.1
1.3
4.072
0
2.848
0.1
2.024
1.624
1.624
1.324
0
0
0
1.624
1.224
0.2
1.524
0.7
1.724
1.224
1.524
3
1.324
1.224
0.3
1.224
2.324
3.448
1.4
0
3.248
2.548
1.224
1.924
1.524
1.624
0.5
0.3
1.524
0.3
1.524
1.824
6.672
1.324
2.848
1.224
1.224
1.724
0
2.324
1.224
0.1
2.548
3.148
2.648
3.424
0
1.524
4.048
0.5
1.424
1.424
1.524
1.224
2.848
0
0
3.224
1.724
0.1
0.3
0.1
1.224
2.448
4.172
3.948
1.324
3.972
2.124
1.1
0
0
3.672
1.724
3.124
3.672
0.2
1.424
2.1
1.224
0.4
1.524
1.924
2.848
1.924
0.2
4.348
4.148
2.748
2.424
4.148
1.824
2.524
0
3.324
1.324
3.848
3.972
4.872
2.448
2.648
1.224
1.324
0
1.624
1.224
1.224
0
1.324
1
0.1
1.224
0.1
0.6
1.224
1.6
0.1
1.324
0
1.224
1.224
2.548
0
0.1
1.724
1.424
1.624
1.224
1.224
1.424
0.2
0
4.448
1.524
2.448
0
2.524
1.724
2.824
2.324
1.224
1.4
3.048
2.548
0
1.224
1.224
0
0.4
2.548
1.324
0.1
1.224
0.3
2.448
0.2
1.324
2.548
0.3
0.6
3.872
2.948
1.824
1.224
2.548
1.224
1.224
0
1.224
1.224
3.248
2.548
2.748
0.1
2.448
1.224
1.324
0.1
3.548
3.772
1.524
2.124
0
1.224
2.448
0
3.772
4.896
2.648
3.772
1.324
2.748
3.772
3.672
4.896
3.772
6.32
2.748
2.448
2.448
3.672
0
1.224
0.3
3
0.5
0.1
2.324
1.724
1.924
