1.424
0.2
2.748
1.224
2.548
1.836
0
0
1.224
0
1.324
1.224
0
0.3
0
0
0
0
0.1
0
4.284
4.484
0
0
1.224
0
0.2
2.548
3.672
2.448
0
2.448
1.424
1.224
0.1
1.424
1.224
1.224
0
1.424
1.224
3.46
0
0
0.1
1.224
0
0
1.224
3.672
1.224
0
3.672
0
0
0
1.224
0
1.224
1.224
0
0
0
0.2
1.936
1.224
0
0
1.224
0.1
1.324
2.648
1.424
3.06
3.46
1.324
0
0.1
0
1.224
1.424
0
1.224
0
0
0
0
0
0
0.5
1.224
0.1
0
0
0
2.448
2.548
1.224
0
0
0.1
0.3
0.1
1.224
0
1.224
1.224
0.3
0.1
1.224
1.224
0
1.224
1.224
0
1.836
1.224
0
1.224
1.224
0.2
0
0
1.624
0.1
1.224
1.224
1.224
0
1.224
1.324
0
0
0
3.26
0.1
1.324
1.224
1.224
0.2
1.224
0.1
0
1.224
0
0
1.224
0
1.224
0
1.224
1.224
1.224
1.324
1.324
1.424
0
0
1.324
0.1
1.424
0
1.224
0
0
0
0
1.324
0
0.3
1.224
1.424
1.224
1.324
1.224
1.524
0
0
4.284
1.324
1.224
1.324
0
1.224
0
1.424
1.424
1.224
0
1.324
0.2
2.448
1.224
1.324
1.224
1.224
1.224
1.224
2.448
0
3.06
0
0
1.224
1.524
0
1.224
2.448
1.224
1.224
1.224
1.224
0.3
0
3.06
0.3
1.224
2.236
0
3.16
0
1.324
2.448
2.448
2.448
2.448
2.448
2.448
2.748
3.672
2.648
2.448
1.424
1.836
1.324
0.1
1.424
3.06
3.06
1.324
1.836
1.524
3.26
1.324
0
0
0
0
1.224
0.3
1.224
0
1.224
0
0
1.224
1.836
0.1
1.324
1.424
2.548
1.224
1.224
0.3
1.224
1.224
0
1.224
2.448
2.448
1.224
1.224
2.648
1.224
0.3
1.224
1.224
0
2.448
1.224
1.224
1.224
2.548
2.448
2.548
1.224
1.224
1.224
2.548
4.384
4.284
2.448
0
0.1
0
0
0
0
0.1
1.224
0
1.324
0
0
0
0
0.1
1.224
0
1.424
0.1
0
1.324
0
0
1.224
1.224
1.224
0
1.224
1.224
0
1.324
0
0.2
1.324
0
0
0
0
0.2
0
0
3.16
3.16
0
0
0
1.424
1.224
0
2.448
0.2
0
1.424
1.324
2.548
1.424
0
1.224
2.548
1.224
0.2
0.4
0
1.836
1.224
0
0
2.548
2.548
0.1
2.448
2.448
1.224
0
0.2
2.448
2.036
1.324
1.224
1.224
1.224
1.224
0
0.1
0.2
0
0
0
1.224
1.524
1.224
0
1.224
1.324
2.448
3.772
2.548
1.324
1.224
3.772
1.824
1.224
1.324
1.224
1.836
3.872
2.448
1.224
2.448
4.384
2.448
2.548
2.448
6.732
2.448
2.448
3.872
2.448
1.524
2.448
2.448
4.384
2.448
1.224
2.448
1.224
1.224
1.224
5.508
4.284
2.548
1.524
2.448
3.772
3.06
3.672
4.272
2.748
1.224
2.448
2.648
1.524
4.172
1.424
2.448
2.548
2.448
2.448
2.448
3.16
1.224
2.448
1.324
4.284
1.224
2.448
3.972
4.284
1.224
3.16
1.224
2.448
1.224
3.872
4.384
1.324
1.324
2.748
2.848
2.448
2.548
1.524
2.548
1.224
1.424
2.548
3.36
1.224
2.848
2.748
1.224
2.548
2.448
2.448
1.224
3.06
1.224
1.424
2.548
1.224
2.448
1.224
1.224
1.224
2.448
2.448
1.324
2.448
2.448
1.224
4.384
2.448
2.448
4.284
1.224
3.672
3.772
2.448
3.06
2.448
1.524
2.448
1.224
2.448
4.384
1.724
1.224
2.448
2.448
2.448
2.448
4.284
2.448
2.548
3.16
3.672
2.548
1.224
1.624
2.448
2.448
3.672
1.224
3.772
2.848
2.448
4.284
2.448
2.448
2.648
2.748
3.672
1.224
2.548
2.448
2.548
2.448
2.448
1.324
2.448
1.224
3.772
1.324
2.548
2.548
4.384
3.872
2.448
3.672
1.324
2.648
2.448
2.448
3.26
2.548
2.548
2.648
1.224
1.224
2.448
1.224
1.224
1.224
5.508
5.808
2.748
7.332
3.672
2.448
1.324
2.448
1.224
2.448
4.284
1.224
3.672
2.448
2.448
2.448
1.224
2.448
1.224
1.224
4.284
2.448
2.548
1.224
2.548
2.448
2.448
3.06
2.848
1.224
2.448
2.448
2.448
4.284
2.448
2.448
1.224
2.448
1.224
2.448
1.224
3.26
2.548
1.224
1.224
2.448
1.224
3.872
3.16
1.224
2.748
1.224
1.224
3.048
2.648
3.672
1.224
1.224
1.224
2.548
1.224
1.224
3.772
3.772
1.224
1.224
2.448
3.772
4.384
2.548
2.448
4.384
1.224
1.324
3.672
1.324
3.672
4.284
1.224
2.548
2.448
2.448
1.824
1.224
2.448
1.224
2.448
2.448
1.224
3.672
3.672
5.608
3.772
1.224
1.224
2.448
1.224
5.296
4.284
4.484
2.448
1.224
1.324
3.872
2.448
2.448
3.872
2.448
2.448
2.648
1.224
2.448
2.648
4.172
2.448
2.548
2.448
3.26
2.448
3.772
1.224
3.672
2.748
2.548
1.224
2.548
3.06
1.224
1.224
2.448
1.324
1.224
1.224
3.672
2.448
3.672
3.872
1.224
1.224
2.548
4.284
1.224
2.448
4.384
2.448
2.448
2.448
2.448
1.224
1.224
2.448
1.224
2.448
2.548
1.224
1.224
2.548
2.448
1.224
2.448
2.448
3.06
2.448
2.448
1.224
3.36
2.448
1.524
3.672
1.224
4.284
2.448
4.284
2.548
1.324
3.772
2.448
2.448
1.324
2.548
2.448
2.448
2.448
3.772
1.224
2.548
3.772
1.224
2.448
2.448
2.448
2.448
1.724
4.072
1.224
1.224
1.324
3.772
2.448
2.448
2.448
5.508
1.224
5.608
3.06
2.548
3.772
2.448
1.224
1.224
2.448
2.448
3.772
2.448
1.224
3.672
3.672
2.548
2.448
1.224
4.384
2.448
2.748
2.448
1.324
1.324
5.608
3.772
1.224
1.624
1.324
3.772
4.284
1.424
1.324
4.284
2.448
4.284
2.448
2.448
3.06
1.224
2.448
2.748
2.448
2.448
2.648
2.448
2.448
3.772
1.224
1.224
2.548
2.448
4.472
1.224
4.484
2.448
4.284
4.284
1.424
1.224
2.448
2.448
3.672
1.224
1.224
2.648
4.384
2.548
4.284
1.224
2.448
1.324
2.448
1.224
1.224
1.224
2.548
2.448
2.448
2.548
1.224
4.284
1.324
2.448
1.224
2.448
2.448
1.224
4.996
2.648
1.224
1.324
2.448
3.672
8.732
2.548
1.224
2.748
2.448
3.672
2.548
1.324
3.772
2.448
2.448
2.448
4.384
2.548
3.972
2.648
3.672
1.224
4.284
1.224
3.672
2.448
3.06
2.548
5.196
1.224
2.548
1.224
3.672
4.072
2.448
2.648
1.224
1.224
1.224
1.324
1.224
2.448
3.672
3.672
1.524
1.224
1.224
1.224
1.624
2.548
2.448
2.448
1.424
1.224
3.672
1.224
3.672
2.448
2.848
4.584
5.508
3.06
4.384
1.224
2.848
2.848
2.448
3.672
1.224
2.448
6.932
2.448
3.772
1.224
2.948
2.448
3.772
1.224
2.448
2.448
1.524
2.448
2.448
2.448
5.708
5.508
5.508
3.672
3.672
2.648
2.448
3.772
3.772
3.672
2.648
1.224
1.224
2.448
1.224
1.224
2.448
2.448
1.224
1.324
5.808
2.448
4.584
2.448
1.324
1.224
1.224
4.384
3.772
4.384
3.06
3.26
3.06
2.448
3.672
5.608
5.708
5.508
5.608
1.224
5.508
3.772
1.224
3.672
1.224
3.772
3.772
3.872
3.772
3.672
2.448
3.872
2.548
3.672
3.672
3.772
0
0
1.224
1.524
1.224
3.26
3.672
0
2.448
0
1.324
1.424
0
4.384
0
0.5
3.06
0.1
0
2.448
2.448
1.424
1.224
0.1
0
1.836
1.224
1.224
0
1.224
0
1.224
1.224
2.448
2.448
0
1.224
0.1
1.224
1.224
2.448
1.224
0
1.324
0
0
0
1.224
1.224
1.224
0.1
0
0.2
1.224
1.224
0
0
1.224
1.324
1.224
1.724
0
1.224
1.324
1.224
0.4
1.224
0
0
2.548
2.448
0
0
3.06
1.224
1.224
2.648
2.548
1.424
0.1
1.224
3.06
0
1.324
0
0
1.224
1.324
1.224
1.224
0
2.548
3.772
1.224
0.2
1.324
1.224
1.224
0.1
0
1.324
2.448
2.448
0
1.224
2.548
1.324
3.16
1.424
1.424
1.224
0
1.324
0
1.424
0
1.224
1.224
1.224
1.836
0
0
0
0
0
2.448
3.672
1.224
0
1.224
1.224
2.448
1.224
0
0.1
1.224
1.224
3.06
1.224
1.224
1.324
1.224
1.224
0
1.224
2.548
1.224
1.224
0
1.224
1.324
1.224
1.324
4.384
0.1
0
0
1.224
1.224
1.324
0
1.224
1.224
0
2.448
0
1.324
1.224
0
1.324
2.448
1.224
1.324
1.224
1.224
0
1.224
1.224
1.224
2.548
1.224
0.1
1.324
0.2
1.324
0
0.1
0
0
1.324
1.224
1.224
1.224
2.448
1.224
1.224
1.324
0
3.772
1.224
1.224
1.224
0.3
1.224
1.424
0
1.324
0
0.2
2.448
2.448
1.224
2.548
1.224
2.448
0.2
1.224
1.224
2.448
0
1.224
1.224
0
0
1.324
1.324
1.224
1.224
1.224
2.648
1.224
1.224
1.224
0
1.424
0
1.224
1.224
0
4.284
1.224
1.224
1.224
3.06
0.1
1.224
1.224
1.224
1.224
1.224
1.324
2.448
1.224
2.448
0.1
0
0
1.224
0.2
0.4
1.224
0
1.836
0.1
1.224
1.224
0
1.324
1.224
1.224
0
1.224
1.324
1.224
2.448
0
2.448
1.224
1.936
0.1
0
2.548
2.448
0
1.224
2.448
1.224
1.224
1.324
1.224
1.224
1.224
1.224
1.224
2.448
1.324
2.448
3.06
2.448
0
1.224
3.16
0
1.224
1.224
1.224
0.1
0
1.324
1.224
1.424
1.224
1.224
2.448
0.1
3.672
0.4
1.324
1.936
0
1.224
2.648
0
1.224
1.224
1.324
0
1.324
2.448
2.648
1.324
1.224
1.224
1.324
1.224
1.224
1.224
0
1.224
1.224
1.224
1.224
1.424
1.224
1.324
1.224
0
2.548
2.548
1.224
0.1
1.224
4.284
0.1
1.524
0
0
1.224
4.284
1.224
1.324
0
2.648
1.224
0
0
0
2.448
0
0
1.224
1.224
1.324
1.224
1.224
0
1.224
1.224
1.224
1.836
1.224
1.224
1.624
0
1.224
0
1.224
1.324
1.224
1.224
1.224
1.224
1.224
2.448
1.224
1.224
2.448
0
0
1.424
2.448
0
2.548
0
0
1.224
0
1.836
0
1.324
1.224
3.16
2.448
2.448
1.224
2.448
1.324
1.224
0
2.448
3.06
2.548
1.224
1.324
1.224
1.324
0
1.224
1.324
2.548
1.324
1.224
1.224
1.224
1.224
0.1
1.224
1.836
1.324
0
1.324
0
1.224
2.548
1.324
1.224
2.448
3.672
1.224
3.06
3.672
3.048
1.224
0.1
2.448
0
0
1.324
0
0
1.224
1.224
1.224
0
3.16
2.548
0
2.448
0
0.1
0
2.448
2.136
1.324
1.224
0.2
0
1.224
1.224
1.224
1.224
1.224
1.224
2.448
0
1.224
1.224
2.448
1.224
0
1.224
1.224
1.424
4.284
1.936
1.424
1.224
0.1
2.448
0
2.448
0
1.224
0.1
0.4
1.224
1.224
1.224
1.224
0
1.224
0.1
1.224
1.524
2.448
0
1.224
1.224
1.224
1.224
1.224
1.224
1.424
0
0
0.1
0
1.224
1.224
0
1.224
0
1.324
0.2
1.224
1.224
1.324
1.224
1.224
1.224
1.224
0
1.324
1.224
0
1.224
4.684
1.224
1.224
1.224
0
1.224
1.224
1.224
1.224
1.224
1.224
0
2.448
2.548
1.224
0
1.224
1.224
1.324
0
1.224
0
0
1.224
1.224
1.324
1.224
1.224
1.224
1.224
1.224
2.448
0.1
4.284
1.224
1.224
0
3.06
1.224
2.448
0
1.224
0
0
0.1
1.224
4.284
1.224
1.224
1.324
1.224
1.324
1.224
0
1.224
0
1.224
2.448
1.224
1.224
1.224
0
1.224
1.324
1.224
1.224
1.224
1.224
1.224
1.324
2.448
1.224
2.448
1.224
3.772
1.224
1.224
2.448
0
2.448
0
0
1.224
1.224
1.224
1.224
1.224
1.224
0
0
1.224
1.224
0
1.224
1.224
1.224
1.224
1.424
0
0
0
0.1
1.424
1.224
0
0
2.848
1.224
0
1.324
1.224
4.384
1.224
1.936
1.224
0
0
2.748
1.424
0.1
0
0
1.724
1.224
1.224
1.224
0
1.224
4.284
1.324
0
3.06
0.1
0
1.224
2.448
1.224
1.224
1.224
1.424
2.448
4.284
0.7
2.448
2.448
1.324
0
0.1
0.2
0.2
1.224
4.284
1.224
0
1.524
1.324
0.1
1.624
0
1.624
2.036
2.548
1.324
1.924
2.448
1.224
1.224
1.936
2.448
1.224
2.548
1.224
1.224
1.224
1.224
1.224
1.224
1.224
1.224
2.448
1.224
1.224
0
1.224
0
1.224
3.06
1.224
3.772
2.548
1.224
1.224
1.224
2.448
2.448
1.224
2.448
2.448
1.224
4.384
1.424
3.16
1.224
1.224
2.448
1.324
0
1.324
2.548
1.724
0
1.324
1.224
1.224
0
1.324
1.224
1.324
1.224
1.224
2.448
1.224
1.324
1.224
0
1.324
0
4.384
1.224
2.548
2.448
2.448
0
4.284
0
2.448
1.836
1.324
1.224
0.1
1.224
1.224
2.448
1.224
1.324
0
0.4
0
3.672
1.224
0
0
1.324
1.224
1.836
0.1
2.548
0
0
0
3.672
1.836
1.224
3.56
2.548
1.224
3.06
1.624
1.424
1.424
1.224
1.224
1.524
2.648
3.06
1.224
1.324
1.224
0
0
0
3.06
3.06
0
1.324
0
3.06
1.836
2.548
0.1
1.324
1.224
1.524
1.324
0
0
1.224
0
2.548
0
1.224
1.424
1.224
2.448
1.224
0
1.224
1.224
0
1.724
2.448
3.772
2.448
1.224
0
2.448
0
3.772
3.772
2.548
2.448
2.448
2.448
3.672
2.448
3.672
1.224
2.448
0
1.224
3.06
1.324
1.224
0
0.1
1.524
1.224
1.224
3.872
0.1
3.672
