0.5
0.2
3.248
1.424
2.848
0
0
0
0.1
0
0
1.324
0.3
0.4
0.6
0
1.936
0.1
0
0.1
1.324
1.324
0.1
0
0.1
0
0.3
1.524
2.448
1.224
0
2.448
0.6
0
0
0.6
0
0
2.136
0.4
0.1
2.324
0
2.136
2.036
1.224
0
0.1
0.3
1.424
1.424
0
1.524
2.136
0
0
0
0
0
1.524
0.7
0.2
2.236
0.3
0.5
0.3
0.1
0
1.324
0.7
0.2
1.324
0.1
0
2.324
0.3
0
0.1
0
0
1.624
0
1.224
0.1
1.936
0
0
1.836
0
0.5
0
0
0
0.1
0
1.224
1.424
0
0
0
1.836
0.2
0.4
0
0
0.2
0
0.5
0
0
0.3
0
0
1.224
2.036
0.2
0
0
0
0
1.6
1.836
0
0.3
0.1
0
1.936
1.224
0.1
1.924
0.1
2.136
0.1
0
1.324
0.3
1.424
1.324
1.624
0.3
0.3
0
0
1.224
0
1.936
1.324
0.1
0
0
1.324
0
0.1
0.2
2.336
0.1
0.2
0
0.4
0.1
0.1
0
0
0
0
2.036
0
0.1
0.1
1.6
0.1
0.1
1.224
0
1.224
1.824
1.836
0
1.224
0.2
0.2
1.324
0
1.424
0.2
2.024
1.524
1.324
0.1
1.224
0
1.224
0
1.724
1.324
1.524
1.224
0.5
1.224
0.3
0.1
0
0
0.1
1.5
1.936
0
1.724
1.424
0
1.224
0.1
0.8
1.836
0
1.6
0.1
1
1.836
0.1
0
1.324
3.848
2.548
2.448
3.148
2.448
2.548
3.348
2.548
2.548
2.448
1.524
0
1.224
2.036
3.424
1.324
1.836
1.524
0
2.024
1.624
3.06
1.836
0
0.1
0
1.324
0.5
0
1.836
1.936
1.836
0
1.224
0
0
1.324
1.524
1.324
0
0
2.536
1.224
0
0.1
1.224
0
1.224
0
0.4
0.1
1.424
0.3
0
1.224
0.5
1.224
0
1.224
1.224
2.748
2.448
2.948
0
1.224
1.224
1.524
1.324
1.224
2.448
0
0.2
0
1.936
0
0
0
0
0
0
2.436
0.1
0
1.836
0.1
0.2
0
0.3
0.3
1.936
1.324
0
0
1.524
0
1.224
0
1.324
0
0
0.1
0.2
0.4
0
0
0
0
0
1
0
0
1.424
1.324
0
0
0
1.2
0
0
1.224
0.9
0
0.6
1.524
1.224
1.324
0.3
0
1.224
0.1
1
1.4
0
0.1
0
0
0
1.424
1.524
0
1.224
1.224
1.224
0.2
0
1.224
0.1
1.224
1.324
1.224
0.1
1.324
0
0.1
0.4
0
0
0
1.524
2.324
1.224
0
1.224
1.324
2.448
2.748
1.224
1.224
1.224
2.648
3.124
1.324
1.624
1.224
0.1
1.424
1.224
1.224
2.848
2.548
1.224
2.948
2.448
2.448
2.448
2.448
2.648
2.448
1.824
3.248
1.224
1.224
1.424
1.424
1.324
1.224
1.324
1.324
2.448
2.548
3.548
1.724
1.324
2.548
1.224
2.448
3.148
2.648
1.224
1.324
2.448
1.224
2.848
1.324
1.224
2.024
2.448
1.324
2.448
1.324
1.224
1.324
1.324
2.448
1.224
2.448
2.648
2.648
1.224
1.224
1.224
5.084
3.26
1.224
1.424
1.324
1.324
2.948
2.748
2.848
2.648
1.324
2.448
3.06
1.524
3.948
2.024
1.224
5.684
1.824
3.16
1.224
2.748
2.948
1.524
1.224
3.86
1.824
4.484
1.224
1.224
1.324
1.324
3.26
2.448
1.424
1.224
2.448
1.324
1.224
2.548
2.548
1.224
1.224
1.224
2.548
2.848
2.448
1.324
4.984
1.324
1.224
1.224
2.448
2.548
1.824
1.224
1.224
1.224
2.848
2.548
2.448
2.448
2.448
1.224
4.784
2.648
1.224
2.224
2.548
1.224
2.448
1.224
3.048
2.848
2.448
1.224
1.224
2.448
3.048
3.248
2.448
1.324
2.648
1.224
1.324
2.548
1.324
1.324
2.448
1.224
1.324
1.424
2.648
2.748
3.048
4.384
1.324
1.224
1.324
2.448
2.448
1.224
1.224
2.648
3.348
2.548
1.224
1.324
1.324
1.424
1.224
1.424
2.448
1.524
2.548
2.648
2.448
2.448
1.424
2.448
1.324
2.448
1.224
1.424
2.448
2.648
1.724
2.948
1.224
4.384
1.224
3.26
2.548
2.448
1.224
1.424
2.748
2.448
2.648
1.224
1.624
1.324
1.224
2.648
2.948
1.224
2.448
1.324
1.224
1.324
1.224
2.448
1.224
1.724
2.548
1.224
1.224
1.324
1.224
3.048
1.324
1.224
2.024
3.56
1.224
2.124
2.748
2.548
1.324
1.224
1.424
2.448
1.224
1.424
2.648
2.648
1.224
1.224
2.448
1.224
2.548
4.384
1.224
2.448
1.224
1.224
2.448
1.224
2.648
1.224
1.224
2.448
1.324
1.224
1.624
1.224
2.648
1.224
1.224
1.224
1.524
2.748
2.448
2.748
2.448
1.224
1.324
3.748
1.224
2.948
2.448
1.224
2.448
1.224
1.224
2.748
1.224
2.448
4.284
2.448
2.548
2.948
3.06
2.448
2.648
2.548
3.048
1.224
1.324
1.824
1.224
2.448
1.224
2.548
2.748
2.448
1.324
2.748
1.224
1.324
1.524
2.548
1.224
1.224
1.524
4.284
2.448
2.448
2.748
1.224
1.324
2.448
1.424
1.324
2.948
2.648
1.424
2.648
1.224
2.448
1.224
1.224
1.324
1.424
2.848
2.548
1.324
1.224
2.648
5.084
1.324
1.224
1.224
1.224
1.224
2.448
1.224
2.124
2.448
1.424
2.448
1.224
2.648
4.284
2.548
2.648
1.324
2.548
1.224
5.584
1.524
4.584
2.548
2.448
2.448
2.748
1.224
1.324
2.448
1.524
2.448
2.748
2.548
2.448
2.924
3.048
1.324
1.224
1.324
2.548
2.448
1.324
2.448
2.448
1.224
2.648
1.224
3.448
2.748
1.224
1.224
1.224
1.224
2.548
2.548
2.448
1.224
2.448
2.448
2.648
1.224
1.224
2.548
2.548
1.624
1.224
1.524
1.724
2.548
2.448
1.224
1.724
1.324
2.748
1.224
1.424
2.024
2.648
1.224
2.448
2.448
2.448
1.224
1.624
1.224
2.548
2.548
1.224
2.848
2.648
2.448
2.648
1.224
1.324
2.448
2.448
2.748
1.324
2.748
2.448
1.224
2.448
1.424
3.36
1.224
1.324
2.548
1.224
1.324
2.948
2.448
1.224
2.448
1.324
1.224
1.324
1.224
1.224
1.424
1.224
2.648
2.648
2.548
2.548
1.224
1.224
1.224
2.448
1.224
2.748
2.448
1.224
2.548
3.148
1.224
1.324
2.448
2.548
2.748
2.648
1.324
10.184
1.324
1.224
3.348
1.224
2.548
2.448
1.224
4.684
2.548
2.448
2.948
1.824
1.324
1.224
2.448
1.224
2.448
2.948
1.324
2.548
2.448
1.224
1.524
1.224
2.648
2.648
2.448
1.324
1.224
1.224
1.224
1.224
1.424
2.548
1.224
1.324
1.324
1.324
1.224
1.224
1.424
2.648
4.684
1.224
1.224
1.224
4.284
1.224
2.748
2.448
1.824
2.848
2.448
1.324
1.224
1.224
2.948
3.048
2.748
2.448
1.224
2.548
2.448
2.548
3.548
1.224
3.448
3.248
2.648
3.66
2.448
2.448
2.624
2.648
2.448
2.648
2.548
2.448
2.448
2.448
2.648
2.548
4.284
2.548
2.548
2.448
2.648
1.524
1.424
2.748
1.224
1.224
1.224
1.224
1.224
1.324
3.148
2.548
2.648
2.548
1.624
1.224
1.224
2.448
2.648
2.648
1.224
1.324
1.624
2.448
2.848
2.548
2.648
2.548
2.548
1.424
2.448
2.448
1.224
2.648
3.06
2.548
3.148
2.748
4.584
2.648
2.548
2.948
2.748
1.224
1.224
2.648
3.236
0
3.66
4.56
3.46
0.2
1.324
0
1.224
0.3
1.524
3.26
0
1.224
0
0.8
0
0.5
0
1.224
2.548
4.56
1.224
0.4
0
0.1
1.224
0.1
0.6
1.224
0
0.1
3.16
0
0
0.2
0
0.5
1.324
0.2
1.224
0
0
1.424
0
0
0
1.224
1.224
0
0
0.3
0
1.324
0
0.1
0
1.224
1.324
1.324
3.724
0.1
1.324
0
1.424
0.7
0.1
0
0
2.024
1.424
0
0.1
0
1.324
1.224
1.424
1.324
0.3
0
0
0
0
0.2
0.1
0
1.224
0.6
1.224
1.324
0.1
1.424
1.224
1.224
0.2
1.524
1.224
1.324
0
0
1.324
1.424
1.224
0
1.224
1.524
0.2
0
1.624
1.224
1.224
0
1.624
0
1.524
0
1.224
1.224
0.3
0
0
0
0
0
0.4
1.324
1.224
1.324
0
1.724
1.224
1.224
1.224
0
0
1.324
0.2
1.224
1.224
1.724
1.424
1.224
1.424
0.3
1.224
1.224
0
1.224
0
0
0.1
0
1.424
1.424
0.2
0
0.2
1.324
0
1.224
0.3
1.224
0.2
0.1
1.224
0
0.2
1.324
0.1
1.524
1.224
1.724
1.624
0.3
1.224
1
0.1
0
1.224
1.424
3.26
0.6
1.224
0.5
0.1
0
0.1
0
0
0.4
0.2
1.224
1.224
1.324
0
1.424
1.224
0
3.06
1.224
0
1.524
0.5
1.224
0.5
0
1.324
0
0.2
1.824
1.524
1.824
1.324
1.224
1.324
1
1.224
0.1
1.524
0
1.424
1.224
0
0.2
0.1
0.4
0
0
1.224
1.224
1.324
1.224
1.524
0
1.924
0.5
1.224
1.224
0.1
1.324
1.224
0
0.1
1.324
0
1.224
1.424
1.224
1.624
1.424
0.2
1.424
0.2
1.224
0.1
0
0
1.224
1.5
0.4
0
0
0
0
1.424
1.224
0
1.724
1.724
0
0
0
0.1
0.1
1.224
0
1.324
0
0.4
0.9
0
1.324
1.224
0
1.224
1.424
1.224
1.324
1.224
0
1.424
1.324
1.324
1.424
1.224
1.424
1.224
1.224
1.524
0
1.224
0
0
1.224
1.224
1.324
0.4
0
0
0
0.7
0
0
1.824
0.3
1.224
0.2
1.224
0.1
0
1.224
1.724
0
0
0.1
1.324
0
1.224
1.224
1.324
0.1
1.324
0
1.324
0.2
1.224
0.3
0
1.224
1.224
1.224
1.324
0.5
1.324
0
0
0
1.424
1.224
1.224
0.1
1.324
1.224
0
0.3
0.3
0
0
1.424
1.524
0
0.2
1.524
0.1
0
0
0.1
1.324
0.1
0
1.724
1.224
1.624
1.224
0
0
1.324
1.324
1.624
0
0.1
1.224
0.3
0
1.224
0
1.324
0
1.224
0
1.224
1.224
1.224
1.224
1.224
0.2
1.524
0
0.1
1.324
1.324
0.2
1.224
0.1
0
0.1
0
0.1
0
1.324
0
1.424
1.324
1.424
0
1.424
0
0.2
0
1.324
0.4
1.324
1.224
0.4
3.16
0.4
0
0
1.624
1.324
0.2
0.2
1.224
1.324
0
0.1
1.224
0
0.1
0.1
0.1
0
1.224
1.224
0
0
1.324
1.424
1.224
0.2
1.224
2.024
1.624
0.2
1.324
0.1
0
1.524
0.4
0.2
1.324
1.224
1.524
0
1.524
1.324
0
1.224
0
0.4
0
1.224
0.3
0.2
1.224
0.2
0
1.224
0.2
1.324
0.2
1.224
1.224
1.524
0
1.224
1.424
1.424
1.224
0.1
1.324
0
1.824
1.324
0
1.324
0
0.1
1.224
0
1.224
0
0.1
0.4
0.6
1.324
0
0.2
1.224
0.1
1.224
0
1.224
1
1.224
0
0
1.224
0.2
0
1.224
0.1
1.624
0
0
0
0
0
1.224
1
0
0
1.924
0.2
1.224
0
0.2
1.224
0
1.224
1.224
0
0.1
0
0
1.224
1.824
1.224
0
1.224
0
1.324
0.1
1.224
1.224
1.424
1.224
0
1.224
1.824
1.324
0
0
1.224
1.324
0
0
0.2
0.1
0
1.224
1.224
0.4
1.224
0.3
2.124
0
1.324
0
1.224
1.224
0
0.1
1.324
1.424
1.224
0
1.224
0.2
0
0.4
1.524
1.224
0
0.3
1.224
1.324
0
1.224
0
0
0
1.724
1.524
1.224
1.424
1.224
0
0
0.2
0
1.524
0.1
0
0.1
0.3
1.224
1.424
1.724
1.224
1.324
1.324
1.224
1.324
0.1
1.624
0
0
0
0
1.224
1.224
0
1.324
0.3
0
1.324
1.224
0
1.224
0
1.424
0.1
0.8
0.2
0.1
0
0.3
1.924
1.224
0
0
2.224
1.224
0
1.324
1.524
1.324
0
0.4
0
0
0
1.624
0.1
0
0.1
0.1
0.7
1.324
0
1.324
0
1.324
1.224
1.424
0
0
0
0
1.224
1.224
0
1.224
0.1
1.624
1.224
1.224
1.7
1.224
1.424
0
0
0.2
0.9
0.2
0
1.524
1.224
0
1.224
0.1
0.2
0.2
0.3
1.424
0
1.324
1.324
2.624
1.224
1.424
1.224
0
1.424
0
1.424
1.324
0
1.224
1.524
1.324
1.424
0
1.224
1.424
0.5
1.424
0.1
1.224
0.2
1.324
0
0
1.724
1.524
0
0
0
1.324
1.224
1.224
1.424
1.224
1.424
1.424
0.3
0
0
1.224
1.224
1.524
0
0.1
1.424
0.8
0.1
0.2
1.224
0.4
0.1
1.224
0
1.824
1.724
1.424
1.224
1.524
1.624
1.824
0.1
1.924
0
1.324
1.424
1.424
2.448
2.448
0
1.224
0
1.424
0
0.1
0.1
0.1
0.3
0
1.224
0.1
0.8
0
2
0.1
3.26
0
0
0
1.224
0
0
0.5
1.324
0
0
0
1.224
0
0
3.224
1.224
1.224
0
1.924
1.524
1.2
2.024
1.836
1.6
1.724
1.324
0
3.16
1.324
0
0.3
0
0
0.1
0
0
0
0
0.1
1.524
2.436
0.2
1.224
0.1
1.324
0
0
0
0.1
1.836
0.2
0
0.2
1.324
1.324
0
0
1.224
1.224
0
1.524
1.224
1.324
1.724
1.836
0
1.224
0
2.548
2.648
2.648
2.448
1.424
1.424
2.648
4.584
2.548
3.16
2.548
0.4
1.224
1.224
1.224
0
0
2.736
1.5
0.2
0
1.724
0.6
1.424
