1
0.1
5.572
2.848
5.696
0
0
1.224
0.1
0
0.1
1.324
1.524
1
1
0
1.324
1.324
1.224
1.224
1.224
1.524
1.224
1.224
0.3
1.324
1.624
2.848
3.672
2.448
1.424
2.548
1.6
0
1.424
0.7
0
0.2
0.2
1
0.1
2.524
0
0.2
0.3
1.324
0.2
1.324
0.4
1.524
1.224
0
1.924
1.424
0
1.224
1.424
1.324
0.2
2.324
2.024
1.924
0.1
1.624
0.2
0.1
1.224
1.224
1.524
2.424
0.4
3.448
1.424
0.2
3.124
0.6
1.224
0.5
1.324
0
4.048
1.324
1.324
1.424
0.1
1.224
1.224
0
1.224
3.548
0
1.524
1.524
1.224
1.224
1.324
1.524
1.224
1.424
1.224
0.2
2.224
2.024
0.1
1.224
0
0.1
2.3
1.524
0.3
1.624
1.324
0
2.748
0.4
0.2
0.3
2.548
0
0
3.724
0.2
1.424
1.624
1.224
0
0.2
1.324
0.2
3.148
0.2
0.2
1.224
0
1.424
1.2
1.424
2.948
2.024
0.8
0
2.648
1.224
1.524
1.324
1.224
1.224
1.524
0.1
1.224
1.224
0.5
0.5
0.1
0.8
0.8
1.624
0.4
0.8
0.2
0
1.224
0
1.224
0.1
1.624
1.424
1.224
0
3.024
1.224
2.024
2.448
0.2
2.548
3.348
1.224
1.324
1.324
0.4
0.3
3.148
0.1
3.672
0.8
4.672
3.024
2.548
1.424
3.772
0.2
1.424
0.4
3.448
2.548
1.724
1.224
0.1
1.324
2.024
1.524
1.224
0
1.724
2.1
1.224
0.2
1.924
3.148
1.324
2.448
0.7
1.924
1.224
0
3.824
0.1
2.524
0
1.324
1.224
2.448
4.948
3.972
3.772
2.948
2.448
2.448
5.072
3.672
4.172
3.672
2.748
0.1
2.548
0.1
7.972
1.624
0
2.024
0
3.124
1.424
1.324
1.224
1.324
1.224
2.548
1.224
1.4
0
1.324
1.324
1.224
1.324
1.324
1.224
1.424
2.948
1.624
2.748
1.224
0.2
0.6
2.448
1.224
1.1
2.448
0.1
2.448
0
0.3
0.1
2.448
2.024
0
2.448
1.424
2.448
1.224
3.672
2.548
5.796
3.672
5.396
0.1
1.624
1.224
3.148
1.324
1.224
3.772
1.224
2.524
0
0
1.224
0.2
1.324
0.1
1.324
1.224
1
0.3
0
1.224
1.824
1.524
1.224
1.624
2.648
1.324
2.648
1.224
1.224
2.648
0
1.224
0
1.624
0.1
0.1
0.5
0.5
1.524
0.2
1.224
1.324
0
1.224
2.324
2.448
1.224
1.924
1.724
1.224
0
0
1.4
0
1.224
1.224
4.024
1.424
0.4
1.524
1.524
2.748
0.9
1.524
1.524
1.324
2.424
3.924
1.224
0
0
1.424
1.224
2.948
1.324
0
1.324
1.224
2.448
0
1.224
2.448
0.2
2.548
2.448
1.424
1.224
1.324
1.224
1.324
3.848
0
0
0.1
2.848
5.248
2.548
1.224
2.448
2.024
3.972
3.448
1.324
1.424
1.224
3.772
4.348
3.772
3.048
1.424
0
1.524
1.224
2.448
4.072
3.672
1.224
5.472
3.672
2.448
4.996
4.896
3.148
3.872
3.224
4.148
3.872
1.224
2.748
2.548
1.424
2.448
4.172
2.648
2.448
3.972
3.448
3.248
1.224
2.748
2.548
3.672
3.748
4.272
3.672
2.548
2.548
1.424
4.472
2.748
1.324
2.948
2.848
2.848
3.672
2.848
3.672
2.748
2.648
3.672
3.672
3.672
2.848
2.648
2.548
1.424
2.448
4.972
2.548
1.324
1.824
3.872
1.324
5.372
2.948
3.672
2.648
2.024
3.872
2.848
1.524
6.348
2.024
2.448
4.448
2.424
1.324
2.748
3.972
3.648
2.948
3.672
2.224
4.148
3.872
1.224
1.224
1.324
2.548
1.324
4.896
2.948
2.948
3.672
1.224
3.672
3.672
4.996
1.424
1.224
2.548
2.448
4.272
3.772
1.324
4.672
1.524
1.224
1.324
3.672
3.872
3.948
2.448
2.548
1.224
6.196
4.072
2.448
3.872
5.196
2.548
2.748
3.872
2.448
3.748
2.548
2.448
2.448
2.548
4.672
5.172
3.772
2.548
1.224
3.772
4.372
5.072
2.748
1.324
5.096
1.424
1.324
2.648
1.424
2.748
3.772
3.772
1.524
2.548
3.248
4.572
4.272
3.872
1.324
1.224
1.324
3.972
2.948
1.224
1.324
2.448
4.972
2.748
1.424
3.872
1.424
2.448
2.448
2.848
2.548
2.948
3.048
2.648
3.672
2.448
1.624
3.672
2.548
2.448
1.224
2.648
2.448
2.448
2.224
3.448
2.448
3.872
1.224
1.724
2.548
3.672
1.524
2.848
2.748
2.648
3.772
2.448
1.824
1.424
2.448
2.548
3.148
1.324
3.672
2.448
2.448
3.872
1.224
3.672
2.548
3.348
2.748
2.448
2.448
1.224
3.672
3.848
2.448
1.224
2.424
1.424
1.224
2.324
3.672
3.672
2.448
1.424
1.824
3.772
2.448
2.748
4.172
3.972
1.324
1.324
4.072
1.224
2.448
3.672
2.448
3.672
2.448
1.224
2.548
2.648
4.372
1.224
2.448
2.948
2.448
1.224
1.924
2.448
2.748
2.448
1.224
1.324
1.824
2.748
3.772
2.848
3.772
2.448
1.424
6.272
1.424
5.072
2.448
2.548
3.772
1.324
2.748
5.196
1.224
3.672
2.848
3.972
4.072
4.172
1.224
4.896
2.748
3.148
5.672
1.224
2.548
4.048
1.224
3.772
2.448
2.548
5.296
2.548
1.224
4.772
1.324
2.548
3.872
2.448
1.424
3.672
1.924
3.672
3.672
3.672
3.248
2.448
4.172
4.996
1.224
1.324
3.648
3.048
1.224
3.872
2.448
3.772
2.548
2.548
1.224
2.448
4.372
2.448
2.448
1.324
4.572
3.048
2.548
1.324
1.324
1.224
2.448
3.672
2.548
2.724
2.548
1.524
3.872
2.448
3.972
3.772
3.772
2.648
2.648
4.272
2.548
4.348
3.772
2.548
4.472
3.772
3.672
3.148
2.448
1.624
2.948
3.972
3.672
3.772
2.648
4.996
3.624
5.672
1.324
1.524
2.948
5.096
3.672
1.224
2.548
2.448
2.448
2.648
3.872
4.048
3.972
1.224
3.672
2.448
1.224
3.672
3.772
3.872
1.224
2.448
2.448
3.972
1.324
3.672
3.672
2.748
2.848
2.448
3.048
3.148
3.048
4.072
2.548
4.172
1.224
3.772
2.448
2.748
5.572
3.872
1.224
2.548
2.848
2.548
1.224
3.872
2.448
3.972
3.872
1.224
4.472
3.772
3.872
3.872
2.448
2.548
2.648
3.672
2.648
2.448
5.296
3.672
1.424
5.096
1.324
1.324
1.224
1.224
3.772
2.448
2.648
3.972
3.772
1.224
3.672
1.224
1.224
1.224
1.224
1.324
2.448
2.448
4.172
3.972
3.872
5.196
2.548
1.224
3.772
3.872
3.672
4.872
3.672
1.224
3.672
6.496
2.548
1.524
2.648
2.748
2.548
2.848
2.548
3.348
1.824
1.224
16.396
2.548
3.772
4.996
2.448
5.196
3.672
2.648
4.672
3.848
1.524
1.424
3.772
2.448
2.448
2.948
2.548
2.848
2.448
2.648
1.624
2.548
2.948
3.872
3.672
1.724
1.224
2.548
3.672
1.224
2.848
3.772
1.424
1.424
1.524
4.072
2.448
2.648
3.448
4.872
3.048
2.448
1.624
2.448
2.448
2.448
3.048
4.896
1.624
3.872
2.548
1.524
2.548
2.448
4.572
5.072
3.348
4.896
2.448
4.996
2.748
5.096
5.672
3.772
6.196
6.396
2.848
3.248
3.972
4.896
5.472
5.296
4.072
4.072
2.548
2.448
2.448
3.772
2.648
5.096
2.548
3.872
3.872
3.672
4.272
4.872
3.872
5.896
2.448
1.524
1.224
1.324
2.448
2.648
5.372
4.072
4.272
3.772
3.972
2.448
3.672
2.548
2.648
2.648
3.672
4.272
4.172
3.772
3.048
2.548
2.548
4.072
3.872
4.372
2.448
2.548
2.448
4.896
2.548
3.772
4.772
2.748
2.448
3.672
4.072
5.172
4.372
1.224
1.224
5.496
2.624
1.224
2.948
6.548
3.448
0.7
1.524
1.224
1.224
1.424
3.448
2.748
1.224
2.448
0
2.1
0
2.324
0.3
2.448
2.648
4.248
2.448
0.1
0
0
1.424
0
1.724
1.424
1.224
0
1.224
0
0
1.424
0
4.148
1.224
0.2
1.424
0
1.224
2.524
1.224
1.224
0
1.324
1.224
0.1
1.824
1.424
0.4
1.224
0
0
1.224
1.324
1.624
1.524
5.724
0.2
1.324
0.1
1.824
0.9
1.324
0.1
0.1
2.424
1.324
1.324
0
0
2.448
2.448
2.324
1.324
0.5
0.3
0.3
0
1.524
0.1
1.224
1.324
1.424
0.7
1.624
1.824
0.2
2.648
1.324
1.224
1.224
2.948
2.648
2.848
0
1.424
3.872
1.224
1.624
2.548
1.324
1.424
0.1
0
3.024
1.224
1.324
1.224
1.924
0.1
2.524
1.324
1.224
3.772
0.3
1.324
1.224
1.424
0.1
0.3
1.924
1.524
1.224
2.648
0
3.648
1.224
1.524
1.224
1.324
1.424
2.548
0.6
1.424
1.224
1.824
1.324
1.224
2.448
1.724
1.424
1.624
0.1
1.224
1.224
0
1.524
1.224
1.324
1.424
0.1
1.224
0.1
2.648
1.224
1.324
2.548
1.224
0.3
1.424
1.224
1.224
0.2
1.524
1.224
1.624
1.224
1.524
1.924
0.1
1.224
1.6
0
0
1.324
1.724
2.748
3.048
2.648
1.6
1.324
0
1.224
0.1
0.2
0.2
0.1
1.224
1.424
1.324
0
1.524
1.424
1.224
1.224
2.448
1.224
1.824
0.7
1.224
1
0
1.724
1.424
1.524
1.424
1.624
2.548
2.448
1.324
1.424
4.324
1.224
0.1
1.424
1.224
1.424
1.224
1.324
1.324
0
0.6
1.324
0.1
1.324
1.524
1.424
1.424
3.124
0
4.372
1.524
1.224
1.224
0.1
1.324
1.224
0
0
1.324
0
1.224
2.548
2.448
3.248
1.424
0.3
3.348
1.424
2.024
0.1
0
0.1
1.224
3.124
0.6
0
1.224
1.524
0
2.748
1.524
1.524
1.724
3.548
0
1.424
0.1
1.424
1.524
1.324
1.224
1.524
0
0.9
2.724
2.448
1.524
1.224
1.324
1.324
1.824
1.224
2.448
2.548
0.3
1.724
2.448
1.524
2.224
2.648
1.724
1.424
1.224
2.648
1.324
1.224
0.1
0.1
1.324
1.224
1.424
2.024
1.224
0.2
0
0.5
0
0.1
2.124
0.7
1.324
1.524
1.324
1.524
1.224
1.224
2.624
0.3
0
1.224
2.548
1.424
2.448
1.224
2.848
0
2.548
1.224
1.324
0.1
1.224
0.2
2.448
1.324
1.224
2.548
1.524
1.5
2.648
0.2
0
1.324
1.824
1.324
1.224
1.524
1.224
1.224
2.848
0.1
1.824
0
0.1
1.324
1.624
0
0.3
1.224
0.3
1.224
0.2
0.2
2.448
0
1.224
3.872
1.324
2.024
1.424
0.1
2.448
1.224
1.324
1.524
0
0.2
1.324
0.5
1.224
2.448
1.224
1.224
1.224
2.448
0
1.224
1.224
3.772
1.324
1.224
1.524
2.748
0.1
1.324
2.748
1.324
1.324
1.224
1.524
1.224
0.6
1.224
0
2.448
1.424
0.2
1.324
1.624
1.324
1.224
1.524
0.2
0.7
0.2
2.748
0.2
2.948
1.224
1.5
1.724
0.9
0
0
4.072
2.448
0
0
1.224
1.824
0.1
0.4
1.224
1.224
0.2
0.2
1.424
0
1.524
1.224
0.1
0
1.224
1.224
1.224
0.2
1.424
3.224
1.724
2.124
1.724
0.1
1.524
3.248
0.7
0.4
2.548
1.424
3.772
0
1.724
1.424
0
1.224
1.324
2.524
0
1.224
0.5
0
2.448
1.924
1.724
2.548
2.024
1.724
0.1
1.324
1.324
3.148
1.324
2.448
3.148
1.624
1.524
2.448
1.224
1.224
2.424
1.224
0
1.424
1.224
1.324
1.224
1.224
1.224
1.224
0
0.9
1.1
1.324
0
0.1
1.224
0
1.224
1.224
2.448
1.3
1.424
1.224
0.1
1.224
0
0.1
1.224
0
3.248
1.324
1.324
0
0.2
0
1.224
3.124
0
1.224
2.324
0.4
2.548
1.224
0
1.524
0.1
1.224
2.548
0
0
0
0.1
2.448
2.424
1.224
0.1
1.224
1.224
2.548
0
1.324
2.548
3.772
1.224
1.224
1.224
1.724
2.848
1.224
0.1
2.548
2.948
0
0
2.548
1.424
1.224
1.224
1.224
0.4
1.224
2.124
2.724
0.1
1.724
0.6
1.224
1.324
0
0
2.648
1.224
1.224
0
1.424
0.3
1.224
1.524
2.648
1.424
0
0.6
1.824
3.872
0.7
1.324
0
0
0
2.948
4.172
2.548
2.648
1.224
0
0
0.4
0.1
1.824
0.1
0
0.1
0.6
1.324
3.448
1.824
1.324
1.324
2.748
3.672
1.424
0
2.548
1.224
0
0.2
0
2.448
3.672
0
1.624
1.424
1.324
1.224
2.548
1.324
1.324
0
2.948
1.524
3.524
1.224
1.324
0.1
1.424
2.924
3.672
1.324
1.324
4.348
1.224
0
2.848
1.624
1.424
0.2
0.4
0.1
0.1
0
3.248
0.2
0.3
1.424
0.1
1.7
2.448
0
1.324
0
1.724
1.424
1.224
1.424
0
0
0
1.424
1.224
0.2
1.324
0.4
2.124
1.324
1.224
3
1.224
1.324
0.3
1.224
1.624
2.924
1.2
0
1.824
1.224
0
1.824
1.224
1.824
0.3
0.1
1.924
0.1
1.424
1.424
5.172
1.224
1.424
1.224
1.324
1.524
0
1.324
1.424
0
1.324
3.248
1.324
2.024
0
1.324
2.748
0.5
1.524
1.424
1.424
1.824
2.848
0
0
2.224
1.424
0
0.1
0.1
1.224
2.648
2.748
3.448
1.224
2.648
1.524
0.7
0
0
2.448
1.524
2.424
2.448
0.1
1.424
0.7
1.224
0.2
1.324
1.724
1.224
1.724
0
3.424
3.148
2.548
1.824
2.948
1.624
1.824
0.1
2.424
0.1
3.148
2.748
2.948
2.548
2.548
1.224
1.324
0.1
1.824
1.224
1.424
0.1
1.224
0.4
0.2
1.324
0.4
0.6
1.224
2.9
0.3
1.524
0
1.224
1.224
2.548
0.1
0
1.924
1.324
1.424
1.224
1.224
1.324
0
0
4.548
1.424
2.448
0
3.324
2.324
3.524
3.124
1.224
1.3
3.348
2.648
0.1
1.224
1.324
0.2
1.2
2.448
1.224
0.1
1.224
0.3
2.548
0.1
1.424
2.548
1
0.2
2.948
2.848
2.224
1.224
1.824
1.424
1.224
0
1.224
0
3.848
2.648
2.548
0.2
2.448
1.324
1.224
0.1
4.148
2.448
1.524
2.824
0.1
1.224
2.448
0.2
3.772
4.896
2.948
3.772
1.424
2.748
3.772
4.272
5.196
3.672
5.596
1.524
2.448
2.448
2.548
0
1.224
0.9
3
0.3
0
2.324
2.524
1.924
