0
0
3.872
2.448
4.896
0
0
1.224
0
0
0
1.224
1.224
0.1
0
0
3.06
1.224
1.224
1.224
1.224
1.324
1.224
1.224
0.2
1.224
1.324
2.448
3.672
2.448
1.224
2.448
0
0
1.224
0.1
0
0
1.836
0.1
0
1.224
0
1.836
1.836
1.224
0.1
1.224
0
1.224
1.224
0
1.224
3.06
0
1.224
1.224
1.224
0
1.324
1.324
1.224
1.836
1.224
0
0.1
1.224
1.224
1.324
1.424
0.1
2.448
1.324
0.1
1.224
0.1
1.224
0
1.224
0
2.448
1.224
1.224
1.224
1.836
1.224
1.224
1.836
1.224
2.548
0
1.224
1.224
1.324
1.224
1.324
1.224
1.224
1.224
1.224
1.836
1.424
1.224
0
1.224
0
0
0.2
1.224
0
1.224
1.224
0
2.448
1.836
0
0.1
2.448
0
0.1
1.724
1.836
1.224
1.424
1.324
0
1.836
1.224
0
2.548
0
1.836
1.224
0
1.224
0.1
1.224
2.448
1.324
0
0.1
2.448
1.224
1.224
1.224
3.06
1.224
1.224
0
1.224
1.224
0
0
0
1.936
0
1.224
0.1
0.1
0
0.1
1.224
0
1.224
0.1
3.06
1.224
1.224
0
1.524
1.224
1.424
2.448
0
2.448
2.448
3.06
1.224
1.224
0
0.1
2.448
0
3.672
0
3.772
1.424
2.448
1.224
3.672
0
1.224
0
2.448
2.448
1.224
1.224
0
1.224
1.224
1.224
1.224
0
1.424
0.4
3.06
0
1.224
2.548
1.224
2.448
0
1.224
3.06
0
1.624
0
1.424
1.836
1.224
1.324
2.548
2.448
3.872
3.672
2.548
2.448
2.448
3.972
3.672
3.672
3.672
2.548
0
2.448
1.836
3.872
1.224
1.836
1.224
0
1.424
1.224
3.06
3.06
1.224
1.324
2.448
1.224
0.3
0
3.06
3.06
3.06
1.224
1.224
1.224
1.224
2.448
1.224
2.548
1.224
0
1.836
2.448
1.224
0.1
2.448
0
2.448
0
0
0
2.648
1.224
0
2.548
1.224
2.448
1.224
3.672
2.448
4.896
3.672
4.996
0.1
1.224
1.224
2.548
1.224
1.224
3.672
1.224
1.324
0
1.836
1.224
0
1.224
0
1.224
1.224
2.036
0
0
3.06
1.224
1.224
1.224
1.424
2.448
3.06
2.448
1.224
1.224
2.548
0
1.224
0
1.224
0
0
0
0
1.224
0
1.224
1.224
0
1.224
1.324
2.448
1.224
1.224
1.224
1.224
0
0.1
0.3
0
1.224
1.224
1.524
1.224
0
1.324
1.224
2.448
0
1.224
1.224
1.324
1.524
1.424
1.224
0
0
1.324
1.224
2.548
1.224
0
1.224
1.224
2.448
0
1.224
2.448
0.1
2.448
2.448
1.224
1.224
1.224
1.224
1.224
2.548
0
0
0
2.448
2.948
2.448
1.224
2.448
1.224
3.672
2.548
1.224
1.324
1.224
3.672
2.948
3.672
2.648
1.224
0
1.324
1.224
2.448
3.872
3.672
1.224
3.872
3.672
2.448
4.996
4.896
2.448
3.672
1.524
2.848
3.672
1.224
2.448
2.448
1.224
2.448
3.772
2.448
2.448
3.772
2.748
2.548
1.224
2.448
2.448
3.672
2.548
3.772
3.672
2.448
2.448
1.224
3.772
2.448
1.224
2.548
2.448
2.548
3.672
2.448
3.672
2.448
2.448
3.672
3.672
3.672
2.448
2.548
2.448
1.224
2.448
5.708
4.284
1.224
1.224
3.672
1.224
3.972
2.548
3.672
2.448
1.324
3.672
4.384
1.224
2.848
1.224
2.448
4.384
1.424
3.06
2.448
3.772
2.648
2.448
3.672
3.26
2.848
5.508
1.224
1.224
1.224
2.448
3.26
4.996
2.448
2.448
3.672
1.224
3.672
3.672
4.896
1.224
1.224
2.448
2.448
3.772
3.672
1.324
5.708
1.324
1.224
1.224
3.672
3.672
2.548
2.548
2.448
1.224
5.096
3.772
2.448
3.672
4.896
2.448
4.484
3.672
2.448
2.648
2.548
2.448
2.448
2.448
3.972
3.672
3.672
2.448
1.224
3.672
3.672
3.672
2.448
1.224
4.996
1.224
1.324
2.548
1.224
2.448
3.672
3.672
1.324
2.548
2.448
3.872
3.772
5.508
1.224
1.224
1.224
3.772
2.548
1.224
1.324
2.448
3.672
2.448
1.224
3.672
1.224
2.548
2.448
2.448
2.448
2.548
2.548
2.448
3.672
2.448
1.224
3.672
2.448
2.448
1.224
2.448
2.448
2.548
1.324
2.448
2.448
5.608
1.224
3.26
2.448
3.672
1.224
2.548
2.648
2.448
3.672
2.448
1.424
1.224
2.448
2.448
2.648
1.224
3.672
2.548
2.448
3.672
1.224
3.672
2.448
2.748
2.448
2.448
2.448
1.224
3.772
2.548
2.648
1.224
1.424
3.06
1.224
1.424
3.772
3.672
2.448
1.224
1.224
3.672
2.448
2.448
3.672
3.772
1.224
1.324
3.672
1.224
2.448
5.508
2.448
3.672
2.448
1.224
2.448
2.548
3.872
1.224
2.448
2.548
2.448
1.224
1.224
2.448
2.548
2.448
1.224
1.224
1.424
2.448
3.672
2.448
3.672
2.448
1.224
3.972
1.224
3.872
2.448
2.448
3.672
1.224
2.448
4.896
1.224
3.672
4.284
3.772
3.772
3.772
3.06
4.896
2.548
2.448
3.772
1.224
2.448
2.848
1.224
3.672
2.448
2.448
4.996
2.448
1.224
3.872
1.224
2.448
3.672
2.548
1.224
3.672
1.224
5.508
3.772
3.672
2.648
2.448
3.772
4.896
1.224
1.224
2.748
2.448
1.224
3.672
2.448
3.672
2.448
2.448
1.224
2.448
3.872
2.448
2.448
1.324
3.672
4.684
2.548
1.224
1.224
1.224
2.448
3.672
2.448
1.324
2.448
1.224
3.672
2.448
3.672
5.508
3.672
2.448
2.448
3.772
2.448
4.384
3.772
4.284
3.672
3.672
3.672
2.648
2.448
1.224
2.548
3.672
3.672
3.672
2.448
4.896
1.424
3.772
1.424
1.224
2.448
4.896
3.672
1.224
2.448
2.448
2.448
2.448
3.672
2.748
3.772
1.224
3.672
2.448
1.224
3.772
3.672
3.672
1.224
2.448
2.548
3.672
1.224
3.672
3.672
2.448
2.648
2.548
2.548
2.648
2.448
3.672
2.448
3.672
1.324
3.672
2.448
2.448
3.872
3.772
1.224
2.448
2.548
2.448
1.224
3.772
2.448
3.772
3.672
1.224
3.672
3.672
3.672
3.672
2.448
2.548
2.448
3.672
2.448
2.448
4.996
3.672
1.324
4.996
1.224
3.06
1.224
1.224
3.672
2.448
2.448
3.872
3.672
1.224
3.672
1.224
1.224
1.224
1.224
1.224
2.448
2.448
3.672
3.672
3.772
4.996
2.648
1.224
3.672
3.772
3.672
3.972
3.672
1.224
3.672
5.096
2.448
1.324
2.448
2.448
2.448
2.548
2.448
4.684
1.224
1.224
5.196
2.448
3.672
4.896
2.448
8.132
3.672
2.448
3.772
2.448
1.224
1.224
3.672
2.448
2.548
2.848
2.448
2.448
2.548
2.448
1.224
2.448
2.548
3.772
3.672
1.224
1.224
2.448
3.672
1.224
2.548
3.772
1.224
1.224
1.424
3.772
2.448
2.448
2.448
3.772
4.484
2.448
1.224
2.448
4.284
2.448
2.448
4.896
1.224
3.872
2.448
1.224
2.448
2.448
3.872
3.872
2.548
4.896
2.448
4.896
2.448
4.896
3.872
3.772
4.896
5.096
2.648
4.484
3.872
4.896
4.072
4.996
3.672
3.672
2.448
2.448
2.448
3.672
2.548
4.896
4.284
3.672
3.672
3.672
3.672
3.872
3.772
4.996
2.448
1.224
1.224
1.224
2.448
2.448
4.272
3.672
3.672
3.672
3.672
2.448
3.672
2.448
2.448
2.748
3.672
3.872
3.672
3.672
2.548
2.448
2.448
3.672
3.672
3.972
2.548
2.448
2.448
4.896
4.284
3.672
3.872
2.648
4.284
3.772
3.672
3.872
3.672
1.224
1.224
4.896
3.36
1.224
4.284
4.584
4.484
0.1
1.224
1.224
1.224
1.224
2.548
4.284
1.224
2.448
0
0.2
0
1.224
0
2.548
2.448
4.584
2.448
0
0
0
1.224
0
1.224
1.224
1.224
0
3.06
0
0
1.224
0
2.548
1.224
0
1.224
0
1.224
1.324
1.224
1.224
0
1.224
1.224
0
1.224
1.324
0
1.224
0
0
1.224
1.224
1.324
1.224
1.424
0
1.224
0
1.224
0.1
1.324
0
0
1.324
1.224
1.324
0
0
2.448
2.448
1.224
1.224
0
0.1
0
0
1.224
0.1
1.324
1.224
1.224
0
1.424
1.224
0
2.448
1.224
1.224
1.424
2.548
2.448
2.448
0
1.224
3.672
1.224
1.224
2.448
1.224
1.324
0
0
1.524
1.224
1.224
1.224
1.324
0
1.424
1.324
1.224
3.672
0
1.224
1.224
1.224
0
0
1.324
1.224
1.224
2.448
0
2.548
1.224
1.224
1.224
1.224
1.424
2.548
0.1
1.224
1.224
1.524
1.324
1.224
2.648
1.224
1.224
1.224
0
1.224
1.224
0
1.224
1.224
1.224
1.224
0
1.224
0
2.448
1.224
1.324
2.448
1.224
0
1.224
1.224
1.224
0
1.224
1.224
1.224
1.324
1.224
1.324
0
1.224
0.1
0.1
0
1.224
1.224
4.384
2.448
2.548
0.3
1.324
0
1.224
0
0
0
0
1.224
1.224
1.224
0
1.324
1.224
1.324
3.06
2.448
1.224
1.224
0
1.224
0.1
0
1.224
1.224
1.224
1.324
1.324
2.548
2.548
1.224
1.224
1.524
1.224
0
1.224
1.224
1.224
1.224
1.424
1.224
0.1
0.2
1.224
0
1.224
1.424
1.224
1.224
1.224
0
3.772
1.224
1.224
1.224
0
1.224
1.224
0
0
1.224
0
1.224
2.448
2.448
2.648
1.224
0
2.648
1.224
1.224
0.1
0
0
1.224
1.324
0
0
1.224
1.224
0
2.448
1.224
1.324
1.224
2.448
0
1.324
0
1.324
1.324
1.324
1.224
1.324
0
0.2
1.324
2.448
1.224
1.224
1.224
1.224
1.324
1.224
2.448
2.448
0
1.224
2.448
1.224
1.224
2.448
1.324
1.224
1.324
2.448
1.224
1.224
0.1
0
1.224
1.224
1.324
1.224
1.224
0
0
0.1
0
0
1.324
0.1
1.224
1.224
1.224
1.324
1.224
1.224
1.224
0
0
1.224
2.448
1.224
2.448
1.224
2.448
0
2.448
1.324
1.224
0
1.224
0
2.448
1.224
1.224
2.448
1.224
0.1
2.548
0
0
1.224
1.424
1.224
1.224
1.224
1.224
1.224
2.448
0.1
1.424
0
0
1.224
1.224
0
0
1.224
0.2
1.324
0
0
2.448
0
1.224
3.772
1.224
1.224
1.224
0
2.448
1.224
1.224
1.224
0
0
1.224
0
1.224
2.448
1.224
1.324
1.224
2.448
0
1.224
1.224
3.672
1.224
1.224
1.224
2.448
0
1.224
2.448
1.224
1.224
1.324
1.224
1.224
0
1.224
0
2.448
1.224
0
1.424
1.524
1.224
1.224
1.224
0
0
0
2.548
0.1
2.548
1.224
0
3.26
0
0
0
3.672
2.448
0
0
1.224
1.224
0
0
1.224
1.224
0
0
1.224
0
1.224
1.224
0
0
1.224
1.224
1.224
0
1.224
1.324
1.324
1.224
1.224
0
1.224
2.448
0
0.1
2.448
1.224
3.672
0
1.324
1.224
0
1.224
1.224
1.324
0.1
1.224
0
0
2.448
1.224
1.224
2.448
1.224
1.224
0
1.224
1.224
2.548
1.224
2.448
2.548
1.224
1.224
2.448
1.224
1.224
1.424
1.224
0
1.324
1.224
1.224
1.324
1.224
1.224
1.224
0
0.1
0.2
1.224
0
0
1.224
0
1.224
1.224
2.448
0
1.324
1.224
0
1.224
0
0
1.224
0
2.548
1.224
1.224
0
0
0
1.224
1.324
0
1.224
1.224
0.1
2.448
1.224
0
1.224
0
1.224
2.448
0
0
0
0
2.648
1.324
1.224
0
1.224
1.224
2.448
0.1
1.224
2.448
3.772
1.224
1.224
1.224
1.224
2.448
1.224
0.1
2.448
2.448
0
0
2.548
1.324
1.224
1.224
1.224
0.2
1.224
1.224
1.324
0
1.224
0.1
1.224
1.224
0
0
2.448
1.324
1.224
0
1.324
0
1.224
1.224
2.448
1.224
0
0.1
1.224
3.672
0
1.224
0
0.1
0
2.548
3.672
2.448
2.648
1.224
0
0
0.2
0
1.224
0
0
0
0
1.224
2.548
1.224
1.224
1.224
2.448
3.672
1.324
0
2.548
1.224
0
0.1
0
2.448
3.672
0
1.224
1.324
1.224
1.224
2.448
1.224
1.224
0
2.448
1.224
1.424
1.324
1.324
0
1.324
1.524
3.672
1.224
1.224
2.748
1.224
0
2.448
1.224
1.324
0
0
0.1
0
0.1
2.448
0
0
1.224
0
0.3
2.448
0
1.224
0
1.324
1.324
1.224
1.224
0
0
0
1.324
1.224
0
1.224
0.2
1.324
1.224
1.224
0.4
1.324
1.224
0
1.224
1.324
1.324
0
0
1.224
1.224
0
1.224
1.224
1.224
0.1
0
1.224
0
1.224
1.224
3.672
1.224
1.224
1.224
1.224
1.224
0
1.224
1.224
0
1.224
2.448
1.224
1.224
0
1.224
2.448
0
1.224
1.224
1.224
1.324
2.448
0
0
1.224
1.324
0
0
0
1.224
2.548
2.448
2.548
1.224
2.448
1.224
0.1
0
0
2.448
1.224
1.224
2.448
0
1.224
0
1.224
0
1.224
1.424
1.224
1.224
0
1.424
2.448
2.648
1.324
2.448
1.324
1.224
0
1.324
0
2.448
2.448
2.548
2.448
2.448
1.224
1.224
0
1.424
1.224
1.324
0
1.224
0.2
0
1.224
0
0
1.224
0.4
0
3.06
0
1.224
1.224
2.448
0
0
1.424
1.324
1.224
1.224
1.224
1.224
0
0
2.748
1.224
2.448
0
1.424
1.324
1.424
1.224
3.06
0.4
2.648
2.548
0.1
3.06
1.324
0
0
2.448
1.224
0
1.224
0
2.448
0
1.324
2.448
2.036
0
2.448
2.448
1.324
1.224
1.324
1.224
1.224
1.836
1.224
0
2.448
2.648
2.448
0
2.448
1.224
1.224
0
2.448
2.448
1.324
1.424
1.836
1.224
2.448
0
3.672
4.896
2.548
3.672
1.224
2.448
3.772
5.708
4.896
5.508
5.196
1.224
2.448
2.448
2.548
0
1.224
1.836
0.5
0.1
0
1.324
1.424
1.324
