0.9
0.7
5.772
5.084
4.172
0.2
0
1.224
0
0
0.3
1.224
0.3
1.2
1.3
0
0
1.224
1.324
1.324
2.448
2.748
1.224
1.224
2.336
1.324
1.524
3.672
4.896
3.672
1.324
2.448
1.7
0.1
0.4
0.5
0
0.1
0.1
0.2
0.1
2.924
0
0
0
1.224
0.3
0.5
0.2
2.648
1.324
0
3.048
0
0
1.224
0.2
0
0
2.324
0.7
0.1
0.2
1.924
0.6
0.2
0.2
0
1.624
1.3
0.2
1.724
0.3
0
3.024
0.5
0
0.4
0
0
3.248
0
1.224
0
0.1
0
0
0
1.224
2.224
0.1
1.524
0.4
0
0
1.424
1.524
0
1.224
1.224
0
0.5
0.3
0
3.06
0.1
0.1
1.4
0
0.1
0.5
0.1
0
1.224
0.1
0.5
0.1
1.424
0
0
2.8
0
1.324
0.5
0
0
0
1.224
0
1.424
0.3
0
0.2
0.1
1.424
0.5
1.324
1.424
1.424
0.7
0
1.524
0
1.424
0
0
1.424
0.4
0.1
0
1.324
0.3
0.1
0
0.4
0.4
0.1
0
1.1
0.1
0.1
0
0
0
0.1
0
1.224
0.1
0
4.024
0
0.5
1.224
0.1
1.224
2.748
0
0
2.548
0.3
0.2
1.524
0
2.548
0.4
3.348
1.424
1.324
0
2.548
0.9
1.324
0.3
1.524
1.524
1.324
1.224
0.1
1.224
1.724
0.4
1.324
0
1.624
2.1
0
0.2
1.824
2.848
1.324
2.448
0.3
2.724
0
0
2.5
0
0.9
0
1.224
0.1
2.648
3.748
3.772
3.672
2.948
2.448
2.448
4.472
2.448
4.072
3.672
1.224
1.836
4.584
0
4.248
1.424
1.224
1.524
1.836
1.824
3.86
1.224
0
1.224
0
1.224
1.324
4.536
1.324
0
1.224
0
1.324
1.224
0.1
0.5
2.648
1.524
5.608
0
0.2
0.2
2.448
0
0.8
2.548
1.324
3.672
0
0.3
1.324
2.448
1.2
1.224
2.548
0.2
1.224
0
2.448
1.324
3.872
3.672
4.072
0.1
1.324
1.224
2.548
2.548
2.448
3.672
0
1.1
0
0
1.224
0.2
0.1
0.1
1.324
0
0.2
0.3
0.2
0
0.5
0.4
1.224
0.2
3.36
0
1.224
1.224
1.224
2.748
0
1.224
0
1.324
0
0.2
0.3
0.2
0.3
0
0
1.224
0
0
2.824
1.224
1.224
3.66
3.36
0
0
0
1.2
0
0
1.224
2.3
0.1
0.3
3.96
1.524
4.684
0.3
0
1.524
0
1.1
2.9
1.224
2.036
0
0
1.324
1.724
1.524
0
1.324
1.224
1.224
0
3.06
2.448
2.036
2.548
2.448
1.224
4.384
3.16
1.224
0
2.324
0.1
0.1
0.2
2.748
4.048
2.448
0
2.448
1.624
3.772
3.048
1.324
3.06
1.224
3.672
7.184
2.448
4.684
1.324
0.1
2.548
1.224
2.448
3.672
5.808
1.224
2.648
2.448
3.672
3.872
3.672
6.308
3.672
3.524
2.948
2.848
2.448
3.872
1.524
1.224
2.448
2.648
1.324
3.672
4.072
2.548
3.248
1.224
5.908
2.448
2.448
6.708
5.608
4.284
1.224
4.484
3.86
8.032
3.248
1.224
1.824
2.948
2.848
5.508
2.648
2.448
2.448
2.848
5.608
2.448
2.448
5.908
2.548
2.548
1.224
2.448
3.148
1.324
2.548
3.048
2.548
3.06
7.708
2.848
2.448
2.448
4.66
5.908
1.224
2.024
4.748
2.124
2.448
3.048
2.724
1.324
4.384
4.472
2.648
2.648
2.448
1.524
2.848
2.448
1.324
1.224
1.424
2.648
1.224
3.772
4.784
2.948
2.448
1.224
2.448
5.808
6.008
2.648
2.448
2.448
3.672
5.496
3.672
1.524
2.748
4.66
1.224
3.16
2.448
5.608
5.384
2.648
2.448
1.224
3.972
3.872
2.448
3.772
5.808
2.648
2.448
5.808
1.224
2.824
2.448
1.224
5.508
2.548
5.196
6.784
2.448
3.672
1.224
3.672
4.272
4.172
2.448
1.224
3.872
1.224
1.224
2.548
1.424
2.948
2.448
2.548
2.548
4.684
2.748
6.208
4.772
3.672
1.224
2.448
1.424
5.808
2.748
1.224
3.36
2.548
4.172
2.548
1.324
2.748
1.324
1.224
1.224
1.524
2.448
3.448
5.284
3.872
3.672
2.448
1.624
2.448
4.284
2.548
2.448
2.448
3.672
2.548
2.324
2.948
2.448
2.448
1.224
1.224
2.448
3.672
1.224
2.548
4.484
2.848
3.772
1.224
5.184
1.324
1.224
2.548
2.448
2.548
3.672
1.224
2.448
4.272
1.224
3.672
2.548
2.948
2.848
2.448
2.448
1.224
2.848
6.608
1.324
1.324
6.484
1.224
3.06
2.924
4.072
3.672
2.648
3.26
1.424
4.484
2.448
4.484
7.132
4.172
3.06
3.16
4.484
4.284
4.684
2.448
3.772
5.508
2.548
3.16
5.508
2.548
6.832
1.224
1.224
4.884
2.448
1.224
3.76
2.448
4.984
1.324
1.224
1.224
3.76
3.772
4.896
3.872
6.832
2.448
1.524
5.072
3.26
5.496
4.484
2.548
2.448
1.224
4.384
3.772
1.224
3.672
3.872
3.972
3.772
5.084
1.224
3.672
2.748
5.584
4.272
3.26
4.384
2.948
1.224
6.732
2.548
3.672
3.872
4.484
1.724
3.872
3.06
2.548
2.848
2.448
3.36
2.548
1.424
3.672
3.672
4.896
4.784
2.448
2.448
3.672
2.948
1.224
2.848
4.884
1.324
5.808
1.224
3.672
2.448
1.224
1.224
2.448
3.772
2.448
2.548
1.224
3.772
4.384
1.424
1.224
3.16
1.224
3.772
5.508
2.548
2.724
2.448
3.46
6.832
2.548
5.608
2.448
5.508
4.384
2.448
3.972
4.984
3.248
3.048
2.448
3.772
3.772
4.284
4.584
1.224
1.624
6.008
3.148
2.448
3.872
2.448
3.672
3.924
4.072
1.624
1.424
1.824
4.896
2.448
1.224
2.548
3.672
2.448
4.272
2.448
3.048
4.072
1.224
2.448
2.448
1.224
3.772
5.096
3.772
1.224
4.384
4.284
3.772
1.224
2.448
5.608
2.448
4.072
1.324
2.948
2.648
3.872
7.532
2.548
2.948
3.16
3.772
2.548
3.148
4.048
3.772
1.224
4.284
2.448
2.548
1.224
2.748
1.224
5.708
3.772
1.224
3.972
5.508
5.508
5.096
2.448
2.648
2.548
3.672
3.872
2.448
3.972
5.608
4.584
3.772
1.324
1.224
1.224
1.224
3.772
1.224
1.224
4.684
5.608
1.324
5.508
1.324
1.224
1.324
1.224
3.06
1.224
2.448
3.872
3.672
2.448
3.772
2.448
1.224
2.548
2.448
2.448
4.272
3.772
3.16
5.196
4.472
1.224
1.324
2.448
3.972
3.972
2.848
2.448
2.948
1.924
2.448
4.672
1.224
3.672
3.672
2.448
3.772
5.608
2.548
15.932
5.16
4.284
1.324
5.608
2.448
5.508
2.548
2.648
2.948
5.608
2.448
1.524
2.448
4.284
5.596
3.672
3.248
3.06
2.448
2.448
1.224
1.224
2.448
2.448
2.548
3.46
2.448
1.224
1.424
4.348
4.884
2.748
1.224
2.024
4.284
2.448
1.224
3.148
3.772
1.624
4.672
3.772
1.524
1.224
2.448
6.308
6.608
2.848
4.896
4.384
3.672
3.772
3.772
4.872
2.548
5.472
3.772
4.172
1.324
5.808
3.672
3.348
3.772
3.972
3.872
3.772
3.772
3.672
7.132
3.672
3.672
2.448
7.032
7.032
6.732
4.272
3.248
2.548
3.772
1.224
1.224
1.224
3.26
2.648
4.784
4.372
5.908
4.272
3.672
3.148
2.448
2.448
4.284
3.772
4.584
2.448
3.248
2.748
3.672
2.848
3.872
3.772
3.972
3.672
2.548
3.672
5.508
1.224
4.896
1.224
4.896
5.696
3.972
3.672
4.896
3.772
5.596
2.548
4.384
4.284
5.396
3.96
1.224
2.448
4.348
2.648
4.46
2.448
1.324
2.448
0.2
1.524
4.484
0
2.448
1.836
2.5
1.224
1
0.2
2.548
4.384
1.824
2.448
0.2
0.2
0.2
1.324
0
0.5
1.224
0
0
1.224
1.224
1.224
1.224
0
3.224
1.224
0.5
1.324
0
0
1.424
0
0
0
1.324
1.224
0
1.924
0
2.136
1.424
0
0
1.324
1.224
1.224
1.424
5.024
0.1
1.424
0.1
1.224
1.8
2.548
0
0
2.224
1.324
0
1.936
0
1.224
2.448
1.824
1.424
1.5
0
0
0
0.1
0.3
0.3
1.224
1.324
0.6
1.324
1.824
0.1
1.724
2.448
1.224
0
3.048
1.224
1.424
0.1
0
2.548
1.324
1.324
1.224
1.224
1.424
0.1
0
2.824
1.524
1.224
0
1.624
2.036
2.624
0.2
1.224
2.548
0.1
0.2
0
0
0
0.2
0.5
1.324
2.448
1.324
0
2.024
1.224
1.224
1.224
0
0.1
1.324
0.2
1.224
1.224
1.824
1.624
1.224
1.224
0.7
1.224
1.424
0.2
1.224
1.224
0.1
0.3
0.1
1.224
2.848
0.1
0
0.2
1.424
0
1.424
1.324
1.224
0.4
0.1
1.224
0
0.4
1.224
1.324
1.524
1.224
1.824
2.224
0.2
1.224
1.4
0.1
0.1
1.424
1.724
1.424
1.424
1.524
1.9
0.2
0.1
1.424
0
1.936
0.1
0.5
1.224
1.324
1.224
0
1.524
1.524
0
2.448
1.224
0
1.324
1.1
1.224
1.2
0
1.524
0.1
0.2
1.324
2.948
1.624
2.748
1.324
1.224
2.4
1.224
0.1
2.548
0
1.224
1.224
0
0.1
0.3
0.7
0.1
0
1.324
1.524
1.324
1.424
1.724
0
2.748
1.724
1.224
1.224
0.3
1.324
1.224
0
0
1.224
0.1
1.224
1.224
1.424
1.624
1.324
0
1.624
0.5
1.424
0.2
0
0.2
1.224
2.2
1
0
0.1
0.3
0
1.224
1.324
0.1
1.424
2.748
0
0.2
0
0.3
0.2
1.224
0
1.324
0
0.7
1.1
1.224
1.324
2.448
0
1.424
1.524
1.224
2.448
1.324
0
1.424
1.224
1.224
1.924
1.424
1.624
1.224
1.224
1.224
0
1.224
0.2
0
1.224
1.224
1.324
1.724
0
0.2
0.1
0.8
0
0.2
1.724
0.4
2.548
0.6
1.324
0.6
0
1.224
2.324
0.5
0.1
0
2.448
0
1.324
2.448
2.948
0.2
1.324
0
1.524
0.2
1.224
0.3
1.324
1.324
1.224
1.224
1.324
0.4
1.424
0
0
0
1.724
1.324
1.324
0.4
1.324
1.224
1.224
0.3
0.2
0
0.1
1.324
1.524
0.1
0.8
1.424
0
0
0.2
0.1
3.672
0
0
2.448
1.324
1.224
1.324
0.2
1.224
1.324
1.324
1.224
0.5
0.1
1.324
1.2
0
1.224
0
1.224
1.424
2.448
0
1.224
1.324
2.448
1.224
1.224
0.1
2.848
0
0.1
1.424
1.324
0
1.224
0.1
1.324
0.2
0
2.036
1.224
1.224
0
1.824
1.424
1.824
0
1.324
1.936
0.3
0
2.948
0.5
2.548
1.224
0.8
2.024
0.7
0.2
0
2.548
2.448
0.2
0
1.224
1.424
0
0
1.224
0
1.324
0.3
0
0
1.224
1.224
0.2
0
1.224
2.448
1.224
0.4
2.848
3.824
1.424
0.3
1.824
0
0
1.324
0.1
0.2
2.548
1.324
2.548
0
1.524
1.324
0.2
1.224
1.224
1
0.1
1.224
0.4
0.2
1.424
0.7
0.4
1.424
0.2
1.524
0.2
1.224
1.224
2.124
0
1.224
2.548
1.324
1.224
1.424
1.224
0
2.124
2.948
0
1.324
0
0
1.224
0
1.224
0
0.3
0.8
0.7
1.324
0
0.3
1.224
0
1.324
0.1
1.224
0.9
1.224
0
0.1
1.324
0
0.1
1.224
0
1.424
0
0
0.2
0
0
1.224
1
0
0
2.024
0.8
1.324
0
0.2
1.324
0
1.224
2.448
1.836
0.2
0
0
1.224
2.624
1.224
0.1
1.224
0
2.548
0.1
1.424
1.424
2.448
1.224
0
1.424
1.424
1.524
1.224
0.1
1.324
2.648
0
0
1.224
0
0.1
1.224
1.424
0.2
1.224
0.4
2.424
0.5
1.524
0.1
2.548
1.224
0.2
0.1
1.324
1.224
1.224
0.1
1.224
0.6
0
0.1
1.624
1.324
0
0.3
1.324
2.648
0.5
1.224
0
0
0
1.224
2.748
1.524
1.524
1.224
0
0
0.4
0
2.024
0.2
0
0.2
0.8
1.324
1.924
1.524
1.224
2.448
1.224
2.448
1.224
0
2.648
1.224
0
0.1
0
2.548
2.448
0
1.424
0.1
0
1.224
1.324
0
1.224
0
2.748
0
1.6
0.1
0.2
0.2
0.2
2.124
2.548
0
0.1
4.572
1.324
2.136
2.748
1.624
1.424
0.3
0.2
0.1
0
0.2
2.748
1
0.8
2.024
0.1
0.9
2.548
0
1.324
0.1
1.424
1.424
1.324
0.1
0.3
0
0
1.324
1.324
0.1
1.324
0.4
2.324
1.224
2.548
3.1
1.424
1.324
0
1.224
0.2
2.524
1.4
0
1.924
1.324
0
1.824
0.1
0.5
0.5
0.3
3.76
0.5
1.424
1.724
4.548
1.324
1.324
1.224
0
1.624
0
1.324
1.224
0
1.224
2.948
1.324
1.424
0
1.424
3.148
0.6
1.324
0.1
1.224
0.3
1.324
0
0
3.648
2.748
0
0.3
0
1.224
1.424
1.324
1.824
1.224
1.524
1.524
0.9
0
0.1
1.224
1.324
1.924
1.424
0
1.824
1.8
1.224
0.5
1.424
0.2
0.2
1.324
0.1
1.824
1.624
1.324
1.524
1.624
1.624
2.224
0.1
1.624
0
2.948
2.848
2.448
4.284
2.448
0
2.448
0
3.348
0
0.1
0.1
1.524
0.6
0.1
1.224
0
0.6
0
1.9
0.3
2.648
0
0
0
4.284
0
0.1
1.624
4.284
1.224
0
1.224
4.384
0
0
5.848
2.648
1.224
3.06
2.124
3.86
1.5
2.524
0
2.1
4.372
2.448
0
1.224
3.16
1.936
2.336
1.224
0
1.324
1.324
0.1
1.224
3.06
1.424
3.672
0.3
1.924
2.548
2.548
3.36
1.224
1.424
2.448
0
1.224
1.224
0
3.348
2.548
3.772
0.1
1.224
1.324
1.224
0
5.884
2.448
2.848
1.624
0
0
2.448
2.036
4.996
4.896
2.648
5.908
1.324
2.648
4.896
2.448
4.896
2.448
3.972
0
2.448
3.06
1.224
0
0
0.5
2.7
0
0.2
3.148
2.324
2.848
