2.124
0.7
4.824
3.66
2.648
0.3
0.3
0.1
1.624
0
1.424
0.3
1.724
1.9
1.5
0
1.224
0
0.2
0.4
0.1
0.3
0
0
3.66
0.2
0.3
2.124
1.524
1.424
0.1
1.224
3.824
1.324
1.524
1.624
1.424
1.724
0
2.124
1.424
3.4
0.1
0.1
0
0
0.3
1.724
1.624
1.424
0
0.1
2.224
1.424
0.1
0
2.848
1.524
1.324
1.6
3.224
1.324
0.3
1.7
1.5
1.724
1.224
1.424
0.5
2.924
2.124
4.448
2.648
1.424
3.3
2.924
1.224
1.3
1.224
1.324
1.3
1.224
0.1
1.224
0
1.224
1.224
0
0
2.824
1.524
0.1
1.624
1.424
1.224
1.824
1.724
2.448
0
0
0.1
2.224
1.724
1.224
1.836
1.324
1.224
3.1
1.324
1.424
3.248
1.224
1.324
1.224
0.3
0.6
1.624
1.524
1.324
1.224
5.624
0
0.1
3.448
1.324
1.224
1.324
0
0.1
2.224
1.624
0.1
1.624
0.2
0.8
1.7
0.2
1.324
0.7
0.9
1.724
1.324
1.224
0.2
1.224
1.224
0.4
1.724
1.424
1.224
0
1.324
1.324
1.324
2.424
1.824
1.424
0.5
2.024
0.2
1.424
1.224
1.224
1.224
0.3
1.224
0.1
2.448
0.4
4.5
2.648
3.048
1.324
1.324
1.424
1.3
1.324
1.324
0
2.124
2.024
2.024
0
1.224
0.2
2.024
1.4
1.224
1.524
1.424
0.9
1.824
1.324
2.224
1.624
0.7
0
1.524
2.448
0.4
3.148
0
0
2.124
4.924
1.324
1.224
1.724
0.5
1.324
0
1.924
1.3
1.224
1.224
5.324
1.524
2.624
0
1.324
1.224
0.1
3.024
1.324
1.324
1.824
1.224
1.424
1.924
3.672
1.724
1.224
1.324
1.836
2.236
0.2
4.324
0.1
0
0.4
1.836
1.1
3.136
1.324
1.324
0.1
1.224
1.224
0
4.336
0.1
1.224
1.424
1.224
0
0
1.224
1.624
0.2
0.2
1.936
2.448
1.324
0.3
0
2.548
1.2
0
1.224
0
1.224
1.724
1.424
0.2
2.324
0
0.1
1.424
2.648
2.448
2.448
2.448
3.248
1.224
2.748
1.224
0.3
0.2
1.624
0.1
0
1.224
1.224
2.224
0.1
0
0.2
0.1
1.424
1.324
0.4
2.648
0.7
0.7
0.1
1.224
1.624
2.948
0.2
2.948
3.96
1.224
1.524
0
0
0.5
1.224
0
0
0
1.224
0.1
1.924
0.6
1.424
1.324
1.324
0.1
0.1
1.224
1.4
1.224
0
2.736
2.236
1.224
0
0.2
3.024
1.224
1.224
1.224
3.824
1.324
1.624
2.836
1.524
2.036
0.4
2.548
1.324
2.548
3.424
4.224
0.1
2.136
1.224
1.424
0
3.248
1.324
0
1.224
1.224
1.324
0.3
1.836
1.224
2.036
0.1
0
0.1
2.136
1.936
0
1.224
2.224
0.1
0.2
0.4
0.2
1.7
1.224
1.224
1.224
2.324
1.324
3.248
2.648
3.36
1.224
2.748
6.06
2.448
3.46
0.1
0
3.148
2.448
1.224
1.224
3.36
2.448
2.948
2.548
2.448
2.448
2.448
3.96
1.224
4.624
2.124
4.272
1.324
1.524
2.548
2.748
1.224
2.648
2.548
1.224
1.424
1.424
2.524
2.548
3.56
1.324
3.772
4.66
3.66
4.684
3.872
3.26
3.76
4.26
2.024
2.548
5.072
1.824
2.848
3.16
1.924
2.448
2.448
1.724
3.26
2.448
2.448
4.16
1.424
1.424
1.224
1.224
2.948
2.548
2.548
1.824
2.548
3.16
5.26
1.624
2.548
1.524
4.56
3.56
2.648
2.124
3.424
2.624
1.224
2.724
3.548
1.324
4.484
2.324
2.024
1.724
2.448
2.024
2.324
2.448
1.224
2.448
1.524
1.924
1.224
2.448
4.784
1.724
2.448
2.448
2.448
3.36
4.684
1.324
1.224
1.224
1.324
1.924
1.424
1.324
3.048
3.86
2.448
3.16
2.548
3.16
4.46
1.224
2.448
2.448
2.848
1.724
1.224
1.224
4.684
1.424
2.448
3.56
2.448
4.548
1.224
3.672
3.16
1.224
1.924
6.184
2.448
1.224
2.448
1.224
2.024
2.124
2.448
1.224
2.448
2.448
2.748
1.424
3.148
2.124
2.548
2.848
2.648
3.46
1.324
3.86
2.124
2.548
2.548
2.448
1.424
3.26
1.324
2.448
3.46
1.224
1.824
1.524
1.224
2.848
2.548
2.548
2.448
2.548
2.448
4.472
3.86
2.448
2.648
1.224
2.024
2.448
3.16
1.324
1.224
1.224
1.224
1.324
3.748
1.824
1.224
2.548
1.224
1.324
1.324
1.224
2.548
1.624
3.26
1.424
1.424
2.548
4.36
1.424
3.672
1.324
1.524
1.324
1.224
3.672
1.224
2.948
1.224
1.224
1.424
1.924
1.324
1.224
1.224
2.548
2.448
5.06
2.548
1.424
4.76
1.424
3.26
4.448
2.024
2.448
1.424
3.36
1.924
4.384
1.224
3.46
3.46
2.848
3.06
3.16
4.484
4.484
3.56
2.648
1.424
3.06
1.424
3.06
3.06
1.524
3.46
2.448
2.448
3.96
2.548
2.648
4.36
1.224
3.66
2.448
2.448
2.448
3.36
1.424
1.324
1.824
3.16
1.224
1.224
3.124
3.26
3.148
3.06
2.548
2.448
1.224
3.36
3.872
2.448
1.224
1.524
1.524
1.324
4.884
1.224
2.448
1.824
5.184
1.824
4.384
4.584
2.524
2.448
3.16
1.224
1.424
3.248
3.36
1.424
1.724
3.26
1.324
2.648
1.224
3.36
2.548
1.824
2.448
1.224
1.224
4.384
1.524
2.448
2.448
1.924
1.624
1.724
3.66
2.548
3.56
3.672
1.224
1.424
2.448
2.648
1.424
1.524
1.524
1.324
1.324
1.424
3.46
2.648
2.448
4.284
1.324
1.224
3.06
1.324
3.624
1.224
4.16
3.06
1.324
3.16
2.548
3.06
3.36
1.224
3.148
4.684
1.624
3.048
1.224
1.524
1.324
4.384
4.984
2.448
2.648
3.36
3.848
2.448
1.624
1.224
2.448
5.224
3.948
1.824
1.524
2.748
2.448
2.448
2.448
1.224
1.224
1.224
1.424
2.548
2.324
2.648
2.448
2.448
1.224
2.448
1.224
1.324
1.324
1.224
4.384
4.384
1.524
2.648
2.448
3.16
1.324
1.724
3.672
1.924
2.124
1.924
3.26
1.224
3.548
3.06
2.748
2.448
1.724
3.748
1.524
2.448
3.06
1.324
1.224
1.324
2.748
3.672
3.36
1.324
2.448
1.724
3.06
3.06
1.524
1.324
1.224
1.224
1.324
1.824
1.224
2.748
3.06
3.16
2.648
1.324
1.224
2.448
2.448
2.748
2.448
2.448
4.784
3.16
2.448
3.06
1.224
2.448
1.724
2.448
3.06
2.448
1.224
1.824
1.224
2.548
2.648
1.224
2.448
2.648
2.548
2.448
1.724
1.424
3.16
2.548
3.948
2.548
1.324
1.224
1.424
2.648
1.724
1.524
1.824
3.248
2.548
3.848
2.548
2.448
2.448
2.448
2.448
3.06
1.324
5.16
19.708
4.484
1.424
3.06
1.224
3.26
1.224
1.524
1.524
4.384
1.224
2.848
1.324
4.284
1.824
1.224
1.924
3.06
1.324
2.448
1.424
2.448
2.448
2.548
2.648
3.26
2.448
2.448
3.148
3.224
5.084
1.524
3.672
1.724
3.16
2.448
2.448
3.548
2.448
3.048
1.624
1.324
1.624
3.872
1.224
3.56
4.26
1.324
2.448
3.06
2.448
2.648
2.548
4.348
2.448
4.148
2.948
1.524
2.748
3.56
2.448
2.848
2.548
1.524
1.524
1.224
1.324
1.224
3.36
1.224
2.848
1.224
3.16
3.86
3.16
1.624
3.548
2.448
3.148
2.448
1.324
2.448
4.384
1.324
3.26
3.748
3.46
1.524
1.224
3.248
1.424
2.448
3.06
1.324
3.26
2.548
3.248
3.248
1.424
3.548
1.424
1.224
2.848
2.648
2.748
1.324
3.06
2.448
2.648
2.448
1.224
2.224
1.424
1.424
1.324
1.524
2.124
2.648
4.284
4.284
3.348
3.036
0
0.1
2.1
0.2
3.436
1.324
0.2
0
1.524
2.124
2.136
1.224
1.224
1.836
2.6
0.1
2.424
0.4
1.224
3.16
2.424
0
0.6
0.2
0.4
0.5
1.224
1.924
0.3
1.224
1.224
0.1
1.224
1.424
0
1.224
3.624
0.2
1.724
1.524
1.324
1.224
0.6
1.224
1.324
0
0.2
0
1.324
0.4
1.524
2.936
0.1
1.224
0.1
0
0
0.1
0.1
5.4
0.2
0.1
1.724
0.4
1.5
0.1
0.2
0.1
3.324
1.424
1.224
2.136
1.224
1.224
0
3.024
1.524
2.324
0.3
1.524
1.324
1.324
1.424
1.424
0.2
0.1
1.824
0
0.6
0.2
2.848
1.224
0
1.824
1.2
1.424
1.224
0.1
1.424
1.624
1.324
1.524
1.324
0
1.724
1.824
1.224
2.1
0.6
0
1.224
0.3
1.836
1
1.824
0.1
1.324
1.624
1.624
1.324
1.424
0.1
0.6
1.924
2.024
1.224
1.424
0
2.424
0
1.324
0.1
1.224
1.424
1.224
2.224
0.4
0.1
0.8
0.3
0.2
2.024
2.224
0.1
1.524
1.424
0
0
1.324
2.948
2.848
0.3
0.5
0.3
1.224
0.4
1.324
2.448
0.1
1.424
0
2.024
1.224
1.224
1.424
2.024
0.3
0.2
0.4
1.324
0.8
1.1
1.824
0
2.4
1.324
1.224
0.2
2.224
1.624
1.924
1.424
3
3.048
0.2
0
0.1
2.136
2.024
1.724
0.1
0
1.224
1.224
0.5
0.3
1.224
1.224
1.224
2.448
0.6
1.6
0
3.024
0
0.4
1.324
1.924
1.924
0.4
2.124
1.724
0.2
1.724
4.124
0.1
1.324
0.2
1.224
0.5
0.1
1.324
1.424
1.624
2.524
2.448
1.324
0.1
2.024
0.1
0.1
1.2
0
1.824
0.5
0.1
0
0.1
1.424
0
1.224
1.224
0.4
0.2
0.1
1.424
1.324
2.324
0.4
1.724
2.648
3.348
1.524
0.6
0
0.1
0
4.624
1.4
1.224
1.324
1.424
0
1.524
0.2
1.624
1
0.4
1.224
1.324
1.324
2.748
2.848
1.424
1.224
1.824
1.424
0.8
2.924
1.224
1.424
0
1.424
0
1.924
0
0
1.524
1.524
0.3
1.324
0.4
0.5
3.148
1
1.324
0.6
2.548
1.424
0
1.324
0.2
0.1
0.1
0.1
0.8
1.424
1.524
1.224
1.924
1.324
1.424
2.324
1.1
1.424
2.124
0.3
2.024
1.224
0
3.124
0.6
1.324
2.548
0.1
1.224
1.424
0.1
1.724
1.324
1.424
2.548
0.7
1.324
0
1.524
1.224
0.2
0
1.324
0.8
2.824
1.424
1.224
1.324
1.424
1.924
1.324
0.1
1.924
0.1
1.324
1.324
1.924
1.724
0.1
1.324
1.724
0.4
1.324
0.7
1.524
1.924
1.224
0
0.2
0
0.2
1.224
2.024
0.3
0.5
0
1.424
1.224
0.2
0.2
0.2
0.2
2.324
0.2
2.924
1.224
1.224
1.224
0.1
2.024
0
1.324
0
0
1.324
1.224
0
2.648
1.924
0.2
1.424
1.624
1.224
1.524
1.224
2.024
0.1
2.024
1.424
2.236
1.224
0.1
1.224
1.1
2.024
2.024
2.448
1.424
3.46
1.824
0.1
2.224
1.824
1.524
0
2.724
0.7
2.624
0.2
1.324
1.424
1.224
1.724
1.324
0.1
0.6
1.224
0.3
0.1
1.224
0.2
0.2
2.648
0
0.1
1.424
1.624
1.224
1.224
1.224
0.3
1.424
1.824
4.924
1
1.824
1.824
0
1.424
1.824
0.4
0.6
0.2
0.3
1.524
0
0.2
1.524
0.2
1.324
0.1
2.524
0
1.224
0.9
1.424
1.324
2.424
1.524
1.524
3.248
0.6
1.324
0
0
3.648
1.324
1.324
0.4
1.424
0.1
1.324
0.1
2.548
1.3
0.4
0.1
0.2
2.548
1.424
1.224
1.424
1.224
1.324
1.524
1.5
1.4
0.3
1.224
1.424
0
0
0.2
1.624
1.224
3.024
1.624
1.324
1.224
0.2
1.324
1.224
0.1
1.324
1.824
1.224
1.324
0.1
0.1
1.324
0
3.424
1.424
1.224
1.2
1.6
1.224
2.448
1.624
0.2
1.324
0
0.1
2.036
1.224
1.224
0
1.624
4.024
0
1.224
0
1.224
0.1
1.324
0
1.824
1.724
0
1.224
1.324
1.924
1.324
0.2
1.224
1.224
0.8
0
1.324
1.424
1.324
2.648
0
0.4
1.624
0
3.048
1.7
1.624
1.724
0.4
0.2
0
1.424
0.2
1.424
0
1.224
0
0
0.4
1.224
1.924
2.324
1.424
1.224
2.124
0.8
1.524
2.224
0
0
1.224
0.1
1.824
3.548
1.824
1.624
0.2
0
1.324
1.524
1.324
0.2
1.424
1.224
1.524
1.924
1.924
2.124
2.624
0.3
1.424
1.724
1.224
1.324
0
1.524
0
0.1
1.424
1.224
0.1
1.224
1.224
0.2
1.324
1.224
0
1.324
1.424
0.1
1.224
0.5
2.648
4.548
1.324
1.724
0.3
2.024
1.8
1.224
1.224
1.224
1.7
0.1
2.136
0.3
0.6
1.524
1.324
0.5
1.624
0.1
0.2
2.124
2.224
0.9
0.4
0.2
2.524
0.1
1.324
0
0
1
1.924
0
1.724
1.524
0.2
0
0.3
1.324
1.324
0
2.024
1.2
1.224
0.3
4.8
1.424
1.424
1.224
0.4
2.624
2.1
2.3
1.224
1.724
0.1
0
0.8
2.648
1.624
2.024
0.3
2.836
0.3
1.824
0.8
3.724
1.624
0.1
0
1.224
2.124
1.224
1.824
0
1.324
0
0.6
0.1
0.4
1.224
0.1
2.024
2.024
0.4
1.724
0.1
1.724
1.624
1.324
1.224
2.424
0.9
1.224
1.724
1.324
1.224
2.548
1.424
3.148
1.324
1.724
1.724
1.924
1.324
1.324
1.224
1.524
1.3
1.224
1.224
2.224
2.824
0
1.624
0
2.948
1.324
0.2
1.424
2.1
1.924
1.324
1.624
1.724
1
0.8
0.1
1.2
0.1
1.524
0.2
2.224
3.06
1.324
1.224
0
0
0.4
1.224
2.748
1.224
0.3
2.624
1.224
1.224
1.324
2.124
1.224
3.6
0.7
1.524
1.224
1.224
1.224
3.06
1.324
0.1
0.9
1.936
0.3
1.224
0.2
3.16
0.1
1.224
5.324
1.824
1.224
1.836
1.8
2.936
5.048
0.9
2.448
3.824
0.7
0
1.324
0.1
1.936
1.936
2.236
1.224
2.648
0.4
0
1.424
1.224
1.936
0.1
0
0.5
1
0
1.724
2.136
0
0.2
0
1.324
1.224
0.1
1.324
2.124
0.1
0
1.624
1.224
0.1
0
0
3.336
2.548
1.724
2.224
1.224
1.224
1.224
2.136
1.324
2.748
1.324
3.36
2.648
2.948
1.424
2.448
2.448
2.448
2.548
1.224
0.1
4.284
1.324
1.224
1.224
0.9
6.124
1.324
1.524
4.048
1.6
3.648
