0.3
0
4.172
2.548
3.772
0
0
3.06
0
0
0
1.224
0
0.2
0.5
1.836
0
1.224
1.224
1.224
2.448
2.448
1.224
1.224
0.1
1.224
1.524
3.772
4.896
3.672
3.06
2.448
0.2
0
0.4
1.936
1.836
0
0
0
0.2
1.824
1.836
0.1
0.1
1.224
0.1
0
0.2
2.648
1.324
0
2.448
0
0
3.06
0.2
0
0.1
1.524
0.5
0.5
0
1.624
0.1
0.2
0
0
1.324
0.4
0.2
1.624
0.2
0
2.124
0.5
1.836
0.1
0
0
2.548
0
1.224
0
0
0
0
0
1.224
1.624
0
1.324
0
0
0
3.36
3.26
0
1.224
3.16
0
0.3
0.2
0
3.06
0
0.1
0.2
0
0
0.2
0
0
1.224
0
0.2
0.2
1.324
0
0.1
0.9
0
1.224
0.2
0.1
0
0
1.224
0
1.524
0.2
0
0.1
0.1
1.324
0.1
1.324
1.224
1.324
0.6
0.1
1.224
0
1.424
0
0
1.324
0.1
0
0
1.224
0
0
0
0.1
0.1
0.2
0.1
0.5
0.1
0.3
0
0
0
0.2
0
3.06
0
0
2.724
0
0.3
1.224
0
1.224
4.484
0
0
2.448
0.3
0.1
1.424
0
2.448
0.2
2.848
1.424
1.224
0
2.448
0.4
1.224
0.1
1.424
1.224
1.224
1.224
0.1
1.224
1.324
0.3
3.06
0
1.324
0.6
0
0
1.324
2.748
1.324
2.448
0.1
1.824
0
0
1.2
0
0.3
0
1.224
0
2.448
2.748
3.672
3.772
2.548
2.448
2.448
3.672
2.448
3.772
3.672
1.224
0
2.548
0
3.548
1.224
1.224
1.424
0
1.524
1.624
1.224
0
1.224
0
3.06
1.324
1.2
1.224
0
1.224
0
1.224
1.224
0
0.1
2.548
1.324
3.672
0
0
0
2.448
0
0.1
2.448
1.224
3.672
0
0
1.224
2.448
0.1
1.224
2.448
0
1.324
0
4.284
1.224
4.072
3.672
3.872
0.1
1.224
1.224
2.548
2.448
2.448
3.672
0
0.1
0
0
1.224
0
0
0
1.224
0
0.2
0
0.1
0
0.2
0
1.224
0.2
1.424
0
1.224
1.224
1.224
2.548
0
1.224
1.836
1.224
0
0
0.2
0.2
0.4
0
0.1
1.324
0
0
1.924
3.06
1.324
1.724
1.324
0
0
0
0.3
0
0
1.224
2.236
0
0.1
1.524
1.224
2.748
2.036
0.1
1.224
0
0.6
1.2
1.224
0.1
1.836
0.1
1.224
1.324
1.224
1.936
1.324
1.224
1.224
0
1.324
2.448
0.2
2.448
2.448
1.224
2.648
1.224
1.224
0
1.424
0
0.1
0.1
2.548
2.848
4.284
0
4.284
1.324
3.672
2.448
1.424
1.324
1.224
3.672
3.548
2.448
2.648
1.224
0.2
2.548
1.224
2.448
3.772
3.872
1.224
2.748
2.448
3.672
3.672
3.672
3.972
3.672
1.624
2.848
2.648
2.448
3.972
1.224
1.524
2.448
2.548
1.224
3.772
3.872
2.648
3.048
1.224
3.772
2.448
2.448
4.272
3.872
2.448
1.324
2.648
1.624
5.796
2.448
1.224
1.524
2.548
2.448
3.672
2.648
2.448
2.448
2.448
3.672
4.284
2.448
3.972
2.448
2.448
1.324
2.548
2.748
1.224
2.448
2.548
2.448
1.224
4.572
2.848
2.448
2.448
1.924
3.672
1.224
1.424
2.948
1.524
2.448
2.648
1.624
1.224
2.448
4.072
2.548
2.448
2.448
1.224
2.648
2.448
1.224
1.224
1.224
2.548
1.224
3.672
2.448
4.684
2.448
1.224
2.448
3.772
3.672
2.448
2.448
2.448
3.772
5.296
3.672
1.324
2.448
1.824
1.224
1.224
2.448
3.772
3.548
2.448
2.448
1.224
3.772
3.772
2.448
3.672
3.772
2.448
2.448
3.672
1.224
2.024
2.448
1.224
3.672
2.448
4.896
3.948
2.548
3.672
1.224
3.672
3.872
3.772
2.448
1.224
3.772
1.224
1.224
2.448
1.224
2.548
2.448
2.448
2.648
4.384
2.448
3.872
4.272
3.672
1.224
2.548
1.324
3.972
2.548
1.224
1.324
2.448
3.772
2.448
1.324
2.448
1.224
1.224
1.224
1.224
2.448
2.748
2.948
3.772
3.672
2.448
1.224
2.448
2.448
2.448
2.548
2.548
3.672
2.448
1.424
2.548
2.448
2.448
1.224
1.224
2.448
3.672
1.224
2.548
2.548
2.748
3.672
1.224
2.948
1.224
1.224
2.548
2.448
2.448
3.672
1.224
2.448
3.672
1.224
3.672
2.448
2.748
2.548
4.284
4.284
1.224
2.448
3.972
1.424
1.324
3.348
1.224
1.224
1.824
3.872
5.508
2.548
1.324
1.224
2.448
2.448
2.748
5.196
3.872
1.324
3.16
2.648
2.448
2.648
2.448
3.772
3.672
4.284
1.324
3.672
2.648
4.896
1.224
1.224
2.748
2.448
1.224
2.124
2.448
2.548
1.224
1.224
1.324
1.524
3.972
4.896
3.672
4.996
2.448
1.224
3.972
1.324
4.996
2.448
2.448
2.448
1.224
2.448
3.672
1.224
3.672
3.772
3.672
3.672
2.548
1.324
3.672
2.548
2.848
3.672
1.224
2.448
4.584
1.224
4.996
2.448
3.772
3.972
2.548
1.224
3.672
1.224
2.448
2.548
2.448
1.324
2.548
3.06
3.672
3.672
4.896
2.648
4.284
2.448
3.772
2.448
1.324
2.548
2.448
1.224
3.772
1.224
3.672
2.648
1.224
1.224
2.448
3.672
2.448
2.448
1.224
3.772
2.548
1.224
1.224
1.224
3.06
3.672
3.672
2.448
1.824
2.448
1.524
4.996
2.448
3.972
2.448
3.772
2.648
4.284
3.672
2.448
2.448
2.448
2.548
3.672
3.672
2.448
2.448
1.224
1.224
3.672
2.448
2.448
3.772
2.448
3.672
2.424
4.172
1.324
1.224
1.424
4.996
2.448
1.224
2.448
3.672
2.448
3.672
2.448
2.548
3.872
1.224
2.448
2.448
1.224
3.672
4.896
3.672
1.224
2.448
2.448
5.508
1.324
2.448
3.772
2.448
3.672
3.06
2.548
2.648
3.672
5.096
2.448
2.948
1.224
3.672
2.448
4.384
2.748
3.772
1.224
2.448
2.548
4.284
1.324
2.548
1.224
3.872
3.672
1.224
3.672
3.672
3.772
4.996
2.448
2.448
2.448
3.672
3.972
2.448
3.772
3.672
2.448
3.672
1.224
1.224
1.224
1.224
3.672
1.224
1.324
2.548
3.672
3.06
3.772
1.224
1.224
1.224
1.224
1.224
1.224
2.448
3.772
3.772
2.448
3.672
2.448
1.224
2.548
2.448
2.448
3.772
3.672
1.224
4.996
3.972
1.224
1.324
2.448
3.672
4.072
2.748
2.448
2.648
1.424
2.448
3.872
1.224
3.772
3.772
2.448
3.772
3.872
2.448
5.596
1.824
2.448
1.224
3.772
2.448
3.672
2.448
2.548
2.648
3.772
4.284
1.324
2.548
2.448
10.432
3.672
4.984
1.224
2.548
2.448
1.224
1.224
2.448
2.448
2.548
1.424
2.448
1.224
1.324
3.248
2.748
2.448
1.224
1.324
2.448
2.448
1.224
2.548
3.672
1.324
4.072
3.672
1.424
1.324
2.448
3.872
4.272
2.548
4.896
2.448
5.508
3.772
3.672
4.272
2.548
4.472
3.772
3.872
1.224
3.672
3.672
3.048
3.772
3.772
5.608
3.772
3.672
3.672
5.096
3.672
3.772
2.448
4.996
5.096
4.896
3.772
2.648
2.448
3.772
1.224
1.324
1.224
1.224
2.448
2.748
3.872
3.672
3.972
3.672
3.248
2.448
2.448
2.648
3.672
2.648
2.448
2.848
2.848
3.672
2.548
3.872
3.672
3.772
3.772
2.548
3.672
3.772
1.224
4.996
1.224
4.996
4.996
3.672
3.672
4.996
3.672
6.732
2.548
2.448
2.448
5.196
1.424
3.06
2.748
2.948
2.648
1.524
2.448
1.224
2.448
0.2
1.624
2.948
0
2.448
1.836
0.9
1.224
0.3
0
2.448
2.548
1.324
2.448
2.136
1.836
0
1.224
0
0.1
1.224
0
0
1.224
1.224
1.224
1.224
0
1.424
1.224
0.2
1.224
0
0
1.424
0
1.836
0
1.224
1.224
0
1.424
0
0.1
1.224
0
0
1.224
1.224
1.224
1.224
2.524
0
1.324
0.2
1.224
0.1
2.448
0
0
1.524
1.224
0
0
0
1.224
2.448
1.824
1.224
0.7
0
0.1
0.1
0
0.2
0.1
1.224
1.224
0.4
1.224
1.224
0
1.424
2.548
1.224
0
2.648
1.224
1.224
0
0
2.448
1.224
1.424
1.224
1.224
1.224
0.2
0
2.124
1.324
1.224
0
1.324
0
1.324
0.2
1.224
2.448
0.1
0
0
0
0
0
0.1
1.324
2.448
1.224
0
1.424
1.224
1.224
1.224
0
0.1
1.424
0.1
1.224
1.224
1.324
1.324
1.224
1.424
0.2
1.224
1.224
0
1.324
1.224
0.1
0.2
0
1.324
2.648
0
0
0.2
1.224
0
1.424
1.224
1.224
0.3
0
1.224
0
0.1
1.224
1.424
1.324
1.224
1.424
1.524
0
1.224
0.2
0
0.1
1.324
1.524
1.324
1.524
1.324
0.5
0
0
1.224
0
0
0.1
0.2
1.324
1.224
1.224
0
1.324
1.424
0
2.448
1.224
0
1.324
0.3
1.224
0.3
0
1.324
0
0.1
1.424
2.748
1.224
2.548
1.224
1.324
1
1.224
0
2.548
0
1.224
1.224
0
0.4
0.1
0.6
0
0
1.224
1.224
1.224
1.224
1.524
0
2.548
1.324
1.224
1.224
0
1.224
1.224
0
0
1.224
0
1.324
1.224
1.224
1.324
1.324
0
1.524
0.2
1.224
0.1
0
1.836
1.224
0.8
0.3
0
0
0
0
1.224
1.324
0.2
1.224
2.748
0
0
0
0.3
0.3
1.224
0
1.324
0
0.2
0.4
1.224
1.224
2.448
0
1.224
1.224
1.224
2.448
1.424
0
1.224
1.324
1.224
1.424
1.224
1.424
1.224
1.224
1.224
0
1.224
0
0
1.224
1.224
1.324
1.324
0
0.2
0.1
0.5
0
0
1.624
0.2
2.548
0
1.224
0.2
0
1.224
1.724
0
0.1
0.1
4.284
0
1.224
2.448
2.548
0
1.324
0
1.224
0.1
1.224
0
1.224
1.224
1.224
1.224
1.324
0.6
1.324
0
0.1
0
1.324
1.324
1.224
0.2
1.224
1.224
1.324
0.2
0.2
1.836
0
1.224
1.324
0
0
1.224
0
0
0
0.1
3.772
0
0
2.548
1.224
1.224
1.224
0.1
1.224
1.224
1.224
1.324
0.1
0.1
1.224
0.2
0
1.224
0
1.224
1.224
2.448
0
1.224
1.224
2.548
1.224
1.224
0
2.648
0
0
1.424
1.224
0
1.224
0.1
1.224
0.1
0.1
0
3.06
1.324
0.1
1.324
1.324
1.624
0
1.224
0.1
0.4
0
2.948
0.3
2.648
1.224
0.4
1.324
0.3
0
0
2.448
2.448
0.2
0
1.224
1.224
0
0
1.224
0
1.224
0.1
0.1
0
1.324
1.224
0
0
1.224
2.448
1.224
0.1
2.648
2.324
1.424
0
1.224
0
0
1.424
1.936
1.936
2.548
1.224
2.448
0
1.324
1.424
0.2
1.224
3.16
0.3
0
1.224
0.3
0.1
1.224
0.3
0
1.324
0.1
1.324
0
1.224
1.224
1.724
0
1.224
2.448
1.324
1.224
1.224
1.224
0
1.324
2.548
0
1.224
0
0.1
1.324
0
1.224
0
0.1
0.4
0.1
1.224
0.1
0.3
1.224
0
1.224
0.1
1.224
0.3
1.324
0.1
0
1.224
0
0
1.324
0
1.324
0
0
0.2
0
0
1.224
0.6
0
0
1.324
0
1.224
0
0.2
1.324
0
1.224
2.448
0
0
0
0
1.224
1.624
1.224
0
1.224
0
2.548
0
1.224
1.324
2.448
1.224
0
1.324
1.424
1.424
1.224
0.1
1.224
2.848
0
0.1
1.224
0.1
0.1
1.224
1.224
0
1.224
0.2
4.16
0
1.324
0.1
2.448
1.224
0.2
0
1.224
1.224
1.224
0
1.224
0
0.1
0.1
1.324
1.224
0
0.4
1.324
2.548
0.2
1.224
0
0.1
0
1.324
2.548
1.424
1.424
1.224
0
0
0
0.1
1.224
0
0
0
0.1
1.224
1.324
1.724
1.224
2.448
1.324
2.448
1.224
0
2.548
1.224
0
0
0
2.448
2.448
0.1
1.224
0.1
0
1.224
1.224
1.936
1.224
0
2.648
0
0.6
0
0.1
0
0.1
1.924
2.448
0
0.1
4.072
1.224
0
2.448
1.324
1.224
0.2
0
0
0
0.1
2.748
0.1
0
1.624
0
0.6
2.548
0
1.324
2.036
1.424
1.224
1.424
0.1
0
0
0
3.16
1.224
0
1.224
0.2
1.324
1.224
2.448
1.1
1.224
1.224
0
1.224
0.2
1.524
0.5
0
1.424
1.224
0
1.524
0.2
0.4
0.4
0.1
1.624
0.3
1.524
1.324
3.248
1.324
1.224
1.224
0
1.624
0
1.424
1.224
0
1.224
2.548
1.324
1.224
0
1.324
2.648
0.1
1.324
0.2
1.224
0
1.324
0.1
0
3.148
2.748
0
0
0
1.224
1.224
1.324
1.424
1.324
1.424
1.224
0.7
0
0
1.224
1.224
1.424
1.324
0.1
1.224
0.4
3.06
0.1
1.224
0.1
0.1
1.224
0.1
1.724
1.324
1.224
1.224
1.324
1.424
1.224
0.1
1.424
1.836
2.448
2.548
2.448
2.448
2.448
0
2.448
0
2.648
0
0.3
0.1
1.424
0.4
0
1.224
0.1
0.1
0
1.1
0.2
2.748
0
0
0
2.448
0
0
1.324
2.648
1.224
0
1.224
2.548
0.1
0
3.448
4.284
1.224
1.224
1.924
1.924
0.6
1.424
0
0.5
4.072
2.448
0
1.224
1.224
0.1
0.1
4.896
0
1.224
1.224
0
1.224
1.224
1.324
3.772
0.1
1.424
2.448
2.548
1.424
1.224
3.16
2.448
0
1.324
1.224
0
2.748
2.448
3.672
0
3.06
1.224
1.224
0
2.948
2.448
2.548
1.524
0
0
2.448
0
4.996
4.896
2.448
3.672
1.224
2.548
4.996
2.548
4.896
2.448
3.672
0
2.448
1.224
1.224
0
0
0
1.2
0
0.1
2.648
1.924
2.748
