0.5
1.824
4.548
3.972
2.748
0.2
1.324
2.448
0.1
1.224
1.424
0.1
0.1
3.224
2.624
1.224
0
2.448
2.448
2.648
0
0.3
1.224
2.448
1.724
2.548
2.648
2.648
3.872
2.448
2.548
1.224
1.8
0.1
0.3
0.7
0.1
0
0.1
0.7
0.1
1.8
0
0
0.3
0
0.3
0.4
0.1
0.2
0
0.1
0.2
0.1
0.1
1.224
0
0
0
0.8
1.4
0.5
0.2
3.448
1.1
0.1
0.1
0.1
0.3
2
0.4
1.1
0.2
0.1
2.2
1.824
0.1
1.624
0.1
0
1.824
0
0
0.1
0.1
0
0
0
1.224
4.048
0
1.224
0.3
0
0
0.2
0.3
0
2.548
2.448
0.1
0.6
1.1
0.1
1.224
0.1
0
1.6
0.2
0.2
0.3
0
0
0.1
0
0.1
0.1
1.324
0
0
3.2
0.2
2.648
0.5
0.2
0
0.1
0
0
0.4
0.2
0
0.2
0
0.3
1
0.1
0
0.6
0.8
1.324
2.548
0
0.4
0
0
0.1
0.2
0.1
0
0.1
0.1
0
0
0.6
0.5
0.3
0.1
0.6
0.1
0.3
0
0
0.1
0.1
0.1
1.224
0.1
0.1
6.248
0
0.3
0
0.2
0
1.724
0.1
0.1
0.2
0.4
0.1
0.5
1.224
1.224
0.8
2.024
0.8
0
0.2
1.224
1.624
0
0.2
0.7
0.3
0
0.1
0.2
1.224
1.924
0.2
1.224
0
0.7
1.9
0
0
0.2
1.824
1.324
1.224
0.2
3.948
0
0
2.5
0
2.524
0
0
0
1.324
2.824
2.548
2.448
1.624
1.224
1.224
2.748
1.224
3.972
3.672
0.1
0
1.424
0.1
4.024
0.3
0
0.4
0
0.9
0.4
1.224
0
1.324
1.224
1.224
0.1
3.224
0
0.1
0
0
1.324
0
0
0.8
2.548
0.5
1.324
0
1.324
0.1
1.224
0
2.424
1.324
0.1
1.224
0
0
0
1.224
1.3
0
1.324
0.2
0.1
0
2.448
1.224
2.948
3.672
2.548
0.1
0
0
0.1
0
0
2.448
0
1.3
1.224
0
1.324
0.3
0.1
0.1
2.748
0.1
0.3
1.424
1.324
0
0.4
0.5
2.548
0.2
1.624
0
0.1
2.448
2.448
1.424
0
0.1
1.224
0
0
1.524
0.3
0.3
0.3
0
0.1
1.224
1.324
0
4.148
2.448
1.224
1.924
1.524
0
0
1.324
1.4
1.224
0
0
2.1
0.2
0.6
1
0.1
1.524
0.7
0.2
0
0.2
1.2
2.7
2.448
0.1
0
0.1
2.448
0.8
0.3
1.324
0
0
0
1.224
1.224
1.224
1.324
1.324
1.224
0
1.324
1.224
2.448
0
2.224
1.224
1.324
1.624
2.648
3.648
2.448
0
3.672
1.424
2.448
2.024
1.324
1.224
2.548
3.672
6.572
2.448
3.972
0
0
1.324
1.224
3.672
2.448
2.848
1.224
1.424
1.224
1.224
2.548
2.548
2.124
2.448
4.548
2.324
2.748
1.224
3.772
1.524
1.424
3.672
2.548
1.324
1.424
3.972
1.824
4.772
1.224
1.224
3.672
1.324
2.024
2.748
3.872
1.624
1.324
1.524
3.048
4.572
1.424
2.224
1.824
3.872
3.672
4.172
3.672
2.548
4.172
2.448
2.448
1.224
1.724
1.424
3.972
1.424
3.772
1.624
1.224
1.224
2.848
2.548
1.224
5.072
1.624
1.324
1.224
2.324
4.072
1.324
1.424
3.124
1.724
3.672
2.424
2.924
1.224
2.548
4.772
1.424
4.072
2.448
1.724
2.648
1.324
2.548
1.224
1.224
4.072
1.224
2.448
3.972
3.972
1.224
1.224
2.448
2.648
2.648
1.324
1.224
3.672
1.224
3.248
2.648
2.448
1.824
1.924
1.224
2.448
1.224
2.548
3.548
3.672
1.224
1.224
2.648
2.548
1.224
2.448
2.548
3.672
1.324
3.972
1.224
3.624
1.224
1.224
1.224
3.772
2.848
2.424
1.224
2.448
1.224
2.448
3.248
3.448
1.224
1.224
2.848
1.224
1.424
1.224
1.324
4.472
1.224
3.772
1.424
3.872
1.524
3.448
4.772
1.524
1.224
1.224
2.848
2.648
1.224
1.224
1.424
1.324
3.048
1.524
1.324
4.072
1.324
1.224
1.224
1.724
1.224
2.324
1.524
1.524
3.772
2.448
3.048
1.224
3.672
1.424
1.224
2.448
1.224
1.224
2.224
1.824
2.448
1.424
2.448
1.324
1.224
2.448
1.324
3.772
1.324
2.648
4.072
1.324
2.024
1.224
1.224
1.324
1.224
1.224
2.448
1.224
3.872
3.872
2.448
2.548
3.872
4.272
1.224
3.772
3.672
1.224
2.848
1.724
2.448
2.448
2.624
1.224
1.224
3.424
4.672
2.448
3.772
1.424
1.224
1.524
3.672
3.972
3.048
2.648
1.224
2.448
1.424
1.524
1.624
1.324
2.648
2.548
2.448
1.324
1.224
3.972
2.848
2.448
1.224
1.624
2.448
1.224
2.224
3.672
2.748
1.324
1.224
1.324
1.424
1.524
2.548
2.848
2.648
3.672
3.048
3.448
1.224
3.248
1.424
1.524
1.224
1.224
2.548
2.548
1.224
2.548
1.324
2.548
2.448
3.348
1.224
3.672
2.848
3.048
3.048
1.424
3.772
2.948
1.224
2.648
3.672
1.324
3.972
1.224
2.848
3.048
1.324
2.448
2.548
1.224
1.524
3.872
1.624
1.224
2.448
2.448
1.324
3.672
2.748
2.648
1.724
1.324
1.724
1.824
1.324
3.872
1.224
2.448
3.672
1.224
1.324
3.672
2.648
2.548
3.772
2.448
2.548
1.324
1.224
1.224
1.224
1.324
2.448
3.672
2.648
5.648
1.224
1.524
2.548
3.872
2.548
1.324
2.548
1.524
3.972
2.748
1.524
1.624
2.748
1.324
2.548
3.672
1.224
1.324
1.224
1.524
1.424
2.748
1.224
2.448
1.424
2.548
5.648
3.448
2.648
1.424
3.148
2.648
1.224
1.224
1.424
1.324
3.672
1.424
2.648
1.824
2.648
1.224
3.672
2.448
1.224
2.548
3.772
2.548
1.224
2.448
2.448
2.648
1.424
2.448
2.548
1.224
3.872
1.224
4.272
3.148
1.724
3.048
3.672
2.848
1.224
2.548
1.224
3.048
3.848
3.872
1.224
2.448
1.324
1.224
1.224
2.648
1.224
4.572
2.648
1.224
2.648
2.448
3.672
2.948
3.672
2.548
1.224
2.448
1.724
3.672
2.748
3.672
1.324
2.548
2.548
1.224
1.224
1.224
3.772
1.224
1.324
1.524
2.448
2.648
2.748
2.548
1.224
2.948
1.224
1.224
1.224
3.772
3.048
2.448
1.224
2.548
2.548
1.224
3.872
1.224
2.548
2.848
2.548
1.224
2.748
3.348
1.324
1.424
1.224
1.224
1.624
1.824
3.672
1.424
2.124
1.224
3.448
1.224
2.548
2.448
3.672
2.448
2.448
1.224
4.348
3.224
1.324
1.224
2.548
3.672
1.324
1.324
2.648
1.224
1.224
2.448
1.624
3.672
1.324
3.248
3.672
1.724
1.224
3.672
2.448
2.448
1.224
1.224
1.324
1.324
1.324
2.448
1.324
1.624
13.472
1.824
1.224
1.224
2.748
2.448
1.224
1.224
2.024
3.772
1.624
3.048
1.424
2.648
1.524
3.672
4.472
4.572
1.524
2.448
3.672
2.648
1.724
2.548
3.548
2.448
5.472
3.148
1.824
1.324
3.972
2.448
4.672
2.448
3.772
4.172
1.224
1.324
1.224
2.648
1.324
2.648
1.224
2.548
2.448
2.448
2.648
3.548
2.448
2.848
1.324
1.524
1.224
2.548
3.872
2.648
2.324
3.872
4.172
2.548
5.072
3.872
2.448
1.224
1.224
1.924
3.772
4.372
3.872
2.448
1.624
1.624
1.324
1.424
1.424
2.748
1.224
1.324
1.224
2.748
1.224
2.648
3.048
1.324
1.224
2.448
2.448
2.648
1.424
1.224
1.224
3.448
1.524
1.224
1.224
2.424
1.924
0.4
1.224
2.448
0
0.4
0.4
1.524
0
0
0
4.124
0
1.1
0.1
1.224
1.524
1.1
1.224
0.3
0.1
0.2
0
0
0.7
0
0
0
0
0
0.2
2.448
0
4.348
0
0.8
0.1
0.1
0
0.2
0
1.224
1.224
0
0
1.324
3.348
0.3
0.3
0
1.224
1.324
1.324
0
0.2
0.2
3.4
0.1
0.2
0.2
0.1
3.124
1.224
1.324
0
0.9
0.2
0.5
1.424
0
0
1.224
1
0.2
0.7
0
0.2
1.424
0
0.3
0.2
1.224
0.1
0.9
0.2
0.2
1.224
0.2
1.224
0
0.3
1.724
0.2
0.1
1.224
0.1
1.424
0.2
0.2
2.448
0
0.1
1.324
0
1.7
1.324
0.1
0
0.4
1.224
1
0.3
0
1.324
0.2
0.1
0.1
0
0.1
0.3
0.9
0.1
0
0
1.224
0.7
0.1
0
0.1
0
0
0.2
0.9
0
0
0.5
0.2
0
0.2
0.7
0
0
0.2
0
1.224
0
1.724
1.424
0.3
0.2
0
0
0.2
0
0
0
1.224
0
0.4
0
0
0
0.3
0.2
2.548
0.3
0
0.4
0.7
0.5
0
0.7
0
0.1
0.3
0.6
0.1
1.524
0.1
3.024
0.4
1.324
2.648
1.324
0
0.5
2.224
0
0
1.224
1.224
0.1
0.2
0
0.1
0
0
0.2
2.524
0
0.8
1.224
0.2
0.3
0
0.1
0.3
0.2
1.524
0.1
0.2
2.9
0
0
0.1
0
0.4
0
0.1
0.2
0.2
0.7
0
0
0
0.3
0
0.3
0.9
0
1.624
1.424
0
0
0.1
0
0
0
0.1
0
1.424
0
0
0.1
0.3
0
0.3
0.3
0.3
0.1
1.724
1.224
1.524
0
3.2
2.824
1.224
0
0.4
1.424
0
0.2
0.1
0.5
1.424
0
0.1
0.1
0.2
0.3
0
0
0.2
0
0.5
1.1
1.224
0.3
0
0
0.2
0.1
0
1.224
0.1
0.2
0.3
0
0.1
0.4
0.3
0.3
0.2
0.1
0
0.1
0
1.424
1.224
0
0
0.1
1.624
0.1
0.3
0.2
0.7
0
0.3
1.824
2.224
1.424
0.7
0
0.7
0
0
1.2
1.624
1.324
0.1
1.224
0.1
0
0
0.3
0.2
0.2
0.1
0.5
0
0
0.4
2.448
0
0
0
0.2
0.9
0.3
0
0
0.1
0.3
0.1
0
0.6
0
0
1.224
0.3
0.2
1.224
0
0
0.1
1.324
1.924
0.5
0.6
0
1.424
1.824
1.224
0
0.1
1.524
0
0.3
0.1
0
1.224
0.1
0
0
0.3
0.1
0.1
0.4
0
0
0
0
1.324
2.548
0.1
0
0
1.324
0
0
0.1
1.924
1.224
0.1
0.2
0.1
0.1
0
0.3
1.224
0.5
0.1
0
1.224
0.4
1.324
0.4
0.2
0.4
0
0.2
0.2
0.5
0
1.724
1.424
0
0
1.2
0.6
0.9
1.424
0.1
1.424
0
1.624
0
0.1
0.3
0
0.1
0
0
0.1
1.624
0.1
0
0.1
0.1
0.3
0
0
0
0
1.424
0.2
4.124
0.4
0.2
1.724
0
0
0.1
0.1
0.1
1.424
0.4
1.324
1.224
0.6
0.1
1.524
0.2
1.224
0.8
0
0
0.5
0.1
0.2
1
0.2
0.1
0.4
0.9
0.6
0
0
0.6
0
0
1.824
0.1
0
1.324
0
0
0.2
0.1
0.1
0.1
0
0.1
0
0.1
0
0
0.1
1
1.1
0.2
0
1.724
0
0
0
0
0
1.1
0.1
0
0
0.1
0
0.1
0
0.1
0.3
0.1
0.1
1.324
0
1.224
0
1.4
0.2
0
0.4
2.224
0.1
0
0.3
0.2
0.3
0
1.224
0
1.324
1.224
0
0
2.724
0
0
0
0
1.324
0.1
0.1
0.2
1.324
0
0.2
1.324
0.3
0.1
2.448
0.1
0
1.524
0
0
1.224
0
0
0
0.1
0.3
0
0.4
1.1
1.324
0.2
1.424
0.1
0
0.3
1.224
0.1
0
0
1.224
0
1.724
0
0.3
0.5
1.324
0
0.4
0.4
1.524
0.7
0
1.224
0
0
0.4
1.524
0.2
0.3
0
0
0.1
0.4
0.1
0.6
0
1.224
0.1
0.8
0.1
0.9
0.8
0.3
0.1
0.1
1.324
0
0
1.424
2.448
1.224
0.1
0
1.224
1.224
0
0.3
0.1
1.224
0
0
0.3
0
0
1.424
0.2
1.2
0.1
0.3
1.424
0
0.9
1.224
0
0.1
2.424
0
0
1.524
0.1
0
0.1
0.2
0.2
0
1.324
1.924
0.3
2.024
3.148
0.1
0.9
1.324
0.2
0
1.324
0.2
1.924
0.2
0.2
1.524
1.324
1.224
0
0.1
0.1
0
0.3
0.2
0
0.2
4.824
0.2
0
0.1
2.548
0.7
2.324
2.624
0
0.2
0
0
2.124
0.3
0.4
1.1
0.2
0.8
0.3
0.1
0.1
3.324
0.1
0.1
0
0
0.4
0
0.1
0
0
0
1.424
0
0.1
0
0.1
0.6
1.524
0
0.2
0
0.5
0
0
0
0.9
0.6
0
0.1
0
0
0.2
0.2
0.8
0
0.2
0.3
0.9
0
0
0
0.2
1
1.324
0.1
0.4
2.924
1.224
0.3
0.1
0.4
0
0.1
0.1
1.1
0.3
0
0
0.6
0.3
0.8
0.2
0.6
0
0.4
1.224
1.624
1.224
1.224
0.1
0
1.424
0.5
1.224
0.2
0.1
2.748
1.924
0.1
0
1.724
0.8
0
2.9
1.724
0.2
0
0
0
3.872
0.1
0.2
3.348
0.1
2.848
0
2.448
0
1.324
0
7.172
1.224
0
0
2.824
0.3
2.4
1.2
0
2.1
1.724
2.448
0.2
0.1
0
1.324
1.724
1.224
0
0.2
2.448
0.3
2.448
0.1
1.224
1.324
0.2
1.924
1.224
2.748
0.3
1.224
1.524
2.448
0
0
1.324
0.2
3.148
1.224
1.224
0
1.224
1.224
0
0.2
3.748
2.448
0
0.2
0
0
0
0
2.648
2.448
1.324
2.648
1.424
3.148
2.748
1.324
2.448
3.672
2.548
0.1
2.448
2.448
0
0
0
0.7
3
0.1
0.1
2.024
3.848
1.924
