0.3
0
2.848
1.324
2.648
0
0
0
0.1
0
0
1.224
0.1
0.3
0.2
0
1.836
0
0
0.1
1.224
1.224
0
0
0.3
0
0.1
1.324
2.548
1.324
0
2.448
0.1
0.1
0
0
0
0
1.836
0.1
0
1.824
0
1.836
1.836
1.224
0.1
0
0
1.224
1.224
0
1.324
1.836
0
0
0
0
0
1.424
0.3
0
1.936
0.3
0
0.1
0
0
1.424
0.1
0
1.324
0.1
0
1.524
0.2
0
0.4
0
0
1.524
0
1.224
0
1.836
0
0.1
1.836
0
0
0
0.1
0.2
0
0
1.224
1.224
0
0.1
0
1.836
0.2
0.2
0
0
0.1
0
0.3
0.2
0
0.1
0
0
1.224
1.836
0
0.1
0.1
0
0
0.6
1.836
0
0
0
0
1.936
1.224
0
1.324
0
1.836
0
0
1.224
0.1
1.224
1.224
1.324
0.2
0.1
0
0
1.224
0
1.836
1.324
0
0
0
1.224
0.1
0
0
2.036
0.1
0
0
0.3
0
0
0
0
0
0
1.836
0
0
0
0.2
0
0
1.224
0
1.224
1.424
1.836
0
1.324
0
0.1
1.324
0
1.224
0.2
1.624
1.224
1.224
0
1.224
0.1
1.324
0.1
1.424
1.224
1.324
1.224
0.1
1.224
0.2
0
0
0
0.3
0.4
1.836
0
1.424
1.424
0
1.224
0
0.3
1.936
0
0.4
0
0.2
1.836
0
0
1.224
2.748
2.548
2.448
2.548
2.448
2.448
2.748
2.448
2.548
2.448
1.324
0.1
1.224
1.936
1.524
1.224
1.836
1.424
0
1.424
1.424
3.06
1.936
0
0
0
1.324
0.2
0
1.836
1.836
1.836
0
1.224
0
0
1.324
1.424
1.224
0
0
1.936
1.224
0
0.3
1.224
0
1.224
0
0.1
0
1.224
0.3
0
1.224
0.3
1.224
0
1.224
1.224
2.548
2.448
2.548
0
1.224
1.224
1.524
1.224
1.224
2.448
0
0.3
0
1.836
0
0
0
0
0
0
2.236
0.1
0
1.836
0.2
0
0.1
0
0
1.936
1.224
0
0
1.424
0
1.224
0
1.224
0
0
0.1
0
0
0
0
0.1
0
0
0
0.1
0
1.324
1.324
0
0
0.1
0.4
0
0
1.224
0.3
0
0
1.324
1.224
1.224
0.1
0
1.224
0.1
0.4
0.7
0
0.2
0
0.1
0
1.224
1.324
0
1.224
1.224
1.224
0
0
1.224
0
1.224
1.224
1.224
0
1.224
0
0
0
0
0
0
1.224
1.824
1.224
0
1.224
1.324
2.448
2.848
1.224
1.224
1.324
2.548
1.524
1.224
1.224
1.224
0
1.224
1.224
1.224
2.548
2.448
1.224
2.948
2.448
2.448
2.448
2.448
2.848
2.448
1.324
2.648
1.224
1.224
1.324
1.224
1.224
1.224
1.424
1.224
2.448
2.548
2.648
1.324
1.224
2.548
1.224
2.448
2.548
2.748
1.224
1.224
2.448
1.224
2.748
1.324
1.224
1.224
2.448
1.324
2.448
1.224
1.224
1.224
1.524
2.448
1.224
2.448
2.548
2.548
1.224
1.224
1.224
4.684
3.06
1.224
1.424
1.224
1.224
2.748
2.548
2.448
2.548
1.224
2.448
3.26
1.224
3.248
1.424
1.224
4.584
1.224
3.16
1.224
2.548
2.748
1.224
1.224
3.26
1.524
4.284
1.224
1.224
1.324
1.224
3.26
2.548
1.224
1.224
2.448
1.224
1.224
2.448
2.548
1.224
1.224
1.224
2.548
2.648
2.448
1.324
4.584
1.324
1.224
1.324
2.448
2.448
1.324
1.224
1.224
1.224
2.848
2.548
2.448
2.448
2.448
1.224
4.384
2.548
1.224
1.524
2.448
1.224
2.448
1.224
2.748
2.648
2.448
1.224
1.224
2.548
2.648
2.848
2.448
1.224
2.548
1.224
1.224
2.448
1.224
1.324
2.448
1.224
1.224
1.324
2.648
2.748
2.848
4.284
1.324
1.224
1.224
2.648
2.548
1.224
1.324
2.448
2.748
2.648
1.324
1.324
1.224
1.324
1.224
1.324
2.548
1.424
2.648
2.448
2.548
2.448
1.424
2.448
1.324
2.448
1.224
1.324
2.448
2.548
1.224
2.548
1.224
4.384
1.224
3.06
2.448
2.448
1.324
1.324
2.448
2.448
2.448
1.224
1.424
1.324
1.224
2.448
2.648
1.224
2.448
1.224
1.224
1.324
1.224
2.448
1.224
1.724
2.548
1.224
1.224
1.324
1.324
3.048
1.224
1.224
1.324
3.06
1.224
1.524
2.448
2.448
1.224
1.224
1.224
2.548
1.224
1.324
2.548
2.548
1.224
1.224
2.448
1.224
2.548
4.384
1.224
2.448
1.224
1.224
2.448
1.224
2.448
1.224
1.224
2.548
1.224
1.224
1.224
1.224
2.548
1.224
1.224
1.224
1.324
2.748
2.448
2.548
2.448
1.224
1.424
2.948
1.224
2.748
2.448
1.224
2.448
1.224
1.224
2.448
1.224
2.448
4.284
2.548
2.648
2.548
3.06
2.448
2.448
2.948
2.848
1.224
1.224
1.524
1.224
2.448
1.424
2.448
2.448
2.448
1.224
2.748
1.224
1.224
1.224
2.448
1.324
1.224
1.224
4.284
2.548
2.448
2.548
1.224
1.324
2.448
1.324
1.224
2.448
2.648
1.324
2.448
1.224
2.448
1.224
1.424
1.224
1.224
2.748
2.448
1.224
1.224
2.448
4.584
1.224
1.224
1.224
1.224
1.224
2.448
1.224
1.524
2.448
1.324
2.448
1.224
2.448
4.284
2.448
2.448
1.224
2.648
1.224
4.984
1.224
4.384
2.748
2.448
2.448
2.548
1.224
1.424
2.548
1.524
2.448
2.548
2.548
2.448
1.624
2.448
1.224
1.324
1.224
2.448
2.448
1.224
2.448
2.448
1.224
2.448
1.224
2.648
2.548
1.224
1.224
1.224
1.224
2.448
2.548
2.448
1.324
2.448
2.448
2.548
1.224
1.224
2.548
2.448
1.424
1.224
1.424
1.324
2.548
2.548
1.324
1.324
1.324
2.548
1.224
1.324
1.324
2.448
1.224
2.448
2.548
2.448
1.224
1.424
1.224
2.448
2.448
1.224
2.548
2.448
2.448
2.648
1.324
1.224
2.548
2.448
2.448
1.324
2.448
2.448
1.324
2.448
1.324
3.16
1.224
1.224
2.548
1.224
1.224
2.448
2.448
1.224
2.448
1.224
1.224
1.224
1.224
1.324
1.224
1.224
2.448
2.548
2.448
2.548
1.324
1.224
1.224
2.548
1.224
2.648
2.448
1.224
2.448
2.648
1.324
1.224
2.448
2.448
2.448
2.548
1.224
4.684
1.224
1.224
3.048
1.224
2.448
2.448
1.224
4.484
2.448
2.448
2.748
1.524
1.324
1.224
2.548
1.224
2.448
2.648
1.224
2.448
2.548
1.224
1.324
1.224
2.548
2.448
2.448
1.524
1.224
1.224
1.224
1.224
1.224
2.548
1.224
1.224
1.324
1.324
1.224
1.324
1.224
2.548
6.384
1.224
1.224
1.224
4.384
1.224
2.648
2.448
1.324
2.648
2.448
1.324
1.224
1.224
2.648
2.648
2.948
2.448
1.324
2.448
2.448
2.448
2.748
1.324
2.648
2.948
2.648
3.16
2.548
2.448
1.724
2.548
2.448
2.448
2.448
2.448
2.448
2.448
2.448
2.548
4.284
2.448
2.548
2.448
2.748
1.324
1.324
2.748
1.224
1.224
1.224
1.224
1.424
1.324
2.748
2.548
2.548
2.448
1.524
1.224
1.224
2.448
2.448
2.648
1.224
1.224
1.624
2.448
2.548
2.448
2.448
2.448
2.548
1.424
2.448
2.448
1.224
2.548
3.06
2.548
2.948
2.548
4.284
2.648
2.448
2.748
2.648
1.224
1.224
2.848
2.136
0
3.16
3.46
3.06
0.1
1.424
0
1.224
0.2
1.324
3.16
0
1.224
0
0.3
0
0
0
1.224
2.448
3.56
1.224
0.1
0
0
1.224
0
0.1
1.224
0
0
3.16
0
0
0
0
0.3
1.224
0
1.224
0
0
1.424
0
0
0
1.224
1.224
0
0
0
0.1
1.224
0
0
0
1.224
1.324
1.324
1.824
0.1
1.224
0
1.224
0
0.1
0
0
1.424
1.324
0
0
0
1.224
1.224
1.324
1.224
0.2
0
0
0
0.2
0
0
0
1.224
0
1.224
1.224
0
1.224
1.224
1.224
0
1.324
1.224
1.224
0
0
1.224
1.224
1.224
0
1.224
1.324
0
0
1.524
1.224
1.224
0
1.424
0
1.324
0
1.224
1.224
0
0
0
0
0
0
0.1
1.324
1.224
1.224
0
1.224
1.224
1.224
1.224
0
0.1
1.224
0.2
1.224
1.224
1.224
1.324
1.224
1.224
0.2
1.224
1.324
0
1.224
0
0
0
0
1.224
1.224
0
0
0
1.224
0
1.224
0
1.224
0.1
0
1.224
0
0
1.224
0
1.224
1.224
1.224
1.224
0
1.224
0.1
0.1
0
1.224
1.424
3.06
0
1.224
0
0.1
0
0
0
0
0.2
0
1.224
1.224
1.224
0
1.224
1.224
0
3.06
1.224
0
1.324
0
1.224
0.2
0
1.224
0
0
1.224
1.224
1.324
1.224
1.224
1.224
0.2
1.224
0.1
1.224
0
1.324
1.224
0.1
0
0
0.2
0
0
1.224
1.224
1.324
1.224
1.224
0
1.224
0
1.224
1.224
0.1
1.324
1.224
0
0
1.224
0
1.224
1.224
1.224
1.224
1.224
0
1.324
0.1
1.324
0
0
0
1.224
0.5
0.1
0
0
0
0.1
1.224
1.224
0
1.324
1.224
0
0
0
0
0.1
1.224
0
1.224
0
0.1
0.1
0
1.224
1.224
0
1.324
1.224
1.224
1.224
1.224
0
1.224
1.224
1.324
1.224
1.224
1.324
1.224
1.224
1.324
0
1.224
0
0
1.224
1.224
1.224
0
0
0
0
0
0
0
1.224
0
1.224
0
1.224
0.1
0
1.224
1.324
0
0
0
1.224
0.1
1.224
1.224
1.224
0
1.224
0
1.324
0
1.224
0
0
1.424
1.224
1.224
1.224
0.1
1.224
0
0
0
1.224
1.224
1.224
0.1
1.224
1.224
0
0.2
0
0
0
1.424
1.324
0
0
1.224
0.1
0
0
0
1.224
0.1
0
1.224
1.224
1.524
1.224
0
0
1.324
1.224
1.224
0
0
1.324
0.1
0
1.224
0
1.224
0
1.224
0
1.224
1.224
1.224
1.224
1.224
0.1
1.224
0
0
1.224
1.224
0
1.224
0
0
0.1
0
0
0
1.224
0
1.324
1.224
1.324
0
1.224
0
0.2
0
1.224
0
1.324
1.224
0
3.06
0.1
0
0
1.224
1.224
0
0
1.224
1.324
0
0
1.224
0
0
0
0
0
1.224
1.224
0.1
0
1.224
1.224
1.224
0
1.224
1.324
1.324
0
1.324
0
0
1.224
0.1
0
1.224
1.224
1.224
0
1.324
1.224
0.2
1.224
0
0.3
0
1.224
0
0.1
1.224
0.1
0
1.224
0
1.324
0
1.224
1.224
1.224
0
1.224
1.424
1.224
1.224
0
1.224
0
1.324
1.224
0
1.224
0
0
1.224
0
1.224
0
0.1
0.2
0.3
1.224
0
0
1.224
0
1.224
0
1.224
0.1
1.224
0
0.1
1.224
0
0
1.224
0
1.224
0.1
0
0
0
0.1
1.224
0.2
0
0
1.324
0
1.224
0
0
1.424
0
1.224
1.224
0
0
0
0
1.224
1.324
1.224
0
1.224
0
1.324
0
1.224
1.324
1.224
1.224
0
1.224
1.324
1.224
0
0
1.224
1.324
0
0
0
0
0
1.224
1.224
0.2
1.224
0
1.324
0.2
1.324
0.1
1.224
1.224
0
0
1.224
1.224
1.224
0
1.224
0.1
0
0.2
1.224
1.224
0
0
1.324
1.224
0.1
1.224
0
0
0
1.224
1.224
1.224
1.224
1.224
0
0
0.1
0
1.224
0.1
0
0.1
0.1
1.224
1.224
1.224
1.224
1.224
1.224
1.224
1.224
0
1.224
0
0
0
0
1.224
1.224
0
1.224
0
0
1.224
1.224
0
1.224
0
1.224
0
0.4
0
0.2
0
0
1.524
1.224
0.1
0
1.424
1.224
0
1.324
1.324
1.224
0
0.1
0.1
0
0.1
1.324
0
0
0.1
0
0.3
1.224
0
1.224
0
1.324
1.224
1.224
0.1
0.1
0
0
1.224
1.224
0
1.224
0
1.324
1.224
1.224
0.4
1.224
1.224
0
0.1
0.1
0.1
0.2
0
1.424
1.224
0
1.224
0
0.1
0.1
0.1
1.424
0
1.324
1.224
1.624
1.224
1.224
1.224
0
1.324
0
1.224
1.224
0
1.224
1.324
1.224
1.224
0
1.224
1.224
0
1.224
0.1
1.224
0.1
1.224
0
0
1.324
1.224
0
0
0
1.324
1.224
1.324
1.424
1.224
1.224
1.224
0.1
0
0
1.224
1.224
1.224
0
0
1.224
0.1
0
0
1.224
0.1
0.1
1.324
0
1.624
1.324
1.224
1.324
1.224
1.224
1.424
0.1
1.424
0
1.224
1.324
1.424
2.448
2.448
0
1.224
0
1.424
0
0.1
0.1
0
0
0
1.224
0.1
0.1
0
0.8
0.2
3.06
0
0
0
1.224
0
0
0.3
1.324
0
0
0
1.224
0
0
1.824
1.224
1.224
0
1.624
1.324
0.3
1.324
1.836
0.2
1.424
1.324
0
3.06
1.224
0
0.1
0
0
0
0
0.2
0
0.2
0
1.224
2.136
0.1
1.224
0.1
1.324
0.1
0
0
0
1.836
0
0
0
1.224
1.324
0
0
1.424
1.324
0.1
1.524
1.224
1.324
1.724
1.836
0
1.224
0
2.448
2.448
2.548
2.448
1.224
1.224
2.648
4.584
2.548
3.06
2.548
0.2
1.224
1.224
1.224
0
0
1.936
0.2
0
0
1.524
0.3
1.224
