2.636
2.024
2.824
2.748
2.848
0.3
1.424
2.448
0.1
1.224
1.324
0.2
1.924
2.324
3.124
1.324
1.224
2.448
2.548
2.948
0.2
0.1
1.224
2.448
1.524
2.848
2.648
1.524
2.548
1.224
2.448
0
2.4
0
3.46
2.336
1.936
2.136
2.236
2.436
1.836
4.136
1.836
1.936
2.036
1.936
2.436
3.26
2.436
2.436
1.836
1.936
3.236
3.16
1.836
3.06
3.06
3.06
1.936
2.536
6.16
3.56
2.036
5.784
2.436
2.136
3.16
3.16
2.136
5.56
2.436
4.36
3.26
1.936
5.936
4.26
3.06
3.36
3.06
1.936
3.86
3.16
1.836
3.16
1.836
3.06
3.06
1.836
3.06
17.608
1.836
3.16
3.06
3.06
3.06
2.436
2.136
3.06
4.584
4.384
1.936
4.46
4.36
1.936
3.06
1.836
1.836
3.536
3.16
1.936
3.16
3.26
1.936
3.16
1.836
2.036
1.836
4.384
1.836
1.936
7.26
1.936
4.484
3.96
3.26
1.936
2.236
1.836
1.936
3.56
2.236
2.036
3.06
1.936
2.236
2.736
1.936
3.06
2.236
3.336
3.26
5.808
3.06
2.236
3.06
3.16
2.236
3.26
1.936
3.26
1.936
1.936
2.136
1.836
3.236
2.336
3.56
2.136
2.936
2.236
1.936
3.16
1.936
3.06
2.036
3.26
3.36
3.16
2.036
8.084
3.06
4.56
3.06
1.936
3.16
4.36
3.16
3.06
1.936
2.436
2.136
3.86
3.06
4.284
2.736
5.684
2.336
3.36
3.36
4.284
3.56
2.136
2.036
4.16
3.36
1.936
1.836
1.836
0
2.024
1.424
1.324
0
2.024
3
1.224
0.2
0.4
1.624
1.524
1.224
0.3
3.248
1.224
0
4.224
0
4.948
0
1.224
1.224
1.324
1.6
1.324
1.224
0.2
0
0
1.924
1.224
2.948
2.448
1.224
0
1.324
0
6.548
0
0
0.5
0
1.3
0.5
0
1.324
1.324
2.448
2.448
0
3.224
0
1.324
1.424
1.224
1.324
0
1.224
2.024
2.748
0.6
1.424
1.224
1.524
0.6
1.224
1.224
2.224
1.324
0
1.224
0
0.2
0
1.224
3.024
0.1
1.224
3.06
1.224
1.224
2.448
1.424
3.248
2.448
3.048
0.1
0
0.1
1.424
0.1
0
1.324
1.224
3.824
1.224
0
1.224
0
1.424
0
2.748
1.524
0.4
2.024
1.324
1.224
1.924
1.524
2.548
1.424
2.648
1.224
1.524
2.448
2.448
1.624
0
0.4
1.224
0.3
0.1
1.624
0.6
0.9
1.924
0.1
1.224
1.224
1.324
1.224
4.048
4.072
1.224
1.824
1.424
1.224
0.1
1.224
1.6
1.324
1.224
0
4.724
1.624
0.6
0.7
0.1
1.424
0.8
1.224
0.3
1.424
3.624
5.824
2.548
0.1
0
3.26
2.548
1.824
0.4
1.324
0.1
0
1.224
1.424
1.324
1.224
1.224
1.424
1.324
0.1
1.224
1.424
2.448
1.324
3.948
1.224
1.224
1.624
2.648
3.448
1.224
1.224
2.448
0.4
1.424
0.6
0
0.1
1.224
2.548
5.948
2.548
2.648
0.2
0
0.5
0
2.448
1.224
1.324
0
1.924
1.324
0
2.448
2.448
0.6
1.424
3.324
0.6
2.748
0
2.448
1.524
0.2
2.448
2.848
1.624
0.1
2.448
0.6
3.948
0.1
0.2
2.448
1.224
0.9
1.724
3.672
1.724
0.1
0.3
1.724
2.848
0.1
2.124
0.2
2.948
2.448
2.548
3.672
1.324
2.648
1.224
2.448
1.224
0.4
0.2
2.648
0.2
2.548
1.624
1.324
0.1
1.724
2.548
0.1
3.248
0.4
1.424
0.1
0.6
2.448
1.224
0.4
2.9
1
2.448
1
2.4
0.1
1.224
3.048
0.3
3.448
2.448
0.2
1.724
1.324
1.224
0
0
2.648
0
2.448
3.148
2.848
1.224
0
2.448
1.324
2.548
0.1
0
2.448
0
2.024
1.424
1.524
1.724
0.5
0
1.224
1.324
1.324
2.524
2.448
1.224
0
2.748
1.424
0
1.524
2.748
2.548
0.2
2.448
1.224
2.824
0
1.224
0
2.448
1.724
2.524
1.224
1.224
0.1
1.224
1.724
1.924
0.2
0
2.548
0
0.3
0.1
0.4
2.948
1.324
3.772
0.3
2.648
0.5
2.324
2.848
1.324
0
0
1.524
1.424
0
0
0.2
0
1.924
0
0
3.772
0
1.324
1.224
1.924
0
1.624
0.4
0.5
2.648
1.224
1.224
1.224
2.548
0.2
0.1
1.224
0
0.1
1.7
0.8
1.224
1.224
1.224
0
0
1.224
0
2.548
0.1
1.824
2.748
1.224
0.7
0
1.224
0.3
0.1
0.2
1.224
1.224
2.548
3.972
1.224
1.324
2.648
2.948
0
2.548
2.448
0
2.448
0.9
2.648
1.324
0.7
0.2
0.1
1.7
3.248
1.224
2.548
0.1
0.2
1.324
2.448
2.748
1.424
1.524
0
1.224
1.324
0.1
0.1
1.324
1.224
1.324
1.324
0
0
2.948
1.524
1.224
1.224
0.4
1.224
0.1
1
2.548
1.624
1.224
0
0
0.6
0.1
1.224
1.724
1.324
2.448
1.424
2.824
0
1.724
0.1
1.224
1.224
0
1.424
2.648
0
1.224
0.1
1.424
1.324
2.948
0
3.672
1.624
1.924
1.724
0
2.748
2.024
0
1.424
2.548
0.1
4.172
0
1.924
1.424
0
1.224
2.748
0
0
3.672
0.7
1.224
1.224
1.324
0.3
2.448
2.548
2.648
0.3
0.1
0.6
0.4
0
2.448
1.224
1.324
2.448
1.224
0.1
2.648
1.524
1.424
2.548
1.624
1.424
0.4
1.324
0
0.1
0.1
1.324
2.448
1.324
3.624
0.1
0
1.324
2.448
1.424
1.424
1.224
0.5
2.948
1.624
1.324
0.4
2.548
0
1.424
2.448
1.224
0
1.224
0.2
0.3
3.048
1.224
1.224
0.1
2.448
3.924
2.624
1.624
0.3
3.148
2.648
1.224
0
0.1
0
2.548
0.1
2.448
0.7
1.224
0
3.672
1.224
0
1.324
2.748
1.324
0
1.224
1.224
1.224
0
2.448
1.224
0
2.648
1.224
2.848
2.324
0.4
1.524
2.548
2.748
0
1.424
1.224
2.324
4.648
2.648
0
1.224
0
0.2
0
3.048
1.224
2.848
1.324
0
1.624
1.224
2.448
1.424
2.448
1.324
0.2
1.224
0.4
2.448
2.548
2.448
0.1
2.448
1.224
0
0
0
2.648
1.224
1.224
1.324
1.324
1.224
1.224
1.224
0
1.324
0
0
1.524
2.448
1.324
1.324
1.224
2.648
1.324
0
3.772
1.324
2.448
1.924
1.324
0
1.324
3.748
1.324
0
0.2
0.1
0.5
0.3
2.548
0.5
0.4
0.1
3.548
1.324
1.224
2.448
2.448
2.548
1.324
0
2.224
2.824
0
0
1.224
2.448
0.1
0
1.424
0.2
0.1
1.224
0.3
2.548
0
1.624
2.448
0.2
0
2.548
2.448
1.224
1.224
1.524
0
0
0.2
2.448
1.424
1.524
4.048
1.624
0
1.224
1.524
1.224
0
1.224
0
3.772
0.7
1.524
0.1
1.524
1.424
2.448
3.448
4.148
0.2
2.448
2.548
2.548
0.3
2.548
3.124
2.548
4.972
2.748
0.8
1.424
3.048
2.448
4.172
2.848
2.448
2.848
0
0
0
1.224
0
2.448
0
1.324
1.524
1.224
1.524
4.148
2.448
3.048
1.224
0.1
0
1.224
2.548
1.524
1.924
2.948
2.748
1.224
4.872
2.648
2.448
0.2
0.1
0.2
3.672
4.572
3.972
1.224
0.6
0.2
0
1.524
1.324
2.848
0.1
0.1
1.224
2.548
1.224
1.424
1.724
0
0.1
1.324
1.224
2.324
1.424
0.1
0.1
2.948
2.024
1.224
1.324
2.624
1.824
0.6
1.224
2.548
0
1.524
1.624
1.524
1.224
1.224
0
3.124
0
2.524
1.936
1.224
0
1.924
1.224
0.4
0.2
0.1
0.4
0.2
2.124
0.4
1.224
0
0
0
0.1
2.548
0
5.972
0.1
0.5
0.4
0.1
1.224
0.3
1.224
2.448
1.224
0
0.1
1.424
3.148
1.724
0.5
0
1.224
1.524
1.224
0.1
0
0
4.5
0.1
0
0.2
0.1
3.524
1.424
1.724
0
1.3
0.2
1.724
1.324
0
1.424
1.224
1
0.4
1
0
0.2
1.224
1.224
0.1
1.524
1.324
0.1
1.2
0.3
0.8
1.324
1.424
1.224
0.1
1.624
2.424
1.424
1.324
1.324
1.424
2.648
0.4
0.4
3.672
0
0
1.324
0
0.6
1.524
0
1.224
0
1.224
1.2
1.524
0.2
2.548
0.3
1.424
1.324
1.324
0
0.3
2.324
0.4
0
1.324
1.224
2.324
0
0.3
0
1.224
1.324
1.524
0.8
0.2
0
0.7
0.4
0.1
1.424
1.924
0
0.3
0.3
0
1.224
0.1
2.848
2.748
0.3
0.1
0.3
1.224
0
1.424
1.224
0.1
2.748
0
0.4
1.324
0
1.224
0.3
0.2
2.748
0.4
0
0.6
1
0.9
0
2.2
0
0
0.1
0.8
1.524
3.048
1.324
3.724
1.324
1.224
2.448
1.324
0.2
0.5
2.224
0.2
0.1
1.424
1.224
0.2
0.3
1.224
0.2
1.224
1.224
0.2
2.524
0
1.2
1.324
0.3
1.224
1.724
0.6
0.5
2.224
1.724
0.1
0.2
4.924
0
0.2
0.3
1.324
0.9
0
1.424
1.424
0.2
1.1
1.324
0
0
0.6
0.2
0.1
1.1
0
3.048
1.724
0
0
0.3
0.1
0
0
0.1
0.2
1.424
0.1
1.324
1.224
2.024
0.3
0.4
1.624
1.424
0.4
1.924
1.224
1.324
0
3.924
2.824
1.224
1.324
1.624
1.324
1.224
0.2
1.224
0.6
1.824
0
1.324
0.2
1.824
1.324
0.2
1.224
0.4
0.1
0.4
2.724
2.448
0.2
0
1.324
0.1
0.6
0
1.224
1.624
0.2
0.2
1.224
0.2
0.6
1.924
0.4
0.1
0.3
1.424
1.224
0
1.424
1.324
0.2
0
0.2
1.724
1.424
0
0.1
0.4
0
0.1
2.924
2.624
1.524
2.024
0.2
2.224
1.224
0
1.7
1.424
1.324
1.224
1.224
1.424
1.324
0
1.824
0.2
1.424
1.224
0.2
0.2
0
0.5
3.772
0
0
1.324
0.4
1.4
1.624
0.1
0
1.224
0.7
0.2
0.1
1.624
0
0.1
2.548
0.1
1.724
1.324
0.2
0.1
0.5
1.324
1.724
0.3
0.5
1.324
1.524
1.624
1.224
0
1.324
2.748
0.2
0.6
0
0.2
2.548
0.1
0
0.4
0.3
0.7
0.3
0.6
1.224
1.224
1.224
0.2
1.624
2.448
0.1
0
0
2.448
0
0
1.324
1.824
1.224
1.424
1.924
0.2
1.324
0.2
1.324
1.224
0.9
1.224
0.3
2.448
0.2
1.224
0.5
0.5
0.8
1.224
0.1
0.3
0.7
0
1.624
1.624
1.424
0
1.3
0.8
1.6
1.324
0
2.448
1.224
1.924
0.1
0
0.6
0.1
0
0.1
1.224
0.3
1.424
1.324
0.1
0.2
0.1
0.1
0
0
0.1
0
1.524
0.5
3.924
0.8
1.424
1.824
0
1.624
1.524
0.5
0.1
1.324
0
2.548
1.224
0.6
0.6
1.724
0.3
1.224
2.924
0
0
0.7
0
1.224
2.424
1.524
1.324
2.024
0.8
0
0.2
0
2.224
1.224
1.224
1.924
0.3
0.1
2.548
0
1.224
0.7
0.1
0.1
0.3
1.224
1.324
0
1.324
0
1.224
0
0.8
1.2
0.2
0
1.324
0
0.1
0.1
1.424
1.224
2.1
0.2
1.224
0.1
0.2
0.1
0.1
0
0
1.524
1.524
1.224
1.424
0.1
1.224
0
3.824
0.1
1.224
0.8
2.424
1.224
1.224
0.6
0
0.2
0
1.224
0
1.324
1.224
0
1.424
3.224
0
0
0
1.224
1.224
0.1
0.2
1.624
2.748
0
1.224
1.224
0.7
1.424
2.648
0
1.324
1.624
0
0
2.648
1.224
1.324
0
0.2
0.2
0
2.324
1.4
1.524
0.3
1.824
0.1
0
0.2
1.424
1.424
0.2
0.1
1.424
0
2.224
1.324
1.724
1.724
1.424
0
0.5
0.6
2.948
0.4
0.1
1.224
0
0.3
2.024
3.148
1.724
1.824
0.1
0
0.2
0.3
0
0.5
0.2
1.224
0.6
0.2
0.3
2.424
1.2
0.1
0.2
1.424
2.448
0
0.1
1.624
2.448
1.224
0.1
0
1.224
2.448
0
0.3
1.324
2.448
0
1.224
1.324
0
0.1
1.324
1.224
3.424
1.224
2.224
1.524
1.924
2.3
2.548
1.224
1.224
3.224
0
0.2
1.224
0.8
0.2
0
0.2
0.1
0.2
1.324
2.024
0.8
1.824
3.548
0.3
1.4
1.524
0
0.4
1.324
0.5
1.724
0.3
1.624
1.624
1.224
1.224
0.1
0
0.2
0.2
0.5
0.7
0.2
0
5.324
0.4
0.3
0.2
2.548
1.724
3.124
2.624
0
0.5
0.1
0
1.924
1.424
1.624
0.5
0.2
0.7
0.6
0
0.6
5.148
0.3
0.6
0
1.424
0.6
0
0.6
0
0
0.2
1.424
0.2
0.7
0
0.6
2.024
1.924
0.1
1.324
0.2
2.624
1.424
0
0.1
1
0.8
0.1
0.3
0.4
0
1.524
1.624
2.324
0.1
1.524
0.6
1
0
0
1.524
0.4
1.1
2.448
0.2
0.6
2.824
1.224
0.2
0
1.424
1.224
0
0.2
1.4
2.024
1.224
0.4
1.924
2.836
2.836
1.936
2.536
1.936
3.46
1.324
2.024
0
0.3
1.324
0
1.224
2.436
2.448
1.424
0.1
2.948
2.224
0.1
0
1.524
1.3
1.224
3.7
1.324
0.2
0
1.224
1.224
2.448
0.1
0.2
3.248
0
3.048
1.224
2.548
0.1
1.224
0
6.248
0.1
1.224
0
2.424
0.6
3.824
1.1
1.224
1.8
1.624
2.548
0.2
0
0
1.224
1.324
2.448
1.224
0.1
2.448
0.5
3.672
0
1.324
1.424
0.2
1.524
1.324
4.172
0
1.324
1.424
2.548
1.424
0
1.524
0.1
4.372
1.224
1.324
0.1
2.448
1.224
0
0.3
3.948
1.224
0.6
0.5
0
1.224
1.224
0.1
1.424
2.448
0.5
1.524
0.3
1.624
1.324
1.324
2.448
3.672
2.848
1.624
2.448
2.448
1.224
0
1.224
0.6
5.1
0.6
0.1
1.2
4.048
0.5
