1.924
0.3
3.748
1.324
2.648
0.1
0.1
0
1.424
0
1.424
1.324
0.2
0.4
0.6
0
0
0
0
0
1.324
1.324
0
0
1.224
0
0
1.624
2.448
1.224
0
2.448
2.324
1.324
0.1
1.324
1.224
1.224
0
1.524
1.324
2.424
0
0
0.2
1.224
0.1
0.7
1.424
2.648
1.324
0
2.748
0.1
0.1
0
1.524
0
1.224
1.624
0.3
0.2
0.1
0.9
0.5
1.424
0
0.1
1.424
0.4
1.324
3.148
1.424
1.424
2.524
1.424
0
0.2
0
1.224
1.524
0
1.224
0.1
0
0
0.1
0
0.1
0
1.224
0.1
0.1
0.1
0
2.548
2.548
1.224
0
0
0.1
0.5
0.2
1.324
0
1.224
1.224
0.9
0.3
1.224
1.424
0
1.224
1.224
0
0.1
1.224
0.2
1.224
1.224
1.3
0.1
0.1
1.424
0
1.224
1.224
1.224
0.1
1.524
1.224
0.1
0
0
1.324
0.4
1.224
1.424
1.724
2.636
1.324
0.1
1.836
1.824
0
0
1.424
0.2
1.224
0
1.324
1.224
1.324
1.324
1.624
1.524
0
0.1
1.524
0.1
1.424
0
1.224
0
0.4
0.1
0
1.224
0
2.2
1.324
1.524
1.224
1.324
1.224
1.524
0
0
1.224
1.824
1.524
2.024
0
1.424
0.2
1.824
1.624
1.324
0.4
1.224
0.1
2.548
1.624
2.024
1.424
1.424
1.324
1.324
2.448
0
1.224
0
0
0.2
3.76
0
1.324
2.848
1.624
1.424
1.224
3.36
0.2
0
3.06
1.7
3.06
0.5
0
1.836
0
1.224
3.448
2.648
2.448
2.448
2.448
2.548
2.548
3.672
2.448
2.448
1.224
0
1.224
0
3.024
1.224
0
1.724
0
1.624
1.324
1.224
0
0
0
0
1.324
0.9
0
0.2
0
0
0
1.224
0
0.1
1.224
1.224
1.224
1.224
1.324
0
1.224
1.224
0.2
1.224
1.224
1.224
3.06
1.424
1.224
1.324
0.2
0
1.324
0
2.548
1.324
1.224
1.224
2.848
2.448
2.448
1.224
1.324
1.224
1.224
1.224
1.224
2.448
0
0.1
0
0
0
0
0
1.224
0
1.324
0.1
0.1
0
0
0
1.624
0.1
1.424
0
0
1.424
0
0
1.224
1.224
1.224
0
1.224
1.224
0.2
1.224
0
0.2
1.224
0.1
0
0
0
0.7
0
0
1.324
1.224
0
0
0.1
2.124
1.224
0
2.448
1.2
0.1
1.624
3.36
2.448
1.224
0.4
1.324
2.648
1.224
1
1.2
0
0
1.224
0.1
0
2.748
2.548
0
2.448
2.448
1.224
0.1
0
2.448
0
1.224
1.224
1.324
0
1.224
0.1
0
0.4
0
0
0
1.424
1.524
1.224
0
1.224
3.06
2.448
3.972
2.548
1.224
1.224
3.772
1.924
1.324
1.524
1.224
0
2.448
2.448
1.224
2.448
2.448
2.448
2.448
2.448
3.672
2.448
2.448
4.784
2.448
2.024
2.948
2.548
3.06
1.324
1.424
4.284
1.224
1.224
1.224
2.448
2.448
2.648
1.524
2.548
2.648
1.224
3.672
2.748
2.648
1.224
2.648
2.448
1.324
2.748
1.424
4.384
2.948
2.748
2.548
2.448
1.224
1.324
2.448
1.224
2.448
1.224
2.448
3.048
2.548
1.324
1.224
1.224
2.748
1.224
4.384
1.324
1.224
1.224
3.048
2.548
2.448
2.448
1.524
2.448
1.224
1.324
3.348
1.824
1.224
3.048
2.848
1.224
2.548
2.748
2.548
1.624
1.224
1.524
1.524
2.448
1.224
4.284
1.224
1.324
1.224
2.448
2.548
1.224
2.448
2.448
1.224
2.448
2.448
3.16
3.06
1.224
2.448
3.248
2.448
1.224
2.548
1.324
2.448
1.224
2.448
2.548
1.524
1.224
1.224
2.448
2.748
2.448
2.448
2.448
2.448
1.224
3.672
2.548
1.224
1.924
2.448
2.448
4.284
1.224
2.648
3.048
2.448
3.06
2.448
2.448
2.748
3.148
3.672
3.06
2.448
2.448
2.548
2.448
2.648
1.324
2.448
1.224
2.548
1.224
2.548
2.848
2.848
2.448
4.384
4.284
1.224
2.448
2.548
2.448
1.224
2.448
2.948
2.548
3.16
1.524
2.648
1.224
1.224
1.424
3.672
2.848
2.748
3.672
3.772
2.448
1.524
2.448
1.224
2.448
1.224
1.324
2.448
2.448
2.748
2.548
1.224
2.448
1.224
1.324
2.448
2.448
2.548
1.224
2.448
2.448
2.548
3.06
1.624
1.224
2.448
2.548
2.548
3.06
2.448
2.448
1.224
1.224
1.224
2.448
1.324
1.524
2.448
1.224
1.224
4.284
1.324
2.548
1.324
1.224
1.924
1.224
1.224
3.148
2.548
3.672
1.424
1.224
3.06
2.548
1.224
1.324
2.548
4.272
1.224
1.224
2.548
4.284
2.648
2.448
1.524
2.448
1.224
1.224
2.448
1.324
2.548
2.448
1.224
3.248
2.448
2.448
1.424
1.224
2.448
1.224
2.448
4.384
1.424
2.548
2.448
2.448
2.448
1.224
1.424
2.748
1.224
3.972
2.448
1.224
2.448
1.224
1.324
3.672
2.448
2.548
2.448
2.448
2.548
2.548
1.224
2.448
2.548
4.072
2.548
2.448
2.648
1.224
2.448
2.648
1.324
2.448
2.648
2.448
1.324
2.648
1.224
1.224
1.224
2.448
1.224
1.224
1.424
2.448
2.448
2.448
3.672
1.224
1.424
2.448
3.06
1.224
2.448
2.548
2.448
2.548
2.448
2.448
1.224
1.224
2.448
1.224
2.648
2.548
1.224
1.224
2.548
2.448
1.224
4.284
2.448
1.224
1.224
2.448
1.224
1.824
2.448
1.424
2.448
1.224
2.448
2.448
2.448
2.748
1.424
3.672
1.224
2.648
1.424
2.648
2.748
2.448
2.448
3.772
1.224
2.548
2.548
1.324
2.448
2.448
2.648
2.448
2.224
5.572
1.324
1.324
1.524
2.548
2.448
2.448
2.448
2.448
1.224
2.548
1.424
2.548
3.872
4.284
1.224
1.224
2.448
2.548
2.548
2.448
1.324
3.672
3.672
2.748
4.284
1.224
2.448
2.448
1.424
2.448
1.524
1.324
2.448
2.548
1.324
1.424
1.324
3.672
1.224
1.324
1.624
2.448
2.448
2.448
2.548
2.548
1.224
1.524
4.284
2.648
2.448
2.448
2.548
2.448
2.448
2.748
1.224
1.224
2.448
2.448
2.448
1.224
2.448
2.448
1.224
2.448
1.324
1.224
2.448
2.448
3.672
1.224
3.16
2.448
2.448
2.448
2.448
1.224
2.548
1.224
2.448
1.224
1.224
1.224
2.648
2.448
2.548
2.448
1.324
4.284
1.324
2.448
1.324
2.448
2.548
1.224
3.672
3.448
1.224
1.224
2.448
2.648
3.672
2.448
1.224
2.748
2.548
2.448
3.048
1.224
3.772
2.448
2.448
2.448
2.448
2.448
3.148
3.548
2.548
1.224
2.548
1.224
2.648
2.548
1.224
2.548
3.772
1.224
2.548
1.324
3.672
2.548
2.448
1.524
1.224
1.224
1.224
1.224
1.224
2.448
4.284
4.484
1.324
1.324
1.224
1.324
2.024
2.648
2.648
2.448
1.524
1.324
3.672
1.224
11.408
2.448
2.548
2.448
2.448
1.424
4.284
1.224
2.648
2.548
2.648
2.448
1.224
2.448
3.872
2.448
4.872
1.224
3.148
2.548
4.384
1.324
2.448
2.448
1.624
2.448
2.448
2.548
2.448
2.448
2.448
2.548
4.284
2.448
2.448
2.448
2.748
2.448
2.648
1.424
1.224
2.848
1.224
3.26
4.284
2.448
1.224
1.324
2.648
2.448
2.748
2.448
1.624
1.224
1.224
2.448
2.448
2.548
1.224
1.524
1.324
2.448
4.272
2.748
2.448
2.448
2.448
1.424
4.284
2.448
1.224
2.448
1.224
2.448
2.648
2.448
2.448
2.548
2.548
2.648
2.548
2.448
2.448
2.648
0.1
0
1.324
1.824
1.524
0.5
2.448
0
1.224
0.2
1.424
1.424
0
1.224
0
0.8
1.836
0.4
0
2.448
2.448
1.624
1.224
0.2
0.1
0
1.324
1.324
0.2
1.324
0
1.224
1.324
1.224
1.224
0.1
1.224
0.6
1.224
1.824
2.648
1.224
0
1.624
0
0
0
1.224
1.224
1.224
0.5
0.1
0.2
1.324
1.324
0
0
1.224
1.224
1.424
3.824
0
1.224
1.224
1.224
1.3
0
0.1
0
3.348
2.548
0
0.2
3.06
1.224
1.224
3.248
2.548
2.524
0
1.424
1.324
0
1.424
0.3
0.1
1.224
1.424
1.324
1.524
0
2.948
2.448
1.224
0.2
2.524
1.424
1.524
0.1
0.1
1.424
2.848
3.048
0
1.224
2.548
1.424
1.224
2.724
1.224
1.224
0
1.324
0
2.124
0
1.324
1.224
1.424
0.2
0
0
0
0
0.2
3.048
2.448
1.224
0
1.624
1.224
2.448
1.324
0
0.1
1.324
1.424
1.324
1.224
1.824
1.924
1.324
1.824
0.5
1.224
3.048
1.224
1.424
0
1.624
1.224
1.224
1.324
1.324
0
0
0.1
1.224
1.224
1.324
0.2
1.224
1.524
0
2.448
0
1.524
1.324
0
1.224
2.448
1.424
2.124
1.224
1.224
1.3
3.06
1.224
1.424
3.148
1.524
0.3
1.424
0.7
1.524
0
0
0.1
0.1
1.624
1.824
1.224
1.224
2.448
1.224
1.624
1.324
0
2.448
1.224
1.224
1.224
0.3
1.224
2.124
0
1.524
0.2
0.5
2.948
1.424
1.924
2.548
1.424
2.548
1.1
1.224
1.224
1.324
0
1.324
1.224
0.2
0
1.424
1.924
1.424
1.224
1.224
2.648
1.524
1.224
1.724
0
2.124
0.2
1.224
1.224
0
2.448
1.224
1.224
1.224
1.224
0.1
1.324
1.224
1.224
1.724
1.324
1.524
2.648
1.424
2.648
0.2
0
0.1
1.224
1.5
0.4
1.224
0.1
0.1
0.1
1.424
1.424
0.1
1.724
1.724
1.224
0
1.224
1.224
1.624
2.648
0
2.648
1.224
0.5
0.4
0
2.748
1.224
0
1.324
3.048
1.224
1.224
1.524
1.224
1.224
1.224
1.224
2.024
2.548
1.924
2.448
1.324
2.448
0.3
1.224
3.16
0.1
1.224
1.224
1.224
0.3
0
1.524
3.06
4.16
1.224
3.16
3.048
0.5
2.448
0.4
1.424
0.2
0
1.224
3.348
0
1.324
1.224
1.224
0
1.224
1.224
1.924
1.324
1.324
1.324
1.524
3.16
1.224
1.424
0
1.324
1.324
1.224
1.724
2.024
1.324
1.324
1.224
0.2
2.948
2.648
1.424
0.1
1.324
2.448
0
1.624
0.8
0
3.06
2.448
1.324
1.324
0.3
2.548
1.424
0
0
0.1
1.224
0
0
1.424
1.224
1.424
1.224
1.324
0
1.224
1.424
1.224
0.1
1.224
1.224
2.324
0.1
1.224
0
1.224
1.224
1.324
1.324
1.224
1.224
1.224
2.548
1.224
1.324
3.248
0
0
1.224
2.748
0
2.548
0.1
0
1.724
0
0
0
1.624
1.424
1.724
2.948
3.348
1.224
2.748
3.46
1.824
0
3.148
1.424
1.424
1.224
2.124
1.824
1.924
0
1.224
1.324
1.224
1.624
1.224
1.224
1.324
1.224
0
1.324
0
0.1
0.1
1.324
0
1.324
2.448
1.524
1.224
2.448
2.448
1.224
1.524
3.148
3.848
1.924
0.2
2.548
0
0
1.524
0.1
0.4
1.324
1.224
1.524
0.1
1.424
2.848
0.3
2.448
0
0.3
0
2.448
0.5
3.26
1.224
0.4
0
1.324
1.624
1.724
1.324
1.224
1.224
3.048
0
1.224
1.624
2.948
1.424
0
1.224
1.224
1.924
1.624
0
1.224
1.324
0
2.448
0.1
2.448
0.1
1.324
0.2
1
1.224
1.224
1.524
1.224
0.1
1.424
0
1.224
1.724
2.648
0.1
1.224
1.524
1.224
1.224
1.324
1.324
1.724
0.1
0.2
0
0.1
1.224
1.224
0.6
1.324
0
1.624
0.6
1.224
1.224
1.324
1.324
1.224
1.224
1.224
0.1
1.324
1.224
0
1.224
3.348
1.224
1.224
1.224
0
1.624
1.224
1.224
1.224
1.324
1.224
0
2.448
2.748
1.424
0
1.224
1.224
1.724
0.1
1.224
0
0
1.324
1.224
1.324
1.324
1.224
2.124
2.724
1.524
3.048
0.1
1.324
1.324
1.324
0.2
1.324
1.324
2.448
0
1.224
0.3
0
0.3
1.524
2.548
1.224
2.124
1.424
1.424
2.024
1.224
0
1.324
0.1
1.624
3.048
1.424
1.324
1.224
0
1.224
2.024
1.224
1.624
3.26
1.224
1.424
1.424
2.748
1.924
3.448
1.524
2.848
1.424
1.324
2.448
0.1
2.548
0.1
0
1.224
1.224
1.224
1.224
1.224
1.224
0
0.1
1.224
1.224
0.1
1.224
1.224
1.524
1.224
2.524
0
0
0
0.5
1.924
1.224
0
0.1
2.224
1.324
0
1.524
1.624
2.548
1.524
0.1
1.524
0.1
0.3
3.248
1.624
0.2
0.2
0.3
2.524
1.424
1.324
1.324
0
1.624
3.048
1.324
0.2
1.624
0.2
0
1.624
2.448
1.324
1.224
1.424
1.624
2.448
1.224
2
2.448
2.448
1.224
0.1
0.7
0.6
0.7
1.224
3.248
1.224
0
1.724
1.324
0.2
1.724
0.1
1.524
0.1
2.748
1.624
2.424
2.448
1.324
1.324
0
2.848
1.324
3.048
1.224
1.324
1.224
1.524
1.224
1.424
1.224
1.324
1.624
1.724
1.524
0.3
1.224
0.3
1.324
1.224
1.224
3.648
1.624
1.224
1.324
1.224
2.448
2.648
1.224
3.548
2.548
1.624
2.748
2.024
1.224
1.224
1.324
2.948
1.924
0
1.224
2.748
1.924
0
1.424
1.424
1.624
0.1
1.424
1.324
2.324
1.724
1.224
2.948
2.124
1.524
2.024
0.1
1.624
0.1
2.024
1.224
2.848
2.448
2.548
0
1.224
0.1
1.524
0
1.424
1.424
0.1
2.024
1.324
2.448
1.324
1.324
0
1.4
0.1
2.548
1.224
0
0
1.224
1.224
0.2
0.3
1.224
0
0
0
2.448
0
1.224
2.624
1.224
1.224
1.836
1.824
1.624
2.324
2.224
1.224
1.824
1.424
1.224
3.26
1.224
1.224
0.2
0.2
0
1.224
0
0
1.324
0
1.836
0
1.224
0.1
0.4
1.324
0.1
1.424
0
0.1
0
0
1.224
0.1
1.224
0.1
1.224
1.324
1.224
0
1.224
1.224
0
1.624
2.448
4.484
2.748
1.224
0
1.224
0.1
2.548
2.448
2.548
2.648
2.548
2.748
2.548
2.448
2.448
1.224
2.648
0
1.224
1.224
1.224
1.224
0
0.3
2.324
1.524
1.424
2.748
0.3
2.448
