1.524
0
4.072
2.648
3.772
1.936
0
1.224
0
0
0.1
1.224
0.1
0.7
0
0.1
0
1.224
1.224
1.224
3.16
3.46
1.224
1.224
0.1
1.224
2.848
2.548
3.672
2.448
1.224
2.448
0.4
0
0.1
0.1
0
0
0
0.3
0
4.984
0
0
0.1
1.224
1.524
0.1
0.2
1.224
1.324
0
1.324
0
0
1.224
0
0
0
1.824
0.5
0.2
0
1.324
3.16
0
0
0
1.224
0.6
0
1.524
0.1
1.836
5.184
0.1
0
0.2
0
0
2.748
0
1.224
0
0
0
0
0
1.224
1.524
0.2
1.224
1.324
0
0
1.224
1.224
0
1.224
1.224
0
0.1
0.2
0
2.448
0
1.324
0.3
0
0.1
1.324
1.224
0
1.224
0
1.936
1.224
1.224
0
0
1.8
0
1.224
0.2
0
0
0
1.224
0
1.324
1.524
0
0
0
4.484
0.1
1.224
1.224
1.424
1.224
0
1.224
0
1.424
0
0
1.224
0.1
0.1
0
1.324
0.2
0
1.224
0.2
0
1.424
0.1
1.524
0.1
0
0.1
0
1.224
1.224
0
1.324
0
1.224
2.324
0
0.4
2.448
0
2.448
2.648
0
0
3.16
0.1
0.1
1.224
0
2.448
1.724
2.748
1.624
1.224
0
2.448
0.2
1.324
0
1.424
1.224
1.224
1.224
1.324
1.224
1.924
1.836
1.224
1.224
0.2
0.8
0.1
0
1.624
2.548
1.324
2.548
0
1.824
0
1.936
1.924
0
3.66
0
1.936
0.1
2.448
3.148
3.872
3.672
2.448
2.448
2.448
3.972
2.448
3.972
3.672
1.224
1.836
2.648
0.3
3.448
3.16
3.06
1.324
1.836
1.624
3.36
1.224
1.224
1.224
1.224
1.224
1.224
0.9
0
0
0
0
1.224
1.224
1.836
0
2.648
1.624
2.548
0
0.1
0.2
2.448
0
0.2
2.448
0.1
2.448
0
0
0.1
2.448
0.3
0
2.548
0
2.448
1.224
3.672
1.224
4.072
3.672
3.872
0
1.224
1.224
1.224
3.16
3.06
3.672
0
0.2
0
1.224
1.224
1.324
0.2
1.224
1.324
1.224
0.1
0.3
0.2
0
0.1
0
1.224
0.2
1.224
0
1.224
1.224
1.224
2.648
0
2.448
0.1
2.548
1.224
0.1
1.324
1.524
0.2
0.1
0
1.224
0
0
1.524
1.524
1.224
3.26
3.06
0
0
0
1.624
0
1.224
1.224
0.6
1.324
0.3
1.524
1.324
2.948
1.724
1.324
2.548
1.324
0.5
1.924
1.224
2.036
0
1.224
1.224
1.324
1.324
0
1.224
1.224
1.224
0.1
1.324
2.448
2.036
2.448
2.448
1.224
1.324
1.224
1.224
0.1
1.424
0
0
0
2.648
2.848
2.448
0
2.448
1.224
3.672
2.648
1.324
1.324
1.324
3.872
3.548
2.448
2.548
1.224
1.936
1.424
1.224
2.448
3.672
5.608
1.224
2.748
2.548
4.384
3.872
3.672
2.648
3.672
2.224
2.548
2.548
3.06
2.748
1.324
1.224
2.448
3.872
1.224
4.384
5.808
2.448
2.848
2.548
2.748
4.284
2.548
3.348
4.472
2.548
2.448
2.548
1.524
4.172
2.648
1.224
2.648
2.848
3.872
3.672
6.008
2.448
3.672
2.548
5.508
2.448
2.548
2.448
4.584
2.548
3.06
2.448
2.548
1.224
1.224
3.66
2.448
2.648
5.472
2.748
2.548
2.448
2.024
3.672
1.324
1.624
3.548
4.584
2.448
2.748
1.424
1.224
2.548
3.772
2.648
2.548
4.284
1.424
2.748
2.548
1.224
1.224
1.324
2.548
1.224
3.772
2.548
2.548
2.448
1.224
2.448
5.808
3.872
1.224
3.06
2.548
2.648
3.872
3.772
3.16
2.548
1.824
2.448
1.324
2.548
5.608
3.248
2.548
1.324
1.224
3.972
3.672
4.284
3.772
3.772
4.284
2.448
3.672
1.324
2.848
2.548
1.224
2.448
2.448
4.272
3.048
2.548
4.284
1.224
3.772
3.872
3.772
2.448
1.224
3.772
2.448
1.224
2.748
1.324
2.548
2.448
2.548
1.324
2.648
2.648
4.172
6.608
2.548
1.224
1.224
1.324
3.772
2.548
1.224
3.06
2.448
3.772
2.748
1.324
2.648
1.324
1.224
1.224
2.548
4.284
3.46
2.848
4.584
3.872
2.448
1.324
2.448
2.448
2.548
3.06
2.448
2.448
2.548
1.424
2.548
2.448
2.448
1.224
1.324
4.384
3.672
1.224
2.548
2.648
2.648
3.672
4.284
1.824
1.324
1.224
2.448
2.448
3.06
3.672
1.224
2.448
2.648
1.224
3.672
2.448
6.208
2.748
2.548
2.448
1.224
2.548
3.048
3.36
1.224
2.224
1.324
1.224
1.924
3.672
3.672
2.448
1.224
1.224
2.548
2.448
2.648
3.972
3.872
1.224
1.324
2.548
1.224
4.384
2.548
2.448
5.508
2.448
1.224
2.448
2.548
3.672
3.06
1.224
3.872
2.548
2.548
1.524
2.448
2.948
2.448
1.224
1.224
1.424
2.548
3.672
4.584
3.772
2.448
1.424
4.272
1.324
3.872
4.284
3.06
2.548
1.224
2.748
3.772
1.224
3.672
2.548
3.772
3.772
4.848
1.224
3.672
2.448
2.848
3.972
1.324
2.548
4.684
1.224
3.672
2.448
2.448
3.672
2.548
1.224
3.872
3.06
2.548
2.648
2.448
1.324
2.548
1.224
2.448
3.672
3.672
2.648
2.548
2.448
4.896
3.16
1.224
2.648
4.884
1.224
3.772
1.224
3.772
2.448
1.224
2.448
2.548
3.772
2.448
2.448
1.224
3.672
2.448
1.324
1.224
1.324
3.06
2.448
3.672
2.448
5.184
2.548
1.724
3.672
2.448
5.608
2.448
5.508
2.648
2.448
4.996
1.324
2.748
3.772
2.448
3.872
3.672
2.548
2.648
1.224
1.324
2.648
2.948
2.448
3.672
2.448
3.672
2.324
4.272
1.524
2.748
1.424
3.672
2.448
1.224
2.448
4.284
2.448
4.584
4.284
2.748
3.872
1.224
2.448
2.448
1.224
3.772
3.872
3.672
1.224
2.548
2.548
3.672
1.224
2.448
5.508
2.448
2.648
1.324
2.748
2.648
4.484
4.072
2.448
2.648
1.424
4.896
3.06
2.648
2.848
6.608
2.448
4.284
2.448
2.448
3.06
3.672
1.224
3.872
3.672
2.448
5.196
3.672
3.672
3.772
2.448
2.548
2.548
3.672
2.548
2.448
5.808
3.772
3.36
5.608
1.224
1.224
2.448
1.224
3.972
1.224
1.224
2.748
5.508
1.324
5.508
1.224
1.224
1.324
1.224
1.224
1.224
2.448
3.672
3.772
2.448
3.672
2.448
3.06
2.448
2.548
2.448
3.972
3.772
1.224
3.672
4.372
2.448
1.424
2.448
2.548
4.584
2.448
2.448
2.848
1.524
2.448
3.872
2.648
4.896
4.896
2.448
3.872
5.608
2.448
4.672
1.624
1.324
1.224
5.508
2.448
2.448
2.548
4.484
2.648
2.548
2.448
2.448
2.448
2.448
4.072
3.672
1.624
1.224
2.548
2.548
1.224
1.224
2.548
1.224
1.224
1.424
2.448
1.224
1.424
3.048
2.748
2.648
1.224
1.524
2.448
2.448
1.224
2.448
3.672
1.324
11.132
4.284
3.26
3.26
2.448
4.272
4.672
2.548
3.672
2.548
3.672
4.384
3.672
5.196
2.548
5.172
4.172
2.648
1.324
3.972
3.672
3.048
3.672
3.772
3.672
4.484
4.384
4.284
3.772
2.448
3.972
2.448
3.972
3.672
3.772
4.072
2.648
2.448
3.872
1.224
1.224
2.448
1.324
2.548
2.748
5.484
4.072
6.808
3.672
2.648
2.448
2.448
4.484
2.448
4.384
4.284
4.684
4.784
3.672
2.448
5.508
4.284
4.584
4.484
2.648
4.484
2.448
2.448
3.872
1.224
3.772
4.172
2.748
2.548
3.772
3.772
4.172
2.548
1.224
1.324
3.672
1.424
1.224
2.448
3.148
2.648
2.136
1.224
1.224
1.224
0
1.624
2.748
0
3.06
0
0.8
1.836
1.324
0
2.448
2.548
1.424
2.448
0.1
0
3.26
1.224
0
0.1
1.224
0.1
0
1.224
0
0
1.224
0
2.024
1.324
0.6
1.224
1.224
1.224
1.524
0
0
0
1.224
1.224
0
1.424
1.724
0
1.224
0.1
0
1.224
1.224
1.424
1.524
2.524
1.224
1.224
1.324
1.424
0.3
1.324
0.1
1.324
1.324
1.224
0
0
1.836
1.224
2.448
1.424
1.424
0.3
1.324
0
1.836
0.1
0.1
0.1
1.224
1.324
0.2
1.424
1.424
0.2
2.648
1.424
1.224
0.1
2.448
1.224
1.224
0
1.224
2.648
1.324
1.224
1.224
1.224
1.224
0.1
3.06
1.524
1.424
1.224
0
1.324
1.224
1.424
0.1
1.224
2.448
0
1.936
0
0.1
1.324
1.324
0.1
1.324
1.224
1.324
0
1.624
1.224
1.224
1.224
0
1.424
1.624
1.424
3.06
1.224
1.624
1.324
1.224
1.424
0.1
1.224
1.224
0.1
1.224
1.224
1.224
0.1
0
1.324
4.584
0.1
0
1.324
1.224
1.224
1.224
1.324
1.324
0
0
1.224
1.224
0.2
1.224
1.224
1.324
2.448
1.324
1.424
1.524
1.224
0.4
0
1.224
1.324
1.524
1.524
1.224
1.224
0.4
0.2
0.1
1.324
0.1
1.224
1.424
0.3
1.324
1.224
1.224
0
1.324
1.224
0.1
1.224
1.224
1.224
1.224
1.424
1.224
0.1
0
1.224
0.1
0.2
1.224
1.524
1.524
2.548
1.224
1.224
1.1
1.224
0
2.448
1.224
1.324
1.224
0
0
0.2
1.224
0.1
0
1.224
1.524
2.448
1.424
1.324
0
2.648
1.424
1.224
1.224
1.224
3.06
1.224
0
0.1
3.06
0.1
1.224
1.224
1.324
1.524
1.224
0.2
1.424
0.1
1.224
0.1
0
0.1
1.224
0.3
0.6
0
0
1.936
0
1.224
1.324
0.1
1.524
2.548
0
1.224
0
0
0
2.448
0
1.224
0.1
2.236
0.1
1.224
1.224
1.224
0
2.648
1.224
1.224
2.448
1.224
0.1
1.224
1.224
1.324
1.424
1.524
1.324
1.324
4.284
1.224
0
1.324
2.036
0
1.224
1.224
1.224
1.524
1.224
0.1
0
0.1
0
0
1.524
0.2
1.224
0.2
1.224
3.26
0
1.224
1.524
0.2
0.1
1.224
3.672
0
1.324
1.224
1.324
0
1.224
0
1.224
0
1.224
0.2
1.224
1.224
1.224
1.324
1.224
0.4
1.424
0
0
0
1.424
1.224
1.224
0.3
1.224
3.06
1.424
0
0.2
0
0
3.06
1.324
0
0.4
1.424
0.1
0
0
0
2.448
1.224
0
2.548
1.224
1.224
1.224
1.424
1.224
1.224
1.324
1.424
1.936
0.3
1.324
0.1
0
1.224
0
1.224
1.224
2.448
0.1
1.324
1.224
2.448
1.224
1.224
0.1
2.648
0
0.1
1.224
1.324
0.1
1.224
0.1
1.224
0.4
0
1.936
1.224
1.224
1.224
3.36
1.424
2.548
0
1.224
0.1
0.1
0
2.548
2.036
1.424
1.324
0.4
1.424
0.5
0.1
1.224
3.772
1.224
0
0
1.224
1.324
0
0.1
1.224
1.836
1.224
0.2
1.224
1.224
1.324
1.324
0.2
0
1.224
1.324
1.224
1.936
1.224
1.824
1.324
0.1
1.624
1.224
0.1
1.424
0.2
0
2.448
1.424
2.448
0
3.26
1.224
0.1
1.224
1.224
1.624
1.324
1.224
1.936
0.1
1.224
0.3
1.424
1.324
1.524
1.624
0
1.224
1.224
1.424
0.1
1.224
2.748
1.424
1.224
1.324
1.224
0
1.624
4.284
1.836
1.324
0.1
1.224
1.224
0
1.224
0
0
0.3
0.3
1.224
0
0
2.448
0.1
1.224
0
1.224
1.924
1.424
0.1
0
1.224
0
0
1.224
0
1.324
0
0
0
0
0.1
1.224
1.724
1.224
0
1.524
0.5
1.224
1.224
0.1
1.424
0
1.224
2.448
0
0
0
0
1.224
4.16
1.224
0
1.224
0
2.448
0.1
1.324
1.424
2.548
1.224
1.224
1.324
1.324
1.324
1.324
0
1.324
2.548
1.324
0
1.224
0
1.224
1.324
1.324
0.2
1.224
0.1
1.524
0.1
1.224
0.1
3.06
1.224
0
0
4.284
1.324
1.324
0
1.324
0.1
0
0.2
1.424
3.06
0
0.1
1.524
2.548
0
1.224
0
0
0.2
1.224
2.448
1.324
1.324
1.224
1.224
0
1.624
1.224
1.324
0
0
0
0.2
1.224
1.424
2.948
1.224
1.224
1.224
2.448
1.224
0
2.548
1.224
0
0.1
0
2.448
2.448
0
1.224
0
0
1.224
1.224
1.324
1.224
0
2.648
0
0.7
0
0
0
0.1
1.824
2.448
1.224
0.1
2.748
1.224
0
2.448
1.524
3.16
0
2.036
0.1
0
0.2
2.648
0.3
0.5
1.424
0
0.2
2.448
0
1.324
0.1
1.224
3.16
2.448
0
1.836
0
0
1.224
1.224
0
1.224
0
1.424
1.224
4.284
1.2
1.324
1.224
1.324
1.224
0.1
1.524
0.4
1.224
3.06
1.224
0
1.424
0
1.524
0.2
0.1
1.524
1.836
1.324
1.324
4.372
1.224
1.424
1.224
1.836
1.324
0.1
2.548
2.548
0
1.224
2.548
1.224
1.224
0
1.324
1.424
0.3
1.224
0
1.224
0.1
1.324
3.06
0.1
1.524
1.324
0
0.1
0.1
1.224
1.224
2.548
1.324
1.224
1.224
3.26
0.6
3.06
0
1.224
1.324
1.924
1.324
0
1.424
0.6
1.224
1.224
1.424
1.324
0
1.224
0
1.224
1.424
1.224
1.324
1.424
1.524
1.224
1.224
1.524
0
3.16
2.548
2.548
2.448
2.448
0
3.06
0
2.548
1.836
0
0
1.324
0.6
0
1.224
0
0.4
0
2.024
0.1
1.424
0
0
0
2.548
1.324
1.836
1.524
2.548
1.224
1.224
1.224
1.324
2.036
0
5.784
1.324
1.224
1.836
1.824
1.824
0.5
1.924
0
1.924
3.048
4.384
0
1.224
1.324
0
0.1
1.224
1.836
1.936
1.224
0.2
1.224
1.836
3.16
2.448
0
0.2
2.548
1.424
1.524
1.224
1.324
1.324
0.1
0
2.448
1.224
1.724
2.548
2.548
1.224
1.224
1.224
2.448
1.224
3.848
3.672
1.324
1.524
0.1
1.224
1.224
0.2
3.672
3.772
2.548
3.772
2.448
3.972
3.772
2.648
3.672
2.448
3.972
0
2.448
3.06
1.224
0
0
0.1
2.424
1.224
0
1.624
2.024
1.424
