0
1.224
1.824
2.548
1.224
2.036
1.224
1.224
0.1
1.224
1.424
0
0
1.524
1.524
1.224
0
1.224
2.244
2.244
2.856
2.956
1.02
2.244
2.344
2.244
2.244
2.244
3.468
2.244
2.244
1.224
0.2
0
0.1
0.2
0.1
0.1
0
0.2
0
2.136
0
0
0
0
0
0
0.2
0.2
0
0
0.1
0
0.1
0
0
0
0.1
0.1
0.3
0.1
0
1.524
1.936
0
0
0
0
0.2
0
0.3
0
1.836
2.436
1.824
0
1.324
0
0
0.2
0
0
0
0
0
0
0
0
1.524
0
0
0.1
0
0
0.2
0.1
0
1.224
1.224
0
0.1
0.1
0.1
0
0
0
0.5
0
0.1
0
0
0.1
0
0.1
1.936
0
0
0
0
0.8
0
1.224
0.1
0
0.1
0.2
0
0
0
0.1
0
0.1
0.1
2.036
0.1
0
0
0.1
0.2
1.224
1.224
0
0.2
0
0
0
0
0.1
0
0
0
0.1
0
0
0.2
0.1
0
0.1
0.1
0
0
0.1
0
0.1
0
0.1
0
0
1.824
0
0.1
0
0
0
0.3
0
0
1.836
0.1
0.1
0
1.224
0
0.1
0.2
0.1
0
0
0
1.624
0
0
0.3
0
0
0
0
1.224
0.3
2.036
0
0
0
0.5
0.1
0
0.2
0
0
0
0.1
1.624
0
1.836
0.6
0
3.86
0
1.836
0
0
1.524
1.224
1.224
1.224
1.224
1.224
1.224
1.224
2.448
2.448
0
1.836
0.1
0.1
0.6
2.036
1.836
0.1
1.836
0.3
2.036
1.224
0
0
1.224
0
0
1.924
0
0
0
0
0
0
1.936
0
1.224
0
0.1
0
1.224
0
0
0
1.524
0
0
0
0
0.1
0
0
0.2
0
0
0
0.2
0
1.224
1.224
1.324
2.448
1.324
0
0
0.1
0
1.836
1.836
1.224
0
0.4
1.224
0
0
0
0
0
1.424
0
0.2
1.224
1.324
0
0.1
0.2
1.224
0
0.5
0
0.1
1.224
1.224
0.1
0
0
1.224
0
0
1.224
0.2
0.1
0.1
0
0
0
1.324
0
1.424
1.324
0
3.36
3.16
0
0.1
1.224
0.4
1.224
0
0.1
0.7
0.1
0
0.1
0
0
0.2
0
0.1
0
0.5
0.5
1.224
1.936
0
0
1.224
0.3
0
1.224
0.1
0
0
1.524
0
0
3.06
0
0
0
0.3
1.224
1.224
0
0.3
1.224
1.224
1.224
1.224
1.824
1.224
0
2.448
1.424
1.224
1.224
1.224
1.324
2.448
2.648
2.748
1.224
2.548
0
1.836
1.324
1.224
2.448
1.224
3.16
1.224
1.424
2.244
3.06
1.224
1.224
1.324
1.224
2.748
1.324
1.324
3.06
2.548
1.224
1.224
2.448
2.244
1.224
3.06
4.284
1.324
2.648
1.224
1.524
4.284
1.224
1.424
1.324
2.448
1.224
1.324
1.424
1.524
2.448
1.224
1.524
1.424
2.548
2.448
4.384
2.548
1.324
2.448
3.06
1.224
1.224
1.224
3.06
2.548
3.06
2.448
1.624
1.224
1.224
4.384
1.224
1.224
3.648
1.324
1.224
1.224
1.324
2.448
1.224
1.324
1.624
3.36
2.448
1.424
1.624
1.224
1.224
2.548
1.324
2.648
3.06
1.324
1.324
1.224
2.448
1.224
1.224
2.448
1.224
1.224
2.548
2.748
1.224
1.224
1.224
3.06
1.224
1.224
3.06
2.448
1.224
1.324
1.224
4.284
1.324
1.424
1.224
2.448
1.224
3.06
1.324
2.448
1.224
1.224
1.424
1.224
3.06
1.224
1.224
4.484
1.224
2.448
1.224
1.624
1.224
1.224
1.224
2.448
1.424
1.424
1.224
3.06
1.324
1.224
1.224
1.324
1.224
1.224
1.224
1.324
1.224
1.224
1.324
2.548
1.224
2.448
1.324
2.448
1.224
1.224
4.484
1.224
1.224
1.224
2.448
1.424
1.424
1.224
3.06
1.224
1.224
1.324
1.224
2.448
1.224
1.224
1.224
2.544
3.06
3.16
1.524
3.06
2.448
2.448
2.448
1.224
2.548
1.224
3.16
1.224
1.224
1.224
1.424
1.424
1.224
1.224
2.448
1.224
3.06
1.224
1.224
2.448
1.224
2.748
2.448
3.06
1.424
1.224
1.224
1.224
1.224
3.06
1.224
1.224
2.548
2.448
2.448
1.224
2.448
4.584
1.324
2.448
2.448
2.244
1.224
1.424
4.484
2.548
1.624
1.324
1.224
1.524
2.448
1.224
2.648
1.224
1.224
1.224
2.448
2.548
1.324
1.324
1.224
2.548
1.224
1.224
3.06
1.224
1.624
3.06
1.324
1.324
1.224
2.448
1.224
4.284
1.224
1.224
1.224
1.224
1.224
2.448
2.448
1.224
1.224
1.224
1.524
1.224
1.224
4.284
1.224
2.448
2.548
1.624
1.324
1.224
3.06
3.06
1.224
1.224
1.224
1.324
1.224
1.224
1.224
1.224
1.224
2.748
1.224
2.448
2.648
2.648
1.424
1.224
2.448
3.26
1.224
1.224
2.548
1.224
2.548
1.224
2.648
1.324
3.06
1.224
1.224
1.224
1.324
2.448
1.324
1.224
1.224
1.224
1.224
2.548
1.324
1.224
3.16
1.324
1.324
3.16
1.224
2.448
2.244
1.224
2.448
1.224
1.224
2.748
1.224
2.548
2.448
2.448
1.224
1.224
1.224
1.224
1.224
3.06
1.224
2.448
1.224
4.584
1.224
1.424
1.224
2.448
3.06
1.224
3.06
1.324
2.448
1.324
1.224
1.324
2.344
1.224
1.224
2.548
1.224
1.324
1.224
1.224
1.424
1.224
1.224
1.224
1.224
1.224
3.148
1.324
2.448
2.444
2.648
1.224
1.224
1.224
1.224
3.06
2.448
3.06
3.06
1.324
1.324
1.224
2.448
1.224
1.224
1.224
2.548
1.224
1.324
2.448
2.548
1.224
1.224
1.224
3.06
1.224
2.648
1.224
2.848
1.524
3.06
1.324
2.448
1.224
1.224
1.224
3.16
1.324
1.424
4.384
1.224
4.384
1.224
1.224
3.06
1.224
1.224
2.448
1.224
1.224
1.224
1.224
2.448
1.224
2.448
1.224
1.224
1.224
1.224
2.448
3.06
2.448
3.06
3.06
2.448
1.224
1.224
1.224
2.548
1.224
1.424
1.324
3.06
2.448
3.06
2.448
1.224
2.448
1.224
1.224
1.224
2.448
1.224
1.324
1.224
1.224
1.224
3.06
2.448
1.224
1.224
1.324
1.224
1.224
1.224
1.224
1.224
1.224
1.224
1.224
3.06
1.224
2.448
1.324
1.324
1.224
1.524
1.224
1.224
1.224
2.448
1.224
3.06
1.324
1.524
1.624
1.224
1.324
3.06
2.448
1.224
1.224
3.06
1.324
1.324
1.224
1.424
2.448
1.224
1.424
2.448
1.324
1.224
2.548
1.224
2.448
1.224
1.224
1.324
1.224
1.424
1.224
1.224
1.224
2.648
1.224
1.324
1.224
2.448
1.224
1.224
1.224
1.424
2.548
1.224
3.26
3.06
8.924
4.28
3.468
3.668
3.768
1.224
1.224
2.448
1.224
3.16
1.224
1.624
1.324
2.748
1.324
1.324
1.324
2.448
1.224
2.548
1.324
2.548
2.548
3.06
3.06
3.06
1.224
1.224
1.224
1.224
1.324
1.324
1.224
1.324
1.724
1.224
1.324
1.224
1.324
1.224
2.448
2.448
1.424
3.66
2.448
4.684
1.224
2.748
2.448
1.224
3.06
1.224
3.06
4.284
4.284
4.484
1.324
1.424
3.06
3.06
3.16
3.06
1.324
3.06
1.224
1.224
1.224
1.224
1.224
1.524
1.424
1.224
1.324
1.424
1.324
1.324
1.224
1.224
1.224
0
0
0.1
0.4
0.1
2.136
1.324
1.224
0
0.2
0.3
0
0
1.836
0
1.824
1.836
0.1
0
0
1.224
0.3
0
0.1
0
1.936
0
0.1
0
0.1
0
0
0
0
0
1.224
0
1.724
0
0
0
0
0
0
0
1.224
1.224
0
0
1.224
1.324
0.2
0
0
1.224
1.324
0
0
0
0
1
0
0.1
0
0.1
1.624
0
1.224
0
0.4
0
0
1.224
1.836
0
0
0.2
0.1
0.2
0
0
3.06
0
0.1
0
0
0.1
0
0
0.3
1.224
0
1.224
0
0
0.1
0
0
1.524
0
0.1
0.1
0
1.224
0
0
1.324
1.836
0.4
1.324
0
0
0.1
1.224
0.3
0
0
0
0.1
1.836
0
0.2
0
0
0.1
0.2
0
0
1.224
0.3
0
0.1
0
0
0.1
0
0.2
1.836
0
0
0.2
0
0
0.1
0
0.2
0
0.1
0
0
1.324
1.324
0.1
1.936
0
0
0
0.1
0
0
0
0
0
0
0
0
0
0
1.224
0
0
0.2
0.2
0.2
0
0.5
0
0
0
0.2
0
0.1
0
1.524
0.1
1.224
1.224
1.324
0
0.1
1.324
0
0
1.224
1.224
0.1
0
0
0
0
0
0
2.224
0
0.3
1.224
0
0
0
0
0
0.1
0.1
0
0.1
0.5
0
0
0
0
0.1
0
0.1
0.2
0.1
0.2
0
0
0.1
0
0
0.1
0.3
0
0.2
0
0
0
0
1.936
0
0
0
1.936
1.324
0
0
0
0
0
0
0
0.1
0.2
1.524
1.324
1.224
0
0.5
2.024
1.324
0
2.136
1.224
0
0
0
0.1
0
0
0
0
0
0
0
0
0.1
0
1.936
0.2
0
0.1
0
0
0
0.2
0
0
0
0
0
0
0.1
0
0
0
0
1.836
0
0
0
3.06
1.224
0
0
0.1
0.1
0
0.2
0
0
0
0
1.824
1.624
1.224
0
0
2.036
0
0
0.3
1.424
1.324
0
0
0.1
0
0
0
0.1
0
0
0.2
0
0
0
1.224
0
0
0
0
0.2
0.2
0
0
0
0
0.1
0.1
0.2
0
1.836
0
0.1
0.1
1.224
0
1.936
0
1.324
1.524
0.2
0.1
0
1.224
1.424
0
0
0
0
0
0.1
0
0
0
0
0
0
1.836
0.1
0
0.1
0
0
0
0
0.1
1.224
0
0
0
0
0
0
0
0.1
1.224
0
0.1
0
0
0
0
0
0.4
0.1
2.036
0
0
1.324
1.936
0.1
0.2
0
0.1
0
0.2
0
0
3.26
0
0
0.4
0
0.1
1.324
0
0.2
0
1.624
0
0
0.1
0
0
0
1.836
0
1.324
0.2
0
0
0
0.2
0
0
0
0
3.06
0.1
1.824
0.3
0.2
1.424
0
0.1
0.2
0.1
0
0
0
0.1
1.224
1.936
0
1.324
0
0
0.3
0
0
2.236
0
0
0.6
0.1
0
0.1
0.1
0
0
0
0.2
0
0
0
0
0
0
0
0
0
1.936
1.836
0
0
0
0
0.1
0
0
0.1
0
0
0
0
1.424
0
0
0
0
0
0
0
0
0.1
0.1
0
0
0
0
0.2
0
0
1.424
0
1.224
0
0.2
0.1
0
0.3
1.824
0
0
0.1
0
0
0
0
0
1.424
1.224
0
0
3.76
0
0.1
0
0
0
0
0.1
0
0.2
0
0
1.224
0
0.1
1.224
0
0
0.2
0
0
0
0
0.1
0
0
0.1
0
0.4
0.4
1.324
0
1.424
1.836
0
0
1.224
1.836
0
0
1.224
0
1.224
0
0.3
0
3.06
0
0
0
0.2
0.2
0
1.224
0
0.1
0.1
0.1
0
0
0
0
0
0.1
0
0
0.1
1.224
0.1
0.1
0.1
0.3
0.3
0.1
0.1
0.1
0
0
0
0.1
1.224
1.224
0
0
0
0
0
0
0
1.224
0
0
0
0
0
0
0
0.7
0
0
1.324
0.1
0.3
0
0
0
0.1
0
0.1
0
0.1
1.936
0
1.936
0
0.1
1.524
0
0
1.424
1.324
0.1
0.2
0
0
0
1.324
0.1
3.46
0.1
0.1
3.16
1.224
1.224
0.1
0
0
0
0.1
0.1
0.1
1.936
2.624
0
0.1
0.1
1.324
0.2
0.8
1.724
0
1.836
0
0
1.824
0
0.1
0.2
0
0.1
1.936
0
0
0.4
0
0.1
0
1.836
0.4
0
0
0
0
0
0
0
0.2
0
0
0.1
1.224
0
0.1
0
0.5
0
1.836
0
0.3
0.2
0
0
0.1
0
0
0.2
0
0
0
2.036
0.1
1.836
0
0
0
0.3
0
0
0
1.524
0
0
0
0.1
0
0
0
0.1
0.1
0
0
0
0.2
0.1
0
0.1
0
1.936
0
0.1
1.224
1.224
0
1.836
1.224
0.1
3.06
0.1
0
1.224
1.424
0
0.1
1.524
0.2
0
0.6
1.324
0.1
0
0
0
2.448
0
1.836
1.324
0
1.324
0
1.224
0
3.16
0
4.984
1.524
0
1.836
2.024
0.1
0.5
0.4
0
0.5
0
3.06
0
0
0
1.324
1.324
0
1.836
1.936
1.224
0
1.224
1.936
1.936
0.1
0
1.424
0
1.224
0
0.1
0
1.224
0.1
0
0
0
1.524
0
0
0.1
0
1.224
0
0
1.724
1.224
0
0.1
0
0
0
0
1.224
1.224
1.324
1.324
1.224
2.544
1.224
1.224
1.324
2.448
1.224
0
1.224
4.284
0
0
0
0.1
0.7
0
0
1.324
1.624
1.324
