0.2
1.424
5.572
5.908
3.872
0
1.224
2.448
0.1
1.224
1.524
1.224
0
2.124
1.924
1.224
0
2.448
3.468
3.568
2.444
2.544
2.344
3.468
4.18
3.468
3.868
3.668
6.016
3.468
5.304
2.448
1.4
0.1
0
0.5
0
0
0.1
0.6
0
2.024
0
0.1
0.1
1.224
0
0.2
0.1
1.524
1.224
0
1.624
0
0.1
1.224
0
0
0
2.024
0.7
0.1
0
2.848
0.3
0.2
0.1
0
1.624
0.7
0.4
1.524
0.1
0.1
2.624
1.624
0
1.624
0
0
2.948
0
1.224
0
0
0
0
0
1.224
3.448
0
1.324
0.1
0
0
1.724
1.324
0
2.548
2.448
0
0.5
0.3
0
3.06
0.2
0
1.1
0
0
0
0
0
1.224
0
0.2
0
1.224
0
0
1.7
0.1
2.448
0.3
0.1
0
0
1.324
0
1.724
0
0
0.1
0
1.524
0.3
1.224
1.424
1.424
0.4
1.224
2.648
0
1.424
0
0
1.324
0
0
0.1
1.224
0.1
0.2
0.1
0.9
0.1
0
0.1
0.4
0.1
0.2
0.1
0
0
0
0
1.224
0
0
4.348
0.1
0.2
1.224
0.1
1.224
2.648
0
0
1.224
0.1
0.1
1.924
1.224
2.548
0.2
2.848
1.824
1.224
0
2.548
1.524
1.324
0.1
1.624
1.224
1.224
1.224
0.2
1.224
1.824
0.2
1.224
0
0
1.1
0
0
1.624
2.648
1.424
2.448
0.1
3.248
0
0
1.3
0
2.624
0
0.1
0
2.648
3.748
3.772
3.672
2.848
2.448
2.448
4.072
2.448
7.632
6.732
1.324
1.836
4.684
0.1
3.848
1.324
0
1.524
1.836
1.924
3.36
1.324
1.836
1.224
1.224
1.224
1.224
4.06
0
0.1
0
0
1.224
1.224
0
0.1
3.972
1.424
4.484
0
1.224
0.4
2.448
0
2.324
2.448
0
2.448
0
0.3
0
2.548
0.4
0.1
2.448
0
1.224
0
2.448
1.224
3.972
4.896
3.872
0
1.224
1.224
3.16
3.16
3.06
5.508
1.836
0.6
1.224
0
1.324
0.1
0.1
0
2.648
0
0.3
1.424
1.324
0
0.2
0.2
2.448
0
3.26
0
1.224
2.448
2.448
2.748
0
1.224
1.224
1.424
0
1.324
0.1
0.2
0.2
0
0.2
1.224
1.324
0
2.848
2.548
1.224
5.284
4.284
0
0
1.224
0.4
1.324
0
1.524
1.3
0.2
0.7
3.36
1.524
4.484
0.2
0.2
1.524
0
1.3
1.2
2.448
2.036
0.1
0
2.548
1.624
1.224
1.424
1.224
1.224
1.224
1.224
3.26
2.448
3.06
2.548
2.448
1.224
3.16
4.284
2.548
0.1
1.724
1.224
1.224
1.224
3.772
4.672
2.448
1.836
3.672
1.324
3.872
2.548
1.324
3.16
2.548
4.896
7.808
2.448
5.908
3.06
0
1.524
1.224
3.672
3.872
5.708
1.224
2.748
2.648
2.448
3.772
3.672
4.284
3.672
4.348
2.848
3.148
1.224
3.672
1.224
1.524
3.672
2.748
1.224
2.548
5.196
2.548
4.072
1.224
4.484
3.672
2.448
4.784
6.108
5.508
1.224
4.384
3.56
5.908
4.072
1.224
1.524
2.948
3.772
6.732
3.672
3.772
2.548
3.672
5.508
2.448
2.448
4.884
2.448
3.872
1.224
3.672
2.548
1.224
1.224
2.848
2.448
3.26
8.332
2.548
2.448
2.448
3.76
6.732
1.224
1.224
3.948
1.624
3.672
2.748
1.824
1.224
4.284
5.096
2.548
3.972
2.448
1.524
3.348
2.548
2.448
1.224
1.224
4.172
1.224
3.672
5.808
4.072
2.448
1.324
2.448
5.708
5.808
1.424
1.224
3.672
2.448
4.072
3.672
2.448
2.748
3.66
1.224
4.384
2.448
5.608
5.484
3.672
1.224
1.224
3.872
3.772
2.448
3.672
5.808
3.672
2.648
6.732
1.324
2.324
2.548
1.224
4.284
3.672
4.072
5.184
2.448
2.448
1.224
3.672
4.272
4.172
2.448
1.224
4.072
1.324
1.324
2.648
1.224
3.972
2.448
3.772
1.324
5.608
2.448
6.108
5.696
2.648
1.224
1.224
2.648
5.608
2.448
1.224
3.26
2.448
4.172
2.548
1.224
3.672
1.224
1.224
1.224
1.524
2.448
1.624
4.584
2.948
4.996
3.672
2.748
2.448
5.608
2.548
1.224
2.448
2.448
2.448
1.824
3.048
2.448
2.448
2.448
1.324
2.448
3.672
1.324
3.672
4.784
3.972
4.996
1.224
3.66
1.224
1.224
2.448
2.548
1.324
3.672
1.224
3.772
3.972
2.448
3.672
3.772
4.172
2.548
3.772
3.672
1.224
2.448
5.084
2.448
2.448
3.96
1.224
3.06
2.024
5.096
3.672
3.672
3.06
1.324
4.484
3.672
5.508
5.708
3.672
3.06
4.484
4.584
3.06
4.484
2.548
2.448
5.608
2.648
3.06
4.384
3.972
5.908
2.448
1.224
4.584
2.548
1.224
3.86
3.672
6.108
1.224
1.224
1.224
3.46
2.648
3.672
3.972
5.808
3.672
2.548
4.372
3.16
3.972
4.284
1.224
2.448
1.324
4.384
3.872
1.224
3.672
2.448
3.672
3.672
6.508
1.224
4.896
4.172
6.108
3.872
3.06
5.508
3.048
1.224
5.608
3.772
2.448
5.496
4.384
2.548
3.972
3.16
2.448
2.548
2.448
3.26
3.672
1.424
2.448
3.672
3.672
4.384
3.672
2.648
3.872
1.424
1.224
2.548
4.684
1.324
6.732
1.224
3.672
3.772
1.224
1.224
3.672
3.672
3.972
3.672
2.448
3.772
4.384
1.324
1.224
3.06
1.224
2.448
6.732
2.548
3.648
2.448
3.36
5.608
3.672
5.608
2.448
5.508
4.484
3.972
3.772
3.26
3.048
2.748
2.448
3.872
5.096
4.284
4.684
1.224
1.224
4.684
2.648
2.448
3.672
2.448
3.772
4.448
4.272
2.648
1.424
2.748
3.772
2.448
1.224
2.448
2.448
3.672
2.748
2.448
2.948
3.972
1.224
3.672
2.448
1.224
3.672
4.996
3.672
1.224
5.808
5.808
3.672
1.224
2.448
5.508
2.448
3.972
1.224
4.172
2.848
2.648
5.708
3.972
2.748
3.26
3.672
1.224
2.848
2.948
5.096
1.324
5.508
2.548
2.448
1.224
2.648
1.224
7.432
3.972
1.224
3.772
5.508
6.732
3.972
3.672
2.548
2.548
3.672
2.648
3.772
3.972
6.732
3.06
3.672
2.448
1.224
1.224
1.224
4.896
1.224
1.224
4.784
5.608
2.448
5.508
2.448
1.224
2.448
1.224
3.16
1.224
3.672
3.872
3.872
2.448
3.672
2.448
1.224
3.872
2.448
2.448
4.072
3.672
3.06
3.672
3.972
1.224
1.324
2.448
2.648
2.848
2.448
3.672
2.948
1.624
1.224
4.572
1.224
3.672
3.672
3.672
3.872
5.708
2.448
6.308
3.56
3.16
1.224
5.508
3.672
4.384
2.548
2.448
2.448
4.384
2.448
1.324
3.672
4.284
3.872
4.896
1.424
3.06
3.672
2.448
2.448
1.324
2.548
1.224
1.324
3.46
2.448
1.224
1.224
4.472
5.084
2.648
1.224
2.648
4.284
2.448
1.224
2.648
4.996
1.524
4.272
2.548
3.668
2.344
4.692
15.888
12.188
2.748
3.672
5.508
3.672
2.548
3.672
4.472
2.448
6.096
4.372
2.648
1.324
6.732
3.672
4.172
3.772
5.096
5.096
2.548
2.448
2.448
5.608
4.384
5.708
2.448
5.808
5.708
5.608
3.872
3.248
2.648
5.808
1.224
1.224
1.224
4.284
3.772
4.684
3.748
7.032
5.096
3.772
3.972
3.672
2.448
4.384
2.448
4.384
3.772
4.072
4.072
3.672
2.748
2.548
2.448
2.648
2.548
4.584
4.384
6.12
3.06
5.708
3.06
5.808
6.008
4.584
4.384
5.608
5.608
5.908
4.584
4.896
4.996
5.708
3.76
1.224
2.748
3.848
2.748
4.272
2.548
2.448
1.224
0.1
1.924
4.484
0.1
1.224
1.836
3.124
0
0.7
0.2
2.448
4.284
2.024
2.448
0.4
0.1
0.1
1.324
0.1
0.3
1.224
0
0
1.224
0
0
2.448
0
3.848
1.324
0
1.224
0
0
1.324
0
1.224
1.324
1.324
1.224
1.224
3.048
0.2
2.336
1.224
1.324
1.324
1.224
1.224
1.324
1.524
3.324
0.1
1.224
0
1.424
2.124
1.324
1.324
0.1
1.524
1.424
0.1
3.16
0
1.224
2.448
1.824
1.424
0.9
0
0
1.224
0
0.1
0.1
1.224
1.224
0.1
1.424
1.724
1.424
1.324
2.748
1.224
0.1
2.448
1.224
1.224
1.224
0
2.548
1.224
1.224
2.548
1.224
1.324
1.224
0
2.324
2.648
1.224
0
1.324
3.06
2.224
0.1
1.224
2.448
0.1
0.1
0
0.1
0.1
0.1
0.1
1.424
1.324
1.324
1.224
1.824
1.224
1.224
1.224
0.1
0
1.224
0.2
1.324
1.224
1.524
1.224
1.224
1.424
0.2
1.324
1.224
0
1.224
1.224
0
1.324
1.324
1.324
1.324
0
0
0
1.424
0
1.224
1.324
1.224
0.4
0.1
1.224
0
0.2
1.224
2.548
1.324
1.324
1.324
1.924
0.2
1.224
0.9
0
0
1.324
1.424
1.524
1.224
1.324
1.924
0.2
1.224
2.448
1.524
1.836
0.4
1.724
1.224
1.224
2.448
1.224
1.324
1.224
0
1.224
1.324
0
1.224
1.824
1.224
0.4
1.224
1.324
0.1
0.3
1.424
1.324
1.524
2.448
1.224
1.224
1.5
1.224
0
1.224
0
1.224
1.224
0
0
0.2
0.4
0
0
1.324
1.524
1.224
1.324
1.824
0
2.848
1.524
1.224
1.224
0.1
1.424
1.224
0
0
1.224
1.324
1.224
1.224
1.224
1.424
1.224
0.5
1.824
0.2
1.324
1.724
1.224
1.224
1.224
1.1
1.924
1.224
0
0.2
1.224
1.224
1.224
0.3
1.424
2.748
0
0.1
0
0
0.1
1.324
0
1.324
0
0.8
0.5
1.224
1.224
1.324
0
1.224
1.424
1.224
2.448
1.224
0
1.324
1.224
1.224
1.324
1.424
1.524
1.224
1.224
1.224
0
1.324
1.524
1.224
1.224
1.224
1.224
1.324
0
0.1
0
0.3
0
0
3.448
1.824
2.548
0.5
1.324
0.2
0
1.224
1.924
1.224
1.324
0.1
2.448
0.1
1.224
1.224
1.324
0.2
1.324
0.1
1.424
0.1
1.224
0.1
2.448
1.224
1.224
1.324
1.424
0.4
1.424
0
0
0.1
1.824
1.224
1.224
0.1
1.324
1.224
1.224
0.1
0.2
1.224
0.1
1.224
1.324
1.224
1.324
1.224
0.2
0
1.324
1.224
2.548
0
0.1
2.648
1.224
1.224
1.324
0
1.224
1.224
1.324
1.324
0
0
1.224
0.4
0
1.224
0
1.224
1.224
3.772
0
1.224
1.224
2.648
1.224
1.224
0.1
2.548
1.224
0.2
1.324
1.224
0.1
1.224
0.1
1.224
0.6
0.1
1.936
1.224
1.524
1.224
1.524
1.424
1.424
0
1.224
1.936
0.3
0
2.648
1.424
1.324
1.224
0.6
1.624
0.7
1.224
0
2.648
1.224
1.724
0
1.224
1.524
0
0
1.224
0
0
1.224
0.1
0
1.224
1.224
0
0
1.224
1.224
1.224
1.224
1.424
3.448
1.724
0.1
3.148
0.1
0
1.424
0
0.2
2.448
1.224
2.448
1.224
1.424
1.424
1.424
1.224
1.224
0.6
0
1.224
0.4
0
1.324
0.7
0.1
1.324
0.2
1.324
0.1
1.224
1.224
1.624
0
1.224
2.848
1.524
1.224
1.224
1.224
0
1.424
1.324
0
1.224
0
0.2
1.224
0
1.224
0
0.1
0.4
0.4
1.224
0.1
1.224
1.224
0
1.224
0
1.224
0.5
1.324
0.1
0.1
1.224
0
0
1.224
0.1
1.424
0.1
0
1.324
0
1.224
1.224
1.4
0.1
0
1.824
2.124
1.224
0
0.3
1.224
0
1.224
2.448
1.836
1.224
1.224
0
1.324
3.448
1.224
0
1.224
0
2.448
0
1.224
1.424
2.548
1.224
0
2.648
1.424
1.524
2.548
0
1.224
2.448
0
0
1.224
0
0.1
1.224
1.324
0.2
1.224
0.4
1.524
1.424
1.324
1.424
1.224
1.224
0
1.224
1.224
1.224
1.224
1.224
1.224
1.424
0
0.2
1.524
2.448
0
0.3
1.224
2.548
0.4
1.324
1.224
0
0.1
1.424
2.548
1.524
1.224
1.324
0
0
0
0
1.724
0
1.224
0
0.1
1.324
1.924
1.624
1.224
1.324
1.324
2.448
1.224
0
2.448
2.448
1.324
0.1
0
2.448
2.448
0
1.524
0
1.224
1.224
1.224
0
1.224
0
2.748
0.1
1
0
0.4
1.224
0.2
1.524
2.448
0
0
3.148
1.224
1.936
2.448
1.424
1.324
0.1
0.1
0
0
1.424
2.448
0.3
1.624
2.548
0.1
0.6
2.548
0
1.224
1.324
1.424
2.548
1.224
0.3
1.524
1.224
1.224
1.224
1.224
0.2
1.224
0.1
1.524
1.224
1.224
3.024
1.224
1.424
0
2.548
0.1
2.524
1.624
0
1.524
1.324
0
3.048
0.1
0.3
0.2
0
3.26
0.1
1.324
1.324
2.948
1.224
1.324
1.224
0
1.624
0
1.524
1.224
0.2
1.224
2.748
1.224
1.324
0
1.224
1.824
1.424
1.324
0.1
1.224
0.4
1.324
0
0
2.324
1.524
0.1
0.3
0.1
1.224
1.224
1.224
1.924
1.324
1.324
1.424
0.4
0
0
1.224
1.424
1.724
1.224
0
1.324
1.724
1.224
0
1.224
0.1
0
1.224
0.1
1.624
1.524
1.424
1.324
1.224
1.524
1.524
0
2.124
0
1.524
2.548
2.748
4.284
2.548
0
1.324
1.224
1.424
1.324
0.1
0.1
2.648
1.424
0.1
1.224
1.624
0.5
0
0.9
1.324
1.224
0
0
0
5.508
0
0
2.548
3.26
2.748
0
2.448
3.16
1.424
0
5.672
1.324
1.224
3.672
5.384
5.796
3.036
3.46
1.836
2.536
4.684
5.708
1.836
3.16
4.896
4.896
5.296
3.06
1.836
1.936
4.284
2.036
4.284
3.672
3.06
4.384
2.136
3.56
4.484
5.584
5.396
3.06
3.16
4.284
1.936
1.836
3.16
1.836
6.784
4.384
4.384
1.836
3.06
4.284
3.06
1.836
10.044
4.284
3.36
3.56
1.836
1.836
3.06
3.772
5.708
5.608
4.284
7.744
3.26
4.684
5.808
4.384
5.508
5.608
5.708
1.836
5.608
6.12
3.06
1.836
1.836
0
1.6
0.4
0
2.124
3.648
1.624
