0.4
1.724
6.372
6.408
3.872
0.2
1.424
2.448
0
1.224
1.524
1.224
0.2
2.324
2.024
1.324
0
2.448
3.468
3.468
2.444
2.644
2.344
3.468
4.58
3.468
3.768
3.868
5.916
3.468
5.304
2.648
1.5
0.1
0.1
0.2
0.3
0.1
0.1
0.7
0.1
2.924
0
0.1
0.1
1.224
0.2
0.6
0.4
1.524
1.324
0
2.124
0
0.2
1.324
0.2
0.1
0.1
1.924
1.6
0.5
0
3.448
0.5
0.4
0.2
0
1.724
1.9
1.1
1.724
0.4
0
3.824
2.424
0
1.924
0
0
3.448
0
1.224
0
0
0
0
0
1.224
4.148
0.1
1.524
0
0
0
1.724
1.424
0.1
2.648
2.548
0
1.3
0.7
0
3.06
0
0.1
1.7
0
0.2
0.6
0
0
1.324
0
0.4
0
1.324
0
0
3.9
0
2.448
1
0.3
0
0.2
1.224
0
1.524
0.4
0
0.3
0
1.824
0.6
1.524
1.224
1.624
1.2
1.324
2.448
0
1.724
0.1
0
1.424
0.2
0.2
0.1
1.224
0.3
0.2
0.1
1
0.7
0.6
0.4
1
0.3
0.2
0.1
0
0
0.2
0
1.224
0.1
0.1
6.148
0.1
1
1.324
0
1.224
3.848
0.1
0
1.224
0.6
0.4
2.324
1.324
2.648
0.6
3.148
1.824
1.224
0
2.548
1.824
1.724
0.2
1.624
1.424
1.424
1.224
0.3
1.324
2.224
0.6
1.224
0
0.5
3
0
0
2.024
2.748
1.524
2.548
0.5
3.948
0
0
2.3
0.1
3.424
0
0
0
2.648
4.748
3.772
3.672
2.948
2.448
2.548
4.172
2.448
8.332
6.732
1.424
1.836
4.584
0
4.948
1.424
0
1.424
1.836
2.724
3.76
1.224
1.836
1.224
1.224
1.324
1.324
4.86
0
0.1
0.1
0
1.224
1.324
0
0.4
4.172
1.524
4.884
0
1.224
0.7
2.448
0.1
2.324
2.548
0.1
2.448
0
0.4
0.2
2.648
1
0
2.548
0
1.224
0
2.448
1.224
4.772
4.896
4.472
0
1.424
1.424
3.16
3.16
3.06
5.508
1.836
1.2
1.224
0
1.224
0.2
0.3
0
2.748
0
0.5
1.624
1.224
0
0.5
0.4
2.448
0.4
3.56
0
1.324
2.448
2.448
2.648
0
1.324
1.224
1.324
0
1.424
0.2
0.3
0.3
0
0
1.224
1.224
0
4.348
2.548
1.224
5.084
4.484
0
0.1
1.224
1.3
1.224
0
1.324
1.8
0.4
0.4
3.76
1.324
4.484
1.1
0.2
1.324
0.2
1.7
2.7
2.448
2.036
0.1
0
2.448
1.624
1.524
1.324
1.324
1.224
1.224
1.424
3.26
2.448
3.26
2.448
2.448
1.224
3.46
4.384
2.448
0
2.224
1.224
1.224
1.424
3.872
5.772
2.448
1.836
3.672
1.424
3.972
3.448
1.224
3.36
2.448
4.996
8.808
2.448
6.608
3.06
0
1.824
1.224
3.672
3.872
5.908
1.224
3.048
2.548
2.448
3.872
3.672
4.784
3.672
4.748
2.948
2.948
1.224
3.872
1.224
1.824
3.672
3.048
1.224
2.448
5.196
2.848
4.572
1.224
4.484
3.672
2.648
5.684
6.408
5.908
1.324
4.584
3.76
6.308
4.172
1.524
2.124
3.048
3.772
6.732
3.872
3.672
2.448
3.672
5.508
2.448
2.448
5.184
2.648
3.772
1.224
3.672
3.048
1.224
1.324
3.248
2.548
3.16
8.932
2.848
2.648
2.548
4.66
6.932
1.424
1.424
5.248
2.024
3.672
3.448
2.924
1.224
4.384
5.496
3.248
4.272
2.448
1.724
3.548
2.448
2.448
1.224
1.324
3.972
1.224
3.772
5.908
3.972
2.448
1.224
2.448
6.108
5.808
1.524
1.224
3.672
2.448
4.572
3.772
2.448
2.748
4.26
1.224
4.384
2.548
5.808
5.984
3.672
1.224
1.324
3.872
3.772
2.448
3.672
5.708
3.672
2.748
6.832
1.224
3.124
2.548
1.224
4.284
3.672
4.272
5.684
2.448
2.648
1.224
3.672
4.372
4.272
2.548
1.224
4.172
1.224
1.524
2.848
1.424
4.272
2.448
3.772
1.224
6.108
2.548
6.708
6.096
2.548
1.324
1.224
2.548
6.008
2.848
1.224
3.36
2.448
4.372
2.648
1.224
3.972
1.324
1.424
1.224
1.524
2.448
2.124
5.084
2.648
4.896
3.672
2.548
2.448
5.508
2.748
1.224
2.448
2.448
2.648
2.224
2.948
2.548
2.448
2.448
1.424
2.648
3.672
1.424
3.872
4.884
4.072
4.996
1.324
4.36
1.324
1.224
2.548
2.948
1.424
3.672
1.224
3.772
4.372
2.448
3.772
3.872
4.772
2.848
3.772
3.672
1.224
2.448
5.784
2.448
2.548
4.86
1.324
3.06
3.024
5.396
3.672
3.672
3.26
1.524
4.484
3.672
5.708
6.208
3.872
3.06
4.584
4.484
3.26
4.384
2.448
2.548
5.808
2.548
3.06
4.384
3.972
5.908
2.448
1.224
4.584
2.548
1.224
4.16
3.672
6.508
1.324
1.224
1.224
4.16
2.748
3.672
4.172
5.708
3.672
2.448
4.872
3.26
4.272
4.284
1.524
2.448
1.224
4.584
3.872
1.224
3.672
2.548
3.972
3.672
6.908
1.324
4.896
3.972
6.008
4.572
3.16
5.508
4.148
1.224
5.608
3.772
2.548
5.496
4.384
2.548
4.072
3.06
2.548
2.648
2.548
3.66
3.672
1.424
2.448
3.672
3.672
4.584
3.872
2.948
3.872
1.524
1.324
2.848
4.684
1.324
7.132
1.224
3.672
3.772
1.224
1.224
3.672
4.072
3.872
3.672
2.548
3.772
4.284
1.224
1.224
3.26
1.224
2.448
6.832
2.648
4.648
2.448
3.96
5.608
3.672
5.608
2.448
5.608
4.984
3.972
3.972
3.56
3.548
2.848
2.448
4.072
4.896
4.284
4.784
1.224
1.324
4.784
3.148
2.448
3.672
2.448
3.672
4.948
5.672
2.948
1.524
3.148
3.772
2.448
1.224
2.448
2.448
3.672
2.648
2.448
3.348
3.872
1.224
3.672
2.448
1.224
3.672
5.296
3.972
1.224
5.608
5.608
3.772
1.424
2.448
5.608
2.548
4.672
1.224
4.572
2.948
3.048
5.608
3.772
2.548
3.26
3.772
1.224
2.748
3.648
5.196
1.324
5.608
2.448
2.448
1.224
2.848
1.224
7.332
3.972
1.224
4.272
5.508
6.732
4.072
3.672
2.548
2.848
3.672
2.748
3.772
4.172
6.832
3.26
3.872
2.448
1.224
1.224
1.324
4.896
1.224
1.224
4.784
5.708
2.548
5.608
2.448
1.324
2.648
1.224
3.06
1.224
3.772
3.872
3.972
2.548
3.672
2.548
1.224
3.772
2.448
2.448
4.372
3.672
3.06
3.672
5.072
1.224
1.524
2.448
2.448
2.848
2.548
3.772
3.048
2.024
1.224
5.072
1.324
3.872
3.672
3.872
3.872
5.708
2.448
6.608
4.26
3.26
1.324
5.508
3.672
4.484
2.548
2.448
2.548
4.384
2.448
1.424
3.772
4.284
4.272
4.896
1.824
3.26
3.772
2.548
2.448
1.224
2.748
1.224
1.324
3.56
2.548
1.324
1.524
4.572
5.384
2.648
1.224
2.848
4.284
2.448
1.224
2.548
4.996
1.824
4.672
2.548
3.768
2.544
4.692
12.188
21.388
2.548
3.672
5.608
3.672
3.048
3.672
5.172
2.548
6.896
4.572
3.048
1.324
6.932
3.672
4.372
3.872
4.996
5.096
2.448
2.448
2.448
5.808
4.484
5.708
2.548
6.108
6.308
5.608
4.472
3.148
2.548
6.108
1.224
1.324
1.224
4.384
3.872
5.184
4.748
7.532
5.596
3.672
4.272
3.672
2.448
4.384
2.548
4.884
3.672
4.472
3.872
3.772
3.048
2.548
2.548
2.748
2.448
4.784
4.384
6.12
3.06
5.608
3.06
5.808
6.708
4.384
4.384
6.008
5.708
6.408
4.984
4.896
4.996
5.908
4.06
1.224
2.848
4.548
2.748
4.272
2.448
2.448
1.224
0
2.324
4.384
0
1.224
1.836
4.024
0
1.1
0.2
2.448
4.484
2.224
2.448
0.5
0.1
0.1
1.324
0.1
0.7
1.324
0
0
1.424
0
0
2.448
0
3.948
1.424
0.5
1.224
0
0
1.424
0
1.224
1.224
1.324
1.224
1.224
3.048
0.5
2.636
1.324
1.224
1.324
1.224
1.224
1.424
1.624
5.724
0.2
1.324
0
1.724
3.024
1.524
1.524
0.1
2.524
1.324
0.2
3.06
0
1.324
2.448
2.824
1.424
0.6
0.2
0
1.324
0
0.3
0.2
1.224
1.424
1.1
1.424
2.124
1.424
1.624
2.748
1.224
0.3
2.648
1.424
1.224
1.224
0.5
2.548
1.524
1.824
2.448
1.224
1.324
1.624
0
2.924
2.948
1.324
0
1.624
3.06
2.424
0.4
1.224
2.448
0.2
0.1
0
0.1
0.2
0.2
0.6
1.624
1.224
1.424
1.224
2.724
1.224
1.224
1.324
0
0
1.424
0.6
1.324
1.224
1.824
1.324
1.224
1.424
0.4
1.324
1.324
0.1
1.224
1.224
0.3
1.524
1.424
1.224
1.724
0
0
0
1.424
0
1.224
1.324
1.224
0.6
0
1.224
0
0.1
1.224
2.748
1.624
1.224
1.524
2.424
0.5
1.224
2.1
0
0
1.924
2.224
1.524
1.424
1.324
3.124
0.5
1.224
2.448
1.524
1.936
0.6
1.624
1.324
1.224
2.648
1.224
1.624
1.424
0
1.224
1.224
0
1.424
2.524
1.224
1
1.224
1.524
0.1
0.3
1.924
2.024
2.124
2.848
1.224
1.324
2.4
1.224
0.1
1.324
0
1.424
1.224
0.1
0.2
0.2
1.3
0
0.1
1.324
2.024
1.424
1.324
2.424
0
3.248
1.524
1.224
1.224
0.2
1.424
1.224
0
0
1.324
1.624
1.224
1.224
1.424
1.824
1.524
0.8
1.824
0.7
1.324
1.624
1.224
1.324
1.224
2
2.024
1.224
0
0.5
1.224
1.324
1.324
0.3
1.524
3.148
0
0.2
0.2
0.2
0.2
1.324
0
1.624
0.1
0.8
1.4
1.224
1.224
1.224
0
1.324
2.024
1.224
2.448
1.324
0.2
1.524
1.324
1.324
1.724
1.524
1.624
1.224
1.324
1.324
0.2
1.224
1.524
1.224
1.324
1.224
1.224
1.424
0.1
0.4
0
0.3
0
0.1
3.448
2.324
2.548
0.4
1.324
0.3
0
1.224
2.424
1.324
1.224
0
2.448
0.1
1.224
1.224
2.524
0
1.224
0
1.424
0.1
1.224
0.3
2.448
1.224
1.224
1.224
1.424
1.8
1.424
0.4
0.2
0
1.824
1.324
1.224
0.7
1.224
1.324
1.324
0.2
0.4
1.224
0.3
1.224
1.424
1.224
1.424
1.324
0.5
0
1.524
1.224
2.548
0
0
2.748
1.324
1.324
1.224
0.2
1.224
1.424
1.224
1.524
0
0.6
1.324
0.7
0.1
1.224
0.1
1.224
1.524
3.872
0
1.224
1.224
2.548
1.224
1.224
0.2
3.248
1.524
0.2
1.424
1.424
0.2
1.324
0.2
1.224
0.8
0.1
1.936
1.224
1.424
1.224
1.724
1.824
2.024
0
1.324
2.036
0.8
0
3.048
1.424
1.524
1.224
0.8
1.724
1.6
1.324
0.1
2.648
1.224
1.824
0.1
1.324
1.724
0
0.1
1.224
0
0
1.324
0
0
1.224
1.424
0.1
0
1.224
1.324
1.224
1.324
1.724
4.848
1.824
0.4
3.348
0
0
1.424
0.2
0.3
2.548
1.224
2.448
1.224
1.624
1.524
1.324
1.224
1.224
1.1
0.1
1.324
0.7
0
1.324
0.6
0.4
1.324
0.7
1.624
0.3
1.224
1.224
1.824
0
1.324
3.248
1.624
1.224
1.524
1.324
0
1.724
1.424
0.1
1.224
0
0.2
1.224
0
1.224
0
0.1
1
0.6
1.224
0
1.624
1.224
0
1.224
0
1.224
1.4
1.424
0
0.1
1.224
0.1
0.1
1.224
0
1.424
0.1
0.2
1.324
0.1
1.224
1.224
1.4
0.1
0
2.024
2.324
1.224
0
0.5
1.324
0.1
1.224
2.548
1.936
1.224
1.224
0
1.324
3.848
1.224
0
1.224
0
2.448
0
1.424
1.524
2.648
1.224
0.2
2.448
1.724
1.524
2.448
0
1.224
2.548
0
0
1.224
0
0.1
1.224
1.424
0.5
1.224
0.8
2.524
1.624
1.524
1.724
1.324
1.224
0.1
1.224
1.324
1.324
1.224
1.224
1.224
1.724
0
0.5
1.924
2.548
0
1.2
1.324
2.848
0.4
1.324
1.224
0
0.2
1.724
2.948
1.524
1.424
1.224
0
0
0.6
0.2
2.124
0
1.224
0.2
0.8
1.524
2.524
2.524
1.324
1.424
1.424
2.448
1.224
0
2.848
2.448
1.224
0.1
0.1
2.448
2.448
0
1.524
0.1
1.224
1.324
1.224
0
1.224
0
2.548
0.1
1.7
0.2
0.4
1.224
0.3
2.624
2.448
0.1
0
4.048
1.224
1.836
2.448
1.824
1.324
0.4
0.4
0.1
0.2
1.424
3.048
0.6
1.624
2.748
0.2
0.7
2.448
0.1
1.224
1.424
1.524
2.848
1.324
0.3
1.724
1.224
1.224
1.224
1.224
0.2
1.224
0.4
2.024
1.224
1.224
4.524
1.224
1.324
0
2.548
0.8
3.624
2.624
0
1.324
1.224
0
3.348
0.2
0.5
0.7
0.3
3.76
0
1.324
1.724
4.748
1.224
1.224
1.224
0.1
1.724
0.1
2.124
1.224
0.1
1.224
3.048
1.424
1.724
0
1.424
2.124
2.424
1.624
0.3
1.224
0.1
1.624
0
0
2.724
1.524
0
0.2
0
1.224
1.224
1.224
2.124
1.224
1.524
1.624
1.1
0
0
1.224
1.524
2.224
1.224
0.1
1.624
2.224
1.224
0.1
1.424
0.2
0.1
1.324
0
2.424
2.024
1.524
1.424
1.924
1.624
2.024
0
2.624
0
2.124
2.748
3.148
4.284
2.648
0
1.324
1.224
1.824
1.224
0.1
0
2.748
1.924
0.2
1.224
1.424
0.5
0
2.6
1.524
1.324
0
0
0
5.508
0
0.1
2.648
3.66
2.748
0
2.648
3.26
1.224
0
6.572
1.724
1.224
3.672
6.184
6.396
3.336
3.56
1.836
3.736
4.984
5.708
2.036
3.06
4.996
5.096
5.696
3.06
1.836
2.136
4.284
2.436
4.384
3.872
3.26
4.484
2.436
3.46
4.284
5.884
5.396
3.06
3.16
4.484
1.936
1.936
3.16
1.836
9.784
4.284
4.384
1.936
3.06
4.284
3.16
1.836
12.944
4.284
3.56
3.66
1.936
1.836
3.06
3.772
5.808
5.508
4.384
7.844
3.16
5.084
6.008
4.384
5.508
5.508
5.608
2.136
5.508
6.12
3.16
1.836
1.836
0.3
3.6
0.8
0.1
2.524
3.748
1.724
