0
0
3.872
2.448
4.896
0
0.1
3.06
0
0
0.1
1.324
1.224
0
0
1.836
1.224
1.224
1.224
1.224
1.224
1.224
1.224
1.224
0
1.224
1.224
2.448
3.672
2.448
3.06
2.448
0
0
1.224
1.836
1.836
0
0
0.1
0.1
1.324
1.836
0
0.1
1.224
0
1.224
0.1
1.324
1.224
0
1.324
1.224
0
3.06
1.224
1.224
0
1.224
1.324
1.224
0
1.324
0
0.1
1.324
1.224
1.224
1.224
0.1
2.448
1.224
0
1.224
0
3.06
0.1
1.224
0
2.448
1.224
1.224
1.224
0
1.224
1.224
0
1.224
2.548
0
1.224
1.224
1.224
1.224
3.16
3.06
1.224
1.224
3.06
0
1.224
1.224
0
3.06
0
0
0
1.324
0
1.224
1.224
0
2.448
0
0
0
2.448
0
0
1.624
0
1.224
1.224
1.224
0
0
1.224
0
2.448
0
0.1
1.224
0
1.224
0.1
1.224
2.448
1.324
0.1
0
2.448
1.224
1.324
1.224
1.224
1.324
1.224
0.1
1.224
1.224
0
0
0
0
0.2
1.224
0
0
0
0
1.224
0
1.224
0
1.224
3.06
1.224
0
1.424
1.224
1.324
2.448
0
2.448
4.284
1.224
1.224
1.224
0.1
0
2.448
0
3.672
0
3.672
1.324
2.448
1.224
3.672
0
1.224
0
2.448
2.548
1.224
1.224
0
1.224
1.224
3.06
4.896
1.836
3.06
1.836
3.06
1.836
3.06
4.284
3.06
4.384
1.836
3.16
3.06
1.836
3.16
1.836
3.06
1.836
3.06
3.06
4.284
4.584
5.508
5.508
4.284
4.284
4.284
5.508
5.508
5.508
5.508
2.448
0
2.448
0
3.972
1.224
0
1.224
0
1.324
1.224
1.224
1.224
1.224
1.224
4.284
1.224
0.3
0
1.224
1.424
1.224
1.224
1.224
1.224
1.224
2.448
1.224
2.448
1.224
0
0.1
2.448
1.224
0
2.448
0
2.448
0
0
0
2.448
1.224
0
2.448
1.224
4.284
3.06
5.508
2.448
4.896
3.672
6.732
0
3.06
3.06
2.448
1.224
1.224
3.672
1.224
1.224
0
0
1.224
0
1.224
0
1.224
1.224
0.1
0
0
1.224
1.224
1.224
1.224
1.324
2.548
1.224
2.448
1.224
1.224
2.448
0
1.224
1.836
1.224
0
0
0
0.1
1.224
0
1.224
1.224
0
1.224
1.424
4.284
1.224
1.224
1.224
1.224
0
0
0.2
0
1.224
1.224
3.36
1.224
0
1.324
1.224
2.548
1.936
1.224
1.224
1.224
1.224
1.424
1.224
0
1.836
1.224
1.224
2.448
1.224
1.836
1.224
1.224
2.448
0
1.224
2.448
0
2.448
2.548
1.224
1.224
1.224
1.224
1.224
2.548
0
0
0
2.448
2.548
6.12
1.224
4.284
1.224
3.672
2.448
1.324
1.224
1.224
5.508
2.548
3.672
2.448
1.224
1.836
1.224
1.224
2.448
3.672
3.672
1.224
3.772
3.672
2.448
4.896
4.896
2.448
3.672
1.324
2.448
3.672
1.224
2.448
2.448
1.224
2.448
3.672
2.448
2.448
3.672
2.548
2.548
1.224
2.448
2.448
3.772
2.448
3.672
3.672
2.448
2.448
1.224
3.672
2.448
1.224
2.448
2.448
2.448
3.672
2.448
3.672
2.548
2.548
3.672
5.508
3.672
2.448
2.448
2.448
1.224
2.448
3.672
2.448
1.224
1.224
3.672
1.224
3.672
2.548
3.772
2.448
1.224
3.672
2.448
1.224
2.548
1.224
2.448
2.548
1.224
1.224
2.448
3.672
2.448
2.548
3.672
1.224
2.448
3.672
1.224
1.224
1.224
2.548
1.224
4.896
2.448
4.284
3.672
1.224
3.672
3.672
4.896
1.324
1.224
2.448
2.448
3.672
3.672
1.224
3.772
1.224
1.224
1.224
3.772
3.672
2.548
2.448
2.448
1.224
4.996
3.672
2.448
3.672
4.896
2.448
2.448
3.672
2.448
2.548
2.448
2.448
2.448
2.448
3.672
3.772
3.672
2.448
1.224
3.672
3.672
3.872
2.448
1.224
4.896
1.224
1.224
2.448
1.224
2.548
3.672
3.672
1.224
4.284
2.448
3.772
3.772
3.672
1.224
1.224
1.224
3.672
2.448
1.224
1.324
2.448
3.872
2.548
1.224
3.672
1.224
2.548
2.448
2.448
2.448
2.448
2.448
2.448
3.672
2.448
1.224
3.672
2.448
2.448
1.224
2.448
2.448
2.448
1.224
2.448
2.448
3.672
1.224
1.224
2.448
3.772
1.224
2.448
2.448
2.448
3.672
2.448
1.224
1.224
2.448
2.448
2.448
1.224
3.672
2.448
2.448
3.672
1.224
3.672
2.448
2.448
2.448
4.284
4.284
1.224
3.672
2.448
2.448
1.224
1.224
1.224
1.224
1.224
3.772
5.508
2.448
1.224
1.224
3.672
2.448
2.548
3.672
3.672
1.224
3.06
3.672
1.224
2.448
3.672
2.448
3.672
4.284
1.224
2.548
2.448
3.672
1.224
2.448
2.448
2.448
1.224
1.224
2.448
2.448
2.548
1.224
1.224
1.224
2.448
3.672
2.448
3.672
2.448
1.424
3.872
1.224
3.672
2.448
2.448
3.672
1.224
2.448
4.996
1.224
3.672
2.448
3.672
3.672
3.672
1.224
4.896
2.448
2.448
3.672
1.224
2.548
4.284
1.224
3.672
2.448
2.448
4.896
2.448
1.224
3.672
1.224
2.448
3.672
2.448
1.324
3.672
3.06
3.672
3.672
3.672
2.448
4.284
3.672
4.896
1.224
1.224
2.448
2.448
1.224
3.672
2.448
3.672
2.448
2.448
1.224
2.448
3.872
2.448
2.448
1.224
3.772
2.448
2.448
1.224
1.224
3.06
2.448
3.672
2.448
1.324
2.448
1.224
3.772
2.448
3.672
3.672
3.672
2.448
4.284
3.672
2.448
2.548
3.672
2.448
3.672
3.672
3.672
2.448
2.448
1.224
2.448
3.672
3.672
3.672
2.448
4.896
1.524
3.672
1.224
1.224
2.448
4.896
3.672
1.224
2.448
2.448
2.448
2.448
3.672
2.448
3.672
1.224
3.672
2.448
1.224
3.772
3.672
3.672
1.224
2.448
2.448
5.508
1.224
3.672
3.672
2.448
2.448
4.284
2.448
2.448
2.548
3.772
2.448
3.672
1.224
3.672
2.448
4.284
3.872
3.672
1.224
2.448
2.448
4.284
1.224
3.772
2.448
3.672
3.672
1.224
3.672
3.672
3.672
3.672
2.448
2.448
2.448
3.672
2.448
2.448
4.896
3.672
1.224
4.896
1.224
1.224
1.224
1.224
3.672
2.448
2.448
3.672
3.672
3.06
3.672
1.224
1.224
1.224
1.224
1.224
2.448
2.448
3.772
3.672
3.672
4.896
2.448
1.224
3.672
3.772
3.672
3.772
3.672
1.224
3.672
4.896
2.448
1.224
2.448
2.448
2.448
2.648
2.448
2.548
1.224
1.224
4.996
2.448
3.672
4.896
2.448
4.896
3.672
2.448
3.672
2.448
1.224
1.224
3.672
2.448
2.448
2.448
2.448
2.448
2.448
4.284
1.224
2.448
2.448
5.508
3.672
3.06
1.224
2.448
3.672
1.224
2.448
3.772
1.224
1.224
1.224
3.672
2.448
2.448
2.648
3.672
2.448
2.448
1.324
2.448
2.448
2.448
2.448
4.896
1.224
3.672
2.448
1.224
2.448
2.448
3.672
3.672
2.448
6.732
4.284
9.268
4.284
6.732
5.508
5.508
6.732
7.032
4.484
4.384
5.508
6.732
5.608
6.832
5.508
7.344
4.284
4.284
4.284
5.508
4.284
6.732
2.448
3.672
3.672
3.672
3.672
5.508
5.508
4.896
2.448
1.224
1.224
1.224
2.448
2.448
3.672
5.508
3.672
3.672
3.672
2.448
3.672
2.548
2.448
2.448
3.672
3.672
3.772
3.672
2.448
2.448
2.448
3.672
3.672
3.672
2.448
2.448
2.448
4.896
2.448
3.672
3.672
2.448
2.548
3.672
3.672
7.344
5.508
1.224
1.224
4.896
1.224
3.06
2.448
2.548
2.548
0
1.224
1.224
1.224
1.224
2.448
2.448
1.224
2.448
1.836
0.3
0
1.224
0
2.448
2.448
2.448
2.448
1.836
1.836
0
1.224
0
1.224
1.224
1.224
0
1.224
0
0
1.224
0
2.648
1.224
0.1
1.224
0
1.224
1.324
1.224
3.06
0
1.224
1.224
0.1
1.224
1.224
0
1.224
0
0
1.224
1.324
1.324
1.224
1.424
0
1.224
0
1.224
0
1.224
0
0
1.324
1.224
1.224
0
0
2.448
2.448
1.324
1.324
0
0
0
0.1
1.224
0
1.224
1.224
1.224
0.2
1.224
1.224
0
2.548
1.224
1.224
1.224
2.448
2.448
2.448
0
1.224
3.672
1.324
1.224
2.448
1.224
1.224
0
0
1.224
1.324
1.324
1.224
1.324
0
1.224
1.224
1.224
3.672
0.2
1.224
1.224
1.324
0.1
0
1.324
1.224
1.224
2.448
0
2.648
1.224
1.224
1.224
1.224
1.324
2.448
0.1
1.324
1.224
1.324
1.224
1.224
2.448
1.224
1.224
1.224
0
1.224
1.224
0
1.224
1.224
1.224
1.224
0
1.224
0.1
2.448
1.224
1.224
2.448
1.224
0
1.324
1.224
1.224
0
1.424
1.224
1.224
1.224
1.224
1.224
0.1
1.224
0.1
0
0.1
1.224
1.224
2.448
2.448
2.448
0
1.224
0
1.224
0
0
0
0.1
1.324
1.224
1.224
0
1.224
1.324
1.224
1.224
2.448
1.224
1.224
0.2
1.224
0
0
1.224
1.324
1.324
1.224
1.224
2.548
2.448
1.224
1.224
1.324
1.224
0
1.224
1.224
1.224
1.224
1.224
1.224
0
0
1.224
0
1.224
1.224
1.324
1.224
1.224
0
3.872
1.324
1.224
1.224
0
1.324
1.224
0
0
1.324
0
1.224
2.448
2.448
2.548
1.324
0
2.448
1.324
1.224
0
0
1.836
1.224
1.224
0.1
0
1.224
1.224
0
2.448
1.224
1.224
1.324
2.548
0
1.224
0
1.224
1.224
1.224
1.224
1.324
0
0
1.224
2.448
1.224
1.224
1.224
1.224
1.224
1.224
2.448
2.448
0
1.224
2.448
1.224
1.224
2.448
1.224
1.224
1.224
2.448
1.224
1.224
0
0
1.224
1.224
1.224
1.324
1.224
0
0
0.1
0
0
1.324
0
1.224
1.224
1.224
1.324
1.224
1.224
1.324
0.1
0
1.224
4.284
1.224
2.448
1.224
2.548
0
2.448
1.224
1.224
0
1.224
0.1
2.448
1.224
1.224
2.448
1.224
0
2.448
0
0
1.224
1.224
1.224
1.224
1.224
1.224
1.224
2.548
0
1.224
1.836
0
1.224
1.224
0
0.1
1.224
0
1.224
0
0
2.448
0
1.224
3.772
1.324
1.424
1.224
0
2.448
1.224
1.224
1.224
0
0
1.324
0.1
1.224
2.448
1.224
1.224
1.224
2.448
0
1.224
1.224
3.672
1.224
1.224
1.224
2.448
0
1.224
2.548
1.324
1.224
1.224
1.224
1.224
0
1.324
0.1
4.284
1.424
0
1.324
1.224
1.324
1.224
1.324
0
0
0
2.648
0.1
2.448
1.224
0
1.224
0
0
0
3.672
2.448
0.1
0
1.224
1.224
0
0
1.224
1.224
0
0
1.224
0
1.224
1.224
0
0
1.224
1.224
1.224
0.1
1.224
1.224
1.224
1.224
1.324
0
1.324
2.448
1.936
1.836
2.548
1.224
3.672
0
1.224
1.224
0
1.224
3.06
1.324
0
1.224
0
0
2.448
1.324
1.224
2.448
1.224
1.324
0
1.224
1.224
2.548
1.224
2.448
2.448
1.324
1.224
2.448
1.224
1.224
1.424
1.224
0
1.224
1.224
1.224
1.224
1.224
1.224
1.224
0
0
0.1
1.224
0
0.1
1.224
0
1.224
1.224
2.448
0.1
1.224
1.224
0
1.324
0
0
1.224
0
2.548
1.224
1.224
0
0
0
1.224
1.224
0
1.224
1.324
0.1
2.448
1.224
0.2
1.224
0
1.224
2.448
0
0
0
0
2.448
1.224
1.224
0
1.224
1.224
2.448
0.1
1.224
2.548
3.672
1.224
1.224
1.224
1.224
2.448
1.224
0.1
2.448
2.448
0
0
2.448
1.224
1.224
1.224
1.224
0
1.224
1.224
3.06
0.1
1.324
0
1.224
1.224
0.1
0.1
2.448
1.224
1.224
0
1.324
0.1
1.224
1.324
2.448
1.224
0
0
1.224
3.672
0
1.224
0
0
0
2.548
3.672
2.448
2.448
1.224
0
0
0.1
0
1.224
0.1
0
0.1
0
1.224
2.448
1.224
1.224
1.224
2.448
3.672
1.224
0.1
2.548
1.224
0
0
0
2.448
3.672
0
1.224
1.224
1.224
1.324
2.448
3.06
1.224
0
2.448
1.324
1.424
1.224
1.224
0
1.224
1.524
3.672
1.224
1.224
2.848
1.224
0
2.448
1.224
1.224
0
0
0.1
0
0
2.548
0
0
1.224
0
0
2.448
0
1.224
1.836
1.224
1.224
1.224
1.224
0.1
0
0
3.06
1.224
0
1.224
0.1
1.224
1.224
1.224
0.4
1.224
1.224
0
1.224
1.224
1.324
0
0
1.224
1.224
0
1.224
1.324
1.224
0
0
1.224
0
1.224
1.224
3.772
1.224
1.324
1.224
1.224
1.224
0
1.224
1.224
0
1.224
2.548
1.224
1.224
0
1.224
2.448
0
1.324
1.224
1.224
1.224
2.548
0
0
1.224
1.224
0
0
0
1.224
2.448
2.448
2.448
1.224
2.548
1.324
0.2
0
0
2.548
1.224
1.224
2.448
0
1.224
0.2
3.06
0
1.224
1.224
1.224
1.224
0
1.324
2.448
2.448
1.224
2.448
1.424
1.324
0.1
1.324
1.836
2.448
2.448
2.448
2.448
2.548
1.324
1.224
0
1.324
1.224
1.224
0
1.224
0
0
1.224
0
0
1.224
0.2
0
1.224
0
1.224
1.224
2.448
0
0
1.324
1.224
1.224
1.224
1.224
1.224
0
0
2.648
3.06
2.448
0
1.224
1.324
1.324
1.324
1.224
0.2
2.448
2.448
0
1.224
1.224
0
0
6.12
1.224
0
1.224
0
2.448
0
1.224
2.448
0
0
2.448
2.448
1.224
1.224
3.06
1.224
1.224
0
1.224
0
2.448
2.448
2.448
0
4.284
1.224
3.06
1.836
4.284
4.384
1.224
1.224
0
1.224
2.448
0
3.672
4.896
2.448
3.672
1.224
2.448
3.672
3.672
4.896
5.508
4.896
1.324
2.448
2.448
2.548
0
1.224
0
0.1
0
0
1.224
1.224
1.224
