3.048
0.5
5.572
3.548
3.872
0.1
0.1
1.224
1.624
0
1.324
1.324
0.6
2.6
1.1
0
0.1
1.224
1.224
1.524
1.424
1.724
1.224
1.224
1.724
1.324
2.848
2.848
3.872
2.548
1.324
2.448
6.524
1.424
0.3
2.524
1.324
1.424
0.1
2.224
1.524
5.148
0
0.1
0.4
1.224
1.724
0.7
1.624
3.348
1.324
0
3.348
0.1
0
1.324
1.524
0
1.424
2.924
3.6
0.9
0.2
2.924
2.424
2.024
0.2
0.1
1.524
3.7
1.924
3.948
1.324
1.324
7.048
2.024
0.1
0.1
0
1.224
3.948
0
1.324
0.1
0
0.1
0
0
1.224
3.124
1.324
1.724
1.424
0.1
0
2.848
3.148
1.224
1.324
1.224
0.4
1.9
1.1
1.324
2.448
1.224
2.548
2.3
0.1
1.424
3.848
1.224
1.324
1.324
0.1
0.4
2.548
1.324
1.324
1.224
5.1
0.2
1.424
1.824
0.1
1.224
1.424
1.224
0
2.224
3.048
0.4
0.2
0.2
2.848
1.1
1.324
1.324
1.424
2.924
1.424
1.424
0
2.624
0
0.1
1.524
0.4
1.524
0
1.324
1.324
1.524
2.548
3.224
2.224
1.924
0.3
3.848
0.2
1.224
0
1.324
1.224
1.824
0.2
1.324
1.224
1.424
6.024
1.224
2.124
2.448
1.424
2.648
3.448
0.1
0
1.424
2.124
1.624
1.824
0.2
2.448
1.924
3.848
2.424
1.424
0.4
2.548
0.6
2.548
1.324
2.624
1.524
1.824
1.224
2.648
2.548
2.424
3.76
3.06
3.06
2.236
6.46
1.936
3.06
5.484
4.684
4.384
4.284
3.56
3.66
1.836
3.06
8.16
3.06
5.56
1.836
1.836
1.836
4.684
7.084
5.708
5.508
4.484
4.284
4.384
6.808
5.508
6.008
5.508
1.224
0.2
2.548
0.1
8.448
1.624
1.224
1.924
0
2.824
2.024
1.224
1.324
1.224
1.224
1.224
1.324
1.7
0
0.2
0.1
0
1.324
1.224
0
1.5
2.748
1.524
2.448
1.224
1.324
1
2.448
1.224
1.7
2.448
1.224
2.448
1.224
1.924
1.324
2.948
2.4
0.1
2.548
0.1
5.508
4.384
3.672
1.324
4.272
3.672
6.508
1.624
3.26
3.06
1.724
1.524
1.324
3.772
0
3.7
0
1.224
1.424
1.624
0.3
2.448
1.924
2.548
0.8
0.5
0
0
1.1
1.724
1.224
1.724
1.424
0
1.224
1.224
1.324
2.848
1.224
2.748
0
2.648
2.548
0.4
3.148
2.024
0.7
1.424
0
1.424
0.1
0
3.324
1.424
1.324
1.724
1.424
0
0
0.1
4.548
1.324
1.324
2.448
4
1.424
1.424
2.024
2.648
2.748
2.624
2.648
3.772
2.748
3
5.324
1.224
0.3
1.224
1.524
1.324
3.548
3.148
0.1
2.448
2.448
1.224
0.4
1.224
3.772
0.1
2.648
2.448
1.224
1.224
1.324
1.324
0.1
3.124
0
0
0.2
3.248
4.348
4.284
0
2.448
1.724
3.872
5.872
2.748
1.324
1.324
6.932
5.748
2.748
3.048
1.224
1.836
2.948
2.448
2.448
3.972
3.672
2.448
3.548
2.648
3.872
3.772
3.672
3.248
3.772
3.724
3.248
3.672
1.424
2.748
1.524
2.648
2.448
3.972
1.624
2.448
3.972
3.248
3.248
3.872
2.848
2.448
3.872
4.348
4.072
2.548
4.472
2.448
1.624
4.572
2.948
2.448
5.272
2.648
5.096
3.772
3.972
2.448
5.196
2.448
3.672
2.448
2.448
3.348
2.748
2.448
1.324
2.448
3.348
1.324
2.548
1.924
2.648
2.548
5.872
2.548
2.648
2.648
2.724
3.672
1.524
1.924
6.748
3.648
2.448
3.648
5.848
1.224
3.872
4.372
3.748
3.548
2.448
2.224
3.448
2.548
1.224
2.448
1.424
2.648
1.624
3.772
4.172
2.748
2.448
2.548
2.448
3.672
4.072
1.524
1.224
2.448
2.648
4.472
3.672
1.424
3.248
1.624
3.672
1.424
2.548
4.172
3.648
2.548
1.224
2.448
4.472
3.772
2.448
3.772
3.772
2.448
4.072
3.772
1.224
5.648
2.448
2.448
2.448
2.448
4.572
4.148
2.448
2.648
2.448
3.672
4.472
4.572
3.772
1.524
4.072
3.872
2.748
2.548
3.048
2.848
2.448
2.948
2.548
2.848
2.748
4.572
4.372
2.848
2.548
2.448
1.424
4.172
2.848
2.448
1.424
2.448
4.472
2.548
1.324
2.748
2.648
1.424
1.224
3.048
3.672
2.748
3.048
4.072
5.196
2.448
1.624
2.448
2.648
2.548
1.324
2.748
2.448
2.848
5.648
3.548
2.448
2.548
1.224
1.424
2.548
3.672
2.548
2.448
2.548
2.548
3.772
2.448
2.424
1.424
2.448
2.848
2.748
1.424
3.672
2.548
2.548
2.648
1.224
3.672
2.748
4.872
2.648
2.448
2.448
2.448
2.548
4.348
1.324
1.224
2.624
1.624
1.224
4.948
3.972
4.896
2.548
1.324
2.024
2.548
2.448
2.848
4.272
5.296
1.324
1.324
2.648
2.548
2.748
2.648
2.448
3.772
2.648
1.224
2.448
2.748
4.272
2.448
1.224
4.072
3.672
3.672
2.124
2.448
2.848
2.448
2.448
2.548
2.524
2.648
3.672
2.948
3.772
2.448
1.324
6.572
1.424
5.196
2.448
1.324
2.548
1.224
2.648
5.196
2.448
3.672
2.548
3.872
4.072
3.248
1.224
3.672
2.748
4.572
4.872
2.548
3.972
3.248
2.448
3.772
2.448
2.448
4.072
2.448
1.524
4.072
1.324
2.448
2.748
2.548
1.924
2.548
1.524
2.448
3.772
3.672
4.172
2.548
3.148
4.996
1.824
1.324
3.248
3.048
2.448
3.772
2.548
3.672
2.448
1.224
3.872
2.548
4.072
2.748
2.448
1.524
3.972
3.048
1.424
2.448
2.648
1.224
2.448
3.672
2.648
5.548
2.548
1.724
3.972
2.448
3.672
2.448
3.672
2.848
2.548
6.52
1.524
3.648
4.472
2.448
3.872
3.672
2.448
4.072
1.224
2.648
2.648
2.948
2.448
3.672
2.648
3.772
5.724
7.296
1.624
2.648
1.524
3.772
2.448
2.448
2.548
2.448
2.548
2.548
2.448
3.948
5.296
2.448
2.448
2.448
2.448
3.672
3.872
3.672
1.224
3.672
3.672
3.972
2.548
2.448
3.772
2.448
3.648
2.548
3.048
4.748
2.448
4.172
2.448
3.348
1.224
6.72
1.224
3.148
5.148
4.072
3.872
2.548
2.848
2.448
1.224
4.772
2.448
3.972
3.872
3.672
5.296
3.672
3.772
4.072
2.548
2.448
2.648
3.672
2.548
2.548
4.172
3.772
1.324
3.772
1.224
1.324
3.672
2.548
5.296
1.224
1.324
2.848
3.672
2.548
3.672
1.224
2.448
1.324
2.448
1.324
1.324
2.448
4.272
3.972
2.548
3.772
2.448
2.448
2.548
2.748
2.448
4.672
3.872
1.324
4.896
5.472
2.648
1.224
2.648
2.648
3.772
2.748
2.648
3.548
3.148
3.672
5.672
2.448
6.22
4.996
3.772
3.872
3.672
2.548
4.872
4.348
2.448
1.424
3.672
2.448
2.648
2.848
2.748
2.548
3.772
2.448
4.472
2.648
3.772
4.272
3.672
1.524
1.224
2.448
2.448
1.224
1.224
2.848
2.448
2.548
1.424
2.648
1.324
1.624
3.548
2.848
2.748
2.448
1.524
2.448
3.772
1.224
4.872
3.772
2.948
5.196
2.548
1.624
2.848
2.448
4.472
5.172
2.648
5.508
4.384
5.508
5.808
5.508
23.456
4.384
6.808
5.908
4.984
3.46
6.208
5.508
5.184
6.508
5.708
5.508
4.284
4.284
4.284
5.808
4.384
5.508
2.448
3.772
4.372
3.672
3.872
7.684
4.384
4.572
1.224
1.224
3.672
2.448
2.548
2.848
4.248
5.908
4.272
3.672
3.048
2.448
2.448
2.648
2.548
2.848
2.448
3.348
3.148
3.772
4.372
3.772
2.448
2.848
2.848
3.348
2.548
2.448
2.448
3.772
1.424
3.772
4.672
2.948
2.548
4.072
3.772
6.908
5.184
2.448
2.548
4.172
2.324
1.224
2.548
5.248
3.448
0.8
2.648
1.224
1.224
0.4
2.424
2.848
0
1.224
0
2.2
0
4.324
0.2
3.672
2.648
2.924
2.648
0.9
0.1
1.824
1.524
1.324
1.5
1.824
0.1
1.324
1.324
1.224
1.324
1.324
1.224
4.824
1.324
1.824
2.648
2.448
1.324
1.624
0
0.1
0
1.224
1.224
1.224
2.424
1.824
0.7
1.324
1.324
0.3
1.224
1.324
1.224
1.624
6.824
1.224
1.424
2.648
1.424
2.6
1.224
0.2
1.324
5.048
2.448
0.5
0.2
1.224
1.424
2.448
3.648
2.548
2.924
1.224
1.524
1.324
0
1.424
0.4
1.224
1.524
2.224
1.524
2.224
0
4.272
2.548
1.224
0.3
3.748
1.224
1.524
0.2
1.724
2.848
2.748
3.048
1.224
1.224
2.648
1.524
2.548
3.424
1.724
1.324
0
1.724
1.224
2.224
0.1
1.324
2.548
1.324
0.5
0
0
1.324
1.324
1.6
2.948
2.548
1.324
0
3.024
1.224
2.448
1.224
0
1.324
1.424
3.348
1.424
1.224
2.224
1.624
1.524
1.424
1.3
1.224
2.948
1.324
1.324
1.224
2.648
1.624
1.224
1.324
2.648
0.2
0
1.224
1.324
2.448
1.424
1.324
1.224
2.324
0.1
2.448
1.424
1.724
1.724
1.424
1.624
3.672
2.124
2.324
2.848
1.224
2.3
1.224
2.548
1.724
3.148
2.124
1.724
1.424
1.9
1.324
0
1.224
0.1
1.224
2.948
1.724
1.224
1.224
2.648
1.224
2.124
1.424
0.1
2.548
1.224
2.448
1.424
2.324
1.224
2.524
0
1.824
0
0.8
2.848
1.324
1.924
3.772
1.524
2.648
4.8
1.424
1.224
2.648
1.224
1.724
1.324
0.1
0.3
1.524
3.148
1.524
1.224
1.424
2.948
2.648
1.324
2.824
0
3.548
1.724
1.224
1.224
1.624
2.448
1.224
1.224
1.324
1.524
0.2
1.224
1.324
1.324
1.524
1.324
2.424
2.748
1.624
2.748
0.7
0
0
1.224
4.3
1.1
1.224
0.1
0.6
0.1
1.524
1.324
0.2
1.624
3.548
1.224
1.524
1.224
1.524
1.524
3.672
0.1
2.648
1.324
0.5
2.3
1.224
2.648
1.224
0.2
2.448
3.048
1.324
2.548
1.624
1.224
1.624
1.224
1.424
1.824
2.648
2.424
2.448
2.748
2.648
0.3
1.224
1.524
0.1
1.324
1.224
1.324
1.924
1.324
1.224
1.224
2.024
1.224
1.224
3.548
0.8
2.448
0.5
1.624
2.024
0
1.224
4.748
0.1
1.224
2.548
3.672
0.2
1.324
1.224
1.924
1.424
1.424
1.224
1.224
1.624
1.224
1.924
1.224
1.424
1.224
1.324
1.824
2.124
1.624
1.424
1.324
0.1
3.148
2.648
1.324
0.7
1.224
2.448
1.424
1.824
0.7
0
1.324
2.748
1.524
1.224
0.6
2.548
1.624
0
0.1
0.4
2.548
1.224
0.1
3.048
1.324
1.424
1.224
2.648
1.224
1.224
1.224
1.424
0.1
1.524
1.324
2.524
0.2
1.224
0
1.324
2.548
2.448
1.224
1.224
1.224
2.548
2.548
1.224
1.624
3.872
0
0.1
1.424
2.648
0.3
2.648
0.2
1.324
1.924
0
0.2
1.224
1.424
2.548
1.424
3.148
4.172
1.224
2.848
1.524
1.924
0.1
4.572
1.624
1.724
1.224
2.524
1.824
2.424
0.1
2.548
3.772
1.224
1.624
1.324
1.224
1.824
1.324
0.4
1.424
0
1.424
0.3
2.548
1.224
1.724
2.448
1.624
1.224
2.448
2.748
1.224
1.624
3.148
5.448
1.824
0.3
3.048
1.324
0
1.824
1.2
0.7
2.748
1.324
2.548
0
1.624
2.948
0.3
2.748
1.424
3.824
1.224
2.548
0.7
1.324
1.324
1.2
1.624
1.724
3.048
1.724
1.324
1.424
1.224
3.548
0
1.324
3.548
2.848
1.424
1.524
1.324
1.224
2.124
2.848
0.1
1.424
1.324
1.724
2.448
0.1
2.448
0
1.324
1.4
1.2
1.324
1.224
1.324
2.448
0.1
1.224
0
1.224
4.848
2.948
0.1
1.524
1.524
1.524
1.324
1.224
1.224
1.824
0.1
0.1
0.1
0.3
1.424
1.224
5.124
2.548
0
1.624
1.4
1.224
2.448
1.624
1.324
1.624
1.224
2.548
0.3
1.224
1.224
0
1.824
3.948
1.224
1.324
1.224
0
2.648
1.724
1.324
1.524
3.048
1.224
1.424
2.548
3.148
1.724
1.224
1.324
1.224
2.848
1.224
1.224
1.324
0
2.748
1.224
1.424
2.424
1.224
2.124
3.424
1.724
3.048
0.2
1.324
1.324
1.524
0.1
2.448
1.324
2.448
0.1
1.224
0.2
0.3
0.8
1.824
2.448
1.324
2.024
1.924
2.848
1.524
1.224
0
1.224
0.4
1.724
4.872
1.624
1.724
1.324
1.224
1.324
2.748
2.448
2.124
1.324
1.224
1.724
1.324
2.748
2.024
4.672
1.724
2.848
1.424
2.448
2.648
0.1
4.072
1.324
0.1
1.624
1.324
2.448
2.448
1.224
1.324
0.3
0
1.224
1.324
1.324
1.224
1.224
3.148
1.524
4.024
0.4
1
0.1
0.6
3.324
2.448
1.324
0.1
4.048
1.424
0.1
2.648
1.924
2.648
1.824
0.1
1.424
0.3
0.2
4.472
1.424
0.7
1.624
0.2
3.224
2.748
1.324
1.424
0.2
1.424
2.648
2.648
0.3
1.424
0
0
1.624
2.548
1.324
1.424
1.424
2.224
2.448
2.648
2.8
2.648
2.548
2.748
1.424
0.8
3.224
1.3
2.448
3.348
1.224
0
1.924
1.624
2.424
2.224
0.4
1.824
0.5
2.548
1.624
7.372
2.448
1.524
1.324
0.1
2.848
1.224
4.272
2.548
1.424
1.224
3.648
1.324
1.724
1.224
1.524
2.224
1.924
1.624
0.5
1.424
0.9
1.424
2.448
1.324
3.648
2.024
1.224
1.324
1.324
2.448
3.148
2.748
3.448
2.548
1.524
3.048
2.324
2.448
1.224
1.324
2.948
2.424
1.424
1.324
3.248
2.424
1.324
2.848
1.324
3.448
0.3
1.524
1.324
3.424
2.024
1.724
2.848
2.224
1.924
2.324
1.324
2.224
0
1.624
2.748
4.472
2.448
2.548
0.1
1.224
0
3.248
0.1
1.324
1.424
1.424
1.824
1.424
2.448
1.524
4.224
0
5.824
0
2.748
1.224
0
0
2.448
2.448
0.2
1.724
2.748
2.124
1.224
1.324
2.948
0.2
1.224
8.148
1.324
1.224
0
2.524
2.324
6.224
3.124
1.224
5.648
2.748
2.548
1.224
1.324
1.224
0
0.3
1.324
1.324
0.2
1.224
1.724
1.224
0.3
1.224
2.448
0.4
0.4
2.648
1.724
1.524
1.424
1.624
1.224
0.1
1.224
2.648
2.648
2.024
2.548
2.648
2.748
1.224
1.324
4.284
3.56
6.184
6.732
3.348
3.548
1.224
1.224
1.224
0.1
3.872
3.772
3.148
3.872
4.272
5.196
4.072
2.648
3.672
4.284
4.472
0.1
2.548
1.224
1.224
1.224
0
0.6
9.448
2.848
1.524
3.748
4.224
3.248
