0.9
1.424
5.872
4.272
5.196
0.2
1.424
2.448
0.3
1.224
1.324
1.324
1.424
2.624
2.224
1.224
1.224
2.448
2.448
2.648
1.324
1.624
1.324
2.448
1.624
2.448
3.048
2.948
4.896
2.448
2.448
2.448
1.6
0
1.424
0.5
0.1
0
0.2
0.4
0
3.524
0
0.3
0.2
1.224
0.2
1.824
0.2
1.424
1.224
0
1.924
1.224
0
1.224
1.524
1.324
0
2.624
3.024
1.824
0.1
3.448
0.3
0.1
1.524
1.324
1.624
3.424
0.6
3.148
1.624
0
3.824
2.724
1.224
2.024
1.424
0
3.348
1.224
1.224
1.224
0.1
1.224
1.224
0
1.224
4.972
0
1.524
1.424
1.224
1.224
1.624
1.624
1.224
2.448
2.548
0
1.624
1.824
0
1.224
0.1
0
1.4
1.624
0
1.824
1.224
0
2.448
0.1
0.6
0
2.848
0
0
4.424
0.1
2.448
1.524
1.424
0
0.2
1.224
0.1
3.548
0.4
0.3
1.624
0
1.624
0.6
1.424
2.548
1.524
0.6
1.524
3.872
1.224
2.224
1.224
1.224
1.624
1.424
0.3
1.224
1.324
0.2
0.2
0
1
0.6
1.624
0.2
0.9
0.1
0.1
1.324
0
1.224
0.5
1.324
1.324
1.224
0.1
6.648
1.324
1.724
2.448
0.2
2.448
3.748
1.224
1.224
1.224
0.3
0.2
3.348
1.224
3.772
0.6
4.372
3.224
2.548
1.424
3.672
1.824
1.524
0.3
3.648
2.548
1.824
1.224
0.5
1.224
1.824
3.56
3.06
1.836
3.46
4.836
3.06
2.036
4.16
4.684
3.16
4.384
2.036
5.984
3.06
1.836
6.86
1.936
6.284
1.836
3.16
3.06
4.384
6.784
5.908
5.508
4.684
4.284
4.284
6.708
5.508
7.332
6.732
2.548
0.1
2.748
0.1
6.572
1.824
0
1.624
0
2.624
2.024
1.224
1.224
1.324
2.548
2.448
1.324
3.524
0
1.524
1.224
1.224
1.224
1.224
1.224
2.024
4.072
1.624
2.748
1.224
1.324
0.8
2.548
1.224
1.624
2.448
0
2.448
0
0.1
0
2.648
2.324
0
2.448
1.224
4.284
3.06
3.672
2.548
5.896
4.896
7.232
0.1
3.26
3.16
2.548
1.424
1.324
3.672
1.224
2.124
1.224
0
1.224
0.4
1.424
0
2.548
1.324
0.5
2.024
1.224
1.224
1.524
1.624
2.448
1.524
2.848
1.224
2.548
2.448
2.448
2.748
0
1.224
1.224
1.324
0.1
1.424
0.2
0.9
1.424
0
1.224
1.224
1.224
1.224
3.948
3.872
1.324
2.948
2.548
1.224
0
1.224
1.7
1.224
1.224
1.324
4.124
1.424
0.7
2.224
1.324
3.148
0.7
1.324
1.424
1.324
3.124
4.624
2.448
0.1
0.2
1.224
2.448
3.048
1.524
1.224
1.224
1.224
2.448
1.424
1.424
2.448
1.324
2.448
2.448
1.324
1.224
2.448
2.448
1.324
3.448
1.424
1.224
1.524
3.872
5.472
4.284
1.224
3.672
1.324
3.772
3.148
1.524
1.324
2.448
7.032
6.572
3.772
4.172
1.224
1.836
1.424
1.224
3.672
3.872
4.072
1.224
4.272
3.772
2.448
4.996
4.996
3.148
3.672
4.948
3.648
3.972
1.224
3.972
2.948
1.624
3.672
3.872
2.648
2.548
5.596
2.948
4.772
1.224
2.748
3.672
3.872
4.048
4.172
4.896
2.448
2.648
2.224
4.972
4.072
1.224
3.548
4.348
3.672
4.896
3.972
4.896
2.648
4.072
3.772
3.672
3.672
2.848
2.548
3.972
1.324
3.672
4.572
2.548
1.424
3.148
3.672
1.324
7.896
3.048
3.772
2.848
2.524
5.296
2.548
1.824
4.948
2.424
3.672
4.348
2.624
1.224
2.648
5.796
2.948
3.972
3.672
1.924
3.448
3.872
2.548
1.224
1.324
3.972
1.224
4.996
4.072
3.972
3.672
1.324
3.672
3.972
5.396
1.224
1.224
3.672
2.648
4.972
3.672
2.448
4.572
1.924
1.224
2.448
3.672
3.772
4.248
3.672
2.448
1.224
5.596
3.972
2.448
3.672
5.196
3.672
2.648
4.996
2.448
3.848
2.448
2.448
2.448
3.672
4.972
5.972
3.672
2.448
1.224
3.772
3.872
4.372
2.448
1.224
5.196
1.324
1.424
2.548
1.624
4.272
3.772
5.196
1.224
4.172
2.448
5.272
7.996
3.672
1.424
1.324
2.648
3.872
2.748
1.224
1.424
2.448
4.572
2.548
1.324
5.096
1.524
2.448
2.448
3.048
2.548
3.248
3.648
2.748
4.896
3.672
2.548
3.672
3.672
2.648
1.224
2.448
2.448
2.548
2.724
3.348
2.448
3.972
2.448
1.224
2.648
3.772
1.224
3.772
3.248
3.972
4.896
2.448
2.124
1.324
2.448
2.448
2.748
1.224
3.672
2.448
3.872
5.396
2.448
3.772
3.872
5.072
3.048
3.772
3.672
1.324
3.872
3.748
3.872
2.548
2.824
1.424
1.224
3.024
4.896
3.672
3.672
1.524
1.324
3.872
3.672
4.072
4.372
4.872
1.224
2.448
3.972
1.524
2.748
3.972
2.448
3.972
2.448
1.524
2.548
3.772
4.072
2.448
2.448
3.248
2.548
1.224
2.324
3.672
4.472
2.448
1.224
1.324
1.624
2.648
3.672
3.972
3.972
3.672
2.648
5.372
1.424
3.972
2.648
2.448
3.772
1.224
2.448
5.196
1.224
3.672
2.548
3.772
3.772
6.596
1.224
6.12
3.972
4.472
4.272
1.324
3.672
3.348
1.224
3.672
3.672
2.448
6.82
2.648
2.648
4.172
1.324
2.548
3.772
2.448
1.524
4.896
1.824
3.672
3.672
3.672
3.148
3.772
3.972
4.896
1.524
1.324
2.948
3.148
1.324
5.196
2.548
3.772
3.772
2.448
1.224
3.772
4.172
3.672
3.772
2.548
3.872
2.648
2.548
1.224
1.224
1.324
2.448
4.896
2.648
4.648
2.448
2.024
4.072
3.772
3.972
3.772
3.872
3.348
3.772
3.872
2.548
3.248
3.972
2.648
4.172
4.996
3.772
2.748
2.448
1.424
2.448
4.272
3.772
3.772
2.648
4.896
5.348
6.472
2.748
1.724
4.172
4.996
3.672
1.224
2.548
2.548
3.672
2.948
3.672
3.148
4.072
1.224
4.896
2.448
1.224
3.672
4.896
3.672
1.224
3.672
3.672
3.672
1.324
3.672
3.672
2.448
4.472
2.448
4.572
3.048
2.748
3.972
3.672
4.272
1.424
3.772
2.448
2.848
4.672
5.396
1.224
3.772
2.448
2.448
1.224
3.972
2.448
5.096
3.772
1.224
4.672
3.772
4.896
4.172
3.672
2.448
2.448
3.672
3.148
3.772
5.196
4.996
1.324
4.896
2.448
1.224
1.224
1.224
5.096
2.448
2.448
4.972
3.872
2.648
3.872
2.548
1.224
2.448
1.224
1.224
2.448
3.672
4.072
3.872
3.672
4.996
2.448
1.224
4.896
3.972
3.672
4.172
3.872
1.224
3.972
7.296
2.448
1.224
2.448
2.548
2.948
2.748
3.772
3.448
2.424
1.224
6.196
2.448
3.772
4.896
3.772
4.896
3.872
2.548
5.472
4.148
1.424
1.224
3.772
3.772
2.548
2.648
2.648
2.748
2.748
2.448
1.824
3.772
2.448
4.472
4.896
1.724
1.324
3.672
3.672
2.448
2.448
3.772
1.224
1.524
1.424
3.772
2.548
2.548
5.472
4.472
2.648
2.448
3.048
2.548
2.448
2.448
3.148
6.12
1.924
5.172
2.548
2.748
2.648
3.672
6.096
6.896
2.748
6.732
5.608
6.732
4.784
6.732
6.808
5.608
21.056
7.332
4.884
4.484
6.832
6.732
8.132
6.832
7.132
6.832
4.484
4.484
4.284
5.808
4.384
7.132
2.448
4.172
3.872
3.772
4.072
6.608
5.608
5.996
2.548
1.324
1.224
2.648
3.872
2.748
4.972
7.332
5.896
3.672
5.596
3.672
3.672
2.648
2.548
2.948
4.896
5.096
5.296
3.872
3.148
2.548
2.448
4.072
3.872
3.772
2.548
2.448
2.448
5.196
2.448
3.772
4.772
2.848
2.548
4.072
3.772
6.708
6.408
1.224
1.324
5.596
2.024
1.224
2.648
5.448
2.948
0.6
2.448
2.448
1.224
1.524
3.848
2.848
1.224
2.448
0
3.124
0
2.224
0.1
2.448
2.548
3.348
2.448
0.6
0.1
0.2
1.424
0
1.424
1.524
1.224
0
1.324
0
0.1
2.648
0
4.972
1.524
0.7
1.224
0
1.324
1.624
1.224
2.448
1.224
1.224
1.324
1.224
3.248
1.324
0.5
1.324
1.224
1.424
1.224
1.224
1.424
1.524
7.224
0
1.424
0.4
1.324
2.424
1.324
1.324
0
2.624
1.324
1.424
1.424
0
2.548
2.448
2.724
1.424
1.1
0.3
0.4
1.324
1.224
0.3
1.524
1.524
1.324
1.2
1.224
2.624
1.324
2.648
2.748
1.324
1.624
2.948
2.448
2.448
1.424
1.324
3.972
1.724
1.524
3.672
1.224
1.324
1.724
0.1
3.424
3.248
1.424
1.224
1.424
1.224
2.524
1.424
1.324
3.672
0.5
1.724
1.324
1.324
0
0.4
2.124
1.624
1.224
2.648
1.224
4.248
1.224
1.224
1.324
1.224
1.224
2.748
0.5
1.224
1.224
1.924
1.624
1.424
2.848
1.724
1.424
1.724
0.2
1.324
1.224
0.1
2.948
2.448
1.624
1.724
0.4
1.224
0.2
2.548
1.224
1.324
2.548
1.224
0.6
1.224
1.324
1.224
0.5
1.224
2.548
1.324
1.324
1.624
2.724
0.4
1.224
2.3
0
0
1.324
1.824
2.748
3.048
2.548
2.824
1.724
1.224
2.448
1.224
0.2
1
1.824
1.424
1.224
2.548
1.224
1.924
1.524
1.224
1.324
2.448
1.224
1.724
2.424
1.224
1.1
1.224
1.524
1.524
1.824
2.124
1.924
3.048
2.548
1.224
1.224
3.624
1.324
0
1.824
1.224
2.324
1.224
1.224
1.524
0.2
0.6
1.424
0
1.224
1.824
1.724
1.324
2.724
0.1
4.272
1.824
1.324
1.224
0
1.224
1.224
0.1
0
1.424
1.324
1.224
2.448
2.548
3.548
1.624
0.9
3.148
1.824
1.424
1.524
1.224
1.324
1.224
3.424
2.024
1.224
1.224
1.324
1.324
2.548
1.724
1.424
1.824
3.348
0
1.724
0.1
1.624
1.824
1.424
1.224
1.524
0
1.1
3.424
2.448
1.724
1.224
1.224
1.524
1.724
1.324
2.448
2.648
0.2
1.424
2.448
1.424
2.324
3.148
1.824
1.424
1.424
2.648
1.224
1.224
1.424
1.224
1.224
1.224
1.524
1.824
1.324
0.3
0
0.9
0
0.4
3.048
2.324
2.548
1.824
1.424
1.424
1.224
1.224
2.724
1.224
1.324
1.324
2.548
1.324
2.448
1.224
3.948
0.1
2.648
1.224
1.724
0
1.224
0.3
3.672
1.324
1.324
2.548
1.824
1.5
3.348
0.3
0
1.224
2.124
1.624
1.224
1.624
1.324
1.224
2.748
0.4
1.424
1.224
0.1
1.424
1.424
1.424
1.624
1.524
0.5
1.324
1.524
1.324
2.648
0.1
1.224
3.772
1.524
1.624
1.224
0.3
2.448
1.424
1.424
2.124
0.1
0.3
1.224
1.2
1.224
2.448
1.224
1.324
1.524
3.872
0.1
1.224
1.224
3.872
1.324
1.224
1.724
3.448
1.324
1.324
2.748
1.324
1.624
1.224
1.424
1.324
0.8
1.424
0.2
2.448
1.724
1.224
1.824
1.624
1.424
1.224
1.924
0.1
0.7
0
3.148
1.324
2.848
1.224
1
1.824
1.9
1.324
0
4.072
2.448
1.724
0
1.224
1.724
0.1
0.3
1.224
1.224
0.4
1.324
1.224
0
1.224
1.424
0.5
0
1.224
1.424
1.224
1.324
1.724
5.548
2.924
1.624
2.848
0.1
1.324
3.148
0.3
0.3
2.748
1.924
3.672
1.224
1.624
1.324
1.324
1.324
1.324
2.624
0
1.224
0.7
0.3
2.448
2.024
1.624
2.548
2.124
1.824
0.3
1.224
1.224
3.148
1.224
2.448
3.248
1.624
1.324
2.548
1.224
1.224
1.824
1.524
0
1.624
1.324
1.224
1.224
1.324
1.224
1.324
0
0.8
0.9
1.224
0
1.524
1.224
0
1.224
1.224
2.448
1.8
1.724
1.624
0
1.424
0
0.1
1.224
0.1
2.948
1.424
1.224
1.324
0
1.224
1.224
3.824
0
1.224
1.524
1.724
2.748
1.224
0.3
1.624
0.2
1.224
2.548
0.1
1.224
1.224
0
2.548
4.248
1.324
0.1
1.224
1.224
2.548
0.3
1.524
2.748
3.972
1.224
1.324
2.448
2.024
2.848
2.748
0
2.548
2.848
0
0
2.648
1.524
1.224
1.224
1.424
0.2
1.224
2.024
2.824
1.524
1.224
1.224
1.324
1.324
0
1.324
2.448
1.524
1.324
1.224
1.224
1.624
1.224
1.624
3.048
2.548
0
1
1.624
5.172
0.3
1.224
1.224
0.1
0.4
3.048
4.472
2.648
2.748
1.224
0
0
0.7
0
2.824
0.3
1.224
0.2
0.6
1.324
3.448
2.124
1.524
1.724
2.748
3.672
1.324
0
2.648
2.448
1.224
0.2
0
2.548
3.672
0
1.524
1.224
2.448
1.424
2.548
1.424
1.324
0
2.848
1.424
3.124
1.424
1.724
1.224
1.324
3.824
3.672
1.324
1.324
4.048
1.224
0
2.748
1.724
1.324
0.3
0.3
0.2
0.1
1.424
3.748
0.6
1.924
3.148
0.1
1.4
2.648
0
1.324
1.324
1.724
2.648
1.624
1.524
1.524
1.424
1.224
1.424
1.224
0.1
1.324
0.4
2.024
1.424
1.224
5.424
1.524
1.324
0.2
2.548
2.024
3.124
2.424
0
1.724
1.424
0
2.948
1.224
1.524
0.7
0.6
2.124
0.3
1.424
1.824
7.572
1.424
1.524
1.224
1.324
1.424
0.1
1.824
1.224
0.1
1.324
3.248
1.524
2.424
0
1.724
4.048
1.524
1.724
1.524
1.424
1.524
2.948
0
0.1
3.724
1.924
0
0.1
0.1
1.224
2.548
2.648
3.748
1.324
2.748
1.624
1.9
0
0.2
2.448
1.724
3.324
2.448
0.1
1.824
2.424
1.224
0.5
1.724
1.824
1.324
1.524
0.1
3.024
3.648
2.948
1.824
4.048
1.924
2.924
0
2.924
0
3.448
2.448
3.148
2.548
2.748
1.324
1.224
1.224
2.124
2.448
1.224
0.2
2.448
2.024
0
1.224
1.824
0.9
1.224
2.4
1.524
1.524
0
1.224
1.224
3.772
0
0.1
2.948
1.624
2.548
1.224
2.448
1.524
1.324
0
7.072
1.224
2.448
0
4.348
2.124
3.724
2.624
1.224
2.4
3.748
3.972
0.1
1.224
1.224
1.324
1.824
2.448
1.224
0
2.448
0.1
3.672
0.1
1.424
2.648
0.4
2.124
2.548
4.272
1.824
1.224
1.224
2.448
1.224
0.1
1.424
0.1
5.172
2.448
2.548
0.1
2.448
2.448
3.06
1.936
7.408
4.284
1.724
2.224
0.1
1.224
2.448
0.3
3.772
4.996
2.648
4.172
1.324
2.648
3.972
3.772
4.896
6.732
5.296
1.324
3.672
3.672
2.448
0
1.224
0.5
3.9
0.5
0.2
2.524
3.448
1.924
