0
0.2
4.372
2.448
5.296
0
0.1
1.224
0.1
0
0
1.324
1.324
0.3
0.3
0
1.324
1.224
1.224
1.324
1.224
1.224
1.224
1.224
0.1
1.224
1.224
2.548
3.672
2.448
1.224
2.548
0.5
1.224
1.324
0
0.1
0.1
0
0.2
0.1
2.124
0
0
0.1
1.224
0
1.324
0.1
1.224
1.424
0.1
1.424
1.224
0.1
1.224
1.324
1.224
0.1
2.124
1.824
1.324
0
1.624
0.1
0.1
1.224
1.224
1.424
1.424
0.2
2.748
1.224
0
1.924
0.1
2.448
0.2
1.224
0
2.948
1.224
1.224
1.324
0
1.224
1.324
0
1.224
2.748
0
1.324
1.224
1.224
1.224
1.424
1.424
1.224
2.448
1.224
0.1
1.524
1.624
0
1.224
0
0
0.6
1.424
1.224
1.324
1.224
0
2.548
0.1
0.1
0.1
2.648
0
0.1
2.324
0.2
1.324
1.324
1.224
1.224
0
1.224
1.224
2.848
0.1
0
1.224
1.224
1.424
0.5
1.224
2.648
1.724
0.2
0
2.748
1.224
1.324
1.224
1.224
1.424
1.324
0
1.224
1.324
0.2
0.1
0
0.1
0.2
1.324
0.1
0.2
0
0.1
1.224
0
1.224
0.1
1.224
1.224
1.224
0
2.424
1.224
1.724
2.448
0.1
2.448
3.048
1.224
2.448
1.224
0.1
0.1
4.072
0
3.672
0
3.972
2.224
2.448
1.224
3.772
0.1
1.424
0
2.748
2.648
1.224
1.224
0.1
1.224
1.524
3.06
3.06
1.836
3.36
2.936
3.16
1.836
3.16
4.684
3.26
4.284
2.036
3.56
3.16
1.836
3.56
1.836
3.36
1.836
3.06
3.06
5.808
5.484
6.932
5.608
4.684
4.284
4.384
6.108
5.508
5.808
5.508
2.448
0
2.448
0.4
5.172
1.424
0
1.624
0
2.324
1.524
1.424
1.324
1.324
2.448
3.672
1.424
0.6
0
1.224
1.224
1.224
1.224
1.224
1.224
1.224
2.648
1.624
2.548
1.224
0
0.3
3.672
1.224
0.3
3.672
0
2.448
0
0.1
0.1
2.648
1.424
0
2.648
2.648
4.284
3.06
3.672
3.672
6.32
4.896
7.332
0
4.284
4.284
2.748
1.224
1.224
4.896
1.224
1.824
0
0
2.448
0
1.224
0
1.224
1.224
0.5
0.1
0.1
1.224
1.524
1.524
1.224
1.724
2.448
1.324
2.448
1.224
1.224
2.748
0
1.224
0
1.424
0
0
0.2
0.1
1.424
0.1
1.224
2.448
0
1.224
1.824
2.548
2.448
1.324
1.224
1.224
1.224
0
0.5
0
1.224
1.224
2.848
1.224
0
1.424
2.648
2.548
0.2
1.324
1.324
1.524
1.724
2.324
1.224
0.1
0.1
1.224
1.224
2.648
1.224
0
1.224
1.224
2.448
0.2
1.224
3.672
0.1
2.548
2.448
1.424
1.224
1.324
1.224
1.224
3.872
0
0
0.1
2.748
3.448
5.508
1.224
2.448
1.224
4.896
3.048
1.224
1.324
1.224
5.608
3.248
3.672
2.448
1.224
1.836
1.324
1.224
2.448
3.772
3.672
1.224
5.696
4.996
2.448
6.22
6.12
2.648
3.772
1.624
3.248
3.872
1.224
2.748
2.648
1.324
2.448
4.072
2.448
2.448
3.972
4.372
2.748
1.224
2.848
2.448
3.872
2.948
4.372
3.772
2.448
2.448
1.324
3.872
2.548
1.224
2.648
2.448
2.948
3.672
2.648
3.672
2.548
2.548
3.672
4.896
3.872
2.548
2.748
2.448
1.224
2.448
4.172
2.448
1.224
1.324
4.896
1.224
4.472
3.048
3.772
2.548
1.524
3.772
2.748
1.224
4.048
1.524
2.448
3.548
2.848
1.424
2.548
3.872
3.548
2.548
3.672
1.724
3.348
3.672
1.224
1.224
1.224
2.548
1.224
4.896
2.548
2.448
3.672
1.224
4.896
3.672
4.896
1.424
1.224
2.448
2.548
5.196
3.672
1.224
4.672
1.524
1.224
1.224
4.996
3.772
2.948
2.448
2.448
1.224
5.596
3.972
2.448
4.896
5.096
2.448
2.648
3.772
2.448
3.448
2.548
2.448
2.448
2.448
5.696
4.372
4.996
2.448
1.224
3.772
4.372
4.472
2.448
1.324
6.12
1.324
1.324
2.448
1.324
2.648
5.096
3.772
1.424
2.548
2.948
4.472
4.472
3.672
1.224
1.224
1.224
3.672
2.548
1.224
1.424
2.548
4.672
2.548
1.324
3.672
1.324
2.648
2.448
2.448
2.448
2.748
2.548
2.448
3.672
2.448
1.324
3.672
2.548
2.548
1.224
2.648
2.448
2.548
1.624
3.048
2.548
3.772
1.224
1.424
3.772
4.996
1.324
2.848
2.548
2.548
3.772
2.448
1.224
1.324
2.448
2.548
2.848
1.224
3.672
2.448
2.448
3.772
1.224
3.672
2.448
3.148
2.648
2.448
2.448
1.224
3.872
2.748
2.548
1.224
1.824
1.424
1.224
2.224
3.772
3.772
2.448
1.224
1.424
3.672
2.448
2.648
3.872
4.896
1.224
1.424
3.772
1.224
2.548
3.672
2.448
3.672
3.672
1.224
2.448
2.548
3.672
1.224
3.672
2.548
3.672
1.224
1.524
2.448
2.548
2.548
1.224
1.224
1.424
2.648
3.772
2.548
3.772
2.448
1.624
4.772
1.224
4.472
2.448
2.448
3.772
2.548
2.548
5.296
1.224
3.772
2.448
3.872
3.872
4.272
1.324
4.896
2.448
2.648
4.372
1.224
2.548
4.372
1.224
3.772
2.448
2.648
4.996
2.448
1.224
5.996
1.324
2.648
4.996
2.548
1.524
3.672
2.548
3.672
3.672
3.672
3.772
2.448
4.072
4.996
1.224
1.224
3.972
2.548
1.224
3.772
2.448
3.672
3.672
2.548
1.224
2.548
4.672
2.448
3.772
1.224
4.072
2.548
2.448
1.224
1.224
2.648
3.672
3.672
3.772
1.724
2.448
1.324
3.772
2.448
3.772
3.772
3.672
2.648
2.448
4.172
2.448
3.348
3.772
2.548
5.196
3.672
3.672
3.972
2.448
1.324
2.448
4.072
4.896
3.772
2.548
4.896
2.424
5.396
1.224
1.524
2.648
5.196
3.672
1.324
2.548
2.448
2.448
2.648
3.672
3.548
3.872
1.224
3.672
3.672
1.224
3.772
3.772
3.672
1.224
2.448
2.448
3.872
1.224
4.896
3.672
2.648
2.848
2.448
2.748
2.948
2.648
3.872
3.672
3.972
1.224
3.672
2.448
2.448
4.072
3.872
1.224
2.548
2.548
3.672
1.224
3.672
2.448
3.872
3.872
1.224
5.196
3.672
3.672
3.972
3.672
2.448
2.448
3.672
2.548
2.448
5.196
3.672
1.224
5.096
1.324
1.424
1.224
2.448
3.672
2.448
2.448
3.872
3.672
1.224
3.672
1.224
1.224
1.224
1.224
1.324
2.548
2.448
5.096
3.972
3.672
6.22
2.648
1.224
4.896
3.872
3.772
5.396
4.896
1.224
3.672
6.82
2.448
1.324
3.672
2.448
2.448
2.648
2.448
3.248
1.324
1.224
6.396
2.448
3.772
4.896
2.448
5.096
3.672
2.548
3.772
2.948
1.324
1.224
3.672
2.448
2.548
2.648
2.648
2.448
2.448
3.672
1.224
2.448
3.872
3.772
3.672
1.224
1.224
2.448
3.672
1.224
2.548
4.996
1.324
1.324
1.324
4.072
2.448
2.648
3.148
4.272
2.948
2.448
1.424
2.448
2.448
2.448
2.548
4.896
1.424
4.172
2.448
1.324
2.548
2.448
4.372
4.572
3.148
6.732
4.284
7.032
4.284
8.156
5.908
6.932
7.332
13.056
5.708
4.484
5.908
6.732
6.508
8.156
5.508
5.608
4.284
4.284
4.284
5.508
4.484
6.932
2.448
3.872
3.972
3.772
4.072
5.708
5.608
6.72
2.448
1.224
1.324
1.324
2.548
2.648
4.172
5.508
3.772
4.896
3.772
2.448
3.672
2.448
2.548
2.648
3.672
4.072
4.072
3.672
2.848
2.448
2.448
3.772
3.672
4.072
2.448
2.448
2.448
5.196
2.448
3.972
4.372
2.548
2.448
3.872
5.096
5.908
5.908
1.224
1.224
5.096
2.124
1.224
2.548
3.448
3.048
0.1
1.224
1.224
1.224
1.324
2.748
2.548
1.224
2.448
0
0.7
0
1.524
0
3.672
2.448
3.248
3.672
0.1
0
0
1.224
0.1
1.624
1.224
2.548
0
1.224
0
0
1.224
0
3.248
1.224
0
1.224
0
1.224
2.948
1.224
1.224
0
1.324
1.324
0
1.424
1.424
0.1
1.424
0
0
2.448
1.224
1.424
1.624
3.024
0.1
1.324
0.1
1.524
0.4
2.648
0.1
0
1.724
1.524
1.224
0
0
2.548
3.672
1.624
1.424
0
0.1
0.1
0.1
1.224
0
1.324
1.224
1.224
0.4
2.848
1.324
0
2.548
1.424
1.224
1.324
2.448
2.448
2.548
0
1.224
4.896
1.224
2.448
2.448
1.224
1.224
0.2
0
1.724
1.324
1.324
1.224
1.524
0
1.724
1.224
1.224
4.896
0.2
1.224
1.324
2.548
0.1
0.2
1.524
1.324
2.448
3.672
0
2.948
1.224
1.224
1.324
1.224
1.324
2.648
0.5
2.548
1.224
1.524
1.224
1.224
2.448
1.324
1.224
1.424
0
1.224
1.224
0
1.524
1.224
1.424
1.324
0.1
1.224
0.1
2.448
1.224
1.224
2.548
2.548
0
2.548
1.224
1.224
0
1.424
1.324
1.324
1.324
1.324
1.424
0.2
1.224
0.6
0
0.1
1.224
1.624
2.648
3.672
2.448
0.4
1.324
0
1.224
0
0.1
0.2
0.2
2.648
1.224
1.224
0
1.224
1.424
1.224
1.224
2.448
1.224
1.624
0.1
1.224
0.2
1.224
1.424
1.324
1.324
2.648
1.224
3.672
3.672
1.224
1.324
3.548
1.324
0
1.224
1.224
1.424
2.448
1.324
1.324
0
0.5
1.224
0.2
1.224
1.324
2.448
1.224
1.624
1.224
5.196
2.748
1.224
1.224
0.1
1.224
1.224
0
0.1
1.224
0.1
2.448
2.548
3.672
2.648
1.324
0
3.972
1.424
1.424
0
0
0
1.224
2.024
0.1
0
1.324
1.224
0
2.448
2.548
1.424
2.748
2.948
1.224
1.324
0.1
1.324
1.324
1.324
1.224
1.224
0
0.2
1.524
2.448
1.224
1.224
1.324
1.324
1.324
1.224
2.448
2.448
0
1.424
2.448
1.324
1.524
2.548
1.324
1.324
1.324
2.848
1.324
1.324
0
0
2.548
1.224
1.224
2.648
1.424
0
0
0.6
0
0
1.424
0.1
1.224
1.424
1.324
1.424
1.224
1.224
2.024
0
0
1.224
2.448
1.224
2.548
1.224
2.448
0
2.448
1.224
1.224
0.1
1.224
0
2.448
1.224
1.224
2.448
1.324
0.4
2.648
0
0
1.324
1.224
1.324
1.224
1.324
1.224
1.224
2.448
0.1
1.224
0
0
1.224
1.324
0
0.1
1.424
0.2
1.224
0
0.1
2.448
0
1.224
5.296
2.648
1.824
1.224
0.1
2.448
1.524
1.224
1.324
0
0.1
1.224
0.2
1.224
2.448
1.224
1.324
1.224
2.448
0
1.324
1.224
4.896
1.224
2.448
1.224
2.448
0.1
1.224
3.872
2.448
1.324
1.224
1.224
1.224
0.1
2.448
0.1
3.672
1.424
0
1.524
1.424
1.324
1.224
2.448
0.1
0.2
0
3.972
0.2
2.548
1.324
0.2
1.524
0.3
0
0
3.672
2.448
0.1
0.1
1.224
1.424
0
0
1.224
1.224
0
0
1.224
0
2.848
1.224
0
0
2.448
2.548
1.224
0
2.548
2.024
1.324
1.324
1.424
0.1
1.324
2.548
1.524
1.424
3.872
1.224
4.896
0.1
1.324
1.224
0
1.224
1.324
1.524
0
1.224
0.3
0
2.548
1.224
1.224
3.672
1.424
1.424
0.1
1.224
1.224
3.772
1.224
2.448
2.848
1.424
1.324
2.448
1.224
1.224
2.748
1.224
0
1.224
1.324
1.224
2.448
1.324
1.224
1.224
0
0.4
0.4
2.448
0
0
1.224
0
1.224
1.224
3.672
0.5
1.224
1.224
0.1
1.224
0.1
0
2.448
0
4.072
1.224
1.324
0
1.224
0
2.448
1.724
0
1.224
1.724
0.2
2.448
1.224
0.1
2.648
0
1.224
2.448
0
0
0
1.324
3.672
1.724
1.224
1.224
2.448
1.224
2.548
0
1.224
3.672
4.996
1.224
1.224
1.224
1.424
2.548
1.224
0
2.448
2.648
0
0
3.772
1.424
1.224
1.324
1.224
0.4
1.224
1.324
1.824
0
1.224
0
1.224
1.224
1.324
0
2.448
2.548
1.224
0
1.324
0.1
1.324
1.424
2.548
1.324
0
0.5
1.424
3.972
0.2
1.224
0
0
0
2.548
3.872
2.548
2.548
1.224
0
0
0.3
0
1.324
0.1
0
0.1
0.5
1.424
2.748
1.424
1.424
1.224
2.448
3.672
1.224
0
3.672
1.224
0
0
0
2.448
4.896
0
1.324
1.324
1.224
2.448
3.672
1.224
1.224
0
2.448
1.324
2.424
1.224
1.324
0.1
1.424
1.624
4.996
1.224
1.324
3.548
1.224
0
4.172
1.424
1.224
0
0.2
0
0
0.1
2.748
0.2
0
1.424
0
0.6
3.672
0
2.648
0
1.524
1.324
1.224
1.224
0.1
0
0
1.224
1.224
0.1
1.224
0
1.724
1.324
1.224
1.1
1.324
1.224
0
1.224
1.624
3.048
0.4
0
2.648
2.448
1.224
1.224
1.324
1.424
0.1
0.2
1.324
0
1.224
1.224
4.772
1.224
2.548
1.224
1.224
1.324
0
1.324
1.324
0
2.448
2.448
2.548
1.324
0
1.224
2.648
0.4
1.224
1.224
1.224
1.224
2.648
0
0
1.424
1.324
0
0.2
0
1.224
2.548
3.772
3.048
1.224
3.772
1.424
1
0
0.1
3.772
1.324
1.624
3.672
0
1.324
0.2
1.224
0.1
1.324
1.324
2.448
1.324
0
3.148
2.748
2.548
1.524
2.548
1.524
1.724
0.1
1.724
1.224
2.648
3.972
3.772
2.448
2.548
1.324
1.224
0.2
1.624
1.224
1.324
0
1.224
0.2
0
1.224
0.2
0.4
1.224
1.6
0.1
1.524
0
1.224
1.224
2.548
0.1
0
1.424
1.324
1.324
1.224
1.224
1.224
0
0
3.748
1.324
2.448
0
1.724
1.724
2.124
2.224
1.224
0.6
2.748
2.548
0
1.224
1.224
0.1
0.3
2.548
1.224
0.1
1.224
0.2
2.448
0
1.224
2.648
0.6
0.1
3.972
2.548
1.524
1.224
2.648
1.224
1.324
0.1
1.224
1.224
3.148
2.548
2.648
0
2.448
1.224
3.16
1.936
4.784
5.608
1.524
2.224
0
1.224
2.448
0.2
3.872
4.896
2.448
3.772
1.424
2.548
3.972
4.072
4.896
5.508
6.32
2.848
2.448
2.448
3.672
0
1.224
0.4
1.1
0.1
0
1.524
1.824
1.324
