0.2
0.2
3.348
1.324
2.748
0.1
0.2
0
0.1
0
0.3
1.224
0.3
0.6
0.4
0
0
0
0
0.1
2.448
2.548
0
0
0.3
0
0.1
2.648
3.672
2.448
0.1
2.448
1
1.324
0.2
0.1
0
0.1
0.1
0.2
0
1.724
0
0.2
0.1
1.224
0.2
0.4
0
2.448
1.224
0.1
2.748
0
0.2
0.1
0
0
0
1.624
0.5
0.3
0
0.5
0.2
0.1
0.1
0
1.224
0.3
0.2
1.624
0.1
0
1.924
0.3
1.224
0.1
0
0
1.724
0
1.224
0
0
0
0
0
0
0.8
0.1
0.1
0
0
0
1.624
1.324
0
1.224
0
0
0.7
0.4
0
0
0
0
0.6
0
1.224
0.3
0
0.1
1.324
0
0.1
0
0.1
0
0
1.3
0
0
0.7
0.1
1.224
0.1
1.324
1.224
1.324
0.5
0.1
0.5
1.324
1.224
0.3
1.324
1.224
1.624
2.436
0.1
0.1
1.836
1.424
0
0
1.424
0
0.3
0
1.324
0.1
0.1
0.1
0.6
0.4
0.1
0
0.7
0
0.1
0
0.1
0
0
0
0
0.1
0.1
1
0.1
0.2
1.224
0.2
1.224
1.424
0.1
1.224
2.448
0.3
0.3
3.048
0
1.224
0.3
1.724
1.724
1.324
0.1
1.224
0.5
1.324
0.1
1.524
1.324
1.524
1.224
0
1.224
0.1
1.836
1.836
1.836
3.36
4.772
1.836
1.936
3.36
3.16
1.836
3.26
4.072
2.236
1.836
3.672
2.936
3.772
2.836
1.836
4.896
1.836
4.484
5.084
5.608
4.384
4.384
4.284
4.384
4.984
4.284
4.484
4.284
1.224
0
1.224
0
2.624
1.224
1.224
1.524
0
1.624
1.324
1.224
0
0
1.224
1.224
1.224
0.9
1.224
0.1
1.324
0
0
1.224
0
0.2
1.224
1.424
2.548
0
0
0.3
2.448
0
0.2
2.448
1.324
2.448
1.836
0.2
1.224
1.424
0.3
1.324
1.224
1.224
3.06
1.836
1.224
2.448
3.972
3.672
4.484
0
4.284
4.284
2.448
2.448
2.448
3.672
0
0.3
0
0
1.224
0.1
0
0
0
0.1
0.1
0.1
0.2
0
0
0.5
0
0.3
0.1
0
1.424
0
0
1.324
0
1.224
0
1.324
0
0
0.4
0.2
0.3
0
0
1.224
0
0
0.4
0
1.224
1.324
1.224
0
1.224
0
1.1
0
0
1.224
2.124
0
0.2
3.46
2.548
1.324
0.3
0
1.324
0.2
0.3
1.3
0
0.1
0
0.1
0.1
1.324
1.324
0
1.224
1.224
1.224
0.1
0.1
2.448
0
1.224
1.224
1.324
1.324
1.224
0
0
1.824
0.1
0.1
0
1.224
1.524
4.284
0
1.224
3.16
3.872
2.748
1.424
1.324
1.224
4.284
2.224
1.224
1.424
1.224
1.836
2.748
1.224
1.224
2.448
2.448
1.224
4.172
3.772
3.672
3.772
3.672
5.708
2.448
2.024
2.648
1.524
4.284
2.548
1.624
3.06
1.224
1.324
1.224
3.672
2.548
3.772
1.824
1.324
3.672
1.224
2.448
4.072
2.548
1.324
1.424
2.648
1.224
3.672
1.524
3.06
1.324
2.648
1.224
2.448
1.424
1.224
1.324
1.224
2.448
2.448
2.448
3.872
2.648
1.224
1.324
1.224
2.748
1.224
4.384
2.448
2.548
1.224
3.048
2.448
2.448
2.548
1.624
2.448
1.224
1.524
4.048
1.624
1.224
2.948
3.148
1.224
1.224
2.548
2.748
1.424
1.224
1.424
1.424
2.448
1.224
3.06
1.524
1.324
1.224
2.548
1.424
1.324
2.448
1.224
2.448
2.548
2.748
4.284
4.284
1.224
3.772
5.396
2.448
1.324
2.548
1.424
1.224
1.224
3.772
2.448
1.824
1.224
2.448
1.224
2.748
2.548
2.448
3.772
2.548
1.324
2.448
2.448
1.224
1.924
2.448
1.224
5.508
1.224
5.196
2.848
3.672
4.284
1.224
2.448
2.748
2.848
2.448
3.16
3.672
1.324
1.524
2.448
1.424
1.524
3.772
1.424
2.548
1.324
2.748
2.548
3.048
3.672
3.06
4.284
1.324
2.448
2.748
1.324
1.324
2.548
2.648
2.548
3.26
1.324
1.324
1.324
1.224
1.524
2.448
2.548
2.448
3.872
2.548
2.448
1.224
2.448
1.224
2.548
2.448
1.224
3.672
2.448
1.724
2.648
1.224
2.448
1.224
1.224
3.772
3.672
1.224
1.324
2.448
2.448
2.548
3.06
2.748
1.224
1.224
2.448
2.548
4.284
2.448
1.324
1.224
2.548
1.224
2.548
1.324
1.724
2.648
1.324
1.224
3.06
1.424
3.872
1.224
1.424
2.948
1.324
1.224
2.524
2.648
2.448
1.424
1.324
3.06
2.448
1.224
1.324
3.772
4.072
1.224
1.224
2.448
4.284
2.448
2.448
2.648
2.448
2.548
1.324
3.772
1.324
3.772
1.224
2.448
2.548
2.448
1.324
1.324
1.324
2.548
1.224
1.224
3.16
1.524
3.772
3.672
3.672
3.672
1.224
1.324
2.748
1.224
4.172
2.448
2.448
2.448
2.448
1.224
2.548
1.224
2.448
3.872
2.648
2.648
2.948
1.224
2.448
2.748
2.748
2.948
1.224
1.324
2.648
1.224
3.672
1.224
3.672
2.648
2.448
1.324
3.772
1.224
1.224
2.448
2.448
1.324
1.224
2.648
3.672
2.448
3.672
3.672
1.224
1.424
2.448
4.384
1.224
4.172
2.548
1.224
2.448
1.224
2.548
2.548
1.224
1.224
1.324
2.548
2.748
2.448
1.424
2.748
2.548
1.224
3.06
1.224
2.448
3.672
2.548
2.548
1.924
2.448
1.324
3.672
1.224
2.548
2.448
2.448
2.848
1.224
2.548
2.548
2.748
1.424
2.448
3.672
2.448
2.448
3.872
1.224
1.524
3.672
1.324
3.672
2.448
2.448
2.448
2.324
4.172
1.324
1.324
1.324
3.672
2.448
1.224
2.448
3.672
1.224
3.772
1.224
2.548
2.648
3.06
1.224
2.448
1.224
2.448
3.772
2.548
1.224
2.448
2.548
2.548
3.36
2.448
2.448
2.448
2.448
1.224
1.524
1.324
3.672
3.872
2.548
1.224
1.424
2.548
2.448
1.324
1.824
2.448
1.324
2.448
2.548
3.672
1.324
1.424
3.06
2.448
2.548
1.224
3.872
2.448
2.548
3.672
2.448
1.224
2.448
2.448
3.772
1.224
2.448
2.548
2.548
2.448
1.224
1.324
1.224
2.648
2.548
1.224
3.16
2.448
2.448
1.324
2.448
1.224
1.224
1.324
1.224
1.224
1.224
1.224
4.072
2.648
2.448
4.072
1.324
3.06
2.448
2.448
1.224
3.872
3.672
1.224
3.772
3.872
1.224
1.224
3.772
3.672
3.772
2.448
1.224
2.648
1.624
2.448
2.848
1.224
2.448
2.448
1.224
2.648
2.448
2.448
4.172
1.524
2.448
1.224
2.448
1.224
3.672
2.548
1.224
2.548
3.672
2.448
1.524
1.224
3.672
3.872
2.448
2.448
1.224
1.224
1.224
1.224
1.224
3.772
4.284
4.284
1.224
1.324
1.224
1.324
1.824
2.548
2.648
1.224
1.224
1.224
2.448
1.224
4.384
2.448
1.424
2.648
3.672
1.324
3.16
1.224
2.648
3.048
2.548
5.508
3.16
4.484
5.508
5.508
4.984
4.284
4.884
5.708
13.768
3.16
4.284
4.284
3.46
5.508
4.284
4.284
5.508
5.608
5.508
5.508
7.344
4.284
2.448
3.672
3.672
3.672
2.648
3.56
3.06
3.972
1.224
3.26
3.06
1.224
1.224
1.424
3.972
4.384
2.548
3.672
1.624
1.324
1.224
2.548
3.672
2.848
1.224
1.324
1.224
2.448
3.248
3.872
3.772
3.672
3.672
1.424
5.608
3.672
1.224
3.772
1.224
3.672
3.772
3.872
3.772
3.672
3.872
5.708
4.484
2.448
2.548
3.772
0.2
0
1.324
2.024
1.724
1.324
2.448
0
2.448
0
1.324
1.324
0
2.448
0
0.7
3.06
0.3
0
2.448
2.448
1.624
2.448
0
0
0.1
1.424
0
0.2
1.424
1.324
0
1.224
1.224
1.224
0.3
0
0.7
1.424
0.4
1.224
0.1
0
2.748
0
0
0
1.224
1.224
0.1
0.3
0.1
0.3
1.224
0
0.2
1.224
1.424
1.324
1.224
3.224
0.1
1.224
0
1.324
0.5
2.448
0.1
0
2.024
1.524
0.1
0
1.836
1.324
2.448
1.424
1.324
0.7
0.2
0
0
0
0.2
0.4
0
1.224
0.1
2.548
1.424
0
1.524
2.448
1.324
0.2
1.624
1.324
1.224
0
0
2.448
1.324
2.748
0
1.224
1.524
0.2
0
2.124
1.424
1.524
0
1.524
0.1
1.524
0.1
1.224
2.448
0.2
0.2
0
1.224
0
0
0
1.524
3.672
2.548
0
1.724
1.224
1.324
1.224
0
0.2
1.524
0
2.548
1.224
1.624
1.224
1.324
1.224
0.2
1.224
1.524
0
1.224
0
0.1
0.1
0.2
1.224
2.848
0
0
0
1.324
0
1.224
0
2.448
0.5
1.224
1.224
0
0
1.524
0.1
1.324
1.324
1.524
1.724
0.1
1.224
0.5
1.836
0
1.324
1.724
1.524
1.724
1.224
1
0.2
0
0.1
0.1
0.1
0.4
0.4
2.648
1.224
1.224
0
1.424
1.324
0.1
2.448
1.224
0
1.424
0.8
1.224
0.4
1.224
1.624
0
0.2
2.748
2.648
3.048
2.548
1.224
1.424
2.324
1.324
0
2.548
0
1.524
2.648
0.3
0.1
0
0.2
0.1
0
1.324
1.324
2.448
1.324
1.624
1.224
2.748
1.524
1.224
1.224
0.1
1.424
1.224
0
0
1.324
0.1
2.448
1.224
2.448
1.924
1.524
0.4
2.548
0.5
1.324
0.2
0
0.1
1.224
1.1
0.5
0
0
0.3
0.1
1.224
2.448
0.2
2.648
2.024
1.224
0.2
0.2
0.2
0
1.324
0
1.424
0
0.3
0.3
0
1.524
2.448
0
1.324
1.724
1.224
1.224
1.324
0
1.524
1.324
1.224
1.624
1.224
1.724
1.324
1.324
1.424
0
1.224
1.936
0
2.448
1.224
1.224
1.524
0
0
1.836
2.136
0
1.936
1.624
0.7
2.548
0.1
1.224
0.1
0
1.224
1.924
0.1
0
0
1.324
0.1
1.224
2.448
2.648
0.1
1.224
0
1.224
1.936
1.224
0
0.2
1.324
1.224
1.224
1.324
0.9
1.324
0.1
0.1
0
1.824
1.324
1.224
0.3
1.224
1.224
0.2
0.3
0.2
0.1
1.936
1.224
1.224
0
0.4
1.424
0.1
0.2
0
0.1
2.548
0
0
2.748
2.548
1.524
1.224
0.1
0.1
1.424
1.424
1.224
0.1
0.1
1.424
0.1
0.1
1.224
0
1.224
0
1.324
0.1
1.224
1.224
2.448
1.324
2.448
0.2
1.324
0
0
2.648
2.648
0
1.224
0.2
0
0.2
1.224
0.1
1.224
1.524
0
1.524
1.724
1.624
0
2.548
1.836
0.5
0
2.848
0.3
2.548
1.224
0.5
1.324
0.8
0
0
1.724
2.448
0.6
0
1.224
1.224
0
0
1.224
0
1.324
0
0.1
0
2.648
1.424
0.3
0
2.448
3.672
1.224
0.2
3.872
2.324
1.824
0.3
1.424
0
0.1
1.424
1.524
1.324
2.548
1.324
2.448
0
1.524
1.524
0.2
1.324
0.2
0.5
0
1.224
0.2
2.036
1.324
0.6
0.1
2.448
0.2
1.624
0.2
1.224
1.224
2.848
0
1.324
1.324
1.524
1.224
0.2
1.224
0
3.148
2.448
0.1
1.424
0.2
0
2.448
0
1.224
0
0.2
0.3
0.8
2.448
0
0.1
1.224
0
1.424
0
2.448
0.7
1.324
0.2
0.3
1.324
0
0
2.448
0
2.648
0.1
0.1
0.1
1.224
0
2.448
1
0
0
1.624
0.3
1.224
0
0.1
2.448
0
1.224
1.224
0
0.1
0
1.324
2.648
2.024
1.224
1.424
2.548
0
1.324
0.3
1.324
2.748
2.548
1.224
0
1.224
1.424
1.324
0.1
0.1
1.224
1.524
0
0
1.324
0.1
0.1
1.224
1.324
0.3
1.224
0.5
2.424
0.3
1.624
0
2.448
1.324
1.424
0.1
1.224
2.448
1.224
0
1.424
0.2
0
0.2
1.224
1.324
0
0.3
1.324
1.324
0.4
1.224
0
0
0
1.524
1.424
1.424
1.424
1.224
0
0.1
0.3
0.1
1.424
1.936
0
0.3
0.3
1.424
1.824
1.924
1.324
2.548
1.424
1.224
1.324
0
2.748
0
0
0.2
0.1
1.224
2.448
0
1.324
0.1
0
2.548
2.448
0
1.224
0
1.624
0.1
1.1
0.2
0
0
0.1
2.024
2.448
0
0.2
3.648
1.224
0
2.448
1.524
1.224
0.2
0.2
0.2
0
0.1
2.124
0.2
0.4
0.5
0.2
0.7
2.648
0
2.648
0
1.424
1.524
1.524
0
0
0
0
1.324
1.224
0
1.424
0.6
1.324
1.224
2.548
1.9
1.324
1.224
0.1
0
0.3
2.324
0.6
0
2.648
2.448
1.224
1.424
0.3
0
0.2
0.1
1.524
0.1
1.324
1.224
2.524
1.324
2.548
1.224
0
1.424
0
1.624
1.324
0
2.548
1.324
2.448
1.324
0
1.324
2.748
0.1
1.524
0.1
1.324
0.3
1.324
0.1
0.1
3.048
2.848
0.1
0.2
0.1
1.224
1.324
2.748
1.724
1.324
2.548
1.324
0.6
0
0.1
2.548
1.424
1.424
1.224
0.2
1.224
0.7
0
0
1.224
0.1
1.324
1.324
0.1
2.848
1.324
1.324
1.724
1.524
1.524
1.724
0
1.524
1.224
2.848
2.648
2.548
2.548
2.548
0
2.448
0
2.448
0
0.1
0.1
0
0.6
0.1
1.224
0.1
0.5
0
1.3
0.1
2.548
0
0
0
1.224
0
0
0.1
2.448
0.1
0
0
2.548
0
0
3.124
2.448
1.224
3.06
1.624
1.524
0.9
1.724
0
1.1
2.648
1.324
1.836
1.224
1.224
0
0
0
0
1.224
0
0.3
0
3.06
0
2.448
0
1.424
2.448
1.224
1.524
0
1.424
1.224
0
1.224
0
1.324
1.724
1.224
2.448
0
0
1.224
3.06
1.836
3.46
4.284
4.484
1.524
0
0
2.448
0
3.772
3.672
2.648
2.448
1.424
1.324
3.672
2.448
3.672
3.06
3.972
1.424
1.224
1.224
2.548
0
0
0
1
0.1
0
2.948
0.5
2.548
