0.1
0
1.324
1.324
2.448
0
0
0
0
0
0
0.1
1.224
0.1
0.4
0
3.16
0
0
0
0
0.1
0
0
0
0
0.1
1.324
1.224
1.224
0
1.224
0
0
1.224
0.4
0
0.2
1.836
0.3
0
0.3
0
1.936
2.036
0
0
1.224
0
0
0
0
0
3.06
0.1
0
1.224
1.224
0.1
0.1
1.224
1.324
2.036
0.1
0.2
0.1
1.324
1.224
0
1.424
0.1
1.224
1.224
0
0.6
0.3
1.224
0.2
1.224
0
0.2
1.224
0
1.424
1.836
1.224
1.224
1.836
0
1.424
0
0
1.224
1.224
1.224
0.2
0
1.224
0
0
1.936
1.424
1.224
0
0
0.1
0
0.3
1.324
0.1
1.324
1.224
0
1.224
2.036
0.1
0.1
1.224
0.1
0
2.124
1.936
0
1.324
1.224
0
1.836
0
0.1
1.524
0.1
2.036
1.224
0
0.1
0.2
0
1.224
0
0.1
0
1.224
1.224
0
1.224
3.06
0
1.324
0
1.224
0
0
0.2
0
2.236
0.2
1.224
0.2
0.1
0.1
0
1.224
0
1.224
0
3.16
0
1.224
0
0.5
1.224
1.424
1.224
0.1
1.224
0
3.06
1.224
0
0.1
0.1
1.424
0
1.224
0.1
1.524
0.1
1.224
1.224
1.224
0
0
0
1.424
1.224
0
0
0
1.224
0
3.26
1.836
1.836
3.26
2.536
4.896
1.836
1.936
1.836
1.936
1.936
1.836
2.036
4.896
1.936
3.56
1.936
3.36
3.672
3.06
3.06
1.836
3.26
3.06
3.06
3.36
3.06
3.06
3.66
4.284
3.06
3.06
1.424
0
0
1.836
1.824
0
1.836
0.2
0
0.3
0
3.16
3.06
0
1.224
1.224
0
0.4
0
3.06
3.16
3.06
0
0
1.224
1.224
0
0
0
1.224
0
1.936
0
1.224
0
0
0
0
0
0.1
0
0
1.324
0
0
1.424
3.06
3.06
2.448
2.548
2.448
1.224
4.384
0
1.836
1.836
1.224
0
0
1.224
1.224
1.324
0
1.836
0
0
1.224
0
0
1.224
2.436
0.2
0
3.06
1.324
1.224
0
1.224
1.224
3.06
1.324
0
0
0.1
0
0
0
0.1
0
0.1
0
0
1.424
0
1.224
0
0
1.224
0.2
1.224
0
0
0.2
1.224
0
0
0.5
0
1.224
0
1.824
1.224
0.1
0
0
0.1
0.2
1.224
0.1
1.224
1.324
1.824
0.1
0
0
1.224
0
1.224
0.1
0
0
0
1.224
0
0
0
0
0
0
0.1
0
0
0
1.224
1.324
0
0
0.1
0.1
0.7
3.06
1.224
1.224
1.324
1.324
1.424
1.224
1.324
1.224
3.06
1.824
2.548
1.624
0
1.836
1.324
1.224
1.224
1.424
1.224
1.224
2.748
2.448
1.324
2.448
2.448
1.224
1.224
1.524
1.624
2.448
1.224
1.224
2.548
1.324
1.224
2.548
2.648
1.224
1.324
1.424
1.524
1.224
1.224
1.224
2.448
1.224
1.324
2.448
2.448
1.224
1.324
1.424
1.324
1.224
2.648
1.224
1.424
1.224
1.224
2.448
1.224
1.424
1.224
2.448
2.448
1.424
1.224
1.224
1.224
1.224
4.684
4.384
1.324
1.324
2.448
1.324
1.424
1.224
2.448
1.424
1.224
1.324
4.384
1.324
1.824
1.224
1.224
3.36
1.324
3.06
1.324
1.424
1.524
1.424
2.448
3.56
1.724
4.384
1.224
1.224
1.324
1.224
3.06
2.448
1.324
1.224
2.448
1.224
2.448
1.224
2.548
1.224
1.224
1.224
1.324
1.324
1.224
1.224
4.784
1.224
1.224
1.224
2.448
1.224
1.224
1.224
2.448
1.224
2.748
1.324
1.224
1.224
2.448
1.224
3.26
1.324
2.548
2.748
1.224
2.448
1.224
1.224
1.424
2.748
2.448
1.224
1.224
1.224
1.224
1.224
1.324
1.224
2.648
1.224
1.224
1.224
1.224
1.324
2.448
2.448
1.324
1.224
1.224
1.324
1.224
4.484
1.224
1.224
1.324
1.324
1.224
1.224
1.224
1.224
1.524
1.324
1.224
2.648
1.224
2.448
2.448
2.548
1.224
2.448
1.224
1.224
1.224
1.224
1.324
2.448
1.224
1.224
1.224
1.224
1.224
1.524
1.524
1.424
1.224
4.284
1.224
3.16
1.224
1.224
1.224
1.224
1.324
1.224
1.224
2.448
1.324
1.224
2.448
1.224
1.724
1.224
1.224
2.448
1.224
2.548
1.224
1.224
1.224
1.524
1.224
1.224
1.224
1.224
2.448
1.524
2.448
1.224
1.224
3.46
1.224
1.724
1.324
1.224
1.324
1.224
1.324
2.448
1.224
1.324
1.224
1.324
1.224
1.224
2.448
1.224
1.324
4.284
1.224
1.224
1.324
1.224
1.224
1.224
1.524
1.224
2.448
1.324
1.324
1.224
1.224
1.224
1.424
2.448
1.224
1.224
1.224
1.324
1.224
1.324
1.224
1.224
1.324
1.624
1.324
1.224
1.224
2.448
2.448
1.224
1.324
2.648
1.224
1.224
3.06
1.324
1.224
2.548
3.06
2.448
1.224
1.324
1.524
1.224
1.324
1.424
1.224
1.224
1.224
1.224
2.448
1.224
1.324
1.324
1.224
1.224
2.448
1.324
1.224
2.448
1.224
4.284
1.224
1.224
1.224
1.224
2.648
2.448
1.324
1.224
1.524
1.324
1.324
1.224
2.448
1.224
1.224
2.448
1.224
1.324
1.224
1.224
1.224
1.224
1.424
3.66
2.448
1.224
1.324
1.224
1.224
1.224
1.224
1.624
1.224
1.224
1.224
1.224
1.224
4.484
1.224
1.224
1.224
1.224
2.448
3.86
2.448
3.16
1.224
1.224
2.448
1.224
2.448
1.224
1.324
2.748
2.448
1.424
1.224
2.448
1.524
1.524
1.224
1.224
2.548
2.448
2.448
1.224
1.224
1.224
1.224
1.224
2.448
1.824
1.224
1.224
2.448
1.224
1.224
1.224
1.224
1.224
1.224
1.224
1.224
1.324
1.224
2.448
1.324
1.324
1.324
2.448
1.324
1.324
1.224
1.224
1.224
3.048
1.224
1.224
2.448
1.424
2.948
1.224
1.224
1.324
1.224
1.224
1.224
2.548
2.448
1.224
1.224
1.224
1.324
1.224
1.224
1.224
1.224
1.224
1.324
1.224
1.224
1.224
2.548
1.224
1.224
2.448
1.224
3.16
1.224
1.224
1.324
2.448
2.548
2.548
1.224
1.224
1.224
1.224
1.224
1.224
1.224
1.224
2.548
1.224
1.224
1.224
2.448
2.548
1.224
1.224
2.548
2.448
2.448
1.324
1.224
1.224
1.224
2.548
2.448
1.424
1.224
1.324
1.224
1.324
1.224
3.66
1.324
1.224
3.248
2.448
1.224
2.448
1.224
4.484
1.224
1.224
1.324
2.748
1.324
1.224
1.224
1.224
1.224
1.424
1.224
1.224
1.224
1.224
1.424
1.224
1.224
1.224
1.224
1.224
1.224
1.224
2.448
1.224
2.648
2.548
1.224
1.324
1.324
2.448
2.548
2.548
1.324
2.548
3.16
2.448
1.324
1.224
3.06
2.448
1.324
2.448
1.324
1.324
1.224
1.324
2.448
1.224
1.324
1.324
1.224
4.284
3.06
4.384
3.06
4.284
3.46
4.284
4.484
4.484
3.16
8.32
3.16
4.284
4.484
4.284
3.16
3.16
3.06
3.06
3.06
3.06
3.16
4.384
3.06
1.224
1.324
1.224
1.324
4.384
4.484
2.548
2.448
1.224
1.224
1.224
1.224
1.224
2.948
3.16
1.324
1.224
2.648
1.324
2.448
1.324
1.324
1.224
2.448
2.448
2.448
1.224
1.224
1.224
1.224
2.548
2.448
2.448
1.324
1.224
2.448
2.448
4.284
1.224
1.224
1.224
3.26
1.224
1.224
3.26
4.384
1.224
1.224
2.648
2.536
0
1.836
2.536
2.136
0
0
0
0
1.324
1.224
1.836
1.224
1.224
0
0.2
0
1.324
0
0
1.224
3.76
0
0
0
0
0.1
0
1.424
0
1.224
0
1.836
0
0
0.1
0
1.424
0
0
0
0
1.224
0.8
1.224
1.224
0
0
0
0
0
1.224
0
0
0
0.1
0
0.1
0.1
0.1
1
0
0
0
0
0.3
0
0.1
0
0.3
0
1.224
0
0
1.224
0
0.1
0
0.1
0
0.1
0
1.224
0
1.224
0
0.1
0.1
0.1
0.1
0
1.224
0
0
1.224
0.2
1.224
1.224
0.1
1.224
1.324
0
0
1.224
0
0.1
0
0
0.3
0
0
1.224
0
0
0
1.324
0
1.224
0
1.224
1.224
1.224
0
0.1
1.224
0.1
0
1.324
0
1.424
0
0.1
0
1.224
1.224
1.324
0.2
0.2
0
0.3
0
0.1
1.224
1.224
0
0.2
0
0
0
0
1.424
1.224
0.1
0
0.1
1.224
0
1.224
1.224
0
1.224
0
0
1.224
0
1.224
0.1
0.1
0.1
0.1
0
0
0.2
0.1
0
0.4
0.1
0
0
0
3.06
1.224
1.224
0.1
1.224
0
0
0
0
0
0.1
0
0
0
0
0.1
0.2
1.324
1.836
1.224
1.224
0
0.3
0
0.2
0
0.1
1.224
1.224
0.1
0
1.324
0.1
0.1
0.2
1.824
0
0.1
0
1.224
0.1
0
1.224
1.224
0
0
1.224
0.1
0.1
0
0
0
0.3
0
1.324
0.1
0
0
0
0.1
0
0
0
0.1
0
0
1.324
1.224
1.224
0.1
0
1.224
1.324
0
0
0
0
0
1.624
0
0
1.224
1.224
0
1.324
0
1.224
0
0.2
0
1.224
0
1.224
1.224
0
1.224
0
0
0.1
1.424
1.224
0
0
1.224
0
0.1
0
0
1.224
0
0
1.224
0
0
1.224
0.1
0
0
1.224
1.324
0
0
0
0
0
0
0.2
1.224
0.1
0
0
0
0
0
0
0
1.224
0.1
1.224
1.224
0
0
0.1
0
1.224
0
1.224
1.224
0
1.224
0
1.224
1.224
0
0
0
0.1
1.224
0
0
1.224
0.1
0.1
1.324
0
0
1.324
0
0
0
1.324
0
0
1.424
0
1.324
0
0
0.1
0.2
0
0.2
0.1
0
1.224
0.1
0.1
0
0
1.224
1.224
0
0
0.1
0
1.224
0
0.1
0
0
0.1
0
0
1.224
1.224
1.224
0.1
0
0
0
0
0
1.224
0
0
1.324
0
0
1.224
1.224
0
1.324
0
1.224
0
0.2
1.224
0
1.224
0.1
0
0.1
0.1
0
1.224
0.1
0
0
0
0
0.1
1.224
0
0.1
1.836
0.3
0
0
1.224
1.224
0
0.1
0
0.2
0
0.1
0
1.224
0
0.1
1.224
0
0.1
0
0.1
0
0
0
0.1
0
0
0.1
0.2
1.224
0
0
1.324
1.224
0.1
0.1
0
0.1
1.224
0
0.1
0
0
0
0
1.424
0
0.1
0
0.1
1.224
1.224
1.224
1.224
1.324
0
0.1
0
0
1.224
1.224
1.224
0.1
0
0
1.224
0
1.224
0.3
0
0
0
1.224
1.224
0
1.224
0
1.224
0
0.1
0.2
0
0
0.1
0
0
0
1.224
1.224
0.1
0
1.224
0
0
0
0
0
0
1.224
1.224
1.324
0
0
0
0
1.424
0
1.224
0.2
0.1
1.224
1.224
0
0
0.1
0
0
0
0
0
0
1.324
0.2
0
0
0
1.224
0
0
0
1.224
1.324
0
1.224
0
0.2
1.224
0
0
1.224
0.1
0
0
1.224
1.324
1.324
0
0
0.2
0
1.324
0.3
0.1
0
0
0
0
0
0.1
1.224
0
0
0
0
0.1
1.224
1.324
1.324
0
0
0
0.2
1.324
0.1
0
0
0
0.1
1.424
1.324
1.224
1.224
0.1
0
0
0
0
0.1
0.1
0
0.1
0.1
0.1
1.524
0.1
0.1
0.1
1.324
1.224
0
0
0.1
0
0
0
0
0
1.224
0
0
1.224
1.224
0
1.224
1.224
0
0
0
1.224
1.624
1.224
1.324
0
1.224
0.6
1.224
1.224
1.224
0.6
0.1
0
0
0
0
0.1
0
0
0.1
0
0.1
0
0
0.1
0
0.3
0
0.1
0
0
0
0
0
1.224
0
0
0
0.1
0
0
0
0
0.2
0
0.1
0.3
0
0
0
0
1.224
0.5
0.1
0
0
0
0
0
1.224
1.324
0.2
0
0
0
0
0
1.424
0
0
0
1.224
0.1
0
0.1
0
0
0
0
0
0
0
0
1.324
0.3
0.1
1.224
0
1.324
1.424
0
0
0.3
0.2
0
0
0
0
1.224
1.224
1.324
0
1.224
0.1
0.1
0
0
1.224
0
0.2
1.224
0
0
0.2
0
0
0
1.324
1.324
0.1
0
0.2
1.324
1.224
0
1.224
0.4
0.1
0
0.2
0
1.324
0
0
1.224
1.224
1.224
0
0
0
1.224
1.324
0
0.1
0.2
0
0
0.1
0.1
1.224
0.5
0.1
2.036
0
1.224
1.224
1.224
0
0
0.3
0.1
0
1.224
0
0
0
0
1.824
1.224
1.224
0
0.4
0.3
1.324
0.3
3.06
0.1
0.4
0
0
1.836
0
0.1
0.1
1.224
1.224
0
0
0
1.224
0
0
0
2.236
0
0
1.224
0.1
0
0
0
1.224
1.836
0
0
1.224
0.1
0
0
1.224
0
1.836
1.836
1.836
3.06
0
0.1
1.836
1.224
1.224
0.1
1.224
2.448
1.224
1.224
1.324
1.424
1.224
4.484
2.448
6.22
2.648
1.224
0
2.448
1.324
0
1.224
2.536
0.3
0.1
0
1.324
0.6
1.424
