0.2
1.324
3.972
5.508
3.672
0
1.224
2.548
0.2
1.224
1.224
1.324
0.1
1.324
2.124
1.224
0.1
2.448
2.548
2.648
1.324
1.324
1.224
2.448
3.16
2.648
2.648
2.648
4.996
2.448
2.448
2.448
0.1
0
0
0
0
0
0
0.3
0
1.224
0
0
0
1.224
0
0.1
0.1
1.324
1.324
0
1.624
0
0
1.224
0.1
0.1
0
1.524
0.2
0.2
0.1
2.748
0
0.1
0
0
1.224
0.5
0.1
1.424
0.2
0
1.724
1.524
0
1.224
0
0.1
2.748
0
1.224
0
0
0
0
0
1.224
3.048
0
1.224
0
0
0
1.324
1.624
0
2.548
2.548
0
0.2
0.2
0
3.06
0
0
0.3
0
0.1
0.1
0
0
1.224
0
0.1
0.1
1.224
0
0.1
0.9
0
2.648
0.1
0
0.1
0.1
1.224
0
1.624
0.1
0
0.2
0
1.324
0.1
1.224
1.324
1.424
0.3
1.224
2.448
0
1.424
0
0
1.224
0
0
0
1.324
0
0.1
0
0.4
0.1
0.1
0
0.2
0.1
0
0.1
0
0
0
0
1.324
0
0.1
3.148
0
0.1
1.324
0
1.224
2.448
0
0
1.224
0.2
0.3
1.424
1.224
2.448
0
2.448
1.524
1.224
0
2.448
1.224
1.224
0.1
1.524
1.324
1.224
1.224
0
1.224
1.224
1.936
3.16
1.836
2.236
2.236
1.836
1.836
3.36
4.284
3.06
4.284
1.836
4.684
1.836
1.836
2.136
1.836
3.36
1.836
1.836
1.936
4.284
4.584
5.508
5.508
4.284
4.284
4.284
5.708
4.284
6.932
6.732
1.424
1.936
4.384
0
2.948
1.324
0
1.424
1.836
1.424
3.26
1.224
0
1.224
1.224
1.224
1.224
3.76
0.1
0
0
0
1.224
1.224
0
0
3.772
1.224
4.384
0
1.224
0
2.448
0
1.524
2.448
0
2.448
0
0
0
2.548
0.4
0
2.548
0
3.06
1.836
2.448
1.324
3.672
4.896
5.708
0.1
3.06
3.06
1.424
1.324
1.224
3.672
0
0.4
1.224
0
1.324
0
0
0
2.548
0
0.1
1.624
1.324
0
0.1
0.1
2.548
0.1
3.06
0
1.224
2.448
2.448
2.648
0
1.324
1.224
1.224
0
1.424
0
0.1
0
0
0
1.324
1.224
0
2.748
2.448
1.224
4.384
4.284
0
0
1.324
0.1
1.224
0
1.224
0.4
0
0.1
3.26
1.324
4.484
0.1
0
1.224
0.2
0.4
0.3
2.548
1.936
0
0
2.548
1.724
1.224
1.224
1.224
1.224
1.224
1.224
3.06
2.448
3.16
2.448
2.448
1.224
3.06
4.284
2.448
0
1.524
1.224
1.324
1.224
3.772
4.272
4.284
0
3.672
1.224
3.672
2.848
1.224
3.16
2.448
6.732
5.708
2.448
5.708
1.224
1.836
1.324
1.224
3.672
3.872
5.508
1.224
2.648
2.448
2.448
3.772
3.672
4.584
3.672
3.148
2.548
2.448
1.224
3.672
1.324
1.224
3.672
2.448
1.224
2.448
5.096
2.748
4.072
1.224
4.484
3.672
2.648
4.684
5.608
5.608
1.224
4.284
3.06
5.708
3.872
1.224
1.424
2.448
3.872
6.732
4.072
3.672
2.448
3.772
5.508
2.448
2.648
4.384
2.548
3.672
1.224
3.672
2.748
1.224
1.224
2.548
2.448
3.06
7.332
2.848
2.448
2.448
3.36
6.832
1.224
1.224
3.148
1.324
3.672
2.648
1.424
1.224
4.284
5.096
2.548
3.672
2.448
1.324
2.748
2.448
2.448
1.224
1.224
3.772
1.324
3.672
5.808
3.672
2.448
1.224
2.448
5.508
5.508
1.224
1.224
3.672
2.448
3.872
3.772
2.648
2.648
3.16
1.224
4.284
2.548
5.608
4.584
3.772
1.224
1.224
3.772
3.672
2.448
3.672
5.608
3.872
2.448
6.832
1.224
1.324
2.448
1.224
4.284
3.672
3.872
4.784
2.548
2.448
1.224
3.772
3.672
3.772
2.448
1.224
3.772
1.224
1.424
2.448
1.224
3.872
2.448
3.672
1.324
5.608
2.548
5.808
4.896
2.448
1.224
1.224
2.448
5.508
2.448
1.224
3.06
2.448
3.772
2.648
1.224
3.772
1.224
1.424
1.224
1.224
2.448
1.324
4.484
2.448
4.896
3.672
2.448
2.448
5.608
2.448
1.224
2.448
2.448
2.548
1.224
2.448
2.448
2.448
2.448
1.224
2.448
3.672
1.224
3.672
4.484
3.872
4.896
1.224
3.26
1.224
1.224
2.448
2.448
1.224
3.672
1.224
3.772
3.872
2.448
3.672
3.672
4.072
2.448
3.672
3.672
1.224
2.548
4.484
2.448
2.448
3.36
1.324
3.16
1.524
4.996
3.672
3.672
3.06
1.224
4.284
3.672
5.608
5.808
3.872
3.06
4.384
4.284
3.06
4.284
2.548
2.448
5.508
2.448
3.06
4.284
3.772
5.508
2.448
1.224
4.284
2.448
1.224
3.16
3.672
5.608
1.224
1.224
1.224
3.06
2.548
3.672
3.672
5.508
3.672
2.548
3.972
3.06
4.072
4.284
1.224
2.548
1.224
4.384
3.672
1.224
3.672
2.448
3.772
3.872
5.808
1.224
4.896
3.772
5.608
3.872
3.06
5.508
2.548
1.224
5.508
3.672
2.448
4.996
4.284
2.848
3.772
3.06
2.448
2.448
2.548
3.16
3.772
1.224
2.448
3.672
3.772
4.284
3.672
2.448
3.672
1.424
1.324
2.748
4.484
1.224
6.732
1.224
3.672
3.672
1.224
1.224
3.772
3.972
3.772
3.772
2.548
3.672
4.284
1.224
1.224
3.06
1.224
2.448
6.732
2.448
2.848
2.448
3.16
5.508
3.672
5.508
2.648
5.508
4.384
3.672
3.772
3.06
2.548
2.748
2.548
3.672
4.896
4.284
4.484
1.224
1.224
4.284
2.748
2.448
3.772
2.548
3.672
2.948
3.872
2.448
1.224
2.948
3.672
2.448
1.224
2.448
2.448
3.772
2.648
2.448
2.448
3.772
1.224
3.672
2.448
1.224
3.772
4.896
3.672
1.224
5.508
5.508
3.672
1.424
2.448
5.508
2.448
3.672
1.324
3.872
2.548
2.548
5.708
3.672
2.448
3.06
3.772
1.224
3.048
2.648
5.096
1.224
5.508
2.448
2.448
1.224
2.448
1.224
6.732
3.772
1.224
3.772
5.508
6.732
3.972
3.672
2.548
2.448
3.672
2.448
3.672
3.772
6.732
3.46
3.772
2.448
1.224
1.224
1.224
4.996
1.224
1.224
4.284
5.608
2.448
5.508
2.448
1.224
2.548
1.224
3.06
1.224
3.672
3.672
3.772
2.448
3.672
2.548
1.224
3.672
2.548
2.448
3.872
3.672
3.06
3.672
3.972
1.224
1.224
2.448
2.648
2.448
2.548
3.672
2.448
1.324
1.224
3.972
1.224
3.772
3.772
3.772
3.872
5.508
2.448
5.808
3.56
3.06
1.224
5.508
3.672
4.384
2.548
2.748
2.548
4.284
2.448
1.224
3.672
4.284
3.672
4.896
1.224
3.06
3.772
2.448
2.448
1.224
2.648
1.324
1.224
3.06
2.448
1.324
1.324
3.972
4.284
2.548
1.224
2.748
4.284
2.548
1.224
2.448
4.896
1.224
3.972
2.448
2.448
1.224
3.672
6.732
6.932
2.548
5.508
7.344
5.508
4.384
5.508
6.208
4.384
6.832
5.908
4.284
3.16
11.368
5.508
5.608
5.508
6.732
6.832
4.284
4.284
4.284
7.644
4.284
5.508
2.448
5.708
5.608
5.508
3.672
4.384
4.284
3.872
1.224
1.224
1.224
4.284
3.672
4.284
2.948
8.668
4.896
3.672
3.872
3.672
2.448
4.284
2.448
4.384
3.772
3.672
3.772
3.672
2.548
2.448
2.548
2.548
2.448
2.648
2.448
4.284
1.224
3.772
1.224
3.672
3.872
2.448
2.548
3.672
3.672
5.608
4.384
3.16
3.06
3.972
3.26
1.224
2.448
2.648
2.548
2.136
2.548
2.548
1.224
0.1
1.624
4.384
0
1.224
1.836
2.124
0
0.2
0
2.448
4.284
1.424
2.448
0.1
0.1
0
1.224
0
0.1
1.224
0.1
0
1.324
0
0
2.448
0
3.148
1.224
0
1.224
0
0
1.324
0
1.224
1.324
1.224
1.224
1.424
2.648
0.1
2.036
1.224
1.224
1.424
1.224
1.224
1.224
1.224
2.324
0
1.224
0
1.324
1.624
1.224
1.324
0
1.424
1.224
0
3.16
0
1.224
2.448
1.224
1.224
0.5
0
0.1
1.224
0
0
0
1.224
1.224
0.4
1.424
1.224
1.324
1.324
2.548
1.224
0.2
2.548
1.224
1.224
1.224
0
2.448
1.224
1.224
2.448
1.224
1.324
1.424
0
1.524
2.548
1.224
0
1.224
3.16
1.524
0.2
1.324
2.448
0.1
0.1
0
0
0
0.1
0
1.224
1.224
1.224
1.224
1.524
1.224
1.224
1.324
0
0.1
1.324
0.3
1.224
1.224
1.524
1.224
1.224
1.224
0.2
1.224
1.324
0.1
1.224
1.224
0
1.724
1.424
1.224
1.224
0
0
0
1.324
0
1.224
1.224
1.324
0.1
0
1.224
0
0.1
1.324
2.648
1.324
1.324
1.424
1.324
0.3
1.224
0.1
0
0
1.324
1.324
1.424
1.324
1.224
1.424
0
1.324
2.448
1.324
1.936
0
1.624
1.324
1.224
2.448
1.224
1.324
1.224
0
1.224
1.224
0
1.324
1.724
1.224
0.2
1.224
1.324
0
0.1
1.224
1.224
1.324
2.448
1.224
1.224
0.5
1.224
0
1.424
0
1.324
1.224
0.1
0
0.1
0.3
0.1
0
1.224
1.524
1.324
1.224
1.424
0
2.548
1.424
1.224
1.224
0
1.224
1.224
0
0.1
1.224
1.224
1.224
1.324
1.224
1.424
1.324
0.1
1.424
0
1.224
1.424
1.224
1.224
1.324
0.4
1.224
1.224
0.1
0
1.324
1.224
1.224
0
1.324
2.448
0
0
0
0
0.1
1.224
0
1.224
0
0.1
0.2
1.224
1.324
1.224
0.2
1.324
1.324
1.224
2.448
1.324
0.1
1.224
1.224
1.224
1.324
1.424
1.324
1.224
1.224
1.224
0
1.324
1.424
1.424
1.224
1.224
1.224
1.424
0.1
0.1
0
0.2
0
0
2.548
1.324
2.448
0.2
1.224
0.2
0
1.224
1.524
1.324
1.224
0
2.448
0
1.324
1.224
1.224
0
1.224
0
1.324
0
1.224
0
2.448
1.224
1.224
1.224
1.224
0.2
1.224
0.2
0
0
1.224
1.224
1.224
0
1.224
1.224
1.224
0.2
0.2
1.224
0
1.224
1.224
1.324
1.324
1.524
0.1
0
1.424
1.324
2.448
0
0
2.648
1.224
1.324
1.224
0
1.224
1.224
1.224
1.224
0
0.3
1.224
0.4
0
1.224
0
1.224
1.224
3.672
0.1
1.324
1.224
2.448
1.224
1.224
0
2.548
1.224
0
1.324
1.424
0
1.224
0.1
1.224
0
0
1.936
1.224
1.224
1.324
1.424
1.224
1.424
0
1.224
2.136
0.1
0
2.548
1.324
1.324
1.324
0.5
1.524
0
1.224
0
2.448
1.224
1.324
0.1
1.224
1.624
0
0
1.224
0
0.1
1.324
0.2
0
1.324
1.224
0.1
0
1.224
1.224
1.224
1.324
1.324
2.948
1.324
0.1
2.548
0.1
0.1
1.324
0.1
0.1
2.448
1.224
2.548
1.224
1.224
1.224
1.424
1.324
1.224
0.1
0.1
1.324
0.2
0
1.224
0.1
0.1
1.324
0.4
1.624
0.1
1.224
1.224
1.324
0
1.224
2.548
1.224
1.224
1.224
1.224
0
1.324
1.224
0
1.324
0
0.1
1.224
0.2
1.224
0
0
0
0.2
1.424
0
1.224
1.224
0
1.224
0.1
1.224
0.4
1.224
0
0.1
1.224
0
0
1.224
0
1.224
0
0
1.224
0
1.424
1.224
0.2
0
0
1.324
1.224
1.224
0
0
1.224
0
1.224
2.448
1.836
1.224
1.224
0
1.424
2.648
1.224
0.1
1.224
0
2.448
0.1
1.224
1.224
2.448
1.224
0
2.448
1.524
1.224
2.448
0
1.224
2.648
0
0
1.224
0
0
1.324
1.224
0.2
1.224
0.3
1.424
1.324
1.224
1.324
1.224
1.224
0.1
1.324
1.224
1.224
1.224
1.424
1.324
1.424
0
0
1.324
2.448
0
0.1
1.224
2.448
0
1.224
1.224
0
0
1.224
2.448
1.324
1.324
1.224
0
0
0.2
0
1.224
0
1.224
0.1
0
1.224
1.524
1.524
1.224
1.224
1.224
2.448
1.224
0
2.448
2.448
1.224
0
0
2.448
2.448
0
1.224
0.1
1.324
1.224
1.224
0
1.224
0
2.548
0
0.5
0
0.1
1.524
0
1.724
2.448
0
0
2.848
1.224
1.836
2.548
1.224
1.224
0
0.1
0.2
0
1.324
2.648
0.1
1.324
2.648
0
0.3
2.448
0
1.224
1.424
1.224
2.448
1.224
0
1.324
1.224
1.224
1.224
1.324
0
1.224
0
1.424
1.224
1.224
1.824
1.524
1.224
0
2.548
0.4
1.224
1.524
0
1.524
1.224
0
2.448
0.1
0.5
0.1
0
3.06
0
1.224
1.324
2.948
1.224
1.324
1.224
0
1.424
0
1.224
1.324
0.1
1.224
2.748
1.224
1.224
0
1.324
1.324
1.424
1.224
0
1.224
0.1
1.224
0
0
1.324
1.224
0
0
0
1.224
1.224
1.224
1.424
1.224
1.324
1.224
0.3
0
0
1.224
1.224
1.424
1.224
0.1
1.324
1.524
1.224
0
1.224
0.1
0
1.324
0
1.224
1.324
1.224
1.224
1.424
1.524
1.424
0.1
1.624
0
1.324
2.448
2.448
4.284
2.548
0
1.224
1.324
1.424
1.224
0
0
2.548
1.824
0.1
1.224
1.324
0
0
0.2
1.324
1.324
0
0
0
5.608
0
0
2.748
3.26
2.548
0
2.448
3.06
1.224
0
4.472
1.424
1.224
1.836
2.848
3.36
0.4
1.324
0
0.3
2.748
3.672
0
1.224
3.06
3.06
3.16
1.224
0
0
2.448
0.2
2.448
1.836
1.224
2.448
0
1.324
2.448
2.548
3.06
1.224
1.324
2.648
0.1
0
1.224
0
2.548
2.548
2.548
0.1
1.224
2.448
3.06
1.836
7.744
4.284
1.424
1.424
0
0
1.224
1.936
3.672
3.672
2.448
5.608
1.224
2.548
3.672
2.548
3.672
5.608
3.772
0
3.672
4.284
1.224
0
0.1
0.2
1
0
0.1
1.224
2.848
1.324
