0.4
1.524
4.148
3.872
4.372
0
1.324
2.448
0.2
1.224
1.224
0.1
1.524
2.124
1.524
1.224
1.224
2.548
2.448
2.548
0
0.3
1.224
2.448
1.724
2.548
2.448
2.748
3.872
2.448
2.548
1.424
1.5
0
1.524
0.3
0
0
0.1
0.5
0.1
1.2
0
0.1
0.1
0.1
0
1.624
0.3
0.1
0
0
0.3
1.224
0
1.224
1.324
1.324
0.1
0.6
1.924
1.524
0.2
3.048
0.4
0.3
1.224
1.224
0.3
2.124
0.1
1.624
1.424
0.1
1.6
1.624
1.224
1.324
1.324
0
1.624
1.224
0.2
1.224
0.1
1.224
1.224
0
1.224
4.172
0.1
1.424
1.224
1.324
1.224
0.1
0
1.324
2.448
2.448
0
1.424
1.724
0
1.224
0.1
0
0.7
1.224
0.1
1.724
1.224
0
1.224
0.1
0.4
0
2.748
0.1
0
3.724
0.1
2.448
1.624
1.324
0
0.1
0.1
0.1
1.824
0.1
0.1
1.324
0
0.2
0
0.2
1.624
0.4
0.4
1.224
3.672
1.224
0.3
1.224
1.224
0.2
1.524
0
1.224
0
0
0
0
0.3
0.7
1.324
0.3
0.5
0
0.1
1.224
0
1.224
0.1
1.424
1.224
1.224
0
4.648
1.224
1.424
1.224
0.1
1.224
1.824
1.224
1.224
0.1
0.4
0.2
1.424
1.224
2.448
0.1
3.548
0.8
1.324
1.324
2.548
1.424
0.1
0
1.724
1.424
0.4
0.1
0.2
1.224
1.524
3.06
3.06
1.836
3.46
3.336
3.06
1.936
1.836
3.36
3.16
3.06
2.036
4.984
3.16
1.836
5.76
1.836
5.284
1.836
3.06
3.06
3.26
4.96
4.784
4.284
4.06
3.06
3.16
5.584
4.284
5.808
5.508
1.324
0
1.324
0.2
5.748
0.3
0
0.8
0
0.9
0.3
1.224
1.324
1.224
2.448
2.548
0.2
3.024
0
1.224
1.324
1.224
1.324
0
1.224
1.324
2.548
0.5
1.524
1.224
1.224
0.7
1.224
1.224
1.624
1.224
0
1.224
0
0.4
0.1
1.424
2.024
0.1
1.324
1.424
3.16
3.06
3.672
2.448
3.772
3.672
6.108
0
1.936
1.936
1.424
0.1
0
2.448
1.224
2.024
1.224
0
1.224
0
1.324
0
2.448
1.324
0.4
1.324
1.424
1.224
1.424
1.424
2.448
1.524
2.548
1.324
1.324
2.448
2.448
1.424
0
0
1.224
0.4
0
1.224
0.1
0.1
1.524
0
1.224
1.324
1.224
1.224
3.248
3.672
1.324
1.724
1.424
1.224
0
1.224
1.1
1.224
1.224
0
2.624
1.224
0.5
0.8
0.1
1.724
0.7
1.324
0.1
1.224
2.224
2.924
2.448
0.1
0
1.224
2.448
1.624
0.1
1.324
0
0
1.224
1.224
1.324
1.224
1.324
1.224
1.224
0.2
1.524
1.324
2.548
1.224
3.348
1.224
1.224
1.224
2.948
3.948
4.384
1.224
3.672
1.324
2.648
2.124
1.424
1.324
2.548
5.608
5.872
3.772
4.072
0
2.036
1.424
1.224
3.672
2.448
2.648
1.224
3.548
2.448
1.224
3.772
3.672
1.624
2.648
4.048
2.224
3.672
1.224
3.872
2.748
1.424
3.672
4.172
2.648
1.324
3.872
2.124
4.472
1.224
1.224
3.672
2.548
2.124
2.848
4.896
2.448
1.224
1.524
3.148
3.972
1.224
2.948
1.424
4.372
3.672
3.772
4.996
2.648
3.972
2.448
3.672
2.548
1.424
1.524
3.672
1.224
3.672
3.648
2.548
1.224
2.748
3.672
1.324
4.772
1.524
2.448
1.224
1.724
3.772
2.548
1.424
3.424
2.024
3.672
2.724
1.824
1.224
2.448
3.972
1.924
3.772
3.672
1.724
3.448
2.448
2.448
1.224
1.224
3.872
1.224
3.672
3.872
3.772
2.448
1.224
3.672
2.648
3.872
1.324
1.224
3.672
1.524
3.348
2.448
2.648
3.048
1.524
1.224
2.448
2.448
2.548
3.148
3.672
2.448
1.224
4.672
2.548
1.224
2.448
3.772
3.672
1.524
3.672
2.448
3.748
1.324
2.448
1.224
3.672
2.648
3.448
2.548
2.448
1.224
2.448
3.448
4.348
1.424
1.324
3.872
1.224
1.324
1.224
1.424
3.772
2.748
4.896
1.324
3.772
1.724
2.948
4.572
2.448
1.324
1.224
2.748
2.648
1.324
1.224
1.224
1.224
3.648
1.424
1.224
5.096
1.224
2.548
2.448
2.648
1.224
3.048
1.924
1.424
3.672
2.448
2.548
2.448
3.772
1.424
1.224
2.748
1.224
1.224
2.224
1.624
2.448
2.648
2.448
1.524
1.224
2.548
1.224
3.972
1.324
2.648
3.672
2.448
1.724
1.524
2.448
1.424
1.624
1.324
2.448
2.448
3.772
4.996
2.448
2.448
3.772
4.172
1.824
3.772
3.672
1.224
3.772
2.124
3.772
2.448
2.324
1.424
1.324
2.524
3.972
2.548
3.672
1.224
1.324
2.548
3.672
3.772
3.048
2.748
1.324
2.448
2.648
1.224
1.324
2.548
2.448
2.548
2.548
1.324
1.224
4.072
2.748
2.448
2.448
1.824
2.448
1.324
2.024
3.672
3.048
2.448
1.224
1.424
1.424
1.424
2.448
2.548
2.748
3.672
2.648
4.248
1.224
3.648
1.224
2.448
2.548
1.224
2.548
3.972
1.224
2.448
1.324
2.548
2.848
4.172
1.224
4.896
2.748
2.648
3.548
1.324
3.672
3.248
1.224
2.748
3.772
1.324
5.096
1.324
2.448
3.348
1.324
2.548
4.172
1.224
1.324
4.896
1.724
2.448
2.448
2.448
1.624
3.772
4.072
3.872
1.524
1.324
1.724
1.324
1.224
3.772
2.448
2.448
3.672
2.448
1.224
3.672
3.748
2.448
3.772
2.548
2.748
1.624
2.648
1.224
1.224
1.224
2.448
3.772
2.748
3.848
1.224
1.224
2.748
3.672
2.648
2.548
2.648
1.324
3.772
2.848
2.548
2.724
3.872
1.324
3.248
3.672
2.448
1.724
2.448
1.324
1.424
3.972
2.548
2.448
1.524
3.672
4.848
3.548
2.648
1.424
3.872
3.972
2.448
1.324
1.424
1.224
3.672
1.224
3.672
2.924
2.548
1.224
4.896
2.448
1.224
2.548
3.672
2.448
1.324
2.548
2.548
2.448
1.224
3.672
2.548
1.424
4.072
2.448
3.972
2.748
1.224
2.548
3.772
4.072
1.224
2.548
2.448
2.548
4.272
3.672
1.324
2.448
1.624
1.224
1.224
3.672
2.448
4.372
2.448
1.224
2.848
2.448
3.672
2.948
3.772
2.548
1.224
2.448
1.724
3.772
3.672
3.772
1.324
3.672
2.448
1.424
1.224
1.224
3.672
2.448
2.448
2.548
2.648
2.548
2.548
2.448
1.224
2.448
1.224
1.324
2.548
3.672
3.148
2.648
2.548
3.772
2.548
1.224
4.996
2.648
3.672
3.548
2.648
1.224
2.648
4.472
2.648
1.324
1.224
1.324
1.524
1.324
3.772
2.624
1.424
1.224
5.472
2.548
2.648
3.672
3.672
4.072
2.548
1.524
3.348
2.848
1.324
1.324
2.548
3.672
1.224
1.324
2.448
1.224
1.224
2.448
1.324
3.772
1.324
3.048
3.672
1.324
1.224
3.772
3.672
2.448
2.448
2.448
1.224
1.224
1.424
4.072
2.448
2.648
4.672
3.048
1.724
2.448
2.548
2.448
1.224
2.448
1.624
4.896
2.024
3.048
1.224
2.548
2.548
3.672
4.172
4.372
1.924
5.508
5.708
5.608
3.36
5.608
5.184
5.608
8.132
6.508
3.46
4.484
5.608
5.508
15.332
5.908
5.608
5.908
3.06
3.16
3.06
4.384
3.46
5.608
1.224
2.648
3.148
2.548
2.748
6.108
5.508
4.172
2.448
1.224
1.224
2.548
3.772
2.648
2.948
5.808
3.972
2.548
5.896
3.672
3.672
1.424
1.324
1.624
4.896
4.996
5.096
2.448
1.724
1.524
1.324
2.548
2.448
4.072
1.324
1.224
2.448
3.972
2.548
2.648
3.748
1.724
1.324
2.748
2.648
5.084
4.884
1.224
1.224
4.472
2.224
1.324
2.024
3.624
2.224
0.3
1.224
2.448
0
1.424
1.624
1.324
1.224
1.224
0
3.224
0
1.924
0
1.224
1.324
2.624
1.224
0.2
0
0.2
0.1
0.1
1.524
0.2
1.224
0
0.1
0.1
0
2.448
0
4.472
0
0.3
0
0
1.224
0.9
1.224
2.448
1.224
0
0
1.224
3.148
1.324
0.1
0.1
1.224
1.224
1.324
0
0.2
0.1
4.2
0.2
0.4
0.1
0.1
1.924
1.224
1.224
0.1
1.2
0.3
1.224
1.224
0
1.424
1.224
1
0.1
0.4
0
0.3
1.224
1.324
0.4
1.224
1.224
0.2
0.8
0.4
0.2
1.224
1.524
1.324
0.1
1.324
1.524
1.424
1.424
1.424
1.424
2.648
0
0.1
3.772
0
0
1.624
0
1.4
1.324
0
1.224
0.3
1.424
1.1
1.424
0.1
2.748
0.9
1.324
1.224
1.324
0
0.4
1.324
0.1
0
1.324
1.224
2.224
0
0.1
0
1.224
1.224
1.524
0.9
0
0
0.4
0.4
0.2
1.724
1.624
0
0.4
0.1
0
1.224
0
2.648
2.448
0
0.3
0.1
1.224
0.3
1.324
1.224
0
2.448
0
0.2
1.224
0
1.224
0.2
0.2
2.648
0.2
0
0.3
0.6
0.2
0
0.7
0
0
0.1
0.8
1.524
3.048
1.224
1.924
1.324
1.224
2.448
1.224
0.1
0.2
1.524
0
0
1.324
1.224
0.2
0.2
1.224
0
1.224
1.224
0.1
1.924
0
1.1
1.224
0.2
1.324
1.424
0.5
0.3
1.524
1.324
0
0.1
3.324
0
0
0.2
1.224
0.3
0
1.324
1.724
0.1
0.6
1.324
0
0
0.9
0.2
0
0.8
0.1
3.148
1.424
0
0
0.1
0
0
0
0
0.1
1.224
0
1.224
1.224
2.024
0.2
0.2
1.624
1.424
0
1.324
1.224
1.224
0
2.624
1.524
1.324
1.324
1.224
1.324
1.324
0.1
1.224
0.3
1.824
0
1.224
0
1.424
1.824
0.2
1.224
0.3
0
0.7
2.224
2.448
0.2
0
1.224
0.2
0.4
0
1.224
1.324
0
0.2
1.324
0.1
0.6
1.524
0.3
0
0.1
1.324
1.424
0
1.324
1.224
0
0
0.2
1.624
1.224
0.1
0
0.5
0
0.1
1.924
1.824
1.224
1.824
0
1.624
1.224
0
1.2
1.224
1.224
1.224
1.224
1.324
1.224
0
1.624
0
1.524
1.224
0.2
0.1
0
0
3.672
0
0.1
1.324
0
1.2
1.524
0
0
1.224
0.9
0.1
0
1.624
0
0.1
2.548
0.3
1.724
1.224
0.1
0.1
0.3
1.224
1.624
0.1
0.7
1.324
1.224
1.324
1.224
0
1.224
2.448
0.1
0.7
0.1
0.1
2.448
0.2
0
0.1
0.2
0.5
0.1
0.4
1.324
1.224
1.224
0.1
1.424
2.448
0
0
0.1
2.548
0.1
0
1.224
1.724
1.224
1.224
1.224
0
1.224
0.1
1.624
1.224
0.5
1.224
0
2.448
0.1
1.424
0.9
0.3
0.5
1.224
0.3
0.2
0.4
0.1
1.524
1.424
1.624
0
0.9
0.7
0.8
1.224
0
3.148
1.224
1.424
0.1
0
0.3
0
0.1
0
1.224
0.1
1.224
1.424
0
0
0
0.2
0
0
0
0
1.424
0.5
3.024
0.5
1.524
1.324
0
1.324
1.624
0.3
0
1.324
0.2
2.748
1.224
0.5
0.1
1.324
0
1.224
1.724
0.2
0
0.2
0.1
1.324
1.724
1.424
1.424
2.024
0.4
0.1
0
0
1.924
1.324
1.224
1.324
0
0.1
2.448
0
1.224
0.8
0
0.1
0.2
1.324
1.424
0.1
1.224
0
1.324
0
0.6
0.9
0
0.1
1.324
0
0
0
1.324
1.224
0.7
0.3
1.224
0.1
0
0.1
0
0
0
2.024
1.424
1.524
1.224
0.1
1.224
0
2.524
0
1.224
0.6
1.324
1.224
1.224
0.4
0.1
0.2
0
1.224
0
1.224
1.224
0.1
1.224
2.024
0
0
0
1.224
1.324
0.1
0
1.424
2.748
0
1.324
1.224
0.4
1.424
2.448
0.1
1.524
1.524
0
0.1
2.448
1.224
1.224
0
0.3
0.5
0
2.024
1.2
1.424
0.2
1.624
0
0.1
0.3
1.224
1.324
0
0
1.224
0
1.324
1.224
1.624
1.424
1.224
0
0.5
0.2
2.948
0.3
0
1.224
0.1
0.1
1.724
2.748
1.524
1.324
0
0.1
0
0.6
0.1
0.4
0.1
1.224
0
0.3
0.1
1.924
1.1
0.1
0.1
1.324
2.448
0.1
0
1.424
2.448
1.224
0.1
0.1
1.224
2.448
0
0.1
1.524
2.448
0.1
1.224
1.324
0
0
1.624
1.224
3.024
1.624
1.224
1.224
1.524
1.7
2.548
1.224
1.224
3.624
0
0
1.224
0.4
0.1
0
0.2
0.3
0
1.324
2.124
0.9
1.524
2.948
0
1.1
1.324
0.1
0
1.224
0.3
1.424
0.1
1.324
1.424
1.224
1.224
0.2
0.1
0.1
0.1
0.3
0.4
0.1
0.1
4.024
0.1
0.1
0.1
2.448
2.024
2.224
2.124
0
0.6
0
0
1.524
1.424
1.424
0.4
0
0.4
0
0.3
0.1
4.848
0
0.1
0
1.224
0.4
0
0.3
0.1
0
0
1.524
0
0.2
0
0.1
1.424
1.824
0.2
1.224
0.2
1.324
1.224
0
0
0.9
0.4
0
0.1
0
0
1.224
1.424
1.624
0
1.824
0.2
1.3
0
0
1.224
0.5
0.9
2.448
0.1
0.3
2.124
1.224
0.2
0
1.724
1.424
0.1
0
1.8
1.524
1.324
0.2
1.524
0.4
1
0
0.6
0
1.224
1.324
1.924
1.224
1.324
1.224
0
1.224
0.2
2.448
1.224
0.1
2.548
2.024
0.2
0
1.524
0.7
1.224
1.6
1.424
0.1
0
1.224
1.224
3.672
0
0
2.748
0
2.648
1.224
2.548
0.3
1.224
0
6.372
1.224
1.224
0
1.924
0.7
2.424
1.3
1.224
1.2
1.924
2.548
0.1
0
0.1
1.324
1.524
2.448
1.224
0.1
2.448
0.1
3.672
0.1
1.324
1.524
0.2
1.424
1.524
3.772
0.9
1.324
1.524
2.448
1.324
0
1.424
0
4.372
1.324
1.324
0.1
2.448
1.424
1.836
1.936
5.184
4.284
0.1
0.7
0
1.224
1.224
0
2.648
3.672
1.524
2.448
1.224
2.648
2.948
2.948
3.772
6.732
4.172
1.624
2.448
3.672
1.224
0
1.224
0.2
2
0.1
0.1
1.724
3.348
1.624
