0
1.324
3.872
3.672
3.872
0.1
1.224
4.284
0.1
1.224
1.324
1.224
0
1.424
1.424
3.06
0
2.548
2.448
2.448
1.224
1.224
1.224
2.448
1.224
2.448
2.448
2.448
4.896
2.448
4.284
2.448
0.2
0
0.1
1.936
1.936
0
0
0.1
0
1.424
1.836
0
0.1
1.224
0
0.2
0
1.224
1.224
0
1.224
0
0
3.06
0
0
0
1.224
0.5
0
0.1
2.648
0.2
0.1
0
0
1.224
0.2
0
1.324
0.1
0
1.524
1.424
1.836
1.224
0
0
2.648
0
1.224
0
0
0
0
0
1.224
2.848
0
1.224
0.1
0
0
3.26
3.16
0
2.448
4.284
0
0
0.1
0
3.06
0
0
0
0
0.1
0.1
0
0
1.224
0
0
0
1.224
0
0
0.3
0
2.448
0.1
0
0
0
1.224
0
1.224
0
0
0
0
1.224
0
1.224
1.224
1.224
0
1.224
2.448
0
1.224
0
0
1.224
0.1
0
0.1
1.224
0
0
0
0.1
0
0.1
0
0
0
0
0
0
0
0
0.1
3.06
0
0
2.848
0
0.1
1.224
0
1.324
4.384
0.1
0
1.224
0.1
0
1.224
1.224
2.548
0.3
2.448
1.424
1.324
0
2.448
1.324
1.224
0
1.524
1.224
1.224
1.224
0.1
1.224
1.224
1.936
4.896
1.836
1.936
2.336
1.836
1.836
3.16
4.384
3.06
4.284
1.836
4.584
1.836
1.836
2.236
1.836
3.36
1.836
1.836
2.856
5.304
4.484
5.608
5.508
4.384
4.284
4.284
5.708
4.284
6.732
6.732
1.224
0
2.448
0
3.248
1.224
0
1.324
0
1.224
1.224
1.224
0
1.224
1.224
3.06
1.224
1.824
0
0
0
0
1.224
1.224
0
0.2
3.672
1.324
2.548
0
1.324
0
2.448
0
1.324
2.448
0
2.448
0
0.1
0
2.448
0.1
0
2.448
0
3.16
1.836
5.304
1.324
3.672
4.896
5.608
0
3.06
3.06
1.224
1.224
1.224
3.672
0
0
1.224
0
1.224
0
0
0
2.448
0
0
1.224
1.224
0
0
0.1
2.448
0.1
1.224
0.1
1.224
2.448
2.448
2.448
0
1.224
3.06
1.224
0
1.324
0
0.3
0.1
0
0.1
1.224
1.224
0
2.848
4.284
1.224
2.748
2.448
0
0
1.224
0.2
1.224
0
1.224
2.536
0.1
0.1
1.224
1.224
2.448
1.836
0
1.224
0
0.3
0.5
2.448
0
1.836
0
2.448
1.324
1.224
3.06
1.224
1.224
1.224
2.344
2.244
3.468
2.344
3.468
3.468
2.244
2.244
3.468
3.468
1.02
2.444
2.244
2.244
2.344
4.692
5.192
7.14
1.02
6.528
2.244
4.692
3.468
2.244
2.344
3.468
7.852
4.892
3.468
4.692
2.244
1.836
1.224
1.224
3.672
3.672
3.672
1.224
2.548
2.448
2.448
3.672
3.672
2.548
3.672
2.748
2.548
2.648
1.224
3.672
1.224
1.224
3.672
2.448
1.224
2.448
4.896
2.448
3.872
1.224
2.448
3.672
2.448
2.548
3.772
3.672
1.324
2.448
1.224
3.672
3.972
1.324
1.424
2.448
3.772
4.896
3.672
3.872
2.448
3.672
3.672
4.284
2.448
2.548
2.448
3.672
1.324
3.772
2.648
1.224
1.324
2.448
2.448
1.224
4.996
2.448
2.548
2.448
1.224
4.996
1.224
1.224
2.648
1.324
3.672
2.748
1.524
1.224
2.548
5.096
2.448
3.772
2.448
1.324
2.648
2.448
2.448
1.224
1.224
3.772
1.224
3.672
3.872
5.708
2.448
1.224
2.448
3.672
3.772
1.224
1.224
3.772
2.448
3.672
3.672
2.448
2.648
1.424
1.224
2.448
2.448
3.672
2.448
3.672
1.224
1.224
3.972
3.672
2.448
3.672
3.672
3.672
2.448
4.896
1.224
1.724
2.448
1.224
2.448
3.772
3.672
2.748
2.448
2.448
1.224
3.672
3.872
3.872
2.448
1.224
3.672
1.224
1.224
2.448
1.224
3.772
2.448
3.672
1.224
5.508
2.448
3.872
4.896
2.448
1.224
1.224
2.448
3.672
2.448
1.224
1.324
2.448
3.872
2.448
1.224
3.772
1.224
1.224
1.224
1.224
2.448
1.324
2.448
2.448
4.896
3.672
2.548
2.448
3.672
2.448
1.224
2.448
2.448
2.448
1.224
2.548
2.448
2.448
2.448
1.224
2.448
3.672
1.224
3.672
2.448
3.672
4.996
1.224
1.224
1.324
1.224
2.448
2.448
1.224
3.672
1.224
3.672
3.972
2.448
3.672
3.672
3.672
2.448
5.508
5.508
1.224
2.448
2.448
2.448
2.448
1.424
1.324
1.224
1.624
4.896
5.508
3.772
1.224
1.224
2.548
3.672
3.672
3.672
3.672
1.224
4.284
2.448
1.324
2.448
2.448
2.548
3.672
4.284
1.224
2.448
3.672
3.672
2.448
1.224
2.448
2.448
1.224
1.524
3.672
3.672
1.224
1.224
1.224
1.324
2.448
3.672
3.672
3.672
3.672
2.448
3.872
1.224
3.972
2.448
1.224
2.448
1.224
2.448
3.772
1.224
3.672
2.548
3.672
3.672
3.672
1.224
4.896
3.772
3.672
3.772
1.224
3.672
4.284
1.224
3.672
3.672
2.448
5.296
2.448
2.648
3.872
1.224
2.448
2.448
2.448
1.224
3.672
3.36
2.448
3.672
3.672
2.548
5.508
2.448
3.672
1.224
1.224
2.448
2.648
1.324
4.896
1.224
3.672
3.672
1.224
1.224
3.872
3.672
3.772
3.672
2.448
3.672
2.448
1.224
1.224
1.224
3.06
2.448
4.996
2.448
2.748
2.548
1.224
3.672
3.672
3.672
2.548
3.672
2.448
5.608
3.672
1.224
2.548
2.548
2.448
3.772
4.896
2.448
2.448
1.224
1.224
2.448
2.448
2.448
3.772
2.448
3.672
2.748
3.672
2.448
1.224
2.848
3.672
2.448
1.224
2.448
2.448
3.672
2.448
2.448
2.648
3.772
1.224
3.672
2.448
1.224
3.672
4.896
3.672
1.224
3.772
3.672
5.508
1.224
2.448
3.672
2.448
3.672
3.06
3.972
2.648
2.448
3.672
3.772
2.448
1.224
3.672
1.224
4.484
2.848
4.896
1.224
3.672
2.448
4.284
1.224
2.648
1.224
4.896
3.672
1.224
3.672
3.672
4.896
3.672
3.672
2.648
2.448
3.672
2.448
3.672
3.672
4.896
1.224
3.672
2.448
1.224
1.224
1.224
4.996
1.224
1.224
2.548
3.672
4.284
3.772
2.448
1.224
2.548
1.224
1.224
1.224
3.772
3.672
3.672
2.448
3.672
2.448
1.224
3.672
2.448
2.448
3.672
3.672
1.224
3.672
3.672
1.224
1.224
2.448
2.448
2.448
2.448
3.672
2.648
1.224
1.224
4.072
1.224
3.672
3.672
3.672
3.672
3.672
2.448
3.872
1.524
1.324
1.224
3.672
3.672
2.448
2.448
2.448
2.548
2.448
4.284
1.224
3.672
2.448
5.608
4.896
3.06
1.224
3.772
2.448
2.448
1.224
2.448
1.224
1.324
1.224
2.448
1.324
1.324
4.172
2.548
2.448
1.224
2.648
2.448
2.448
1.224
2.548
4.896
1.324
3.672
2.448
2.548
1.224
3.672
5.096
5.096
2.448
5.508
5.508
7.344
4.284
5.608
5.508
4.284
6.832
5.608
4.284
3.16
6.832
5.508
5.908
5.508
7.752
11.288
4.284
4.284
4.284
5.508
4.284
5.508
2.448
3.672
3.672
3.672
3.772
4.584
4.284
3.672
1.224
2.244
2.244
3.468
4.692
3.468
3.668
7.852
4.896
3.672
3.972
3.672
2.448
2.448
2.448
2.548
3.672
3.772
3.672
3.672
2.448
2.548
2.448
2.548
2.448
2.448
2.448
2.448
1.224
3.672
1.224
3.672
3.772
2.448
2.448
3.672
3.672
7.444
4.284
1.224
1.224
3.772
1.424
3.06
2.548
2.848
2.548
0.2
2.548
2.448
1.224
0
1.424
2.448
0
1.224
1.836
1.924
0
0.1
0
2.448
2.448
1.524
2.448
1.836
1.836
0
1.324
0
0.1
1.324
0
0
1.224
0
0
2.448
0
2.548
1.224
0.2
1.224
0
0
1.224
0
3.06
1.224
1.224
1.224
1.224
2.848
0
0
1.224
1.224
1.424
1.224
1.224
1.224
1.224
1.824
0
1.324
0
1.224
1.524
1.224
1.424
0
1.424
1.224
0
1.224
0
1.224
2.448
1.424
1.224
0
0
0.1
1.224
0
0.1
0
1.224
1.224
0.2
1.224
1.224
1.224
1.224
2.548
1.224
0
2.748
1.224
1.324
1.224
0
2.448
1.224
1.224
2.448
1.224
1.324
1.324
0
1.424
2.548
1.224
0
1.424
1.324
1.524
0
1.224
2.648
0
0
0
0
0
0
0
1.224
1.224
1.224
1.224
1.424
1.224
1.224
1.224
0
0
1.324
0.1
1.224
1.224
1.224
1.224
1.224
1.224
0.2
1.224
1.324
0
1.224
1.224
0
1.324
1.324
1.224
1.224
0
0
0.2
1.224
0
1.224
1.224
1.224
0.1
0
1.224
0
0
1.224
2.548
1.324
1.224
1.324
1.324
0
1.224
0.1
0
0
1.224
1.324
1.224
1.524
1.224
1.524
0.1
1.224
2.448
1.224
0
0.1
1.424
1.224
1.224
2.648
1.224
1.224
1.224
0
1.224
1.224
0
1.224
1.524
1.224
0.1
1.224
1.224
0
0
1.224
1.224
1.224
2.448
1.224
1.224
0.8
1.224
0
1.224
0
1.224
1.224
0.1
0
0
0
0
0
1.224
1.224
1.324
1.224
1.524
0
2.548
1.324
1.224
1.224
0
1.324
1.224
0
0
1.224
1.424
1.224
1.224
1.224
1.324
1.224
0.1
1.524
0
1.224
1.324
1.224
3.16
1.224
0.7
1.424
1.324
0
0.1
1.224
1.224
1.224
0
1.224
2.548
0
0
0
0.1
0
1.224
0
1.324
0
0
0.2
1.224
1.224
1.224
0
1.224
1.224
1.224
2.448
1.224
0
1.224
1.224
1.324
1.224
1.324
1.224
1.224
1.224
1.224
0
1.224
1.324
1.224
1.224
1.224
1.224
1.324
0
0
0
0.1
0
0
2.448
1.424
2.548
0.1
1.224
0.3
0
1.224
1.624
1.324
1.324
0
4.284
0
1.224
1.224
1.324
0
1.224
0.1
1.224
0.1
1.224
0.1
2.448
1.224
1.224
1.224
1.224
0.4
1.224
0
0
0.1
1.224
1.224
1.224
0.1
1.224
1.224
1.324
0.1
0.1
3.06
0
1.224
1.324
1.224
1.324
1.324
0.1
0
1.424
1.324
2.448
0
0
2.548
1.224
1.324
1.224
0
1.224
1.224
1.224
1.324
0
0.1
1.224
0.2
0
1.224
0
1.224
1.224
3.672
0
1.224
1.224
2.448
1.224
1.224
0
2.448
1.224
0
1.324
1.224
0
1.224
0.1
1.224
0.1
0
0
3.06
1.224
1.324
1.424
1.224
1.224
0
1.224
0
0
0
2.548
1.324
1.324
1.224
0.3
1.324
0.1
1.224
0
2.548
1.224
1.424
0
1.324
1.224
0
0
1.224
0
0
1.424
0
0
1.224
1.224
0
0
1.224
1.224
1.224
1.324
1.224
2.748
1.224
0.2
2.648
0
0
1.524
1.836
1.836
2.548
1.324
2.548
1.224
1.324
1.224
1.324
1.224
3.06
0
0
1.224
0.1
0
1.224
0.3
0
1.224
0.1
1.324
0
1.224
1.224
1.224
0
1.224
2.448
1.224
1.224
1.324
1.224
0
1.424
1.224
0
1.224
0
0
1.224
0
1.224
0
0
0.1
0.3
1.324
0
1.424
1.224
0
1.224
0
1.224
0.3
1.224
0
0.1
1.324
0
0
1.224
0.1
1.224
0
0
1.224
0.1
1.224
1.224
0.2
0.1
0
1.424
1.524
1.224
0
0
1.224
0
1.224
2.448
0
1.224
1.224
0
1.224
2.848
1.224
0
1.224
0
2.448
0
1.324
1.324
2.448
1.224
0
2.448
1.424
1.224
2.448
0
1.224
2.548
0
0
1.224
0
0
1.224
1.324
0.1
1.224
0.1
3.36
1.324
1.224
1.224
1.224
1.224
0
1.224
1.324
1.224
1.224
1.224
1.224
1.524
0
0.1
1.324
2.548
0
0.2
1.324
2.448
0.2
1.224
1.224
0
0
1.224
2.448
1.324
1.324
1.224
0
0
0
0
1.224
0
1.224
0
0.1
1.224
1.424
1.324
1.224
1.224
1.224
2.448
1.224
0
2.448
2.448
1.224
0
0
2.448
2.448
0
1.324
0
1.224
1.224
1.224
1.836
1.224
0
2.448
0
0.4
0
0
1.224
0.1
1.524
2.448
0
0
2.548
1.224
0
2.448
1.224
1.224
0
0
0
0
1.224
2.548
0
1.424
2.448
0
0.1
2.448
0
1.224
3.06
1.324
2.448
1.224
0.3
1.324
1.224
1.224
3.16
1.224
0
1.224
0
1.224
1.224
1.224
1.724
1.224
1.224
0
2.448
0.2
1.424
1.324
0
1.224
1.224
0
2.648
0
0.1
0.1
0
1.424
0.1
1.324
1.424
2.848
1.224
1.224
1.224
0
1.324
0
1.224
1.224
0
1.224
2.448
1.224
1.324
0
1.224
1.324
1.224
1.324
0
1.224
0.1
1.224
0
0
1.324
1.324
0
0.1
0
1.224
1.224
1.224
1.424
1.224
1.424
1.224
0.3
0
0
1.224
1.224
1.324
1.224
0
1.324
1.224
3.06
0
1.224
0.1
0.1
1.224
0.1
1.424
1.324
1.224
1.224
1.224
1.224
1.424
0
1.324
1.836
1.224
2.448
3.468
2.448
2.448
0
1.224
1.224
1.224
1.224
0
0
2.448
1.324
0
1.224
1.624
0.1
0
0.5
1.424
1.224
0
0
0
3.672
0
0
2.648
1.224
2.448
0
2.448
1.224
1.224
0
3.872
3.06
1.224
0
2.948
1.224
0.1
1.324
0
0.1
2.548
3.672
0
1.224
1.224
1.224
1.224
4.896
0
0
2.448
0
2.448
0
1.224
2.448
0
1.524
2.448
2.448
1.224
1.224
3.06
2.548
0
0
1.224
0
2.548
2.448
2.448
0
3.06
2.448
3.06
1.836
5.708
4.284
1.324
1.324
0
1.02
1.224
1.02
3.672
3.672
2.448
3.772
1.224
2.548
3.672
2.448
3.672
5.508
4.692
0
3.672
2.448
1.224
0
0
0.2
0.5
0.1
0
1.224
2.748
1.224
