0.1
0.1
4.072
4.584
3.672
0
0
1.224
0
0
0
1.224
0
0
0.2
0
0
1.224
1.224
1.224
2.448
2.448
1.224
1.224
2.036
1.224
1.424
3.972
4.896
3.672
1.224
2.448
0.4
0
0.1
0
0
0
0
0.1
0
1.424
0
0
0
1.224
0
0
0
2.548
1.224
0.1
2.448
0
0
1.224
0
0.1
0
1.624
0
0.1
0
1.424
0
0
0
0
1.224
0.2
0.1
1.324
0.1
0
1.724
0.2
0
0
0.1
0
2.548
0
1.324
0
0
0
0
0
1.224
1.224
0
1.224
0
0
0
1.324
1.524
0
1.224
1.224
0
0.4
0
0
3.06
0
0
0.2
0.1
0.1
0
0
0
1.224
0
0.2
0
1.224
0
0
0.6
0
1.324
0
0
0
0.1
1.224
0
1.424
0
0
0.1
0
1.224
0.1
1.224
1.224
1.224
0
0
1.224
0
1.224
0
0
1.224
0.1
0.1
0
1.224
0
0
0
0.2
0
0
0.1
0.2
0
0
0.1
0
0
0
0
1.224
0
0.1
1.624
0
0.1
1.224
0
1.224
2.648
0
0
2.448
0.4
0.1
1.524
0
2.448
0.1
2.548
1.424
1.224
0
2.448
0
1.224
0
1.224
1.324
1.224
1.224
0
1.224
1.224
1.936
3.06
1.836
3.06
2.036
1.836
1.836
3.16
4.484
3.06
4.284
1.836
3.06
1.836
1.836
1.936
1.836
2.236
1.836
3.06
1.836
4.284
4.684
5.608
5.508
4.284
4.284
4.284
5.608
4.284
5.708
5.508
1.224
1.836
4.284
0
2.748
1.324
1.224
1.424
1.836
1.224
3.16
1.224
0
1.224
0
1.224
1.324
2.236
1.224
0
1.324
0
1.224
1.224
0
0.1
2.448
1.224
5.608
0
0
0.1
2.448
0
0.2
2.448
1.224
3.672
0
0
1.224
2.448
0
1.224
2.448
0
3.06
1.836
2.448
1.224
3.772
3.672
5.708
0
3.06
3.06
2.548
2.448
2.448
3.672
1.02
0.1
0
0
1.224
0
0
0
1.224
0
0
0
0
0
0.1
0
1.224
0
3.06
0
1.324
1.224
1.224
2.448
0
1.224
0
1.224
0
0
0
0.1
0.1
0
0
1.224
0
0
1.524
1.224
1.224
3.06
3.16
0
0
0
0.1
0
0
1.224
0.4
0
0.1
3.06
1.224
4.284
0.1
0
1.224
0
0.2
0.4
1.224
1.936
0
0
1.224
1.224
1.324
0
1.224
1.224
1.224
0
3.06
2.448
1.836
2.448
2.448
1.224
4.284
3.06
1.224
0
1.324
0
0
0
2.548
2.748
4.284
0
2.448
1.224
3.672
2.548
1.224
3.06
1.224
5.608
4.684
2.448
4.384
1.224
1.836
2.548
1.224
2.448
3.672
5.508
1.224
2.548
2.448
3.672
3.772
3.772
5.508
3.672
1.424
2.448
2.448
2.448
3.772
1.224
1.224
2.448
2.448
1.224
3.772
3.972
2.548
2.748
1.224
5.608
2.448
2.548
5.808
5.508
4.284
1.224
4.284
3.06
6.732
2.548
1.224
1.424
2.448
2.448
5.508
2.748
2.448
2.448
2.448
5.508
2.448
2.448
5.508
2.548
2.448
1.324
2.448
2.548
1.224
2.448
2.648
2.448
3.06
5.808
2.448
2.448
2.448
3.06
5.508
1.224
1.224
2.748
1.424
2.448
2.448
1.524
1.224
4.284
3.772
2.448
2.448
2.448
1.324
2.648
2.448
1.224
1.224
1.224
2.548
1.224
3.672
4.284
2.548
2.448
1.224
2.448
5.508
5.508
2.448
2.448
2.448
3.672
5.096
3.672
1.224
2.548
3.26
1.224
3.06
2.448
5.608
4.484
2.448
2.448
1.224
3.772
3.672
2.448
3.672
5.808
2.448
2.448
5.508
1.224
1.524
2.548
1.224
5.508
2.448
4.896
4.384
2.548
3.672
1.224
3.672
3.672
3.772
2.448
1.224
3.672
1.224
1.224
2.448
1.224
2.548
2.448
2.448
2.448
4.284
2.448
5.708
3.872
3.672
1.224
2.448
1.224
5.508
2.448
1.224
3.06
2.448
3.672
2.448
1.324
2.448
1.224
1.224
1.224
1.224
2.448
2.448
4.484
3.672
3.672
2.448
1.224
2.448
4.284
2.448
2.448
2.448
3.672
2.448
1.424
2.648
2.448
2.548
1.224
1.224
2.448
3.772
1.224
2.448
4.284
2.448
3.672
1.224
4.284
1.224
1.224
2.448
2.448
2.448
3.672
1.224
2.448
3.672
1.224
3.672
2.448
2.548
2.448
2.448
2.448
1.224
2.448
5.808
1.224
1.224
4.584
1.224
3.06
1.424
3.672
3.672
2.448
3.06
1.224
4.384
2.448
4.284
6.932
3.772
3.06
3.06
4.384
4.284
4.284
2.448
3.672
5.508
2.448
3.06
5.508
2.448
6.732
1.224
1.224
4.284
2.448
1.224
3.16
2.448
4.384
1.224
1.224
1.224
3.26
3.772
4.896
3.772
6.732
2.448
1.224
3.972
3.06
4.996
4.284
2.448
2.448
1.224
4.284
3.672
1.224
3.672
3.672
3.772
3.672
4.584
1.224
3.672
2.548
4.384
3.672
3.16
4.284
2.948
1.224
6.832
2.448
3.672
3.672
4.284
1.224
3.672
3.16
2.448
2.448
2.448
3.26
2.548
1.224
3.672
3.672
4.896
4.284
2.448
2.548
3.672
2.448
1.324
2.548
4.384
1.224
5.508
1.224
3.672
2.448
1.224
1.224
2.448
3.672
2.548
2.448
1.224
3.672
4.284
1.224
1.224
3.06
1.224
3.672
5.508
2.448
1.724
2.448
3.06
6.832
2.448
5.508
2.448
5.508
4.284
2.448
3.672
4.284
2.448
2.548
2.548
3.672
3.672
4.284
4.284
1.224
1.324
5.508
2.548
2.448
3.672
2.448
3.672
1.424
4.172
1.324
1.224
1.224
4.896
2.448
1.224
2.548
3.772
2.448
3.672
2.448
2.448
3.672
1.224
2.448
2.448
1.224
3.672
4.896
3.672
1.224
4.284
4.284
3.672
1.324
2.448
5.508
2.448
3.772
1.224
2.548
2.448
3.772
7.032
2.448
2.448
3.06
3.672
2.448
2.448
2.448
3.672
1.224
4.284
2.548
2.448
1.224
2.448
1.224
5.708
3.672
1.224
3.772
5.508
5.508
5.196
2.448
2.448
2.448
3.672
3.672
2.448
3.672
5.508
4.384
3.672
1.224
1.224
1.224
1.224
3.672
1.224
1.224
4.384
5.608
1.324
5.508
1.224
1.224
1.224
1.224
3.06
1.224
2.448
3.672
3.672
2.448
3.672
2.448
1.224
2.448
2.548
2.448
3.872
3.672
3.06
4.896
3.872
1.224
1.224
2.448
3.872
3.672
2.548
2.448
2.448
1.324
2.448
3.772
1.224
3.772
3.672
2.448
3.672
5.508
2.448
7.132
3.36
4.284
1.224
5.508
2.448
5.608
2.448
2.548
2.448
5.508
2.448
1.224
2.448
4.284
5.096
3.672
2.548
3.16
2.448
2.448
1.224
1.224
2.448
2.448
2.448
3.06
2.448
1.224
1.224
2.648
4.484
2.448
1.224
1.224
4.384
2.448
1.224
2.548
3.672
1.224
3.772
3.672
1.224
1.224
2.448
5.608
5.808
2.548
6.732
6.12
5.508
5.508
5.508
5.808
4.384
5.808
5.508
5.508
3.06
7.644
5.508
4.384
5.508
5.508
5.508
5.508
5.508
5.508
11.388
5.508
5.608
2.448
7.732
7.232
6.732
3.672
4.384
4.284
3.672
1.224
1.324
1.224
3.16
2.448
4.284
3.972
7.444
3.772
3.672
2.748
2.448
2.448
4.284
3.672
4.284
2.448
2.648
2.648
3.672
2.748
3.672
3.772
4.692
4.692
2.448
3.672
5.508
1.224
4.896
1.224
4.896
4.896
3.772
3.672
4.896
3.672
6.932
4.384
4.284
4.284
4.996
3.06
1.224
2.448
2.548
2.448
3.26
2.448
1.224
2.448
0.1
1.424
4.384
0
2.448
1.836
0.4
1.224
0
0
2.448
4.484
1.224
2.448
0
0
0
1.324
0
0
1.224
0
0
1.224
1.224
1.224
1.224
0
1.524
1.224
0
1.224
0
0
1.324
0
0
0
1.224
1.224
0
1.424
0
1.836
1.224
0
0
1.224
1.224
1.324
1.324
1.824
0
1.224
0
1.224
0
2.448
0.1
0
1.324
1.224
0
1.836
0
1.224
2.448
1.524
1.324
0
0
0.1
0
0
0
0
1.224
1.324
0.3
1.224
1.224
0
1.224
2.448
1.224
0
2.448
1.224
1.224
0
0
2.448
1.224
1.324
1.224
1.224
1.224
0
0.1
1.424
1.224
1.224
0
1.224
1.836
1.424
0.1
1.224
2.448
0.1
0.1
0
0.1
0
0
0.1
1.424
2.448
1.224
0
1.524
1.224
1.224
1.224
0
0
1.224
0.1
1.224
1.224
1.424
1.224
1.224
1.224
0.1
1.224
1.224
0.1
1.224
1.224
0
0.2
0
1.324
2.448
0
0
0
1.424
0
1.224
1.224
1.224
0.2
0
1.224
0
0.1
1.224
1.224
1.224
1.224
1.224
1.324
0.1
1.224
0.4
0
0
1.324
1.524
1.424
1.324
1.224
0.4
0
0
1.224
0
1.836
0
0
1.224
1.224
1.324
0
1.324
1.224
0
2.448
1.224
0
1.224
0.2
1.224
0.2
0
1.224
0
0.1
1.424
2.548
1.324
2.548
1.224
1.224
0.3
1.224
0
2.448
0
1.224
1.224
0
0.1
0.1
0.3
0
0
1.224
1.324
1.224
1.224
1.724
0
2.448
1.224
1.224
1.224
0.1
1.224
1.224
0.1
0
1.324
0
1.224
1.224
1.224
1.224
1.224
0.1
1.424
0
1.224
0
0
0
1.224
0.3
0.3
0
0
0
0
1.224
1.224
0
1.224
2.648
0
0
0
0.1
0
1.224
0
1.324
0
0.3
0.2
1.224
1.224
2.448
0
1.224
1.424
1.224
2.448
1.224
0
1.224
1.224
1.224
1.424
1.324
1.424
1.224
1.224
1.324
0
1.224
0.1
0
1.224
1.224
1.324
1.324
0
0.1
0
0.1
0
0
1.424
0.1
2.448
0
1.224
0.3
0
1.224
1.624
0
0
0
2.448
0
1.224
2.448
2.448
0
1.324
0
1.324
0
1.224
0
1.224
1.224
1.224
1.224
1.424
0.4
1.224
0
0
0
1.424
1.324
1.224
0.1
1.224
1.224
1.324
0.1
0
0
0
1.224
1.224
0
0
1.224
0
0
0
0
3.672
0
0
2.448
1.224
1.324
1.324
0
1.224
1.224
1.224
1.324
0.2
0.1
1.224
0.1
0
1.224
0
1.224
1.224
2.448
0
1.224
1.324
2.448
1.224
1.224
0
2.548
0
0
1.324
1.424
0
1.224
0.1
1.224
0.2
0
1.836
1.224
1.324
0
1.324
1.424
1.424
0
1.324
1.836
0.2
0
2.648
0.1
2.648
1.224
0.5
1.324
0.4
0
0
2.548
2.548
0
0
1.224
1.224
0.1
0
1.224
0
1.224
0
0.1
0
1.224
1.224
0
0
1.224
2.448
1.224
0.2
2.748
1.824
1.324
0
1.424
0
0
1.324
0
0
2.448
1.224
2.448
0
1.324
1.424
0
1.224
1.224
0.2
0
1.224
0
0
1.224
0.1
0.1
1.224
0.2
1.224
0
1.224
1.224
1.424
0
1.224
2.548
1.324
1.324
1.224
1.224
0
1.324
2.448
0
1.224
0
0.1
1.224
0
1.224
0
0
0.1
0
1.224
0
0.1
1.224
0
1.224
0
1.224
0.2
1.224
0.1
0
1.224
0
0
1.224
0
1.324
0
0
0
0
0
1.224
0.2
0
0
1.224
0.1
1.224
0
0.2
1.224
0
1.224
2.448
1.836
0
0
0
1.224
1.324
1.224
0.1
1.224
0
2.448
0
1.224
1.324
2.448
1.224
0
1.324
1.424
1.224
1.224
0
1.224
2.448
0
0
1.224
0.1
0
1.224
1.324
0.1
1.224
0.2
1.624
0.1
1.324
0.1
2.448
1.224
0
0
1.224
1.324
1.224
0
1.224
0.1
0
0.1
1.324
1.224
0
0.4
1.324
2.448
0.2
1.224
0
0
0
1.324
2.548
1.224
1.324
1.224
0
0
0
0
1.424
0
0
0.1
0.1
1.324
1.424
1.624
1.224
2.448
1.324
2.448
1.224
0
2.648
1.224
0
0
0.1
2.548
2.448
0
1.224
0
0
1.324
1.224
0
1.224
0
2.448
0.1
0.3
0.1
0
0
0
1.424
2.448
0
0
3.872
1.224
1.836
2.448
1.224
1.224
0.1
0.1
0
0.1
0
2.448
0.4
0
1.324
0
0.1
2.448
0
1.324
0.1
1.424
1.224
1.324
0
0
0
0
1.224
1.224
0
1.324
0.1
1.524
1.224
2.448
0.4
1.224
1.224
0
1.324
0.2
1.424
0.1
0
1.624
1.224
0
1.224
0
0.1
0.1
0.1
3.16
0.1
1.224
1.324
2.648
1.224
1.224
1.224
0
1.324
0
1.224
1.224
0.1
1.224
2.548
1.224
1.324
0
1.224
2.448
0.2
1.324
0.1
1.224
0
1.324
0
0
2.648
2.448
0
0.1
0
1.224
1.224
1.224
1.324
1.224
1.324
1.324
0
0
0
1.224
1.224
1.224
1.324
0.1
1.224
0.2
1.224
0.1
1.224
0.1
0
1.324
0
1.224
1.324
1.224
1.324
1.324
1.324
1.324
0
1.224
0
2.548
2.548
2.448
4.284
2.548
0
2.448
0
2.548
0
0
0
1.324
0.2
0.1
1.224
0
0
0
1.32
1.02
3.568
1.02
1.02
1.02
5.404
0
0
1.324
4.284
1.224
0
1.224
4.384
0
0
2.848
2.448
1.224
3.06
1.324
3.16
0.1
1.524
0
0.2
3.772
2.548
0
1.224
3.06
1.836
1.936
1.224
0
1.224
1.224
0
1.224
3.06
1.224
3.672
0.1
1.324
2.448
2.448
3.06
1.224
1.224
2.448
0
1.224
1.224
0
2.748
2.448
3.872
0.1
1.224
1.224
3.06
1.836
6.52
4.284
2.648
1.224
0
0
2.448
1.836
4.896
4.896
2.448
6.508
1.324
2.448
4.896
2.548
4.896
4.284
3.672
0
2.448
3.06
1.224
0
0
0
0.7
0
0
2.648
1.324
2.548
