0
0.1
3.772
2.548
4.996
0
0
1.224
0
0
0
1.224
1.324
0.2
0.1
0
1.224
1.224
1.224
1.224
1.224
1.224
1.224
1.224
0
1.224
1.324
2.548
3.672
2.448
3.06
2.448
0
0
1.224
0
0
0
0
0
0
1.324
0
0
0
1.224
0
1.224
0
1.224
1.224
0
1.224
1.224
0
1.224
1.324
1.224
0
1.424
1.324
1.224
0
1.324
0.1
0
1.224
1.224
1.224
1.324
0
2.648
1.224
0
1.524
0.1
1.224
0
1.224
0
2.548
1.224
1.224
1.224
0
1.224
1.224
0
1.224
2.448
0
1.224
1.324
1.224
1.224
1.224
1.324
1.224
1.224
1.224
0
1.324
1.224
0
1.224
0
0
0
1.424
0
1.324
1.224
0
2.448
0
0
0
2.548
0
0
1.624
0
1.224
1.324
1.224
0
0
1.224
0
3.668
0
0
1.224
0
1.224
0
1.224
3.568
1.224
0
0.1
2.548
1.224
1.224
1.224
2.244
1.224
1.224
0.2
1.224
1.224
0
0
0
0
0.1
1.224
0
0
0
0
1.224
0
1.224
0
1.224
1.224
1.224
0
1.524
1.224
1.324
3.468
0
3.468
2.448
2.244
1.224
1.224
0
0
2.448
0
3.672
0
3.672
1.324
2.448
1.224
3.672
0
1.224
0
2.648
2.448
1.324
1.224
0.1
1.224
1.324
3.06
3.06
1.836
3.26
1.936
3.06
1.836
3.06
4.384
3.06
4.284
1.936
3.26
3.06
1.936
3.26
1.836
3.26
1.836
3.06
3.06
4.284
4.584
5.508
5.508
4.384
4.284
4.284
5.708
5.508
7.544
7.344
2.548
0
2.448
0.1
3.672
1.224
0
1.424
0
1.224
1.324
2.344
3.06
1.224
1.224
2.448
1.224
0.2
0
1.224
1.224
2.244
1.224
1.224
1.224
1.324
2.448
1.324
2.448
1.224
0
1.12
2.448
1.224
0.1
2.448
0
2.448
0
0
0
2.448
1.324
0
2.448
1.224
4.284
3.06
3.672
2.448
5.096
3.672
6.732
0
3.06
3.16
4.384
3.06
3.06
5.508
3.06
1.224
0
0
1.224
0
1.224
0
1.224
1.224
0.1
0
0
1.224
1.224
1.224
1.224
1.224
2.448
1.224
2.448
1.224
1.224
2.448
0
1.224
0
1.324
0
0
0
0
1.224
0
1.224
1.224
0
1.224
1.224
2.448
1.224
1.424
1.324
1.224
0
0
0
0
1.224
1.224
1.324
2.244
0
1.224
1.324
2.448
0
1.324
1.324
1.224
1.324
1.424
1.224
0
0
1.224
1.224
2.648
1.224
0
1.224
1.224
2.448
0
1.324
2.448
0
2.448
2.448
1.224
1.324
1.224
1.224
1.224
2.448
0
0
0
2.548
2.548
4.284
3.06
2.448
1.324
3.672
2.548
1.224
1.324
1.224
5.508
2.848
3.672
2.648
3.06
1.836
1.224
1.224
2.448
3.672
3.672
1.224
3.772
3.672
2.548
4.996
4.996
2.448
3.672
1.424
2.548
3.672
1.224
2.448
2.448
1.224
2.448
3.672
2.448
2.548
3.772
2.448
2.548
1.224
2.548
2.448
3.672
2.848
3.672
3.672
2.448
2.448
1.324
3.772
2.448
1.224
2.448
2.448
2.448
3.672
2.648
3.672
2.448
2.448
3.672
3.672
3.672
2.448
2.448
2.448
1.324
2.448
3.672
2.448
1.224
1.324
3.672
1.224
3.872
2.548
3.672
2.548
1.524
3.672
2.748
1.324
2.648
1.224
2.448
2.648
1.524
1.224
2.548
3.672
2.448
2.448
3.672
1.424
2.748
3.672
1.224
1.224
1.224
2.448
1.224
4.896
2.448
2.548
3.672
1.224
3.672
3.672
4.996
1.324
1.224
2.448
2.548
3.672
3.672
1.224
5.092
1.324
1.224
1.224
3.772
3.772
2.648
2.448
2.448
1.224
4.996
3.672
2.448
3.672
4.896
2.448
2.448
3.672
2.548
2.748
2.448
2.448
2.448
2.448
3.772
3.872
3.672
2.448
1.224
3.672
3.872
3.872
2.448
1.224
4.896
1.324
1.324
2.448
1.224
2.448
3.772
3.672
1.324
2.548
2.448
3.672
3.772
3.872
1.324
1.224
1.224
3.772
2.448
1.224
1.224
2.448
3.672
2.548
1.224
3.672
1.224
2.448
2.448
2.448
2.448
2.548
2.548
2.648
3.672
2.448
1.424
3.672
2.448
2.448
1.224
2.448
2.448
2.548
1.224
2.548
2.448
3.772
1.224
1.224
2.448
3.672
1.324
2.448
2.548
2.448
3.672
2.448
1.424
1.224
2.448
2.448
2.548
1.224
3.672
2.448
2.448
3.772
1.224
3.672
2.448
2.648
2.448
2.448
2.448
1.424
3.672
2.448
2.448
1.224
1.324
1.224
1.224
1.424
3.672
3.672
2.448
1.224
1.324
3.772
2.448
2.548
3.672
3.772
1.224
1.324
3.672
1.224
2.448
3.772
2.448
3.672
2.448
1.224
2.448
2.448
3.672
1.224
2.448
2.548
2.448
1.324
1.324
2.448
2.848
2.448
1.224
1.224
1.224
2.548
3.772
2.748
3.772
2.448
1.224
3.772
1.224
3.772
2.448
2.448
3.672
1.324
2.648
5.096
1.224
3.672
2.448
3.672
3.672
3.972
1.224
4.896
2.448
2.648
3.772
1.324
2.448
2.648
1.224
3.672
2.448
2.448
4.896
2.448
1.224
3.872
1.324
2.448
3.672
2.448
1.224
3.672
1.324
3.672
3.672
3.672
2.448
2.548
3.672
4.896
1.324
1.224
2.648
2.648
1.224
3.672
2.448
3.672
2.448
2.448
1.224
2.448
3.672
2.448
2.448
1.224
3.672
2.548
2.448
1.224
1.224
1.224
2.448
3.672
2.448
1.424
2.448
1.324
3.672
2.448
3.672
3.672
3.672
2.548
2.448
3.672
2.448
2.448
3.672
2.448
3.672
3.672
3.672
2.548
2.448
1.224
2.448
3.872
3.672
3.672
2.448
4.896
1.624
3.972
1.324
1.224
2.448
4.896
3.672
1.224
2.548
2.548
2.448
2.448
3.672
2.548
3.672
1.224
3.672
2.448
1.224
3.672
3.672
3.672
1.224
2.448
2.448
3.672
1.224
3.672
3.672
2.548
2.648
2.448
2.548
2.548
2.748
3.772
2.448
3.672
1.224
3.672
2.448
2.548
3.872
3.672
1.224
2.448
2.448
2.448
1.224
3.672
2.448
3.872
3.672
1.224
3.672
3.672
3.672
3.672
2.448
2.448
2.448
3.672
2.548
2.448
5.096
3.672
1.324
4.996
1.224
1.224
1.224
1.224
3.872
2.448
2.448
3.772
3.672
1.224
3.672
1.224
1.224
1.224
1.224
1.324
2.448
2.448
3.772
3.672
3.672
4.896
2.448
1.224
3.672
3.672
3.672
3.872
3.672
1.224
3.772
5.296
2.448
1.324
2.448
2.548
2.648
2.448
2.448
2.548
1.224
1.224
5.096
2.448
3.772
4.896
2.448
4.896
3.772
2.448
3.672
2.848
1.324
1.224
3.672
2.448
2.548
2.448
2.448
2.448
2.648
2.448
1.224
2.448
2.448
3.772
3.672
1.424
1.224
2.448
3.672
1.224
2.448
3.672
1.224
1.324
1.324
3.672
2.448
2.448
2.648
3.972
2.548
2.448
1.224
2.448
2.448
2.448
2.448
4.896
1.324
3.972
2.448
1.224
2.448
2.448
5.708
5.708
2.448
6.732
4.284
6.732
4.284
6.832
5.508
5.508
7.132
6.932
4.284
4.384
5.508
6.732
5.608
6.832
5.608
5.508
4.284
4.284
4.284
5.608
6.22
10.688
2.448
3.872
3.772
3.672
3.672
5.508
5.508
6.832
2.448
1.224
1.224
1.224
2.548
2.448
3.972
5.808
3.972
3.672
3.672
2.448
3.672
2.548
2.448
2.448
3.672
3.772
3.672
3.672
2.548
2.448
2.448
3.772
3.672
5.708
4.384
4.284
4.284
6.732
4.284
5.508
5.608
4.384
4.284
5.508
5.508
7.344
7.344
3.06
3.06
6.732
1.424
1.224
2.448
2.648
2.448
1.836
1.224
1.224
1.224
1.224
2.548
2.448
1.224
2.448
0
0.2
0
1.324
0
2.448
2.448
2.548
2.448
0
0
0
1.224
0
1.224
1.224
1.224
0
1.224
0
0
1.224
0
2.648
1.224
0
1.224
0
1.224
1.224
1.224
1.224
0
1.224
1.224
0
1.224
1.224
0.1
1.224
0
0
1.224
1.224
1.324
1.424
1.524
0
1.224
0
1.324
0
1.324
0
0
1.324
1.224
1.224
0
0
2.448
2.448
1.224
1.224
0
0
0
0
1.224
0
1.224
1.224
1.224
0
1.224
1.324
0
2.448
1.324
1.224
1.224
2.448
2.448
2.448
0
1.224
3.672
1.224
1.224
2.448
1.224
1.224
0
0
1.424
1.224
1.224
1.224
1.224
0
1.224
1.224
1.224
3.672
0
1.224
1.224
1.224
0
0
1.224
1.224
1.224
2.448
0
2.548
1.224
1.224
1.224
1.224
1.224
2.448
0
1.224
1.224
1.324
1.224
1.224
2.548
1.224
1.224
1.224
0
1.224
1.224
0
1.224
1.224
1.224
1.324
0
1.224
0
2.448
1.224
1.224
2.448
1.224
0
1.224
1.224
1.224
0
1.224
1.224
1.224
1.224
1.224
1.324
0
1.224
0.2
0
0
1.224
1.224
2.448
2.448
2.448
0.1
1.224
0
1.224
0
0
0
0
1.224
1.224
1.224
0
1.224
1.224
1.224
1.224
2.448
1.224
1.224
0.1
1.224
0
0
1.224
1.224
1.224
1.224
1.224
2.448
2.448
1.224
1.224
1.324
1.224
0
1.324
1.224
1.324
1.224
1.224
1.224
0
0
1.224
0
1.224
1.224
1.224
1.224
1.224
0
3.672
1.324
1.224
1.224
0
1.224
1.224
0
0
1.224
0
1.224
2.448
2.448
2.448
1.324
0.1
2.548
1.224
1.224
0
0
0
1.224
1.224
0
0
1.224
1.224
0
2.448
1.324
1.224
1.224
2.448
0
1.224
0
1.224
1.224
1.224
1.224
1.224
0
0
1.224
2.448
1.224
1.224
1.224
1.224
1.224
1.224
2.448
2.448
0
1.224
2.448
1.324
1.224
2.448
1.324
1.224
1.224
2.448
1.224
1.224
0
0
1.224
1.224
1.224
1.224
1.224
0
0
0.1
0
0
1.324
0.1
1.224
1.224
1.224
1.224
1.224
1.224
1.224
0
0
1.224
2.448
1.224
2.448
1.224
2.548
0
2.448
1.224
1.224
0
1.224
0
2.448
1.224
1.224
2.448
1.224
0.1
2.448
0
0
1.224
1.224
1.224
1.224
1.224
1.224
1.224
2.448
0
1.224
0
0.1
1.324
1.224
0
0
1.224
0
1.224
0
0
2.448
0.1
1.224
3.672
1.224
1.224
1.224
0
2.448
1.224
1.224
1.224
0
0
1.224
0.1
1.224
2.448
1.224
1.224
1.224
2.448
0
1.224
1.224
3.672
1.224
1.224
1.224
2.448
0
1.224
2.548
1.224
1.224
1.224
1.224
1.224
0
1.324
0
2.448
1.224
0
1.224
1.224
1.224
1.224
1.224
0
0
0
2.548
0
2.548
1.224
0
2.244
0
0
0
3.672
2.448
0
0
1.224
1.324
0
0
1.224
1.224
0
0
1.224
0
1.224
1.224
0
0
1.224
1.224
1.224
0
1.224
1.324
1.324
1.224
1.224
0
1.224
2.548
0.1
0
2.448
1.224
3.672
0
1.424
1.224
0
1.224
1.224
1.524
0
1.224
0
0
2.448
1.224
1.224
2.448
1.224
1.224
0
1.224
1.224
2.448
1.224
2.448
2.648
1.224
1.224
2.448
1.224
1.224
1.324
1.224
0
1.224
1.224
1.224
1.224
1.224
1.224
1.224
0
0.1
0.1
1.224
0
0
1.224
0
1.224
1.224
2.448
0.2
1.224
1.224
0
1.224
0
0
1.224
0
2.448
1.224
1.224
0
0
0
1.224
1.224
0
1.224
1.224
0
2.448
1.224
0
1.324
0
1.224
2.548
0
0
0
0
2.448
1.324
1.224
0
1.224
1.224
2.448
0
1.224
2.448
3.672
1.224
1.224
1.224
1.224
2.448
1.224
0
2.448
2.548
0
0
2.448
1.224
1.224
1.224
1.224
0
1.224
1.224
1.224
0
1.224
0
1.224
1.224
0
0
2.448
1.224
1.224
0
1.224
0
1.224
1.324
2.448
1.224
0
0
1.424
3.672
0
1.224
0
0
0
2.448
3.672
2.448
2.448
1.224
0
0
0
0
2.344
0
0
0
0
1.224
2.448
1.224
1.224
1.224
2.448
3.672
1.224
0
2.448
1.224
0
0
0
2.448
3.672
0
1.224
1.224
1.224
1.224
2.448
1.224
1.224
0
2.448
1.224
1.324
1.224
1.224
0
1.224
1.424
3.672
1.224
1.224
2.548
1.224
0
2.448
1.224
1.224
0
0
0
0
0
2.548
0
0
1.224
0
0
2.448
0
1.224
0
1.224
1.224
1.224
1.224
0
0
0
1.224
1.224
0
1.224
0
2.244
1.224
1.224
0.1
1.224
1.224
0
1.224
1.224
1.424
0
0
1.324
1.224
0
1.224
1.224
1.224
0.1
0
1.224
0
1.224
1.224
3.772
1.224
1.324
1.224
1.224
1.224
0
1.224
1.224
0
1.224
2.448
1.224
1.224
0
1.224
2.448
0.1
1.224
1.224
2.244
1.324
2.448
0
0
1.324
1.224
0
0
0
1.224
2.448
2.448
2.548
1.224
2.448
1.224
0.2
0
0
2.448
1.224
1.424
2.448
0.1
1.224
0
1.224
0
1.224
1.224
1.224
1.224
0
1.324
2.648
2.448
1.224
2.448
1.324
1.224
0
1.324
0
2.648
2.448
2.648
2.448
2.448
1.224
1.224
0
1.224
1.224
1.224
0
1.224
0.1
0
1.224
0.1
0.1
1.224
0.1
0.1
1.224
0
1.224
2.244
2.448
0
0
1.224
1.324
1.224
1.224
1.224
1.224
0
0
2.848
1.224
2.448
1.836
3.16
3.26
3.26
3.26
3.06
1.936
4.484
4.284
1.836
4.18
3.06
1.836
1.936
4.284
3.06
1.836
3.06
1.836
4.284
1.836
3.06
4.284
1.836
1.836
4.284
4.284
3.46
3.06
3.06
3.16
3.06
1.836
3.06
1.836
4.484
4.284
4.284
1.836
4.284
3.06
4.896
3.672
6.32
6.12
3.06
3.16
1.836
3.06
4.284
1.836
5.508
6.732
4.284
5.508
3.26
4.284
5.508
5.508
6.732
7.344
6.732
3.06
4.284
4.284
4.284
1.836
3.06
0.1
0.2
0
0
1.324
1.224
1.224
