0.1
0.1
3.972
4.384
3.772
0
0
1.224
0
0
0
1.224
0
0.1
0.2
0
0.1
1.224
1.224
1.224
2.448
2.448
1.224
1.224
2.136
1.224
1.424
3.872
4.896
3.672
1.224
2.448
0.5
0
0.1
0
0
0
0
0.1
0
1.424
0
0
0.1
1.224
0
0.1
0
2.448
1.324
0.1
2.448
0
0
1.324
0
0
0
1.424
0.3
0.2
0
1.224
0
0.1
0
0
1.224
0.3
0.1
1.324
0.1
0
1.624
0.2
0
0
0
0
2.548
0
1.324
0
0
0
0
0
1.224
1.324
0
1.324
0
0
0
1.224
1.424
0
1.224
1.224
0
0.1
0.1
0
3.06
0
0
0
0.1
0
0
0
0
1.224
0.1
0
0
1.224
0
0
0.8
0
1.324
0
0
0
0.1
1.224
0
1.424
0
0
0
0
1.324
0
1.224
1.224
1.424
0
0
1.224
0
1.224
0
0
1.224
0.1
0.1
0
1.224
0
0.1
0.1
0
0.1
0.1
0.1
0.1
0.1
0
0
0
0
0
0
1.324
0
0
1.724
0
0
1.224
0
1.224
2.548
1.836
1.836
2.448
0.3
0.1
1.424
0
2.448
0.1
2.548
1.424
1.224
0
2.448
0
1.224
0
1.224
1.324
1.224
1.224
0
1.224
1.324
0.1
1.224
0
1.224
0.4
0
0
1.224
2.548
1.224
2.448
0
1.324
0
0
0.3
0
0.6
0
3.06
0
2.448
3.048
3.672
3.772
2.548
2.448
2.448
4.072
2.448
3.772
3.672
1.224
1.836
4.384
0
2.848
1.324
1.224
1.324
1.836
1.324
3.16
1.324
0
3.06
1.836
3.06
3.06
4.072
3.06
1.836
3.16
1.836
3.06
3.06
1.836
2.036
4.284
3.06
7.544
1.836
1.836
1.936
4.284
1.836
2.136
4.284
3.06
5.508
1.836
1.836
3.06
4.284
2.036
3.06
4.284
1.836
3.06
1.836
4.284
3.06
5.908
5.508
5.608
1.836
3.06
3.06
4.384
4.284
4.284
5.508
1.836
0.2
0
0
1.224
0
0
0
1.224
0
0.2
0
0
0
0
0
1.324
0
3.06
0
1.224
1.224
1.224
2.548
0
1.224
0
1.224
0
0
0
0.1
0
0
0
1.224
0
0
1.724
1.324
1.224
3.16
3.16
0
0
0
0.2
0
0
1.224
0.4
0.1
0.1
3.16
1.224
4.384
0.1
0
1.324
0
0.3
0.6
1.224
1.836
0
0
1.224
1.524
1.324
0
1.224
1.224
1.224
0
3.16
2.448
1.936
2.448
2.448
1.224
4.284
3.06
1.224
0
1.424
0
0
0
2.548
3.148
2.448
1.836
2.448
1.224
3.672
2.448
1.224
3.16
1.224
3.672
6.92
4.284
6.22
1.224
1.836
2.548
1.224
2.448
3.672
5.508
1.224
2.448
2.448
3.672
3.872
3.772
5.608
3.672
1.724
2.548
2.448
2.448
3.672
1.224
1.224
2.448
2.448
1.224
3.772
3.772
2.448
2.648
1.224
5.808
2.448
2.548
5.808
5.708
4.284
1.224
4.384
3.36
6.932
2.548
1.224
1.424
2.748
2.448
5.508
2.548
2.448
2.448
2.448
5.508
2.448
2.448
5.608
2.548
2.448
1.324
2.448
2.548
1.224
2.448
2.648
2.448
3.06
6.108
2.548
2.548
2.548
3.16
5.508
1.224
1.224
2.848
1.324
2.448
2.648
1.524
1.324
4.284
3.772
2.548
2.548
2.448
1.424
2.748
2.448
1.224
1.224
1.224
2.448
1.224
3.672
4.284
2.548
2.448
1.224
2.448
5.608
5.508
2.448
2.448
2.448
3.672
5.196
3.672
1.224
2.548
3.36
1.224
3.06
2.448
5.608
4.784
2.448
2.448
1.224
3.672
3.672
2.448
3.672
5.808
2.448
2.448
5.508
1.224
1.624
2.548
1.224
5.508
2.448
5.096
4.484
2.448
3.672
1.224
3.672
3.872
3.972
2.448
1.224
3.672
1.224
1.224
2.448
1.224
2.548
2.448
2.448
2.448
4.384
2.448
5.708
4.072
3.672
1.224
2.448
1.224
5.608
2.448
1.224
3.06
2.448
3.772
2.448
1.224
2.448
1.324
1.224
1.224
1.424
2.448
2.648
4.584
3.772
3.672
2.448
1.224
2.448
4.284
2.448
2.448
2.448
3.672
2.448
1.624
2.448
2.448
2.548
1.224
1.224
2.548
3.772
1.224
2.548
4.484
2.448
3.672
1.224
4.584
1.224
1.224
2.448
2.548
2.448
3.672
1.224
2.448
3.672
1.224
3.672
2.448
2.648
2.548
2.448
2.448
1.224
2.448
5.808
1.324
1.224
4.584
1.224
3.06
1.524
3.672
3.672
2.448
3.06
1.224
4.384
2.448
4.384
6.732
3.772
3.06
3.06
4.384
4.284
4.284
2.448
3.672
5.608
2.448
3.06
5.608
2.448
6.832
1.224
1.224
4.384
2.448
1.224
3.26
2.448
4.484
1.224
1.224
1.224
3.26
3.672
4.896
3.772
6.732
2.448
1.324
3.972
3.16
4.996
4.284
2.448
2.448
1.224
4.284
3.672
1.224
3.672
3.672
3.672
3.672
4.684
1.324
3.672
2.548
4.484
3.772
3.16
4.284
2.948
1.224
6.832
2.448
3.772
3.872
4.284
1.224
3.672
3.16
2.448
2.448
2.448
3.26
2.448
1.224
3.672
3.672
4.896
4.284
2.448
2.448
3.672
2.548
1.324
2.548
4.484
1.224
5.508
1.224
3.672
2.448
1.224
1.224
2.448
3.772
2.548
2.448
1.324
3.672
4.384
1.224
1.224
3.06
1.324
3.672
5.508
2.448
1.724
2.448
3.26
6.932
2.448
5.508
2.448
5.508
4.284
2.448
3.672
4.284
2.448
2.548
2.448
3.772
3.672
4.284
4.384
1.224
1.224
5.508
2.648
2.448
3.672
2.448
3.672
1.524
4.272
1.324
1.324
1.224
4.896
2.448
1.224
2.548
3.772
2.448
3.672
2.548
2.548
3.672
1.224
2.448
2.448
1.224
3.672
4.896
3.672
1.224
4.284
4.284
3.672
1.224
2.448
5.508
2.448
3.772
1.224
2.548
2.448
3.772
6.932
2.448
2.548
3.06
3.672
2.448
2.448
2.548
3.672
1.224
4.284
2.448
2.448
1.224
2.548
1.224
5.808
3.672
1.224
3.672
5.508
5.608
5.096
2.448
2.448
2.448
3.672
3.672
2.448
3.772
5.508
4.384
3.672
1.224
1.224
1.224
1.224
3.672
1.224
1.224
4.584
5.608
1.324
5.508
1.224
1.224
1.224
1.224
3.06
1.224
2.548
3.772
3.672
2.448
3.672
2.448
1.224
2.448
2.548
2.448
3.872
3.672
3.06
4.896
4.072
1.224
1.224
2.448
3.772
3.772
2.548
2.448
2.548
1.324
2.448
3.872
1.224
3.772
3.672
2.448
3.672
5.608
2.448
7.032
3.16
4.284
1.224
5.508
2.448
5.608
2.548
2.448
2.448
5.608
2.448
1.224
2.448
4.284
4.996
3.672
2.748
3.16
2.448
2.448
1.224
1.224
2.448
2.448
2.448
3.16
2.548
1.224
1.224
2.548
4.484
2.448
1.224
1.224
4.284
2.448
1.224
2.448
3.672
1.224
3.972
3.672
1.324
1.324
2.448
5.808
6.108
2.548
4.896
4.284
3.672
3.672
3.672
3.772
2.548
4.172
3.872
3.672
1.224
5.708
3.672
2.648
3.672
3.672
3.672
3.672
3.672
3.672
7.732
3.672
3.872
2.448
10.668
8.868
8.668
5.708
4.584
4.284
5.608
1.224
1.324
1.224
3.16
2.448
4.484
4.172
5.708
3.972
3.672
2.748
2.448
2.448
4.384
3.772
4.284
4.284
2.448
2.548
3.672
2.848
3.772
3.772
3.772
3.672
2.448
3.672
5.608
1.224
4.896
1.224
4.896
4.896
3.872
3.672
4.896
3.672
5.196
2.548
6.12
6.12
4.996
3.16
1.224
2.548
2.748
2.448
3.36
2.448
1.224
2.448
0.1
1.324
4.284
0
2.448
1.836
0.4
1.224
0
0
4.284
4.284
1.324
2.448
0.1
0
0
1.324
0
0
1.224
0
0
1.224
1.224
1.224
1.224
0
1.424
1.224
0
1.224
0
0
1.224
0
0
0
1.224
1.224
0
1.224
0.1
1.936
1.224
0
0
1.224
1.224
1.324
1.224
1.924
0
1.224
0
1.324
0.1
2.448
0.1
0
1.524
1.224
0
1.836
0
3.06
2.448
1.224
1.424
0.2
0
0.1
0
0
0
0.1
1.224
1.224
0.1
1.224
1.424
0
1.224
2.548
1.224
0
2.448
1.224
1.324
0
0
2.448
1.224
1.424
1.224
1.224
1.224
0
0
1.724
1.224
1.224
0
1.224
1.936
1.324
0
1.224
2.448
0.1
0.1
0
0.1
0
0.2
0
1.524
2.448
1.224
0
1.524
1.224
1.224
1.224
0
0
1.224
0.1
1.224
1.224
1.524
1.224
1.224
1.224
0
1.324
1.224
0
1.224
1.224
0
0.1
0
1.324
2.548
0
0
0.2
1.424
0
1.224
1.224
1.224
0.1
0
1.224
0
0.1
1.224
1.224
1.324
1.224
1.224
1.424
0.2
1.224
0.3
0
0
1.324
1.424
1.524
1.324
1.224
0.2
0.1
0
1.224
0
1.836
0
0
1.224
1.224
1.224
0
1.324
1.224
0
2.448
1.224
0
1.224
0.1
1.224
0.3
0
1.224
0
0
1.424
2.548
1.324
2.548
1.224
1.224
0.4
1.224
0
2.448
0
1.224
1.224
0
0
0.1
0.1
0
0
1.224
1.224
1.224
1.224
1.724
0
2.448
1.224
1.224
1.224
0
1.224
1.224
0
0
1.324
0
1.224
1.224
1.224
1.224
1.224
0
1.424
0.2
1.224
0
0
0
1.224
0.2
0.1
0
0
0.1
0
1.224
1.224
0.1
1.224
2.448
0
0
0
0
0
1.224
0
1.324
0
0.4
0.2
1.224
1.224
2.448
0
1.224
1.724
1.224
2.448
1.224
0
1.224
1.224
1.224
1.324
1.224
1.524
1.224
1.224
1.224
0
1.224
0.1
0
1.224
1.224
1.324
1.324
0
0.1
0
0.2
0
0
1.324
0
2.448
0
1.224
0.2
0
1.224
1.524
0
0
0
2.448
0
1.224
2.448
2.448
0
1.224
0
1.324
0
1.224
0
1.224
1.224
1.224
1.224
1.324
0.3
1.324
0
0
0
1.324
1.324
1.224
0
1.224
1.224
1.224
0
0
0
0
1.224
1.224
0
0
1.324
0
0
0
0
3.672
0
0
2.648
1.324
1.324
1.324
0
1.224
1.224
1.224
1.224
0.1
0
1.224
0.1
0
1.224
0
1.224
1.224
2.448
0
1.224
1.324
2.548
1.224
1.224
0.1
2.448
0
0
1.224
1.424
0
1.324
0.2
1.224
0.1
0
1.836
1.224
1.224
0
1.224
1.524
1.524
0
1.324
1.836
0.1
0
2.548
0
2.448
1.224
0.4
1.224
0.1
0
0
2.448
2.548
0
0
1.224
1.224
0
0
1.224
0
1.224
0
0
0
1.224
1.224
0.1
0
1.224
2.548
1.224
0.1
2.848
1.424
1.224
0.1
1.424
0
0
1.224
0
0
2.448
1.224
2.448
0
1.324
1.424
0
1.224
1.224
0.2
0
1.224
0.1
0
1.224
0.1
0
1.224
0.1
1.224
0
1.224
1.224
1.324
0
1.224
2.448
1.324
1.224
1.224
1.224
0
1.224
2.448
0
1.224
0
0.1
1.224
0
1.224
0
0
0
0
1.224
0
0
1.224
0
1.224
0
1.224
0
1.224
0
0
1.224
0
0
1.224
0
1.324
0
0
0
0
0
1.224
0.1
0
0
1.324
0.1
1.224
0
0.1
1.224
0
1.224
2.448
1.836
0
0
0
1.224
1.324
1.224
0
1.224
0
2.448
0
1.324
1.424
2.448
1.224
0
1.224
1.324
1.224
1.224
0
1.224
2.448
0
0
1.224
0
0
1.224
1.324
0.2
1.224
0.3
1.524
0
1.424
0
2.448
1.224
0
0
1.224
1.424
1.224
0
1.224
0.1
0
0
1.224
1.224
0
0.2
1.324
2.548
0.2
1.224
0
0
0
1.324
2.548
1.224
1.224
1.224
0
0.1
0
0
1.424
0
0
0
0
1.324
1.524
1.524
1.224
2.548
1.424
2.448
1.224
0
2.548
1.224
0
0
0
2.448
2.448
0
1.224
0
0
1.224
1.224
0
1.224
0
2.448
0
0.4
0.1
0
0
0
1.524
2.448
0
0
3.772
1.224
1.836
2.448
1.324
1.224
0.2
0.1
0
0.1
0
2.448
0.2
0
1.224
0
0.2
2.448
0
1.224
0
1.324
1.224
1.224
0
0
0
0
1.224
1.324
0.1
1.424
0
1.624
1.224
2.448
0.7
1.224
1.224
0
1.224
0.1
1.624
0.1
0
1.524
1.224
0
1.224
0.1
0.1
0.1
0.1
3.06
0.1
1.324
1.224
2.748
1.224
1.224
1.224
0
1.324
0
1.224
1.224
0.1
1.224
2.648
1.224
1.324
0
1.224
2.448
0
1.424
0
1.224
0.1
1.324
0
0
2.848
2.448
0
0
0.1
1.224
1.224
1.224
1.524
1.224
1.424
1.324
0
0
0
1.224
1.224
1.424
1.224
0.1
1.324
0
1.224
0.1
1.324
0.1
0
1.324
0
1.324
1.324
1.224
1.324
1.224
1.324
1.324
0
1.224
0
2.548
4.384
2.648
4.284
2.448
0
2.448
0
2.648
0
0
0
1.224
0
0.1
1.224
0
0.3
0
0.3
0
2.548
0
1.836
1.836
4.384
0
0
1.324
4.384
1.224
0
1.224
4.384
0
0
3.048
2.448
1.224
3.06
1.224
3.16
0.2
1.224
0
0.3
3.772
2.648
0
1.224
3.06
1.836
1.936
1.324
0
1.224
1.224
0.1
1.224
3.06
1.224
3.672
0.1
1.324
2.448
2.448
3.16
1.224
1.324
2.448
0.1
1.224
1.224
0
2.848
2.448
3.872
0.2
1.224
1.224
1.224
1.836
6.32
2.448
4.384
3.06
1.836
0
2.448
1.836
4.896
4.896
2.448
6.608
1.324
2.548
4.996
2.448
4.896
2.448
3.672
0
2.448
3.06
1.224
0
0
0
0.4
0.1
0
2.848
1.324
2.648
