0
0
3.772
4.384
3.672
0
0
1.224
0
0
0
1.224
0
0
0.1
0
0
1.224
1.224
1.224
2.448
2.548
1.224
1.224
1.836
1.224
1.224
3.672
4.896
3.672
1.224
2.448
0.2
0
0
0
0
0
0
0.1
0
1.224
0
0
0.1
1.224
0
0
0
2.448
1.224
0
2.448
0
0
1.224
0
0
0
1.324
0.1
0
0
1.224
0
0.1
0
0
1.224
0
0.1
1.324
0
0
1.224
0.1
0
0
0
0
2.448
0
1.224
0
0
0
0
0
1.224
1.224
0
1.224
0
0
0
1.224
1.224
0
1.224
1.224
0
0
0
0
3.06
0
0
0
0
0
0
0
0
1.224
0
0.1
0
1.224
0
0
0.3
0
1.224
0
0
0
0
1.224
0
1.224
0.1
0
0
0
1.224
0
1.224
1.224
1.224
0.1
0
1.224
0
1.224
0
0
1.224
0
0
0
1.224
0
0
0.1
0
0
0
0.1
0
0
0
0
0
0
0
0
1.224
0
0
1.424
0
0
1.224
0
1.224
2.448
1.836
1.836
2.448
0
0
1.224
0
2.448
0
2.548
1.224
1.224
0
2.448
0
1.224
0.1
1.224
1.224
1.224
1.224
0
1.224
1.324
0
1.224
0
1.224
0
0
0
1.224
2.448
1.224
2.448
0
1.324
0
0
0.1
0
0
0
3.06
0
2.548
2.448
3.672
3.672
2.448
2.448
2.448
3.672
2.448
3.872
3.672
1.224
1.836
4.484
0
2.648
1.224
1.224
1.224
1.836
1.224
3.16
1.224
0
3.06
1.836
3.06
3.06
3.772
3.06
1.836
3.06
1.836
3.06
3.06
1.836
1.836
4.284
3.06
7.444
1.836
1.836
1.836
4.284
1.836
1.936
4.284
3.06
5.508
1.836
1.836
3.06
4.284
1.836
3.06
4.284
1.836
3.06
1.836
4.284
3.06
5.508
5.508
5.508
1.836
3.06
3.06
4.284
4.284
4.284
5.508
1.836
0.1
0
0
1.224
0
0
0
1.224
0
0
0
0
0
0.1
0
1.324
0
3.06
0
1.224
1.224
1.224
2.448
0
1.224
0
1.224
0
0
0.1
0.1
0
0
0
1.224
0
0
1.424
1.224
1.224
3.06
3.06
0
0
0
0.1
0
0
1.224
0
0
0
3.16
1.224
4.284
0.1
0
1.224
0
0.1
0.2
1.224
1.836
0
0
1.224
1.224
1.224
0
1.224
1.224
1.224
0
3.16
2.448
1.836
2.448
2.448
1.224
4.384
3.06
1.224
0
1.224
0
0
0
2.448
2.548
2.448
1.836
2.448
1.224
3.672
2.448
1.224
3.06
1.224
3.672
6.12
4.284
6.12
1.224
1.836
2.448
1.224
2.448
3.672
5.608
1.224
2.448
2.448
3.672
3.672
3.672
5.508
3.672
1.224
2.448
2.448
2.448
3.672
1.224
1.224
2.448
2.448
1.224
3.672
3.672
2.448
2.448
1.224
5.508
2.448
2.448
5.508
5.708
4.284
1.224
4.284
3.06
6.732
2.448
1.224
1.324
2.548
2.548
5.508
2.448
2.448
2.448
2.448
5.508
2.448
2.448
5.508
2.448
2.448
1.224
2.448
2.548
1.224
2.448
2.548
2.448
3.06
5.808
2.448
2.448
2.448
3.26
5.508
1.224
1.224
2.648
1.324
2.448
2.448
1.224
1.224
4.284
3.672
2.648
2.448
2.448
1.224
2.648
2.448
1.224
1.224
1.224
2.448
1.224
3.672
4.284
2.448
2.448
1.224
2.448
5.708
5.508
2.448
2.448
2.448
3.672
4.896
3.672
1.224
2.448
3.16
1.224
3.06
2.448
5.508
4.484
2.448
2.448
1.224
3.672
3.672
2.448
3.672
5.508
2.448
2.448
5.508
1.224
1.424
2.448
1.224
5.508
2.448
4.896
4.384
2.448
3.672
1.224
3.672
3.672
3.672
2.448
1.224
3.672
1.224
1.224
2.548
1.224
2.448
2.448
2.448
2.448
4.284
2.448
5.608
3.772
3.672
1.224
2.448
1.224
5.508
2.448
1.224
3.16
2.448
3.672
2.448
1.224
2.448
1.224
1.224
1.224
1.224
2.448
2.548
4.284
3.672
3.672
2.448
1.224
2.448
4.284
2.448
2.448
2.448
3.672
2.448
1.224
2.548
2.548
2.448
1.224
1.224
2.448
3.672
1.224
2.448
4.384
2.548
3.672
1.224
4.484
1.224
1.224
2.448
2.548
2.448
3.672
1.224
2.448
3.672
1.224
3.672
2.448
2.548
2.448
2.448
2.448
1.224
2.548
5.808
1.224
1.224
4.284
1.224
3.16
1.224
3.672
3.672
2.448
3.06
1.224
4.284
2.448
4.284
6.732
3.672
3.06
3.06
4.384
4.284
4.284
2.448
3.672
5.608
2.448
3.06
5.508
2.448
6.732
1.224
1.224
4.284
2.448
1.224
3.36
2.448
4.384
1.224
1.224
1.224
3.26
3.672
4.896
3.672
6.832
2.448
1.224
3.672
3.26
4.996
4.284
2.448
2.448
1.224
4.284
3.672
1.224
3.672
3.672
3.672
3.672
4.384
1.224
3.672
2.448
4.384
3.672
3.06
4.284
2.548
1.224
6.732
2.448
3.672
3.672
4.384
1.224
3.672
3.06
2.448
2.448
2.448
3.26
2.448
1.324
3.672
3.672
4.896
4.284
2.448
2.448
3.672
2.448
1.224
2.448
4.284
1.224
5.508
1.224
3.672
2.448
1.224
1.224
2.448
3.672
2.448
2.448
1.224
3.672
4.284
1.324
1.224
3.16
1.224
3.672
5.508
2.448
1.324
2.448
3.06
6.832
2.448
5.608
2.448
5.508
4.284
2.448
3.772
4.384
2.448
2.448
2.448
3.672
3.672
4.284
4.384
1.224
1.224
5.508
2.448
2.448
3.672
2.448
3.672
1.424
3.672
1.224
1.224
1.224
4.896
2.448
1.224
2.448
3.672
2.448
3.772
2.548
2.548
3.772
1.224
2.448
2.448
1.224
3.672
4.996
3.672
1.224
4.284
4.284
3.672
1.224
2.448
5.508
2.448
3.672
1.224
2.448
2.548
3.672
6.732
2.448
2.548
3.06
3.672
2.448
2.448
2.548
3.772
1.224
4.284
2.448
2.448
1.224
2.448
1.224
5.708
3.772
1.224
3.772
5.508
5.608
4.896
2.448
2.448
2.448
3.672
3.672
2.448
3.672
5.508
4.284
3.672
1.224
1.224
1.224
1.224
3.672
1.224
1.224
4.484
5.508
1.224
5.508
1.224
1.224
1.224
1.224
3.06
1.224
2.548
3.672
3.672
2.448
3.672
2.448
1.224
2.448
2.448
2.448
3.672
3.672
3.06
4.896
3.772
1.224
1.224
2.448
3.672
3.672
2.448
2.448
2.448
1.224
2.448
3.672
1.224
3.672
3.672
2.448
3.672
5.508
2.448
6.732
3.16
4.284
1.224
5.508
2.448
5.508
2.448
2.448
2.448
5.508
2.448
1.224
2.448
4.284
4.896
3.672
2.548
3.06
2.448
2.448
1.224
1.224
2.448
2.448
2.448
3.06
2.448
1.224
1.224
2.448
4.484
2.448
1.224
1.224
4.284
2.448
1.224
2.448
3.672
1.224
3.772
3.672
1.224
1.224
2.448
5.608
5.608
2.448
4.896
4.284
3.672
3.672
3.672
3.672
2.448
3.772
3.772
3.672
1.224
5.508
3.672
2.548
3.672
3.672
3.672
3.672
3.672
3.672
6.732
3.672
3.672
2.448
8.668
8.568
9.168
5.508
4.384
4.284
5.608
1.224
1.224
1.224
3.06
2.448
4.384
3.872
5.608
3.672
3.672
2.648
2.448
2.448
4.284
3.772
4.284
4.284
2.548
2.448
3.672
2.448
3.672
3.672
3.672
3.672
2.448
3.672
5.708
1.224
4.896
1.224
4.896
4.896
3.772
3.672
4.896
3.772
4.996
2.448
6.12
6.12
4.996
3.16
1.224
2.548
2.448
2.448
3.16
2.448
1.224
2.448
0
1.324
4.284
0
2.448
1.836
0.2
1.224
0.1
0
4.284
4.384
1.224
2.448
0
0
0
1.224
0
0
1.224
0
0
1.224
1.224
1.224
1.224
0
1.424
1.324
0
1.224
0
0
1.224
0
0
0
1.224
1.224
0
1.224
0
1.936
1.224
0
0
1.224
1.224
1.224
1.224
1.424
0
1.224
0.1
1.224
0
2.448
0
0
1.224
1.224
0
1.836
0
3.06
2.448
1.224
1.224
0
0
0
0
0
0
0
1.224
1.224
0.1
1.224
1.224
0.1
1.324
2.448
1.224
0
2.448
1.224
1.224
0
0
2.448
1.224
1.224
1.224
1.224
1.224
0
0
1.224
1.324
1.224
0
1.224
1.836
1.224
0
1.224
2.448
0
0
0
0.1
0
0
0
1.224
2.448
1.224
0
1.224
1.224
1.224
1.224
0
0
1.324
0.1
1.224
1.224
1.324
1.224
1.224
1.224
0
1.224
1.224
0
1.224
1.224
0
0
0
1.224
2.448
0
0
0
1.224
0
1.224
1.224
1.224
0
0
1.224
0
0.1
1.224
1.224
1.224
1.224
1.324
1.224
0
1.224
0.1
0
0
1.224
1.224
1.224
1.224
1.224
0
0
0
1.224
0
1.836
0
0
1.224
1.224
1.224
0
1.224
1.224
0
2.448
1.224
0
1.224
0
1.224
0
0
1.224
0
0
1.224
2.548
1.224
2.448
1.224
1.224
0.3
1.224
0
2.448
0
1.224
1.224
0
0
0
0.1
0
0
1.224
1.424
1.224
1.224
1.224
0
2.448
1.224
1.224
1.224
0
1.224
1.224
0
0
1.324
0
1.224
1.224
1.224
1.224
1.224
0
1.224
0
1.224
0
0
0
1.224
0.2
0
0
0
0
0
1.224
1.224
0
1.224
2.548
0
0
0
0
0
1.224
0
1.224
0
0
0.2
1.224
1.224
2.448
0
1.224
1.224
1.224
2.448
1.224
0
1.324
1.224
1.224
1.324
1.324
1.224
1.224
1.224
1.224
0
1.224
0
0
1.224
1.224
1.224
1.224
0
0
0
0.1
0
0
1.224
0
2.448
0.1
1.224
0
0
1.224
1.424
0
0
0
2.448
0
1.224
2.448
2.448
0
1.224
0
1.224
0
1.224
0
1.224
1.224
1.224
1.324
1.224
0
1.224
0
0
0
1.224
1.224
1.224
0
1.224
1.224
1.224
0
0
0
0
1.224
1.224
0
0
1.224
0
0
0
0
3.672
0
0
2.448
1.324
1.224
1.224
0
1.224
1.224
1.224
1.224
0
0
1.224
0
0
1.224
0
1.224
1.224
2.448
0
1.224
1.224
2.448
1.224
1.224
0
2.448
0
0
1.224
1.224
0
1.224
0
1.224
0
0
1.836
1.224
1.224
0
1.324
1.224
1.224
0
1.224
1.836
0
0
2.448
0
2.448
1.224
0
1.224
0.1
0
0
2.448
2.448
0.1
0
1.224
1.324
0
0
1.224
0
1.224
0
0
0
1.224
1.224
0
0
1.224
2.448
1.224
0
2.448
1.224
1.224
0
1.224
0
0
1.224
0
0
2.448
1.224
2.448
0
1.324
1.224
0
1.224
1.224
0
0
1.224
0
0
1.224
0
0
1.224
0.1
1.224
0
1.224
1.224
1.224
0
1.224
2.448
1.224
1.224
1.224
1.224
0
1.224
2.448
0
1.224
0
0
1.224
0
1.224
0
0
0.2
0
1.224
0
0
1.224
0
1.224
0
1.224
0
1.224
0.1
0
1.224
0
0
1.224
0
1.224
0
0
0
0
0
1.224
0.1
0
0
1.324
0
1.224
0
0
1.224
0
1.224
2.448
1.836
0
0
0
1.224
1.324
1.224
0
1.224
0
2.448
0
1.224
1.324
2.448
1.224
0
1.224
1.224
1.224
1.324
0
1.224
2.448
0
0
1.224
0
0
1.224
1.224
0
1.224
0.1
1.224
0
1.224
0
2.448
1.224
0
0
1.224
1.224
1.224
0
1.224
0
0
0.1
1.324
1.224
0
0
1.224
2.448
0
1.224
0
0
0
1.324
2.548
1.224
1.224
1.224
0
0
0
0
1.224
0
0
0
0.1
1.224
1.224
1.324
1.224
2.448
1.224
2.448
1.224
0
2.448
1.224
0
0.1
0
2.448
2.448
0
1.224
0
0
1.224
1.224
0
1.224
0
2.448
0
0.2
0
0
0
0
1.224
2.448
0
0
3.672
1.224
1.836
2.448
1.324
1.224
0
0
0
0
0
2.448
0.1
0
1.224
0
0
2.448
0
1.224
0
1.224
1.224
1.224
0
0
0
0
1.224
1.224
0
1.224
0
1.224
1.224
2.448
0.2
1.224
1.224
0
1.224
0
1.224
0
0
1.224
1.224
0
1.224
0
0.1
0
0
3.06
0
1.224
1.224
2.448
1.224
1.324
1.224
0
1.224
0
1.324
1.224
0
1.224
2.448
1.224
1.224
0
1.224
2.448
0
1.224
0
1.224
0
1.224
0
0
2.448
2.448
0
0
0
1.224
1.224
1.224
1.224
1.224
1.224
1.224
0
0
0
1.224
1.224
1.224
1.224
0
1.224
0
1.224
0
1.224
0
0.1
1.224
0
1.224
1.224
1.224
1.324
1.224
1.324
1.224
0
1.324
0
2.448
4.284
2.448
4.284
2.448
0
2.448
0
2.548
0
0
0
1.224
0
0
1.224
0
0.1
0
0.1
0
2.448
0
1.836
1.836
4.284
0
0
1.224
4.284
1.224
0
1.224
4.284
0
0
2.748
2.648
1.224
3.06
1.424
3.16
0.3
1.324
0
0.2
3.672
2.448
0
1.224
3.06
1.836
1.936
1.224
0
1.224
1.224
0
1.224
3.06
1.224
3.672
0.2
1.224
2.448
2.548
3.06
1.224
1.224
2.448
0
1.224
1.224
0
2.648
2.448
3.672
0.1
1.224
1.224
1.224
1.836
6.42
2.448
4.384
3.16
1.836
0
2.448
1.936
4.896
4.896
2.448
5.508
1.224
2.448
4.896
2.448
4.896
2.448
3.672
0
2.448
3.06
1.224
0
0
0
0
0
0
2.648
1.424
2.548
