0.2
0
4.072
2.548
3.872
0
0
1.224
0.2
0
0.1
1.224
0
0.3
0.3
0
0
1.224
1.224
1.224
1.424
1.424
1.224
1.224
0.2
1.224
1.224
2.448
3.672
2.448
1.224
2.448
0.1
0
0
0.1
0
0.2
0
0.1
0
1.724
0
0
0
1.224
0
0
0.1
1.224
1.324
0
1.324
0
0
1.224
0.1
0.1
0.2
1.224
0.5
0.2
0
1.324
0.3
0.1
0
0
1.424
0.8
0.1
1.624
0.1
0
2.024
0.3
0
0
0
0.1
2.748
0.2
1.224
0
0
0
0
0
1.224
1.524
0
1.324
0.1
0
0
1.424
1.224
0
1.224
1.224
0
0.1
0.1
0
1.224
0
0
0.4
0.1
0
0.2
0
0
1.224
0
0.1
0.1
1.224
0
0
0.9
0
1.224
0.5
0.1
0
0
1.224
0
1.324
0.1
0
0
0
1.624
0.2
1.224
1.224
1.324
0.3
0
1.224
0
1.324
0
0
1.224
0
0
0.1
1.224
0.1
0
0
0.1
0.1
0.1
0
0.2
0.1
0
0
0
0
0
0
1.424
0.1
0
2.324
0
0.3
1.224
0.1
1.224
2.848
1.836
1.836
1.224
0.2
0.2
1.324
0
2.448
0.2
2.848
1.724
1.224
0
2.548
0.1
1.324
0.2
1.224
1.224
1.224
1.224
0.2
1.224
1.524
0.2
1.224
0
0.2
0.5
0
0
1.424
2.648
1.324
2.448
0
1.724
0
0
0.6
0
0.4
0
1.836
0
2.748
3.048
3.672
3.672
2.448
2.448
2.448
3.972
2.448
3.672
3.672
1.224
0
2.448
0
2.948
1.224
0
1.424
0
1.924
1.224
1.224
0
3.06
1.836
3.06
3.06
2.536
1.836
1.936
1.836
1.836
3.06
3.16
1.836
1.936
4.384
3.36
4.284
1.836
1.836
2.036
4.284
1.836
2.236
4.284
1.836
4.284
1.836
2.036
1.836
4.284
2.336
1.836
4.284
1.836
3.16
1.836
4.284
3.06
5.708
5.508
5.608
1.836
3.06
3.06
3.26
3.06
3.06
5.508
1.836
0.5
0
0
1.224
0.1
0
0
1.324
0.1
0.1
0.1
0
0
0.2
0.1
1.224
0.1
1.224
0
1.224
1.224
1.224
2.548
0
1.224
0
1.324
0
0
0.1
0
0.1
0
0
1.224
0
0
1.424
1.324
1.224
1.324
1.324
0
0.1
0
0.4
0
0
1.224
0.5
0.2
0.1
1.324
1.424
2.448
0.1
0
1.524
0
0.5
1.1
1.224
0
0
0
1.224
1.624
1.224
0
1.224
1.224
1.224
0
1.224
2.448
0.2
2.448
2.448
1.324
1.224
1.324
1.224
0
1.724
0
0
0
2.448
3.248
2.448
1.836
2.448
1.324
3.672
3.248
1.324
1.224
1.224
3.672
4.684
4.284
4.284
1.424
1.936
1.324
1.224
2.448
3.672
3.672
1.224
2.648
2.448
2.448
3.672
3.672
2.648
3.772
1.624
2.648
2.748
1.324
2.448
1.424
1.224
2.448
2.548
1.324
2.548
3.772
2.448
2.448
1.224
2.548
2.448
2.448
2.648
3.872
2.448
1.224
2.448
1.224
4.072
2.748
1.324
1.524
2.548
2.448
3.672
2.548
2.448
2.448
2.548
3.672
2.448
2.448
2.548
2.548
2.448
1.224
2.448
2.648
1.224
1.424
1.524
2.548
1.224
3.872
2.448
2.548
2.448
1.324
3.772
1.424
1.324
3.348
1.524
2.448
2.648
1.624
1.224
2.448
3.872
2.848
2.548
2.448
1.224
2.648
2.448
1.224
1.224
1.224
2.548
1.224
3.772
2.648
2.648
2.448
1.224
2.448
3.772
3.672
1.324
1.224
2.448
2.448
3.972
3.672
1.324
2.648
1.524
1.224
1.224
2.448
3.672
2.548
2.448
1.224
1.224
4.072
3.672
2.448
3.672
3.672
2.448
2.448
3.672
1.224
1.624
2.448
1.224
2.448
2.448
4.072
2.648
2.448
2.448
1.224
3.672
3.972
4.172
2.448
1.324
3.672
1.224
1.224
2.448
1.324
2.648
2.548
2.448
1.224
2.448
2.548
3.872
4.072
2.448
1.224
1.224
1.224
3.672
2.948
1.224
1.324
2.548
3.872
2.448
1.224
2.548
1.224
1.224
1.224
1.424
2.448
1.224
2.648
2.648
3.772
2.448
1.224
2.448
2.448
2.548
1.224
2.448
2.448
2.448
1.424
2.548
2.448
2.448
1.224
1.224
2.548
3.672
1.224
2.448
2.548
2.448
3.672
1.224
1.424
1.224
1.224
2.448
2.448
1.324
3.672
1.224
2.448
2.548
1.224
3.672
2.548
2.648
2.648
2.448
2.448
1.224
2.448
2.648
1.324
1.224
1.324
1.224
1.324
1.824
3.672
3.672
2.448
1.224
1.324
2.548
2.448
2.448
3.872
3.872
1.224
1.224
2.448
1.324
2.548
2.448
2.448
3.672
2.448
1.224
2.448
2.648
3.672
1.224
1.224
2.548
2.448
1.224
1.524
2.448
2.548
1.224
1.224
1.324
1.524
2.448
3.672
2.548
3.672
2.448
1.324
4.172
1.324
3.772
2.448
1.324
2.448
1.224
2.448
3.872
1.224
3.672
2.448
3.872
3.672
2.648
1.224
3.672
2.548
2.548
3.972
1.224
2.448
2.648
1.224
3.772
2.448
2.448
3.672
2.448
1.324
3.872
1.224
2.448
2.448
2.448
1.324
2.448
1.324
2.448
3.672
3.672
2.448
2.448
2.448
3.772
1.424
1.224
2.648
2.648
1.224
3.772
1.224
3.672
2.448
1.224
1.324
2.448
3.872
2.548
2.448
1.324
3.772
2.548
1.224
1.324
1.324
1.224
2.448
3.672
2.648
1.424
2.448
1.324
3.672
2.448
3.672
2.448
3.672
2.448
2.448
3.772
1.224
2.748
2.448
2.548
3.672
3.672
2.548
2.848
1.224
1.824
2.548
2.648
2.448
3.672
2.548
3.672
1.924
4.072
1.424
1.324
1.224
3.772
2.448
1.224
2.448
2.448
2.448
2.648
2.448
2.548
3.772
1.224
2.448
2.448
1.224
3.672
3.672
3.672
1.224
2.448
2.448
3.872
1.224
2.448
3.672
2.448
2.548
1.224
2.648
2.548
2.548
3.672
2.448
2.448
1.224
3.872
1.224
2.448
2.948
3.672
1.324
2.448
2.648
2.448
1.224
2.648
1.224
3.772
3.672
1.224
3.872
3.672
3.672
3.772
2.448
2.448
2.448
3.672
2.548
2.448
3.772
3.772
1.224
3.672
1.224
1.224
1.224
1.224
3.672
1.224
1.224
2.548
3.672
1.224
3.672
1.224
1.224
1.324
1.224
1.224
1.324
2.448
3.772
3.672
2.448
3.672
2.448
1.224
2.448
2.448
2.448
3.772
3.672
1.224
3.772
3.972
1.224
1.224
2.448
2.448
2.648
2.448
2.448
2.648
1.324
1.224
4.272
1.224
3.672
3.672
2.448
3.672
3.672
2.448
4.272
1.624
1.424
1.324
3.772
2.448
2.448
2.448
2.448
2.448
2.448
2.448
1.324
2.448
2.448
3.772
3.672
1.524
1.224
2.448
2.448
1.224
1.224
2.448
1.224
1.424
1.324
2.448
1.224
1.224
2.648
2.748
2.748
1.224
1.224
2.448
2.448
1.224
2.648
3.672
1.224
4.072
2.448
1.324
1.224
2.448
3.872
4.472
2.448
3.672
2.648
3.672
2.448
3.672
3.872
2.448
4.072
4.072
2.648
1.324
3.672
3.672
2.748
3.772
3.872
3.772
2.448
2.448
2.448
3.672
2.448
3.672
2.448
5.708
5.808
5.508
8.508
4.584
4.284
5.908
1.224
1.324
1.224
1.224
2.448
2.448
2.648
3.772
3.972
3.672
2.648
2.448
2.448
2.548
2.448
2.548
4.384
2.448
2.448
3.772
2.548
2.448
2.548
2.548
2.448
2.748
2.448
2.448
1.224
3.772
1.224
3.772
3.972
2.548
2.548
3.772
3.972
4.172
2.648
3.06
3.06
3.772
1.324
1.224
2.448
2.848
2.648
0.1
1.224
1.224
1.224
0
1.324
2.448
0
1.324
0
0.5
0
0.3
0
4.384
2.448
1.424
2.448
0.2
0
0.2
1.224
0
0.1
1.224
0
0
1.224
0
0.1
1.324
0
1.524
1.324
0
1.224
0
0
1.424
0
0
0
1.324
1.224
0
1.424
0.1
0.2
1.224
0
0
1.224
1.224
1.324
1.324
2.724
0.1
1.224
0
1.324
0.5
1.224
0
0
1.524
1.324
0
0
0
3.06
2.448
1.524
1.424
0.1
0
0
0
0
0.2
0.2
1.224
1.224
0.1
1.224
1.324
0
1.424
1.424
1.224
0.1
2.948
1.224
1.224
0
0
2.448
1.224
1.224
1.224
1.224
1.224
0.1
0.1
1.524
1.324
1.224
0
1.424
0
1.224
0
1.224
2.448
0.1
0
0
0.1
0
0
0.2
1.324
1.224
1.324
0
1.524
1.224
1.224
1.224
0
0
1.324
0.1
1.324
1.224
1.224
1.224
1.324
1.224
0.2
1.224
1.424
0
1.224
1.224
0
0
0
1.324
1.324
0
0
0
1.224
0
1.224
1.224
1.224
0
0
1.224
0
0
1.224
1.324
1.324
1.424
1.324
1.624
0.1
1.224
0
0
0
1.224
1.524
1.224
1.324
1.224
0.1
0.1
0
1.324
0
0
0
0
1.324
1.224
1.324
0
1.224
1.224
0
1.224
1.224
0
1.424
0.1
1.224
0.4
0
1.324
0.1
0
1.424
1.224
1.424
2.548
1.224
1.224
0.7
1.224
0
1.324
0
1.224
1.224
0
0.1
0
0.4
0.1
0
1.324
1.224
1.224
1.224
1.324
0
2.648
1.224
1.224
1.224
0.2
1.224
1.224
0
0
1.324
0
1.224
1.224
1.224
1.324
1.324
0.2
1.224
0.2
1.224
0.1
0
0
1.224
0.6
0.1
0
0
0
0.1
1.324
1.424
0.2
1.324
2.648
0
0.1
0
0
0.1
1.324
0
1.224
0
0.5
0.2
1.224
1.324
1.224
0
1.324
1.224
1.224
2.448
1.324
0
1.324
1.224
1.224
1.324
1.224
1.324
1.324
1.224
1.224
0
1.224
0
0
1.224
1.224
1.324
1.324
0
0.1
0
0
0
0
1.224
0.1
1.224
0.2
1.224
0.1
0
1.224
1.624
0
0
0
2.448
0.1
1.224
1.224
1.424
0
1.224
0
1.424
0.1
1.224
0
1.224
1.324
1.224
1.224
1.224
0.5
1.324
0
0
0
1.224
1.224
1.324
0
1.224
1.224
1.224
0.4
0.2
0
0
1.324
1.424
0
0
1.424
0.1
0
0
0
2.448
0
0
2.548
1.224
1.324
1.224
0
1.224
1.224
1.324
1.224
0
0.1
1.224
0.4
0
1.224
0
1.224
1.224
2.448
0
1.224
1.224
2.448
1.224
1.324
0
2.648
0
0.1
1.224
1.224
0
1.224
0
1.224
0.1
0.1
0
1.224
1.224
0
1.224
1.224
1.424
0
1.224
0.2
0
0
2.548
0
1.324
1.224
0.4
1.324
0.3
0.1
0.1
2.548
1.324
0.2
0
1.224
1.324
0
0
1.224
0
0
0
0
0
1.324
1.224
0
0
1.224
1.324
1.224
0.2
1.224
1.424
1.524
0
1.424
0
0.1
1.324
0
0.1
2.448
1.224
2.448
0
1.624
1.224
0.2
1.224
1.224
0.2
0
1.224
0
0
1.324
0.1
0
1.224
0.4
1.324
0
1.224
1.224
1.324
0
1.224
2.448
1.224
1.224
1.324
1.224
0.1
1.524
1.224
0
1.224
0
0
1.224
0
1.224
0
0
0
0.3
1.224
0
0
1.224
0
1.224
0
1.224
0.2
1.224
0
0
1.224
0.1
0
1.224
0
1.324
0.1
0
0
0
0
1.224
0.3
0
0
1.324
0.1
1.224
0
0.2
1.424
0
1.224
2.548
0
0.1
0
0
1.324
1.424
1.224
0
1.324
0
2.548
0
1.224
1.324
2.548
1.224
0
1.224
1.424
1.324
1.224
0.1
1.224
2.548
0
0
1.224
0
0
1.224
1.224
0.1
1.224
0.1
1.524
0.1
1.424
0.1
1.224
1.224
0
0
1.324
1.324
1.224
0
1.324
0.3
0
0.2
1.324
1.224
0
0.1
1.224
2.548
0.1
1.224
0
0
0
1.224
2.448
1.224
1.324
1.224
0
0
0
0
1.324
0.1
0
0.1
0.2
1.424
1.624
1.424
1.224
1.224
1.224
2.448
1.224
0
2.448
1.224
0
0.1
0
2.448
2.448
0
1.424
0.1
0
1.324
1.224
0
1.224
0
2.448
0.1
0.4
0
0.2
0
0.4
1.524
2.448
0
0.1
2.748
1.224
0
2.448
1.424
1.224
0
0.2
0.1
0.1
0
2.548
0
0
1.424
0
0.6
2.448
0
1.224
0
1.324
1.224
1.324
0
0
0
0
1.324
1.224
0
1.224
0.3
1.524
1.224
1.224
0.6
1.224
1.224
0
1.224
0.4
1.624
0.2
0
1.424
1.224
0
1.324
0
0.1
0.2
0.4
1.424
0
1.324
1.224
3.348
1.324
1.224
1.224
0.1
1.324
0
1.524
1.324
0
1.224
2.448
1.224
1.324
0
1.324
1.324
0.1
1.224
0.1
1.224
0.3
1.324
0
0
1.624
1.324
0.1
0.1
0.2
1.224
1.324
1.224
1.724
1.324
1.324
1.324
0.5
0.1
0
1.224
1.424
1.424
1.224
0
1.224
0.4
1.224
0
1.224
0.3
0
1.224
0
1.924
1.224
1.224
1.324
1.324
1.524
1.624
0.1
1.224
0
1.424
4.584
2.648
2.448
2.448
0
1.224
0
1.224
0
0
0
1.224
0
0
1.224
0
0.3
0
0.8
0.1
1.324
0
1.836
1.836
2.448
0
0
1.424
1.224
1.224
0
1.224
1.424
0
0
3.348
1.324
1.224
0
1.724
1.224
0.5
1.524
0
0.1
2.748
2.448
0
1.224
1.224
0
0
1.224
0
0
1.224
0
1.224
0.1
1.224
2.548
0
0
2.448
1.324
1.524
1.224
1.224
1.224
0
0.1
1.324
0.1
1.724
2.448
2.548
0
1.224
1.224
1.224
1.836
4.784
2.448
3.36
3.66
1.836
0
1.224
0.1
3.772
3.672
2.448
3.772
1.224
2.748
3.772
2.448
3.672
2.448
3.872
0
2.448
1.224
1.224
0
0
0.2
0.7
0.1
0
1.424
1.524
1.324
