0.7
0.3
3.748
3.748
3.872
0.2
0
1.224
0.1
0
0.2
0.1
1.224
3.1
2
0
1.224
1.224
1.224
1.624
0
0.5
1.224
1.224
0.7
1.524
1.624
2.748
2.448
2.548
1.424
1.224
5.7
0.2
1.524
1
0
0.1
0
0.6
0.1
1.1
0
0
0.2
0
0.3
1.624
0.2
0.2
0
0
0.9
1.324
0.1
1.224
1.324
1.224
0
1.1
5.524
2.124
0.2
2.324
1.2
0.5
1.324
1.324
0
4.424
0.4
2.424
1.324
0.1
4
1
1.324
0.1
1.324
0.1
2.524
1.224
0
1.324
0.1
1.224
1.224
0
1.324
4.148
0
1.224
1.424
1.224
1.224
0.2
0.4
1.224
1.224
1.224
0.1
1.824
2.724
0
1.324
0
0
2.1
1.324
0.3
1.424
1.424
0
1.324
0
0.3
0.3
2.448
0
0
7.024
0
1.324
1.624
1.424
0
0.1
0
0
1.724
0.6
0.1
1.624
0
0.4
1
0.1
1.324
0.3
1.4
0
2.548
1.224
0.5
1.224
1.224
0.2
1.624
0
1.324
0.1
0.1
0.2
0.1
0.6
0.8
1.924
0.1
1.7
0.2
0.1
1.424
0
1.324
0.2
1.224
1.324
1.224
0.6
5.924
1.224
2.024
1.324
0.1
1.424
1.924
3.26
3.06
0.1
0.2
0.2
1.624
0.2
2.448
2.4
2.748
0.7
1.224
1.224
2.548
0.4
0
0.4
2.024
1.224
0.3
0
0.7
1.224
2.524
3.36
3.06
1.836
3.06
4.036
3.06
1.836
2.336
3.56
3.16
3.06
1.936
3.26
3.06
1.836
9.86
1.836
6.46
1.836
4.896
3.06
3.16
5.26
4.284
4.284
3.36
3.06
3.06
4.884
4.284
4.384
4.284
1.324
0
1.324
0
7.248
0.2
0
0.1
0
1.4
0.4
1.224
1.324
3.06
3.16
4.284
2.036
3.436
1.836
3.56
3.16
3.06
3.36
1.836
3.06
6.46
3.36
2.036
3.06
3.06
2.036
2.636
3.06
3.06
3.836
3.06
1.836
3.06
1.836
2.236
1.836
3.16
7.96
1.836
3.06
3.06
4.996
4.896
5.508
4.284
6.208
4.284
7.744
2.036
3.672
3.672
3.16
1.936
1.836
4.284
3.06
6.024
0
0
1.324
0.6
1.524
0.2
1.824
1.324
0.4
0.5
0.5
1.224
2.524
1.524
1.324
1.624
2.648
1.224
1.324
1.224
1.324
1.424
0
0.5
0
0.2
0.2
0.3
1.1
0.8
2.024
0.1
1.324
1.324
0
1.224
3.924
2.748
1.224
0.6
0
1.224
0.1
0.1
3.4
0
1.224
0
5.724
1.824
1.1
0.3
0.2
1.224
3
1.424
0.3
1.724
4.024
7.324
1.224
0.1
0
1.424
1.224
2.524
0.4
0
0
0
1.224
0.1
1.224
1.224
0.1
1.324
1.224
0
1.324
0.1
1.224
1.324
4.748
0
0.1
0.1
1.524
2.524
4.284
3.06
2.448
1.824
2.548
1.724
1.424
1.424
1.224
4.284
6.984
5.708
4.784
0
3.672
1.524
1.224
2.448
2.548
2.448
1.224
3.248
2.448
1.224
3.672
3.672
1.624
2.548
3.324
1.824
3.672
1.324
2.648
2.848
1.424
2.448
3.872
2.848
1.224
2.648
1.624
3.348
1.524
1.324
2.448
2.448
2.124
3.048
3.772
3.848
1.424
1.224
2.648
2.748
1.324
5.048
1.624
2.648
2.448
2.548
3.772
2.848
2.448
2.548
3.672
2.448
1.524
1.324
2.648
1.224
2.448
2.748
2.548
1.224
1.724
3.772
1.424
3.948
1.224
2.548
1.224
1.724
2.548
2.648
1.424
5.024
1.624
2.448
2.224
7.424
1.224
2.548
2.548
2.024
3.948
3.672
1.624
3.048
2.548
1.224
1.224
1.624
2.548
1.424
3.772
3.448
2.548
2.448
1.324
3.672
2.448
3.772
1.424
1.224
2.448
1.224
3.248
2.548
1.324
3.148
1.724
1.224
1.224
2.448
2.648
3.548
2.448
2.448
1.324
3.772
2.648
1.224
2.448
3.772
2.548
1.324
2.448
2.448
6.648
1.224
2.448
1.224
2.448
3.348
3.648
2.548
2.448
1.224
2.448
2.548
3.148
1.224
1.424
3.872
1.224
1.724
1.424
1.924
3.248
2.548
4.172
1.224
2.448
1.424
3.048
3.048
2.448
1.224
1.224
1.624
3.148
1.324
1.324
1.324
1.224
3.048
1.224
1.324
3.972
1.524
2.548
2.448
3.848
1.224
2.948
1.724
1.224
2.548
1.224
1.224
2.448
2.548
1.324
1.224
2.548
1.224
1.224
4.924
2.124
2.448
2.648
1.224
1.324
1.224
2.448
1.324
2.448
1.324
1.424
2.648
2.448
2.224
1.324
2.448
1.224
1.324
1.424
2.448
2.548
2.448
3.772
1.224
2.448
2.748
3.148
1.524
2.448
2.448
1.324
3.872
2.624
2.548
1.324
1.924
1.324
1.224
4.524
2.648
2.448
2.548
1.424
2.124
2.548
2.448
2.648
2.848
2.948
1.324
1.424
2.548
1.324
1.424
2.548
2.448
2.548
2.648
1.324
1.324
2.748
2.548
1.224
2.448
1.524
2.448
1.424
1.424
2.448
1.424
2.448
1.324
1.424
2.024
1.424
2.448
1.324
2.448
2.448
1.324
4.648
1.224
3.048
1.224
2.448
2.448
1.224
2.448
3.872
1.224
2.448
1.324
2.548
2.448
2.948
1.224
3.672
1.724
1.624
3.148
1.224
2.548
3.048
1.224
2.648
2.448
1.224
3.972
1.324
1.524
2.948
1.224
2.448
3.672
1.324
1.524
3.672
1.724
2.448
2.548
2.448
1.424
2.548
4.072
3.672
1.824
1.324
1.624
2.124
1.324
2.448
2.448
2.448
2.448
2.448
1.324
2.448
2.748
1.324
2.448
1.624
2.748
1.524
2.548
1.324
1.224
1.224
2.448
2.548
2.548
5.224
1.324
1.224
2.448
2.448
2.448
2.448
2.448
1.524
2.448
2.748
2.448
1.624
4.472
1.224
2.748
2.448
2.448
1.524
2.448
1.324
1.324
4.172
2.448
2.648
1.224
3.672
6.024
4.148
1.724
2.124
2.648
3.872
2.448
1.224
1.324
1.224
2.448
1.424
3.772
1.824
2.848
1.224
3.672
2.448
1.224
2.448
2.848
2.548
1.324
1.324
1.224
2.748
1.424
3.672
2.448
1.224
3.248
2.548
2.848
5.748
1.324
2.448
2.548
4.172
1.324
2.548
2.548
2.848
8.472
2.648
1.324
1.224
1.324
1.224
1.224
5.372
2.448
2.748
2.548
1.224
2.848
2.448
2.548
2.548
2.448
2.448
1.224
2.448
1.224
2.448
3.872
2.448
1.324
3.672
1.224
1.324
1.224
1.324
2.748
2.448
2.548
2.648
2.448
1.324
2.648
1.224
1.324
1.424
1.224
1.224
2.748
2.548
2.948
2.648
2.548
3.672
2.548
1.224
3.672
2.648
3.672
3.148
2.448
1.324
2.448
4.872
2.748
1.224
1.324
1.424
1.224
1.524
2.448
1.524
1.624
1.224
4.872
2.648
2.448
3.772
2.548
3.872
2.448
1.324
3.248
3.548
1.224
1.624
2.448
2.448
1.224
1.324
2.648
1.324
1.324
2.548
2.024
2.648
1.324
2.648
2.448
1.524
1.324
2.548
3.772
1.324
2.448
2.548
1.424
1.224
1.524
3.872
2.648
2.748
3.548
2.648
1.324
2.448
1.624
2.448
1.224
2.448
1.424
3.672
1.324
2.648
1.224
1.724
2.748
2.448
3.248
3.148
1.324
5.508
4.284
5.508
3.16
5.508
7.684
5.508
6.608
5.708
3.56
4.384
4.384
5.508
6.108
5.708
4.384
4.584
3.06
3.06
3.06
4.384
3.16
5.508
1.224
4.584
4.684
4.384
4.584
19.644
7.344
5.908
2.548
1.424
1.224
1.224
2.548
2.848
3.148
4.484
2.748
2.548
4.372
2.448
3.672
1.224
1.224
1.424
5.508
4.472
4.172
2.448
1.924
1.324
1.224
3.148
2.848
3.772
1.324
1.224
2.448
3.772
2.448
2.448
3.648
1.424
1.524
2.948
2.548
6.084
4.784
3.06
3.06
4.372
1.824
1.224
1.324
3.224
1.924
0.7
0
1.224
0
1.524
2.024
1.724
1.224
1.224
0
1.7
0
5.024
0.1
3.16
1.324
2.224
1.324
1.2
0.2
0.5
0.1
0
3.824
0.5
1.224
0
0
0
0
1.324
0
7.748
0.2
0.3
0.2
0.1
1.424
0.2
1.224
1.224
0
0
0
0.1
2.524
2.424
0.3
0
0
0.3
1.324
0
0
0.3
3.2
0.2
0.2
0.5
0.1
2
1.224
0.1
0.1
0.9
0
2.424
0
0
3.16
1.224
0.9
0.1
0.6
0.1
0.1
0.1
1.224
0
1.524
1.224
0.3
0.8
0
0.7
0.1
1.624
0
0
1.524
1.524
1.424
1.224
0.2
1.424
2.548
0.1
0.3
2.548
0
0.2
0
0
1.4
0.3
0
1.224
0.1
0
0.7
1.224
0.1
2.448
0.3
1.424
1.224
1.424
0.1
0.4
3.224
0.4
0
1.224
0
1.724
0.1
0.1
0
1.224
1.424
1.724
0.7
0.2
0
0.6
0
0.1
1.424
1.724
0
0.3
0.1
0
1.224
0.3
1.224
1.224
0
0.1
0.1
1.224
0.2
1.424
1.224
0
2.448
0
0.2
1.224
0
1.224
0.1
0.2
1.424
0.1
0.1
0.2
0.5
0.6
0
1.3
0
0
0.2
0.8
1.424
2.548
1.224
1.7
1.624
0
1.224
0
0.1
0.5
0.4
0.1
0
0.1
0
0.1
0.1
1.224
0
1.224
1.224
0.1
1.7
0
0.4
0
0.2
1.424
1.524
0.6
0.3
1.524
1.324
0.1
0.1
7.524
0
0
0.1
1.224
0.2
0
1.324
1.324
0.1
0.5
1.224
0
0.1
0.2
0.1
0.4
0.6
0
2.748
1.324
0
0
0
0.1
0
0
0
0.1
0
0
1.424
1.424
1.324
0.3
0.5
2.024
1.624
0.2
0.1
0
0.1
0
4.024
0.7
0
1.224
1.824
0
1.324
0
1.524
0.4
1.324
0
1.224
0
1.324
1.524
0.2
1.224
0.4
0
0.4
4.024
2.448
0.2
0
1.324
0.2
0.6
0
1.324
1.324
0
0.1
1.324
0.1
0.4
1.424
0.2
0.1
0.1
1.224
1.324
0
0.3
0
0
0
0
1.524
1.224
0.1
0
0.5
0
0.1
1.4
0.6
0
1.724
0.2
1.724
1.224
0
1.2
0.2
0
1.224
1.324
1.224
1.324
0
1.424
0.2
1.224
1.224
0.1
0.1
0
1.4
2.548
0.1
0
1.224
0.4
0.8
1.624
0.1
0
1.224
0.3
0.1
0.2
1.324
0
0.1
2.548
0.2
1.424
0
0
0
0.1
0
0.4
0.1
0.3
1.324
0.1
0.1
1.224
0
1.224
2.948
0.1
0
0.1
0.2
2.448
0.1
0.1
0.1
0
0.4
0.2
0.3
1.324
1.224
1.224
0
1.224
1.224
0
0
0.1
2.448
0
0
1.224
2.024
0.1
1.324
1.224
0
1.424
0
1.424
1.224
0.4
1.224
0.2
2.448
0.3
0.1
0.5
0.2
0.1
1.224
0.2
0.1
0.7
0
1.224
0.2
1.424
0
0.6
0.3
1.1
0
0
2.648
1.224
0.9
0
0.2
0.6
0
0.1
0
1.324
0.1
0.1
1.224
0
0
0
0.1
0
0
0
0.1
0.1
0.4
2
0.4
1.424
0.6
0.1
1.224
1.324
0.5
0.5
1.224
0.2
2.448
0
0.3
0
0
0.1
1.224
4.124
0.1
0
0.3
0.1
1.324
2.024
1.724
1.324
1.624
0.2
0.6
0
0
2.124
1.224
1.224
2.124
0.1
0
2.548
0
1.224
0.8
0.3
0.1
0.1
1.224
1.224
0
1.224
0
1.224
0
0.8
0.5
0
0
0.1
0
0
0.1
1.324
1.224
1.2
0
1.324
0.2
0
0.1
0.1
0.1
0
1.224
1.224
1.224
0
0
0.2
0
5.724
0
1.224
0.3
1.2
1.224
1.224
0.2
0
0.2
0
1.224
0.2
0
0
0.1
1.324
1.1
0
0
0
1.224
1.224
0.2
0
1.324
2.548
0
1.524
0.1
0.7
1.324
1.224
0.2
1.224
1.324
0.1
0
2.448
1.224
1.224
0
0
0.4
0
2.124
1.3
0.1
0.4
0.2
0
0
0.1
0.1
1.224
0
0
0
0
0.2
1.224
2.224
1.624
0.1
0
0.5
0.2
2.948
0.4
0
0
0.1
0.1
1.724
2.948
1.424
1.424
0
0
0
0.2
0.1
0.3
0.1
0
0.2
0.5
0.4
1.724
0.9
0.1
0.1
1.424
2.448
0
0
1.324
1.224
0
0.1
0
1.224
2.448
0
0.2
1.424
1.224
0
1.224
1.224
0
0
1.724
1.424
3.124
1.324
2.624
0.1
1.524
1.3
2.648
1.224
1.224
2.224
0
0
1.324
0.3
0.1
0.1
0
0
0.1
0.4
1.624
0.3
0.2
1.724
0
1.2
1.224
0.1
0
0
0.1
0.5
0
1.624
0.1
0
0
0.3
0
0.1
0
0.1
0.7
0
0.3
1.9
0.1
0.1
0.2
1.324
1.624
2.824
0.9
0
0.3
0.1
0
0.7
1.324
2.124
0.3
0.1
0.2
0.2
0.4
0.5
5.048
0.1
0.1
0
1.224
0.5
0
0.7
0
0.1
0
2.324
0.1
0.7
0
0.1
2.324
0.2
0.2
1.224
0
2.924
1.324
0
0.1
0.7
0.5
0
0.2
0.2
0
1.524
1.224
2.324
0
1.424
0.5
0.8
0
0.1
1.224
0.2
1.4
2.448
0
0.5
0.5
1.324
0.2
0
1.824
1.224
0
0
0.5
1.924
1.224
0.5
1.424
0.5
0.6
0
0.5
0
1.524
3.06
1.524
1.224
1.224
1.224
0
0
0.5
1.224
1.224
0
1.224
0.4
0
0
0.3
4.3
1.224
4.9
0.2
0
0
3.16
3.06
2.448
0.1
0.2
1.724
0.1
2.024
1.224
1.324
0.1
0.1
0
8.048
1.424
1.224
0
0.8
0.5
7.724
1.5
1.224
3.2
1.324
1.424
0
0
0
0
0.4
2.548
1.424
0.1
1.224
0.1
2.448
0.3
1.224
1.424
0.5
0.3
1.324
2.648
0.4
1.324
1.524
1.224
1.424
0
1.624
0.2
3.048
1.224
1.324
0.2
2.448
0
1.936
4.872
6.296
4.284
2.036
2.736
1.936
1.224
1.224
0.1
2.548
3.772
1.924
2.748
1.524
2.848
2.848
2.948
3.672
5.508
3.772
1.224
1.224
2.448
1.324
0
1.224
0.3
4.1
0.5
0.2
2.324
5.724
2.024
