1.324
1.324
1.424
4.284
1.224
0
1.224
1.224
1.324
1.224
2.448
0
0
1.424
1.424
1.224
0
1.224
1.224
1.324
0
0
0
1.224
4.384
1.224
1.224
1.424
2.548
1.224
1.224
1.224
1.324
1.224
0
1.324
1.224
1.224
0
1.224
1.224
0.3
0
0
0
0
0
0
1.324
1.224
0
0
1.324
0
0
0
1.224
0
1.224
0.2
0.2
0
0
1.324
0
1.224
0
0
0
0.2
1.424
1.224
1.224
1.224
0.1
2.548
0
1.224
0
1.224
0
0
0
0
0
0
0
0
0
1.224
1.224
0
0
0
0
1.224
1.224
1.224
1.224
1.224
0
0
0
1.224
1.836
1.224
1.224
0.2
0.1
1.224
1.224
0
1.224
0
0
0
1.224
0
1.224
1.224
0.3
0
1.224
1.224
0
1.224
1.224
0
0
0
1.424
0
0
0
0
0
0
0
0
0
2.448
1.224
0
0.1
0
0
0
0.1
1.224
0
0
1.324
1.224
1.224
1.224
1.224
0
0
1.224
0
1.224
0
1.224
0
0
0
0
1.224
0
1.624
1.224
1.224
0
1.224
0
0
0
0
0
1.224
1.224
0
1.224
0
0
0
0.1
0
0
0
1.224
1.424
1.224
0
0
0
0
1.224
2.448
0
1.224
0
0
0
1.524
0
1.224
1.224
0
1.224
0
1.224
1.524
0
1.224
0
1.224
1.424
0
0
1.02
1.02
1.224
1.324
1.224
1.224
1.224
1.224
1.224
2.448
2.448
2.448
0
1.836
1.836
0
0.3
0
0
0
1.836
0.1
1.836
1.224
0
0.1
1.224
0
0
3.26
0
0
0
0
0
0
0
0.1
1.224
0
1.836
1.224
2.448
0.1
0
1.224
1.524
0
1.324
0
1.224
1.224
1.224
0
0
0
0
0
1.224
1.224
2.244
1.224
1.224
2.448
1.224
1.224
0
0
0
0
0
1.224
0
0
1.224
0
0
0
0
1.224
1.224
1.224
0
1.224
1.224
0
0
1.324
1.224
1.424
1.836
0
0
1.224
1.224
0
1.224
0
1.224
0
1.224
1.324
1.224
0
0.1
1.224
0
0
1.224
0
1.324
1.224
0
3.06
3.06
0
0
1.224
1.424
2.448
0
1.224
0
0
1.224
1.836
1.224
1.836
0
1.324
1.224
1.224
0.1
0.1
1.224
1.836
1.224
0
1.224
1.324
1.224
1.224
1.224
1.224
0
2.244
2.856
2.244
4.08
1.02
1.02
1.02
2.856
4.08
2.244
1.02
1.02
2.244
2.244
2.444
2.244
2.244
2.244
1.02
3.468
2.244
2.244
3.468
3.468
4.08
3.568
4.692
5.604
2.244
5.504
1.12
0
2.448
2.448
2.548
1.224
3.16
2.448
1.224
1.224
2.448
1.224
1.224
3.16
1.224
2.548
1.224
2.448
1.224
2.448
1.224
2.448
2.448
1.224
1.224
1.224
2.648
1.224
2.648
2.448
3.06
2.548
2.548
3.06
3.06
4.284
2.448
3.06
3.16
3.16
2.548
2.448
2.448
1.224
3.672
4.384
2.448
2.448
2.448
2.448
3.06
1.224
1.224
3.16
1.224
2.448
1.224
2.448
1.224
1.224
2.448
2.548
1.224
3.06
4.484
1.224
1.224
1.224
3.16
4.384
1.224
1.224
1.424
1.224
2.448
1.324
2.548
1.224
4.284
2.448
1.224
2.548
1.224
1.224
1.224
1.224
2.448
2.448
1.224
2.448
1.224
1.224
5.508
2.648
1.324
2.448
1.224
3.16
3.06
1.224
1.224
2.448
1.324
1.224
1.224
2.448
1.224
3.16
2.448
4.284
1.224
3.06
3.16
2.448
1.224
2.448
1.324
1.224
1.224
1.224
3.06
2.448
2.448
4.284
1.224
1.324
1.324
2.448
3.06
2.448
1.224
3.16
1.224
1.224
2.448
1.224
1.224
1.224
2.448
1.224
1.224
2.448
2.448
1.224
2.448
2.548
1.324
2.548
2.448
4.384
1.224
3.06
2.448
1.224
2.448
2.448
2.548
3.06
1.324
2.448
3.06
1.224
1.224
1.324
1.224
2.548
2.448
1.224
1.224
1.224
2.448
2.448
3.06
2.448
3.672
2.448
2.448
1.224
4.284
1.224
1.224
1.224
1.224
1.224
2.648
1.224
1.224
1.224
2.448
1.224
1.224
1.324
2.448
2.448
3.06
2.448
2.448
1.224
3.16
1.224
2.448
1.224
1.224
1.224
1.224
2.448
2.448
2.448
2.448
1.224
2.548
2.448
1.324
2.448
2.448
2.448
1.224
3.26
2.448
2.448
3.16
1.224
3.06
2.748
2.548
2.448
2.448
3.06
1.224
3.06
2.448
4.284
3.06
2.448
3.06
4.284
3.16
4.284
3.06
1.224
1.224
3.06
1.224
3.06
3.06
2.448
3.16
3.672
1.224
3.06
2.448
2.448
3.06
2.448
4.384
1.224
2.448
2.448
3.06
1.224
1.224
2.548
3.06
2.448
2.448
1.324
3.16
2.448
3.16
1.324
1.224
1.224
3.06
2.448
2.448
1.224
1.224
1.424
1.224
4.284
1.224
2.448
2.648
5.508
1.424
4.284
5.508
1.224
2.448
3.16
2.448
1.224
2.448
3.06
2.448
1.324
3.06
1.224
1.224
1.224
3.06
2.448
1.324
1.224
1.224
1.224
4.384
2.448
1.224
1.224
1.224
1.224
1.224
3.16
2.448
4.284
2.448
1.224
2.448
1.224
2.448
2.448
1.224
2.548
2.448
2.448
1.324
3.06
1.224
2.448
4.284
1.224
1.224
4.284
1.224
2.548
1.224
3.06
3.06
2.448
3.06
1.224
3.16
3.06
2.448
2.448
3.16
1.224
1.224
1.224
1.224
2.448
3.06
4.284
1.224
2.548
3.16
1.224
1.224
1.224
1.224
1.224
2.748
2.448
2.448
1.324
2.448
1.224
1.224
2.448
1.224
1.224
2.448
1.224
1.224
1.224
2.548
2.448
2.448
1.224
2.448
1.224
2.448
1.324
1.224
5.508
5.508
1.224
2.448
1.224
3.06
1.224
2.548
2.448
2.548
1.224
1.324
3.06
2.448
1.224
3.06
2.448
1.224
1.224
1.324
2.448
2.448
4.284
1.224
1.224
1.224
1.224
2.448
4.284
1.224
2.448
1.224
3.06
4.284
1.324
2.548
1.224
1.224
1.224
1.224
2.448
1.324
4.284
3.06
1.224
2.448
1.224
2.448
2.448
3.672
1.224
1.224
3.16
3.06
3.672
3.06
2.548
2.448
2.448
2.448
3.06
1.224
2.448
1.224
1.224
1.224
1.224
1.224
2.448
2.548
1.224
1.224
1.324
1.224
3.06
2.448
1.224
1.224
1.224
1.224
1.224
2.448
1.224
2.448
1.224
2.448
2.448
1.324
1.224
2.448
1.224
3.672
1.224
3.06
1.224
3.26
4.384
4.284
1.224
3.06
2.448
3.06
1.224
1.224
1.224
4.284
1.224
2.448
2.448
4.284
1.224
2.448
1.224
3.06
2.448
1.224
2.448
1.224
1.224
2.448
2.448
3.16
1.224
1.224
1.224
2.548
3.16
1.224
2.448
2.548
3.06
2.448
1.224
2.448
2.448
2.448
1.324
1.224
2.448
2.448
2.448
4.284
4.384
1.224
1.224
4.284
1.224
2.448
1.224
2.448
1.224
2.648
1.324
1.224
1.224
4.284
1.224
2.548
1.224
3.468
3.468
1.224
1.224
1.224
3.16
1.224
1.224
1.224
3.16
3.26
3.06
1.224
1.224
1.224
1.224
1.224
2.244
3.468
7.328
3.468
4.08
2.544
5.304
2.448
1.224
2.648
2.448
1.224
3.06
1.224
3.06
2.448
2.548
2.548
1.224
2.548
1.224
1.224
1.224
1.224
1.324
1.224
3.06
1.224
1.224
1.224
1.224
1.224
1.224
1.224
1.224
1.224
1.324
1.224
4.284
4.284
1.324
1.836
0
0
0.2
0.1
1.836
2.448
1.324
0
0.1
0
1.836
0
0
1.836
1.524
0
0.1
0
1.224
3.06
0
0
0.1
0
0
0
1.224
0
0
0
1.224
0
1.224
1.224
1.224
1.224
1.424
0
1.224
1.224
1.224
0
0.1
0
1.224
1.224
0
0
2.448
1.324
0
1.836
0
2.448
1.324
0
0
0
0
0.2
0
0
1.224
0
1.424
0
1.424
0
1.324
1.224
0
3.06
1.224
0
0
1.224
1.224
1.324
0
1.224
2.448
0
1.224
0
0
0
1.224
0
0.1
1.224
1.224
2.448
0
0
0
0
0
1.224
0
0
1.224
1.224
1.224
0
1.224
2.448
1.224
0.1
1.324
0
0
0
3.06
0.1
0.1
0
0
1.224
0
0
0
0
0
0
1.224
1.224
0
1.224
0.2
0
1.224
0
0.1
0.1
0
1.324
0
0
0
0
0
0
0
0
1.224
1.224
0
0
1.224
2.448
2.448
0
0
0
0
0
0
1.224
0
0
0
1.224
0
1.224
0.1
1.324
0
1.224
0
1.224
0
0.1
1.224
0
0
1.224
1.224
0
1.424
0
0
0
1.424
1.224
1.224
1.224
1.224
1.936
1.224
2.448
0
0
2.448
2.448
0
0
0
1.224
0
1.224
0
1.324
0
1.224
1.224
0
0
0
1.324
0.2
0
1.224
0
1.224
0.4
0
1.224
0
0
0
0
0
0
1.224
1.224
1.224
1.224
0
1.224
0
0
0.2
0
0
0
0
0
0
1.224
0
1.224
1.224
0
1.224
0
0
0
0
0
1.324
1.424
1.324
1.224
1.324
1.224
1.224
0
0.2
1.324
2.448
0
0
1.224
0
0
0
0
0
1.224
0
1.224
1.324
1.224
1.224
0
1.224
1.224
0
0
0
1.224
0
0
0
1.324
0.1
0
0
1.224
0.1
0
0
0
1.224
0
1.224
0
1.224
0
0
2.448
1.224
0
0
0
0.1
0
1.324
1.224
1.224
1.224
1.224
2.548
1.224
2.448
0
0
0
0
0
1.224
1.224
2.448
1.224
0
0
0
0
0
1.224
0
1.224
0
1.324
0
1.224
1.224
0
0
0
0
1.224
0
1.224
1.224
0
1.224
1.224
0
0
0
1.224
0.1
1.224
0
1.224
1.224
1.224
0
2.448
1.224
1.224
1.224
0
1.324
1.224
0
0
0
0
0
0
0
1.224
0
0
0
0
0
1.224
0
1.224
0
0
0
0
1.324
1.224
1.224
0
0
0
1.224
0
1.324
1.224
1.224
0
0
1.224
0
1.224
0
0
1.224
0
1.836
0
0
2.448
0.2
1.224
1.224
1.224
1.224
3.06
1.324
0
1.224
2.448
0
0
1.424
0
1.224
1.224
1.224
0
0
2.448
1.224
0
0.1
1.224
0
0
0
0
1.224
1.224
0
0
1.224
1.224
1.224
1.224
1.224
0
2.448
1.324
2.548
0
0
2.648
0
0
0
0.1
0
0.1
0
0
1.224
0.1
1.224
1.224
1.224
0
0
0
1.224
0.1
1.224
0
0
0.1
0
1.224
0.1
1.224
0
0
1.224
0
0
0
1.224
0
0
0
1.224
0.1
0
0
0.1
1.324
0
1.224
0
1.224
0
1.224
0
0
0
1.224
2.448
0
0
0
0
0
1.224
1.224
0
1.224
0
1.224
1.224
0
1.224
0
0
0.1
1.224
0
2.448
0
0
1.224
0
0.2
1.224
0
1.224
1.224
0
1.224
0
0
1.836
2.448
2.448
0
0.1
2.548
0
1.224
0
0
0
1.224
0
0
0
0
0
2.548
1.224
0
1.224
1.224
0
0
0
1.224
0
0
1.224
0
0
1.224
0
1.224
0.1
2.548
1.224
1.224
0
0
1.224
1.224
0
0
1.224
1.224
0
1.224
0
0.1
0
2.448
1.224
1.324
0
0
1.224
0
1.224
1.224
0
0
1.224
0
0
0
0
1.224
1.224
1.224
0
1.224
2.448
1.224
1.224
1.224
0.1
1.224
0
1.224
0
0
1.224
0
1.224
1.224
1.224
1.324
1.224
0
0
1.224
0
0
1.224
0
0
0
0
1.224
0
1.224
1.524
0
0
1.224
0
0.2
0
0
0
0.1
0
1.836
0
0
1.224
1.224
0
1.224
0
1.224
1.324
1.224
1.224
1.224
0
1.324
0
1.224
0
1.224
0
2.448
0
0
2.448
1.224
1.224
0.1
1.224
1.224
0
1.224
0
1.224
0
1.724
1.224
1.224
1.224
1.224
0
0.2
1.324
1.224
1.224
0
0
1.224
1.224
0.1
1.224
0
1.836
0
1.224
0
0.2
1.224
0
0
0
1.224
1.224
1.224
0
1.224
0
0
0.1
0
1.224
0
0.1
2.448
0.1
0
0
0
0.1
1.224
1.224
1.324
0
1.324
1.224
1.224
1.224
1.224
0
1.224
1.224
0
1.224
1.624
1.224
1.224
0
1.224
0
0
1.224
1.324
2.448
0
1.224
0
1.324
0
0
1.224
0.1
0.1
0
1.224
0
0
0.1
0
0
0
0.1
0
2.244
3.06
1.224
0
0
1.224
0.1
1.224
1.324
1.224
1.324
2.448
1.224
1.224
2.548
1.224
0
0
1.324
1.224
1.224
0
0
4.284
1.224
0
1.224
1.836
1.224
0
1.224
3.16
1.224
1.224
2.948
1.224
0
1.836
1.424
1.936
1.224
0.1
1.224
1.224
0
1.224
1.224
0
1.836
3.06
3.06
0
1.224
0
1.224
1.224
1.224
1.836
0
0
0
1.324
0
1.224
1.936
0
0.1
1.224
0
1.224
0
1.224
1.224
0
0.1
1.324
0
1.224
0
0
3.26
2.448
1.224
1.224
1.224
1.02
0
2.856
1.224
1.224
1.224
3.16
2.448
2.548
1.224
1.324
1.224
2.448
2.244
0
1.324
4.284
0
1.224
0
0
1.324
1.224
1.224
2.748
1.424
2.448
