0.1
0.1
2.948
4.884
2.648
0
0
1.224
0
0
0
0
0.1
0.2
0.3
0
0
1.224
1.224
1.324
0
0
1.224
1.224
1.936
1.224
1.324
2.448
2.448
2.448
1.224
1.324
0.3
0
0.3
0.2
0
0
0
0.1
0
0.7
0
0
0.1
0
0
0.1
0.1
0
0
0
0.1
0
0.1
1.324
0
0
0
0.4
0.1
0
0
1.524
0.1
0.1
0
0
0
0.2
0.1
0.1
0
0
0.7
0.2
0
0.1
0
0
1.224
0
0
0
0
0
0
0
1.224
1.524
0
1.224
0.1
0
0
0
0
0
1.324
1.224
0
0
0.2
0
3.06
0
0
0.4
0
0
0.2
0
0
0.1
0
0.1
0.1
1.224
0
0
1.2
0
1.324
0.6
0
0
0
0
0
0
0.4
0
0
0
0.1
0.3
0.1
0
0.1
0.2
0
1.324
0
0.1
0
0
0.1
0
0.1
0
0
0
0
0.1
0
0.4
0.1
0.1
0.3
0.1
0.2
0
0
0
0
0
1.224
0
0
1.824
0
0.1
0
0.1
0
1.524
0
0
0
0.1
0.2
0.1
0
1.224
0
1.424
0.1
0
0
1.224
0.2
0.2
0.1
0.2
0
0
0
0
1.224
1.624
0
1.224
0
0.2
1
0
0
0.2
1.324
1.224
1.324
0.2
1.824
0
0
0.5
0.1
0.7
0
0
1.02
2.444
1.524
2.448
2.448
1.324
1.224
1.224
2.748
1.224
2.648
2.448
0
1.836
3.16
0.1
1.724
0.1
0
0.2
1.836
0.5
2.336
1.224
0
1.224
0
1.224
0
2.836
0.1
0
0
0
1.224
0
0
0.1
1.224
0.1
3.16
0
0
0.2
1.224
0
0.5
1.224
0.1
1.224
0
0.1
0.1
1.224
0.1
0.1
1.224
0
0
0
3.468
1.224
2.648
2.448
2.548
0
0.1
0
0.1
0.1
0
2.548
0
0.4
0
0
1.324
0
0
0
1.324
0
0.1
0.2
0.1
0
0.2
0.1
1.324
0.1
3.16
0
0
1.224
1.224
1.224
0
0.1
0
0
0
0.1
0.1
0.2
0
0
0
1.224
0.1
0
1.624
1.224
1.224
1.936
1.936
0
0
0
0.4
0.1
0
0
0.5
0
0.2
1.936
0
3.36
0.2
0
0
0
0.3
0.6
1.224
1.936
0
0
1.324
0.1
0.1
0.1
0
0
0
1.12
4.08
2.244
2.856
2.244
2.244
1.12
4.38
2.856
2.244
1.02
2.344
1.02
1.02
1.02
2.244
2.744
3.468
1.02
3.468
2.344
3.468
2.544
2.344
4.18
2.344
3.468
6.304
3.468
5.304
1.02
0.1
1.624
1.224
2.448
2.448
4.384
1.224
1.624
1.424
1.224
2.448
2.448
3.16
2.448
1.724
1.324
2.748
1.224
2.548
1.224
1.524
2.448
2.448
1.224
1.224
2.448
1.324
2.948
1.224
3.26
2.448
1.224
3.66
4.384
4.284
1.324
3.26
3.16
4.784
2.548
1.224
1.524
1.324
2.448
4.284
2.548
2.448
2.448
2.448
4.484
2.448
1.224
3.16
1.524
2.448
1.424
2.448
1.324
1.224
1.324
1.424
2.448
3.06
5.084
1.424
1.224
1.324
3.26
4.284
1.224
1.524
1.624
1.424
2.448
1.424
2.124
1.224
4.384
2.548
1.724
2.548
2.448
1.224
2.848
1.224
1.224
1.224
1.224
2.448
1.224
2.448
4.484
2.848
1.224
1.224
2.448
4.584
4.784
1.724
1.224
2.448
1.224
2.848
2.448
1.424
1.324
3.76
1.224
3.06
1.224
4.384
4.884
2.448
1.224
1.224
2.748
2.448
1.224
2.448
4.284
2.448
1.224
4.284
1.224
1.824
1.224
1.224
3.06
2.448
2.548
3.46
1.224
2.448
1.224
2.448
2.548
2.548
1.224
1.224
2.648
1.224
1.324
1.424
1.224
2.548
1.224
2.548
1.324
4.684
1.324
4.484
2.848
1.224
1.224
1.224
1.224
4.284
1.324
1.224
3.06
1.224
2.648
1.324
1.224
2.548
1.324
1.224
1.224
1.224
1.224
1.424
3.16
1.224
2.548
1.224
1.324
1.224
4.384
1.224
1.224
2.448
1.224
1.224
1.524
1.624
2.448
1.224
1.224
1.224
1.224
2.448
1.224
2.548
3.06
1.324
2.448
1.224
3.46
1.224
1.224
1.224
1.324
1.224
2.448
1.224
2.548
2.748
1.224
2.448
2.448
2.848
1.224
2.448
2.448
1.224
2.448
3.86
1.224
1.224
3.46
1.224
3.06
1.324
2.648
2.448
2.448
3.16
1.424
3.06
2.448
4.284
4.284
2.648
3.06
3.06
3.06
3.06
3.26
1.224
2.448
4.484
2.448
3.06
3.06
2.448
4.484
1.224
1.224
3.26
2.448
1.224
3.76
2.448
3.36
1.224
1.224
1.424
3.56
1.224
2.448
1.424
4.284
2.448
1.224
2.848
3.16
2.648
3.06
1.224
1.224
1.224
4.384
2.548
1.224
2.448
1.324
2.448
2.448
3.56
1.224
2.448
1.224
3.16
2.648
3.16
4.284
3.148
1.224
4.284
2.548
1.224
2.648
3.16
1.424
2.648
3.06
2.448
2.548
1.224
3.46
2.448
1.224
1.224
2.448
2.448
3.26
2.448
2.548
2.448
1.224
1.224
1.224
3.16
1.224
4.284
1.224
2.448
2.448
1.224
1.224
2.548
2.648
1.424
2.448
1.224
2.448
3.06
1.224
1.224
3.16
1.224
2.448
4.484
2.448
1.424
1.224
3.36
4.384
2.448
4.384
1.224
4.284
3.26
2.548
2.548
3.06
1.424
2.448
1.224
2.848
2.448
3.06
3.16
1.224
1.224
3.26
2.548
1.224
2.448
1.224
2.448
2.024
3.048
1.424
1.224
1.324
2.448
1.224
1.224
1.224
1.224
2.448
1.324
2.548
1.424
2.548
1.224
2.448
2.448
1.224
2.448
2.748
2.448
1.324
3.16
3.16
2.448
1.224
2.448
4.384
1.224
2.648
1.224
3.148
2.648
1.324
4.384
2.448
2.648
3.16
2.448
1.224
2.448
2.648
2.548
1.224
3.06
1.424
1.224
1.224
2.448
1.224
4.684
2.448
1.224
2.548
4.284
4.384
2.448
2.448
2.448
1.324
2.448
1.324
2.448
2.548
4.384
3.16
2.448
1.224
1.224
1.224
1.224
2.648
1.224
1.224
3.16
4.384
1.224
4.284
1.224
1.224
1.224
1.224
3.26
1.224
2.548
2.648
2.548
1.224
2.448
2.448
1.224
2.448
1.224
2.448
2.948
2.448
3.06
2.448
2.848
1.224
1.424
1.224
1.224
1.324
1.324
2.448
1.324
1.324
1.224
2.648
1.224
2.548
2.448
2.448
2.448
4.384
1.224
4.784
3.26
3.16
1.224
4.284
2.448
3.06
1.424
2.448
1.324
3.16
2.448
1.224
2.448
3.06
2.748
2.448
1.524
3.16
2.448
2.548
1.224
1.224
1.324
1.224
1.324
3.36
2.448
1.224
1.324
2.648
3.06
1.324
1.224
1.424
4.284
1.224
1.224
1.324
2.548
1.324
2.748
1.224
1.424
1.324
2.448
4.684
5.184
1.324
2.448
4.384
2.448
1.224
2.448
2.848
2.448
2.748
2.648
1.424
1.224
4.284
2.448
2.648
2.548
3.468
3.468
1.224
1.324
1.224
4.284
1.224
2.448
1.224
4.484
4.484
4.384
2.448
2.848
2.448
2.548
1.224
2.244
2.244
4.08
3.468
8.404
2.644
5.704
2.548
2.448
2.848
2.448
2.448
3.06
1.324
3.06
2.448
2.748
2.548
2.548
1.224
1.224
1.224
1.324
1.224
2.648
1.324
3.26
1.224
2.448
1.224
2.448
2.748
1.324
1.224
2.448
2.548
2.548
1.324
3.06
3.26
2.448
3.46
1.224
1.324
1.324
1.324
2.336
0
1.224
0.1
0.1
0
3.26
0
0
1.836
0.7
0
0.2
0
1.224
3.06
0.3
1.224
0.2
0
0
0
0
0.1
0.1
0
0
0
0
0
1.224
0
1.724
0
0
0
0
0
0.2
0
0
0
0
0
0
1.524
0.2
1.936
0.1
0.1
0.1
1.224
0
0
0.1
1.2
0
0.1
0
0.1
0.7
1.224
0.3
0
0.2
0
0
1.836
0
0
1.224
0.1
0
0.2
0.1
0
0
0.1
0.2
0
1.224
0.1
0.2
0
0
0.1
0.2
0
0
0.2
1.224
0
0
0
0
1.224
0
0.1
1.224
0
0
0.1
0
0.3
0
0
0
0
1.836
0.4
0
0
1.224
0
0
0
0
0
0
0.1
0.3
0.1
0.2
0
0.4
0
0
0
0
0
0
0
0.1
0
0.4
0.1
0
0.1
0.1
0
0
0
0
1.224
0
0.1
0
0
0
0
0
0
0
0
0
1.224
0
0
0.1
0
0
0
0
1.524
0.1
0
0.1
0.3
0
0
0.1
0
0
0.2
0.1
0
1.324
0
0.6
0
0
1.224
0.1
1.836
0.1
0
0
0
0.1
0
0
0.1
0
0
0
0
0
0.1
0
0.1
0
0
0.1
0
0.2
0.2
0.1
1.324
0
0.1
0.7
0
0
0
0
0.1
0
0.1
0.2
0
0.4
0.1
0
0
0.1
0.1
0.1
0.3
0
1.324
1.324
0
0
0
0
0
0
0
0
0
0
0
0.1
0.2
0
0.1
0.1
0.2
0
0.2
0
0
0
0.6
0.1
0
0
0
0
0
0
0.1
0.1
1.324
0
0.1
0
0
0.1
0
0
0
0
0.2
0.2
1.224
0
0
0
0
0.2
0
1.224
0
0
0
0.1
0
0
0
0.1
0
0
0.1
0
0
0
0
0
0
0
1.324
0
0
0
0.1
0
0
0.5
0.4
0
0.2
0
0
0
0
0
0
0
0
1.224
0
0
0
0.2
0
0.1
0
0.1
0
0
0.1
1.224
0
0
0
0.2
0.5
0.1
0.1
0
0
0.1
0
0
0
0
0
1.224
0.1
0
0
0
0
0
0
0
0
0.1
0
0.2
0
1.224
0
0
1.324
0.1
0
0
0
1.224
0.1
0.1
0
0
0
0.1
0.2
0
0
0
0
1.224
1.224
0
0
0
1.224
0
0
0
1.524
0
0
0
0
0
0
0.1
1.224
0.2
0
1.836
1.224
0
0
0.4
0
0.2
0
0
1.836
0.2
0
1.524
0
0.1
0
0.2
0.1
0.3
0
0
1.324
0
0.1
0
0
0.2
0
0.1
0
0
0
0
0
0
0
0.1
0.3
0
0
0
0
0
0
0.6
0.1
0
0.3
0
0
0
0.1
0.1
1.224
0
1.224
0
0
0.1
0.1
0
1.224
0
0.1
0
0.5
0
0
0.2
0.1
0.1
0
0.1
0
0
0
0.2
0
0
1.324
0.2
0
1.224
0
0
0.4
0.1
0
0.1
0
0
0
0
0
0
0
0.6
0.1
0
0
0.1
0
0
0
0
0
0.4
0
0
0
0
0
0
0
0
0
0
0
0
0
0
0
0.1
0
0
0
0.3
0
0
0.1
0.1
0
0
1.224
1.936
0
0
0
0
0.7
0
0
0
0
1.224
0
0.2
0.1
1.224
0
0
0
0.1
0.1
1.224
0.1
0
1.424
0
0
1.224
0
0
0
0
0
0
0.1
0.4
0
0.1
0
0
0
0
0
0
0
0
0
0.1
0
0
0.2
0.1
0
0
0.2
0.1
1.324
0.1
0
0
0
0
0.1
1.224
0.1
0.2
0
0
0
0.2
0
0
0
0
0
0.2
0.1
0.3
0.1
0
0
0.1
1.224
0
0
1.224
1.224
0.1
0.1
0
1.224
1.224
0
0
0
0
0
0
0
0
0
1.424
0
0.4
0
0.1
0
0
0.5
1.224
0
0
1.624
0
1.836
1.324
0
0.1
0
0.1
0
0
0.1
1.524
0.2
0.2
1.224
0
0.6
1.224
0
0.1
0
0
0.2
0
0
0
0
0
0
0
0
0
0
0
0
0
1.3
0
0
0
1.324
0
1.924
0.4
0
0.2
0
0
0.5
0
0.1
0.1
0.1
2.036
0.2
0.1
0
1.624
0
0.1
0
0
0.3
0
0.2
0
0.1
0
1.424
0
0.1
0
0
0
0.1
0.3
0
0
0.1
0
0
0
0.5
0
0
0.1
0
0
0
0
0.1
0
0.2
0
0.2
0
0.1
0.1
0.2
0
1.324
0.1
0.2
0.2
1.224
0
0
0
0
0
0
0.2
0.3
0
0
0
0.1
0.2
0
0.2
0
0
1.224
2.344
3.06
1.224
0
0
0
0.1
0.1
0.1
0
1.324
0.3
0
0
0.1
0.4
0
0.6
0.1
0
0
0
0
4.284
0
0
1.624
1.836
1.424
0
1.224
1.836
0.1
0
3.448
1.324
0
1.836
0.8
2.336
0.5
0.2
0
0.3
1.324
1.324
0
0.1
1.836
1.836
1.936
1.224
0
0
1.224
0.1
1.324
1.836
1.224
1.224
0
0
1.224
1.524
1.936
1.224
1.224
1.324
0
0.1
1.224
0
2.124
1.224
1.224
0.1
1.224
0
0
0
3.56
2.448
0.1
0
0.1
1.02
0
3.056
2.448
2.448
1.224
4.284
1.224
2.448
2.448
1.424
2.448
2.448
3.468
0.1
1.324
3.06
0
0
0
0
0.4
0.1
0.1
1.624
1.824
1.524
