0.2
0.3
4.148
2.124
4.072
1.936
0
0
0.2
0
0.4
1.224
1.224
0.8
0.8
0
1.224
0
0
0
4.284
4.584
0
0
0.6
0
0.5
2.548
3.772
2.448
0.1
2.448
1.1
0.1
1.324
0.6
0.1
0.3
0
0.4
0.1
4.46
0.1
0
0.3
1.224
0.4
1.524
0.2
2.648
1.324
0.1
3.148
1.224
0.1
0.1
1.224
1.224
0.1
2.524
2.324
1.224
0
0.6
2.136
0
1.324
1.224
1.724
2.324
0.5
3.248
1.424
2.036
4.36
0.6
1.224
0.3
1.224
0
2.424
1.224
1.224
1.224
0
1.224
1.224
0
0
1.924
0.2
0.1
1.224
1.224
1.224
1.624
1.524
1.324
0
0
0
2.524
1.324
0.3
0
0
0
1.4
1.324
0.3
1.524
1.224
0.1
2.448
0.1
2.436
0.2
1.324
0.1
0
3.824
0
0
1.524
1.224
0.1
0.1
1.224
0
3.048
0.2
0.1
1.224
0
3.46
0.6
1.224
2.648
1.724
1.2
0
1.324
1.224
1.624
1.324
1.324
1.324
1.424
0.2
1.224
1.224
0.2
0.6
0.3
1.3
0.4
1.524
0.3
0.7
0.2
0
1.224
0.1
1.224
0.2
1.224
0
1.324
0.1
2.3
1.424
2.024
2.448
0
2.448
1.624
1.224
1.224
4.584
0.3
0.2
2.848
0
2.448
0.2
2.648
2.224
2.448
1.424
2.448
0
1.224
0
2.948
2.448
1.424
1.224
0.1
1.224
0.5
3.16
0
0
2.848
2.5
1.224
0.1
1.424
1.324
0.1
1.224
0.3
0.9
1.224
1.836
2.224
0.1
4.46
0
4.484
2.244
2.444
3.948
2.548
2.448
2.648
2.448
2.448
3.548
3.772
2.948
2.448
2.548
1.936
1.524
0.2
4.248
3.46
3.06
1.624
1.836
3.324
3.56
1.324
1.224
0
1.224
1.224
1.224
1.9
1.224
1.224
2.448
1.224
0.1
1.224
3.06
1.424
1.724
1.524
2.648
1.224
0.2
0.7
1.224
1.224
0.8
1.224
1.224
2.448
0
0.3
1.324
1.424
1.924
1.324
1.224
1.224
2.648
1.224
3.468
2.548
4.472
2.448
4.272
0.1
1.624
1.324
3.972
4.584
4.284
2.548
1.224
2.124
0
0
0
0
1.424
0
0.2
1.324
0.6
0.3
0
1.224
1.724
1.424
0
1.424
1.924
1.224
2.748
0
0
1.224
0
1.324
0
1.324
0.1
0
0.3
0.2
1.624
0.1
1.424
0.1
0
1.224
0.8
1.324
0
3.36
3.16
1.224
0.2
0.2
0.4
0
1.224
1.324
2.524
1.224
0.3
1.524
1.324
1.324
0.5
1.424
1.324
1.324
2.624
3.324
0
2.036
0
1.224
0
2.848
1.424
0
1.324
1.224
2.448
1.32
1.12
2.244
3.056
2.244
2.244
2.344
2.744
2.344
1.02
2.344
2.744
1.02
1.02
1.12
2.444
4.644
2.244
2.244
2.244
2.444
3.568
4.468
2.244
2.544
2.244
3.668
4.144
3.468
3.044
2.344
1.836
2.948
1.224
1.324
2.748
4.684
1.224
4.372
3.672
5.508
3.772
3.672
4.072
2.448
2.724
3.348
2.648
4.284
2.448
2.748
1.624
1.224
2.548
2.448
5.608
4.684
2.848
1.624
1.224
4.172
3.06
3.772
5.072
3.448
2.648
2.448
2.548
1.924
3.872
1.524
1.524
2.948
2.848
1.324
2.448
3.36
2.448
1.224
1.324
4.284
2.448
3.672
4.272
4.584
1.324
3.16
1.224
4.372
2.448
2.648
4.984
2.548
1.424
5.548
2.648
3.772
2.448
2.724
2.848
2.748
1.424
4.848
3.26
1.224
3.448
1.624
1.224
1.424
2.748
3.348
1.824
4.284
1.724
3.124
3.772
1.224
1.224
1.324
1.524
1.524
3.772
1.524
1.524
3.772
1.224
2.448
4.684
3.972
2.448
4.284
1.324
3.772
4.872
2.548
3.36
4.472
1.924
1.224
1.224
3.772
4.484
2.324
1.224
3.672
1.324
4.072
2.548
4.284
2.548
3.772
3.06
2.748
2.448
2.448
3.448
2.448
2.448
3.672
1.324
4.872
4.772
3.672
4.484
1.324
2.448
2.648
2.948
2.548
1.224
4.172
1.524
1.424
2.648
1.524
1.624
3.772
2.648
2.648
1.624
2.648
3.648
5.084
5.096
1.224
2.448
1.224
2.848
2.948
1.224
3.16
2.448
2.648
2.748
1.224
2.548
1.224
2.648
2.448
2.648
4.284
6.208
3.148
5.808
2.648
2.448
1.624
3.672
1.224
2.548
4.384
1.224
3.672
2.748
2.224
2.948
1.224
3.872
1.224
1.524
4.384
2.448
1.424
1.324
3.048
2.648
2.648
4.284
3.548
1.324
2.448
2.548
2.848
4.384
2.448
2.548
1.424
3.872
1.224
2.448
1.324
4.36
2.648
1.324
1.224
1.224
2.648
5.972
4.384
1.224
3.848
1.224
1.324
2.524
2.448
2.548
1.324
1.324
1.524
3.772
1.224
1.424
4.072
2.948
1.224
1.424
4.072
2.648
4.284
3.972
2.548
4.284
1.224
1.324
3.772
1.524
4.372
3.06
2.448
2.648
1.224
1.224
2.424
1.224
2.948
2.448
1.224
1.324
2.624
3.772
3.672
5.608
3.872
1.224
1.224
4.648
1.524
4.172
4.384
5.808
3.672
1.324
1.324
3.972
1.224
2.448
3.772
2.848
2.548
5.172
1.224
3.672
2.848
3.148
3.248
1.224
1.324
4.56
1.224
3.672
1.224
3.772
4.272
2.548
1.524
2.948
3.16
1.224
2.548
2.548
1.624
2.448
1.624
4.896
2.548
3.672
2.948
1.324
2.448
3.672
4.984
1.224
3.148
5.284
1.224
2.548
2.448
2.448
1.224
2.448
1.224
1.224
2.848
2.648
1.224
1.224
2.648
2.948
2.548
1.224
1.324
3.06
2.448
2.448
1.224
4.56
2.548
1.724
3.772
1.324
4.384
3.672
4.384
3.148
1.224
2.848
4.272
3.748
2.748
2.448
2.748
2.448
3.672
3.048
2.448
1.224
4.172
2.948
3.672
2.548
2.548
3.772
3.024
3.748
1.424
1.324
2.748
4.896
3.672
1.324
2.448
5.508
1.224
6.108
4.284
3.148
2.648
1.224
2.448
1.224
1.224
2.448
3.672
2.648
1.224
2.548
2.448
2.548
1.324
2.448
4.384
2.448
3.548
2.448
1.724
1.924
5.708
3.972
1.224
2.848
1.324
2.848
5.508
1.324
3.048
4.684
1.224
4.484
2.548
2.448
3.06
2.548
2.448
3.148
2.448
1.224
2.748
2.448
2.448
4.072
1.224
1.224
2.748
2.448
3.772
1.224
6.708
2.448
4.384
5.608
1.324
1.224
1.224
1.224
2.948
2.448
2.548
4.272
4.284
1.224
4.384
1.324
1.324
1.224
1.224
1.324
2.448
1.224
2.648
2.648
3.772
3.672
1.324
3.06
2.548
3.772
2.448
3.648
2.448
1.224
3.672
4.572
2.448
1.324
2.548
3.872
5.808
2.648
1.224
3.148
1.724
2.448
5.372
2.548
2.448
3.672
1.224
4.272
4.384
2.448
4.372
3.748
2.648
1.324
4.284
1.224
3.772
2.848
3.26
2.948
3.872
1.224
1.324
1.224
2.548
3.872
2.448
2.748
1.224
1.324
2.548
1.224
2.748
3.972
2.448
2.648
1.324
2.448
2.448
2.648
2.324
4.572
2.748
2.448
1.424
1.224
2.548
2.448
2.648
3.872
1.424
5.484
5.508
3.66
4.484
1.224
3.748
4.748
2.548
4.896
1.224
3.672
5.708
3.672
4.248
2.548
4.972
4.172
3.972
2.948
2.948
3.672
2.948
4.072
3.468
3.668
5.608
5.608
5.508
3.972
3.972
3.972
2.448
4.172
4.172
3.872
2.648
3.148
2.648
4.272
2.448
2.344
2.244
2.544
2.344
2.644
16.752
3.768
4.984
2.448
2.848
1.224
2.448
4.484
3.672
4.684
4.284
4.784
4.484
2.648
3.148
5.508
5.608
7.032
6.932
3.148
5.508
3.672
2.448
5.096
2.548
3.772
4.472
4.372
3.772
3.972
2.648
4.772
3.972
2.448
2.448
5.396
1
0
1.424
3.124
1.724
4.06
2.748
0
2.548
1.424
3.548
1.224
1.224
5.508
0
2
3.06
1.324
0.1
1.324
2.548
3.648
1.224
0.4
0
2.036
1.224
0
1.324
1.424
1.224
0.1
1.224
1.224
1.224
0
0
2.724
1.424
0.3
1.324
0
1.224
1.424
1.224
1.224
0
1.224
1.224
0
0.3
1.524
0.7
1.224
0
0.1
0
1.324
1.324
1.624
4.524
0
1.324
0.2
2.024
0.8
1.424
0.2
0
2.424
1.324
1.224
0
1.836
2.548
1.224
1.924
1.424
0.6
0
0.2
1.836
1.224
0.2
1.324
0.1
1.224
0.4
1.424
2.024
0.1
2.648
2.548
1.324
1.324
1.424
2.648
2.448
0
1.224
2.548
1.224
1.524
1.224
1.224
1.524
0.4
1.836
2.224
1.524
1.224
1.224
1.424
0
1.824
1.524
1.224
2.548
0
3.16
1.224
1.424
0.3
0.1
1.524
1.224
2.448
2.648
0
3.048
1.224
1.224
1.224
1.424
1.224
2.548
0.8
3.16
1.224
1.724
1.324
1.324
2.448
1.824
1.324
1.224
0.1
1.224
0
0.1
1.624
1.324
1.324
4.484
0.1
1.224
0
2.548
1.224
1.224
1.224
1.224
0.5
1.224
1.224
1.324
0.2
1.224
0
1.624
1.224
1.524
1.724
0.3
1.224
0.7
0.1
0
1.424
1.624
2.548
1.524
2.548
1
1.724
0.1
0.1
0.1
0.1
0.3
0.4
1.324
1.324
1.224
0
1.324
1.324
1.324
2.448
2.448
1.224
1.224
1.1
1.224
0.6
0
1.224
1.424
1.524
1.524
2.648
2.748
1.224
1.424
1.224
3.524
1.224
0
2.448
1.224
1.424
1.224
1.324
1.224
0.2
0.5
1.324
0
1.224
1.824
1.224
1.324
2.324
0
2.948
0.2
1.224
1.224
0.2
3.06
1.224
0.1
0.1
3.16
0.1
1.224
2.448
2.548
2.848
1.524
0.4
2.948
1.424
1.224
0.1
0
0.2
1.224
2.424
0.8
0
1.324
3.26
0
2.448
1.424
1.624
1.424
1.524
0
1.224
0
1.324
1.324
1.524
1.224
1.624
0
2.436
2.524
1.224
1.224
2.448
1.224
1.324
1.424
1.324
1.224
2.448
0.1
1.324
2.548
1.324
1.624
2.648
1.524
1.224
3.06
2.548
1.224
1.224
1.936
0
1.224
1.224
1.324
0.7
1.324
0.2
0
0.4
0.1
0
1.524
0.6
2.448
1.524
1.324
3.36
1.224
1.224
2.324
0.1
0.2
1.224
1.224
1.324
2.548
2.448
4.172
0
2.548
1.424
1.424
0
1.224
0.2
1.224
1.224
1.224
2.548
1.524
0.8
2.748
0.1
0
1.324
1.624
1.324
1.324
1.924
1.224
3.06
1.624
0.4
1.524
0
0.1
3.06
1.324
0
0.3
1.424
0.4
1.524
0.2
0
2.448
0
1.224
2.648
1.224
1.224
1.224
0
1.224
1.324
1.224
1.224
1.936
0.1
1.324
0.3
1.224
2.448
1.224
1.324
0.1
1.224
0
1.224
1.224
2.548
1.324
1.224
1.424
1.724
0.1
1.224
2.548
1.324
1.224
1.324
1.424
0
0.7
1.224
1.836
1.224
1.324
0.1
3.46
1.924
1.524
1.224
1.424
0
0.9
0
1.224
2.136
3.772
1.224
0.7
1.424
0.9
0.2
0
2.648
3.672
0.3
0.1
1.224
1.424
0.1
0.1
1.224
3.06
1.224
0.4
1.224
0
1.324
1.224
0.2
0
1.224
2.648
1.224
1.936
2.548
2.724
1.324
1.524
1.724
0
1.324
2.548
0.2
0
1.324
1.224
2.548
0
3.26
1.324
0
1.324
0
1.424
0
1.324
2.136
0.1
2.448
2.124
1.524
2.448
1.624
1.524
0.1
1.224
1.224
3.048
1.224
2.548
2.024
1.524
1.224
1.224
1.224
1.224
2.024
4.284
1.836
1.324
1.324
1.224
1.224
1.224
1.224
1.224
0
0.5
0.6
1.224
0.1
0
1.224
0
1.224
1.224
2.448
0.8
1.324
1.424
0
1.224
0.1
0.1
1.324
0.1
2.548
1.224
1.224
0
0
0
1.224
1.924
0.2
1.224
1.624
0.7
2.448
1.224
0
1.424
0.1
1.224
1.324
0.1
0
0
0
2.748
4.26
1.224
0
1.224
1.224
1.224
0
1.224
2.548
2.748
1.224
1.224
1.224
1.524
2.548
0.2
0
2.448
1.324
0.1
0
1.324
1.224
1.324
1.224
1.224
0.8
1.224
1.724
2.124
0.1
1.324
0.2
4.284
1.224
0.1
0.1
4.284
1.424
1.224
0
1.224
0.3
1.224
1.524
2.648
3.16
0
0.5
1.524
2.848
0.3
1.224
0
0
0
2.548
2.848
2.648
2.548
1.224
0
0
0
0.1
1.824
0.2
0
0
0.3
1.424
3.248
1.424
1.324
2.648
2.448
2.448
1.324
0
1.324
0
0
0.1
0.1
1.224
2.448
0
1.324
1.324
1.224
1.324
2.448
1.224
1.224
0
1.524
1.324
2.124
1.324
1.524
0
1.624
2.224
2.448
1.224
1.424
3.448
1.224
0
1.224
1.624
3.46
0.3
2.136
0
0
0.1
1.524
0.2
0.5
0.4
0
1
1.324
0.2
1.324
0
1.424
3.26
1.324
1.424
2.036
0.1
0
1.424
1.224
0.1
1.224
0.2
1.724
1.224
4.284
2.8
1.324
1.324
0
0.2
1.424
1.2
0.6
0
3.26
1.224
0
1.724
1.224
2.024
0.4
0.1
1.824
1.936
1.324
1.324
3.548
1.324
1.524
1.224
3.26
1.724
0
1.524
1.324
0.1
1.224
2.024
1.424
1.424
0
1.224
4.272
0.4
1.224
1.224
1.324
1.424
2.648
1.836
0
2.948
2.748
0.1
0.1
0
1.224
2.448
2.448
3.148
1.224
2.548
3.36
0.9
1.836
0
2.448
1.224
1.924
1.224
0.2
2.024
0.6
0
0
1.224
1.524
1.424
1.424
0.1
2.424
2.748
2.448
1.624
3.048
1.824
1.724
0
1.924
0.1
5.708
1.424
2.544
2.448
2.548
1.224
4.384
0
2.948
3.06
1.324
0
0.2
0.6
0
1.324
0.2
0.3
1.224
1.4
0
2.448
0
1.224
1.224
1.224
0
1.936
0.3
3.348
0.2
1.224
0
2.448
1.936
0
6.46
2.648
2.448
3.06
3.224
2.724
1.724
1.624
1.224
1.1
3.248
3.06
0.2
1.224
1.224
0.1
0.7
1.224
3.16
3.16
0
0.4
1.224
3.06
1.936
2.448
0.7
1.624
1.224
2.948
1.824
0
0.2
1.424
1.324
1.224
0
0
3.948
1.324
2.648
0.1
1.224
1.224
1.224
0
3.124
1.324
2.948
1.824
0
2.244
3.672
1.52
3.672
5.096
2.948
2.748
1.224
1.724
3.972
3.872
4.996
2.448
4.892
1.224
1.224
4.284
2.448
0
1.224
0.2
2.6
0.1
0
3.548
1.1
3.148
