0.1
1.324
4.172
5.808
3.772
0.1
1.224
2.448
0.1
1.224
1.224
1.224
0
1.324
1.724
1.324
0
2.448
2.448
2.448
1.224
1.224
1.224
2.448
3.06
2.448
2.448
2.448
4.896
2.448
2.448
2.448
0.3
0
0
0.1
0.1
0
0
0.4
0
1.824
0
0
0.1
1.224
0.1
0
0.2
1.224
1.224
0
1.224
0
0
1.224
0
0.1
0
1.424
0.3
0
0.1
2.748
0.2
0.1
0
0
1.324
0.1
0.1
1.324
0.1
0
1.624
1.424
0
1.424
0
0
2.548
0
1.224
0
0
0
0
0
1.224
2.948
0
1.224
0.2
0
0
1.324
1.224
0
2.448
2.448
0
0.2
0.2
0
3.06
0
0.1
0.2
0.1
0.2
0.4
0
0
1.224
0
0
0
1.224
0
0
1
0
2.448
0.3
0.1
0
0.2
1.224
0
1.524
0.1
0
0
0
1.224
0
1.224
1.224
1.224
0.2
1.424
2.448
0
1.324
0
0
1.324
0.1
0.1
0
1.224
0.2
0
0.1
0.3
0.1
0.1
0
0.2
0
0
0
0
0
0
0
1.224
0
0
3.048
0
0.1
1.224
0.1
1.224
2.448
0
0
1.224
0.3
0
1.324
1.224
2.448
0.2
2.548
1.424
1.324
0
2.448
1.324
1.224
0
1.324
1.224
1.324
1.224
0.1
1.224
1.524
1.836
3.06
1.836
1.936
2.236
1.836
1.836
3.06
4.384
3.06
4.284
1.936
4.884
1.836
1.836
2.136
1.836
3.46
1.836
1.836
2.856
5.304
4.684
5.508
5.508
4.384
4.284
4.284
5.508
4.284
6.932
6.732
1.224
1.836
4.684
0
2.848
1.324
0
1.324
1.836
1.824
3.36
1.224
0
1.224
1.224
1.224
1.224
3.76
0
0
0
0
1.224
1.224
0
0
3.772
1.224
4.484
0
1.224
0.1
2.448
0
1.224
2.448
0
2.448
0
0
0.1
2.448
0.1
0.1
2.548
0
3.06
1.836
3.468
1.324
3.772
4.896
5.508
0
3.06
3.06
1.324
1.324
1.224
3.672
0
0.2
1.224
0
1.224
0
0.2
0
2.548
0.1
0
1.324
1.224
0
0
0
2.548
0
3.06
0
1.224
2.448
2.448
2.448
0
1.224
1.224
1.224
0.1
1.424
0.1
0.3
0
0.1
0
1.324
1.224
0
2.948
2.448
1.224
4.384
4.484
0
0
1.224
0.2
1.224
0
1.324
0.7
0.1
0
3.36
1.224
4.384
0.1
0.1
1.224
0
0.2
0.3
2.448
1.836
0
0
2.448
1.324
1.224
1.224
1.224
1.224
1.224
2.344
4.08
3.468
4.08
3.468
3.468
2.244
4.18
5.304
3.468
1.02
2.244
2.244
2.244
2.244
4.892
4.892
5.304
1.02
4.692
2.244
4.692
3.468
2.244
4.18
3.468
7.752
7.228
3.468
6.628
2.244
1.836
1.224
1.224
3.672
3.672
5.508
1.224
2.548
2.448
2.448
3.772
3.772
4.384
3.672
3.048
2.748
2.548
1.224
3.772
1.224
1.324
3.672
2.448
1.224
2.548
4.996
2.448
3.972
1.224
4.284
3.672
2.448
4.884
5.608
5.608
1.224
4.284
3.16
5.508
3.672
1.224
1.424
2.548
3.672
6.732
3.872
3.672
2.448
3.672
5.608
2.448
2.448
4.384
2.648
3.672
1.424
3.672
2.448
1.224
1.224
2.548
2.448
3.06
7.132
2.448
2.448
2.548
3.26
6.832
1.224
1.424
2.648
1.424
3.672
2.648
1.524
1.224
4.284
4.996
2.548
3.872
2.448
1.324
2.548
2.448
2.448
1.224
1.224
3.672
1.224
3.672
5.708
3.772
2.448
1.224
2.448
5.608
6.108
1.224
1.224
3.672
2.448
3.772
3.672
2.548
2.748
3.26
1.224
4.284
2.448
5.508
4.884
3.672
1.324
1.224
3.772
3.772
2.448
3.672
5.508
3.672
2.448
6.732
1.224
1.324
2.448
1.224
4.284
3.672
3.672
4.684
2.448
2.448
1.224
3.672
3.772
3.772
2.448
1.224
3.872
1.224
1.224
2.648
1.224
3.672
2.448
3.672
1.324
5.808
2.448
5.608
5.396
2.448
1.324
1.224
2.448
5.508
2.448
1.224
3.06
2.448
3.672
2.548
1.224
3.772
1.224
1.224
1.224
1.224
2.448
1.424
4.484
2.548
4.996
3.672
2.548
2.448
5.508
2.448
1.224
2.448
2.448
2.448
1.424
2.548
2.448
2.548
2.448
1.224
2.448
3.672
1.224
3.772
4.384
3.672
4.896
1.224
3.26
1.324
1.224
2.448
2.448
1.224
3.672
1.224
3.672
4.472
2.448
3.672
3.672
3.772
2.448
3.672
3.672
1.324
2.448
4.584
2.448
2.448
3.36
1.324
3.06
1.624
5.096
3.672
3.672
3.26
1.224
4.384
3.672
5.608
5.508
3.672
3.06
4.384
4.284
3.06
4.284
2.448
2.448
5.708
2.448
3.06
4.284
3.672
5.608
2.448
1.224
4.284
2.448
1.224
3.46
3.672
7.108
1.224
1.224
1.224
3.26
2.448
3.672
4.172
5.608
3.672
2.548
3.972
3.16
3.672
4.284
1.224
2.448
1.224
4.484
3.672
1.224
3.672
2.548
3.772
3.772
6.008
1.224
4.896
3.772
5.608
3.972
3.26
5.508
2.748
1.224
5.508
3.672
2.448
4.996
4.384
2.548
3.772
3.26
2.548
2.648
2.448
3.16
3.672
1.224
2.448
3.672
3.672
4.284
3.872
2.448
3.672
1.224
1.224
2.548
4.384
1.224
6.832
1.224
3.672
3.672
1.224
1.224
3.772
3.772
3.772
3.672
2.448
3.672
4.384
1.324
1.224
3.06
1.224
2.448
6.732
2.448
2.848
2.448
3.16
5.708
3.672
5.508
2.548
5.508
4.284
3.772
3.672
3.26
2.648
2.448
2.448
3.672
4.896
4.284
4.284
1.224
1.224
4.384
2.648
2.448
3.672
2.448
3.672
3.048
3.772
2.748
1.224
2.648
3.672
2.448
1.224
2.548
2.548
3.672
2.548
2.548
2.648
3.672
1.224
3.672
2.448
1.224
3.672
4.996
3.672
1.224
5.808
5.508
3.672
1.224
2.448
5.508
2.448
3.672
1.224
3.772
2.548
2.848
5.708
3.672
2.448
3.06
3.772
1.224
2.648
2.548
4.996
1.224
5.508
2.448
2.448
1.224
2.448
1.224
7.032
3.772
1.224
3.672
5.508
6.832
3.672
3.672
2.448
2.448
3.672
2.448
3.672
3.672
6.732
3.16
3.772
2.448
1.224
1.224
1.224
4.996
1.224
1.224
4.384
5.608
2.448
5.508
2.448
1.224
2.548
1.224
3.06
1.224
3.772
3.672
3.672
2.448
3.672
2.448
1.224
3.672
2.448
2.448
3.772
3.672
3.06
3.672
3.972
1.224
1.224
2.448
2.548
2.448
2.448
3.772
2.548
1.324
1.224
4.072
1.324
3.672
3.672
3.672
3.672
5.508
2.448
5.908
3.46
3.06
1.224
5.508
3.672
4.384
2.448
2.548
2.748
4.284
2.448
1.224
3.672
4.284
3.672
4.896
1.724
3.16
3.672
2.448
2.448
1.224
2.548
1.224
1.224
3.06
2.448
1.324
1.324
3.872
4.484
2.548
1.224
2.648
4.284
2.448
1.224
2.448
4.896
1.224
4.072
2.448
2.448
1.324
3.672
7.032
7.532
2.448
5.508
7.344
5.508
4.284
5.508
5.908
4.284
7.332
5.508
4.384
3.16
8.668
5.508
5.808
5.508
7.752
7.852
4.384
4.384
4.284
7.444
4.284
5.808
2.448
5.708
5.608
5.608
3.772
4.484
4.284
3.672
1.224
2.244
2.244
5.304
4.692
5.704
3.768
11.888
5.196
3.672
3.972
3.672
2.448
4.284
2.548
4.284
3.672
3.772
3.672
3.672
2.448
2.448
2.548
2.548
2.448
2.548
2.548
4.384
1.224
3.672
1.224
3.672
3.972
2.448
2.448
3.672
3.672
5.508
4.284
3.06
3.16
3.772
3.36
1.224
2.548
2.748
2.548
1.936
2.448
2.448
1.224
0
1.324
4.284
0
1.224
1.836
1.824
0
0.2
0
2.448
4.284
1.224
2.448
0.1
0
0.1
1.224
0
0.1
1.224
0
0
1.224
0
0
2.448
0
2.648
1.224
0.1
1.224
0
0
1.324
0
1.224
1.224
1.224
1.224
1.224
2.548
0.2
1.836
1.324
1.224
1.324
1.224
1.224
1.424
1.324
1.924
0
1.224
0
1.324
1.424
1.324
1.524
0.1
1.324
1.224
0
3.16
0
1.224
2.448
1.524
1.224
0.2
0
0
1.224
0
0
0
1.224
1.224
0.1
1.224
1.424
1.224
1.224
2.448
1.224
0
2.548
1.224
1.224
1.224
0
2.448
1.224
1.224
2.448
1.224
1.224
1.324
0
1.524
2.548
1.224
0
1.224
3.06
1.424
0.1
1.224
2.448
0
0
0
0
0
0
0.1
1.224
1.224
1.224
1.224
1.524
1.224
1.224
1.224
0
0
1.224
0
1.224
1.224
1.424
1.224
1.224
1.224
0
1.224
1.324
0
1.224
1.224
0
1.224
1.224
1.224
1.224
0
0
0
1.224
0
1.224
1.224
1.224
0.1
0
1.224
0
0
1.224
2.448
1.224
1.324
1.224
1.424
0
1.224
0.3
0
0
1.224
1.324
1.224
1.224
1.224
1.524
0
1.224
2.448
1.224
1.836
0.1
1.424
1.224
1.224
2.448
1.224
1.324
1.224
0
1.224
1.224
0
1.324
1.424
1.224
0.3
1.224
1.224
0
0.1
1.224
1.224
1.224
2.548
1.224
1.224
0.5
1.224
0.1
1.324
0
1.324
1.224
0
0
0
0.3
0
0
1.224
1.224
1.224
1.324
1.424
0
2.448
1.224
1.224
1.224
0
1.324
1.224
0
0
1.224
1.224
1.224
1.224
1.224
1.324
1.224
0.1
1.524
0.1
1.224
1.224
1.224
1.224
1.224
0.2
1.424
1.224
0
0.1
1.224
1.224
1.424
0
1.324
2.548
0
0
0
0
0
1.224
0
1.324
0
0
0.3
1.224
1.224
1.224
0
1.224
1.324
1.224
2.448
1.224
0
1.324
1.224
1.224
1.224
1.224
1.224
1.324
1.224
1.324
0
1.224
1.324
1.224
1.224
1.224
1.224
1.224
0
0
0
0.2
0
0
2.948
1.524
2.548
0.2
1.224
0
0
1.224
1.324
1.224
1.324
0
2.448
0
1.224
1.224
1.224
0
1.224
0
1.324
0
1.224
0
2.448
1.224
1.224
1.224
1.224
0.4
1.324
0.1
0
0
1.224
1.224
1.224
0
1.224
1.224
1.224
0.1
0.1
1.224
0
1.424
1.224
1.224
1.224
1.224
0.1
0
1.424
1.324
2.448
0.1
0
2.448
1.224
1.224
1.224
0.2
1.224
1.224
1.224
1.224
0
0.1
1.224
0.1
0
1.224
0
1.224
1.224
3.672
0
1.224
1.224
2.448
1.224
1.224
0.1
2.448
1.224
0
1.224
1.224
0
1.224
0
1.224
0.2
0
1.836
1.224
1.224
1.224
1.224
1.224
1.224
0
1.324
1.936
0.1
0
2.548
1.224
1.224
1.224
0.1
1.324
0.4
1.224
0
2.448
1.224
1.424
0
1.224
1.324
0
0
1.224
0
0
1.324
0
0
1.224
1.224
0
0
1.224
1.224
1.224
1.324
1.324
2.748
1.324
0
2.648
0
0
1.224
0.1
0.1
2.448
1.224
2.648
1.224
1.524
1.224
1.224
1.224
1.224
0.3
0
1.224
0.1
0
1.224
0.1
0
1.224
0.1
1.224
0
1.224
1.224
1.524
0.1
1.224
2.548
1.224
1.224
1.224
1.224
0
1.424
1.224
0
1.224
0.1
0
1.224
0
1.224
0
0
0.2
0
1.224
0
1.224
1.224
0
1.224
0
1.224
0.4
1.324
0
0
1.224
0
0
1.224
0
1.324
0
0
1.224
0
1.224
1.224
0.2
0
0
1.324
1.524
1.224
0
0.1
1.224
0
1.224
2.448
1.836
1.224
1.224
0
1.224
2.948
1.224
0
1.224
0
2.448
0
1.224
1.424
2.448
1.224
0
2.448
1.224
1.224
2.448
0
1.224
2.648
0
0
1.224
0
0
1.224
1.224
0.1
1.224
0.1
1.424
1.224
1.224
1.424
1.224
1.224
0
1.224
1.224
1.224
1.224
1.224
1.224
1.324
0
0.1
1.324
2.448
0
0
1.224
2.548
0
1.224
1.224
0
0
1.224
2.448
1.224
1.224
1.224
0
0
0.2
0
1.424
0
1.224
0
0.2
1.224
1.624
1.324
1.224
1.324
1.224
2.448
1.224
0
2.448
2.448
1.224
0
0
2.448
2.448
0
1.224
0.1
1.224
1.224
1.224
0
1.224
0
2.548
0
0.4
0
0.1
1.224
0
1.524
2.448
0
0
2.848
1.224
1.836
2.448
1.224
1.424
0
0
0
0
1.324
2.648
0.2
1.424
2.448
0
0.1
2.448
0
1.224
1.224
1.324
2.548
1.224
0
1.324
1.224
1.224
1.224
1.224
0
1.224
0
1.424
1.224
1.224
1.924
1.224
1.224
0
2.448
0
1.724
1.524
0
1.224
1.224
0
2.748
0
0
0.1
0.1
3.26
0
1.224
1.224
2.948
1.224
1.224
1.224
0
1.224
0
1.224
1.224
0
1.224
2.448
1.224
1.224
0
1.324
1.224
1.724
1.224
0
1.224
0
1.324
0
0
1.424
1.224
0
0
0
1.224
1.224
1.224
1.624
1.224
1.224
1.224
0.1
0
0.1
1.224
1.324
1.324
1.224
0
1.224
1.424
1.224
0
1.224
0.1
0
1.224
0
1.424
1.324
1.224
1.224
1.224
1.224
1.224
0
1.424
0
1.324
2.448
3.468
4.284
2.448
0
1.224
1.224
1.424
1.224
0
0
2.448
1.424
0.1
1.224
1.424
0.4
0
0.3
1.224
1.224
0
0
0
5.508
0.1
0
2.648
3.06
2.448
0
2.448
3.16
1.324
0
4.372
1.324
1.224
1.836
2.848
3.26
0.5
1.324
0
0.4
2.548
3.672
0
1.224
3.16
3.06
3.46
1.224
0
0
2.448
0
2.448
1.836
1.324
2.448
0
1.424
2.448
2.648
3.16
1.224
1.224
2.548
0
0
1.224
0
3.148
2.448
2.448
0.1
1.224
2.448
3.06
1.936
7.944
4.284
1.224
1.324
0
1.02
1.224
2.956
3.772
3.672
2.448
5.708
1.224
2.448
3.672
2.548
3.672
5.508
4.692
0
3.672
4.284
1.224
0
0
0.2
0.5
0.1
0
1.624
2.548
1.224
