0.1
1.224
3.972
4.172
3.672
1.936
1.224
2.448
0
1.224
1.224
1.224
0.1
1.624
1.324
1.224
0
2.448
2.448
2.548
3.16
3.16
1.224
2.448
1.724
2.448
2.648
2.548
4.896
2.448
2.548
2.448
0.4
0
0.2
0.3
0.1
0
0
0.1
0
3.76
0
0.1
0
1.224
0.1
0
0.1
1.424
1.224
0
1.224
0
0
1.224
0
0
0.1
1.624
0.3
0
0
2.548
2.236
0.1
0
0.1
1.224
0.2
0
1.724
0.2
1.836
3.96
1.524
0
1.424
0
0
2.548
0
1.224
0
0.1
0
0
0
1.224
2.748
0.1
1.224
0
0
0
1.224
1.324
0
2.448
2.448
0
0.1
0.2
0
1.224
0
0
0.5
0.1
0
0.2
0
0
1.224
0.1
2.036
0
1.224
0
0
0.8
0
2.448
0.2
0
0
0
1.224
0
1.524
0.1
0.1
0
0
3.06
0.2
1.224
1.224
1.324
0.4
1.224
2.448
0
1.224
0
0
1.324
0
0.1
0
1.224
0.1
0
0
0.3
0.2
0.2
0
0.4
0
0
0.1
0
0
0.1
0.1
1.324
0
0
3.448
0
0.3
1.224
0
1.224
2.648
0
0
3.06
0.3
0.3
1.224
1.224
2.448
0.1
2.548
1.524
1.224
0
2.448
1.324
1.224
0.1
1.724
1.224
1.324
1.224
0
1.224
1.424
2.036
1.224
0
0.2
0.4
0
0
1.424
2.648
1.224
2.448
0.1
2.848
0
1.936
0.9
0.1
4.06
0
1.836
0
2.448
3.148
3.672
3.672
2.548
2.448
2.448
3.772
2.448
5.096
4.896
1.224
1.836
2.748
0.1
3.048
3.16
1.836
1.324
1.836
1.424
3.36
1.224
0
1.224
1.224
1.224
1.224
1.924
0
0
0
0
1.324
1.224
1.836
0.1
3.972
1.424
2.748
0
1.224
0.1
2.448
0
1.424
2.448
0
2.448
0
0.2
0.1
2.448
0.5
0
2.548
0
1.424
0
2.448
1.224
4.172
4.896
3.872
0.3
1.324
1.224
1.324
4.08
4.18
3.672
0
0.2
1.224
0
1.224
0.1
0.1
0
2.548
0
0
1.424
1.224
0
0.2
0.1
2.448
0.3
1.224
0
1.324
2.448
2.448
2.648
0
1.324
1.224
1.224
0
1.324
0.1
0.2
0.1
0
0
1.224
1.224
0
2.848
2.648
1.224
4.684
4.384
0
0.1
1.224
0.7
1.224
0
1.424
0.8
0.1
0.5
1.524
1.224
2.848
0.5
0
1.324
0.1
0.4
0.9
2.448
1.936
0
0
2.448
1.624
1.224
1.224
1.324
1.224
1.224
1.324
1.324
2.448
3.26
2.448
2.448
1.224
1.224
2.448
2.448
0
1.924
1.324
1.224
1.324
3.772
4.472
2.448
0
3.672
1.424
3.672
2.848
1.424
1.324
2.448
4.996
4.472
2.448
3.872
1.324
1.836
1.224
1.224
3.672
3.672
5.608
1.224
2.648
2.548
4.484
3.772
3.772
2.948
3.672
3.048
2.648
2.548
3.06
3.772
1.224
1.224
3.672
2.648
1.224
4.384
6.932
2.648
4.172
1.324
2.648
5.508
2.448
3.148
3.972
3.772
1.224
2.748
1.424
4.172
3.772
1.224
1.624
2.648
3.672
4.996
5.808
3.672
2.448
3.672
5.508
2.448
2.448
2.548
4.584
3.772
3.16
3.672
2.448
1.224
1.224
4.884
2.448
1.224
6.396
2.548
2.448
2.448
1.724
4.996
1.324
1.624
2.948
3.46
3.672
2.748
1.724
1.224
2.548
4.996
2.748
3.672
4.284
1.324
3.048
2.448
2.448
1.224
1.224
3.672
1.224
3.672
3.772
3.772
2.448
1.224
2.448
5.608
3.772
1.324
3.06
3.672
2.548
3.772
3.672
4.484
2.648
1.524
1.224
2.448
2.548
5.608
3.148
3.772
1.224
1.224
3.672
3.772
4.284
3.772
3.672
5.508
2.448
4.896
1.324
1.724
2.548
1.224
2.448
3.672
3.972
2.948
2.448
4.384
1.224
3.672
3.872
3.872
2.548
1.224
3.672
1.224
1.224
2.548
1.324
3.972
2.448
3.872
1.524
3.672
2.548
4.172
7.532
2.548
1.224
1.224
2.548
3.972
2.648
1.224
3.06
2.448
3.872
2.848
1.224
3.672
1.324
1.224
1.224
1.324
4.384
3.26
3.048
4.484
4.896
3.672
2.448
2.448
3.672
2.548
3.06
2.548
2.448
2.548
1.524
2.548
2.448
2.548
2.448
1.224
4.384
3.672
1.224
3.772
2.648
3.972
4.896
3.06
1.624
1.324
1.224
2.548
2.648
3.06
3.672
1.224
3.672
3.872
2.448
3.672
3.772
6.008
2.448
3.672
3.672
1.224
2.448
2.748
4.584
2.448
2.024
1.224
1.224
2.224
4.896
3.672
3.872
1.224
1.324
2.748
3.672
3.872
4.072
3.772
1.324
2.548
2.648
1.224
4.384
2.448
2.548
5.608
2.448
1.224
2.448
3.772
3.772
4.284
1.224
2.748
2.448
1.324
1.324
3.672
4.072
1.224
1.224
1.224
1.324
2.648
3.672
5.908
3.772
3.672
2.648
4.472
1.224
3.972
4.284
3.06
2.448
1.224
2.648
3.872
1.224
3.672
2.648
3.872
3.772
4.672
1.224
4.896
3.672
4.272
3.972
1.324
3.872
4.784
1.224
3.672
3.672
2.448
4.996
2.448
2.548
4.172
3.26
2.548
2.648
2.448
1.524
3.672
1.224
2.448
3.672
3.672
2.548
3.672
2.448
3.772
3.16
1.224
2.548
4.784
1.224
5.096
1.224
3.772
3.672
1.224
1.324
3.872
3.772
3.772
3.672
2.448
3.772
2.548
1.224
1.224
1.224
3.06
2.448
4.896
2.448
5.084
2.548
1.624
3.672
3.672
5.508
2.448
5.608
2.548
3.672
3.672
1.324
2.748
2.448
2.448
3.972
4.896
2.448
2.448
1.224
1.224
2.548
2.748
2.448
3.672
2.448
3.672
3.148
3.972
2.648
1.324
2.648
3.672
2.448
1.224
2.548
4.384
3.672
4.284
4.384
2.648
3.872
1.224
3.672
2.448
1.224
3.672
4.996
3.672
1.224
3.772
3.672
3.672
1.224
2.448
5.508
2.448
3.772
1.224
3.772
2.548
4.484
4.072
3.672
2.648
1.224
3.672
3.06
2.448
3.148
7.132
1.224
5.508
2.548
2.448
3.06
2.648
1.224
5.296
3.672
1.224
3.872
3.672
4.996
3.872
3.772
2.448
2.448
3.672
2.548
3.772
5.808
4.896
3.26
5.708
2.448
1.224
1.224
1.224
5.496
1.224
1.324
2.648
5.508
2.648
5.508
2.448
1.224
2.548
1.224
1.224
1.224
3.672
3.772
3.772
2.448
3.672
2.448
3.06
3.772
2.548
2.448
3.972
3.772
1.224
3.672
4.172
1.224
1.324
2.448
2.548
4.584
2.448
3.672
2.648
1.424
1.224
4.272
1.224
3.672
3.772
3.672
3.672
5.608
2.448
4.272
1.524
1.224
1.224
5.508
3.672
2.648
2.448
4.484
2.648
2.548
2.448
1.524
3.772
2.548
3.972
4.896
1.724
1.324
3.672
2.548
2.448
1.224
2.548
1.224
1.224
1.524
2.448
1.224
1.324
4.172
2.748
2.548
1.224
2.548
2.548
2.448
1.224
2.748
4.896
1.524
6.808
4.284
4.684
3.06
3.672
5.096
5.596
2.448
3.672
3.672
3.672
4.384
3.672
4.272
2.548
5.896
3.772
2.548
1.324
4.896
3.672
3.972
3.672
4.996
4.896
4.484
4.284
4.284
3.772
2.448
3.972
2.448
3.972
3.872
3.672
3.972
2.748
2.448
3.772
1.224
1.324
1.224
2.448
3.772
2.548
4.984
5.196
11.852
3.772
3.872
3.672
2.448
4.384
2.448
4.284
5.508
5.808
5.808
3.672
2.548
4.484
4.284
4.884
4.484
2.648
4.384
2.448
1.224
3.772
1.224
3.772
4.172
2.448
2.448
3.872
3.672
3.972
2.648
1.224
1.224
3.872
1.624
1.224
2.448
2.948
2.448
2.236
2.548
2.448
1.224
0.2
1.424
2.748
0
3.06
0
1.924
1.836
0.2
0.1
2.448
2.648
1.224
2.448
0.2
0
2.036
1.224
0.1
0.2
1.224
0
0
1.224
0
0.1
2.548
0
3.148
1.224
0.2
1.224
0
0
1.324
0
1.224
1.224
1.224
1.224
1.224
2.548
0.1
0.1
1.324
1.224
1.324
1.224
1.224
1.424
1.324
2.624
0.1
1.324
0
1.324
1.924
1.324
1.224
0
1.724
1.224
0.1
1.224
1.836
1.224
2.448
1.324
1.224
0.5
0
0
3.06
0
0
0
1.224
1.324
0.3
1.224
1.324
1.224
1.324
2.548
1.224
0.1
2.548
1.224
1.224
1.224
0
2.548
1.424
1.224
2.548
1.224
1.224
1.324
1.836
1.924
2.548
1.224
0
1.324
1.324
1.424
0
1.224
2.448
0.3
1.936
0
0.1
0
0.1
0.2
1.324
1.224
1.324
1.224
1.724
1.224
1.324
1.224
0
0.2
1.324
0
3.06
1.224
1.324
1.324
1.224
1.224
0.1
1.224
1.224
0.1
1.224
1.224
0.1
1.224
1.224
1.324
3.36
0.1
0
0
1.324
0
1.224
1.224
1.224
0
0
1.224
0
0.1
1.324
2.548
1.324
1.224
1.324
1.524
0.3
1.224
0.3
0
0
1.324
1.424
1.324
1.324
1.224
1.624
0.2
1.224
2.448
1.324
0
0.1
1.324
1.224
1.224
2.448
1.224
1.324
1.224
0
1.224
1.224
0
1.224
1.324
1.224
0.4
1.224
1.324
0
0.3
1.224
1.424
1.424
2.448
1.224
1.224
0.8
1.224
0
1.324
0
1.424
1.224
0
0.2
0
0.3
0
0
1.224
1.424
1.224
1.424
1.524
0
2.648
1.424
1.224
1.224
0
3.06
1.224
0
0
3.16
1.224
1.224
1.224
1.224
1.624
1.324
0.1
1.224
0.1
1.224
1.524
1.224
1.224
1.224
0.5
2.024
1.224
0
2.036
1.224
1.324
1.324
0
1.524
2.648
0
0.2
0
0
0.1
1.324
0
1.224
0.1
2.536
0.3
1.224
1.424
1.224
0
1.224
1.324
1.224
2.448
1.224
0.1
1.224
1.224
1.224
1.224
1.324
1.324
1.224
3.06
1.224
0
1.224
3.06
1.224
1.224
1.224
1.224
1.424
0
0
0
0.3
0
0
2.948
1.724
2.448
0.2
1.224
2.036
0
1.224
1.824
1.524
1.324
0
2.448
0
1.224
1.224
1.324
0.1
1.224
0
1.324
0.1
1.224
0.2
2.448
1.224
1.224
1.224
1.224
0.4
1.324
0
0.1
0
1.524
1.224
1.224
0.2
1.224
3.06
1.224
0.2
0.1
1.224
0
3.06
1.324
1.224
1.624
1.224
0.1
0
1.324
1.224
2.448
0
0
2.448
1.224
1.424
1.224
0
1.224
1.224
1.224
1.224
1.836
0
1.324
0.3
0
1.224
0
1.224
1.224
3.672
0
1.224
1.224
2.548
1.224
1.224
0.1
2.648
1.224
0.1
1.324
1.224
0
1.224
0.1
1.224
0.4
0.1
1.836
1.224
1.324
1.324
3.26
1.224
1.224
0
1.224
0.1
0.2
0
2.548
3.16
1.224
1.224
0.6
1.424
0.6
1.224
0.1
2.548
1.224
1.524
0
1.224
1.424
0
0
1.224
1.836
0.1
1.324
0.1
0
1.224
1.224
0.1
0
1.224
1.224
1.224
3.06
1.224
2.848
1.224
0.1
2.748
0
0
1.324
0.2
0.3
2.448
1.324
2.448
1.224
3.26
1.424
1.324
1.224
1.224
0.6
0
1.224
1.936
0.1
1.224
0.5
0.1
1.224
0.1
1.424
0.2
1.224
1.224
1.524
0
1.224
2.648
1.224
1.224
1.224
1.224
0
1.424
3.16
1.936
1.224
0.1
0
1.224
0
1.224
0
0
0.3
0.2
1.224
0
1.224
1.224
0
1.224
0
1.224
0.6
1.524
0
0.1
1.224
0
0
1.224
0
1.224
0
0
1.224
0
1.224
1.224
0.5
0
0
1.324
1.724
1.224
0
0.2
1.224
0.1
1.224
2.448
0.1
1.224
1.224
0
1.224
4.784
1.224
0
1.224
0
2.448
0.1
1.224
1.224
2.448
1.224
0
2.448
1.424
1.424
2.448
0
1.324
2.548
0
0
1.224
0
0
1.224
1.424
0.2
1.224
0.3
1.624
1.224
1.224
1.324
3.16
1.224
0.2
1.224
3.16
1.224
1.224
1.224
1.224
1.424
0
0.2
1.424
4.284
0
0.3
1.624
2.748
0.2
1.224
1.224
0
0.1
1.324
2.448
1.324
1.324
1.224
0
0
0.1
0
1.324
0.1
1.224
0.1
0.3
1.224
1.524
1.524
1.224
1.224
1.224
2.448
1.324
0
2.448
2.448
1.224
0
0.1
2.448
2.448
0
1.324
0.1
1.224
1.224
1.224
0
1.224
0
2.548
0.3
0.3
0.2
0
1.224
0.3
1.624
2.448
0
0
3.048
1.224
0
2.448
1.224
3.16
0.1
2.036
0
0
1.324
2.548
0.2
1.724
2.448
0.1
0.4
2.448
0
1.324
1.224
1.324
4.584
1.424
0
3.26
1.224
1.224
1.224
1.224
0
1.324
0
1.324
1.224
3.06
2.624
1.224
1.324
0.1
2.548
0.1
1.624
1.524
0
3.26
1.224
0
2.748
0
0.1
0.5
0
1.824
1.936
1.224
1.424
3.348
1.224
1.324
1.224
1.836
1.524
0
1.224
1.224
0.1
1.224
2.648
1.224
1.324
0
1.324
1.424
1.324
1.324
0
1.224
0.3
1.324
1.836
0
1.524
1.324
0
0.3
0.1
1.224
1.224
1.324
1.424
1.224
1.224
3.16
0.4
1.836
0
1.324
1.224
1.924
1.224
0
1.424
1.824
1.224
0
1.324
0.3
0
1.224
0
1.524
1.524
1.224
1.224
1.524
1.424
1.324
0
1.624
0
3.46
2.448
2.548
2.448
2.448
0
3.06
1.224
1.224
3.06
0
0
2.448
1.324
0.1
1.224
1.424
0.4
0
0.8
1.224
1.224
0
0
0
3.672
0
1.836
2.748
1.324
2.448
0
2.548
1.524
3.16
0
6.808
1.424
1.224
1.836
3.248
1.624
0.5
1.624
0
0.7
2.748
5.508
0
1.224
1.324
1.224
1.724
1.224
1.836
1.836
2.448
0.2
2.448
1.836
3.16
2.548
0
1.424
2.448
2.448
1.724
1.324
1.324
2.448
0.2
0
1.224
0.1
2.848
2.448
2.548
0
1.224
2.448
1.224
0
4.772
2.448
1.624
1.424
0
0
2.244
0
3.672
3.772
2.448
3.772
1.324
2.548
3.872
2.448
3.672
3.672
3.872
0.1
3.672
4.284
1.224
0
0
0
1
0
0
1.924
2.848
1.524
