0.1
0
2.448
3.16
2.448
1.836
0
0
0
0
0
1.224
0.1
0
0
0
0
0
0
0
3.06
3.06
0
0
1.836
0
0.1
1.224
2.448
1.224
0
2.448
0.1
0
0
0
0
0
0
0.1
0
3.06
0
0
0
1.224
0
0
0.2
1.224
1.224
0
1.324
0
0
0
0
0
0
1.224
0
0.1
0
0
1.836
0
0.1
0
1.224
0
0.1
1.224
0
1.836
3.16
0
0
0
0
0
1.324
0
1.224
0
0
0
0
0
0
0.2
0
0.1
0
0
0
1.224
1.224
0
0
0
0
0.1
0
0
1.836
0
0
0.1
0
0
0
0
0
1.224
0
1.836
0
0
0
0
0.3
0
0
0
0
0
0
1.224
0
1.224
0
0.1
0
0
3.06
0
1.224
1.224
1.224
0
0
0.1
0
1.224
0
0
1.224
0
0
0
1.224
0
0
0
0.3
0
0
0
0
0
0
0
0
0
0
0
0
0
0
0.3
0
0
1.224
0
1.224
1.224
0
0
3.06
0.1
0
1.224
0
1.224
0.1
1.324
1.324
1.224
0
1.224
0
1.224
0
1.224
1.224
1.224
1.224
0
1.224
0
1.836
0
0
0
0.2
0
0
1.324
1.224
0
1.324
0
0
0
1.836
0
0
1.836
0
1.836
0
1.224
2.648
2.548
2.448
2.448
2.448
2.448
2.448
2.448
2.448
2.448
1.224
3.672
3.06
0
1.524
3.06
1.836
1.224
3.672
1.324
4.996
1.224
0
0
0
0
1.224
1.836
0
0
0.1
0
0
1.224
1.836
0
1.224
1.224
3.06
0
0
0
1.224
0
0.1
1.224
0
1.224
0
0
0
1.224
0
0
1.224
0
1.224
0
1.224
1.324
2.548
2.448
2.548
0
1.224
1.224
1.224
3.06
3.06
2.448
0
0.1
0
0
0
0
0
0
0.1
0
0.1
0
0
0
0
0
0
0
1.836
0
1.324
0
0
1.224
0
1.224
0
1.224
0
0
0
0
0
0
0
0
0
0
0.1
0
0
4.996
4.896
0
0
0
0.1
0
0
1.224
0.2
0
0
3.06
1.224
3.16
0.1
0
1.224
0
0.3
0.1
0
3.672
0
0
0
1.324
1.224
0
1.224
1.224
1.224
0
1.936
1.224
3.672
1.224
1.224
1.224
1.836
3.06
0.1
0
0.1
0
0
0
1.324
1.224
1.224
0
1.224
1.224
2.548
2.648
1.224
3.16
1.224
2.448
3.46
1.224
3.06
1.224
1.936
1.224
1.224
1.224
2.448
6.12
1.224
2.548
2.448
4.284
2.448
2.448
4.284
2.448
1.424
2.448
1.224
3.06
1.224
1.224
1.224
1.224
1.224
1.224
4.384
4.284
2.448
1.224
1.224
4.384
3.06
2.448
4.384
4.284
3.06
1.224
4.284
3.16
4.384
1.224
1.224
1.224
2.448
1.224
4.284
3.06
1.224
1.224
1.224
6.12
1.224
2.448
4.284
4.384
1.224
3.06
1.224
2.448
1.224
1.224
3.06
1.324
3.06
4.584
2.548
2.448
2.448
3.16
4.284
1.324
1.224
2.748
3.06
1.224
2.548
1.224
1.224
3.06
2.448
2.448
1.324
3.06
1.224
1.324
2.448
1.224
1.224
1.224
1.324
1.224
2.448
3.06
1.324
2.448
1.224
1.224
6.12
4.384
1.224
3.06
1.224
2.448
2.448
2.448
3.06
2.448
3.16
1.224
3.06
2.448
6.22
3.16
1.224
1.224
1.224
2.448
2.448
4.284
2.448
4.284
3.06
2.448
4.284
1.224
1.224
2.448
1.224
4.284
1.224
2.548
4.384
2.448
3.16
1.224
2.448
2.448
2.548
2.448
1.224
2.448
1.324
1.224
2.448
1.224
1.224
2.448
1.224
1.224
3.06
2.448
4.384
4.384
2.448
1.224
1.224
1.224
4.384
2.448
1.224
4.896
2.448
2.448
2.448
1.224
1.224
1.224
1.224
1.224
1.224
4.284
3.16
4.384
4.384
2.548
2.448
1.224
2.448
3.06
2.548
3.06
1.324
2.448
2.448
1.324
2.448
1.224
2.448
1.224
1.324
4.284
2.448
1.224
1.224
4.384
2.448
2.448
3.06
3.16
1.224
1.224
2.548
2.448
3.06
2.448
1.224
1.324
1.324
1.224
2.448
1.224
3.06
2.448
1.224
1.224
1.224
1.224
4.284
3.06
1.224
3.16
1.224
3.06
1.324
2.448
2.448
1.224
3.06
1.224
4.284
1.224
3.16
4.284
2.448
3.06
3.06
4.284
3.06
6.12
2.448
1.224
6.12
1.224
3.06
4.284
1.424
4.284
3.06
1.224
4.384
1.224
1.224
3.06
1.224
4.284
1.224
1.224
1.224
3.16
2.448
2.448
4.284
4.284
1.224
1.324
2.848
3.16
2.448
6.12
3.06
2.448
1.224
3.16
2.548
1.224
2.448
2.448
2.448
2.448
4.384
1.224
2.448
2.448
4.384
2.548
3.06
3.06
3.06
1.224
4.284
1.224
2.448
2.448
4.284
1.224
2.548
4.896
1.224
1.224
2.448
3.06
1.224
1.224
2.448
2.448
2.448
4.284
1.224
1.224
2.448
3.16
1.224
2.448
6.12
1.224
4.284
1.224
2.448
1.224
1.224
1.224
1.224
2.548
2.448
1.224
1.224
2.548
4.284
1.224
1.224
3.06
3.06
1.224
4.284
1.324
3.16
2.448
3.16
4.284
1.224
6.22
2.448
6.12
4.284
1.224
2.448
3.06
2.448
1.324
2.448
2.448
2.448
4.284
4.384
1.224
1.224
4.284
1.224
2.448
2.448
2.448
2.448
1.524
2.548
1.324
1.224
1.224
2.448
2.448
1.224
2.448
4.284
1.224
4.284
3.06
2.548
2.448
1.224
1.224
1.224
1.224
2.448
2.448
2.448
1.224
4.284
4.284
2.548
1.224
1.224
6.12
2.448
1.324
1.224
1.224
1.224
4.284
4.284
1.224
1.224
3.06
2.448
3.06
1.224
1.424
4.284
1.224
6.12
2.548
2.448
3.06
1.324
1.224
4.284
2.448
1.224
2.448
4.284
4.284
2.448
1.224
1.224
2.448
2.448
2.448
1.224
4.284
4.284
4.896
4.284
1.224
1.224
1.224
1.224
2.548
1.224
1.224
4.384
6.12
1.224
6.12
1.224
1.224
1.224
1.224
3.06
1.224
1.224
2.448
2.448
2.448
2.448
1.224
3.06
1.224
2.448
1.224
2.548
2.448
3.06
2.448
2.548
1.224
1.224
2.448
2.448
4.384
2.448
1.224
2.448
1.324
1.224
2.548
1.224
2.448
2.448
1.224
2.448
6.22
2.548
4.284
3.06
3.06
1.224
6.12
1.224
4.284
2.448
3.06
2.448
4.384
1.224
1.224
1.224
4.284
2.648
2.448
1.324
3.06
1.224
1.224
1.224
1.224
2.548
1.224
1.224
3.16
1.324
1.224
1.224
1.224
4.384
2.448
1.224
1.224
3.06
2.448
1.224
2.448
2.448
1.224
4.484
4.284
3.06
3.16
1.224
4.384
4.384
2.448
2.448
3.06
2.548
4.284
2.448
2.648
1.224
2.648
2.448
2.548
1.324
4.284
2.448
1.424
2.648
2.448
2.448
4.284
4.284
4.284
4.284
2.448
2.548
2.448
4.384
4.284
4.284
2.548
1.224
1.224
2.448
1.224
1.224
1.224
3.06
1.224
3.06
4.484
4.284
4.384
2.448
1.324
1.224
1.224
7.84
3.468
7.14
4.08
3.06
3.06
2.448
2.448
4.284
4.284
4.284
4.284
1.324
4.284
4.284
1.224
2.448
1.324
2.448
2.448
2.648
2.548
2.448
2.448
2.648
2.448
3.06
3.06
2.448
1.836
0
1.224
1.324
1.324
3.872
1.224
0
2.244
1.02
2.244
4.08
1.02
4.08
2.856
1.02
2.856
1.02
1.02
2.244
5.304
1.324
1.224
0
0
1.836
1.224
0
0
1.224
0
0
1.224
0
0
0
0
0.3
1.224
0
1.224
0
0
2.344
0
0
0
1.224
1.224
0
0
0
1.836
1.224
0
0
0
1.324
1.324
1.224
1.624
0
1.224
0
1.224
0
0
0
0
1.224
1.224
0
1.836
1.836
1.324
1.224
1.224
1.224
0
0
0
1.836
0
0
0
0
1.224
0
1.324
1.324
0
1.224
1.324
1.224
0
1.224
1.224
1.224
0
0
1.224
1.224
1.224
0
1.224
1.224
0
1.836
1.224
1.224
1.224
0
1.224
1.836
1.324
0
1.324
1.224
0
1.836
0
0
0
0
0
1.224
1.224
1.224
0
1.224
1.224
1.224
1.224
0
0
1.324
0
3.16
1.224
1.224
1.224
1.224
1.224
0
1.224
1.224
0
1.224
0
0
0.1
0
1.224
3.16
0
0
0
1.224
0
1.224
0.1
1.224
0
0
1.224
0
0
1.324
0
1.224
1.224
1.224
1.224
0.1
1.224
0
0
0
1.224
1.224
1.224
0
1.224
0
0
0
0
0
1.836
0
0
1.224
1.224
1.224
0
1.224
1.324
0
1.224
1.224
0
1.224
0
1.224
0
0
1.324
0
0
1.324
1.224
1.224
1.224
1.224
1.224
0.2
1.224
0
1.224
0
1.224
1.224
0
0
0
0
0
0
1.224
1.224
1.224
1.224
1.224
0
1.224
0
1.224
1.224
0
3.06
1.224
0
0
3.16
0
1.224
1.224
1.224
1.324
1.324
0.1
1.224
0
1.224
0
0
0
1.224
0
0
0
0
1.836
0
1.224
1.224
0
1.224
1.324
0
0
0
0
0
1.224
0
1.224
0
1.836
0
0
1.224
1.224
0
1.224
1.224
1.224
1.224
1.224
0
1.224
1.224
1.224
1.224
1.324
1.224
1.224
3.16
1.324
0
1.224
1.836
0
1.224
1.224
1.224
0
0
0
0
0
0
0
1.324
0.1
1.224
0
1.224
1.836
0
1.224
1.224
0
0
0
1.224
0
1.224
1.224
1.224
0
1.224
0
1.224
0
1.224
0
0
1.224
1.224
1.224
1.324
0
1.224
0
0
0
1.224
1.224
1.224
0
1.224
3.06
0.1
0
0
0
0
3.06
1.224
0
0
1.224
0
0
0
0
1.224
0
0
1.224
1.224
1.324
1.224
0
0
1.224
1.224
1.324
1.836
0
1.324
0
0
1.224
0
1.224
0
1.224
0
1.224
1.224
1.224
1.224
1.224
0
1.224
0
0
1.224
1.224
0
1.224
0
0
0
0
3.672
0
1.224
0
3.06
1.224
1.224
0
1.324
1.836
0.1
0
1.324
1.836
1.224
1.224
0
1.224
0
0
0
1.224
1.224
0
0
1.224
1.224
0
0
1.224
1.836
0
0
0
0
1.224
1.224
0
0
1.224
1.324
1.224
1.836
1.224
1.324
1.324
0
1.224
0
0
1.224
0
0
1.224
1.224
1.224
0
3.06
1.324
0
1.324
0
0
0
1.224
1.836
0
1.224
0
0
1.324
0
1.324
0
1.224
1.224
1.224
0
1.224
1.224
1.324
1.224
0
1.224
0
1.224
3.06
1.836
1.224
0
0
1.224
0
1.224
0
0
0
0
1.224
0
0
1.224
0
1.224
0
1.224
0
1.324
0
0
1.224
0
0
1.224
0
1.324
0.1
0
0
0
0
1.224
0.2
0
0
1.224
0
1.224
0
0
1.224
0
1.224
1.224
1.836
0
0
0
1.324
3.16
1.224
0
1.224
0
1.224
0
1.224
1.324
1.224
1.224
0
1.224
1.224
1.224
0
0
1.224
1.224
0
0
0.1
0
0
1.224
1.224
0
1.224
0
1.324
0
1.324
0
3.06
1.224
0
0.1
3.06
1.324
1.224
0
1.224
0
0
0
1.224
3.06
0
0
1.224
1.224
0
1.224
0
0
0
1.224
1.224
1.224
1.324
1.224
0
0
0
0
1.224
0
0
0
0
1.224
1.224
1.224
1.224
1.224
1.224
1.224
1.224
0
1.224
0
0
0
0
1.224
1.224
0
1.224
0
0
1.224
1.224
0
1.224
0
1.324
0
0.3
0
0
0
0
1.324
1.224
0
0
1.424
1.224
1.836
1.224
1.224
3.06
0
1.836
0
0
0
1.224
0
0
0.1
0
0.1
1.324
0
1.324
0
1.224
3.06
1.224
0
1.836
0
0
1.224
1.224
0
1.324
0
1.324
1.324
3.06
0.1
1.224
1.224
0
0
0
0
0
0
3.06
1.324
0
1.224
0
0
0
0
3.06
1.836
1.224
1.224
1.324
1.224
1.324
1.224
1.836
1.224
0
1.224
1.224
0
1.224
1.324
1.224
1.324
0
1.224
1.224
0
1.224
0
1.224
0
1.324
1.836
0
1.424
1.224
0
0
0
1.224
1.224
1.224
1.324
1.224
1.224
3.06
0
1.836
0
1.224
1.224
1.224
0
0
1.224
0.1
0
0
1.224
0
0
1.224
0
1.224
1.324
1.224
1.224
1.224
1.424
1.324
0
1.324
0
3.06
1.224
1.224
4.284
2.448
1.02
4.08
0
1.324
1.836
0
0
0
0.1
0
1.224
0
0
0
0.1
0.1
1.324
0
0
0
3.06
0
1.836
0
3.16
0.1
0
0
3.06
1.836
0
3.46
1.224
1.224
3.672
1.424
3.16
0
1.224
0
0
1.224
3.06
0
1.224
3.06
1.836
1.836
0
1.836
1.836
0
0
0
3.672
1.836
1.224
0
0
1.224
0
3.16
0
0.1
0
0
0
0
0
0.1
1.224
1.224
0
0
1.224
1.224
0
3.26
1.224
1.224
1.224
0
0
1.224
1.836
2.448
2.448
2.548
4.284
1.224
1.224
2.448
2.448
2.448
1.224
2.448
0
1.224
5.916
1.324
0
0
0
0.2
0
0
1.224
0.1
1.224
