3.06
0.1
1.824
0
1.324
0
0.1
1.836
1.324
0
1.424
1.224
0.1
0.5
0.3
1.836
0
0
0
0
1.324
1.224
0
0
1.324
0
0.2
0
1.224
0
1.836
1.224
1.924
1.224
1.936
4.996
4.996
3.26
1.936
3.46
3.06
3.96
3.672
1.836
1.836
4.08
1.836
1.836
3.16
4.384
3.16
1.836
4.884
1.836
1.836
3.672
3.16
1.936
3.16
4.28
2.436
2.136
1.836
2.136
2.236
3.16
1.836
1.936
4.38
2.436
3.46
4.484
3.26
3.06
4.26
3.66
3.672
2.856
1.836
3.06
3.16
1.836
3.06
1.836
1.836
1.836
1.836
1.836
1.836
2.436
3.06
1.836
1.836
1.836
1.836
10.94
7.34
3.06
1.836
3.672
1.836
2.436
2.036
3.16
3.672
3.16
3.06
2.336
1.836
3.26
3.56
1.836
3.26
3.06
1.936
2.956
3.06
1.836
3.06
3.16
3.136
1.836
1.836
3.26
2.036
3.26
3.26
3.16
1.836
3.26
3.46
1.836
1.936
1.836
3.16
2.336
4.08
3.16
3.16
2.436
3.26
1.836
1.836
3.16
1.836
1.836
4.08
1.936
3.16
1.936
3.16
3.06
3.36
3.16
3.66
3.56
2.136
2.036
3.66
2.036
3.06
1.836
3.26
1.836
1.836
1.836
3.672
3.06
1.836
2.736
3.06
3.66
3.06
3.26
3.16
4.896
1.836
1.836
3.16
3.46
3.06
3.76
1.836
3.06
2.136
3.26
3.16
3.06
1.836
3.06
2.036
4.284
3.06
3.36
3.16
3.06
3.06
3.06
1.224
0.2
1.424
1.836
0
0.2
2.124
0
1.224
2.548
1.224
1.224
1.224
1.324
0.1
0
1.224
1.2
1.224
0.3
0
0
0
1.224
1.824
1.224
1.324
1.424
1.224
1.224
1.324
2.448
1.324
1.224
1.224
0
1.224
0
2.224
1.324
0
1.424
0
1.324
1.324
0
0
0
0.1
1.836
1.324
0.6
0
0
0
0
0
1.224
0
0.1
1.224
1.224
1.224
1.224
1.224
0.2
1.224
1.224
0.3
1.224
1.224
1.224
1.224
1.424
1.224
1.224
0
0
1.224
1.836
2.448
1.224
1.836
0
1.324
1.224
1.224
1.224
1.224
1.324
1.324
1.224
1.224
1.224
0
0.4
0
0
0
0
0.1
1.224
0
1.524
0.1
0.1
0.1
0
0.1
1.624
0
1.224
0.1
0
1.224
0
0
1.324
1.224
1.224
1.836
1.224
1.224
0
1.824
0.1
0
1.224
0.1
0
0
0
0.4
1.936
0.1
1.424
1.224
0
0
0
1.724
1.224
0
2.448
2.536
1.02
1.624
1.424
2.548
1.324
2.136
1.224
2.548
1.424
0.4
1.1
0
0
3.06
2.036
0
2.448
2.448
1.836
2.448
2.448
1.224
0
0
2.448
0
1.224
1.224
1.324
0
1.224
0
0
0.3
0
0.1
0
1.224
1.624
1.836
0
1.836
0
1.224
2.648
1.224
0.1
0
2.448
0.6
0
0.3
1.224
0
1.424
1.224
0
1.324
1.224
1.224
1.324
1.324
2.448
1.224
1.224
1.324
1.224
0.7
1.424
1.424
0
0.1
0.2
1.524
0
0
0.1
1.224
1.224
1.224
0.7
1.324
1.424
0
2.548
1.324
1.324
0
1.324
1.324
0.2
1.224
0.1
1.224
1.424
1.224
1.224
1.224
0.1
0
1.224
0.2
1.224
1.836
1.324
1.424
1.224
0
0
0
1.424
0
1.224
0
0
0.1
1.424
1.324
1.224
1.224
0.1
1.324
0
0.3
1.624
0.3
0
1.724
1.824
0
1.224
1.524
1.424
0.2
0
0.1
0.3
1.224
0
1.224
0
0.1
0
1.224
1.224
2.036
1.224
1.224
0
1.224
1.324
0.2
0
0
1.324
1.224
1.224
0
1.324
0.2
1.224
0
1.224
1.224
0.3
0
0
1.224
1.324
1.324
1.224
1.224
1.324
0
2.448
1.224
0
0.7
1.224
1.224
1.324
0
1.224
1.624
1.324
0
1.324
1.224
1.324
1.524
2.448
0
1.224
1.224
1.224
1.224
1.324
0.1
1.224
0
1.424
1.836
1.224
1.524
1.224
1.224
1.224
1.224
0
1.324
1.424
1.224
0.1
1.224
1.424
1.224
0
0
1.224
0
0
0
2.448
1.324
1.224
2.448
2.448
1.224
0.1
1.224
0
1.224
0.1
0
1.224
1.224
1.524
1.524
0
1.224
0
0
1.224
1.324
1.224
0
1.224
1.224
1.324
0.1
0.1
0.1
1.224
1.224
1.224
0
1.224
1.224
0.1
0
0
1.224
0
0.1
1.224
1.836
1.836
1.224
0.1
1.524
0
0.1
0.4
0
0
1.824
1.224
4.284
0.1
0
0
1.224
0
0.1
1.224
2.448
0
1.836
1.324
1.324
1.324
1.224
0.1
1.224
1.936
0
1.224
0.1
1.324
1.224
0
1.324
1.324
1.224
0.1
0
1.324
0
1.224
1.224
0.2
1.324
1.224
1.324
1.224
0
0
1.524
0.1
2.448
1.224
0
1.224
0
0
2.548
1.224
1.224
1.224
1.224
1.224
1.324
0
1.224
1.324
2.648
1.424
1.224
1.224
1.936
1.224
1.224
0
1.224
1.424
1.324
0.1
1.324
0
0
0
1.224
0
0
2.036
1.224
1.224
1.224
2.648
1.836
0.1
1.224
0.4
0.1
1.324
1.324
1.224
1.224
1.224
1.224
0.1
0
1.224
0
1.324
1.324
0
0.1
1.324
1.224
0
1.224
1.324
1.836
0
1.224
0
0.5
1.224
0.2
1.324
0
1.224
1.224
1.224
1.324
1.836
2.448
0.1
1.424
0.1
1.324
1.224
1.324
1.224
2.548
0
1.224
1.324
0
1.224
1.224
1.224
1.224
0.9
2.748
0.1
0
0.2
1.224
1.224
1.224
1.324
1.224
0
1.324
0
1.224
2.648
1.224
0
0
1.224
1.224
1.224
1.224
0
2.448
2.448
3.06
1.224
0
1.224
1.224
0.1
3.06
0.5
0.4
1.524
1.424
0
0
0
2.448
0
1.936
0.3
1.324
1.324
1.224
1.324
3.06
0.1
0
1.224
1.224
1.324
1.224
1.324
1.224
1.224
1.224
0
0
1.224
1.324
1.224
0
1.424
1.224
0
1.224
0
0
1.224
1.224
2.548
0
0
1.224
1.324
3.06
1.224
0
1.224
0
1.224
0
0
0
1.324
1.224
1.224
1.224
0.1
1.224
0
1.324
0
1.324
1.224
0
2.448
1.624
0.1
0
1.224
1.224
2.448
1.324
0
1.224
1.424
1.224
1.324
0
2.448
1.224
1.224
1.324
1.224
1.224
1.424
1.824
1.224
0
1.224
0
1.224
1.224
0
1.324
2.448
1.836
1.324
0
2.448
3.36
1.224
1.836
0
0.1
0
0
0
1.224
1.224
1.224
0.1
0
0
0
0.2
1.224
1.224
1.224
0
0
2.448
0
2.548
1.224
1.324
1.224
1.324
0.2
1.224
0
1.724
1.724
1.224
1.224
0
3.16
2.548
1.224
2.848
0.1
1.624
1.424
1.624
0.2
1.324
1.224
0.1
1.224
1.324
3.26
1.224
1.224
1.224
1.324
1.224
1.224
1.224
1.224
1.224
1.224
1.424
0.2
0
1.424
0
0.1
1.224
1.224
0
0
1.624
1.324
1.224
1.224
0.1
0
0
1.224
1.224
1.424
0
0
0.2
1.224
2.748
1.224
1.224
1.324
1.224
0.2
1.224
1.224
0
1.224
0
1.224
1.224
1.524
1.224
1.224
1.324
3.26
1.224
1.224
1.224
1.224
0.2
1.836
1.224
1.724
1.424
0.2
2.448
0
1.224
0
1.524
1.424
0
1.224
1.836
0.3
0
0.2
2.036
2.548
1.224
1.324
1.224
1.836
1.936
0.1
1.224
2.444
0.1
1.324
0
1.224
1.224
1.224
1.224
0
1.224
0.4
1.224
1.324
2.448
1.324
0
1.424
0
1.836
0
1.224
1.224
1.224
0.4
0.1
0.2
1.224
1.224
0
0
1.224
1.324
1.224
2.824
0.1
1.324
1.424
1.324
0.1
0.1
0
0
3.248
2.548
0
0
1.224
1.224
1.224
3.348
2.448
1.524
0
1.324
1.224
0
1.224
0.2
0
1.324
2.744
1.224
1.424
0
2.548
2.548
1.224
0
1.424
1.324
1.224
0.1
0
1.224
2.548
2.748
0
1.224
2.548
1.424
1.224
1.424
1.424
1.224
0
1.524
0
1.424
0.2
1.224
1.224
1.324
0
0
0.2
0
1.02
0.3
2.548
2.448
1.424
0
1.924
1.224
2.448
1.224
0.1
0
1.224
1.724
1.224
1.224
1.224
2.244
1.424
1.224
0.1
1.224
2.448
1.224
1.224
0
1.424
1.324
1.324
1.224
1.224
1.12
0
0.1
1.224
1.224
1.324
0
1.224
1.524
0
2.448
0
1.224
1.324
0.2
1.224
2.848
1.424
1.524
1.624
1.224
1.2
1.224
1.224
1.324
2.748
1.224
0
1.224
0.6
1.324
0
0.1
0
0.1
1.324
1.424
1.424
1.224
2.448
1.224
1.224
1.224
0
2.448
1.224
1.224
1.424
0.4
1.224
1.824
0
1.324
0
0
2.748
1.324
1.524
2.448
1.224
2.648
0.9
1.424
1.224
1.324
0
1.324
1.224
0
0
1.424
1.524
1.324
1.324
1.324
2.548
1.224
1.224
1.724
0
1.424
0
1.224
1.224
0
2.448
1.224
1.224
1.224
1.324
0
1.224
1.224
1.224
1.324
1.324
1.424
2.548
1.524
2.448
0.2
0
1.836
1.224
0.8
0.4
1.224
0
0.1
0.1
1.224
1.424
0.1
1.224
1.524
1.224
0
1.324
1.424
1.324
2.548
0
2.548
1.224
0.2
0.3
0
2.448
1.224
0
1.224
2.548
1.224
1.224
1.524
1.324
1.224
1.224
1.324
1.424
2.748
1.524
2.648
1.424
2.648
0
1.224
1.324
0
1.324
1.224
1.224
0.2
0
1.324
1.224
1.424
1.224
1.424
2.848
0.9
2.548
0.1
1.224
0.5
0
1.224
2.848
0.2
1.324
1.224
3.06
0.1
1.224
1.224
1.524
1.424
1.224
1.324
1.324
1.324
1.224
1.324
0.1
1.224
1.224
1.224
1.224
1.724
1.524
1.324
1.324
0.1
2.748
2.548
1.224
0.1
1.224
2.448
0.1
1.224
0.2
1.836
1.224
2.548
1.224
1.324
0.1
2.548
1.324
0.1
0.1
0
1.224
0
0
1.424
1.324
1.324
1.324
1.324
0
1.224
1.224
1.224
0.2
1.324
1.224
1.524
0
1.224
0
1.224
1.324
1.224
1.224
2.244
1.224
1.224
2.448
1.224
1.424
2.648
0
0.2
1.624
2.448
0
2.548
0.1
0
1.724
0
0.1
1.836
1.524
1.224
1.224
2.648
2.748
1.224
2.548
1.424
1.624
0
2.848
1.324
1.524
1.224
1.824
2.644
2.324
0
1.224
1.224
1.224
1.624
2.244
1.224
1.424
1.224
0.1
1.224
0
0
0.2
1.524
0
1.424
2.648
1.224
1.224
2.448
2.448
1.324
1.224
2.548
3.648
1.524
0.1
2.848
0
0.1
1.424
2.036
1.936
1.224
1.224
1.224
0
2.644
2.448
0.3
2.448
1.936
0.5
0
2.448
0.1
1.224
1.324
0.6
0
1.424
1.724
1.524
1.224
1.224
1.224
2.648
0
1.224
1.324
2.448
1.224
0
1.224
1.224
1.724
1.224
0.1
1.224
1.224
0
2.448
0
2.448
0
1.324
0.1
0.3
1.224
2.244
1.424
1.224
0
1.224
0
1.224
2.024
2.448
0
1.324
1.224
1.324
1.224
1.224
2.344
1.424
0
0
0.1
0
1.324
1.224
1
1.324
0
1.524
0.3
1.224
1.224
1.424
1.424
1.324
1.224
1.224
0
1.224
1.224
0.1
1.524
2.948
1.224
1.324
1.224
0
1.224
1.224
1.224
1.324
1.424
1.224
0
2.448
2.548
1.224
0
1.224
1.224
1.424
0
1.224
0
0.1
1.324
1.224
1.424
1.224
1.224
1.324
3.46
1.424
2.548
0
1.224
1.224
1.224
0
1.324
1.224
2.448
0
1.224
0
0
0.2
1.324
2.548
1.224
1.724
2.244
1.324
1.524
1.224
0
1.224
0.3
1.424
2.748
1.324
1.424
1.224
0
1.224
1.224
1.224
2.744
1.324
1.224
1.324
1.424
2.448
1.524
2.748
1.224
2.548
1.224
1.224
2.448
1.02
2.448
0
0
1.324
1.224
1.224
1.224
1.324
1.324
0
0
1.224
1.224
1.836
1.224
1.224
1.224
1.624
2.024
0
0.4
0
0.1
1.924
1.224
0
0.1
2.024
1.224
0.1
1.224
1.224
2.448
1.424
0
1.324
0.1
0
2.848
1.324
0.3
0.4
0
1.324
1.224
1.224
1.324
1.936
1.224
2.548
1.324
0.5
1.524
0
0
3.16
2.448
1.224
1.224
1.424
1.524
2.448
1.324
1.3
2.548
2.548
1.224
0
0.4
0.6
0.5
1.224
2.648
1.224
0
1.624
1.324
0.5
1.724
0.3
1.224
1.02
2.548
1.424
2.024
2.448
1.224
1.224
0
2.848
1.224
2.848
1.224
1.324
1.224
1.224
1.224
1.224
1.224
1.424
1.524
1.624
1.324
0.3
2.244
0.1
1.324
1.324
1.224
3.148
1.424
1.324
1.424
1.224
2.448
2.448
1.224
2.948
2.648
1.424
2.648
1.524
1.224
1.324
1.324
2.648
1.724
0
1.324
2.448
2.024
1.836
1.324
1.324
1.224
0
1.324
1.324
1.524
1.224
1.324
2.548
1.524
3.16
3.16
1.836
3.76
3.672
3.16
1.424
2.648
1.224
1.424
0
1.224
0
3.26
0
1.324
1.224
0.1
1.524
1.324
2.448
1.324
1.624
0
1
0.1
2.648
1.224
0
0
0
1.224
0
0.2
1.324
0
0
0
2.648
0.1
1.224
1.1
1.836
1.224
0
1.524
1.624
1.524
1.524
1.224
2.124
1.324
1.224
1.524
1.224
1.224
0.1
0.1
3.672
1.224
0
0
1.324
0
0.1
0
1.224
0.1
0.2
1.324
0
1.424
0
1.836
0
0
1.224
0
1.224
0.2
1.224
1.224
1.324
1.836
1.224
1.224
0
1.524
1.324
2.648
2.748
1.224
0
1.224
0
1.324
1.224
1.324
1.224
1.224
1.324
1.224
1.324
1.224
0
1.424
0
1.224
0
1.324
1.224
0
0
2.924
1.224
1.324
1.624
0.4
1.624
