0.3
1.424
3.348
4.372
3.772
1.836
1.224
2.448
0
1.224
1.224
0
1.324
1.824
1.324
1.224
2.244
2.448
2.448
2.448
1.836
2.036
1.224
2.448
1.524
2.448
2.548
2.548
3.672
2.448
2.548
1.224
1
0
1.524
0.3
0
0
0
0.1
0.1
2.636
0
0
0
0
0.1
1.424
0.1
0
0.1
0
0.2
1.224
0.1
1.424
1.224
1.224
0
0.7
2.224
1.424
0
2.648
2.136
0.1
1.224
1.324
0
2.324
0
1.624
1.524
1.836
3.436
1.524
1.224
1.324
1.224
0
1.424
1.224
0
1.224
0
1.224
1.224
0
1.224
4.572
0
1.324
1.324
1.224
1.224
0
0
1.224
2.448
2.448
0
1.724
1.324
0
1.224
0
0
1
1.424
0.1
1.224
1.224
0.1
1.224
0.1
2.036
0
2.448
0
0
3.024
0
2.448
1.524
1.324
0
0
0
0
1.724
0.2
0
1.424
0
1.836
0.5
0
1.324
0.1
0.6
1.224
3.972
1.224
0
1.224
1.224
0.1
1.824
0
1.224
0
0.1
0
0
0
0.2
1.324
0.1
0.7
0.2
0
1.324
0
1.224
0.2
1.224
1.224
1.224
0
4.148
1.324
1.624
1.224
0
1.424
1.624
1.324
1.324
1.836
0.2
0.1
1.424
1.224
2.448
0.1
3.048
0.7
1.324
1.224
2.448
1.424
0.2
0.1
1.224
1.424
0.1
0
0
1.224
1.424
3.16
1.224
0
1.524
0.8
1.224
0
0.2
1.424
1.524
1.224
0.4
2.748
1.224
1.836
2.724
0
5.084
0
4.08
1.224
1.324
1.724
2.548
2.448
1.424
1.224
1.324
2.648
2.448
3.772
3.672
1.224
1.936
1.324
0
3.648
1.836
1.836
0
1.836
0.3
2.336
1.324
1.224
1.224
2.448
2.448
0
2.024
0
1.224
1.224
1.224
1.224
0
3.06
1.624
2.448
0.1
1.324
1.224
1.424
0.2
1.224
1.224
1.324
1.224
0
1.224
0
0.1
0.1
1.424
1.724
0
1.324
1.224
1.224
1.224
3.672
2.448
3.872
3.672
3.772
1.12
1.02
1.02
1.424
1.836
1.836
2.448
1.224
1.824
1.324
0
1.324
0
1.224
0
2.448
1.424
0.1
1.324
1.224
1.224
1.224
1.524
2.448
1.424
2.548
1.224
1.224
2.448
2.448
1.324
0
0.3
1.224
0.1
0
1.324
0.1
0.1
1.524
0.1
1.224
1.224
1.324
1.224
3.348
3.672
1.224
3.86
3.26
1.224
0.1
1.224
0.8
1.224
1.224
0.1
1.624
1.224
0.3
0.2
0.1
1.224
0.4
1.424
0.1
1.224
1.924
2.524
2.448
1.936
0
1.224
2.448
1.424
0
1.224
0
0
1.224
1.324
1.224
1.224
3.26
1.224
1.224
0
1.224
1.224
2.548
1.224
2.648
1.224
1.224
1.424
2.448
2.848
2.448
1.224
3.672
1.524
2.548
1.224
1.224
1.224
2.448
3.672
4.572
3.672
3.972
0
1.836
1.324
1.224
3.672
2.448
4.284
1.224
2.648
2.548
3.06
3.672
3.672
1.524
2.448
3.248
1.724
3.772
3.16
3.872
2.548
1.324
3.672
3.772
2.548
3.06
5.708
1.424
4.172
1.224
1.324
5.508
2.448
1.924
2.748
5.096
2.548
1.324
1.524
2.748
3.872
1.224
2.748
1.224
3.772
3.672
5.808
4.996
2.448
3.672
4.284
3.672
2.448
1.424
3.06
3.772
3.16
3.672
2.548
2.448
1.324
4.984
3.672
1.224
4.172
1.424
2.548
1.224
1.924
3.872
2.448
1.624
2.124
3.76
3.672
1.824
2.524
1.224
2.548
3.972
1.624
4.072
5.508
1.224
2.448
2.448
2.448
1.224
1.224
3.672
1.324
3.672
4.172
3.772
2.448
1.224
3.672
4.384
3.872
1.324
3.16
3.672
1.224
2.548
2.448
4.384
2.548
1.724
1.224
2.448
2.448
4.384
2.948
3.672
2.448
1.224
3.772
2.548
3.06
2.448
3.672
5.508
1.224
3.672
2.548
4.048
1.324
2.448
1.224
3.672
2.448
3.548
2.448
4.284
1.224
2.448
2.748
2.548
1.224
1.224
3.872
1.324
1.324
1.324
1.424
3.872
2.448
4.996
1.424
3.672
1.224
3.048
5.508
2.648
1.224
1.224
2.448
2.548
1.224
1.224
3.26
1.224
2.548
1.324
1.524
4.896
1.524
2.448
2.448
2.548
3.06
4.684
1.224
3.16
3.772
2.448
2.748
2.448
3.672
1.224
3.06
2.548
1.224
1.224
1.524
1.624
2.448
2.448
2.448
1.324
3.06
2.448
1.324
3.772
1.224
2.548
3.672
4.384
1.724
1.324
2.448
1.224
1.324
3.16
2.448
2.448
3.672
5.096
2.448
2.548
3.672
5.908
1.224
3.672
3.672
1.224
3.772
2.224
5.608
2.448
1.924
1.224
1.224
1.924
3.772
2.448
3.672
1.224
1.424
2.448
3.672
3.772
2.848
2.548
1.324
2.548
2.548
1.324
3.16
2.548
2.448
4.284
2.448
1.224
1.224
3.772
2.548
4.284
2.448
1.324
2.548
1.224
1.624
3.672
2.548
2.448
1.224
1.224
1.624
1.424
2.448
4.384
2.548
3.672
2.448
2.748
1.224
2.648
3.06
4.384
2.448
1.324
2.548
3.872
1.224
2.448
1.424
2.648
2.548
3.772
1.224
4.896
2.448
2.948
2.748
1.324
3.772
4.884
1.224
2.448
3.772
1.224
5.096
1.224
2.648
2.648
3.26
2.548
3.772
1.224
1.524
4.996
1.324
2.448
2.448
2.448
1.524
3.672
3.772
3.672
3.16
1.224
1.224
3.56
1.224
3.872
2.448
2.448
3.672
2.448
1.224
3.772
2.648
2.448
3.672
2.448
2.448
1.224
2.548
1.224
1.224
3.06
2.448
3.772
2.548
5.184
1.224
1.524
2.448
3.672
4.284
2.448
4.284
1.324
3.872
2.448
2.548
1.324
3.672
1.224
2.448
3.772
2.448
1.324
2.448
1.324
1.424
3.672
2.448
2.448
1.224
3.672
3.748
2.948
2.548
1.324
3.872
3.672
2.448
1.224
1.224
3.06
3.672
3.26
5.608
1.624
2.748
1.224
4.896
2.448
1.224
2.448
3.872
2.548
1.224
2.548
2.748
2.548
1.324
3.672
4.284
1.224
3.872
2.448
3.872
2.848
3.16
2.848
3.672
3.972
1.224
2.548
4.284
2.448
4.772
5.608
1.224
4.284
1.224
1.224
3.06
3.772
2.448
3.972
2.448
1.224
2.748
2.448
3.772
2.448
3.672
2.448
1.424
2.448
1.324
3.672
5.708
3.672
3.16
5.608
2.548
1.224
1.224
1.324
3.872
2.448
2.448
2.648
4.284
2.448
4.284
2.448
1.224
2.448
1.224
1.324
2.548
3.672
2.548
2.448
2.448
3.672
2.448
3.06
4.896
2.448
3.672
2.448
2.448
1.324
2.448
3.972
2.448
1.224
1.224
1.224
3.26
1.324
3.672
1.324
1.324
1.224
4.272
2.448
2.548
3.772
3.672
3.872
4.284
1.224
3.248
3.248
1.424
1.424
4.284
3.672
1.324
1.424
4.384
1.424
1.224
2.448
1.624
3.972
1.224
2.848
3.672
1.724
1.224
3.772
3.672
2.448
2.448
2.548
1.324
1.324
1.524
3.672
2.548
2.548
4.372
2.748
1.224
2.448
2.448
2.548
1.224
2.448
1.524
4.896
1.324
4.684
3.06
4.284
4.384
3.672
4.072
4.472
1.224
3.672
3.672
3.672
3.36
3.772
3.348
3.872
5.096
4.072
1.324
2.448
3.672
3.672
4.996
3.772
3.672
3.772
3.06
3.06
3.06
2.648
1.324
3.772
1.224
2.448
2.748
2.548
2.448
4.472
3.672
3.872
2.448
1.224
1.224
2.548
3.772
2.748
4.784
3.772
5.808
2.448
5.496
3.672
3.672
3.06
1.224
3.16
6.832
13.472
9.072
2.448
1.324
3.06
3.06
4.484
4.384
4.072
3.16
1.424
2.448
3.672
2.448
2.448
2.448
1.224
1.224
2.548
2.448
2.748
2.448
1.224
1.324
3.972
1.524
2.244
1.224
1.724
1.624
2.036
1.324
2.448
0
1.524
1.424
1.524
1.324
3.06
0
2.224
1.836
1.524
0.2
1.224
1.524
1.324
1.224
0.4
0
2.036
0
0
1.724
0
1.224
0
0
0
0
2.448
0
4.672
0
0.3
0.1
0
1.224
0.1
1.224
2.448
1.324
0
0
1.324
2.848
1.424
0.1
0
1.224
1.224
1.224
0
0
0.2
1.4
0.1
0.1
0
0.1
2.024
1.224
1.224
0
0.4
0.1
2.344
2.244
2.856
2.244
1.224
0.6
0.1
1
0
0
3.16
1.224
0.1
1.224
1.324
0
0.1
0.1
0
1.224
1.424
1.224
0
1.324
1.424
1.224
1.324
1.224
1.224
2.448
0
0
3.672
0
0
1.224
1.836
0.9
1.224
0.1
1.224
0.1
1.224
0.5
1.424
0
2.448
0.1
3.06
1.324
1.224
0
0
1.424
0.2
0
1.324
1.224
1.824
0
0
0
1.224
1.324
1.224
0.2
1.836
0
0.6
0.1
0
1.424
1.724
0.1
0
0.1
0
1.224
0
2.448
2.548
0
1.836
0
1.224
0
1.424
1.224
0.1
2.448
0
0.1
1.224
0
1.224
0.2
0
2.448
0.3
0
0.2
0.6
0.1
0
0.6
0
0
0.1
0.4
1.324
2.448
1.324
1.924
1.324
1.224
2.448
1.224
0.2
0.3
1.324
0
0
1.324
1.224
0.1
0.1
1.224
0
1.324
1.224
0
1.624
0
0.6
1.224
0.1
1.424
1.524
0.1
0.4
1.324
1.324
0
0
2.224
0
0
0
1.224
0.1
0
1.224
1.224
0
0.2
1.224
0
0.1
0.3
0
0
0.3
0
2.948
1.424
0
0
0
1.836
0
0
0
1.936
1.224
0
1.224
1.324
1.224
0
0
1.524
1.424
0.2
1.424
1.224
1.224
0
2.024
1.624
1.224
1.224
3.06
1.224
1.224
0.1
1.224
0.1
1.224
0
1.224
0
1.324
1.224
0.1
1.224
0.1
0
2.336
1.724
2.448
0
0.1
1.224
0.1
0.4
0
1.224
1.224
0
0
1.224
0
0.5
1.224
0
0
1.836
1.324
1.224
0.1
3.26
1.224
0.1
0
0
1.324
1.324
0
0
0.3
0
0.2
1.524
1.624
1.224
1.424
0
3.26
1.224
0
0.9
1.224
1.224
1.324
1.224
1.224
1.224
0
1.424
0
1.424
1.224
0
0.1
0
0.1
3.672
0
0
1.224
0.1
0.5
1.224
0
0
1.224
0.2
0
0
1.224
0
1.836
2.448
0
1.224
1.224
0
1.836
0
1.224
1.324
0
0.1
1.224
1.324
1.224
1.224
0
1.224
2.548
0.2
0.4
0
0
2.448
0
0
0
1.936
0
0
0.4
1.224
1.224
1.224
0.1
1.524
2.448
0
0
0
2.448
0
0
1.324
1.324
1.324
1.224
1.324
0
1.324
0
1.424
1.224
0
1.224
1.836
2.448
0.2
1.224
2.036
0.2
0
1.224
0
0
0.2
0.1
1.324
3.16
1.424
0
0.3
0.2
0.3
1.324
0
2.448
1.224
1.324
0
0
0.1
0
0
0
3.06
0.1
1.324
1.224
0
0.1
0
0.1
0
0
0
0
3.16
0.2
2.224
0.4
1.424
1.324
0
1.224
1.424
0.2
0.2
1.224
0
2.448
1.224
2.136
0
1.224
0
1.224
1.724
0.1
0
2.036
0.1
1.224
1.424
1.424
1.224
1.324
0.2
0
0
0
1.624
1.224
1.224
1.324
0.1
0.1
2.448
0
1.224
0.3
2.036
1.836
0.1
1.224
1.224
0
1.224
0
1.224
0
0.5
0.4
0
0
1.424
0
0
0
1.224
1.224
0.7
0.2
1.324
0
0.1
0.1
0.1
0
0
1.324
1.224
1.224
1.224
0
1.324
0
2.124
0
1.224
0.3
1.624
1.324
1.224
0.2
0
0.1
0
1.224
0.1
1.224
1.224
0
1.224
3.56
0
0
0
1.224
1.224
0
0
1.324
2.648
0
1.424
1.424
0.3
1.324
2.448
0
1.224
1.624
0
0
2.448
1.224
1.224
0
0
0.3
0
1.624
0.7
1.324
0
1.424
1.836
0
0.1
1.224
3.06
0
0
1.224
0.1
1.324
1.324
1.624
1.224
3.06
0
0.4
0.1
2.748
0.3
0
1.224
0
0
1.324
2.648
1.224
1.724
0.1
0
0
0.1
0.1
0.1
0
1.224
0
0.4
0.1
2.024
0.2
0
0
1.224
2.448
0
0
1.424
2.448
1.224
0
0
1.224
2.448
0
0
1.224
2.448
0
1.224
1.224
0
0
1.424
1.224
2.024
1.324
1.424
1.324
1.424
0.7
2.448
1.224
1.224
1.924
0
0.1
1.324
0.1
1.836
0.1
1.836
0.1
0
1.324
1.624
0.1
1.324
2.648
0.1
0.8
1.224
0.1
0.1
1.324
0.3
3.16
0.2
1.224
3.06
1.224
1.224
0
0
0.1
0
0
0.4
0
1.836
2.624
0
0
0
2.648
1.424
2.324
1.424
0
2.036
0
0
1.424
1.224
1.624
0
0.2
0.3
2.036
0.1
0.1
3.948
0
0.2
0
3.06
0.1
0
0.3
0
0
0
1.324
0.1
0.2
0
0
1.224
1.324
0.1
1.224
0
1.424
1.224
1.836
0
0.4
0.6
0
0.1
0
0
1.424
1.224
1.724
0
1.424
1.936
0.9
1.836
0
1.324
0.2
0.2
2.548
0.1
0.5
1.624
1.224
0.1
0.1
1.424
1.224
0
0
0.6
1.624
1.324
0.3
1.224
0.2
0.3
0.2
0.3
0
3.36
1.224
1.524
1.224
1.224
1.224
1.836
1.224
0.3
4.284
1.324
0
2.448
1.724
0
0
1.224
0.3
1.224
1.8
1.324
0
0
1.224
1.224
3.672
0
1.836
2.648
0
2.448
1.224
2.448
0
3.06
0
7.108
1.524
1.224
1.836
1.624
0.9
2.124
0.6
1.224
0.9
1.524
4.384
0.1
0
0.1
1.324
1.524
2.448
3.16
2.336
2.448
0.4
3.672
2.036
3.16
1.224
0.1
1.324
1.224
3.872
0
1.224
1.224
2.448
1.224
0
1.324
0
4.572
1.324
1.224
0
2.448
1.224
0
0
3.448
2.448
0.5
0.6
0
1.224
1.224
0
2.448
3.672
1.424
2.448
1.224
2.848
2.448
2.448
3.672
4.896
3.972
1.324
2.448
5.508
2.244
1.02
1.224
0
1.4
0.2
0.1
1.424
3.248
1.624
