0.1
1.324
3.048
3.772
3.772
1.836
1.224
2.448
0
1.224
1.224
0
1.224
1.524
1.624
1.224
2.244
2.448
2.448
2.448
1.836
1.936
1.224
2.448
1.224
2.448
2.548
2.648
3.672
2.548
2.448
1.224
0.5
0.1
1.424
0
0
0
0
0
0.1
3.036
0
0
0
0
0.1
1.224
0.2
0.1
0
0
0.2
1.224
0
1.224
1.324
1.324
0
0.3
1.724
1.424
0.1
2.748
2.036
0.2
1.224
1.224
0
1.524
0.1
1.824
1.524
1.836
2.636
1.624
1.224
1.324
1.224
0
1.624
1.224
0
1.224
0
1.224
1.224
0
1.224
3.972
0.2
1.224
1.324
1.224
1.224
0.2
0.2
1.224
2.548
2.448
0
1.324
1.424
0
1.224
0
0
0.2
1.224
0
1.324
1.224
0
1.224
0
1.936
0
2.448
0
0
2.724
0
2.548
1.224
1.324
0
0.1
0
0
1.524
0
0
1.224
0
2.036
0.1
0.2
1.324
0.1
0.3
1.324
3.672
1.224
0.1
1.224
1.224
0.1
1.324
0
1.224
0.1
0
0
0.1
0.2
0.1
1.524
0
0.5
0
0
1.324
0
1.224
0.1
1.224
1.224
1.224
0
3.948
1.324
1.524
1.224
0
1.224
1.624
1.224
1.224
1.936
0.1
0
1.424
1.224
2.448
0.3
2.648
0.3
1.224
1.224
2.548
1.324
0.1
0.1
1.424
1.324
0.1
0
0.1
1.224
1.524
3.26
1.224
0
1.324
1.2
1.324
0
0.4
1.624
1.324
1.224
0.1
2.648
1.224
1.836
2.324
0
4.684
0
4.08
1.224
1.224
1.924
2.448
2.448
1.324
1.224
1.224
2.448
2.448
3.772
3.672
1.324
2.036
1.224
0.1
3.348
1.836
1.836
0.1
1.836
0.5
2.236
1.224
1.224
1.224
2.448
2.448
0
1.824
0
1.324
1.224
1.224
1.224
0
3.06
1.224
2.448
0.1
1.324
1.224
1.224
0
1.224
1.224
1.524
1.224
0
1.224
0
0.2
0
1.224
1.424
0
1.224
1.224
1.224
1.224
3.672
2.448
3.872
3.672
3.872
1.12
1.02
1.02
1.324
1.836
1.836
2.448
1.224
1.724
1.324
0
1.324
0
1.224
0
2.448
1.224
0.1
1.524
1.424
1.224
1.524
1.324
2.548
1.224
2.548
1.224
1.224
2.448
2.548
1.324
0
0
1.224
0.2
0
1.324
0.1
0
1.424
0
1.224
1.324
1.324
1.224
2.848
3.672
1.224
3.26
3.06
1.224
0
1.224
0.4
1.224
1.224
0
1.924
1.224
0
0.3
0
1.324
0.3
1.324
0
1.524
1.624
2.024
2.448
2.036
0
1.324
2.448
1.224
0.3
1.224
0.1
0.1
1.224
1.324
1.224
1.224
3.16
1.224
1.224
0
1.324
1.224
2.448
1.224
2.548
1.224
1.324
1.224
2.548
3.048
2.448
1.224
3.672
1.424
2.448
1.424
1.224
1.224
2.448
3.872
4.672
3.672
3.772
0.1
1.836
1.224
1.224
3.772
2.548
4.384
1.224
2.848
2.548
3.06
3.772
3.672
1.624
2.448
2.748
1.324
3.872
3.06
3.872
2.448
1.224
3.672
3.772
2.448
3.06
5.708
1.324
3.872
1.324
1.324
5.508
2.548
1.524
2.548
4.896
2.448
1.224
1.424
2.848
3.672
1.224
2.748
1.524
3.672
3.672
5.808
4.896
2.548
3.872
4.284
3.672
2.448
1.424
3.06
3.672
3.06
3.672
2.548
2.448
1.324
4.484
3.772
1.324
4.272
1.424
2.448
1.224
1.324
3.772
2.448
1.224
1.824
3.36
3.672
1.624
1.424
1.224
2.448
3.772
1.424
3.872
5.508
1.324
2.448
2.448
2.448
1.224
1.324
3.772
1.324
3.672
3.672
3.872
2.548
1.224
3.672
4.384
3.672
1.324
3.06
3.672
1.224
2.748
2.448
4.384
2.448
1.424
1.224
2.548
2.448
4.284
3.048
3.672
2.448
1.224
3.972
2.548
3.06
2.448
3.772
5.508
1.324
3.672
2.448
3.248
1.224
2.448
1.224
3.672
2.748
3.248
2.448
4.284
1.224
2.448
2.748
2.748
1.224
1.224
3.872
1.224
1.324
1.324
1.324
3.772
2.448
4.996
1.224
3.772
1.524
2.748
6.008
2.448
1.224
1.224
2.548
2.548
1.224
1.224
3.16
1.224
2.448
1.324
1.624
4.996
1.324
2.548
2.448
2.448
3.16
4.384
1.324
3.16
3.872
2.448
2.548
2.448
3.672
1.324
3.06
2.648
1.224
1.224
1.424
1.324
2.448
2.548
2.448
1.224
3.06
2.548
1.324
3.672
1.324
2.648
3.772
4.284
1.724
1.224
2.448
1.224
1.224
3.06
2.448
2.448
3.672
4.896
2.448
2.448
3.672
5.908
1.324
3.672
3.672
1.224
3.772
1.924
5.608
2.448
2.024
1.324
1.224
1.624
3.772
2.448
3.672
1.224
1.324
2.548
3.672
3.872
2.648
2.648
1.324
2.548
2.748
1.224
3.16
2.648
2.448
4.384
2.448
1.224
1.224
3.672
2.448
4.284
2.448
1.524
2.448
1.224
1.524
3.672
2.548
2.448
1.224
1.224
1.224
1.224
2.448
4.484
2.448
3.672
2.448
2.848
1.224
2.648
3.16
4.284
2.448
1.224
2.448
3.772
1.224
2.448
1.224
2.448
2.448
3.872
1.224
4.896
2.648
2.648
2.748
1.224
3.672
4.484
1.224
2.448
3.672
1.224
4.896
1.224
2.548
2.648
3.06
2.448
3.772
1.224
1.224
4.996
1.324
2.448
2.448
2.448
1.324
3.772
3.972
3.672
3.26
1.424
1.324
3.36
1.224
3.972
2.448
2.448
3.672
2.548
1.224
3.772
2.648
2.448
3.672
2.448
2.448
1.224
2.448
1.224
1.224
3.06
2.448
3.672
2.548
5.184
1.224
1.524
2.648
3.672
4.284
2.448
4.284
1.424
3.672
2.548
2.548
1.324
3.772
1.224
2.648
3.772
2.448
1.324
2.448
1.224
1.224
3.772
2.448
2.448
1.324
3.672
3.548
2.948
2.448
1.224
3.772
3.672
2.448
1.224
1.224
3.06
3.672
3.06
5.508
1.724
2.648
1.224
4.896
2.448
1.224
2.448
3.872
2.448
1.224
2.448
2.548
2.548
1.324
3.672
4.284
1.324
4.172
2.448
3.972
2.748
3.26
2.848
3.672
3.872
1.224
2.448
4.284
2.648
4.272
5.808
1.224
4.284
1.224
1.224
3.06
3.772
2.448
3.772
2.448
1.224
2.648
2.448
3.772
2.548
3.672
2.448
1.324
2.448
1.324
3.672
5.608
3.672
3.16
5.508
2.548
1.224
1.224
1.224
3.672
2.448
2.448
2.548
4.284
2.448
4.284
2.648
1.224
2.448
1.224
1.224
2.448
3.672
2.548
2.448
2.448
3.672
2.448
3.06
4.896
2.548
3.672
2.648
2.448
1.224
2.448
4.272
2.548
1.224
1.224
1.224
3.06
1.424
3.672
1.624
1.324
1.224
4.172
2.448
2.448
3.772
3.772
3.672
4.484
1.224
2.748
3.248
1.324
1.224
4.284
3.672
1.224
1.224
4.484
1.224
1.224
2.448
1.224
3.972
1.224
2.848
3.672
1.424
1.224
3.872
3.672
2.448
2.448
2.548
1.224
1.224
1.224
3.672
2.448
2.448
3.872
2.748
1.624
2.448
2.448
2.448
1.324
2.448
1.324
4.896
1.424
4.784
3.06
4.484
4.384
3.672
4.072
3.872
1.424
3.672
3.672
3.772
3.26
3.672
3.148
3.872
5.296
4.072
1.224
2.448
3.772
3.672
5.096
3.872
3.672
3.672
3.16
3.06
3.06
2.648
1.224
3.672
1.224
2.548
2.548
2.448
2.448
4.172
3.672
3.772
2.448
1.224
1.224
2.548
3.672
2.548
4.484
3.672
5.808
2.448
4.996
3.672
3.672
3.06
1.224
3.26
6.932
9.072
12.372
2.548
1.424
3.16
3.16
4.684
4.584
4.072
3.06
1.324
2.448
3.672
2.448
2.448
2.648
1.424
1.324
2.448
2.448
2.748
2.548
1.224
1.224
3.872
1.324
2.244
1.324
1.824
1.324
2.136
1.624
2.448
0
1.424
1.624
1.324
1.224
3.06
0
1.924
1.836
1.624
0
1.224
1.324
1.424
1.224
0.4
0
2.136
0
0
1.424
0
1.224
0
0.1
0
0
2.448
0
4.072
0
0.2
0
0
1.224
0
1.224
2.448
1.224
0
0
1.224
2.748
1.324
0.1
0
1.224
1.224
1.224
0
0
0
1
0
0.1
0.1
0
1.424
1.224
1.224
0
0.3
0.1
2.244
2.344
2.856
2.244
1.224
0.2
0
0.4
0.1
0.1
3.16
1.224
0.2
1.324
1.224
0
0
0
0.1
1.324
1.524
1.224
0.1
1.324
1.324
1.224
1.224
1.224
1.224
2.448
0.3
0.1
3.772
0
0
1.224
1.836
0.5
1.324
0.1
1.224
0.2
1.324
0.3
1.424
0
2.448
0.2
3.16
1.224
1.324
0
0
1.224
0.2
0
1.224
1.224
1.524
0
0
0
1.324
1.324
1.424
0.2
1.836
0
0.1
0.1
0
1.224
1.324
0
0.1
0.1
0.1
1.224
0
2.448
2.548
0.1
1.936
0
1.224
0
1.324
1.224
0
2.548
0
0.1
1.224
0
1.324
0.2
0
2.648
0
0
0.1
0.2
0.3
0
0.7
0
0
0
0.6
1.224
2.548
1.224
1.624
1.224
1.224
2.448
1.224
0
0.2
1.224
0.1
0
1.224
1.224
0.1
0
1.224
0
1.224
1.224
0
1.524
0
0.2
1.224
0
1.224
1.424
0.2
0.2
1.624
1.524
0
0.1
1.624
0
0
0.3
1.324
0
0
1.224
1.324
0
0.5
1.224
0
0
0.1
0.1
0.1
0.3
0
2.848
1.224
0
0
0
1.936
0
0
0
1.836
1.224
0
1.224
1.224
1.724
0.1
0
1.524
1.324
0.1
1.324
1.224
1.224
0
1.724
1.724
1.224
1.224
3.06
1.224
1.224
0
1.224
0.2
1.224
0
1.324
0.1
1.324
1.424
0
1.224
0.2
0.1
2.136
1.324
2.448
0.1
0
1.224
0
0.3
0.1
1.224
1.224
0.1
0.1
1.324
0
0.1
1.224
0.1
0
1.836
1.224
1.224
0
3.06
1.224
0
0
0.1
1.424
1.224
0.1
0
0.1
0
0
1.724
1.424
1.224
1.424
0
3.26
1.224
0
0.8
1.324
1.224
1.224
1.324
1.224
1.224
0
1.224
0
1.324
1.224
0
0.1
0
0
3.672
0
0
1.224
0
0.3
1.324
0
0
1.224
0.3
0
0
1.224
0
1.836
2.448
0.2
1.524
1.224
0
1.836
0
1.224
1.224
0
0.1
1.224
1.224
1.224
1.224
0
1.224
2.648
0.1
0
0.1
0.1
2.448
0
0
0
1.836
0.2
0
0.2
1.224
1.224
1.224
0
1.324
2.448
0
0
0
2.548
0
0
1.424
1.324
1.224
1.324
1.324
0
1.224
0
1.324
1.224
0.2
1.224
1.936
2.448
0.1
1.224
1.936
0.2
0.2
1.224
0.1
0.1
0.4
0
1.824
3.16
1.224
0
0.8
0.1
0.4
1.224
0
2.548
1.224
1.324
0
0
0.3
0
0
0
3.06
0.2
1.224
1.324
0
0
0.1
0
0
0
0
0
3.16
0.1
2.024
0.5
1.324
1.424
0
1.224
1.524
0.1
0.1
1.324
0.1
2.448
1.224
1.836
0
1.324
0.1
1.224
1.724
0
0
1.936
0
1.224
1.324
1.324
1.224
1.424
0.2
0
0
0
1.324
1.224
1.224
1.424
0
0
2.448
0
1.224
0.3
1.836
1.836
0.1
1.324
1.224
0
1.224
0
1.224
0
0.4
0.1
0
0
1.224
0
0.1
0.1
1.324
1.224
0.4
0
1.224
0
0
0.1
0
0
0
1.524
1.224
1.224
1.224
0
1.324
0
1.824
0
1.224
0.3
1.324
1.224
1.224
0.1
0.1
0
0
1.224
0
1.224
1.224
0.1
1.224
3.46
0
0
0
1.224
1.424
0
0
1.224
2.448
0
1.224
1.324
0
1.224
2.448
0
1.224
1.424
0
0.1
2.448
1.224
1.224
0
0
0
0
1.724
0.7
1.224
0
1.224
1.836
0
0.1
1.224
3.06
0
0
1.224
0
1.224
1.224
1.224
1.624
3.06
0
0.3
0.3
2.648
0.1
0
1.224
0
0
1.424
2.648
1.424
1.224
0
0
0
0
0
0.1
0
1.224
0
0
0
1.524
0.4
0.1
0.1
1.224
2.448
0
0
1.424
2.548
1.224
0
0
1.224
2.448
0
0.2
1.224
2.448
0
1.224
1.224
0
0
1.324
1.424
1.724
1.224
1.424
1.324
1.424
0.4
2.448
1.324
1.224
1.524
0
0
1.224
0
1.936
0
2.036
0
0
1.224
1.424
0.1
1.324
2.548
0
0.5
1.224
0
0
1.324
0.1
3.06
0
1.224
3.06
1.324
1.224
0.1
0
0.2
0
0
0.3
0.1
1.936
2.024
0
0
0.1
2.548
1.424
1.924
1.624
0
2.036
0
0
1.324
1.324
1.324
0
0.2
0.1
1.836
0.2
0
2.948
0.1
0
0
3.06
0.2
0
0.2
0
0
0
1.324
0
0.2
0
0
1.524
1.424
0
1.224
0
1.224
1.424
1.836
0
0.3
0.1
0
0.2
0
0.1
1.324
1.224
1.424
0
1.224
1.936
0.4
1.836
0
1.324
0.2
0.3
2.548
0
0
1.624
1.224
0.4
0
1.524
1.324
0
0.1
0.1
1.424
1.224
0.1
1.224
0.2
0
0
0.5
0
3.16
1.224
1.324
1.224
1.524
1.224
1.836
1.224
0.6
4.284
1.324
0.1
2.448
1.424
0
0
1.224
0.4
1.224
1.1
1.324
0.1
0
1.224
1.224
3.672
0
1.836
2.848
0.1
2.448
1.224
2.448
0.1
3.06
0
6.808
1.324
1.224
1.836
1.524
0.1
1.924
0.1
1.224
0.5
1.324
4.584
0
0
0
1.224
1.524
2.448
3.06
2.036
2.448
0.1
3.672
2.036
3.06
1.224
0
1.324
1.324
3.772
0
1.224
1.224
2.448
1.224
0
1.224
0
3.972
1.224
1.324
0
2.448
1.324
0
0.1
3.048
2.548
0.3
0.3
0
1.224
1.224
0
2.448
3.672
1.424
2.548
1.424
2.748
2.448
2.448
3.772
4.896
3.972
1.224
2.448
5.508
2.244
1.02
1.224
0.3
1
0.1
0
1.524
2.948
1.524
