1.824
0.7
4.048
1.624
2.448
1.224
1.324
1.224
2.448
1.224
2.548
2.448
1.424
2.424
1.524
0
0
0
0
0.1
1.224
1.524
0
0
1.524
0
0.1
1.424
2.648
1.224
0
2.448
2.924
1.224
0
1.724
1.224
1.424
0.1
2.024
1.224
2.624
0
0
0.1
1.324
0.1
0.7
1.724
2.948
1.224
0.3
3.148
0
0.2
0.1
1.324
0.2
1.324
1.924
1
0.4
0.2
0.7
0.6
1.424
0.1
0.2
1.524
1
1.624
2.748
1.324
1.324
2.424
1.424
0
0.2
0
1.224
2.524
0
1.224
0
0
0
0
0
0
0.6
1.224
0
0.1
0.2
0
2.748
2.748
1.224
0.2
0
0
0.6
0.5
1.224
0
1.424
1.224
1.1
0
1.224
2.024
0
1.224
1.224
0.2
0.2
1.224
0.3
1.224
1.224
1.6
0
0
1.624
0
1.224
1.424
1.424
0
1.824
1.324
0.2
0.4
0.3
1.624
0.4
1.624
1.324
1.924
0.5
1.224
0
0
2.124
0
0.1
1.524
0.1
1.524
0
1.224
1.224
1.324
1.324
2.024
2.024
0.1
0.1
1.624
0.1
1.524
0
1.324
0
0.1
0.1
0.1
1.224
0.2
1.9
1.224
1.624
1.224
1.324
1.324
2.024
0
0
1.524
1.624
1.624
3.824
1.224
2.448
1.524
3.048
3.348
2.648
1.624
2.448
1.624
4.172
2.748
3.548
2.548
3.048
2.548
2.848
2.448
0.4
1.424
0
0
0.1
2.724
0
1.324
2.848
1.324
1.324
1.224
1.324
0.2
0
1.224
2.2
1.224
1.2
0
0
0
1.224
3.948
2.448
2.448
2.848
2.448
2.448
2.848
3.772
2.548
2.448
1.324
0.1
1.324
0
3.724
1.324
0
1.324
0
1.724
1.324
1.224
0
0.1
0
0
1.324
0.4
0
0
0
0
0
1.224
0
0.5
1.324
1.624
1.324
1.224
1.224
0.3
1.224
1.224
0.9
1.224
1.224
1.224
1.224
1.424
1.224
1.324
0.9
0
1.224
0.2
2.448
1.224
1.224
1.224
3.048
2.448
2.448
1.224
1.224
1.224
1.324
1.224
1.224
2.448
0
1
0
0
0
0
0.1
1.224
0.1
1.224
0.1
0.3
0
0
0.5
1.724
0
1.424
0.3
0
1.224
0
0
1.324
1.224
1.224
0
1.424
1.224
0
1.624
0.2
0.3
1.324
0
0.1
0.1
0
0.4
0
0
1.424
1.324
0
0
0.1
2.324
1.224
0
2.448
1.2
0
1.724
1.624
2.548
1.324
0.4
1.224
2.548
1.324
1
1.4
0
0
1.224
0.1
0
4.372
3.872
0
2.448
2.448
1.224
0.1
0
2.448
0
1.224
1.224
1.224
0
1.324
0
0
0.8
0.1
0
0.1
1.324
1.924
1.224
0
1.224
1.324
2.448
4.272
2.448
1.224
1.224
3.672
2.724
1.224
1.324
2.548
0
2.648
2.448
1.224
2.548
2.448
2.448
3.048
2.448
3.672
2.448
2.448
2.748
2.448
2.424
3.048
2.548
1.224
1.524
1.324
2.548
1.224
1.324
1.324
2.448
2.548
2.748
1.824
2.448
2.448
1.224
3.872
2.548
2.948
1.324
2.548
2.448
1.324
2.448
1.324
2.548
3.148
2.548
2.548
2.448
1.324
1.224
2.448
1.424
2.448
1.224
2.448
2.748
2.448
1.224
1.224
1.224
2.548
1.224
2.448
1.424
1.224
1.224
2.848
2.448
2.548
2.448
1.224
2.448
1.424
1.524
4.348
1.824
1.224
3.248
3.148
1.224
2.648
2.848
2.748
1.524
1.224
1.424
1.524
2.448
1.224
2.448
1.324
1.424
1.324
2.448
2.448
1.224
2.448
2.448
1.224
2.448
2.448
1.424
1.224
1.224
2.448
4.048
2.448
1.324
2.948
1.324
2.448
1.324
2.448
2.448
1.524
1.224
1.224
2.448
2.748
2.548
2.448
2.448
2.448
1.324
3.672
2.448
1.224
2.424
2.548
2.448
2.448
1.224
2.748
2.748
2.648
1.324
2.448
2.548
2.948
2.948
3.672
1.224
2.548
2.448
2.548
2.448
2.648
1.524
2.448
1.324
2.448
1.324
2.648
3.248
2.648
2.448
2.548
2.448
1.224
2.448
2.448
2.448
1.224
2.448
2.848
2.548
1.224
1.424
2.448
1.424
1.224
1.324
3.672
2.548
2.748
3.672
3.872
2.448
1.424
2.448
1.224
2.448
1.224
1.224
2.448
2.448
3.548
2.748
1.224
2.448
1.224
1.224
2.448
2.548
2.448
1.224
2.448
2.448
2.448
1.224
1.424
1.224
2.448
2.548
2.548
1.324
2.448
2.448
1.224
1.224
1.224
2.548
1.224
1.524
2.548
1.224
1.224
2.448
1.324
3.148
1.224
1.224
1.524
1.224
1.224
3.448
2.948
3.672
1.324
1.224
1.324
2.548
1.224
1.424
2.548
4.872
1.224
1.224
2.548
2.448
2.448
2.548
1.324
2.448
1.224
1.224
2.448
1.224
2.448
2.448
1.224
2.848
2.448
2.448
1.624
1.224
2.448
1.224
2.448
2.648
1.524
2.648
2.548
2.648
2.448
1.224
1.424
3.448
1.224
4.372
2.448
1.224
2.548
1.224
1.324
3.872
2.448
2.448
2.648
2.548
2.448
2.448
1.224
2.448
3.048
3.972
3.048
2.448
2.648
1.424
2.448
2.548
1.224
2.448
2.648
2.448
1.224
2.748
1.224
1.224
1.224
2.448
1.424
1.224
1.424
2.448
2.448
2.448
3.672
1.324
1.324
2.448
1.624
1.324
3.248
2.848
2.448
2.448
2.448
2.448
1.224
1.224
2.448
1.224
2.848
2.548
1.224
1.524
2.548
2.548
1.324
2.448
2.448
1.224
1.224
2.448
1.224
2.524
2.448
1.524
2.448
1.224
2.448
2.448
2.448
3.648
1.324
3.972
1.324
2.648
1.524
2.548
2.748
2.548
2.448
3.772
1.224
2.548
2.548
1.324
2.448
2.448
2.548
2.448
2.424
6.372
1.224
1.324
1.424
2.448
2.448
2.448
2.448
2.448
1.224
2.448
1.224
2.648
3.972
2.448
1.224
1.224
2.448
2.448
2.448
2.448
1.224
3.672
3.772
2.548
2.448
1.224
2.448
2.448
1.524
2.448
1.524
1.824
2.648
2.548
1.224
1.324
1.224
3.672
1.224
1.224
1.924
2.448
2.448
2.448
2.548
2.448
1.224
1.624
2.448
2.948
2.448
2.448
2.548
2.548
2.448
2.748
1.324
1.224
2.448
2.448
2.448
1.224
2.548
2.448
1.224
2.548
1.324
1.324
2.448
2.648
3.772
1.224
1.224
2.648
2.448
2.448
2.448
1.224
2.448
1.224
2.448
1.224
1.224
1.224
2.848
2.448
2.448
2.448
1.224
2.448
1.324
2.548
1.224
2.748
2.448
1.224
3.672
3.548
1.224
1.224
2.448
2.548
3.672
2.548
1.224
2.848
2.748
2.448
3.048
1.324
3.672
2.448
2.548
2.548
2.448
2.648
2.848
3.548
2.448
1.224
2.448
1.224
2.548
2.548
1.224
2.648
3.672
1.224
2.648
1.224
3.672
2.548
2.448
1.324
1.224
1.324
1.224
1.224
1.224
2.548
2.448
2.448
1.424
1.224
1.224
1.224
1.624
2.748
2.548
2.448
1.424
1.224
3.772
1.224
4.272
2.448
2.848
2.448
2.448
1.424
2.548
1.224
2.748
3.048
2.448
2.448
1.224
2.448
3.672
2.548
4.372
1.324
3.148
2.848
3.248
1.224
2.548
2.448
1.724
2.448
2.448
2.448
2.448
2.448
2.448
2.748
2.448
2.548
2.448
2.848
2.848
2.448
2.548
1.924
1.224
2.948
1.224
1.324
2.448
2.548
1.224
1.224
3.148
2.448
2.548
2.448
1.724
1.224
1.224
2.448
2.548
2.548
1.224
1.324
1.424
3.772
13.596
4.072
2.448
2.448
2.448
1.524
2.548
2.448
1.224
2.748
1.224
2.548
2.748
2.548
2.448
2.648
2.548
2.748
2.648
2.448
2.448
2.848
0.3
0
1.324
2.224
1.524
0.2
2.648
0
1.224
0.1
1.724
1.324
0
1.224
0
0.5
0
0.6
0
2.448
2.448
1.724
1.224
0.2
0
0.1
1.624
1.324
0.3
1.424
0
1.224
1.324
1.224
1.324
0
1.224
1.1
1.224
1.624
2.748
1.224
0
1.524
0
1.224
0
1.224
1.224
1.224
0.4
0.2
0.1
1.224
1.224
0.1
0
1.224
1.624
1.424
4.824
0
1.324
1.324
1.224
0.9
0.1
0.2
0
3.148
2.648
0.1
0
1.224
1.224
2.448
4.772
4.072
2.948
1.324
2.548
2.448
1.224
2.448
1.524
1.324
2.648
3.248
2.748
2.948
1.324
4.072
3.672
2.548
1.624
3.148
2.548
2.648
1.224
1.224
2.848
4.872
4.972
1.224
2.448
3.672
2.548
2.448
4.248
2.548
2.748
1.324
2.948
1.324
4.248
1.324
2.448
2.448
2.748
1.324
1.524
1.224
1.224
1.224
1.224
5.172
3.672
2.548
1.224
3.548
2.448
3.872
2.748
1.424
1.424
2.648
3.248
2.848
2.548
3.048
2.448
2.748
2.848
1.824
2.448
5.272
2.848
2.448
1.224
2.548
2.548
2.548
3.048
2.648
1.424
1.224
1.424
2.548
2.448
2.648
1.324
2.448
3.148
1.224
3.672
1.324
2.848
2.648
1.224
2.848
3.672
2.748
3.748
2.848
2.448
3.024
2.448
2.448
2.948
4.672
2.848
1.824
2.548
1.824
2.648
1.224
1.224
1.324
1.224
2.848
2.548
2.548
2.448
3.672
2.448
2.948
2.748
1.224
3.672
2.448
2.448
2.648
1.724
2.448
2.948
1.224
3.148
1.624
1.824
5.672
3.048
4.348
4.472
2.848
3.872
2.724
2.448
2.548
2.748
1.324
3.048
2.448
1.324
1.424
2.648
3.248
2.648
2.448
2.548
4.372
2.648
2.748
3.548
1.224
3.248
1.324
2.548
2.448
1.424
3.672
2.448
2.548
2.448
2.748
1.224
2.448
2.448
2.548
3.248
2.848
3.048
3.972
2.848
4.272
1.324
1.224
1.324
2.448
3.124
1.824
2.448
1.324
1.524
1.224
2.748
2.548
1.324
2.748
3.248
2.448
1.624
2.848
2.648
2.948
3.772
1.224
4.372
2.448
1.824
1.824
1.224
3.872
2.548
1.324
3.048
6.272
2.448
2.448
2.648
2.548
2.448
2.448
2.748
3.648
4.372
4.448
3.972
2.648
4.072
1.324
2.448
2.548
1.224
2.648
2.548
2.948
1.724
1.224
2.548
2.448
3.148
2.448
2.648
4.172
1.824
3.672
2.024
2.748
1.624
1.224
2.448
6.072
1.324
2.448
2.548
2.448
1.324
2.648
2.448
3.448
2.648
2.548
2.448
2.848
2.448
2.448
2.948
1.324
2.548
2.548
2.448
4.148
3.748
3.048
2.548
2.448
1.324
5.772
4.672
2.448
1.724
2.448
3.672
1.324
2.548
1.824
1.224
2.448
3.872
2.548
2.448
1.324
3.972
2.848
1.424
1.324
1.324
2.448
1.224
1.224
2.748
2.548
2.948
2.648
2.548
1.224
2.648
2.548
2.848
1.624
2.748
2.448
3.248
1.224
2.448
1.224
2.448
2.748
2.448
2.548
2.448
2.548
2.548
3.672
2.448
2.548
5.772
1.324
1.224
2.648
3.972
1.324
3.772
1.624
1.224
3.248
1.224
1.424
1.224
2.848
2.548
3.048
5.472
5.572
2.448
3.972
2.748
3.248
1.224
5.272
2.748
3.048
2.448
3.548
3.348
3.848
1.224
2.448
2.848
2.548
2.748
2.448
2.448
2.948
2.648
1.424
2.548
1.224
1.424
1.424
2.548
1.224
2.648
4.072
2.648
2.448
3.672
3.672
2.548
2.648
5.372
5.572
4.748
1.824
3.872
1.224
1.324
3.248
1.324
1.624
2.848
2.548
2.648
1.224
2.748
3.772
1.224
3.672
1.224
1.724
1.324
3.672
1.524
2.448
2.548
1.524
1.624
2.448
3.148
2.848
2.648
2.448
2.548
4.172
1.224
2.648
2.948
4.872
2.548
1.324
2.448
2.448
3.048
2.448
1.224
2.448
2.648
1.324
3.672
1.324
3.672
1.324
2.448
2.024
1.924
2.548
2.448
2.648
2.448
1.224
2.648
1.424
2.548
3.048
3.872
1.224
2.748
2.648
2.448
2.648
2.448
2.448
3.248
1.424
1.424
1.224
1.224
2.448
2.448
2.124
2.448
1.224
2.648
1.624
2.548
2.448
2.848
2.648
2.548
2.448
2.548
1.624
2.448
2.448
1.224
2.448
4.672
2.448
2.448
2.448
1.324
2.448
2.648
2.548
2.448
2.548
2.448
1.224
3.772
4.072
2.648
1.524
2.448
2.448
2.948
1.224
2.648
1.324
1.324
2.548
2.448
2.548
2.948
2.448
3.248
3.748
2.648
4.972
1.324
2.448
2.548
2.648
1.324
2.548
2.448
3.672
1.224
2.448
1.324
1.224
1.424
3.148
3.772
2.448
3.548
3.148
3.148
2.648
2.648
1.224
2.548
1.424
2.948
4.672
2.548
2.848
2.548
1.224
2.648
2.848
2.448
2.948
2.548
2.448
2.448
3.148
4.972
3.448
4.672
2.448
5.272
3.748
2.448
3.772
1.224
4.772
1.224
1.224
2.448
2.448
2.548
2.448
2.648
2.648
1.424
1.224
2.448
2.448
1.424
2.448
2.448
2.548
2.748
4.648
1.524
1.524
1.224
1.524
4.048
2.548
1.224
1.324
3.348
2.648
1.324
2.748
2.948
3.872
2.748
1.624
2.548
1.524
1.424
4.872
3.248
1.424
1.524
1.324
3.348
2.548
2.648
2.648
1.224
3.148
3.772
2.748
1.424
2.548
1.324
1.224
2.948
3.672
2.448
2.748
3.448
2.948
3.672
2.448
3.324
3.772
3.672
2.748
1.224
2.624
2.624
2.124
2.448
4.872
2.448
1.224
2.848
2.648
1.524
2.748
1.324
2.648
1.324
3.872
3.148
3.648
3.672
2.748
2.548
1.324
4.672
2.448
5.372
2.448
2.648
2.448
2.648
2.548
2.948
2.448
3.048
3.548
3.048
2.748
1.224
2.648
1.224
2.648
2.448
2.448
5.472
3.448
2.448
2.548
2.448
3.672
3.772
2.548
5.172
3.672
2.548
4.372
2.948
2.448
2.448
2.448
4.072
3.448
1.224
2.548
3.872
3.348
1.224
2.548
2.548
2.648
1.324
2.648
2.548
3.248
3.448
3.048
4.472
3.248
3.148
3.848
1.324
3.448
1.224
3.648
2.648
5.772
3.872
3.672
1.224
2.448
1.224
3.348
1.224
1.324
1.424
0.2
1.824
1.324
2.448
1.324
2.024
0
1.6
0.2
2.548
1.224
0
0
1.224
1.224
0.2
0.3
1.424
0.2
0
0
2.648
0
1.224
3.324
1.324
1.224
0
1.624
1.724
2.424
2.224
1.224
2.024
1.324
1.224
1.224
1.224
1.324
0
0
0
1.424
0
0
1.524
0
0.1
0.1
1.224
0.3
0.1
1.224
0
1.624
0
0.1
0.1
0.2
1.224
0
1.324
0.6
1.224
1.424
1.224
0
1.224
1.224
0.1
1.824
2.448
2.548
2.548
1.224
0
1.224
0.2
2.548
2.448
2.448
2.748
2.648
2.848
2.648
2.648
2.448
1.224
2.548
0.2
1.224
1.224
1.224
1.224
1.224
0.2
2.824
1.524
1.324
3.048
0.9
2.748
