0
0
2.948
1.724
3.672
1.836
0
0
0
0
0.1
1.224
1.224
0.2
0.3
0
1.224
0
0
0
4.284
4.284
0
0
0.2
0
0.1
2.648
3.672
2.448
0.2
2.448
0.4
0
1.324
0.1
0.1
0.1
0.1
0.1
0
3.46
0
0
0
1.224
0
1.224
0
2.548
1.224
0
2.548
1.224
0
0
1.224
1.224
0
1.624
1.724
1.224
0.1
0.1
1.836
0
1.224
1.324
1.224
1.324
0.1
2.548
1.324
1.836
3.76
0
1.224
0.2
1.224
0
1.424
1.224
1.224
1.224
0
1.224
1.224
0
0
1.524
0
0
1.324
1.224
1.224
1.324
1.324
1.324
0
0
0
1.424
1.324
0
0
0.1
0
0.4
1.224
0.1
1.524
1.224
0
2.448
0
1.836
0
1.224
0
0
1.624
0
0
1.524
1.324
0
0
1.324
0
2.648
0
0
1.224
0
3.16
0.2
1.224
2.448
1.324
0.2
0
1.224
1.224
1.224
1.224
1.224
1.324
1.224
0
1.224
1.324
0.1
0
0
0.2
0.3
1.424
0.2
0.2
0.1
0
1.224
0
1.224
0
1.224
0.1
1.324
0
0.5
1.224
1.424
2.448
0
2.448
1.224
1.224
1.224
4.284
0
0.1
2.448
0
2.448
0.1
2.448
1.224
2.448
1.224
2.548
0.1
1.224
0.1
2.648
2.548
1.224
1.224
0.1
1.224
0.2
3.16
0
0
2.648
0.4
1.224
0
1.324
1.224
0
1.224
0
0
1.224
1.936
1.624
0
3.56
0
4.384
1.224
1.224
2.948
2.548
2.448
2.448
2.448
2.448
2.548
3.672
2.548
2.448
2.448
1.836
1.224
0
2.648
3.16
3.06
1.224
1.836
1.424
3.16
1.224
1.224
0
1.224
1.224
1.224
0.6
1.224
1.224
2.448
1.224
0
1.224
3.06
1.324
1.324
1.224
2.548
1.224
0.1
0
1.224
1.224
0.4
1.224
1.224
2.448
0
0
1.224
1.224
1.624
1.224
1.224
1.224
2.448
1.224
2.448
2.448
3.672
2.448
3.872
0.2
1.224
1.224
3.672
4.384
4.284
2.448
2.244
1.524
0
0
0
0
1.224
0
0.1
1.224
0
0
0.1
1.224
1.324
1.224
0
1.324
1.424
1.224
2.448
0
0
1.424
0
1.224
0
1.224
0
0
0.1
0.1
1.224
0
1.224
0
0
1.224
0.5
1.324
0
3.06
3.06
1.224
0
0
0.1
0
1.224
1.324
1.624
1.324
0
1.424
1.224
1.224
0
1.224
1.324
1.324
1.324
1.624
0
1.836
0
1.224
0
2.648
1.224
0
1.224
1.224
2.448
0.1
0
1.224
2.036
1.224
1.224
1.224
1.224
1.224
0
1.224
1.824
0
0.1
0.1
1.224
1.524
1.224
1.224
1.224
1.224
2.448
2.648
1.224
1.324
1.224
2.448
1.724
2.448
1.524
1.224
1.836
2.448
1.224
1.224
2.448
4.384
1.224
4.072
3.672
5.708
3.672
3.672
3.772
2.448
1.724
2.648
2.448
4.284
2.448
2.448
1.324
1.224
2.448
2.448
5.508
4.384
2.448
1.324
1.224
3.672
3.06
3.772
4.172
2.648
2.448
2.648
2.448
1.224
3.672
1.324
1.224
2.548
2.548
1.224
2.448
3.16
2.448
1.224
1.224
4.384
2.448
3.772
3.872
4.284
1.224
3.16
1.224
3.672
2.448
2.448
4.984
2.448
1.224
3.048
2.448
3.672
2.448
1.524
2.548
2.548
1.324
2.948
3.16
1.224
2.548
1.924
1.224
1.224
2.548
2.648
1.424
4.284
1.224
1.624
3.672
1.224
1.224
1.224
1.224
1.224
3.672
1.624
1.224
3.672
1.224
2.448
4.384
3.872
2.448
4.284
1.324
3.772
3.772
2.448
3.16
3.772
1.424
1.224
1.324
3.772
4.284
1.524
1.224
3.672
1.224
3.872
2.548
4.284
2.448
3.772
3.06
2.448
2.448
2.548
3.048
2.448
2.448
3.672
1.324
3.972
4.072
3.772
4.384
1.224
2.548
2.548
2.448
2.448
1.224
3.772
1.224
1.324
2.448
1.224
1.424
3.672
2.548
2.548
1.224
2.548
2.448
4.484
4.996
1.224
2.448
1.224
2.748
2.448
1.224
3.16
2.448
2.648
2.548
1.224
2.448
1.324
2.448
2.448
2.548
4.284
5.508
2.548
5.508
2.448
2.448
1.224
3.672
1.224
2.548
4.284
1.324
3.672
2.548
1.724
2.448
1.224
3.872
1.224
1.324
4.284
2.448
1.224
1.224
2.548
2.448
2.448
4.284
3.048
1.224
2.448
2.448
2.448
4.284
2.448
2.448
1.324
3.872
1.224
2.448
1.324
3.26
2.548
1.224
1.224
1.224
2.448
3.772
4.384
1.224
2.748
1.224
1.224
1.624
2.548
2.448
1.224
1.324
1.224
3.772
1.224
1.324
3.872
2.548
1.324
1.324
3.772
2.448
4.384
3.772
2.448
4.284
1.224
1.224
3.672
1.224
3.772
3.06
2.448
2.448
1.224
1.224
1.424
1.224
2.748
2.448
1.224
1.224
1.324
3.772
3.672
6.008
3.672
1.224
1.424
2.748
1.224
3.772
4.284
5.708
3.772
1.224
1.324
3.772
1.224
2.448
3.772
2.448
2.448
3.872
1.224
3.672
2.448
2.648
2.448
1.224
1.324
3.26
1.224
3.672
1.224
3.672
3.972
2.448
1.324
2.548
3.06
1.224
2.448
2.448
1.324
2.448
1.224
4.896
2.448
3.672
2.448
1.224
2.648
3.672
4.484
1.224
2.548
4.884
1.224
2.548
2.448
2.448
1.224
2.448
1.224
1.224
2.448
2.448
1.224
1.224
2.448
2.448
2.448
1.224
1.224
3.06
2.448
2.448
1.224
3.46
2.548
1.224
3.672
1.224
4.384
3.672
4.384
2.548
1.224
2.448
3.672
2.648
2.548
2.448
2.548
2.448
3.672
2.448
2.448
1.224
3.672
2.648
3.672
2.448
2.448
3.672
1.924
2.548
1.324
1.324
2.548
4.896
3.672
1.224
2.448
5.508
1.224
5.708
4.284
2.548
2.648
1.224
2.448
1.224
1.224
2.448
4.072
2.548
1.224
2.548
2.448
2.448
1.324
2.448
4.284
2.448
2.548
2.448
1.324
1.524
5.608
3.672
1.224
2.648
1.224
2.448
5.508
1.324
2.948
4.384
1.324
4.284
2.548
2.448
3.06
2.648
2.448
2.448
2.548
1.224
2.448
2.448
2.548
3.672
1.224
1.224
2.448
2.448
3.672
1.224
5.708
2.448
4.384
5.608
1.224
1.224
1.224
1.224
2.648
2.448
2.448
3.672
4.384
1.224
4.284
1.324
1.224
1.224
1.224
1.224
2.548
1.224
2.548
2.548
3.672
3.672
1.224
3.06
2.448
3.772
2.448
2.648
2.448
1.224
3.672
4.072
2.448
1.324
2.448
3.772
5.508
2.548
1.224
2.548
1.324
2.448
4.072
2.448
2.448
3.772
1.224
3.672
4.284
2.448
3.972
2.848
2.448
1.224
4.284
1.224
3.672
2.448
3.36
2.648
3.772
1.224
1.324
1.324
2.448
3.772
2.448
2.548
1.324
1.324
2.448
1.224
2.448
3.672
2.448
2.448
1.324
2.448
2.448
2.448
1.424
3.872
2.448
2.448
1.324
1.224
2.448
2.448
2.448
3.672
1.224
4.584
5.508
3.16
4.384
1.224
2.648
2.748
2.448
4.896
1.224
3.672
5.808
3.672
2.848
2.448
4.072
3.772
3.672
2.548
2.548
3.672
2.548
3.772
2.648
2.548
5.608
5.608
5.508
4.692
3.672
3.772
2.448
3.772
3.872
3.672
2.548
3.148
2.448
3.672
2.448
1.224
1.224
1.224
1.224
1.324
7.032
2.548
4.884
2.448
2.448
1.224
2.448
4.284
3.672
4.384
4.284
4.484
4.684
2.448
2.448
5.608
5.608
9.952
8.452
2.448
5.608
3.672
2.448
4.896
2.448
3.672
3.872
3.672
3.772
3.672
2.448
3.972
3.672
2.448
2.448
4.996
0.1
0
1.224
1.724
1.224
3.26
2.548
0
2.448
1.324
2.748
1.324
1.224
5.508
0
0.7
3.06
1.524
0.1
1.224
2.448
2.548
1.224
0
0
1.836
1.224
0
1.324
1.224
1.324
0
1.224
1.224
1.224
0
0
1.524
1.224
0
1.324
0
1.224
1.224
1.224
1.224
0
1.224
1.224
0
0.1
1.224
0.2
1.324
0
0
0
1.224
1.224
1.324
2.124
0
1.224
0
1.324
0
1.224
0.1
0
1.224
1.324
1.324
0
1.836
2.448
1.224
1.224
1.224
0.4
0
0.1
1.836
1.224
0
1.324
0
1.224
0
1.224
1.324
0
2.548
2.548
1.224
1.224
1.224
2.548
2.448
0
1.224
2.448
1.324
1.324
1.224
1.224
1.224
0
1.836
1.524
1.224
1.224
1.224
1.224
0.1
1.424
1.224
1.224
2.448
0.1
3.16
1.224
1.224
0
0
1.324
1.224
2.448
2.448
0
2.848
1.224
1.224
1.224
1.224
1.224
2.548
0.1
3.06
1.224
1.324
1.224
1.224
2.448
1.224
1.224
1.224
0
1.224
0
0
1.324
1.224
1.224
4.384
0
1.224
0
2.448
1.224
1.224
1.224
1.324
0.1
1.224
1.224
1.224
0.1
1.224
0
1.324
1.224
1.224
1.324
0.2
1.224
0.5
0
0
1.324
1.324
2.448
1.224
2.448
0.3
1.324
0
0
0
0
0.1
0
1.324
1.224
1.224
0
1.224
1.224
1.224
2.448
2.448
1.224
1.224
0.3
1.224
0
0
1.224
1.324
1.224
1.424
2.448
2.648
1.224
1.224
1.224
1.624
1.224
0
2.448
1.224
1.324
1.224
1.224
1.224
0.4
0
1.224
0
1.324
1.324
1.224
1.224
1.324
0
2.548
0
1.224
1.224
0
3.16
1.224
0
0.1
3.06
0
1.224
2.448
2.448
2.648
1.324
0
2.548
1.324
1.224
0
0
0.1
1.224
1.724
0.1
0
1.224
3.16
0
2.448
1.224
1.224
1.424
1.224
0
1.224
0
1.224
1.224
1.224
1.224
1.324
0
2.036
1.224
1.224
1.324
2.448
1.224
1.324
1.224
1.224
1.224
2.448
0
1.224
2.448
1.224
1.224
2.448
1.324
1.224
3.16
2.448
1.224
1.324
1.936
0
1.224
1.224
1.324
0.1
1.224
0
0
0
0
0
1.324
0.1
2.448
1.224
1.224
3.16
1.224
1.224
1.324
0
0
1.224
1.224
1.224
2.548
2.448
3.672
0
2.448
1.224
1.324
0
1.224
0
1.224
1.224
1.224
2.448
1.224
0.1
2.548
0.1
0
1.224
1.224
1.224
1.224
1.324
1.224
3.06
1.224
0.1
1.224
0
0
3.16
1.224
0
0
1.324
0.1
1.224
0.1
0
2.448
0
1.224
2.548
1.224
1.224
1.324
0
1.224
1.224
1.224
1.224
1.836
0.1
1.224
0.2
1.224
2.448
1.224
1.224
0
1.224
0
1.324
1.224
2.548
1.224
1.224
1.224
1.224
0
1.224
2.448
1.224
1.224
1.224
1.224
0
0.2
1.224
1.836
1.224
1.224
0
3.06
1.324
1.324
1.224
1.224
0
0
0
1.324
1.836
3.672
1.324
0.4
1.224
0.2
0
0
2.648
3.672
0.1
0
1.224
1.324
0
0.1
1.224
3.06
1.224
0.1
1.224
0
1.324
1.224
0
0
1.224
2.448
1.224
1.936
2.448
1.524
1.324
1.224
1.224
0
1.324
2.448
0
0
1.224
1.324
2.448
0
3.16
1.224
0.1
1.224
0
1.524
0
1.224
1.936
0
2.548
1.224
1.224
2.448
1.224
1.224
0.1
1.224
1.224
2.548
1.224
2.448
1.324
1.224
1.224
1.224
1.224
1.224
1.424
4.284
1.836
1.324
1.224
1.224
1.224
1.224
1.224
1.224
0
0.2
0.1
1.224
0
0
1.224
0
1.324
1.224
2.448
0.1
1.224
1.224
0.1
1.224
0
0
1.224
0
2.448
1.224
1.224
0
0
0
1.224
1.424
0
1.224
1.224
0
2.448
1.224
0
1.224
0
1.224
1.224
0
0.1
0
0
2.548
3.16
1.224
0
1.224
1.224
1.224
0
1.224
2.448
2.448
1.224
1.224
1.224
1.424
2.448
0
0
2.448
1.224
0
0
1.224
1.224
1.224
1.324
1.224
0
1.224
1.424
1.524
0.1
1.324
0
4.284
1.224
0
0
4.284
1.224
1.224
0
1.324
0
1.224
1.224
2.448
3.06
0.1
0
1.424
2.548
0.1
1.224
0
0
0.1
2.548
2.448
2.548
2.448
1.224
0
0
0
0
1.324
0
0
0.1
0
1.224
2.648
1.424
1.324
2.448
2.448
2.448
1.224
0
1.224
0
0
0
0.1
1.224
2.448
0
1.324
1.224
1.224
1.224
2.448
1.224
1.224
0
1.424
1.324
1.424
1.324
1.224
0.1
1.424
1.524
2.448
1.224
1.224
2.748
1.224
0.1
1.224
1.224
3.16
0
1.936
0
0
0
1.224
0
0.1
0
0
0.2
1.224
0.1
1.224
0
1.224
3.06
1.224
1.224
1.936
0
0
1.224
1.224
0
1.224
0.2
1.224
1.224
4.484
0.2
1.224
1.224
0
0
1.224
0.3
0
0
3.16
1.324
0
1.324
1.224
1.324
0.1
0
1.324
1.836
1.224
1.324
2.648
1.224
1.224
1.224
3.06
1.224
0
1.224
1.324
0
1.224
1.324
1.224
1.224
0.1
1.224
3.672
0
1.224
1.224
1.224
1.324
2.448
1.836
0
2.548
2.648
0
0
0.2
1.224
2.448
2.448
2.548
1.224
2.448
3.16
0.1
1.836
0.1
2.448
1.224
1.324
1.224
0
1.324
0.1
0
0
1.224
1.524
1.224
1.224
0
1.224
2.548
2.448
1.224
2.448
1.424
1.224
0
1.524
0.1
5.608
1.224
1.324
2.448
2.448
1.224
4.284
0
2.748
3.06
1.224
0
0
0
0
1.224
0
0.3
1.224
1.62
1.02
3.468
1.02
2.244
2.244
2.244
0
1.836
0.1
2.548
0.1
1.224
0
2.548
1.936
0
3.96
2.448
2.448
3.06
1.324
1.524
1.624
1.524
1.224
0.2
2.648
3.06
0
1.224
1.224
0
0.4
1.224
3.06
3.06
0
0
1.224
3.06
1.836
2.448
0
1.324
1.224
2.448
1.324
0
0
1.324
1.324
1.224
0
0
2.648
1.224
2.448
0
1.224
1.224
1.224
0
1.624
1.224
2.848
1.224
0
1.224
3.672
0.1
3.672
4.896
2.548
2.548
1.324
1.524
3.672
3.772
4.896
2.448
3.672
1.224
1.224
4.284
2.448
0
1.224
0
0.7
0
0
2.448
0.5
2.448
