3.16
0.5
1.724
0.3
1.224
0.2
0
1.836
1.424
0
1.224
1.224
0.2
0.2
0.2
1.836
0
0
0
0
1.324
1.424
0
0
1.224
0.1
0.3
0
1.224
0
1.936
1.224
1.824
1.224
1.836
5.196
4.896
3.06
1.836
3.26
3.06
3.76
3.672
1.836
1.836
4.08
1.836
2.136
3.06
4.684
3.06
2.036
4.784
1.836
1.836
3.672
3.06
1.836
3.06
4.38
2.836
1.836
1.836
2.036
1.936
3.06
1.836
1.836
4.08
2.536
3.16
4.384
3.06
3.06
3.66
3.56
3.672
2.956
1.836
3.06
3.36
1.836
3.16
1.836
1.836
1.836
1.836
1.836
1.836
2.136
3.06
1.836
1.836
1.836
1.836
7.34
10.64
3.06
1.836
3.672
1.836
2.636
1.936
3.06
3.672
3.06
3.06
2.536
1.836
3.06
3.36
1.836
3.16
3.06
1.836
3.056
3.06
1.836
3.06
3.06
2.636
1.836
1.936
3.36
1.836
3.06
3.16
3.16
1.836
3.76
3.26
1.936
1.936
1.936
3.16
2.036
4.48
3.16
3.26
2.336
3.16
1.936
1.836
3.16
1.836
1.836
4.18
1.936
3.06
1.836
3.06
3.16
3.16
3.26
3.26
3.16
1.836
1.936
3.46
1.836
3.06
1.836
3.16
1.836
2.036
1.836
3.672
3.06
1.936
3.136
3.06
3.36
3.06
3.16
3.06
4.996
1.836
1.836
3.16
3.56
3.36
3.26
1.936
3.16
2.136
3.36
3.86
3.06
1.936
3.06
2.036
4.384
3.16
3.46
3.06
3.16
3.06
3.06
1.224
0.2
1.324
1.836
0
0.1
1.824
0
1.224
2.648
1.224
1.324
1.224
1.224
0.3
0
1.224
0.8
1.224
0.4
0
0
0
1.224
1.724
1.224
1.224
1.324
1.224
1.224
1.224
2.448
1.324
1.224
1.224
0.1
1.324
0
2.024
1.324
0
1.824
0
1.424
1.224
0
0
0
0
1.836
1.224
0.8
0
0.1
0
0
0
1.224
0
0.2
1.324
1.224
1.324
1.224
1.224
0.2
1.224
1.224
0.1
1.224
1.224
1.224
1.224
1.324
1.224
1.324
0.1
0
1.224
1.836
2.448
1.224
1.836
0
1.324
1.224
1.324
1.324
1.224
1.224
1.224
1.224
1.224
1.224
0
0.4
0
0
0
0
0.1
1.224
0
1.224
0
0.2
0
0
0.1
1.424
0
1.424
0.1
0
1.324
0
0
1.224
1.224
1.224
1.836
1.324
1.224
0
1.524
0
0.1
1.224
0
0.1
0
0
0.4
1.836
0.1
1.524
1.324
0
0
0
1.624
1.224
0
2.448
2.536
1.02
1.324
1.324
2.448
1.224
1.936
1.224
2.448
1.224
0.3
1.1
0
0.1
3.06
1.836
0
2.648
2.648
1.836
2.448
2.448
1.224
0
0
2.448
0
1.224
1.224
1.224
0
1.224
0
0
0.4
0
0
0
1.324
1.424
1.836
0
1.836
0.2
1.224
2.548
1.224
0
0
2.448
0.8
0
0.2
1.224
0
1.524
1.224
0
1.224
1.324
1.224
1.224
1.324
2.548
1.224
1.224
1.424
1.224
0.8
1.324
1.224
0
0.1
0
1.224
0
0
0.1
1.324
1.224
1.224
0
1.324
1.324
0
2.548
1.524
1.324
0
1.224
1.224
0.2
1.224
0.2
1.224
1.824
1.524
1.224
1.224
0.3
0
1.324
0.1
1.224
1.836
1.224
1.424
1.224
0
0
0
1.524
0
1.224
0.1
0
0
1.624
1.324
1.424
1.324
0.2
1.424
0
0.3
1.824
0.5
0
1.524
1.924
0
1.224
1.524
1.424
0
0
0
0.1
1.224
0
1.224
0
0.1
0
1.224
1.324
2.236
1.224
1.324
0
1.224
1.224
0
0
0
1.224
1.324
1.324
0
1.224
0.2
1.224
0
1.324
1.224
0.6
0
0
1.224
1.324
1.224
1.224
1.224
1.324
0
2.448
1.224
0
0.7
1.224
1.224
1.224
0
1.424
1.524
1.224
0.1
1.224
1.224
1.324
1.524
2.448
0
1.224
1.224
1.324
1.224
1.324
0.1
1.224
0.1
1.524
1.936
1.324
1.324
1.224
1.224
1.224
1.224
0
1.324
1.324
1.224
0
1.224
1.524
1.324
0.1
0
1.224
0
0
0
2.448
1.424
1.424
2.448
2.448
1.224
0.1
1.224
0.1
1.224
0.1
0
1.224
1.324
1.524
1.324
0
1.224
0
0
1.224
1.224
1.224
0
1.324
1.324
1.224
0
0.1
0
1.224
1.224
1.224
0
1.224
1.224
0
0
0
1.224
0
0.2
1.324
1.836
1.836
1.324
0.2
1.724
0
0
0.6
0
0
2.024
1.324
4.284
0
0.1
0.1
1.224
0
0.2
1.524
2.448
0
1.836
1.324
1.324
1.224
1.224
0
1.224
1.836
0.1
1.224
0
1.224
1.224
0
1.224
1.224
1.224
0.2
0
1.224
0
1.224
1.224
0.2
1.424
1.224
1.324
1.224
0
0.1
1.524
0.1
2.748
1.324
0
1.224
0
0
2.548
1.224
1.224
1.224
1.224
1.324
1.324
0
1.224
1.224
2.648
1.524
1.224
1.324
1.936
1.224
1.224
0
1.224
1.224
1.224
0.2
1.424
0
0
0
1.224
0.1
0
1.936
1.224
1.224
1.224
2.448
1.836
0
1.224
0.3
0
1.424
1.324
1.424
1.324
1.224
1.224
0
0
1.324
0
1.424
1.224
0
0
1.424
1.224
0
1.224
1.224
1.836
0
1.224
0
0.7
1.224
0.2
1.324
0
1.224
1.224
1.224
1.224
1.836
2.448
0.1
1.224
0.3
1.324
1.224
1.224
1.224
2.448
0
1.224
1.324
0.3
1.224
1.224
1.224
1.224
1
2.748
0
0
0.1
1.424
1.224
1.224
1.224
1.224
0
1.324
0
1.324
2.548
1.224
0
0
1.224
1.224
1.224
1.224
0
2.448
2.448
3.06
1.324
0
1.224
1.224
0.3
3.06
0.2
0.3
1.224
1.224
0
0
0
2.448
0
2.336
0.3
1.224
1.324
1.224
1.224
3.06
0
0
1.224
1.324
1.224
1.224
1.424
1.224
1.224
1.424
0
0
1.224
1.224
1.324
0
1.224
1.224
0.1
1.324
0.1
0
1.224
1.324
2.648
0
0
1.324
1.224
3.16
1.324
0
1.224
0.1
1.224
0
0.1
0.1
1.324
1.224
1.224
1.224
0
1.224
0
1.324
0
1.524
1.224
0.1
2.448
1.524
0
0
1.224
1.424
2.548
1.324
0
1.424
1.324
1.224
1.524
0
2.448
1.224
1.224
1.224
1.224
1.224
1.524
1.724
1.224
0
1.224
0
1.324
1.224
0.1
1.224
2.448
1.836
1.324
0
2.548
3.26
1.224
1.936
0
0
0
0
0
1.224
1.224
1.224
0
0.1
0
0.1
0.3
1.224
1.224
1.224
0.3
0
2.448
0
2.548
1.224
1.324
1.224
1.224
0.1
1.224
0
1.324
1.424
1.424
1.224
0
3.06
2.548
1.224
3.148
0
1.624
1.424
1.324
0
1.624
1.224
0
1.424
1.424
3.16
1.224
1.224
1.224
1.524
1.224
1.324
1.224
1.424
1.324
1.224
1.224
0.4
0
1.424
0
0
1.224
1.224
0.2
0
1.524
1.224
1.324
1.324
0.2
0
0
1.224
1.324
1.324
0
0
0.2
1.224
2.748
1.224
1.224
1.324
1.324
0
1.224
1.224
0
1.224
0
1.224
1.324
1.324
1.224
1.324
1.224
3.16
1.324
1.224
1.324
1.324
0
1.836
1.324
1.324
1.424
0.4
2.448
0
1.224
0.1
1.324
1.224
0
1.224
1.836
0.4
0
0.1
1.936
2.448
1.224
1.224
1.224
1.836
1.936
0
1.424
2.244
0.3
1.424
0
1.224
1.224
1.224
1.324
0
1.224
0.5
1.224
1.224
2.448
1.224
0
1.324
0
1.836
0
1.224
1.224
1.224
0.2
0.1
0
1.324
1.224
0.1
0
1.224
1.224
1.324
2.324
0
1.224
1.224
1.224
0.2
0.1
0
0
3.148
2.648
0
0
1.224
1.224
1.224
3.048
2.448
1.924
0.1
1.324
1.224
0
1.424
0.2
0
1.224
2.244
1.324
1.324
0
2.548
2.548
1.224
0
1.324
1.324
1.224
0
0
1.324
2.448
2.748
0
1.224
2.448
1.324
1.224
1.724
1.324
1.324
0
1.424
0
1.624
0.1
1.324
1.224
1.424
0.2
0
0.1
0
1.12
0.1
2.448
2.448
1.224
0
1.624
1.224
2.448
1.424
0
0.2
1.424
1.424
1.224
1.224
1.424
2.344
1.224
1.324
0.1
1.224
2.548
1.324
1.324
0
1.224
1.324
1.224
1.524
1.324
1.12
0
0
1.224
1.224
1.224
0
1.224
1.724
0
2.448
0
1.224
1.324
0.2
1.324
2.548
1.424
1.624
1.324
1.224
0.6
1.224
1.224
1.224
2.548
1.524
0
1.324
0.6
1.524
0
0
0.1
0.1
1.424
1.324
1.324
1.224
2.448
1.224
1.224
1.224
0
2.448
1.224
1.224
1.324
0.4
1.224
1.924
0
1.324
0.1
0.1
2.648
1.324
1.424
2.448
1.224
2.448
0.7
1.224
1.224
1.324
0
1.324
1.224
0
0
1.524
1.724
1.224
1.224
1.224
2.648
1.324
1.324
1.524
0
1.424
0.3
1.224
1.224
0.1
2.548
1.224
1.224
1.224
1.324
0
1.224
1.324
1.224
1.324
1.424
1.324
2.748
1.624
2.548
0
0
1.936
1.224
0.9
0.4
1.224
0
0.2
0
1.324
1.224
0
1.324
1.624
1.224
0.1
1.224
1.324
1.424
2.448
0
2.448
1.224
0.4
0.5
0
2.648
1.224
0
1.224
2.648
1.324
1.224
1.324
1.424
1.324
1.224
1.324
1.224
2.548
1.224
2.548
1.224
2.448
0.2
1.224
1.424
0
1.224
1.224
1.524
0.2
0
1.324
1.324
1.724
1.224
1.224
2.848
0.5
2.448
0.3
1.224
0.1
0
1.224
3.048
0.2
1.324
1.224
3.16
0
1.224
1.224
1.224
1.324
1.224
1.224
1.324
1.724
1.224
1.324
0
1.324
1.224
1.224
1.324
1.624
1.224
1.224
1.224
0
2.548
2.548
1.224
0
1.224
2.448
0
1.624
0.1
1.836
1.224
2.448
1.224
1.224
0.3
2.548
1.224
0.1
0
0.2
1.224
0
0
1.324
1.324
1.324
1.324
1.224
0
1.224
1.324
1.324
0.1
1.324
1.224
1.524
0
1.224
0
1.224
1.224
1.224
1.224
2.244
1.324
1.224
2.448
1.224
1.424
2.548
0
0
1.424
2.548
0
2.448
0
0
1.424
0
0.1
1.836
1.324
1.224
1.224
2.448
2.448
1.224
2.448
1.424
1.224
0.1
2.548
1.424
1.324
1.224
1.424
2.344
1.524
0
1.224
1.224
1.424
1.224
2.244
1.324
1.324
1.324
0.1
1.224
0
0.1
0.2
1.324
0
1.324
2.448
1.324
1.224
2.448
2.448
1.224
1.324
2.548
3.548
1.324
0.3
2.748
0
0
1.424
2.136
2.036
1.524
1.324
1.224
0
2.344
2.948
0.1
2.548
1.936
0.3
0
2.448
0
1.324
1.224
0.4
0.1
1.324
1.224
1.324
1.324
1.224
1.224
2.548
0
1.324
1.524
2.548
1.224
0
1.224
1.224
1.324
1.224
0
1.224
1.324
0
2.448
0
2.448
0
1.224
0.4
1.2
1.524
2.244
1.224
1.224
0
1.224
0.1
1.224
1.824
2.448
0
1.324
1.224
1.224
1.224
1.224
2.244
1.524
0
0.1
0.1
0
1.224
1.224
0.4
1.224
0
1.524
0.4
1.224
1.224
1.324
1.224
1.224
1.224
1.324
0.1
1.224
1.224
0
1.324
2.648
1.324
1.324
1.224
0
1.224
1.324
1.224
1.624
1.224
1.224
0
2.448
2.848
1.224
0.2
1.224
1.224
1.324
0
1.224
0
0
1.224
1.224
1.324
1.424
1.224
1.524
4.16
1.224
2.448
0.1
1.224
1.224
1.324
0
1.224
1.224
2.448
0
1.324
0.1
0.1
0
1.424
2.448
1.224
1.424
2.344
1.324
1.724
1.324
0
1.324
0
1.224
2.448
1.224
1.324
1.224
0
1.224
1.224
1.224
2.244
1.424
1.224
1.524
1.524
2.548
1.624
2.848
1.224
2.548
1.224
1.224
2.448
1.02
2.548
0
0
1.224
1.324
1.224
1.224
1.224
1.324
0
0
1.324
1.224
1.836
1.224
1.224
1.324
1.424
2.424
0.1
0
0
0
2.024
1.224
0
0
1.724
1.224
0
1.424
1.524
2.448
1.424
0
1.324
0.1
0.2
2.648
1.324
0.1
0
0
1.924
1.324
1.224
1.224
1.836
1.224
2.448
1.424
0
1.224
0
0
3.06
2.448
1.224
1.224
1.224
1.424
2.448
1.224
1.4
2.648
2.448
1.324
0.1
0.3
0.4
0.7
1.224
2.748
1.224
0
1.324
1.924
0.2
1.624
0
1.224
1.12
2.448
1.324
1.824
2.448
1.324
1.224
0.1
2.648
1.324
2.648
1.224
1.324
1.224
1.524
1.224
1.224
1.224
1.324
1.424
1.424
1.524
0.2
2.244
0.2
1.224
1.224
1.224
2.848
1.324
1.224
1.224
1.224
2.548
2.448
1.224
2.548
2.448
1.224
2.548
1.624
1.224
1.224
1.224
2.548
1.524
0
1.224
2.548
1.524
1.836
1.424
1.224
1.324
0
1.424
1.224
1.424
1.324
1.224
2.448
1.224
3.36
3.16
1.836
3.36
3.672
3.26
1.224
2.448
1.224
1.324
0
1.224
0
3.26
0
1.324
1.324
0.1
1.424
1.224
2.448
1.424
1.424
0
1
0.2
2.448
1.224
0
0
0.1
1.224
0.1
0.2
1.224
0
0
0.1
2.548
0
1.224
1.2
1.836
1.224
0
1.524
1.424
2.124
1.324
1.224
1.924
1.224
1.224
1.324
1.224
1.224
0
0.1
3.672
1.224
0.1
0
1.324
0
0
0.1
1.224
0.1
0.1
1.224
0.1
1.224
0
1.936
0.1
0
1.224
0.1
1.224
0.1
1.224
1.224
1.324
1.836
1.224
1.224
0
1.624
1.324
2.848
2.648
1.224
0
1.224
0.3
1.324
1.224
1.224
1.424
1.324
1.224
1.224
1.224
1.224
0
1.324
0.1
1.224
0
1.224
1.224
0
0
2.324
1.224
1.224
1.824
0.2
1.324
