0
0
2.748
1.324
3.672
1.836
0
0
0
0
0
1.224
1.224
0.1
0.1
0
1.224
0
0
0
4.284
4.284
0
0
0
0
0.1
2.448
3.672
2.448
0.2
2.448
0.2
0
1.224
0.1
0
0.1
0
0.1
0
3.26
0
0
0.1
1.224
0.1
1.224
0
2.548
1.224
0
2.448
1.224
0
0
1.224
1.224
0
1.324
1.624
1.224
0
0
1.836
0
1.224
1.324
1.224
1.324
0
2.548
1.224
1.836
3.36
0
1.224
0
1.224
0
1.424
1.224
1.224
1.224
0
1.224
1.224
0
0
1.324
0
0
1.224
1.224
1.224
1.224
1.324
1.224
0
0
0
1.324
1.224
0
0
0
0
0.1
1.224
0.1
1.324
1.224
0
2.448
0
1.836
0
1.224
0
0
1.324
0
0
1.324
1.224
0
0
1.224
0
2.548
0
0
1.224
0
3.06
0.2
1.224
2.448
1.324
0.1
0
1.224
1.224
1.224
1.224
1.224
1.224
1.224
0
1.224
1.224
0.1
0
0
0.1
0.1
1.224
0.1
0.1
0
0
1.224
0
1.224
0
1.224
0
1.224
0
0.1
1.224
1.224
2.448
0
2.448
1.224
1.224
1.224
4.284
0
0.1
2.448
0
2.448
0.2
2.448
1.324
2.448
1.224
2.548
0.1
1.224
0.1
2.548
2.448
1.224
1.224
0
1.224
0.1
3.16
0
0
2.548
0.2
1.224
0
1.224
1.224
0
1.224
0
0
1.224
1.836
1.424
0
3.26
0
4.484
1.224
1.224
2.748
2.448
2.448
2.448
2.448
2.448
2.448
3.672
2.548
2.448
2.448
1.836
1.224
0.1
2.748
3.16
3.06
1.224
1.836
1.324
3.26
1.224
1.224
0
1.224
1.224
1.224
0.3
1.224
1.224
2.448
1.224
0
1.224
3.06
1.224
1.224
1.224
2.448
1.224
0
0
1.224
1.224
0.1
1.224
1.224
2.448
0
0
1.224
1.224
1.424
1.224
1.224
1.224
2.448
1.224
2.448
2.448
3.672
2.448
3.672
0.2
1.224
1.224
3.672
4.384
4.284
2.448
2.244
1.224
0
0
0
0
1.224
0
0
1.224
0
0
0
1.224
1.324
1.224
0
1.224
1.324
1.224
2.448
0
0
1.224
0
1.224
0
1.224
0
0
0.1
0
1.224
0
1.224
0
0
1.224
0.1
1.224
0
3.06
3.06
1.224
0
0
0.1
0
1.224
1.224
1.424
1.224
0.1
1.224
1.224
1.224
0.1
1.224
1.224
1.324
1.224
1.324
0
1.936
0
1.224
0
2.548
1.324
0
1.224
1.224
2.448
0
0
1.224
1.936
1.224
1.224
1.224
1.224
1.224
0
1.324
1.324
0
0.1
0
1.224
1.324
1.224
1.224
1.224
1.224
2.448
2.448
1.224
1.224
1.224
2.548
1.524
2.448
1.424
1.224
1.836
2.548
1.224
1.224
2.448
4.284
1.224
3.772
3.672
5.608
3.672
3.672
3.672
2.448
1.524
2.548
2.448
4.284
2.448
2.448
1.224
1.224
2.448
2.448
5.508
4.284
2.448
1.324
1.224
3.672
3.06
3.672
3.872
2.548
2.448
2.648
2.448
1.224
3.672
1.224
1.224
2.448
2.448
1.224
2.448
3.16
2.448
1.224
1.224
4.284
2.448
3.672
3.672
4.284
1.224
3.06
1.224
3.672
2.448
2.448
4.584
2.448
1.324
2.748
2.448
3.672
2.448
1.424
2.448
2.448
1.224
2.648
3.06
1.224
2.448
1.424
1.224
1.224
2.448
2.448
1.324
4.284
1.224
1.624
3.772
1.224
1.224
1.224
1.224
1.224
3.672
1.424
1.224
3.672
1.224
2.448
4.284
3.672
2.448
4.284
1.224
3.672
3.772
2.448
3.16
3.672
1.224
1.224
1.324
3.672
4.284
1.424
1.224
3.672
1.224
3.872
2.548
4.284
2.448
3.672
3.06
2.448
2.448
2.448
2.648
2.448
2.448
3.672
1.224
3.872
3.772
3.672
4.384
1.224
2.448
2.448
2.448
2.448
1.224
3.672
1.224
1.224
2.448
1.224
1.324
3.672
2.548
2.548
1.224
2.548
2.548
4.284
4.896
1.224
2.448
1.224
2.648
2.448
1.224
3.06
2.448
2.448
2.548
1.224
2.448
1.224
2.448
2.448
2.448
4.284
5.508
2.448
5.608
2.548
2.448
1.224
3.672
1.224
2.548
4.284
1.324
3.672
2.448
1.424
2.448
1.224
3.872
1.224
1.324
4.284
2.448
1.224
1.224
2.548
2.448
2.448
4.284
2.548
1.224
2.448
2.448
2.448
4.284
2.448
2.448
1.324
3.672
1.224
2.448
1.224
3.06
2.448
1.224
1.224
1.224
2.448
3.772
4.284
1.224
2.548
1.224
1.224
1.324
2.448
2.448
1.224
1.324
1.224
3.772
1.224
1.324
3.772
2.548
1.324
1.324
3.772
2.448
4.384
3.872
2.448
4.284
1.224
1.224
3.672
1.224
3.672
3.06
2.448
2.448
1.224
1.224
1.424
1.224
2.448
2.448
1.224
1.224
1.224
3.772
3.672
5.808
3.672
1.224
1.224
2.648
1.224
3.672
4.284
5.508
3.672
1.224
1.224
3.672
1.224
2.448
3.672
2.448
2.448
3.772
1.224
3.672
2.448
2.548
2.448
1.224
1.324
3.16
1.224
3.672
1.224
3.672
3.672
2.448
1.224
2.448
3.06
1.224
2.448
2.448
1.224
2.448
1.224
4.896
2.448
3.672
2.448
1.224
2.548
3.672
4.284
1.224
2.548
4.584
1.224
2.448
2.448
2.448
1.224
2.448
1.224
1.224
2.448
2.448
1.224
1.224
2.448
2.448
2.448
1.224
1.224
3.06
2.448
2.448
1.224
3.16
2.448
1.224
3.672
1.224
4.284
3.672
4.284
2.448
1.224
2.448
3.672
2.448
2.448
2.448
2.648
2.448
3.672
2.448
2.448
1.224
3.672
2.648
3.672
2.448
2.448
3.672
1.724
2.548
1.224
1.224
2.448
4.896
3.672
1.224
2.448
5.508
1.224
5.608
4.284
2.548
2.448
1.224
2.448
1.224
1.224
2.448
3.872
2.448
1.224
2.448
2.448
2.448
1.224
2.448
4.284
2.448
2.548
2.448
1.224
1.324
5.608
3.672
1.224
2.548
1.324
2.448
5.508
1.224
2.648
4.384
1.224
4.284
2.448
2.448
3.06
2.448
2.448
2.448
2.448
1.224
2.448
2.448
2.548
3.672
1.224
1.224
2.448
2.448
3.772
1.224
5.808
2.448
4.384
5.608
1.224
1.224
1.224
1.224
2.548
2.448
2.448
3.672
4.284
1.224
4.284
1.224
1.224
1.224
1.224
1.224
2.448
1.224
2.448
2.448
3.672
3.672
1.224
3.06
2.448
3.672
2.448
2.448
2.448
1.224
3.672
3.972
2.448
1.224
2.448
3.672
5.608
2.448
1.224
2.548
1.324
2.448
3.872
2.448
2.448
3.772
1.224
3.672
4.284
2.448
3.672
2.648
2.448
1.224
4.284
1.224
3.672
2.448
3.26
2.448
3.772
1.224
1.224
1.324
2.448
3.772
2.448
2.548
1.224
1.324
2.448
1.224
2.448
3.672
2.448
2.448
1.224
2.448
2.448
2.448
1.424
3.772
2.548
2.448
1.224
1.224
2.448
2.448
2.448
3.672
1.224
4.484
5.508
3.06
4.284
1.224
2.548
2.448
2.448
4.896
1.224
3.672
5.608
3.672
2.848
2.448
3.872
3.672
3.672
2.448
2.448
3.672
2.448
3.672
2.448
2.448
5.608
5.508
5.508
4.692
3.672
3.672
2.448
3.672
3.772
3.672
2.448
2.848
2.448
3.772
2.448
1.224
1.224
1.224
1.224
1.224
6.932
2.448
4.484
2.448
2.448
1.224
2.448
4.284
3.672
4.284
4.284
4.384
4.584
2.448
2.448
5.508
5.508
8.452
8.652
2.448
5.508
3.672
2.448
4.896
2.448
3.672
3.772
3.772
3.872
3.672
2.448
3.672
3.772
2.448
2.448
4.896
0
0
1.224
1.524
1.224
3.06
2.448
0
2.448
1.224
2.748
1.324
1.224
5.508
0
0.3
3.06
1.324
0
1.224
2.448
2.548
1.224
0.1
0
1.836
1.224
0
1.224
1.224
1.224
0
1.224
1.224
1.224
0
0
1.224
1.224
0
1.324
0
1.224
1.224
1.224
1.224
0
1.224
1.224
0
0
1.224
0.1
1.224
0
0
0
1.224
1.224
1.324
1.524
0
1.224
0
1.324
0
1.224
0
0
1.224
1.224
1.224
0
1.836
2.448
1.224
1.224
1.224
0.1
0
0.1
1.836
1.224
0
1.224
0
1.224
0
1.224
1.224
0
2.448
2.448
1.224
1.224
1.224
2.448
2.448
0
1.224
2.448
1.224
1.224
1.224
1.224
1.224
0
1.836
1.424
1.224
1.224
1.224
1.224
0
1.224
1.224
1.224
2.448
0
3.16
1.224
1.224
0
0
1.224
1.224
2.448
2.448
0
2.448
1.224
1.224
1.224
1.224
1.324
2.448
0
3.06
1.224
1.324
1.224
1.224
2.448
1.224
1.224
1.224
0
1.224
0
0
1.224
1.224
1.224
4.284
0
1.224
0
2.448
1.224
1.224
1.224
1.224
0
1.224
1.224
1.224
0
1.224
0
1.224
1.224
1.224
1.224
0.1
1.224
0.1
0
0
1.324
1.324
2.448
1.224
2.448
0
1.324
0
0
0
0
0.1
0
1.224
1.224
1.224
0
1.224
1.224
1.224
2.448
2.448
1.224
1.224
0.1
1.224
0
0
1.224
1.324
1.224
1.224
2.448
2.448
1.224
1.224
1.224
1.424
1.224
0
2.448
1.224
1.224
1.224
1.224
1.224
0.1
0
1.224
0
1.224
1.224
1.224
1.224
1.224
0
2.448
0
1.224
1.224
0
3.06
1.224
0
0
3.06
0
1.224
2.448
2.448
2.448
1.224
0
2.548
1.224
1.224
0
0
0
1.224
1.524
0
0
1.224
3.06
0
2.448
1.224
1.224
1.224
1.224
0
1.224
0
1.224
1.224
1.224
1.224
1.324
0
2.036
1.224
1.224
1.324
2.448
1.224
1.224
1.224
1.224
1.224
2.448
0
1.224
2.448
1.224
1.224
2.448
1.224
1.224
3.16
2.448
1.224
1.224
1.836
0
1.224
1.224
1.224
0
1.224
0
0
0
0
0
1.224
0.1
2.448
1.224
1.224
3.06
1.224
1.224
1.224
0
0
1.224
1.224
1.224
2.448
2.448
3.672
0
2.448
1.224
1.324
0
1.224
0
1.224
1.224
1.224
2.448
1.224
0
2.448
0
0
1.224
1.224
1.224
1.224
1.224
1.224
3.06
1.224
0
1.224
0
0
3.06
1.224
0
0
1.224
0
1.224
0
0
2.448
0
1.224
2.448
1.224
1.224
1.224
0
1.224
1.224
1.224
1.224
1.836
0.1
1.224
0.1
1.224
2.448
1.224
1.224
0
1.224
0
1.224
1.224
2.548
1.224
1.224
1.224
1.224
0
1.224
2.448
1.224
1.224
1.224
1.224
0
0.1
1.224
1.836
1.224
1.224
0
3.06
1.224
1.224
1.224
1.224
0
0
0
1.224
1.836
3.672
1.224
0.2
1.224
0
0
0
2.448
3.672
0
0
1.224
1.224
0
0.1
1.224
3.06
1.224
0
1.224
0
1.224
1.224
0
0
1.224
2.448
1.224
1.836
2.448
1.324
1.224
1.224
1.224
0
1.224
2.448
0
0
1.224
1.324
2.448
0
3.16
1.224
0
1.224
0
1.424
0
1.224
1.836
0
2.448
1.224
1.224
2.448
1.224
1.224
0
1.224
1.224
2.548
1.224
2.448
1.324
1.224
1.224
1.224
1.224
1.224
1.324
4.284
1.836
1.324
1.224
1.224
1.224
1.224
1.224
1.224
0
0
0
1.224
0
0
1.224
0
1.224
1.224
2.448
0
1.224
1.224
0
1.224
0
0
1.224
0
2.448
1.224
1.224
0
0
0.1
1.224
1.424
0
1.224
1.224
0
2.448
1.224
0
1.324
0
1.224
1.224
0
0
0
0
2.448
3.26
1.224
0
1.224
1.224
1.224
0
1.224
2.448
2.448
1.224
1.224
1.224
1.224
2.448
0
0
2.448
1.224
0
0
1.224
1.224
1.224
1.224
1.224
0
1.224
1.324
1.424
0
1.224
0
4.284
1.224
0
0
4.284
1.224
1.224
0
1.224
0
1.224
1.224
2.448
3.06
0
0
1.224
2.448
0
1.224
0
0
0
2.448
2.448
2.448
2.448
1.224
0
0
0
0
1.224
0
0
0.1
0
1.224
2.448
1.224
1.324
2.448
2.448
2.448
1.224
0
1.224
0
0
0
0.1
1.224
2.448
0
1.224
1.224
1.224
1.224
2.448
1.224
1.224
0
1.424
1.224
1.324
1.224
1.224
0
1.224
1.224
2.448
1.224
1.224
2.548
1.224
0
1.224
1.224
3.06
0
1.936
0
0
0
1.224
0
0
0
0
0
1.224
0
1.224
0
1.224
3.06
1.224
1.224
1.836
0
0
1.224
1.224
0
1.224
0.1
1.224
1.224
4.484
0.3
1.224
1.224
0
0
1.224
0
0.1
0
3.06
1.224
0
1.324
1.224
1.224
0
0
1.224
1.836
1.224
1.224
2.548
1.224
1.224
1.224
3.06
1.224
0
1.224
1.224
0
1.224
1.224
1.224
1.224
0
1.224
3.672
0
1.224
1.224
1.224
1.224
2.448
1.836
0
2.448
2.548
0
0
0
1.224
2.448
2.448
2.448
1.224
2.448
3.06
0.1
1.836
0
2.448
1.224
1.224
1.224
0
1.324
0
0
0
1.224
1.324
1.224
1.224
0
1.224
2.448
2.448
1.224
2.448
1.324
1.224
0
1.424
0.1
5.508
1.224
1.224
2.448
2.448
1.224
4.284
0
2.548
3.06
1.224
0
0
0
0
1.224
0
0.3
1.224
1.32
1.02
3.468
1.02
2.244
2.244
2.244
0
1.836
0
2.548
0.1
1.224
0
2.548
1.936
0
3.46
2.448
2.448
3.06
1.324
1.524
1.324
1.324
1.224
0
2.548
3.06
0
1.224
1.224
0
0.2
1.224
3.06
3.06
0
0
1.224
3.06
1.836
2.448
0
1.324
1.224
2.548
1.224
0
0
1.224
1.224
1.224
0
0
2.448
1.224
2.448
0
1.224
1.224
1.224
0
1.424
1.224
2.648
1.324
0
1.224
3.672
0
3.672
4.996
2.448
2.448
1.324
1.224
3.672
3.672
4.896
2.448
3.672
1.224
1.224
4.284
2.448
0
1.224
0
0.1
0
0
2.448
0.2
2.448
