0
0.2
3.872
2.448
4.896
0
0
1.224
0
0
0
1.324
1.224
0
0.1
0
1.324
1.224
1.224
1.224
2.448
2.448
1.224
1.224
0
1.224
1.324
3.672
4.996
3.672
3.06
2.448
0.1
0.1
1.224
0
0
0
0
0.2
0
1.524
0
0.1
0.1
1.224
0.1
1.324
0
2.448
1.224
0
2.648
1.224
0
1.224
1.224
1.224
0
1.424
1.624
1.224
0.1
1.324
0.1
0
1.224
1.224
1.324
1.224
0
2.648
1.324
0
1.424
0.1
1.224
0.1
1.224
0
2.548
1.224
1.224
1.224
0.1
1.224
1.224
0
1.224
2.548
0.1
1.224
1.224
1.224
1.224
1.224
1.224
1.224
1.224
1.224
0
1.224
1.324
0
1.224
0.1
0
0.2
1.224
0
1.324
1.224
0
2.448
0
0.1
0.1
2.448
0
0
1.724
0.1
1.224
1.224
1.224
0
0
1.224
0
2.448
0.1
0
1.324
0
1.324
0.2
1.224
2.448
1.224
0.1
0
2.548
1.224
1.324
1.224
1.224
1.424
1.224
0
1.224
1.224
0
0
0.1
0.2
0.1
1.324
0.1
0.1
0
0.1
1.224
0
1.224
0.1
1.224
1.224
1.224
0
1.624
1.224
1.224
2.448
0
2.448
3.048
1.224
1.224
2.548
0.1
0
2.548
0
3.672
0.1
3.772
1.324
2.648
1.324
3.672
0
1.224
0
2.748
2.448
1.424
1.324
0.1
1.224
1.424
1.224
1.224
0
2.548
0
1.224
0
1.324
2.448
1.224
2.448
0
1.324
1.224
0
1.524
0
1.424
0
2.448
1.224
2.548
2.848
3.672
3.672
2.548
2.448
2.448
3.872
3.672
5.508
5.508
2.648
0
2.548
0.1
4.072
1.324
1.224
1.424
0
1.624
1.224
1.224
3.06
1.224
1.224
2.448
1.224
0.1
1.224
1.224
2.448
1.224
1.224
1.224
1.224
1.224
2.548
1.424
3.672
1.224
0
0
2.448
1.224
0.1
2.448
1.224
3.672
0
0
1.224
2.448
1.324
1.224
2.448
1.324
2.448
1.224
3.672
2.448
4.896
3.672
4.896
0
1.224
1.224
5.508
4.384
4.284
5.508
3.06
1.324
0
0
1.224
0
1.224
0
1.224
1.224
0.1
0
0
1.224
1.224
1.224
1.224
1.224
2.448
1.224
2.448
1.224
1.224
2.448
0
1.224
0
1.224
0
0
0
0.1
1.224
0
1.224
1.224
0
1.224
1.324
2.548
1.224
1.224
1.224
1.224
0
0
0.1
0
1.224
1.224
1.324
1.224
0
1.324
1.224
2.448
0.1
1.224
1.224
1.324
1.324
1.724
1.224
0
0
1.224
1.224
2.448
1.324
0
1.224
1.224
2.448
0
1.224
2.448
0
2.648
2.448
1.324
2.448
1.324
1.224
1.224
2.648
0
0
0
2.548
2.448
2.448
3.06
2.448
1.224
3.672
2.448
1.224
1.224
1.224
3.672
2.848
3.672
2.448
3.06
0
2.648
1.224
2.448
3.672
3.672
1.224
3.772
3.672
3.672
4.896
4.896
3.672
3.772
1.324
2.548
3.672
2.448
3.672
2.548
1.224
2.448
3.772
2.448
3.672
3.672
2.548
2.548
1.224
3.672
2.448
3.872
3.672
3.772
3.672
2.448
2.448
1.324
4.996
2.548
1.224
2.448
2.548
2.448
3.672
2.448
3.672
2.448
2.448
3.672
3.672
3.772
3.672
2.448
2.448
1.224
2.448
3.672
2.448
2.448
2.548
3.672
1.224
3.672
2.548
3.672
2.448
1.224
3.772
2.448
1.224
2.748
1.324
2.448
2.748
1.224
1.224
2.448
3.772
2.548
2.448
3.672
1.424
2.648
3.672
1.224
1.224
1.324
2.448
1.224
4.896
2.448
2.448
3.672
1.224
3.672
3.672
4.996
2.448
2.448
2.448
3.672
4.996
3.672
1.224
3.872
1.224
1.224
1.224
3.772
3.672
2.648
2.448
3.672
1.224
4.996
3.672
2.448
3.672
4.896
2.448
2.448
3.672
2.448
2.648
2.448
2.448
3.672
2.448
4.996
3.772
3.672
3.672
1.224
3.672
3.772
3.972
2.448
1.224
4.996
1.224
1.324
2.448
1.224
2.448
3.772
3.672
2.448
2.448
2.548
4.172
3.872
4.996
1.224
2.448
1.224
3.672
2.448
1.224
1.224
2.448
3.872
2.448
1.224
3.672
1.324
2.448
2.448
2.448
2.448
3.772
2.548
3.672
3.672
2.448
1.424
3.672
2.448
2.448
2.448
2.448
3.672
2.448
1.524
2.448
2.448
3.672
1.224
1.224
2.448
3.672
1.224
2.448
2.448
2.448
3.672
2.448
2.448
1.224
2.448
2.448
2.448
2.448
3.672
2.448
2.448
4.996
1.224
3.672
2.448
2.448
2.448
2.448
2.448
1.224
3.672
3.672
2.448
1.224
2.648
1.224
1.224
1.324
3.872
3.672
2.448
1.224
1.224
3.672
2.448
2.448
5.396
3.772
1.224
1.324
3.672
2.448
2.548
3.672
3.672
3.672
2.448
1.224
3.672
2.448
4.996
1.224
2.448
2.448
2.448
1.224
1.224
2.448
2.448
2.448
1.224
1.224
1.224
3.672
4.896
3.672
4.896
2.448
1.224
3.872
1.224
4.996
2.448
3.772
3.672
1.224
2.448
4.896
1.224
3.672
3.672
3.672
3.672
3.772
1.224
4.896
2.548
2.448
3.672
1.224
2.448
2.548
1.224
5.096
2.448
3.672
4.896
2.448
1.224
3.672
1.224
2.448
3.672
2.448
1.224
3.672
1.224
4.896
3.672
4.996
2.448
2.448
3.672
5.096
2.448
1.324
2.448
2.448
1.224
3.672
2.448
3.672
2.448
2.448
1.224
2.448
3.672
2.448
2.448
1.224
3.672
2.448
2.448
1.224
1.224
1.224
3.672
3.672
2.548
1.424
2.448
1.324
4.896
2.448
3.672
3.772
3.672
2.448
2.448
3.872
3.672
2.748
3.672
2.448
3.672
3.672
3.672
2.448
2.448
1.224
3.672
3.872
3.672
3.772
2.548
4.996
1.424
3.772
1.224
1.224
2.548
6.22
3.672
1.224
2.448
3.672
2.448
3.672
3.672
2.548
3.672
1.224
3.672
2.448
1.224
3.672
4.896
3.672
1.224
2.448
2.448
3.672
1.324
3.672
3.672
2.448
3.672
2.448
2.448
2.448
3.772
4.996
2.448
3.772
1.224
3.772
3.672
2.448
3.772
3.672
1.224
2.448
2.448
2.448
1.224
3.772
2.448
3.772
3.672
1.224
3.672
3.672
3.672
5.296
2.448
2.448
2.448
3.672
3.672
2.448
4.896
3.672
2.548
4.896
1.224
1.224
1.224
1.324
3.672
2.448
2.448
3.672
3.672
1.224
3.672
1.224
1.224
1.224
1.224
1.224
2.448
2.448
3.672
3.772
3.672
4.896
2.448
1.224
3.672
3.672
3.672
3.772
3.672
1.224
4.896
5.196
2.448
1.224
2.448
3.772
3.672
2.448
2.448
2.648
1.324
2.448
4.896
2.448
3.672
4.896
2.448
4.896
3.672
2.548
4.896
2.648
2.448
1.224
3.672
2.448
3.672
2.448
2.448
2.448
3.672
2.448
1.224
2.448
2.448
4.996
3.672
2.448
1.224
2.448
3.672
1.224
2.448
3.672
2.448
2.448
1.224
3.672
2.448
2.448
2.748
3.672
2.548
2.448
1.224
2.448
2.448
2.448
2.448
4.896
1.224
3.872
3.672
1.224
2.548
2.448
5.708
5.608
2.548
6.12
2.448
4.896
3.772
4.896
3.772
3.672
5.196
5.196
3.772
2.448
3.772
4.896
3.972
4.996
3.772
3.672
3.672
3.672
3.672
4.896
5.508
6.732
2.448
4.896
4.996
4.896
3.772
3.772
3.672
7.032
2.448
1.224
1.324
1.224
2.548
2.448
5.096
3.672
3.772
3.672
3.672
2.448
3.672
2.448
3.672
2.448
3.672
3.672
3.672
3.672
2.748
3.972
3.672
4.896
4.896
5.508
5.508
5.508
4.284
9.356
4.284
7.032
7.232
5.508
5.608
7.032
5.508
6.832
5.708
4.284
4.284
8.056
1.524
1.224
2.548
2.648
2.648
3.06
2.448
1.224
2.448
1.224
2.448
2.648
1.224
3.672
0
0
1.224
1.224
0
2.448
2.448
2.848
2.448
0
0
0
1.224
0
1.224
1.324
1.224
0
1.324
1.224
1.224
1.224
0
2.648
1.224
0.2
1.324
0
1.224
1.224
1.224
1.224
0
1.224
1.224
0
1.224
1.324
0.2
1.224
0
0
1.224
1.224
1.324
1.324
1.724
0
1.224
0.1
1.424
0.1
2.548
0
0
1.224
1.324
1.224
0
0
2.448
2.448
1.224
1.224
0.1
0
0
0
1.224
0
1.224
1.224
1.224
0
1.324
1.324
0.1
2.448
2.448
1.224
1.224
2.548
2.448
2.448
0
1.224
3.672
1.324
1.224
2.448
1.224
1.224
0
0
1.224
1.224
1.224
1.224
1.324
0
1.624
1.224
1.224
3.672
0.1
1.224
1.224
1.224
0
0
1.224
1.224
2.448
2.448
0
2.448
1.224
1.224
1.224
1.224
1.224
2.448
0
1.224
1.224
1.224
1.224
1.324
2.448
1.424
1.224
1.224
0.1
1.224
1.224
0
1.224
1.224
1.324
2.548
0
1.224
0
2.448
1.224
1.224
2.448
1.224
0
1.224
1.224
1.224
0
1.224
1.224
1.224
1.224
1.324
1.224
0
1.224
0
0
0
1.324
1.324
2.548
2.448
2.448
0.1
1.224
0
1.224
0
0
0
0
1.224
1.224
1.224
0
1.224
1.224
1.324
2.448
2.448
1.224
1.224
0.1
1.224
0.2
0
1.324
1.224
1.524
1.324
2.648
2.448
2.448
1.324
1.224
1.724
1.224
0
2.448
1.224
1.324
1.224
1.224
1.224
0
0.1
1.224
0
1.224
1.224
1.224
1.224
1.224
0
3.672
1.224
1.224
1.224
0
1.224
1.224
0
0
1.224
0
1.224
2.548
2.448
2.648
1.424
0.1
2.448
1.224
1.224
0.1
0
0
1.324
1.324
0.1
0
1.224
1.224
0
2.548
1.224
1.224
1.324
2.448
0
1.224
0
1.224
1.324
1.224
1.224
1.224
0
0
1.324
2.448
1.324
2.448
1.324
1.224
1.224
1.224
2.448
2.548
0
1.224
2.448
1.324
1.324
2.448
1.224
1.224
1.224
2.448
1.224
1.224
0
0
1.224
1.224
1.324
1.324
1.224
0
0
0
0
0
1.424
0.2
2.448
1.324
1.224
1.324
1.224
1.224
1.524
0
0
1.224
2.448
1.224
2.448
2.448
3.872
0
2.448
1.224
1.324
0
1.224
0
2.448
1.224
1.224
2.448
1.224
0.1
2.548
0
0
1.224
1.324
1.224
1.224
1.324
1.224
1.224
2.448
0
1.324
0
0
1.224
1.324
0
0
1.224
0.1
1.224
0
0
3.772
0
1.324
3.672
1.224
1.224
1.224
0.1
2.448
1.324
1.224
1.324
0
0.1
1.224
0
1.224
2.448
1.224
1.224
1.224
2.448
0
1.224
1.324
3.672
1.224
1.224
1.224
2.648
0
1.224
2.448
1.224
1.224
1.224
1.224
1.224
0.1
1.224
0
2.448
1.324
0
1.224
1.224
1.324
1.224
1.324
0.1
0.1
0
2.548
0.1
3.672
1.224
0
1.324
0
0
0
3.672
3.672
0.1
0
1.224
1.224
0
0
1.224
1.224
1.224
0
1.224
0
1.224
1.224
0
0
1.224
2.448
1.224
0
2.548
1.524
1.424
1.224
1.324
0
1.224
2.448
0.1
0
2.448
1.224
3.672
0
1.224
1.324
0
1.224
1.224
1.224
0
1.324
0.1
0.1
2.548
1.324
1.224
2.448
1.324
1.424
0
1.224
1.224
2.448
1.224
2.448
2.548
1.324
1.224
2.448
1.224
1.224
1.324
2.448
0
1.324
1.224
1.224
1.224
1.224
1.224
1.224
0
0.1
0.4
1.224
0
0
1.224
0
1.224
1.224
2.448
0.3
1.224
1.224
0
1.224
0
0
1.224
0
2.648
1.224
1.224
0
0
0
1.224
1.524
0
1.224
1.324
0.2
2.448
1.224
0
1.224
0
1.224
2.448
0
0
0
0
2.448
1.424
1.224
0
1.224
1.224
2.448
0
1.224
2.448
3.772
1.224
1.224
1.224
1.224
2.448
1.224
0
2.448
2.548
0
0
2.448
1.224
1.224
1.224
1.224
0.2
1.224
1.224
1.324
0
1.224
0
2.448
1.224
0
0
2.448
1.224
1.224
0
1.224
0
1.224
1.224
2.548
1.224
0
0
1.224
3.872
0.1
1.224
0
0
0.1
2.448
3.772
2.448
2.448
1.224
0
0
0
0
1.324
0
0
0
0
1.224
2.448
1.324
1.224
2.448
2.448
3.672
1.224
0
2.448
1.224
0
0
0
2.448
3.672
0
1.224
1.224
1.224
1.224
2.448
1.224
1.224
0
2.448
1.224
1.724
1.224
1.324
0
1.324
1.324
3.672
1.224
1.224
4.172
1.224
0
2.448
1.324
1.224
0
0
0
0
0.1
2.548
0
0.1
1.224
0
0.2
2.448
0
1.224
0
1.424
1.224
1.224
1.224
0
0
0
1.224
1.224
0
1.224
0
1.224
1.224
2.448
0.1
1.224
1.224
0
1.224
1.324
1.224
0.2
0
1.324
1.224
0
1.324
1.224
1.224
0
0
1.224
0
1.224
1.224
4.172
1.224
1.224
1.224
1.224
1.324
0
1.224
1.224
0
1.224
2.548
1.224
1.324
0
1.224
3.772
0
1.224
1.224
1.424
1.224
2.448
0
0
2.648
2.548
0
0
0
1.224
2.448
2.448
2.648
1.224
2.448
1.424
0.1
0
0
2.448
1.224
1.624
2.448
0.1
1.324
0.2
1.224
0
1.224
1.224
1.224
1.224
0
1.424
2.448
2.448
1.324
2.748
1.324
1.424
0
1.424
0
3.772
2.448
2.548
2.448
2.448
1.224
2.448
0
2.448
1.224
1.224
0
1.224
0
0
1.224
0
0.1
1.224
0.2
0
2.448
0
1.224
1.224
2.448
0.1
0
1.224
2.448
1.224
1.224
1.224
2.448
0
0
2.948
2.548
2.448
3.06
3.16
3.26
3.36
3.46
3.06
2.036
5.608
4.284
1.836
3.16
3.06
1.836
1.836
4.284
3.06
3.06
3.06
1.836
4.284
3.06
3.06
5.708
1.836
3.06
4.284
5.508
3.06
3.06
3.16
4.284
3.06
3.06
3.06
1.836
5.608
4.284
5.808
1.836
4.284
3.06
3.06
1.836
4.384
4.384
4.384
3.16
1.836
3.06
5.508
1.836
6.932
7.956
4.284
5.508
3.06
4.384
7.032
5.508
7.956
5.608
6.732
3.06
4.284
4.284
4.284
1.836
3.06
0.2
0.3
0
0
2.648
1.324
2.548
