0
0.1
3.772
2.548
3.672
0
0
1.224
0
0
0
1.224
0
0
0
0
0
1.224
1.224
1.224
2.448
2.448
1.224
1.224
0
1.224
1.224
3.672
4.996
3.672
3.06
2.448
0.1
0
0
0
0
0
0
0
0
1.324
0
0
0
1.224
0
0
0
2.448
1.224
0
2.448
0
0
1.224
0
0
0
1.324
0.1
0
0
1.324
0
0
0
0
1.324
0
0
1.224
0
0
1.424
0
0
0.2
0
0
2.448
0
1.224
0
0
0
0
0
1.224
1.424
0
1.224
0
0
0
1.224
1.224
0
1.224
1.224
0.1
0
0.1
0
1.224
0
0
0
0
0
0
0
0
1.224
0
0
0
1.224
0
0
0.1
0.1
1.224
0.1
0
0
0
1.224
0
1.224
0
0
0
0
1.224
0
1.224
1.224
1.224
0
0
1.224
0
1.224
0
0
1.224
0
0
0
1.224
0
0
0
0.1
0
0
0
0
0
0
0
0
0
0.1
0
1.224
0
0
1.524
0
0
1.224
0
1.224
2.448
0
0
2.448
0
0
1.224
0
2.448
0
2.448
1.224
1.224
0
2.448
0.1
1.224
0
1.224
1.224
1.224
1.224
0
1.224
1.424
0
1.224
0
1.224
0.1
0
0
1.424
2.548
1.224
2.448
0
1.324
0
0
0.2
0
0
0
1.224
0
2.548
2.748
3.672
3.672
2.448
2.448
2.448
3.672
2.448
5.608
5.508
1.224
0
2.548
0
2.748
1.224
1.224
1.424
0
1.324
1.224
1.224
1.836
1.224
0
1.224
1.224
0
1.224
0
1.224
0
1.224
1.224
0
0
2.648
1.324
3.672
0
0
0.1
2.448
0
0.1
2.448
1.224
3.672
0
0
1.224
2.448
0
1.224
2.448
0
1.224
0
2.448
1.224
3.672
3.672
3.672
0
1.224
1.224
4.284
4.284
4.284
5.508
1.836
0.1
0
0
1.224
0
0
0
1.224
0
0
0
0
0
0
0
1.224
0
1.224
0
1.224
1.224
1.224
2.448
0
1.224
0
1.224
0
0
0
0.1
0
0
0
1.224
0
0
1.424
1.324
1.224
1.224
1.224
0
0
0
0
0
0
1.224
0
0
0.1
1.224
1.224
2.448
0
0
1.224
0
0
0.2
1.224
0
0
0
1.224
1.224
1.224
0.1
1.224
1.224
1.224
0
1.224
2.448
0
2.548
2.448
1.324
2.448
1.324
1.224
0
1.324
0
0
0.1
2.448
2.548
2.448
1.836
2.448
1.224
3.672
2.448
1.224
1.224
1.224
3.672
2.848
2.448
2.448
3.06
0
2.448
1.224
2.448
3.672
3.672
1.224
2.448
2.448
3.672
3.672
3.672
3.672
3.772
1.424
2.448
2.448
2.448
3.672
1.224
1.224
2.448
2.548
1.224
3.672
3.672
2.648
2.448
1.224
3.672
2.448
2.548
3.672
3.872
2.448
1.224
2.448
1.224
4.896
2.448
1.224
1.224
2.448
2.448
3.672
2.448
2.448
2.448
2.448
3.672
2.448
2.448
3.672
2.448
2.448
1.224
2.448
2.448
1.224
2.448
2.448
2.448
1.224
3.672
2.448
2.448
2.448
1.224
3.672
1.224
1.224
2.648
1.224
2.448
2.648
1.224
1.224
2.448
3.672
2.448
2.548
2.448
1.224
2.648
2.448
1.224
1.224
1.224
2.448
1.224
3.672
2.448
2.548
2.448
1.224
2.448
3.672
3.672
2.448
2.448
2.448
3.672
4.896
3.672
1.224
2.548
1.224
1.224
1.224
2.448
3.672
2.448
2.448
2.448
1.224
3.672
3.672
2.448
3.672
3.772
2.448
2.448
3.672
1.224
1.324
2.448
1.224
3.672
2.448
4.996
2.448
2.448
3.672
1.224
3.672
3.772
3.772
2.448
1.224
3.772
1.224
1.224
2.448
1.224
2.448
2.548
2.448
2.448
2.448
2.448
3.872
3.872
3.772
1.224
2.448
1.324
3.672
2.448
1.224
1.224
2.448
3.772
2.448
1.224
2.448
1.224
1.224
1.224
1.224
2.448
2.548
2.548
3.672
3.672
2.448
1.324
2.448
2.448
2.448
2.448
2.448
3.672
2.448
1.324
2.448
2.448
2.448
1.224
1.324
2.448
3.672
1.224
2.448
2.448
2.448
3.672
1.224
2.448
1.224
1.224
2.448
2.448
2.448
3.672
1.224
2.448
3.672
1.224
3.672
2.448
2.448
2.448
2.448
2.448
1.224
2.448
3.672
1.224
1.224
2.448
1.224
1.224
1.324
3.972
3.672
2.448
1.224
1.224
2.448
2.448
2.448
5.296
3.672
1.224
1.224
2.448
2.448
2.548
2.448
3.672
3.672
2.448
1.224
3.672
2.548
4.996
1.224
1.224
2.448
2.448
1.224
1.224
2.448
2.448
1.224
1.224
1.224
1.224
3.672
4.896
3.672
4.896
2.448
1.224
3.672
1.224
4.996
2.448
2.448
2.448
1.224
2.448
3.672
1.224
3.672
3.672
3.672
3.672
2.548
1.224
3.672
2.548
2.448
3.672
1.224
2.448
2.548
1.224
5.096
2.448
3.672
3.672
2.448
1.224
3.672
1.224
2.448
2.448
2.448
1.224
2.448
1.224
3.672
3.672
4.896
2.448
2.448
2.448
3.972
2.448
1.224
2.548
2.448
1.224
3.672
1.224
3.672
2.448
1.224
1.224
2.448
3.672
2.448
2.448
1.224
3.672
2.448
1.224
1.224
1.224
1.224
3.672
3.672
2.548
1.424
2.448
1.224
4.896
2.448
3.672
2.448
3.672
2.448
2.448
3.672
2.448
2.648
2.448
2.448
3.872
3.672
2.448
2.448
1.224
1.224
3.672
2.548
2.448
3.672
2.548
3.772
1.424
3.872
1.224
1.224
1.224
5.196
2.448
1.224
2.448
3.672
2.448
3.672
2.448
2.548
3.672
1.224
2.448
2.448
1.224
3.672
4.896
3.672
1.224
2.448
2.448
3.672
1.224
2.448
3.672
2.448
3.672
1.224
2.448
2.448
3.672
4.896
2.448
2.548
1.224
3.672
2.448
2.448
2.548
3.672
1.224
2.448
2.448
2.448
1.224
2.548
1.224
3.772
3.672
1.224
3.772
3.672
3.672
5.296
2.448
2.448
2.448
3.672
3.772
2.448
3.672
3.672
2.448
3.672
1.224
1.224
1.224
1.224
3.672
1.224
1.224
2.448
3.672
1.224
3.672
1.224
1.224
1.224
1.224
1.224
1.224
2.448
3.672
3.772
2.448
3.672
2.448
1.224
2.548
2.448
2.448
3.772
3.672
1.224
4.896
3.672
1.224
1.224
2.448
3.672
3.772
2.448
2.448
2.548
1.224
2.448
3.772
1.224
3.672
3.672
2.548
3.672
3.672
2.448
4.896
1.224
2.448
1.224
3.672
2.448
3.672
2.448
2.448
2.448
3.672
2.448
1.224
2.448
2.448
4.996
3.672
2.448
1.224
2.448
2.448
1.224
1.224
2.448
2.448
2.448
1.224
2.448
1.224
1.224
2.648
2.448
2.548
1.224
1.224
2.448
2.448
1.224
2.448
3.672
1.324
3.772
3.672
1.224
1.324
2.448
5.808
5.808
2.448
4.896
2.448
3.672
3.672
3.672
3.772
2.448
3.772
3.972
3.672
1.224
3.672
3.672
2.648
3.772
3.772
3.672
3.672
3.672
3.672
4.896
5.508
5.508
2.448
4.896
4.996
4.896
3.772
2.448
2.448
5.508
1.224
1.224
1.224
1.224
2.548
2.448
3.772
3.672
3.772
3.672
2.448
2.448
2.448
2.448
3.772
2.448
2.448
2.448
2.448
3.672
2.548
3.772
3.672
3.672
3.672
4.284
5.508
5.508
3.06
7.032
3.06
7.432
7.132
5.508
5.508
6.932
5.508
6.732
4.384
4.284
4.284
6.932
1.324
1.224
2.448
2.448
2.648
3.06
2.448
1.224
2.448
0
1.224
2.548
0
2.448
0
0.2
1.224
0
0
2.448
2.448
1.524
2.448
0
0
0
1.224
0
0
1.224
0
0
1.224
1.224
1.224
1.224
0
1.424
1.224
0
1.224
0
0
1.224
0
0
0
1.224
1.224
0
1.224
0
0.1
1.224
0
0.1
1.224
1.224
1.324
1.324
1.324
0
1.224
0
1.224
0.1
2.648
0
0
1.224
1.324
0
0
0
1.224
2.448
1.224
1.224
0
0
0
0
0
0
0
1.224
1.224
0
1.224
1.224
0
1.224
2.448
1.224
0
2.448
1.224
1.224
0
0
2.448
1.224
1.224
1.324
1.224
1.224
0
0
1.224
1.224
1.224
0
1.324
0
1.224
0
1.224
2.448
0
0
0
0
0
0
0
1.224
2.448
1.224
0
1.224
1.224
1.224
1.224
0
0
1.224
0
1.224
1.224
1.224
1.224
1.224
1.224
0
1.224
1.224
0
1.224
1.224
0
0
0
1.224
2.448
0
0
0
1.224
0
1.224
1.324
1.224
0
0.1
1.224
0
0
1.224
1.224
1.224
1.224
1.224
1.224
0
1.224
0.1
0
0
1.224
1.224
1.324
1.224
1.224
0.1
0
0
1.224
0.2
0
0
0.1
1.224
1.224
1.224
0
1.224
1.224
0
2.448
1.224
0
1.224
0.1
1.224
0
0
1.224
0
0
1.224
2.448
1.224
2.448
1.224
1.224
0.4
1.224
0
2.448
0
1.324
1.224
0
0
0
0
0
0
1.224
1.224
1.224
1.224
1.224
0
2.548
1.324
1.224
1.224
0.1
1.324
1.224
0
0
1.224
0
1.224
1.224
1.224
1.224
1.224
0
1.224
0
1.324
0
0
0
1.224
0
0.2
0
0
0.1
0
1.224
1.224
0
1.224
2.548
0
0
0
0
0
1.224
0
1.224
0
0
0
1.224
1.224
2.448
0
1.224
1.224
1.224
2.448
1.224
0
1.324
1.224
1.224
1.324
1.224
1.224
1.224
1.224
1.224
0
1.224
0
0
1.224
1.224
1.224
1.324
0
0
0
0
0
0
1.424
0
2.448
0
1.224
0
0
1.224
1.424
0
0
0
2.448
0
1.224
2.448
2.448
0
1.224
0
1.224
0
1.224
0
1.224
1.224
1.224
1.224
1.224
0
1.224
0
0
0
1.224
1.224
1.224
0.2
1.224
1.224
1.224
0
0
0
0
1.224
1.324
0
0
1.324
0
0
0
0
3.672
0
0.1
2.548
1.224
1.224
1.224
0
1.224
1.224
1.224
1.224
0
0
1.224
0
0
1.224
0
1.224
1.324
2.448
0
1.224
1.224
2.448
1.224
1.224
0
2.448
0
0.1
1.224
1.224
0
1.224
0
1.224
0
0
0
1.224
1.324
0
1.224
1.224
1.224
0
1.224
0
0
0
2.448
0
2.448
1.224
0
1.224
0
0
0
2.448
2.448
0.1
0
1.224
1.224
0
0
1.224
0
1.224
0
0.1
0
1.224
1.224
0
0
1.224
2.448
1.224
0
2.448
1.424
1.224
0
1.324
0
0
1.224
0.1
0.1
2.448
1.224
2.448
0
1.324
1.224
0.1
1.224
1.224
0
0
1.224
0.1
0
1.324
0
0
1.224
0
1.224
0
1.224
1.224
1.224
0
1.224
2.548
1.224
1.224
1.224
1.224
0
1.224
2.448
0
1.224
0
0.1
1.224
0
1.224
0
0
0
0
1.224
0
0
1.224
0
1.224
0
1.224
0
1.224
0
0
1.224
0
0
1.224
0
1.324
0
0
0
0
0
1.224
0
0
0
1.324
0
1.224
0
0
1.224
0
1.224
2.448
0
0
0
0
1.224
1.324
1.224
0
1.224
0
2.448
0
1.224
1.224
2.448
1.224
0
1.224
1.224
1.324
1.224
0
1.224
2.448
0
0
1.324
0
0
1.224
1.224
0
1.224
0
1.224
0
1.224
0
2.448
1.224
0
0
1.224
1.224
1.224
0
1.224
0.1
0
0
1.224
1.224
0
0
1.224
2.448
0
1.224
0
0
0
1.224
2.448
1.224
1.324
1.224
0
0
0
0
1.324
0
0
0
0
1.224
1.224
1.224
1.224
2.448
1.224
2.448
1.224
0
2.448
1.224
0
0
0
2.448
2.448
0
1.224
0
0
1.224
1.224
0
1.224
0
2.448
0.1
0.2
0
0
0
0.1
1.224
2.448
0
0
3.772
1.224
0
2.448
1.224
1.224
0
0
0
0
0
2.448
0
0.1
1.324
0
0.2
2.448
0
1.224
0
1.224
1.324
1.224
0
0
0
0
1.224
1.224
0
1.224
0
1.224
1.224
2.448
0.2
1.224
1.224
0
1.224
0.1
1.224
0.2
0
1.224
1.224
0
1.324
0
0
0
0
1.324
0
1.224
1.224
2.548
1.224
1.224
1.224
0
1.224
0
1.224
1.224
0
1.224
2.448
1.224
1.224
0
1.224
2.448
0
1.224
0
1.224
0
1.224
0
0
2.448
2.448
0
0
0
1.224
1.224
1.224
1.224
1.224
1.224
1.224
0
0
0
1.224
1.224
1.224
1.224
0
1.224
0.1
1.224
0
1.224
0
0
1.224
0
1.224
1.224
1.224
1.224
1.224
1.224
1.324
0
1.324
0
2.448
2.448
2.448
2.448
2.448
0
2.448
0
2.548
0
0
0
1.324
0
0
1.224
0
0.1
0
0
0
2.448
0
0
0
2.448
0
0
1.224
2.548
1.224
0
1.224
2.448
0
0
2.648
2.448
1.224
3.06
3.06
3.06
1.836
3.26
1.836
1.936
5.508
4.284
1.836
3.16
3.06
1.836
1.836
3.06
1.836
3.06
3.06
1.836
3.06
3.06
3.06
5.808
1.836
3.06
4.284
4.284
3.16
3.06
3.06
4.284
1.836
3.06
3.06
1.836
4.384
4.284
5.708
1.836
3.06
3.06
3.06
1.836
4.384
4.284
4.284
3.16
1.836
1.836
4.284
1.836
7.132
6.732
4.284
5.508
3.16
4.384
7.132
4.284
6.732
4.284
5.508
1.836
4.284
3.06
3.06
1.836
1.836
0.1
0.1
0
0
2.548
1.324
2.448
