0.2
0.1
4.972
2.548
4.072
0.2
0
1.224
0.2
0
0.2
1.324
0.1
0.9
0.4
0
0
1.324
1.224
1.324
2.448
2.448
1.224
1.224
0.3
1.224
1.324
3.772
4.996
3.672
3.16
2.548
1.1
0
0.1
0.2
0
0.1
0.1
0.5
0
1.724
0
0.1
0.2
1.224
0.2
0.5
0.1
2.548
1.224
0
2.748
0
0
1.224
0
0
0
2.224
0.8
0.2
0.1
1.524
0.3
0.2
0.2
0
1.724
1.2
0
1.324
0
0.1
2.724
0.3
0
0.4
0
0
3.448
0
1.224
0
0.1
0
0.1
0
1.224
1.724
0.1
1.224
0.1
0
0
1.224
1.324
0
1.324
1.224
0
0.2
0.3
0
1.224
0.1
0
1
0
0.1
0.2
0
0
1.324
0
0.3
0
1.324
0
0
1.7
0.2
1.224
0.2
0.2
0
0.2
1.224
0
1.424
0
0
0.2
0
1.424
0.4
1.224
1.324
1.524
0.1
0
1.324
0
1.324
0
0.1
1.324
0.3
0
0
1.224
0.2
0.1
0
0.6
0
0.2
0.3
0.4
0
0
0
0
0
0.3
0.1
1.224
0
0.1
2.924
0
0.1
1.324
0
1.224
2.948
0
0
2.448
0.3
0.1
1.724
0.1
2.448
0.3
2.848
1.824
1.424
0.1
2.448
0.1
1.424
0.1
1.424
1.324
1.224
1.324
0.3
1.224
2.024
0.1
1.224
0
1.324
1.1
0
0
1.724
2.648
1.324
2.448
0.3
1.624
0.1
0
1.3
0.1
0.6
0
1.324
0
2.648
4.248
3.772
3.672
2.848
2.448
2.548
4.272
2.448
6.008
5.508
1.424
0
2.848
0.3
4.748
1.424
1.224
2.024
0
2.324
1.624
1.224
1.936
1.224
0
1.324
1.424
1
1.224
0.1
1.324
0
1.324
1.224
0
0
2.948
1.924
3.872
0
0
0.3
2.548
0
0.6
2.448
1.224
3.672
0
0.4
1.224
2.448
0.5
1.224
2.548
0.1
1.324
0
2.448
1.224
4.072
3.672
4.072
0.1
1.424
1.424
4.784
4.384
4.284
5.508
1.836
0.6
0
0
1.224
0.1
0.1
0
1.324
0.1
0.1
0.2
0.1
0
0.3
0.2
1.224
0.1
1.524
0.2
1.324
1.224
1.224
2.648
0
1.224
0
1.424
0
0.1
0.1
0.1
0.2
0.1
0
1.224
0
0
1.724
1.324
1.224
1.524
1.324
0
0.1
0.1
0.5
0
0
1.324
0.9
0.2
0.4
1.224
1.424
2.648
0.2
0
1.324
0.1
1
1.2
1.224
0
0
0
1.224
1.524
1.424
0.1
1.324
1.224
1.224
0
1.224
2.448
0
2.548
2.448
1.324
2.448
1.424
1.224
0
1.824
0
0
0
2.848
3.648
2.448
1.836
2.448
1.424
3.772
3.148
1.424
1.224
1.224
3.772
3.648
2.448
2.548
3.06
0
2.648
1.224
2.448
3.772
3.772
1.224
3.348
2.448
3.672
3.772
3.672
3.972
3.772
2.424
3.048
2.448
2.448
3.772
1.224
1.424
2.448
2.948
1.224
3.672
3.872
3.348
2.748
1.224
3.772
2.448
2.448
4.272
3.972
2.548
1.224
2.548
1.224
5.396
2.748
1.224
1.824
2.848
2.548
3.672
2.548
2.448
2.548
2.548
3.772
2.448
2.448
3.972
2.548
2.448
1.224
2.448
2.848
1.324
2.448
2.548
2.548
1.224
4.572
2.648
2.548
2.448
1.624
3.772
1.624
1.524
4.048
1.724
2.448
3.548
2.224
1.324
2.448
3.772
3.048
2.748
2.448
1.624
4.048
2.448
1.224
1.224
1.324
2.448
1.324
3.772
2.548
2.848
2.448
1.324
2.448
3.672
3.972
2.648
2.448
2.448
3.672
5.696
3.772
1.224
3.548
1.524
1.224
1.224
2.648
3.672
3.048
2.448
2.448
1.224
4.172
3.672
2.448
3.672
3.772
2.548
2.648
3.672
1.224
2.024
2.448
1.224
3.672
2.448
5.796
3.148
2.448
3.672
1.224
3.672
4.172
4.672
2.448
1.424
3.972
1.224
1.524
2.448
1.524
2.648
2.648
2.548
2.548
2.648
2.848
4.072
4.072
3.872
1.224
2.448
1.324
3.772
2.548
1.224
1.324
2.448
4.572
2.648
1.324
2.548
1.324
1.324
1.224
1.424
2.548
2.748
2.848
3.672
3.672
2.448
1.324
2.448
2.548
2.448
2.448
2.548
3.672
2.448
1.824
2.548
2.448
2.648
1.224
1.424
2.548
3.672
1.224
2.548
2.848
2.648
3.672
1.224
2.948
1.324
1.224
2.548
2.748
2.548
3.672
1.224
2.448
3.972
1.224
3.772
2.548
3.048
2.848
2.448
2.448
1.224
2.548
4.372
1.224
1.224
3.148
1.424
1.224
2.324
3.872
3.772
2.448
1.224
1.524
2.448
2.448
2.648
5.696
4.272
1.224
1.424
2.548
2.448
2.548
2.448
3.672
3.672
2.448
1.224
3.672
2.548
5.196
1.224
1.224
2.648
2.448
1.324
1.624
2.448
2.748
1.324
1.224
1.424
1.224
3.872
4.896
3.972
4.896
2.448
1.324
4.972
1.224
5.396
2.448
2.448
2.448
1.224
2.648
3.772
1.224
3.672
3.672
3.772
3.872
2.948
1.224
3.672
2.648
2.748
4.372
1.224
2.448
3.548
1.224
5.196
2.448
3.772
3.772
2.448
1.224
4.072
1.324
2.548
2.448
2.548
1.524
2.448
1.424
3.672
3.772
4.896
2.748
2.448
2.748
4.072
2.748
1.224
3.048
2.648
1.224
3.772
1.224
3.672
2.548
1.324
1.224
2.448
4.272
2.548
2.548
1.224
3.972
2.648
1.224
1.324
1.224
1.224
3.672
3.672
2.648
2.224
2.548
1.424
4.896
2.448
3.672
2.448
3.672
2.648
2.448
3.872
2.548
2.848
2.748
2.448
4.172
3.772
2.448
2.848
1.224
1.324
3.872
3.248
2.448
3.672
2.548
3.772
3.224
4.672
1.524
1.324
1.424
5.296
2.448
1.324
2.548
3.672
2.448
3.772
2.448
3.148
3.772
1.224
2.448
2.448
1.224
3.672
4.896
3.672
1.224
2.548
2.448
3.872
1.324
2.448
3.672
2.748
4.272
1.224
2.648
3.248
3.872
5.296
2.448
2.748
1.224
3.772
2.448
2.648
3.248
3.972
1.224
2.448
2.548
2.548
1.224
2.848
1.224
3.972
3.772
1.224
3.972
3.672
3.672
5.696
2.448
2.548
2.448
3.672
4.072
2.448
3.772
3.772
2.648
3.672
1.224
1.424
1.224
1.324
3.772
1.224
1.224
2.748
3.772
1.324
3.672
1.224
1.224
1.324
1.224
1.324
1.324
2.448
3.872
3.872
2.548
3.672
2.448
1.224
2.548
2.548
2.448
4.172
3.672
1.224
4.896
4.372
1.224
1.324
2.448
3.672
3.772
2.648
2.548
3.148
1.724
2.448
4.772
1.424
3.672
3.672
2.448
3.872
3.672
2.748
5.696
2.224
2.548
1.324
3.672
2.448
3.672
2.548
2.548
2.748
3.772
2.448
1.224
2.548
2.548
4.996
3.672
2.448
1.224
2.448
2.448
1.224
1.224
2.448
2.448
2.448
1.224
2.748
1.324
1.324
3.048
2.848
2.948
1.224
1.324
2.448
2.448
1.224
2.648
3.672
1.724
4.172
3.672
1.524
1.424
2.448
6.008
6.708
2.748
4.896
2.548
3.672
3.772
3.872
4.672
2.548
4.772
4.372
3.772
1.224
3.872
3.672
3.748
3.972
3.872
3.772
3.672
3.772
3.672
4.896
5.608
5.608
2.548
4.896
5.296
4.896
3.972
3.648
2.548
5.808
1.224
1.324
1.224
1.224
2.648
2.748
4.472
3.972
4.172
3.672
2.448
2.448
2.448
2.448
3.872
2.548
2.448
2.448
2.648
3.672
2.748
3.872
3.672
3.872
3.772
4.584
5.508
5.508
3.06
7.232
3.06
7.132
13.032
5.608
5.708
7.932
5.608
7.332
4.584
4.284
4.284
7.132
1.324
1.224
2.548
3.948
2.748
3.26
2.548
1.224
2.448
0.2
1.724
2.648
0
2.448
0
0.9
1.224
0.7
0.1
2.448
2.548
1.924
2.448
0.1
0.1
0.1
1.324
0
0.2
1.324
0
0
1.224
1.224
1.224
1.224
0
2.424
1.324
0.3
1.424
0
0
1.224
0
0
0
1.224
1.224
0
1.524
0.5
0.2
1.424
0
0
1.224
1.224
1.324
1.424
3.324
0.1
1.424
0.1
1.624
1.1
2.548
0
0
2.024
1.424
0
0
0
1.324
2.448
1.724
1.524
0.3
0
0.2
0
0
0.1
0.3
1.224
1.424
0.4
1.324
1.524
0
1.324
2.448
1.224
0
2.648
1.424
1.324
0
0.1
2.448
1.424
1.624
1.224
1.224
1.224
0.3
0
1.724
1.524
1.224
0
1.624
0
1.624
0.2
1.324
2.448
0.1
0.2
0
0
0
0.3
0.3
1.324
2.448
1.324
0
1.724
1.224
1.324
1.224
0
0
1.224
0.4
1.324
1.224
1.324
1.324
1.224
1.224
0.2
1.224
1.324
0
1.224
1.224
0
0.1
0
1.324
2.548
0
0
0.2
1.224
0
1.224
1.224
1.224
0.1
0
1.224
0
0
1.224
1.324
1.424
1.224
1.224
1.524
0.2
1.224
0.9
0.1
0
1.324
1.624
1.424
1.324
1.224
1
0.2
0
1.224
0.1
0.1
0.3
0.1
1.324
1.224
1.324
0
1.524
1.224
0
2.448
1.224
0
1.424
0.5
1.224
0.4
0
1.224
0
0.2
1.524
2.848
1.624
2.448
1.224
1.224
1.8
1.224
0
2.448
0
1.424
1.224
0.1
0
0.1
0.1
0
0
1.224
1.524
1.424
1.224
1.524
0
2.748
1.424
1.224
1.224
0
1.224
1.224
0
0
1.224
0
1.224
1.224
1.224
1.624
1.224
0.3
1.424
0.1
1.424
0.2
0
0
1.224
0.7
0.5
0
0
0.2
0
1.224
1.324
0.2
1.524
2.948
0
0
0
0.1
0.1
1.224
0
1.324
0
0
0.6
1.224
1.524
2.448
0.1
1.324
1.324
1.224
2.448
1.224
0.1
1.224
1.324
1.224
1.624
1.424
1.624
1.324
1.224
1.324
0
1.224
0
0
1.224
1.224
1.324
1.624
0
0.1
0
0.5
0
0
1.824
0.7
2.548
0.3
1.324
0.1
0
1.224
1.824
0
0.1
0
2.448
0
1.224
2.448
2.748
0
1.224
0.1
1.424
0
1.224
0.4
1.224
1.224
1.224
1.224
1.424
0.5
1.224
0
0
0
1.624
1.424
1.424
0.1
1.324
1.224
1.224
0
0.2
0
0.2
1.224
1.324
0
0.4
1.224
0.2
0.1
0.1
0
3.672
0
0.1
2.448
1.324
1.524
1.324
0
1.224
1.424
1.224
1.824
0
0.4
1.224
0.2
0.1
1.224
0
1.224
1.324
2.448
0.1
1.224
1.324
2.448
1.224
1.224
0.1
2.648
0
0
1.324
1.224
0
1.424
0.1
1.224
0.3
0.1
0
1.224
1.424
0
1.324
1.724
1.424
0
1.424
0
0.4
0
2.848
0.1
2.548
1.224
0.2
1.324
0.3
0
0
2.748
2.448
0.4
0
1.224
1.224
0
0
1.224
0
1.224
0.1
0
0
1.224
1.224
0
0
1.324
2.448
1.224
0.1
2.748
2.224
1.924
0.1
1.324
0
0
1.324
0.1
0.3
2.548
1.324
2.548
0
1.424
1.224
0
1.224
1.224
0.6
0.1
1.224
0.2
0.2
1.324
0.3
0
1.224
0.3
1.424
0
1.224
1.224
1.624
0
1.324
2.848
1.424
1.324
1.224
1.224
0
1.424
2.648
0
1.324
0.3
0.1
1.224
0
1.224
0
0.1
0.4
0.2
1.324
0
0.2
1.224
0
1.324
0
1.224
0.7
1.524
0
0
1.324
0
0.1
1.224
0
1.624
0.1
0.1
0
0
0
1.224
1
0
0
1.424
0.4
1.224
0
0.3
1.324
0.1
1.224
2.448
0
0
0
0
1.324
2.124
1.224
0
1.324
0
2.448
0.1
1.224
1.224
2.448
1.224
0
1.224
1.324
1.424
1.224
0
1.224
2.548
0
0
1.324
0
0
1.224
1.324
0.3
1.224
0.3
1.624
0
1.324
0
2.548
1.224
0
0
1.324
1.324
1.224
0
1.224
0
0
0.2
1.424
1.324
0
0.3
1.324
2.748
0.1
1.224
0
0
0.1
1.324
2.648
1.424
1.224
1.224
0.1
0
0.1
0
1.624
0
0
0
0.4
1.424
1.524
1.524
1.424
2.448
1.324
2.448
1.324
0
2.648
1.224
0
0
0
2.448
2.448
0
1.224
0
0
1.224
1.224
0
1.224
0
2.748
0
0.7
0
0.8
0
0.1
2.124
2.448
0
0.2
4.272
1.224
0.1
2.648
1.524
1.524
0.1
0.1
0.1
0
0.1
2.548
0.3
0.2
1.424
0
0.8
2.548
0
1.424
0
1.424
1.324
1.224
0.1
0
0
0
1.224
1.224
0.1
1.224
0.2
1.624
1.424
2.648
1.4
1.224
1.224
0
1.324
0.4
1.624
0.5
0
1.324
1.224
0
1.524
0.2
0.1
0.4
0.2
1.924
0.1
1.224
1.624
3.748
1.224
1.324
1.224
0
1.324
0
1.524
1.224
0
1.224
2.648
1.324
1.424
0
1.224
3.048
0.3
1.224
0.2
1.224
0.4
1.424
0
0
2.948
2.848
0
0
0
1.224
1.224
1.324
1.424
1.324
1.324
1.524
0.4
0
0.1
1.224
1.324
2.024
1.224
0.1
1.324
0.2
1.224
0.1
1.224
0
0
1.624
0
1.624
1.624
1.324
1.324
1.524
1.624
1.724
0
2.024
0.1
2.648
2.448
2.848
2.448
2.448
0
2.448
0
2.748
0
0
0.1
1.224
0.1
0
1.224
0.2
0.6
0
1.4
0.3
2.448
0
0.1
0
2.548
0
0
1.424
2.548
1.424
0
1.324
2.448
0.1
0
4.148
2.548
1.224
3.06
4.46
3.86
3.236
4.16
1.836
2.836
6.008
4.384
1.836
3.16
3.06
1.836
2.036
3.16
1.836
3.06
3.06
1.836
3.16
3.16
3.06
6.308
2.436
3.46
4.484
4.584
3.56
3.06
3.16
4.384
2.036
3.06
3.06
1.836
5.184
4.384
5.808
1.836
3.06
3.06
3.26
1.936
5.784
4.284
4.384
3.46
1.836
1.836
4.284
1.936
7.132
6.732
4.384
5.608
3.16
4.484
7.932
4.484
6.732
4.284
5.508
2.136
4.284
3.06
3.16
1.836
1.836
0.1
1.9
0.2
0.3
2.948
2.124
2.848
