0
0
2.548
1.224
2.448
0
0
0
0
0
0
1.424
0
0.1
0.1
0
1.936
0
0
0
2.448
2.448
0
0
0
0
0.1
2.448
3.672
2.448
1.836
2.448
0.1
0
0
0.1
0
0
1.836
0.3
0
1.224
0
2.036
1.936
1.224
0
0
0
2.448
1.224
0
2.548
1.836
0
0
0
0
0
1.224
0.2
0
2.036
0
0.1
0
0.1
0
1.224
0.3
0
1.224
0
0
1.624
0
0
0
0
0
1.524
0
1.224
0.1
1.836
0
0
1.836
0
0.1
0
0
0
0
0
1.224
1.224
0
0
0
1.836
0.1
0
0
0
0
0
0.3
0
0
0
0
0
1.224
1.936
0
0
0
0
0
0.4
1.836
0
0
0
0
1.836
1.224
0.1
1.424
0
2.036
0
0
1.324
0.2
1.224
1.224
1.224
0
0
0
0
1.224
0
1.836
1.224
0.1
0
0
1.224
0
0.1
0
1.836
0
0
0
0.1
0
0
0
0
0
0
1.836
0
0
0
0.3
0
0
1.224
0
1.224
1.224
1.836
0
2.448
0.1
0
1.224
0
1.224
0.1
1.324
1.324
1.224
0.1
1.324
0
1.224
0
1.224
1.224
1.224
1.224
0
1.224
0
0
0
0
1.424
0.1
1.836
0
1.224
1.224
0
1.324
0
0
1.836
0
0.1
0
0.1
1.836
1.324
0
1.224
2.648
2.448
2.448
2.448
2.448
2.448
2.548
2.448
4.284
4.284
1.424
0
1.324
1.936
1.624
1.224
3.06
1.224
0
1.324
1.324
3.16
3.672
0
0
0
1.224
0.1
1.224
1.836
3.16
1.836
0
1.224
0
0
1.224
1.224
2.448
0
0
2.036
1.224
0
0
1.224
1.224
2.448
0
0
1.224
1.224
0
1.224
1.224
0.1
1.224
0
1.224
1.224
2.548
2.448
2.448
0
1.224
1.224
4.384
4.484
4.284
4.284
1.836
0
0
1.936
0
0
0
0
0
0
2.136
0
0
1.836
0
0
0
0
0
1.836
1.224
0
0
1.224
0
1.224
0
1.324
0
0
0
0.1
0
0
0
0
0
0
0.1
0
0
1.224
1.224
0
0
0
0.1
0
0
1.224
0.2
0
0.2
1.224
1.224
1.224
0.1
0
1.224
0.2
0.1
0.3
0
0
0
0
0
1.424
1.324
0
1.224
1.224
1.224
0
0
1.224
0
1.224
1.224
1.324
1.224
1.224
0
0.1
0
0
0.1
0
1.224
1.324
1.224
1.836
1.224
1.224
2.448
2.548
1.224
1.224
1.224
2.448
1.424
1.224
1.224
3.16
0
2.648
1.224
1.224
2.548
2.448
1.224
2.548
2.448
3.672
2.448
2.448
3.772
2.448
1.324
2.448
1.224
2.448
2.448
1.324
1.224
1.224
1.224
1.224
3.672
2.448
2.648
1.424
1.224
3.672
1.224
2.548
3.672
2.448
1.224
1.224
2.448
1.224
3.972
1.224
1.224
1.224
2.448
1.224
2.448
1.224
1.224
1.224
1.224
2.448
1.224
2.548
3.672
2.448
1.224
1.224
1.224
4.384
3.16
2.448
2.548
1.224
1.324
2.548
2.448
2.448
2.448
1.224
2.448
3.16
1.224
2.848
1.424
1.224
4.284
1.324
3.06
1.224
2.448
2.448
1.424
1.224
3.36
1.424
4.384
1.224
1.224
1.224
1.224
3.06
2.448
1.224
1.224
2.448
1.324
1.224
2.448
2.448
2.448
2.448
1.224
3.672
3.672
2.448
1.224
4.284
1.224
1.224
1.224
2.448
2.448
1.224
1.224
2.448
1.224
2.448
2.448
2.448
2.448
2.448
1.224
4.284
2.448
1.224
1.324
2.448
1.224
3.672
1.224
3.772
2.548
2.448
2.448
1.224
2.448
2.448
2.448
2.448
1.224
2.448
1.224
1.324
2.448
1.224
1.224
2.448
1.224
2.448
1.224
2.448
2.448
2.448
5.508
1.224
2.448
1.224
2.448
2.448
1.224
1.224
2.448
2.448
2.548
1.224
1.224
1.224
1.224
1.224
1.224
2.448
2.448
2.448
3.772
2.448
2.448
1.224
2.448
1.224
2.548
2.448
1.224
3.672
2.448
1.224
2.448
1.224
4.384
1.224
3.06
2.448
2.448
1.224
1.224
2.548
2.448
2.448
1.224
2.448
1.224
1.224
2.448
2.448
2.448
2.448
1.224
1.224
2.548
1.224
2.448
1.224
1.324
2.448
1.224
1.224
1.224
1.224
3.872
1.224
1.224
2.448
3.26
1.324
1.424
2.448
2.448
1.224
1.224
1.224
2.448
1.224
1.224
3.872
2.548
1.224
1.224
2.448
2.448
2.548
4.484
2.448
2.448
1.224
1.224
3.672
1.224
3.672
1.224
1.224
2.448
1.224
1.224
1.324
1.224
2.448
1.224
1.224
1.224
1.224
3.672
3.672
3.672
3.672
1.224
1.324
2.648
1.224
3.672
2.448
2.448
2.448
1.224
1.224
2.448
1.224
2.448
5.508
2.448
2.448
2.548
3.06
2.448
2.448
2.448
2.548
1.224
1.224
1.224
1.224
3.672
1.224
3.672
2.448
2.448
1.224
2.448
1.224
1.224
1.324
2.548
1.224
1.224
1.224
5.508
2.448
3.772
2.448
1.224
1.324
2.448
2.448
1.224
2.448
2.548
1.224
2.448
1.224
2.448
1.224
1.224
1.224
1.224
2.448
2.448
1.224
1.224
2.548
4.484
1.224
1.224
1.224
1.224
2.448
2.448
1.224
1.524
2.448
1.224
3.672
1.224
2.448
4.384
2.448
2.448
1.224
2.448
2.448
4.384
1.224
4.284
2.648
2.448
2.548
2.448
1.224
1.224
3.772
1.424
2.448
2.548
2.448
2.448
1.624
2.548
1.224
1.324
1.224
3.772
2.448
1.224
2.448
3.672
1.224
3.772
1.224
2.548
2.448
1.224
1.224
1.224
1.224
2.448
3.772
2.448
1.224
2.448
2.448
2.548
1.224
1.224
2.448
2.548
2.548
1.224
1.224
1.224
3.772
3.672
1.224
1.324
1.324
2.448
2.448
1.224
1.524
2.448
1.224
2.448
2.448
2.448
1.224
1.524
1.224
2.448
2.448
1.224
2.548
2.448
2.448
3.672
1.224
1.224
2.448
2.448
3.772
1.224
2.548
2.448
2.548
2.448
1.224
3.26
1.224
1.224
2.448
1.224
1.224
2.448
2.448
1.224
2.448
1.224
1.224
1.224
1.224
1.224
1.224
1.224
2.448
2.448
2.448
2.448
1.224
1.224
1.224
2.448
1.224
2.448
2.448
1.224
3.672
2.548
1.224
1.224
2.448
3.772
3.772
2.448
1.224
4.584
1.324
2.448
2.448
1.324
2.448
2.448
1.224
4.284
2.448
2.448
3.672
1.424
2.448
1.224
2.448
1.224
3.672
2.448
1.324
2.448
3.672
1.224
1.224
1.224
2.448
3.672
2.448
2.448
1.224
1.324
1.224
1.224
1.224
2.548
2.448
2.448
1.224
1.224
1.224
1.224
1.224
2.448
4.284
1.224
1.224
1.224
4.284
1.224
2.448
2.448
1.224
2.548
3.672
1.224
1.224
1.224
4.384
4.384
2.448
3.672
1.224
2.548
3.772
2.448
2.548
1.224
2.548
2.448
3.772
3.26
2.548
2.448
1.324
2.448
2.448
2.448
3.772
3.672
3.672
3.672
5.508
4.284
4.284
3.672
3.672
3.672
2.548
1.524
1.224
4.284
1.224
1.224
1.224
1.224
1.224
1.224
3.772
2.448
2.448
2.448
1.224
1.224
1.224
2.548
3.772
2.448
1.224
1.224
1.324
2.448
2.448
3.672
3.672
3.772
3.872
3.06
5.508
5.508
3.06
5.608
4.896
5.508
5.708
5.608
8.344
5.708
4.284
5.608
4.384
4.284
4.284
5.508
1.836
0
3.16
3.26
3.06
3.06
2.448
0
2.448
0
1.324
3.06
0
2.448
0
0.3
1.224
0.1
0
1.224
2.448
3.56
1.224
0.2
0
0
1.324
0.1
0.1
1.224
0
0
3.16
1.224
1.224
0
0
0.3
1.324
0
1.224
0
0
1.424
0
0
0
1.224
1.224
0
0
0
0.1
1.224
0
0
0
1.324
1.324
1.324
1.624
0
1.224
0
1.224
0.1
1.224
0
0
1.424
1.224
0
0
0
1.324
1.224
1.224
1.224
0.1
0
0
0
0
0
0
0
1.224
0.1
1.324
1.224
0
1.224
2.448
1.224
0
1.224
1.224
1.224
0
0
1.224
1.224
1.224
0
1.224
1.224
0
0
1.224
1.224
1.224
0
1.224
0
1.224
0
1.224
1.224
0.1
0
0
0
0
0.1
0
1.224
2.448
1.224
0
1.224
1.224
1.324
1.224
0
0
1.224
0
1.424
1.224
1.224
1.224
1.324
1.224
0.1
1.224
1.224
0
1.224
0
0
0
0
1.324
2.448
0
0
0
1.224
0
1.224
0
1.224
0
0
1.224
0
0
1.324
0
1.324
1.224
1.224
1.324
0
1.224
0.1
0
0
1.224
1.324
3.16
0
1.224
0
0.1
0
0
0
0
0
0
1.224
1.224
1.224
0
1.224
1.424
0
4.284
1.224
0
1.224
0
1.224
0.2
0
1.324
0
0
1.324
2.548
1.224
1.224
1.324
1.324
0.3
1.224
0
2.448
0
1.224
1.224
0
0
0
0.2
0
0
1.224
1.224
1.224
1.224
1.224
0
1.224
0.1
1.224
1.224
0
1.224
1.224
0
0
1.324
0
1.224
1.324
1.224
1.224
1.424
0
1.324
0
1.224
0
0
0
1.324
0.2
0
0
0
0
0
1.324
1.224
0
1.324
1.224
0
0
0
0
0
1.224
0
1.224
0
0.2
0
0
1.224
2.448
0
1.224
1.224
1.224
1.224
1.224
0
1.224
1.224
1.224
1.324
1.224
1.224
1.224
1.224
1.224
0
1.224
0
0
1.224
1.224
1.224
0.1
0
0
0
0
0
0
1.224
0.1
2.448
0
1.324
0
0
1.224
1.324
0
0
0
1.224
0
1.224
2.448
2.448
0
1.224
0
1.224
0
1.224
0
0
1.224
1.224
1.224
1.324
0.1
1.224
0
0
0
1.224
1.224
1.224
0
1.224
1.224
0.1
0
0
0
0
1.224
1.324
0
0
1.224
0
0
0
0
2.448
0
0
1.224
1.224
1.424
1.224
0
0
1.224
1.224
1.224
0
0.2
1.224
0
0
1.224
0
1.224
0
1.224
0
1.224
1.224
1.224
1.224
1.224
0
1.224
0
0
1.224
1.224
0
1.224
0
0
0
0
0
0
1.324
0
1.224
1.224
1.224
0
1.324
0
0.1
0
1.224
0
2.448
1.224
0.1
3.16
0.1
0
0
1.224
2.448
0
0.1
1.224
1.224
0
0.1
1.224
0
1.224
0
0
0
1.324
1.224
0
0
1.224
2.448
1.324
0
2.448
1.324
1.224
0
1.224
0
0
1.224
0
0
1.224
1.224
1.224
0
1.224
1.324
0
1.224
0
0
0
1.324
0
0
1.224
0
0
1.224
0.1
1.324
0
1.224
1.224
1.324
0
1.224
1.324
1.224
1.224
0
1.224
0.1
1.224
2.448
0
1.324
0
0
1.224
0
1.224
0
0
0
0.1
1.224
0
0
1.224
0
1.224
0
1.224
0.1
1.224
0
0
1.224
0.1
0
1.224
0
1.224
0
0
0
0
0
1.224
0.2
0
0
1.324
0
1.224
0
0.1
1.224
0
1.224
1.224
0
0
0
0
1.224
1.324
1.224
0
1.224
0
1.224
0
1.224
1.224
1.224
1.224
0
1.224
1.324
1.224
0
0
1.224
1.324
0
0
0
0
0
1.224
1.224
0.1
1.224
0.1
1.424
0
1.224
0
2.448
1.224
0
0.1
1.224
1.224
1.224
0
1.224
0
0
0
1.224
1.224
0
0
1.224
1.224
0
1.224
0
0
0
1.224
1.224
1.224
1.224
1.324
0
0
0.1
0
1.324
0
0
0
0
1.324
1.224
1.324
1.224
2.448
1.224
1.224
1.224
0
1.224
0
0
0
0
1.224
1.224
0
1.224
0
0
1.224
1.224
0
1.224
0
1.324
0
0.1
0
0.1
0
0
1.524
1.224
0
0
2.748
1.324
0
1.224
1.224
1.224
0
0.1
0
0
0
1.224
0
0
0
0
0.1
1.224
0
1.224
0
1.224
1.224
1.324
0
0
0
0
1.224
1.224
0
1.224
0
1.224
1.224
2.548
0.3
1.224
1.324
0
0
0
0
0
0
1.224
1.224
0
1.224
0
0
0
0.1
1.324
0
1.224
1.224
1.424
1.224
1.224
1.224
0
1.224
0
1.224
1.224
0
1.224
1.224
1.224
1.324
0
1.224
2.548
0
1.224
0
1.224
0
1.424
0
0
2.448
2.548
0
0
0
1.224
1.224
1.224
1.224
1.224
1.324
1.224
0
0
0
1.224
1.224
1.224
0
0.1
1.224
0.1
0
0
1.224
0
0
1.224
0
1.224
1.224
1.224
1.224
1.224
1.424
1.324
0
1.224
0
2.448
1.224
1.224
2.448
2.448
0
2.448
0
2.448
0
0
0
0
0
0
1.224
0
0.2
0
0.3
0
4.284
0
0
0
1.224
0
0
0.1
2.448
0
0
0
2.448
0
0
1.524
2.548
1.224
3.06
3.16
3.16
2.136
3.16
3.672
1.936
4.384
3.06
1.836
4.896
3.06
1.836
1.836
1.936
1.836
3.06
1.836
1.836
1.836
3.16
1.836
4.284
3.872
3.16
3.06
3.16
3.16
1.836
1.836
3.06
1.836
4.896
1.836
1.836
3.16
3.06
4.284
1.836
1.836
3.06
3.16
1.836
3.16
3.06
4.284
3.16
3.672
1.836
4.284
1.836
5.508
5.608
4.284
4.284
3.06
3.06
5.608
6.22
5.508
4.996
4.284
1.836
3.06
3.06
3.16
1.836
1.836
2.136
0.1
0
0.1
2.448
0
2.448
