0
0.1
3.972
2.548
3.672
0.1
0
1.224
0.3
0
0
1.224
0.1
0.2
0
0
0
1.224
1.224
1.224
2.448
2.548
1.224
1.224
0.2
1.324
1.324
3.672
4.896
3.672
3.06
2.448
0.4
0
0.1
0.2
0
0
0
0.2
0
1.324
0
0
0
1.224
0.1
0.1
0.1
2.448
1.224
0
2.648
0
0
1.324
0
0.1
0
1.424
0.6
0.1
0.1
1.424
0
0
0
0
1.524
0.3
0
1.224
0.1
0
1.724
0.3
0
0.1
0
0
2.448
0
1.224
0
0
0
0
0
1.224
1.324
0
1.224
0
0
0
1.224
1.324
0
1.224
1.224
0
0.2
0.1
0
1.224
0.1
0
0.2
0
0
0
0
0
1.224
0
0
0
1.224
0
0
0.5
0
1.224
0
0.2
0
0.2
1.224
0
1.324
0
0
0.1
0
1.424
0.2
1.324
1.224
1.424
0
0
1.224
0
1.524
0
0
1.324
0.1
0
0
1.224
0
0
0
0.1
0.1
0
0.1
0.4
0
0
0
0
0
0
0
1.224
0
0.1
2.024
0
0.1
1.224
0
1.224
2.548
0
0
2.448
0
0.2
1.424
0
2.448
0.1
2.648
1.324
1.224
0.1
2.448
0
1.224
0
1.324
1.224
1.224
1.224
0
1.224
1.524
0
1.224
0
1.224
0.3
0
0
1.524
2.548
1.224
2.448
0.1
1.424
0
0
0.8
0
0.4
0
1.224
0
2.548
3.348
3.672
3.672
2.548
2.448
2.448
3.872
2.448
5.508
5.508
1.324
0.1
2.448
0
3.248
1.224
1.224
1.524
0
1.724
1.524
1.224
1.836
1.224
0
1.224
1.224
0
1.224
0
1.224
0
1.224
1.224
0
0
2.648
1.324
3.772
0
0
0.4
2.448
0
0.3
2.448
1.224
3.672
0
0.1
1.224
2.548
0.1
1.224
2.548
0
1.224
0.1
2.448
1.224
3.772
3.672
3.872
0
1.224
1.224
4.484
4.284
4.284
5.508
1.836
0.1
0
0
1.224
0.1
0
0
1.224
0
0.1
0
0
0
0.2
0.1
1.224
0
1.224
0
1.224
1.224
1.224
2.448
0
1.224
0
1.324
0
0
0
0
0.1
0
0
1.224
0
0
1.424
1.324
1.224
1.224
1.224
0
0
0.1
0.4
0
0
1.224
0.7
0
0.2
1.324
1.224
2.448
0.2
0.1
1.224
0.1
0.4
0.5
1.224
0
0
0
1.224
1.224
1.224
0
1.224
1.224
1.224
0
1.224
2.448
0
2.448
2.448
1.324
2.448
1.324
1.224
0
1.524
0
0
0.2
2.448
2.648
2.448
1.836
2.448
1.224
3.672
2.748
1.224
1.224
1.224
3.672
2.848
2.448
2.548
3.06
0
2.448
1.224
2.448
3.672
3.672
1.224
2.648
2.448
3.672
3.672
3.672
3.772
3.772
1.424
2.648
2.448
2.448
3.672
1.424
1.324
2.448
2.748
1.224
3.672
3.672
2.748
2.548
1.324
3.672
2.448
2.548
3.672
3.872
2.548
1.324
2.448
1.224
5.096
2.448
1.224
1.424
2.548
2.448
3.672
2.448
2.448
2.448
2.448
3.672
2.448
2.448
3.772
2.448
2.448
1.224
2.448
2.648
1.324
2.448
2.548
2.448
1.224
3.872
2.448
2.448
2.548
1.224
3.772
1.424
1.224
3.048
1.324
2.448
2.748
1.724
1.224
2.448
3.672
2.448
2.648
2.448
1.424
2.848
2.448
1.224
1.224
1.224
2.448
1.324
3.772
2.648
2.448
2.448
1.324
2.448
3.672
3.672
2.548
2.448
2.448
3.672
5.296
3.672
1.224
2.648
1.324
1.224
1.224
2.548
3.672
2.648
2.448
2.448
1.224
3.772
3.672
2.448
3.672
3.672
2.548
2.548
3.672
1.224
1.724
2.448
1.224
3.672
2.448
5.196
2.548
2.448
3.672
1.224
3.672
3.872
3.972
2.448
1.224
3.672
1.224
1.224
2.448
1.224
2.448
2.548
2.448
2.448
2.548
2.448
3.972
3.772
3.672
1.224
2.448
1.224
3.772
2.448
1.224
1.224
2.448
3.972
2.448
1.224
2.448
1.224
1.224
1.224
1.224
2.448
2.448
2.648
3.672
3.672
2.448
1.224
2.448
2.448
2.448
2.448
2.448
3.672
2.548
1.424
2.548
2.448
2.548
1.224
1.224
2.448
3.672
1.224
2.448
2.748
2.548
3.672
1.224
2.648
1.224
1.224
2.448
2.448
2.548
3.672
1.224
2.448
3.672
1.224
3.672
2.448
3.048
2.448
2.448
2.448
1.224
2.448
4.072
1.224
1.224
2.448
1.324
1.224
1.624
3.672
3.672
2.448
1.224
1.224
2.448
2.448
2.548
5.696
4.072
1.224
1.224
2.448
2.548
2.448
2.448
3.672
3.672
2.448
1.224
3.672
2.448
4.896
1.224
1.224
2.448
2.448
1.224
1.224
2.448
2.448
1.224
1.224
1.224
1.324
3.672
4.896
3.672
4.896
2.448
1.224
3.872
1.224
4.896
2.448
2.448
2.448
1.224
2.448
3.672
1.224
3.672
3.672
3.672
3.672
2.748
1.224
3.672
2.448
2.448
3.872
1.224
2.548
3.048
1.224
5.096
2.448
3.672
3.672
2.448
1.324
3.672
1.224
2.448
2.548
2.548
1.224
2.448
1.224
3.672
3.772
4.896
2.448
2.448
2.648
3.872
2.548
1.224
2.548
2.448
1.224
3.672
1.224
3.672
2.448
1.224
1.224
2.448
3.772
2.448
2.448
1.224
3.772
2.548
1.224
1.224
1.224
1.224
3.672
3.672
2.448
1.924
2.648
1.324
4.896
2.448
3.672
2.448
3.672
2.548
2.448
3.672
2.448
2.748
2.648
2.448
3.972
3.672
2.448
2.448
1.224
1.224
3.672
2.648
2.448
3.672
2.548
3.672
1.824
4.272
1.224
1.524
1.224
5.196
2.448
1.224
2.448
3.672
2.448
3.672
2.448
2.648
3.672
1.224
2.448
2.448
1.224
3.672
4.896
3.772
1.224
2.448
2.448
3.772
1.224
2.448
3.672
2.448
3.872
1.224
2.548
2.648
3.672
4.896
2.448
2.448
1.224
3.672
2.548
2.448
2.748
3.672
1.224
2.448
2.548
2.448
1.224
2.648
1.224
3.772
3.672
1.224
3.772
3.672
3.672
5.496
2.448
2.448
2.548
3.672
3.772
2.448
3.672
3.672
2.448
3.672
1.224
1.324
1.224
1.224
3.672
1.224
1.224
2.648
3.672
1.224
3.672
1.224
1.224
1.224
1.224
1.224
1.224
2.448
3.772
3.772
2.448
3.672
2.448
1.224
2.448
2.548
2.448
3.872
3.772
1.224
4.896
4.072
1.224
1.224
2.448
3.672
3.672
2.448
2.448
2.648
1.324
2.448
3.672
1.324
3.672
3.672
2.448
3.772
3.672
2.448
4.896
1.324
2.548
1.324
3.672
2.448
3.672
2.648
2.448
2.448
3.672
2.448
1.224
2.448
2.448
4.996
3.672
2.448
1.224
2.448
2.448
1.224
1.224
2.448
2.448
2.448
1.224
2.448
1.224
1.224
2.448
2.548
2.648
1.224
1.224
2.448
2.448
1.224
2.548
3.672
1.424
3.772
3.672
1.324
1.224
2.448
5.608
6.008
2.448
4.896
2.448
3.672
3.672
3.672
4.072
2.448
4.072
3.872
3.672
1.224
3.672
3.672
2.748
3.872
3.672
3.672
3.672
3.672
3.672
4.896
5.508
5.508
2.448
4.896
4.996
4.896
3.772
2.948
2.448
5.808
1.224
1.224
1.224
1.224
2.548
2.448
3.972
3.672
3.872
3.672
2.548
2.448
2.448
2.448
3.772
2.648
2.448
2.548
2.448
3.672
2.648
3.872
3.672
3.672
3.672
4.284
5.508
5.508
3.06
7.032
3.06
6.932
7.932
5.608
5.708
9.132
5.508
6.932
4.384
4.284
4.284
6.832
1.224
1.224
2.448
2.848
2.548
3.06
2.448
1.224
2.448
0.1
1.224
2.548
0
2.448
0
0.2
1.224
0.3
0
2.448
2.448
1.524
2.448
0.2
0
0
1.224
0
0.4
1.224
0
0
1.224
1.224
1.224
1.224
0
1.824
1.224
0.2
1.324
0
0
1.224
0
0
0
1.224
1.224
0
1.324
0.2
0
1.224
0
0.1
1.224
1.324
1.324
1.524
1.724
0
1.224
0.1
1.224
0.3
2.648
0
0
1.524
1.324
0
0
0
1.324
2.448
1.524
1.524
0.2
0
0
0.1
0
0.1
0.1
1.224
1.224
0
1.224
1.324
0
1.424
2.448
1.224
0.1
2.548
1.224
1.224
0
0.1
2.448
1.424
1.224
1.324
1.224
1.224
0.2
0
1.524
1.324
1.224
0
1.224
0
1.424
0.1
1.224
2.448
0.1
0.1
0
0
0
0
0.1
1.424
2.448
1.324
0
1.424
1.224
1.424
1.324
0
0
1.224
0.3
1.224
1.224
1.224
1.424
1.224
1.224
0
1.224
1.324
0.1
1.224
1.224
0
0.1
0
1.324
2.548
0
0
0.1
1.224
0
1.224
1.224
1.224
0.1
0.1
1.224
0
0
1.224
1.324
1.324
1.224
1.224
1.424
0
1.224
0.4
0
0
1.224
1.424
1.424
1.324
1.224
0.1
0
0
1.224
0.1
0
0.1
0
1.224
1.224
1.224
0
1.324
1.224
0
2.448
1.224
0
1.224
0.3
1.224
0.3
0
1.324
0
0.2
1.724
2.748
1.624
2.548
1.224
1.224
0.9
1.224
0
2.448
0
1.324
1.224
0
0.2
0.1
0.2
0
0
1.224
1.424
1.224
1.224
1.624
0
2.448
1.424
1.224
1.224
0
1.224
1.224
0
0
1.224
0
1.224
1.224
1.324
1.324
1.224
0.1
1.324
0
1.324
0.1
0
0
1.224
0.2
0.2
0
0
0.1
0
1.224
1.224
0.1
1.224
2.548
0
0
0
0.1
0.2
1.324
0
1.324
0
0.1
0.2
1.224
1.324
2.448
0
1.224
1.324
1.224
2.448
1.224
0
1.224
1.324
1.224
1.424
1.424
1.524
1.224
1.224
1.224
0
1.224
0
0
1.224
1.224
1.224
1.324
0
0
0.1
0
0.1
0
1.324
0.1
2.448
0.2
1.224
0.1
0
1.224
1.624
0
0
0
2.448
0
1.224
2.448
2.448
0.1
1.224
0
1.324
0
1.224
0.2
1.224
1.324
1.224
1.224
1.324
0.1
1.324
0
0
0
1.324
1.324
1.324
0.1
1.224
1.224
1.324
0
0.1
0
0
1.224
1.524
0
0.2
1.224
0.2
0
0.1
0
3.672
0
0
2.448
1.224
1.224
1.224
0
1.224
1.324
1.224
1.724
0
0.2
1.224
0
0
1.224
0
1.224
1.224
2.448
0
1.224
1.224
2.448
1.224
1.224
0
2.848
0.1
0
1.224
1.224
0
1.224
0
1.224
0.2
0
0.1
1.224
1.324
0
1.424
1.324
1.424
0
1.424
0.1
0.3
0
2.948
0
2.448
1.224
0
1.324
0.3
0
0
2.448
2.448
0
0
1.224
1.224
0
0
1.224
0
1.224
0
0
0
1.224
1.224
0
0
1.324
2.448
1.224
0
2.548
1.324
1.724
0.1
1.224
0
0
1.324
0.1
0.1
2.548
1.224
2.448
0
1.224
1.224
0
1.224
1.224
0.2
0.1
1.224
0.1
0.1
1.224
0
0
1.224
0
1.224
0
1.224
1.224
1.224
0.1
1.324
2.648
1.224
1.224
1.224
1.224
0
1.224
2.448
0
1.224
0.1
0
1.224
0
1.224
0
0.1
0.1
0
1.224
0
0.2
1.224
0
1.224
0
1.224
0
1.324
0
0
1.324
0
0.1
1.224
0
1.424
0
0.1
0
0
0
1.224
0.4
0
0
1.224
0.3
1.224
0
0.1
1.224
0
1.224
2.448
0
0
0
0
1.324
1.324
1.224
0
1.224
0
2.448
0
1.224
1.224
2.548
1.224
0
1.224
1.224
1.224
1.224
0
1.224
2.548
0
0
1.224
0
0
1.224
1.224
0
1.224
0.2
1.524
0.1
1.324
0.1
2.548
1.224
0
0
1.224
1.224
1.224
0
1.224
0
0
0.1
1.324
1.224
0
0.2
1.224
2.648
0.1
1.224
0
0
0.1
1.424
2.548
1.324
1.224
1.224
0
0
0
0
1.324
0.2
0
0.1
0
1.224
1.424
1.624
1.424
2.548
1.424
2.448
1.224
0
2.548
1.324
0
0
0
2.448
2.448
0
1.224
0
0
1.224
1.224
0
1.224
0
2.448
0
0.3
0.1
0.4
0.1
0.2
1.524
2.448
0
0
3.972
1.224
0
2.448
1.324
1.324
0.1
0
0
0
0
2.448
0.2
0.1
1.324
0
0.2
2.648
0
1.424
0
1.324
1.224
1.224
0.1
0.2
0
0
1.224
1.224
0
1.224
0
1.224
1.324
2.448
0.4
1.224
1.224
0
1.324
0.4
1.524
0
0
1.324
1.224
0
1.224
0.1
0
0.1
0
1.324
0
1.224
1.424
3.348
1.224
1.424
1.224
0
1.224
0
1.324
1.224
0
1.224
2.548
1.424
1.324
0
1.224
2.548
0.1
1.224
0.3
1.224
0.1
1.224
0
0
2.748
2.648
0
0
0
1.224
1.224
1.324
1.424
1.224
1.324
1.424
0.2
0
0
1.224
1.324
1.424
1.224
0.1
1.324
0.1
1.224
0.1
1.224
0
0.1
1.324
0
1.524
1.424
1.224
1.324
1.424
1.424
1.624
0
1.724
0
2.448
2.448
2.648
2.448
2.448
0
2.448
0
2.548
0
0
0
1.224
0
0
1.224
0
0.4
0
0.4
0
2.448
0
0.1
0
2.448
0
0
1.224
2.448
1.224
0
1.324
2.448
0
0
3.148
2.548
1.224
3.06
3.26
3.26
2.336
3.56
1.836
2.236
5.608
4.284
1.836
3.06
3.06
1.836
1.836
3.16
1.836
3.06
3.06
2.036
3.06
3.16
3.06
6.308
1.936
3.26
4.284
4.284
3.16
3.06
3.06
4.284
1.936
3.06
3.06
1.836
4.584
4.284
5.908
1.936
3.06
3.06
3.16
1.836
4.584
4.284
4.384
3.26
1.836
1.836
4.284
1.836
6.832
6.732
4.384
5.508
3.06
4.284
7.632
4.484
6.732
4.284
5.608
1.836
4.284
3.06
3.06
1.836
1.836
0.1
0.5
0
0.2
2.648
1.524
2.648
