0
0.2
3.972
2.548
3.672
0
0.1
1.224
0.1
0
0.2
1.224
0
0.1
0.1
0
0
1.224
1.224
1.224
1.324
1.224
1.224
1.224
0
1.224
1.224
2.448
3.672
2.448
3.06
2.548
0.3
1.224
0
0.1
0
0.1
0
0
0
1.324
0
0
0
1.224
0
0
0.1
1.324
1.224
0
1.324
0
0
1.224
0.2
0
0
1.424
0
0
0
1.224
0.1
0
0
0
1.224
0.3
0.1
1.324
0
0
1.624
0
1.224
0
0
0.1
2.648
0.2
1.224
0
0
0
0
0
1.224
1.224
0.1
1.224
0
0
0
1.324
1.224
0
2.448
1.224
0
0.2
0
0
1.224
0
0
0.2
0
1.224
0
0
0
1.324
0
0.2
0.2
1.224
0
0
0.3
0
1.224
0.1
0
1.224
0
1.224
1.324
1.224
0
0
0
1.224
1.424
0
1.224
1.324
1.324
0.2
0
1.224
0
1.324
0
0
1.224
0
0
0
1.224
0.1
0
0
0
0.1
0
0
0.1
0.1
0
0
0
0
0
0
1.324
0
0
1.524
0
0.1
1.224
0
1.224
2.848
0
1.224
1.224
0
0
2.448
0
2.448
0
2.548
1.324
1.224
0
2.448
0.1
1.324
0.1
1.224
1.224
1.224
1.224
0
1.224
1.424
0
1.224
0
0
0.3
0
0
1.224
2.548
1.224
2.448
0.1
1.324
0
0
0.4
0
0.1
0
0
0
3.672
2.448
4.996
3.672
2.548
2.448
2.648
3.872
2.448
5.708
5.508
1.224
0
2.548
0
2.848
1.424
0
1.224
0.1
1.424
1.324
1.324
1.836
1.224
1.224
2.448
1.424
0.2
0
0
0
0
1.224
1.224
0
0
2.448
1.224
2.448
0
0
0.1
3.672
0
0
3.672
0
2.448
0
0.2
0.1
2.448
0
0
2.448
1.224
1.224
0
2.448
2.448
4.996
4.896
3.772
0
2.448
2.448
3.06
3.06
3.06
6.732
1.836
0.1
0
0
2.448
0
0
0
1.224
0
0
0
0
0
0.1
0.1
1.224
0
1.224
0
1.224
1.224
1.224
2.548
0
1.224
0
1.224
0
0
0.1
0
0.2
0
0
2.448
0
0
1.324
1.224
2.448
1.324
1.324
0
1.224
0
0.3
0
0
1.224
1.624
0
0.1
1.224
2.448
2.448
0.2
0
1.224
0
0.2
0.4
1.224
0
0
0
1.224
1.224
1.224
0
1.224
1.224
1.224
0
1.224
3.672
0
2.448
2.448
1.324
1.224
1.224
1.224
0
2.648
0
0
0
2.548
2.448
3.672
1.836
2.448
1.224
4.896
2.648
1.224
1.224
1.224
3.672
2.448
2.448
2.548
3.16
0
1.424
1.224
2.448
3.672
3.772
1.224
3.972
3.672
2.448
4.896
4.896
2.448
3.672
1.224
2.948
2.548
1.224
2.548
1.224
1.224
2.448
2.648
1.224
2.548
3.672
3.772
2.548
1.224
2.448
2.448
2.448
2.548
3.772
2.448
1.324
2.448
1.224
3.872
2.548
1.224
1.424
2.548
2.448
3.672
2.448
2.448
2.548
2.448
3.672
3.672
2.448
2.548
2.548
2.548
1.224
2.448
2.448
1.224
1.224
1.224
3.672
1.224
3.972
2.448
2.448
2.548
1.324
3.672
1.224
1.324
2.648
1.324
2.448
2.548
2.648
1.224
2.548
3.672
2.448
2.448
2.448
1.324
2.548
2.448
1.224
1.224
1.224
2.448
1.224
3.672
2.548
2.448
2.448
1.224
3.672
3.772
3.672
1.224
1.224
2.448
2.448
4.996
3.672
1.224
2.648
1.324
1.224
1.224
3.672
3.672
2.648
2.448
1.224
1.224
3.872
3.672
2.448
4.896
3.672
2.448
2.548
3.672
1.224
1.524
2.448
1.224
2.448
2.448
4.896
2.548
3.672
2.448
1.224
3.672
3.672
3.672
2.448
1.224
4.896
1.324
1.224
2.548
1.324
2.448
3.672
2.448
1.224
2.448
2.548
3.672
3.772
2.448
1.224
1.224
1.224
3.672
2.548
1.224
1.324
2.448
3.672
2.448
1.224
2.448
1.224
1.324
1.224
1.224
2.448
1.224
2.548
2.448
3.672
2.448
1.224
2.448
2.448
2.448
1.224
2.448
2.448
2.448
1.224
2.548
2.448
2.448
1.224
1.224
3.672
4.896
1.224
2.448
2.548
2.548
3.672
1.224
1.224
1.224
1.224
2.648
2.548
1.224
3.672
1.224
2.448
2.448
1.224
3.672
2.448
2.448
2.548
2.448
2.448
1.224
2.448
2.748
1.224
1.224
1.324
1.324
1.224
1.524
3.772
3.672
2.448
1.224
1.324
2.448
2.448
2.448
3.672
4.996
1.224
1.224
2.548
1.224
2.648
2.448
2.448
3.672
3.672
1.224
2.448
2.448
3.672
1.224
2.448
2.448
3.672
1.224
1.424
2.448
2.448
1.224
1.224
1.224
1.324
2.448
3.672
2.448
3.772
2.448
1.224
3.672
1.324
3.672
2.448
1.224
2.448
2.448
2.448
3.772
1.224
3.672
2.448
3.872
3.672
2.548
1.224
3.672
2.448
2.548
3.872
1.224
2.448
3.772
1.224
3.772
2.448
2.448
3.772
2.548
1.224
4.896
1.224
2.448
3.672
2.448
1.224
2.448
2.448
2.448
3.672
3.672
3.672
2.448
2.648
3.672
1.324
1.224
3.672
2.548
1.224
3.672
1.224
3.672
3.672
1.224
1.224
2.548
3.972
2.448
3.672
1.224
3.772
2.448
1.324
1.224
1.224
2.448
3.672
3.672
3.672
1.324
2.448
1.224
3.672
2.448
3.772
2.448
3.672
2.448
2.448
3.672
1.224
2.548
2.448
2.448
4.896
3.672
2.448
3.972
1.224
1.324
2.448
2.448
3.672
3.672
2.548
3.672
1.524
5.096
1.224
1.224
1.224
3.672
2.448
1.224
2.548
2.448
2.448
2.548
2.448
2.448
3.672
1.224
2.448
3.672
1.224
3.672
3.672
3.672
1.224
2.448
2.448
3.772
1.224
3.672
3.672
2.448
2.548
1.224
2.448
2.448
2.448
3.672
3.672
2.448
1.224
3.772
1.224
2.448
2.548
3.772
1.224
2.448
2.748
3.672
1.224
2.448
1.224
3.672
3.672
1.224
4.996
3.672
3.672
3.672
3.672
2.448
2.448
3.672
2.448
2.448
3.672
3.672
1.224
3.672
1.224
1.224
1.224
2.448
3.672
1.224
1.224
2.548
3.672
1.224
3.672
1.224
1.224
1.224
1.224
1.224
1.224
2.448
4.896
3.772
2.448
4.996
2.448
1.224
3.672
2.548
2.448
4.996
4.896
1.224
3.672
4.996
1.224
1.324
3.672
2.448
2.448
2.548
2.448
2.548
1.224
1.224
4.072
1.224
3.772
3.672
2.548
3.672
3.672
2.448
3.772
1.524
1.324
1.224
3.672
2.448
2.448
2.448
2.448
2.548
2.448
3.672
1.324
2.448
3.672
3.672
3.672
1.324
1.224
2.448
2.448
1.224
1.224
3.672
1.224
1.224
1.224
2.448
1.224
1.224
2.448
2.548
2.448
1.224
1.324
2.448
2.448
1.224
2.548
3.672
1.324
3.772
2.448
1.424
1.224
2.448
5.608
5.708
2.548
3.672
2.448
3.672
2.448
4.896
3.772
3.672
3.772
5.096
3.872
1.224
3.672
3.672
2.648
4.896
3.672
3.672
2.448
2.448
2.448
3.672
4.384
5.508
2.448
3.672
3.772
3.772
3.972
2.548
2.448
6.732
1.224
1.224
1.224
1.224
2.448
2.548
2.648
3.672
3.672
4.896
2.448
2.448
2.448
2.448
2.548
2.448
2.448
2.448
2.448
3.772
2.548
2.548
2.448
2.448
2.448
4.484
4.384
4.284
3.06
5.508
3.16
5.508
5.608
4.584
4.284
5.508
8.132
5.608
4.384
3.06
3.06
5.508
1.324
1.224
2.648
2.648
2.548
2.036
1.224
1.224
1.224
0.1
1.424
2.448
0
1.224
0
0.1
0
0
0
3.772
2.448
1.324
3.672
0
0
0
1.224
0
0.1
1.224
1.224
0
1.224
0
0
1.224
0
1.324
1.324
0
1.224
0
0
2.648
0
0
0
1.224
1.224
0
1.224
0
0
1.324
0
0
2.448
1.224
1.224
1.224
1.924
0
1.424
0
1.524
0.1
2.448
0
0
1.424
1.224
0
0
0
1.224
3.672
1.224
1.224
0
0
0
0
0
0
0
1.224
1.224
0
2.448
1.224
0.1
1.324
1.224
1.224
0.1
2.548
1.224
1.224
0
0
3.672
1.224
2.448
1.224
1.224
1.224
0
0
1.424
1.324
1.224
0
1.424
0
1.224
0
1.224
3.672
0
0
0
1.424
0
0
0.1
1.224
2.448
2.448
0
1.324
1.224
1.324
1.324
0
0
1.224
0
2.648
1.224
1.224
1.224
1.324
1.224
0.1
1.224
1.224
0
1.224
1.224
0
0
0.1
1.324
1.224
0
0
0
1.224
0
1.224
1.224
2.448
0
1.224
1.224
0
0.1
1.224
1.324
1.224
1.224
1.324
1.224
0.2
1.224
0.3
0
0
1.224
1.324
1.224
2.448
1.224
0
0
0
1.224
0
0
0
0
2.448
1.224
1.224
0
1.224
1.224
0
1.224
1.224
0
1.224
0.1
1.224
0.2
1.224
1.224
0
0
2.448
1.224
2.548
3.672
1.224
1.324
1.624
1.224
0
1.224
0
1.224
2.448
0
0.1
0
0.2
0
0
1.324
1.324
2.448
1.224
1.324
1.224
3.772
2.448
1.224
1.224
0
1.224
1.224
0
0
1.324
0
2.448
1.224
2.448
1.324
1.224
0
2.448
0.2
1.324
0
0
0
1.224
0.2
0.1
0
0
0.1
0
1.324
2.448
0.1
2.548
2.548
1.224
0
0.1
0
0
1.224
0
1.224
0
0
0.2
1.224
1.324
1.224
0
1.224
1.224
1.224
2.448
1.324
0
1.424
1.224
1.224
1.224
1.224
1.324
1.324
1.324
1.324
0
1.224
0
0
2.448
1.224
1.424
2.548
0
0
0
0
0
0
1.224
0.1
1.224
0
1.224
0
0
1.224
1.624
0
0
0
2.448
0
1.224
1.224
1.424
0
1.224
0
1.224
0
1.224
0
1.324
1.224
1.224
1.324
1.224
0
1.224
0
0
0
1.224
1.224
1.324
0.1
1.224
1.224
1.224
0.1
0
0
0
1.324
1.424
0
0
1.324
0
0
0
0
2.448
0
0
3.672
2.448
1.324
1.224
0
1.224
1.324
1.324
1.224
0.1
0
1.224
0.2
0
1.224
0
1.224
1.224
2.448
0
1.224
1.224
3.672
1.224
2.548
0
2.448
0.1
0
2.548
2.448
0
1.224
0
1.224
0
1.224
0
2.448
1.324
0
1.224
1.224
1.324
0
2.448
0.1
0.1
0
3.672
0.1
1.224
1.224
0.2
1.324
0.1
0.1
0
2.548
1.324
0.1
0
1.224
1.224
0
0
1.224
0
0
0
0.1
0
2.448
1.224
0
0
2.448
2.448
1.224
0.1
2.448
1.524
1.224
0
1.224
0
0.1
1.424
1.224
1.224
3.672
1.224
3.672
0
1.224
1.224
0
1.224
1.224
0.1
0
1.224
0
0
1.224
0.1
0.1
2.448
0
1.324
0
1.224
1.224
2.548
0
1.224
2.448
1.224
1.224
1.224
1.224
0
2.548
1.224
0
1.224
0
0
2.448
0
1.224
0
0
0.2
0.1
2.448
0
0
1.224
0
1.224
0
2.448
0.1
1.224
0.1
0
1.324
0
0
2.448
0
2.548
0
0
0
1.224
0
2.448
0.1
0
0
1.824
0.3
1.224
0
0
2.448
0
1.224
2.548
0
0
0
1.224
2.448
1.424
1.224
1.224
2.548
0
2.548
0
1.224
2.448
3.772
1.224
0
1.224
1.424
1.324
1.324
0.1
1.224
2.548
0
0
2.448
0
0
1.224
1.324
0
1.224
0
1.324
0
1.224
0
1.224
1.224
1.224
0
1.224
2.448
1.224
0
1.324
0
0
0.1
1.324
1.224
0
0.1
1.224
2.448
0.2
1.224
0
0
0
1.224
2.448
1.224
1.224
1.224
0
0
0
0
1.224
0
0
0
0.1
1.324
1.224
1.224
1.224
1.224
1.224
2.448
1.224
0
3.672
1.224
0
0
0
2.448
3.672
0
1.224
0
0
2.548
2.448
0
1.224
0
2.448
0
0.3
0
0
0
0.1
1.324
3.672
0
0.1
2.548
1.224
0
3.772
1.324
1.224
0
0.1
0
0.1
0
2.548
0.1
0.1
1.224
0
0.1
3.672
0
2.448
0
1.224
1.324
1.224
0
0
0
0
1.324
1.224
0
1.224
0.2
1.224
1.224
1.324
0.5
1.224
1.224
0.1
1.224
0.2
2.748
0.1
0
2.448
2.448
1.224
1.324
0
0
0
0
1.424
0
1.224
1.224
2.548
1.324
2.548
1.224
0
1.224
0
1.324
1.324
0
2.448
2.448
2.448
1.424
0
1.224
1.224
0.1
1.224
0
1.324
0.1
1.324
0
0
1.224
1.324
0
0
0
1.224
1.324
2.648
1.324
1.224
2.448
1.224
0.3
0
0
2.448
1.324
1.224
2.448
0
1.324
0.1
1.224
0.1
1.224
0
1.224
1.224
0
2.848
1.224
1.224
1.224
1.224
1.424
1.224
0
1.324
1.224
1.224
3.872
3.772
2.448
2.448
0
1.224
0
1.324
0
0
0
1.224
0.1
0
1.324
0
0.1
0
0.4
0
1.224
0
0
0
2.448
0
0
1.224
1.224
1.224
0
1.224
1.224
0
0
2.548
1.224
1.224
1.836
3.06
3.16
2.136
3.46
1.836
2.236
4.284
4.284
1.936
3.06
3.06
1.936
1.936
3.06
1.836
1.836
3.06
1.836
3.06
1.836
3.06
4.284
1.836
1.836
5.508
3.16
3.26
3.06
4.284
3.06
1.836
1.936
3.06
3.06
3.16
4.284
4.384
1.836
3.06
3.16
3.06
1.836
4.484
5.508
3.06
3.36
1.836
1.836
3.06
1.936
5.508
5.508
4.684
5.508
3.06
4.284
5.608
4.284
5.608
4.284
6.832
3.16
4.284
3.06
4.284
1.836
1.836
0.2
0.2
0
0
1.324
1.324
1.224
