0.4
0.2
4.272
3.148
4.072
0.2
0
3.06
0.1
0
0.1
1.324
0.2
1.3
0.5
1.836
0
1.224
1.224
1.324
2.448
2.748
1.224
1.224
0.3
1.224
1.324
3.772
4.896
3.672
4.896
2.448
1.2
0
0
2.036
1.936
0
0
0.5
0.1
2.024
1.836
0
0
1.224
0.2
0.5
0.1
2.448
1.224
0.1
2.748
0
0
3.06
0.1
0
0
2.124
1.5
0.2
0.1
1.524
0.4
0.1
0.2
0
1.524
1.2
0.3
1.824
0.3
0
2.524
0.6
1.836
0.3
0
0
3.548
0
1.224
0
0
0
0
0
1.224
2.324
0.1
1.324
0.1
0
0
3.26
3.16
0
1.324
3.06
0.2
0.4
0.5
0
3.06
0.1
0
0.4
0
0
0.1
0
0.1
1.224
0.1
0.5
0.1
1.424
0
0
1.8
0.1
1.224
0.3
0.3
0
0.1
1.224
0.1
1.624
0.2
0
0
0
1.424
0.2
1.424
1.324
1.624
0.3
0
1.224
0
1.224
0
0
1.324
0
0
0.1
1.424
0.1
0.2
0
0.4
0.4
0.1
0.1
0.6
0
0
0
0
0
0
0.1
3.26
0
0.1
2.724
0
0.4
1.224
0
1.224
5.084
0
0
2.748
0.2
0.2
1.424
0.1
2.548
0.7
3.148
1.624
1.424
0.3
2.548
0
1.524
0.1
1.424
1.324
1.324
1.324
0.1
1.224
1.924
2.036
4.896
1.836
3.56
2.936
1.836
1.836
3.06
4.784
3.16
4.284
2.036
3.26
1.836
1.836
3.736
1.836
3.236
1.836
3.06
1.836
4.584
5.684
5.708
5.508
4.784
4.284
4.284
6.408
4.284
7.444
7.344
1.324
0
2.448
0
5.148
1.324
1.224
1.824
0
2.624
1.524
1.324
1.936
1.224
0.1
3.06
1.424
0.8
1.224
0.2
1.324
0
1.224
1.224
0
0.8
2.948
1.524
3.672
0
0.1
0.6
2.448
0.1
1.1
2.448
1.224
3.672
0
0
1.324
2.548
1.3
1.224
2.548
0
3.06
1.836
4.284
1.324
3.972
3.672
6.208
0
3.06
3.16
4.484
4.384
4.284
5.508
1.836
1.4
0
0
1.224
0.3
0.2
0
1.424
0.1
0.4
0.4
0.1
0
0.3
0.2
1.224
0
1.224
0
1.224
1.224
1.224
2.548
0
1.424
1.836
1.524
0.1
0.2
0.1
0.4
0.1
0
0
1.224
0
0
2.624
3.26
1.324
1.324
1.224
0
0
0
1
0
0
1.224
3.636
0.3
0.3
1.324
1.424
2.748
2.636
0.2
1.324
0.2
0.8
1.9
1.224
0.1
1.836
0.2
1.224
1.824
1.324
1.836
1.224
1.224
1.224
0.4
1.224
2.448
0.1
2.548
2.448
1.324
2.448
1.224
1.324
0
2.424
0
0
0
2.848
4.448
6.12
1.836
4.284
1.424
3.872
3.148
1.324
1.224
1.224
5.508
4.448
2.448
2.548
3.06
1.836
2.748
1.224
2.448
3.772
3.672
1.224
3.648
2.548
3.672
3.772
3.672
3.872
3.672
2.324
3.548
2.448
2.448
3.772
1.524
1.324
2.448
2.748
1.424
3.672
3.872
2.848
3.248
1.524
3.672
2.448
2.548
4.572
3.772
2.448
1.424
2.448
1.624
5.196
2.848
1.424
1.624
2.748
2.648
3.672
2.548
2.448
2.548
2.448
3.672
4.284
2.448
3.672
2.748
2.548
1.224
2.448
2.948
1.224
2.548
2.948
2.548
1.224
5.472
2.548
2.448
2.448
1.324
3.772
1.324
1.424
5.948
1.924
2.448
3.848
2.624
1.224
2.448
3.972
3.248
3.048
2.448
1.924
3.448
2.548
1.224
1.224
1.324
2.548
1.324
3.672
2.648
4.384
2.448
1.224
2.448
3.672
3.772
2.648
2.448
2.448
3.672
4.996
3.772
1.224
2.948
1.424
1.224
1.224
2.548
3.672
2.948
2.448
2.448
1.224
4.072
3.872
2.448
3.772
3.772
2.448
2.648
3.672
1.224
2.524
2.448
1.224
3.672
2.448
6.196
2.748
2.448
3.772
1.224
3.672
4.172
4.372
2.648
1.324
3.872
1.324
1.424
2.548
1.524
2.548
2.448
2.548
2.448
4.384
2.648
4.072
4.272
3.672
1.224
2.448
1.424
3.872
2.548
1.224
1.324
2.448
4.672
2.448
1.324
2.548
1.224
1.224
1.224
1.724
2.548
2.748
2.748
3.672
3.872
2.448
1.424
2.448
2.448
2.648
2.448
2.548
3.672
2.448
2.424
3.248
2.448
2.448
1.224
1.424
2.448
3.672
1.524
2.548
2.448
2.748
3.772
1.224
3.148
1.224
1.224
2.648
2.748
2.548
3.672
1.224
2.548
3.772
1.224
3.672
2.548
2.948
2.948
4.284
4.284
1.224
2.448
4.772
1.424
1.224
2.848
1.324
1.224
2.224
4.072
5.508
2.548
1.224
1.524
2.648
2.448
2.648
5.196
3.672
1.224
3.06
2.448
2.448
2.448
2.448
3.772
3.672
4.284
1.224
3.672
2.548
4.896
1.224
1.224
2.448
2.448
1.224
1.524
2.448
2.448
1.224
1.224
1.324
1.824
3.772
4.896
3.772
4.896
2.448
1.324
5.872
1.424
5.496
2.448
2.748
2.448
1.224
2.548
3.872
1.224
3.672
3.772
3.772
3.672
3.148
1.224
3.672
2.748
3.048
4.272
1.224
2.448
4.984
1.224
4.896
2.548
3.772
3.872
2.448
1.324
4.372
1.224
2.448
2.548
2.548
1.624
2.448
3.36
3.672
3.672
4.896
2.748
4.284
2.648
3.772
2.748
1.324
2.948
2.848
1.224
3.772
1.224
3.672
2.448
1.324
1.224
2.448
4.172
2.448
2.448
1.424
4.372
2.848
1.224
1.324
1.224
3.06
3.672
3.672
2.548
3.224
2.448
1.324
4.896
2.448
3.672
2.448
3.672
2.748
4.384
3.972
2.548
3.148
3.048
2.448
4.072
3.672
2.548
2.948
1.224
1.624
3.772
2.748
2.548
3.772
2.548
3.672
3.624
4.472
1.524
1.624
1.224
4.896
2.448
1.224
2.448
3.672
2.448
3.972
2.448
3.248
3.972
1.224
2.448
2.448
1.224
3.672
4.996
3.672
1.224
2.448
2.448
5.608
1.324
2.448
3.672
2.448
4.372
3.06
2.748
3.248
3.672
5.096
2.448
2.548
1.324
3.872
2.448
4.784
3.748
3.772
1.224
2.548
2.648
4.284
1.224
2.748
1.224
3.672
3.672
1.224
4.172
3.672
3.672
5.096
2.448
2.448
2.548
3.672
3.772
2.548
3.672
3.672
2.548
3.672
1.424
1.224
1.224
1.224
4.072
1.224
1.224
2.648
3.672
3.06
3.672
1.324
1.224
1.224
1.224
1.224
1.324
2.448
3.972
3.772
2.548
3.672
2.448
1.224
2.448
2.448
2.448
4.672
3.672
1.224
4.896
4.772
1.224
1.324
2.548
3.872
3.872
2.648
2.448
2.948
1.424
2.448
5.172
1.224
3.672
3.672
2.448
3.872
3.672
2.648
5.596
2.124
2.548
1.324
3.672
2.448
3.672
2.748
2.548
2.448
3.672
4.284
1.524
2.448
2.548
6.732
3.672
4.484
1.224
2.448
2.448
1.324
1.324
2.448
2.448
2.448
1.324
2.548
1.224
1.424
2.648
3.148
2.748
1.224
1.324
2.448
2.448
1.224
2.648
3.672
1.524
4.172
3.672
1.324
1.424
2.448
5.908
6.408
2.748
6.732
4.284
7.344
5.708
5.508
6.908
4.384
6.708
5.908
5.708
3.26
5.608
5.508
5.084
6.108
5.608
7.444
5.508
5.508
5.508
6.932
7.444
7.344
2.448
5.196
5.196
4.996
4.172
6.084
4.384
5.908
1.224
1.424
1.224
1.324
2.448
2.548
4.772
5.508
3.972
3.772
2.748
2.448
2.448
2.648
3.672
2.648
2.448
2.748
2.748
3.672
2.748
3.872
3.772
3.972
3.672
4.684
5.508
5.508
3.06
6.832
3.16
6.732
7.332
6.108
5.608
6.932
5.608
17.504
6.72
4.284
4.284
7.132
2.024
3.06
2.648
4.248
2.848
3.36
2.648
1.224
2.448
0.1
1.824
2.648
0
2.448
1.836
1
1.224
0.9
0
2.548
2.548
2.024
2.448
2.436
1.836
0.3
1.424
0.1
0.5
1.424
0
0
1.324
1.224
1.224
1.324
0
3.824
1.324
0.4
1.324
0.1
0
1.524
0
1.836
0
1.224
1.324
0
1.624
0.1
0.4
1.324
0
0
1.224
1.324
1.324
1.524
3.624
0.1
1.324
0.1
1.424
1.3
2.748
0.1
0
2.424
1.324
0.1
0
0
1.324
2.448
1.524
1.324
0.4
0.1
0
0
0
0
0.2
1.324
1.424
0.4
1.524
1.624
0
1.324
2.448
1.224
0.1
2.948
1.424
1.324
0
0
2.548
1.424
1.224
1.224
1.224
1.224
0.1
0
2.124
1.324
1.324
0
1.524
0
2.024
0
1.224
2.448
0.3
0.1
0
0.1
0
0.2
0.4
1.224
2.448
1.224
0
1.524
1.224
1.324
1.324
0
0
1.324
0.6
1.224
1.224
1.624
1.324
1.324
1.324
0.6
1.224
1.224
0.2
1.224
1.224
0.1
0.4
0.2
1.524
2.648
0.4
0
0
1.224
0
1.224
1.224
1.224
0.2
0
1.224
0.1
0.2
1.224
1.224
1.524
1.324
1.524
1.524
0.2
1.224
0.9
0
0
1.224
2.024
1.224
1.524
1.224
1.3
0.3
0.1
1.324
0
0
0
0.1
1.224
1.224
1.324
0
1.524
1.524
0
2.548
1.224
0
1.324
0.8
1.224
0.6
0
1.324
0
0.2
1.424
2.648
1.324
2.448
1.524
1.324
2.6
1.224
0.1
2.648
0
1.624
1.224
0
0
0.1
0.1
0
0
1.224
1.324
1.324
1.224
2.224
0
2.948
1.324
1.224
1.224
0.1
1.224
1.224
0
0
1.324
0.1
1.324
1.324
1.224
1.224
1.524
0.7
1.524
0.1
1.324
0
0
1.936
1.224
2.3
0.4
0
0.1
0.2
0.1
1.324
1.224
0.1
1.424
2.648
0
0.1
0.1
0.1
0.1
1.224
0.1
1.224
0
0.3
0.9
1.224
1.324
2.448
0.1
1.324
1.424
1.224
2.448
1.724
0.1
1.324
1.224
1.324
1.424
1.424
1.324
1.324
1.524
1.224
0
1.224
0.3
0
1.224
1.224
1.424
1.324
0
0
0
0.4
0
0
1.424
0.5
2.448
0.1
1.524
0.4
0
1.224
2.224
0.1
0
0
4.284
0.3
1.224
2.448
2.748
0.1
1.324
0
1.524
0.1
1.224
0.3
1.224
1.224
1.224
1.224
1.224
0.6
1.424
0
0
0
1.324
1.224
1.224
0.5
1.224
1.224
1.324
0.3
0.4
1.836
0
1.224
1.424
0
0.2
1.424
0.2
0
0.1
0
3.772
0
0.1
2.848
1.324
1.424
1.224
0
1.224
1.324
1.224
1.324
0.2
0.1
1.324
0.3
0
1.224
0
1.224
1.424
2.448
0
1.224
1.224
2.448
1.224
1.224
0.2
2.748
0.1
0
1.424
1.324
0.2
1.224
0
1.224
0.3
0
0.1
3.06
1.424
0.1
1.624
1.224
1.224
0
1.224
0
0.2
0
2.448
0.1
2.448
1.224
0
1.524
0.6
0.1
0
2.748
2.448
0
0.1
1.224
1.224
0
0.1
1.324
0
1.324
0.1
0
0
1.524
1.224
0.1
0
1.224
2.448
1.224
0
2.448
2.424
1.224
0.3
1.324
0
0.1
1.724
1.936
1.936
2.448
1.324
2.448
0
1.624
1.624
0.1
1.324
3.06
0.4
0
1.224
0.3
0.1
1.324
0.2
0.3
1.324
0.4
1.324
0.1
1.324
1.224
1.324
0
1.224
3.048
1.224
1.224
1.324
1.224
0
1.824
2.648
0
1.224
0.1
0.1
1.224
0
1.224
0
0
0.5
0.4
1.224
0
0
1.224
0.1
1.224
0
1.224
0.6
1.324
0
0.1
1.224
0.1
0.1
1.224
0
1.424
0.1
0.1
0
0.1
0
1.224
1.4
0
0
1.624
0.7
1.224
0
0.2
1.524
0.2
1.224
2.448
0.1
0
0
0
1.324
2.124
1.224
0.1
1.224
0
2.548
0.2
1.224
1.424
2.748
1.224
0
1.224
1.924
1.324
1.224
0
1.324
2.548
0
0
1.224
0
0
1.224
1.424
0.2
1.224
0.4
3.96
0
1.224
0.2
2.548
1.224
0
0.1
1.324
1.324
1.224
0
1.224
0.2
0
0
1.424
1.224
0
0.2
1.324
2.848
0.4
1.224
0
0
0.2
1.324
2.548
1.224
1.324
1.324
0
0
0.4
0.1
1.424
0.1
0
0
0.3
1.224
1.624
1.824
1.324
2.548
1.324
2.448
1.224
0
2.448
1.224
0
0
0
2.448
2.448
0
1.224
0.1
0
1.224
1.224
1.836
1.224
0
2.548
0
1.3
0
0.2
0
0.2
2.624
2.448
0.1
0
4.572
1.224
0
2.648
1.624
1.324
0
0
0.1
0
0.1
2.848
0.2
0.3
1.424
0
0.6
2.448
0
1.224
1.836
1.524
1.224
1.424
0
0
0
0
3.16
1.224
0
1.224
0.2
1.524
1.224
2.448
2
1.324
1.324
0.1
1.424
0.6
2.324
0.4
0
1.224
1.224
0
1.524
0
0.1
0.3
0.1
1.524
0
1.324
1.424
4.248
1.324
1.224
1.224
0.1
1.524
0.1
1.424
1.224
0
1.224
2.948
1.324
1.724
0
1.324
2.748
0.3
1.624
0.1
1.324
0.4
1.324
0
0.1
3.148
2.748
0
0.1
0.1
1.224
1.224
1.224
1.524
1.224
1.224
1.524
0.6
0
0
1.224
1.424
1.924
1.224
0
1.424
0.7
3.06
0
1.424
0.3
0
1.324
0.1
2.124
1.324
1.224
1.724
1.624
1.424
2.124
0
1.724
1.836
2.948
2.548
2.548
2.448
2.548
0
2.448
0
3.148
0
0
0.1
1.224
0.4
0
1.224
0.2
0.8
0
1.8
0
2.548
0
0
0
2.448
0
0.1
1.624
2.548
1.624
0
1.324
2.448
0
0
5.548
4.284
1.224
3.06
4.06
3.36
2.936
4.66
1.836
2.736
6.008
4.284
2.136
3.06
3.06
1.936
2.436
6.732
1.836
3.26
3.06
1.936
3.06
3.26
3.06
5.708
2.236
3.16
4.484
4.384
3.16
3.06
5.396
4.284
1.936
3.06
3.16
1.836
4.784
4.284
5.508
1.836
4.896
3.16
4.896
3.872
7.12
6.12
4.484
3.66
1.836
1.836
4.284
1.936
6.732
6.732
4.784
5.708
3.06
4.484
6.832
4.384
6.832
6.12
5.508
1.936
4.284
3.06
3.36
1.836
1.836
0.2
2.4
0.3
0.1
2.748
2.624
2.848
