0
0
2.948
1.224
3.972
0.1
0
0
0.1
0
0
1.324
1.224
0.4
0.1
0
1.324
0
0
0
1.324
1.424
0.1
0
0.1
0
0.1
1.324
2.548
1.224
1.836
2.448
0.9
0
1.224
0.2
0
0
0.1
0.1
0
1.724
0
0
0.2
1.224
0.2
1.324
0.3
1.324
1.224
0.1
1.424
1.224
0
0
1.224
1.224
0
1.524
1.724
1.224
0.1
0.3
0.2
0
1.224
1.224
1.324
1.724
0
2.948
1.224
0
1.524
0.1
1.224
0.1
1.224
0
1.924
1.224
1.224
1.224
0
1.224
1.224
0
0
1.424
0
0
1.224
1.224
1.224
1.224
1.324
1.224
0.1
0
0
1.524
1.324
0
0
0
0
0.1
1.224
0
1.424
1.224
0
2.448
0
0.1
0
1.324
0
0
1.724
0.2
0
1.424
1.224
0
0.1
1.224
0.1
2.648
0
0.3
1.224
0
1.324
0.2
1.224
2.548
1.324
0.1
0
1.224
1.224
1.324
1.224
1.224
1.324
1.224
0
1.224
1.224
0
0
0
0.3
0.2
1.224
0
0.3
0
0
1.224
0
1.224
0
1.224
0
1.224
0
0.8
1.224
1.524
2.448
0
2.548
1.524
1.224
1.224
1.224
0.1
0
2.848
0
2.448
0.8
2.648
1.524
2.448
1.324
2.548
0.1
1.324
0
2.848
2.448
1.224
1.224
0
1.224
0.3
3.16
1.836
1.836
3.16
2.336
3.06
1.836
3.36
3.36
1.836
3.06
1.936
2.036
3.06
1.836
4.26
1.836
4.16
1.836
3.06
3.06
3.16
5.184
4.384
4.284
4.284
4.284
4.384
4.884
5.508
6.32
6.12
2.548
0
1.324
0
4.148
1.524
0
1.324
0
1.824
1.524
1.224
3.06
0
1.324
1.224
1.324
0.3
0
1.224
1.424
1.224
0
1.224
1.224
1.424
1.324
1.424
1.224
1.224
0
0.7
1.224
1.224
0.5
1.224
0
1.224
0
0.4
0
1.324
1.824
0
1.224
1.324
4.384
3.06
2.448
2.448
3.772
2.448
6.108
0
3.06
3.06
4.484
3.16
3.06
4.284
3.06
1.924
0
0
0
0
1.224
0
0
1.224
0.5
0
0
1.224
1.424
1.324
0
1.224
1.224
1.224
2.448
0
0
1.524
0
1.224
0
1.224
0
0
0
0.1
1.224
0
1.224
0.1
0
1.224
0.5
1.224
0
1.224
1.224
1.224
0
0
0.4
0
1.224
1.224
2.124
1.224
0
1.324
1.324
1.424
0.5
1.324
1.324
1.324
1.624
1.824
0
0.1
0
1.224
0
2.848
1.424
0
1.224
1.224
2.448
0.1
0
1.224
0.2
1.324
1.224
1.324
0
1.224
0
1.224
1.824
0
0
0
1.324
2.024
3.16
3.06
1.224
1.324
2.648
3.048
1.224
1.224
1.224
4.484
1.824
2.448
1.324
3.06
1.836
1.324
1.224
1.224
2.448
2.448
1.224
4.372
3.672
2.448
3.772
3.672
2.548
2.548
1.624
2.848
2.448
1.224
1.324
2.548
1.224
1.224
2.748
2.448
2.448
2.548
2.748
1.524
1.224
2.648
1.224
3.772
2.948
2.848
2.448
2.448
2.448
1.324
3.048
1.324
1.224
2.748
2.448
1.424
2.448
1.224
2.448
1.224
1.224
2.448
2.448
3.772
2.548
2.648
1.324
1.224
1.224
3.972
2.448
1.224
1.224
2.448
1.224
2.848
2.548
3.772
2.448
1.624
2.448
2.448
1.424
4.148
1.324
1.224
2.948
1.524
1.224
1.224
2.548
3.148
1.324
2.448
1.524
1.524
3.672
1.224
1.224
1.324
1.324
1.224
3.672
1.224
1.324
3.672
1.224
2.448
2.448
3.672
1.224
1.224
1.224
2.548
2.748
2.448
1.224
4.372
1.424
1.224
1.324
3.672
2.448
1.624
1.224
2.448
1.224
4.172
2.448
2.448
2.548
3.772
1.324
2.648
2.448
2.448
2.748
2.448
2.448
2.448
1.224
3.148
3.972
3.772
1.224
1.224
2.448
2.548
2.848
2.648
1.224
3.872
1.224
1.324
2.448
1.324
1.324
3.772
2.448
1.224
1.324
2.748
2.748
2.648
3.772
1.224
1.224
1.224
2.448
2.748
1.224
1.224
2.448
2.848
2.448
1.224
2.448
1.224
2.548
2.448
2.448
2.448
2.448
2.748
2.448
2.548
2.448
1.324
3.672
1.224
2.448
1.224
1.324
2.448
2.548
1.624
2.648
1.224
3.672
1.224
1.224
2.448
2.448
1.224
1.224
2.548
2.448
2.448
2.448
1.324
1.324
2.448
2.548
2.848
1.224
2.448
2.448
1.224
2.448
1.224
2.448
1.224
1.724
2.648
1.224
1.224
1.224
2.448
2.848
2.448
1.224
1.424
1.324
1.224
1.724
2.548
2.448
1.324
1.224
1.324
3.772
1.224
1.224
2.948
2.448
1.224
1.224
3.872
1.324
2.548
3.672
1.224
2.448
1.224
1.324
2.448
1.224
2.648
1.224
2.448
2.548
1.224
1.224
1.424
1.224
2.448
2.448
1.224
1.224
1.624
2.548
2.448
2.448
2.448
1.224
1.324
3.748
1.424
2.748
2.448
2.448
3.672
1.224
1.324
3.772
1.224
2.448
2.648
2.548
2.548
3.872
1.224
3.672
2.548
2.448
3.048
1.224
1.324
1.624
1.224
2.448
1.224
2.448
3.672
2.448
1.224
2.948
1.224
1.224
2.448
2.448
1.324
2.448
1.324
3.672
2.448
2.548
2.848
1.224
2.748
3.772
1.224
1.224
2.548
2.648
1.224
2.448
2.448
2.448
1.224
2.448
1.224
1.224
2.748
2.448
1.224
1.224
2.748
2.648
2.448
1.224
1.324
1.224
1.224
2.448
1.324
1.824
2.548
1.224
2.648
1.224
2.548
3.772
2.448
2.548
1.224
2.548
2.448
3.048
2.548
2.648
2.848
2.448
3.672
2.448
2.448
1.324
2.548
2.648
3.672
2.648
2.648
3.772
2.224
2.948
1.224
1.324
2.748
3.672
3.672
1.224
2.448
2.448
1.224
2.448
2.548
2.948
2.548
1.224
2.448
1.224
1.224
2.448
2.448
2.448
1.224
2.448
2.448
2.448
1.224
2.448
2.548
2.448
1.624
2.448
1.424
1.624
2.548
2.448
1.224
3.048
1.224
2.448
2.448
1.224
3.048
2.448
1.224
2.548
2.448
2.448
1.224
2.548
2.448
2.548
2.548
1.224
2.648
2.548
2.448
2.648
1.224
1.224
2.548
2.448
2.548
1.224
3.772
2.448
1.324
3.672
1.224
1.324
1.224
1.224
2.448
2.448
2.448
3.672
2.448
1.224
2.448
1.224
1.224
1.324
1.224
1.224
2.448
1.224
2.548
2.648
3.672
3.672
1.224
1.224
2.448
3.772
2.448
2.848
2.448
1.224
2.448
4.072
2.448
1.324
2.548
2.748
2.548
2.548
1.224
2.748
1.224
1.224
4.372
2.448
2.448
3.672
1.224
3.672
2.448
2.448
2.548
2.648
1.224
1.224
2.448
1.224
2.648
2.548
1.224
2.448
2.448
1.224
1.224
1.224
2.448
2.548
2.448
1.324
1.224
1.224
2.448
1.224
2.448
3.672
1.224
1.224
1.224
2.448
2.448
2.448
1.424
3.872
2.648
2.448
1.324
1.224
2.448
2.448
2.548
3.672
1.524
2.548
2.448
1.324
2.448
1.224
4.584
4.984
2.748
5.508
3.06
5.508
4.384
5.508
5.184
4.384
6.408
5.908
4.484
4.384
4.384
5.508
4.884
5.608
4.384
4.284
4.284
4.284
4.284
4.384
6.32
7.344
2.448
2.548
2.648
2.448
2.648
4.784
4.284
5.908
2.448
1.224
1.224
1.224
1.224
1.324
3.972
4.284
2.648
2.448
2.448
1.224
2.448
2.448
2.648
2.848
2.448
2.448
2.548
2.548
2.648
2.448
2.448
3.672
3.772
4.584
4.284
4.284
4.284
5.708
4.284
4.384
4.584
4.384
4.384
4.384
4.384
6.72
10.744
3.06
3.16
5.608
0.3
0
1.624
2.324
1.324
2.036
1.224
0
1.224
1.324
2.648
1.424
1.224
2.448
0
0.4
0
1.524
0
1.224
2.448
3.048
1.224
0.1
0
0
1.324
0
1.424
1.324
1.224
0
1.324
0
0
0
0
1.924
1.224
0.1
1.224
0
1.224
1.224
1.224
1.224
0
1.224
1.224
0
0.4
1.324
0.4
1.324
0
0
0
1.424
1.324
1.424
2.824
0
1.524
0
1.324
0.6
0.1
0
0
1.424
1.224
1.224
0
0
2.448
1.224
1.424
1.324
0
0
0.1
0
1.224
0
1.224
0
1.324
0
1.324
1.324
0.1
2.448
1.224
1.224
1.324
1.324
2.448
2.448
0.1
1.224
2.448
1.224
1.224
1.224
1.224
1.224
0.1
0
1.724
1.224
1.224
1.224
1.324
0
1.524
1.224
1.224
2.448
0.1
1.324
1.224
1.324
0
0.1
1.424
1.224
1.224
2.548
0
2.548
1.324
1.224
1.224
1.224
1.324
2.448
0
1.224
1.224
1.524
1.224
1.224
2.448
1.424
1.224
1.324
0.1
1.224
0
0
1.324
1.224
1.524
1.224
0.1
1.224
0
2.448
1.224
1.224
1.224
1.224
0.1
1.224
1.224
1.224
0.1
1.224
0
1.424
1.224
1.424
1.424
0
1.224
0.4
0
0
1.224
1.224
2.548
1.224
2.448
0.2
1.324
0
0
0
0
0.1
0
1.324
1.224
1.224
0
1.224
1.424
1.224
1.324
2.448
1.224
1.424
0.3
1.224
0.2
0
1.324
1.224
1.324
1.324
1.424
2.648
1.324
1.324
1.324
2.624
1.324
0
1.224
1.224
1.324
1.224
1.224
1.224
0
0.1
1.224
0
1.224
1.324
1.224
1.224
1.524
0
2.648
0.2
1.224
1.224
0
1.224
1.224
0
0
1.224
0
1.224
2.548
2.448
2.548
1.624
0.1
2.548
1.224
1.324
0
0
0
1.324
1.724
0.1
0
1.224
1.224
0
2.448
1.324
1.224
1.324
1.324
0
1.224
0
1.224
1.424
1.224
1.224
1.224
0
0.1
1.624
1.224
1.324
1.224
1.224
1.224
1.524
1.324
1.224
2.548
0
1.324
2.448
1.424
1.424
2.448
1.324
1.224
1.324
2.448
1.224
1.224
0
0
1.224
1.224
1.224
0.1
1.324
0
0
0.2
0
0
1.324
0.1
1.224
1.224
1.324
1.224
1.224
1.224
1.624
0
0
1.224
1.224
1.224
2.448
1.324
2.848
0
2.448
1.224
1.324
0
1.224
0
1.224
1.224
1.224
2.448
1.324
0
2.448
0
0
1.224
1.324
1.424
1.224
1.324
1.224
1.224
1.324
0
1.224
0
0
1.224
1.324
0
0
1.224
0
1.224
0
0
1.224
0
1.324
2.448
1.324
1.424
1.324
0
1.224
1.324
1.224
1.324
0
0
1.224
0.1
1.224
2.448
1.224
1.224
0
1.224
0
1.224
1.224
2.448
1.224
1.224
1.424
1.624
0
1.224
2.448
1.224
1.224
1.224
1.224
0
0.1
1.224
0
1.224
1.424
0.1
1.224
1.324
1.324
1.224
1.224
0
0.1
0
1.224
0
2.548
1.224
0.1
1.524
0.1
0
0
2.548
2.448
0
0.1
1.224
1.324
0
0
1.224
1.224
0.2
0
1.224
0
1.224
1.224
0
0
1.224
1.224
1.324
0
1.324
1.924
1.324
1.324
1.224
0
1.224
2.448
0.3
0.1
1.224
1.224
2.448
0
1.324
1.224
0
1.224
0.1
1.524
0
1.424
0.3
0.1
2.548
1.224
1.424
2.548
1.424
1.324
0.1
1.224
1.224
2.748
1.224
2.448
1.624
1.224
1.224
1.224
1.324
1.224
1.324
1.424
0
1.224
1.224
1.224
1.224
1.224
1.224
1.224
0
0.2
0.1
1.224
0.1
0
1.224
0
1.224
1.324
2.448
0.1
1.224
1.224
0
1.224
0
0
1.224
0.1
2.548
1.224
1.224
0
0
0.1
1.224
2.024
0
1.224
1.324
0.2
2.448
1.224
0.1
1.324
0.1
1.224
1.224
0
0
0
0
2.448
1.524
1.224
0
1.224
1.224
1.224
0
1.224
2.548
2.648
1.224
1.224
1.224
1.424
2.548
0.1
0
2.448
1.224
0
0
1.424
1.224
1.224
1.224
1.324
0
1.224
1.324
1.724
0
1.424
0.1
1.324
1.224
0.1
0
2.448
1.324
1.224
0
1.224
0.1
1.224
1.524
2.548
1.224
0
0.1
1.224
2.648
0
1.224
0
0
0
2.548
2.448
2.448
2.548
1.224
0
0
0
0.1
1.424
0
0
0
0.1
1.324
2.748
1.224
1.224
1.324
2.648
2.448
1.224
0
1.224
0
0
0.1
0
1.224
2.448
0
1.224
1.224
1.224
1.224
2.448
1.224
1.224
0
1.324
1.324
1.424
1.224
1.324
0
1.224
1.924
2.448
1.224
1.224
1.724
1.224
0
1.224
1.324
1.324
0.2
0
0
0
0
1.324
0.1
0.2
0
0.1
0.2
1.224
0.1
1.224
0
1.224
1.224
1.224
1.324
0
0
0
1.324
1.224
0
1.224
0.1
1.324
1.224
1.224
0.7
1.224
1.224
0
0
1.524
0.2
0.4
0
1.524
1.224
0
1.324
1.324
1.224
0.3
0
1.424
0.1
1.224
1.324
3.348
1.324
1.224
1.224
1.224
1.224
0
1.324
1.224
0.1
1.224
1.524
1.224
1.424
0
1.224
2.648
0.1
1.424
1.224
1.224
1.224
2.448
0
0.1
1.624
1.324
0
0.1
0
1.224
2.448
2.548
2.648
1.224
2.448
1.224
0.4
0
0
2.548
1.224
1.524
1.224
0.1
1.324
0.1
0
0.1
1.224
1.324
1.224
1.324
0
1.924
2.548
2.448
1.324
2.548
1.324
1.624
0
1.424
0
2.548
1.224
1.324
2.448
2.548
1.224
1.224
0
1.424
1.224
1.224
0
0
0.2
0
1.224
0
0.3
1.224
0.8
0.2
1.224
0
1.224
1.224
1.224
0
0
0.1
1.424
0
1.224
0.1
1.324
0
0
1.924
1.324
2.448
1.836
3.26
3.26
3.66
3.86
3.06
2.236
3.36
3.06
1.836
3.16
3.06
1.836
2.136
3.06
3.06
1.836
1.836
1.836
3.16
1.936
1.836
3.06
1.936
1.836
3.16
3.16
3.26
1.836
2.036
2.036
3.06
1.836
1.836
1.836
3.56
3.06
3.06
1.836
3.06
3.06
4.896
3.672
5.496
4.896
3.06
3.66
1.836
3.06
4.284
1.936
4.284
5.608
4.384
4.384
3.06
3.06
4.484
5.708
5.508
6.22
5.708
3.36
3.06
4.284
4.284
1.836
3.06
0.2
0.6
0.1
0.1
1.324
0.8
1.424
