0.3
0.3
4.972
2.848
5.096
0.1
0.1
1.224
0
0
0.2
1.324
1.324
0.9
0.4
0
1.224
1.224
1.224
1.424
2.448
2.548
1.224
1.224
0.3
1.424
1.224
4.372
5.196
3.672
3.16
2.448
1
0
1.324
0.1
0
0
0.1
0.3
0
2.024
0
0
0.1
1.224
0
1.224
0
2.548
1.224
0
2.748
1.224
0
1.224
1.224
1.224
0
1.424
1.724
1.324
0.1
2.024
0.4
0
1.224
1.224
1.424
1.824
0.2
2.848
1.524
0
2.524
0.3
1.224
0.2
1.224
0
2.748
1.224
1.224
1.224
0.1
1.224
1.224
0
1.224
2.948
0
1.224
1.424
1.224
1.224
1.224
1.324
1.324
1.324
1.224
0.1
1.524
2.124
0
1.224
0
0
0.4
1.324
0
1.424
1.224
0
2.448
0
0.2
0.1
2.548
0
0
2.924
0.2
1.224
1.624
1.224
0
0.1
1.324
0
2.748
0.2
0
1.524
0
1.324
0.3
1.224
2.548
1.324
0.3
0
2.448
1.224
1.324
1.224
1.224
1.224
1.324
0
1.224
1.324
0.2
0.1
0
0.3
0.3
1.424
0
0.6
0
0
1.224
0
1.224
0.2
1.224
1.224
1.224
0.1
2.824
1.224
1.324
2.448
0.1
2.448
2.848
1.324
1.224
2.548
0
0
2.448
0
3.772
0.1
4.372
1.624
2.448
1.224
3.672
0.1
1.324
0
2.648
2.548
1.324
1.224
0
1.224
1.524
1.324
1.324
0
2.648
0.8
1.224
0
1.324
2.748
1.224
2.448
0.1
1.424
1.224
0
2.724
0
2.224
0
2.448
1.224
2.448
2.848
3.672
3.672
2.548
2.448
2.448
4.072
3.672
5.608
5.508
2.548
0
2.548
0.2
5.072
1.224
1.224
1.324
0
1.724
1.624
1.224
3.06
1.224
1.224
2.448
1.224
0.8
1.224
1.324
2.448
1.224
1.324
1.224
1.224
1.724
2.648
1.324
3.772
1.224
0.1
0.2
2.448
1.224
0.7
2.448
1.224
3.672
0
0.1
1.324
2.448
1.924
1.224
2.448
1.224
2.448
1.224
3.672
2.548
5.096
3.672
5.096
0.1
1.324
1.224
5.608
4.384
4.284
5.508
3.06
2.024
0
0
1.324
0.1
1.224
0.2
1.424
1.224
0.2
0.2
0.1
1.224
1.324
1.424
1.224
1.324
2.548
1.224
2.448
1.224
1.224
2.748
0
1.224
0
1.324
0
0.1
0.1
0.4
1.224
0
1.224
1.224
0
1.224
2.624
2.448
1.224
1.724
1.324
1.224
0
0.2
0.9
0
1.224
1.224
2.524
1.224
0.3
1.224
1.324
2.548
0.3
1.324
1.224
1.324
2.224
2.524
1.224
0
0
1.424
1.224
2.748
1.224
0
1.224
1.224
2.448
0
1.324
2.448
0
2.548
2.448
1.224
2.548
1.224
1.224
1.224
3.248
0
0.1
0.3
2.648
3.348
2.448
3.06
2.448
1.324
3.672
2.748
1.324
1.224
1.324
3.672
3.848
3.672
2.648
3.06
1.02
2.448
1.224
2.448
3.672
3.872
1.224
4.072
3.672
3.672
4.896
4.896
4.272
3.672
1.824
2.948
3.672
2.448
3.772
2.548
1.424
2.448
3.672
2.548
3.672
3.772
2.748
2.948
1.224
3.672
2.448
3.772
4.272
3.972
3.872
2.548
2.448
1.324
5.296
2.648
1.224
3.048
2.448
2.548
3.672
2.648
3.672
2.448
2.548
3.672
3.672
3.672
3.772
2.448
2.448
1.224
2.448
3.772
2.448
2.448
2.948
3.672
1.224
4.572
3.248
3.672
2.448
1.924
3.872
2.448
1.224
3.748
1.924
2.448
3.048
2.024
1.224
2.648
4.272
2.648
2.748
3.672
1.524
2.848
3.772
1.224
1.224
1.224
2.448
1.224
4.896
3.048
2.748
3.672
1.224
3.672
3.872
4.996
2.548
2.448
2.448
3.772
5.296
3.672
1.324
4.072
1.424
1.224
1.224
3.672
3.772
2.948
2.448
3.672
1.224
5.096
3.672
2.448
3.672
5.096
2.548
2.548
3.672
2.448
3.048
2.548
2.448
3.672
2.448
5.296
4.272
3.672
3.672
1.224
3.672
3.872
3.872
2.448
1.224
5.196
1.224
1.324
2.448
1.424
2.848
3.772
3.872
2.548
2.448
2.648
3.872
3.972
5.096
1.224
2.448
1.324
3.772
2.648
1.224
1.224
2.448
3.772
2.548
1.324
3.972
1.324
2.448
2.448
2.548
2.548
4.272
2.648
3.772
3.772
2.448
1.424
3.672
2.548
2.548
2.448
2.548
3.672
2.448
1.924
2.548
2.448
3.672
1.224
1.224
2.448
3.772
1.324
2.448
2.548
2.548
3.772
2.448
3.248
1.424
2.448
2.448
2.448
2.548
3.672
2.448
2.448
5.096
1.224
3.772
2.448
3.048
2.448
2.548
2.448
1.224
3.772
4.272
2.448
1.224
2.848
1.424
1.224
2.124
3.972
3.672
2.548
1.324
1.424
3.872
2.448
2.948
5.296
3.772
1.224
1.224
3.972
2.548
2.548
3.772
3.772
3.772
2.448
1.224
3.672
2.548
5.096
1.224
2.448
2.648
2.448
1.224
1.624
2.448
2.548
2.448
1.224
1.224
1.624
3.972
4.896
3.772
4.996
2.448
1.524
4.272
1.224
5.696
2.448
3.672
3.672
1.224
2.448
4.996
1.224
3.672
3.672
3.772
3.672
3.972
1.224
4.896
2.848
3.048
3.972
1.224
2.648
2.848
1.224
4.996
2.548
3.672
5.296
2.448
1.724
3.972
1.224
2.448
3.672
2.448
1.324
3.772
1.324
4.896
3.672
4.896
2.648
2.548
3.872
4.996
2.648
1.224
2.448
2.948
1.224
3.672
2.448
3.672
2.448
2.548
1.224
2.548
3.972
2.548
2.448
1.224
3.672
2.448
2.448
1.224
1.324
1.224
3.672
3.672
2.548
2.724
2.448
1.324
4.896
2.448
3.672
3.772
3.672
2.648
2.448
3.972
3.972
2.848
3.872
2.448
3.872
3.672
3.672
2.548
2.448
1.224
3.872
3.872
3.672
3.772
2.448
4.996
3.024
4.172
1.424
1.324
2.848
6.12
3.672
1.224
2.448
3.672
2.448
3.872
3.772
2.548
3.772
1.224
3.672
2.448
1.224
3.672
4.996
3.672
1.224
2.448
2.448
3.672
1.324
3.672
3.772
2.548
3.672
2.448
2.448
2.648
3.772
4.896
2.448
3.972
1.324
3.672
3.672
2.648
4.472
3.672
1.224
2.448
2.448
2.448
1.224
4.272
2.448
3.972
3.672
1.224
3.672
3.672
3.672
5.296
2.548
2.448
2.548
3.672
3.872
2.548
4.896
3.672
2.748
4.896
1.424
1.324
1.224
1.224
3.672
2.448
2.448
3.872
3.672
1.324
3.772
1.224
1.224
1.224
1.224
1.224
2.548
2.448
3.772
3.872
3.672
4.896
2.448
1.224
3.772
3.672
3.672
3.872
3.672
1.224
4.896
5.096
2.448
1.324
2.448
3.672
3.772
2.548
2.448
2.648
1.324
2.448
5.496
2.448
3.672
4.896
2.448
4.896
3.672
2.548
5.396
3.348
2.648
1.324
3.672
2.448
3.672
2.448
2.548
2.548
3.672
2.448
1.424
2.448
2.548
5.196
3.672
2.648
1.224
2.448
3.672
1.224
2.448
3.672
2.448
2.548
1.224
3.772
2.548
2.548
3.448
3.972
2.848
2.448
1.424
2.448
2.448
2.448
2.648
4.896
1.524
3.672
3.672
1.224
2.448
2.448
5.708
5.908
2.648
6.12
2.548
4.896
3.872
4.896
4.172
3.672
5.596
5.096
3.772
2.648
3.972
4.896
4.472
4.896
3.772
3.772
3.672
3.672
3.672
4.996
5.508
6.732
2.448
4.996
4.996
4.996
3.772
4.372
3.672
6.732
2.448
1.224
1.224
1.324
2.548
2.448
5.396
3.772
3.872
3.672
4.772
2.448
3.672
2.448
3.772
2.548
3.772
3.972
3.872
3.772
2.848
3.672
3.672
4.996
4.896
5.708
5.508
5.608
4.284
8.056
4.284
6.932
7.132
5.608
5.508
6.832
5.508
7.132
5.608
4.384
4.284
13.876
1.324
1.224
2.548
2.948
2.848
3.16
2.548
1.224
2.448
1.224
2.648
2.748
1.224
3.672
0
1.6
1.224
2.124
0
2.448
2.448
3.048
2.448
0.2
0
0.1
1.224
0
1.824
1.224
1.224
0
1.224
1.224
1.324
1.224
0
3.948
1.224
0.2
1.224
0
1.224
1.524
1.224
1.224
0
1.224
1.224
0.1
1.324
1.424
0.3
1.224
0
0.4
1.224
1.224
1.224
1.324
2.824
0
1.224
0.5
1.224
0.8
2.548
0.2
0.1
1.924
1.224
1.524
0
0
2.448
2.448
1.624
1.224
0.3
0
0.1
0
1.324
0
1.224
1.224
1.224
0.4
1.324
1.524
0
2.548
2.548
1.224
1.224
2.848
2.548
2.448
0.1
1.324
3.672
1.424
1.424
2.548
1.224
1.224
0.2
0
1.724
1.424
1.224
1.224
1.324
0
1.324
1.324
1.224
3.772
0.4
1.224
1.224
1.224
0
0.1
1.324
1.324
2.448
2.448
0
3.048
1.224
1.224
1.224
1.224
1.324
2.548
0.5
1.324
1.224
1.524
1.324
1.224
2.548
1.624
1.224
1.524
0
1.324
1.224
0.2
1.424
1.324
1.324
2.448
0
1.224
0.1
2.448
1.224
1.324
2.448
1.224
0.2
1.224
1.224
1.224
0
1.224
1.324
1.224
1.224
1.224
1.724
0.2
1.224
0.2
0
0
1.224
1.424
2.448
2.548
2.448
0.7
1.324
0
1.224
0.2
0
0.2
0.4
1.324
1.224
1.224
0
1.224
1.324
1.224
2.448
2.448
1.224
1.424
0.8
1.224
0.3
0
1.224
1.324
1.424
1.524
2.548
2.848
2.448
1.424
1.224
2.524
1.224
0
2.448
1.224
1.224
1.224
1.224
1.224
0.1
0.1
1.224
0
1.224
1.624
1.424
1.224
2.024
0
3.772
1.424
1.224
1.224
0
1.324
1.224
0
0
1.224
0
1.224
2.448
2.448
2.548
1.324
0.1
2.548
1.324
1.324
0.1
0
0
1.224
2.424
0.6
0
1.324
1.324
0
2.448
1.324
1.224
1.324
2.648
0
1.324
0
1.424
1.324
1.324
1.224
1.324
0
0.2
1.624
2.448
1.224
2.448
1.224
1.324
1.524
1.224
2.448
2.448
0.1
1.224
2.448
1.324
1.224
2.648
1.324
1.224
1.224
2.648
1.224
1.224
0.2
0
1.224
1.224
1.224
1.424
1.224
0.1
0
0.4
0
0
1.524
0.4
2.448
1.624
1.224
1.824
1.224
1.224
2.024
0.1
0
1.324
2.448
1.224
2.448
2.448
3.672
0
2.548
1.224
1.224
0.2
1.224
0.2
2.448
1.224
1.224
2.448
1.324
0.4
2.548
0
0
1.224
1.324
1.224
1.224
1.424
1.224
1.224
2.448
0.2
1.324
0
0.1
1.224
1.324
0.1
0.3
1.724
0.3
1.224
0.1
0
3.672
0
1.324
3.672
1.224
1.524
1.224
0.1
2.448
1.224
1.224
1.224
0
0.2
1.224
0.2
1.224
2.448
1.224
1.224
1.224
2.448
0
1.224
1.224
3.672
1.224
1.224
1.224
2.648
0
1.324
2.548
1.224
1.324
1.224
1.424
1.224
0.2
1.224
0.1
2.448
1.324
0
1.624
1.524
1.424
1.224
1.224
0
0.2
0
2.448
0.1
3.772
1.224
0.3
1.424
0.4
0.1
0
3.772
3.672
0.3
0
1.224
1.424
0
0
1.224
1.224
1.224
0.2
1.324
0
1.224
1.224
0
0
1.224
2.448
1.224
0
2.748
2.524
1.624
1.324
1.524
0
1.224
2.448
0.2
0.3
2.448
1.224
3.672
0
1.524
1.224
0.2
1.224
1.224
1.824
0
1.224
0
0
2.548
1.624
1.324
2.448
1.524
1.224
0.1
1.224
1.224
2.948
1.224
2.448
2.648
1.524
1.324
2.448
1.224
1.224
1.724
2.448
0.1
1.224
1.224
1.224
1.224
1.224
1.224
1.224
0
0.4
0.6
1.224
0
0.1
1.224
0
1.224
1.224
2.448
0.4
1.324
1.324
0
1.324
0
0
1.224
0
2.548
1.324
1.224
0
0
0
1.224
1.924
0
1.224
1.524
0.1
2.448
1.224
0
1.324
0.1
1.224
2.448
0
0
0
0
2.448
1.324
1.324
0
1.224
1.224
2.448
0
1.224
2.548
3.672
1.224
1.224
1.224
1.424
2.548
1.224
0
2.448
2.448
0
0
2.448
1.224
1.224
1.224
1.324
0.2
1.224
1.824
1.824
0
1.324
0.2
2.448
1.224
0.4
0
2.448
1.324
1.224
0
1.224
0.4
1.224
1.424
2.948
1.224
0
0.2
1.224
3.772
0.1
1.224
0
0
0
2.848
4.372
2.448
2.648
1.224
0
0.1
0.1
0.1
1.424
0
0
0.3
0.3
1.224
3.048
1.724
1.524
2.548
2.548
3.672
1.224
0
2.648
1.224
0
0.1
0
2.448
3.672
0
1.224
1.324
1.224
1.224
2.448
1.224
1.224
0
2.548
1.524
2.224
1.224
1.324
0.2
1.324
1.924
3.672
1.324
1.224
4.072
1.224
0.1
2.448
1.424
1.324
0.1
0
0
0
0.1
2.848
0.4
0.1
1.724
0.1
0.6
2.548
0.1
1.224
0
1.424
1.324
1.224
1.224
0.1
0
0
1.324
1.324
0.1
1.224
0
1.524
1.224
2.448
1.4
1.424
1.224
0
1.324
1.724
1.924
0.7
0
1.324
1.224
0
1.524
1.224
1.624
0.1
0
1.424
0.2
1.524
1.224
4.472
1.324
1.224
1.224
1.224
1.424
0
1.424
1.224
0
1.224
2.548
1.224
1.224
0
1.224
3.872
0.2
1.224
1.424
1.324
1.424
2.448
0
0
2.948
2.648
0
0.4
0
1.224
2.448
2.448
2.548
1.224
2.548
1.324
0.4
0
0.1
2.448
1.324
1.424
2.448
0
1.224
0.9
1.224
0
1.224
1.424
1.224
1.324
0.1
1.824
2.648
2.448
1.524
2.748
1.224
1.424
0.1
1.424
0
3.772
2.448
2.448
2.448
2.448
1.224
2.448
0
2.648
1.224
1.224
0.1
1.524
0.7
0
1.224
0.2
0.4
1.224
1.3
0.1
2.448
0
1.224
1.224
2.448
0
0.2
1.824
2.448
1.324
1.224
1.224
2.648
0
0
4.048
2.648
2.448
3.06
3.86
3.56
4.06
3.46
3.06
2.636
5.908
4.284
1.836
3.16
3.06
1.936
1.936
4.284
3.06
3.06
3.06
1.936
4.284
3.16
3.06
5.508
2.036
3.46
4.384
5.708
3.26
3.16
3.16
4.284
3.16
3.06
3.16
1.836
5.908
4.384
5.608
1.836
4.284
3.26
3.06
1.936
4.784
4.284
4.484
3.36
1.936
3.06
5.508
1.936
6.732
7.956
4.484
5.608
3.16
4.584
6.832
5.508
8.056
5.508
6.732
3.16
4.284
4.284
4.284
1.836
3.06
0.3
1.5
0.1
0
2.748
2.124
2.748
