0.4
0.2
2.224
3.46
1.524
0.2
0
1.224
0
0
0
0
0.2
0.4
0.6
0
1.936
1.224
1.224
1.524
0.1
0.2
1.224
1.224
2.136
1.324
1.224
1.224
1.224
1.324
1.224
0.1
0.8
0
0.3
0.3
0.1
0.2
1.836
0.2
0
0.8
0
2.236
1.836
0
0.2
0.1
0
0.1
0
0
0.2
1.836
0
1.224
0
0
0
0.5
0.4
0
2.136
1.424
0.4
0.2
0.3
0
0.2
0.8
0.5
0.2
0
0
0.7
0.5
0
0.6
0
0
1.724
0
0
0.1
1.936
0
0
1.836
1.224
2.024
0
1.224
0.1
0
0
0.2
0
0
1.224
1.224
2.036
0.1
0.3
0
3.06
0.1
0
0.9
0.1
0.1
0.1
0.1
0
0.1
2.036
0.1
0
1.224
0
0
1.8
1.836
1.324
0.5
0
0.1
1.936
0
0
0.4
0.2
1.936
0.1
0
0.1
0.7
0
0.2
0.3
0.5
0
1.424
0
0
0
1.836
0.2
0.2
0
0
0.1
0.1
0.2
0
2.436
0.3
0.1
0.2
0.7
0.1
0.2
0
0
0
0
2.036
1.224
0
0.1
2.124
0.1
0.8
0
0.1
0
1.724
1.836
0
0
0.1
0.1
0.3
0
1.224
0.2
1.524
0.3
0
0.1
1.224
0.2
0.1
0
0.2
0
0.2
0
0.1
0
1.724
0.3
1.224
0
0.5
1.5
1.836
0.1
0.4
1.424
1.224
1.224
0.4
1.824
1.936
0
1.5
0
1.1
1.836
0
0.1
1.324
1
1.224
1.224
0.9
0
0
2.224
0
1.424
1.224
0.1
1.836
3.16
2.036
2.924
0.3
1.836
0.6
1.836
1
2.836
1.936
1.836
1.224
0
1.324
0
2.636
0
1.836
1.936
1.836
1.224
0
0
0.1
1.324
0.4
3.16
0
0
2.436
1.224
0
0.2
1.224
0
1.224
0
0.3
0.1
1.324
0.7
0.2
1.324
0.5
0
0
1.224
0.2
1.224
1.224
1.624
0
0
0.1
0.3
0.1
0
1.224
0
0.5
0
1.836
1.224
0.2
0.2
0
1.324
0.1
3.136
0.2
0
1.936
0.5
0
1.224
0.3
3.26
1.836
0
1.224
1.224
1.524
0
0
0
0.2
0
0.1
0.3
0.5
0.4
0
0.1
1.224
0.1
0
1.824
1.224
1.224
2.536
1.936
0
0
0
0.8
0
0
0
1.5
0
0.3
2.236
0.1
3.36
0.4
0.2
0.1
0
1
1.6
1.224
2.036
0.1
0
1.224
0.3
0
0
0.1
0
0
0.1
3.06
1.224
2.036
1.424
1.224
0
3.06
1.836
1.224
0
2.024
0
0
0
1.524
2.924
1.224
0
1.224
0.2
1.524
0.3
0
1.936
0
1.224
4.96
1.224
3.36
0.2
0
0.6
0
1.224
1.524
3.06
0
0.7
0.1
0
1.324
1.224
1.936
1.224
1.1
0.7
1.324
0
1.224
0.1
0.3
1.224
1.324
0.3
0
1.224
0.5
1.724
0
2.036
1.224
0.1
2.636
3.26
3.16
0
1.936
2.036
3.36
1.324
0.2
0.4
0.1
1.724
3.16
1.324
1.224
1.224
1.324
3.06
1.224
0.1
2.336
0.3
1.224
0.1
1.224
2.836
1.936
0
0.2
1.224
1.936
3.96
0.2
0
0.3
2.336
3.16
2.036
0.5
1.9
0.2
1.224
2.836
0.5
1.936
3.16
1.324
0.7
1.424
1.224
2.836
2.124
1.936
0
0
0.2
1.324
1.936
1.224
3.26
1.324
0
0
1.224
3.26
3.26
0
0
1.224
0.1
1.224
1.324
0.4
2.536
2.236
0
1.936
0
3.16
3.56
1.424
0
0
2.124
1.324
0
1.224
3.16
1.224
2.036
3.16
0
1.3
0
0
1.836
1.224
1.724
2.636
0
1.224
0
1.224
1.824
1.924
0.3
0
1.324
0.1
0.1
0.1
0.1
1.424
0.1
1.424
0
3.56
0.2
3.56
1.524
1.936
0
0
0.1
3.26
0.1
0
2.036
0
2.024
0
0
1.224
0.2
0.1
0
0.4
0
0.3
1.936
0.1
1.324
0
0.4
0
3.06
0.1
0
1.424
0
0.2
0.9
0.5
1.324
1.936
0
2.236
0
1.224
0.2
1.524
1.836
0
1.324
0
2.236
0.1
0
0.1
1.1
0
1.224
0
1.224
1.824
0
1.224
1.224
1.524
0.2
1.224
1.224
0
1.324
2.736
0
0
2.436
2.136
1.836
0.8
1.424
1.224
1.224
1.936
0.2
1.936
1.224
3.26
3.46
1.224
1.836
1.936
1.936
1.836
2.136
1.936
1.224
3.06
1.224
1.836
1.836
1.324
3.26
0
0
2.236
1.424
0.1
2.436
1.224
2.236
0
0
0
2.636
0.2
1.224
0
3.16
1.224
0
3.324
1.836
1.724
1.836
0.1
0
0.1
3.06
1.424
0
1.224
2.036
1.424
1.224
2.236
1.836
1.224
0.1
2.336
1.924
1.836
3.06
2.024
0
3.06
1.224
0.2
1.924
1.836
0.1
1.724
1.836
1.324
1.524
0.1
2.036
1.224
0.3
1.836
1.224
1.224
2.036
1.224
1.224
1.224
0.1
0
0.3
1.836
0.1
3.16
0
1.224
1.224
0
0
1.324
1.424
0.2
1.224
0
1.524
4.172
0.2
0
1.836
0
1.224
3.06
1.224
0.7
0
1.936
3.16
1.224
3.06
2.036
3.16
1.936
1.324
1.624
2.036
3.336
1.424
1.936
1.524
1.224
1.836
2.136
0
0.1
1.936
1.824
0
1.424
0
1.224
1.3
1.624
0.2
0.2
0.1
1.324
0
0
0
0
1.224
0.3
1.224
1.8
1.424
0
1.224
1.224
0
1.424
1.324
1.324
0
1.936
1.836
1.224
0
1.224
3.16
0.2
1.524
0.1
1.524
1.224
0
3.16
1.224
2.024
1.836
1.224
0
1.424
1.924
1.224
0.1
1.836
0.1
0.1
0
1.324
0
3.06
1.324
0
1.624
3.06
3.06
1.424
1.324
1.324
0.1
1.224
0
1.324
1.324
3.06
1.936
1.224
0
1.936
0
0
1.224
0
0.2
2.036
3.06
0
3.06
0
0
0.1
0
2.036
0
1.224
1.424
1.224
0.2
1.324
1.224
0
1.324
0
1.224
1.924
1.224
1.936
1.224
2.024
0.1
0.1
0
0.1
0
0.3
1.324
3.236
0.1
0
2.624
0
1.324
1.224
1.224
3.36
3.06
0
3.96
3.036
2.036
0
3.06
1.224
1.836
0.4
1.224
0
1.836
1.224
0.2
1.224
1.936
1.424
1.224
0.5
1.836
1.324
1.224
0.1
0
0
0
0.1
2.036
1.224
0.1
0.1
1.524
2.036
2.136
0
0.2
3.06
1.836
0
0.1
1.224
0.1
1.424
0
0
0.1
1.224
3.76
4.06
0.3
1.224
3.06
1.224
0.2
1.224
2.324
1.324
2.024
2.124
0.2
2.536
3.26
1.224
2.224
1.624
1.324
1.424
0
0
0
3.06
0.3
1.424
1.836
3.16
3.36
3.16
1.324
1.824
1.424
1.724
0
0.1
0.1
1.836
1.224
3.46
1
3.36
1.624
1.424
1.324
1.224
1.224
1.836
0
1.836
1.224
1.524
1.324
1.224
0.3
0.1
0
0.1
0
1.524
0.1
1.836
0
1.524
1.936
1.324
1.324
0.2
1.836
1.224
1.324
2.024
0.3
1.836
1.936
1.324
11.916
1.324
3.36
4.66
3.56
2.636
0
1.224
0
0.1
0.5
4.996
0
0
1.836
0.9
0
0.6
0.1
1.324
1.936
3.636
1.224
0.2
0
0.1
0.1
0
0.1
0
0
0
1.936
0
0
1.224
0
2.524
0
0.2
0
0
0
0.8
0
0
0
0
0
0
1.524
0.2
2.036
0
0
0.1
1.224
0
0
0.1
2.6
0
0
0.2
0.2
0.9
1.224
0.1
0
0.5
0
0
1.936
0
0
1.224
0.3
0
0.5
0
0.3
0
0.1
0
0.2
1.224
0
0.3
0.1
0.1
0
0
0
0
0.1
1.424
0
0.1
0
0.2
1.224
0.2
0
1.224
0
0.1
0
0
0.6
0
0
0
0.3
1.936
0.6
0.1
0.1
1.224
0
0
0
0.1
0
0.1
0.1
0.1
0
0.1
0
0.5
0
0
0
0
0.2
0.1
0.3
0.1
0
0.4
0.1
0.1
0
0.2
0
0.2
0.1
0
1.224
0
0.1
0
0
0.1
0.2
0
0
0
0
0
1.424
0
0.2
0.2
0
0
0.2
0.1
1.524
0.2
0
0
0.5
0.3
0
0.8
0.1
0
0
0.2
2.036
1.324
0
0.6
0.1
0.1
1.224
0
1.836
0.1
0.1
0
0
0
0
0
0
0
1.836
0
0
0.1
0.2
0
0.6
0
0.1
0.1
0.2
0.4
0.3
0
1.224
0
0.2
1.1
0.2
0.2
0.2
0
0.1
0
0
0
0.2
0.2
0.1
0.1
0
0
0
0.1
0.3
0
1.624
1.424
0
0
0.1
0.1
0
0
0
0
0
0
0.2
0
0.2
0.2
0.3
0
0.1
0
0.1
0
0
0
1.1
0.2
0
0
0.1
0
0.1
0
0.1
0.4
1.724
0
0.1
0
0.2
0.2
0
0
0.1
0
0.6
0.9
1.224
0
0
0
0.1
0.2
0
1.224
0.1
0
0.1
0.1
0
0.4
0
0.4
0
0.1
0.1
0.1
0
0
0
0
0
0.1
1.324
0
0
0
0
0
0
0.3
0.3
0
0.2
0.2
0.1
0
0
0.9
0.3
0
0
1.224
0.1
0
0.1
0.1
0
0
0
0.4
0
0
0.1
1.224
0.1
0
0
0.2
0.6
0.1
0.1
0.1
0.1
0.2
0
0
0.2
0
0
1.324
0.3
0.2
0
0
0.1
0.3
0
0.2
0.1
0.4
0
0.1
0
1.324
0
0
1.424
0.1
0
0
0.1
1.224
0.2
0.1
0
0
0.3
0.1
0.2
0
0
0
0.1
1.224
1.224
0
0
0
1.324
0
0
0.1
1.324
0
0
0
0
0
0.1
0
1.224
0.2
0
1.836
1.224
0.1
0.1
0.2
0.2
0.1
0
0
1.836
0.2
0
1.324
0.1
0.2
0
0.2
2.036
0.3
0
0
1.424
0
0
0.1
0.1
0.3
0
0
0
0
0
0
0
0
0
0
0.2
0
0
0
0.1
0
0
0.6
0.5
0.1
0.1
0
0.1
0.2
0.3
0.4
1.224
0
1.224
0
0.3
0.1
0.1
0
1.324
0.3
0.1
0
0.2
0.1
0
0.3
0.3
0
0.2
0.3
0.2
0
0
0.2
0
0
1.524
0.3
0
1.424
0.2
0
0.3
0.1
0
0
0
0
0
0
0
0
0.1
0.5
0.4
0
0
0
0
0.1
0
0
0
0.5
0
0
0.2
0
0.1
0
0.2
0
0.1
0
0.2
0
0
0
0
0.9
0
0
0.3
0.3
0
0
0.1
0.1
0.2
0
1.224
1.836
0
0
0.1
0.1
0.6
0
0
0
0
1.324
0
0.2
0.1
1.224
0
0
0
0.1
0.2
1.224
0
0
1.224
0
0
1.424
0.2
0
0
0
0.1
0
0.1
0.4
0
0.2
0
0.1
0
0.2
0.2
0
0
0
0
0
0.2
0
0.4
0.2
0.1
0
0.1
0.2
1.224
0
0
0
0.1
0
0.2
1.624
0.1
0.1
0
0
0
0.2
0
0.3
0.1
0
0
0.3
0.1
0.4
0.3
0
0.2
0
1.224
0
0
1.224
1.224
0
0.2
0
1.224
1.224
0
0
0.1
0
0
0
0
0
0.1
1.324
0
0.5
0.1
0.3
0
0.2
0.5
1.224
0
0
2.424
0
1.836
1.224
0.1
0.2
0.1
0.1
0.1
0
0
1.624
0.1
0.2
1.424
0
0.5
1.224
0
0.1
0
0
0.1
0
0.1
0.2
0
0
0
0
0
0
0.1
0.2
0
0
1
0.1
0.1
0
1.224
0.2
2.024
0.3
0
0.5
0.1
0
0.1
0
0.1
0.2
0
1.836
0.2
0
0
2.124
0.2
0.1
0
0
0.1
0.1
0.1
0
0.1
0
1.624
0
0.2
0
0
0.5
0.3
0.4
0
0
0.2
0
0
0
0.4
0
0
0.2
0
0.1
0
0.1
0.2
0
0
0
0.8
0
0
0
0
0.4
1.224
0
0.1
0.4
1.224
0.1
0
0.2
0.2
0
0
1
0.2
0.1
0
0.1
0.2
0.2
0
0.9
0
0.1
1.224
1.624
1.836
0
0
0
0
0.2
0
0.1
0
1.224
0.3
0.1
0
0.2
0.6
0
1.3
0.2
2.036
0
0
0
3.06
0.1
0
1.524
2.036
1.224
0
1.324
1.936
0
0
3.324
0.1
0
1.836
0.9
2.336
0.8
1.1
1.836
0.7
1.624
1.324
0.3
1.836
1.836
1.836
2.236
1.224
0
0
1.224
0.1
1.224
1.836
1.224
1.324
2.736
0.2
1.224
1.524
2.136
1.324
1.624
1.224
0
1.936
1.224
0
2.224
1.324
1.324
0
1.224
0.1
0
0
4.06
1.224
0.1
1
1.836
0
0
1.836
1.324
1.624
0
3.16
0.2
1.224
1.224
2.036
1.324
3.06
1.624
0.1
1.224
1.836
0
0
0
2.836
1.8
0.3
0.1
0.6
1.624
0.7
